3570
120
2
50
0	48	48	48	48	48	0	0	48	0	0	0	0	48	0	0	0	0	0	48	0	0	0	0	48	0	48	0	0	0	48	0	0	0	0	0	0	0	0	0	0	0	0	0	0	0	48	0	0	0	0	0	0	0	0	0	0	0	0	0	0	0	0	0	0	0	0	0	0	0	0	0	0	48	0	0	0	0	0	0	0	0	0	0	0	0	0	0	0	0	0	0	0	0	0	0	0	0	48	0	0	0	0	0	0	0	0	0	0	0	0	0	0	0	0	0	0	0	0	0	
48	0	0	0	0	0	0	0	0	0	0	0	0	0	0	0	0	0	0	0	0	0	0	0	0	0	0	0	0	0	0	0	0	0	0	0	0	0	48	0	0	0	0	0	0	0	0	0	0	0	0	0	0	0	0	0	0	0	0	0	0	0	0	0	0	0	0	0	0	0	0	0	0	0	0	0	0	0	0	0	48	0	0	0	0	0	0	0	0	0	0	0	0	0	0	0	0	0	0	0	0	0	0	0	0	0	0	0	0	0	0	0	0	0	0	0	0	0	0	0	
48	0	0	0	0	0	0	0	0	0	0	0	0	0	0	0	0	0	0	0	0	0	0	0	0	0	0	0	0	0	0	0	0	0	0	0	0	0	0	0	0	0	0	0	0	0	0	0	0	0	0	0	0	0	0	0	0	0	0	0	0	0	0	0	0	0	0	0	0	0	0	0	0	0	0	0	0	0	0	0	0	0	0	0	0	0	0	0	0	0	0	0	0	0	48	0	0	0	0	0	0	0	0	0	0	0	0	48	0	0	0	0	0	0	0	0	0	0	0	0	
48	0	0	0	0	0	0	0	0	0	0	0	0	0	0	0	0	0	0	0	0	0	0	0	0	0	0	0	0	0	0	0	0	0	0	0	0	0	0	0	0	0	0	0	0	0	0	0	0	0	0	0	0	0	0	0	0	0	0	0	0	0	0	0	0	0	0	0	0	0	0	0	0	0	0	0	0	0	0	48	0	0	0	0	0	0	0	0	0	0	0	0	0	0	0	0	0	0	0	0	0	0	0	0	0	0	48	0	0	0	0	0	0	0	0	0	0	0	0	0	
48	0	0	0	0	0	0	0	0	0	0	0	0	0	0	0	0	48	0	0	0	0	0	0	0	0	0	0	0	0	0	0	0	0	0	0	0	0	0	0	0	0	0	0	0	0	0	0	0	0	0	0	0	0	0	0	0	0	0	0	0	0	0	0	0	0	0	0	0	0	0	0	0	0	0	0	0	0	0	0	0	0	0	0	0	48	0	0	0	0	0	0	0	0	0	0	0	0	0	0	0	0	0	0	0	0	0	0	0	0	0	0	0	0	0	0	0	0	0	0	
48	0	0	0	0	0	0	0	0	0	0	0	0	0	0	0	0	0	0	0	0	0	0	0	0	0	0	0	48	0	0	0	0	0	0	0	0	0	0	0	0	0	0	0	0	0	0	0	0	0	0	0	0	0	0	0	0	0	0	0	0	0	0	0	0	0	0	0	0	0	0	0	0	0	0	0	0	0	0	0	0	0	0	0	0	0	0	0	0	0	0	0	0	0	0	0	0	0	0	0	0	0	0	0	0	0	0	0	0	0	0	0	0	0	0	0	0	0	0	0	
0	0	0	0	0	0	0	0	0	0	0	0	0	0	0	0	0	0	0	0	0	0	0	48	0	0	0	0	0	0	0	0	0	0	0	0	0	0	0	0	0	0	0	0	0	0	0	0	0	0	0	0	0	0	0	0	0	0	0	0	0	0	0	0	0	0	0	0	0	0	0	0	0	0	0	48	0	0	0	0	0	0	0	0	0	0	0	0	0	0	0	0	0	0	0	0	0	0	0	0	0	0	0	0	0	0	0	0	0	0	0	0	0	0	0	0	0	0	0	0	
0	0	0	0	0	0	0	0	0	0	0	0	0	0	0	0	0	0	0	0	0	0	0	0	0	0	0	0	48	0	0	0	0	0	0	0	0	0	0	0	0	0	0	0	0	0	0	0	0	0	0	0	0	0	0	0	0	0	0	0	0	0	0	0	0	0	0	0	0	0	0	0	0	0	0	0	0	0	0	0	0	0	0	0	0	0	0	0	0	0	0	0	0	0	0	0	0	0	48	0	0	0	0	0	0	0	0	0	0	0	0	0	0	0	0	0	0	0	0	0	
48	0	0	0	0	0	0	0	0	0	0	0	0	0	0	0	0	0	0	0	0	0	0	0	0	0	0	0	0	0	0	0	0	0	0	0	0	0	0	0	0	0	0	0	0	0	0	0	0	0	0	0	0	0	0	0	0	48	0	0	0	0	0	0	0	0	0	0	48	0	0	0	0	0	0	0	0	0	0	0	0	0	0	0	0	0	0	0	0	0	0	0	0	0	0	0	0	0	0	0	0	0	0	0	0	0	0	0	0	0	0	0	0	0	0	0	0	0	0	0	
0	0	0	0	0	0	0	0	0	0	0	0	0	0	0	0	0	0	0	0	0	0	0	0	0	0	0	0	0	0	0	0	0	0	0	0	0	0	0	0	0	0	0	48	0	0	0	0	0	0	0	0	0	0	0	0	0	0	0	0	0	0	0	0	0	0	0	0	0	0	0	0	0	0	0	0	0	0	0	0	0	0	0	0	0	0	0	0	0	0	48	0	0	0	0	0	0	0	0	0	0	0	0	0	0	0	0	0	0	0	0	0	0	0	0	0	0	0	0	0	
0	0	0	0	0	0	0	0	0	0	0	0	0	0	0	0	0	0	0	0	0	0	0	0	0	0	0	0	0	0	0	0	0	0	0	0	0	0	0	0	0	0	0	0	0	0	0	0	0	0	0	48	0	0	0	0	0	0	0	0	0	0	48	0	0	0	0	0	0	0	0	0	0	0	0	0	0	0	0	0	0	0	0	0	0	0	0	0	0	0	0	0	0	0	0	0	0	0	0	0	0	0	0	0	0	0	0	0	0	0	0	0	0	0	0	0	0	0	0	0	
0	0	0	0	0	0	0	0	0	0	0	0	0	0	0	0	48	0	0	0	0	0	0	0	0	0	0	0	0	0	0	0	0	0	0	0	0	0	0	0	0	0	0	0	0	0	0	0	0	0	0	0	0	0	0	0	0	0	0	0	0	48	0	0	0	0	0	0	0	0	0	0	0	0	0	0	0	0	0	0	0	0	0	0	0	0	0	0	0	0	0	0	0	0	0	0	0	0	0	0	0	0	0	0	0	0	0	0	0	0	0	0	0	0	0	0	0	0	0	0	
0	0	0	0	0	0	0	0	0	0	0	0	0	0	48	0	0	0	0	0	0	0	0	0	0	0	0	0	0	0	0	0	0	0	0	0	0	0	0	0	0	0	0	0	0	0	0	0	0	0	0	0	0	0	0	0	0	0	0	0	0	0	0	0	0	0	0	0	0	0	0	48	0	0	0	0	0	0	0	0	0	0	0	0	0	0	0	0	0	0	0	0	0	0	0	0	0	0	0	0	0	0	0	0	0	0	0	0	0	0	0	0	0	0	0	0	0	0	0	0	
48	0	0	0	0	0	0	0	0	0	0	0	0	0	0	0	0	0	0	0	0	0	0	0	0	0	0	0	0	0	0	0	0	0	0	0	0	0	0	0	0	0	0	0	0	0	0	0	0	0	0	0	0	48	0	0	0	0	0	0	0	0	0	0	0	0	0	0	0	48	0	0	0	0	0	0	0	0	0	0	0	0	0	0	0	0	0	0	0	0	0	0	0	0	0	0	0	0	0	0	0	0	0	0	0	0	0	0	0	0	0	0	0	0	0	0	0	0	0	0	
0	0	0	0	0	0	0	0	0	0	0	0	48	0	0	0	0	0	48	0	0	0	0	0	0	0	0	0	0	0	0	0	0	0	0	0	0	0	0	0	0	0	0	0	0	0	0	0	0	0	0	0	0	0	0	0	0	0	0	0	0	0	0	0	0	0	0	0	0	0	0	0	0	0	0	0	0	0	0	0	0	0	0	0	0	0	0	0	0	0	0	0	0	0	0	0	0	0	0	0	0	0	0	0	0	0	0	0	0	0	0	0	0	0	0	0	0	0	0	0	
0	0	0	0	0	0	0	0	0	0	0	0	0	0	0	0	0	0	0	0	0	0	0	0	0	0	0	0	0	0	0	0	0	0	0	0	0	0	0	0	0	0	0	0	0	0	0	0	0	0	0	0	0	48	0	0	0	0	0	0	0	0	0	0	0	0	0	0	0	48	0	0	0	0	0	0	0	0	0	0	0	0	0	0	0	0	0	0	0	0	0	0	0	0	0	0	0	0	0	0	0	0	0	0	0	0	0	0	0	0	0	0	0	0	0	0	0	0	0	0	
0	0	0	0	0	0	0	0	0	0	0	48	0	0	0	0	0	0	0	0	0	0	0	0	0	0	0	0	0	0	0	0	0	0	0	0	0	0	0	0	0	0	0	0	0	0	0	0	0	48	0	0	0	0	0	0	0	0	0	0	0	0	0	0	0	0	0	0	0	0	0	0	0	0	0	0	0	0	0	0	0	0	0	0	0	0	0	0	0	0	0	0	0	0	0	0	0	0	0	0	0	0	0	0	0	0	0	0	0	0	0	0	0	0	0	0	0	0	0	0	
0	0	0	0	48	0	0	0	0	0	0	0	0	0	0	0	0	0	0	0	0	0	0	0	0	0	0	0	0	0	0	0	0	0	0	0	0	0	0	0	0	0	0	0	0	0	0	0	0	0	0	0	0	0	0	0	0	0	0	0	0	0	0	0	0	0	0	0	0	0	0	0	0	0	0	0	0	0	0	0	0	0	0	0	0	48	0	0	0	0	0	0	0	0	0	0	0	0	0	0	0	0	0	0	0	0	0	0	0	0	0	0	0	0	0	0	0	0	0	0	
0	0	0	0	0	0	0	0	0	0	0	0	0	0	48	0	0	0	0	0	0	0	0	0	0	0	0	0	0	0	0	0	0	0	0	0	0	0	0	0	0	0	0	0	0	0	0	48	0	0	0	0	0	0	0	0	0	0	0	0	0	0	0	0	0	0	0	0	0	0	0	0	0	0	0	0	0	0	0	0	0	0	0	0	0	0	0	0	0	0	0	0	0	0	0	0	0	0	0	0	0	0	0	0	0	0	0	0	0	0	0	0	0	0	0	0	0	0	0	0	
48	0	0	0	0	0	0	0	0	0	0	0	0	0	0	0	0	0	0	0	0	0	0	0	0	0	0	0	0	0	0	0	0	0	0	0	0	0	0	0	0	0	0	0	0	0	0	0	0	0	0	0	0	0	0	0	0	0	0	0	0	0	0	0	0	0	48	0	0	0	0	0	0	0	0	0	0	0	0	0	0	0	0	0	0	0	48	0	0	0	0	0	0	0	0	0	0	0	0	0	0	0	0	0	0	0	0	0	0	0	0	0	0	0	0	0	0	0	0	0	
0	0	0	0	0	0	0	0	0	0	0	0	0	0	0	0	0	0	0	0	0	0	0	0	0	0	0	0	0	0	0	0	0	0	0	0	0	0	0	0	0	0	0	0	0	48	0	0	0	0	0	0	0	0	0	0	0	0	0	0	0	0	0	0	0	0	0	0	0	0	0	0	0	0	0	0	0	0	0	0	0	0	0	0	0	0	0	0	0	0	0	0	0	0	0	0	0	0	0	0	0	0	0	0	0	0	0	0	0	0	0	0	0	0	0	0	48	0	0	0	
0	0	0	0	0	0	0	0	0	0	0	0	0	0	0	0	0	0	0	0	0	0	0	0	0	0	0	0	0	0	0	0	0	0	0	0	0	0	0	0	0	0	0	0	0	0	0	0	0	0	0	0	0	0	0	0	0	0	0	0	0	0	0	0	0	0	0	0	0	0	0	0	0	0	48	0	0	0	0	0	0	0	0	0	0	0	0	0	0	0	0	0	0	0	0	0	0	0	0	0	0	0	0	0	0	0	0	0	0	0	0	0	0	48	0	0	0	0	0	0	
0	0	0	0	0	0	0	0	0	0	0	0	0	0	0	0	0	0	0	0	0	0	0	0	0	0	0	0	0	0	0	0	0	0	0	0	0	0	0	0	0	0	0	0	0	0	0	0	0	0	0	0	0	0	0	0	0	0	0	0	0	0	0	0	0	0	0	0	48	0	0	0	0	0	0	0	0	0	0	0	0	0	0	0	0	0	0	0	0	0	0	0	0	0	0	0	0	0	0	0	0	0	0	0	48	0	0	0	0	0	0	0	0	0	0	0	0	0	0	0	
0	0	0	0	0	0	48	0	0	0	0	0	0	0	0	0	0	0	0	0	0	0	0	0	0	0	0	0	0	0	0	0	0	0	0	0	0	0	0	0	0	0	0	0	0	0	0	0	0	0	0	0	0	0	0	0	0	0	0	0	0	0	0	0	0	0	0	0	0	0	0	0	0	0	0	0	0	0	0	0	0	0	0	0	0	0	0	0	0	0	0	0	0	0	0	0	0	0	0	0	0	0	0	0	0	0	0	0	0	0	0	0	0	0	0	0	0	0	48	0	
48	0	0	0	0	0	0	0	0	0	0	0	0	0	0	0	0	0	0	0	0	0	0	0	0	0	0	0	0	0	0	0	0	0	0	0	0	0	0	0	0	0	0	0	0	0	0	0	0	0	0	0	0	0	0	0	0	0	0	48	0	0	0	0	48	0	0	0	0	0	0	0	0	0	0	0	0	0	0	0	0	0	0	0	0	0	0	0	0	0	0	0	0	0	0	0	0	0	0	0	0	0	0	0	0	0	0	0	0	0	0	0	0	0	0	0	0	0	0	0	
0	0	0	0	0	0	0	0	0	0	0	0	0	0	0	0	0	0	0	0	0	0	0	0	0	0	0	0	0	0	0	0	0	0	0	0	0	0	0	0	0	0	0	0	0	0	0	0	0	0	0	0	0	0	0	0	0	0	0	0	0	0	0	0	0	0	0	0	0	0	0	48	0	0	0	0	0	0	0	0	0	0	0	0	0	0	0	0	0	0	0	0	0	0	0	0	0	0	0	0	0	0	0	0	0	0	0	0	0	0	0	0	0	0	0	48	0	0	0	0	
48	0	0	0	0	0	0	0	0	0	0	0	0	0	0	0	0	0	0	0	0	0	0	0	0	0	0	0	0	0	0	0	0	0	0	0	0	0	0	0	0	0	0	0	0	0	0	0	48	0	0	0	0	0	0	0	0	0	0	0	0	0	0	0	0	0	0	0	0	0	0	0	0	0	0	0	0	0	0	0	0	0	0	0	0	0	0	0	0	0	0	0	0	0	0	0	0	0	0	48	0	0	0	0	0	0	0	0	0	0	0	0	0	0	0	0	0	0	0	0	
0	0	0	0	0	0	0	0	0	0	0	0	0	0	0	0	0	0	0	0	0	0	0	0	0	0	0	0	0	0	0	0	0	0	48	0	0	0	0	0	0	0	0	0	48	0	0	0	0	0	0	0	0	0	0	0	0	0	0	0	0	0	0	0	0	0	0	0	0	0	0	0	0	0	0	0	0	0	0	0	0	0	0	0	0	0	0	0	0	0	0	0	0	0	0	0	0	0	0	0	0	0	0	0	0	0	0	0	0	0	0	0	0	0	0	0	0	0	0	0	
0	0	0	0	0	48	0	48	0	0	0	0	0	0	0	0	0	0	0	0	0	0	0	0	0	0	0	0	0	0	0	0	0	0	0	0	0	0	0	0	0	0	0	0	0	0	0	0	0	0	0	0	0	0	0	0	0	0	0	0	0	0	0	0	0	0	0	0	0	0	0	0	0	0	0	0	0	0	0	0	0	0	0	0	0	0	0	0	0	0	0	0	0	0	0	0	0	0	0	0	0	0	0	0	0	0	0	0	0	0	0	0	0	0	0	0	0	0	0	0	
0	0	0	0	0	0	0	0	0	0	0	0	0	0	0	0	0	0	0	0	0	0	0	0	0	0	0	0	0	0	0	0	0	0	0	0	0	0	0	0	0	0	48	0	0	0	0	0	0	0	0	0	0	0	0	0	0	0	0	0	0	0	0	0	0	0	0	0	0	0	0	0	0	0	0	0	0	0	0	0	0	0	0	0	0	0	0	0	0	0	0	0	0	0	0	0	0	0	0	0	0	0	0	0	0	48	0	0	0	0	0	0	0	0	0	0	0	0	0	0	
48	0	0	0	0	0	0	0	0	0	0	0	0	0	0	0	0	0	0	0	0	0	0	0	0	0	0	0	0	0	0	0	48	0	0	0	0	0	0	0	0	0	0	0	0	0	0	0	0	0	0	0	0	0	0	48	0	0	0	0	0	0	0	0	0	0	0	0	0	0	0	0	0	0	0	0	0	0	0	0	0	0	0	0	0	0	0	0	0	0	0	0	0	0	0	0	0	0	0	0	0	0	0	0	0	0	0	0	0	0	0	0	0	0	0	0	0	0	0	0	
0	0	0	0	0	0	0	0	0	0	0	0	0	0	0	0	0	0	0	0	0	0	0	0	0	0	0	0	0	0	0	0	0	0	0	0	0	0	0	0	0	0	0	0	0	0	0	0	48	0	0	0	0	0	0	0	0	0	0	0	0	0	0	0	0	0	0	0	0	0	0	0	0	0	0	0	0	48	0	0	0	0	0	0	0	0	0	0	0	0	0	0	0	0	0	0	0	0	0	0	0	0	0	0	0	0	0	0	0	0	0	0	0	0	0	0	0	0	0	0	
0	0	0	0	0	0	0	0	0	0	0	0	0	0	0	0	0	0	0	0	0	0	0	0	0	0	0	0	0	0	48	0	0	0	0	0	0	0	0	0	0	0	0	0	0	0	0	0	0	0	0	0	0	0	0	48	0	0	0	0	0	0	0	0	0	0	0	0	0	0	0	0	0	0	0	0	0	0	0	0	0	0	0	0	0	0	0	0	0	0	0	0	0	0	0	0	0	0	0	0	0	0	0	0	0	0	0	0	0	0	0	0	0	0	0	0	0	0	0	0	
0	0	0	0	0	0	0	0	0	0	0	0	0	0	0	0	0	0	0	0	0	0	0	0	0	0	0	0	0	0	0	0	0	0	0	0	0	0	0	0	0	0	0	0	0	0	0	0	0	0	0	0	48	0	0	0	0	0	0	0	0	0	0	0	0	0	0	0	0	0	0	0	0	0	0	0	0	0	0	0	0	0	0	0	0	0	0	0	0	0	0	0	0	0	0	0	0	0	0	0	0	0	0	0	0	0	0	0	0	0	0	0	48	0	0	0	0	0	0	0	
0	0	0	0	0	0	0	0	0	0	0	0	0	0	0	0	0	0	0	0	0	0	0	0	0	0	0	48	0	0	0	0	0	0	0	0	0	0	0	0	0	0	0	0	0	0	0	0	0	0	0	0	0	0	0	0	0	0	0	0	0	0	0	0	0	0	0	0	0	0	0	0	0	0	0	0	0	0	0	0	0	0	0	0	0	0	0	0	0	0	0	48	0	0	0	0	0	0	0	0	0	0	0	0	0	0	0	0	0	0	0	0	0	0	0	0	0	0	0	0	
0	0	0	0	0	0	0	0	0	0	0	0	0	0	0	0	0	0	0	0	0	0	0	0	0	0	0	0	0	0	0	0	0	0	0	0	0	0	0	0	0	0	0	0	0	0	0	0	0	48	0	0	0	0	48	0	0	0	0	0	0	0	0	0	0	0	0	0	0	0	0	0	0	0	0	0	0	0	0	0	0	0	0	0	0	0	0	0	0	0	0	0	0	0	0	0	0	0	0	0	0	0	0	0	0	0	0	0	0	0	0	0	0	0	0	0	0	0	0	0	
0	0	0	0	0	0	0	0	0	0	0	0	0	0	0	0	0	0	0	0	0	0	0	0	0	0	0	0	0	0	0	0	0	0	0	0	0	0	0	0	0	0	0	0	0	0	0	0	0	0	0	0	0	0	0	0	0	0	0	0	0	0	0	0	0	0	0	0	0	0	0	0	0	0	0	0	0	0	0	0	0	0	0	0	0	0	0	0	0	48	0	0	0	0	0	0	0	0	0	0	0	0	0	0	0	0	0	0	0	0	0	0	0	48	0	0	0	0	0	0	
0	0	0	0	0	0	0	0	0	0	0	0	0	0	0	0	0	0	0	0	0	0	0	0	0	0	0	0	0	0	0	0	0	0	0	0	0	0	0	0	0	0	0	0	0	0	0	0	0	0	0	0	0	0	0	0	0	0	0	0	0	0	0	0	0	0	0	0	0	0	0	0	0	0	0	0	0	0	0	0	0	0	0	0	0	0	0	0	0	0	0	0	0	0	0	0	0	0	0	0	0	0	0	0	0	0	0	0	0	48	0	0	48	0	0	0	0	0	0	0	
0	48	0	0	0	0	0	0	0	0	0	0	0	0	0	0	0	0	0	0	0	0	0	0	0	0	0	0	0	0	0	0	0	0	0	0	0	0	0	0	0	0	0	0	0	0	0	0	0	0	0	0	0	0	0	0	0	0	0	0	0	0	0	0	0	0	0	0	0	0	0	0	0	0	0	0	0	0	0	0	48	0	0	0	0	0	0	0	0	0	0	0	0	0	0	0	0	0	0	0	0	0	0	0	0	0	0	0	0	0	0	0	0	0	0	0	0	0	0	0	
0	0	0	0	0	0	0	0	0	0	0	0	0	0	0	0	0	0	0	0	0	0	0	0	0	0	0	0	0	0	0	0	0	0	0	0	0	0	0	0	0	0	0	0	0	0	0	0	0	0	0	0	0	0	48	0	0	0	0	0	0	0	0	0	0	0	0	0	0	0	0	0	0	0	0	0	0	0	0	48	0	0	0	0	0	0	0	0	0	0	0	0	0	0	0	0	0	0	0	0	0	0	0	0	0	0	0	0	0	0	0	0	0	0	0	0	0	0	0	0	
0	0	0	0	0	0	0	0	0	0	0	0	0	0	0	0	0	0	0	0	0	0	0	0	0	0	0	0	0	0	0	0	0	0	0	0	0	0	0	0	0	0	0	0	0	0	0	0	0	0	0	0	0	0	0	0	0	0	0	0	0	0	48	0	0	0	0	0	0	0	0	0	0	0	0	0	0	0	0	0	0	0	0	0	0	0	0	0	0	0	0	0	0	0	0	0	0	0	0	0	0	0	0	0	0	0	0	0	0	0	0	48	0	0	0	0	0	0	0	0	
0	0	0	0	0	0	0	0	0	0	0	0	0	0	0	0	0	0	0	0	0	0	0	0	0	0	0	0	0	0	0	0	0	0	0	0	0	0	0	0	0	0	0	0	0	0	0	0	0	0	0	0	0	0	0	0	0	0	0	0	0	0	0	0	0	0	0	0	0	0	0	0	0	0	0	0	48	0	0	0	0	0	0	0	0	0	0	0	0	0	0	0	0	0	0	0	0	0	0	48	0	0	0	0	0	0	0	0	0	0	0	0	0	0	0	0	0	0	0	0	
0	0	0	0	0	0	0	0	0	0	0	0	0	0	0	0	0	0	0	0	0	0	0	0	0	0	0	0	0	48	0	0	0	0	0	0	0	0	0	0	0	0	0	0	0	0	0	0	0	0	0	0	0	0	0	0	0	0	0	0	0	0	0	0	0	48	0	0	0	0	0	0	0	0	0	0	0	0	0	0	0	0	0	0	0	0	0	0	0	0	0	0	0	0	0	0	0	0	0	0	0	0	0	0	0	0	0	0	0	0	0	0	0	0	0	0	0	0	0	0	
0	0	0	0	0	0	0	0	0	48	0	0	0	0	0	0	0	0	0	0	0	0	0	0	0	0	0	0	0	0	0	0	0	0	0	0	0	0	0	0	0	0	0	0	0	0	0	0	0	0	0	0	0	0	0	0	0	0	0	0	0	0	0	0	0	0	0	0	0	0	0	0	0	0	0	0	0	0	0	0	0	0	0	0	0	0	0	0	0	0	0	0	48	0	0	0	0	0	0	0	0	0	0	0	0	0	0	0	0	0	0	0	0	0	0	0	0	0	0	0	
0	0	0	0	0	0	0	0	0	0	0	0	0	0	0	0	0	0	0	0	0	0	0	0	0	0	0	48	0	0	0	0	0	0	0	0	0	0	0	0	0	0	0	0	0	0	0	0	0	0	0	0	0	0	0	0	0	0	0	0	0	0	0	0	0	0	0	0	0	0	0	0	0	0	0	0	0	0	0	0	0	0	0	0	0	0	0	0	0	0	0	0	0	0	0	0	0	0	0	0	0	0	0	48	0	0	0	0	0	0	0	0	0	0	0	0	0	0	0	0	
0	0	0	0	0	0	0	0	0	0	0	0	0	0	0	0	0	0	0	0	48	0	0	0	0	0	0	0	0	0	0	0	0	0	0	0	0	0	0	0	0	0	0	0	0	0	0	0	0	0	0	0	0	0	0	0	0	0	48	0	0	0	0	0	0	0	0	0	0	0	0	0	0	0	0	0	0	0	0	0	0	0	0	0	0	0	0	0	0	0	0	0	0	0	0	0	0	0	0	0	0	0	0	0	0	0	0	0	0	0	0	0	0	0	0	0	0	0	0	0	
48	0	0	0	0	0	0	0	0	0	0	0	0	0	0	0	0	0	0	0	0	0	0	0	0	0	0	0	0	0	0	0	0	0	0	0	0	0	0	0	0	0	0	0	0	0	0	0	0	0	0	0	0	0	0	0	0	0	0	0	0	0	0	0	0	0	0	0	0	0	0	0	0	0	0	0	0	0	0	0	0	0	0	48	0	0	0	0	0	0	0	0	0	0	0	0	0	48	0	0	0	0	0	0	0	0	0	0	0	0	0	0	0	0	0	0	0	0	0	0	
0	0	0	0	0	0	0	0	0	0	0	0	0	0	0	0	0	0	48	0	0	0	0	0	0	0	0	0	0	0	0	0	0	0	0	0	0	0	0	0	0	0	0	0	0	0	0	0	0	0	0	0	0	0	0	0	0	0	0	0	0	0	0	0	0	0	0	0	0	0	0	0	0	0	0	0	0	0	0	0	0	0	0	0	0	0	0	0	0	0	0	0	0	0	0	48	0	0	0	0	0	0	0	0	0	0	0	0	0	0	0	0	0	0	0	0	0	0	0	0	
0	0	0	0	0	0	0	0	0	0	0	0	0	0	0	0	0	0	0	0	0	0	0	0	0	0	48	0	0	0	0	48	0	0	0	0	0	0	0	0	0	0	0	0	0	0	0	0	0	0	0	0	0	0	0	0	0	0	0	0	0	0	0	0	0	0	0	0	0	0	0	0	0	0	0	0	0	0	0	0	0	0	0	0	0	0	0	0	0	0	0	0	0	0	0	0	0	0	0	0	0	0	0	0	0	0	0	0	0	0	0	0	0	0	0	0	0	0	0	0	
0	0	0	0	0	0	0	0	0	0	0	0	0	0	0	0	48	0	0	0	0	0	0	0	0	0	0	0	0	0	0	0	0	0	0	48	0	0	0	0	0	0	0	0	0	0	0	0	0	0	0	0	0	0	0	0	0	0	0	0	0	0	0	0	0	0	0	0	0	0	0	0	0	0	0	0	0	0	0	0	0	0	0	0	0	0	0	0	0	0	0	0	0	0	0	0	0	0	0	0	0	0	0	0	0	0	0	0	0	0	0	0	0	0	0	0	0	0	0	0	
0	0	0	0	0	0	0	0	0	0	0	0	0	0	0	0	0	0	0	0	0	0	0	0	0	0	0	0	0	0	0	0	0	0	0	0	0	0	0	0	0	0	0	0	0	0	0	0	0	0	0	0	0	0	0	0	0	0	0	0	0	0	0	0	0	0	0	0	0	0	0	0	0	0	0	0	0	0	0	0	0	0	0	0	0	0	0	0	0	0	0	0	0	0	0	0	48	0	0	0	0	0	0	0	0	0	0	0	0	0	48	0	0	0	0	0	0	0	0	0	
0	0	0	0	0	0	0	0	0	0	48	0	0	0	0	0	0	0	0	0	0	0	0	0	0	0	0	0	0	0	0	0	0	0	0	0	0	0	0	0	0	0	0	0	0	0	0	0	0	0	0	0	0	0	0	0	0	0	0	0	0	0	0	0	0	0	0	0	0	0	0	0	0	0	0	0	0	0	0	0	0	0	0	0	0	0	0	0	0	0	0	0	0	0	0	0	0	0	0	0	0	0	0	0	0	0	0	0	48	0	0	0	0	0	0	0	0	0	0	0	
0	0	0	0	0	0	0	0	0	0	0	0	0	0	0	0	0	0	0	0	0	0	0	0	0	0	0	0	0	0	0	0	0	48	0	0	0	0	0	0	0	0	0	0	0	0	0	0	0	0	0	0	0	0	0	0	0	0	0	0	0	0	0	0	0	0	0	0	0	0	0	0	0	0	0	0	0	0	48	0	0	0	0	0	0	0	0	0	0	0	0	0	0	0	0	0	0	0	0	0	0	0	0	0	0	0	0	0	0	0	0	0	0	0	0	0	0	0	0	0	
0	0	0	0	0	0	0	0	0	0	0	0	0	48	0	48	0	0	0	0	0	0	0	0	0	0	0	0	0	0	0	0	0	0	0	0	0	0	0	0	0	0	0	0	0	0	0	0	0	0	0	0	0	0	0	0	0	0	0	0	0	0	0	0	0	0	0	0	0	0	0	0	0	0	0	0	0	0	0	0	0	0	0	0	0	0	0	0	0	0	0	0	0	0	0	0	0	0	0	0	0	0	0	0	0	0	0	0	0	0	0	0	0	0	0	0	0	0	0	0	
0	0	0	0	0	0	0	0	0	0	0	0	0	0	0	0	0	0	0	0	0	0	0	0	0	0	0	0	0	0	0	0	0	0	0	48	0	0	0	48	0	0	0	0	0	0	0	0	0	0	0	0	0	0	0	0	0	0	0	0	0	0	0	0	0	0	0	0	0	0	0	0	0	0	0	0	0	0	0	0	0	0	0	0	0	0	0	0	0	0	0	0	0	0	0	0	0	0	0	0	0	0	0	0	0	0	0	0	0	0	0	0	0	0	0	0	0	0	0	0	
0	0	0	0	0	0	0	0	0	0	0	0	0	0	0	0	0	0	0	0	0	0	0	0	0	0	0	0	0	0	48	0	48	0	0	0	0	0	0	0	0	0	0	0	0	0	0	0	0	0	0	0	0	0	0	0	0	0	0	0	0	0	0	0	0	0	0	0	0	0	0	0	0	0	0	0	0	0	0	0	0	0	0	0	0	0	0	0	0	0	0	0	0	0	0	0	0	0	0	0	0	0	0	0	0	0	0	0	0	0	0	0	0	0	0	0	0	0	0	0	
0	0	0	0	0	0	0	0	0	0	0	0	0	0	0	0	0	0	0	0	0	0	0	0	0	0	0	0	0	0	0	0	0	0	0	0	0	0	0	0	0	0	0	0	0	0	0	0	0	0	0	0	0	0	0	0	0	0	0	0	0	0	0	0	0	0	48	0	0	0	0	0	0	0	0	0	0	0	0	0	0	0	0	0	0	0	48	0	0	0	0	0	0	0	0	0	0	0	0	0	0	0	0	0	0	0	0	0	0	0	0	0	0	0	0	0	0	0	0	0	
0	0	0	0	0	0	0	0	48	0	0	0	0	0	0	0	0	0	0	0	0	0	0	0	0	0	0	0	0	0	0	0	0	0	0	0	0	0	0	0	0	0	0	0	0	0	0	0	0	0	0	0	0	0	0	0	0	0	0	0	0	0	0	0	0	0	0	0	0	0	0	0	0	0	0	0	0	0	0	0	0	0	0	0	0	0	0	0	0	0	0	0	0	0	0	0	0	0	0	0	0	0	0	0	48	0	0	0	0	0	0	0	0	0	0	0	0	0	0	0	
0	0	0	0	0	0	0	0	0	0	0	0	0	0	0	0	0	0	0	0	0	0	0	0	0	0	0	0	0	0	0	0	0	0	0	0	0	0	0	0	0	0	0	0	0	48	0	0	0	0	0	0	0	0	0	0	0	0	0	0	0	0	0	0	0	0	0	0	0	0	0	0	0	0	0	0	0	0	0	0	0	0	0	0	48	0	0	0	0	0	0	0	0	0	0	0	0	0	0	0	0	0	0	0	0	0	0	0	0	0	0	0	0	0	0	0	0	0	0	0	
0	0	0	0	0	0	0	0	0	0	0	0	0	0	0	0	0	0	0	0	0	0	0	0	48	0	0	0	0	0	0	0	0	0	0	0	0	0	0	0	0	0	0	0	0	0	0	0	0	0	0	0	0	0	0	0	0	0	0	0	0	0	0	0	0	0	0	0	0	0	48	0	0	0	0	0	0	0	0	0	0	0	0	0	0	0	0	0	0	0	0	0	0	0	0	0	0	0	0	0	0	0	0	0	0	0	0	0	0	0	0	0	0	0	0	0	0	0	0	0	
0	0	0	0	0	0	0	0	0	0	0	0	0	0	0	0	0	0	0	0	0	0	0	0	0	0	0	0	0	0	0	0	0	0	0	0	0	0	0	0	0	0	0	0	0	0	0	0	0	0	0	0	0	0	0	0	0	0	0	0	0	48	0	0	0	0	0	0	0	0	0	0	0	0	0	0	0	0	0	0	0	0	0	0	0	0	0	0	0	0	0	0	0	0	0	48	0	0	0	0	0	0	0	0	0	0	0	0	0	0	0	0	0	0	0	0	0	0	0	0	
0	0	0	0	0	0	0	0	0	0	0	48	0	0	0	0	0	0	0	0	0	0	0	0	0	0	0	0	0	0	0	0	0	0	0	0	0	0	0	0	0	0	0	0	0	0	0	0	0	0	0	0	0	0	0	0	0	0	0	0	48	0	0	0	0	0	0	0	0	0	0	0	0	0	0	0	0	0	0	0	0	0	0	0	0	0	0	0	0	0	0	0	0	0	0	0	0	0	0	0	0	0	0	0	0	0	0	0	0	0	0	0	0	0	0	0	0	0	0	0	
0	0	0	0	0	0	0	0	0	0	48	0	0	0	0	0	0	0	0	0	0	0	0	0	0	0	0	0	0	0	0	0	0	0	0	0	0	0	0	0	48	0	0	0	0	0	0	0	0	0	0	0	0	0	0	0	0	0	0	0	0	0	0	0	0	0	0	0	0	0	0	0	0	0	0	0	0	0	0	0	0	0	0	0	0	0	0	0	0	0	0	0	0	0	0	0	0	0	0	0	0	0	0	0	0	0	0	0	0	0	0	0	0	0	0	0	0	0	0	0	
0	0	0	0	0	0	0	0	0	0	0	0	0	0	0	0	0	0	0	0	0	0	0	0	0	0	0	0	0	0	0	0	0	0	0	0	0	0	0	0	0	0	0	0	0	0	0	0	0	0	0	0	0	0	0	0	0	0	0	0	0	0	0	0	0	0	0	0	0	0	0	0	0	0	0	0	0	0	0	0	0	0	0	0	0	0	0	0	0	0	0	0	0	0	0	0	0	0	0	0	0	0	48	0	0	0	48	0	0	0	0	0	0	0	0	0	0	0	0	0	
0	0	0	0	0	0	0	0	0	0	0	0	0	0	0	0	0	0	0	0	0	0	0	0	48	0	0	0	0	0	0	0	0	0	0	0	0	0	0	0	0	0	0	0	0	0	0	0	0	0	0	0	0	0	0	0	0	0	0	0	0	0	0	0	0	0	0	0	0	0	48	0	0	0	0	0	0	0	0	0	0	0	0	0	0	0	0	0	0	0	0	0	0	0	0	0	0	0	0	0	0	0	0	0	0	0	0	0	0	0	0	0	0	0	0	0	0	0	0	0	
0	0	0	0	0	0	0	0	0	0	0	0	0	0	0	0	0	0	0	0	0	0	0	0	0	0	0	0	0	0	0	0	0	0	0	0	0	0	0	0	0	0	48	0	0	0	0	0	0	0	0	0	0	0	0	0	0	0	0	0	0	0	0	0	0	0	0	0	0	0	0	0	0	0	48	0	0	0	0	0	0	0	0	0	0	0	0	0	0	0	0	0	0	0	0	0	0	0	0	0	0	0	0	0	0	0	0	0	0	0	0	0	0	0	0	0	0	0	0	0	
0	0	0	0	0	0	0	0	0	0	0	0	0	0	0	0	0	0	0	48	0	0	0	0	0	0	0	0	0	0	0	0	0	0	0	0	0	0	0	0	0	0	0	0	0	0	0	0	0	0	0	0	0	0	0	0	48	0	0	0	0	0	0	0	0	0	0	0	0	0	0	0	0	0	0	0	0	0	0	0	0	0	0	0	0	0	0	0	0	0	0	0	0	0	0	0	0	0	0	0	0	0	0	0	0	0	0	0	0	0	0	0	0	0	0	0	0	0	0	0	
0	0	0	0	0	0	0	0	0	0	0	0	0	0	0	0	0	0	0	0	0	0	0	0	0	0	0	0	0	0	0	0	0	0	0	0	0	0	0	0	0	0	0	0	0	0	0	0	0	0	0	0	0	0	0	0	0	0	0	0	0	0	0	0	0	0	0	0	0	0	0	0	0	0	0	0	0	0	0	0	0	0	0	0	0	0	0	0	0	0	0	0	0	0	0	0	0	0	0	0	48	0	0	0	0	0	0	0	0	0	0	0	0	0	0	48	0	0	0	0	
0	0	0	0	0	0	0	0	48	0	0	0	0	0	0	0	0	0	0	0	0	0	48	0	0	0	0	0	0	0	0	0	0	0	0	0	0	0	0	0	0	0	0	0	0	0	0	0	0	0	0	0	0	0	0	0	0	0	0	0	0	0	0	0	0	0	0	0	0	0	0	0	0	0	0	0	0	0	0	0	0	0	0	0	0	0	0	0	0	0	0	0	0	0	0	0	0	0	0	0	0	0	0	0	0	0	0	0	0	0	0	0	0	0	0	0	0	0	0	0	
0	0	0	0	0	0	0	0	0	0	0	0	0	48	0	48	0	0	0	0	0	0	0	0	0	0	0	0	0	0	0	0	0	0	0	0	0	0	0	0	0	0	0	0	0	0	0	0	0	0	0	0	0	0	0	0	0	0	0	0	0	0	0	0	0	0	0	0	0	0	0	0	0	0	0	0	0	0	0	0	0	0	0	0	0	0	0	0	0	0	0	0	0	0	0	0	0	0	0	0	0	0	0	0	0	0	0	0	0	0	0	0	0	0	0	0	0	0	0	0	
0	0	0	0	0	0	0	0	0	0	0	0	0	0	0	0	0	0	0	0	0	0	0	0	0	0	0	0	0	0	0	0	0	0	0	0	0	0	0	0	0	0	0	0	0	0	0	0	0	0	0	0	0	0	0	0	0	0	0	48	0	0	0	0	48	0	0	0	0	0	0	0	0	0	0	0	0	0	0	0	0	0	0	0	0	0	0	0	0	0	0	0	0	0	0	0	0	0	0	0	0	0	0	0	0	0	0	0	0	0	0	0	0	0	0	0	0	0	0	0	
0	0	0	0	0	0	0	0	0	0	0	0	48	0	0	0	0	0	0	0	0	0	0	0	0	48	0	0	0	0	0	0	0	0	0	0	0	0	0	0	0	0	0	0	0	0	0	0	0	0	0	0	0	0	0	0	0	0	0	0	0	0	0	0	0	0	0	0	0	0	0	0	0	0	0	0	0	0	0	0	0	0	0	0	0	0	0	0	0	0	0	0	0	0	0	0	0	0	0	0	0	0	0	0	0	0	0	0	0	0	0	0	0	0	0	0	0	0	0	0	
0	0	0	0	0	0	0	0	0	0	0	0	0	0	0	0	0	0	0	0	0	0	0	0	0	0	0	0	0	0	0	0	0	0	0	0	0	0	0	0	0	0	0	0	0	0	0	0	0	0	0	0	0	0	0	0	0	0	0	0	0	0	0	0	0	0	0	0	0	0	0	0	0	0	0	0	0	0	0	0	0	0	0	0	0	0	0	0	0	0	0	0	48	0	0	0	0	0	0	0	0	0	0	0	0	0	0	0	0	0	0	0	0	0	0	0	0	0	48	0	
48	0	0	0	0	0	0	0	0	0	0	0	0	0	0	0	0	0	0	0	0	0	0	0	0	0	0	0	0	0	0	0	0	0	0	0	0	0	0	0	0	0	0	0	0	0	0	0	0	0	0	0	0	0	0	0	0	0	0	0	0	0	0	0	0	0	0	0	0	0	0	0	0	0	0	0	0	0	0	0	0	48	0	0	0	0	0	0	0	0	0	0	0	0	0	0	0	0	0	0	0	0	0	0	0	0	0	0	0	0	0	0	0	0	0	0	0	48	0	0	
0	0	0	0	0	0	0	0	0	0	0	0	0	0	0	0	0	0	0	0	0	48	0	0	0	0	0	0	0	0	0	0	0	0	0	0	0	0	0	0	0	0	0	0	0	0	0	0	0	0	0	0	0	0	0	0	0	0	0	0	0	0	0	0	0	48	0	0	0	0	0	0	0	0	0	0	0	0	0	0	0	0	0	0	0	0	0	0	0	0	0	0	0	0	0	0	0	0	0	0	0	0	0	0	0	0	0	0	0	0	0	0	0	0	0	0	0	0	0	0	
0	0	0	0	0	0	48	0	0	0	0	0	0	0	0	0	0	0	0	0	0	0	0	0	0	0	0	0	0	0	0	0	0	0	0	0	0	0	0	0	0	0	0	0	0	0	0	0	0	0	0	0	0	0	0	0	0	0	0	0	0	0	0	0	0	0	0	0	0	0	0	0	0	0	0	0	0	0	0	0	0	0	0	0	0	0	0	0	0	0	0	0	0	0	0	0	48	0	0	0	0	0	0	0	0	0	0	0	0	0	0	0	0	0	0	0	0	0	0	0	
0	0	0	0	0	0	0	0	0	0	0	0	0	0	0	0	0	0	0	0	0	0	0	0	0	0	0	0	0	0	0	0	0	0	0	0	0	0	0	0	0	48	0	0	0	0	0	0	0	0	0	0	0	0	0	0	0	0	0	0	0	0	0	0	0	0	0	0	0	0	0	0	0	0	0	0	0	48	0	0	0	0	0	0	0	0	0	0	0	0	0	0	0	0	0	0	0	0	0	0	0	0	0	0	0	0	0	0	0	0	0	0	0	0	0	0	0	0	0	0	
0	0	0	0	0	0	0	0	0	0	0	0	0	0	0	0	0	0	0	0	0	0	0	0	0	0	0	0	0	0	0	48	0	0	0	0	0	0	0	0	0	0	0	0	0	0	0	0	0	0	0	0	0	0	0	0	0	0	0	0	0	0	0	0	0	0	0	0	0	0	0	0	0	0	0	0	48	0	0	0	0	0	0	0	0	0	0	0	0	0	0	0	0	0	0	0	0	0	0	0	0	0	0	0	0	0	0	0	0	0	0	0	0	0	0	0	0	0	0	0	
0	0	0	0	0	0	0	0	0	0	0	0	0	0	0	0	0	0	0	0	0	0	0	0	0	0	0	0	0	0	0	0	0	0	0	0	0	0	0	0	0	0	0	0	0	0	0	0	0	0	0	0	48	0	0	0	0	0	0	0	0	0	0	0	0	0	0	0	0	0	0	0	0	0	0	0	0	0	0	0	0	0	0	0	0	0	0	0	0	0	0	0	0	0	0	0	0	0	0	0	0	0	0	0	0	48	0	0	0	0	0	0	0	0	0	0	0	0	0	0	
0	0	0	48	0	0	0	0	0	0	0	0	0	0	0	0	0	0	0	0	0	0	0	0	0	0	0	0	0	0	0	0	0	0	0	0	0	0	0	48	0	0	0	0	0	0	0	0	0	0	0	0	0	0	0	0	0	0	0	0	0	0	0	0	0	0	0	0	0	0	0	0	0	0	0	0	0	0	0	0	0	0	0	0	0	0	0	0	0	0	0	0	0	0	0	0	0	0	0	0	0	0	0	0	0	0	0	0	0	0	0	0	0	0	0	0	0	0	0	0	
0	48	0	0	0	0	0	0	0	0	0	0	0	0	0	0	0	0	0	0	0	0	0	0	0	0	0	0	0	0	0	0	0	0	0	0	0	0	48	0	0	0	0	0	0	0	0	0	0	0	0	0	0	0	0	0	0	0	0	0	0	0	0	0	0	0	0	0	0	0	0	0	0	0	0	0	0	0	0	0	0	0	0	0	0	0	0	0	0	0	0	0	0	0	0	0	0	0	0	0	0	0	0	0	0	0	0	0	0	0	0	0	0	0	0	0	0	0	0	0	
0	0	0	0	0	0	0	0	0	0	0	0	0	0	0	0	0	0	0	0	0	0	0	0	0	0	0	0	0	0	0	0	0	0	0	0	0	0	0	0	0	0	0	0	0	0	0	0	0	0	0	0	0	0	0	0	0	0	0	0	0	0	0	0	0	0	0	0	0	0	0	0	0	48	0	0	0	0	0	0	0	0	0	0	0	0	0	0	0	0	0	0	0	0	0	0	0	0	0	0	0	0	0	0	0	0	0	0	0	0	0	0	0	0	0	0	0	48	0	0	
0	0	0	0	0	0	0	0	0	0	0	0	0	0	0	0	0	0	0	0	0	0	0	0	0	0	0	0	0	0	0	0	0	0	0	0	0	0	0	0	0	0	0	0	0	0	0	0	0	0	0	0	0	0	0	0	0	0	0	0	0	0	0	0	0	0	0	0	0	0	0	0	0	0	0	0	0	0	0	0	0	0	0	0	0	0	0	0	0	0	0	0	0	0	0	0	0	0	0	0	48	0	0	0	0	0	0	0	0	0	0	48	0	0	0	0	0	0	0	0	
0	0	0	0	0	0	0	0	0	0	0	0	0	0	0	0	0	0	0	0	0	0	0	0	0	0	0	0	0	0	0	0	0	0	0	0	0	0	0	0	0	0	0	0	0	0	48	0	0	0	0	0	0	0	0	0	0	0	0	0	0	0	0	0	0	0	0	0	0	0	0	0	0	0	0	0	0	0	0	0	0	0	0	0	0	0	0	0	0	0	0	0	0	0	0	0	0	48	0	0	0	0	0	0	0	0	0	0	0	0	0	0	0	0	0	0	0	0	0	0	
0	0	0	0	0	0	0	0	0	0	0	0	0	0	0	0	0	0	0	0	0	0	0	0	0	0	0	0	0	0	0	0	0	0	0	0	0	0	0	0	0	0	0	0	0	0	0	0	0	0	0	0	0	0	0	0	0	0	48	0	0	0	0	0	0	0	0	0	0	0	0	0	0	0	0	0	0	0	0	0	0	0	0	0	0	0	0	48	0	0	0	0	0	0	0	0	0	0	0	0	0	0	0	0	0	0	0	0	0	0	0	0	0	0	0	0	0	0	0	0	
0	0	0	0	48	0	0	0	0	0	0	0	0	0	0	0	0	48	0	0	0	0	0	0	0	0	0	0	0	0	0	0	0	0	0	0	0	0	0	0	0	0	0	0	0	0	0	0	0	0	0	0	0	0	0	0	0	0	0	0	0	0	0	0	0	0	0	0	0	0	0	0	0	0	0	0	0	0	0	0	0	0	0	0	0	0	0	0	0	0	0	0	0	0	0	0	0	0	0	0	0	0	0	0	0	0	0	0	0	0	0	0	0	0	0	0	0	0	0	0	
0	0	0	0	0	0	0	0	0	0	0	0	0	0	0	0	0	0	0	48	0	0	0	0	0	0	0	0	0	0	0	0	0	0	0	0	0	0	0	0	0	0	0	0	0	0	0	0	0	0	0	0	0	0	0	0	48	0	0	0	0	0	0	0	0	0	0	0	0	0	0	0	0	0	0	0	0	0	0	0	0	0	0	0	0	0	0	0	0	0	0	0	0	0	0	0	0	0	0	0	0	0	0	0	0	0	0	0	0	0	0	0	0	0	0	0	0	0	0	0	
0	0	0	0	0	0	0	0	0	0	0	0	0	0	0	0	0	0	0	0	0	0	0	0	0	0	0	0	0	0	0	0	0	0	0	0	0	0	0	0	0	0	0	0	0	0	0	0	0	0	0	0	0	0	0	0	0	0	0	0	0	0	0	0	0	0	0	0	0	0	0	0	0	0	0	0	0	0	0	0	0	0	0	0	48	0	0	0	0	0	0	0	0	48	0	0	0	0	0	0	0	0	0	0	0	0	0	0	0	0	0	0	0	0	0	0	0	0	0	0	
0	0	0	0	0	0	0	0	0	0	0	0	0	0	0	0	0	0	0	0	0	0	0	0	0	0	0	0	0	0	0	0	0	0	0	0	0	0	0	0	0	0	0	0	0	0	0	0	0	0	0	0	0	0	0	0	0	0	0	0	0	0	0	0	0	0	0	0	0	0	0	0	0	0	0	0	0	0	0	0	0	0	0	0	0	0	0	0	0	48	0	48	0	0	0	0	0	0	0	0	0	0	0	0	0	0	0	0	0	0	0	0	0	0	0	0	0	0	0	0	
0	0	0	0	0	0	0	0	0	0	0	0	0	0	0	0	0	0	0	0	0	0	0	0	0	0	0	0	0	0	0	0	0	0	0	0	48	0	0	0	0	0	0	0	0	0	0	0	0	0	0	0	0	0	0	0	0	0	0	0	0	0	0	0	0	0	0	0	0	0	0	0	0	0	0	0	0	0	0	0	0	0	0	0	0	0	0	0	48	0	0	0	0	0	0	0	0	0	0	0	0	0	0	0	0	0	0	0	0	0	0	0	0	0	0	0	0	0	0	0	
0	0	0	0	0	0	0	0	0	48	0	0	0	0	0	0	0	0	0	0	0	0	0	0	0	0	0	0	0	0	0	0	0	0	0	0	0	0	0	0	0	0	0	0	0	0	0	0	0	0	0	0	0	0	0	0	0	0	0	0	0	0	0	0	0	0	0	0	0	0	0	0	0	0	0	0	0	0	0	0	0	0	0	0	0	0	0	0	0	0	0	0	0	0	0	0	0	0	0	0	0	0	0	0	0	0	0	0	0	0	0	0	0	0	48	0	0	0	0	0	
0	0	0	0	0	0	0	0	0	0	0	0	0	0	0	0	0	0	0	0	0	0	0	0	0	0	0	0	0	0	0	0	0	0	48	0	0	0	0	0	0	0	0	0	0	0	0	0	0	0	0	0	0	0	0	0	0	0	0	0	0	0	0	0	0	0	0	0	0	0	0	0	0	0	0	0	0	0	0	0	0	0	0	0	0	0	0	0	48	0	0	0	0	0	0	0	0	0	0	0	0	0	0	0	0	0	0	0	0	0	0	0	0	0	0	0	0	0	0	0	
0	0	0	0	0	0	0	0	0	0	0	0	0	0	0	0	0	0	0	0	0	0	0	0	0	0	0	0	0	0	0	0	0	0	0	0	0	0	0	0	0	0	0	48	0	0	0	0	0	0	0	0	0	0	0	0	0	0	0	0	0	0	0	0	0	0	0	0	0	0	0	0	48	0	0	0	0	0	0	0	0	0	0	0	0	0	0	0	0	0	0	0	0	0	0	0	0	0	0	0	0	0	0	0	0	0	0	0	0	0	0	0	0	0	0	0	0	0	0	0	
0	0	0	0	0	0	0	0	0	0	0	0	0	0	0	0	0	0	0	0	0	0	0	0	0	0	0	0	0	0	0	0	0	0	0	0	0	0	0	0	0	0	0	0	0	0	0	0	0	0	0	0	0	0	0	0	0	0	0	0	0	0	0	0	0	0	0	0	0	0	0	0	0	0	0	0	0	0	0	0	0	0	0	0	0	0	0	48	0	0	0	0	0	0	0	0	0	0	0	0	0	0	0	0	0	0	0	0	0	0	48	0	0	0	0	0	0	0	0	0	
0	0	48	0	0	0	0	0	0	0	0	0	0	0	0	0	0	0	0	0	0	0	0	0	0	0	0	0	0	0	0	0	0	0	0	0	0	0	0	0	0	0	0	0	0	0	0	0	0	0	0	0	0	0	0	0	0	0	0	0	0	0	0	0	0	0	0	0	0	0	0	0	0	0	0	0	0	0	0	0	0	0	0	0	0	0	0	0	0	0	0	0	0	0	0	0	0	0	0	0	0	0	0	0	0	0	0	48	0	0	0	0	0	0	0	0	0	0	0	0	
0	0	0	0	0	0	0	0	0	0	0	0	0	0	0	0	0	0	0	0	0	0	0	0	0	0	0	0	0	0	0	0	0	0	0	0	0	0	0	0	0	0	0	0	0	0	0	48	0	0	0	0	0	0	0	0	0	0	0	0	48	0	0	0	0	0	0	0	0	0	0	0	0	0	0	0	0	0	0	0	0	0	0	0	0	0	0	0	0	0	0	0	0	0	0	0	0	0	0	0	0	0	0	0	0	0	0	0	0	0	0	0	0	0	0	0	0	0	0	0	
0	0	0	0	0	0	0	0	0	0	0	0	0	0	0	0	0	0	0	0	0	0	0	0	0	0	0	0	0	0	0	0	0	0	0	0	0	0	0	0	0	0	0	0	0	0	0	0	0	0	48	0	0	0	0	0	0	0	0	0	0	0	0	0	0	0	0	0	0	0	0	0	0	0	0	48	0	0	0	0	0	0	0	0	0	0	0	0	0	0	0	0	0	0	0	0	0	0	0	0	0	0	0	0	0	0	0	0	0	0	0	0	0	0	0	0	0	0	0	0	
0	0	0	0	0	0	0	0	0	0	0	0	0	0	0	0	0	0	0	0	0	0	0	0	0	0	0	0	0	0	0	0	0	0	0	0	0	0	0	0	0	0	0	0	0	0	48	0	0	0	0	0	0	0	0	0	0	0	0	0	0	0	0	0	0	0	0	0	0	0	0	0	0	0	0	0	0	0	0	0	0	0	0	48	0	0	0	0	0	0	0	0	0	0	0	0	0	0	0	0	0	0	0	0	0	0	0	0	0	0	0	0	0	0	0	0	0	0	0	0	
48	0	0	0	0	0	0	48	0	0	0	0	0	0	0	0	0	0	0	0	0	0	0	0	0	0	0	0	0	0	0	0	0	0	0	0	0	0	0	0	0	0	0	0	0	0	0	0	0	0	0	0	0	0	0	0	0	0	0	0	0	0	0	0	0	0	0	0	0	0	0	0	0	0	0	0	0	0	0	0	0	0	0	0	0	0	0	0	0	0	0	0	0	0	0	0	0	0	0	0	0	0	0	0	0	0	0	0	0	0	0	0	0	0	0	0	0	0	0	0	
0	0	0	0	0	0	0	0	0	0	0	0	0	0	0	0	0	0	0	0	0	0	0	0	0	0	48	0	0	0	0	0	0	0	0	0	0	0	0	0	0	48	0	0	0	0	0	0	0	0	0	0	0	0	0	0	0	0	0	0	0	0	0	0	0	0	0	0	0	0	0	0	0	0	0	0	0	0	0	0	0	0	0	0	0	0	0	0	0	0	0	0	0	0	0	0	0	0	0	0	0	0	0	0	0	0	0	0	0	0	0	0	0	0	0	0	0	0	0	0	
0	0	0	0	0	0	0	0	0	0	0	0	0	0	0	0	0	0	0	0	0	0	0	0	0	0	0	0	0	0	0	0	0	0	0	0	0	0	0	0	0	0	0	0	0	0	0	0	0	0	0	0	0	0	0	0	0	0	0	0	0	0	0	0	0	0	0	48	0	0	0	0	0	0	0	0	0	0	0	0	0	0	48	0	0	0	0	0	0	0	0	0	0	0	0	0	0	0	0	0	0	0	0	0	0	0	0	0	0	0	0	0	0	0	0	0	0	0	0	0	
0	0	0	0	0	0	0	0	0	0	0	0	0	0	0	0	0	0	0	0	0	0	0	0	0	0	0	0	0	0	0	0	0	0	0	0	0	0	0	0	0	0	0	0	0	0	0	0	0	0	0	0	0	0	0	0	0	0	0	0	0	0	0	0	0	0	0	0	0	0	0	0	0	0	0	0	0	0	0	0	0	0	0	0	0	0	0	0	0	0	0	0	0	0	0	0	0	0	0	0	0	0	0	0	0	0	0	0	48	48	0	0	0	0	0	0	0	0	0	0	
0	0	0	0	0	0	0	0	0	0	0	0	0	0	0	0	0	0	0	0	0	0	0	0	0	0	0	0	0	0	0	0	0	0	0	0	0	0	0	0	0	0	0	0	0	0	0	0	0	0	0	0	0	0	0	0	0	0	0	0	0	0	0	48	0	0	0	0	0	0	0	0	0	0	0	0	0	0	0	0	0	0	0	0	0	0	0	0	0	0	0	0	0	0	0	0	0	0	0	0	0	0	0	0	0	0	0	0	0	0	0	0	0	0	48	0	0	0	0	0	
0	0	0	0	0	0	0	0	0	0	0	0	0	0	0	0	0	0	0	0	0	0	0	0	0	0	0	0	0	0	0	0	0	0	0	0	0	0	0	0	0	0	0	0	48	0	0	0	0	0	0	0	0	0	0	0	0	0	0	0	0	0	0	0	0	0	0	0	0	0	0	0	0	0	0	0	0	0	0	0	0	0	0	0	0	0	0	0	0	0	0	0	0	0	0	0	0	0	0	0	0	0	0	0	0	0	0	0	0	0	0	0	0	0	0	0	0	0	0	48	
0	0	0	0	0	0	0	0	0	0	0	0	0	0	0	0	0	0	0	0	0	0	48	0	0	0	0	0	0	0	0	0	0	0	0	0	0	0	0	0	0	0	0	0	0	0	0	0	0	0	0	0	0	0	0	0	0	48	0	0	0	0	0	0	0	0	0	0	0	0	0	0	0	0	0	0	0	0	0	0	0	0	0	0	0	0	0	0	0	0	0	0	0	0	0	0	0	0	0	0	0	0	0	0	0	0	0	0	0	0	0	0	0	0	0	0	0	0	0	0	
0	0	0	0	0	0	0	0	0	0	0	0	0	0	0	0	0	0	0	0	0	0	0	0	0	0	0	0	0	48	0	0	0	0	0	0	0	0	0	0	0	0	0	0	0	0	0	0	0	0	0	0	0	0	0	0	0	0	0	0	0	0	0	0	0	0	0	0	0	0	0	0	0	0	0	0	0	0	48	0	0	0	0	0	0	0	0	0	0	0	0	0	0	0	0	0	0	0	0	0	0	0	0	0	0	0	0	0	0	0	0	0	0	0	0	0	0	0	0	0	
0	0	0	48	0	0	0	0	0	0	0	0	0	0	0	0	0	0	0	0	0	0	0	0	0	0	0	0	0	0	0	0	0	0	0	0	0	0	0	0	0	0	0	0	0	0	0	0	0	0	0	0	0	0	0	0	0	0	0	0	0	0	0	48	0	0	0	0	0	0	0	0	0	0	0	0	0	0	0	0	0	0	0	0	0	0	0	0	0	0	0	0	0	0	0	0	0	0	0	0	0	0	0	0	0	0	0	0	0	0	0	0	0	0	0	0	0	0	0	0	
0	0	48	0	0	0	0	0	0	0	0	0	0	0	0	0	0	0	0	0	0	0	0	0	0	0	0	0	0	0	0	0	0	0	0	0	0	0	0	0	0	0	0	0	0	0	0	0	0	0	0	0	0	0	0	0	0	0	0	0	0	0	0	0	0	0	0	0	0	0	0	0	0	0	0	0	0	0	0	0	0	0	0	0	0	0	0	0	0	0	0	0	0	0	48	0	0	0	0	0	0	0	0	0	0	0	0	0	0	0	0	0	0	0	0	0	0	0	0	0	
0	0	0	0	0	0	0	0	0	0	0	0	0	0	0	0	0	0	0	0	0	0	0	0	0	0	0	0	0	0	0	0	0	0	0	0	0	0	0	0	0	0	0	0	0	0	0	0	0	0	0	48	0	0	0	0	0	0	0	0	0	0	0	0	0	0	0	0	0	0	0	0	0	0	0	0	0	0	0	0	0	0	0	0	0	0	0	0	0	0	0	0	0	0	0	0	0	0	0	0	0	48	0	0	0	0	0	0	0	0	0	0	0	0	0	0	0	0	0	0	
0	0	0	0	0	0	0	0	0	0	0	0	0	0	0	0	0	0	0	0	0	0	0	0	0	0	0	0	0	0	0	0	0	0	0	0	0	48	0	0	0	0	0	0	0	0	0	0	0	0	0	0	0	0	0	0	0	0	0	0	0	0	0	0	0	0	0	0	0	0	0	0	0	0	0	0	0	0	0	0	0	0	0	0	0	0	0	0	0	0	0	0	0	0	0	0	0	0	0	0	0	48	0	0	0	0	0	0	0	0	0	0	0	0	0	0	0	0	0	0	
0	0	0	0	0	0	0	0	0	0	0	0	0	0	0	0	0	0	0	0	0	0	0	0	0	0	0	0	0	0	0	0	0	0	0	0	0	0	0	0	0	0	0	0	0	0	0	0	0	0	48	0	0	0	0	0	0	0	0	0	0	0	0	0	0	0	0	0	0	0	0	0	0	0	0	0	0	0	0	0	0	0	0	0	0	0	0	0	0	0	0	0	0	48	0	0	0	0	0	0	0	0	0	0	0	0	0	0	0	0	0	0	0	0	0	0	0	0	0	0	
0	0	0	0	0	0	0	0	0	0	0	0	0	0	0	0	0	0	0	0	0	0	0	0	0	0	0	0	0	0	0	0	0	0	0	0	0	0	0	0	48	0	0	0	0	0	0	0	0	0	0	0	0	0	0	0	0	0	0	0	0	0	0	0	0	0	0	0	0	0	0	0	0	0	0	0	0	0	0	0	0	0	48	0	0	0	0	0	0	0	0	0	0	0	0	0	0	0	0	0	0	0	0	0	0	0	0	0	0	0	0	0	0	0	0	0	0	0	0	0	
0	0	0	0	0	0	0	0	0	0	0	0	0	0	0	0	0	0	0	0	0	0	0	0	0	0	0	0	0	0	0	0	0	48	0	0	0	48	0	0	0	0	0	0	0	0	0	0	0	0	0	0	0	0	0	0	0	0	0	0	0	0	0	0	0	0	0	0	0	0	0	0	0	0	0	0	0	0	0	0	0	0	0	0	0	0	0	0	0	0	0	0	0	0	0	0	0	0	0	0	0	0	0	0	0	0	0	0	0	0	0	0	0	0	0	0	0	0	0	0	
0	0	0	0	0	0	0	0	0	0	0	0	0	0	0	0	0	0	0	0	0	48	0	0	0	0	0	0	0	0	0	0	0	0	0	0	48	0	0	0	0	0	0	0	0	0	0	0	0	0	0	0	0	0	0	0	0	0	0	0	0	0	0	0	0	0	0	0	0	0	0	0	0	0	0	0	0	0	0	0	0	0	0	0	0	0	0	0	0	0	0	0	0	0	0	0	0	0	0	0	0	0	0	0	0	0	0	0	0	0	0	0	0	0	0	0	0	0	0	0	
0	0	0	0	0	0	0	0	0	0	0	0	0	0	0	0	0	0	0	0	0	0	0	0	0	0	0	0	0	0	0	0	0	0	0	0	0	0	0	0	0	0	0	0	0	0	0	0	0	0	0	0	0	0	0	0	0	0	0	0	0	0	0	0	0	0	0	0	0	0	0	0	0	0	0	0	0	0	0	0	0	0	0	0	0	0	0	0	0	0	48	0	0	0	0	0	0	0	0	0	0	0	48	0	0	0	0	0	0	0	0	0	0	0	0	0	0	0	0	0	
0	0	0	0	0	0	0	0	0	0	0	0	0	0	0	0	0	0	0	0	0	0	0	0	0	48	0	0	0	0	0	0	0	0	0	0	0	0	0	0	0	0	0	0	0	0	0	0	0	0	0	0	0	0	0	0	0	0	0	0	0	0	0	0	0	0	0	48	0	0	0	0	0	0	0	0	0	0	0	0	0	0	0	0	0	0	0	0	0	0	0	0	0	0	0	0	0	0	0	0	0	0	0	0	0	0	0	0	0	0	0	0	0	0	0	0	0	0	0	0	
0	0	0	0	0	0	0	0	0	0	0	0	0	0	0	0	0	0	0	0	48	0	0	0	0	0	0	0	0	0	0	0	0	0	0	0	0	0	0	0	0	0	0	0	0	0	0	0	0	0	0	0	0	0	0	0	0	0	0	0	0	0	0	0	0	0	0	0	0	0	0	0	0	0	0	0	0	0	0	0	0	0	0	0	0	0	0	0	0	0	0	0	0	0	0	0	0	0	0	0	0	0	0	0	0	0	0	0	0	0	0	0	0	0	0	0	0	0	0	48	
0	0	0	0	0	0	0	0	0	0	0	0	0	0	0	0	0	0	0	0	0	0	0	0	0	0	0	0	0	0	0	0	0	0	0	0	0	0	0	0	0	0	0	0	0	0	0	0	0	0	0	0	0	0	0	0	0	0	0	0	0	0	0	0	0	0	0	0	0	0	0	0	0	48	0	0	0	0	0	0	0	48	0	0	0	0	0	0	0	0	0	0	0	0	0	0	0	0	0	0	0	0	0	0	0	0	0	0	0	0	0	0	0	0	0	0	0	0	0	0	
0	0	0	0	0	0	0	0	0	0	0	0	0	0	0	0	0	0	0	0	0	0	0	48	0	0	0	0	0	0	0	0	0	0	0	0	0	0	0	0	0	0	0	0	0	0	0	0	0	0	0	0	0	0	0	0	0	0	0	0	0	0	0	0	0	0	0	0	0	0	0	0	48	0	0	0	0	0	0	0	0	0	0	0	0	0	0	0	0	0	0	0	0	0	0	0	0	0	0	0	0	0	0	0	0	0	0	0	0	0	0	0	0	0	0	0	0	0	0	0	
0	0	0	0	0	0	0	0	0	0	0	0	0	0	0	0	0	0	0	0	0	0	0	0	0	0	0	0	0	0	0	0	0	0	0	0	0	0	0	0	0	0	0	0	0	0	0	0	0	0	0	0	0	0	0	0	0	0	0	0	0	0	0	0	0	0	0	0	0	0	0	0	0	0	0	0	0	0	0	0	0	0	0	0	0	0	0	0	0	0	0	0	0	0	0	0	0	0	0	0	0	0	0	48	0	0	0	0	0	0	0	0	0	0	0	0	48	0	0	0	
88	7	47	26	33	3	63	69	112	22	107	26	70	0	2	20	76	43	94	2	28	55	111	94	5	14	103	2	114	88	15	117	59	63	24	113	82	83	98	7	54	53	111	64	50	119	8	101	70	17	37	111	59	109	40	111	74	108	98	118	21	45	20	69	60	43	6	29	119	103	26	62	42	113	96	3	83	83	35	52	60	85	114	1	7	96	62	45	36	46	74	95	12	71	109	26	41	37	56	54	86	0	32	50	7	79	80	45	34	47	60	20	85	79	114	85	84	66	8	36	61	69	57	46	60	23	107	56	58	34	98	53	81	42	17	109	40	109	0	39	103	99	1	36	25	68	27	55	110	43	82	102	70	48	4	5	67	41	30	70	36	99	94	89	97	81	56	95	103	114	8	118	98	17	45	41	47	117	58	39	12	96	118	60	101	66	116	22	96	6	19	112	98	107	23	33	15	76	60	53	101	14	89	82	96	64	58	28	13	5	108	80	66	107	35	83	68	55	86	98	87	29	97	75	17	60	17	114	54	63	106	5	36	84	83	39	95	87	8	23	44	87	110	33	50	39	66	75	75	77	113	72	103	101	63	23	104	86	91	28	62	35	105	13	100	58	22	54	47	104	23	84	117	113	89	92	42	11	1	75	76	11	92	7	15	86	55	4	89	49	47	55	7	104	65	118	29	73	50	45	48	89	23	25	78	77	12	33	89	109	33	62	12	60	77	45	67	58	65	97	102	18	14	106	55	98	44	113	14	38	78	71	68	101	36	14	3	9	22	37	108	59	63	95	31	44	22	5	109	108	94	62	32	52	102	108	96	55	81	1	119	92	110	21	53	69	39	25	20	99	117	55	52	110	58	6	14	40	13	25	100	34	80	104	103	20	4	28	63	65	114	111	5	39	35	72	115	106	16	82	113	9	114	29	33	54	73	114	67	74	88	59	32	93	63	55	66	57	14	81	58	39	64	25	16	40	13	48	109	100	13	32	35	109	51	48	35	27	30	3	68	33	56	57	26	119	15	8	81	46	73	82	0	80	101	18	84	58	57	43	65	9	73	52	84	10	10	98	116	1	65	49	52	93	75	86	42	81	118	7	50	76	53	56	98	113	15	118	46	6	87	95	69	8	36	31	113	35	106	12	98	6	111	66	99	117	73	97	57	5	14	57	24	117	59	47	16	11	74	111	16	11	4	92	87	68	115	99	17	31	44	97	116	48	53	4	109	116	114	112	1	56	8	75	93	41	100	73	5	101	116	48	63	39	51	13	48	37	97	116	13	68	48	34	82	41	47	85	85	57	89	2	91	41	94	93	1	46	80	99	107	61	38	10	87	20	92	7	50	78	95	106	89	59	92	87	24	113	75	119	109	117	45	19	106	114	35	34	112	95	63	48	32	87	65	83	34	97	41	54	96	55	35	10	51	50	53	79	19	108	74	79	10	92	49	34	9	68	77	57	16	85	119	14	57	64	86	17	77	70	21	76	61	64	51	119	81	71	115	4	43	11	38	3	76	47	83	6	60	35	45	101	5	55	83	17	56	94	48	84	53	112	69	55	119	117	81	66	85	48	119	86	112	0	46	5	90	31	97	47	36	55	9	38	87	79	21	58	44	97	32	45	107	23	18	95	46	8	92	81	77	30	7	77	114	106	60	67	62	101	61	13	74	72	58	100	46	68	4	111	36	18	4	114	5	98	68	51	105	31	51	29	67	65	108	81	65	25	31	55	23	47	38	24	68	110	24	14	18	69	0	58	50	7	22	52	20	19	51	45	74	108	16	15	85	81	22	82	117	44	31	80	93	47	115	65	44	113	107	30	61	61	15	10	26	58	37	97	54	54	13	3	7	62	77	43	114	96	17	39	4	15	70	99	98	34	42	77	97	4	73	26	53	60	48	46	69	110	85	79	63	46	65	26	73	25	52	106	6	89	107	94	46	118	101	1	74	42	28	83	52	102	112	4	108	18	36	47	11	80	103	76	107	112	59	116	20	44	113	57	7	69	58	82	94	67	23	17	24	88	24	47	57	116	88	14	71	113	30	21	29	7	52	103	116	88	59	100	43	37	27	68	29	62	23	18	82	13	86	62	4	66	10	81	43	79	84	92	24	13	29	8	117	20	70	46	114	29	23	96	56	82	2	29	8	4	104	24	44	20	18	24	68	42	65	72	34	63	70	111	118	13	1	16	73	61	12	27	21	119	48	105	97	101	14	51	73	79	23	106	3	23	43	15	106	86	53	11	70	116	12	80	17	59	42	29	42	75	88	37	109	62	103	7	72	60	31	30	30	119	2	26	111	88	10	51	36	7	54	28	55	70	119	5	0	101	8	63	65	118	25	91	50	42	42	50	12	1	29	70	16	53	119	111	103	88	11	82	117	31	82	79	3	63	39	53	94	93	79	31	75	15	48	3	39	65	6	22	63	8	119	45	40	9	104	116	23	18	61	89	10	62	3	47	69	17	94	13	49	81	53	21	62	55	75	23	119	116	113	38	20	42	55	9	77	24	54	97	77	17	0	81	99	53	62	96	90	54	63	48	89	91	39	81	11	7	28	54	23	58	90	94	87	85	79	58	84	10	30	109	64	72	24	22	42	26	5	78	108	96	102	56	103	67	109	11	116	92	42	33	100	21	47	26	56	118	100	97	33	0	75	45	111	4	52	112	73	38	98	89	4	91	83	112	101	33	60	100	34	79	71	61	80	37	101	97	35	14	80	118	25	65	39	31	118	80	101	60	73	83	33	111	43	101	102	64	100	114	56	26	100	36	7	50	76	83	60	23	114	93	77	29	106	102	7	49	81	107	79	23	29	98	58	94	90	56	28	18	61	97	83	8	27	3	92	76	106	98	91	101	37	4	15	23	91	61	11	47	73	59	29	114	107	58	34	93	117	56	54	109	23	113	39	119	67	59	34	104	8	10	44	68	82	20	81	50	110	93	0	118	26	75	84	93	81	75	114	60	114	8	89	16	58	2	28	14	28	28	73	44	71	35	37	69	79	93	21	15	106	39	85	55	107	117	91	114	17	116	44	21	24	10	117	117	78	92	58	87	95	6	66	33	119	117	56	14	62	71	73	76	118	105	20	8	22	31	68	71	74	31	63	111	7	29	18	75	35	95	106	1	82	81	19	95	89	0	99	48	93	51	119	2	92	12	36	107	58	11	6	6	76	18	43	1	15	9	16	34	97	114	58	20	38	85	45	14	19	5	47	67	118	95	21	66	74	97	12	14	30	23	9	46	71	47	104	69	88	53	119	26	80	95	27	48	11	106	24	62	94	82	5	103	47	68	13	50	10	70	62	10	116	45	68	102	2	85	110	106	50	3	71	66	40	21	5	109	73	112	61	15	11	96	99	60	81	42	109	99	66	20	56	112	11	27	73	80	39	91	69	15	69	58	112	68	25	84	104	107	16	63	34	25	56	111	67	83	13	106	39	109	60	36	108	102	2	67	15	2	109	27	85	62	81	58	114	47	99	4	84	58	41	55	56	108	54	111	35	66	33	98	49	1	39	76	105	6	27	115	118	14	36	99	29	22	30	98	77	35	62	5	57	2	58	40	119	48	46	40	116	42	63	115	13	29	66	102	30	86	29	21	29	18	116	37	31	46	76	20	105	48	106	31	24	75	12	98	112	5	102	2	63	35	45	109	49	98	71	88	117	8	48	119	94	40	37	40	66	48	35	23	86	117	31	49	87	69	79	93	9	29	43	101	91	15	48	68	2	70	54	77	70	28	95	17	97	56	82	72	28	36	34	83	31	81	104	68	76	56	11	107	44	82	102	10	112	64	88	10	40	67	92	18	46	99	115	21	67	3	108	76	47	67	58	103	52	68	76	71	62	107	17	54	50	95	32	71	114	46	87	23	61	31	11	10	62	62	96	78	92	64	83	15	42	42	49	44	14	82	32	79	29	11	101	112	116	116	59	90	60	13	72	67	90	15	72	113	92	14	52	93	50	11	68	96	101	88	90	108	118	70	111	16	63	70	28	15	0	119	50	88	3	109	89	70	48	79	28	16	8	111	90	57	60	85	117	105	70	90	110	81	6	33	77	58	21	49	61	21	37	35	61	19	78	113	15	78	82	84	60	37	24	12	85	106	36	35	83	119	76	90	78	59	59	88	96	33	113	49	98	113	119	92	93	20	71	91	50	74	1	94	10	62	70	31	5	0	24	31	61	18	15	30	83	27	60	69	32	85	1	14	109	49	38	106	3	89	29	113	50	76	61	53	100	101	49	103	66	107	42	23	13	41	47	111	110	111	43	23	85	78	71	1	69	38	114	49	51	97	71	15	5	57	59	6	106	59	8	68	34	78	84	22	20	48	102	114	40	93	110	106	40	7	73	74	66	47	29	89	79	45	59	78	38	5	58	31	117	26	68	64	13	0	84	92	71	28	93	31	80	52	67	57	1	74	1	102	82	55	106	99	112	80	79	40	112	70	116	86	3	47	110	78	98	108	91	26	99	111	60	36	111	1	84	74	88	37	5	20	102	32	4	48	97	55	70	19	79	104	110	25	52	93	2	26	88	31	82	32	64	82	57	2	41	6	61	37	0	109	28	9	97	114	15	50	109	112	114	79	10	5	88	86	70	8	62	13	44	63	94	86	25	36	1	65	60	33	77	84	50	70	34	14	50	26	43	66	37	108	0	77	27	70	65	13	49	22	40	16	30	80	57	29	116	30	54	10	89	54	116	75	90	109	33	45	59	72	70	88	118	49	107	24	73	76	76	4	42	81	103	9	36	78	21	79	25	36	7	73	8	80	94	95	94	51	71	34	31	49	115	4	59	21	78	2	57	63	9	91	98	76	61	12	21	23	48	104	20	4	44	111	29	84	38	10	80	96	35	4	40	17	1	93	60	11	100	90	40	22	51	26	79	47	83	101	3	4	64	62	21	68	29	40	103	9	30	30	97	13	0	83	27	75	98	42	112	53	42	92	24	43	90	88	26	15	6	89	35	30	36	11	69	4	2	99	52	53	21	104	102	109	73	19	49	54	38	36	47	26	27	7	68	70	104	30	24	27	24	92	9	6	50	93	50	70	110	105	79	62	7	113	33	41	66	104	32	39	85	49	42	116	69	109	36	34	63	69	17	24	49	41	56	69	83	114	117	51	21	69	94	66	24	94	105	101	79	95	50	91	100	11	53	10	106	103	104	2	110	19	68	16	81	26	112	115	51	111	44	70	23	18	113	112	71	52	61	89	28	67	99	74	101	105	79	106	66	14	53	93	24	36	2	34	84	58	20	100	53	55	15	80	25	51	90	8	6	95	116	59	74	4	9	68	83	108	87	66	5	17	48	113	71	106	67	42	110	7	77	69	87	68	97	115	114	65	109	115	119	43	85	116	52	15	30	81	69	6	0	90	4	112	72	0	80	114	86	85	19	32	56	48	66	24	59	91	14	6	74	108	27	9	45	17	70	8	52	96	85	108	64	59	117	22	40	32	74	75	58	25	31	72	93	111	59	23	56	14	26	7	57	101	73	21	61	19	117	35	18	13	16	82	116	45	111	109	104	50	59	94	63	106	110	29	87	73	67	67	15	36	82	67	103	42	80	50	6	92	69	48	77	0	26	55	67	105	95	97	29	115	25	24	22	67	119	98	28	79	89	109	16	1	22	29	12	9	29	9	66	22	94	116	38	116	103	4	98	60	70	37	47	108	61	92	78	47	49	40	22	0	49	5	37	17	77	59	20	20	1	37	89	29	70	79	75	10	34	95	75	52	66	61	51	16	4	29	51	87	33	102	101	70	13	110	82	67	54	69	45	87	37	101	94	36	30	16	92	116	58	19	97	113	13	18	60	40	114	17	16	46	112	62	67	56	4	117	98	44	118	107	78	33	118	83	64	12	119	37	97	51	53	18	119	119	83	17	99	91	52	57	9	28	83	78	31	45	47	50	7	15	41	7	74	115	56	68	100	97	96	103	51	42	8	13	101	38	34	6	51	95	102	119	11	17	14	92	118	119	61	80	33	115	56	87	42	15	5	74	64	100	77	62	13	76	4	26	37	47	87	83	53	59	12	39	22	83	57	61	104	11	85	48	27	80	25	44	68	34	75	68	116	89	110	75	53	48	108	99	117	58	7	56	112	64	48	117	8	106	25	85	41	78	89	24	73	68	47	32	105	17	54	86	66	25	65	4	108	46	11	83	14	71	79	23	53	74	2	27	59	51	93	55	77	65	31	69	86	73	72	15	108	79	89	25	97	81	26	64	109	40	95	30	44	114	115	100	117	118	10	43	79	44	70	54	20	25	6	10	34	2	49	44	27	109	63	82	71	69	60	14	119	66	106	91	8	101	109	48	36	74	31	96	87	51	8	106	22	17	77	47	99	68	98	44	27	64	117	102	35	23	82	9	76	58	52	15	40	4	15	3	19	80	36	37	44	15	84	55	86	84	20	31	60	34	113	50	41	89	96	117	53	32	43	110	39	88	111	53	98	7	11	26	114	8	35	111	78	9	21	4	56	40	44	90	96	15	52	2	73	51	38	12	28	35	58	68	110	66	99	74	88	6	28	46	21	8	97	87	60	44	47	41	72	101	87	68	98	5	17	107	56	88	17	6	20	85	0	116	61	69	31	60	10	57	87	76	117	97	112	17	45	85	110	100	53	104	22	111	64	36	8	5	110	28	71	93	91	83	15	37	77	100	31	12	56	57	6	76	86	93	1	38	91	87	36	48	18	82	52	15	73	69	71	15	79	22	93	7	30	93	113	39	50	16	28	60	104	33	1	102	63	37	27	93	4	107	43	79	68	32	70	22	75	92	56	30	67	87	62	102	59	103	71	24	114	32	11	64	16	62	115	93	30	73	42	54	24	6	19	31	12	66	69	77	39	82	60	14	61	83	4	5	114	102	67	98	68	0	79	53	109	11	98	104	9	43	43	40	60	97	29	57	22	97	41	33	82	107	90	104	10	113	67	12	41	62	71	20	103	74	46	10	21	115	1	115	96	17	113	4	117	117	47	74	61	111	79	59	64	101	100	10	59	51	7	59	41	32	94	110	37	89	18	58	104	43	45	22	93	104	71	108	106	90	44	100	84	118	22	102	70	23	86	6	79	92	69	87	102	108	108	97	3	35	21	91	36	76	3	102	5	1	89	89	45	4	20	78	77	13	6	4	6	112	119	29	86	90	31	48	81	111	84	57	9	88	107	2	85	18	63	114	115	72	27	56	21	86	10	16	82	16	52	13	40	62	21	47	77	74	86	16	114	36	90	96	90	112	58	112	82	106	7	26	96	36	92	66	86	113	105	21	72	40	24	30	37	32	8	73	84	4	65	66	28	61	108	118	19	29	92	2	76	26	115	69	109	69	97	64	45	54	98	23	113	111	39	105	22	103	68	116	85	21	72	25	4	61	21	44	62	54	90	12	85	12	20	57	29	18	41	113	48	104	22	68	59	11	80	28	19	83	42	27	72	71	117	116	116	6	108	93	88	113	56	68	59	59	38	77	34	39	61	8	1	84	44	19	74	16	50	82	63	44	39	79	47	75	13	116	92	2	16	110	54	2	8	5	95	7	7	112	112	58	29	2	33	36	86	97	82	71	118	51	7	3	45	93	12	36	44	99	26	63	47	52	87	88	60	38	67	90	2	113	84	0	68	32	60	61	84	16	32	24	30	16	11	56	29	114	89	114	95	44	21	53	6	74	43	78	117	117	96	108	111	33	49	4	73	82	53	18	26	65	59	71	63	28	64	98	9	82	83	19	113	3	96	1	18	42	56	90	4	4	20	23	24	16	70	50	7	13	61	75	68	115	60	0	39	97	29	8	48	105	30	95	98	101	10	37	55	18	58	42	52	65	65	28	66	112	63	64	64	57	114	59	101	98	56	2	11	35	91	97	104	115	109	56	36	38	61	118	45	5	82	37	7	89	20	109	35	20	4	64	18	86	81	20	102	99	52	2	34	100	92	83	14	99	46	5	64	60	32	9	49	75	98	10	79	40	12	99	79	106	70	12	39	64	27	26	10	87	86	81	7	81	65	26	13	90	2	76	45	81	36	83	66	99	103	28	32	52	94	67	93	3	80	72	84	64	0	15	
86	58	112	24	108	98	22	109	16	37	5	113	62	75	8	17	67	63	13	34	101	78	112	74	80	119	104	84	98	52	41	103	102	69	71	86	116	29	33	32	95	18	10	113	60	65	40	70	112	94	88	117	113	102	87	41	11	32	50	33	44	63	6	9	88	89	63	69	68	26	52	61	86	24	8	59	91	48	74	45	70	86	61	96	62	80	111	34	40	42	93	23	31	82	4	4	59	17	94	63	23	12	118	62	3	90	23	71	0	67	57	44	95	73	109	69	105	75	117	53	63	35	81	42	113	26	26	13	104	52	78	98	108	80	68	90	74	15	64	106	12	92	48	16	74	61	58	111	39	23	49	70	80	6	44	42	59	7	35	10	40	6	37	39	2	46	10	90	107	66	18	20	92	25	29	118	69	93	78	2	79	39	100	0	108	79	17	73	116	87	55	38	25	40	85	1	107	74	77	65	43	119	9	49	12	48	32	49	108	22	68	18	118	65	6	110	10	43	23	92	74	76	40	119	95	39	74	103	80	75	14	110	57	1	12	27	64	44	7	17	48	43	87	104	26	8	53	17	54	75	1	101	37	119	22	85	1	27	43	59	35	64	115	63	27	73	77	34	2	45	4	93	2	53	55	82	19	20	40	57	95	73	9	59	6	110	57	9	81	12	42	76	66	67	69	117	58	5	3	22	49	59	85	103	72	41	6	62	100	9	11	105	118	101	100	83	14	113	77	0	57	68	58	70	67	26	34	16	82	55	90	54	83	65	93	74	66	5	33	3	5	33	92	62	33	32	98	71	42	15	112	43	118	85	11	103	17	46	24	25	89	54	116	38	11	116	36	73	91	11	22	82	119	9	14	91	44	83	81	51	62	94	52	30	91	7	36	58	56	59	22	43	25	31	111	23	84	15	45	89	117	10	68	81	106	11	112	73	64	88	24	48	4	70	105	99	26	10	102	46	119	9	21	78	50	48	60	24	86	76	102	114	64	65	34	1	15	110	20	17	14	110	33	55	12	104	111	119	66	114	83	48	17	27	17	113	2	45	33	11	54	32	21	79	62	85	13	54	115	117	75	105	54	74	96	48	72	92	12	77	27	29	89	41	22	69	103	77	3	21	48	10	60	70	44	96	9	34	117	82	2	41	84	63	58	105	107	32	24	73	83	2	82	14	9	25	80	93	118	79	78	112	110	59	31	116	111	32	93	116	40	70	25	26	28	39	27	64	67	35	77	53	22	116	15	51	38	82	76	115	37	102	51	46	106	26	45	61	24	70	69	57	31	36	26	99	81	21	6	84	117	96	97	5	86	49	37	63	60	30	83	2	40	74	28	25	59	110	96	28	63	87	86	34	113	43	50	46	100	87	18	21	70	17	27	36	75	46	74	96	1	67	91	86	115	92	21	99	65	46	107	36	46	16	44	23	15	37	107	8	17	82	46	84	10	6	90	96	94	84	100	33	43	33	105	44	61	51	117	94	50	119	23	85	6	18	66	29	30	104	21	106	80	39	91	67	40	99	114	101	19	34	47	91	87	97	119	67	96	52	95	115	4	81	51	14	55	21	106	19	38	44	103	78	63	4	105	60	30	114	51	34	105	66	107	14	11	50	102	19	116	14	25	24	47	92	33	49	89	57	107	107	55	17	59	35	87	18	48	54	13	81	93	1	119	82	96	18	65	51	110	117	9	105	84	30	74	80	39	36	116	46	20	19	89	63	88	57	56	106	103	17	102	33	72	105	71	20	102	79	24	30	104	95	14	5	113	14	103	77	119	89	32	28	39	101	36	95	6	23	83	82	88	61	63	19	52	66	95	41	11	68	71	114	69	8	45	110	72	64	92	61	59	50	109	88	9	66	88	56	19	110	112	22	17	114	36	75	100	101	62	48	101	25	79	78	38	62	8	53	104	58	60	113	99	87	44	49	7	61	51	98	90	59	112	40	95	101	13	49	60	8	17	106	30	90	41	7	27	111	9	119	86	108	55	37	5	94	79	103	6	27	95	17	84	95	51	10	109	111	41	77	111	32	109	48	109	64	109	24	110	107	21	105	21	94	11	73	112	54	43	109	101	89	35	106	111	35	7	13	93	89	77	26	66	97	106	55	61	47	2	33	49	96	26	4	53	73	24	95	85	32	8	61	93	65	80	116	60	57	45	56	61	85	83	24	87	19	103	7	30	95	40	19	110	14	104	65	78	102	54	93	66	66	79	69	119	17	79	46	89	104	27	5	31	42	34	55	61	94	46	8	56	24	70	94	76	37	95	22	8	115	61	60	80	94	78	15	81	115	102	2	96	87	27	99	50	0	9	110	27	10	38	74	26	10	54	26	99	102	87	4	107	41	21	5	31	58	110	9	4	21	53	58	86	74	104	14	78	99	86	10	5	16	81	55	69	91	57	45	111	51	87	54	100	3	37	67	37	11	44	44	83	100	59	11	95	7	102	45	29	89	69	93	104	113	26	42	73	25	96	11	84	95	10	115	30	95	29	56	69	87	80	64	116	27	53	118	26	72	4	16	43	84	0	67	35	11	47	43	33	11	69	39	82	24	97	26	65	87	101	35	20	54	65	37	105	49	64	94	68	6	87	99	25	65	37	81	87	79	93	45	51	14	4	44	72	58	96	19	52	56	54	102	21	22	35	108	22	88	51	80	38	107	35	84	25	85	3	112	3	20	91	114	6	81	70	21	110	54	26	113	104	5	78	58	23	70	29	52	105	7	101	99	114	5	98	46	32	4	67	24	103	57	3	25	10	105	5	21	30	86	22	109	66	34	43	0	46	102	61	64	83	12	36	102	43	44	26	3	118	56	71	112	28	17	110	14	0	6	110	38	35	99	72	16	68	22	47	71	102	50	34	115	89	112	3	13	62	104	18	37	62	116	18	94	115	83	74	55	28	65	27	35	4	117	16	41	43	80	104	108	90	68	53	67	51	1	87	48	30	113	40	37	20	100	97	73	110	19	99	70	61	16	14	69	18	12	116	111	55	63	110	29	76	18	20	64	42	23	72	25	19	46	107	41	54	17	77	81	78	72	73	106	43	109	94	60	30	16	29	34	80	82	96	20	19	13	80	50	31	50	94	103	108	25	107	98	14	83	95	54	107	98	28	82	46	70	26	49	118	113	11	90	54	3	64	111	6	38	114	65	80	74	41	90	3	32	71	25	90	42	53	40	29	89	92	56	45	21	84	98	4	55	79	95	65	65	37	0	95	75	32	38	38	63	65	33	39	45	1	92	116	6	80	87	44	29	49	67	106	56	42	8	118	50	119	97	65	115	39	85	21	5	84	15	97	25	46	94	40	62	48	5	58	80	81	107	104	21	26	50	60	48	30	59	54	106	52	16	22	27	70	64	87	37	52	45	98	56	17	88	86	61	99	34	102	14	62	44	58	59	41	47	115	110	70	60	18	87	110	19	0	32	42	95	23	41	66	48	111	20	104	55	17	41	52	108	94	25	56	58	80	6	117	104	110	104	60	65	83	89	85	28	87	113	83	108	20	18	28	80	97	28	84	50	25	97	50	44	108	113	64	85	27	94	30	31	111	8	15	115	82	104	106	106	107	24	96	29	29	65	76	61	9	74	109	107	70	95	109	0	94	22	108	37	91	59	36	107	77	60	70	26	101	4	75	53	29	108	91	20	12	44	104	47	53	13	51	49	112	33	116	33	22	97	93	82	104	20	31	35	88	6	3	71	94	5	104	47	78	84	98	84	102	106	103	91	52	19	90	87	42	92	105	111	95	3	81	47	111	93	55	92	72	23	112	76	94	21	104	26	39	45	78	37	70	36	101	32	3	46	20	50	80	57	78	103	12	25	73	108	92	4	10	7	106	11	25	46	82	16	61	103	82	41	98	19	108	45	58	84	105	95	21	18	114	94	100	95	80	93	1	43	52	3	116	17	110	43	70	47	24	93	96	41	91	66	58	81	48	29	73	19	67	73	47	4	43	3	80	66	116	72	81	25	52	36	95	46	15	37	6	22	35	72	93	95	108	98	16	29	23	71	116	13	19	61	30	116	34	41	75	16	36	8	39	29	67	14	81	104	87	41	53	22	75	54	112	61	68	82	23	17	0	34	111	79	67	58	117	101	115	88	118	15	52	65	119	34	68	17	21	11	72	118	45	95	67	38	60	108	37	11	87	86	81	29	75	19	60	55	93	6	12	8	107	118	118	10	96	104	22	53	74	63	41	13	110	58	101	22	97	37	103	118	8	69	91	42	33	23	87	62	111	17	47	40	72	15	88	77	1	38	25	106	8	76	84	92	56	85	8	15	14	62	47	91	89	91	44	88	43	73	16	60	31	9	44	17	96	96	86	99	66	2	28	77	18	96	81	11	37	36	22	102	77	19	110	38	36	54	3	85	102	94	72	119	100	0	38	56	82	63	88	1	86	21	7	78	49	101	86	92	67	43	85	44	3	61	113	58	22	24	60	96	11	28	2	54	62	48	91	42	93	81	43	55	55	28	35	112	8	57	97	15	1	110	86	88	84	10	67	87	53	46	37	45	57	118	79	61	46	40	97	2	40	108	45	38	3	8	30	4	84	117	7	34	85	91	72	65	55	110	100	20	31	91	67	31	29	24	104	90	10	38	92	4	6	44	116	24	117	104	116	14	15	26	26	109	61	113	10	63	46	17	12	109	53	88	9	45	14	85	109	64	55	100	89	75	63	28	33	64	19	37	69	111	27	2	70	113	97	27	5	0	25	119	50	5	78	72	4	5	34	51	0	110	52	85	70	51	20	107	63	77	16	49	106	41	68	4	29	110	114	80	38	64	88	91	26	18	71	45	52	85	44	19	84	30	29	99	107	104	89	79	26	105	69	14	40	105	30	106	92	15	76	61	116	37	58	78	63	38	114	112	78	47	72	31	35	38	69	77	80	91	71	48	53	33	57	95	22	77	45	115	45	83	1	33	52	44	81	118	87	41	15	93	43	98	118	72	7	85	25	8	86	9	85	13	106	58	52	111	47	50	95	7	7	88	93	94	5	3	39	48	13	107	64	29	17	75	113	47	81	98	108	55	33	89	8	98	80	83	103	25	7	86	27	112	39	116	75	7	93	111	110	64	61	16	96	14	13	46	76	40	83	3	25	108	111	84	79	82	66	1	15	114	29	102	40	55	3	19	78	1	75	69	40	30	9	90	45	112	50	96	99	50	7	4	31	112	115	112	25	24	85	10	76	17	75	5	50	30	14	73	109	24	22	107	27	88	5	41	29	41	12	75	44	43	5	19	73	88	8	18	115	29	98	103	52	50	13	74	98	73	106	26	22	69	24	83	44	16	79	16	6	8	33	102	92	7	44	61	33	48	20	73	95	53	20	119	41	22	85	68	61	56	48	106	59	114	111	5	67	58	79	44	14	16	84	50	112	90	97	56	53	58	92	11	32	35	36	46	27	95	10	9	21	112	116	96	76	46	22	35	39	29	52	33	76	71	86	101	1	12	31	76	69	107	67	95	38	30	57	105	113	109	82	49	82	93	114	15	43	106	67	66	86	61	104	47	113	43	70	84	70	90	29	4	9	84	44	70	13	77	87	48	101	81	57	96	100	119	19	41	115	102	100	33	36	35	41	66	28	41	60	103	77	41	115	92	68	70	70	64	34	19	55	49	64	53	45	99	78	81	62	21	95	48	37	26	47	76	119	86	25	107	95	57	34	24	32	38	57	94	103	70	102	52	25	114	65	38	51	11	69	20	33	19	13	64	107	1	2	116	51	24	0	45	80	109	108	87	0	34	117	71	84	51	82	83	76	7	14	91	117	67	11	28	76	84	63	116	111	109	88	5	19	87	86	26	49	98	34	94	114	1	110	26	78	60	33	30	95	75	106	54	16	102	2	25	1	52	4	6	14	99	84	51	113	82	109	51	82	30	95	96	91	2	98	9	100	63	73	19	39	11	105	116	108	78	76	107	92	91	99	113	74	77	65	45	23	117	58	32	68	67	84	5	75	30	75	60	119	20	7	84	50	82	113	34	105	3	17	39	29	52	24	43	29	79	85	4	65	119	53	39	91	95	82	64	106	45	22	11	37	56	115	111	68	116	7	8	71	33	101	72	28	60	3	62	47	11	1	80	78	16	16	37	69	72	119	45	26	91	50	104	71	67	114	36	105	87	81	51	1	104	110	54	67	98	82	42	62	84	114	46	108	60	69	60	111	104	111	19	13	55	115	66	100	1	54	56	17	11	27	44	94	53	23	54	43	21	66	39	49	87	63	48	40	1	24	97	73	110	75	84	21	91	101	43	16	100	77	104	82	50	91	5	17	32	52	50	48	67	63	73	56	80	117	93	17	11	86	90	114	18	32	35	59	33	27	17	118	76	34	78	36	66	114	57	48	114	43	24	84	18	91	38	100	76	55	45	11	111	52	18	7	116	65	115	79	47	12	12	79	115	107	64	56	29	67	72	95	4	88	100	41	71	118	85	89	112	117	87	94	102	31	3	2	107	116	59	118	8	69	80	34	70	59	48	46	47	18	73	5	71	105	74	102	46	49	40	108	100	110	117	75	80	51	62	56	14	11	72	109	30	17	55	98	30	74	65	12	18	83	73	114	61	79	108	21	106	47	61	27	93	19	63	38	12	3	2	24	26	80	102	47	32	60	102	99	73	59	63	57	33	42	76	46	16	23	44	17	75	118	74	90	84	119	84	89	47	104	81	69	77	15	45	56	84	101	2	42	92	35	26	100	23	42	12	59	74	64	24	60	32	71	22	1	117	0	76	21	0	111	6	23	29	108	119	91	84	24	42	102	85	86	49	84	19	50	48	74	79	50	77	95	26	45	114	29	22	45	106	80	37	3	21	69	117	85	13	27	103	117	59	20	84	109	9	33	61	109	0	26	67	14	13	95	81	106	31	58	34	112	10	104	26	62	110	59	118	71	36	37	92	37	10	42	91	77	3	27	96	7	13	34	10	24	37	67	44	93	2	54	116	48	27	35	48	5	90	93	67	25	80	108	103	28	46	60	52	104	68	107	64	67	91	4	86	15	107	15	70	48	65	35	80	45	13	106	33	22	45	31	71	56	45	4	110	59	94	110	103	36	80	7	8	56	72	71	12	39	24	89	39	99	62	31	26	2	119	86	31	70	42	62	49	77	109	66	86	5	30	11	82	114	46	76	96	82	11	67	111	8	25	17	20	88	91	119	29	73	102	9	96	0	109	42	108	74	31	19	117	17	64	115	53	12	2	9	25	119	74	81	24	20	114	80	25	12	7	6	57	116	103	8	71	96	91	27	76	73	85	0	116	90	71	86	92	117	97	17	88	45	16	40	16	103	78	21	1	85	52	17	68	103	110	3	11	31	24	29	103	3	9	114	35	22	33	59	32	43	28	111	115	88	99	118	59	50	87	15	44	29	84	76	68	45	89	86	37	110	41	20	36	29	87	2	51	116	94	96	102	40	82	50	19	35	109	93	30	85	33	59	2	42	86	68	7	94	4	95	87	37	89	43	112	55	37	118	45	22	74	62	30	116	96	37	45	51	42	32	7	4	19	27	29	64	35	116	85	102	41	111	81	8	33	52	84	4	87	90	64	39	81	90	98	21	6	59	40	19	12	108	118	93	63	72	73	67	39	111	34	20	84	8	83	46	49	112	117	89	119	99	116	49	22	61	72	119	57	75	32	117	21	118	74	38	79	24	42	108	115	23	115	81	1	118	59	67	87	31	49	13	85	22	118	22	53	33	81	58	86	32	71	34	44	79	76	47	88	67	81	109	103	69	83	38	93	89	39	84	62	62	41	118	4	27	92	115	78	14	84	20	50	7	100	70	19	78	89	64	116	32	59	73	5	49	17	10	86	69	62	110	76	118	90	6	35	86	52	12	118	14	106	32	51	105	58	115	7	41	38	45	30	53	85	118	57	43	113	52	93	82	41	20	37	92	48	51	16	35	37	44	50	53	58	111	76	55	1	113	35	35	104	24	27	106	117	77	119	114	107	21	14	68	112	13	38	81	32	15	79	22	82	60	34	61	51	17	111	85	54	109	75	24	86	19	83	48	62	48	79	100	7	103	108	67	114	78	76	34	117	86	7	84	26	
11	15	20	14	6	12	10	14	3	12	6	19	2	13	5	1	13	4	8	10	9	10	4	13	6	12	15	1	14	3	4	19	18	3	18	19	14	15	13	10	19	2	13	5	19	14	9	6	3	11	17	13	15	8	10	15	5	16	9	18	2	14	11	6	2	13	1	8	14	3	20	6	8	20	2	12	17	7	10	15	5	19	19	13	18	15	8	6	13	18	12	7	2	1	19	10	7	3	7	20	1	5	1	14	7	15	14	6	17	13	1	14	16	15	19	4	14	19	7	7	19	13	17	1	16	3	5	16	16	5	2	12	7	16	5	1	4	13	19	13	9	2	8	9	10	19	3	14	20	10	3	8	4	3	9	18	3	5	8	18	20	6	7	14	17	11	5	8	13	20	6	18	10	3	17	3	19	13	10	14	1	2	5	19	19	20	16	15	1	8	17	16	13	6	15	1	6	20	12	4	20	6	17	11	5	18	10	2	1	5	18	6	10	19	13	20	20	10	15	1	8	11	11	15	4	6	20	17	20	5	20	14	9	1	20	18	1	10	9	9	12	6	16	19	12	10	13	2	13	18	7	12	4	4	10	19	19	16	10	18	6	16	1	20	7	5	20	1	10	19	4	10	12	8	6	8	7	1	7	16	11	6	12	4	2	9	17	16	16	6	9	16	14	4	19	7	10	6	2	17	4	13	9	19	17	3	3	4	4	6	14	11	18	6	6	17	4	17	11	18	20	12	14	11	3	20	17	18	10	2	8	16	17	12	4	10	3	1	11	11	11	4	1	15	11	5	7	5	8	4	7	7	7	20	9	5	12	13	2	9	5	4	12	7	16	6	7	13	4	16	4	8	10	7	13	20	17	1	2	6	1	17	8	9	6	10	17	16	6	7	1	4	10	3	17	3	7	1	2	6	6	12	2	13	7	8	18	18	20	10	9	17	2	7	10	16	14	4	1	11	13	2	16	4	20	6	7	20	11	18	3	19	4	13	10	3	1	13	11	4	16	16	14	12	9	19	1	1	9	12	18	7	15	6	13	16	13	5	6	9	1	16	4	4	20	14	3	5	18	17	8	1	13	14	7	14	5	1	7	4	8	9	20	12	6	5	15	11	4	15	16	3	1	3	10	8	3	8	9	15	18	17	10	13	12	20	1	6	20	18	19	20	5	15	1	14	11	6	18	9	19	11	8	9	3	4	14	20	17	15	13	20	6	9	14	17	16	7	11	13	20	1	12	16	11	14	5	15	17	17	13	8	12	16	20	3	12	1	11	6	12	11	20	16	2	20	6	1	2	12	4	15	3	2	2	1	3	6	16	4	18	12	17	12	2	7	14	2	11	2	14	10	4	13	17	19	16	4	5	12	1	3	8	6	18	4	7	10	11	19	10	16	5	9	15	19	17	20	6	18	8	20	13	7	3	10	13	15	7	20	10	7	17	6	2	11	7	13	9	1	8	10	13	14	3	19	2	19	3	13	2	9	19	19	14	9	15	20	18	15	20	20	8	6	14	9	12	1	8	7	4	10	10	3	16	14	10	11	6	13	3	15	7	18	15	12	15	16	12	3	4	17	5	18	10	14	5	14	11	12	3	18	4	11	6	13	13	18	2	15	4	8	11	2	13	3	8	18	10	16	1	4	7	19	11	17	2	11	4	3	16	19	19	10	17	2	6	20	7	15	11	5	10	7	1	6	8	17	7	20	13	13	4	1	11	7	11	17	19	13	4	10	1	4	4	15	3	9	7	15	5	1	4	3	5	12	12	15	4	12	2	20	18	15	20	11	8	8	19	10	5	8	13	13	8	10	1	5	10	9	18	1	14	1	7	5	2	1	18	16	19	15	4	11	17	11	18	19	13	6	16	17	1	6	8	10	5	16	19	19	10	12	6	18	10	3	17	6	12	3	7	17	13	8	16	1	5	9	18	1	11	8	18	16	7	13	8	9	2	1	6	11	13	6	17	17	18	12	2	2	5	17	5	9	15	5	8	12	1	6	15	20	4	8	17	11	14	20	5	20	11	20	5	13	16	13	9	19	18	11	3	3	18	11	8	10	2	15	13	1	2	19	14	5	15	17	1	10	2	17	11	15	4	12	8	4	19	4	2	6	7	2	6	13	17	14	8	16	14	17	14	2	11	17	13	2	14	19	18	15	11	6	13	16	15	2	12	12	15	5	12	13	12	6	13	12	4	6	1	15	11	17	13	5	6	1	10	20	14	6	12	9	13	5	9	9	2	20	14	17	12	11	15	2	7	8	2	5	8	3	16	6	17	10	9	8	18	5	15	7	11	13	11	4	7	13	10	3	7	11	8	15	2	2	19	7	15	10	8	14	2	5	15	19	12	15	2	9	10	2	10	3	3	9	12	2	6	5	20	9	3	15	17	19	16	12	19	7	10	12	8	13	20	5	6	2	9	7	20	19	6	1	16	6	15	9	19	10	9	3	1	6	19	2	1	2	18	16	4	7	16	7	1	5	6	16	12	6	12	13	3	18	1	13	5	11	8	3	10	9	7	15	11	10	15	17	6	7	5	8	7	4	1	16	19	7	14	18	8	17	19	19	17	2	6	16	10	15	8	18	17	10	9	3	1	8	12	18	15	13	4	5	2	19	11	14	17	6	18	13	12	4	18	6	5	14	12	4	12	8	4	7	6	16	12	12	18	9	7	2	17	10	5	8	20	20	17	19	19	20	2	18	11	18	15	5	14	17	12	13	11	4	18	19	9	6	3	19	7	19	15	7	12	12	20	12	1	15	17	3	16	5	12	19	15	6	4	13	18	18	3	1	14	7	13	4	12	16	12	14	13	9	1	13	18	16	20	7	5	9	15	19	14	2	11	3	9	2	8	12	5	1	20	19	6	1	15	4	2	2	16	6	16	17	1	4	14	4	18	1	6	7	14	4	12	4	11	19	5	15	5	11	10	5	10	5	8	12	7	14	12	16	12	19	4	11	7	8	7	16	8	8	12	15	14	2	19	15	3	8	9	9	3	16	7	10	17	13	19	8	3	9	8	3	13	1	1	17	9	9	1	6	16	12	7	3	14	13	7	6	1	7	6	4	2	17	6	12	1	1	10	5	16	8	5	4	15	7	3	20	17	7	12	5	20	5	15	5	16	10	5	3	20	14	1	7	14	20	17	11	10	7	7	3	6	5	7	5	3	19	17	1	13	18	4	16	10	11	12	4	11	7	15	5	4	6	20	16	15	3	10	15	16	1	16	18	1	3	9	15	3	12	5	6	14	2	13	13	17	2	7	19	6	17	14	20	1	12	17	18	1	3	15	8	7	17	3	19	5	14	17	18	16	6	6	5	5	3	15	14	8	10	18	20	15	20	14	11	2	6	6	1	15	1	2	10	15	6	3	4	7	1	6	7	7	5	12	12	20	13	14	1	17	19	6	2	5	12	16	12	9	1	4	13	15	19	1	9	20	11	19	18	13	6	12	16	18	1	19	8	5	4	14	4	2	9	3	12	7	14	10	6	17	2	16	10	16	19	2	13	10	18	9	9	8	4	18	2	14	5	3	18	14	20	3	9	5	16	5	20	3	8	13	13	2	15	8	12	10	7	7	18	9	13	16	17	12	14	2	17	16	3	8	20	13	13	5	6	4	1	16	13	20	7	9	1	20	10	13	7	5	13	14	12	13	14	15	18	1	14	7	14	2	6	9	4	20	7	4	9	1	18	4	18	1	3	6	5	14	15	15	4	10	11	14	5	13	2	5	12	10	3	2	20	4	17	14	17	9	12	1	15	19	6	5	12	13	11	3	5	18	16	3	3	6	7	14	2	9	16	6	17	14	16	16	19	1	1	17	6	19	15	8	19	17	7	17	15	9	4	2	3	7	11	14	4	17	18	20	3	2	13	8	2	4	15	11	13	8	15	18	6	14	4	15	10	20	6	18	13	7	1	8	1	20	8	6	6	2	9	6	4	9	11	9	20	6	7	10	2	18	6	3	4	2	9	4	11	10	1	18	6	4	7	18	17	17	7	6	18	1	20	13	12	11	6	10	8	13	10	5	14	19	8	16	4	8	15	18	5	6	14	6	9	6	12	20	3	16	8	17	12	6	9	10	2	17	18	1	5	18	17	1	19	5	20	5	8	12	14	17	17	7	13	3	12	8	6	10	18	4	14	13	3	20	2	4	16	5	3	20	7	7	2	2	8	15	16	12	1	20	10	9	2	9	17	20	5	20	1	9	6	10	17	10	2	11	9	6	7	1	13	12	18	5	8	8	7	11	9	7	3	5	15	15	20	4	1	11	14	13	14	18	15	14	9	3	10	7	4	1	13	5	14	13	7	8	16	12	2	16	8	8	7	12	2	14	1	10	13	5	10	3	1	13	4	9	3	1	9	13	5	4	14	1	16	6	15	9	14	15	5	12	14	8	15	10	8	1	13	6	16	15	4	15	11	3	12	5	9	16	4	1	9	2	8	9	14	3	7	5	5	14	16	8	9	5	6	12	10	4	3	11	4	3	8	13	3	15	5	4	3	4	3	10	11	11	7	11	7	11	3	9	9	14	6	12	9	10	16	10	14	10	14	12	3	7	14	11	16	13	2	3	11	16	12	7	13	12	10	13	10	7	5	5	3	11	14	11	15	14	2	4	3	10	6	6	13	9	13	7	8	7	12	10	3	8	1	11	15	2	7	2	8	11	5	9	14	8	9	2	4	11	11	2	11	16	14	15	12	8	5	2	5	13	15	11	16	4	12	5	11	1	2	14	15	3	11	5	5	13	7	14	14	15	6	11	6	8	5	5	16	5	15	6	11	10	7	9	4	11	8	14	3	10	9	8	7	10	14	11	6	2	13	4	11	9	4	10	10	6	5	9	10	3	10	11	8	12	10	1	10	15	2	16	8	3	13	7	13	13	13	6	5	14	14	8	9	8	15	14	1	14	9	10	2	8	15	2	14	1	5	1	3	3	3	8	11	5	8	5	16	3	15	15	4	15	7	11	3	11	8	11	13	2	3	16	1	10	11	15	9	8	9	8	11	5	16	10	6	6	15	5	2	3	15	4	9	15	1	2	9	7	9	8	14	13	10	11	13	10	16	6	11	10	1	2	1	7	5	13	3	8	16	9	1	8	12	13	11	7	3	2	3	9	9	16	2	3	11	12	9	15	11	14	9	12	9	2	3	12	14	5	7	8	13	1	15	16	8	9	1	11	2	5	13	8	11	1	3	7	1	11	4	16	7	5	15	11	9	7	9	5	9	14	3	15	11	4	6	5	1	7	12	12	11	1	2	7	10	14	3	3	1	13	16	4	8	5	4	4	8	12	14	13	3	8	10	10	5	16	4	14	10	14	6	15	12	5	3	5	11	5	14	15	11	4	1	9	12	13	4	10	12	12	13	5	2	3	16	8	12	14	2	14	9	4	12	10	3	10	4	6	16	9	12	6	15	12	11	16	9	13	1	14	8	12	7	3	6	1	16	3	16	2	2	5	9	1	12	12	7	8	4	13	16	1	7	16	11	10	10	15	13	5	1	8	16	16	9	3	6	1	14	5	7	12	9	11	12	14	1	12	11	3	13	16	16	9	10	13	4	14	11	1	4	10	9	12	1	2	15	10	15	1	14	4	6	13	10	10	14	7	4	13	9	9	13	9	10	14	6	13	8	14	12	4	7	12	9	1	2	7	4	5	8	8	1	15	14	5	13	11	9	15	16	3	2	2	7	4	8	13	10	3	15	14	12	2	8	10	11	15	8	7	12	16	3	2	7	9	2	13	7	12	10	16	8	15	2	6	12	10	3	7	6	14	9	4	12	6	6	7	9	10	8	5	3	2	7	4	1	9	2	9	1	5	4	9	12	7	4	2	13	7	5	14	6	9	3	15	15	12	6	12	12	4	14	2	11	3	4	6	13	7	16	14	12	7	15	5	13	7	6	4	2	8	1	9	6	4	10	2	5	15	16	11	1	16	1	2	5	6	16	5	1	7	4	11	16	5	16	5	16	2	7	15	15	9	8	5	9	8	8	1	16	8	9	15	4	12	9	14	11	7	7	15	10	5	13	12	4	14	2	5	13	9	6	7	15	13	2	10	6	13	13	12	12	16	4	3	6	8	8	7	15	6	8	12	5	13	5	1	1	11	12	10	4	3	15	11	13	5	3	8	16	7	4	12	13	13	3	4	13	13	7	10	5	13	8	12	3	16	16	16	6	16	3	2	10	10	5	15	4	9	6	8	12	11	8	11	7	13	4	1	1	3	12	14	6	15	11	14	11	1	11	11	15	11	16	15	1	8	2	5	2	9	13	11	3	10	7	12	3	11	8	7	11	6	13	15	6	5	8	9	16	8	13	16	2	5	9	8	4	1	8	7	10	10	16	6	15	16	11	8	8	15	12	3	12	1	15	13	16	2	11	3	8	10	8	9	7	6	4	16	1	8	7	10	16	4	8	14	15	9	6	3	15	10	2	1	12	5	7	9	11	15	15	10	14	5	15	15	12	2	8	4	5	13	11	2	3	13	6	10	6	4	6	3	11	4	8	7	4	6	6	10	13	1	8	16	16	12	14	11	11	13	8	6	8	3	9	6	9	6	2	9	6	11	16	12	12	2	12	2	1	2	4	13	14	2	10	1	5	14	6	16	5	9	10	5	2	15	3	8	6	14	16	7	12	8	7	13	11	5	9	1	3	8	3	5	15	3	7	16	9	12	8	8	10	14	11	2	2	4	12	15	3	3	8	13	13	15	4	14	3	6	6	2	4	11	5	7	4	15	1	15	14	7	5	9	2	8	2	4	14	16	13	14	5	14	2	15	16	10	16	7	12	3	1	12	14	5	2	16	5	15	10	15	6	3	5	11	3	16	2	5	14	1	7	10	3	3	14	7	16	16	14	3	12	13	14	15	14	11	15	14	7	1	11	13	7	15	7	9	7	12	11	10	1	12	15	16	5	1	5	16	14	9	14	2	16	10	11	12	6	8	10	6	1	9	15	4	6	12	6	14	14	13	5	5	10	2	1	15	13	1	5	8	15	3	11	10	10	13	7	1	6	5	9	7	11	15	8	6	10	8	16	2	12	10	15	10	9	10	6	9	6	14	7	15	10	7	15	14	3	1	15	11	6	1	7	7	14	11	9	5	1	13	9	2	10	11	2	14	13	12	4	16	3	4	8	7	5	13	5	2	9	2	16	15	9	3	9	14	4	12	15	1	6	16	15	16	5	3	3	6	4	16	15	11	7	15	2	16	6	15	4	4	9	3	6	12	4	10	7	11	6	5	11	3	12	10	14	11	2	13	3	14	16	1	16	8	8	16	15	10	8	16	9	5	10	5	2	4	2	10	1	3	5	14	14	10	12	15	12	3	6	6	7	1	7	9	3	6	8	7	16	8	16	3	11	12	3	3	1	15	15	8	11	3	15	13	9	4	10	5	14	1	8	14	4	6	13	14	5	8	15	10	2	3	16	13	3	8	13	5	1	9	3	7	12	3	8	10	16	5	11	1	2	2	4	5	12	14	12	4	3	10	3	9	7	8	5	2	1	16	3	11	1	15	7	15	12	11	7	5	14	14	1	11	12	5	16	14	1	4	5	10	16	14	15	11	5	13	12	13	3	11	3	11	1	4	12	6	10	4	7	12	13	7	12	4	12	2	12	8	10	6	14	3	6	16	13	16	8	16	1	13	1	16	13	13	5	6	2	12	10	14	16	1	13	3	4	15	14	14	9	7	5	1	11	11	2	1	2	11	15	13	3	6	5	14	11	10	10	3	10	6	10	1	12	14	15	3	8	11	15	10	15	2	9	4	6	3	9	2	3	10	9	10	16	14	4	14	10	2	10	14	5	4	2	1	4	10	9	13	10	2	14	13	13	11	3	2	9	15	6	15	9	15	16	9	16	4	4	12	2	12	7	3	4	11	11	5	1	12	7	10	1	5	14	3	7	16	14	6	4	7	7	14	4	16	8	8	15	3	9	3	10	12	3	13	12	16	14	2	8	7	10	14	13	9	13	12	1	10	9	7	5	7	12	8	15	10	3	1	1	10	6	10	9	11	14	8	13	5	13	16	16	5	7	16	10	5	4	13	10	11	13	
730	520	500	350	520	930	780	990	110	1000	850	530	470	100	240	150	310	310	710	240	630	650	210	530	460	970	600	300	940	890	970	840	230	960	430	950	570	540	130	870	320	580	210	860	850	210	970	740	680	190	190	610	470	960	930	900	610	360	990	280	270	260	980	820	700	960	610	960	350	500	640	470	770	490	900	320	240	480	550	870	660	980	390	860	430	360	650	520	690	440	520	860	900	360	270	780	470	580	380	700	320	580	100	350	300	750	770	580	160	620	970	700	660	420	150	990	860	660	940	750	950	510	620	250	730	580	460	560	670	940	680	110	110	900	360	470	130	710	180	530	160	510	370	430	650	680	120	320	520	280	970	200	730	740	630	110	490	570	460	330	570	920	910	660	710	660	170	500	720	140	520	360	860	550	320	210	810	700	790	860	580	960	130	690	640	430	250	680	710	820	990	480	160	450	380	430	470	390	830	330	700	140	990	880	220	870	430	150	740	760	430	180	550	300	100	290	140	480	680	700	430	320	250	180	730	160	550	130	880	150	500	550	980	980	790	290	570	300	910	420	500	830	560	270	890	450	810	150	780	350	160	450	940	520	560	930	970	530	170	450	730	570	720	820	500	700	330	240	790	300	530	720	700	470	840	730	570	200	1000	770	370	670	230	500	220	170	650	590	600	300	710	980	630	460	250	830	640	620	340	270	400	520	680	550	960	310	400	560	890	840	840	980	850	220	460	130	850	990	120	190	940	220	240	520	240	420	540	720	390	520	170	300	950	520	410	770	520	480	930	870	220	490	950	580	970	710	690	450	1000	460	790	650	810	970	480	870	150	880	910	650	180	480	790	760	290	430	290	780	410	410	580	650	420	190	380	190	160	480	610	430	110	180	690	340	490	380	240	260	600	910	200	220	410	250	810	540	810	330	880	530	500	440	300	880	820	960	320	790	330	520	470	270	970	400	830	460	820	280	610	650	750	850	500	290	320	840	340	580	920	160	400	330	1000	520	290	690	590	140	780	760	700	940	320	870	990	590	770	540	570	820	130	740	920	750	550	290	100	260	940	920	670	220	830	960	510	390	760	700	420	140	510	850	840	650	620	320	120	890	820	360	470	590	710	330	220	280	170	160	670	950	700	630	250	830	170	230	380	690	290	280	210	990	720	660	350	110	530	370	790	180	130	200	990	950	240	800	620	550	740	100	790	810	130	580	410	340	720	990	140	640	760	640	630	430	880	380	590	960	520	310	860	600	590	100	270	420	830	610	200	470	530	390	560	720	700	1000	150	990	740	730	930	120	190	230	260	500	590	210	320	750	670	970	480	360	320	480	630	410	700	610	210	260	810	930	240	770	210	460	590	110	160	240	990	700	340	230	790	150	460	790	430	170	870	910	150	510	770	340	440	300	900	450	540	650	610	800	160	520	890	560	640	730	180	820	760	670	440	400	380	970	480	890	220	710	510	130	100	180	290	170	960	820	130	320	980	930	180	640	390	610	760	800	140	550	210	730	600	690	120	740	180	350	620	200	330	180	820	240	440	900	120	850	280	190	410	930	390	210	310	960	580	180	880	600	620	260	160	960	540	930	250	420	270	400	1000	590	790	580	190	470	430	280	490	550	230	250	800	450	500	660	230	250	740	330	610	110	330	800	260	890	730	600	230	480	730	140	860	330	850	220	410	830	980	990	530	400	980	220	520	850	660	490	130	240	970	180	760	230	280	550	540	360	450	720	920	1000	760	680	160	460	680	930	850	620	540	430	450	410	720	200	610	450	880	640	150	330	590	750	720	370	570	510	240	670	600	420	730	400	510	320	1000	240	360	270	590	760	930	680	140	720	790	670	880	220	760	340	390	790	920	140	390	940	660	860	360	410	840	710	140	630	440	630	690	580	880	580	390	480	520	780	710	420	420	170	750	760	550	770	340	520	820	930	850	230	660	490	110	690	860	290	340	780	940	180	390	690	140	870	200	100	290	280	820	910	910	820	700	800	480	450	330	840	1000	600	500	400	210	890	130	410	380	810	330	230	730	740	520	560	260	280	220	760	270	580	230	670	970	110	370	310	540	1000	980	330	520	710	450	700	260	240	310	210	640	760	190	630	660	310	250	520	630	970	560	670	770	850	670	500	1000	800	920	780	790	610	370	800	440	360	800	260	850	580	590	210	860	290	100	370	730	970	730	690	630	520	550	760	270	340	440	660	980	170	620	610	360	430	570	620	910	600	820	940	480	190	320	450	260	490	910	300	320	810	170	210	260	590	150	330	490	950	610	220	300	280	390	820	310	390	610	840	150	610	530	210	930	950	510	220	820	510	240	710	240	980	500	170	560	590	430	260	740	110	310	190	680	220	510	530	780	790	750	580	210	560	110	910	610	310	270	470	680	450	640	260	600	170	210	890	950	680	300	830	790	650	710	830	250	700	310	230	280	970	490	940	960	810	100	720	150	390	180	850	340	210	250	240	410	810	290	330	350	350	740	910	240	270	130	660	230	670	710	360	150	590	490	960	920	990	810	330	210	1000	220	540	370	140	850	740	570	980	940	200	310	560	410	840	100	820	750	440	940	700	790	240	370	480	780	640	930	930	900	350	680	760	360	900	900	850	810	270	420	970	220	940	940	430	840	180	1000	830	270	690	240	680	490	600	570	900	590	960	250	100	500	200	940	330	760	360	660	260	950	860	690	270	420	990	940	730	770	100	340	950	930	240	300	390	640	910	200	810	710	690	500	220	180	160	460	210	630	820	770	990	850	240	270	490	760	310	430	270	990	830	920	470	520	520	520	510	200	290	250	170	180	750	490	860	960	370	210	460	760	220	570	180	860	690	690	420	630	820	1000	200	700	720	280	800	720	340	760	190	640	320	460	170	410	390	360	410	170	250	500	780	150	290	150	730	870	800	570	650	750	230	310	850	710	510	980	730	370	740	580	100	870	880	780	220	330	800	740	770	900	210	760	680	980	540	130	480	380	430	270	930	370	130	810	220	200	960	630	900	430	290	640	110	530	780	790	1000	470	650	400	500	890	730	610	680	150	640	200	140	910	900	460	640	120	320	340	740	620	980	650	120	470	390	560	730	1000	520	180	140	570	590	680	270	690	580	700	400	940	170	790	140	380	280	740	560	470	400	420	200	720	150	720	720	140	770	910	600	260	760	370	250	260	280	430	700	110	310	650	450	340	780	830	280	150	740	860	290	310	920	630	970	210	790	440	600	130	120	480	330	520	150	220	860	990	210	160	420	590	510	120	530	720	210	750	1000	860	270	360	290	940	570	740	1000	620	880	480	350	840	900	680	530	750	180	220	750	680	950	530	130	790	830	550	180	880	860	310	170	420	350	730	420	420	970	360	740	540	920	360	350	260	870	350	900	430	520	970	470	690	420	170	260	350	920	770	1000	320	570	860	240	190	480	820	140	970	810	890	720	670	570	750	550	660	670	930	150	180	890	250	620	680	930	650	520	890	460	320	870	650	830	400	810	740	480	220	140	390	560	370	790	560	400	340	310	860	810	190	630	570	890	560	810	440	400	740	620	160	990	840	160	680	370	280	610	860	840	370	960	310	970	950	430	860	980	710	420	510	110	610	140	320	160	570	760	430	230	870	240	510	210	960	470	800	680	180	310	290	380	110	380	370	690	580	240	370	150	470	480	140	880	820	280	140	190	880	990	390	160	880	750	760	580	340	590	730	430	690	380	310	440	940	920	130	230	770	910	470	300	290	120	310	950	650	670	420	730	180	280	850	190	850	170	790	490	260	700	820	130	150	230	820	580	390	260	690	990	230	400	160	780	300	180	200	410	130	420	860	910	550	430	480	640	220	950	990	200	210	680	810	470	280	180	370	810	590	520	930	840	960	160	230	490	170	860	600	960	800	640	950	860	670	460	260	290	160	610	720	370	140	560	120	630	860	130	450	640	1000	690	1000	850	340	340	550	940	810	250	650	330	820	560	680	690	180	620	770	540	520	430	780	380	310	360	100	180	740	720	890	950	500	750	880	340	760	550	670	250	510	590	170	1000	330	130	190	860	300	400	310	800	720	580	760	910	980	960	490	250	880	540	110	690	160	440	780	200	810	520	820	540	300	110	830	690	810	620	330	310	310	390	350	230	430	880	720	940	390	290	180	390	450	790	770	760	950	700	570	970	800	210	220	360	700	150	110	280	800	720	220	270	510	930	340	560	180	830	940	530	440	130	290	500	380	850	220	560	1000	640	310	910	680	470	750	700	880	850	720	1000	420	650	730	750	920	310	350	140	820	630	510	770	410	840	980	840	940	740	570	920	470	470	220	1000	800	690	810	810	960	570	150	950	510	520	350	170	880	120	460	600	270	310	550	580	400	130	390	710	520	110	280	590	170	890	300	120	380	180	730	670	780	270	240	240	500	830	220	460	100	110	830	190	240	820	590	810	170	830	640	920	130	180	930	860	500	180	350	740	310	750	530	310	640	630	490	360	1000	890	700	910	230	780	210	330	780	370	460	360	640	340	910	840	790	300	500	640	480	720	780	760	320	450	350	630	760	340	340	1000	160	420	100	770	280	580	610	850	870	920	230	380	300	880	240	520	940	800	900	400	580	970	410	240	160	870	800	210	390	170	580	770	880	200	830	830	450	800	360	110	510	130	250	600	450	330	280	250	550	250	100	320	340	810	300	910	850	650	330	120	930	950	750	450	880	610	860	590	650	580	920	730	530	120	330	470	270	380	1000	610	680	510	600	330	700	640	140	300	330	680	370	240	470	670	340	670	550	340	920	900	350	320	990	550	360	610	180	160	910	280	600	190	580	800	500	690	530	360	190	370	450	700	780	590	970	540	540	780	170	350	460	820	820	540	240	810	560	330	290	730	120	630	330	110	760	270	660	880	910	310	250	420	220	230	330	300	920	790	500	560	260	270	260	980	720	110	990	170	850	410	280	450	480	510	160	390	660	560	340	910	420	360	500	130	630	710	610	690	730	670	480	520	920	810	680	770	660	460	270	420	800	880	290	970	600	490	810	370	490	560	560	420	970	330	480	130	400	500	100	620	730	420	130	310	650	870	330	470	430	860	760	240	860	410	820	450	800	350	310	110	110	860	870	150	360	960	540	530	990	890	320	870	710	180	760	660	990	120	1000	270	160	980	350	700	480	920	900	320	350	150	960	150	380	260	710	780	840	910	120	880	480	510	420	130	220	670	510	550	550	590	260	150	740	610	190	650	490	560	630	640	600	430	700	870	360	670	600	460	810	900	130	960	440	490	380	570	1000	500	960	550	770	830	600	980	640	570	340	760	790	520	990	980	610	160	390	300	370	210	910	210	170	310	390	220	680	850	650	930	130	230	580	200	790	320	330	460	710	220	260	140	860	320	800	500	220	640	120	120	990	810	320	470	330	500	560	580	330	420	320	500	830	330	530	910	100	990	300	470	210	170	770	700	920	170	310	720	810	590	620	930	980	910	460	360	850	630	130	260	540	830	460	210	1000	410	860	740	590	920	630	990	620	890	450	680	440	470	100	640	520	470	490	410	100	150	550	250	490	640	160	720	600	540	590	160	920	940	450	620	880	650	860	1000	600	110	780	560	370	620	610	490	670	560	730	720	180	710	980	580	120	770	130	770	970	880	270	240	740	230	170	170	580	760	620	200	140	920	480	530	380	890	820	440	470	190	830	580	780	850	540	920	560	500	400	450	850	570	710	150	410	130	780	640	630	260	170	360	910	410	480	810	610	520	290	600	910	520	400	730	590	250	590	390	440	210	360	350	370	180	660	940	270	400	270	560	110	310	700	770	260	780	360	170	880	170	100	900	800	910	410	970	680	500	680	350	850	990	420	280	130	690	240	140	820	990	160	660	700	760	740	700	410	150	870	760	800	630	350	230	240	490	210	410	770	670	800	340	350	330	690	220	120	180	960	840	580	800	960	820	790	200	730	730	920	410	350	520	220	110	510	470	470	590	270	480	170	100	850	220	490	520	730	860	800	990	540	670	310	780	440	680	150	420	930	940	710	430	510	880	860	360	850	450	780	1000	260	550	670	510	540	460	550	480	630	750	840	520	670	240	880	740	470	310	750	950	890	190	510	730	280	810	260	110	410	500	170	390	470	200	220	310	200	960	750	400	610	370	380	240	980	880	890	950	850	550	860	710	910	860	850	670	780	770	570	330	150	620	800	280	650	700	140	140	320	720	740	450	680	160	100	580	780	750	820	100	150	340	830	260	910	510	400	720	840	490	760	370	680	170	250	640	590	430	880	260	520	710	800	400	880	180	770	850	690	220	1000	120	1000	240	740	250	690	620	950	260	170	800	740	350	680	770	220	790	970	440	800	920	960	540	460	810	870	380	780	780	470	320	220	690	590	940	480	170	330	610	160	180	480	470	260	190	350	910	520	210	710	810	560	160	950	690	630	630	900	810	130	370	710	240	930	120	610	200	980	180	140	710	260	110	500	590	140	980	700	910	330	990	980	890	230	570	430	750	430	550	650	600	410	430	150	660	590	430	620	280	860	480	760	310	290	210	660	630	810	580	990	440	440	290	960	210	600	100	610	900	430	380	190	590	570	210	250	460	960	690	110	550	820	120	240	380	810	600	690	180	540	380	770	750	660	360	380	740	600	970	300	950	720	590	320	230	760	710	270	380	900	770	500	440	370	890	960	340	430	770	150	950	510	650	720	790	850	790	840	810	640	850	600	320	680	470	970	620	820	490	410	830	110	820	480	270	360	220	220	340	460	980	970	600	230	490	840	280	510	950	140	340	100	500	140	950	300	700	640	780	380	430	680	850	260	460	540	180	370	270	740	350	660	950	350	220	920	800	910	530	240	480	780	400	510	160	680	990	980	500	680	760	140	730	830	610	970	740	750	830	830	590	630	910	890	530	110	960	490	140	470	990	720	850	590	830	960	960	610	870	260	390	710	870	250	720	240	130	990	880	460	390	500	400	270	830	920	310	500	600	580	870	990	980	450	180	510	720	940	580	540	840	890	370	860	950	130	550	380	970	370	170	920	670	250	710	220	740	460	380	980	190	440	990	650	370	230	760	240	360	400	460	540	110	560	660	370	560	570	270	740	930	690	830	920	930	940	200	570	420	630	850	640	490	260	790	490	110	970	150	700	780	790	100	820	560	780	620	540	760	130	690	830	810	510	710	940	370	810	330	470	1000	570	990	970	310	780	400	420	410	500	250	220	210	960	110	160	390	740	130	780	400	370	670	330	540	180	760	600	470	310	120	720	580	160	440	910	990	940	780	150	920	690	330	280	600	320	410	660	730	940	830	310	220	250	120	970	380	590	690	880	930	790	260	860	690	140	750	700	390	460	380	360	420	620	920	460	540	240	310	290	910	450	540	530	720	350	760	550	170	350	520	630	730	830	860	380	260	880	180	220	310	410	750	870	500	920	430	520	660	700	440	270	330	300	610	370	450	280	730	140	650	710	960	880	420	490	650	540	770	240	630	820	750	370	370	920	220	270	380	560	670	640	980	220	680	900	740	270	290	550	420	620	760	320	980	470	730	170	930	200	220	180	130	230	530	310	530	970	670	550	940	570	530	100	660	730	190	440	640	860	660	940	840	320	130	240	560	910	360	880	200	890	190	900	830	360	180	570	230	540	380	360	780	680	540	620	240	500	720	980	300	650	270	180	220	500	380	740	250	410	750	960	200	330	960	1000	560	670	330	750	230	520	750	770	160	740	950	760	770	230	830	470	720	440	550	560	140	340	700	600	390	800	930	930	320	970	640	640	360	910	970	450	210	400	980	110	780	550	880	420	840	180	180	430	280	940	490	950	380	890	220	760	470	400	570	870	470	770	810	220	100	610	470	620	810	270	350	860	910	570	140	700	230	610	150	370	850	110	400	950	940	950	800	880	970	360	620	900	390	120	770	640	790	400	420	230	840	640	940	130	150	820	730	740	150	460	770	990	570	420	860	310	230	510	920	850	520	820	950	270	530	790	580	230	670	790	400	140	920	960	490	950	650	800	430	120	460	600	540	650	510	110	890	400	270	510	640	190	270	220	440	700	420	600	320	700	590	360	610	520	120	790	360	830	900	320	780	170	480	450	250	1000	630	740	770	140	950	110	870	850	840	490	970	820	140	660	880	370	170	350	490	840	270	300	1000	880	680	730	540	690	550	
1
