4998
120
3
70
0	0	0	0	0	192	0	0	0	0	0	0	0	0	0	0	0	0	0	192	0	0	0	0	0	0	0	0	0	0	192	0	0	0	0	0	0	0	0	0	0	0	0	0	0	0	0	0	0	0	0	0	0	0	0	0	0	0	0	0	0	0	0	0	0	0	0	0	0	0	0	0	0	0	0	0	0	0	0	0	0	0	0	0	0	0	0	0	0	0	0	0	0	0	0	0	0	0	192	0	0	0	0	0	0	0	0	0	0	0	192	0	0	0	0	0	0	0	0	0	
0	0	0	0	0	0	0	0	0	0	0	0	0	0	0	0	0	0	0	0	0	0	0	0	0	0	0	0	0	0	0	0	0	0	0	0	0	0	192	0	0	0	0	0	0	0	0	0	0	0	0	0	0	0	0	0	0	0	0	0	0	192	0	0	0	0	0	0	0	0	0	0	0	0	0	0	0	0	0	0	192	0	0	0	0	0	0	0	0	0	0	0	0	0	0	0	0	0	0	0	0	0	0	0	0	0	0	0	0	0	0	0	0	0	0	0	0	0	0	0	
0	0	0	0	0	0	0	0	0	0	0	0	0	0	0	0	0	0	0	0	0	0	0	0	0	0	0	0	0	0	0	0	0	0	0	0	0	0	0	0	0	0	0	0	0	192	0	0	0	0	0	0	0	0	0	0	0	0	0	0	0	0	0	0	0	0	0	0	0	0	0	0	0	0	0	0	0	0	0	0	0	0	0	0	0	0	0	0	0	0	0	0	0	0	192	0	0	0	0	0	0	0	0	0	0	0	0	192	0	0	0	0	0	0	0	0	0	0	0	0	
0	0	0	0	0	0	0	0	0	0	0	0	0	0	0	0	0	0	0	0	0	0	0	0	0	0	0	0	0	0	0	0	0	0	0	0	0	0	0	0	0	0	0	0	0	0	0	0	0	0	0	0	0	0	0	0	0	0	0	0	0	0	0	0	0	0	0	0	0	0	192	0	0	0	0	0	0	0	0	192	0	0	0	0	0	0	0	0	0	0	0	0	0	0	0	0	0	0	0	0	0	0	0	0	0	0	192	0	0	0	0	0	0	0	0	0	0	0	0	0	
0	0	0	0	0	0	0	0	0	0	0	0	0	0	0	0	0	192	0	0	0	0	192	0	0	0	0	0	0	0	0	0	0	0	0	0	0	0	0	0	0	0	0	0	0	0	0	0	0	0	0	0	0	0	0	0	0	0	0	0	0	0	0	0	0	0	0	0	0	0	0	0	0	0	0	0	0	0	0	0	0	0	0	0	0	192	0	0	0	0	0	0	0	0	0	0	0	0	0	0	0	0	0	0	0	0	0	0	0	0	0	0	0	0	0	0	0	0	0	0	
192	0	0	0	0	0	0	0	0	0	0	0	0	0	0	0	0	0	0	0	0	0	0	0	0	0	0	0	192	0	0	0	0	0	0	0	0	0	0	0	0	0	0	0	0	0	0	0	0	0	0	0	0	0	0	0	0	0	0	0	0	0	0	0	0	0	0	0	0	0	0	0	0	0	0	0	0	0	0	0	0	0	0	0	0	0	0	0	0	0	0	0	0	0	0	0	0	0	192	0	0	0	0	0	0	0	0	0	0	0	0	0	0	0	0	0	0	0	0	0	
0	0	0	0	0	0	0	0	0	0	0	0	0	0	0	0	0	0	0	0	0	0	0	192	0	0	0	0	0	0	0	0	0	0	0	0	0	0	0	0	0	0	0	0	0	0	0	0	0	0	0	0	0	0	0	0	0	0	0	0	0	0	0	0	0	0	0	0	0	0	0	0	0	0	0	192	0	0	0	0	0	0	0	0	0	0	0	0	0	0	0	0	0	0	0	0	192	0	0	0	0	0	0	0	0	0	0	0	0	0	0	0	0	0	0	0	0	0	0	0	
0	0	0	0	0	0	0	0	0	0	0	0	0	0	0	0	0	0	0	0	0	0	0	0	0	0	0	0	192	0	0	0	0	0	0	0	0	0	0	0	0	0	0	0	0	0	0	0	0	0	0	0	192	0	0	0	0	0	0	0	0	0	0	0	0	0	0	0	0	0	0	0	0	0	0	0	0	0	0	0	0	0	0	0	0	0	0	0	0	0	0	0	0	0	0	0	0	0	192	0	0	0	0	0	0	0	0	0	0	0	0	0	0	0	0	0	0	0	0	0	
0	0	0	0	0	0	0	0	0	0	0	0	0	0	0	0	0	0	0	0	0	0	0	0	0	192	0	0	0	0	0	0	0	0	0	0	0	0	0	0	0	0	0	0	0	0	0	0	0	0	0	0	0	0	0	0	0	192	0	0	0	0	0	0	0	0	0	0	192	0	0	0	0	0	0	0	0	0	0	0	0	0	0	0	0	0	0	0	0	0	0	0	0	0	0	0	0	0	0	0	0	0	0	0	0	0	0	0	0	0	0	0	0	0	0	0	0	0	0	0	
0	0	0	0	0	0	0	0	0	0	0	0	0	0	0	0	0	0	0	0	0	0	0	0	0	0	0	0	0	0	0	0	0	0	0	0	0	0	0	0	0	0	0	192	0	0	0	0	0	0	0	0	0	0	0	0	0	0	0	0	0	0	0	0	0	0	0	0	0	0	0	0	0	0	0	0	0	0	0	0	0	0	0	0	0	0	0	0	0	0	192	0	192	0	0	0	0	0	0	0	0	0	0	0	0	0	0	0	0	0	0	0	0	0	0	0	0	0	0	0	
0	0	0	0	0	0	0	0	0	0	0	0	0	0	0	0	0	0	0	0	0	0	0	0	0	0	0	0	0	0	0	0	0	0	0	0	0	0	0	0	192	0	0	0	0	0	0	0	0	0	0	192	0	0	0	0	0	0	0	0	0	0	192	0	0	0	0	0	0	0	0	0	0	0	0	0	0	0	0	0	0	0	0	0	0	0	0	0	0	0	0	0	0	0	0	0	0	0	0	0	0	0	0	0	0	0	0	0	0	0	0	0	0	0	0	0	0	0	0	0	
0	0	0	0	0	0	0	0	0	0	0	0	0	0	0	0	192	0	0	0	0	0	0	0	0	0	0	0	0	0	0	0	0	0	0	0	0	0	0	0	0	0	0	0	0	0	0	0	0	0	0	0	0	0	0	0	0	0	0	0	0	192	0	192	0	0	0	0	0	0	0	0	0	0	0	0	0	0	0	0	0	0	0	0	0	0	0	0	0	0	0	0	0	0	0	0	0	0	0	0	0	0	0	0	0	0	0	0	0	0	0	0	0	0	0	0	0	0	0	0	
0	0	0	0	0	0	0	0	0	0	0	0	0	0	192	0	0	0	0	0	0	0	0	0	0	0	0	0	0	0	0	0	0	0	0	0	0	0	0	0	0	0	0	0	0	0	0	0	0	0	0	0	0	0	0	0	0	0	0	0	0	0	0	0	192	0	0	0	0	0	0	192	0	0	0	0	0	0	0	0	0	0	0	0	0	0	0	0	0	0	0	0	0	0	0	0	0	0	0	0	0	0	0	0	0	0	0	0	0	0	0	0	0	0	0	0	0	0	0	0	
0	0	0	0	0	0	0	0	0	0	0	0	0	0	0	192	0	0	0	0	0	0	0	0	0	0	0	0	0	0	0	0	0	0	0	0	0	0	0	0	0	0	0	0	0	0	0	0	0	0	0	0	0	192	0	0	0	0	0	0	0	0	0	0	0	0	0	0	0	192	0	0	0	0	0	0	0	0	0	0	0	0	0	0	0	0	0	0	0	0	0	0	0	0	0	0	0	0	0	0	0	0	0	0	0	0	0	0	0	0	0	0	0	0	0	0	0	0	0	0	
0	0	0	0	0	0	0	0	0	0	0	0	192	0	0	0	0	0	192	0	0	0	0	0	0	0	0	0	0	0	0	0	0	0	0	0	0	0	0	0	0	0	0	0	0	0	0	192	0	0	0	0	0	0	0	0	0	0	0	0	0	0	0	0	0	0	0	0	0	0	0	0	0	0	0	0	0	0	0	0	0	0	0	0	0	0	0	0	0	0	0	0	0	0	0	0	0	0	0	0	0	0	0	0	0	0	0	0	0	0	0	0	0	0	0	0	0	0	0	0	
0	0	0	0	0	0	0	0	0	0	0	0	0	192	0	0	0	0	0	0	0	0	0	0	0	0	0	0	0	0	0	0	0	0	0	0	0	0	0	0	0	0	0	0	0	0	0	0	0	0	0	0	0	192	0	0	0	0	0	0	0	0	0	0	0	0	0	0	0	192	0	0	0	0	0	0	0	0	0	0	0	0	0	0	0	0	0	0	0	0	0	0	0	0	0	0	0	0	0	0	0	0	0	0	0	0	0	0	0	0	0	0	0	0	0	0	0	0	0	0	
0	0	0	0	0	0	0	0	0	0	0	192	0	0	0	0	0	0	0	0	0	0	0	0	0	0	0	0	0	0	0	0	0	0	0	0	0	0	0	0	0	0	0	0	0	0	0	0	0	192	0	0	0	0	192	0	0	0	0	0	0	0	0	0	0	0	0	0	0	0	0	0	0	0	0	0	0	0	0	0	0	0	0	0	0	0	0	0	0	0	0	0	0	0	0	0	0	0	0	0	0	0	0	0	0	0	0	0	0	0	0	0	0	0	0	0	0	0	0	0	
0	0	0	0	192	0	0	0	0	0	0	0	0	0	0	0	0	0	0	0	0	0	0	0	0	0	0	0	0	0	0	0	0	0	0	0	0	0	0	0	192	0	0	0	0	0	0	0	0	0	0	0	0	0	0	0	0	0	0	0	0	0	0	0	0	0	0	0	0	0	0	0	0	0	0	0	0	0	0	0	0	0	0	0	0	192	0	0	0	0	0	0	0	0	0	0	0	0	0	0	0	0	0	0	0	0	0	0	0	0	0	0	0	0	0	0	0	0	0	0	
0	0	0	0	0	0	0	0	0	0	0	0	0	0	192	0	0	0	0	0	0	0	0	0	0	0	0	0	0	0	0	0	0	0	0	0	0	0	0	0	0	0	0	0	0	0	0	192	0	0	0	0	0	0	0	0	0	0	0	0	0	0	0	0	0	0	0	192	0	0	0	0	0	0	0	0	0	0	0	0	0	0	0	0	0	0	0	0	0	0	0	0	0	0	0	0	0	0	0	0	0	0	0	0	0	0	0	0	0	0	0	0	0	0	0	0	0	0	0	0	
192	0	0	0	0	0	0	0	0	0	0	0	0	0	0	0	0	0	0	0	0	0	0	0	0	0	0	0	0	0	0	0	0	0	0	0	0	0	0	0	0	0	0	0	0	0	0	0	0	0	0	0	0	0	0	0	192	0	0	0	0	0	0	0	0	0	192	0	0	0	0	0	0	0	0	0	0	0	0	0	0	0	0	0	0	0	192	0	0	0	0	0	0	0	0	0	0	0	0	0	0	0	0	0	0	0	0	0	0	0	0	0	0	0	0	0	0	0	0	0	
0	0	0	0	0	0	0	0	0	0	0	0	0	0	0	0	0	0	0	0	0	0	0	0	0	0	0	0	0	0	0	0	0	0	0	0	0	0	0	0	0	0	0	0	0	192	0	0	0	0	0	0	0	0	0	0	0	0	192	0	0	0	0	0	0	0	0	0	0	0	0	0	0	0	0	0	0	0	0	0	0	0	0	0	0	0	0	0	0	0	0	0	0	0	0	0	0	0	0	0	0	0	0	0	0	0	0	0	0	0	0	0	0	0	0	0	192	0	0	0	
0	0	0	0	0	0	0	0	0	0	0	0	0	0	0	0	0	0	0	0	0	0	0	0	0	0	0	0	0	0	0	0	0	0	0	0	192	0	0	0	0	0	0	0	0	0	0	0	0	0	0	0	0	0	0	0	0	0	0	0	0	0	0	0	0	0	0	0	0	0	0	0	0	0	192	0	0	0	0	0	0	0	0	0	0	0	0	0	0	0	0	0	0	0	0	0	0	0	0	0	0	0	0	0	0	0	0	0	0	0	0	0	0	192	0	0	0	0	0	0	
0	0	0	0	192	0	0	0	0	0	0	0	0	0	0	0	0	0	0	0	0	0	0	0	0	0	0	0	0	0	0	0	0	0	0	0	0	0	0	0	0	0	0	0	0	0	0	0	0	0	0	0	0	0	0	0	0	0	0	0	0	0	0	0	0	0	0	0	192	0	0	0	0	0	0	0	0	0	0	0	0	0	0	0	0	192	0	0	0	0	0	0	0	0	0	0	0	0	0	0	0	0	0	0	0	0	0	0	0	0	0	0	0	0	0	0	0	0	0	0	
0	0	0	0	0	0	192	0	0	0	0	0	0	0	0	0	0	0	0	0	0	0	0	0	0	0	0	0	0	0	0	0	0	192	0	0	0	0	0	0	0	0	0	0	0	0	0	0	0	0	0	0	0	0	0	0	0	0	0	0	0	0	0	0	0	0	0	0	0	0	0	0	0	0	0	0	0	0	0	0	0	0	0	0	0	0	0	0	0	0	0	0	0	0	0	0	0	0	0	0	0	0	0	0	0	0	0	0	0	0	0	0	0	0	0	0	0	0	192	0	
0	0	0	0	0	0	0	0	0	0	0	0	0	0	0	0	0	0	0	0	0	0	0	0	0	0	0	0	0	0	0	0	0	0	0	0	0	0	0	0	0	0	0	0	0	0	0	0	0	0	0	0	0	0	0	0	0	0	0	192	0	0	0	0	192	0	0	0	0	0	0	0	0	0	0	0	0	0	0	0	0	0	192	0	0	0	0	0	0	0	0	0	0	0	0	0	0	0	0	0	0	0	0	0	0	0	0	0	0	0	0	0	0	0	0	0	0	0	0	0	
0	0	0	0	0	0	0	0	192	0	0	0	0	0	0	0	0	0	0	0	0	0	0	0	0	0	0	0	0	0	0	0	0	0	0	0	0	0	0	0	0	0	0	0	0	0	0	0	0	0	0	0	0	0	0	0	0	0	0	0	0	0	0	0	0	0	0	0	192	0	0	192	0	0	0	0	0	0	0	0	0	0	0	0	0	0	0	0	0	0	0	0	0	0	0	0	0	0	0	0	0	0	0	0	0	0	0	0	0	0	0	0	0	0	0	0	0	0	0	0	
0	0	0	0	0	0	0	0	0	0	0	0	0	0	0	0	0	0	0	0	0	0	0	0	0	0	0	0	0	0	0	0	0	0	0	0	0	0	0	0	0	0	0	0	0	0	0	0	192	0	0	0	0	0	0	0	0	0	0	0	0	0	0	0	0	0	0	0	0	0	0	0	0	0	0	0	0	192	0	0	0	0	0	0	0	0	0	0	0	0	0	0	0	0	0	0	0	0	0	192	0	0	0	0	0	0	0	0	0	0	0	0	0	0	0	0	0	0	0	0	
0	0	0	0	0	0	0	0	0	0	0	0	0	0	0	0	0	0	0	0	0	0	0	0	0	0	0	0	0	0	0	0	0	0	192	0	0	0	0	0	0	0	0	0	192	0	0	0	0	0	0	0	0	0	0	0	0	0	0	0	0	0	0	0	0	0	0	0	0	0	0	0	0	0	0	0	0	0	0	0	0	0	0	0	0	0	0	0	192	0	0	0	0	0	0	0	0	0	0	0	0	0	0	0	0	0	0	0	0	0	0	0	0	0	0	0	0	0	0	0	
0	0	0	0	0	192	0	192	0	0	0	0	0	0	0	0	0	0	0	0	0	0	0	0	0	0	0	0	0	0	0	0	0	0	0	0	0	0	0	0	0	0	0	0	0	0	0	0	0	0	192	0	0	0	0	0	0	0	0	0	0	0	0	0	0	0	0	0	0	0	0	0	0	0	0	0	0	0	0	0	0	0	0	0	0	0	0	0	0	0	0	0	0	0	0	0	0	0	0	0	0	0	0	0	0	0	0	0	0	0	0	0	0	0	0	0	0	0	0	0	
0	0	0	0	0	0	0	0	0	0	0	0	0	0	0	0	0	0	0	0	0	0	0	0	0	0	0	0	0	0	0	0	0	0	0	0	0	0	0	0	0	0	192	0	0	0	0	0	0	0	0	0	0	0	0	0	0	0	0	0	0	0	0	0	0	0	0	0	0	0	0	0	0	0	0	0	0	0	0	0	0	0	0	0	0	0	0	0	0	0	0	0	0	0	0	0	0	0	0	0	0	0	0	0	0	192	0	0	0	0	0	192	0	0	0	0	0	0	0	0	
192	0	0	0	0	0	0	0	0	0	0	0	0	0	0	0	0	0	0	0	0	0	0	0	0	0	0	0	0	0	0	0	192	0	0	0	0	0	0	0	0	0	0	0	0	0	0	0	0	0	0	0	0	0	0	192	0	0	0	0	0	0	0	0	0	0	0	0	0	0	0	0	0	0	0	0	0	0	0	0	0	0	0	0	0	0	0	0	0	0	0	0	0	0	0	0	0	0	0	0	0	0	192	0	0	0	0	0	0	0	0	0	0	0	0	0	0	0	0	0	
0	0	0	0	0	0	0	0	0	0	0	0	0	0	0	0	0	0	0	0	0	0	0	0	0	0	0	0	0	0	0	0	0	0	0	0	0	0	0	0	0	0	0	0	0	0	0	0	192	0	0	0	0	0	0	0	0	0	0	0	0	0	0	0	0	0	0	0	0	0	0	0	0	0	0	0	0	192	0	0	0	0	0	0	0	0	0	0	0	0	0	0	0	0	0	0	0	0	0	192	0	0	0	0	0	0	0	0	0	0	0	0	0	0	0	0	0	0	0	0	
0	0	0	0	0	0	0	0	0	0	0	0	0	0	0	0	0	0	0	0	0	0	0	0	0	0	0	0	0	0	192	0	0	0	0	0	0	0	0	0	0	0	0	0	0	0	0	0	0	0	0	0	0	0	0	192	0	0	0	0	0	0	0	0	0	0	0	0	0	0	0	0	0	0	0	0	0	0	0	0	0	0	0	0	0	0	0	0	0	0	0	0	0	0	0	0	0	0	0	0	0	0	192	0	0	0	0	0	0	0	0	0	0	0	0	0	0	0	0	0	
0	0	0	0	0	0	0	0	0	0	0	0	0	0	0	0	0	0	0	0	0	0	0	192	0	0	0	0	0	0	0	0	0	0	0	0	0	0	0	0	0	0	0	0	0	0	0	0	0	0	0	0	192	0	0	0	0	0	0	0	0	0	0	0	0	0	0	0	0	0	0	0	0	0	0	0	0	0	0	0	0	0	0	0	0	0	0	0	0	0	0	0	0	0	0	0	0	0	0	0	0	0	0	0	0	0	0	0	0	0	0	0	192	0	0	0	0	0	0	0	
0	0	0	0	0	0	0	0	0	0	0	0	0	0	0	0	0	0	0	0	0	0	0	0	0	0	0	192	0	0	0	0	0	0	0	0	0	0	0	0	0	0	0	0	0	0	0	0	0	0	0	0	0	0	0	0	0	0	0	0	0	0	0	0	0	0	0	0	0	0	0	0	0	0	0	0	0	0	0	0	0	0	0	0	0	0	0	0	192	0	0	192	0	0	0	0	0	0	0	0	0	0	0	0	0	0	0	0	0	0	0	0	0	0	0	0	0	0	0	0	
0	0	0	0	0	0	0	0	0	0	0	0	0	0	0	0	0	0	0	0	0	0	0	0	0	0	0	0	0	0	0	0	0	0	0	0	0	0	0	192	0	0	0	0	0	0	0	0	0	192	0	0	0	0	192	0	0	0	0	0	0	0	0	0	0	0	0	0	0	0	0	0	0	0	0	0	0	0	0	0	0	0	0	0	0	0	0	0	0	0	0	0	0	0	0	0	0	0	0	0	0	0	0	0	0	0	0	0	0	0	0	0	0	0	0	0	0	0	0	0	
0	0	0	0	0	0	0	0	0	0	0	0	0	0	0	0	0	0	0	0	0	192	0	0	0	0	0	0	0	0	0	0	0	0	0	0	0	0	0	0	0	0	0	0	0	0	0	0	0	0	0	0	0	0	0	0	0	0	0	0	0	0	0	0	0	0	0	0	0	0	0	0	0	0	0	0	0	0	0	0	0	0	0	0	0	0	0	0	0	192	0	0	0	0	0	0	0	0	0	0	0	0	0	0	0	0	0	0	0	0	0	0	0	192	0	0	0	0	0	0	
0	0	0	0	0	0	0	0	0	0	0	0	0	0	0	0	0	0	0	0	0	0	0	0	0	0	0	0	0	0	0	0	0	0	0	0	0	0	0	0	0	0	0	0	0	0	0	0	0	0	0	0	192	0	0	0	0	0	0	0	0	0	0	0	0	0	0	0	0	0	0	0	0	0	0	0	0	0	0	0	0	0	0	0	0	0	0	0	0	0	0	0	0	0	0	0	0	0	0	0	0	0	0	0	0	0	0	0	0	192	0	0	192	0	0	0	0	0	0	0	
0	192	0	0	0	0	0	0	0	0	0	0	0	0	0	0	0	0	0	0	0	0	0	0	0	0	0	0	0	0	0	0	0	0	0	0	0	0	0	0	0	0	0	0	0	0	0	0	0	0	0	0	0	0	0	0	0	0	0	0	192	0	0	0	0	0	0	0	0	0	0	0	0	0	0	0	0	0	0	0	192	0	0	0	0	0	0	0	0	0	0	0	0	0	0	0	0	0	0	0	0	0	0	0	0	0	0	0	0	0	0	0	0	0	0	0	0	0	0	0	
0	0	0	0	0	0	0	0	0	0	0	0	0	0	0	0	0	0	0	0	0	0	0	0	0	0	0	0	0	0	0	0	0	0	0	192	0	0	0	0	0	0	0	0	0	0	0	0	0	192	0	0	0	0	192	0	0	0	0	0	0	0	0	0	0	0	0	0	0	0	0	0	0	0	0	0	0	0	0	0	0	0	0	0	0	0	0	0	0	0	0	0	0	0	0	0	0	0	0	0	0	0	0	0	0	0	0	0	0	0	0	0	0	0	0	0	0	0	0	0	
0	0	0	0	0	0	0	0	0	0	192	0	0	0	0	0	0	192	0	0	0	0	0	0	0	0	0	0	0	0	0	0	0	0	0	0	0	0	0	0	0	0	0	0	0	0	0	0	0	0	0	0	0	0	0	0	0	0	0	0	0	0	192	0	0	0	0	0	0	0	0	0	0	0	0	0	0	0	0	0	0	0	0	0	0	0	0	0	0	0	0	0	0	0	0	0	0	0	0	0	0	0	0	0	0	0	0	0	0	0	0	0	0	0	0	0	0	0	0	0	
0	0	0	0	0	0	0	0	0	0	0	0	0	0	0	0	0	0	0	0	0	0	0	0	0	0	0	0	0	0	0	0	0	0	0	0	0	0	0	0	0	0	0	0	0	0	0	0	192	0	0	0	0	0	0	0	0	0	0	0	0	0	0	0	0	0	0	0	0	0	0	0	0	0	0	0	192	0	0	0	0	0	0	0	0	0	0	0	0	0	0	0	0	0	0	0	0	0	0	192	0	0	0	0	0	0	0	0	0	0	0	0	0	0	0	0	0	0	0	0	
0	0	0	0	0	0	0	0	0	0	0	0	0	0	0	0	0	0	0	0	0	0	0	0	0	0	0	0	0	192	0	0	0	0	0	0	0	0	0	0	0	0	0	0	0	0	0	0	0	0	0	0	0	0	0	0	0	0	0	0	0	0	0	0	0	192	0	0	0	0	0	0	0	0	0	0	0	0	0	0	0	0	0	192	0	0	0	0	0	0	0	0	0	0	0	0	0	0	0	0	0	0	0	0	0	0	0	0	0	0	0	0	0	0	0	0	0	0	0	0	
0	0	0	0	0	0	0	0	0	192	0	0	0	0	0	0	0	0	0	0	0	0	0	0	0	0	0	0	0	0	0	0	0	0	0	0	0	0	0	0	0	0	0	0	0	0	0	0	0	0	0	0	0	0	0	0	0	0	0	0	0	0	0	0	0	0	0	0	0	0	0	0	192	0	0	0	0	0	0	0	0	0	0	0	0	0	0	0	0	0	0	0	192	0	0	0	0	0	0	0	0	0	0	0	0	0	0	0	0	0	0	0	0	0	0	0	0	0	0	0	
0	0	0	0	0	0	0	0	0	0	0	0	0	0	0	0	0	0	0	0	0	0	0	0	0	0	0	192	0	0	0	0	0	0	0	0	0	0	0	0	0	0	0	0	0	0	0	0	0	0	0	0	0	0	0	0	0	0	0	0	0	0	0	0	0	0	0	0	0	0	0	0	0	0	0	0	0	0	0	0	0	0	0	0	0	0	0	0	0	0	0	0	0	0	0	0	0	0	0	0	0	0	0	192	0	0	0	192	0	0	0	0	0	0	0	0	0	0	0	0	
0	0	192	0	0	0	0	0	0	0	0	0	0	0	0	0	0	0	0	0	192	0	0	0	0	0	0	0	0	0	0	0	0	0	0	0	0	0	0	0	0	0	0	0	0	0	0	0	0	0	0	0	0	0	0	0	0	0	192	0	0	0	0	0	0	0	0	0	0	0	0	0	0	0	0	0	0	0	0	0	0	0	0	0	0	0	0	0	0	0	0	0	0	0	0	0	0	0	0	0	0	0	0	0	0	0	0	0	0	0	0	0	0	0	0	0	0	0	0	0	
0	0	0	0	0	0	0	0	0	0	0	0	0	0	0	0	0	0	0	0	0	0	0	0	0	0	0	0	0	0	0	0	0	0	0	0	0	0	0	0	0	0	0	0	0	0	0	0	0	0	0	0	0	0	0	0	0	0	0	0	0	0	192	0	0	0	0	0	0	0	0	0	0	0	0	0	0	0	0	0	0	0	0	192	0	0	0	0	0	0	0	0	0	0	0	0	0	192	0	0	0	0	0	0	0	0	0	0	0	0	0	0	0	0	0	0	0	0	0	0	
0	0	0	0	0	0	0	0	0	0	0	0	0	0	192	0	0	0	192	0	0	0	0	0	0	0	0	0	0	0	0	0	0	0	0	0	0	0	0	0	0	0	0	0	0	0	0	0	0	0	0	0	0	0	0	0	0	0	0	0	0	0	0	0	0	0	0	0	0	0	0	0	0	0	0	0	0	0	0	0	0	0	0	0	0	0	0	0	0	0	0	0	0	0	0	192	0	0	0	0	0	0	0	0	0	0	0	0	0	0	0	0	0	0	0	0	0	0	0	0	
0	0	0	0	0	0	0	0	0	0	0	0	0	0	0	0	0	0	0	0	0	0	0	0	0	0	192	0	0	0	0	192	0	0	0	0	0	0	0	0	0	192	0	0	0	0	0	0	0	0	0	0	0	0	0	0	0	0	0	0	0	0	0	0	0	0	0	0	0	0	0	0	0	0	0	0	0	0	0	0	0	0	0	0	0	0	0	0	0	0	0	0	0	0	0	0	0	0	0	0	0	0	0	0	0	0	0	0	0	0	0	0	0	0	0	0	0	0	0	0	
0	0	0	0	0	0	0	0	0	0	0	0	0	0	0	0	192	0	0	0	0	0	0	0	0	0	0	0	0	0	0	0	0	0	0	192	0	0	0	192	0	0	0	0	0	0	0	0	0	0	0	0	0	0	0	0	0	0	0	0	0	0	0	0	0	0	0	0	0	0	0	0	0	0	0	0	0	0	0	0	0	0	0	0	0	0	0	0	0	0	0	0	0	0	0	0	0	0	0	0	0	0	0	0	0	0	0	0	0	0	0	0	0	0	0	0	0	0	0	0	
0	0	0	0	0	0	0	0	0	0	0	0	0	0	0	0	0	0	0	0	0	0	0	0	0	0	0	0	192	0	0	0	0	0	0	0	0	0	0	0	0	0	0	0	0	0	0	0	0	0	0	0	0	0	0	0	0	0	0	0	0	0	0	0	0	0	0	0	0	0	0	0	0	0	0	0	0	0	0	0	0	0	0	0	0	0	0	0	0	0	0	0	0	0	0	0	192	0	0	0	0	0	0	0	0	0	0	0	0	0	192	0	0	0	0	0	0	0	0	0	
0	0	0	0	0	0	0	0	0	0	192	0	0	0	0	0	0	0	0	0	0	0	0	0	0	0	0	0	0	0	0	0	0	0	0	0	0	0	0	0	0	0	0	0	0	0	0	0	0	0	0	0	0	0	0	0	0	0	0	0	0	0	0	0	0	0	0	0	0	0	0	0	0	0	0	0	0	192	0	0	0	0	0	0	0	0	0	0	0	0	0	0	0	0	0	0	0	0	0	0	0	0	0	0	0	0	0	0	192	0	0	0	0	0	0	0	0	0	0	0	
0	0	0	0	0	0	0	192	0	0	0	0	0	0	0	0	0	0	0	0	0	0	0	0	0	0	0	0	0	0	0	0	0	192	0	0	0	192	0	0	0	0	0	0	0	0	0	0	0	0	0	0	0	0	0	0	0	0	0	0	0	0	0	0	0	0	0	0	0	0	0	0	0	0	0	0	0	0	0	0	0	0	0	0	0	0	0	0	0	0	0	0	0	0	0	0	0	0	0	0	0	0	0	0	0	0	0	0	0	0	0	0	0	0	0	0	0	0	0	0	
0	0	0	0	0	0	0	0	0	0	0	0	0	192	0	192	0	0	0	0	0	0	0	0	0	0	0	0	0	0	0	0	0	0	0	0	0	0	0	0	0	0	0	0	0	0	0	0	0	0	0	0	0	0	0	0	0	0	0	0	0	0	0	0	0	0	0	0	0	0	0	0	0	0	0	0	0	0	0	0	0	0	0	0	0	0	0	0	0	0	0	0	0	0	0	0	0	0	0	0	0	0	0	0	0	0	0	0	0	0	0	0	0	0	192	0	0	0	0	0	
0	0	0	0	0	0	0	0	0	0	0	0	0	0	0	0	192	0	0	0	0	0	0	0	0	0	0	0	0	0	0	0	0	0	0	192	0	0	0	192	0	0	0	0	0	0	0	0	0	0	0	0	0	0	0	0	0	0	0	0	0	0	0	0	0	0	0	0	0	0	0	0	0	0	0	0	0	0	0	0	0	0	0	0	0	0	0	0	0	0	0	0	0	0	0	0	0	0	0	0	0	0	0	0	0	0	0	0	0	0	0	0	0	0	0	0	0	0	0	0	
0	0	0	0	0	0	0	0	0	0	0	0	0	0	0	0	0	0	0	0	0	0	0	0	0	0	0	0	0	0	192	0	192	0	0	0	0	0	0	0	0	0	0	0	0	0	0	0	0	0	0	0	0	0	0	0	0	0	0	0	0	0	0	0	0	0	0	0	0	0	0	0	0	0	0	0	0	0	0	0	0	0	0	0	0	0	0	0	0	0	0	0	0	0	0	0	0	0	0	0	0	0	192	0	0	0	0	0	0	0	0	0	0	0	0	0	0	0	0	0	
0	0	0	0	0	0	0	0	0	0	0	0	0	0	0	0	0	0	0	192	0	0	0	0	0	0	0	0	0	0	0	0	0	0	0	0	0	0	0	0	0	0	0	0	0	0	0	0	0	0	0	0	0	0	0	0	0	0	0	0	0	0	0	0	0	0	192	0	0	0	0	0	0	0	0	0	0	0	0	0	0	0	0	0	0	0	192	0	0	0	0	0	0	0	0	0	0	0	0	0	0	0	0	0	0	0	0	0	0	0	0	0	0	0	0	0	0	0	0	0	
0	0	0	0	0	0	0	0	192	0	0	0	0	0	0	0	0	0	0	0	0	0	0	0	0	0	0	0	0	0	0	0	0	0	0	0	0	0	0	0	0	0	0	0	0	0	0	0	0	0	0	0	0	0	0	0	0	0	0	0	0	0	0	0	0	0	0	0	0	0	0	192	0	0	0	0	0	0	0	0	0	0	0	0	0	0	0	0	0	0	0	0	0	0	0	0	0	0	0	0	0	0	0	0	192	0	0	0	0	0	0	0	0	0	0	0	0	0	0	0	
0	0	0	0	0	0	0	0	0	0	0	0	0	0	0	0	0	0	0	0	192	0	0	0	0	0	0	0	0	0	0	0	0	0	0	0	0	0	0	0	0	0	0	0	0	192	0	0	0	0	0	0	0	0	0	0	0	0	0	0	0	0	0	0	0	0	0	0	0	0	0	0	0	0	0	0	0	0	0	0	0	0	0	0	192	0	0	0	0	0	0	0	0	0	0	0	0	0	0	0	0	0	0	0	0	0	0	0	0	0	0	0	0	0	0	0	0	0	0	0	
0	0	0	0	0	0	0	0	0	0	0	0	0	0	0	0	0	0	0	0	0	0	0	0	192	0	0	0	0	0	0	0	0	0	0	0	0	0	0	0	0	0	0	0	0	0	0	0	0	0	0	0	0	0	0	0	0	0	0	0	0	0	0	0	192	0	0	0	0	0	192	0	0	0	0	0	0	0	0	0	0	0	0	0	0	0	0	0	0	0	0	0	0	0	0	0	0	0	0	0	0	0	0	0	0	0	0	0	0	0	0	0	0	0	0	0	0	0	0	0	
0	0	0	0	0	0	0	0	0	0	0	0	0	0	0	0	0	0	0	0	0	0	0	0	0	0	0	0	0	0	0	0	0	0	0	0	0	0	192	0	0	0	0	0	0	0	0	0	0	0	0	0	0	0	0	0	0	0	0	0	0	0	0	0	0	0	0	0	0	0	0	0	0	0	0	0	0	0	0	0	192	0	0	0	0	0	0	0	0	0	0	0	0	0	0	192	0	0	0	0	0	0	0	0	0	0	0	0	0	0	0	0	0	0	0	0	0	0	0	0	
0	192	0	0	0	0	0	0	0	0	0	192	0	0	0	0	0	0	0	0	0	0	0	0	0	0	0	0	0	0	0	0	0	0	0	0	0	0	0	0	0	0	0	0	0	0	0	0	0	0	0	0	0	0	0	0	0	0	0	0	0	0	0	192	0	0	0	0	0	0	0	0	0	0	0	0	0	0	0	0	0	0	0	0	0	0	0	0	0	0	0	0	0	0	0	0	0	0	0	0	0	0	0	0	0	0	0	0	0	0	0	0	0	0	0	0	0	0	0	0	
0	0	0	0	0	0	0	0	0	0	192	0	0	0	0	0	0	0	0	0	0	0	0	0	0	0	0	0	0	0	0	0	0	0	0	0	0	0	0	0	192	0	0	0	0	0	192	0	0	0	0	0	0	0	0	0	0	0	0	0	0	0	0	0	0	0	0	0	0	0	0	0	0	0	0	0	0	0	0	0	0	0	0	0	0	0	0	0	0	0	0	0	0	0	0	0	0	0	0	0	0	0	0	0	0	0	0	0	0	0	0	0	0	0	0	0	0	0	0	0	
0	0	0	0	0	0	0	0	0	0	0	192	0	0	0	0	0	0	0	0	0	0	0	0	0	0	0	0	0	0	0	0	0	0	0	0	0	0	0	0	0	0	0	0	0	0	0	0	0	0	0	0	0	0	0	0	0	0	0	0	0	192	0	0	0	0	0	0	0	0	0	0	0	0	0	0	0	0	0	192	0	0	0	0	0	0	0	0	0	0	0	0	0	0	0	0	0	0	0	0	0	0	0	0	0	0	0	0	0	0	0	0	0	0	0	0	0	0	0	0	
0	0	0	0	0	0	0	0	0	0	0	0	192	0	0	0	0	0	0	0	0	0	0	0	192	0	0	0	0	0	0	0	0	0	0	0	0	0	0	0	0	0	0	0	0	0	0	0	0	0	0	0	0	0	0	0	0	0	0	192	0	0	0	0	0	0	0	0	0	0	0	0	0	0	0	0	0	0	0	0	0	0	0	0	0	0	0	0	0	0	0	0	0	0	0	0	0	0	0	0	0	0	0	0	0	0	0	0	0	0	0	0	0	0	0	0	0	0	0	0	
0	0	0	0	0	0	0	0	0	0	0	0	0	0	0	0	0	0	0	0	0	0	0	0	0	0	0	0	0	0	0	0	0	0	0	0	0	0	0	0	0	0	192	0	0	0	0	0	0	0	0	0	0	0	0	0	0	0	0	0	0	0	0	0	0	0	0	0	0	0	0	0	0	0	192	0	0	0	0	0	0	0	0	0	0	0	0	0	0	0	0	0	0	0	0	0	0	0	0	0	0	0	0	0	0	0	0	0	0	0	0	0	0	0	0	0	0	192	0	0	
0	0	0	0	0	0	0	0	0	0	0	0	0	0	0	0	0	0	0	192	0	0	0	0	0	0	0	0	0	0	0	0	0	0	0	0	0	0	0	0	0	0	0	0	0	0	0	0	0	0	0	0	0	0	0	0	192	0	0	0	0	0	0	0	0	0	0	0	0	0	0	0	0	0	0	0	0	0	0	0	0	0	0	0	0	0	192	0	0	0	0	0	0	0	0	0	0	0	0	0	0	0	0	0	0	0	0	0	0	0	0	0	0	0	0	0	0	0	0	0	
0	0	0	0	0	0	0	0	0	0	0	0	0	0	0	0	0	0	192	0	0	0	0	0	0	0	0	0	0	0	0	0	0	0	0	0	0	0	0	0	0	0	0	0	0	0	0	0	0	0	0	0	0	0	0	0	0	0	0	0	0	0	0	0	0	0	0	0	0	0	0	0	0	0	0	0	0	0	0	0	0	0	0	0	0	0	0	0	0	0	0	0	0	0	0	192	0	0	0	0	0	0	0	0	0	0	0	0	0	0	0	0	0	0	0	192	0	0	0	0	
0	0	0	0	0	0	0	0	192	0	0	0	0	0	0	0	0	0	0	0	0	0	192	0	0	192	0	0	0	0	0	0	0	0	0	0	0	0	0	0	0	0	0	0	0	0	0	0	0	0	0	0	0	0	0	0	0	0	0	0	0	0	0	0	0	0	0	0	0	0	0	0	0	0	0	0	0	0	0	0	0	0	0	0	0	0	0	0	0	0	0	0	0	0	0	0	0	0	0	0	0	0	0	0	0	0	0	0	0	0	0	0	0	0	0	0	0	0	0	0	
0	0	0	0	0	0	0	0	0	0	0	0	0	192	0	192	0	0	0	0	0	0	0	0	0	0	0	0	0	0	0	0	0	0	0	0	0	0	0	0	0	0	0	0	0	0	0	0	0	0	0	0	0	0	0	0	0	0	0	0	0	0	0	0	0	0	0	0	0	0	0	0	0	0	0	0	0	0	0	0	0	0	0	0	0	0	0	0	0	0	0	0	0	0	0	0	0	0	0	0	0	0	0	0	0	0	0	0	0	0	0	0	0	0	192	0	0	0	0	0	
0	0	0	192	0	0	0	0	0	0	0	0	0	0	0	0	0	0	0	0	0	0	0	0	0	0	0	0	0	0	0	0	0	0	0	0	0	0	0	0	0	0	0	0	0	0	0	0	0	0	0	0	0	0	0	0	0	0	0	192	0	0	0	0	0	0	0	0	0	0	0	0	0	0	0	0	0	0	0	0	0	0	0	0	0	0	0	0	0	0	0	0	0	0	0	0	0	0	0	0	0	0	0	0	0	0	192	0	0	0	0	0	0	0	0	0	0	0	0	0	
0	0	0	0	0	0	0	0	0	0	0	0	192	0	0	0	0	0	0	0	0	0	0	0	0	192	0	0	0	0	0	0	0	0	0	0	0	0	0	0	0	0	0	0	0	0	0	0	0	0	0	0	0	0	0	0	0	192	0	0	0	0	0	0	0	0	0	0	0	0	0	0	0	0	0	0	0	0	0	0	0	0	0	0	0	0	0	0	0	0	0	0	0	0	0	0	0	0	0	0	0	0	0	0	0	0	0	0	0	0	0	0	0	0	0	0	0	0	0	0	
0	0	0	0	0	0	0	0	0	0	0	0	0	0	0	0	0	0	0	0	0	0	0	0	0	0	0	0	0	0	0	0	0	0	0	0	0	0	0	0	0	0	0	192	0	0	0	0	0	0	0	0	0	0	0	0	0	0	0	0	0	0	0	0	0	0	0	0	0	0	0	0	0	0	0	0	0	0	0	0	0	0	0	0	0	0	0	0	0	0	0	0	192	0	0	0	0	0	0	0	0	0	0	0	0	0	0	0	0	0	0	0	0	0	0	0	0	0	192	0	
0	0	0	0	0	0	0	0	0	0	0	0	0	0	0	0	0	0	0	0	0	0	0	0	0	0	0	0	0	0	0	0	0	0	0	0	0	0	0	0	0	0	0	0	0	0	0	0	0	0	0	0	0	0	0	0	0	0	0	0	0	0	0	0	0	0	0	0	0	0	0	0	0	0	0	0	0	0	0	0	0	192	0	0	0	0	0	0	0	0	0	0	0	0	0	0	0	0	0	0	0	0	0	0	0	0	0	0	0	0	192	0	0	0	0	0	0	192	0	0	
0	0	0	0	0	0	0	0	0	0	0	0	0	0	0	0	0	0	0	0	0	192	0	0	0	0	0	0	0	0	0	0	0	0	0	0	0	0	0	0	0	0	0	0	0	0	0	0	0	0	0	0	0	0	0	0	0	0	0	0	0	0	0	0	0	192	0	0	0	0	0	0	0	0	0	0	0	0	0	0	0	0	0	192	0	0	0	0	0	0	0	0	0	0	0	0	0	0	0	0	0	0	0	0	0	0	0	0	0	0	0	0	0	0	0	0	0	0	0	0	
0	0	0	0	0	0	192	0	0	0	0	0	0	0	0	0	0	0	0	0	0	0	0	0	0	0	0	0	0	0	0	0	0	0	0	0	0	0	0	0	0	0	0	0	0	0	0	0	0	0	0	0	0	0	0	0	0	0	0	0	0	0	0	0	0	0	0	0	0	0	0	0	0	0	0	0	0	0	0	0	0	0	0	0	192	0	0	0	0	0	0	0	0	0	0	0	192	0	0	0	0	0	0	0	0	0	0	0	0	0	0	0	0	0	0	0	0	0	0	0	
0	0	0	0	0	0	0	0	0	0	0	0	0	0	0	0	0	0	0	0	0	0	0	0	0	0	0	0	0	0	0	0	0	0	0	0	0	0	0	0	0	192	0	0	0	0	0	0	0	0	0	0	0	0	0	0	0	0	0	0	0	0	0	0	0	0	0	0	0	0	0	0	0	0	0	0	0	0	0	0	0	0	0	0	0	0	0	0	0	0	0	0	0	0	0	0	0	0	0	0	0	192	0	0	192	0	0	0	0	0	0	0	0	0	0	0	0	0	0	0	
0	0	0	0	0	0	0	0	0	0	0	0	0	0	0	0	0	0	0	0	0	0	0	0	0	0	192	0	0	0	0	192	0	0	0	0	0	0	0	0	0	0	0	0	0	0	0	0	0	0	0	192	0	0	0	0	0	0	0	0	0	0	0	0	0	0	0	0	0	0	0	0	0	0	0	0	0	0	0	0	0	0	0	0	0	0	0	0	0	0	0	0	0	0	0	0	0	0	0	0	0	0	0	0	0	0	0	0	0	0	0	0	0	0	0	0	0	0	0	0	
0	0	0	0	0	0	0	0	0	0	0	0	0	0	0	0	0	0	0	0	0	0	0	0	0	0	0	0	0	0	0	0	0	0	0	0	0	0	0	0	0	0	0	0	0	0	0	0	0	0	0	0	0	0	0	0	0	0	0	0	0	0	0	0	0	0	0	0	0	0	0	0	0	0	0	0	0	0	0	0	0	192	192	0	0	0	0	0	0	0	0	0	0	0	0	0	0	0	0	0	0	0	0	0	0	192	0	0	0	0	0	0	0	0	0	0	0	0	0	0	
0	0	0	192	0	0	0	0	0	0	0	0	0	0	0	0	0	0	0	0	0	0	0	0	0	0	0	0	0	0	0	0	0	0	0	0	0	0	0	0	0	0	0	0	0	0	0	0	0	0	0	0	0	0	0	0	0	0	0	0	0	0	0	192	0	0	0	0	0	0	0	0	0	0	0	0	0	0	0	0	0	0	0	0	0	0	0	0	0	0	0	0	0	0	0	0	0	0	0	0	0	0	0	0	0	0	192	0	0	0	0	0	0	0	0	0	0	0	0	0	
0	192	0	0	0	0	0	0	0	0	0	0	0	0	0	0	0	0	0	0	0	0	0	0	0	0	0	0	0	0	0	0	0	0	0	0	0	0	192	0	0	0	0	0	0	0	0	0	0	0	0	0	0	0	0	0	0	0	0	0	192	0	0	0	0	0	0	0	0	0	0	0	0	0	0	0	0	0	0	0	0	0	0	0	0	0	0	0	0	0	0	0	0	0	0	0	0	0	0	0	0	0	0	0	0	0	0	0	0	0	0	0	0	0	0	0	0	0	0	0	
0	0	0	0	0	0	0	0	0	0	0	0	0	0	0	0	0	0	0	0	0	0	0	0	0	0	0	0	0	0	0	0	0	0	0	0	0	0	0	0	0	0	0	0	0	0	0	0	0	0	0	0	0	0	0	0	0	0	0	0	0	0	0	0	0	0	0	0	0	0	0	0	0	192	0	0	0	0	192	0	0	0	0	0	0	0	0	0	0	0	0	0	0	0	0	0	0	0	0	0	0	0	0	0	0	0	0	0	0	0	0	0	0	0	0	0	0	192	0	0	
0	0	0	0	0	0	0	0	0	0	0	0	0	0	0	0	0	0	0	0	0	0	0	0	192	0	0	0	0	0	0	0	0	0	0	0	0	0	0	0	0	0	0	0	0	0	0	0	0	0	0	0	0	0	0	0	0	0	0	0	0	0	0	0	0	0	0	0	0	0	0	0	0	0	0	0	0	0	192	0	0	0	0	0	0	0	0	0	0	0	0	0	0	0	0	0	0	0	0	0	192	0	0	0	0	0	0	0	0	0	0	0	0	0	0	0	0	0	0	0	
0	0	0	0	0	0	0	0	0	0	0	0	0	0	0	0	0	0	0	0	0	0	0	0	0	0	0	0	0	0	0	0	0	0	0	0	0	0	0	0	0	0	192	0	0	0	192	0	0	0	0	0	0	0	0	0	0	0	0	0	0	0	0	0	0	0	0	0	0	0	0	0	0	0	192	0	0	0	0	0	0	0	0	0	0	0	0	0	0	0	0	0	0	0	0	0	0	0	0	0	0	0	0	0	0	0	0	0	0	0	0	0	0	0	0	0	0	0	0	0	
0	0	0	0	0	0	0	0	0	0	0	0	0	0	0	0	0	0	0	0	0	0	0	0	0	0	0	0	0	0	0	0	0	0	0	0	0	0	0	0	0	0	0	0	0	0	0	0	0	0	0	0	0	0	0	0	0	0	192	0	0	0	0	0	0	0	0	0	0	0	0	0	0	0	0	192	0	0	0	0	0	0	0	0	0	0	0	192	0	0	0	0	0	0	0	0	0	0	0	0	0	0	0	0	0	0	0	0	0	0	0	0	0	0	0	0	0	0	0	0	
0	0	0	0	192	0	0	0	0	0	0	0	0	0	0	0	0	192	0	0	0	0	192	0	0	0	0	0	0	0	0	0	0	0	0	0	0	0	0	0	0	0	0	0	0	0	0	0	0	0	0	0	0	0	0	0	0	0	0	0	0	0	0	0	0	0	0	0	0	0	0	0	0	0	0	0	0	0	0	0	0	0	0	0	0	0	0	0	0	0	0	0	0	0	0	0	0	0	0	0	0	0	0	0	0	0	0	0	0	0	0	0	0	0	0	0	0	0	0	0	
0	0	0	0	0	0	0	0	0	0	0	0	0	0	0	0	0	0	0	192	0	0	0	0	0	0	0	0	0	0	0	0	0	0	0	0	0	0	0	0	0	0	0	0	0	0	0	0	0	0	0	0	0	0	0	0	192	0	0	0	0	0	0	0	0	0	192	0	0	0	0	0	0	0	0	0	0	0	0	0	0	0	0	0	0	0	0	0	0	0	0	0	0	0	0	0	0	0	0	0	0	0	0	0	0	0	0	0	0	0	0	0	0	0	0	0	0	0	0	0	
0	0	0	0	0	0	0	0	0	0	0	0	0	0	0	0	0	0	0	0	0	0	0	0	0	0	0	0	0	0	0	0	0	0	0	0	0	0	0	0	0	0	0	0	0	0	0	0	0	0	0	0	0	0	0	0	0	0	0	0	0	0	0	0	0	0	0	0	0	0	0	0	0	0	0	0	0	0	0	0	0	0	0	0	192	0	0	0	0	0	0	0	0	192	192	0	0	0	0	0	0	0	0	0	0	0	0	0	0	0	0	0	0	0	0	0	0	0	0	0	
0	0	0	0	0	0	0	0	0	0	0	0	0	0	0	0	0	0	0	0	0	0	0	0	0	0	0	192	0	0	0	0	0	0	192	0	0	0	0	0	0	0	0	0	0	0	0	0	0	0	0	0	0	0	0	0	0	0	0	0	0	0	0	0	0	0	0	0	0	0	0	0	0	0	0	0	0	0	0	0	0	0	0	0	0	0	0	0	0	0	0	192	0	0	0	0	0	0	0	0	0	0	0	0	0	0	0	0	0	0	0	0	0	0	0	0	0	0	0	0	
0	0	0	0	0	0	0	0	0	0	0	0	0	0	0	0	0	0	0	0	0	0	0	0	0	0	0	0	0	0	0	0	0	0	0	0	192	0	0	0	0	0	0	0	0	0	0	0	0	0	0	0	0	0	0	0	0	0	0	0	0	0	0	0	0	0	0	0	0	0	0	0	0	0	0	0	0	0	0	0	0	0	0	0	0	0	0	0	0	0	0	192	0	0	0	0	0	0	0	0	0	0	0	0	0	0	0	0	0	0	0	0	0	192	0	0	0	0	0	0	
0	0	0	0	0	0	0	0	0	192	0	0	0	0	0	0	0	0	0	0	0	0	0	0	0	0	0	0	0	0	0	0	0	0	0	0	0	0	0	0	0	0	0	0	0	0	0	0	0	0	0	0	0	0	0	0	0	0	0	0	0	0	0	0	0	0	0	0	0	0	0	0	0	0	0	0	0	0	0	0	0	0	0	0	0	0	0	0	0	0	0	0	0	0	0	0	0	0	0	0	0	0	0	0	0	0	0	0	0	0	0	0	0	0	192	0	0	0	192	0	
0	0	0	0	0	0	0	0	0	0	0	0	0	0	0	0	0	0	0	0	0	0	0	0	0	0	0	0	0	0	0	0	0	0	192	0	0	0	0	0	0	0	0	0	0	0	0	0	0	0	0	0	0	0	0	0	0	0	0	0	0	0	0	0	0	0	0	0	0	0	0	0	0	0	0	0	0	0	0	0	0	0	0	0	0	0	0	0	192	192	0	0	0	0	0	0	0	0	0	0	0	0	0	0	0	0	0	0	0	0	0	0	0	0	0	0	0	0	0	0	
0	0	0	0	0	0	0	0	0	192	0	0	0	0	0	0	0	0	0	0	0	0	0	0	0	0	0	0	0	0	0	0	0	0	0	0	0	0	0	0	0	0	0	192	0	0	0	0	0	0	0	0	0	0	0	0	0	0	0	0	0	0	0	0	0	0	0	0	0	0	0	0	192	0	0	0	0	0	0	0	0	0	0	0	0	0	0	0	0	0	0	0	0	0	0	0	0	0	0	0	0	0	0	0	0	0	0	0	0	0	0	0	0	0	0	0	0	0	0	0	
0	0	0	0	0	0	0	0	0	0	0	0	0	0	0	0	0	0	0	0	0	0	0	0	0	0	0	0	0	0	0	0	0	0	0	0	0	0	0	0	0	0	0	0	0	0	0	0	0	0	0	0	0	0	0	0	0	0	0	0	0	0	0	0	0	0	0	0	0	0	0	0	0	0	0	0	0	0	0	0	0	0	0	0	0	0	0	192	0	0	0	0	0	0	192	0	0	0	0	0	0	0	0	0	0	192	0	0	0	0	0	0	0	0	0	0	0	0	0	0	
0	0	192	0	0	0	0	0	0	0	0	0	0	0	0	0	0	0	0	0	0	0	0	0	0	0	0	0	0	0	0	0	0	0	0	0	0	0	0	0	0	0	0	0	0	0	0	0	0	0	0	0	0	0	0	0	0	0	0	0	0	0	0	0	0	0	0	0	0	0	0	0	0	0	0	0	0	0	0	0	0	0	0	0	0	0	0	192	0	0	0	0	0	192	0	0	0	0	0	0	0	0	0	0	0	0	0	0	0	0	0	0	0	0	0	0	0	0	0	0	
0	0	0	0	0	0	0	0	0	0	0	0	0	0	0	0	0	0	0	0	0	0	0	0	0	0	0	0	0	0	0	0	0	0	0	0	0	0	0	0	0	0	0	0	0	0	0	192	0	0	0	0	0	0	0	0	0	0	0	0	192	0	0	0	0	0	0	192	0	0	0	0	0	0	0	0	0	0	0	0	0	0	0	0	0	0	0	0	0	0	0	0	0	0	0	0	0	0	0	0	0	0	0	0	0	0	0	0	0	0	0	0	0	0	0	0	0	0	0	0	
0	0	0	0	0	0	192	0	0	0	0	0	0	0	0	0	0	0	0	0	0	0	0	0	0	0	0	0	0	0	0	0	0	0	0	0	0	0	0	0	0	0	0	0	0	0	0	0	0	0	192	0	0	0	0	0	0	0	0	0	0	0	0	0	0	0	0	0	0	0	0	0	0	0	0	192	0	0	0	0	0	0	0	0	0	0	0	0	0	0	0	0	0	0	0	0	0	0	0	0	0	0	0	0	0	0	0	0	0	0	0	0	0	0	0	0	0	0	0	0	
0	0	0	0	0	0	0	0	0	0	0	0	0	0	0	0	0	0	0	0	0	0	0	0	0	0	0	0	0	0	0	0	0	0	0	0	0	0	0	0	0	0	0	0	0	0	192	0	0	0	0	0	0	0	0	0	0	0	0	0	0	0	0	0	0	0	0	0	0	0	0	0	0	0	0	0	0	0	0	0	0	0	0	0	0	0	0	0	0	0	0	0	0	0	0	0	0	0	0	0	0	0	0	0	0	0	0	0	192	0	0	192	0	0	0	0	0	0	0	0	
192	0	0	0	0	192	0	192	0	0	0	0	0	0	0	0	0	0	0	0	0	0	0	0	0	0	0	0	0	0	0	0	0	0	0	0	0	0	0	0	0	0	0	0	0	0	0	0	0	0	0	0	0	0	0	0	0	0	0	0	0	0	0	0	0	0	0	0	0	0	0	0	0	0	0	0	0	0	0	0	0	0	0	0	0	0	0	0	0	0	0	0	0	0	0	0	0	0	0	0	0	0	0	0	0	0	0	0	0	0	0	0	0	0	0	0	0	0	0	0	
0	0	0	0	0	0	0	0	0	0	0	0	0	0	0	0	0	0	0	0	0	0	0	0	0	0	192	0	0	0	0	192	0	0	0	0	0	0	0	0	0	192	0	0	0	0	0	0	0	0	0	0	0	0	0	0	0	0	0	0	0	0	0	0	0	0	0	0	0	0	0	0	0	0	0	0	0	0	0	0	0	0	0	0	0	0	0	0	0	0	0	0	0	0	0	0	0	0	0	0	0	0	0	0	0	0	0	0	0	0	0	0	0	0	0	0	0	0	0	0	
0	0	0	0	0	0	0	0	0	0	0	0	0	0	0	0	0	0	0	0	0	0	0	0	0	0	0	0	0	0	0	0	0	0	0	0	0	0	0	0	0	0	0	0	0	0	0	0	0	0	0	0	0	0	0	0	0	0	0	0	0	0	0	0	0	0	0	0	0	0	0	0	0	0	0	0	0	0	0	0	0	0	192	0	0	0	0	0	0	0	0	0	0	0	0	0	0	0	0	0	0	0	0	0	0	0	0	0	0	0	0	192	0	0	0	192	0	0	0	0	
0	0	0	0	0	0	0	0	0	0	0	0	0	0	0	0	0	0	0	0	0	0	0	0	0	0	0	0	0	0	0	0	0	0	0	0	0	0	0	0	0	0	0	0	0	0	0	0	0	0	0	0	0	0	0	0	0	0	0	0	0	0	0	0	0	0	0	0	0	0	0	0	0	0	0	0	192	0	0	0	0	0	0	0	0	0	0	0	0	0	0	0	0	0	0	0	0	0	0	0	0	0	0	0	192	0	0	0	192	0	0	0	0	0	0	0	0	0	0	0	
0	0	0	0	0	0	0	0	0	0	0	0	0	0	0	0	0	0	0	0	0	0	0	0	0	0	0	0	0	0	192	0	192	0	0	0	0	0	0	0	0	0	0	0	0	0	0	0	0	0	0	0	0	0	0	192	0	0	0	0	0	0	0	0	0	0	0	0	0	0	0	0	0	0	0	0	0	0	0	0	0	0	0	0	0	0	0	0	0	0	0	0	0	0	0	0	0	0	0	0	0	0	0	0	0	0	0	0	0	0	0	0	0	0	0	0	0	0	0	0	
0	0	0	0	0	0	0	0	0	0	0	0	0	0	0	0	0	0	0	0	0	0	0	0	0	0	0	0	0	0	0	0	0	0	0	0	0	0	0	0	0	0	0	0	192	0	0	0	0	0	0	0	0	0	0	0	0	0	0	0	0	0	0	0	0	0	0	0	0	0	0	0	0	0	0	0	0	0	0	0	0	0	0	0	0	0	0	0	0	0	0	0	0	0	0	0	0	0	0	0	0	0	0	0	0	0	0	192	0	0	0	0	0	0	0	0	0	0	0	192	
0	0	0	0	0	0	0	0	0	0	0	0	0	0	0	0	0	0	0	0	0	0	0	0	0	0	0	0	0	0	0	0	0	0	0	0	0	0	0	0	0	0	0	0	0	0	0	0	0	0	0	0	0	0	0	0	0	192	0	0	0	0	0	0	0	0	0	0	0	0	0	0	0	0	0	0	192	0	0	0	0	0	0	0	0	0	0	0	0	0	0	0	0	0	0	0	0	0	0	0	0	192	0	0	0	0	0	0	0	0	0	0	0	0	0	0	0	0	0	0	
0	0	0	0	0	0	0	0	0	0	0	0	0	0	0	0	0	0	0	0	0	0	0	0	0	0	0	0	0	192	0	0	0	0	0	0	0	0	0	0	0	0	0	0	0	0	0	0	0	0	0	0	0	0	0	0	0	0	0	0	0	0	0	0	0	0	0	0	0	0	0	0	0	0	0	0	0	0	192	0	0	0	0	0	0	0	0	0	0	0	0	0	0	192	0	0	0	0	0	0	0	0	0	0	0	0	0	0	0	0	0	0	0	0	0	0	0	0	0	0	
0	0	0	192	0	0	0	0	0	0	0	0	0	0	0	0	0	0	0	0	0	0	0	0	0	0	0	0	0	0	0	0	0	0	0	0	0	0	0	0	0	0	0	0	0	0	0	0	0	0	0	0	0	0	0	0	0	0	0	0	0	0	0	0	0	0	0	0	0	0	192	0	0	0	0	0	0	0	0	192	0	0	0	0	0	0	0	0	0	0	0	0	0	0	0	0	0	0	0	0	0	0	0	0	0	0	0	0	0	0	0	0	0	0	0	0	0	0	0	0	
0	0	192	0	0	0	0	0	0	0	0	0	0	0	0	0	0	0	0	0	0	0	0	0	0	0	0	0	0	0	0	0	0	0	0	0	0	0	0	0	0	0	0	0	192	0	0	0	0	0	0	0	0	0	0	0	0	0	0	0	0	0	0	0	0	0	0	0	0	0	0	0	0	0	0	0	0	0	0	0	0	0	0	0	0	0	0	0	0	0	0	0	0	0	0	0	0	0	0	0	0	0	0	192	0	0	0	0	0	0	0	0	0	0	0	0	0	0	0	0	
0	0	0	0	0	0	0	0	0	0	0	0	0	0	0	0	0	0	0	0	0	0	0	0	0	0	0	0	0	0	0	0	0	0	0	0	0	0	0	0	0	0	0	0	0	0	0	0	0	0	0	192	0	0	0	0	0	0	0	0	0	0	0	0	0	0	0	0	0	0	0	0	0	0	0	0	0	0	0	0	0	0	0	0	0	0	0	0	0	0	0	0	0	0	0	0	0	192	0	0	0	192	0	0	0	0	0	0	0	0	0	0	0	0	0	0	0	0	0	0	
0	0	0	0	0	0	0	0	0	0	0	0	0	0	0	0	0	0	0	0	0	0	0	0	0	0	0	0	0	0	0	0	0	0	0	0	0	192	0	0	0	0	0	0	0	0	0	0	0	0	0	0	0	0	0	0	0	0	0	0	0	0	0	0	0	0	0	0	0	0	0	0	0	0	0	0	0	0	0	0	0	0	0	0	0	0	0	0	0	0	0	0	0	0	0	0	0	0	0	0	0	0	0	0	0	0	0	0	0	0	0	0	192	0	0	192	0	0	0	0	
192	0	0	0	0	0	0	0	0	0	0	0	0	0	0	0	0	0	0	0	0	0	0	0	0	0	0	0	0	0	0	0	0	0	0	0	0	0	0	0	0	0	0	0	0	0	0	0	0	0	192	0	0	0	0	0	0	0	0	0	0	0	0	0	0	0	0	0	0	0	0	0	0	192	0	0	0	0	0	0	0	0	0	0	0	0	0	0	0	0	0	0	0	0	0	0	0	0	0	0	0	0	0	0	0	0	0	0	0	0	0	0	0	0	0	0	0	0	0	0	
0	0	0	0	0	0	0	0	0	0	0	0	0	0	0	0	0	0	0	0	0	0	0	0	0	0	0	0	0	192	0	0	0	0	0	0	0	0	0	0	0	0	0	0	0	0	0	0	0	0	0	0	0	0	0	0	0	0	0	0	0	0	0	0	0	0	0	0	0	0	0	0	0	0	0	0	0	0	0	0	0	0	0	0	0	0	0	0	0	0	0	0	0	0	0	0	0	192	0	0	192	0	0	0	0	0	0	0	0	0	0	0	0	0	0	0	0	0	0	0	
0	0	0	0	0	0	0	0	0	0	0	0	0	0	0	0	0	0	0	0	0	0	0	0	0	0	0	0	0	0	0	0	0	192	0	0	0	192	0	0	0	0	0	0	0	0	0	0	0	0	0	0	0	0	0	0	0	0	0	0	0	0	0	0	0	0	0	0	0	0	0	0	0	0	0	0	0	0	0	0	0	0	0	0	0	0	0	0	0	0	0	0	0	0	0	0	0	0	0	0	0	0	0	0	0	0	0	0	0	192	0	0	0	0	0	0	0	0	0	0	
0	0	0	0	0	0	0	0	0	0	0	0	0	0	0	0	0	0	0	0	0	192	0	0	0	0	0	0	0	0	0	0	0	0	0	0	192	0	0	0	0	0	0	0	0	0	0	0	0	0	0	0	0	0	0	0	0	0	0	0	0	0	0	0	0	0	0	0	0	0	0	0	0	0	0	0	0	0	0	0	0	0	0	0	0	0	0	0	0	192	0	0	0	0	0	0	0	0	0	0	0	0	0	0	0	0	0	0	0	0	0	0	0	0	0	0	0	0	0	0	
0	0	0	0	0	0	0	0	0	0	0	0	0	0	0	0	0	0	0	0	0	0	0	0	0	0	0	0	0	0	0	0	0	0	0	0	0	0	0	0	0	0	0	0	0	0	0	0	0	0	0	0	0	192	0	0	0	0	0	0	0	0	0	0	0	0	0	0	0	192	0	0	0	0	0	0	0	0	0	0	0	0	0	0	0	0	0	0	0	0	192	0	0	0	0	0	0	0	0	0	0	0	0	0	0	0	0	0	0	0	0	0	0	0	0	0	0	0	0	0	
0	0	0	0	0	0	0	0	0	0	0	0	0	0	0	0	0	0	0	0	0	0	0	0	0	0	0	0	0	0	0	0	0	0	0	0	0	0	0	0	0	0	0	0	0	0	0	0	0	0	0	0	0	0	0	0	0	0	0	0	0	0	0	0	0	0	0	192	0	0	0	0	0	0	0	0	0	0	0	0	0	0	0	0	0	0	0	0	0	0	0	0	0	0	0	0	0	0	0	0	192	0	0	0	0	0	0	0	0	192	0	0	0	0	0	0	0	0	0	0	
0	0	0	0	0	0	0	0	0	0	0	0	0	0	0	0	0	0	0	0	192	0	0	0	0	0	0	0	0	0	0	0	0	0	0	0	0	0	0	0	0	0	0	0	0	0	0	0	0	0	0	0	0	0	0	0	0	0	0	0	0	0	0	0	0	0	0	0	0	0	0	0	0	0	0	0	0	0	0	0	0	0	0	0	0	0	0	0	0	0	0	0	0	0	0	0	0	0	0	0	0	0	0	0	0	0	0	0	0	0	0	0	0	0	0	0	0	0	0	192	
0	0	0	0	0	0	0	0	0	0	0	0	0	0	0	0	0	0	0	0	0	0	0	0	0	0	0	0	0	0	0	0	0	0	0	0	0	0	0	0	0	0	0	0	0	0	0	0	0	0	0	0	0	0	0	0	0	0	0	0	0	0	0	0	0	192	0	0	0	0	0	0	0	192	0	0	0	0	0	0	0	192	0	0	0	0	0	0	0	0	0	0	0	0	0	0	0	0	0	0	0	0	0	0	0	0	0	0	0	0	0	0	0	0	0	0	0	0	0	0	
0	0	0	0	0	0	0	0	0	0	0	0	0	0	0	0	0	0	0	0	0	0	0	192	0	0	0	0	0	0	0	0	0	0	0	0	0	0	0	0	0	0	0	0	0	0	0	0	0	0	0	0	0	0	0	0	0	0	0	0	0	0	0	0	0	0	0	0	0	0	0	0	192	0	0	0	0	0	0	0	0	0	0	0	0	0	0	0	0	0	192	0	0	0	0	0	0	0	0	0	0	0	0	0	0	0	0	0	0	0	0	0	0	0	0	0	0	0	0	0	
0	0	0	0	0	0	0	0	0	0	0	0	0	0	0	0	0	0	0	0	0	0	0	0	0	0	0	0	0	0	0	0	0	0	0	0	0	0	0	0	0	0	0	0	0	0	0	0	0	0	0	0	0	0	0	0	0	0	0	0	0	0	0	0	0	0	0	0	0	0	0	0	0	0	0	0	0	0	0	0	0	0	0	0	0	0	0	0	0	0	0	0	0	0	0	0	0	0	0	0	0	0	0	192	0	0	0	0	0	0	0	0	0	0	0	0	192	0	0	0	
98	9	103	27	20	1	79	60	33	45	111	60	114	36	55	108	88	40	104	118	83	42	52	51	101	115	35	90	118	52	69	7	33	110	85	64	85	74	20	41	108	73	1	80	94	51	71	40	101	107	6	26	42	33	39	110	30	61	11	94	81	18	20	82	69	79	41	83	26	63	109	83	27	41	32	114	71	96	68	98	104	11	48	19	54	100	31	55	51	29	65	86	104	29	55	97	102	78	58	58	93	33	52	74	31	111	52	9	53	89	5	32	119	32	63	97	31	37	108	116	54	65	11	67	92	21	7	38	36	42	88	103	69	16	63	102	32	90	13	4	71	88	76	67	44	90	4	116	101	19	102	31	62	98	67	13	54	34	76	16	7	2	83	88	89	61	87	47	46	34	115	85	23	11	8	76	5	2	77	60	48	94	84	30	82	49	47	44	20	116	94	23	31	24	10	119	51	102	85	13	82	103	70	115	65	17	31	53	67	31	22	50	85	116	79	104	66	100	62	3	80	52	80	81	68	81	59	103	115	73	75	41	98	111	70	85	77	74	48	40	27	70	118	62	39	48	38	117	24	93	44	50	25	18	38	113	72	69	96	32	114	9	95	83	100	37	1	24	83	37	90	100	3	117	40	35	35	5	86	107	63	119	52	81	115	65	84	65	61	65	70	57	58	10	28	54	47	107	85	100	33	0	61	33	53	46	18	10	16	74	0	99	22	50	92	34	62	41	116	91	99	38	116	100	35	61	18	114	4	66	90	1	113	77	73	15	8	72	69	9	61	9	26	19	87	102	54	59	50	50	29	118	26	108	116	80	102	24	57	55	41	27	24	111	41	114	22	70	67	50	81	89	108	25	53	28	81	10	72	85	47	76	54	57	18	107	84	28	42	37	61	55	86	8	58	102	59	118	16	24	75	17	1	8	118	113	62	109	5	32	88	26	82	47	24	63	69	46	55	77	119	7	45	85	26	34	52	64	70	105	61	31	60	109	33	3	78	70	41	85	20	94	21	23	87	93	31	64	65	61	57	115	90	110	114	15	35	82	27	15	21	66	55	91	58	70	70	60	75	8	32	83	63	72	31	89	49	72	44	119	89	99	65	112	45	27	105	59	55	67	38	52	118	9	85	81	46	65	100	111	35	96	112	27	36	43	45	89	28	0	32	23	10	75	119	82	50	73	7	119	16	64	63	104	68	90	9	7	50	85	5	4	70	114	36	104	1	107	49	87	61	93	26	34	55	29	115	23	26	54	45	76	56	39	115	98	9	99	100	107	87	41	99	55	83	27	80	56	53	90	12	29	23	39	34	31	94	34	116	3	52	36	78	31	41	85	84	8	102	39	7	93	93	10	24	24	117	88	55	115	105	73	30	21	17	94	109	104	55	33	118	13	98	19	50	117	77	76	74	105	88	37	55	66	68	0	65	17	66	37	41	63	84	38	34	13	33	115	91	36	60	14	54	60	118	71	52	24	78	71	5	0	118	48	35	116	0	83	111	87	76	112	57	32	75	0	43	59	65	22	64	112	55	20	115	79	27	54	61	62	18	89	61	96	111	93	76	34	98	62	48	30	2	84	47	51	114	76	97	4	28	0	63	84	12	91	40	61	85	71	30	114	60	119	102	109	105	1	117	112	96	11	0	106	25	116	37	11	64	40	11	51	46	66	54	109	88	22	103	109	110	49	59	24	1	97	105	99	89	43	73	49	97	64	31	96	46	116	18	11	36	32	66	118	11	101	81	115	118	71	7	106	68	50	37	117	111	50	38	46	48	19	16	61	3	44	69	105	113	51	17	100	16	49	30	30	104	79	34	71	116	80	78	80	102	103	25	37	105	31	86	24	62	119	64	65	92	59	42	67	89	7	19	0	49	29	57	51	72	108	18	93	39	48	108	26	88	73	90	106	79	19	83	4	102	28	63	44	52	113	39	49	65	113	100	74	15	59	8	104	17	69	109	10	15	15	58	28	48	97	6	106	39	94	72	55	75	1	41	23	110	79	93	47	63	116	80	37	9	118	62	39	9	111	95	100	94	76	14	13	31	40	45	42	95	110	104	113	68	36	22	27	95	49	111	43	7	37	104	76	108	117	77	12	64	44	16	111	8	95	18	14	112	112	77	38	36	25	69	1	106	19	33	68	102	115	28	60	72	115	7	4	84	12	40	46	40	54	27	104	116	82	6	92	114	82	37	86	32	54	54	97	36	78	13	22	19	108	8	31	108	16	85	113	33	62	72	112	66	19	119	79	12	33	22	92	83	4	72	39	44	21	13	42	20	35	72	114	19	107	90	114	1	26	12	34	108	38	114	89	61	55	56	48	38	85	101	91	3	56	74	41	21	107	8	38	23	40	48	58	26	15	12	96	104	6	10	5	113	104	51	20	76	117	37	4	65	93	56	64	61	14	41	109	49	2	109	80	19	98	47	70	49	114	55	21	98	62	40	92	114	44	67	21	4	11	45	75	31	100	39	18	31	105	99	59	16	105	32	72	8	97	5	26	113	10	13	49	6	77	5	95	88	13	101	34	20	22	70	47	62	55	24	54	39	96	55	110	78	66	56	109	64	99	87	39	24	39	67	69	46	24	47	49	43	56	79	86	4	46	44	13	112	35	83	67	0	16	28	93	70	104	21	84	61	26	68	101	99	20	93	88	88	16	107	101	24	42	5	6	107	23	47	55	52	55	71	108	109	99	27	82	100	55	99	110	45	53	43	80	90	79	83	75	56	25	10	71	7	76	44	53	44	71	68	76	90	105	60	103	52	29	71	113	45	13	36	23	12	99	6	21	105	72	26	48	44	10	110	108	110	38	82	4	114	106	51	48	66	68	7	5	105	59	81	31	10	113	109	75	96	114	10	70	115	21	73	47	23	65	74	116	83	94	19	24	50	15	87	119	50	35	70	81	54	53	43	118	110	94	72	85	61	32	54	116	99	36	86	110	39	73	42	44	102	95	23	103	53	116	15	18	108	82	81	90	34	85	102	20	92	11	86	69	104	40	57	110	76	55	49	63	70	34	108	24	32	47	58	31	42	1	4	48	49	89	3	94	79	27	116	72	55	73	86	58	32	44	101	112	85	48	27	90	51	72	65	26	52	104	93	117	50	57	29	116	89	91	28	96	84	107	3	0	111	3	9	97	13	77	51	6	12	60	19	52	93	32	0	29	33	51	59	99	85	25	99	78	88	3	46	60	83	96	17	18	52	11	79	94	50	90	71	24	101	110	96	5	29	7	117	96	79	69	100	98	16	27	61	8	21	103	94	46	40	116	25	50	14	80	76	10	79	75	76	109	68	66	95	44	80	1	31	92	89	83	45	93	83	63	22	35	119	10	2	31	87	16	10	19	98	56	4	86	14	22	53	14	55	101	44	3	71	84	69	28	105	19	78	73	74	99	107	29	68	103	102	6	7	61	114	108	82	43	52	61	34	119	50	44	42	105	24	86	11	80	48	97	78	100	71	85	67	39	102	102	111	104	11	41	94	105	31	20	78	49	44	3	55	48	90	112	79	34	31	46	68	47	34	5	31	37	59	53	8	56	57	27	84	71	23	67	116	17	55	15	57	27	5	44	21	29	39	116	8	18	103	38	29	67	25	105	23	55	71	17	79	89	13	112	26	27	27	70	2	41	109	39	0	38	118	18	28	87	85	112	32	117	71	108	119	40	97	78	7	12	48	24	110	42	15	35	97	52	53	93	119	83	1	69	62	39	45	54	5	13	31	64	7	29	118	71	49	98	33	90	108	37	72	114	84	105	94	63	64	116	47	34	22	65	104	6	116	50	76	115	70	22	66	29	31	52	9	13	36	118	112	113	47	106	82	109	92	70	85	48	0	119	69	15	57	115	48	39	73	58	92	90	47	64	82	73	63	79	1	105	62	70	49	113	98	46	68	71	93	5	88	43	21	48	37	88	112	98	16	83	21	61	69	114	54	1	55	32	63	23	111	50	0	75	110	82	19	118	53	90	111	51	22	4	63	25	0	79	103	59	69	14	96	23	49	52	36	83	34	18	39	2	44	85	116	36	33	118	85	58	8	8	17	118	16	55	90	11	32	32	12	62	93	89	85	11	18	115	39	105	74	48	20	78	53	91	33	79	46	66	7	108	111	71	82	114	57	20	79	94	75	22	75	45	90	80	72	108	117	20	22	6	73	96	4	21	43	97	39	103	2	68	91	31	10	112	8	45	1	51	89	116	109	33	89	29	2	45	55	117	23	76	52	49	52	7	71	9	89	115	27	90	26	11	117	22	42	34	3	105	67	83	2	99	97	87	117	24	84	81	47	90	105	79	1	10	76	119	111	112	25	104	87	18	40	98	69	13	31	89	91	98	44	35	96	26	30	47	14	70	64	58	59	75	39	48	72	40	87	6	41	86	11	33	58	96	32	118	72	1	46	59	32	11	77	55	70	68	15	83	96	28	68	58	63	95	29	8	109	119	32	69	90	62	64	114	77	14	23	52	76	34	29	74	20	3	20	7	64	91	24	98	21	19	97	33	48	20	44	79	64	72	114	50	38	14	12	32	61	106	110	34	31	32	119	11	24	37	8	113	14	54	74	42	31	41	23	61	56	34	2	32	15	116	38	6	74	58	8	64	1	66	114	22	14	95	70	45	115	10	52	77	24	49	109	55	72	102	57	99	67	90	97	21	53	33	106	106	106	10	99	9	38	48	14	30	109	29	77	49	63	17	110	100	20	69	84	29	113	17	111	21	89	100	51	90	29	90	37	44	103	5	26	43	69	13	46	115	32	105	25	85	81	114	84	79	81	85	115	118	111	80	36	109	16	115	117	36	32	83	48	109	7	98	86	70	15	86	90	93	18	30	77	117	71	52	49	11	79	4	104	87	30	20	74	21	18	89	46	95	4	18	52	29	110	1	88	30	107	6	78	13	103	32	114	101	71	80	25	119	117	43	102	15	12	32	52	74	75	103	27	32	1	4	29	64	110	68	40	8	116	18	115	61	42	81	28	90	69	86	56	42	25	110	19	28	93	35	80	23	93	0	53	49	111	116	54	50	95	100	60	12	101	23	106	13	42	44	107	5	4	109	39	30	110	19	8	23	81	86	63	97	36	99	53	81	26	19	21	30	116	4	13	96	56	27	65	95	36	39	45	29	79	45	110	19	75	88	84	57	37	74	55	5	26	40	1	86	53	70	38	43	117	53	72	77	58	107	92	114	34	102	93	33	116	57	40	69	14	45	103	4	18	104	57	56	64	32	47	29	70	69	13	12	86	97	22	0	109	60	58	11	35	111	31	80	115	12	54	16	114	83	64	53	76	91	62	116	8	13	87	84	106	32	89	79	71	66	84	97	28	48	89	55	101	85	98	35	103	87	60	36	55	34	104	94	70	86	57	31	9	34	52	87	117	97	37	68	100	14	104	82	105	1	94	4	5	35	59	26	110	24	37	13	3	24	38	101	62	115	46	65	44	79	81	40	71	118	0	102	51	116	70	13	0	75	68	59	30	68	12	45	29	82	31	81	11	78	37	40	118	17	37	20	84	94	113	38	9	85	6	50	93	84	61	23	52	96	66	75	76	114	27	95	97	27	79	55	83	15	92	117	77	103	104	58	29	113	3	69	90	19	84	51	96	8	114	75	59	112	42	14	111	87	22	86	97	111	52	104	32	86	30	35	94	91	94	21	22	13	61	53	68	103	97	31	35	12	43	82	105	117	98	14	44	39	58	101	38	33	29	9	86	35	112	86	23	18	50	116	58	60	75	36	107	99	32	99	69	78	33	98	45	119	43	30	36	7	1	21	4	54	4	114	14	80	57	95	112	39	81	28	48	118	12	59	43	52	21	108	3	107	37	92	45	23	4	64	102	115	22	91	114	98	28	106	117	7	16	86	110	70	27	4	46	115	69	90	56	18	116	112	98	49	0	38	58	83	104	67	107	98	12	49	61	118	109	81	72	32	93	83	79	65	29	10	49	106	13	5	89	42	105	30	106	66	44	11	74	100	94	26	72	85	55	102	28	54	11	37	5	92	71	85	75	74	91	0	68	37	23	45	61	95	104	64	80	32	92	47	90	56	26	14	54	99	113	52	75	101	81	96	83	105	88	86	81	84	48	112	9	78	116	114	115	93	114	75	62	78	104	34	28	90	31	89	49	92	103	91	45	0	15	15	5	51	56	60	88	5	60	7	10	108	98	75	26	106	62	95	3	37	23	99	24	17	40	75	1	102	74	106	97	90	93	107	46	24	119	71	41	75	15	32	11	59	111	66	5	117	17	65	61	27	55	32	88	6	34	14	50	27	3	33	58	57	33	35	55	28	12	4	24	48	107	115	104	66	113	112	98	42	33	60	20	19	51	33	106	52	32	87	19	55	108	29	32	71	72	101	112	36	94	70	48	8	9	59	25	75	76	112	85	91	35	65	20	2	95	99	119	118	27	49	17	37	104	94	88	93	110	97	70	13	37	97	24	115	62	48	72	48	90	70	112	105	61	72	119	86	3	43	61	104	52	110	112	54	12	32	14	118	29	108	12	2	62	96	38	116	91	45	104	73	9	64	82	19	12	62	56	54	42	117	92	84	0	36	50	27	42	92	47	83	91	109	110	118	69	5	26	97	23	84	4	105	35	23	3	33	55	45	39	102	99	53	95	4	8	9	110	119	5	35	71	16	41	114	52	45	55	33	50	75	44	23	97	83	60	16	104	83	0	117	7	30	85	96	87	22	90	5	86	117	109	75	1	4	105	4	42	80	109	2	37	31	35	63	19	6	17	60	78	92	20	107	99	87	94	50	83	39	59	67	100	32	44	95	42	78	19	105	112	38	113	102	17	85	55	21	104	26	31	56	88	63	92	46	105	82	24	116	119	107	76	53	62	76	104	80	23	45	95	117	68	46	95	15	33	67	87	90	74	45	78	96	14	100	29	72	45	18	63	93	47	102	0	57	115	1	75	117	106	49	46	63	80	52	55	7	44	115	69	76	58	116	96	73	72	12	115	97	99	29	36	99	26	112	87	80	30	79	50	115	60	15	50	97	99	49	118	21	75	13	100	6	55	82	23	0	6	73	111	81	98	91	38	46	73	46	105	2	25	4	20	87	107	61	115	7	55	95	8	22	118	17	94	1	60	38	38	83	31	9	7	15	30	116	44	75	90	78	37	84	79	75	94	64	36	42	19	20	84	55	24	64	35	73	37	76	29	11	83	3	37	32	1	73	51	38	33	12	47	108	22	96	51	93	92	108	1	62	5	30	28	88	64	65	80	17	12	100	102	20	44	26	44	92	46	23	83	87	49	82	22	36	1	22	25	57	70	110	55	71	52	63	98	38	75	14	78	21	32	97	85	13	31	109	48	95	79	77	56	8	93	11	80	23	76	64	33	5	44	24	97	4	20	100	76	21	118	93	89	41	107	88	16	26	59	51	110	20	11	105	107	76	64	112	18	43	86	94	49	91	41	23	40	3	22	39	80	83	55	17	107	55	44	25	57	50	16	96	21	8	118	47	20	4	90	41	115	37	112	34	31	52	56	111	71	51	70	56	38	92	5	21	46	35	77	0	70	97	10	65	31	34	84	34	36	21	75	115	70	44	24	50	15	54	12	91	14	0	15	73	47	2	76	53	8	76	23	30	7	20	9	79	20	62	104	23	54	30	106	106	45	93	6	0	35	13	7	79	73	52	113	6	113	12	46	21	34	78	84	54	29	2	65	90	66	13	105	18	37	68	55	62	61	29	45	57	117	13	73	112	119	30	92	36	35	84	91	94	53	68	88	9	42	12	89	92	93	87	116	6	119	101	16	117	103	79	1	28	118	97	47	0	58	24	26	25	108	114	26	37	80	30	66	41	9	107	63	113	46	118	39	88	86	17	63	59	3	106	55	55	61	17	36	64	59	15	112	115	24	1	35	21	104	7	51	62	22	53	38	10	13	82	30	19	67	105	66	97	116	25	109	51	102	97	2	9	43	81	28	8	50	19	43	106	84	119	48	43	55	39	1	51	117	32	90	11	54	100	79	65	114	3	44	18	3	21	85	39	110	76	47	78	106	38	28	108	52	4	27	56	46	103	28	35	75	12	34	20	11	48	14	33	89	83	54	61	75	71	84	58	58	66	49	6	76	5	13	96	55	80	64	105	28	7	10	71	104	58	55	74	71	2	22	84	67	86	99	18	72	61	14	76	24	81	40	116	51	84	73	2	38	86	42	75	25	36	82	2	78	7	1	39	116	91	98	71	33	79	64	62	80	87	63	88	38	32	111	65	109	75	45	8	59	104	81	28	19	73	10	86	80	21	81	109	112	93	92	97	69	21	39	74	19	115	68	103	114	9	37	28	64	11	23	17	61	54	38	112	38	115	16	73	89	102	87	59	61	87	34	15	70	50	41	118	4	60	48	23	79	27	4	114	87	23	51	38	54	16	96	101	117	97	47	76	63	40	32	64	50	87	25	33	102	99	20	45	56	108	96	56	117	56	30	112	30	64	85	17	33	45	28	38	94	30	116	108	46	42	101	6	32	87	15	117	35	29	70	30	16	2	1	24	12	70	10	68	84	103	0	101	41	102	40	44	116	105	37	61	43	42	72	28	112	42	115	49	71	83	76	108	88	46	110	100	72	90	79	42	22	17	52	54	82	102	117	96	54	115	4	31	114	25	62	95	34	14	32	82	48	32	113	27	108	70	12	115	36	100	96	93	22	71	26	0	27	97	84	87	3	5	77	113	58	68	116	86	5	86	110	67	9	41	21	1	42	36	19	113	25	83	34	98	86	89	59	46	63	110	64	97	33	23	12	96	6	35	71	63	73	27	18	71	55	19	88	24	74	60	19	116	27	42	101	15	100	0	58	88	112	104	79	15	57	81	35	118	109	48	4	47	118	23	64	71	11	43	94	99	73	107	15	77	87	45	97	117	113	105	46	45	19	14	0	10	12	39	113	25	59	105	84	109	71	98	38	24	27	88	67	102	23	98	73	25	15	116	5	15	90	66	20	116	74	93	72	0	19	11	74	112	51	7	14	108	3	43	8	44	45	59	41	69	46	41	47	47	65	27	13	56	36	15	72	23	39	16	25	68	48	116	114	87	67	4	64	26	4	63	86	114	73	40	11	42	47	109	43	41	67	50	46	115	66	78	106	82	44	32	15	96	102	49	3	70	74	97	28	62	115	62	103	85	114	78	114	41	23	72	30	84	5	109	62	12	108	13	64	98	32	81	89	25	45	99	83	86	115	26	100	12	3	75	35	90	95	72	54	43	67	110	6	72	79	81	102	38	26	95	30	63	79	7	80	28	30	4	91	77	95	110	59	27	116	101	6	112	62	100	13	45	92	5	89	96	43	63	20	77	9	35	38	76	46	88	33	24	25	80	69	66	102	87	0	55	4	10	27	35	49	91	64	45	0	109	26	90	36	82	3	61	36	53	52	25	84	32	5	2	34	15	45	32	32	20	61	84	111	104	102	16	7	107	9	116	66	48	64	113	57	26	56	104	78	40	95	116	37	96	107	19	39	116	15	46	71	60	80	113	104	94	35	92	16	5	69	16	31	59	77	51	116	64	94	97	87	115	78	105	110	96	112	89	22	58	87	41	119	14	98	74	65	43	6	4	64	97	82	36	103	20	44	92	114	51	29	14	42	52	1	102	58	14	78	44	44	68	72	112	89	111	20	87	86	13	72	48	9	21	100	73	21	90	18	10	49	22	33	111	79	104	19	72	46	18	11	47	39	48	21	97	11	84	83	40	3	78	32	83	97	105	31	16	42	60	48	1	69	45	50	85	109	84	44	47	56	46	80	67	63	104	72	69	70	100	111	15	53	74	76	44	87	16	29	33	21	10	28	39	91	24	99	112	76	35	80	29	101	17	100	15	30	4	119	104	108	9	66	80	101	24	72	50	25	85	6	108	0	10	83	53	118	40	99	113	46	66	4	49	38	50	95	19	113	54	1	102	45	105	114	65	81	6	85	12	83	28	110	16	44	46	109	77	94	67	76	4	44	111	103	56	12	79	51	39	75	80	61	29	24	29	41	47	80	44	114	100	0	5	44	73	109	95	104	105	70	61	85	81	64	111	99	43	73	84	103	95	82	47	56	58	63	108	16	99	19	85	78	11	110	73	18	8	6	9	37	22	52	31	86	56	104	44	92	11	63	47	100	18	25	104	68	20	110	42	21	1	97	1	103	80	106	57	26	23	115	44	89	66	88	67	33	7	50	115	46	60	62	64	66	94	35	91	37	41	77	46	94	28	9	9	101	118	62	12	27	28	84	78	2	59	31	60	77	73	4	118	48	16	87	54	80	8	64	9	49	31	67	4	22	86	89	74	109	115	23	65	97	114	71	64	13	111	95	102	47	75	64	25	101	29	112	39	90	6	74	16	105	55	87	83	69	43	104	60	95	36	17	99	9	105	5	18	79	25	65	42	21	23	81	63	115	106	87	119	5	103	73	72	57	91	58	6	25	82	114	78	88	67	39	27	67	100	85	97	74	56	12	56	10	87	80	3	93	59	22	96	71	80	97	112	49	69	11	43	16	69	95	42	99	39	24	81	92	33	111	8	56	54	94	102	40	32	0	4	78	90	105	63	111	76	96	44	56	55	79	119	70	9	80	29	114	117	66	25	58	43	57	94	12	54	15	94	91	118	67	97	75	59	55	56	0	110	98	48	41	116	27	117	5	57	41	94	77	81	26	46	113	27	73	25	91	29	89	119	58	13	24	65	99	83	67	90	6	87	2	78	101	101	56	5	100	96	78	26	76	113	43	110	27	29	70	36	11	22	114	41	98	27	57	22	34	29	68	82	97	1	80	69	93	55	59	107	93	51	39	10	56	68	7	17	94	31	36	93	95	107	86	85	39	23	90	94	100	20	21	12	48	93	11	50	28	3	118	12	34	103	25	23	112	12	49	106	6	113	44	7	39	111	12	54	59	14	8	60	15	62	8	65	45	45	32	17	7	73	102	116	104	85	16	62	36	66	27	43	114	49	50	85	8	55	85	33	68	1	54	3	97	60	28	97	74	19	71	60	112	54	2	81	48	40	119	38	117	29	36	89	24	32	115	118	43	91	101	104	20	83	43	74	1	57	117	18	12	54	67	10	100	8	103	5	78	104	37	81	41	26	62	3	80	103	111	43	68	83	77	79	20	53	40	93	69	106	85	27	30	36	92	76	54	62	116	8	28	67	20	68	61	62	93	114	6	95	115	47	66	56	103	40	75	83	25	37	112	52	104	86	39	96	101	37	26	47	105	12	85	90	118	114	40	50	43	11	97	46	2	19	38	51	81	31	102	38	40	100	55	11	73	10	
11	32	23	102	44	67	53	97	45	118	14	29	43	61	22	112	91	109	114	70	105	67	40	37	84	12	77	10	23	117	116	73	32	116	36	96	13	4	82	60	1	92	114	1	114	8	57	85	12	93	93	92	70	40	10	100	12	47	93	58	50	37	68	99	23	1	43	35	54	39	80	39	13	116	63	70	1	101	69	19	7	103	72	75	20	39	4	29	92	3	86	108	54	38	52	45	70	7	59	78	104	26	54	60	34	60	100	44	9	90	58	74	27	105	60	60	26	47	55	78	30	103	65	70	99	96	86	73	110	6	75	11	11	70	22	66	1	13	3	75	99	65	48	58	15	93	57	85	26	32	35	64	25	85	20	1	9	67	48	101	95	94	117	9	79	27	111	73	0	80	19	91	93	8	31	115	45	34	79	71	107	97	81	20	13	52	97	46	104	63	84	51	97	7	64	111	5	114	81	17	88	3	44	1	77	66	68	112	44	33	69	92	72	38	2	22	55	97	101	103	84	44	36	88	79	39	91	106	58	108	98	86	29	12	81	30	1	119	19	1	0	119	79	41	82	76	63	56	0	0	115	54	27	84	46	91	77	112	39	90	110	110	81	67	112	70	107	47	43	10	94	47	24	74	21	36	64	88	56	87	13	61	23	49	111	49	100	4	96	86	24	63	40	60	52	44	104	77	9	45	113	33	31	10	21	74	113	75	52	9	86	19	16	86	32	90	113	3	56	73	48	8	22	25	94	7	101	35	29	89	4	32	117	22	37	10	23	63	73	40	77	31	113	76	31	29	14	56	63	2	8	67	92	80	9	88	89	15	75	39	55	42	77	16	86	23	80	54	71	106	7	57	51	81	113	26	100	72	41	74	2	118	46	99	6	109	66	24	116	110	53	12	114	60	106	31	44	72	1	94	24	69	39	45	41	98	114	35	69	51	119	75	25	109	58	26	59	70	81	23	46	42	88	61	8	54	85	90	95	111	68	59	30	19	51	21	35	86	70	68	84	101	91	70	60	13	30	72	113	116	77	55	97	78	84	80	23	40	73	55	34	31	112	10	69	1	119	78	111	26	82	71	107	40	119	35	56	118	67	111	36	57	42	42	58	38	77	104	44	91	55	81	17	31	10	31	4	13	6	114	12	29	77	109	92	64	79	31	19	87	78	9	51	107	26	94	77	38	109	117	107	20	100	66	116	22	113	52	78	13	105	53	79	21	114	89	82	98	19	108	93	76	40	20	100	94	61	0	32	118	4	42	85	115	114	113	95	59	43	17	59	2	45	39	110	78	45	96	102	51	72	17	55	31	52	41	61	86	49	43	20	68	106	57	21	117	48	36	61	36	32	105	2	46	71	3	56	74	10	56	109	34	54	118	45	38	55	89	53	1	11	102	3	49	48	26	91	3	1	2	90	83	12	59	38	102	54	27	60	35	60	13	55	109	114	0	70	18	7	104	86	86	87	114	3	31	86	35	42	105	66	112	24	91	113	15	11	104	70	59	24	77	79	11	19	56	72	75	119	6	7	7	67	56	110	93	62	29	22	22	106	78	79	97	33	38	26	1	115	1	87	70	62	71	32	71	82	47	36	22	66	23	94	52	18	11	6	46	97	35	114	56	56	106	109	16	35	22	83	54	34	37	31	10	44	66	87	68	113	50	13	42	44	73	96	97	45	80	61	42	67	43	107	81	3	6	88	41	1	71	82	16	93	52	86	78	15	52	0	109	12	117	27	101	13	20	48	57	91	39	58	13	50	53	116	28	100	14	107	94	108	30	34	46	11	12	51	107	111	33	45	102	81	81	91	91	14	34	109	74	86	45	57	10	81	99	15	44	5	64	119	33	48	83	90	100	70	109	78	19	81	0	32	119	119	95	112	94	15	73	80	104	72	111	78	20	39	67	106	89	51	38	33	78	33	114	81	118	57	2	101	46	44	78	111	83	89	47	30	57	54	94	33	72	7	44	55	58	26	93	3	37	30	11	6	20	28	62	84	118	58	76	101	87	83	8	41	8	41	99	82	27	101	80	88	79	83	41	94	22	68	49	7	64	27	64	91	46	108	52	7	42	5	73	85	65	45	104	86	50	25	89	115	24	114	43	27	108	110	87	108	43	87	13	52	98	42	103	36	94	7	102	75	114	71	113	3	115	64	6	110	24	64	102	18	26	10	101	48	101	13	15	101	73	60	71	61	2	39	40	95	59	68	67	26	73	78	13	76	90	49	80	89	9	114	26	10	113	74	99	62	48	106	48	34	60	86	59	105	45	88	9	47	83	30	45	100	39	78	96	77	35	119	111	80	15	76	8	50	41	63	109	26	24	86	93	27	112	54	73	28	59	46	28	62	4	62	108	42	30	43	46	95	88	5	97	60	24	69	73	68	48	97	87	6	5	37	44	84	12	67	66	5	39	86	40	48	98	48	41	20	79	119	88	4	85	100	49	114	33	107	9	69	46	69	31	112	83	111	11	38	58	70	6	98	16	62	74	51	74	82	46	60	48	7	90	87	96	104	41	75	113	18	104	112	75	110	1	21	40	1	76	88	119	22	110	100	20	46	114	110	43	103	20	96	23	7	74	9	102	51	113	36	109	88	66	86	42	82	78	46	91	57	39	6	36	119	49	24	112	37	38	116	50	10	102	58	35	37	96	82	15	52	3	105	78	52	3	53	46	70	82	39	44	39	41	56	64	8	23	102	83	83	0	27	36	104	74	61	64	3	57	103	52	63	56	32	68	108	84	114	97	45	75	83	93	32	104	66	81	59	6	87	114	73	15	50	8	27	102	84	17	18	97	8	105	112	13	79	49	44	29	2	101	30	73	32	97	84	1	109	82	21	1	9	40	67	49	2	62	15	90	31	101	58	113	63	8	16	63	56	88	8	61	100	69	47	50	114	88	59	45	44	104	92	81	109	81	13	117	86	34	105	66	50	0	82	22	92	2	8	104	82	114	110	100	31	37	38	47	6	60	8	50	25	73	91	38	34	105	7	111	14	72	67	106	4	79	46	97	113	20	25	30	17	88	11	13	117	71	15	52	36	23	52	103	51	85	111	65	34	24	12	75	50	61	52	28	49	6	46	11	18	85	91	94	110	32	74	99	38	13	34	103	23	86	13	17	119	38	6	77	107	28	54	65	66	27	36	108	104	20	1	40	38	9	82	91	115	112	60	11	97	1	115	65	45	54	12	95	108	81	116	118	94	76	10	74	20	100	83	71	52	103	74	52	25	10	55	21	18	74	72	23	16	71	22	24	27	46	71	3	25	114	81	118	41	8	51	55	85	38	24	14	58	16	26	85	53	29	52	32	22	82	70	80	56	28	88	1	95	18	116	87	113	29	75	44	119	67	22	38	62	75	71	46	80	12	76	46	112	46	117	69	29	101	53	110	1	98	53	119	69	30	91	99	25	111	75	86	0	76	49	117	29	114	6	9	88	102	20	86	101	57	67	54	95	0	47	43	25	62	117	3	82	107	55	28	38	53	59	76	3	30	28	61	45	44	61	55	103	29	14	30	96	44	12	7	82	14	12	115	113	22	34	101	82	49	116	4	43	9	21	115	60	53	87	33	100	99	57	56	27	98	41	8	84	9	77	75	65	97	63	58	90	96	53	78	78	63	8	57	2	7	1	50	96	109	116	78	103	51	82	80	83	108	100	73	46	60	72	21	98	76	100	66	82	70	20	22	54	37	58	88	32	17	117	6	20	27	7	98	12	81	82	11	55	29	28	93	65	51	94	73	36	21	44	80	56	48	85	21	59	57	106	11	58	31	92	83	97	50	77	81	8	101	34	96	118	80	43	67	36	67	24	31	111	41	101	50	70	69	60	96	90	38	53	80	104	71	96	110	111	10	111	68	105	55	26	20	92	82	85	78	105	36	37	76	48	42	94	27	108	84	58	119	29	10	31	101	55	118	81	118	68	33	102	37	10	60	57	21	112	102	115	37	116	117	46	57	84	97	90	110	14	63	47	25	63	7	46	112	27	119	68	41	39	119	108	13	103	60	68	75	46	43	57	88	11	110	4	79	45	24	94	42	20	7	26	53	27	32	55	108	78	83	68	27	99	6	76	12	71	25	46	14	101	115	115	2	25	11	59	48	82	50	73	90	0	28	90	62	11	96	35	114	32	30	89	116	44	118	113	72	29	73	66	22	87	12	79	105	76	42	2	100	101	62	79	112	12	103	80	1	34	37	98	19	39	50	2	33	64	59	35	96	89	59	5	36	61	39	99	45	97	94	91	65	68	118	68	104	20	44	102	102	77	47	11	76	76	116	84	47	8	108	60	40	70	75	8	105	50	82	53	37	27	45	74	102	33	88	6	23	62	4	74	87	96	31	57	43	51	57	9	63	57	61	18	28	99	117	74	58	99	66	119	1	102	86	27	104	9	57	31	66	18	73	60	107	92	87	93	43	38	9	41	6	64	25	109	8	5	84	7	64	80	43	50	16	58	97	98	72	37	99	2	46	109	14	83	14	85	56	66	95	52	46	22	59	84	59	24	69	82	50	93	114	63	45	45	79	93	8	55	88	59	58	37	31	98	114	30	5	56	6	110	46	35	9	85	89	78	7	69	54	39	30	67	65	111	68	38	40	5	32	101	10	75	110	93	60	38	95	31	16	104	97	72	30	82	111	79	8	63	56	18	84	34	75	88	23	44	11	54	109	15	98	64	111	92	33	5	23	1	90	101	104	10	35	31	115	107	64	19	20	19	14	53	71	68	116	12	86	87	116	45	11	25	84	78	97	111	84	114	101	92	114	71	104	94	30	23	58	89	81	1	48	2	44	102	78	38	101	43	33	78	63	113	88	111	1	87	44	17	81	57	111	56	54	114	71	70	67	14	34	0	12	27	69	104	101	39	96	109	68	68	25	60	32	41	57	98	60	97	24	7	96	37	58	103	1	110	34	109	62	81	30	39	98	8	77	38	28	114	83	112	57	41	31	82	36	105	11	28	59	95	94	45	33	78	14	76	57	87	69	26	93	20	91	112	5	61	43	103	19	36	82	110	58	77	83	4	43	67	2	99	51	24	30	114	117	107	65	118	116	65	86	93	75	97	54	111	105	5	118	0	117	80	80	88	60	114	111	117	52	63	35	69	55	87	68	99	33	60	25	30	22	97	86	98	53	12	26	43	105	107	100	15	26	58	10	83	14	30	81	105	58	89	34	91	78	2	108	78	86	112	2	49	60	39	22	86	119	85	37	113	110	104	116	97	66	24	112	38	98	106	86	110	29	91	91	25	49	27	47	113	90	17	2	108	16	105	105	44	111	21	109	58	24	4	97	63	49	110	62	82	115	85	79	86	25	16	38	53	48	73	119	68	58	35	112	74	5	88	93	36	100	84	25	99	92	72	107	16	38	96	94	49	48	90	69	30	118	30	60	110	62	119	87	54	110	59	92	97	65	65	73	56	93	66	88	44	95	33	75	116	3	106	71	21	79	80	109	61	78	12	22	16	17	91	115	34	43	112	100	48	68	90	102	118	69	42	110	94	118	95	105	101	0	53	88	94	104	68	44	36	102	36	22	4	66	10	35	63	24	107	57	107	97	60	56	86	24	37	71	14	13	25	85	28	77	115	81	88	22	15	66	16	20	16	115	57	10	16	32	91	53	45	92	90	5	75	26	77	94	77	27	102	27	7	110	83	80	65	101	65	21	52	37	61	79	40	0	57	116	62	42	91	8	74	20	21	98	36	59	8	115	108	46	40	34	10	94	66	32	28	10	29	9	4	51	71	60	5	113	109	34	31	117	103	17	81	36	59	44	84	77	45	27	86	56	14	22	93	78	18	104	109	43	13	114	96	97	111	41	75	92	40	8	49	81	7	51	108	18	10	48	37	46	37	94	26	42	93	26	59	21	113	98	40	68	26	97	41	74	97	54	8	21	88	77	10	118	118	69	12	18	78	3	35	47	118	116	108	57	10	69	117	38	72	74	74	2	45	18	23	70	69	43	4	14	19	10	100	70	116	5	32	102	24	59	59	46	43	35	54	41	39	27	103	113	108	93	97	50	55	108	106	52	8	117	52	74	44	43	12	22	99	111	117	25	53	48	35	54	19	42	59	34	40	97	111	108	2	59	97	109	28	56	3	6	60	11	113	50	83	19	31	63	115	56	42	27	74	68	118	4	17	45	18	13	114	74	19	83	52	90	11	54	6	55	83	96	114	113	80	70	38	93	57	46	88	112	106	31	49	33	90	114	110	65	9	113	87	70	7	11	12	37	38	101	82	110	33	53	113	27	42	72	54	45	10	36	53	94	0	90	19	71	103	50	100	74	34	89	111	48	29	71	49	95	65	84	43	42	100	69	10	31	41	102	114	4	63	61	65	4	67	6	90	73	66	50	109	4	61	75	91	85	101	47	8	6	0	49	17	114	25	78	12	79	94	50	66	9	62	111	22	94	83	42	49	96	0	18	105	76	62	23	65	10	113	22	113	44	68	28	59	38	107	63	72	59	37	78	68	25	92	59	59	56	83	34	56	29	74	85	111	38	56	33	9	23	108	50	13	80	42	58	1	101	36	4	1	13	117	0	37	35	72	33	7	30	56	115	10	4	51	105	19	55	47	113	73	115	34	82	88	105	52	36	46	28	43	103	91	37	52	64	33	86	80	48	38	68	58	67	24	24	34	35	113	19	46	116	2	108	80	8	4	0	14	13	87	77	108	111	32	119	26	54	84	13	94	60	23	54	43	88	98	76	74	94	26	15	43	50	88	11	16	44	87	59	21	86	114	100	39	11	37	10	21	19	25	13	117	83	102	37	90	118	102	75	1	38	58	36	62	104	37	7	50	40	7	81	48	61	117	100	89	70	49	89	51	96	33	73	31	40	116	107	3	87	54	98	34	27	89	110	104	91	58	44	2	119	9	48	85	5	37	7	97	107	81	45	56	111	15	100	107	81	89	53	57	4	39	53	75	30	66	11	74	88	65	2	35	87	42	16	71	64	105	18	39	116	85	116	84	3	113	47	50	30	37	22	107	110	12	82	30	33	92	36	101	42	67	31	39	51	52	97	62	64	49	34	44	29	34	48	86	16	80	116	30	97	103	105	3	119	64	33	88	94	23	76	51	68	80	28	57	20	73	97	39	106	114	29	42	43	101	51	31	51	37	53	92	6	80	103	2	45	24	26	99	71	93	50	98	104	51	76	74	90	24	95	52	117	38	71	62	3	31	38	35	53	35	94	115	36	70	9	36	56	87	6	71	2	36	13	62	119	80	116	54	74	106	35	97	91	50	119	59	0	84	119	15	10	101	33	118	38	12	16	41	49	74	9	1	15	13	55	110	91	21	81	99	4	89	27	15	75	38	3	94	101	91	3	85	21	78	39	24	49	0	74	86	70	19	17	83	103	101	84	54	57	72	73	24	96	8	7	93	36	106	81	1	89	37	47	98	119	118	117	38	102	83	63	8	40	17	29	42	11	18	99	58	55	16	80	19	112	45	84	83	32	111	19	40	60	32	59	25	36	2	103	109	25	64	48	95	60	28	24	80	61	64	109	114	115	67	114	54	105	17	106	112	98	9	1	79	67	97	112	110	44	76	116	27	106	88	91	33	96	83	54	20	110	77	4	15	62	109	99	66	71	67	105	97	52	113	118	45	66	43	10	25	86	119	87	34	21	113	90	79	63	92	18	80	27	0	50	0	75	52	85	78	20	21	39	105	49	28	102	29	102	95	39	89	52	78	36	7	67	79	50	103	33	32	84	5	35	59	26	51	85	103	66	9	8	105	60	20	44	66	59	68	119	36	99	10	110	79	115	5	96	92	80	29	5	87	25	18	6	89	106	63	91	12	14	31	18	50	98	46	0	4	117	88	24	73	44	95	98	43	28	24	31	13	53	60	118	47	61	47	7	72	100	34	34	2	25	114	75	58	43	63	39	49	58	29	75	99	4	105	28	54	101	47	103	6	29	92	3	3	89	74	40	34	48	5	37	99	114	78	91	19	21	91	72	55	33	12	106	81	44	38	86	42	92	1	43	32	26	5	87	25	27	7	0	20	14	103	85	91	118	49	102	76	13	10	119	33	117	50	66	85	103	40	97	53	118	57	114	6	2	79	68	5	82	76	46	46	88	13	64	49	14	99	79	82	49	101	69	20	70	10	78	110	41	119	21	26	77	43	8	104	43	38	27	96	116	9	94	56	19	106	119	37	90	48	11	72	68	73	24	65	79	63	20	26	34	82	102	20	22	56	102	95	29	68	107	1	42	26	109	23	54	74	96	44	52	79	53	56	36	118	96	73	48	38	7	74	111	77	118	61	45	13	118	113	87	31	66	98	79	14	69	76	3	46	43	38	88	98	104	107	38	98	80	26	115	93	53	108	4	60	80	44	45	78	19	67	9	39	57	13	85	0	79	111	23	45	118	91	69	24	32	42	23	48	69	95	53	1	55	23	48	68	48	97	46	57	16	76	31	110	56	110	29	64	102	50	61	98	76	73	116	26	5	1	18	12	58	36	11	105	40	7	102	83	15	39	9	42	28	12	86	11	74	117	21	91	28	87	50	90	114	115	94	65	61	14	81	3	116	16	82	75	87	60	96	68	2	89	19	37	86	84	46	46	80	38	1	113	97	109	35	10	84	47	101	104	106	28	21	89	0	34	99	89	24	63	33	81	65	118	18	61	37	58	113	60	78	92	25	79	6	92	30	61	29	74	12	116	39	95	107	43	60	42	39	29	94	2	89	73	2	32	17	0	91	29	56	37	23	20	108	80	84	0	51	57	96	117	60	46	17	100	51	25	24	97	88	38	2	41	22	107	79	106	36	26	44	100	112	98	106	110	91	3	71	14	18	58	62	39	76	83	6	73	31	75	33	118	81	89	96	98	107	32	41	33	1	90	97	24	38	1	33	75	101	32	92	82	9	23	51	9	95	89	32	49	117	47	34	14	13	89	65	24	39	42	114	105	16	16	111	55	70	118	29	31	90	3	100	35	52	36	50	7	35	97	71	104	59	23	51	26	38	44	74	100	93	39	25	107	41	2	33	100	93	81	28	83	80	43	28	77	11	30	70	23	11	63	1	106	30	17	117	97	3	76	83	12	50	18	67	19	75	70	46	64	89	72	54	51	99	113	68	28	110	5	92	16	4	84	63	107	73	101	63	41	61	25	2	47	38	82	116	80	21	74	57	92	106	36	15	22	100	2	50	82	119	24	115	16	83	42	20	109	91	117	3	76	21	107	115	110	108	90	43	58	86	7	20	6	33	106	30	23	1	1	90	18	76	119	72	83	96	35	92	41	113	42	28	40	108	80	118	117	78	11	21	45	117	79	14	118	7	34	6	109	23	19	92	105	11	93	38	97	36	76	44	28	58	3	41	87	46	80	20	68	35	65	48	28	109	26	10	23	119	95	81	91	78	4	65	57	73	98	98	16	61	96	61	35	37	11	74	97	117	104	101	103	98	42	115	105	113	64	106	37	87	30	15	104	50	9	46	19	85	89	113	20	83	104	68	82	20	36	17	94	54	91	111	28	17	73	56	33	27	110	79	58	100	84	105	33	63	23	80	41	112	84	63	56	40	44	18	71	40	96	18	73	100	73	40	114	105	69	82	57	44	92	42	70	61	9	32	80	46	104	46	80	58	31	18	49	88	16	52	117	20	78	102	46	72	18	108	22	36	6	42	23	28	1	69	1	100	116	79	51	3	27	62	78	99	4	72	52	36	24	22	97	65	28	20	6	41	3	82	49	5	89	38	39	108	85	25	102	69	75	47	58	93	88	9	107	87	5	58	75	118	31	22	20	72	92	14	110	17	85	15	57	112	56	91	62	40	17	102	100	8	12	100	34	26	82	108	98	119	60	62	81	56	36	44	104	112	111	66	25	114	74	42	11	97	117	118	70	84	90	72	109	95	16	0	15	69	106	2	49	111	1	24	13	34	90	67	99	113	118	107	36	58	37	21	29	46	90	28	6	107	94	51	20	39	54	82	53	90	39	64	16	34	64	49	104	83	41	23	61	20	51	75	71	56	92	2	114	86	0	109	13	110	88	114	11	39	31	25	106	0	65	72	89	32	13	28	55	76	96	45	27	86	20	96	16	22	73	10	4	74	50	92	26	93	98	115	61	32	21	17	40	80	56	67	5	71	61	68	94	68	100	43	65	93	1	101	64	70	115	26	39	69	48	57	74	4	43	6	50	13	0	91	41	85	73	83	95	68	24	6	59	102	25	62	49	67	6	47	88	59	23	69	70	76	111	23	110	111	86	3	86	36	31	67	114	0	65	53	88	114	64	111	52	37	71	79	27	49	42	98	107	28	41	5	12	2	0	48	34	84	36	20	17	15	85	38	0	7	9	61	26	9	108	39	28	6	80	5	13	59	82	30	102	34	107	65	95	75	28	45	25	73	108	40	76	43	114	91	53	106	78	23	57	41	3	25	93	73	21	25	68	52	94	104	45	57	93	13	68	33	45	102	81	110	6	99	15	56	26	30	90	104	19	71	32	3	110	119	12	34	7	14	51	86	35	68	40	56	62	116	88	34	63	26	108	44	27	29	1	43	77	77	69	23	55	94	20	110	95	83	100	103	6	96	88	27	87	29	102	4	114	69	48	93	37	64	79	50	91	114	6	100	13	109	104	82	67	114	45	72	68	54	109	63	72	63	32	33	4	112	61	119	100	26	81	22	103	76	25	46	46	43	32	6	91	59	46	82	19	5	25	28	107	79	64	19	0	49	32	69	72	56	25	46	33	117	21	32	58	84	11	88	61	82	98	33	75	63	39	73	106	83	71	10	2	116	10	108	52	47	65	0	28	30	85	68	109	109	8	39	48	25	86	36	8	10	20	59	76	68	67	49	47	89	2	40	18	16	10	77	99	61	93	73	99	83	35	11	38	72	100	72	42	93	28	72	44	89	45	82	45	27	16	115	58	42	42	8	68	68	107	87	21	0	86	30	40	86	27	46	22	97	44	41	53	105	24	118	45	101	20	28	61	51	113	93	86	20	31	58	57	49	15	35	102	10	67	104	18	42	67	116	84	117	2	42	60	113	59	8	69	85	98	43	95	64	19	96	100	113	9	18	64	104	81	10	44	0	22	57	119	14	21	34	47	48	103	1	98	91	82	30	11	14	43	119	4	110	73	108	95	96	76	109	55	15	30	10	46	42	25	69	41	65	62	52	18	96	8	16	37	115	106	13	76	77	31	81	110	1	34	70	47	111	0	6	75	65	57	31	30	17	114	45	87	95	68	80	9	29	17	58	117	69	76	12	61	90	63	9	33	81	54	66	11	70	53	78	55	59	46	53	23	43	
6	20	8	16	3	1	5	16	3	17	8	5	14	7	7	12	5	3	2	18	13	7	19	15	7	14	15	14	1	8	6	6	10	7	13	17	12	14	7	12	13	5	15	20	20	5	10	9	12	20	14	17	1	18	20	14	16	13	12	7	1	9	4	1	3	19	8	3	6	20	18	1	7	6	3	19	8	1	15	19	8	15	19	18	17	11	10	1	1	8	10	16	19	11	19	10	6	12	20	14	13	16	2	6	11	4	3	3	8	14	4	10	13	10	9	7	11	17	8	13	11	1	6	15	6	6	7	7	9	5	8	18	1	20	16	17	12	3	13	16	1	15	3	6	19	18	5	10	1	8	4	10	10	14	10	7	17	18	20	18	9	12	2	19	2	5	2	9	17	11	4	19	7	10	6	7	1	19	13	6	9	16	9	8	14	9	20	20	18	7	14	13	11	4	5	5	4	4	5	1	20	12	12	14	1	17	17	11	19	8	10	9	9	20	2	3	6	16	2	7	17	11	8	18	8	8	19	4	8	14	10	2	18	16	18	14	6	18	10	4	2	4	17	6	19	5	15	17	10	4	18	1	3	16	9	19	16	13	15	17	18	3	5	20	2	5	10	8	4	7	17	11	11	1	2	17	18	18	2	3	14	10	3	20	18	10	20	10	17	15	8	12	13	17	20	7	7	15	3	15	20	17	12	14	12	12	7	16	17	17	2	3	12	5	4	19	14	4	20	10	15	17	19	16	6	16	16	3	18	14	10	3	12	20	5	18	11	19	10	16	18	12	18	15	3	4	19	12	15	8	5	7	10	13	10	1	15	4	17	16	13	2	9	4	2	20	10	3	18	19	10	14	16	20	8	1	11	1	11	5	17	9	19	20	14	10	18	3	10	15	3	7	19	6	15	11	11	1	18	3	20	16	11	20	3	18	14	4	4	2	20	8	10	15	2	3	3	12	18	13	3	16	12	4	5	2	9	4	7	8	18	11	14	4	16	12	14	5	5	20	9	17	13	15	12	5	8	14	3	6	14	15	1	1	1	11	8	19	12	1	8	5	14	13	16	12	14	5	6	20	9	20	19	20	14	7	15	16	12	14	18	3	17	2	6	12	11	1	5	11	6	2	14	11	5	5	1	8	13	1	14	19	1	17	19	5	5	6	18	11	11	6	6	3	2	10	9	12	2	11	8	1	10	5	5	19	3	2	11	20	19	9	20	15	14	1	10	13	16	5	11	4	12	5	1	19	4	11	7	19	7	4	8	7	4	20	12	10	3	18	2	11	10	4	2	18	8	2	16	1	2	3	15	11	20	9	12	8	10	2	10	7	1	2	5	8	11	3	15	2	5	14	2	11	12	13	10	16	10	12	9	17	14	17	15	17	19	15	18	11	17	9	11	9	16	8	18	12	3	15	16	17	18	14	4	8	14	19	1	4	8	9	12	12	17	20	11	14	6	9	15	19	1	18	20	20	9	3	12	1	8	9	19	13	16	18	11	3	4	10	8	5	15	6	8	4	17	16	2	1	7	10	7	13	5	10	16	1	16	2	9	14	10	13	16	3	13	8	6	15	7	4	4	3	11	16	10	1	14	1	3	6	15	3	1	6	14	1	8	10	3	2	15	8	11	7	13	7	7	4	15	5	16	16	8	14	7	15	9	4	6	1	4	13	10	5	2	2	14	13	8	2	5	2	1	14	16	2	12	5	15	5	3	7	16	13	9	11	3	7	10	15	9	2	13	15	16	5	5	11	6	11	13	8	14	15	10	3	2	16	5	7	5	7	9	8	8	16	5	6	3	1	2	5	4	12	13	3	16	2	10	16	1	12	8	1	13	3	9	2	8	7	1	5	1	13	12	13	6	2	9	9	8	12	8	5	13	12	5	5	6	4	10	10	7	8	14	15	4	12	15	13	4	14	5	14	8	5	12	13	15	4	14	13	12	14	1	2	1	8	1	6	13	3	1	11	15	12	7	1	9	6	15	6	7	1	6	7	9	11	13	9	7	4	5	11	8	7	6	6	8	3	10	15	1	10	8	6	9	10	10	4	6	15	1	2	11	11	11	12	6	16	6	13	16	9	14	6	9	2	14	16	15	14	10	8	5	6	16	12	5	11	8	12	9	7	13	5	13	9	3	13	8	3	6	1	4	13	9	6	13	3	4	15	2	16	10	11	4	12	9	12	10	15	15	12	13	10	4	3	16	1	2	16	12	7	9	1	9	11	11	2	11	4	3	3	10	14	13	3	10	10	13	11	11	12	7	16	15	15	16	16	5	4	13	12	8	10	6	7	2	9	9	14	11	15	3	4	10	8	1	13	7	15	7	10	15	8	2	13	1	3	2	9	8	7	10	1	1	3	12	9	14	14	3	6	5	3	11	15	4	12	4	16	3	11	12	12	8	13	9	14	7	10	7	2	12	1	13	13	7	6	11	14	6	12	8	2	11	12	15	2	10	10	15	11	16	12	15	6	2	10	10	5	7	16	10	8	9	3	4	13	10	10	10	14	10	5	10	9	16	11	16	9	16	15	6	7	1	10	11	7	16	9	4	14	15	12	9	6	2	12	3	14	3	1	4	4	2	10	12	13	4	6	11	14	16	16	3	13	13	13	15	8	5	14	10	12	1	15	8	16	14	13	8	13	15	14	10	1	10	1	12	8	2	2	13	8	1	10	4	10	6	10	16	2	1	9	15	14	4	1	14	8	8	4	15	1	5	8	7	3	2	9	4	6	5	14	15	6	9	4	5	14	4	14	11	13	14	11	16	9	4	4	3	1	5	16	8	8	14	10	5	6	11	11	11	11	6	16	8	3	13	11	15	15	2	12	6	12	12	15	11	11	9	15	14	7	15	1	10	16	14	15	14	5	14	9	7	8	15	9	14	7	5	13	9	2	3	6	8	8	6	10	10	14	14	1	12	10	13	8	2	9	13	10	10	14	6	15	15	2	9	11	14	3	1	3	16	1	16	2	11	10	4	7	1	16	11	14	4	2	1	14	16	13	1	13	11	13	11	7	8	13	3	8	4	4	16	13	7	5	7	2	2	16	8	14	7	6	8	7	10	14	9	5	1	4	5	11	11	5	11	14	16	16	14	10	7	14	7	7	13	2	13	8	2	4	11	16	12	13	13	6	11	12	14	4	11	7	2	7	12	15	5	2	4	7	14	4	15	13	7	16	14	14	9	1	7	4	10	16	1	14	7	15	1	10	12	7	10	6	7	9	3	5	5	14	14	6	12	3	13	15	13	14	1	12	3	10	13	11	14	13	12	5	13	2	9	2	1	11	7	4	10	9	1	12	15	12	8	5	9	7	16	13	9	14	15	4	2	9	12	10	5	6	3	10	5	4	7	16	7	15	4	13	3	2	11	10	9	8	11	1	7	15	4	9	8	15	2	11	16	15	10	7	14	15	1	1	15	12	14	8	9	5	2	1	12	14	16	10	15	2	10	8	12	7	8	13	7	2	3	14	14	11	9	2	12	15	4	6	5	7	11	2	3	11	11	12	11	12	14	3	3	9	3	16	7	5	11	15	15	11	1	9	7	8	1	7	3	8	8	10	1	9	7	16	1	9	8	15	5	10	3	9	2	5	2	4	1	11	9	14	3	11	5	16	4	3	13	6	10	13	12	2	16	2	8	1	7	15	5	10	1	15	13	10	8	6	8	9	15	8	2	3	6	2	14	5	1	15	10	6	6	3	15	12	2	10	3	4	12	4	2	10	12	16	1	3	15	12	11	14	12	1	12	13	9	1	5	13	8	4	16	15	10	6	6	9	16	12	3	1	13	11	14	10	9	10	2	2	9	7	6	2	7	9	3	14	12	8	9	3	8	15	1	16	9	4	12	3	16	2	2	7	1	15	7	13	1	3	8	3	11	6	6	6	5	12	4	5	16	13	4	5	16	15	2	9	13	7	14	11	2	16	12	1	4	10	5	13	13	11	8	4	2	8	11	15	6	6	16	1	7	14	5	2	2	9	9	10	10	6	12	10	5	12	12	1	10	14	16	3	6	7	1	9	15	13	5	8	3	11	12	12	14	1	13	3	14	3	7	13	10	1	16	3	7	5	8	11	12	8	11	12	10	16	9	5	7	3	2	16	8	6	10	7	9	14	9	5	7	6	1	2	8	13	10	2	16	4	4	14	13	2	10	13	9	10	4	15	6	12	2	9	11	4	6	10	8	2	12	6	15	6	4	4	11	8	8	16	15	4	12	5	13	11	11	9	8	8	8	8	7	8	1	13	6	5	8	14	10	16	3	4	5	13	9	10	16	9	15	2	4	12	4	8	7	14	5	2	5	2	13	11	14	4	5	11	9	5	7	3	15	3	16	10	3	1	11	15	9	11	12	3	2	12	5	10	4	3	4	13	1	4	3	3	13	16	7	9	10	16	1	11	7	8	3	9	15	16	5	16	10	11	7	2	14	5	9	15	11	8	4	4	10	4	6	5	1	8	12	7	5	9	11	9	16	2	5	1	5	13	6	13	3	9	4	9	7	9	10	14	7	1	14	16	15	8	13	16	16	14	4	4	9	4	16	4	16	8	13	6	16	13	4	15	14	12	4	10	11	10	14	2	6	5	14	8	9	6	14	13	7	5	7	12	6	13	1	11	5	6	5	10	3	16	11	16	6	6	7	12	15	5	13	2	2	11	9	12	10	10	16	10	9	12	16	14	1	12	14	7	2	15	9	15	10	14	7	9	13	16	10	13	4	3	10	7	12	11	2	15	11	10	15	4	7	12	2	13	7	13	5	5	1	8	7	2	8	6	2	7	8	16	5	15	10	11	7	16	4	4	10	16	7	2	11	5	15	12	9	5	4	4	14	1	7	13	2	15	14	6	3	15	3	6	10	2	16	12	9	3	10	3	5	5	14	14	12	16	13	6	8	15	15	11	4	2	1	12	15	4	12	10	10	11	8	15	14	10	9	9	10	15	16	7	12	5	5	4	12	1	13	13	5	5	6	14	6	8	10	9	1	8	13	15	2	10	6	10	8	2	1	13	15	16	10	4	15	12	8	3	4	13	8	14	16	3	4	2	2	3	2	1	16	4	16	16	5	9	8	3	16	14	11	7	7	5	10	14	9	6	6	5	15	1	8	12	6	9	10	9	11	10	4	11	16	12	6	10	15	13	5	8	15	4	14	6	3	8	15	2	8	12	3	4	8	7	12	8	8	16	10	1	12	14	13	1	11	11	6	15	16	13	1	12	4	9	2	13	3	7	16	7	15	9	1	7	2	16	8	5	9	15	8	13	6	16	13	7	3	15	16	3	8	16	6	1	15	8	4	14	4	12	13	1	12	12	10	6	14	16	15	12	8	1	15	13	7	11	15	11	14	16	11	1	10	2	11	5	2	4	1	7	12	7	11	5	14	12	13	13	7	8	8	9	5	11	1	5	13	8	6	10	11	9	10	13	6	4	12	10	3	8	1	11	16	6	12	2	15	8	2	12	14	10	8	8	2	5	16	3	3	8	8	14	8	14	5	10	2	7	4	13	2	1	14	11	16	7	7	8	6	9	7	7	9	1	7	16	14	11	13	14	8	11	2	13	13	10	3	13	11	10	7	16	11	10	15	13	12	15	3	4	11	9	3	13	1	6	12	9	3	5	8	8	11	7	14	10	8	11	11	14	7	2	3	15	4	8	15	2	9	12	6	4	4	4	13	2	1	11	15	10	8	3	13	13	7	15	6	6	15	13	8	7	1	14	5	12	6	9	6	15	15	14	8	8	14	9	9	12	11	11	3	16	14	16	8	10	4	12	9	2	3	15	7	16	4	5	4	11	10	9	5	2	6	8	3	4	11	8	13	5	4	9	13	12	10	1	1	16	4	11	4	9	13	12	1	9	3	15	2	16	2	4	2	1	3	5	6	6	8	9	10	13	6	8	1	1	11	5	9	8	2	14	7	11	15	12	16	4	8	3	9	2	13	12	14	15	3	10	1	8	16	7	10	7	7	5	11	8	5	5	14	1	13	2	9	16	13	14	9	5	12	10	11	11	15	12	9	1	5	2	16	15	14	1	6	3	7	10	9	2	16	6	9	16	11	11	10	11	12	10	13	11	16	3	2	10	10	13	4	13	15	8	8	5	14	16	5	7	6	4	16	16	4	3	16	12	11	4	9	13	2	11	4	5	8	10	14	16	7	14	8	4	3	5	11	1	13	6	2	6	4	2	9	1	16	8	9	6	1	8	6	8	13	9	16	9	5	1	8	5	15	6	15	11	5	8	14	9	10	14	1	14	9	16	7	8	3	15	12	6	13	13	7	16	11	13	4	7	10	10	9	10	5	3	11	1	11	7	5	9	7	5	16	3	16	16	2	3	16	11	11	15	12	6	5	9	13	9	16	11	8	8	9	8	4	8	2	10	1	3	5	16	4	7	3	3	11	13	8	14	4	16	5	2	14	2	12	16	14	13	1	2	5	6	12	15	10	11	2	1	6	10	10	11	11	4	15	14	7	14	12	7	3	11	3	6	16	14	11	2	3	4	8	6	6	1	7	1	16	9	10	2	9	10	15	12	15	11	6	1	14	4	9	9	10	12	11	9	13	3	14	5	2	11	9	13	9	10	10	15	7	2	16	15	5	13	6	9	1	15	7	11	12	11	8	6	13	16	2	11	9	16	11	4	9	15	8	9	7	5	13	6	13	16	9	10	10	12	12	11	12	12	12	4	9	4	12	14	13	8	9	2	4	16	1	13	7	13	12	7	2	10	11	6	14	7	7	1	12	4	16	14	11	4	12	15	8	11	13	2	7	14	12	11	2	7	10	7	11	11	10	7	5	6	13	5	2	2	15	9	6	16	6	4	10	16	11	11	8	10	6	4	16	11	16	8	10	9	7	4	11	12	4	1	5	14	2	11	7	13	4	3	5	9	2	7	7	3	9	2	8	13	4	14	8	2	15	14	16	11	14	13	15	9	8	6	15	8	12	9	4	12	5	15	15	5	6	11	7	4	2	4	12	3	8	13	2	6	1	6	13	16	15	8	13	12	15	10	14	11	1	8	3	14	16	7	13	16	13	5	16	2	3	3	16	12	13	6	15	3	11	12	6	15	9	12	4	7	5	13	2	10	6	15	2	4	15	1	16	1	3	1	15	6	11	4	10	14	3	10	4	13	3	4	11	5	10	3	11	4	13	16	9	5	2	12	8	16	12	12	16	11	13	2	11	1	3	5	9	2	13	7	9	2	2	13	5	1	8	4	3	2	13	6	6	5	12	9	8	4	14	14	12	14	12	12	8	8	15	6	7	12	8	15	11	12	10	11	12	1	10	9	15	8	3	10	9	9	11	9	15	16	8	5	13	15	10	3	7	5	14	3	10	3	4	2	13	4	12	4	13	13	10	11	10	2	13	16	2	7	2	7	7	2	4	13	1	4	6	7	6	12	5	10	5	2	12	15	12	16	16	9	3	8	6	13	10	1	5	1	16	9	1	9	10	4	11	12	4	6	3	12	5	15	3	11	8	2	9	2	7	8	8	7	2	11	5	1	5	10	12	6	13	6	11	10	7	1	8	13	2	13	16	11	5	16	7	1	9	13	6	2	12	10	16	8	3	16	6	3	2	16	15	9	12	5	15	9	8	12	4	12	14	3	13	4	14	6	14	15	4	15	9	7	4	1	7	3	2	11	11	6	10	9	14	11	4	3	10	5	5	4	2	15	14	4	13	9	14	3	13	2	2	10	2	11	1	7	15	11	14	13	4	13	4	3	15	15	8	12	3	10	12	13	11	2	14	14	4	12	16	3	5	4	14	11	1	1	11	5	8	16	1	16	6	12	2	9	15	4	10	6	9	13	8	10	2	10	2	4	16	1	9	8	5	2	2	2	13	5	13	12	4	6	4	13	5	3	9	12	15	11	13	8	13	15	16	8	6	2	3	9	14	8	8	10	14	5	14	2	14	9	13	14	12	15	9	2	4	3	1	2	10	16	12	5	4	7	4	3	12	4	6	5	15	14	5	16	5	10	3	16	8	2	16	13	2	1	1	8	12	14	5	13	3	4	13	15	10	15	12	14	14	7	13	9	11	7	3	5	9	16	4	8	6	13	4	12	14	7	1	13	13	1	11	12	1	13	8	16	4	12	11	6	13	5	5	5	13	5	1	7	3	13	4	13	3	5	7	11	4	4	1	4	1	12	3	4	14	5	13	5	1	2	6	4	14	11	7	9	1	3	14	2	8	9	8	4	8	3	15	2	16	14	5	3	15	2	10	7	2	3	4	10	3	8	13	15	6	9	2	1	4	11	9	12	4	4	8	5	15	1	13	16	5	3	7	15	6	8	9	1	2	14	8	3	11	14	14	6	13	12	10	6	2	1	13	13	13	13	4	8	15	1	15	14	3	13	2	3	6	3	10	10	4	10	9	5	9	14	15	8	8	14	13	3	7	12	1	10	9	2	7	13	4	15	5	4	13	16	12	6	14	6	16	5	16	10	4	16	11	14	16	3	15	8	10	13	1	10	15	14	14	15	11	5	6	2	4	16	9	10	15	1	6	9	10	3	2	7	1	16	12	9	11	5	12	8	1	9	7	9	9	8	16	16	13	4	5	14	10	1	10	16	9	4	12	10	15	8	12	12	14	13	13	5	2	10	12	3	11	12	8	5	14	6	8	4	12	8	6	5	4	9	5	10	11	8	5	5	6	7	1	4	12	12	1	5	6	2	12	13	6	15	13	9	5	9	16	1	16	5	9	14	8	15	1	14	3	8	4	3	14	15	16	4	15	1	10	8	15	1	15	4	15	9	7	9	2	13	1	14	4	15	5	8	7	10	15	5	13	14	5	10	8	15	2	14	9	10	14	7	1	14	12	11	3	15	3	7	4	10	7	8	15	4	13	16	2	14	2	11	16	4	8	3	3	3	10	15	12	13	6	12	9	5	11	8	11	12	16	10	6	3	4	12	4	3	2	9	5	5	9	12	1	9	10	16	5	3	11	7	8	16	4	7	13	3	11	8	4	1	10	14	5	2	5	14	13	1	13	11	9	14	7	7	10	3	10	16	15	10	2	8	9	12	6	3	3	4	16	2	6	8	13	8	10	6	11	14	16	8	9	11	2	7	6	11	13	3	1	11	9	9	4	3	8	9	8	16	7	11	5	5	14	4	11	9	13	3	10	15	14	4	11	15	14	16	9	13	10	1	6	2	5	8	6	16	6	1	3	15	1	1	10	6	5	6	4	12	9	12	15	4	7	11	2	13	4	9	2	1	4	14	6	12	13	1	3	13	16	6	11	9	11	7	6	1	13	16	2	13	13	15	16	12	7	16	1	2	5	8	6	6	3	12	3	4	1	7	1	9	12	2	15	6	16	8	5	6	15	9	12	1	6	1	14	7	10	10	13	7	8	4	14	4	13	11	1	12	12	9	11	9	15	15	14	1	12	4	14	9	5	1	14	8	2	5	14	9	4	11	8	7	12	3	8	7	10	11	15	4	13	3	7	14	16	9	12	14	2	9	13	3	8	13	1	15	1	10	8	9	6	8	14	4	1	10	15	5	13	14	12	14	15	9	9	1	16	15	6	8	15	16	10	12	15	7	4	4	7	16	2	2	14	6	3	9	12	8	8	12	16	3	6	3	14	6	7	6	12	8	13	12	11	9	6	6	16	14	16	6	16	7	8	4	4	10	8	5	10	1	16	11	16	4	1	5	14	6	6	13	8	10	5	15	10	6	16	5	16	7	1	11	13	12	15	1	1	9	11	5	6	4	15	2	14	12	5	13	3	14	14	5	4	11	8	7	6	6	8	8	5	12	10	10	2	15	11	7	14	15	16	2	16	5	2	15	15	4	8	11	2	4	16	9	2	11	4	3	10	5	3	3	4	12	5	6	11	15	12	6	10	2	11	2	3	3	11	4	15	5	7	12	9	1	8	16	5	10	14	11	3	6	16	7	3	6	14	6	7	10	7	16	13	7	7	2	3	8	12	9	2	14	15	10	15	15	14	15	14	6	3	5	13	15	9	11	12	4	2	8	3	1	12	7	10	4	9	7	14	7	12	16	16	7	15	4	13	7	7	8	12	14	9	8	6	9	6	6	8	3	13	5	15	4	3	4	1	13	4	13	4	14	16	12	2	11	14	13	2	5	10	4	2	16	8	9	8	10	16	3	10	7	13	10	16	13	3	2	8	7	13	11	12	12	7	8	14	9	9	3	5	13	7	9	11	16	15	12	13	7	14	12	6	15	10	12	2	3	10	15	9	7	7	3	1	9	12	13	16	5	4	16	10	11	15	5	14	4	12	6	2	1	14	13	12	11	3	4	2	13	11	6	9	15	8	16	5	9	11	6	14	14	10	10	9	4	8	13	3	14	7	9	2	15	13	15	1	12	12	2	1	1	12	11	2	1	15	12	5	12	7	10	8	14	4	5	12	8	10	1	6	9	11	16	2	6	7	9	4	9	4	15	9	1	15	3	3	12	8	9	8	9	7	16	5	10	8	15	13	13	6	12	15	3	13	6	10	12	13	8	7	10	1	3	10	13	13	5	7	13	2	13	6	3	13	16	10	12	14	4	9	15	11	10	9	6	11	9	3	6	16	3	1	13	15	16	12	13	10	10	9	4	12	13	12	1	5	9	6	8	7	7	13	1	12	3	5	15	14	16	16	2	6	2	16	13	12	4	6	3	5	8	15	6	7	7	7	10	5	4	2	11	10	13	8	5	14	16	3	9	6	3	6	3	11	12	4	9	10	7	8	16	1	11	9	6	14	4	13	16	11	6	2	7	11	3	7	15	9	1	3	15	12	3	4	13	1	8	6	7	13	7	15	9	7	7	4	2	16	5	9	10	3	7	7	14	10	5	10	8	11	9	16	15	2	16	5	8	16	1	10	6	1	13	14	3	6	4	5	13	5	9	10	4	14	11	12	3	6	7	7	3	13	7	13	6	9	6	3	6	6	5	16	1	5	14	5	16	9	13	1	9	16	9	13	7	15	3	3	9	12	16	2	16	16	1	2	14	8	4	5	12	15	14	2	2	2	9	8	2	2	11	2	15	11	2	14	14	6	5	16	1	8	4	10	11	1	12	16	16	2	7	2	4	9	4	14	12	14	7	14	6	2	3	11	1	16	2	13	4	5	2	9	16	4	10	7	7	13	10	4	9	4	7	6	10	4	4	13	1	14	12	9	6	11	7	15	4	2	8	1	14	4	9	16	2	15	13	6	6	11	13	12	8	6	7	12	12	4	8	7	11	5	12	9	6	13	9	11	5	7	3	3	12	10	15	11	15	1	11	9	12	13	15	7	5	13	9	3	8	
790	800	290	950	950	400	650	730	810	280	810	790	930	540	290	310	810	280	710	720	930	210	740	880	210	870	570	170	290	810	800	550	890	350	680	410	250	390	100	440	950	200	310	460	520	110	540	900	770	880	250	290	160	980	560	720	860	730	270	250	380	970	590	680	120	880	510	790	500	840	480	150	470	740	490	870	410	700	170	330	330	210	690	460	930	910	850	110	360	110	150	820	370	100	290	260	310	600	900	520	140	950	110	920	220	430	420	440	870	770	240	660	550	180	280	450	590	840	980	170	700	760	410	950	510	870	110	270	720	610	910	570	150	670	920	1000	510	130	320	130	900	350	860	120	470	910	130	420	210	230	990	980	220	240	290	860	800	840	930	770	530	100	830	180	550	270	400	540	450	940	380	930	840	460	270	610	400	780	360	370	730	750	120	800	850	380	660	640	520	860	150	110	740	110	630	330	600	690	260	440	130	240	500	340	130	610	310	120	990	560	330	170	380	540	350	890	110	950	220	390	840	280	820	720	310	860	500	710	390	260	640	770	240	760	990	730	600	940	590	880	990	400	710	290	830	520	890	130	950	830	940	430	310	1000	1000	570	450	440	430	480	710	810	700	690	330	700	770	230	920	710	820	450	500	390	220	330	270	510	590	550	400	620	920	960	770	450	560	370	310	590	690	590	350	760	250	350	220	810	180	650	740	400	630	180	930	280	430	990	260	180	130	860	830	750	740	860	980	120	860	650	520	720	890	520	850	750	730	130	560	750	580	630	620	690	690	780	1000	490	800	910	450	930	860	760	250	150	110	590	650	670	760	290	670	760	790	980	890	220	100	730	980	130	810	780	200	320	600	900	380	770	280	700	490	710	730	810	950	130	440	850	270	780	780	660	400	130	850	670	830	980	510	730	160	490	490	360	370	350	710	450	270	610	900	670	360	130	810	370	780	510	340	130	700	600	570	930	450	280	890	520	510	820	820	710	860	190	140	110	230	620	650	550	960	850	720	310	280	330	600	400	980	420	850	840	630	410	360	550	420	660	790	610	340	590	620	750	930	270	130	850	700	860	700	680	600	620	360	940	370	580	1000	390	550	720	780	670	200	140	240	350	770	390	840	480	150	540	280	880	530	430	760	740	530	670	240	870	240	500	410	720	760	740	850	280	170	870	550	250	280	320	480	980	890	380	400	590	710	870	300	480	310	660	560	230	250	750	890	200	970	760	140	810	750	700	660	840	220	700	640	160	630	380	200	140	680	660	390	110	430	650	200	330	340	190	710	830	380	610	720	680	720	600	780	520	300	180	390	590	850	220	200	960	530	910	340	970	900	620	920	640	610	760	950	550	220	250	380	270	620	130	920	290	270	440	550	370	850	980	170	650	680	500	720	550	800	460	420	800	620	200	400	600	270	610	800	330	380	930	220	730	260	960	700	870	590	260	110	300	910	180	670	530	310	960	290	850	990	950	520	470	430	950	280	280	150	780	310	210	510	930	640	710	390	870	360	400	210	900	480	440	870	970	300	150	310	250	950	830	610	130	640	970	470	290	840	360	990	560	990	940	820	710	530	110	630	800	880	540	610	620	540	530	830	470	540	450	740	680	1000	570	620	840	450	740	940	920	660	180	660	250	760	970	450	130	140	170	200	370	920	130	610	800	190	680	490	270	510	440	170	670	270	200	230	630	100	570	430	810	360	820	840	560	650	330	570	450	310	560	710	910	380	940	620	730	890	130	580	170	830	480	130	270	600	650	280	410	360	510	890	980	230	510	890	670	990	950	920	780	360	790	980	440	490	900	890	660	650	560	480	610	720	830	900	1000	760	560	550	970	590	480	270	790	1000	350	570	870	660	640	110	970	660	920	250	190	480	240	870	630	180	230	730	940	740	410	780	780	570	230	850	380	950	440	670	980	430	640	180	820	920	910	700	410	600	440	500	220	190	710	600	790	920	400	680	950	730	840	830	790	860	800	700	170	490	700	150	710	220	320	130	710	660	860	390	840	180	980	810	300	840	920	260	130	530	140	610	850	480	530	280	810	890	420	540	320	850	180	750	650	340	700	420	320	280	400	940	990	490	690	390	230	340	980	340	500	700	690	570	160	370	840	420	720	640	860	450	940	940	680	580	510	370	810	740	350	240	860	720	610	920	1000	930	880	890	210	140	180	520	280	640	880	820	370	210	140	100	120	540	430	360	630	580	820	900	820	870	420	390	550	660	580	370	260	170	340	500	730	100	760	160	160	470	750	760	420	230	870	710	470	650	280	510	990	990	640	620	390	530	490	450	140	190	720	720	890	850	680	800	940	820	280	760	110	720	870	570	700	230	510	160	500	340	970	540	110	620	720	560	1000	450	310	840	230	520	700	330	150	790	400	250	470	980	790	100	130	460	690	690	500	440	310	410	800	180	970	250	900	900	910	740	690	750	180	110	140	620	290	930	280	730	600	1000	200	120	610	180	510	910	440	130	490	440	100	890	800	160	560	480	440	750	550	870	930	450	530	200	900	970	970	840	950	710	330	400	180	900	620	340	680	900	420	210	120	800	540	120	180	310	290	930	690	590	560	360	760	420	520	330	660	460	480	940	570	700	970	330	950	140	930	610	150	530	400	510	850	720	480	840	930	970	400	330	990	280	540	310	670	750	920	820	970	220	250	160	410	420	500	800	140	740	780	840	670	770	160	200	760	560	240	150	250	590	730	560	660	980	660	220	550	300	150	270	130	790	550	490	100	740	740	300	780	790	880	190	470	650	990	200	420	940	220	230	880	500	620	520	450	530	790	310	860	350	1000	690	220	670	420	430	400	820	330	670	330	150	340	120	400	350	180	490	560	800	680	740	670	590	730	500	130	870	100	300	270	530	340	770	120	790	630	850	150	460	470	610	940	590	750	570	940	130	130	120	350	130	970	750	760	820	770	840	710	730	990	970	740	500	650	720	940	760	960	840	480	960	840	880	430	110	830	320	300	390	630	800	610	970	960	780	870	670	190	440	150	520	720	120	680	840	240	610	210	250	730	160	940	510	870	770	200	550	770	350	430	720	150	540	560	770	510	980	160	200	440	780	670	920	620	210	550	550	270	620	770	870	100	100	610	930	790	950	540	520	960	460	300	330	370	130	120	250	390	130	860	190	910	450	590	940	190	360	970	780	210	210	340	340	110	500	490	930	360	670	840	100	880	400	870	220	660	200	420	110	220	880	530	530	710	620	480	810	690	140	610	920	810	940	630	810	140	470	290	760	880	960	510	220	170	910	880	230	800	460	280	410	660	800	760	140	420	560	280	640	390	100	850	270	660	530	740	480	620	850	270	760	950	780	810	570	870	260	220	910	1000	930	830	820	160	780	130	110	910	450	710	200	690	920	710	790	590	390	980	760	910	970	360	660	910	940	390	510	1000	290	770	600	220	750	550	600	660	800	830	260	910	530	960	490	600	560	800	950	690	940	250	710	910	990	320	850	950	140	460	100	390	680	890	850	340	680	350	580	410	120	620	580	170	720	250	700	780	140	890	610	870	870	960	710	600	370	470	290	760	490	110	300	150	680	990	520	680	380	440	940	480	220	150	310	380	170	400	720	550	600	750	430	480	290	530	110	540	320	460	220	170	160	350	930	120	120	500	820	860	670	960	350	440	180	240	520	610	450	540	340	320	710	340	170	840	230	940	990	230	610	340	780	280	230	130	750	210	880	140	930	220	990	300	750	750	850	820	790	640	800	690	340	140	710	610	560	210	980	830	270	850	880	990	780	890	760	240	320	520	280	170	390	860	310	650	540	350	650	920	580	980	390	330	350	480	740	310	160	180	770	840	680	920	590	250	800	410	320	380	100	540	210	370	400	280	780	380	820	790	870	590	620	210	930	300	620	940	960	350	710	160	440	360	1000	750	110	120	600	650	700	260	660	500	700	620	300	860	130	310	460	920	520	460	650	1000	220	420	570	310	980	730	880	260	640	690	600	580	410	530	960	400	330	760	640	260	850	470	640	740	280	760	290	920	530	360	110	180	720	200	750	930	160	930	950	760	360	370	640	980	550	450	700	490	660	540	270	900	130	580	190	850	730	810	850	260	500	830	110	330	400	730	150	950	620	640	770	420	800	830	750	350	840	500	400	470	430	200	530	620	340	1000	100	310	490	660	820	450	530	510	280	190	310	690	810	590	580	160	290	170	820	240	760	420	690	200	510	650	410	540	800	180	410	860	880	470	570	980	820	570	410	710	320	650	400	730	980	630	840	570	900	320	180	980	170	850	200	140	300	240	560	220	890	800	630	310	710	850	940	800	320	740	520	470	270	460	160	370	380	890	370	830	150	410	820	280	720	470	820	470	950	630	760	480	260	350	160	880	690	110	570	230	460	780	600	670	580	670	560	460	590	600	570	310	810	370	850	990	240	730	320	710	320	490	160	440	400	550	610	640	500	610	780	100	540	340	400	340	790	610	440	580	950	160	750	620	850	800	370	390	410	400	400	700	700	470	310	970	120	320	230	720	810	180	840	570	120	200	850	570	690	490	180	520	370	510	130	420	600	580	590	160	250	1000	160	160	720	330	180	220	460	430	100	700	200	160	330	740	390	250	310	980	610	690	170	460	750	450	420	830	190	510	360	550	310	440	750	710	360	530	980	560	760	890	200	830	850	470	750	570	300	970	100	610	910	310	270	350	950	960	170	910	990	400	990	870	770	370	810	560	510	770	290	750	950	610	110	960	310	780	800	780	670	250	940	580	910	340	950	390	850	500	760	730	250	180	660	330	910	130	580	250	980	160	400	780	390	200	760	530	760	440	200	300	600	770	210	460	870	670	960	970	410	300	260	420	480	130	690	110	770	580	700	160	680	340	100	490	620	610	200	470	200	330	210	970	520	780	890	910	600	170	620	840	540	890	830	110	960	290	470	670	580	530	380	500	730	980	860	550	190	810	450	430	970	810	280	990	640	450	440	850	900	370	440	620	200	520	1000	400	430	260	120	290	880	250	350	990	580	100	950	240	530	760	750	600	600	420	400	660	330	390	630	910	370	720	720	800	500	470	740	860	650	990	100	200	330	730	860	520	240	860	660	230	920	650	760	130	760	110	840	710	290	790	110	400	320	270	410	620	1000	630	310	880	430	790	260	620	410	590	840	260	360	230	650	450	810	540	840	750	740	580	900	160	780	290	270	600	330	750	860	860	960	840	660	440	400	920	620	860	510	940	400	170	260	900	370	840	360	770	680	480	140	580	910	880	990	580	900	110	300	400	450	270	600	490	540	350	690	470	350	620	370	230	1000	500	870	970	230	180	140	770	290	710	930	270	420	100	630	140	400	560	220	390	620	220	390	530	400	950	330	880	870	380	670	1000	950	470	430	990	330	510	510	510	530	420	640	440	600	880	870	620	720	730	150	550	440	150	430	450	550	310	780	140	250	710	570	270	170	310	220	200	310	810	900	690	860	560	500	490	880	360	150	140	620	850	930	200	260	600	880	130	700	220	690	600	260	880	270	510	870	160	630	230	110	940	650	980	320	670	1000	290	420	300	140	110	920	460	910	190	360	530	430	280	680	130	450	260	320	250	210	400	570	780	130	620	350	480	140	390	230	120	760	550	470	700	630	830	940	540	180	280	810	360	210	630	820	370	990	830	1000	850	440	660	520	510	680	690	200	970	560	280	190	900	910	920	350	640	230	670	310	130	340	680	770	600	270	870	740	600	320	200	980	910	500	470	630	420	970	580	570	170	360	600	360	320	210	820	170	910	310	940	950	630	900	790	390	730	290	240	300	710	780	220	630	740	320	730	560	200	670	590	720	540	450	490	990	670	740	280	340	700	330	680	100	620	520	640	860	630	880	190	630	710	120	790	720	720	540	560	990	150	590	270	610	290	980	240	300	590	680	150	830	980	1000	690	600	990	380	300	580	490	940	870	460	710	440	250	740	610	220	570	880	990	800	680	280	880	760	720	520	470	990	660	890	850	440	960	560	920	320	800	340	150	270	630	640	350	150	610	220	360	330	530	200	920	350	600	740	200	1000	800	490	890	940	310	560	780	420	900	290	530	500	650	930	560	290	810	650	280	520	290	710	160	720	420	300	410	580	230	300	720	480	980	680	600	500	280	310	650	510	690	790	350	610	710	440	570	780	360	120	180	400	630	630	990	940	680	310	700	230	590	490	750	680	580	550	920	880	140	560	280	430	800	930	610	510	940	430	570	660	700	1000	750	930	290	260	380	1000	490	720	840	310	970	450	420	870	760	340	310	430	390	670	250	280	180	870	890	270	220	870	740	680	200	840	740	840	270	410	350	780	670	520	370	970	680	530	310	310	270	1000	700	590	210	770	410	710	760	330	620	740	120	760	930	910	530	120	200	790	290	140	390	570	480	380	200	830	350	440	850	370	510	390	550	650	600	600	770	390	780	290	440	450	690	180	920	190	790	780	770	740	370	540	690	140	690	710	690	530	990	760	770	790	490	530	380	910	640	730	140	230	880	580	180	720	830	630	690	1000	560	350	430	810	300	770	620	740	350	920	290	200	700	130	350	280	280	710	310	440	1000	190	770	810	690	830	910	630	460	370	870	390	790	100	840	560	660	680	600	570	550	690	500	800	460	600	780	590	580	170	360	940	480	860	410	920	600	780	180	690	470	960	820	650	620	170	220	920	960	420	800	200	300	300	640	270	1000	750	540	370	330	420	790	640	450	520	240	500	460	770	280	330	290	690	730	100	650	540	900	810	770	960	320	760	830	850	270	200	320	810	310	990	470	160	750	640	300	370	260	380	650	740	210	360	970	400	340	540	980	620	460	900	130	150	260	180	800	730	300	550	190	1000	380	120	170	230	840	600	170	900	600	700	180	160	780	670	840	740	100	990	800	240	910	260	560	240	250	810	900	940	930	310	430	670	560	310	770	620	660	490	210	380	810	970	160	290	730	780	560	430	490	820	800	920	390	230	470	270	140	390	400	360	330	390	550	490	170	250	560	420	470	190	420	990	530	650	270	490	960	220	990	860	250	130	810	380	200	390	510	980	710	130	780	790	770	340	240	810	790	610	530	730	560	500	580	120	950	580	570	220	900	220	330	770	620	400	630	830	850	610	330	610	590	850	820	190	150	310	670	910	550	520	880	650	730	920	870	970	840	580	270	960	480	1000	280	160	180	950	370	410	980	150	340	630	700	630	680	360	1000	620	900	230	370	550	640	720	570	960	970	320	370	910	750	860	110	290	780	270	350	480	790	620	290	300	800	830	910	570	740	450	640	340	910	630	640	690	170	940	410	160	380	450	900	990	260	290	740	290	200	810	180	780	860	760	840	590	660	710	760	450	800	340	450	760	100	490	190	940	520	900	800	650	210	710	200	210	850	370	420	860	220	740	270	280	990	900	420	840	300	960	320	430	750	110	860	160	400	340	180	920	770	210	680	840	460	190	720	820	300	100	730	680	810	960	110	750	600	400	650	800	550	410	380	160	890	420	360	780	960	170	780	410	900	660	550	750	840	130	960	790	470	740	450	470	830	670	430	190	510	710	980	870	440	330	400	460	360	910	490	550	460	550	860	360	140	710	620	520	980	520	500	710	890	200	880	830	190	900	260	420	300	250	820	980	420	300	720	960	810	670	530	310	500	910	360	100	720	130	690	500	620	680	100	120	100	490	180	490	740	110	220	540	550	370	290	290	160	170	180	980	420	910	670	650	610	480	130	120	430	510	660	590	580	340	740	640	830	740	920	320	400	950	630	350	720	1000	600	640	470	810	680	590	860	710	860	210	650	190	490	120	720	700	550	430	790	990	160	640	620	110	940	200	740	960	150	280	110	480	130	760	350	760	660	370	190	170	500	200	200	690	710	120	590	780	1000	710	890	100	670	350	370	150	130	450	540	260	150	100	300	120	440	200	830	820	630	540	940	480	100	220	670	860	850	740	490	840	770	910	150	730	440	320	840	810	1000	520	870	720	1000	650	280	540	210	470	350	440	270	710	790	600	970	590	330	260	270	410	880	130	510	560	870	440	590	450	840	380	150	110	510	590	650	470	260	800	360	530	560	880	760	660	100	480	280	430	600	640	360	980	380	170	420	200	930	930	680	780	820	480	500	920	440	630	540	440	500	610	240	660	440	360	370	440	900	320	790	170	760	760	980	420	480	600	780	390	700	970	150	180	470	970	350	190	770	380	430	330	810	770	460	190	940	150	210	810	540	460	190	790	790	960	340	520	100	660	930	540	330	100	640	660	310	810	940	950	430	830	910	560	950	780	980	580	330	870	720	260	700	450	210	600	540	920	500	660	520	120	130	720	110	520	110	460	860	160	970	550	380	560	610	140	340	210	230	290	960	620	100	190	300	850	240	560	850	440	640	770	940	330	190	980	100	170	360	190	100	760	620	620	220	530	850	820	940	150	670	730	1000	130	990	690	690	870	580	450	280	210	810	810	520	560	870	310	210	850	310	460	180	210	800	400	220	190	950	840	910	930	110	110	390	520	630	360	200	140	370	510	490	710	500	930	1000	220	460	620	610	810	260	390	510	390	100	360	310	460	410	320	940	910	810	270	160	770	360	690	260	740	100	370	800	120	940	310	1000	500	580	190	350	920	130	130	240	190	210	680	390	310	830	670	980	280	860	600	150	130	630	660	450	600	300	400	840	640	980	990	620	250	840	390	950	710	590	170	650	650	870	290	860	430	770	350	230	400	240	330	640	530	790	560	630	390	210	300	170	310	990	290	350	610	820	820	590	860	440	140	400	720	170	910	720	100	280	150	640	730	180	270	820	690	480	570	210	500	750	260	720	790	600	890	900	290	370	470	480	700	150	800	670	380	950	610	130	630	110	740	950	750	430	530	320	410	390	520	210	700	760	860	780	580	580	700	990	570	490	800	680	740	800	830	100	770	980	650	460	310	310	650	340	790	330	260	280	660	430	120	740	460	390	280	710	510	190	340	120	720	440	670	350	710	170	160	1000	430	600	160	510	610	380	120	640	310	990	620	330	790	320	230	400	870	200	970	290	610	920	1000	980	730	920	590	540	180	470	320	270	750	730	400	790	560	490	380	430	500	850	600	440	160	870	850	780	570	860	130	900	370	380	100	570	480	400	880	560	530	230	370	900	210	980	950	680	170	920	840	330	560	670	920	800	430	850	300	570	300	300	490	500	710	410	670	930	960	530	670	170	590	950	760	860	880	500	630	190	780	550	770	950	650	180	480	250	240	960	290	640	850	230	240	870	300	380	160	640	120	910	610	920	260	220	400	260	430	880	260	730	400	110	980	600	290	330	380	280	780	800	160	510	710	430	110	430	120	890	880	750	270	570	870	820	770	260	190	410	610	910	760	100	630	880	610	350	260	390	980	310	750	260	300	290	110	640	140	160	790	390	430	220	270	530	210	210	460	200	510	630	950	200	820	170	950	410	620	920	730	100	630	430	360	650	320	180	670	700	220	430	410	660	510	450	980	450	270	520	880	770	610	450	190	840	690	140	580	520	440	770	400	590	630	310	130	120	400	760	630	580	820	800	460	120	180	270	530	240	340	820	290	420	210	680	410	670	780	940	480	930	580	360	440	710	690	710	180	600	250	680	630	100	900	340	410	750	580	750	730	590	280	590	590	200	150	410	620	650	630	960	240	640	580	770	630	470	390	590	410	850	130	620	210	1000	770	940	830	730	920	750	860	810	890	640	470	980	930	360	120	250	630	960	410	360	880	650	440	960	310	370	660	810	410	580	810	640	420	780	110	390	690	500	420	680	580	580	890	400	330	160	230	980	580	290	500	470	750	540	880	310	430	430	570	390	750	680	980	660	190	790	490	630	190	110	650	590	670	310	650	730	990	400	390	940	780	420	890	830	220	960	670	850	710	300	520	750	200	400	510	400	290	770	410	690	230	770	250	590	560	920	920	640	870	490	660	460	670	460	760	370	240	460	760	940	810	130	600	720	210	650	610	460	540	240	510	640	680	880	280	120	320	960	720	530	490	110	800	250	860	830	430	350	130	280	110	300	960	870	230	250	550	230	480	680	530	380	570	690	570	440	560	420	390	440	270	980	750	360	160	720	120	790	550	510	560	830	310	680	470	1000	280	850	560	210	100	870	520	1000	890	860	810	640	710	750	160	350	250	830	160	430	520	150	580	640	220	370	240	840	890	230	850	940	850	630	170	380	740	730	660	490	240	850	270	210	230	980	490	620	890	780	390	320	520	420	610	800	100	620	130	100	120	430	190	920	660	870	530	480	860	730	980	310	940	590	560	570	220	790	280	440	820	770	360	750	710	940	730	670	410	890	620	130	600	640	650	690	680	480	950	840	670	560	520	440	1000	840	600	260	330	110	120	630	980	950	770	680	240	160	540	680	770	220	480	250	680	410	120	240	790	650	670	860	140	480	110	240	800	830	240	140	450	190	360	500	660	890	120	450	810	680	600	170	350	990	350	940	650	560	340	200	660	120	600	580	750	980	410	370	320	980	860	320	420	450	130	850	840	960	440	450	550	280	940	180	440	480	240	450	280	210	520	720	280	380	100	560	640	120	740	390	410	940	110	690	250	160	420	550	940	370	930	670	520	370	870	210	580	110	940	920	930	940	540	240	760	290	790	940	130	200	180	110	440	430	150	370	950	770	340	570	1000	550	480	670	140	950	450	280	310	890	500	110	880	290	680	750	490	340	380	520	750	490	580	1000	450	260	900	550	840	760	560	580	950	100	120	780	410	410	420	590	200	350	100	900	330	830	220	530	960	370	500	550	430	670	750	340	140	280	900	790	120	780	570	640	690	200	490	610	170	390	930	990	370	980	400	970	360	340	740	260	980	540	650	480	180	640	910	800	990	200	320	500	710	380	990	540	170	760	100	540	350	770	150	400	420	380	260	350	420	550	810	270	860	910	340	290	900	650	700	1000	520	850	600	790	570	850	460	540	420	950	920	580	820	180	250	960	520	440	860	750	460	680	860	990	930	490	770	650	260	100	700	390	790	610	740	520	510	150	320	960	240	740	670	750	920	350	480	220	870	170	570	630	730	920	590	400	440	940	730	800	320	490	390	360	190	990	490	950	790	600	960	450	210	750	710	620	870	590	940	790	200	940	320	870	900	940	370	330	890	250	830	140	350	810	590	800	410	690	260	880	830	940	960	220	190	120	640	680	640	560	160	240	680	980	170	790	830	120	170	490	130	780	310	320	560	930	680	340	940	100	960	430	120	690	370	680	110	980	1000	320	870	930	770	360	290	940	420	170	200	100	780	380	640	120	910	140	290	800	950	130	260	370	250	700	870	990	170	220	340	930	270	600	360	760	460	580	260	550	140	290	660	230	200	710	600	290	770	440	170	540	410	810	720	380	780	690	140	160	450	510	980	100	810	270	470	990	770	730	680	910	400	830	380	860	610	620	
100
