3570
120
4
50
0	0	0	0	0	192	0	0	0	0	0	0	0	0	0	0	0	0	0	0	0	0	0	0	0	0	0	0	0	0	0	0	0	0	0	0	0	0	0	0	0	0	0	0	0	0	0	0	0	0	192	0	0	0	0	0	0	0	0	0	0	0	0	0	0	0	0	0	0	0	0	0	0	0	0	0	0	0	0	0	0	0	0	0	0	0	0	0	0	0	0	0	0	0	0	0	0	0	192	0	0	0	0	0	0	0	0	0	0	0	192	0	0	0	0	0	0	0	0	0	
0	0	0	0	0	0	0	0	0	0	0	0	0	0	0	0	0	0	0	0	0	0	0	0	0	0	0	0	0	0	0	0	0	0	0	0	0	0	192	0	0	0	0	0	0	0	0	0	0	0	0	0	0	0	0	0	0	0	0	0	192	192	0	0	0	0	0	0	0	0	0	0	0	0	0	0	0	0	0	0	192	0	0	0	0	0	0	0	0	0	0	0	0	0	0	0	0	0	0	0	0	0	0	0	0	0	0	0	0	0	0	0	0	0	0	0	0	0	0	0	
0	0	0	0	0	0	0	0	0	0	0	0	0	0	0	0	0	0	0	0	0	0	0	0	0	0	0	0	0	0	0	0	0	0	0	0	0	0	0	0	0	0	0	0	0	192	0	0	0	0	0	0	0	0	0	0	0	0	192	0	0	0	0	0	0	0	0	0	0	0	0	0	0	0	0	0	0	0	0	0	0	0	0	0	0	0	0	0	0	0	0	0	0	0	192	0	0	0	0	0	0	0	0	0	0	0	0	192	0	0	0	0	0	0	0	0	0	0	0	0	
0	0	0	0	0	0	0	0	0	0	0	0	0	0	0	0	0	0	0	0	0	0	0	0	0	0	0	0	0	0	0	0	0	0	0	0	0	0	0	0	0	0	0	0	0	0	0	0	0	0	0	0	0	0	0	192	0	0	0	0	0	0	0	0	0	0	0	0	0	0	192	0	0	0	0	0	0	0	0	192	0	0	0	0	0	0	0	0	0	0	0	0	0	0	0	0	0	0	0	0	0	0	0	0	0	0	192	0	0	0	0	0	0	0	0	0	0	0	0	0	
0	0	0	0	0	0	0	0	0	0	0	0	0	0	0	0	0	192	0	0	0	0	192	0	0	0	0	0	0	0	0	0	0	0	0	0	0	0	0	0	0	0	0	0	0	0	0	0	0	0	0	0	0	0	0	0	0	0	0	0	0	0	0	0	0	0	0	0	0	0	0	0	0	0	0	0	0	0	0	0	0	0	0	0	0	192	0	0	0	0	0	0	0	0	0	0	0	0	0	0	0	0	0	0	0	0	0	0	0	0	0	192	0	0	0	0	0	0	0	0	
192	0	0	0	0	0	0	192	0	0	0	0	0	0	0	0	0	0	0	0	0	0	0	0	0	0	0	0	192	0	0	0	0	0	0	0	0	0	0	0	0	0	0	0	0	0	0	0	0	0	0	0	0	0	0	0	0	0	0	0	0	0	0	0	0	0	0	0	0	0	0	0	0	0	0	0	0	0	0	0	0	0	0	0	0	0	0	0	0	0	0	0	0	0	0	0	0	0	192	0	0	0	0	0	0	0	0	0	0	0	0	0	0	0	0	0	0	0	0	0	
0	0	0	0	0	0	0	0	0	0	0	0	0	0	0	0	0	0	0	0	0	0	0	192	0	0	0	0	0	0	0	0	0	192	0	0	0	0	0	0	0	0	0	0	0	0	0	0	0	0	0	0	0	0	0	0	0	0	0	0	0	0	0	0	0	0	0	0	0	0	0	0	0	0	0	192	0	0	0	0	0	0	0	0	0	0	0	0	0	0	0	0	0	0	0	0	192	0	0	0	0	0	0	0	0	0	0	0	0	0	0	0	0	0	0	0	0	0	0	0	
0	0	0	0	0	192	0	0	0	0	0	0	0	0	0	0	0	0	0	0	0	0	0	0	0	0	0	0	192	0	0	0	0	0	0	0	0	0	0	0	0	0	0	0	0	0	0	0	0	0	0	0	192	0	0	0	0	0	0	0	0	0	0	0	0	0	0	0	0	0	0	0	0	0	0	0	0	0	0	0	0	0	0	0	0	0	0	0	0	0	0	0	0	0	0	0	0	0	192	0	0	0	0	0	0	0	0	0	0	0	0	0	0	0	0	0	0	0	0	0	
0	0	0	0	0	0	0	0	0	0	0	0	0	0	0	0	0	0	192	0	0	0	0	0	0	192	0	0	0	0	0	0	0	0	0	0	0	0	0	0	0	0	0	0	0	0	0	0	0	0	0	0	0	0	0	0	0	192	0	0	0	0	0	0	0	0	0	0	192	0	0	0	0	0	0	0	0	0	0	0	0	0	0	0	0	0	0	0	0	0	0	0	0	0	0	0	0	0	0	0	0	0	0	0	0	0	0	0	0	0	0	0	0	0	0	0	0	0	0	0	
0	0	0	0	0	0	0	0	0	0	0	0	0	0	0	0	0	0	0	0	0	0	0	0	0	0	0	0	0	0	0	0	0	0	0	0	0	0	0	0	0	0	0	192	0	0	0	0	0	0	0	0	0	0	0	0	0	0	0	0	0	0	0	0	0	0	0	0	0	0	0	0	0	0	0	0	0	0	0	0	0	0	0	0	0	0	0	0	0	0	192	0	192	0	0	0	0	0	0	0	0	0	0	0	0	0	0	0	0	0	0	0	0	0	192	0	0	0	0	0	
0	0	0	0	0	0	0	0	0	0	0	0	0	0	0	0	0	0	0	0	0	0	0	0	0	0	0	0	0	0	0	0	0	0	0	0	0	0	0	0	192	0	0	0	0	0	0	0	0	0	0	192	0	0	0	0	0	0	0	0	0	0	192	0	0	0	0	0	0	0	0	0	0	0	0	0	0	0	0	0	0	0	0	0	0	192	0	0	0	0	0	0	0	0	0	0	0	0	0	0	0	0	0	0	0	0	0	0	0	0	0	0	0	0	0	0	0	0	0	0	
0	0	0	0	0	0	0	0	0	0	0	0	0	0	0	0	192	0	0	0	0	0	0	0	0	0	0	0	0	0	0	0	0	0	0	0	0	0	0	0	0	0	0	0	0	0	0	0	0	192	0	0	0	0	0	0	0	0	0	0	0	192	0	192	0	0	0	0	0	0	0	0	0	0	0	0	0	0	0	0	0	0	0	0	0	0	0	0	0	0	0	0	0	0	0	0	0	0	0	0	0	0	0	0	0	0	0	0	0	0	0	0	0	0	0	0	0	0	0	0	
0	0	0	0	0	0	0	0	0	0	0	0	0	0	192	0	0	0	0	0	0	0	0	0	0	0	0	0	0	0	0	0	0	0	0	0	0	0	192	0	0	0	0	0	0	0	0	0	0	0	0	0	0	0	0	0	0	0	0	0	0	0	0	0	192	0	0	0	0	0	0	192	0	0	0	0	0	0	0	0	0	0	0	0	0	0	0	0	0	0	0	0	0	0	0	0	0	0	0	0	0	0	0	0	0	0	0	0	0	0	0	0	0	0	0	0	0	0	0	0	
0	0	0	0	0	0	0	0	0	0	0	0	0	0	0	192	0	0	0	0	0	0	0	0	0	0	0	0	0	0	0	0	0	0	0	0	0	0	0	0	0	0	0	0	0	0	0	0	0	0	0	0	0	192	0	0	0	0	0	0	0	0	0	0	0	0	0	0	0	192	0	0	0	0	0	0	0	0	0	0	0	0	0	0	0	0	0	0	0	0	0	0	0	0	0	0	0	0	0	0	0	0	0	0	0	0	0	0	0	0	0	0	0	0	192	0	0	0	0	0	
0	0	0	0	0	0	0	0	0	0	0	0	192	0	0	0	0	0	192	0	0	0	0	0	0	0	0	0	0	0	0	0	0	0	0	0	0	0	192	0	0	0	0	0	0	0	0	192	0	0	0	0	0	0	0	0	0	0	0	0	0	0	0	0	0	0	0	0	0	0	0	0	0	0	0	0	0	0	0	0	0	0	0	0	0	0	0	0	0	0	0	0	0	0	0	0	0	0	0	0	0	0	0	0	0	0	0	0	0	0	0	0	0	0	0	0	0	0	0	0	
0	0	0	0	0	0	0	0	0	0	0	0	0	192	0	0	0	0	0	0	0	0	0	0	0	0	0	0	0	0	0	0	0	0	0	0	0	0	0	0	0	0	0	0	0	0	0	0	0	0	0	0	0	192	0	0	0	0	0	0	0	0	0	0	0	0	0	0	0	192	0	0	0	0	0	0	0	0	0	192	0	0	0	0	0	0	0	0	0	0	0	0	0	0	0	0	0	0	0	0	0	0	0	0	0	0	0	0	0	0	0	0	0	0	0	0	0	0	0	0	
0	0	0	0	0	0	0	0	0	0	0	192	0	0	0	0	0	0	0	0	0	0	0	0	0	0	0	0	0	0	0	0	0	0	0	192	0	0	0	0	0	0	0	0	0	0	0	0	0	192	0	0	0	0	192	0	0	0	0	0	0	0	0	0	0	0	0	0	0	0	0	0	0	0	0	0	0	0	0	0	0	0	0	0	0	0	0	0	0	0	0	0	0	0	0	0	0	0	0	0	0	0	0	0	0	0	0	0	0	0	0	0	0	0	0	0	0	0	0	0	
0	0	0	0	192	0	0	0	0	0	0	0	0	0	0	0	0	0	0	0	0	0	192	0	0	0	0	0	0	0	0	0	0	0	0	0	0	0	0	0	192	0	0	0	0	0	0	0	0	0	0	0	0	0	0	0	0	0	0	0	0	0	0	0	0	0	0	0	0	0	0	0	0	0	0	0	0	0	0	0	0	0	0	0	0	192	0	0	0	0	0	0	0	0	0	0	0	0	0	0	0	0	0	0	0	0	0	0	0	0	0	0	0	0	0	0	0	0	0	0	
0	0	0	0	0	0	0	0	192	0	0	0	0	0	192	0	0	0	0	0	0	0	0	0	0	0	0	0	0	0	0	0	0	0	0	0	0	0	0	0	0	0	0	0	0	0	0	192	0	0	0	0	0	0	0	0	0	0	0	0	0	0	0	0	0	0	0	192	0	0	0	0	0	0	0	0	0	0	0	0	0	0	0	0	0	0	0	0	0	0	0	0	0	0	0	0	0	0	0	0	0	0	0	0	0	0	0	0	0	0	0	0	0	0	0	0	0	0	0	0	
0	0	0	0	0	0	0	0	0	0	0	0	0	0	0	0	0	0	0	0	0	0	0	0	0	0	0	0	0	0	0	0	0	0	0	0	0	0	0	0	0	0	0	0	0	0	0	0	0	0	0	0	0	192	0	0	192	0	0	0	0	0	0	0	0	0	192	0	0	0	0	0	0	0	0	0	0	0	0	0	0	0	0	0	0	0	192	0	0	0	0	0	0	0	0	0	0	0	0	0	0	0	0	0	0	0	0	0	0	0	0	0	0	0	0	0	0	0	0	0	
0	0	0	0	0	0	0	0	0	0	0	0	0	0	0	0	0	0	0	0	0	0	0	0	0	0	0	0	0	0	0	0	0	0	0	0	0	0	0	0	0	0	0	0	0	192	0	0	0	0	0	0	0	0	0	0	0	0	192	0	0	0	0	0	0	0	0	0	0	0	0	0	0	0	0	0	0	0	0	0	0	0	0	0	0	0	0	0	0	0	0	0	0	0	0	0	0	0	0	0	0	0	0	0	0	0	0	0	0	0	0	0	0	0	0	0	192	0	192	0	
0	0	0	0	0	0	0	0	0	0	0	0	0	0	0	0	0	0	0	0	0	0	0	0	0	0	0	0	0	0	0	0	0	0	0	0	192	0	0	0	0	0	0	0	0	0	0	0	0	0	0	0	0	0	0	0	0	0	0	0	0	0	0	0	0	0	0	0	0	0	0	0	0	0	192	0	0	0	0	0	0	0	0	0	0	0	0	0	0	192	0	0	0	0	0	0	0	0	0	0	0	0	0	0	0	0	0	0	0	0	0	0	0	192	0	0	0	0	0	0	
0	0	0	0	192	0	0	0	0	0	0	0	0	0	0	0	0	192	0	0	0	0	0	0	0	0	0	0	0	0	0	0	0	0	0	0	0	0	0	0	0	0	0	0	0	0	0	0	0	0	0	0	0	0	0	0	0	0	0	0	0	0	0	0	0	0	0	0	192	0	0	0	0	0	0	0	0	0	0	0	0	0	0	0	0	192	0	0	0	0	0	0	0	0	0	0	0	0	0	0	0	0	0	0	0	0	0	0	0	0	0	0	0	0	0	0	0	0	0	0	
0	0	0	0	0	0	192	0	0	0	0	0	0	0	0	0	0	0	0	0	0	0	0	0	0	0	0	0	0	0	0	0	0	192	0	0	0	0	0	0	0	0	0	0	0	0	0	0	0	0	0	0	0	0	0	0	0	0	0	0	0	0	0	0	0	0	0	0	0	0	0	0	0	0	0	192	0	0	0	0	0	0	0	0	0	0	0	0	0	0	0	0	0	0	0	0	0	0	0	0	0	0	0	0	0	0	0	0	0	0	0	0	0	0	0	0	0	0	192	0	
0	0	0	0	0	0	0	0	0	0	0	0	0	0	0	0	0	0	0	0	0	0	0	0	0	0	0	0	0	0	0	0	0	0	0	0	0	0	0	0	0	0	0	0	0	0	0	0	0	0	0	0	0	0	0	0	0	0	0	192	0	0	0	0	192	0	0	0	0	0	192	0	0	0	0	0	0	0	0	0	0	0	192	0	0	0	0	0	0	0	0	0	0	0	0	0	0	0	0	0	0	0	0	0	0	0	0	0	0	0	0	0	0	0	0	0	0	0	0	0	
0	0	0	0	0	0	0	0	192	0	0	0	0	0	0	0	0	0	0	0	0	0	0	0	0	0	0	0	0	0	0	0	0	0	0	0	0	0	0	0	0	0	0	0	0	0	0	0	0	0	0	0	0	0	0	0	0	0	0	0	0	0	0	0	0	0	0	0	192	0	0	192	0	0	0	0	0	0	0	0	0	0	0	0	0	0	0	0	0	0	0	0	0	0	0	0	0	0	0	0	0	0	0	0	0	0	0	0	0	0	0	0	0	0	0	192	0	0	0	0	
0	0	0	0	0	0	0	0	0	0	0	0	0	0	0	0	0	0	0	0	0	0	0	0	0	0	0	0	0	0	0	0	0	0	0	0	0	0	0	0	0	0	0	0	0	0	0	0	192	0	0	0	0	0	0	0	0	0	0	0	0	0	0	0	0	0	0	0	0	0	0	0	0	0	0	0	0	192	0	0	0	0	0	0	0	0	0	0	0	0	0	0	0	0	0	0	0	0	0	192	0	0	0	0	0	0	0	0	192	0	0	0	0	0	0	0	0	0	0	0	
0	0	0	0	0	0	0	0	0	0	0	0	0	0	0	0	0	0	0	0	0	0	0	0	0	0	0	0	0	0	0	0	0	0	192	0	0	0	0	0	0	0	0	0	192	0	0	0	0	0	0	0	0	0	0	0	0	0	0	0	0	0	0	0	0	0	0	0	0	0	0	0	0	0	0	0	0	0	0	0	0	0	0	0	0	0	0	0	192	0	0	0	0	0	0	0	0	0	0	0	0	0	0	0	0	0	0	0	0	0	0	0	0	0	0	0	0	0	0	192	
0	0	0	0	0	192	0	192	0	0	0	0	0	0	0	0	0	0	0	0	0	0	0	0	0	0	0	0	0	0	0	0	0	0	0	0	0	0	0	0	0	0	0	0	0	0	0	0	0	0	192	0	0	0	0	0	0	0	0	0	0	0	0	0	0	0	0	0	0	0	0	0	0	0	0	0	0	0	0	0	0	0	0	0	0	0	0	0	0	0	0	0	0	0	0	0	0	0	192	0	0	0	0	0	0	0	0	0	0	0	0	0	0	0	0	0	0	0	0	0	
0	0	0	0	0	0	0	0	0	0	0	0	0	0	0	0	0	0	0	0	0	0	0	0	0	0	0	0	0	0	0	0	0	0	0	0	0	0	0	0	192	0	192	0	0	0	0	0	0	0	0	0	0	0	0	0	0	0	0	0	0	0	0	0	0	0	0	0	0	0	0	0	0	0	0	0	0	0	0	0	0	0	0	0	0	0	0	0	0	0	0	0	0	0	0	0	0	0	0	0	0	0	0	0	0	192	0	0	0	0	0	192	0	0	0	0	0	0	0	0	
0	0	0	0	0	0	0	0	0	0	0	0	0	0	0	0	0	0	0	0	0	0	0	0	0	0	0	0	0	0	0	0	192	0	0	0	0	0	0	0	0	0	0	0	0	0	0	0	0	0	0	0	0	0	0	192	0	0	0	0	0	0	0	0	0	0	0	0	0	0	0	0	0	0	0	0	0	0	0	0	0	0	0	0	0	0	0	0	0	0	0	0	0	0	0	0	0	0	0	0	0	0	192	0	0	0	192	0	0	0	0	0	0	0	0	0	0	0	0	0	
0	0	0	0	0	0	0	0	0	0	0	0	0	0	0	0	0	0	0	0	0	0	0	0	0	0	0	0	0	0	0	0	0	0	0	0	0	0	0	0	0	0	0	0	0	0	0	0	192	0	0	0	0	0	0	0	0	0	0	0	0	0	0	0	0	0	0	0	0	0	0	0	0	0	0	0	0	192	0	0	0	0	0	0	0	0	0	0	0	0	0	0	0	0	0	0	0	192	0	192	0	0	0	0	0	0	0	0	0	0	0	0	0	0	0	0	0	0	0	0	
0	0	0	0	0	0	0	0	0	0	0	0	0	0	0	0	0	0	0	0	0	0	0	0	0	0	0	0	0	0	192	0	0	0	0	0	0	0	0	0	0	0	0	0	0	0	0	0	0	0	0	0	0	0	0	192	0	0	0	0	0	0	0	0	0	0	0	0	0	0	0	0	0	0	0	0	0	0	0	0	0	0	0	0	0	0	0	0	0	0	0	0	0	0	0	0	0	0	0	0	0	0	192	0	0	0	192	0	0	0	0	0	0	0	0	0	0	0	0	0	
0	0	0	0	0	0	192	0	0	0	0	0	0	0	0	0	0	0	0	0	0	0	0	192	0	0	0	0	0	0	0	0	0	0	0	0	0	0	0	0	0	0	0	0	0	0	0	0	0	0	0	0	192	0	0	0	0	0	0	0	0	0	0	0	0	0	0	0	0	0	0	0	0	0	0	0	0	0	0	0	0	0	0	0	0	0	0	0	0	0	0	0	0	0	0	0	0	0	0	0	0	0	0	0	0	0	0	0	0	0	0	0	192	0	0	0	0	0	0	0	
0	0	0	0	0	0	0	0	0	0	0	0	0	0	0	0	0	0	0	0	0	0	0	0	0	0	0	192	0	0	0	0	0	0	0	0	0	0	0	0	0	0	0	0	0	0	0	0	0	0	0	0	0	0	0	0	0	0	0	0	0	0	0	0	0	0	0	0	0	0	0	0	0	0	0	0	0	0	0	0	0	0	0	0	0	0	0	192	192	0	0	192	0	0	0	0	0	0	0	0	0	0	0	0	0	0	0	0	0	0	0	0	0	0	0	0	0	0	0	0	
0	0	0	0	0	0	0	0	0	0	0	0	0	0	0	0	192	0	0	0	0	0	0	0	0	0	0	0	0	0	0	0	0	0	0	0	0	0	0	192	0	0	0	0	0	0	0	0	0	192	0	0	0	0	192	0	0	0	0	0	0	0	0	0	0	0	0	0	0	0	0	0	0	0	0	0	0	0	0	0	0	0	0	0	0	0	0	0	0	0	0	0	0	0	0	0	0	0	0	0	0	0	0	0	0	0	0	0	0	0	0	0	0	0	0	0	0	0	0	0	
0	0	0	0	0	0	0	0	0	0	0	0	0	0	0	0	0	0	0	0	0	192	0	0	0	0	0	0	0	0	0	0	0	0	0	0	0	0	0	0	0	0	0	0	0	0	0	0	0	0	0	0	0	0	0	0	0	0	0	0	0	0	0	0	0	0	0	0	0	0	0	0	0	0	0	0	0	0	0	0	0	0	0	0	0	0	0	0	192	192	0	0	0	0	0	0	0	0	0	0	0	0	0	0	0	0	0	0	0	0	0	0	0	192	0	0	0	0	0	0	
0	0	0	0	0	0	0	0	0	0	0	0	0	0	0	0	0	0	0	0	0	0	0	0	0	0	0	0	0	0	0	0	0	0	0	0	0	0	0	0	0	0	0	0	0	0	0	0	0	0	0	0	192	0	0	0	0	0	0	192	0	0	0	0	0	0	0	0	0	0	0	0	0	0	0	0	0	0	0	0	0	0	0	0	0	0	0	0	0	0	0	0	0	0	0	0	0	0	0	0	0	0	0	0	0	0	0	0	0	192	0	0	192	0	0	0	0	0	0	0	
0	192	0	0	0	0	0	0	0	0	0	0	192	0	192	0	0	0	0	0	0	0	0	0	0	0	0	0	0	0	0	0	0	0	0	0	0	0	0	0	0	0	0	0	0	0	0	0	0	0	0	0	0	0	0	0	0	0	0	0	0	0	0	0	0	0	0	0	0	0	0	0	0	0	0	0	0	0	0	0	192	0	0	0	0	0	0	0	0	0	0	0	0	0	0	0	0	0	0	0	0	0	0	0	0	0	0	0	0	0	0	0	0	0	0	0	0	0	0	0	
0	0	0	0	0	0	0	0	0	0	0	0	0	0	0	0	0	0	0	0	0	0	0	0	0	0	0	0	0	0	0	0	0	0	0	192	0	0	0	0	0	0	0	0	0	0	0	0	0	192	0	0	0	0	192	0	0	0	0	0	0	0	0	0	0	0	0	0	0	0	0	0	0	0	0	0	0	0	0	192	0	0	0	0	0	0	0	0	0	0	0	0	0	0	0	0	0	0	0	0	0	0	0	0	0	0	0	0	0	0	0	0	0	0	0	0	0	0	0	0	
0	0	0	0	0	0	0	0	0	0	192	0	0	0	0	0	0	192	0	0	0	0	0	0	0	0	0	0	0	192	0	0	0	0	0	0	0	0	0	0	0	0	0	0	0	0	0	0	0	0	0	0	0	0	0	0	0	0	0	0	0	0	192	0	0	0	0	0	0	0	0	0	0	0	0	0	0	0	0	0	0	0	0	0	0	0	0	0	0	0	0	0	0	0	0	0	0	0	0	0	0	0	0	0	0	0	0	0	0	0	0	0	0	0	0	0	0	0	0	0	
0	0	0	0	0	0	0	0	0	0	0	0	0	0	0	0	0	0	0	0	0	0	0	0	0	0	0	0	0	0	0	0	0	0	0	0	0	0	0	0	0	0	0	0	0	0	0	0	192	0	0	0	0	0	0	0	0	0	0	0	0	0	0	0	0	0	0	0	0	0	0	0	0	0	0	0	192	192	0	0	0	0	0	0	0	0	0	0	0	0	0	0	0	0	0	0	0	0	0	192	0	0	0	0	0	0	0	0	0	0	0	0	0	0	0	0	0	0	0	0	
0	0	0	0	0	0	0	0	0	0	0	0	0	0	0	0	0	0	0	0	0	0	0	0	0	0	0	0	0	192	0	0	0	0	0	0	0	0	0	0	0	0	0	0	0	0	0	0	0	0	0	0	0	0	0	0	0	0	0	0	0	0	0	0	0	192	0	0	0	0	0	0	0	0	0	0	0	0	0	0	0	0	0	192	0	0	0	0	0	0	0	0	0	0	0	0	0	0	0	0	0	0	0	0	0	192	0	0	0	0	0	0	0	0	0	0	0	0	0	0	
0	0	0	0	0	0	0	0	0	192	0	0	0	0	0	0	0	0	0	0	0	0	0	0	0	0	0	0	0	0	0	0	0	0	0	0	0	0	0	0	0	0	0	0	0	0	0	0	0	0	0	0	0	0	0	0	0	0	0	0	0	0	0	0	0	0	0	0	0	0	0	0	192	0	0	0	0	0	0	0	0	0	0	0	0	0	0	0	0	0	0	0	192	0	0	0	0	0	0	0	0	0	0	0	0	0	0	0	0	0	0	0	0	0	0	0	0	0	192	0	
0	0	0	0	0	0	0	0	0	0	0	0	0	0	0	0	0	0	0	0	0	0	0	0	0	0	0	192	0	0	0	0	0	0	0	0	0	0	0	0	0	0	0	0	0	0	0	0	0	0	0	0	0	0	0	0	0	0	0	0	0	0	0	0	0	0	0	0	0	0	0	0	0	0	0	0	0	0	0	0	0	0	0	0	0	0	0	0	0	0	0	0	0	0	0	0	0	0	0	0	0	0	0	192	0	0	0	192	0	0	0	0	0	0	0	0	0	0	0	192	
0	0	192	0	0	0	0	0	0	0	0	0	0	0	0	0	0	0	0	0	192	0	0	0	0	0	0	0	0	0	0	0	0	0	0	0	0	0	0	0	0	0	0	0	0	0	0	0	0	0	0	0	0	0	0	0	0	0	192	0	0	0	0	0	0	0	0	0	0	0	0	0	0	0	0	0	0	0	0	0	0	0	0	0	0	0	0	0	0	0	0	0	0	0	192	0	0	0	0	0	0	0	0	0	0	0	0	0	0	0	0	0	0	0	0	0	0	0	0	0	
0	0	0	0	0	0	0	0	0	0	0	0	0	0	0	0	0	0	0	0	0	0	0	0	0	0	0	0	0	0	0	0	0	0	0	0	0	0	0	0	0	0	0	0	0	0	0	0	0	0	0	0	0	0	0	0	0	0	0	0	0	0	192	0	0	0	0	0	0	0	0	0	0	0	192	0	0	0	0	0	0	0	0	192	0	0	0	0	0	0	0	0	0	0	0	0	0	192	0	0	0	0	0	0	0	0	0	0	0	0	0	0	0	0	0	0	0	0	0	0	
0	0	0	0	0	0	0	0	0	0	0	0	0	0	192	0	0	0	192	0	0	0	0	0	0	0	0	0	0	0	0	0	0	0	0	0	0	0	0	0	0	0	0	0	0	0	0	0	0	0	0	0	0	0	0	0	0	0	0	0	192	0	0	0	0	0	0	0	0	0	0	0	0	0	0	0	0	0	0	0	0	0	0	0	0	0	0	0	0	0	0	0	0	0	0	192	0	0	0	0	0	0	0	0	0	0	0	0	0	0	0	0	0	0	0	0	0	0	0	0	
0	0	0	0	0	0	0	0	0	0	0	0	0	0	0	0	0	0	0	0	0	0	0	0	0	0	192	0	0	0	0	192	0	0	0	0	0	0	0	0	0	192	0	0	0	0	0	0	0	0	0	0	0	0	0	0	0	0	0	0	0	0	0	0	0	0	0	0	0	0	0	0	0	0	0	0	0	0	0	0	0	0	0	0	0	0	0	0	0	0	0	0	0	0	0	0	0	0	0	192	0	0	0	0	0	0	0	0	0	0	0	0	0	0	0	0	0	0	0	0	
0	0	0	0	0	0	0	0	0	0	0	192	0	0	0	0	192	0	0	0	0	0	0	0	0	0	0	0	0	0	0	0	0	0	0	192	0	0	0	192	0	0	0	0	0	0	0	0	0	0	0	0	0	0	0	0	0	0	0	0	0	0	0	0	0	0	0	0	0	0	0	0	0	0	0	0	0	0	0	0	0	0	0	0	0	0	0	0	0	0	0	0	0	0	0	0	0	0	0	0	0	0	0	0	0	0	0	0	0	0	0	0	0	0	0	0	0	0	0	0	
192	0	0	0	0	0	0	0	0	0	0	0	0	0	0	0	0	0	0	0	0	0	0	0	0	0	0	0	192	0	0	0	0	0	0	0	0	0	0	0	0	0	0	0	0	0	0	0	0	0	0	0	0	0	0	0	0	0	0	0	0	0	0	0	0	0	0	0	0	0	0	0	0	0	0	0	0	0	0	0	0	0	0	0	0	0	0	0	0	0	0	0	0	0	0	0	192	0	0	0	0	0	0	0	0	0	0	0	0	0	192	0	0	0	0	0	0	0	0	0	
0	0	0	0	0	0	0	0	0	0	192	0	0	0	0	0	0	0	0	0	0	0	0	0	0	0	0	0	0	0	0	0	0	0	0	0	0	0	0	0	0	0	0	0	0	0	0	0	0	0	0	0	0	0	0	0	0	0	0	0	0	0	192	0	0	0	0	0	0	0	0	0	0	0	0	0	0	192	0	0	0	0	0	0	0	0	0	0	0	0	0	0	0	0	0	0	0	0	0	0	0	0	0	0	0	0	0	0	192	0	0	0	0	0	0	0	0	0	0	0	
0	0	0	0	0	0	0	192	0	0	0	0	0	0	0	0	0	0	0	0	0	0	0	0	0	0	0	0	0	0	0	0	0	192	0	0	0	192	0	0	0	0	0	0	0	0	0	0	0	0	0	0	0	0	0	0	0	0	0	0	0	0	0	0	0	0	0	0	0	0	0	0	0	0	0	0	0	0	0	0	0	0	0	0	0	0	0	0	0	0	0	0	0	0	0	0	0	0	0	0	0	0	0	0	0	0	0	0	0	0	0	0	192	0	0	0	0	0	0	0	
0	0	0	0	0	0	0	0	0	0	0	0	0	192	0	192	0	0	0	192	0	0	0	0	0	0	0	0	0	0	0	0	0	0	0	0	0	0	0	0	0	0	0	0	0	0	0	0	0	0	0	0	0	0	0	0	0	0	0	0	0	0	0	0	0	0	0	0	0	0	0	0	0	0	0	0	0	0	0	0	0	0	0	0	0	0	0	0	0	0	0	0	0	0	0	0	0	0	0	0	0	0	0	0	0	0	0	0	0	0	0	0	0	0	192	0	0	0	0	0	
0	0	0	0	0	0	0	0	0	0	0	0	0	0	0	0	192	0	0	0	0	0	0	0	0	0	0	0	0	0	0	0	0	0	0	192	0	0	0	192	0	0	0	0	0	0	0	0	0	0	0	0	0	0	0	0	0	0	0	0	0	0	0	192	0	0	0	0	0	0	0	0	0	0	0	0	0	0	0	0	0	0	0	0	0	0	0	0	0	0	0	0	0	0	0	0	0	0	0	0	0	0	0	0	0	0	0	0	0	0	0	0	0	0	0	0	0	0	0	0	
0	0	0	192	0	0	0	0	0	0	0	0	0	0	0	0	0	0	0	0	0	0	0	0	0	0	0	0	0	0	192	0	192	0	0	0	0	0	0	0	0	0	0	0	0	0	0	0	0	0	0	0	0	0	0	0	0	0	0	0	0	0	0	0	0	0	0	0	0	0	0	0	0	0	0	0	0	0	0	0	0	0	0	0	0	0	0	0	0	0	0	0	0	0	0	0	0	0	0	0	0	0	192	0	0	0	0	0	0	0	0	0	0	0	0	0	0	0	0	0	
0	0	0	0	0	0	0	0	0	0	0	0	0	0	0	0	0	0	0	192	0	0	0	0	0	0	0	0	0	0	0	0	0	0	0	0	0	0	0	0	0	0	0	0	0	0	0	0	0	0	0	0	0	0	0	0	0	0	0	0	0	0	0	0	0	0	192	0	0	0	0	0	0	0	0	0	0	0	0	0	0	0	0	0	0	0	192	0	0	0	192	0	0	0	0	0	0	0	0	0	0	0	0	0	0	0	0	0	0	0	0	0	0	0	0	0	0	0	0	0	
0	0	0	0	0	0	0	0	192	0	0	0	0	0	0	0	0	0	0	0	0	0	0	0	0	0	0	0	0	0	0	0	0	0	0	0	0	0	0	0	0	0	0	0	0	0	0	0	0	0	0	0	0	0	0	0	0	0	0	0	0	0	0	0	0	0	0	0	192	0	0	192	0	0	0	0	0	0	0	0	0	0	0	0	0	0	0	0	0	0	0	0	0	0	0	0	0	0	0	0	0	0	0	0	192	0	0	0	0	0	0	0	0	0	0	0	0	0	0	0	
0	0	192	0	0	0	0	0	0	0	0	0	0	0	0	0	0	0	0	0	192	0	0	0	0	0	0	0	0	0	0	0	0	0	0	0	0	0	0	0	0	0	0	0	0	192	0	0	0	0	0	0	0	0	0	0	0	0	0	0	0	0	0	0	0	0	0	0	0	0	0	0	0	0	0	0	0	0	0	0	0	0	0	0	192	0	0	0	0	0	0	0	0	0	0	0	0	0	0	0	0	0	0	0	0	0	0	0	0	0	0	0	0	0	0	0	0	0	0	0	
0	0	0	0	0	0	0	0	0	0	0	0	0	0	0	0	0	0	0	0	0	0	0	0	192	0	0	0	0	0	0	0	0	0	0	0	0	192	0	0	0	0	0	0	0	0	0	0	0	0	0	0	0	0	0	0	0	0	0	0	0	0	0	0	192	0	0	0	0	0	192	0	0	0	0	0	0	0	0	0	0	0	0	0	0	0	0	0	0	0	0	0	0	0	0	0	0	0	0	0	0	0	0	0	0	0	0	0	0	0	0	0	0	0	0	0	0	0	0	0	
0	192	0	0	0	0	0	0	0	0	0	0	0	0	0	0	0	0	0	0	0	0	0	0	0	0	0	0	0	0	0	0	0	0	0	0	0	0	0	0	0	0	0	0	0	0	0	192	0	0	0	0	0	0	0	0	0	0	0	0	0	0	0	0	0	0	0	0	0	0	0	0	0	0	0	0	0	0	0	0	192	0	0	0	0	0	0	0	0	0	0	0	0	0	0	192	0	0	0	0	0	0	0	0	0	0	0	0	0	0	0	0	0	0	0	0	0	0	0	0	
0	192	0	0	0	0	0	0	0	0	0	192	0	0	0	0	0	0	0	0	0	0	0	0	0	0	0	0	0	0	0	0	0	0	0	0	0	0	0	0	0	0	0	0	0	0	0	0	0	0	0	0	0	0	0	0	0	0	0	0	0	0	0	192	0	0	0	0	0	0	0	0	0	0	0	0	0	0	0	0	192	0	0	0	0	0	0	0	0	0	0	0	0	0	0	0	0	0	0	0	0	0	0	0	0	0	0	0	0	0	0	0	0	0	0	0	0	0	0	0	
0	0	0	0	0	0	0	0	0	0	192	0	0	0	0	0	0	0	0	0	0	0	0	0	0	0	0	0	0	0	0	0	0	0	0	0	0	0	0	0	192	0	0	0	0	0	192	0	0	0	0	192	0	0	0	0	0	0	0	0	0	0	0	0	0	0	0	0	0	0	0	0	0	0	0	0	0	0	0	0	0	0	0	0	0	0	0	0	0	0	0	0	0	0	0	0	0	0	0	0	0	0	0	0	0	0	0	0	0	0	0	0	0	0	0	0	0	0	0	0	
0	0	0	0	0	0	0	0	0	0	0	192	0	0	0	0	0	0	0	0	0	0	0	0	0	0	0	0	0	0	0	0	0	0	0	0	0	0	0	0	0	0	0	0	0	0	0	0	0	0	0	0	0	0	192	0	0	0	0	0	0	192	0	0	0	0	0	0	0	0	0	0	0	0	0	0	0	0	0	0	0	0	0	0	0	0	0	0	0	0	0	0	0	0	0	0	0	0	0	0	0	0	192	0	0	0	0	0	0	0	0	0	0	0	0	0	0	0	0	0	
0	0	0	0	0	0	0	0	0	0	0	0	192	0	0	0	0	0	0	0	0	0	0	0	192	0	0	0	0	0	0	0	0	0	0	0	0	0	0	0	0	0	0	0	0	0	0	0	0	0	0	0	0	0	0	0	0	0	0	192	0	0	0	0	0	0	0	0	0	0	192	0	0	0	0	0	0	0	0	0	0	0	0	0	0	0	0	0	0	0	0	0	0	0	0	0	0	0	0	0	0	0	0	0	0	0	0	0	0	0	0	0	0	0	0	0	0	0	0	0	
0	0	0	0	0	0	0	0	0	0	0	0	0	0	0	0	0	0	0	0	0	0	0	0	0	0	0	0	0	0	0	0	0	0	0	0	0	0	0	0	0	0	192	0	0	0	0	0	0	0	0	0	0	0	0	0	0	0	0	0	0	0	0	0	0	0	0	0	0	0	0	0	0	0	192	0	0	0	0	0	0	192	0	0	0	0	0	0	0	0	0	0	0	0	0	0	0	0	0	0	0	0	0	0	0	0	0	0	0	0	0	0	0	0	0	0	0	192	0	0	
0	0	0	0	0	0	0	0	0	0	0	0	0	0	0	0	0	0	0	192	0	0	0	0	0	0	0	0	0	0	0	0	0	0	0	0	0	0	0	0	0	0	0	0	0	0	0	0	0	0	0	0	0	0	0	0	192	0	0	0	0	0	0	0	0	0	0	0	0	0	0	0	0	0	0	0	0	0	0	0	0	0	0	0	0	0	192	0	0	0	192	0	0	0	0	0	0	0	0	0	0	0	0	0	0	0	0	0	0	0	0	0	0	0	0	0	0	0	0	0	
0	0	0	0	0	0	0	0	0	0	0	0	0	0	0	0	0	0	192	0	0	0	0	0	0	0	0	0	0	0	0	0	0	0	0	0	0	0	0	0	0	0	0	0	0	0	0	0	0	0	0	0	0	0	0	0	0	0	0	0	0	0	0	0	0	0	0	0	0	0	0	192	0	0	0	0	0	0	0	0	0	0	0	0	0	0	0	0	0	0	0	0	0	0	0	192	0	0	0	0	0	0	0	0	0	0	0	0	0	0	0	0	0	0	0	192	0	0	0	0	
0	0	0	0	0	0	0	0	192	0	0	0	0	0	0	0	0	0	0	0	0	0	192	0	0	192	0	0	0	0	0	0	0	0	0	0	0	0	0	0	0	0	0	0	0	0	0	0	0	0	0	0	0	0	0	0	0	192	0	0	0	0	0	0	0	0	0	0	0	0	0	0	0	0	0	0	0	0	0	0	0	0	0	0	0	0	0	0	0	0	0	0	0	0	0	0	0	0	0	0	0	0	0	0	0	0	0	0	0	0	0	0	0	0	0	0	0	0	0	0	
0	0	0	0	0	0	0	0	0	0	0	0	0	192	0	192	0	0	0	0	0	0	0	0	0	0	0	0	0	0	0	0	0	0	0	0	0	0	0	0	0	0	0	0	0	0	0	0	0	0	0	0	0	0	0	0	0	0	0	0	0	0	0	0	0	0	0	0	0	0	0	0	0	0	0	0	0	0	0	0	0	0	0	0	0	0	0	0	0	0	192	0	0	0	0	0	0	0	0	0	0	0	0	0	0	0	0	0	0	0	0	0	0	0	192	0	0	0	0	0	
0	0	0	192	0	0	0	0	0	0	0	0	0	0	0	0	0	0	0	0	0	0	0	0	192	0	0	0	0	0	0	0	0	0	0	0	0	0	0	0	0	0	0	0	0	0	0	0	0	0	0	0	0	0	0	0	0	0	0	192	0	0	0	0	192	0	0	0	0	0	0	0	0	0	0	0	0	0	0	0	0	0	0	0	0	0	0	0	0	0	0	0	0	0	0	0	0	0	0	0	0	0	0	0	0	0	0	0	0	0	0	0	0	0	0	0	0	0	0	0	
0	0	0	0	0	0	0	0	0	0	0	0	192	0	0	0	0	0	0	0	0	0	0	0	0	192	0	0	0	0	0	0	0	0	0	0	0	0	0	0	0	0	0	0	0	0	0	0	0	0	0	0	0	0	0	0	0	192	0	0	0	0	0	0	0	0	0	192	0	0	0	0	0	0	0	0	0	0	0	0	0	0	0	0	0	0	0	0	0	0	0	0	0	0	0	0	0	0	0	0	0	0	0	0	0	0	0	0	0	0	0	0	0	0	0	0	0	0	0	0	
0	0	0	0	0	0	0	0	0	0	0	0	0	0	0	0	0	0	0	0	0	0	0	0	0	0	0	0	0	0	0	0	0	0	0	0	0	0	0	0	0	0	0	192	0	0	0	0	0	0	0	0	0	0	0	0	0	0	0	0	0	0	0	0	0	0	0	0	0	0	0	0	0	0	0	0	0	0	0	0	0	0	0	0	0	0	0	0	0	0	0	0	192	0	0	0	0	0	0	0	0	0	0	0	0	0	0	0	0	0	0	0	0	0	0	0	192	0	192	0	
0	0	0	0	0	0	0	0	0	0	0	0	0	0	0	0	0	0	0	0	0	0	0	0	0	0	0	0	0	0	0	0	0	0	0	0	0	0	0	0	0	0	0	0	0	0	0	0	0	0	0	0	0	0	0	0	0	0	0	0	0	0	0	0	0	0	0	0	0	0	0	0	0	0	0	0	0	0	0	0	0	192	0	0	0	0	0	0	0	0	0	0	0	192	0	0	0	0	0	0	0	0	0	0	0	0	0	0	0	0	192	0	0	0	0	0	0	192	0	0	
0	0	0	0	0	0	0	0	0	0	0	0	0	0	0	0	0	0	0	0	0	192	0	0	0	0	0	0	0	0	0	0	0	0	0	0	0	0	0	0	0	0	0	0	0	0	192	0	0	0	0	0	0	0	0	0	0	0	0	0	0	0	0	0	0	192	0	0	0	0	0	0	0	0	0	0	0	0	0	0	0	0	0	192	0	0	0	0	0	0	0	0	0	0	0	0	0	0	0	0	0	0	0	0	0	0	0	0	0	0	0	0	0	0	0	0	0	0	0	0	
0	0	0	0	0	0	192	0	0	0	0	0	0	0	0	0	0	0	0	0	0	0	0	192	0	0	0	0	0	0	0	0	0	0	0	0	0	0	0	0	0	0	0	0	0	0	0	0	0	0	0	0	0	0	0	0	0	0	0	0	0	0	0	0	0	0	0	0	0	0	0	0	0	0	0	0	0	0	0	0	0	0	0	0	192	0	0	0	0	0	0	0	0	0	0	0	192	0	0	0	0	0	0	0	0	0	0	0	0	0	0	0	0	0	0	0	0	0	0	0	
0	0	0	0	0	0	0	0	0	0	0	0	0	0	0	0	0	0	0	0	0	0	0	0	0	0	0	0	0	0	0	0	0	0	0	0	0	0	0	0	0	192	0	0	0	0	0	0	0	0	0	0	0	0	0	0	0	0	0	0	0	0	0	0	0	0	0	0	0	0	0	0	0	0	0	0	0	0	0	0	0	0	0	0	0	0	0	0	0	0	0	0	0	0	0	0	0	0	0	0	0	192	0	0	192	0	0	0	192	0	0	0	0	0	0	0	0	0	0	0	
0	0	0	0	0	0	0	0	0	0	0	0	0	0	0	0	0	0	0	0	0	0	0	0	0	0	192	0	0	0	0	192	0	0	0	0	0	0	0	0	0	192	0	0	0	0	0	0	0	0	0	192	0	0	0	0	0	0	0	0	0	0	0	0	0	0	0	0	0	0	0	0	0	0	0	0	0	0	0	0	0	0	0	0	0	0	0	0	0	0	0	0	0	0	0	0	0	0	0	0	0	0	0	0	0	0	0	0	0	0	0	0	0	0	0	0	0	0	0	0	
0	0	0	0	0	0	0	0	0	0	0	0	0	0	0	0	0	0	0	0	0	0	0	0	0	0	0	0	0	0	0	0	0	0	0	0	0	0	0	0	0	0	0	0	0	0	0	0	0	0	0	0	0	0	0	0	0	0	0	0	0	0	0	0	0	0	0	0	0	0	0	0	0	0	0	0	0	0	0	0	0	192	192	0	0	0	0	0	0	0	0	0	0	0	0	0	0	0	0	0	0	0	0	0	0	192	0	0	0	0	0	0	192	0	0	0	0	0	0	0	
0	0	0	192	0	0	0	0	0	0	0	0	0	0	0	192	0	0	0	0	0	0	0	0	0	0	0	0	0	0	0	0	0	0	0	0	0	0	0	192	0	0	0	0	0	0	0	0	0	0	0	0	0	0	0	0	0	0	0	0	0	0	0	0	0	0	0	0	0	0	0	0	0	0	0	0	0	0	0	0	0	0	0	0	0	0	0	0	0	0	0	0	0	0	0	0	0	0	0	0	0	0	0	0	0	0	192	0	0	0	0	0	0	0	0	0	0	0	0	0	
0	192	0	0	0	0	0	0	0	0	0	0	0	0	0	0	0	0	0	0	0	0	0	0	0	0	0	0	0	0	0	0	0	0	0	0	0	0	192	0	0	0	0	0	0	0	0	0	0	0	0	0	0	0	0	0	0	0	0	0	192	192	0	0	0	0	0	0	0	0	0	0	0	0	0	0	0	0	0	0	0	0	0	0	0	0	0	0	0	0	0	0	0	0	0	0	0	0	0	0	0	0	0	0	0	0	0	0	0	0	0	0	0	0	0	0	0	0	0	0	
0	0	0	0	0	0	0	0	0	0	0	0	0	0	0	0	0	0	0	0	0	0	0	0	0	0	0	0	0	0	0	0	0	0	0	0	0	0	0	0	0	0	0	0	0	0	0	0	0	0	0	0	0	0	0	0	0	0	0	0	0	0	0	0	0	192	0	0	0	0	0	0	0	192	0	0	0	0	192	0	0	0	0	0	0	0	0	0	0	0	0	0	0	0	0	0	0	0	0	0	0	0	0	0	0	0	0	0	0	0	0	0	0	0	0	0	0	192	0	0	
0	0	0	0	0	0	0	0	0	0	0	0	0	0	0	0	0	0	0	0	0	0	0	0	192	0	0	0	0	0	0	0	0	0	0	0	0	0	0	0	0	0	0	0	0	0	0	0	0	0	0	0	0	0	0	0	0	0	0	0	0	0	0	0	0	0	0	0	0	0	0	0	0	0	0	0	0	0	192	0	0	0	0	0	0	0	0	0	0	0	0	0	0	0	0	0	0	0	0	0	192	0	0	0	0	0	0	0	0	0	0	0	0	0	0	192	0	0	0	0	
0	0	0	0	0	0	0	0	0	0	0	0	0	0	0	0	0	0	0	0	0	0	0	0	0	0	0	0	0	0	0	0	0	0	0	0	0	0	0	0	0	0	192	0	0	0	192	0	0	0	0	0	0	0	0	0	0	0	0	0	0	0	0	0	0	0	0	0	0	0	0	0	0	0	192	0	0	0	0	0	0	0	0	0	0	0	0	0	0	0	0	0	0	0	0	0	0	192	0	0	0	0	0	0	0	0	0	0	0	0	0	0	0	0	0	0	0	0	0	0	
0	0	0	0	0	0	0	0	0	0	0	0	0	0	0	0	0	0	0	0	0	0	0	0	0	0	0	0	0	0	0	0	0	0	0	0	0	0	0	0	0	0	0	0	0	0	0	0	0	0	0	0	0	0	0	0	0	0	192	0	0	0	0	0	0	0	0	0	0	0	0	0	0	0	0	192	0	0	0	0	0	0	0	0	0	0	0	192	0	0	0	0	0	192	0	0	0	0	0	0	0	0	0	0	0	0	0	0	0	0	0	0	0	0	0	0	0	0	0	0	
0	0	0	0	192	0	0	0	0	0	192	0	0	0	0	0	0	192	0	0	0	0	192	0	0	0	0	0	0	0	0	0	0	0	0	0	0	0	0	0	0	0	0	0	0	0	0	0	0	0	0	0	0	0	0	0	0	0	0	0	0	0	0	0	0	0	0	0	0	0	0	0	0	0	0	0	0	0	0	0	0	0	0	0	0	0	0	0	0	0	0	0	0	0	0	0	0	0	0	0	0	0	0	0	0	0	0	0	0	0	0	0	0	0	0	0	0	0	0	0	
0	0	0	0	0	0	0	0	0	0	0	0	0	0	0	0	0	0	0	192	0	0	0	0	0	0	0	0	0	0	0	0	0	0	0	0	0	0	0	0	0	0	0	0	0	0	0	0	0	0	0	0	0	0	0	0	192	0	0	0	0	0	0	0	0	0	192	0	0	0	0	0	0	0	0	0	0	0	0	0	0	0	0	0	0	0	0	0	0	0	0	0	192	0	0	0	0	0	0	0	0	0	0	0	0	0	0	0	0	0	0	0	0	0	0	0	0	0	0	0	
0	0	0	0	0	0	0	0	0	0	0	0	0	0	0	0	0	0	0	0	0	0	0	0	0	0	0	0	0	0	0	0	0	0	192	0	0	0	0	0	0	0	0	0	0	0	0	0	0	0	0	0	0	0	0	0	0	0	0	0	0	0	0	0	0	0	0	0	0	0	0	0	0	0	0	0	0	0	0	0	0	0	0	0	192	0	0	0	0	0	0	0	0	192	0	0	192	0	0	0	0	0	0	0	0	0	0	0	0	0	0	0	0	0	0	0	0	0	0	0	
0	0	0	0	0	0	0	0	0	0	0	0	0	0	0	0	0	0	0	0	0	0	0	0	0	0	0	192	0	0	0	0	0	0	192	0	192	0	0	0	0	0	0	0	0	0	0	0	0	0	0	0	0	0	0	0	0	0	0	0	0	0	0	0	0	0	0	0	0	0	0	0	0	0	0	0	0	0	0	0	0	0	0	0	0	0	0	0	0	0	0	192	0	0	0	0	0	0	0	0	0	0	0	0	0	0	0	0	0	0	0	0	0	0	0	0	0	0	0	0	
0	0	0	0	0	0	0	0	0	0	0	0	0	0	0	0	0	0	0	0	0	192	0	0	0	0	0	0	0	0	0	0	0	0	0	0	192	0	0	0	0	0	0	0	0	0	0	0	0	0	0	0	0	0	0	0	0	0	0	0	0	0	0	0	0	0	0	0	0	0	0	0	0	0	0	0	0	0	0	0	0	0	0	0	0	0	0	0	0	0	0	192	0	0	0	0	0	0	0	0	0	0	0	0	0	0	0	0	0	0	0	0	0	192	0	0	0	0	0	0	
0	0	0	0	0	0	0	0	0	192	0	0	0	0	0	0	0	0	0	0	0	0	0	0	0	0	0	0	0	0	0	0	0	0	0	0	0	0	0	0	0	0	0	0	0	0	0	0	0	0	0	0	0	0	0	0	192	0	0	0	0	0	0	0	0	0	192	0	0	192	0	0	0	0	0	0	0	0	0	0	0	0	0	0	0	0	0	0	0	0	0	0	0	0	0	0	0	0	0	0	0	0	0	0	0	0	0	0	0	0	0	0	0	0	0	0	0	0	0	0	
0	0	0	0	0	0	0	0	0	0	0	0	0	0	0	0	0	0	0	0	0	0	0	0	0	0	0	0	0	0	0	0	0	0	192	0	0	0	0	0	0	0	0	0	0	0	0	0	0	0	0	0	0	0	0	0	0	0	0	0	0	0	0	0	0	0	0	0	0	0	0	0	0	0	0	0	0	0	0	0	0	0	0	0	0	0	0	0	192	192	0	0	0	0	0	0	0	0	0	0	0	0	0	0	0	0	0	0	0	0	0	0	0	0	0	0	0	192	0	0	
0	0	0	0	0	0	0	0	0	192	0	0	0	0	0	0	0	0	0	0	0	0	0	0	0	0	0	0	0	0	0	0	0	0	0	0	0	0	0	0	0	0	0	192	0	0	0	0	0	0	0	0	0	0	0	0	0	0	0	0	0	0	0	0	0	0	0	0	0	0	0	0	192	0	0	0	0	0	0	0	0	0	0	0	0	0	192	0	0	0	0	0	0	0	0	0	0	0	0	0	0	0	0	0	0	0	0	0	0	0	0	0	0	0	0	0	0	0	0	0	
0	0	0	0	0	0	0	0	0	0	0	0	0	0	0	0	0	0	0	0	0	0	0	0	0	0	0	0	0	0	0	0	0	0	0	0	0	0	0	0	0	0	0	0	0	0	0	0	0	0	0	0	0	0	0	0	0	0	0	0	0	0	0	0	0	0	0	0	0	0	0	0	0	192	0	0	0	0	0	0	0	0	0	0	192	0	0	192	0	0	0	0	0	0	0	0	0	0	0	0	0	0	0	0	0	0	0	0	0	0	192	0	0	0	0	0	0	0	0	0	
0	0	192	0	0	0	0	0	0	0	0	0	0	0	0	0	0	0	0	0	0	0	0	0	0	0	0	0	0	0	0	0	0	0	0	0	0	0	0	0	0	0	0	0	0	192	0	0	0	0	0	0	0	0	0	0	0	0	0	0	0	0	0	0	0	0	0	0	0	0	0	0	0	0	0	0	0	0	0	0	0	0	0	0	0	0	0	0	0	0	0	0	0	0	0	0	0	0	0	0	0	0	0	192	0	0	0	192	0	0	0	0	0	0	0	0	0	0	0	0	
0	0	0	0	0	0	0	0	0	0	0	0	0	0	0	0	0	0	0	0	0	0	0	0	0	0	0	0	0	0	0	0	0	0	0	0	0	0	0	0	0	0	0	0	0	0	0	192	0	0	0	0	0	0	0	0	0	0	0	0	192	0	0	0	0	0	0	192	0	0	0	0	0	0	0	0	0	0	0	0	0	0	0	0	0	0	0	0	0	0	0	0	0	0	0	0	0	0	0	0	0	0	0	0	0	0	0	0	0	0	0	0	0	0	0	192	0	0	0	0	
0	0	0	0	0	0	192	0	0	0	0	0	0	0	0	0	0	0	0	0	0	0	0	0	0	0	0	0	0	0	0	0	0	0	0	0	0	0	0	0	0	0	0	0	0	0	0	0	0	0	192	0	0	0	0	0	0	0	0	0	0	0	0	0	0	0	0	0	0	0	0	0	0	0	0	192	0	0	0	0	0	0	0	0	0	0	0	192	0	0	0	0	0	0	0	0	0	0	0	0	0	0	0	0	0	0	0	0	0	0	0	0	0	0	0	0	0	0	0	0	
0	0	0	0	0	0	0	0	0	0	0	0	0	0	0	0	0	0	0	0	0	0	0	0	0	0	0	0	0	0	0	192	0	0	0	0	0	0	0	0	0	0	0	0	0	0	192	0	0	0	0	0	0	0	0	0	0	0	0	0	0	0	0	0	0	0	0	0	0	0	0	0	0	0	0	0	0	0	0	0	0	0	0	192	0	0	0	0	0	0	0	0	0	0	0	0	0	0	0	0	0	0	0	0	0	0	0	0	0	0	0	0	0	192	0	0	0	0	0	0	
192	0	0	0	0	192	0	192	0	0	0	0	0	0	0	0	0	0	0	0	0	0	0	0	0	0	0	0	192	0	0	0	0	0	0	0	0	0	0	0	0	0	0	0	0	0	0	0	0	0	0	0	0	0	0	0	0	0	0	0	0	0	0	0	0	0	0	0	0	0	0	0	0	0	0	0	0	0	0	0	0	0	0	0	0	0	0	0	0	0	0	0	0	0	0	0	0	0	0	0	0	0	0	0	0	0	0	0	0	0	0	0	0	0	0	0	0	0	0	0	
0	0	0	0	0	0	0	0	0	0	0	0	0	0	0	0	0	0	0	0	0	0	0	0	0	0	192	0	0	0	0	192	0	0	0	0	0	0	0	0	0	192	0	0	0	0	0	0	192	0	0	0	0	0	0	0	0	0	0	0	0	0	0	0	0	0	0	0	0	0	0	0	0	0	0	0	0	0	0	0	0	0	0	0	0	0	0	0	0	0	0	0	0	0	0	0	0	0	0	0	0	0	0	0	0	0	0	0	0	0	0	0	0	0	0	0	0	0	0	0	
0	0	0	0	0	0	0	0	0	0	0	0	0	0	0	0	0	0	0	0	0	0	0	0	0	0	0	0	0	0	0	0	0	0	0	0	0	0	0	0	0	0	0	0	0	0	0	0	0	0	0	0	0	0	0	0	0	0	0	0	0	0	0	0	0	0	0	0	0	0	0	0	0	0	0	0	0	0	0	0	0	0	192	0	0	0	0	0	0	0	0	0	0	0	0	0	0	0	0	0	0	0	0	0	0	192	0	0	0	192	0	192	0	0	0	0	0	0	0	0	
0	0	0	0	0	0	0	0	0	0	0	0	0	0	0	0	0	0	0	0	0	0	0	0	0	0	0	0	0	0	0	0	0	0	0	0	0	0	0	0	0	0	0	0	0	0	0	0	0	0	0	0	0	0	0	0	0	0	0	0	0	0	0	0	0	0	0	0	0	0	0	0	0	0	0	0	192	0	0	0	0	0	0	0	0	0	0	0	0	0	0	0	0	0	0	0	0	0	0	0	0	0	0	0	192	0	0	0	192	0	0	192	0	0	0	0	0	0	0	0	
0	0	0	0	0	0	0	0	0	0	0	0	0	0	0	0	0	0	0	0	0	0	0	0	0	0	0	0	0	0	192	0	192	0	0	0	0	0	0	0	0	0	0	0	0	0	0	0	0	0	0	0	0	0	0	192	0	0	0	0	0	0	0	192	0	0	0	0	0	0	0	0	0	0	0	0	0	0	0	0	0	0	0	0	0	0	0	0	0	0	0	0	0	0	0	0	0	0	0	0	0	0	0	0	0	0	0	0	0	0	0	0	0	0	0	0	0	0	0	0	
0	0	0	0	0	0	0	0	0	0	0	0	0	0	0	0	0	0	0	0	0	0	0	0	0	0	0	0	0	0	0	0	0	0	0	0	0	0	0	0	0	0	0	0	192	0	0	0	0	0	0	0	0	0	0	0	0	0	0	0	0	0	0	0	0	0	0	0	0	0	0	0	0	0	0	0	0	0	0	0	0	0	0	0	0	0	0	0	0	0	0	0	0	0	192	0	0	0	0	0	0	0	0	0	0	0	0	192	0	0	0	0	0	0	0	0	0	0	0	192	
0	0	0	0	0	0	0	0	0	0	0	0	0	0	0	0	0	0	0	0	0	0	0	0	0	0	0	0	0	0	0	0	0	0	0	0	0	0	0	0	0	0	0	0	0	0	0	0	0	0	0	0	0	0	0	0	0	192	0	0	0	0	0	0	0	0	0	0	0	0	0	0	0	0	0	0	192	0	0	0	0	0	0	0	0	0	0	0	0	0	0	0	0	0	0	0	0	0	0	0	0	192	0	0	0	0	0	0	0	192	0	0	0	0	0	0	0	0	0	0	
0	0	0	0	0	0	0	0	0	0	0	0	0	0	0	0	0	0	0	0	0	0	0	0	0	0	0	0	0	192	0	0	0	0	0	0	0	0	0	0	0	0	192	0	0	0	0	0	0	0	0	0	0	0	0	0	0	0	0	0	0	0	0	0	0	0	0	0	0	0	0	0	0	0	0	0	0	0	192	0	0	0	0	0	0	0	0	0	0	0	0	0	0	0	0	0	0	0	0	0	192	0	0	0	0	0	0	0	0	0	0	0	0	0	0	0	0	0	0	0	
0	0	0	192	0	0	0	0	0	0	0	0	0	0	0	0	0	0	0	0	0	0	0	0	0	0	0	0	0	0	192	0	192	0	0	0	0	0	0	0	0	0	0	0	0	0	0	0	0	0	0	0	0	0	0	0	0	0	0	0	0	0	0	0	0	0	0	0	0	0	0	0	0	0	0	0	0	0	0	192	0	0	0	0	0	0	0	0	0	0	0	0	0	0	0	0	0	0	0	0	0	0	0	0	0	0	0	0	0	0	0	0	0	0	0	0	0	0	0	0	
0	0	192	0	0	0	0	0	0	0	0	0	0	0	0	0	0	0	0	0	0	0	0	0	0	0	0	0	0	0	0	0	0	0	0	0	0	0	0	0	0	0	0	0	192	0	0	0	0	0	0	0	0	0	0	0	0	0	0	0	0	0	0	0	0	0	0	0	0	0	0	0	0	0	0	0	0	0	0	0	0	0	0	0	0	0	0	0	0	0	0	0	0	0	192	0	0	0	0	0	0	0	0	192	0	0	0	0	0	0	0	0	0	0	0	0	0	0	0	0	
0	0	0	0	0	0	0	0	0	0	0	0	0	0	0	0	0	0	0	0	0	0	0	0	0	0	192	0	0	0	0	0	0	0	0	0	0	0	0	0	0	0	0	0	0	0	0	0	0	0	0	192	0	0	0	0	0	0	0	0	0	0	0	0	0	0	0	0	0	0	0	0	0	0	0	0	192	0	0	0	0	0	0	0	0	0	0	0	0	0	0	0	0	0	0	0	0	0	0	0	0	192	0	0	0	0	0	0	0	0	0	0	0	0	0	0	0	0	0	0	
0	0	0	0	0	0	0	0	0	0	0	0	0	0	0	0	0	0	0	0	0	0	0	0	0	0	0	0	0	0	0	0	0	0	0	0	0	192	0	0	0	0	0	0	0	0	0	0	0	0	0	0	0	0	0	0	0	0	0	0	0	0	0	0	0	0	0	0	0	0	0	0	0	0	0	0	0	0	0	0	0	0	0	0	0	0	0	0	0	0	0	0	0	0	0	0	0	0	0	0	192	0	0	0	192	0	0	0	0	0	0	0	0	0	0	0	192	0	0	0	
192	0	0	0	0	0	0	0	0	0	0	0	0	0	0	0	0	0	0	0	0	0	0	0	0	0	0	0	0	0	0	0	0	0	0	0	0	0	0	0	0	0	0	0	0	0	0	0	0	0	192	0	0	0	0	0	0	0	0	0	0	0	0	0	0	0	0	0	0	0	0	0	0	192	0	0	0	0	0	0	0	0	0	0	0	0	0	0	0	0	0	0	0	192	0	0	0	0	0	0	0	0	0	0	0	0	0	0	0	0	0	0	0	0	0	0	0	0	0	0	
0	0	0	0	192	0	0	0	0	0	0	0	0	0	0	0	0	0	0	0	0	0	0	0	0	0	0	0	0	192	0	0	0	0	0	0	0	0	0	0	0	0	0	0	0	0	0	0	0	0	0	0	0	0	0	0	0	0	0	0	0	0	0	0	0	0	0	0	0	0	0	0	0	0	0	0	0	0	0	0	0	0	0	0	0	0	0	0	0	0	0	0	0	0	0	0	0	0	0	0	192	192	0	0	0	0	0	0	0	0	0	0	0	0	0	0	0	0	0	0	
0	0	0	0	0	0	0	0	0	0	0	0	0	0	0	0	0	0	0	0	0	0	0	0	0	0	0	0	0	0	0	0	0	192	0	0	0	192	0	0	0	0	0	0	0	0	0	0	0	0	0	0	192	0	0	0	0	0	0	0	0	0	0	0	0	0	0	0	0	0	0	0	0	0	0	0	0	0	192	0	0	0	0	0	0	0	0	0	0	0	0	0	0	0	0	0	0	0	0	0	0	0	0	0	0	0	0	0	0	0	0	0	0	0	0	0	0	0	0	0	
0	0	0	0	0	0	0	0	0	0	0	0	0	0	0	0	0	0	0	0	0	192	0	0	0	0	0	0	0	0	0	0	0	0	0	0	192	0	0	0	0	0	0	0	0	0	0	0	0	0	0	0	0	0	0	0	0	0	0	0	0	0	0	0	0	0	0	0	0	0	0	0	0	0	0	0	0	0	0	0	0	0	0	0	0	0	0	0	0	192	0	0	0	0	0	0	0	192	0	0	0	0	0	0	0	0	0	0	0	0	0	0	0	0	0	0	0	0	0	0	
0	0	0	0	0	0	0	0	0	192	0	0	0	192	0	0	0	0	0	0	0	0	0	0	0	0	0	0	0	0	0	0	0	0	0	0	0	0	0	0	0	0	0	0	0	0	0	0	0	0	0	0	0	192	0	0	0	0	0	0	0	0	0	0	0	0	0	0	0	192	0	0	0	0	0	0	0	0	0	0	0	0	0	0	0	0	0	0	0	0	0	0	0	0	0	0	0	0	0	0	0	0	0	0	0	0	0	0	0	0	0	0	0	0	0	0	0	0	0	0	
0	0	0	0	0	0	0	0	0	0	0	0	0	0	0	0	0	0	0	0	0	0	0	0	0	192	0	0	0	0	0	0	0	0	0	0	0	0	0	0	0	0	0	0	0	0	0	0	0	0	0	0	0	0	0	0	0	0	0	0	0	0	0	0	0	0	0	192	0	0	0	0	0	0	0	0	0	0	0	0	0	0	192	0	0	0	0	0	0	0	0	0	0	0	0	192	0	0	0	0	0	0	0	0	0	0	0	0	0	0	0	0	0	0	0	0	0	0	0	0	
0	0	0	0	0	0	0	0	0	0	0	0	0	0	0	0	0	0	0	0	192	0	0	0	0	0	0	0	0	0	0	0	0	0	0	0	0	0	0	0	0	0	0	0	0	0	0	0	0	0	0	0	0	0	0	0	0	0	0	0	0	0	0	0	0	0	0	0	0	0	0	0	192	0	0	0	0	0	0	0	0	0	0	0	0	0	0	0	0	0	0	0	0	0	0	0	0	0	0	0	0	0	0	0	0	0	0	0	0	192	0	0	0	0	0	0	0	0	0	192	
0	0	0	0	0	0	0	0	0	0	0	0	0	0	0	0	0	0	0	0	0	0	0	0	0	0	0	0	0	0	0	0	0	0	0	0	0	0	0	0	0	0	0	0	0	0	0	0	0	0	0	0	0	0	0	0	0	0	0	0	0	0	0	0	0	192	0	0	0	0	0	0	0	192	0	0	0	0	0	0	0	192	0	0	0	0	0	0	0	0	0	192	0	0	0	0	0	0	0	0	0	0	0	0	0	0	0	0	0	0	0	0	0	0	0	0	0	0	0	0	
0	0	0	0	0	0	0	0	0	0	0	0	0	0	0	0	0	0	0	0	192	0	0	192	0	0	0	0	0	0	0	0	0	0	0	0	0	0	0	0	0	0	0	192	0	0	0	0	0	0	0	0	0	0	0	0	0	0	0	0	0	0	0	0	0	0	0	0	0	0	0	0	192	0	0	0	0	0	0	0	0	0	0	0	0	0	0	0	0	0	0	0	0	0	0	0	0	0	0	0	0	0	0	0	0	0	0	0	0	0	0	0	0	0	0	0	0	0	0	0	
0	0	0	0	0	0	0	0	0	0	0	0	0	0	0	0	0	0	0	0	0	0	0	0	0	0	0	192	0	0	0	0	0	0	0	0	0	0	0	0	0	0	0	0	192	0	0	0	0	0	0	0	0	0	0	0	0	0	0	0	0	0	0	0	0	0	0	0	0	0	0	0	0	0	0	0	0	0	0	0	0	0	0	0	0	0	0	0	0	0	0	0	0	0	0	0	0	0	0	0	0	0	0	192	0	0	0	0	0	0	0	0	0	0	0	0	192	0	0	0	
77	10	81	26	108	97	17	20	114	29	82	36	33	65	84	27	91	69	89	4	87	51	41	47	24	10	23	76	110	117	33	117	49	117	10	75	36	50	83	7	116	69	29	74	86	0	82	4	106	74	32	53	69	34	70	65	55	7	84	51	110	105	20	96	21	2	55	112	59	68	118	93	113	54	58	31	25	74	77	31	108	9	102	111	35	4	88	79	30	4	91	33	32	26	9	13	71	31	81	21	63	60	70	33	55	33	0	27	97	89	40	75	70	28	55	75	118	43	79	35	115	118	112	36	118	72	115	96	71	16	41	87	8	33	91	83	98	90	107	28	42	81	100	41	40	11	93	32	90	56	30	13	46	47	35	102	10	115	106	80	25	51	31	103	33	107	63	25	63	0	64	107	87	31	30	113	72	6	70	105	53	0	102	39	5	68	58	73	115	118	64	68	29	67	76	117	25	40	115	117	114	14	0	10	81	18	83	32	96	47	12	84	116	65	99	38	82	10	11	22	47	78	70	92	10	69	76	90	62	40	47	97	18	33	103	81	72	24	5	77	57	29	43	35	87	3	26	87	65	99	74	0	73	84	4	80	24	65	74	64	55	42	44	24	31	8	20	82	48	12	98	23	109	23	64	55	6	51	70	84	36	96	86	111	79	103	48	113	106	17	53	50	29	16	95	28	0	51	7	48	46	117	116	22	78	14	58	40	43	64	88	39	44	90	39	19	3	103	56	78	49	7	117	73	16	43	55	5	95	4	46	106	96	60	44	74	108	74	8	14	90	109	81	69	63	13	64	27	107	70	105	117	25	6	103	7	96	41	64	32	28	101	16	116	26	13	85	39	15	81	115	63	88	51	57	81	83	50	106	11	19	35	115	40	71	18	66	37	19	20	20	89	76	102	70	80	71	14	44	14	65	81	83	106	32	90	90	111	31	72	68	35	109	32	62	43	70	6	119	108	55	31	106	19	37	97	76	5	109	34	46	108	82	37	55	40	58	26	76	85	55	9	61	71	114	84	61	108	107	117	20	15	76	82	11	40	30	119	12	49	73	44	46	34	71	89	91	76	0	65	52	57	118	11	59	1	97	41	111	109	43	51	75	46	108	36	79	30	62	43	36	5	2	35	26	37	24	19	76	70	114	84	26	49	17	33	69	111	21	26	15	42	95	87	15	66	41	10	31	17	84	100	8	39	88	94	100	45	15	41	11	52	90	45	13	118	57	53	101	75	69	16	19	45	97	88	103	100	43	102	108	25	31	18	66	61	28	87	35	82	99	12	30	72	118	43	13	40	54	45	33	36	59	91	4	28	103	14	85	50	74	30	79	85	94	5	73	104	116	93	70	60	100	12	6	25	16	54	18	104	72	91	99	42	62	107	90	41	50	89	80	77	70	20	62	111	83	45	45	81	65	87	87	11	82	26	59	70	86	46	44	76	55	45	65	117	6	40	37	90	11	32	104	85	79	38	66	14	69	99	102	22	59	47	92	95	101	20	77	1	26	107	74	13	59	5	53	53	82	107	93	113	40	69	36	2	61	61	84	74	115	21	4	73	27	52	79	88	93	83	69	80	26	101	14	51	37	65	77	2	116	26	18	4	83	39	102	84	72	50	114	74	39	20	103	40	39	85	62	38	18	72	17	117	32	116	87	103	35	67	115	107	35	14	52	45	52	117	105	83	47	38	5	7	112	75	70	101	28	1	33	81	56	44	26	34	114	74	95	76	30	95	13	28	17	24	65	118	113	43	80	73	50	61	78	65	41	26	97	19	107	8	62	4	70	35	74	64	85	41	113	94	16	54	49	114	65	48	119	1	79	11	104	29	34	116	67	2	8	86	9	82	28	13	9	108	47	45	62	51	66	93	118	38	39	38	93	31	29	41	10	55	79	1	119	104	93	4	60	33	25	29	4	60	66	53	30	12	80	19	21	66	6	114	6	9	48	75	70	23	59	86	106	63	45	110	39	56	10	32	9	6	39	51	79	6	98	82	84	37	47	106	39	80	20	2	11	5	45	92	62	111	7	40	53	109	64	89	117	75	12	93	11	94	81	48	11	67	35	57	36	55	7	50	81	56	35	83	64	73	75	71	7	41	20	75	113	28	84	62	20	103	80	67	37	23	27	15	48	9	100	80	76	43	88	11	93	104	67	53	103	79	10	42	96	28	115	8	6	28	106	83	44	12	100	1	16	113	23	119	23	73	71	81	45	103	58	37	33	82	116	56	79	6	114	54	35	64	42	109	43	85	32	57	37	18	90	57	36	108	60	47	6	97	59	83	8	92	53	32	87	84	70	20	71	69	35	19	15	116	66	51	34	63	96	25	47	105	48	25	41	104	41	65	62	82	88	14	27	115	81	44	85	88	73	105	17	6	13	105	100	50	76	11	74	65	80	33	42	1	112	83	103	94	88	100	23	116	38	34	63	26	21	113	92	84	117	103	107	39	65	105	9	81	70	19	91	61	105	115	86	50	56	5	38	44	88	72	73	56	52	62	61	51	11	39	61	34	98	62	63	26	85	57	48	73	65	108	45	42	68	69	3	116	114	97	54	59	56	20	53	4	4	20	83	36	66	94	62	56	32	14	68	62	66	2	48	1	69	86	8	96	95	57	104	55	68	13	87	115	2	98	25	57	37	59	82	94	66	86	41	0	39	7	65	10	32	100	72	91	91	114	43	95	68	117	95	83	40	59	97	76	45	113	62	87	62	40	40	43	80	16	90	59	76	108	55	7	42	12	103	49	53	11	100	25	84	33	78	89	105	7	46	1	116	31	86	91	24	96	38	72	60	52	119	48	27	28	50	5	44	26	105	87	113	21	92	24	98	112	21	73	114	43	92	114	64	86	10	101	23	52	57	2	94	77	32	11	119	114	11	0	2	92	88	115	2	44	50	69	22	4	105	118	72	11	63	16	74	19	59	75	10	30	113	1	20	107	111	10	80	21	80	64	118	108	84	76	64	97	4	102	71	76	2	93	80	16	56	12	96	79	64	94	104	112	95	89	101	96	114	73	85	4	14	75	44	24	88	5	40	50	101	83	5	79	2	114	105	75	116	119	41	29	112	80	17	48	59	112	54	33	18	78	86	71	2	15	37	53	33	94	1	66	10	74	87	73	83	16	19	95	97	75	34	107	65	10	19	24	40	81	40	100	76	45	19	66	95	111	22	110	26	11	75	40	3	82	67	18	21	45	30	4	24	35	75	71	15	103	61	1	61	29	73	65	56	19	76	82	19	45	2	106	53	57	88	14	10	19	69	59	119	48	11	118	25	62	10	100	117	48	89	11	94	23	85	51	115	95	30	101	116	83	60	42	99	26	48	52	104	86	3	11	109	80	38	104	74	65	90	21	49	41	0	41	59	67	34	80	40	14	47	72	50	92	113	100	55	25	107	86	4	23	66	7	89	76	89	110	69	20	77	7	117	44	27	54	92	35	7	18	41	59	112	71	104	27	17	58	38	24	87	47	65	30	49	13	76	11	98	80	78	83	80	93	28	107	72	25	33	50	111	112	52	114	113	41	105	19	84	0	94	39	85	34	22	70	65	4	24	114	36	3	16	99	52	108	92	59	22	44	8	2	63	24	113	67	44	92	60	19	49	63	38	32	100	85	37	86	98	115	117	91	15	22	68	27	106	76	13	100	110	8	79	107	97	24	30	12	15	17	39	92	39	32	40	105	12	98	53	56	36	28	35	45	43	35	40	85	112	28	79	70	86	77	55	93	83	9	117	22	28	70	84	87	37	57	27	84	52	96	6	66	102	118	82	55	104	73	109	112	79	102	98	57	63	19	113	32	22	3	52	73	73	44	10	98	53	44	70	63	86	110	64	40	63	3	77	25	33	14	71	75	57	115	83	32	88	32	82	102	92	16	79	74	105	25	75	2	5	107	54	32	28	3	88	47	61	80	34	75	106	57	12	24	66	68	27	111	64	82	72	106	38	23	85	17	92	33	113	21	30	111	101	11	62	98	26	98	20	76	56	2	104	73	91	107	79	86	47	16	89	104	71	8	71	93	21	8	55	58	87	67	44	110	0	60	111	21	29	113	23	69	96	45	64	94	6	86	91	5	107	21	74	34	88	27	114	68	49	6	91	61	31	38	75	116	72	114	47	36	40	24	83	81	107	23	108	21	82	56	9	118	87	22	78	14	16	87	117	13	89	22	107	72	86	87	87	47	44	110	4	41	61	16	79	103	111	23	9	61	110	28	89	96	86	36	14	27	71	63	62	52	88	3	29	50	113	110	2	113	3	104	24	113	65	67	85	69	55	72	106	40	25	85	55	13	20	107	68	31	89	3	27	40	115	92	76	91	28	24	56	33	99	109	0	108	93	5	110	60	32	76	73	53	50	94	117	75	9	43	30	77	92	17	119	110	93	113	11	80	92	99	41	102	27	59	48	67	17	40	110	51	107	53	23	27	12	61	18	73	90	78	52	74	41	73	96	69	0	21	33	87	18	40	74	103	77	35	55	70	62	26	29	52	109	88	9	59	81	13	37	1	51	111	15	81	100	102	37	24	42	108	7	52	91	97	9	82	66	98	98	69	31	107	63	54	90	78	16	23	71	106	79	34	29	50	68	51	46	105	96	23	38	31	97	83	85	83	35	119	89	4	34	84	116	70	117	0	78	119	51	43	68	109	3	107	11	65	29	101	55	6	70	56	89	47	21	102	25	22	1	28	74	41	31	81	69	72	111	90	1	69	106	59	23	43	48	38	53	31	79	4	47	47	11	97	40	107	91	113	29	12	91	11	41	103	77	74	10	110	80	83	26	12	15	113	107	12	74	52	78	82	8	4	54	32	90	110	95	73	0	9	83	8	86	14	94	81	77	82	64	102	82	4	6	77	23	35	77	19	40	71	115	36	92	34	39	15	115	78	35	114	38	61	76	114	41	0	50	37	21	113	66	84	3	24	33	6	47	99	60	19	3	1	10	62	36	45	13	16	1	97	118	5	20	19	98	92	94	26	77	7	74	90	6	32	74	105	118	34	58	28	41	68	33	16	44	53	52	39	102	27	11	83	45	34	111	70	77	84	39	96	93	41	69	52	59	45	74	113	56	118	65	118	112	112	109	100	110	21	94	78	70	103	108	59	88	119	20	48	24	37	6	74	91	43	101	112	31	69	103	90	80	84	118	80	52	91	112	59	56	48	72	38	107	14	46	47	89	76	54	118	10	91	55	83	55	66	66	56	39	80	90	63	34	89	2	103	96	45	91	91	63	6	7	113	63	3	79	50	57	52	60	92	10	28	119	73	58	60	118	26	7	14	60	79	116	32	93	24	110	76	70	11	41	68	65	40	90	115	11	40	41	74	77	97	26	80	71	65	104	27	67	97	14	13	77	85	106	74	52	3	95	104	117	55	104	55	90	10	39	63	48	100	117	38	103	80	42	58	91	63	108	31	119	32	84	12	77	1	9	101	59	40	17	86	85	91	51	75	32	68	79	3	53	27	85	81	38	43	104	3	19	53	80	80	104	78	37	26	79	32	34	41	106	63	31	71	74	104	117	2	37	100	68	24	35	19	89	105	116	66	84	25	104	118	79	82	107	75	8	74	83	16	56	77	24	26	16	38	8	77	13	36	93	45	14	75	81	83	104	15	90	26	16	115	94	101	65	25	100	56	4	37	26	69	88	114	60	24	75	59	82	41	50	4	102	113	13	20	52	97	49	108	111	80	73	17	53	67	24	21	65	96	115	40	57	20	63	3	79	55	78	18	0	71	24	70	99	100	47	52	63	79	97	118	12	90	30	88	89	114	68	21	112	75	11	93	46	93	76	53	32	58	50	64	79	102	1	19	93	68	2	41	92	19	20	18	40	97	2	46	62	38	22	58	112	23	46	67	92	81	40	46	103	53	84	43	53	1	118	67	17	112	112	11	1	17	3	67	61	42	105	6	118	31	50	48	50	100	18	12	85	25	33	109	119	7	95	106	57	34	83	50	54	62	74	14	47	75	22	87	73	87	99	48	46	95	48	49	9	76	46	20	81	70	94	105	57	88	108	63	62	90	69	55	57	80	63	28	71	48	112	84	21	59	59	30	92	41	31	92	102	84	6	112	73	23	83	94	72	88	67	102	86	53	56	47	68	4	82	118	58	82	76	119	37	59	47	23	27	4	116	24	57	17	56	18	106	41	85	17	59	77	42	60	18	37	49	18	101	93	80	16	52	71	108	107	116	13	59	31	16	26	93	73	96	92	44	19	74	80	29	1	14	96	104	24	67	107	96	119	48	20	44	1	66	100	73	20	38	45	94	28	22	119	86	7	26	103	64	33	75	106	2	82	67	20	20	65	60	114	117	73	87	93	100	41	73	39	64	29	75	35	92	28	106	41	56	72	100	7	21	41	30	45	61	99	5	82	109	41	22	28	104	93	91	118	39	9	51	30	86	78	99	93	4	109	34	27	22	118	37	76	111	55	64	102	81	95	76	71	55	76	110	70	1	85	2	92	105	3	47	104	109	10	26	87	84	100	19	38	36	85	47	99	100	58	58	10	71	90	32	28	46	43	27	72	4	90	91	7	98	39	76	78	94	33	24	101	96	89	102	95	45	11	23	7	41	115	85	23	58	116	61	4	15	69	38	56	96	39	0	17	5	34	50	106	106	69	45	75	99	0	0	49	68	22	116	84	108	14	64	5	51	76	80	2	0	103	51	115	53	10	108	0	72	5	12	62	28	61	66	33	73	54	47	26	4	86	69	7	84	62	43	69	36	79	99	115	44	14	59	109	29	58	95	82	17	114	11	38	87	14	87	22	31	17	111	58	12	15	30	98	71	66	2	20	36	58	25	36	43	113	51	87	15	118	34	85	117	42	67	97	80	108	83	75	7	63	55	42	32	29	27	28	55	0	4	99	0	66	70	96	34	107	93	13	10	53	65	26	9	24	74	107	117	19	6	107	65	117	95	49	94	64	98	33	24	30	51	115	17	31	32	70	100	1	46	39	33	104	111	57	33	90	40	113	83	8	23	115	109	32	112	46	71	52	46	101	88	87	93	14	8	92	99	29	89	60	72	48	42	92	63	108	83	117	82	102	46	99	94	117	28	70	78	26	4	2	102	91	47	106	22	31	25	118	25	86	48	18	70	37	79	105	90	71	116	7	33	13	54	77	116	77	22	73	84	12	25	6	42	105	40	18	60	113	103	55	42	113	93	33	63	100	118	26	35	20	102	111	65	5	11	45	76	1	35	36	5	27	103	87	107	40	38	2	55	94	76	42	19	12	83	54	4	31	82	58	53	55	5	41	4	91	17	99	34	73	80	69	118	28	97	51	111	54	74	24	71	106	57	66	46	102	50	80	35	24	34	5	2	24	18	29	21	85	32	84	57	55	13	55	44	73	52	43	107	103	86	84	91	38	93	101	29	88	88	84	37	80	119	110	93	45	117	87	70	83	37	47	90	67	54	94	98	80	106	61	61	118	91	115	67	116	44	34	15	40	54	32	84	23	17	98	55	82	40	80	89	58	10	102	95	29	104	26	78	93	64	74	28	80	114	106	83	11	5	24	5	33	53	92	25	71	32	50	92	23	76	77	46	81	62	88	49	39	77	29	11	4	104	45	53	20	86	63	51	8	16	92	45	34	8	93	18	47	23	113	75	112	48	92	97	52	81	33	36	43	6	105	51	58	5	111	19	36	67	22	73	25	107	4	113	9	89	8	85	37	66	8	58	100	66	57	108	91	54	47	27	116	58	64	91	118	29	19	17	113	31	0	26	97	27	94	28	83	102	76	109	40	55	74	96	61	71	43	51	78	101	3	86	29	97	47	76	71	46	96	16	66	73	100	37	116	91	72	28	18	9	29	63	66	76	28	115	43	45	34	17	60	10	96	20	114	82	110	2	102	72	26	49	97	34	75	2	24	43	68	26	1	44	79	33	103	8	61	20	31	112	19	12	38	84	12	92	77	110	82	62	62	3	40	91	72	7	108	73	7	13	68	111	109	41	48	13	43	88	25	103	50	117	25	110	0	74	115	4	5	59	73	97	46	49	56	41	115	17	19	95	68	3	55	65	36	52	42	66	24	56	22	57	48	19	12	44	23	
91	53	1	65	118	61	71	72	10	58	115	10	34	33	10	28	36	15	10	101	92	0	103	111	17	91	94	66	102	4	52	112	73	64	103	81	22	44	43	45	32	119	73	63	47	40	6	104	88	99	42	88	78	100	44	5	25	20	4	107	114	41	5	105	0	73	101	85	47	2	103	76	35	8	3	50	3	32	67	37	2	119	71	57	46	90	73	100	60	6	24	43	81	113	88	18	74	94	111	63	52	68	57	31	99	103	67	62	118	36	83	26	0	0	21	104	104	80	103	12	81	98	69	28	57	65	117	117	101	12	2	11	66	71	75	116	4	71	37	15	16	55	68	75	79	39	55	18	63	74	52	53	73	105	76	13	15	110	0	60	97	10	64	9	80	13	47	30	62	57	100	117	115	70	49	22	56	78	39	73	55	114	14	57	80	114	33	94	108	48	119	41	68	76	58	11	58	30	101	103	34	47	22	30	61	72	93	39	106	72	19	82	2	95	114	45	27	11	102	86	66	119	10	59	36	35	107	106	78	73	39	70	21	40	51	109	63	116	28	12	8	107	38	119	44	1	46	109	10	36	99	114	38	48	48	82	62	34	115	116	85	0	104	43	74	14	101	101	96	49	54	63	78	71	90	118	104	92	108	31	3	22	105	22	36	81	111	26	1	82	43	110	45	39	25	73	7	68	71	14	74	47	74	11	61	92	95	21	44	0	106	113	109	89	40	12	19	11	111	99	76	68	68	58	54	88	76	8	37	92	107	32	94	110	111	65	46	50	92	16	0	43	55	82	51	74	3	95	28	62	117	33	43	30	54	56	50	20	79	45	66	81	18	90	91	78	86	47	7	51	93	101	54	107	25	14	18	77	90	34	84	11	8	98	108	78	70	104	43	103	12	12	28	46	67	7	61	37	20	3	2	14	96	64	98	112	112	7	118	61	69	50	8	61	104	113	105	75	99	45	113	54	69	0	34	112	65	26	19	82	11	52	106	108	95	36	15	80	103	116	13	12	16	90	19	69	71	116	22	86	40	21	73	111	25	12	83	91	7	5	40	111	102	84	61	97	5	80	32	102	15	4	109	50	50	15	105	58	82	117	33	108	78	26	75	61	81	37	35	33	49	65	46	45	43	61	10	47	75	77	58	36	47	110	117	104	68	68	24	40	71	70	54	11	93	48	38	27	18	47	52	31	4	95	101	68	72	119	7	38	58	43	14	91	65	96	87	7	56	43	71	104	13	1	28	114	77	118	34	99	68	73	54	39	112	118	14	36	54	42	93	30	67	10	82	107	83	107	82	80	5	82	72	88	44	44	3	19	21	14	103	108	103	13	105	24	117	30	79	37	117	102	93	0	100	114	80	44	79	39	29	57	42	91	66	82	19	1	35	60	47	7	61	37	3	10	21	74	27	111	113	23	14	75	53	18	31	28	54	7	51	45	106	19	25	92	116	52	60	118	67	79	26	112	92	72	112	88	98	29	67	9	44	82	87	105	38	53	90	14	62	58	1	27	7	55	88	110	32	80	46	69	21	43	70	11	4	68	78	39	16	105	107	116	48	62	97	104	97	73	30	89	38	54	31	10	22	3	81	50	109	4	89	116	80	23	59	71	93	113	117	6	87	6	28	96	62	51	44	88	44	46	92	53	40	67	31	19	93	64	19	54	51	42	32	0	118	63	32	86	83	60	65	100	69	110	35	4	62	6	104	39	6	62	17	95	118	119	70	115	103	89	34	77	115	61	28	70	49	77	45	119	52	49	79	113	44	107	28	84	98	35	74	43	72	107	101	62	38	43	36	102	5	77	33	83	70	49	100	112	90	96	22	45	48	10	18	97	7	90	26	22	91	7	65	3	98	117	85	36	97	34	91	119	59	99	80	39	40	68	88	10	10	83	74	78	64	101	73	119	14	118	68	106	42	4	80	55	27	4	97	56	10	12	62	13	59	2	77	32	9	6	17	10	11	74	90	51	27	29	65	92	26	73	88	39	9	95	15	45	48	57	95	14	42	94	90	4	94	89	48	112	46	18	66	106	99	97	58	84	101	89	24	102	39	10	53	50	80	45	99	88	74	83	114	106	54	85	83	41	29	92	16	101	112	34	89	47	47	46	71	98	61	66	35	60	65	48	31	57	101	0	108	8	58	90	57	26	0	105	73	58	74	21	12	54	55	47	4	18	65	32	25	37	17	73	116	24	56	75	47	5	39	79	82	101	102	86	86	88	95	42	100	0	75	106	62	37	75	65	77	73	16	54	72	77	51	116	66	73	4	75	27	70	117	44	53	79	63	56	112	99	83	16	77	43	18	117	93	105	45	88	106	46	100	10	20	50	9	76	37	14	109	64	109	77	49	13	53	118	22	14	38	10	44	26	26	19	102	52	1	98	35	4	117	111	45	3	117	4	117	82	60	33	107	42	91	88	66	108	114	41	81	81	26	119	74	74	100	104	62	41	66	55	30	53	28	85	82	48	51	11	93	4	49	81	86	9	6	48	119	103	28	26	81	17	98	0	21	47	99	114	116	74	72	58	118	107	104	41	45	27	95	7	34	83	35	77	22	85	119	13	82	104	67	24	119	62	48	95	109	57	48	2	102	40	59	34	27	62	18	33	29	59	31	56	37	96	50	111	3	30	108	48	26	6	15	91	49	105	35	90	50	0	105	70	6	60	67	47	93	30	48	6	18	16	12	102	68	25	117	102	5	92	6	20	110	93	97	94	82	85	84	69	34	56	31	23	17	11	48	24	12	13	69	13	17	97	105	60	108	61	35	17	59	54	71	25	115	113	97	17	0	90	104	39	55	103	39	47	14	109	93	30	25	9	93	33	15	39	14	54	106	69	108	73	9	80	67	119	1	85	18	37	102	112	61	113	93	8	1	87	116	48	18	84	16	77	47	62	117	62	52	9	113	54	22	50	112	11	17	6	88	10	12	83	101	40	99	109	108	17	67	81	60	59	89	20	71	91	82	20	45	38	37	77	57	43	68	53	29	99	22	90	79	53	98	48	8	67	75	93	26	6	112	83	21	54	75	108	74	6	21	112	100	36	88	48	113	52	51	13	116	21	32	105	110	41	40	20	23	41	4	102	16	5	5	51	91	23	76	25	72	8	58	26	81	17	32	96	6	114	22	11	57	5	87	92	106	58	43	85	34	76	83	20	58	12	71	23	15	1	43	20	77	10	59	86	40	84	83	100	70	76	96	96	33	75	38	11	94	98	102	71	30	11	106	117	74	71	11	62	76	69	57	51	91	104	38	84	73	73	74	84	80	95	7	82	119	13	73	49	11	37	100	111	84	17	85	56	32	37	16	47	116	88	90	84	39	21	16	74	4	91	15	102	25	69	53	70	51	74	70	6	7	109	8	4	1	69	38	69	39	38	15	61	110	57	63	24	109	101	95	7	108	66	115	99	76	23	68	76	5	70	76	76	57	48	35	27	81	79	42	10	110	82	26	35	32	43	12	55	65	19	114	102	65	19	100	73	19	52	3	74	46	110	104	1	68	100	29	0	69	46	65	119	99	37	79	111	47	97	47	26	18	69	43	9	4	17	18	44	111	101	71	100	3	4	82	51	83	13	100	17	102	91	118	40	6	117	74	80	43	21	15	59	103	69	88	81	51	116	69	116	16	116	8	12	14	38	88	82	111	83	80	72	76	12	32	118	85	106	89	54	44	110	116	1	90	65	83	54	103	116	85	48	94	16	117	40	94	13	84	86	64	102	41	28	7	99	14	106	114	76	77	9	66	44	54	83	10	98	98	48	65	65	19	66	17	88	0	50	34	98	12	47	70	14	71	116	30	38	18	114	107	51	118	65	5	111	29	67	102	105	95	28	23	75	88	60	99	94	54	19	36	27	73	25	23	41	13	51	68	75	51	105	91	112	78	85	87	29	108	63	49	95	97	88	46	88	5	51	8	34	46	81	65	62	1	39	97	56	65	119	68	88	4	79	107	50	1	71	68	70	0	104	89	17	56	56	114	70	114	115	16	87	99	111	44	100	31	75	73	69	0	43	36	20	18	61	111	106	91	111	0	31	49	27	15	71	21	62	71	76	30	15	81	33	56	112	101	110	35	15	3	23	119	87	7	50	11	14	109	45	64	92	101	28	71	97	64	33	71	55	67	4	36	41	10	46	72	119	8	67	118	0	57	52	112	55	66	88	35	15	44	82	59	31	12	19	109	15	77	66	109	30	114	109	101	44	1	80	1	30	6	10	56	8	77	31	107	89	89	64	56	40	43	4	33	109	77	13	64	61	107	78	33	98	114	3	16	27	100	106	6	100	40	111	54	73	76	91	74	41	26	51	83	58	39	45	12	50	13	52	51	37	39	19	107	8	95	88	102	98	103	29	26	2	74	2	119	55	116	105	105	42	111	63	51	41	21	67	70	32	26	89	5	111	22	5	73	20	85	75	93	87	74	57	66	62	68	13	97	73	118	107	22	117	94	119	28	82	72	77	70	70	68	90	71	41	35	116	9	49	0	58	81	8	67	49	96	41	111	55	76	45	30	51	118	55	119	108	112	76	1	113	115	104	33	47	4	112	30	112	39	73	113	83	4	116	46	54	33	16	14	103	55	20	50	59	76	75	10	104	17	70	22	20	29	5	109	57	54	71	38	44	55	74	72	79	90	0	116	30	51	52	84	11	36	102	49	110	27	45	63	29	16	35	88	4	90	36	111	111	83	98	23	107	5	97	92	26	24	116	74	48	28	52	39	34	26	59	93	14	33	51	43	42	94	103	57	51	97	95	72	62	98	98	48	27	99	106	14	34	37	49	63	44	19	81	15	65	114	95	72	62	9	49	112	107	68	85	97	53	63	104	74	101	57	60	70	118	61	31	55	32	32	80	89	116	70	61	74	47	43	115	116	94	107	24	110	95	38	119	112	32	116	31	117	79	104	54	118	14	8	46	22	83	81	48	8	57	68	0	38	70	107	45	22	32	12	61	39	90	52	21	50	89	62	35	36	38	114	37	92	118	115	42	57	104	87	50	89	77	80	13	40	89	111	43	66	27	97	40	93	59	94	2	13	113	37	80	5	59	79	4	20	59	12	16	2	37	30	7	94	17	75	73	49	56	66	9	15	56	86	87	90	32	80	17	22	74	85	21	16	100	32	115	92	1	60	11	95	87	30	18	87	91	9	26	101	10	67	50	38	46	99	116	114	105	22	9	85	97	85	54	79	4	20	55	94	119	68	53	59	12	76	69	96	56	54	105	16	78	12	14	75	22	78	91	13	11	85	91	10	39	76	2	76	60	8	42	8	4	106	57	32	82	69	88	35	35	108	115	4	111	86	72	26	2	103	102	96	31	51	21	28	95	27	75	40	39	32	117	63	71	107	89	43	3	109	16	71	68	8	49	101	94	113	1	24	25	37	103	75	19	105	111	83	70	16	109	31	20	100	22	56	24	11	55	45	13	87	59	67	14	91	23	89	12	95	95	67	88	62	43	87	13	16	44	37	40	43	15	111	10	117	47	118	108	28	89	35	12	16	16	109	86	67	118	71	49	5	68	100	101	3	75	1	103	13	19	31	84	68	14	27	70	67	53	111	12	13	48	30	89	52	91	22	80	52	42	102	9	93	115	7	83	51	67	20	17	62	109	84	33	72	34	100	74	10	29	116	94	72	33	15	5	35	40	62	51	6	90	81	106	9	48	109	114	58	73	73	106	11	83	6	35	45	57	114	24	95	96	28	109	18	96	101	50	37	59	109	23	90	4	30	54	14	93	109	5	37	78	41	25	87	76	90	89	96	80	55	96	40	67	116	102	105	73	118	87	49	11	73	102	82	12	66	92	78	55	24	79	101	116	0	103	19	6	4	41	21	41	64	71	114	34	74	74	75	33	89	8	3	25	67	82	61	4	10	17	54	4	47	46	56	101	30	102	43	117	69	10	40	116	67	67	83	110	39	114	69	15	111	8	15	66	45	29	53	24	14	22	75	65	105	105	116	33	80	67	68	106	91	11	22	3	35	0	104	68	36	14	22	16	68	106	78	101	107	20	18	59	51	33	7	6	97	100	4	4	83	82	114	85	107	1	21	92	8	108	42	88	61	90	119	19	51	7	58	78	73	67	118	103	110	115	108	21	111	75	28	59	105	119	0	56	80	83	20	20	42	102	39	69	50	94	118	23	18	6	11	93	97	7	93	11	108	118	55	46	116	95	55	74	68	26	59	106	7	90	73	108	5	106	117	62	70	24	40	44	92	62	17	16	32	106	89	18	110	84	62	42	86	3	86	56	40	18	38	104	22	98	19	23	8	46	96	96	44	54	23	116	12	57	19	17	50	25	28	104	108	107	114	57	53	34	101	110	70	72	54	28	89	8	71	102	57	12	24	35	18	32	109	85	118	55	96	12	84	22	86	91	110	38	82	91	12	109	4	43	98	103	57	36	59	37	26	62	113	29	9	5	93	83	24	16	44	36	74	81	94	57	43	98	50	18	106	72	25	95	110	14	73	12	48	115	57	47	119	78	27	42	2	0	66	70	4	67	73	69	63	112	60	44	88	57	36	21	24	67	49	15	3	15	89	68	70	29	61	89	73	42	20	64	103	55	84	103	108	67	116	117	19	52	25	31	84	16	97	83	9	116	66	61	18	66	35	108	97	28	7	88	90	30	115	95	48	42	69	31	60	118	44	32	112	73	36	47	113	112	31	98	83	11	14	18	84	15	113	85	66	46	118	86	24	83	51	95	16	113	12	81	73	82	109	118	16	49	74	20	25	2	70	77	66	22	31	56	21	14	101	103	101	66	11	38	91	75	81	57	38	17	6	25	77	99	94	11	74	8	1	16	26	81	46	77	25	42	26	66	20	30	1	105	23	24	103	11	61	45	36	104	4	90	98	85	9	112	16	13	76	73	83	50	38	47	101	106	69	103	27	70	81	9	29	44	66	76	35	9	116	100	90	89	73	74	65	47	88	89	101	26	60	99	70	60	84	38	50	11	109	2	93	27	67	88	0	6	59	48	0	89	80	83	20	72	23	36	118	36	108	111	0	85	71	34	81	85	86	42	78	56	62	50	83	50	2	51	72	107	34	87	70	69	67	20	62	98	28	13	60	75	85	45	73	72	91	2	107	17	20	87	25	87	42	72	68	83	12	49	22	45	60	74	101	96	43	35	80	25	110	84	95	61	45	17	6	13	87	32	75	20	59	80	37	73	13	52	68	44	25	12	66	96	78	105	45	52	44	43	30	116	81	83	82	90	31	95	119	33	113	41	91	53	46	116	68	80	51	22	85	82	95	17	74	43	106	81	79	54	98	10	110	68	81	52	67	55	97	86	18	101	44	115	62	32	114	6	39	13	42	9	96	91	30	97	76	87	52	69	47	37	75	58	105	56	94	21	93	74	55	26	89	117	0	97	51	74	39	29	71	108	24	33	51	52	14	97	64	91	111	86	44	64	51	17	21	88	102	84	10	53	87	78	75	80	10	59	79	13	7	44	71	17	107	49	31	95	82	46	99	80	17	35	1	89	53	106	14	75	74	9	62	95	55	66	103	60	25	87	46	41	69	66	46	107	7	86	47	72	53	89	60	117	38	57	41	68	66	112	32	58	66	98	54	105	110	55	60	5	20	115	101	29	1	44	86	2	0	51	47	107	28	94	93	4	51	8	109	22	2	80	42	10	116	13	29	18	64	3	6	78	32	111	49	29	55	87	71	108	103	92	114	116	56	6	43	79	107	37	28	56	43	100	56	82	118	109	30	12	87	26	61	106	28	79	95	42	7	27	117	69	102	89	57	94	34	10	53	19	44	49	97	52	72	53	77	49	53	29	66	95	110	78	59	81	4	119	43	71	20	42	93	31	117	6	117	104	2	45	26	38	104	78	0	24	44	70	82	15	19	68	92	90	76	58	3	107	18	59	7	77	112	100	12	5	98	118	38	76	8	101	116	8	56	11	110	71	10	13	94	1	42	79	41	8	13	32	60	46	104	52	24	37	10	10	113	31	80	79	86	89	108	82	8	18	29	24	116	46	29	47	23	110	52	14	48	36	4	72	94	35	110	61	36	88	77	39	86	51	32	57	49	112	84	99	4	42	
5	7	14	10	14	10	20	13	3	1	7	10	14	14	11	18	19	10	11	4	20	1	3	15	9	6	8	3	19	7	6	1	16	20	8	2	5	4	2	16	6	1	7	12	11	13	1	10	1	14	3	2	16	15	3	2	9	2	13	14	19	11	16	13	11	9	10	18	15	17	11	4	18	15	17	18	7	20	17	7	2	5	11	17	16	16	9	8	14	13	19	11	16	9	19	5	10	10	17	5	2	8	19	14	6	8	6	14	15	12	10	1	6	16	9	6	17	9	3	12	19	5	10	14	11	12	18	3	17	3	18	9	17	16	16	8	14	7	11	19	17	19	18	11	8	14	2	20	1	12	11	11	18	11	3	6	19	1	2	1	19	9	13	10	5	1	18	5	7	7	4	8	10	10	10	7	18	1	16	20	17	15	12	11	12	7	18	10	12	4	7	2	1	1	16	19	2	9	1	3	7	7	20	19	6	20	14	19	14	11	13	2	4	1	6	11	8	1	15	12	15	16	4	8	18	9	2	18	10	17	13	13	9	6	12	1	15	5	6	7	14	2	5	12	10	3	14	13	4	9	2	7	6	8	1	11	15	9	6	2	7	2	16	5	16	8	5	10	1	11	10	12	18	5	19	2	8	11	15	4	13	1	9	18	13	8	20	19	14	2	11	11	20	4	19	7	16	7	15	20	19	7	10	3	3	13	7	13	20	15	17	11	19	14	6	3	18	14	15	12	5	17	4	17	14	3	4	5	12	18	14	19	11	11	8	18	13	2	15	5	10	13	12	12	2	2	11	18	12	13	3	10	9	13	1	5	14	14	17	20	9	14	12	3	1	4	16	17	16	15	14	9	15	8	10	8	19	6	13	9	18	20	10	11	3	14	11	20	4	9	19	17	2	15	11	6	7	8	15	6	6	1	5	8	13	3	13	2	14	16	17	20	20	12	13	9	17	20	7	8	19	13	11	3	9	13	11	7	10	18	16	14	1	14	12	14	20	9	8	20	15	6	9	7	17	18	14	12	18	4	17	6	11	15	5	20	8	14	3	16	8	20	3	14	3	10	10	8	17	3	2	19	9	2	7	4	18	2	11	7	6	11	14	2	7	7	6	14	16	8	15	7	15	16	7	11	1	19	2	19	12	18	17	20	19	10	18	14	16	16	2	7	4	10	17	11	16	16	4	5	17	7	13	4	3	4	8	6	9	9	19	7	11	5	18	5	2	3	2	13	6	7	17	11	6	11	4	18	14	14	3	1	2	11	15	13	1	6	10	9	2	12	4	4	4	18	15	4	10	14	15	17	2	7	2	13	13	16	4	17	9	13	7	6	9	12	7	20	15	12	9	17	20	8	15	18	17	4	13	11	7	9	17	2	7	16	7	20	14	15	9	5	9	9	19	8	16	9	11	20	6	11	17	10	19	9	19	4	12	14	17	19	13	13	4	4	13	6	10	16	15	18	11	11	14	19	13	11	13	4	12	8	18	8	6	20	7	7	3	8	15	2	17	9	16	14	8	7	7	17	10	8	18	19	3	17	12	17	20	11	15	16	11	2	4	13	20	4	16	10	9	17	4	7	10	3	16	5	13	7	15	1	10	2	17	4	19	8	19	20	4	4	1	9	14	4	10	4	3	16	10	10	12	15	17	8	17	19	10	4	3	1	20	6	8	2	11	6	19	18	11	2	1	16	12	19	7	9	12	10	5	6	11	10	6	20	17	15	20	4	1	3	3	10	7	13	18	9	5	13	2	8	6	13	2	5	12	13	1	1	5	7	8	13	9	14	6	10	5	2	17	1	2	1	17	7	5	10	9	8	11	14	7	13	1	6	8	16	1	12	19	9	3	17	8	15	3	20	4	2	19	8	9	3	16	19	14	12	10	17	13	17	15	17	8	12	16	7	10	20	17	3	10	4	3	11	4	4	12	17	20	9	20	3	4	11	11	1	16	3	12	11	10	18	10	10	19	17	13	12	20	9	7	10	5	3	12	16	9	17	1	7	11	10	15	14	12	12	19	3	19	20	7	17	19	20	19	17	14	7	12	7	9	19	12	9	13	1	3	15	14	7	6	7	10	16	14	1	18	2	5	10	19	7	19	9	5	6	9	20	2	1	12	7	19	14	18	5	1	12	15	15	20	18	16	11	10	11	15	17	16	6	11	3	3	14	19	9	8	2	16	1	19	17	9	15	10	18	9	1	10	4	20	8	3	14	16	12	4	19	20	10	16	14	19	16	5	19	1	7	11	18	16	7	13	18	3	17	14	6	5	3	4	17	10	10	8	11	4	18	2	13	19	16	8	3	4	3	7	4	16	17	8	12	16	17	16	15	6	8	11	20	18	14	3	19	14	1	5	9	13	17	6	19	18	8	18	18	9	10	11	2	12	13	18	14	14	9	12	18	10	8	5	15	16	6	19	10	18	1	15	16	3	17	6	18	2	12	12	9	4	6	8	18	16	9	1	2	13	13	1	6	15	12	16	7	7	7	12	18	15	18	3	12	19	10	15	14	20	17	16	1	11	12	17	6	14	19	9	18	1	19	2	2	13	6	16	16	7	17	7	11	17	12	15	5	15	12	14	3	6	3	9	10	12	14	12	20	1	17	5	4	6	14	9	4	16	13	17	17	1	11	10	1	16	19	4	15	12	3	13	9	6	11	10	9	1	13	12	2	16	17	19	6	11	17	5	15	4	5	19	16	7	3	6	4	20	5	7	14	6	16	7	20	5	11	19	6	5	8	13	19	19	11	14	15	1	18	6	19	10	17	7	19	17	17	10	6	6	8	19	4	14	15	5	17	15	2	6	20	4	10	10	20	16	5	20	3	7	15	6	7	19	14	17	15	7	2	1	13	14	16	9	14	11	6	19	20	6	13	3	18	9	9	8	6	10	19	12	9	3	17	20	12	16	15	4	16	18	7	6	9	2	13	3	10	17	3	19	7	9	5	4	1	14	13	15	4	1	19	5	19	11	4	18	6	5	16	1	19	2	18	6	11	17	1	15	10	10	9	17	17	14	16	9	5	15	7	16	20	9	18	3	9	10	15	18	11	1	19	4	18	14	14	12	19	7	10	8	3	16	3	18	3	15	7	17	20	11	15	3	8	20	8	20	18	20	6	19	5	19	2	20	1	14	11	19	15	3	12	7	16	11	14	3	5	13	1	19	8	4	1	19	13	18	12	7	13	4	14	17	17	19	5	12	17	6	19	8	18	7	18	3	19	16	20	3	9	4	10	7	10	12	5	13	18	20	5	3	6	14	16	4	11	14	19	15	11	6	3	3	3	18	13	17	19	2	13	20	6	10	19	3	7	20	6	13	15	4	15	18	13	3	1	11	16	7	19	4	11	9	7	8	17	17	9	11	19	16	15	5	16	12	2	9	3	9	11	4	19	7	18	16	16	9	17	15	19	7	18	11	7	7	18	14	8	13	2	11	20	12	15	9	15	2	2	20	11	7	3	5	16	13	9	9	7	13	3	10	2	19	7	3	9	1	14	19	1	20	5	14	8	20	13	13	14	15	11	17	9	1	16	19	13	20	17	4	3	9	10	6	9	17	5	4	15	4	8	5	7	7	10	5	1	9	13	1	6	1	18	2	12	20	10	2	15	1	1	12	1	11	10	19	6	7	8	19	19	7	10	8	2	8	7	5	15	7	17	15	15	12	13	5	20	5	4	17	10	10	15	9	19	17	3	1	3	15	17	10	16	20	17	13	5	10	1	15	18	6	7	13	13	8	2	17	17	14	12	2	7	4	2	19	7	1	13	8	2	15	14	14	9	14	9	14	14	5	13	13	18	14	13	17	4	9	16	13	15	20	17	12	4	20	14	10	4	4	7	15	12	11	2	12	9	4	2	4	2	14	7	8	13	8	11	1	6	5	16	14	8	12	5	14	16	1	6	13	13	11	11	1	10	11	8	9	12	14	3	7	2	9	15	11	7	10	2	5	9	9	6	14	9	5	16	4	12	8	2	7	10	1	12	15	8	15	3	13	6	15	3	15	5	15	10	7	11	16	5	7	12	6	6	5	15	4	3	14	12	13	11	3	7	12	14	8	8	13	7	15	5	11	7	15	3	14	9	13	16	8	4	7	7	5	9	9	4	7	6	13	11	9	6	10	16	5	15	13	4	13	1	12	5	15	11	12	12	7	8	11	12	14	10	3	4	13	8	16	9	12	4	7	8	5	13	7	9	10	14	14	3	16	13	4	11	6	5	1	14	8	5	7	3	13	7	5	3	11	8	8	6	9	4	16	4	16	10	6	10	4	11	6	9	1	8	13	5	12	13	6	5	2	13	11	14	6	14	11	3	12	16	8	6	10	9	9	8	3	14	11	14	13	8	1	5	12	6	7	16	5	5	4	7	16	8	14	14	3	16	14	10	7	4	9	15	2	5	16	7	7	14	13	16	4	10	3	7	6	4	2	14	8	16	8	4	4	14	5	5	15	15	13	7	2	11	2	6	4	2	3	3	10	16	12	16	16	15	3	2	15	12	6	7	12	10	3	14	8	13	3	7	10	13	8	10	9	8	7	2	4	4	13	1	6	12	16	1	15	16	8	1	8	1	10	16	9	13	3	4	6	15	15	4	8	5	12	11	3	9	7	13	4	12	10	10	10	10	15	8	4	16	2	1	15	4	7	7	15	13	6	8	13	14	5	10	14	12	11	7	8	5	7	11	9	5	7	5	4	8	7	5	12	9	11	12	8	16	10	9	8	2	3	4	13	4	15	2	3	15	15	9	6	4	15	16	11	9	16	13	2	4	16	10	7	16	1	9	4	1	6	9	14	13	16	15	9	12	15	4	2	13	12	16	8	8	14	8	11	16	12	5	9	13	8	15	4	12	11	16	12	7	13	7	8	8	7	4	12	14	5	4	9	2	12	12	2	5	9	6	7	10	12	16	8	8	9	11	10	10	10	1	6	10	2	2	4	7	16	9	5	11	14	16	13	11	11	12	16	7	15	10	5	12	11	14	3	16	4	7	6	14	15	12	14	6	14	10	3	7	11	15	16	13	8	5	10	14	10	12	13	13	9	15	6	4	5	6	14	7	12	15	2	11	6	8	9	13	8	11	5	5	13	7	8	9	6	13	2	4	13	16	13	16	14	6	15	9	14	3	10	7	7	1	15	7	2	9	2	4	7	2	13	14	14	14	3	16	6	9	2	12	6	4	6	16	9	13	16	7	1	6	9	9	12	14	8	6	4	2	11	14	1	12	15	2	12	7	1	1	3	1	1	1	4	6	12	2	3	5	9	3	13	11	6	6	3	13	5	6	8	12	4	8	1	11	6	3	13	8	6	13	14	12	3	8	2	12	15	3	2	13	13	6	16	5	16	14	4	8	8	16	9	15	2	16	6	10	9	5	8	14	5	5	4	1	4	16	7	11	3	10	13	10	6	15	3	10	15	13	15	11	12	10	16	16	9	5	3	10	12	8	4	9	8	12	5	8	16	9	4	11	1	9	16	10	2	14	14	9	15	1	2	1	13	12	7	16	16	15	13	7	2	2	11	8	3	6	11	5	4	3	9	5	7	13	14	9	5	3	9	2	13	4	7	16	5	12	7	13	16	1	12	13	7	15	9	16	13	8	13	7	9	12	12	1	4	5	2	4	2	14	3	16	7	5	10	3	9	15	5	8	10	11	5	11	15	13	6	9	6	11	3	12	4	9	9	3	16	14	14	4	15	6	5	3	14	14	11	16	3	2	14	8	14	8	16	7	14	6	8	7	3	10	12	15	8	4	10	3	2	1	10	7	9	6	7	11	10	13	7	8	8	9	13	2	10	4	9	13	9	10	16	14	13	14	16	13	2	10	5	5	6	11	8	5	6	4	12	15	15	16	14	5	2	2	12	13	6	7	1	6	8	10	3	6	9	2	16	10	3	8	12	12	13	2	10	7	11	9	11	12	16	11	9	1	4	6	8	4	1	5	1	10	8	10	14	16	16	12	6	5	14	5	1	12	5	16	3	7	3	13	16	5	16	3	3	10	15	14	2	14	14	12	6	3	1	11	10	8	14	13	15	6	10	2	14	7	2	10	16	12	5	13	2	5	1	10	6	3	8	10	14	2	9	8	6	7	7	11	3	8	16	5	3	8	12	13	13	2	5	8	12	15	9	13	16	4	2	5	6	14	1	10	8	10	15	1	11	9	7	16	3	2	2	9	12	7	11	7	4	7	9	16	11	3	8	14	8	1	13	6	2	7	3	11	1	11	4	14	15	16	15	8	11	10	9	2	14	11	12	1	11	14	6	14	4	10	11	6	13	7	7	2	13	9	9	8	11	9	15	3	4	6	9	4	13	15	1	2	5	9	15	15	9	2	9	13	1	4	3	16	2	5	15	1	8	7	4	2	14	8	10	1	15	9	10	11	8	2	11	5	5	3	5	4	2	6	4	2	16	3	3	13	5	16	5	3	12	6	12	12	7	9	15	11	3	7	3	11	5	1	9	3	9	2	14	16	9	11	2	14	16	6	3	12	8	3	9	6	9	9	4	13	13	11	14	11	5	2	16	1	15	6	4	16	12	1	10	5	11	13	15	4	10	8	13	11	10	14	8	16	8	6	12	2	7	1	1	12	7	15	10	1	7	13	3	12	16	8	3	3	10	6	14	6	1	8	12	16	5	8	8	3	15	2	12	2	14	10	15	5	9	6	2	2	13	1	10	7	14	4	7	4	13	14	6	7	14	8	5	3	2	15	16	14	6	9	12	7	2	5	11	2	12	6	9	8	2	1	13	9	1	16	10	10	15	15	11	13	6	1	3	4	5	4	6	11	16	7	15	7	8	12	7	1	13	12	1	1	9	4	10	16	7	9	16	13	16	2	5	5	3	8	14	13	16	13	13	11	5	9	1	10	9	13	15	7	11	13	8	14	1	14	9	9	7	15	8	8	5	1	15	15	13	5	10	9	11	16	11	8	15	7	12	4	3	9	5	10	1	14	14	8	14	7	14	13	15	7	12	10	7	14	16	14	10	14	16	6	7	13	4	5	2	14	1	9	3	2	1	12	9	8	10	14	2	13	14	4	9	15	8	6	9	7	1	7	5	2	3	3	3	4	2	6	2	2	1	15	3	7	9	13	9	2	15	8	16	5	3	5	6	13	7	2	5	14	3	10	15	15	1	10	16	5	8	5	11	12	11	8	13	5	13	6	3	1	2	2	10	12	10	5	5	13	12	4	16	9	15	15	8	14	8	6	8	14	2	2	15	16	15	10	2	15	5	16	7	3	7	15	10	8	8	6	8	10	2	1	11	1	4	16	15	4	11	7	9	15	9	6	13	2	13	12	1	4	10	8	7	13	16	4	9	12	5	16	9	12	6	16	5	8	13	1	13	9	3	6	5	8	8	4	12	3	10	5	7	5	4	3	8	9	7	5	9	2	2	12	16	11	15	4	4	16	6	5	3	4	1	16	6	16	8	4	2	10	6	2	1	5	12	14	12	15	7	12	13	8	12	4	14	7	4	14	12	3	7	15	9	14	3	13	5	6	5	5	14	4	12	10	15	5	10	9	5	15	5	1	9	9	11	3	1	3	5	1	1	15	14	3	9	16	2	10	3	11	6	4	12	15	5	13	16	9	16	10	16	5	9	12	1	1	3	13	3	16	16	4	12	4	2	4	8	2	9	11	3	14	3	4	13	3	4	5	2	4	12	15	10	12	5	9	9	9	11	12	16	3	5	13	9	15	14	2	9	15	2	12	8	3	2	1	8	15	3	7	3	1	15	11	8	4	14	11	5	11	10	10	15	3	1	10	6	2	12	5	7	2	2	10	5	11	5	8	6	1	6	6	16	1	1	13	12	1	15	7	11	2	12	6	2	15	2	10	7	15	13	3	15	7	4	14	3	8	7	6	15	14	9	4	7	1	13	8	15	10	14	1	2	2	5	13	4	1	2	2	9	7	2	16	8	5	15	3	13	15	5	16	6	8	16	2	15	14	10	4	1	7	9	2	16	6	10	11	12	5	16	11	2	12	13	5	15	10	2	11	12	10	15	13	2	10	5	16	4	15	3	15	12	12	12	11	12	7	12	13	3	8	16	6	
570	400	710	670	820	780	900	230	580	960	740	410	1000	750	310	290	570	630	650	970	200	820	850	180	250	260	120	360	630	460	240	410	690	910	990	400	210	590	560	980	920	520	380	210	900	390	980	130	910	380	210	340	500	790	570	770	110	480	770	1000	450	420	890	390	300	880	480	440	630	390	220	610	690	470	780	390	540	410	260	810	460	540	220	820	730	660	860	310	780	850	290	770	220	530	580	790	500	410	850	560	220	560	680	260	220	460	230	720	170	710	140	740	950	440	640	1000	710	960	800	820	390	170	910	540	960	840	990	140	730	510	750	470	970	840	330	500	980	790	430	540	590	510	930	420	890	320	800	910	900	780	470	190	1000	100	970	490	280	600	780	210	280	500	380	850	760	980	450	760	1000	630	260	530	250	560	170	320	280	270	610	900	530	900	660	570	730	1000	480	910	810	890	450	460	770	950	190	820	370	680	360	460	960	630	100	870	950	650	150	640	100	300	280	900	160	400	850	880	380	640	390	980	590	960	110	240	920	840	710	750	970	420	900	860	700	220	260	840	320	380	730	990	270	790	610	780	560	880	800	830	320	510	970	710	190	220	790	980	760	210	690	670	640	860	790	400	960	760	210	210	860	690	770	1000	420	940	370	940	110	590	410	190	760	300	230	880	550	940	990	540	960	510	970	370	820	230	800	870	360	890	390	590	930	170	870	290	420	860	940	490	830	750	660	100	720	910	980	820	960	350	800	830	500	150	730	950	860	400	320	460	830	560	730	330	560	690	190	850	300	580	710	570	160	460	310	820	440	540	120	360	860	550	500	700	510	730	130	370	320	640	640	400	410	300	760	640	810	500	330	640	660	880	800	860	990	170	230	470	160	900	910	310	870	560	270	170	730	430	410	320	650	280	620	170	860	130	460	560	590	150	910	340	110	700	710	860	470	830	790	580	1000	460	970	460	110	800	330	270	860	520	530	560	760	380	630	690	940	450	520	920	820	600	440	760	650	780	290	610	440	210	840	150	980	540	320	880	590	790	980	580	970	270	750	200	360	150	100	600	550	120	590	460	570	950	610	960	180	730	840	210	230	550	470	570	500	890	140	790	620	360	790	730	350	640	950	300	220	900	750	890	750	270	530	720	690	170	100	670	360	230	730	450	220	300	460	230	550	440	280	1000	770	740	890	620	370	720	660	330	250	130	900	400	750	550	800	500	150	330	930	200	260	450	160	740	430	470	770	990	480	120	780	760	390	140	580	230	200	550	680	430	610	730	530	110	610	220	710	670	850	480	330	420	130	420	910	130	1000	250	690	280	360	190	940	120	460	560	710	690	980	290	390	580	550	170	730	220	500	200	210	630	230	790	390	650	970	400	530	680	290	650	340	800	260	670	780	210	150	370	660	150	910	960	800	1000	150	270	730	880	500	770	400	360	170	450	180	880	110	410	800	530	180	950	670	110	360	760	510	1000	440	400	400	670	220	850	150	840	400	320	640	250	690	940	590	990	840	540	880	400	370	630	180	820	770	320	970	110	720	620	170	990	520	1000	190	560	650	950	360	320	550	320	490	370	400	910	730	690	500	190	630	110	180	250	450	790	460	610	450	840	610	360	790	980	620	210	910	790	700	470	740	330	600	550	500	390	460	850	930	650	150	480	540	320	430	200	820	400	180	260	970	640	100	990	760	270	820	200	940	920	310	370	560	810	220	510	130	590	690	970	220	930	500	650	460	400	360	150	370	310	310	860	540	200	440	320	710	250	870	840	130	550	170	600	380	170	750	680	1000	850	290	970	290	680	610	670	850	190	630	150	1000	930	460	260	970	460	310	370	290	1000	580	270	340	140	670	810	920	600	830	260	140	540	550	800	700	380	960	280	500	840	230	970	160	140	880	170	430	570	280	630	220	150	870	470	380	810	400	160	1000	130	590	240	310	730	910	910	290	860	530	580	260	170	850	750	670	700	530	170	510	120	230	990	780	260	810	280	190	230	870	300	1000	980	800	960	320	670	490	780	980	500	160	740	660	300	960	360	720	370	760	440	220	670	330	560	260	440	850	830	300	790	800	690	830	990	970	310	250	220	220	170	370	460	670	280	930	180	120	310	600	450	960	460	510	620	650	250	700	860	230	760	910	530	250	860	960	880	550	630	950	250	310	780	210	890	870	430	310	310	750	390	120	630	1000	780	850	470	780	600	840	970	380	870	990	760	480	520	890	160	220	710	250	580	600	510	890	450	270	900	280	360	800	140	750	640	400	260	990	890	340	320	410	590	990	610	940	250	340	130	440	480	420	200	450	740	540	790	420	720	390	490	390	900	710	200	240	920	740	360	560	460	840	960	880	220	760	620	480	580	450	320	980	440	920	540	450	470	880	520	170	300	930	650	380	630	170	270	130	290	660	640	140	920	160	240	990	350	370	590	110	410	400	780	350	700	430	530	730	260	260	140	720	770	570	100	730	120	690	800	1000	180	830	870	350	710	700	760	320	830	340	1000	540	250	730	160	110	850	440	710	940	790	260	210	870	790	920	370	340	110	970	530	670	320	770	690	700	650	260	170	480	250	280	710	420	770	200	900	800	640	570	700	730	720	410	420	210	200	660	100	690	940	700	230	610	320	350	570	150	330	280	910	140	100	790	280	330	710	340	890	180	570	510	230	740	650	400	490	280	250	240	900	340	540	480	190	470	740	830	280	860	250	510	870	770	120	560	160	820	670	740	680	640	310	860	740	620	240	900	970	720	780	870	580	100	930	570	170	340	440	290	150	600	630	630	380	430	840	670	400	450	150	710	150	650	310	960	810	100	330	250	380	240	260	200	960	300	800	680	340	320	850	220	630	870	220	910	460	490	470	580	870	220	320	850	420	750	330	850	930	690	220	870	200	200	430	220	640	990	390	410	750	930	540	460	470	290	410	390	860	840	210	310	720	550	200	630	110	690	670	180	560	420	800	600	270	480	760	190	670	500	620	850	680	670	520	280	780	810	390	970	770	730	240	960	960	670	880	210	270	610	640	670	880	190	250	390	540	430	940	810	370	340	860	630	930	650	350	810	420	900	580	790	690	770	1000	400	130	410	510	860	660	210	660	660	290	330	410	880	170	680	760	850	290	380	130	450	410	130	590	580	780	710	700	890	320	790	190	470	510	740	600	430	610	130	950	590	480	1000	470	150	590	830	940	300	140	490	980	210	750	820	990	120	780	320	160	530	120	110	390	830	700	330	940	940	110	650	110	490	920	1000	760	330	790	880	850	140	290	840	900	520	890	980	750	550	930	670	440	970	500	180	150	850	400	710	500	890	980	560	360	280	810	150	700	580	940	600	210	340	560	410	680	800	710	400	410	160	560	190	170	330	780	950	790	790	900	780	680	500	100	530	230	720	110	290	740	320	560	780	400	460	770	1000	870	790	780	740	560	620	130	740	740	550	220	850	340	720	170	950	550	470	700	120	140	230	320	590	500	850	450	340	760	130	870	860	360	310	920	480	920	150	120	980	720	370	390	760	320	960	210	280	630	1000	310	840	950	850	670	390	200	540	300	460	290	920	620	990	670	300	370	380	520	720	960	520	860	950	810	960	640	220	140	260	700	460	990	820	630	330	590	660	280	920	670	590	750	380	220	710	800	970	800	260	590	890	150	550	290	110	580	140	770	790	630	510	400	300	580	570	560	140	400	190	280	720	370	420	950	150	240	530	430	810	870	690	750	370	170	570	430	360	510	630	550	570	490	690	250	230	560	680	420	920	910	630	970	490	810	600	580	760	260	130	100	620	260	460	620	560	600	270	1000	450	1000	360	360	110	230	490	940	740	590	830	760	470	700	500	900	780	750	740	160	960	930	1000	350	930	430	890	890	180	120	240	690	830	820	770	970	880	400	510	340	230	850	850	430	220	670	680	540	780	270	900	120	230	400	320	380	350	500	700	590	800	110	180	220	520	740	970	940	870	890	570	850	770	610	270	740	440	380	170	470	260	580	230	260	820	520	800	560	440	620	190	480	860	420	940	150	710	900	550	150	200	430	630	660	450	470	800	890	660	970	550	440	350	930	720	850	210	100	110	290	510	740	440	570	770	410	800	500	330	200	330	670	740	970	940	660	350	790	780	340	270	460	430	740	200	370	670	720	110	830	720	490	120	700	1000	280	850	590	700	500	990	660	620	940	950	890	170	430	440	780	930	660	790	260	150	930	440	660	330	230	180	690	510	170	480	640	500	570	500	990	910	850	680	730	500	530	820	280	590	370	570	880	430	210	680	420	470	210	500	710	1000	410	920	350	410	920	600	730	210	160	300	490	830	150	180	730	230	400	290	960	970	480	450	620	240	310	750	250	780	470	110	260	720	900	430	550	980	580	440	920	880	450	920	110	450	270	720	380	150	400	760	320	910	230	350	270	330	700	990	670	720	790	660	490	290	570	360	370	110	980	810	770	710	470	120	830	270	720	760	230	800	760	650	830	190	610	210	410	390	200	180	980	350	100	580	610	650	890	530	790	240	440	920	280	920	280	150	680	940	970	710	310	190	630	600	830	170	330	220	900	460	180	170	530	840	430	230	540	360	480	110	980	510	150	250	290	990	970	220	560	910	450	400	1000	900	210	920	780	130	140	310	280	980	670	680	310	950	810	350	200	760	870	530	670	950	260	330	220	970	120	990	120	850	660	700	110	570	920	360	210	440	880	490	620	760	850	480	900	310	320	170	120	890	540	680	560	800	110	810	650	300	120	190	410	860	660	620	710	100	900	810	770	920	420	720	120	510	120	980	140	260	320	370	830	1000	820	970	920	390	660	670	420	430	260	150	600	160	280	150	570	840	640	210	740	140	480	390	260	500	220	430	970	310	330	580	340	910	140	600	280	730	690	580	770	610	890	980	680	850	160	230	590	590	360	760	990	340	420	270	640	260	320	970	630	860	160	540	450	460	160	560	910	860	490	730	780	770	630	920	360	360	520	300	540	660	220	250	720	680	910	440	120	320	280	910	710	140	330	260	290	580	190	740	750	160	750	560	400	950	660	940	860	280	420	420	430	810	460	570	520	950	830	860	510	330	390	660	700	600	390	610	550	530	170	560	480	920	110	270	650	460	120	740	770	280	290	300	810	640	270	120	930	220	480	740	770	590	770	160	640	760	550	670	840	360	570	120	700	990	420	510	680	490	690	350	280	400	750	470	400	350	350	690	710	390	950	390	970	210	540	330	650	490	200	330	410	990	480	130	390	130	870	510	480	170	970	990	100	370	500	440	790	500	420	110	620	800	260	740	630	500	120	190	160	500	960	910	770	300	920	100	270	510	670	980	580	200	410	400	820	710	220	240	280	140	640	720	810	530	320	970	680	330	170	140	930	530	210	760	350	200	360	970	770	380	340	120	550	910	950	260	920	790	820	810	550	420	170	470	370	330	780	720	830	460	690	650	670	240	990	530	490	900	500	820	450	470	270	800	930	410	670	430	920	240	600	360	640	240	940	700	850	140	850	280	170	200	490	300	870	860	970	110	490	660	330	710	570	190	450	740	560	460	160	890	650	1000	920	520	760	470	690	310	600	690	460	360	210	780	330	340	960	820	850	430	430	290	110	600	120	310	880	380	230	370	330	910	950	390	860	410	320	460	540	670	620	560	780	230	550	900	740	860	410	740	890	600	330	920	820	140	480	880	540	970	420	750	700	1000	170	950	570	750	900	690	780	140	960	870	770	730	250	880	950	820	880	460	420	560	650	410	160	410	130	480	800	520	640	560	130	260	930	130	860	120	790	820	330	750	190	430	130	650	110	690	590	820	350	170	760	660	140	770	600	400	850	1000	270	330	570	110	530	410	690	370	620	290	770	160	250	120	530	880	330	240	930	980	770	250	280	190	180	560	960	160	790	970	500	300	820	430	290	370	820	530	300	450	310	290	510	270	430	890	470	340	200	520	660	890	230	680	570	850	130	760	180	940	900	140	680	820	320	320	820	220	890	610	360	740	790	340	590	210	900	730	870	200	760	720	990	990	920	180	980	640	150	320	430	610	120	490	580	750	410	380	620	130	780	250	770	390	280	220	330	180	600	640	360	150	340	890	990	590	750	270	180	470	130	410	940	530	700	260	770	180	350	790	500	110	110	860	1000	290	590	590	120	920	240	530	490	510	460	780	560	500	340	740	690	270	750	640	110	520	170	180	460	710	790	200	320	760	920	780	740	470	510	750	250	250	330	250	640	670	980	690	140	120	660	410	930	260	970	600	740	660	490	510	300	370	640	720	650	660	710	430	170	630	220	460	1000	860	690	380	320	440	670	850	650	730	160	180	560	440	640	720	920	870	500	460	640	750	880	690	720	850	710	870	650	940	390	310	760	580	420	610	240	190	580	690	650	380	150	710	420	200	310	660	490	740	600	690	360	530	140	410	670	970	600	750	430	920	770	680	910	110	970	770	720	690	300	660	320	720	100	240	500	560	720	930	630	280	300	480	130	140	760	270	440	530	350	380	510	510	580	650	250	320	180	190	480	900	970	310	130	440	260	130	190	170	410	330	820	400	140	610	470	460	430	110	440	520	930	590	100	690	140	910	680	830	500	800	780	750	400	290	850	770	300	260	550	820	990	810	160	300	640	710	820	990	900	440	880	490	710	890	140	770	550	240	370	240	660	250	420	190	350	280	900	550	680	510	130	560	240	200	410	650	360	100	400	550	800	510	560	910	690	870	210	300	580	420	240	690	990	390	690	290	470	300	450	620	760	420	240	150	870	880	450	310	100	560	670	140	570	370	850	930	930	250	350	690	810	480	590	160	120	300	250	610	510	600	640	300	300	700	480	560	110	570	720	540	810	240	430	330	960	350	580	740	810	860	940	990	850	1000	900	170	330	720	240	340	740	420	760	220	630	300	780	120	880	690	650	400	910	230	890	770	930	990	330	790	200	830	380	430	360	880	960	420	1000	810	580	440	490	140	900	290	920	580	370	630	530	560	450	490	950	450	240	680	330	710	120	380	270	970	160	1000	250	110	690	900	630	330	820	320	390	400	300	340	860	850	730	540	400	230	570	410	290	750	820	750	490	110	110	130	940	990	920	240	290	960	350	360	900	900	710	980	440	990	850	200	530	400	400	690	290	200	370	650	410	360	400	120	310	210	300	250	920	560	330	320	660	850	520	580	600	530	300	340	970	260	780	360	630	130	270	150	620	110	820	290	540	990	190	600	830	150	160	840	600	150	190	320	430	870	550	650	370	570	210	920	160	600	800	270	740	490	390	690	700	850	770	700	710	730	760	780	740	300	130	920	460	360	460	130	130	220	970	510	600	420	700	140	930	920	930	690	280	420	350	730	290	740	620	960	290	180	550	390	610	770	190	710	420	830	160	820	860	700	120	650	370	960	390	300	740	320	470	510	320	280	360	800	260	540	220	650	100	790	580	640	980	890	890	620	900	150	310	160	610	100	520	940	330	940	450	600	170	240	560	880	860	1000	750	660	900	890	490	850	560	980	220	120	530	350	480	770	220	530	190	440	970	530	940	260	530	310	780	810	550	260	320	700	960	500	290	100	250	340	170	170	180	140	920	820	630	960	250	570	830	190	640	530	600	950	570	430	470	220	270	250	680	620	480	310	680	690	570	890	990	600	540	710	120	380	310	990	370	740	490	220	900	770	320	510	320	350	210	490	580	980	570	890	740	330	170	640	570	120	380	710	140	690	450	830	600	160	590	270	610	780	870	210	430	970	850	510	580	530	730	210	300	810	150	210	100	920	760	380	830	980	760	420	120	390	290	130	770	370	380	600	370	230	340	570	380	120	780	280	690	990	400	680	250	190	320	520	880	120	180	490	900	790	130	100	300	910	450	530	370	630	110	460	300	370	790	390	410	560	610	670	600	880	530	340	270	430	680	200	550	910	430	590	550	890	390	280	810	150	440	540	690	950	850	150	870	350	460	790	960	320	420	490	1000	1000	690	160	350	920	300	560	560	650	450	660	890	910	640	120	630	660	540	590	510	360	580	510	920	440	450	460	460	590	840	720	100	830	240	440	310	560	130	450	210	880	730	300	920	850	180	250	290	300	550	950	680	410	890	140	400	850	760	500	240	810	640	700	890	150	650	810	420	590	410	940	270	680	510	260	500	870	430	740	260	760	150	730	990	110	370	250	920	550	970	
1
