4998
120
4
70
0	0	0	0	0	0	0	0	0	0	0	0	48	0	0	0	0	0	0	0	0	0	0	0	0	0	0	0	0	0	0	0	0	0	0	0	0	0	0	0	0	0	0	0	0	0	0	0	0	0	0	0	0	0	0	0	0	0	0	0	0	0	0	0	48	0	0	0	0	0	0	0	0	0	0	0	0	0	0	0	0	0	0	0	0	0	0	0	0	0	0	0	0	0	0	0	0	0	48	0	0	0	0	0	0	0	0	0	0	0	0	0	0	0	0	0	0	0	0	48	
0	0	0	0	0	0	0	0	0	0	0	0	0	0	0	0	0	0	0	0	0	0	0	0	0	0	48	0	0	0	0	0	0	0	0	0	0	0	0	0	0	0	0	0	0	0	0	0	0	48	0	0	0	0	0	0	0	0	0	0	0	0	0	0	0	48	0	0	0	0	0	48	0	0	0	0	0	0	0	0	0	0	0	0	0	0	0	0	0	0	0	0	0	0	0	0	0	0	0	0	0	0	0	0	0	0	0	0	0	0	0	0	0	0	0	0	0	0	0	0	
0	0	0	0	48	0	0	0	0	0	0	0	0	0	0	0	0	0	0	0	0	0	0	0	0	0	0	0	0	0	0	0	0	0	0	0	0	0	0	0	0	48	0	0	0	0	0	0	0	0	0	0	0	0	0	0	0	0	0	0	0	0	0	0	0	0	0	0	0	0	0	0	0	0	0	0	0	0	0	0	0	0	48	0	0	0	0	0	0	0	0	0	0	0	0	0	0	0	0	0	0	0	0	0	0	0	0	0	0	0	0	48	0	0	0	0	0	0	0	0	
0	0	0	0	0	48	0	0	0	0	0	0	0	0	0	0	0	0	0	0	0	0	0	0	0	0	0	0	0	0	0	0	0	0	0	0	0	0	0	0	0	0	0	0	0	0	0	0	0	0	0	0	0	0	0	0	0	0	0	0	48	0	0	0	0	0	0	0	0	0	0	0	0	0	0	0	0	0	0	0	0	0	0	0	0	0	0	0	0	0	0	0	0	0	0	0	0	0	0	0	0	0	48	0	0	0	0	0	0	0	0	0	0	48	0	0	0	0	0	0	
0	0	48	0	0	0	0	0	0	0	0	0	0	0	0	0	0	0	0	0	0	0	0	0	0	0	0	0	0	0	0	0	0	0	0	0	0	0	0	0	0	0	0	0	0	0	0	0	0	0	0	0	0	0	0	0	0	0	0	0	0	0	0	0	0	0	0	0	0	0	48	0	0	0	0	0	0	0	0	0	0	0	0	0	0	48	0	0	48	0	0	0	0	0	0	0	0	0	0	0	0	0	0	0	0	0	0	0	0	0	0	0	0	0	0	0	0	0	0	0	
0	0	0	48	0	0	0	0	0	0	0	0	0	0	0	0	0	0	0	0	0	0	0	0	0	0	0	0	0	0	0	0	0	0	0	0	0	0	0	0	0	0	0	0	0	48	0	0	0	0	0	0	0	0	0	0	0	0	0	0	48	0	0	0	0	0	0	0	0	0	0	0	0	0	0	0	0	0	0	0	0	0	0	0	0	0	0	0	0	0	0	0	0	0	0	0	0	0	0	0	0	0	0	0	0	0	0	0	0	0	0	0	0	0	0	0	48	0	0	0	
0	0	0	0	0	0	0	0	0	0	0	0	0	0	0	0	0	0	48	0	0	0	0	0	0	48	0	0	0	0	0	0	0	0	0	0	0	0	0	0	0	0	0	0	0	0	0	0	0	0	0	0	0	0	0	0	0	0	0	0	0	0	0	0	0	0	0	0	0	0	0	0	0	0	0	0	0	0	48	0	0	0	0	0	0	0	0	0	0	0	0	0	0	48	0	0	0	0	0	0	0	0	0	0	0	0	0	0	0	0	0	0	0	0	0	0	0	0	0	0	
0	0	0	0	0	0	0	0	0	0	0	0	0	0	0	0	0	0	0	0	0	0	0	0	0	0	0	0	0	0	0	0	0	0	0	0	0	0	0	0	0	0	0	48	0	0	0	0	0	0	0	48	0	0	0	0	0	0	0	0	0	0	0	0	0	0	0	0	0	0	0	0	0	0	0	0	0	0	0	0	0	0	0	0	0	0	0	0	0	0	48	0	0	0	0	0	0	0	0	0	0	0	0	0	0	0	0	0	0	0	0	0	0	0	48	0	0	0	0	0	
0	0	0	0	0	0	0	0	0	0	0	0	0	0	0	0	0	0	0	0	0	0	0	0	0	0	0	0	0	0	0	0	0	0	0	0	0	0	0	0	0	0	0	0	0	0	0	0	0	0	0	0	0	0	0	0	0	0	0	0	0	0	0	0	0	0	0	48	0	0	0	0	0	0	0	0	0	0	0	0	0	0	0	0	0	0	0	0	0	0	0	0	48	0	48	0	48	0	0	0	0	0	0	0	0	0	0	0	0	0	0	0	0	0	0	0	0	0	0	0	
0	0	0	0	0	0	0	0	0	0	0	0	0	0	0	0	0	0	0	0	0	0	0	48	0	0	0	0	0	0	0	0	0	0	0	0	0	0	0	0	0	0	0	0	0	0	0	0	0	0	0	0	48	0	0	0	0	0	0	0	0	0	0	0	0	0	0	0	0	0	0	0	0	0	0	0	0	0	48	0	0	0	0	0	0	0	0	0	0	0	0	0	0	0	0	0	0	0	0	0	0	0	0	0	0	0	0	0	48	0	0	0	0	0	0	0	0	0	0	0	
0	0	0	0	0	0	0	0	0	0	0	0	48	0	0	0	0	0	0	48	0	0	48	0	0	0	0	0	0	0	0	0	0	0	0	0	0	0	0	0	0	0	0	0	0	0	0	0	0	0	0	0	0	0	0	0	0	0	0	48	0	0	0	0	0	0	0	0	0	0	0	0	0	0	0	0	0	0	0	0	0	0	0	0	0	0	0	0	0	0	0	0	0	0	0	0	0	0	0	0	0	0	0	0	0	0	0	0	0	0	0	0	0	0	0	0	0	0	0	0	
0	0	0	0	0	0	0	0	0	0	0	0	0	0	0	0	0	0	0	0	0	0	0	0	0	0	0	0	0	0	0	0	0	0	0	0	48	0	0	0	0	0	0	0	0	0	0	0	0	0	0	0	0	0	48	0	0	0	0	0	0	0	0	0	0	0	0	0	0	0	0	0	0	0	0	48	0	0	0	0	0	0	0	0	0	0	0	0	0	0	0	0	0	0	0	0	0	0	0	0	0	0	0	0	0	0	0	0	0	0	0	0	0	0	0	48	0	0	0	0	
48	0	0	0	0	0	0	0	0	0	48	0	0	0	0	0	0	0	0	0	0	0	0	0	0	0	0	0	0	0	0	0	0	0	0	0	0	0	0	0	0	0	0	0	0	0	0	0	0	0	0	0	0	0	0	0	0	0	0	0	0	0	0	0	48	0	0	0	0	0	0	0	0	0	0	0	0	0	0	0	0	0	0	0	0	0	0	0	0	0	0	0	0	0	0	0	0	0	48	0	0	0	0	0	0	0	0	0	0	0	0	0	0	0	0	0	0	0	0	0	
0	0	0	0	0	0	0	0	0	0	0	0	0	0	0	0	0	0	0	0	0	0	0	0	0	0	0	0	0	0	0	0	0	0	0	0	0	0	0	0	0	0	0	0	0	0	0	0	0	0	48	0	0	0	0	0	0	48	0	0	0	48	0	0	0	0	0	0	0	0	0	0	0	0	0	0	0	0	0	0	0	0	0	0	48	0	0	0	0	0	0	0	0	0	0	0	0	0	0	0	0	0	0	0	0	0	0	0	0	0	0	0	0	0	0	0	0	0	0	0	
0	0	0	0	0	0	0	0	0	0	0	0	0	0	0	0	0	0	0	0	0	0	0	0	0	0	0	0	0	0	48	0	0	0	0	0	0	0	0	48	0	0	0	0	0	0	0	0	0	0	0	0	0	0	0	0	0	0	0	0	0	0	0	0	0	0	0	0	0	0	0	0	0	0	0	0	0	0	0	0	0	0	0	0	0	0	0	0	0	0	48	0	0	0	0	0	0	0	0	0	0	0	0	0	0	0	0	0	0	0	0	0	0	0	48	0	0	0	0	0	
0	0	0	0	0	0	0	0	0	0	0	0	0	0	0	0	0	0	0	0	0	0	0	0	0	0	0	0	0	0	0	0	0	48	0	0	0	0	0	0	0	0	0	0	0	0	0	0	0	0	0	0	0	0	0	0	0	0	0	0	0	0	0	0	0	0	48	0	0	0	0	0	0	0	0	0	0	48	0	0	0	0	0	0	0	0	0	0	0	0	0	0	0	0	0	0	0	0	0	0	0	0	0	0	0	0	0	48	0	0	0	0	0	0	0	0	0	0	0	0	
0	0	0	0	0	0	0	0	0	0	0	0	0	0	0	0	0	0	0	0	0	0	0	0	0	0	0	0	48	0	0	0	0	0	0	0	0	0	0	0	0	0	0	0	0	0	0	0	0	0	0	0	48	0	0	0	0	0	0	0	0	0	0	0	0	0	0	0	0	0	0	0	0	0	0	0	0	0	0	48	0	0	0	0	0	0	0	0	0	0	0	0	0	0	0	0	0	0	0	0	0	0	0	0	0	0	48	0	0	0	0	0	0	0	0	0	0	0	0	0	
0	0	0	0	0	0	0	0	0	0	0	0	0	0	0	0	0	0	0	0	0	0	0	0	0	0	0	0	0	48	0	0	0	0	48	0	0	0	0	0	0	0	0	0	0	0	0	0	0	0	0	0	0	0	0	0	0	0	0	0	0	0	0	0	0	0	0	0	0	0	0	0	0	48	0	0	0	0	0	0	0	0	0	0	0	0	0	0	0	0	0	48	0	0	0	0	0	0	0	0	0	0	0	0	0	0	0	0	0	0	0	0	0	0	0	0	0	0	0	0	
0	0	0	0	0	0	48	0	0	0	0	0	0	0	0	0	0	0	0	0	0	0	0	0	0	48	0	0	0	0	0	0	0	0	0	0	0	0	0	0	0	0	0	0	0	48	0	0	0	0	0	0	0	0	0	0	0	0	0	0	0	0	0	0	0	0	0	0	0	0	0	0	0	0	0	0	0	0	0	0	0	0	0	0	0	0	0	0	0	0	0	0	0	48	0	0	0	0	0	0	0	0	0	0	0	0	0	0	0	0	0	0	0	0	0	0	0	0	0	0	
0	0	0	0	0	0	0	0	0	0	48	0	0	0	0	0	0	0	0	0	0	0	48	0	0	0	0	0	0	0	0	0	48	0	0	0	0	0	0	0	0	0	0	0	0	0	0	0	0	0	0	0	0	0	0	0	0	0	0	48	0	0	0	0	0	0	0	0	0	0	0	0	0	0	0	0	0	0	0	0	0	0	0	0	0	0	0	0	0	0	0	0	0	0	0	0	0	0	0	0	0	0	0	0	0	0	0	0	0	0	0	0	0	0	0	0	0	0	0	0	
0	0	0	0	0	0	0	0	0	0	0	0	0	0	0	0	0	0	0	0	0	0	48	0	0	0	0	0	0	0	0	0	0	0	0	0	0	0	0	0	0	0	0	0	0	0	0	0	0	0	0	0	0	0	0	0	0	0	0	48	0	0	48	0	0	0	0	0	0	0	0	0	0	0	0	0	0	0	0	0	0	0	0	0	0	0	0	0	0	0	0	0	0	0	0	0	0	0	0	0	0	0	0	0	0	0	0	0	0	0	0	0	0	0	0	0	0	0	0	48	
0	0	0	0	0	0	0	0	0	0	0	0	0	0	0	0	0	0	0	0	0	0	0	0	0	0	0	0	0	48	0	0	0	0	0	0	0	0	0	0	0	0	0	0	0	0	48	0	0	0	0	0	0	0	0	0	0	0	0	0	0	0	0	0	0	0	0	0	0	0	0	0	0	48	0	0	0	0	0	0	0	0	0	0	0	0	0	0	0	0	0	0	0	0	0	0	0	0	0	0	0	0	0	0	0	0	0	0	0	0	0	0	48	0	0	0	0	0	0	0	
0	0	0	0	0	0	0	0	0	0	48	0	0	0	0	0	0	0	0	48	48	0	0	0	0	0	0	0	0	0	0	0	0	0	0	0	0	0	0	0	0	0	0	0	0	0	0	0	0	0	0	0	0	0	0	0	0	0	0	48	0	0	0	0	0	0	0	0	0	0	0	0	0	0	0	0	0	0	0	0	0	0	0	0	0	0	0	0	0	0	0	0	0	0	0	0	0	0	0	0	0	0	0	0	0	0	0	0	0	0	0	0	0	0	0	0	0	0	0	0	
0	0	0	0	0	0	0	0	0	48	0	0	0	0	0	0	0	0	0	0	0	0	0	0	0	0	0	0	0	0	0	0	0	0	0	0	0	0	0	0	0	48	0	0	0	0	0	0	0	0	0	0	48	0	0	0	0	0	0	0	0	0	0	0	0	0	0	0	0	0	0	0	0	0	0	0	0	0	0	0	0	0	0	0	0	0	0	0	0	0	0	0	0	0	0	0	0	0	0	0	0	0	0	0	0	0	0	0	0	0	0	48	0	0	0	0	0	0	0	0	
0	0	0	0	0	0	0	0	0	0	0	0	0	0	0	0	0	0	0	0	0	0	0	0	0	0	0	0	0	48	0	0	0	0	0	0	0	0	0	0	0	0	0	0	0	0	0	0	0	0	0	0	0	0	0	0	0	0	0	0	0	0	0	0	0	0	0	0	0	0	0	0	0	0	0	0	48	0	0	0	0	0	0	0	0	0	0	0	0	0	0	48	0	0	0	0	0	0	0	0	0	0	0	0	0	0	0	0	0	48	0	0	0	0	0	0	0	0	0	0	
0	0	0	0	0	0	48	0	0	0	0	0	0	0	0	0	0	0	48	0	0	0	0	0	0	0	0	0	0	0	0	0	0	0	0	0	0	0	0	0	0	0	0	0	0	0	0	0	0	0	0	0	0	0	0	0	0	0	0	0	0	0	0	0	0	0	0	0	0	0	0	0	0	0	0	0	0	0	48	0	0	0	0	0	0	0	0	0	0	0	0	0	0	0	0	0	0	0	0	0	0	0	0	0	0	0	0	0	48	0	0	0	0	0	0	0	0	0	0	0	
0	48	0	0	0	0	0	0	0	0	0	0	0	0	0	0	0	0	0	0	0	0	0	0	0	0	0	0	0	0	0	48	0	0	0	0	0	0	0	0	0	0	0	0	0	0	0	0	0	0	0	0	0	0	0	0	0	0	0	0	0	0	0	0	0	0	0	0	48	0	0	0	48	0	0	0	0	0	0	0	0	0	0	0	0	0	0	0	0	0	0	0	0	0	0	0	0	0	0	0	0	0	0	0	0	0	0	0	0	0	0	0	0	0	0	0	0	0	0	0	
0	0	0	0	0	0	0	0	0	0	0	0	0	0	0	0	0	0	0	0	0	0	0	0	0	0	0	0	0	0	0	0	0	0	0	48	0	0	0	0	0	0	0	0	0	0	0	0	0	0	0	0	0	0	0	0	0	0	0	0	0	0	0	0	0	0	0	0	0	0	0	0	0	0	0	0	0	0	0	0	48	0	0	0	0	0	0	0	0	0	0	0	0	0	0	0	0	0	0	0	0	48	0	0	48	0	0	0	0	0	0	0	0	0	0	0	0	0	0	0	
0	0	0	0	0	0	0	0	0	0	0	0	0	0	0	0	48	0	0	0	0	0	0	0	0	0	0	0	0	0	0	0	0	0	0	0	0	0	0	0	0	0	0	0	0	0	0	0	0	0	0	0	0	0	0	0	48	0	0	0	0	0	0	0	0	0	0	0	0	0	0	0	0	0	0	0	0	0	0	48	0	0	0	0	0	0	0	0	0	0	0	0	0	0	0	0	0	0	0	0	0	0	0	0	0	0	48	0	0	0	0	0	0	0	0	0	0	0	0	0	
0	0	0	0	0	0	0	0	0	0	0	0	0	0	0	0	0	48	0	0	0	48	0	0	48	0	0	0	0	0	0	0	0	0	0	0	0	0	0	0	0	0	0	0	0	0	0	0	0	0	0	0	0	0	0	0	0	0	0	0	0	0	0	0	0	0	0	0	0	0	0	0	0	0	0	0	0	0	0	0	0	0	0	0	0	0	0	0	0	0	0	48	0	0	0	0	0	0	0	0	0	0	0	0	0	0	0	0	0	0	0	0	0	0	0	0	0	0	0	0	
0	0	0	0	0	0	0	0	0	0	0	0	0	0	48	0	0	0	0	0	0	0	0	0	0	0	0	0	0	0	0	0	0	0	0	0	0	0	48	48	0	0	0	0	0	0	0	0	0	0	0	0	0	0	0	0	0	0	0	0	0	0	0	0	0	0	0	0	0	0	0	0	0	0	0	0	0	0	0	0	0	0	0	0	0	0	0	0	0	0	0	0	0	0	0	0	0	0	0	0	0	0	0	0	0	0	0	0	0	0	0	0	0	0	48	0	0	0	0	0	
0	0	0	0	0	0	0	0	0	0	0	0	0	0	0	0	0	0	0	0	0	0	0	0	0	0	48	0	0	0	0	0	0	0	0	0	0	0	0	0	0	0	0	0	0	0	0	0	0	0	0	0	0	0	0	0	0	0	0	0	0	0	0	0	0	0	48	0	0	0	0	48	0	0	0	0	0	0	0	0	0	0	0	0	0	0	0	0	0	0	0	0	0	0	0	0	0	0	0	0	0	0	0	0	0	0	0	48	0	0	0	0	0	0	0	0	0	0	0	0	
0	0	0	0	0	0	0	0	0	0	0	0	0	0	0	0	0	0	0	48	0	0	0	0	0	0	0	0	0	0	0	0	0	0	0	0	0	0	0	0	0	0	0	0	0	0	0	0	0	0	0	0	0	0	0	0	0	0	0	0	0	0	0	0	48	0	0	0	0	0	0	0	0	0	0	0	0	0	0	0	0	0	0	0	0	0	48	0	0	0	0	0	0	0	0	0	0	0	0	0	0	0	0	0	0	0	0	0	0	0	0	0	0	0	0	0	0	0	0	48	
0	0	0	0	0	0	0	0	0	0	0	0	0	0	0	48	0	0	0	0	0	0	0	0	0	0	0	0	0	0	0	0	0	0	0	0	0	0	0	0	0	0	0	0	0	0	0	0	0	0	0	0	0	0	0	0	0	0	0	0	0	0	0	0	0	0	0	0	0	0	0	48	0	0	0	0	0	48	0	0	0	0	0	0	0	0	0	0	0	0	0	0	0	0	0	0	0	0	0	0	0	0	0	0	0	0	0	48	0	0	0	0	0	0	0	0	0	0	0	0	
0	0	0	0	0	0	0	0	0	0	0	0	0	0	0	0	0	48	0	0	0	0	0	0	0	0	0	0	0	0	0	0	0	0	0	0	0	0	0	0	0	0	0	0	0	0	0	0	0	0	0	0	0	0	0	0	0	0	0	0	0	0	0	0	0	0	0	0	0	0	0	0	0	48	0	0	0	0	0	0	0	0	0	0	0	0	0	0	0	0	0	48	0	0	0	0	0	0	0	0	0	0	0	0	0	0	0	0	0	0	0	0	0	48	0	0	0	0	0	0	
0	0	0	0	0	0	0	0	0	0	0	0	0	0	0	0	0	0	0	0	0	0	0	0	0	0	0	48	0	0	0	0	0	0	0	0	0	0	0	0	0	0	0	0	0	0	0	0	0	0	0	0	0	0	0	0	0	0	0	0	0	0	0	0	0	0	0	0	0	0	0	0	0	0	0	0	0	0	0	0	48	0	0	0	0	0	0	0	0	0	0	0	0	0	0	0	0	0	48	0	0	48	0	0	0	0	0	0	0	0	0	0	0	0	0	0	0	0	0	0	
0	0	0	0	0	0	0	0	0	0	0	48	0	0	0	0	0	0	0	0	0	0	0	0	0	0	0	0	0	0	0	0	0	0	0	0	0	0	0	0	0	0	0	0	0	0	0	0	0	0	0	0	0	0	48	0	0	0	0	0	0	0	0	0	0	0	0	0	0	0	0	0	0	0	0	48	0	0	0	0	0	0	0	0	0	0	0	0	0	0	0	0	0	0	0	0	0	0	0	0	0	0	0	0	0	0	0	0	0	0	0	0	0	0	0	48	0	0	0	0	
0	0	0	0	0	0	0	0	0	0	0	0	0	0	0	0	0	0	0	0	0	0	0	0	0	0	0	0	0	0	0	0	0	0	0	0	0	0	0	0	0	0	0	0	0	0	0	0	0	0	0	0	0	0	0	0	48	0	0	0	0	0	0	0	0	0	0	0	0	0	0	0	0	0	0	0	0	0	0	48	0	0	0	0	0	0	0	0	0	0	0	0	0	0	0	0	0	0	0	0	0	0	0	0	48	0	48	0	0	0	0	0	0	0	0	0	0	0	0	0	
0	0	0	0	0	0	0	0	0	0	0	0	0	0	0	0	0	0	0	0	0	0	0	0	0	0	0	0	0	0	48	0	0	0	0	0	0	0	0	48	0	0	0	0	0	0	0	0	0	48	0	0	0	0	0	0	0	0	0	0	0	0	0	0	0	48	0	0	0	0	0	0	0	0	0	0	0	0	0	0	0	0	0	0	0	0	0	0	0	0	0	0	0	0	0	0	0	0	0	0	0	0	0	0	0	0	0	0	0	0	0	0	0	0	0	0	0	0	0	0	
0	0	0	0	0	0	0	0	0	0	0	0	0	0	48	0	0	0	0	0	0	0	0	0	0	0	0	0	0	0	48	0	0	0	0	0	0	0	48	0	0	0	0	0	0	0	0	0	0	0	0	0	0	0	0	0	0	0	0	0	0	0	0	0	0	0	0	0	0	0	0	0	0	0	0	0	0	0	0	0	0	0	0	0	0	0	0	0	0	0	0	0	0	0	0	0	0	0	0	0	0	0	0	0	0	0	0	0	0	0	0	0	0	0	48	0	0	0	0	0	
0	0	0	0	0	0	0	0	0	0	0	0	0	0	0	0	0	0	0	0	0	0	0	0	0	0	0	0	0	0	0	0	0	0	0	0	0	0	0	0	0	0	0	0	0	0	0	0	0	0	0	0	0	0	0	0	0	0	0	0	0	0	0	48	0	0	0	0	0	0	48	0	0	0	0	0	0	0	0	0	0	0	0	0	0	0	0	0	48	0	0	0	0	0	0	0	0	0	0	0	0	0	0	0	0	0	0	0	0	0	0	0	0	0	0	0	0	0	48	0	
0	0	48	0	0	0	0	0	0	0	0	0	0	0	0	0	0	0	0	0	0	0	0	48	0	0	0	0	0	0	0	0	0	0	0	0	0	0	0	0	0	0	0	0	0	0	0	0	0	0	0	0	0	0	0	0	0	0	0	0	0	0	0	0	0	0	0	0	0	0	0	0	0	0	0	0	0	0	0	0	0	0	0	0	0	0	0	48	0	0	0	0	0	0	0	0	0	0	0	0	0	0	0	0	0	0	0	0	0	0	0	48	0	0	0	0	0	0	0	0	
0	0	0	0	0	0	0	0	0	0	0	0	0	0	0	0	0	0	0	0	0	0	0	0	0	0	0	0	0	0	0	0	0	0	0	0	0	0	0	0	0	0	0	0	0	0	0	0	0	0	0	0	0	48	0	0	0	0	0	0	0	0	0	0	0	0	0	48	0	0	0	0	0	0	0	0	0	0	0	0	0	0	0	0	0	0	0	0	0	0	0	0	48	0	0	0	0	0	0	0	0	0	0	0	0	0	0	0	0	0	48	0	0	0	0	0	0	0	0	0	
0	0	0	0	0	0	0	48	0	0	0	0	0	0	0	0	0	0	0	0	0	0	0	0	0	0	0	0	0	0	0	0	0	0	0	0	0	0	0	0	0	0	0	0	0	0	0	0	0	0	0	48	0	0	0	0	0	0	0	0	0	0	0	0	0	0	0	0	0	0	0	0	0	0	48	0	0	0	0	0	0	0	0	0	0	0	0	0	0	0	48	0	0	0	0	0	0	0	0	0	0	0	0	0	0	0	0	0	0	0	0	0	0	0	0	0	0	0	0	0	
0	0	0	0	0	0	0	0	0	0	0	0	0	0	0	0	0	0	0	0	0	0	0	0	0	0	0	0	0	0	0	0	0	0	0	0	0	0	0	0	0	0	0	0	0	0	48	0	0	0	0	0	0	0	0	0	0	0	0	0	0	0	0	0	0	0	0	0	0	0	0	0	0	0	0	0	0	0	0	0	0	48	0	48	0	0	0	0	0	48	0	0	0	0	0	0	0	0	0	0	0	0	0	0	0	0	0	0	0	0	0	0	0	0	0	0	0	0	0	0	
0	0	0	0	0	48	0	0	0	0	0	0	0	0	0	0	0	0	48	0	0	0	0	0	0	0	0	0	0	0	0	0	0	0	0	0	0	0	0	0	0	0	0	0	0	0	0	0	0	0	0	0	0	0	0	0	0	0	0	0	48	0	0	0	0	0	0	0	0	0	0	0	0	0	0	0	0	0	0	0	0	0	0	0	0	0	0	0	0	0	0	0	0	48	0	0	0	0	0	0	0	0	0	0	0	0	0	0	0	0	0	0	0	0	0	0	0	0	0	0	
0	0	0	0	0	0	0	0	0	0	0	0	0	0	0	0	0	0	0	0	0	48	0	0	0	0	0	0	0	0	0	0	0	0	0	0	0	0	0	0	0	0	0	0	48	0	0	0	0	0	0	0	0	0	0	0	0	0	0	0	0	0	0	0	0	0	0	0	0	0	0	0	0	0	0	0	0	0	0	0	0	48	0	0	0	0	0	0	0	48	0	0	0	0	0	0	0	0	0	0	0	0	0	0	0	0	0	0	0	0	0	0	0	0	0	0	0	0	0	0	
0	0	0	0	0	0	0	0	0	0	0	0	0	0	0	0	0	0	0	0	0	0	0	0	0	0	0	0	0	0	0	0	0	0	0	0	0	0	0	0	0	0	0	0	0	0	0	0	0	0	0	0	0	0	0	0	0	0	0	0	0	48	0	0	0	0	0	0	0	48	0	0	0	0	0	0	0	0	0	0	0	0	0	0	0	0	0	0	0	0	0	0	0	0	48	0	0	0	0	0	0	0	0	0	0	0	0	0	0	0	0	0	48	0	0	0	0	0	0	0	
0	0	0	0	0	0	0	0	0	0	0	0	0	0	0	0	0	0	0	0	0	0	0	0	0	0	0	0	0	0	0	0	0	0	0	0	0	0	0	0	0	0	0	0	0	0	0	0	0	0	0	0	0	0	0	0	0	0	0	0	0	0	0	48	0	0	0	0	0	0	0	0	0	0	0	0	0	0	0	0	0	0	0	0	0	0	0	0	0	0	0	0	0	0	0	0	0	0	0	48	0	0	0	0	0	0	0	0	0	0	0	0	0	0	0	0	0	48	48	0	
0	48	0	0	0	0	0	0	0	0	0	0	0	0	0	0	0	0	0	0	0	0	0	0	0	0	0	0	0	0	0	0	0	0	0	0	0	0	48	0	0	0	0	0	0	0	0	0	0	0	0	0	0	0	0	0	0	0	0	0	0	0	0	0	0	48	0	0	0	0	0	0	0	0	0	0	0	0	0	0	0	0	0	0	0	0	0	0	0	0	0	0	0	0	0	0	0	0	0	0	48	0	0	0	0	0	0	0	0	0	0	0	0	0	0	0	0	0	0	0	
0	0	0	0	0	0	0	0	0	0	0	0	0	48	0	0	0	0	0	0	0	0	0	0	0	0	0	0	0	0	0	0	0	0	0	0	0	0	0	0	0	0	0	0	0	0	0	0	0	0	0	0	0	0	0	0	0	48	0	0	0	48	0	0	0	0	0	0	0	0	0	0	0	0	0	0	0	0	0	0	0	0	0	0	48	0	0	0	0	0	0	0	0	0	0	0	0	0	0	0	0	0	0	0	0	0	0	0	0	0	0	0	0	0	0	0	0	0	0	0	
0	0	0	0	0	0	0	48	0	0	0	0	0	0	0	0	0	0	0	0	0	0	0	0	0	0	0	0	0	0	0	0	0	0	0	0	0	0	0	0	0	0	0	48	0	0	0	0	0	0	0	0	0	0	0	0	0	0	0	0	0	0	0	0	0	0	0	0	0	0	0	0	0	0	48	0	0	0	0	0	0	0	0	0	0	0	0	0	0	0	48	0	0	0	0	0	0	0	0	0	0	0	0	0	0	0	0	0	0	0	0	0	0	0	0	0	0	0	0	0	
0	0	0	0	0	0	0	0	0	48	0	0	0	0	0	0	48	0	0	0	0	0	0	48	0	0	0	0	0	0	0	0	0	0	0	0	0	0	0	0	0	0	0	0	0	0	0	0	0	0	0	0	0	0	0	0	0	0	0	0	0	0	0	0	0	0	0	0	0	0	0	0	0	0	0	0	0	0	0	0	0	0	0	0	0	0	0	0	0	0	0	0	0	0	0	0	0	0	0	0	0	0	0	0	0	0	0	0	0	0	0	48	0	0	0	0	0	0	0	0	
0	0	0	0	0	0	0	0	0	0	0	0	0	0	0	0	0	0	0	0	0	0	0	0	0	0	0	0	0	0	0	0	0	0	0	0	0	0	0	0	0	0	48	0	0	0	0	0	0	0	0	0	0	0	0	48	0	0	0	0	0	0	0	0	0	0	0	48	0	0	0	0	0	0	0	0	0	0	0	0	0	0	0	0	0	0	0	0	0	0	0	0	48	0	0	0	0	0	0	0	0	0	0	0	0	0	0	0	0	0	0	0	0	0	0	0	0	0	0	0	
0	0	0	0	0	0	0	0	0	0	0	48	0	0	0	0	0	0	0	0	0	0	0	0	0	0	0	0	0	0	0	0	0	0	0	0	48	0	0	0	0	0	0	0	0	0	0	0	0	0	0	0	0	0	0	0	0	0	0	0	0	0	0	0	0	0	0	0	0	0	0	0	0	0	0	0	0	0	0	0	0	0	0	0	0	0	0	0	48	0	0	0	0	0	0	0	0	0	0	0	0	0	0	0	0	0	0	0	0	0	0	0	0	0	0	48	0	0	0	0	
0	0	0	0	0	0	0	0	0	0	0	0	0	0	0	0	0	0	0	0	0	0	0	0	0	0	0	0	0	0	0	0	0	0	0	0	0	0	0	0	0	0	0	0	0	0	0	0	0	0	0	0	0	48	0	0	0	0	0	0	0	0	0	0	0	0	0	48	0	0	0	0	0	0	48	0	0	0	0	0	0	0	0	0	0	0	0	0	0	0	0	0	48	0	0	0	0	0	0	0	0	0	0	0	0	0	0	0	0	0	0	0	0	0	0	0	0	0	0	0	
0	0	0	0	0	0	0	0	0	0	0	0	0	0	0	0	0	0	0	0	0	0	0	0	0	0	0	0	48	0	0	0	0	0	0	0	0	48	0	0	0	0	0	0	0	0	0	0	0	0	0	0	0	0	0	0	0	0	0	0	0	0	0	0	0	0	0	0	0	0	0	0	0	0	0	0	0	0	0	48	0	0	0	0	0	0	0	0	0	0	0	0	0	0	0	0	0	0	0	0	0	0	0	0	0	0	48	0	0	0	0	0	0	0	0	0	0	0	0	0	
0	0	0	0	0	0	0	0	0	0	0	0	0	48	0	0	0	0	0	0	0	0	0	0	0	0	0	0	0	0	0	0	0	0	0	0	0	0	0	0	0	0	0	0	0	0	0	0	0	0	48	0	0	0	0	0	0	0	0	0	0	0	0	0	0	0	0	0	0	0	0	0	0	0	0	0	0	0	0	0	0	0	0	0	48	48	0	0	0	0	0	0	0	0	0	0	0	0	0	0	0	0	0	0	0	0	0	0	0	0	0	0	0	0	0	0	0	0	0	0	
0	0	0	0	0	0	0	0	0	0	0	0	0	0	0	0	0	0	0	0	0	0	0	0	0	0	0	0	0	0	0	0	0	0	0	0	0	0	0	0	0	0	0	0	0	0	0	0	0	0	0	0	0	0	0	0	0	0	0	0	0	0	0	0	0	0	0	0	48	0	0	0	48	0	0	0	0	0	0	0	0	0	0	0	0	0	0	0	0	0	0	0	0	0	0	0	0	48	0	0	0	0	0	0	0	48	0	0	0	0	0	0	0	0	0	0	0	0	0	0	
0	0	0	0	0	0	0	0	0	0	48	0	0	0	0	0	0	0	0	48	48	0	48	0	0	0	0	0	0	0	0	0	0	0	0	0	0	0	0	0	0	0	0	0	0	0	0	0	0	0	0	0	0	0	0	0	0	0	0	0	0	0	0	0	0	0	0	0	0	0	0	0	0	0	0	0	0	0	0	0	0	0	0	0	0	0	0	0	0	0	0	0	0	0	0	0	0	0	0	0	0	0	0	0	0	0	0	0	0	0	0	0	0	0	0	0	0	0	0	0	
0	0	0	48	0	48	0	0	0	0	0	0	0	0	0	0	0	0	0	0	0	0	0	0	0	0	0	0	0	0	0	0	0	0	0	0	0	0	0	0	0	0	0	0	0	48	0	0	0	0	0	0	0	0	0	0	0	0	0	0	0	0	0	0	0	0	0	0	0	0	0	0	0	0	0	0	0	0	0	0	0	0	0	0	0	0	0	0	0	0	0	0	0	48	0	0	0	0	0	0	0	0	0	0	0	0	0	0	0	0	0	0	0	0	0	0	0	0	0	0	
0	0	0	0	0	0	0	0	0	0	0	0	0	48	0	0	0	0	0	0	0	0	0	0	0	0	0	0	0	0	0	0	0	0	0	0	0	0	0	0	0	0	0	0	0	0	0	48	0	0	48	0	0	0	0	0	0	0	0	0	0	0	0	0	0	0	0	0	0	0	0	0	0	0	0	0	0	0	0	0	0	0	0	0	48	0	0	0	0	0	0	0	0	0	0	0	0	0	0	0	0	0	0	0	0	0	0	0	0	0	0	0	0	0	0	0	0	0	0	0	
0	0	0	0	0	0	0	0	0	0	0	0	0	0	0	0	0	0	0	0	48	0	0	0	0	0	0	0	0	0	0	0	0	0	0	0	0	0	0	0	0	0	0	0	0	0	0	0	0	0	0	0	0	0	0	0	0	0	0	0	0	0	0	0	48	0	0	0	0	0	0	0	0	0	0	0	0	0	0	0	0	0	0	0	0	0	0	0	0	0	0	0	0	0	0	0	0	0	48	0	0	0	0	0	0	0	0	0	0	0	0	0	0	0	0	0	0	0	0	48	
0	0	0	0	0	0	0	0	0	0	0	0	0	0	0	0	0	0	0	0	0	0	0	0	0	0	0	0	0	0	0	0	0	0	0	0	0	0	0	0	48	0	0	0	0	0	0	0	48	0	0	0	0	0	0	0	0	0	0	0	0	0	0	0	0	0	0	0	0	0	0	0	0	0	0	0	0	0	0	0	0	0	0	0	0	0	0	0	0	0	0	0	0	0	0	0	0	0	0	0	0	0	0	0	0	0	0	0	0	0	0	0	0	0	0	0	0	48	48	0	
48	0	0	0	0	0	0	0	0	0	0	0	48	0	0	0	0	0	0	0	0	0	0	0	0	0	0	0	0	0	0	0	48	0	0	0	0	0	0	0	0	0	0	0	0	0	0	0	0	0	0	0	0	0	0	0	0	0	0	0	0	0	48	0	0	0	0	0	0	0	0	0	0	0	0	0	0	0	0	0	0	0	0	0	0	0	0	0	0	0	0	0	0	0	0	0	0	0	0	0	0	0	0	0	0	0	0	0	0	0	0	0	0	0	0	0	0	0	0	0	
0	48	0	0	0	0	0	0	0	0	0	0	0	0	0	0	0	0	0	0	0	0	0	0	0	0	0	0	0	0	0	0	0	0	0	0	0	0	48	0	0	0	0	0	0	0	0	0	0	48	0	0	0	0	0	0	0	0	0	0	0	0	0	0	0	0	0	0	0	0	0	0	0	0	0	0	0	0	0	0	0	0	0	0	0	0	0	0	0	0	0	0	0	0	0	0	0	0	0	0	48	0	0	0	0	0	0	0	0	0	0	0	0	0	0	0	0	0	0	0	
0	0	0	0	0	0	0	0	0	0	0	0	0	0	0	48	0	0	0	0	0	0	0	0	0	0	0	0	0	0	0	48	0	0	0	0	0	0	0	0	0	0	0	0	0	0	0	0	0	0	0	0	0	0	0	0	0	0	0	0	0	0	0	0	0	0	0	0	48	0	0	0	0	0	0	0	0	0	0	0	0	0	0	0	0	0	0	0	0	0	0	0	0	0	0	0	0	0	0	0	0	0	0	0	0	0	0	48	0	0	0	0	0	0	0	0	0	0	0	0	
0	0	0	0	0	0	0	0	48	0	0	0	0	0	0	0	0	0	0	0	0	0	0	0	0	0	0	0	0	0	0	0	0	0	0	0	0	0	0	0	0	0	48	0	0	0	0	0	0	0	0	0	0	48	0	48	0	0	0	0	0	0	0	0	0	0	0	0	0	0	0	0	0	0	0	0	0	0	0	0	0	0	0	0	0	0	0	0	0	0	0	0	0	0	0	0	0	0	0	0	0	0	0	0	0	0	0	0	0	0	0	0	0	0	0	0	0	0	0	0	
0	0	0	0	0	0	0	0	0	0	0	0	0	0	0	0	0	0	0	0	0	0	0	0	0	0	48	0	0	0	0	0	0	0	0	0	0	0	0	0	0	0	0	0	0	0	0	0	0	0	0	0	0	0	0	0	0	0	48	0	0	0	0	0	0	0	48	0	0	0	0	0	48	0	0	0	0	0	0	0	0	0	0	0	0	0	0	0	0	0	0	0	0	0	0	0	0	0	0	0	0	0	0	0	0	0	0	0	0	0	0	0	0	0	0	0	0	0	0	0	
0	0	0	0	0	0	0	0	0	0	0	0	0	0	0	0	0	0	0	0	0	0	0	0	0	0	0	0	0	0	0	0	0	0	0	0	0	0	0	0	0	0	0	0	0	0	0	48	0	0	0	0	0	0	0	0	0	0	0	0	0	0	0	0	0	0	0	0	0	0	0	0	0	0	0	0	0	0	0	0	0	48	0	0	0	0	0	0	0	0	0	0	0	0	48	0	0	0	0	0	0	0	0	0	0	0	0	0	0	0	48	0	0	0	0	0	0	0	0	0	
0	0	0	0	48	0	0	0	0	0	0	0	0	0	0	0	0	0	0	0	0	0	0	0	0	0	0	0	0	0	0	0	0	0	0	0	0	0	0	0	48	0	0	0	0	0	0	0	0	0	0	0	0	0	0	0	0	0	0	0	0	0	0	0	0	0	0	0	0	0	0	0	0	0	0	0	0	0	0	0	0	0	0	0	0	48	0	0	48	0	0	0	0	0	0	0	0	0	0	0	0	0	0	0	0	0	0	0	0	0	0	0	0	0	0	0	0	0	0	0	
0	48	0	0	0	0	0	0	0	0	0	0	0	0	0	0	0	0	0	0	0	0	0	0	0	0	0	0	0	0	0	48	0	48	0	0	0	0	0	0	0	0	0	0	0	0	0	0	0	0	0	0	0	0	0	0	0	0	0	0	0	0	0	0	0	0	0	0	0	0	0	0	0	0	0	0	0	48	0	0	0	0	0	0	0	0	0	0	0	0	0	0	0	0	0	0	0	0	0	0	0	0	0	0	0	0	0	0	0	0	0	0	0	0	0	0	0	0	0	0	
0	0	0	0	0	0	0	0	0	0	0	0	0	0	0	0	0	0	0	0	0	0	0	0	0	0	48	0	0	0	0	0	0	0	0	0	0	0	0	0	0	0	0	0	0	0	0	0	0	0	0	0	0	0	0	0	0	0	48	0	0	0	0	0	0	0	0	0	48	0	0	0	0	0	0	0	0	0	0	0	0	0	0	0	0	0	0	0	0	0	0	0	0	0	0	0	0	48	0	0	0	0	0	0	0	0	0	0	0	0	0	0	0	0	0	0	0	0	0	0	
0	0	0	0	0	0	0	0	0	0	0	0	0	0	0	0	0	48	0	0	0	48	0	0	0	0	0	0	0	0	0	0	0	0	48	0	0	0	0	0	0	0	0	0	0	0	0	0	0	0	0	0	0	0	0	0	0	0	0	0	0	0	0	0	0	0	0	0	0	0	0	0	0	0	0	0	0	0	0	0	0	0	0	0	0	0	0	0	0	0	0	0	0	0	0	0	0	0	0	0	0	0	0	0	0	0	0	0	0	0	0	0	0	48	0	0	0	0	0	0	
0	0	0	0	0	0	0	0	0	0	0	0	0	0	0	0	0	0	0	0	0	0	0	0	0	0	0	0	0	0	0	0	0	0	0	0	0	0	0	0	0	0	0	48	0	0	0	0	0	0	0	48	0	0	0	48	0	0	0	0	0	0	0	0	0	0	0	0	0	0	0	0	0	0	0	0	0	0	0	0	0	0	0	0	0	0	0	0	0	0	0	0	0	0	0	0	48	0	0	0	0	0	0	0	0	0	0	0	0	0	0	0	0	0	0	0	0	0	0	0	
0	0	0	0	0	0	0	0	0	0	0	48	0	0	0	0	0	0	0	0	0	0	0	0	0	0	0	0	0	0	0	0	0	0	0	0	48	0	0	0	0	0	0	0	0	0	0	0	0	0	0	0	0	0	0	0	0	0	0	0	0	0	0	0	0	0	0	0	0	0	0	0	0	0	0	0	0	0	0	0	0	0	0	0	0	0	0	0	0	0	0	0	0	0	0	0	0	0	0	0	0	0	0	0	0	0	0	0	0	0	0	0	0	0	0	48	48	0	0	0	
0	0	0	0	0	0	0	0	0	0	0	0	0	0	0	0	0	0	0	0	0	0	0	0	48	0	0	0	0	0	0	0	0	0	0	0	0	0	0	0	0	0	0	0	0	0	0	0	0	0	0	0	0	0	0	0	0	0	0	0	0	0	0	0	0	0	0	0	0	0	0	0	0	0	0	0	0	0	0	0	0	0	0	48	0	0	0	0	0	48	0	0	0	0	0	48	0	0	0	0	0	0	0	0	0	0	0	0	0	0	0	0	0	0	0	0	0	0	0	0	
0	0	0	0	0	0	0	0	0	0	0	0	0	0	0	48	0	0	0	0	0	0	0	0	0	0	0	0	0	0	0	0	0	48	0	0	0	0	0	0	0	0	0	0	0	0	0	0	0	0	0	0	0	0	0	0	0	0	0	0	0	0	0	0	0	0	0	0	0	0	0	48	0	0	0	0	0	0	0	0	48	0	0	0	0	0	0	0	0	0	0	0	0	0	0	0	0	0	0	0	0	0	0	0	0	0	0	0	0	0	0	0	0	0	0	0	0	0	0	0	
0	0	0	0	0	0	48	0	0	48	0	0	0	0	0	0	0	0	0	0	0	0	0	0	0	48	0	0	0	0	0	0	0	0	0	0	0	0	0	0	0	0	0	0	0	0	0	0	0	0	0	0	0	0	0	0	0	0	0	0	0	0	0	0	0	0	0	0	0	0	0	0	0	0	0	0	0	0	0	0	0	0	0	0	0	0	0	0	0	0	0	0	0	0	0	0	0	0	0	0	0	0	0	0	0	0	0	0	48	0	0	0	0	0	0	0	0	0	0	0	
0	0	0	0	0	0	0	0	0	0	0	0	0	0	0	0	48	0	0	0	0	0	0	0	0	0	0	0	48	0	0	0	0	0	0	0	0	48	0	0	0	0	0	0	0	0	0	0	0	0	0	0	0	0	0	0	48	0	0	0	0	0	0	0	0	0	0	0	0	0	0	0	0	0	0	0	0	0	0	0	0	0	0	0	0	0	0	0	0	0	0	0	0	0	0	0	0	0	0	0	0	0	0	0	0	0	0	0	0	0	0	0	0	0	0	0	0	0	0	0	
0	0	0	0	0	0	0	0	0	0	0	0	0	0	0	0	0	0	0	0	0	0	0	0	0	0	0	48	0	0	0	0	0	0	0	48	0	0	0	0	0	0	0	0	0	0	0	0	0	0	0	0	0	0	0	0	0	0	0	0	0	0	0	0	0	0	0	0	0	0	0	0	0	0	0	0	0	48	0	0	0	0	0	0	0	0	0	0	0	0	0	0	0	0	0	0	0	0	0	0	0	48	0	0	0	0	0	0	0	0	0	0	0	0	0	0	0	0	0	0	
0	0	0	0	0	0	0	0	0	0	0	0	0	0	0	0	0	0	0	0	0	0	0	0	0	0	0	0	0	0	0	0	0	0	0	0	0	0	0	0	0	0	0	0	48	0	48	0	0	0	0	0	0	0	0	0	0	0	0	0	0	0	0	0	0	0	0	0	0	48	0	0	0	0	0	0	0	0	0	0	0	0	0	48	0	0	0	0	0	0	0	0	0	0	0	0	0	0	0	0	0	0	0	0	0	0	0	0	0	0	0	0	0	0	0	0	0	0	0	0	
0	0	48	0	0	0	0	0	0	0	0	0	0	0	0	0	0	0	0	0	0	0	0	0	0	0	0	0	0	0	0	0	0	0	0	0	0	0	0	0	0	0	0	0	0	0	0	0	0	0	0	0	0	0	0	0	0	0	0	0	0	0	0	0	0	0	0	0	0	0	0	0	0	0	0	0	0	0	0	0	0	0	0	0	0	48	48	48	0	0	0	0	0	0	0	0	0	0	0	0	0	0	0	0	0	0	0	0	0	0	0	0	0	0	0	0	0	0	0	0	
0	0	0	0	0	0	0	0	0	0	0	0	0	0	0	0	0	0	0	0	0	0	0	0	0	0	0	0	0	0	0	0	0	0	0	0	0	0	0	0	0	0	0	0	48	0	0	0	0	0	0	0	0	0	0	0	0	0	0	0	0	0	0	0	0	0	0	0	0	0	0	0	0	0	0	0	48	0	0	0	0	48	0	0	0	0	0	0	0	48	0	0	0	0	0	0	0	0	0	0	0	0	0	0	0	0	0	0	0	0	0	0	0	0	0	0	0	0	0	0	
0	0	0	0	0	0	0	0	0	0	0	0	0	48	0	0	0	0	0	0	0	0	0	0	0	0	0	0	0	0	0	0	0	0	0	0	0	0	0	0	0	0	0	0	0	0	0	0	0	0	48	0	0	0	0	0	0	48	0	0	0	48	0	0	0	0	0	0	0	0	0	0	0	0	0	0	0	0	0	0	0	0	0	0	0	0	0	0	0	0	0	0	0	0	0	0	0	0	0	0	0	0	0	0	0	0	0	0	0	0	0	0	0	0	0	0	0	0	0	0	
0	0	0	0	48	0	0	0	0	0	0	0	0	0	0	0	0	0	0	0	0	0	0	0	0	0	0	0	0	0	0	0	0	0	0	0	0	0	0	0	0	0	0	0	0	0	0	0	0	0	0	0	0	0	0	0	0	48	0	0	0	0	0	0	0	0	0	0	0	0	48	0	0	0	0	0	0	0	0	0	0	0	48	0	0	0	0	0	0	0	0	0	0	0	0	0	0	0	0	0	0	0	0	0	0	0	0	0	0	0	0	0	0	0	0	0	0	0	0	0	
0	0	0	0	0	0	0	0	0	0	0	0	0	0	0	0	0	0	0	0	0	0	0	0	0	0	0	0	0	0	0	0	48	0	0	0	0	0	0	0	0	0	0	0	0	0	0	0	0	0	0	0	0	0	0	0	0	0	0	0	0	0	0	0	0	0	0	0	0	0	0	0	0	0	0	0	0	0	0	0	0	0	48	0	0	0	0	0	0	0	0	0	0	0	0	0	0	48	0	0	0	0	0	48	0	0	0	0	0	0	0	0	0	0	0	0	0	0	0	0	
0	0	0	0	0	0	0	0	0	0	0	0	0	0	0	0	0	0	0	0	0	0	0	0	0	0	0	0	0	0	0	0	0	0	0	0	0	0	0	0	0	48	0	0	0	0	0	0	0	0	0	0	0	0	0	0	0	0	0	0	0	0	0	0	0	0	0	0	0	0	0	0	0	0	0	0	0	0	0	0	0	0	48	0	0	0	0	0	0	0	0	0	0	0	0	0	0	0	0	0	0	0	0	0	0	0	0	0	48	0	0	0	0	0	0	0	48	0	0	0	
0	0	0	0	48	0	0	0	0	0	0	0	0	0	0	0	0	0	0	0	0	0	0	0	0	0	0	0	0	0	0	0	0	0	0	0	0	0	0	0	48	0	0	0	0	0	0	0	0	0	0	0	0	0	48	0	0	0	0	0	0	0	0	0	0	0	0	0	0	0	48	0	0	0	0	0	0	0	0	0	0	0	0	0	0	0	0	0	0	0	0	0	0	0	0	0	0	0	0	0	0	0	0	0	0	0	0	0	0	0	0	0	0	0	0	0	0	0	0	0	
0	0	0	0	0	0	0	0	0	0	0	0	0	0	0	0	0	0	0	0	0	0	0	0	0	0	0	0	0	0	0	0	0	0	0	0	0	0	0	0	0	0	0	0	48	0	48	0	0	0	0	0	0	0	0	0	0	0	0	0	0	0	0	0	0	0	0	0	0	0	0	0	0	0	0	0	48	0	0	0	0	0	0	48	0	0	0	0	0	0	0	0	0	0	0	0	0	0	0	0	0	0	0	0	0	0	0	0	0	0	0	0	0	0	0	0	0	0	0	0	
0	0	0	0	0	0	0	48	0	0	0	0	0	0	48	0	0	0	0	0	0	0	0	0	0	0	0	0	0	0	0	0	0	0	0	0	0	0	0	0	0	0	0	48	0	0	0	0	0	0	0	48	0	0	0	0	0	0	0	0	0	0	0	0	0	0	0	0	0	0	0	0	0	0	0	0	0	0	0	0	0	0	0	0	0	0	0	0	0	0	0	0	0	0	0	0	0	0	0	0	0	0	0	0	0	0	0	0	0	0	0	0	0	0	0	0	0	0	0	0	
0	0	0	0	0	0	0	0	0	0	0	0	0	0	0	0	0	48	0	0	0	0	0	0	48	0	0	0	0	48	0	0	0	0	48	0	0	0	0	0	0	0	0	0	0	0	0	0	0	0	0	0	0	0	0	0	0	0	0	0	0	0	0	0	0	0	0	0	0	0	0	0	0	0	0	0	0	0	0	0	0	0	0	0	0	0	0	0	0	0	0	0	0	0	0	0	0	0	0	0	0	0	0	0	0	0	0	0	0	0	0	0	0	0	0	0	0	0	0	0	
0	0	0	0	0	0	0	0	48	0	0	0	0	0	0	0	0	0	0	0	0	0	0	0	0	0	0	0	0	0	0	0	0	0	0	0	0	0	0	0	0	0	48	0	0	0	0	0	0	0	0	0	0	48	0	48	0	0	0	0	0	0	0	0	0	0	0	0	0	0	0	0	0	0	0	0	0	0	0	0	0	0	0	0	0	0	0	0	0	0	0	0	0	0	0	0	0	0	0	0	0	0	0	0	0	0	0	0	0	0	0	0	0	0	0	0	0	0	0	0	
0	0	0	0	0	0	48	0	0	0	0	0	0	0	0	0	0	0	48	0	0	0	0	0	0	0	0	0	0	0	0	0	0	0	0	0	0	0	0	0	0	0	0	0	0	48	0	0	0	0	0	0	0	0	0	0	0	0	0	0	48	0	0	0	0	0	0	0	0	0	0	0	0	0	0	0	0	0	0	0	0	0	0	0	0	0	0	0	0	0	0	0	0	0	0	0	0	0	0	0	0	0	0	0	0	0	0	0	0	0	0	0	0	0	0	0	0	0	0	0	
0	0	0	0	0	0	0	0	48	0	0	0	0	0	0	0	0	0	0	0	0	0	0	0	0	0	0	0	0	0	0	0	0	0	0	0	0	0	0	0	0	0	0	0	0	0	0	48	0	0	0	0	0	0	0	0	0	0	0	0	0	0	0	0	0	0	0	0	0	48	0	0	0	0	0	0	0	0	0	0	0	0	0	0	0	0	0	0	0	0	0	0	0	0	0	0	48	0	0	0	0	0	0	0	0	0	0	0	0	0	0	0	0	0	0	0	0	0	0	0	
0	0	0	0	0	0	0	0	0	0	0	0	0	0	0	0	0	0	0	0	0	0	0	0	0	0	0	0	0	0	0	0	0	0	0	0	0	0	0	0	0	0	0	0	0	0	0	0	0	0	0	0	0	0	0	0	0	0	0	0	0	0	0	0	0	0	0	0	0	0	0	0	0	0	0	0	48	0	0	0	0	0	0	0	0	0	0	0	0	0	0	0	0	0	0	0	0	0	0	48	0	0	0	0	0	0	0	0	0	0	48	0	48	0	0	0	0	0	0	0	
0	0	0	0	0	0	0	0	48	0	0	0	0	0	0	0	0	0	0	0	0	0	0	0	0	0	0	0	0	0	0	0	0	0	0	0	0	0	0	0	0	0	0	0	0	0	0	0	0	0	0	0	0	0	0	0	0	0	0	0	0	0	0	0	0	0	0	0	0	0	0	0	0	0	48	0	0	0	0	0	0	0	0	0	0	0	0	0	0	0	0	0	0	0	48	0	0	0	0	0	0	0	0	0	0	48	0	0	0	0	0	0	0	0	0	0	0	0	0	0	
0	0	0	0	0	0	0	0	0	0	0	0	0	0	0	0	0	0	0	0	0	0	0	0	0	0	0	0	0	0	0	0	0	0	0	0	0	0	0	0	0	0	0	0	0	0	0	0	0	0	0	0	0	0	0	0	0	0	48	0	0	0	0	0	0	0	0	0	0	0	0	0	48	0	0	0	0	0	0	0	0	0	0	0	0	0	48	0	0	0	0	0	0	0	0	0	0	0	0	0	0	0	0	0	0	48	0	0	0	0	0	0	0	0	0	0	0	0	0	0	
48	0	0	0	0	0	0	0	0	0	0	0	48	0	0	0	0	0	0	0	0	0	0	0	0	0	0	0	0	0	0	0	0	0	0	48	0	0	0	0	0	0	0	0	0	0	0	0	0	0	0	0	0	0	0	0	0	0	0	0	0	0	48	0	0	0	0	0	0	0	0	0	0	0	0	0	0	0	0	0	0	0	0	0	0	0	0	0	0	0	0	0	0	0	0	0	0	0	0	0	0	0	0	0	0	0	0	0	0	0	0	0	0	0	0	0	0	0	0	0	
0	0	0	0	0	0	0	0	0	0	0	0	0	0	0	0	0	0	0	0	0	0	0	0	0	0	0	0	0	0	0	0	0	0	0	0	0	0	0	0	0	0	0	0	0	0	0	0	48	0	0	0	0	0	0	0	0	0	0	0	0	0	0	0	0	0	0	0	0	0	0	0	0	0	0	0	0	0	0	0	0	0	0	0	0	0	0	0	0	0	0	0	0	0	0	48	0	0	0	0	0	0	0	0	0	0	0	0	0	0	0	0	48	0	0	0	0	48	0	0	
0	0	0	0	0	0	0	0	0	0	0	0	0	0	0	0	0	0	0	0	0	0	0	0	0	0	0	0	0	0	0	0	0	0	0	0	0	0	0	0	0	0	0	0	0	0	0	0	0	48	0	0	0	0	0	0	0	0	0	0	0	0	0	0	0	48	0	0	0	0	0	0	0	0	0	0	0	0	0	0	0	0	0	0	0	0	0	0	0	0	0	0	0	0	0	0	0	0	0	0	0	48	0	0	0	48	0	0	0	0	0	0	0	0	0	0	0	0	0	0	
0	0	0	0	0	0	0	0	0	0	0	0	0	0	0	0	0	0	0	0	0	0	0	0	0	0	0	48	0	0	0	0	0	0	0	48	0	0	0	0	0	0	0	0	0	0	0	0	0	0	0	0	0	0	0	0	0	0	0	0	0	0	0	0	0	0	0	0	0	0	0	0	0	0	0	0	0	0	0	0	48	0	0	0	0	0	0	0	0	0	0	0	0	0	0	0	0	0	0	0	48	0	0	0	0	0	0	0	0	0	0	0	0	0	0	0	0	0	0	0	
0	0	0	48	0	0	0	0	0	0	0	0	0	0	0	0	0	0	0	0	0	0	0	0	0	0	0	0	0	0	0	0	0	0	0	0	0	0	0	0	0	0	0	0	0	0	0	0	0	0	0	0	0	0	0	0	0	0	0	0	0	0	0	0	0	0	0	0	0	0	0	0	0	0	0	0	0	0	0	0	0	0	0	0	0	0	0	0	0	0	0	0	0	0	0	0	0	0	0	0	0	0	0	0	0	0	0	0	0	48	0	0	0	48	0	0	48	0	0	0	
0	0	0	0	0	0	0	0	0	0	0	0	0	0	0	0	0	0	0	0	0	0	0	0	0	0	0	0	0	0	0	0	0	0	0	0	0	0	0	0	0	0	0	0	0	0	0	0	0	0	0	0	0	0	0	0	0	0	0	0	0	0	0	0	0	0	0	0	0	0	0	0	0	0	0	0	0	0	0	0	0	0	0	0	0	0	48	0	0	0	0	0	0	0	0	0	0	0	0	0	0	0	0	0	48	0	0	0	0	0	0	0	0	0	0	0	0	48	48	0	
0	0	0	0	0	0	0	0	0	0	0	0	0	0	0	0	0	0	0	0	0	0	0	0	0	0	0	48	0	0	0	0	0	0	0	0	0	48	0	0	0	0	0	0	0	0	0	0	0	0	0	0	0	0	0	0	0	0	0	0	0	0	0	0	0	0	0	0	0	0	0	0	0	0	0	0	0	0	0	0	0	0	0	0	0	0	0	0	0	0	0	0	0	0	0	0	0	0	0	0	0	0	0	48	0	0	0	0	0	48	0	0	0	0	0	0	0	0	0	0	
0	0	0	0	0	0	0	0	0	0	0	0	0	0	0	0	0	0	0	0	0	0	0	0	0	0	0	0	0	0	0	0	0	0	0	0	0	0	0	0	0	0	0	0	0	0	0	0	0	0	0	0	0	0	0	0	0	0	48	0	0	0	0	0	0	0	0	0	0	0	0	0	0	0	0	0	0	0	0	0	0	0	0	0	0	0	0	0	0	0	0	0	0	0	0	0	48	48	0	0	48	0	0	0	0	0	0	0	0	0	0	0	0	0	0	0	0	0	0	0	
0	0	0	0	0	0	0	0	0	0	0	0	0	0	0	0	48	0	0	0	0	0	0	0	0	0	0	0	48	0	0	0	0	0	0	0	0	48	0	0	0	0	0	0	0	0	0	0	0	0	0	0	0	0	0	0	48	0	0	0	0	0	0	0	0	0	0	0	0	0	0	0	0	0	0	0	0	0	0	0	0	0	0	0	0	0	0	0	0	0	0	0	0	0	0	0	0	0	0	0	0	0	0	0	0	0	0	0	0	0	0	0	0	0	0	0	0	0	0	0	
0	0	0	0	0	0	0	0	0	0	0	0	0	0	0	48	0	0	0	0	0	0	0	0	0	0	0	0	0	0	0	48	0	48	0	0	0	0	0	0	0	0	0	0	0	0	0	0	0	0	0	0	0	0	0	0	0	0	0	0	0	0	0	0	0	0	48	0	0	0	0	0	0	0	0	0	0	0	0	0	0	0	0	0	0	0	0	0	0	0	0	0	0	0	0	0	0	0	0	0	0	0	0	0	0	0	0	0	0	0	0	0	0	0	0	0	0	0	0	0	
0	0	0	0	0	0	0	0	0	48	0	0	0	0	0	0	0	0	0	0	0	0	0	0	0	48	0	0	0	0	0	0	0	0	0	0	0	0	0	0	0	0	0	0	0	0	0	0	0	0	0	0	0	0	0	0	0	0	0	0	0	0	0	0	0	0	0	0	0	0	0	0	0	0	0	0	0	0	48	0	0	0	0	0	0	0	0	48	0	0	0	0	0	0	0	0	0	0	0	0	0	0	0	0	0	0	0	0	0	0	0	0	0	0	0	0	0	0	0	0	
0	0	0	0	0	0	0	0	0	0	0	0	0	0	0	0	0	0	0	0	0	0	0	0	48	0	0	0	0	0	0	0	0	0	0	0	0	0	0	0	0	0	0	0	0	0	0	0	0	0	0	0	0	0	0	0	0	0	0	0	0	0	0	0	0	0	0	0	0	0	0	0	0	0	0	0	0	0	0	0	0	0	0	0	0	0	0	0	0	0	0	0	0	0	0	0	0	0	0	0	0	0	48	0	48	0	0	0	0	0	48	0	0	0	0	0	0	0	0	0	
0	0	0	0	0	0	0	0	0	0	0	0	0	0	0	0	0	0	0	0	0	0	0	0	0	0	0	0	0	0	0	0	0	0	0	0	0	0	0	0	0	0	48	0	0	0	0	0	0	0	0	0	0	0	0	0	0	0	0	0	0	0	0	0	0	0	0	0	0	48	0	0	0	0	0	0	0	0	0	0	0	0	0	0	0	0	0	0	0	0	0	0	0	0	0	48	0	0	0	0	0	0	0	0	0	0	0	0	0	48	0	0	0	0	0	0	0	0	0	0	
0	0	48	0	0	0	0	0	0	0	0	0	0	0	0	0	0	0	0	0	0	0	0	48	0	0	0	0	0	0	0	0	0	0	0	0	0	0	0	0	0	48	0	0	0	0	0	0	0	0	0	0	48	0	0	0	0	0	0	0	0	0	0	0	0	0	0	0	0	0	0	0	0	0	0	0	0	0	0	0	0	0	0	0	0	0	0	0	0	0	0	0	0	0	0	0	0	0	0	0	0	0	0	0	0	0	0	0	0	0	0	0	0	0	0	0	0	0	0	0	
0	0	0	0	0	0	0	0	0	0	0	0	0	0	0	0	0	0	0	0	0	48	0	0	0	0	0	0	0	0	0	0	0	0	0	0	0	0	0	0	0	0	0	0	0	0	0	48	0	0	0	0	0	0	0	0	0	0	0	0	0	0	0	0	0	0	0	0	0	0	0	0	0	0	0	0	0	0	0	0	0	0	0	0	0	0	0	0	0	0	0	0	0	0	0	48	0	0	0	48	0	0	0	0	0	0	0	0	0	0	0	0	0	0	0	0	0	0	0	0	
0	0	0	48	0	0	0	0	0	0	0	0	0	0	0	0	0	0	0	0	0	0	0	0	0	0	0	0	0	0	0	0	0	0	48	0	0	0	0	0	0	0	0	0	0	0	0	0	0	0	0	0	0	0	0	0	0	0	0	0	0	0	0	0	0	0	0	0	0	0	0	0	0	48	0	0	0	0	0	0	0	0	0	0	0	0	0	0	0	0	0	0	0	0	0	0	0	0	0	0	0	0	48	0	0	0	0	0	0	0	0	0	0	0	0	0	0	0	0	0	
0	0	0	0	0	0	0	48	0	0	0	0	0	0	48	0	0	0	0	0	0	0	0	0	0	0	0	0	0	0	48	0	0	0	0	0	0	0	0	48	0	0	0	0	0	0	0	0	0	0	0	0	0	0	0	0	0	0	0	0	0	0	0	0	0	0	0	0	0	0	0	0	0	0	0	0	0	0	0	0	0	0	0	0	0	0	0	0	0	0	0	0	0	0	0	0	0	0	0	0	0	0	0	0	0	0	0	0	0	0	0	0	0	0	0	0	0	0	0	0	
0	0	0	0	0	0	0	0	0	0	0	48	0	0	0	0	0	0	0	0	0	0	0	0	0	0	0	0	0	0	0	0	0	0	0	0	48	0	0	0	0	0	0	0	0	0	0	0	0	0	0	0	0	0	48	0	0	0	0	0	0	0	0	0	0	0	0	0	0	0	0	0	0	0	0	48	0	0	0	0	0	0	0	0	0	0	0	0	0	0	0	0	0	0	0	0	0	0	0	0	0	0	0	0	0	0	0	0	0	0	0	0	0	0	0	0	0	0	0	0	
0	0	0	0	0	48	0	0	0	0	0	0	0	0	0	0	0	0	0	0	0	0	0	0	0	0	0	0	0	0	0	0	0	0	0	0	0	0	0	0	0	0	0	0	0	0	0	0	0	0	0	0	0	0	0	0	0	0	0	0	0	0	0	0	0	0	0	0	0	0	0	0	0	0	0	48	0	0	0	0	0	0	0	0	0	0	0	48	0	0	0	0	0	0	0	0	0	0	0	0	0	0	48	0	0	0	0	0	0	0	0	0	0	0	0	0	0	0	0	0	
0	0	0	0	0	0	0	0	0	0	0	0	0	0	0	0	0	0	0	0	0	0	0	0	0	0	0	0	0	0	0	0	0	0	0	0	0	0	0	0	0	0	0	0	0	0	0	0	48	0	0	0	0	0	0	0	0	0	0	0	0	0	0	48	0	0	0	0	0	0	0	0	0	0	0	0	0	0	0	0	0	0	0	0	0	0	0	0	0	0	0	0	0	0	0	0	0	0	0	48	0	0	0	48	0	0	0	0	0	0	0	0	0	0	0	0	0	0	0	0	
0	0	0	0	0	0	0	0	0	0	0	0	0	0	0	0	0	0	0	0	0	0	0	0	0	0	0	0	0	0	0	0	0	0	0	0	0	0	0	0	48	0	0	0	0	0	0	0	48	0	0	0	0	0	0	0	0	0	0	0	0	0	0	48	0	0	0	0	0	0	0	0	0	0	0	0	0	0	0	0	0	0	0	0	0	0	0	0	0	0	0	0	0	0	0	0	0	0	0	0	0	0	0	48	0	0	0	0	0	0	0	0	0	0	0	0	0	0	0	0	
48	0	0	0	0	0	0	0	0	0	0	0	0	0	0	0	0	0	0	0	48	0	0	0	0	0	0	0	0	0	0	0	48	0	0	0	0	0	0	0	0	0	0	0	0	0	0	0	0	0	0	0	0	0	0	0	0	0	0	0	0	0	48	0	0	0	0	0	0	0	0	0	0	0	0	0	0	0	0	0	0	0	0	0	0	0	0	0	0	0	0	0	0	0	0	0	0	0	0	0	0	0	0	0	0	0	0	0	0	0	0	0	0	0	0	0	0	0	0	0	
10	68	118	28	72	19	69	74	6	42	6	1	72	43	22	119	99	110	18	31	101	54	31	8	82	24	81	62	7	91	103	54	90	50	60	69	55	2	95	96	44	58	27	13	85	76	30	103	63	72	101	93	16	49	5	43	100	101	99	54	65	96	51	3	43	41	28	103	23	82	33	96	75	43	88	97	3	71	111	49	92	3	57	28	52	38	36	87	64	91	13	111	27	87	104	89	4	80	92	107	0	59	61	40	115	21	23	119	82	58	96	52	75	72	86	36	90	75	84	12	100	33	8	97	39	87	95	41	103	89	77	63	106	93	17	26	60	40	23	62	82	86	51	104	26	61	11	109	24	57	85	34	106	105	44	108	92	23	86	89	107	107	48	68	117	104	87	44	30	20	23	13	11	67	39	52	66	27	26	103	112	49	119	9	80	97	65	0	81	57	38	82	32	54	91	107	41	12	93	64	49	113	105	86	5	41	28	114	84	3	74	1	112	65	2	41	40	43	15	6	24	108	15	12	118	90	15	34	117	97	116	76	109	15	99	15	73	57	73	49	94	19	107	13	33	43	62	106	112	101	94	92	40	96	81	88	20	14	21	67	3	31	101	42	106	102	63	18	109	25	8	57	105	4	77	10	4	13	107	68	66	89	6	3	24	60	77	52	116	108	67	76	66	110	118	80	48	70	84	70	106	106	16	1	5	118	56	80	47	17	104	23	36	21	55	75	106	34	65	1	37	43	82	22	82	110	113	32	71	79	89	34	88	108	56	99	43	42	107	87	36	93	119	67	24	75	73	52	53	57	118	7	38	88	40	3	8	40	98	51	68	116	71	39	106	116	7	1	69	99	12	17	52	97	6	9	17	47	94	73	92	47	30	83	80	96	110	104	68	28	79	0	99	108	26	117	68	82	81	119	81	53	76	96	18	8	21	65	106	35	100	18	8	54	26	53	31	4	81	106	54	13	72	43	23	26	59	72	98	108	24	107	50	36	114	93	14	92	57	62	8	75	23	0	90	67	35	91	98	62	97	65	52	115	103	106	56	5	80	88	46	76	100	12	64	41	20	86	15	4	26	72	76	56	6	66	80	77	66	38	11	20	62	45	47	103	83	31	53	37	10	109	6	104	101	34	91	74	84	4	109	98	88	23	36	83	99	58	67	92	53	62	113	0	16	102	0	95	51	112	112	10	113	72	76	74	75	108	107	16	88	32	40	13	35	99	90	50	77	22	27	0	13	108	11	17	111	59	5	92	33	55	72	36	62	47	103	112	38	52	81	99	74	0	119	5	4	4	100	78	100	24	48	25	107	118	27	62	18	102	39	94	67	26	37	2	15	99	54	100	21	57	107	99	64	78	92	57	41	34	36	48	71	7	106	63	117	37	32	17	11	54	71	109	59	107	87	30	117	36	27	44	66	51	42	8	92	96	54	59	51	55	18	83	49	114	85	41	6	39	34	30	67	74	92	97	40	42	108	49	68	111	25	35	30	60	55	4	10	34	42	39	28	52	61	46	28	76	49	104	107	51	9	95	14	101	41	23	35	12	99	53	103	57	34	68	41	45	61	28	99	42	104	30	7	2	44	59	40	25	87	107	22	9	10	18	104	40	51	0	62	71	37	61	43	80	49	105	48	76	56	15	50	31	99	4	76	69	113	40	87	27	77	112	61	57	19	11	93	60	49	22	28	60	111	100	21	27	4	41	37	60	51	18	118	32	66	95	3	8	80	116	20	80	38	53	82	9	79	64	32	49	116	98	115	46	119	100	34	106	80	96	55	108	92	74	21	33	114	63	116	16	34	116	77	25	50	93	42	35	109	94	118	118	80	24	44	29	13	113	40	23	30	100	63	43	17	24	94	78	90	58	107	51	70	33	61	79	93	59	94	29	26	67	94	72	84	75	78	113	75	99	106	115	42	66	59	60	45	48	60	32	38	37	79	19	116	25	86	82	67	111	116	107	16	93	72	82	1	98	81	12	72	106	5	18	85	29	26	16	117	6	15	109	73	47	44	68	39	36	54	112	77	57	96	46	72	8	119	52	31	11	74	26	52	1	46	113	74	67	41	40	69	64	23	13	93	64	31	67	50	82	38	72	116	38	61	49	47	76	117	119	96	119	73	119	41	74	62	106	36	67	71	83	42	87	115	51	100	11	94	75	21	23	80	77	53	84	72	90	54	4	96	0	19	41	28	33	20	5	58	64	89	54	55	0	86	51	72	95	10	78	73	111	100	35	3	119	99	91	17	31	69	41	85	22	106	77	113	0	89	54	65	10	56	49	47	8	43	3	116	90	52	97	83	11	66	38	74	66	83	112	16	41	113	18	31	3	64	11	7	88	0	72	29	20	107	76	1	50	33	107	24	91	42	39	45	5	113	118	76	4	75	13	56	50	1	16	27	64	40	25	99	11	71	40	85	51	9	67	76	29	12	113	64	14	5	65	16	20	99	57	71	56	80	93	4	27	46	13	110	13	15	2	89	89	7	99	11	47	96	91	113	105	96	56	90	5	36	36	28	61	17	98	30	9	75	100	6	58	45	52	101	72	57	57	2	23	66	82	77	86	3	30	69	12	1	74	28	79	28	115	95	99	16	109	90	60	39	61	105	79	71	20	0	112	58	43	103	66	31	50	29	99	115	110	12	84	11	18	71	51	26	84	4	29	61	13	31	96	9	50	108	36	14	85	0	6	49	63	62	97	85	67	85	42	32	70	20	41	109	9	43	6	38	92	3	27	33	68	25	28	95	118	68	91	8	79	61	42	75	20	80	62	89	115	50	115	47	69	81	31	3	33	24	115	82	97	18	71	10	96	19	16	9	75	26	19	24	99	45	20	119	49	91	20	7	113	2	15	63	110	91	43	9	8	3	60	6	33	29	31	50	95	95	80	88	81	31	104	82	87	20	104	72	0	41	28	94	117	74	31	59	67	44	30	107	112	91	102	19	41	88	16	65	38	117	71	71	69	6	78	40	70	30	75	33	6	112	97	20	88	110	119	48	43	51	78	72	49	9	30	37	12	67	23	74	84	79	49	61	43	98	70	16	26	49	47	26	81	93	16	18	12	73	74	114	23	80	16	54	107	67	91	6	66	101	97	109	88	61	11	88	60	52	91	44	77	2	85	76	35	30	17	51	96	29	48	34	57	95	16	14	7	2	88	0	43	114	8	101	4	101	38	53	63	20	11	31	103	80	9	59	11	107	81	0	53	1	75	102	31	33	116	29	7	105	7	21	113	40	116	71	55	108	108	4	36	35	34	83	29	27	0	28	109	24	24	118	41	112	6	60	4	35	113	119	72	13	3	25	70	0	116	17	4	17	82	116	38	28	26	25	88	26	61	40	107	27	62	12	46	51	65	34	87	11	98	3	115	88	11	45	84	111	34	68	5	65	61	70	59	113	91	33	10	69	42	68	27	71	96	69	68	106	31	20	73	26	63	15	88	59	45	102	63	72	66	65	115	39	4	63	31	32	44	20	109	113	63	8	15	43	55	65	36	20	7	31	68	119	87	43	113	71	91	116	76	99	33	85	50	13	48	0	118	85	58	63	80	81	53	11	92	80	110	81	29	66	31	66	29	100	56	11	19	49	105	7	85	52	76	102	24	117	37	95	4	21	72	86	57	68	43	30	32	84	34	62	57	63	16	119	40	50	119	93	95	12	87	97	96	26	13	90	97	115	66	16	36	80	18	17	9	20	28	86	24	32	57	34	69	114	72	2	114	55	3	40	92	66	27	5	17	119	78	36	16	42	57	112	75	96	113	36	109	83	3	11	26	29	81	115	70	14	5	115	82	51	55	117	54	44	10	24	24	22	119	6	110	93	116	110	55	33	6	67	49	97	15	95	1	46	83	38	33	83	113	109	91	72	97	17	12	76	69	66	81	41	32	49	51	35	6	94	11	45	39	49	89	35	40	97	81	85	1	4	99	11	59	96	119	97	82	23	59	37	50	42	73	46	118	7	2	40	27	74	93	96	39	85	12	116	87	23	7	18	65	7	46	106	78	38	42	44	70	55	33	119	19	48	3	48	32	36	84	54	94	58	57	101	45	46	76	81	17	87	101	20	14	89	23	90	71	74	52	56	59	6	52	98	8	61	119	68	71	69	41	73	23	1	11	73	70	91	61	70	18	60	66	113	84	48	57	32	24	107	53	111	0	48	59	81	45	64	77	69	73	93	67	17	83	111	70	4	90	43	2	51	30	4	51	58	72	12	34	74	115	74	15	110	85	64	2	117	30	102	32	114	78	24	41	32	56	26	33	106	75	35	72	39	37	103	70	24	104	16	66	69	84	97	82	91	70	13	119	98	85	69	7	24	11	49	83	105	98	100	4	56	76	3	98	73	12	1	80	64	34	96	100	0	76	105	40	31	38	1	4	96	115	92	71	77	77	38	15	104	76	100	82	96	45	6	115	98	99	37	4	59	74	38	78	118	107	21	98	69	77	45	103	3	117	2	52	105	83	44	20	81	23	105	6	23	87	116	70	74	66	56	49	47	110	110	47	60	104	11	97	63	55	6	42	23	29	27	14	65	68	70	2	42	119	58	80	76	16	109	47	92	37	20	16	106	20	91	43	20	85	59	21	33	80	73	89	10	92	40	9	20	89	38	105	116	101	33	98	39	20	47	71	53	70	118	6	36	99	28	101	55	111	7	66	116	17	73	66	34	23	103	68	94	68	84	68	71	71	21	77	13	7	108	4	28	15	104	7	55	115	83	116	64	9	66	105	31	42	91	4	28	110	14	110	57	62	78	81	20	54	37	119	33	76	31	117	84	71	36	34	4	105	114	43	29	61	110	39	10	113	53	113	41	51	20	94	39	118	70	108	10	39	100	87	33	107	38	98	23	26	30	107	10	2	106	85	41	27	47	86	106	114	90	1	4	105	88	4	115	3	87	63	68	42	96	24	68	52	39	16	20	13	104	4	91	6	74	35	37	29	98	89	58	28	39	16	8	70	31	75	49	68	85	84	107	1	81	5	79	113	58	33	111	38	54	23	55	54	24	4	93	64	37	15	79	29	61	48	71	49	57	42	116	21	1	95	101	57	117	59	89	63	119	4	118	108	36	63	16	14	63	52	27	53	94	82	0	72	26	12	15	58	50	21	26	54	26	47	14	109	98	60	68	101	74	32	44	77	52	1	73	116	30	54	102	17	106	72	77	54	37	39	39	5	31	92	39	25	21	102	93	12	13	30	73	110	85	41	78	103	109	117	82	100	69	111	91	72	76	109	74	20	30	78	50	85	43	9	80	28	40	95	60	48	38	89	61	49	11	60	54	56	90	31	9	86	19	107	106	54	68	106	67	84	91	46	69	7	117	1	71	33	115	96	78	104	6	93	67	107	18	74	4	82	44	59	87	58	0	18	21	99	38	7	84	46	2	39	93	98	105	24	72	98	53	34	39	88	54	83	95	52	1	92	11	101	13	47	110	28	3	4	78	34	109	109	95	72	106	29	60	112	73	99	92	14	49	113	91	119	54	54	10	113	5	88	26	13	109	29	76	64	65	81	35	34	75	21	31	67	27	117	55	84	7	25	1	79	5	39	117	46	55	13	31	102	31	29	88	109	34	100	108	55	55	110	40	83	31	69	78	64	93	52	36	6	48	36	112	96	118	106	92	34	59	76	37	102	41	65	20	93	109	43	89	57	16	77	68	85	66	16	66	31	84	115	29	87	40	84	43	98	32	99	11	19	60	68	5	20	91	57	55	16	78	43	90	78	10	50	105	82	43	67	102	30	32	111	105	101	79	23	95	52	31	76	106	79	10	48	48	88	92	29	85	20	98	72	113	25	83	3	29	0	111	14	118	6	78	72	57	63	58	19	102	109	69	6	17	37	98	97	55	88	61	45	101	42	104	22	53	93	81	77	38	113	119	17	85	54	93	76	116	116	21	23	24	12	25	36	76	51	110	93	58	17	44	84	63	118	28	36	42	93	99	78	85	14	27	2	105	2	83	57	79	9	46	62	11	87	18	109	13	40	40	37	60	111	72	100	116	102	84	92	112	87	6	111	62	11	56	27	96	95	67	51	29	74	109	108	119	66	29	26	69	67	96	25	103	89	68	58	102	72	66	54	43	61	86	49	41	101	22	12	116	80	60	52	19	113	68	67	117	79	22	2	40	15	82	87	90	10	116	34	51	115	1	72	51	108	70	65	8	89	6	47	73	51	54	115	81	23	7	43	96	60	98	103	66	47	9	53	88	3	115	49	113	93	109	20	81	35	44	10	103	45	28	26	72	94	77	13	95	91	61	50	26	22	67	41	39	53	90	93	59	87	25	22	34	79	13	61	63	32	46	113	36	4	14	10	90	31	115	47	60	42	14	9	107	61	0	0	112	0	76	79	104	68	92	48	60	25	95	91	77	62	95	107	53	47	85	59	96	67	25	40	50	100	74	68	33	19	67	27	69	119	111	45	63	116	101	65	48	94	79	5	8	119	12	115	3	47	77	26	34	13	4	111	101	87	12	109	72	119	76	74	50	88	66	21	94	119	56	109	3	43	115	115	112	21	78	79	61	82	17	105	95	77	74	56	67	57	10	116	71	1	54	65	53	22	27	56	18	89	70	107	49	50	39	25	6	86	18	109	44	93	56	58	81	77	52	70	103	69	104	33	5	17	112	115	57	15	81	105	39	60	94	87	44	48	15	36	17	77	73	71	38	44	94	118	70	116	4	10	95	5	13	86	96	80	45	21	54	111	40	52	118	10	80	35	70	85	87	49	66	55	88	73	77	88	113	27	93	56	86	109	63	8	79	57	33	63	85	77	6	90	109	115	63	102	116	99	24	90	78	19	94	95	84	69	67	20	25	87	0	60	116	34	106	70	58	51	88	19	11	36	90	14	35	114	61	26	63	94	110	112	77	34	32	23	31	119	56	64	43	117	46	11	30	104	66	48	95	49	94	61	60	4	8	39	16	118	88	74	115	99	20	51	102	7	20	89	118	6	89	81	87	110	104	113	30	36	80	78	27	20	89	66	24	50	115	17	27	79	106	86	72	40	0	54	8	115	27	71	70	18	7	97	72	19	62	79	22	71	75	40	64	41	37	26	43	43	67	23	38	64	84	91	79	112	75	51	23	9	57	5	79	16	85	16	66	88	90	8	108	46	50	48	66	46	55	43	114	14	31	62	77	88	86	54	103	44	95	27	30	103	85	81	55	25	0	18	19	55	24	77	101	4	57	67	16	48	72	3	111	112	114	98	101	3	57	20	107	86	1	97	54	59	83	93	51	22	108	97	49	69	85	100	97	4	74	44	42	14	21	73	65	43	29	107	62	47	37	37	12	58	80	96	75	53	19	82	71	31	32	0	53	77	80	90	51	65	103	18	2	23	46	22	11	45	31	14	69	68	63	36	52	25	25	3	75	61	58	7	106	92	56	45	103	102	67	56	0	76	46	77	0	70	114	82	4	95	56	24	80	39	113	66	26	49	4	2	84	58	34	68	19	91	28	87	119	40	67	3	49	99	42	75	110	14	32	79	23	17	103	33	58	92	0	41	72	46	63	0	82	84	105	16	72	62	32	61	117	70	12	15	111	1	57	101	51	107	100	79	115	86	59	54	23	115	112	40	7	28	19	12	0	81	101	52	114	2	39	67	6	82	59	86	85	18	65	90	63	35	20	27	34	101	59	118	89	59	58	41	84	106	62	32	49	98	87	100	119	72	67	117	101	74	68	95	36	39	79	13	20	36	91	56	85	64	8	66	92	19	65	113	1	87	47	47	19	38	0	23	114	106	91	78	91	111	45	15	97	46	25	44	0	59	19	92	114	115	0	0	85	50	98	31	64	34	46	79	43	100	2	79	4	82	3	57	39	31	108	106	66	10	4	47	46	22	19	13	110	30	26	71	100	100	3	5	55	19	45	14	34	73	6	96	59	87	56	70	109	113	31	13	12	30	37	87	64	91	90	47	5	35	84	44	15	45	107	7	106	48	70	30	14	117	15	62	108	3	40	29	95	23	61	45	28	105	33	72	81	50	105	0	68	2	19	93	20	53	118	41	4	111	68	31	59	48	21	24	51	20	65	27	83	96	50	14	115	104	7	26	84	76	37	68	24	21	54	32	62	27	75	17	46	118	91	53	103	80	77	100	64	23	67	93	81	41	92	56	37	103	116	90	97	68	42	25	46	50	29	75	101	36	66	17	114	89	20	83	46	41	44	69	47	29	87	98	43	99	79	55	90	104	74	83	39	63	68	33	68	16	104	87	112	72	12	46	72	70	43	7	31	114	95	31	61	28	52	79	50	15	36	48	87	46	48	12	82	13	37	32	10	91	94	62	84	57	107	77	45	39	72	7	15	10	1	107	82	98	1	29	77	49	109	83	68	7	20	97	36	33	12	21	13	7	82	119	78	59	34	108	48	100	69	39	13	111	74	92	57	77	105	67	70	64	62	94	37	57	71	58	111	70	2	3	96	5	79	36	103	92	60	75	113	79	56	60	59	116	44	75	117	119	9	75	51	58	96	97	61	71	93	72	2	12	102	69	78	23	54	84	73	97	110	23	9	61	74	38	23	34	11	38	11	92	2	32	118	1	53	1	108	88	102	10	0	23	105	5	51	94	49	25	62	96	26	64	31	11	15	77	53	15	95	117	77	54	112	85	0	50	105	39	13	59	50	50	61	93	33	80	72	23	34	0	63	73	22	100	16	54	50	79	16	76	75	3	8	46	15	5	71	54	19	54	50	70	16	23	87	82	66	28	103	21	23	81	46	19	88	96	11	68	75	40	56	77	68	43	80	70	39	94	6	56	55	42	80	12	8	95	25	113	14	88	119	51	94	32	105	92	10	68	93	31	101	80	118	55	86	18	8	58	35	21	52	9	0	17	20	79	103	114	69	101	13	13	85	15	112	10	72	3	101	50	43	69	106	55	101	86	40	2	114	83	90	59	22	96	32	39	51	62	98	72	106	77	19	7	50	54	2	85	50	96	59	102	52	116	112	61	96	57	57	11	21	19	104	68	40	43	51	26	96	3	15	7	100	117	42	87	20	14	35	108	3	25	74	60	112	71	114	4	71	24	15	53	91	56	3	98	19	73	26	14	48	20	103	10	16	41	43	18	29	91	54	47	67	68	3	108	18	30	42	58	93	96	35	82	17	58	37	58	4	104	108	5	97	27	7	23	13	70	44	92	24	45	79	57	17	77	118	83	110	37	26	8	117	13	69	113	51	89	49	40	64	43	91	37	117	98	75	74	112	29	107	108	24	15	96	53	69	28	15	90	6	7	72	52	102	25	105	20	96	7	113	0	114	42	32	66	35	36	96	68	22	25	21	23	70	54	78	80	96	34	24	19	103	2	111	37	52	21	2	4	52	27	55	42	52	35	51	1	76	94	6	18	94	6	74	76	76	75	103	13	112	107	61	111	0	96	3	18	36	8	94	114	113	108	6	54	85	17	72	65	112	24	70	99	58	43	39	101	80	3	37	44	80	4	21	53	111	100	29	78	79	26	71	59	19	37	50	9	47	109	66	74	61	78	14	6	8	85	5	62	30	94	72	54	27	39	5	4	97	53	50	63	44	6	96	24	40	101	106	36	10	16	15	35	28	75	56	41	93	107	60	26	68	114	79	75	44	87	25	5	54	89	88	42	90	54	32	94	33	73	114	71	44	56	26	82	92	9	8	7	59	15	60	20	98	24	28	115	41	88	60	102	27	24	105	30	10	53	53	57	102	29	37	77	13	37	45	87	39	91	100	90	42	31	98	104	67	61	12	33	11	83	96	81	35	45	19	39	32	84	39	102	51	85	91	89	73	109	67	87	33	9	46	84	118	70	71	113	16	17	113	43	22	57	72	96	90	65	37	79	110	45	107	64	68	103	79	10	42	66	26	20	56	89	35	98	99	38	12	110	91	49	108	48	18	114	19	44	91	52	112	75	80	98	119	65	50	49	20	50	42	104	55	65	112	76	12	45	91	68	20	112	68	8	58	110	118	89	3	57	52	116	79	81	46	33	47	54	107	40	54	79	112	52	84	80	7	84	95	114	74	55	53	33	56	8	33	43	46	109	1	5	79	107	70	5	40	68	15	99	39	107	66	9	18	44	92	87	86	75	119	86	91	103	49	112	74	47	107	41	94	5	21	42	29	40	37	117	11	86	73	55	20	42	100	84	12	100	68	74	107	104	87	37	28	72	88	100	84	111	57	90	29	14	24	78	104	25	102	113	31	118	60	92	26	1	34	108	62	118	43	20	43	92	9	97	18	76	0	81	2	16	26	6	76	62	7	92	105	30	69	102	57	93	1	40	39	92	59	90	55	36	79	8	96	98	85	112	104	93	58	55	20	59	30	105	73	43	83	9	43	0	43	27	81	49	61	6	68	55	104	107	83	87	6	34	31	87	51	97	68	107	25	46	33	97	90	97	44	55	90	56	82	105	39	86	42	18	50	105	115	7	71	6	89	88	47	56	64	17	19	83	69	118	8	114	1	102	94	77	75	51	79	38	99	20	116	71	27	94	98	0	36	69	104	69	82	73	90	7	14	86	14	9	61	12	12	83	109	114	82	51	61	36	110	94	8	21	65	43	77	93	26	85	75	55	119	100	40	23	34	108	101	90	53	112	26	62	35	99	12	67	44	38	61	71	76	23	26	91	68	80	20	108	76	0	39	60	13	117	90	112	76	33	86	79	30	2	118	17	13	66	76	70	115	84	19	67	85	73	27	4	3	43	95	27	92	99	54	49	14	40	56	71	105	16	33	10	98	42	66	100	76	69	76	0	106	17	0	75	97	32	85	26	56	115	106	78	88	17	91	18	36	79	111	70	81	74	104	37	103	60	119	116	111	54	69	63	25	31	12	115	4	41	88	96	36	46	62	111	23	44	119	79	105	68	49	16	48	41	52	82	95	32	22	118	5	114	106	115	71	97	74	81	25	16	3	56	15	19	103	48	9	7	24	59	74	27	34	82	74	83	73	24	97	70	3	108	4	7	78	30	74	0	40	103	87	18	8	48	65	37	108	3	56	23	60	66	45	55	8	99	15	21	96	83	53	94	47	48	73	18	96	102	57	88	28	106	95	19	81	70	110	56	37	98	90	44	53	7	16	101	100	63	57	62	54	38	9	64	12	72	60	96	78	89	89	25	3	65	32	17	13	43	0	36	81	38	9	24	3	5	29	65	59	57	118	43	80	66	28	17	61	4	16	81	20	25	39	110	70	101	50	91	103	49	49	9	18	12	83	9	84	113	113	71	114	84	52	46	82	7	23	34	89	76	68	110	17	106	38	7	59	114	118	45	1	38	103	24	39	84	
22	79	96	31	83	36	113	64	18	28	94	61	19	114	117	0	33	102	73	18	115	34	26	99	75	85	17	60	18	105	48	47	73	111	103	93	64	49	71	102	10	62	74	12	14	41	40	40	30	66	74	74	35	9	74	92	101	97	48	22	111	2	85	18	104	13	19	88	42	27	42	26	94	5	19	1	21	116	88	101	56	34	49	87	55	30	39	58	21	34	11	52	89	112	15	97	77	40	100	80	106	114	65	26	112	105	89	98	18	117	36	6	71	7	36	10	33	88	65	69	49	113	44	104	40	91	111	117	95	71	34	13	110	62	46	40	47	114	76	112	99	42	46	69	51	97	69	25	56	70	72	69	35	116	74	105	60	51	43	22	5	116	77	63	15	112	24	3	107	48	5	115	114	13	21	97	85	80	50	70	92	98	92	114	73	28	117	118	5	112	85	101	9	37	37	62	54	22	30	106	28	10	26	43	30	20	9	34	35	68	13	87	117	51	29	20	13	106	100	97	75	42	19	72	98	92	50	57	65	49	90	55	10	18	60	80	62	81	26	71	102	69	116	21	106	48	35	99	61	100	41	89	6	89	6	104	111	39	36	114	17	57	114	16	37	63	11	50	76	74	112	26	22	83	32	49	21	99	31	55	82	19	99	45	14	117	79	21	26	0	27	72	15	54	24	63	69	33	32	10	22	112	59	74	11	110	26	1	85	83	47	64	45	104	66	31	75	14	20	8	50	94	63	91	17	49	91	18	90	48	41	30	118	84	11	47	37	38	8	46	26	0	100	62	28	113	101	102	29	36	75	52	86	117	17	14	90	53	92	109	82	88	23	63	97	99	0	72	116	37	117	53	33	73	1	108	36	93	27	65	19	30	39	73	107	25	33	73	24	66	16	95	111	23	39	103	102	93	61	86	25	49	29	97	47	23	54	118	58	117	108	17	105	72	51	63	9	13	90	101	22	112	101	57	45	64	17	39	100	48	2	36	32	13	119	14	45	62	100	89	73	118	46	10	104	19	9	86	112	74	100	43	37	48	35	69	76	89	91	49	60	75	89	108	103	43	50	108	109	54	66	61	56	96	96	100	104	95	72	70	24	80	79	65	53	0	66	57	69	84	62	59	60	48	104	109	88	18	85	67	85	111	82	98	97	51	44	111	65	69	16	64	73	24	51	104	14	73	106	70	86	47	58	15	61	93	65	86	57	50	10	74	63	113	59	16	27	87	41	83	74	35	97	18	91	16	48	89	24	36	60	53	96	100	0	75	40	76	10	113	116	10	87	59	114	59	20	103	54	84	111	72	93	2	115	93	46	65	86	82	27	103	62	52	75	105	14	73	67	116	76	109	87	20	94	77	101	47	111	62	25	34	30	22	97	82	86	113	33	35	77	12	7	52	25	5	96	56	21	56	119	84	48	10	76	71	69	56	90	92	107	111	26	34	30	19	34	6	76	68	85	24	28	112	86	7	38	71	29	94	57	39	48	13	61	63	8	74	29	49	57	110	118	42	97	117	55	96	21	26	83	103	14	108	114	45	56	69	11	17	42	118	40	23	119	25	78	49	19	20	97	99	12	35	80	85	92	87	76	84	98	105	48	27	40	86	53	22	92	1	55	82	66	79	14	38	23	84	27	95	48	27	108	105	25	68	99	110	20	104	62	12	49	96	32	59	31	56	24	22	80	76	69	21	46	10	75	101	83	111	70	72	92	62	99	9	19	34	8	66	46	4	82	114	71	112	4	103	68	46	28	81	50	89	74	100	34	103	105	57	55	40	5	40	60	79	22	78	85	49	61	20	117	24	68	117	19	86	118	31	106	71	26	46	110	98	71	104	33	5	42	106	82	1	78	86	39	36	104	8	15	0	27	116	50	7	100	39	95	47	97	61	31	18	56	51	78	57	12	28	59	49	104	96	2	22	60	27	15	42	47	77	6	5	38	25	111	104	4	48	116	115	82	100	37	94	24	13	99	80	2	86	97	89	28	75	47	48	8	9	66	68	24	92	63	60	89	113	61	94	79	29	83	110	114	82	106	3	63	38	72	105	57	54	88	112	11	78	87	88	1	61	55	19	76	52	66	53	79	50	7	101	31	89	84	71	69	54	1	71	63	78	5	24	30	14	22	116	16	49	80	90	113	85	23	83	70	58	82	30	56	69	93	112	115	14	49	56	0	73	87	57	8	31	51	28	79	92	66	118	48	7	56	27	14	94	35	76	111	89	105	119	99	96	111	52	110	79	67	32	95	100	100	106	77	17	85	67	32	55	50	1	110	24	91	12	86	64	18	74	49	25	99	88	72	70	116	1	118	105	80	85	43	94	41	15	86	73	36	60	115	97	35	34	103	70	89	21	50	77	94	58	115	83	119	58	31	38	8	48	108	16	43	117	31	77	33	77	13	44	16	81	37	18	2	58	90	106	31	119	109	49	33	10	87	7	99	106	59	70	56	10	99	43	102	52	64	114	3	105	10	22	41	63	17	93	44	5	13	112	100	66	78	53	118	1	57	89	7	18	96	42	0	43	18	49	15	102	65	81	112	90	25	56	75	24	75	71	113	44	78	8	26	38	35	67	7	48	84	65	105	41	36	27	93	42	2	61	81	32	98	6	106	29	56	113	55	114	97	56	70	95	109	18	76	0	10	19	4	0	104	46	58	88	110	28	27	110	97	113	20	14	4	87	50	80	95	98	95	91	3	44	28	12	67	67	33	109	117	71	94	79	5	1	71	29	118	97	70	49	4	10	87	103	44	101	72	49	52	50	48	96	71	2	53	23	55	93	57	26	30	98	75	2	54	119	3	105	45	100	48	77	53	66	114	7	15	41	86	18	76	57	23	28	107	89	48	94	62	88	47	24	102	84	53	48	35	59	55	95	61	15	113	12	77	108	16	80	49	27	96	26	95	86	115	111	74	96	66	71	91	78	63	35	81	96	3	107	94	63	118	74	20	104	71	90	26	104	68	67	39	48	66	49	65	36	9	80	9	33	101	111	66	106	22	68	45	101	29	63	18	108	69	106	89	2	76	101	10	85	31	26	18	91	10	9	56	111	113	41	9	33	71	112	50	81	67	76	39	87	118	43	85	67	75	108	100	104	74	25	43	1	56	45	34	23	29	72	18	65	40	116	116	95	31	17	73	88	18	7	68	97	54	47	103	24	35	24	80	53	58	77	83	16	38	104	31	93	95	13	116	19	87	90	84	31	12	101	32	0	74	94	59	36	46	117	7	105	1	11	70	46	91	82	100	93	20	91	68	48	106	105	12	91	57	14	113	4	79	50	5	43	102	84	49	46	94	96	60	13	93	92	68	2	111	31	28	88	18	48	18	0	92	81	107	87	51	15	45	60	83	116	23	1	76	9	32	103	118	64	23	80	94	30	29	27	112	23	87	0	107	95	47	19	78	29	90	24	31	20	112	105	21	119	104	89	10	43	113	101	39	115	51	1	79	107	6	88	114	103	12	92	70	0	48	59	71	101	49	71	55	112	101	119	83	51	52	99	48	19	8	92	87	75	5	105	19	72	72	78	6	9	92	47	86	116	28	17	83	12	58	113	92	111	35	25	48	68	40	67	105	52	67	3	81	15	29	59	60	59	63	38	35	46	93	48	107	34	23	40	47	98	108	19	116	67	64	118	14	60	71	106	112	104	19	33	3	91	42	33	41	35	49	45	91	57	44	109	110	0	74	63	3	32	82	86	97	19	43	50	105	82	92	102	9	13	92	71	109	107	113	25	69	49	95	13	97	39	29	76	85	58	80	85	26	63	73	12	22	42	80	93	72	89	35	116	62	105	75	40	73	52	26	86	103	72	33	74	81	19	106	5	21	76	119	108	48	108	35	55	2	50	96	103	76	118	35	5	100	20	91	116	19	2	117	116	54	38	111	34	26	52	34	75	69	64	30	75	117	4	119	70	26	91	58	41	80	110	92	81	88	68	32	28	25	48	107	117	34	48	20	91	67	35	48	74	56	52	108	24	98	97	21	45	13	101	88	30	74	99	49	65	81	116	8	84	106	99	75	62	43	72	75	16	43	58	14	53	18	100	1	97	114	62	98	86	36	113	100	55	44	15	48	48	84	93	91	45	68	32	20	92	92	30	48	27	92	16	29	32	64	115	54	6	21	8	55	76	72	58	86	42	74	54	5	11	8	39	80	11	53	68	0	105	27	74	14	8	25	79	109	41	109	74	83	106	110	4	49	109	112	31	23	110	26	103	11	22	24	8	59	47	5	47	12	80	61	102	77	96	114	58	59	113	86	111	105	6	92	46	74	80	9	42	115	10	103	104	92	54	101	95	13	62	54	40	84	15	79	40	112	103	118	40	18	73	57	57	4	119	0	14	2	62	47	100	19	24	15	44	30	100	108	8	11	78	87	17	12	46	74	104	46	3	49	13	27	81	12	117	78	67	52	75	69	42	44	102	88	84	95	113	68	49	75	46	86	115	110	65	104	22	10	103	20	11	75	66	114	81	70	40	105	91	18	98	12	84	44	74	64	85	45	54	100	38	17	17	31	49	86	115	38	60	29	31	34	116	66	33	117	87	0	52	44	54	32	19	77	42	76	107	51	3	55	63	111	95	54	102	61	53	1	91	48	94	110	10	43	71	63	65	99	117	20	96	40	82	86	60	104	41	56	47	48	96	65	77	82	18	58	114	77	90	51	59	104	21	23	117	2	5	71	84	38	61	84	4	77	34	52	98	64	109	57	64	99	10	49	2	61	23	112	3	69	100	2	73	33	81	50	90	112	99	23	2	0	113	36	17	83	86	51	110	24	105	74	101	111	73	65	30	117	2	60	43	64	117	34	99	22	63	79	90	67	14	111	4	43	95	53	16	40	79	6	41	29	19	6	51	84	104	91	73	75	95	81	34	5	11	67	42	107	1	23	0	47	11	93	85	114	16	92	109	51	21	73	96	84	51	13	12	83	53	58	55	53	98	23	87	106	109	41	34	17	28	68	15	96	87	16	106	14	12	92	84	34	57	118	97	77	83	4	94	14	9	118	65	72	4	25	6	51	20	50	90	117	83	19	32	49	83	88	48	93	21	35	15	7	94	28	55	8	105	77	40	113	5	36	66	89	12	39	90	94	8	14	82	11	88	61	11	32	19	106	96	114	60	56	3	102	70	77	82	119	81	93	19	36	95	36	20	94	97	30	66	41	105	119	58	25	66	115	4	113	62	61	60	66	85	88	51	67	20	108	86	36	44	10	14	81	38	92	36	92	28	94	38	69	49	119	84	37	106	73	6	105	49	24	109	31	39	32	6	71	52	36	3	65	71	47	43	48	94	97	84	23	57	41	1	99	117	75	84	1	28	45	47	101	73	44	119	113	9	50	25	16	68	65	42	24	66	32	1	42	57	62	27	24	26	70	117	115	104	42	91	56	79	0	10	107	70	57	36	25	89	24	118	98	113	56	22	21	99	12	50	15	10	9	62	5	61	85	32	76	111	36	119	12	64	101	11	47	86	78	87	35	23	53	27	87	60	90	96	30	117	101	6	43	115	82	8	72	100	71	43	116	69	113	83	86	58	71	22	75	18	55	82	67	27	43	104	56	59	113	113	117	26	14	72	95	106	36	40	114	35	24	35	64	107	0	83	57	20	101	26	96	98	43	10	41	102	48	64	60	14	61	114	46	58	24	80	52	8	21	30	113	78	80	64	45	116	116	83	101	26	106	96	103	96	4	81	23	118	7	62	39	107	75	40	91	81	76	114	58	93	63	42	71	118	40	103	108	9	107	11	90	93	43	44	108	88	8	70	63	22	113	26	14	98	46	57	61	77	96	91	38	61	17	76	109	28	49	26	87	4	108	93	86	38	39	105	81	42	28	118	9	109	38	74	27	117	39	8	92	71	5	73	21	101	60	34	12	28	26	58	88	86	35	113	16	49	60	71	52	15	10	13	108	19	19	106	5	58	118	18	2	64	41	104	10	114	14	114	3	78	18	60	17	17	2	67	2	8	107	60	82	10	86	30	61	64	24	94	68	7	112	27	60	80	80	52	100	117	2	118	33	42	71	17	25	29	108	33	57	93	14	68	16	103	72	42	105	95	72	95	110	15	0	102	64	58	93	115	108	5	52	106	48	22	23	49	82	76	89	10	96	39	67	86	71	57	60	109	3	71	21	55	22	57	39	71	67	109	27	6	23	35	41	105	36	6	54	18	50	102	57	44	110	50	10	8	15	81	40	111	56	57	58	102	7	25	72	89	12	48	52	77	83	94	25	93	104	111	106	4	81	35	52	73	82	0	62	52	94	96	53	92	51	103	39	39	106	13	39	65	59	52	68	21	61	59	57	114	117	66	51	33	95	46	116	82	103	82	29	69	0	28	94	51	54	70	103	39	37	101	22	24	32	111	26	74	96	30	112	77	78	21	93	80	106	18	97	118	115	88	82	62	54	69	8	34	7	39	67	9	35	100	2	2	0	116	70	98	34	33	62	89	29	96	66	90	26	50	13	32	112	67	99	58	30	16	112	2	72	99	15	89	13	107	70	33	102	119	7	32	95	116	68	71	29	10	34	1	37	108	15	17	111	115	30	55	91	24	107	54	42	111	2	85	45	1	87	69	116	117	54	61	41	61	53	65	32	37	94	36	11	47	47	44	116	71	21	10	94	106	16	50	54	89	113	39	53	101	60	86	90	66	114	18	36	10	59	86	39	66	62	30	114	110	65	74	15	98	24	99	21	3	88	94	27	55	46	27	27	0	106	69	67	10	86	83	55	75	17	56	2	39	80	93	37	73	9	29	15	45	71	4	71	91	42	71	108	25	25	3	88	24	77	9	83	15	109	106	109	63	102	36	64	73	2	61	3	35	33	19	91	57	30	95	59	34	111	68	111	67	9	46	11	110	111	113	94	14	112	1	31	14	3	7	62	60	115	5	33	78	112	13	61	105	91	79	40	29	30	10	50	4	8	111	42	113	108	39	82	36	90	75	19	1	48	40	57	67	11	56	7	36	37	56	70	41	32	108	37	13	83	17	9	114	63	119	98	24	75	85	97	89	12	39	32	85	7	104	10	17	87	15	99	27	72	55	85	67	76	12	83	59	88	42	43	108	41	35	88	8	64	116	88	95	77	11	22	82	113	32	66	76	90	94	109	108	104	60	2	28	61	55	65	5	16	27	42	104	21	14	61	3	49	41	22	65	118	46	70	63	88	15	51	75	87	68	70	1	37	1	119	95	71	41	31	74	75	64	40	91	114	30	50	35	43	14	42	103	87	101	26	39	90	77	20	38	4	75	51	74	93	113	27	64	3	96	6	100	97	41	82	33	0	32	48	2	43	102	58	61	7	38	112	116	118	46	76	84	0	55	84	6	88	50	47	2	89	40	36	20	40	13	44	27	71	14	41	49	92	113	16	22	26	38	49	117	35	112	98	58	23	88	118	115	27	57	88	107	36	12	24	37	33	65	100	118	112	65	4	72	100	108	43	48	95	5	43	76	104	69	84	108	31	119	74	30	63	14	36	119	60	38	5	75	67	83	60	23	32	56	26	94	73	111	87	1	105	65	57	33	104	101	81	106	48	49	71	115	38	118	75	50	48	87	7	35	75	32	63	7	9	65	84	98	14	58	104	19	56	102	47	99	90	40	38	70	97	106	97	6	84	56	14	86	85	118	26	102	68	53	62	48	44	22	49	36	76	52	118	38	18	93	8	51	41	20	32	40	26	102	2	52	90	111	50	73	28	118	107	80	55	87	44	73	19	57	57	87	30	3	17	92	103	40	101	4	91	96	43	55	60	105	91	18	28	82	84	62	54	86	12	94	99	16	65	30	102	93	113	51	50	112	117	111	87	105	38	78	10	114	66	34	69	42	82	81	65	51	87	60	94	4	90	37	51	3	97	68	18	108	113	25	99	47	30	73	67	84	61	110	87	29	48	19	19	51	108	6	6	101	115	52	78	92	96	44	68	40	31	56	90	41	100	81	0	33	13	23	17	86	59	117	97	105	82	60	33	10	62	79	96	108	52	29	60	66	16	110	1	80	101	2	25	44	77	109	81	113	24	28	92	52	48	65	16	36	47	46	18	79	116	62	77	21	96	33	34	72	78	118	21	40	76	82	68	15	45	63	26	59	57	66	104	45	111	55	85	76	114	76	79	113	86	79	88	14	72	10	43	113	99	84	45	41	15	38	29	27	76	62	79	102	8	3	49	92	6	87	16	47	16	90	32	70	9	48	56	112	105	48	56	78	1	60	33	114	19	7	96	101	41	95	36	106	38	84	73	33	73	59	40	15	0	64	11	42	69	96	66	9	18	26	2	113	60	12	84	38	83	83	45	0	94	60	41	27	111	74	92	6	91	2	1	81	88	112	31	30	20	75	113	63	35	116	84	7	1	83	90	64	110	50	89	27	83	74	117	119	94	100	54	119	109	96	72	119	49	47	28	51	99	108	97	86	108	50	100	1	56	87	92	11	17	99	8	75	25	72	25	108	87	26	26	16	115	39	44	106	52	106	27	56	1	68	68	3	2	110	40	114	2	26	60	55	93	116	45	40	11	37	115	78	29	37	12	107	5	40	103	91	58	47	41	50	61	116	3	68	45	111	48	92	92	44	9	0	28	18	29	53	1	88	96	51	26	12	10	40	62	65	15	84	9	100	71	37	48	77	117	34	43	54	2	39	42	61	58	82	90	1	56	9	0	7	12	103	52	36	96	36	17	54	7	41	51	66	5	84	24	19	84	7	79	49	34	49	13	0	100	101	26	83	52	58	71	22	20	31	82	14	98	50	97	83	50	87	111	10	53	2	90	50	107	119	75	99	20	54	41	78	108	27	24	11	46	87	87	108	4	34	22	47	104	115	64	84	47	42	56	17	70	21	12	20	113	102	36	51	2	74	60	59	92	31	14	56	74	109	99	58	117	94	41	21	28	95	49	24	70	74	83	28	80	47	98	116	9	19	26	36	23	82	66	92	5	26	78	14	19	98	104	67	40	91	49	115	74	91	31	47	23	101	69	29	42	46	100	56	28	117	9	86	61	2	74	103	22	114	116	45	43	103	53	46	28	1	49	3	17	57	96	16	108	0	6	55	55	68	8	100	18	117	49	98	73	98	77	78	47	69	96	63	76	75	105	58	11	74	51	12	83	62	92	108	16	25	48	52	102	84	4	33	6	67	30	12	15	60	106	22	109	49	40	27	31	59	9	75	61	73	14	107	61	84	36	27	17	12	81	2	68	34	78	50	0	84	105	113	114	104	49	98	34	110	110	39	107	65	44	40	26	21	26	74	100	34	5	93	59	67	36	98	69	27	68	5	63	32	43	4	23	93	67	74	5	70	18	56	21	18	38	45	49	65	61	51	115	46	54	58	7	13	98	14	0	106	40	111	28	10	24	75	95	56	96	4	57	49	48	7	80	25	0	73	59	27	95	99	18	114	77	45	64	4	65	72	112	71	86	104	101	50	27	19	51	1	3	93	92	65	2	1	63	54	22	23	43	36	114	47	65	27	41	25	109	14	26	63	45	55	53	113	95	87	16	31	14	23	110	106	108	6	58	61	116	94	87	56	49	92	11	21	101	69	1	118	48	95	97	50	76	20	119	115	12	119	3	101	18	109	6	93	59	82	12	83	96	119	67	109	1	66	21	47	17	25	90	83	91	72	48	19	72	72	80	43	119	54	21	48	28	58	111	97	109	48	40	118	52	65	89	47	17	66	71	99	105	58	48	83	73	59	38	23	59	62	114	82	15	68	46	2	22	45	10	90	80	49	103	114	98	38	108	74	85	60	45	49	113	58	20	4	53	117	93	4	78	52	54	117	87	104	91	3	119	84	115	30	81	40	107	61	28	52	109	112	66	41	31	39	53	40	40	9	118	25	61	104	112	99	57	55	46	75	99	38	40	63	1	13	52	31	13	102	44	3	108	6	8	34	65	92	30	45	34	75	92	116	3	74	27	44	8	63	17	90	107	47	105	94	110	91	15	67	103	82	69	0	13	88	71	87	57	96	106	39	103	5	9	45	114	91	42	90	94	97	14	114	79	115	101	37	95	90	4	46	71	24	6	85	96	12	32	101	118	93	71	85	110	55	8	65	56	81	30	27	78	78	50	94	105	53	1	16	13	39	23	66	65	23	26	13	48	7	94	100	43	68	69	100	65	24	81	60	61	91	53	77	50	56	95	106	75	11	117	21	96	49	38	78	44	3	26	43	39	92	97	40	29	87	61	51	101	83	85	49	67	74	69	38	10	97	20	47	10	105	42	36	54	62	27	85	43	29	97	55	36	66	27	62	83	41	103	27	102	114	90	118	86	21	112	72	95	115	46	19	5	67	54	118	119	30	19	78	10	119	82	94	84	116	117	19	114	10	43	19	6	61	58	27	54	38	110	51	85	77	47	77	33	67	9	65	20	7	7	70	95	18	73	82	15	112	111	104	86	3	40	82	5	88	38	37	94	37	1	76	69	10	105	41	105	88	17	74	41	75	104	101	70	110	30	70	52	88	3	36	58	5	15	57	19	52	115	13	112	47	87	48	117	85	1	51	93	20	28	48	74	74	7	24	5	50	91	58	4	50	55	13	38	62	71	94	103	26	2	11	48	87	32	108	71	111	7	53	28	98	55	21	52	88	98	21	56	61	88	20	67	5	51	46	69	58	35	80	66	102	84	117	30	53	88	48	88	58	42	53	57	116	88	20	68	45	54	7	77	41	50	7	55	112	20	9	48	65	44	91	70	7	24	119	20	19	23	110	58	7	91	29	110	85	54	47	85	110	47	23	83	11	21	43	88	83	94	66	18	94	57	0	109	42	88	27	100	84	37	81	25	31	33	103	112	18	112	65	119	55	27	45	100	119	31	21	61	1	55	84	118	44	91	116	103	33	116	23	22	16	66	100	25	36	64	119	15	95	54	61	106	18	70	17	115	99	83	22	65	4	91	109	112	78	66	83	83	41	88	82	108	15	60	118	63	8	75	1	5	65	98	51	77	64	55	40	20	2	22	105	114	34	106	34	15	12	77	88	9	105	8	100	18	33	119	21	36	99	10	114	92	31	110	108	56	20	12	59	110	108	61	81	74	13	45	17	33	32	104	62	54	56	33	118	40	88	98	24	10	69	101	43	85	14	89	42	70	36	100	96	52	4	29	96	67	11	96	88	36	43	27	41	109	79	75	1	88	18	71	86	17	60	58	106	98	58	73	48	21	54	57	33	112	72	43	4	31	72	4	86	29	42	104	40	38	37	97	51	18	46	82	106	7	42	75	69	52	18	101	19	46	10	44	86	8	57	39	107	8	69	48	82	19	90	113	105	
19	18	4	16	4	17	20	17	12	3	20	15	11	13	16	15	4	15	14	18	10	6	19	13	13	20	4	13	15	10	13	3	20	20	1	13	9	3	7	6	3	10	12	4	15	11	15	8	15	17	19	16	7	9	18	19	8	3	9	19	8	17	17	9	7	3	14	11	10	7	2	8	18	5	6	10	17	6	11	11	11	17	1	18	13	20	14	9	4	7	15	10	10	17	1	4	7	11	4	18	16	19	10	19	15	17	8	10	11	3	11	14	19	13	12	10	16	17	15	1	17	3	2	10	17	1	18	4	8	8	3	10	4	16	20	3	16	14	16	14	15	4	1	7	5	15	11	2	12	19	17	18	7	1	2	14	9	7	16	1	14	18	16	3	16	18	14	13	3	8	4	19	16	7	19	16	8	13	4	12	8	5	16	3	18	8	15	4	18	6	3	11	14	5	9	9	13	1	14	3	18	16	10	10	17	10	19	10	20	5	18	2	10	13	8	10	6	4	17	7	4	14	3	6	14	1	15	20	7	9	10	10	18	16	20	17	8	2	20	14	20	17	9	6	17	13	13	6	19	4	4	3	11	11	4	2	19	6	19	4	11	18	15	2	12	17	20	17	3	4	5	18	14	3	13	6	1	15	10	18	13	14	20	20	7	17	3	11	5	4	7	1	15	16	10	7	14	11	9	2	20	2	8	8	9	17	5	20	2	18	5	8	12	9	17	17	17	19	14	9	20	19	12	19	16	15	5	9	10	3	18	17	5	17	4	18	8	13	7	18	3	17	5	3	16	17	3	12	7	7	6	4	20	13	15	6	18	16	11	20	17	15	11	6	9	8	9	19	3	3	18	15	17	14	6	7	6	17	3	15	17	1	14	10	6	8	19	20	14	19	1	9	19	18	18	12	20	10	18	12	12	9	16	3	3	3	18	15	19	14	5	3	7	18	5	9	14	16	1	18	3	10	7	4	10	9	7	2	13	1	8	18	18	15	8	1	3	5	12	12	16	19	4	16	10	15	2	17	14	13	15	6	1	19	7	11	5	5	8	5	10	5	7	8	9	7	13	11	11	4	2	18	18	2	4	9	18	18	8	3	15	12	18	7	13	5	8	12	2	7	3	9	12	6	19	20	9	3	15	6	13	13	13	1	1	10	5	12	18	17	10	13	2	3	6	1	17	12	2	13	11	9	2	2	20	16	8	13	18	13	9	3	19	14	14	17	1	15	19	15	16	10	6	8	9	3	15	4	14	3	9	4	14	12	15	4	4	19	15	15	4	16	13	20	7	12	7	18	10	9	14	16	11	15	18	16	14	12	2	8	4	12	13	19	14	5	16	11	13	19	2	1	11	15	2	15	20	19	1	8	20	16	14	2	3	9	4	6	11	6	1	9	19	14	17	12	18	6	11	15	11	8	14	13	11	16	19	6	9	19	1	13	13	2	10	5	11	4	1	15	14	12	8	2	7	6	14	1	7	9	11	4	3	7	14	8	8	11	8	14	9	3	4	6	11	2	16	9	10	5	6	5	12	2	14	12	9	8	11	8	13	16	1	12	2	12	15	11	7	14	14	3	11	11	11	3	9	12	5	14	14	7	5	13	3	6	14	14	16	16	11	1	4	5	10	15	2	9	1	11	9	4	13	8	9	13	7	4	8	2	13	13	10	12	13	1	5	8	2	6	16	8	4	2	1	14	8	9	2	1	9	7	11	11	5	2	7	10	16	10	11	9	5	1	13	9	8	2	13	4	1	10	6	7	8	3	7	5	16	14	8	9	14	1	3	6	13	11	1	3	12	6	11	4	13	4	9	6	4	5	5	13	3	13	14	2	4	15	2	13	13	10	9	9	9	5	1	14	6	1	7	2	10	14	9	3	12	1	4	13	13	3	9	5	4	7	16	7	13	4	14	16	6	4	2	2	16	5	16	3	14	3	11	15	2	7	14	12	15	2	8	14	8	9	2	11	3	5	16	7	4	1	8	14	10	15	2	4	7	7	4	2	14	9	9	8	8	7	6	8	3	11	9	13	2	2	9	5	5	6	11	11	15	1	10	4	12	9	9	16	15	10	10	13	12	13	3	16	14	3	11	4	15	6	10	12	7	15	8	9	9	10	6	4	6	10	5	11	8	6	12	3	7	4	1	1	8	7	13	13	13	13	13	13	13	14	9	5	7	11	2	2	9	12	9	15	14	1	9	9	12	1	11	15	8	1	9	15	8	11	10	14	2	10	4	6	7	13	13	12	1	5	7	1	7	15	12	4	15	6	13	12	14	10	4	14	1	14	4	14	8	15	1	9	3	10	12	15	14	13	12	12	4	6	10	2	2	8	3	2	7	9	10	7	1	10	9	10	16	15	9	10	6	11	2	14	10	13	15	2	1	12	2	4	7	4	12	6	7	1	5	11	4	2	7	7	13	1	8	15	6	4	14	10	11	8	6	5	12	9	11	14	10	6	15	1	16	2	1	9	14	8	13	6	4	1	14	15	10	15	10	11	5	9	7	16	5	15	9	10	3	15	9	4	10	14	6	6	12	12	4	7	11	10	11	3	9	10	8	8	13	5	16	6	15	6	13	16	14	1	12	10	14	14	3	9	13	3	1	12	1	4	7	11	13	7	16	5	14	16	1	9	3	8	9	15	16	3	6	7	13	11	12	6	16	10	8	8	16	16	7	2	14	15	8	16	4	10	5	5	9	15	7	11	4	4	9	15	2	15	4	14	3	1	13	16	13	13	7	1	12	16	8	14	6	13	4	11	8	12	12	15	16	2	5	15	12	2	1	2	16	8	5	15	11	9	7	14	16	10	5	4	4	14	8	14	15	12	3	12	15	9	12	9	2	5	12	12	8	14	5	1	13	11	5	15	1	5	6	11	5	11	9	15	11	11	6	14	11	1	4	7	3	5	3	4	14	10	6	12	9	8	3	3	12	7	12	10	9	14	12	10	1	14	9	7	2	13	11	2	15	11	1	10	2	12	2	5	4	1	1	10	6	14	12	10	11	1	4	13	7	7	4	8	11	14	11	8	3	15	7	10	5	16	3	10	10	8	10	16	6	4	5	14	10	9	9	6	13	16	10	10	5	2	7	12	4	15	8	7	8	14	8	1	2	4	15	3	6	2	14	3	5	8	16	15	5	4	15	10	14	2	12	9	1	4	12	1	12	6	14	11	3	4	8	1	14	5	11	10	9	9	4	9	8	14	12	15	8	4	3	13	3	16	3	7	12	2	1	3	15	15	16	9	3	6	7	3	5	1	10	4	12	7	7	2	10	16	16	9	14	9	2	11	15	9	9	8	11	10	16	9	12	1	10	5	3	13	11	14	2	7	16	6	15	10	13	7	15	13	15	6	3	8	7	13	1	10	4	11	4	13	12	12	1	14	7	4	2	7	5	8	2	6	10	12	12	15	10	12	14	2	13	11	15	2	6	9	9	4	5	16	11	11	11	3	2	1	13	14	7	11	14	7	1	11	7	16	2	5	10	12	12	10	7	8	12	8	13	13	8	4	14	6	10	14	4	3	16	1	4	11	6	1	7	1	14	1	5	16	15	14	13	6	7	4	8	11	9	14	15	14	11	13	16	7	5	9	11	11	1	14	1	7	12	3	9	14	4	8	2	3	13	11	14	7	9	2	9	6	14	4	2	10	16	4	1	10	1	8	13	16	4	11	6	15	14	9	13	14	16	5	2	4	8	2	1	13	3	15	10	3	14	5	14	7	11	1	9	6	2	9	12	1	2	14	8	1	7	10	2	7	8	7	10	2	11	12	12	15	3	1	8	13	11	6	10	16	1	8	4	3	6	6	13	15	6	8	1	1	10	5	12	8	10	1	14	6	2	13	13	11	3	14	10	4	11	12	13	4	7	14	5	12	13	11	5	12	11	3	7	15	11	11	7	9	7	4	8	5	2	9	7	14	9	2	15	16	6	8	16	15	1	12	2	2	16	10	6	6	15	3	9	11	2	3	6	2	7	5	2	5	4	13	1	5	10	16	7	7	8	8	8	2	10	1	8	5	16	3	15	12	4	4	10	9	2	3	9	10	11	5	13	16	15	3	2	16	6	13	13	13	12	11	7	6	4	8	4	1	14	8	13	7	8	4	10	4	8	7	6	8	7	12	7	4	5	10	12	12	5	16	11	1	1	10	5	13	1	16	8	3	12	6	7	14	9	7	3	14	2	3	11	12	9	16	13	10	2	11	2	6	1	9	16	12	9	8	12	13	3	6	4	5	12	1	12	13	8	13	7	2	13	13	15	3	11	3	4	15	10	16	9	2	6	5	16	9	14	9	13	14	11	5	15	3	16	4	5	11	2	12	15	2	2	7	11	6	5	9	10	9	11	2	16	14	1	14	11	13	9	9	13	7	9	11	9	4	12	6	3	13	2	10	11	2	4	9	10	7	2	10	11	5	1	6	2	14	14	3	16	10	10	16	6	16	15	2	10	10	7	8	1	7	9	12	7	5	15	13	14	9	15	3	11	15	7	1	11	8	6	2	7	8	5	5	4	12	3	8	13	16	1	15	15	1	11	5	6	4	5	9	11	10	3	8	13	8	16	13	10	5	10	11	14	4	15	16	2	9	11	15	12	6	16	15	3	13	12	4	9	16	1	4	9	16	15	1	16	7	15	10	15	8	13	1	7	2	7	3	12	5	6	9	4	5	7	13	9	2	12	8	15	15	11	11	1	2	4	1	12	15	12	8	5	6	5	6	16	4	9	15	9	5	1	14	9	7	9	15	5	4	6	16	2	16	10	7	8	2	9	2	15	7	6	9	1	1	13	1	2	5	12	14	5	6	5	9	2	7	14	12	6	11	3	5	11	4	10	8	7	5	6	14	6	15	4	3	8	13	4	16	9	3	2	7	13	8	16	11	11	5	11	1	4	14	1	13	11	12	7	9	16	13	3	7	1	1	15	5	2	9	7	15	3	5	16	10	16	13	7	10	16	8	11	14	13	3	8	3	6	14	8	7	6	9	2	9	6	1	14	10	5	3	16	8	6	8	5	9	13	3	8	7	2	7	14	5	3	3	5	15	16	9	16	4	10	13	5	7	16	15	7	2	6	14	9	13	9	6	1	12	11	13	6	2	10	13	6	15	3	7	13	10	11	7	10	4	7	1	9	9	15	15	1	12	10	4	16	11	3	13	2	15	4	11	9	7	4	12	1	5	5	6	9	11	14	9	6	7	14	3	3	2	5	12	1	16	6	9	8	3	7	5	1	3	8	3	13	12	1	2	6	16	15	7	8	9	3	12	6	16	10	16	8	3	4	10	1	9	10	8	7	1	3	12	15	2	10	15	1	16	6	1	8	15	8	5	11	16	10	7	16	6	10	4	15	3	6	3	11	2	2	3	12	13	2	6	14	2	12	15	12	4	3	15	16	5	1	5	4	13	16	5	6	4	12	16	9	7	14	13	4	9	10	4	4	3	6	4	14	9	6	8	15	4	5	7	1	4	4	10	1	14	1	7	15	2	5	9	9	16	1	4	6	15	9	7	6	8	11	4	1	4	5	2	4	5	16	6	9	15	3	3	13	7	14	16	3	13	13	14	11	7	11	11	1	16	11	7	10	3	6	7	4	12	15	4	8	10	13	10	6	10	3	6	8	10	15	13	16	9	2	9	16	14	12	4	9	13	8	6	6	15	3	6	4	11	3	16	16	13	1	8	8	3	13	14	7	13	7	6	7	5	8	8	16	16	12	10	1	7	1	9	7	14	13	10	8	7	5	4	1	5	16	15	1	15	8	5	5	1	2	7	1	5	11	10	13	4	11	13	8	5	8	5	9	15	3	9	11	10	2	4	1	11	2	16	3	1	8	7	13	8	14	14	6	1	3	8	10	15	16	15	6	12	11	5	8	11	13	15	9	13	9	11	10	2	10	14	11	1	9	9	6	11	14	7	4	15	6	6	15	2	6	9	16	1	11	5	7	5	13	11	7	7	10	16	3	1	3	5	7	16	16	7	2	4	14	9	5	10	6	14	3	15	1	13	14	6	13	5	12	15	16	14	3	1	13	1	12	6	11	1	9	8	2	10	2	16	12	12	1	6	4	10	14	15	15	15	8	3	14	6	1	5	7	8	2	10	4	9	9	3	12	7	14	10	4	8	12	6	6	2	13	7	11	1	13	10	2	13	12	13	1	4	11	3	5	9	6	14	9	1	7	2	2	15	7	13	7	3	1	11	9	14	11	15	1	14	16	9	2	10	16	9	1	16	1	9	13	15	7	8	13	8	7	3	2	1	8	16	11	3	5	2	4	12	2	16	13	6	2	14	9	6	7	2	13	6	5	9	11	4	3	3	7	15	6	13	14	14	2	2	12	2	10	12	6	6	10	7	11	4	4	4	6	11	11	6	14	2	1	2	16	6	5	10	8	2	1	11	1	4	1	6	5	3	12	1	2	4	2	8	2	13	8	9	12	15	3	14	15	12	2	13	12	5	14	7	1	7	6	7	2	4	2	6	10	7	3	15	14	5	12	4	16	10	1	3	13	3	9	11	10	5	5	9	2	15	9	14	16	10	16	5	13	15	13	12	1	7	15	9	11	15	14	11	15	4	2	2	10	11	3	11	11	14	4	2	8	15	5	4	10	14	14	5	16	3	12	1	3	3	6	4	4	8	7	10	15	14	2	14	4	3	12	11	15	7	6	6	4	6	13	13	10	11	9	5	4	6	2	13	4	12	1	16	10	11	9	2	11	15	15	16	13	9	3	6	16	14	15	10	7	16	13	1	1	8	11	9	13	9	8	1	15	5	8	14	6	6	13	7	13	9	12	2	1	10	5	9	9	8	14	12	9	5	8	8	10	12	1	4	2	1	8	7	3	1	7	5	1	11	15	3	7	11	10	4	4	2	6	4	16	11	6	14	9	8	12	3	3	10	13	3	9	14	5	2	10	11	11	16	12	14	1	15	16	16	3	6	1	13	14	16	12	12	3	11	1	1	1	4	6	9	1	3	3	2	2	3	15	12	11	11	14	13	10	3	15	5	5	5	8	1	5	6	10	1	3	9	12	14	10	12	9	3	4	14	15	2	1	4	1	12	10	15	4	9	3	2	11	7	9	13	5	13	3	8	9	9	10	12	4	7	15	4	4	2	5	12	13	12	3	6	9	14	9	4	11	1	12	3	1	16	7	13	9	16	14	16	16	12	10	3	11	8	12	7	16	3	15	8	14	7	1	10	13	14	16	9	16	2	6	15	15	1	6	3	12	1	13	7	14	12	10	8	3	14	15	9	2	2	7	2	5	2	7	8	8	7	9	3	10	2	11	6	12	3	13	7	6	16	2	6	16	11	9	3	5	2	15	11	14	8	9	16	11	6	11	8	2	15	4	16	2	6	1	12	6	8	2	10	15	1	12	4	11	8	15	9	12	7	4	3	14	9	1	13	8	4	14	13	7	4	16	16	3	10	13	10	1	3	13	13	6	7	7	11	4	7	10	9	9	6	6	16	16	5	12	16	9	10	12	15	15	11	16	2	14	15	3	12	4	14	1	1	13	15	6	6	12	3	6	9	5	15	11	6	2	9	1	3	2	14	2	15	12	8	3	15	4	1	12	9	5	14	9	1	14	1	11	14	12	5	5	2	15	11	5	7	1	3	12	16	7	4	13	9	10	1	6	8	16	8	4	8	1	16	15	3	10	10	10	13	6	3	15	13	5	7	14	4	7	16	6	10	11	13	5	9	2	2	8	16	3	6	16	14	1	14	4	13	1	13	7	9	12	14	10	13	6	7	9	10	4	13	2	15	3	6	7	12	9	11	12	4	11	1	10	6	14	13	5	3	15	9	8	8	3	4	12	2	12	14	11	6	3	2	6	14	4	3	15	7	11	9	5	7	13	11	4	10	7	8	6	10	16	15	1	9	8	13	14	15	13	9	13	14	15	16	1	3	16	6	6	16	2	2	2	13	11	15	7	2	6	16	11	3	1	15	8	14	1	12	2	15	6	13	8	10	6	16	14	6	4	7	2	14	1	8	1	1	16	2	6	14	9	15	10	2	15	2	16	4	2	10	10	5	10	6	4	12	4	13	13	16	4	3	10	13	16	14	10	15	2	10	1	4	16	6	15	13	3	14	1	3	16	13	5	10	7	4	2	8	1	14	11	1	11	1	16	4	9	1	15	12	14	5	14	10	10	1	11	12	3	5	5	4	11	5	7	8	2	13	7	3	15	2	16	15	6	16	3	12	4	12	2	14	8	11	12	3	5	4	1	12	7	15	8	3	10	12	2	3	12	11	12	16	12	6	3	1	16	1	3	6	10	5	9	3	9	3	4	9	11	4	2	6	1	11	13	6	11	2	16	3	13	13	1	15	2	4	15	14	10	16	15	15	2	11	7	14	9	9	11	5	2	12	3	10	15	3	16	2	12	4	2	10	16	1	7	15	10	6	1	6	9	12	3	12	1	8	4	4	11	1	14	15	8	16	10	15	11	7	12	11	7	8	14	12	15	8	15	10	9	13	13	2	12	11	16	14	10	15	14	3	16	1	2	10	5	12	10	7	16	16	6	4	8	1	4	12	12	11	15	13	5	10	16	5	7	9	10	6	10	14	8	15	15	7	7	12	1	13	1	13	16	3	1	12	16	2	7	8	16	15	7	16	9	6	10	4	4	7	15	11	1	1	13	2	16	15	8	3	4	7	2	13	5	11	16	6	16	1	12	13	6	6	8	13	15	9	2	10	3	4	4	3	12	3	8	11	5	16	16	12	10	16	4	8	14	6	11	6	4	8	12	6	4	7	7	10	11	8	1	7	2	3	12	5	15	9	3	11	10	6	9	12	3	12	14	4	6	7	16	16	12	8	7	11	7	16	6	2	5	8	13	2	1	9	15	1	3	16	5	6	4	10	1	16	9	16	2	5	6	6	13	4	5	7	10	2	14	13	7	8	10	3	11	3	6	2	15	16	6	1	8	16	12	16	11	5	4	5	11	5	16	4	10	7	11	4	16	15	2	5	8	1	10	13	5	3	10	13	2	12	2	8	15	2	8	2	9	4	7	6	8	16	14	7	13	7	13	5	8	8	5	2	5	2	3	7	1	16	15	14	3	9	12	1	7	3	13	16	12	5	7	8	10	6	11	7	6	1	2	13	6	9	3	11	9	10	8	15	7	9	10	8	1	3	8	14	1	2	7	12	16	10	9	9	8	10	16	2	7	2	12	4	9	15	9	1	5	11	11	5	3	11	5	10	9	2	14	15	3	15	6	1	10	10	9	14	3	11	4	9	3	3	15	9	8	16	15	4	4	16	6	3	12	15	1	2	5	9	9	12	8	11	11	14	5	3	14	11	8	2	13	9	11	15	6	14	9	6	2	7	7	1	15	8	5	14	2	2	6	13	4	7	16	7	10	9	2	8	7	4	1	4	3	12	10	8	16	5	12	8	5	2	15	1	12	14	9	4	2	4	8	13	9	12	8	11	4	2	3	13	11	10	2	9	2	13	3	13	8	1	16	6	14	11	5	3	12	6	9	16	8	3	15	2	15	15	11	9	7	14	13	1	3	1	5	6	12	1	15	6	13	14	10	12	15	12	12	6	9	15	2	14	15	11	11	10	10	8	12	1	12	7	7	13	5	10	5	7	13	8	12	6	7	14	1	5	16	2	5	4	1	15	2	8	12	5	7	16	3	4	1	11	13	13	11	3	4	2	14	15	2	3	7	14	11	6	13	6	4	8	3	9	11	7	4	6	11	4	10	13	13	8	15	11	13	2	12	12	11	4	7	5	10	1	10	10	5	1	8	3	14	7	4	15	9	2	14	2	14	16	11	7	2	1	11	3	16	8	2	16	16	11	4	3	5	6	9	2	15	14	16	2	6	7	6	12	12	4	10	13	11	4	9	2	9	3	16	9	16	13	1	4	5	6	15	15	13	16	13	4	16	13	9	11	10	4	5	8	10	10	4	10	4	8	13	12	9	10	5	6	15	5	1	14	1	6	16	7	13	6	11	15	1	13	8	14	16	10	16	7	7	7	16	5	9	4	8	9	2	10	12	3	14	7	6	5	10	15	15	7	7	12	5	16	7	1	8	3	14	7	12	1	9	11	7	1	3	9	9	13	3	16	13	7	1	5	14	15	15	10	3	2	5	1	10	4	13	3	7	7	16	10	15	9	4	2	6	11	6	13	4	2	8	1	8	3	16	7	4	6	8	8	1	9	14	8	8	16	6	13	14	12	2	8	16	2	6	4	14	3	13	3	9	7	14	13	12	8	16	3	11	5	5	9	7	13	6	4	9	15	5	5	12	8	15	2	9	13	15	5	5	4	16	12	9	9	4	16	4	8	12	3	7	4	14	15	11	15	8	14	14	9	5	2	14	12	3	6	3	7	8	12	13	12	14	15	11	8	10	9	6	3	1	1	2	15	12	8	3	16	6	4	14	12	11	4	10	9	6	14	4	8	8	16	2	1	1	14	5	13	16	4	15	12	6	12	10	4	7	7	10	10	7	15	4	11	7	2	15	12	2	7	7	2	16	1	3	2	7	4	16	14	3	13	15	8	2	9	10	14	4	14	4	6	16	2	4	16	4	14	2	3	13	1	2	1	2	10	7	14	8	1	5	8	1	9	4	16	1	10	8	1	12	3	7	12	12	13	12	6	15	14	3	14	1	9	2	4	6	5	3	13	7	14	6	7	16	4	13	5	2	15	5	7	12	5	6	14	14	4	16	7	6	13	1	6	1	11	14	8	16	14	9	10	12	9	1	4	5	12	12	7	6	14	10	11	14	10	10	11	7	4	16	15	15	9	1	15	8	7	13	11	9	3	14	10	14	10	6	8	15	3	12	7	13	3	7	7	13	16	7	16	5	14	5	5	5	4	6	16	5	12	15	12	6	15	3	7	15	16	4	2	9	3	8	3	9	9	3	6	15	12	6	11	3	16	9	11	15	5	16	5	7	16	12	9	12	11	4	1	10	12	12	11	12	16	8	5	5	15	2	9	8	12	16	14	7	14	13	13	13	9	12	10	10	10	4	9	3	3	14	14	2	15	8	14	9	13	2	6	8	2	5	10	6	4	1	11	14	7	13	4	16	7	12	4	11	4	12	4	9	16	8	5	2	1	13	15	5	4	9	14	5	4	7	13	4	2	8	7	2	1	7	16	2	6	7	11	5	2	3	10	15	7	11	13	16	4	14	10	13	15	10	16	15	10	9	16	9	6	13	4	2	8	2	14	4	10	9	16	9	10	5	10	11	15	9	14	5	11	12	10	13	13	15	11	9	14	5	15	10	13	5	12	16	16	11	15	10	6	
890	860	190	100	870	290	310	780	640	810	200	270	430	830	600	560	270	230	140	600	340	360	1000	590	440	140	530	430	300	150	330	330	970	220	140	280	950	780	250	420	840	140	870	870	580	370	960	790	280	750	220	300	400	720	880	650	580	450	430	860	910	420	680	340	540	640	460	130	990	780	180	550	180	130	220	790	870	940	460	190	540	730	880	920	650	940	980	510	210	820	190	940	140	1000	490	740	710	840	720	310	760	830	660	780	190	500	530	690	970	350	650	350	660	730	930	290	930	490	960	750	760	870	370	330	320	700	310	350	990	370	660	330	780	630	350	680	550	860	720	170	580	120	270	850	410	520	850	740	840	150	480	130	100	330	620	460	310	120	720	510	250	920	740	840	660	660	720	100	860	930	260	700	140	730	710	530	230	500	360	960	920	310	160	970	570	720	590	160	620	730	440	140	760	140	780	540	170	700	580	350	750	350	800	140	420	970	790	710	720	440	950	760	840	740	410	370	130	680	840	910	960	400	130	580	450	470	270	160	660	290	590	290	890	550	980	970	930	550	170	170	660	900	440	650	230	170	140	490	110	830	190	500	930	440	250	650	850	710	760	950	990	150	230	400	880	340	470	880	460	840	300	550	570	660	370	310	660	960	800	250	210	870	940	480	140	700	470	940	480	490	170	920	690	650	140	370	430	270	720	530	530	720	840	450	220	200	250	220	770	920	230	230	200	370	920	380	180	740	590	130	110	350	700	490	440	740	960	840	960	940	570	420	730	650	610	440	870	130	790	150	310	680	740	850	520	850	770	930	650	280	1000	710	380	440	710	120	640	610	640	170	840	180	510	980	830	990	110	820	600	680	650	670	290	100	540	460	190	430	510	270	950	500	260	740	550	750	920	910	760	710	550	590	780	670	790	580	210	170	100	380	440	170	430	850	440	380	570	570	1000	560	120	1000	670	330	230	840	580	440	710	510	500	300	340	290	200	520	220	700	610	580	460	210	180	940	770	740	230	910	520	840	340	120	850	600	410	490	600	270	480	480	230	750	790	160	920	280	860	760	830	770	290	420	360	250	840	280	820	520	730	170	450	520	150	200	840	140	450	100	530	100	510	980	510	940	150	510	750	700	290	680	770	690	350	890	840	730	680	220	880	260	240	830	580	680	510	860	320	620	960	370	160	340	680	320	710	270	260	630	740	660	330	240	200	800	730	130	970	820	720	730	840	120	580	380	890	490	790	300	260	280	960	500	460	300	200	280	980	700	470	560	930	300	250	550	230	100	860	990	130	670	240	250	940	180	200	660	690	110	840	560	800	120	650	440	750	980	150	220	530	420	870	340	730	710	150	830	940	560	680	950	220	380	230	650	400	520	950	980	950	450	990	830	260	380	200	410	160	640	630	120	340	510	670	250	100	130	960	190	550	540	370	940	380	930	720	160	110	390	260	450	820	210	340	120	490	440	660	350	610	930	720	130	970	730	400	750	130	110	950	260	100	900	620	780	550	210	970	340	180	840	560	680	960	730	670	690	600	380	990	600	270	300	260	250	250	180	250	690	760	770	550	550	210	900	250	100	300	170	760	190	570	290	390	770	560	700	140	350	680	150	170	280	780	670	800	870	150	360	770	120	120	940	300	390	690	180	120	870	950	660	390	650	550	540	480	590	580	670	130	550	700	680	380	480	340	940	660	310	100	510	560	560	410	130	450	700	430	700	500	690	370	590	970	260	440	890	700	360	930	720	1000	280	790	310	190	760	160	190	380	750	640	790	670	830	550	510	530	140	210	520	750	850	650	420	310	220	200	330	640	810	140	860	200	440	130	780	770	270	320	120	230	670	100	270	840	760	210	370	450	320	620	260	530	120	600	890	670	270	650	610	690	720	390	670	370	860	180	710	870	830	280	130	820	860	750	540	250	840	480	150	120	740	220	900	800	210	940	690	300	700	480	120	300	420	840	620	330	770	100	530	870	620	950	130	240	190	310	630	740	970	170	490	930	390	350	670	450	760	560	950	720	440	980	400	190	590	270	220	370	390	810	940	960	130	130	510	360	780	800	190	570	580	400	130	560	390	970	690	680	260	260	880	690	210	870	830	620	450	790	100	830	420	650	590	840	560	730	570	820	450	320	110	510	710	1000	320	660	980	910	590	420	450	740	900	380	550	250	860	560	520	340	230	100	780	500	380	460	170	210	460	210	540	710	420	590	620	380	790	470	890	330	250	310	430	660	130	900	420	840	990	870	270	910	860	1000	400	210	390	150	270	600	170	160	810	860	700	230	540	910	660	960	100	750	340	920	750	510	540	240	400	140	830	490	850	230	810	330	350	350	820	140	960	120	420	580	180	170	530	270	390	200	500	880	650	130	930	110	940	190	700	620	950	690	270	850	500	640	180	130	520	230	870	740	570	980	150	820	480	630	700	440	830	460	580	420	320	270	890	140	350	540	120	540	810	700	250	720	930	900	370	750	670	640	630	330	670	640	380	910	990	750	480	980	940	840	390	260	840	250	370	200	100	940	550	920	110	340	630	270	800	240	390	890	470	220	790	700	480	780	750	180	720	700	250	550	640	520	100	320	140	350	710	700	600	360	1000	540	130	900	510	780	930	220	560	720	560	750	760	450	170	310	620	230	610	820	320	140	640	380	380	500	460	660	910	630	610	370	710	530	670	450	790	680	520	820	590	520	290	150	280	100	530	690	880	690	230	770	890	700	390	390	550	990	180	350	510	890	940	380	850	440	250	500	860	540	110	310	140	220	810	420	810	840	330	290	590	240	840	430	810	800	970	780	190	320	500	570	260	890	850	170	420	750	740	530	600	200	110	170	260	370	230	840	600	400	280	190	860	710	930	120	830	460	720	320	150	850	230	860	570	450	350	940	870	600	300	200	440	690	670	360	210	440	310	550	310	460	180	500	120	930	380	240	710	190	580	340	680	710	370	340	450	190	920	300	600	620	930	810	880	400	200	360	750	640	940	740	160	790	560	350	830	330	970	750	880	950	310	830	160	330	300	610	500	870	770	980	920	700	370	630	180	990	640	310	590	470	770	160	590	720	640	800	530	430	900	660	720	320	770	920	520	570	500	540	560	580	440	200	850	960	270	270	820	840	570	420	660	740	990	960	250	320	490	460	480	800	530	670	150	650	370	600	420	880	510	220	240	470	810	460	260	660	970	110	610	140	240	190	130	880	180	700	130	910	150	910	790	620	280	510	290	840	370	910	820	330	320	370	580	400	300	930	990	190	240	220	500	450	350	210	850	920	820	530	420	450	190	820	220	410	990	570	860	270	980	680	370	860	250	570	550	460	720	730	330	220	360	250	530	100	160	760	580	890	900	670	180	850	630	850	840	920	230	330	370	920	220	400	740	800	490	630	890	640	160	560	210	950	980	300	670	250	150	570	910	270	520	210	950	840	540	680	970	670	370	440	980	570	740	980	940	130	290	520	860	860	830	410	110	760	900	710	430	570	770	200	840	750	390	980	360	390	850	340	340	400	550	190	940	770	960	330	920	370	820	760	150	840	130	990	140	580	810	860	760	710	570	560	380	340	130	490	940	740	840	290	710	890	650	830	180	740	490	740	160	820	890	460	380	500	720	710	520	610	660	450	580	180	810	920	1000	940	480	220	450	920	830	600	630	260	210	440	300	140	580	460	760	380	220	530	640	820	490	960	250	700	920	990	600	850	380	650	490	1000	960	250	990	160	660	960	550	830	240	980	530	490	230	390	440	980	460	330	430	290	530	500	890	330	590	640	1000	810	230	910	790	510	540	770	990	990	310	500	390	250	500	960	920	690	700	670	150	860	650	490	160	710	460	160	920	980	830	840	170	350	280	930	160	980	920	520	340	830	980	840	510	180	740	790	250	400	690	180	1000	180	980	240	930	580	550	810	500	730	600	440	700	830	880	420	670	480	550	480	560	140	870	770	850	710	510	660	200	770	550	720	360	570	990	220	860	920	620	190	380	300	960	820	670	230	510	480	430	570	640	290	880	400	570	790	590	900	170	920	440	190	1000	300	720	780	140	240	600	730	530	470	440	320	450	170	420	470	610	360	680	480	150	560	880	390	230	410	620	190	410	570	900	310	390	420	770	940	660	970	850	630	850	130	290	130	900	960	630	810	740	280	280	680	500	670	260	460	390	480	980	860	270	410	340	570	590	390	110	730	430	190	490	740	400	500	730	670	240	820	640	630	910	430	510	250	680	420	690	840	160	160	900	890	320	220	750	380	750	340	970	430	920	760	760	630	590	460	750	770	430	590	780	610	460	750	490	160	710	130	720	670	320	190	870	970	510	290	790	410	920	270	530	420	550	880	500	660	630	440	710	760	710	100	450	700	630	410	790	480	360	130	810	170	170	880	360	380	540	290	560	630	750	640	970	370	500	190	170	850	590	860	540	720	190	890	640	940	850	890	590	480	600	520	540	240	780	190	130	740	500	470	570	560	860	930	530	580	370	410	310	500	740	610	590	960	290	920	290	790	600	590	540	640	450	880	290	1000	840	760	190	540	990	860	320	890	720	520	830	180	180	710	390	290	180	770	160	290	870	710	170	660	970	820	290	100	290	860	380	840	330	730	770	530	400	650	220	1000	430	490	310	510	370	290	380	170	870	630	910	890	500	730	450	320	500	310	690	300	870	480	920	620	450	290	900	140	270	760	190	470	360	760	110	630	450	680	660	880	710	860	390	920	830	950	400	580	140	110	930	260	380	690	130	550	240	960	380	410	740	720	220	110	580	260	640	690	380	690	730	370	730	330	890	240	640	460	220	480	460	830	640	700	260	780	700	510	430	930	230	380	670	910	190	780	620	450	830	770	830	610	280	660	600	560	760	1000	800	460	910	730	220	930	740	770	710	330	660	880	540	290	280	760	860	240	280	320	770	120	220	580	540	650	620	260	760	880	120	430	420	250	410	480	280	790	780	680	110	980	970	740	290	310	130	150	800	520	570	210	760	390	690	390	440	960	290	130	690	220	230	110	430	700	440	630	330	120	170	570	690	500	650	730	430	540	840	160	720	300	100	100	400	680	570	640	220	750	630	650	440	670	930	590	190	180	180	440	990	310	690	670	320	900	170	290	170	140	640	550	810	820	910	740	820	660	350	470	630	390	760	580	560	230	220	780	290	530	890	770	250	270	160	370	390	640	410	970	460	880	670	750	500	170	690	350	320	460	420	140	420	190	340	680	920	140	340	260	370	190	890	100	590	330	650	180	880	250	740	320	490	150	170	460	680	780	400	910	750	730	510	200	900	920	610	970	750	610	950	290	950	860	390	560	740	940	330	560	140	680	330	130	810	130	680	170	550	950	230	340	390	760	580	180	490	990	230	950	930	220	630	1000	560	340	330	680	660	200	550	550	370	290	140	460	890	650	960	560	340	240	170	660	350	790	930	920	740	360	320	1000	760	880	260	420	440	830	740	470	150	290	400	380	240	290	500	480	690	460	990	160	680	770	190	230	840	720	380	150	560	820	340	830	990	710	190	910	150	710	410	470	280	970	940	640	190	550	520	380	230	540	180	670	360	520	240	500	650	750	980	310	780	690	340	110	570	560	140	410	680	980	290	270	170	530	420	180	220	360	320	940	590	380	450	410	420	370	400	930	540	340	540	210	400	380	310	300	210	840	250	710	690	120	750	530	380	350	350	790	380	560	1000	400	200	540	200	790	800	570	440	600	550	670	880	700	500	890	990	810	910	180	640	660	550	270	260	570	220	850	280	520	460	240	830	230	840	440	240	360	340	170	520	870	750	300	160	210	860	330	870	910	270	110	210	270	970	920	880	700	870	660	930	590	240	580	410	170	740	970	100	960	600	990	220	850	520	910	340	150	560	600	420	210	470	980	950	870	130	880	180	900	500	450	510	500	430	330	460	460	130	770	340	750	790	220	100	770	870	120	180	910	720	430	650	240	780	330	980	980	270	800	540	240	730	840	960	150	870	880	930	380	710	490	260	310	210	590	220	340	220	250	230	370	170	480	270	190	420	960	510	210	320	380	580	500	170	310	860	870	260	660	370	930	140	890	340	700	200	700	990	910	480	300	1000	180	160	530	450	580	170	180	150	720	850	750	550	440	220	910	910	300	660	770	480	820	890	530	740	580	870	720	360	270	410	310	160	820	730	970	130	670	300	170	120	500	630	960	840	480	180	900	380	820	760	910	760	940	940	100	280	820	190	750	260	520	860	500	240	890	360	450	740	950	830	270	550	640	340	440	610	900	720	360	190	540	470	260	650	910	170	450	100	770	130	730	410	590	990	390	600	750	1000	290	740	910	710	160	340	1000	340	930	320	290	570	250	140	900	720	500	800	790	150	370	180	280	680	920	230	100	750	360	910	150	830	550	510	370	910	240	630	580	820	770	150	870	470	390	260	970	830	890	560	740	730	470	740	260	540	220	410	950	930	200	440	920	230	900	740	290	390	210	560	1000	420	480	430	800	330	130	600	470	210	1000	310	810	870	470	570	160	870	730	910	270	560	280	350	380	540	230	630	800	210	530	220	930	570	650	670	500	720	640	800	920	840	730	550	140	800	170	680	290	920	660	670	450	990	620	430	760	470	150	260	870	620	410	810	780	340	810	940	310	700	250	760	320	320	470	540	540	680	440	580	760	390	960	780	450	680	760	470	530	720	120	320	570	950	600	860	330	410	420	200	340	580	870	910	900	960	490	670	350	420	470	950	220	700	370	370	210	870	320	690	320	460	480	760	650	350	970	320	750	750	320	570	960	970	190	310	140	500	410	540	800	370	770	410	940	690	360	720	270	960	980	210	650	290	710	490	570	760	730	100	720	280	720	480	830	970	370	710	900	730	450	130	820	480	580	640	850	490	970	360	780	760	900	800	200	150	120	260	990	790	120	760	930	150	990	230	320	890	560	300	740	700	200	680	980	480	200	740	520	430	300	520	690	450	600	320	180	710	520	430	410	620	800	380	720	220	930	790	150	790	730	920	190	410	1000	550	140	810	380	670	980	220	280	290	380	810	730	490	930	700	420	610	300	610	290	600	460	570	800	600	790	660	750	820	470	490	720	230	340	760	680	660	320	840	810	270	840	990	900	200	650	680	1000	800	640	390	960	320	500	130	430	730	530	100	770	810	130	230	220	610	430	520	400	760	180	300	920	560	300	560	760	170	800	180	940	650	910	120	430	650	630	930	280	810	550	460	690	330	690	290	510	380	750	290	620	760	870	540	710	530	850	680	870	370	220	960	730	360	610	630	660	670	450	300	390	820	760	800	760	110	980	600	230	660	120	800	490	300	110	930	420	280	100	270	610	400	540	840	980	320	380	400	400	210	750	380	880	660	190	390	210	860	950	140	950	170	340	280	240	980	130	950	240	380	250	340	480	650	990	960	130	370	760	280	860	770	650	200	730	340	930	820	170	200	390	450	490	400	520	210	130	510	210	160	770	370	800	620	380	980	690	510	970	390	140	220	110	140	290	810	160	290	380	670	1000	910	720	970	620	770	540	100	240	470	410	990	960	670	630	680	270	990	580	720	450	120	220	870	140	860	530	500	340	470	260	510	590	630	780	980	750	120	570	510	670	790	220	410	780	290	930	840	270	700	250	240	630	870	360	640	160	580	980	990	1000	780	440	320	170	710	920	290	640	330	550	570	450	620	680	990	230	640	430	480	480	780	270	800	170	310	450	840	770	1000	220	660	450	180	110	730	870	810	190	600	230	310	660	500	160	740	130	220	490	810	790	440	420	180	320	690	120	880	350	570	620	200	850	380	610	610	700	780	490	860	360	790	330	280	130	720	310	820	550	930	770	760	730	610	300	930	440	700	780	240	180	200	950	860	950	880	150	930	820	600	870	100	880	540	530	730	600	530	610	510	390	490	520	590	220	560	990	430	410	300	530	750	680	660	480	790	400	420	220	350	350	550	420	580	320	360	700	160	960	250	420	300	840	220	610	190	330	970	340	500	840	310	230	550	330	160	530	420	260	460	370	880	630	150	660	720	170	450	170	670	300	120	430	990	750	520	850	480	480	800	670	290	200	270	170	140	970	240	680	790	920	880	270	580	600	700	720	380	380	610	390	890	150	500	430	460	740	270	830	420	840	950	490	100	980	830	920	1000	750	510	870	690	950	790	690	300	260	160	560	560	560	600	880	540	350	340	150	460	700	880	200	880	260	310	930	520	320	300	430	610	940	350	440	270	810	400	410	330	560	620	350	470	610	930	630	520	630	170	480	300	920	550	610	910	550	990	540	830	370	950	410	550	200	670	830	540	660	920	590	470	700	610	700	800	760	630	960	390	250	670	270	920	310	150	110	810	920	700	550	160	320	700	820	480	980	710	390	390	430	180	370	430	170	220	660	360	370	520	650	480	320	470	500	250	560	600	820	470	780	520	450	190	730	420	470	340	270	320	880	740	710	300	860	420	470	450	640	350	540	810	270	290	400	770	780	600	100	580	440	150	790	410	120	800	360	470	970	290	650	680	260	850	610	190	330	120	400	180	630	420	130	380	310	180	390	370	610	830	420	660	730	830	320	980	980	250	930	980	610	720	880	240	400	670	470	710	810	350	580	660	660	340	220	400	340	940	980	810	500	880	360	1000	590	640	910	270	290	720	340	150	870	100	640	100	920	970	960	840	730	640	180	490	910	1000	870	530	370	960	560	760	160	910	780	840	940	500	820	450	930	610	100	180	790	300	1000	900	120	710	940	900	710	890	900	900	100	700	260	160	480	920	420	160	350	720	230	660	360	920	440	670	130	750	790	890	100	370	600	620	620	550	700	790	310	360	340	900	870	320	790	250	820	490	810	130	500	850	690	430	100	710	1000	940	240	760	540	530	170	280	580	300	880	240	500	860	780	120	610	670	660	750	410	750	560	190	820	530	420	270	600	710	160	310	670	360	690	350	480	440	980	350	360	560	770	510	560	890	290	980	370	130	440	140	510	470	990	570	220	300	330	400	220	230	770	970	900	130	160	980	670	250	770	510	400	200	320	170	370	760	300	190	630	880	210	170	600	920	720	970	370	750	760	850	770	820	100	570	300	410	610	230	790	450	150	890	860	770	750	120	890	980	390	540	640	240	380	670	310	160	190	450	540	480	570	100	340	230	460	240	860	900	300	850	510	500	190	140	450	130	160	710	360	850	650	460	530	940	470	880	540	100	340	870	330	1000	390	440	140	430	580	320	310	510	980	100	360	570	150	160	680	440	660	690	900	760	610	600	800	340	230	140	950	230	870	710	510	240	910	640	530	320	270	490	260	600	430	950	380	200	810	540	830	100	230	870	140	340	340	410	260	170	690	640	710	540	990	540	150	450	470	1000	100	170	200	730	700	800	680	510	380	900	850	570	480	850	910	870	830	100	390	260	910	370	860	1000	110	930	940	200	790	570	830	790	890	190	190	510	560	120	410	280	370	570	660	440	680	320	960	680	140	970	320	250	670	520	140	670	150	510	540	190	270	850	460	980	910	280	880	960	870	810	140	250	580	660	880	110	350	670	370	310	130	700	990	490	140	190	750	420	350	250	560	690	710	960	430	700	670	900	690	490	630	150	940	310	920	200	390	610	210	720	830	850	950	830	930	550	810	160	630	680	150	120	590	480	840	900	1000	960	210	500	130	510	220	890	210	740	340	610	270	230	110	540	180	570	560	760	500	860	700	230	360	510	430	130	260	960	710	970	460	260	210	100	370	640	360	150	590	650	330	200	730	950	740	130	780	870	670	580	1000	510	390	510	310	560	840	930	620	190	560	180	440	350	420	220	980	430	300	150	130	510	240	340	850	600	930	350	430	340	760	400	270	850	550	850	440	170	120	400	940	910	120	570	520	250	500	250	970	470	610	220	850	270	510	850	150	130	970	370	840	310	360	720	490	890	420	840	620	540	870	1000	140	740	1000	470	860	310	760	650	290	350	960	100	570	320	790	280	480	810	980	910	970	670	770	630	270	590	570	940	260	300	780	550	890	480	920	420	230	670	220	440	520	880	800	530	580	830	810	340	160	930	790	800	210	470	710	880	470	450	410	850	140	750	250	320	990	630	160	330	870	400	800	330	620	680	640	860	100	860	170	460	980	970	900	500	640	160	900	430	230	210	140	240	990	360	700	1000	480	870	220	920	260	330	390	880	270	310	910	240	310	260	680	970	930	600	680	280	350	880	320	180	120	990	960	340	400	550	990	530	180	100	710	110	340	490	570	300	610	940	110	390	500	350	120	930	400	840	480	390	520	410	970	320	260	900	770	350	160	960	600	860	160	790	160	130	520	660	790	370	900	430	550	920	800	980	810	120	130	840	530	490	110	950	890	340	450	160	750	820	120	650	570	890	110	700	150	530	100	550	230	300	670	130	210	650	870	110	620	710	500	370	290	510	750	200	730	550	980	550	910	480	210	560	230	210	950	460	530	890	190	290	270	250	740	960	190	340	770	110	570	700	190	380	590	370	590	660	630	970	650	660	240	630	330	620	350	310	260	500	300	330	360	780	570	670	450	870	680	510	920	760	450	810	210	970	120	540	600	150	620	890	440	620	970	330	480	650	700	920	130	110	600	320	220	720	620	860	660	750	730	840	390	880	110	550	630	710	460	620	830	460	550	860	500	230	810	880	870	120	600	240	220	920	790	480	230	970	340	340	680	320	630	330	130	240	590	340	480	780	540	790	230	740	390	810	210	260	510	460	780	210	680	150	240	270	290	180	740	320	840	670	780	150	760	950	660	460	640	290	940	160	660	100	890	200	750	530	330	330	160	960	480	140	880	190	590	400	900	640	310	890	250	150	280	960	610	770	460	260	870	980	910	130	710	720	150	870	790	130	990	310	500	660	510	360	780	120	640	590	430	280	580	590	790	250	650	570	940	790	210	210	220	270	300	540	240	440	480	510	640	650	440	640	450	590	700	170	110	550	850	890	320	890	840	230	650	390	420	670	780	350	890	230	370	430	910	570	390	810	220	260	890	430	350	790	720	930	250	850	540	100	880	840	650	820	820	760	320	970	920	1000	830	130	890	790	560	900	310	780	890	730	640	840	190	880	220	560	160	820	390	830	890	110	120	570	880	770	190	770	550	1000	890	510	170	160	990	450	270	390	590	530	160	750	430	340	370	700	1000	460	160	320	580	290	660	240	750	780	700	110	930	160	690	140	250	250	360	240	950	910	340	280	560	560	130	540	520	870	800	970	980	930	990	200	690	370	530	430	870	170	230	660	870	600	900	690	960	610	880	290	720	400	190	210	270	300	120	330	360	380	720	260	950	250	750	350	120	760	810	270	160	530	150	160	200	630	510	860	500	390	230	360	150	840	740	900	710	290	670	210	360	300	600	380	990	200	370	210	570	130	610	950	170	280	320	550	440	770	340	780	890	230	950	680	
100
