4998
120
3
70
0	0	0	0	0	0	0	0	0	0	0	0	48	0	0	0	0	0	0	0	0	0	0	0	0	0	0	0	0	0	0	0	0	0	0	0	0	0	0	0	0	0	0	0	0	0	0	0	0	0	0	0	0	0	0	0	0	0	0	0	0	0	0	0	48	0	0	0	0	0	0	0	0	0	0	0	0	0	0	0	0	0	0	0	0	0	0	0	0	0	0	0	0	0	0	0	0	0	48	0	0	0	0	0	0	0	0	0	0	0	0	0	0	0	0	0	0	0	0	0	
0	0	0	0	0	0	0	0	0	0	0	0	0	0	0	0	0	0	0	0	0	0	0	0	0	0	0	0	0	0	0	0	0	0	0	0	0	0	0	0	0	0	0	0	0	0	0	0	0	48	0	0	0	0	0	0	0	0	0	0	0	0	0	0	0	48	0	0	0	0	0	48	0	0	0	0	0	0	0	0	0	0	0	0	0	0	0	0	0	0	0	0	0	0	0	0	0	0	0	0	0	0	0	0	0	0	0	0	0	0	0	0	0	0	0	0	0	0	0	0	
0	0	0	0	48	0	0	0	0	0	0	0	0	0	0	0	0	0	0	0	0	0	0	0	0	0	0	0	0	0	0	0	0	0	0	0	0	0	0	0	0	48	0	0	0	0	0	0	0	0	0	0	0	0	0	0	0	0	0	0	0	0	0	0	0	0	0	0	0	0	0	0	0	0	0	0	0	0	0	0	0	0	0	0	0	0	0	0	0	0	0	0	0	0	0	0	0	0	0	0	0	0	0	0	0	0	0	0	0	0	0	48	0	0	0	0	0	0	0	0	
0	0	0	0	0	48	0	0	0	0	0	0	0	0	0	0	0	0	0	0	0	0	0	0	0	0	0	0	0	0	0	0	0	0	0	0	0	0	0	0	0	0	0	0	0	0	0	0	0	0	0	0	0	0	0	0	0	0	0	0	48	0	0	0	0	0	0	0	0	0	0	0	0	0	0	0	0	0	0	0	0	0	0	0	0	0	0	0	0	0	0	0	0	0	0	0	0	0	0	0	0	0	48	0	0	0	0	0	0	0	0	0	0	0	0	0	0	0	0	0	
0	0	48	0	0	0	0	0	0	0	0	0	0	0	0	0	0	0	0	0	0	0	0	0	0	0	0	0	0	0	0	0	0	0	0	0	0	0	0	0	0	0	0	0	0	0	0	0	0	0	0	0	0	0	0	0	0	0	0	0	0	0	0	0	0	0	0	0	0	0	48	0	0	0	0	0	0	0	0	0	0	0	0	0	0	48	0	0	0	0	0	0	0	0	0	0	0	0	0	0	0	0	0	0	0	0	0	0	0	0	0	0	0	0	0	0	0	0	0	0	
0	0	0	48	0	0	0	0	0	0	0	0	0	0	0	0	0	0	0	0	0	0	0	0	0	0	0	0	0	0	0	0	0	0	0	0	0	0	0	0	0	0	0	0	0	48	0	0	0	0	0	0	0	0	0	0	0	0	0	0	48	0	0	0	0	0	0	0	0	0	0	0	0	0	0	0	0	0	0	0	0	0	0	0	0	0	0	0	0	0	0	0	0	0	0	0	0	0	0	0	0	0	0	0	0	0	0	0	0	0	0	0	0	0	0	0	0	0	0	0	
0	0	0	0	0	0	0	0	0	0	0	0	0	0	0	0	0	0	48	0	0	0	0	0	0	48	0	0	0	0	0	0	0	0	0	0	0	0	0	0	0	0	0	0	0	0	0	0	0	0	0	0	0	0	0	0	0	0	0	0	0	0	0	0	0	0	0	0	0	0	0	0	0	0	0	0	0	0	0	0	0	0	0	0	0	0	0	0	0	0	0	0	0	48	0	0	0	0	0	0	0	0	0	0	0	0	0	0	0	0	0	0	0	0	0	0	0	0	0	0	
0	0	0	0	0	0	0	0	0	0	0	0	0	0	0	0	0	0	0	0	0	0	0	0	0	0	0	0	0	0	0	0	0	0	0	0	0	0	0	0	0	0	0	48	0	0	0	0	0	0	0	48	0	0	0	0	0	0	0	0	0	0	0	0	0	0	0	0	0	0	0	0	0	0	0	0	0	0	0	0	0	0	0	0	0	0	0	0	0	0	0	0	0	0	0	0	0	0	0	0	0	0	0	0	0	0	0	0	0	0	0	0	0	0	48	0	0	0	0	0	
0	0	0	0	0	0	0	0	0	0	0	0	0	0	0	0	0	0	0	0	0	0	0	0	0	0	0	0	0	0	0	0	0	0	0	0	0	0	0	0	0	0	0	0	0	0	0	0	0	0	0	0	0	0	0	0	0	0	0	0	0	0	0	0	0	0	0	0	0	0	0	0	0	0	0	0	0	0	0	0	0	0	0	0	0	0	0	0	0	0	0	0	48	0	48	0	48	0	0	0	0	0	0	0	0	0	0	0	0	0	0	0	0	0	0	0	0	0	0	0	
0	0	0	0	0	0	0	0	0	0	0	0	0	0	0	0	0	0	0	0	0	0	0	48	0	0	0	0	0	0	0	0	0	0	0	0	0	0	0	0	0	0	0	0	0	0	0	0	0	0	0	0	48	0	0	0	0	0	0	0	0	0	0	0	0	0	0	0	0	0	0	0	0	0	0	0	0	0	48	0	0	0	0	0	0	0	0	0	0	0	0	0	0	0	0	0	0	0	0	0	0	0	0	0	0	0	0	0	0	0	0	0	0	0	0	0	0	0	0	0	
0	0	0	0	0	0	0	0	0	0	0	0	48	0	0	0	0	0	0	48	0	0	48	0	0	0	0	0	0	0	0	0	0	0	0	0	0	0	0	0	0	0	0	0	0	0	0	0	0	0	0	0	0	0	0	0	0	0	0	0	0	0	0	0	0	0	0	0	0	0	0	0	0	0	0	0	0	0	0	0	0	0	0	0	0	0	0	0	0	0	0	0	0	0	0	0	0	0	0	0	0	0	0	0	0	0	0	0	0	0	0	0	0	0	0	0	0	0	0	0	
0	0	0	0	0	0	0	0	0	0	0	0	0	0	0	0	0	0	0	0	0	0	0	0	0	0	0	0	0	0	0	0	0	0	0	0	48	0	0	0	0	0	0	0	0	0	0	0	0	0	0	0	0	0	48	0	0	0	0	0	0	0	0	0	0	0	0	0	0	0	0	0	0	0	0	0	0	0	0	0	0	0	0	0	0	0	0	0	0	0	0	0	0	0	0	0	0	0	0	0	0	0	0	0	0	0	0	0	0	0	0	0	0	0	0	48	0	0	0	0	
48	0	0	0	0	0	0	0	0	0	48	0	0	0	0	0	0	0	0	0	0	0	0	0	0	0	0	0	0	0	0	0	0	0	0	0	0	0	0	0	0	0	0	0	0	0	0	0	0	0	0	0	0	0	0	0	0	0	0	0	0	0	0	0	48	0	0	0	0	0	0	0	0	0	0	0	0	0	0	0	0	0	0	0	0	0	0	0	0	0	0	0	0	0	0	0	0	0	0	0	0	0	0	0	0	0	0	0	0	0	0	0	0	0	0	0	0	0	0	0	
0	0	0	0	0	0	0	0	0	0	0	0	0	0	0	0	0	0	0	0	0	0	0	0	0	0	0	0	0	0	0	0	0	0	0	0	0	0	0	0	0	0	0	0	0	0	0	0	0	0	48	0	0	0	0	0	0	48	0	0	0	0	0	0	0	0	0	0	0	0	0	0	0	0	0	0	0	0	0	0	0	0	0	0	48	0	0	0	0	0	0	0	0	0	0	0	0	0	0	0	0	0	0	0	0	0	0	0	0	0	0	0	0	0	0	0	0	0	0	0	
0	0	0	0	0	0	0	0	0	0	0	0	0	0	0	0	0	0	0	0	0	0	0	0	0	0	0	0	0	0	48	0	0	0	0	0	0	0	0	48	0	0	0	0	0	0	0	0	0	0	0	0	0	0	0	0	0	0	0	0	0	0	0	0	0	0	0	0	0	0	0	0	0	0	0	0	0	0	0	0	0	0	0	0	0	0	0	0	0	0	0	0	0	0	0	0	0	0	0	0	0	0	0	0	0	0	0	0	0	0	0	0	0	0	48	0	0	0	0	0	
0	0	0	0	0	0	0	0	0	0	0	0	0	0	0	0	0	0	0	0	0	0	0	0	0	0	0	0	0	0	0	0	0	48	0	0	0	0	0	0	0	0	0	0	0	0	0	0	0	0	0	0	0	0	0	0	0	0	0	0	0	0	0	0	0	0	48	0	0	0	0	0	0	0	0	0	0	0	0	0	0	0	0	0	0	0	0	0	0	0	0	0	0	0	0	0	0	0	0	0	0	0	0	0	0	0	0	48	0	0	0	0	0	0	0	0	0	0	0	0	
0	0	0	0	0	0	0	0	0	0	0	0	0	0	0	0	0	0	0	0	0	0	0	0	0	0	0	0	0	0	0	0	0	0	0	0	0	0	0	0	0	0	0	0	0	0	0	0	0	0	0	0	48	0	0	0	0	0	0	0	0	0	0	0	0	0	0	0	0	0	0	0	0	0	0	0	0	0	0	48	0	0	0	0	0	0	0	0	0	0	0	0	0	0	0	0	0	0	0	0	0	0	0	0	0	0	48	0	0	0	0	0	0	0	0	0	0	0	0	0	
0	0	0	0	0	0	0	0	0	0	0	0	0	0	0	0	0	0	0	0	0	0	0	0	0	0	0	0	0	48	0	0	0	0	0	0	0	0	0	0	0	0	0	0	0	0	0	0	0	0	0	0	0	0	0	0	0	0	0	0	0	0	0	0	0	0	0	0	0	0	0	0	0	48	0	0	0	0	0	0	0	0	0	0	0	0	0	0	0	0	0	48	0	0	0	0	0	0	0	0	0	0	0	0	0	0	0	0	0	0	0	0	0	0	0	0	0	0	0	0	
0	0	0	0	0	0	48	0	0	0	0	0	0	0	0	0	0	0	0	0	0	0	0	0	0	48	0	0	0	0	0	0	0	0	0	0	0	0	0	0	0	0	0	0	0	0	0	0	0	0	0	0	0	0	0	0	0	0	0	0	0	0	0	0	0	0	0	0	0	0	0	0	0	0	0	0	0	0	0	0	0	0	0	0	0	0	0	0	0	0	0	0	0	48	0	0	0	0	0	0	0	0	0	0	0	0	0	0	0	0	0	0	0	0	0	0	0	0	0	0	
0	0	0	0	0	0	0	0	0	0	48	0	0	0	0	0	0	0	0	0	0	0	48	0	0	0	0	0	0	0	0	0	0	0	0	0	0	0	0	0	0	0	0	0	0	0	0	0	0	0	0	0	0	0	0	0	0	0	0	48	0	0	0	0	0	0	0	0	0	0	0	0	0	0	0	0	0	0	0	0	0	0	0	0	0	0	0	0	0	0	0	0	0	0	0	0	0	0	0	0	0	0	0	0	0	0	0	0	0	0	0	0	0	0	0	0	0	0	0	0	
0	0	0	0	0	0	0	0	0	0	0	0	0	0	0	0	0	0	0	0	0	0	0	0	0	0	0	0	0	0	0	0	0	0	0	0	0	0	0	0	0	0	0	0	0	0	0	0	0	0	0	0	0	0	0	0	0	0	0	48	0	0	48	0	0	0	0	0	0	0	0	0	0	0	0	0	0	0	0	0	0	0	0	0	0	0	0	0	0	0	0	0	0	0	0	0	0	0	0	0	0	0	0	0	0	0	0	0	0	0	0	0	0	0	0	0	0	0	0	48	
0	0	0	0	0	0	0	0	0	0	0	0	0	0	0	0	0	0	0	0	0	0	0	0	0	0	0	0	0	48	0	0	0	0	0	0	0	0	0	0	0	0	0	0	0	0	48	0	0	0	0	0	0	0	0	0	0	0	0	0	0	0	0	0	0	0	0	0	0	0	0	0	0	48	0	0	0	0	0	0	0	0	0	0	0	0	0	0	0	0	0	0	0	0	0	0	0	0	0	0	0	0	0	0	0	0	0	0	0	0	0	0	0	0	0	0	0	0	0	0	
0	0	0	0	0	0	0	0	0	0	48	0	0	0	0	0	0	0	0	48	0	0	0	0	0	0	0	0	0	0	0	0	0	0	0	0	0	0	0	0	0	0	0	0	0	0	0	0	0	0	0	0	0	0	0	0	0	0	0	48	0	0	0	0	0	0	0	0	0	0	0	0	0	0	0	0	0	0	0	0	0	0	0	0	0	0	0	0	0	0	0	0	0	0	0	0	0	0	0	0	0	0	0	0	0	0	0	0	0	0	0	0	0	0	0	0	0	0	0	0	
0	0	0	0	0	0	0	0	0	48	0	0	0	0	0	0	0	0	0	0	0	0	0	0	0	0	0	0	0	0	0	0	0	0	0	0	0	0	0	0	0	48	0	0	0	0	0	0	0	0	0	0	48	0	0	0	0	0	0	0	0	0	0	0	0	0	0	0	0	0	0	0	0	0	0	0	0	0	0	0	0	0	0	0	0	0	0	0	0	0	0	0	0	0	0	0	0	0	0	0	0	0	0	0	0	0	0	0	0	0	0	0	0	0	0	0	0	0	0	0	
0	0	0	0	0	0	0	0	0	0	0	0	0	0	0	0	0	0	0	0	0	0	0	0	0	0	0	0	0	48	0	0	0	0	0	0	0	0	0	0	0	0	0	0	0	0	0	0	0	0	0	0	0	0	0	0	0	0	0	0	0	0	0	0	0	0	0	0	0	0	0	0	0	0	0	0	48	0	0	0	0	0	0	0	0	0	0	0	0	0	0	0	0	0	0	0	0	0	0	0	0	0	0	0	0	0	0	0	0	48	0	0	0	0	0	0	0	0	0	0	
0	0	0	0	0	0	48	0	0	0	0	0	0	0	0	0	0	0	48	0	0	0	0	0	0	0	0	0	0	0	0	0	0	0	0	0	0	0	0	0	0	0	0	0	0	0	0	0	0	0	0	0	0	0	0	0	0	0	0	0	0	0	0	0	0	0	0	0	0	0	0	0	0	0	0	0	0	0	0	0	0	0	0	0	0	0	0	0	0	0	0	0	0	0	0	0	0	0	0	0	0	0	0	0	0	0	0	0	48	0	0	0	0	0	0	0	0	0	0	0	
0	0	0	0	0	0	0	0	0	0	0	0	0	0	0	0	0	0	0	0	0	0	0	0	0	0	0	0	0	0	0	48	0	0	0	0	0	0	0	0	0	0	0	0	0	0	0	0	0	0	0	0	0	0	0	0	0	0	0	0	0	0	0	0	0	0	0	0	48	0	0	0	48	0	0	0	0	0	0	0	0	0	0	0	0	0	0	0	0	0	0	0	0	0	0	0	0	0	0	0	0	0	0	0	0	0	0	0	0	0	0	0	0	0	0	0	0	0	0	0	
0	0	0	0	0	0	0	0	0	0	0	0	0	0	0	0	0	0	0	0	0	0	0	0	0	0	0	0	0	0	0	0	0	0	0	48	0	0	0	0	0	0	0	0	0	0	0	0	0	0	0	0	0	0	0	0	0	0	0	0	0	0	0	0	0	0	0	0	0	0	0	0	0	0	0	0	0	0	0	0	48	0	0	0	0	0	0	0	0	0	0	0	0	0	0	0	0	0	0	0	0	48	0	0	0	0	0	0	0	0	0	0	0	0	0	0	0	0	0	0	
0	0	0	0	0	0	0	0	0	0	0	0	0	0	0	0	0	0	0	0	0	0	0	0	0	0	0	0	0	0	0	0	0	0	0	0	0	0	0	0	0	0	0	0	0	0	0	0	0	0	0	0	0	0	0	0	48	0	0	0	0	0	0	0	0	0	0	0	0	0	0	0	0	0	0	0	0	0	0	48	0	0	0	0	0	0	0	0	0	0	0	0	0	0	0	0	0	0	0	0	0	0	0	0	0	0	48	0	0	0	0	0	0	0	0	0	0	0	0	0	
0	0	0	0	0	0	0	0	0	0	0	0	0	0	0	0	0	48	0	0	0	48	0	0	48	0	0	0	0	0	0	0	0	0	0	0	0	0	0	0	0	0	0	0	0	0	0	0	0	0	0	0	0	0	0	0	0	0	0	0	0	0	0	0	0	0	0	0	0	0	0	0	0	0	0	0	0	0	0	0	0	0	0	0	0	0	0	0	0	0	0	0	0	0	0	0	0	0	0	0	0	0	0	0	0	0	0	0	0	0	0	0	0	0	0	0	0	0	0	0	
0	0	0	0	0	0	0	0	0	0	0	0	0	0	48	0	0	0	0	0	0	0	0	0	0	0	0	0	0	0	0	0	0	0	0	0	0	0	0	48	0	0	0	0	0	0	0	0	0	0	0	0	0	0	0	0	0	0	0	0	0	0	0	0	0	0	0	0	0	0	0	0	0	0	0	0	0	0	0	0	0	0	0	0	0	0	0	0	0	0	0	0	0	0	0	0	0	0	0	0	0	0	0	0	0	0	0	0	0	0	0	0	0	0	48	0	0	0	0	0	
0	0	0	0	0	0	0	0	0	0	0	0	0	0	0	0	0	0	0	0	0	0	0	0	0	0	48	0	0	0	0	0	0	0	0	0	0	0	0	0	0	0	0	0	0	0	0	0	0	0	0	0	0	0	0	0	0	0	0	0	0	0	0	0	0	0	0	0	0	0	0	48	0	0	0	0	0	0	0	0	0	0	0	0	0	0	0	0	0	0	0	0	0	0	0	0	0	0	0	0	0	0	0	0	0	0	0	48	0	0	0	0	0	0	0	0	0	0	0	0	
0	0	0	0	0	0	0	0	0	0	0	0	0	0	0	0	0	0	0	0	0	0	0	0	0	0	0	0	0	0	0	0	0	0	0	0	0	0	0	0	0	0	0	0	0	0	0	0	0	0	0	0	0	0	0	0	0	0	0	0	0	0	0	0	48	0	0	0	0	0	0	0	0	0	0	0	0	0	0	0	0	0	0	0	0	0	48	0	0	0	0	0	0	0	0	0	0	0	0	0	0	0	0	0	0	0	0	0	0	0	0	0	0	0	0	0	0	0	0	48	
0	0	0	0	0	0	0	0	0	0	0	0	0	0	0	48	0	0	0	0	0	0	0	0	0	0	0	0	0	0	0	0	0	0	0	0	0	0	0	0	0	0	0	0	0	0	0	0	0	0	0	0	0	0	0	0	0	0	0	0	0	0	0	0	0	0	0	0	0	0	0	48	0	0	0	0	0	48	0	0	0	0	0	0	0	0	0	0	0	0	0	0	0	0	0	0	0	0	0	0	0	0	0	0	0	0	0	0	0	0	0	0	0	0	0	0	0	0	0	0	
0	0	0	0	0	0	0	0	0	0	0	0	0	0	0	0	0	0	0	0	0	0	0	0	0	0	0	0	0	0	0	0	0	0	0	0	0	0	0	0	0	0	0	0	0	0	0	0	0	0	0	0	0	0	0	0	0	0	0	0	0	0	0	0	0	0	0	0	0	0	0	0	0	48	0	0	0	0	0	0	0	0	0	0	0	0	0	0	0	0	0	48	0	0	0	0	0	0	0	0	0	0	0	0	0	0	0	0	0	0	0	0	0	48	0	0	0	0	0	0	
0	0	0	0	0	0	0	0	0	0	0	0	0	0	0	0	0	0	0	0	0	0	0	0	0	0	0	48	0	0	0	0	0	0	0	0	0	0	0	0	0	0	0	0	0	0	0	0	0	0	0	0	0	0	0	0	0	0	0	0	0	0	0	0	0	0	0	0	0	0	0	0	0	0	0	0	0	0	0	0	48	0	0	0	0	0	0	0	0	0	0	0	0	0	0	0	0	0	0	0	0	48	0	0	0	0	0	0	0	0	0	0	0	0	0	0	0	0	0	0	
0	0	0	0	0	0	0	0	0	0	0	48	0	0	0	0	0	0	0	0	0	0	0	0	0	0	0	0	0	0	0	0	0	0	0	0	0	0	0	0	0	0	0	0	0	0	0	0	0	0	0	0	0	0	0	0	0	0	0	0	0	0	0	0	0	0	0	0	0	0	0	0	0	0	0	48	0	0	0	0	0	0	0	0	0	0	0	0	0	0	0	0	0	0	0	0	0	0	0	0	0	0	0	0	0	0	0	0	0	0	0	0	0	0	0	48	0	0	0	0	
0	0	0	0	0	0	0	0	0	0	0	0	0	0	0	0	0	0	0	0	0	0	0	0	0	0	0	0	0	0	0	0	0	0	0	0	0	0	0	0	0	0	0	0	0	0	0	0	0	0	0	0	0	0	0	0	48	0	0	0	0	0	0	0	0	0	0	0	0	0	0	0	0	0	0	0	0	0	0	0	0	0	0	0	0	0	0	0	0	0	0	0	0	0	0	0	0	0	0	0	0	0	0	0	48	0	48	0	0	0	0	0	0	0	0	0	0	0	0	0	
0	0	0	0	0	0	0	0	0	0	0	0	0	0	0	0	0	0	0	0	0	0	0	0	0	0	0	0	0	0	0	0	0	0	0	0	0	0	0	48	0	0	0	0	0	0	0	0	0	48	0	0	0	0	0	0	0	0	0	0	0	0	0	0	0	48	0	0	0	0	0	0	0	0	0	0	0	0	0	0	0	0	0	0	0	0	0	0	0	0	0	0	0	0	0	0	0	0	0	0	0	0	0	0	0	0	0	0	0	0	0	0	0	0	0	0	0	0	0	0	
0	0	0	0	0	0	0	0	0	0	0	0	0	0	48	0	0	0	0	0	0	0	0	0	0	0	0	0	0	0	48	0	0	0	0	0	0	0	48	0	0	0	0	0	0	0	0	0	0	0	0	0	0	0	0	0	0	0	0	0	0	0	0	0	0	0	0	0	0	0	0	0	0	0	0	0	0	0	0	0	0	0	0	0	0	0	0	0	0	0	0	0	0	0	0	0	0	0	0	0	0	0	0	0	0	0	0	0	0	0	0	0	0	0	0	0	0	0	0	0	
0	0	0	0	0	0	0	0	0	0	0	0	0	0	0	0	0	0	0	0	0	0	0	0	0	0	0	0	0	0	0	0	0	0	0	0	0	0	0	0	0	0	0	0	0	0	0	0	0	0	0	0	0	0	0	0	0	0	0	0	0	0	0	48	0	0	0	0	0	0	48	0	0	0	0	0	0	0	0	0	0	0	0	0	0	0	0	0	0	0	0	0	0	0	0	0	0	0	0	0	0	0	0	0	0	0	0	0	0	0	0	0	0	0	0	0	0	0	48	0	
0	0	48	0	0	0	0	0	0	0	0	0	0	0	0	0	0	0	0	0	0	0	0	48	0	0	0	0	0	0	0	0	0	0	0	0	0	0	0	0	0	0	0	0	0	0	0	0	0	0	0	0	0	0	0	0	0	0	0	0	0	0	0	0	0	0	0	0	0	0	0	0	0	0	0	0	0	0	0	0	0	0	0	0	0	0	0	48	0	0	0	0	0	0	0	0	0	0	0	0	0	0	0	0	0	0	0	0	0	0	0	0	0	0	0	0	0	0	0	0	
0	0	0	0	0	0	0	0	0	0	0	0	0	0	0	0	0	0	0	0	0	0	0	0	0	0	0	0	0	0	0	0	0	0	0	0	0	0	0	0	0	0	0	0	0	0	0	0	0	0	0	0	0	0	0	0	0	0	0	0	0	0	0	0	0	0	0	48	0	0	0	0	0	0	0	0	0	0	0	0	0	0	0	0	0	0	0	0	0	0	0	0	48	0	0	0	0	0	0	0	0	0	0	0	0	0	0	0	0	0	48	0	0	0	0	0	0	0	0	0	
0	0	0	0	0	0	0	48	0	0	0	0	0	0	0	0	0	0	0	0	0	0	0	0	0	0	0	0	0	0	0	0	0	0	0	0	0	0	0	0	0	0	0	0	0	0	0	0	0	0	0	48	0	0	0	0	0	0	0	0	0	0	0	0	0	0	0	0	0	0	0	0	0	0	0	0	0	0	0	0	0	0	0	0	0	0	0	0	0	0	48	0	0	0	0	0	0	0	0	0	0	0	0	0	0	0	0	0	0	0	0	0	0	0	0	0	0	0	0	0	
0	0	0	0	0	0	0	0	0	0	0	0	0	0	0	0	0	0	0	0	0	0	0	0	0	0	0	0	0	0	0	0	0	0	0	0	0	0	0	0	0	0	0	0	0	0	48	0	0	0	0	0	0	0	0	0	0	0	0	0	0	0	0	0	0	0	0	0	0	0	0	0	0	0	0	0	0	0	0	0	0	0	0	48	0	0	0	0	0	48	0	0	0	0	0	0	0	0	0	0	0	0	0	0	0	0	0	0	0	0	0	0	0	0	0	0	0	0	0	0	
0	0	0	0	0	48	0	0	0	0	0	0	0	0	0	0	0	0	0	0	0	0	0	0	0	0	0	0	0	0	0	0	0	0	0	0	0	0	0	0	0	0	0	0	0	0	0	0	0	0	0	0	0	0	0	0	0	0	0	0	48	0	0	0	0	0	0	0	0	0	0	0	0	0	0	0	0	0	0	0	0	0	0	0	0	0	0	0	0	0	0	0	0	48	0	0	0	0	0	0	0	0	0	0	0	0	0	0	0	0	0	0	0	0	0	0	0	0	0	0	
0	0	0	0	0	0	0	0	0	0	0	0	0	0	0	0	0	0	0	0	0	48	0	0	0	0	0	0	0	0	0	0	0	0	0	0	0	0	0	0	0	0	0	0	48	0	0	0	0	0	0	0	0	0	0	0	0	0	0	0	0	0	0	0	0	0	0	0	0	0	0	0	0	0	0	0	0	0	0	0	0	48	0	0	0	0	0	0	0	0	0	0	0	0	0	0	0	0	0	0	0	0	0	0	0	0	0	0	0	0	0	0	0	0	0	0	0	0	0	0	
0	0	0	0	0	0	0	0	0	0	0	0	0	0	0	0	0	0	0	0	0	0	0	0	0	0	0	0	0	0	0	0	0	0	0	0	0	0	0	0	0	0	0	0	0	0	0	0	0	0	0	0	0	0	0	0	0	0	0	0	0	48	0	0	0	0	0	0	0	48	0	0	0	0	0	0	0	0	0	0	0	0	0	0	0	0	0	0	0	0	0	0	0	0	48	0	0	0	0	0	0	0	0	0	0	0	0	0	0	0	0	0	0	0	0	0	0	0	0	0	
0	0	0	0	0	0	0	0	0	0	0	0	0	0	0	0	0	0	0	0	0	0	0	0	0	0	0	0	0	0	0	0	0	0	0	0	0	0	0	0	0	0	0	0	0	0	0	0	0	0	0	0	0	0	0	0	0	0	0	0	0	0	0	48	0	0	0	0	0	0	0	0	0	0	0	0	0	0	0	0	0	0	0	0	0	0	0	0	0	0	0	0	0	0	0	0	0	0	0	48	0	0	0	0	0	0	0	0	0	0	0	0	0	0	0	0	0	48	0	0	
0	48	0	0	0	0	0	0	0	0	0	0	0	0	0	0	0	0	0	0	0	0	0	0	0	0	0	0	0	0	0	0	0	0	0	0	0	0	48	0	0	0	0	0	0	0	0	0	0	0	0	0	0	0	0	0	0	0	0	0	0	0	0	0	0	48	0	0	0	0	0	0	0	0	0	0	0	0	0	0	0	0	0	0	0	0	0	0	0	0	0	0	0	0	0	0	0	0	0	0	0	0	0	0	0	0	0	0	0	0	0	0	0	0	0	0	0	0	0	0	
0	0	0	0	0	0	0	0	0	0	0	0	0	48	0	0	0	0	0	0	0	0	0	0	0	0	0	0	0	0	0	0	0	0	0	0	0	0	0	0	0	0	0	0	0	0	0	0	0	0	0	0	0	0	0	0	0	0	0	0	0	48	0	0	0	0	0	0	0	0	0	0	0	0	0	0	0	0	0	0	0	0	0	0	48	0	0	0	0	0	0	0	0	0	0	0	0	0	0	0	0	0	0	0	0	0	0	0	0	0	0	0	0	0	0	0	0	0	0	0	
0	0	0	0	0	0	0	48	0	0	0	0	0	0	0	0	0	0	0	0	0	0	0	0	0	0	0	0	0	0	0	0	0	0	0	0	0	0	0	0	0	0	0	48	0	0	0	0	0	0	0	0	0	0	0	0	0	0	0	0	0	0	0	0	0	0	0	0	0	0	0	0	0	0	0	0	0	0	0	0	0	0	0	0	0	0	0	0	0	0	48	0	0	0	0	0	0	0	0	0	0	0	0	0	0	0	0	0	0	0	0	0	0	0	0	0	0	0	0	0	
0	0	0	0	0	0	0	0	0	48	0	0	0	0	0	0	48	0	0	0	0	0	0	48	0	0	0	0	0	0	0	0	0	0	0	0	0	0	0	0	0	0	0	0	0	0	0	0	0	0	0	0	0	0	0	0	0	0	0	0	0	0	0	0	0	0	0	0	0	0	0	0	0	0	0	0	0	0	0	0	0	0	0	0	0	0	0	0	0	0	0	0	0	0	0	0	0	0	0	0	0	0	0	0	0	0	0	0	0	0	0	0	0	0	0	0	0	0	0	0	
0	0	0	0	0	0	0	0	0	0	0	0	0	0	0	0	0	0	0	0	0	0	0	0	0	0	0	0	0	0	0	0	0	0	0	0	0	0	0	0	0	0	0	0	0	0	0	0	0	0	0	0	0	0	0	48	0	0	0	0	0	0	0	0	0	0	0	48	0	0	0	0	0	0	0	0	0	0	0	0	0	0	0	0	0	0	0	0	0	0	0	0	48	0	0	0	0	0	0	0	0	0	0	0	0	0	0	0	0	0	0	0	0	0	0	0	0	0	0	0	
0	0	0	0	0	0	0	0	0	0	0	48	0	0	0	0	0	0	0	0	0	0	0	0	0	0	0	0	0	0	0	0	0	0	0	0	0	0	0	0	0	0	0	0	0	0	0	0	0	0	0	0	0	0	0	0	0	0	0	0	0	0	0	0	0	0	0	0	0	0	0	0	0	0	0	0	0	0	0	0	0	0	0	0	0	0	0	0	48	0	0	0	0	0	0	0	0	0	0	0	0	0	0	0	0	0	0	0	0	0	0	0	0	0	0	48	0	0	0	0	
0	0	0	0	0	0	0	0	0	0	0	0	0	0	0	0	0	0	0	0	0	0	0	0	0	0	0	0	0	0	0	0	0	0	0	0	0	0	0	0	0	0	0	0	0	0	0	0	0	0	0	0	0	48	0	0	0	0	0	0	0	0	0	0	0	0	0	48	0	0	0	0	0	0	48	0	0	0	0	0	0	0	0	0	0	0	0	0	0	0	0	0	0	0	0	0	0	0	0	0	0	0	0	0	0	0	0	0	0	0	0	0	0	0	0	0	0	0	0	0	
0	0	0	0	0	0	0	0	0	0	0	0	0	0	0	0	0	0	0	0	0	0	0	0	0	0	0	0	48	0	0	0	0	0	0	0	0	48	0	0	0	0	0	0	0	0	0	0	0	0	0	0	0	0	0	0	0	0	0	0	0	0	0	0	0	0	0	0	0	0	0	0	0	0	0	0	0	0	0	48	0	0	0	0	0	0	0	0	0	0	0	0	0	0	0	0	0	0	0	0	0	0	0	0	0	0	0	0	0	0	0	0	0	0	0	0	0	0	0	0	
0	0	0	0	0	0	0	0	0	0	0	0	0	48	0	0	0	0	0	0	0	0	0	0	0	0	0	0	0	0	0	0	0	0	0	0	0	0	0	0	0	0	0	0	0	0	0	0	0	0	0	0	0	0	0	0	0	0	0	0	0	0	0	0	0	0	0	0	0	0	0	0	0	0	0	0	0	0	0	0	0	0	0	0	48	48	0	0	0	0	0	0	0	0	0	0	0	0	0	0	0	0	0	0	0	0	0	0	0	0	0	0	0	0	0	0	0	0	0	0	
0	0	0	0	0	0	0	0	0	0	0	0	0	0	0	0	0	0	0	0	0	0	0	0	0	0	0	0	0	0	0	0	0	0	0	0	0	0	0	0	0	0	0	0	0	0	0	0	0	0	0	0	0	0	0	0	0	0	0	0	0	0	0	0	0	0	0	0	0	0	0	0	48	0	0	0	0	0	0	0	0	0	0	0	0	0	0	0	0	0	0	0	0	0	0	0	0	48	0	0	0	0	0	0	0	48	0	0	0	0	0	0	0	0	0	0	0	0	0	0	
0	0	0	0	0	0	0	0	0	0	0	0	0	0	0	0	0	0	0	48	48	0	48	0	0	0	0	0	0	0	0	0	0	0	0	0	0	0	0	0	0	0	0	0	0	0	0	0	0	0	0	0	0	0	0	0	0	0	0	0	0	0	0	0	0	0	0	0	0	0	0	0	0	0	0	0	0	0	0	0	0	0	0	0	0	0	0	0	0	0	0	0	0	0	0	0	0	0	0	0	0	0	0	0	0	0	0	0	0	0	0	0	0	0	0	0	0	0	0	0	
0	0	0	48	0	48	0	0	0	0	0	0	0	0	0	0	0	0	0	0	0	0	0	0	0	0	0	0	0	0	0	0	0	0	0	0	0	0	0	0	0	0	0	0	0	48	0	0	0	0	0	0	0	0	0	0	0	0	0	0	0	0	0	0	0	0	0	0	0	0	0	0	0	0	0	0	0	0	0	0	0	0	0	0	0	0	0	0	0	0	0	0	0	0	0	0	0	0	0	0	0	0	0	0	0	0	0	0	0	0	0	0	0	0	0	0	0	0	0	0	
0	0	0	0	0	0	0	0	0	0	0	0	0	0	0	0	0	0	0	0	0	0	0	0	0	0	0	0	0	0	0	0	0	0	0	0	0	0	0	0	0	0	0	0	0	0	0	48	0	0	48	0	0	0	0	0	0	0	0	0	0	0	0	0	0	0	0	0	0	0	0	0	0	0	0	0	0	0	0	0	0	0	0	0	0	0	0	0	0	0	0	0	0	0	48	0	0	0	0	0	0	0	0	0	0	0	0	0	0	0	0	0	0	0	0	0	0	0	0	0	
0	0	0	0	0	0	0	0	0	0	0	0	0	0	0	0	0	0	0	0	48	0	0	0	0	0	0	0	0	0	0	0	0	0	0	0	0	0	0	0	0	0	0	0	0	0	0	0	0	0	0	0	0	0	0	0	0	0	0	0	0	0	0	0	0	0	0	0	0	0	0	0	0	0	0	0	0	0	0	0	0	0	0	0	0	0	0	0	0	0	0	0	0	0	0	0	0	0	48	0	0	0	0	0	0	0	0	0	0	0	0	0	0	0	0	0	0	0	0	48	
0	0	0	0	0	0	0	0	0	0	0	0	0	0	0	0	0	0	0	0	0	0	0	0	0	0	0	0	0	0	0	0	0	0	0	0	0	0	0	0	48	0	0	0	0	0	0	0	48	0	0	0	0	0	0	0	0	0	0	0	0	0	0	0	0	0	0	0	0	0	0	0	0	0	0	0	0	0	0	0	0	0	0	0	0	0	0	0	0	0	0	0	0	0	0	0	0	0	0	0	0	0	0	0	0	0	0	0	0	0	0	0	0	0	0	0	0	0	48	0	
48	0	0	0	0	0	0	0	0	0	0	0	48	0	0	0	0	0	0	0	0	0	0	0	0	0	0	0	0	0	0	0	48	0	0	0	0	0	0	0	0	0	0	0	0	0	0	0	0	0	0	0	0	0	0	0	0	0	0	0	0	0	0	0	0	0	0	0	0	0	0	0	0	0	0	0	0	0	0	0	0	0	0	0	0	0	0	0	0	0	0	0	0	0	0	0	0	0	0	0	0	0	0	0	0	0	0	0	0	0	0	0	0	0	0	0	0	0	0	0	
0	48	0	0	0	0	0	0	0	0	0	0	0	0	0	0	0	0	0	0	0	0	0	0	0	0	0	0	0	0	0	0	0	0	0	0	0	0	48	0	0	0	0	0	0	0	0	0	0	48	0	0	0	0	0	0	0	0	0	0	0	0	0	0	0	0	0	0	0	0	0	0	0	0	0	0	0	0	0	0	0	0	0	0	0	0	0	0	0	0	0	0	0	0	0	0	0	0	0	0	0	0	0	0	0	0	0	0	0	0	0	0	0	0	0	0	0	0	0	0	
0	0	0	0	0	0	0	0	0	0	0	0	0	0	0	48	0	0	0	0	0	0	0	0	0	0	0	0	0	0	0	0	0	0	0	0	0	0	0	0	0	0	0	0	0	0	0	0	0	0	0	0	0	0	0	0	0	0	0	0	0	0	0	0	0	0	0	0	48	0	0	0	0	0	0	0	0	0	0	0	0	0	0	0	0	0	0	0	0	0	0	0	0	0	0	0	0	0	0	0	0	0	0	0	0	0	0	48	0	0	0	0	0	0	0	0	0	0	0	0	
0	0	0	0	0	0	0	0	0	0	0	0	0	0	0	0	0	0	0	0	0	0	0	0	0	0	0	0	0	0	0	0	0	0	0	0	0	0	0	0	0	0	48	0	0	0	0	0	0	0	0	0	0	48	0	48	0	0	0	0	0	0	0	0	0	0	0	0	0	0	0	0	0	0	0	0	0	0	0	0	0	0	0	0	0	0	0	0	0	0	0	0	0	0	0	0	0	0	0	0	0	0	0	0	0	0	0	0	0	0	0	0	0	0	0	0	0	0	0	0	
0	0	0	0	0	0	0	0	0	0	0	0	0	0	0	0	0	0	0	0	0	0	0	0	0	0	48	0	0	0	0	0	0	0	0	0	0	0	0	0	0	0	0	0	0	0	0	0	0	0	0	0	0	0	0	0	0	0	0	0	0	0	0	0	0	0	48	0	0	0	0	0	48	0	0	0	0	0	0	0	0	0	0	0	0	0	0	0	0	0	0	0	0	0	0	0	0	0	0	0	0	0	0	0	0	0	0	0	0	0	0	0	0	0	0	0	0	0	0	0	
0	0	0	0	0	0	0	0	0	0	0	0	0	0	0	0	0	0	0	0	0	0	0	0	0	0	0	0	0	0	0	0	0	0	0	0	0	0	0	0	0	0	0	0	0	0	0	48	0	0	0	0	0	0	0	0	0	0	0	0	0	0	0	0	0	0	0	0	0	0	0	0	0	0	0	0	0	0	0	0	0	48	0	0	0	0	0	0	0	0	0	0	0	0	0	0	0	0	0	0	0	0	0	0	0	0	0	0	0	0	48	0	0	0	0	0	0	0	0	0	
0	0	0	0	48	0	0	0	0	0	0	0	0	0	0	0	0	0	0	0	0	0	0	0	0	0	0	0	0	0	0	0	0	0	0	0	0	0	0	0	48	0	0	0	0	0	0	0	0	0	0	0	0	0	0	0	0	0	0	0	0	0	0	0	0	0	0	0	0	0	0	0	0	0	0	0	0	0	0	0	0	0	0	0	0	0	0	0	48	0	0	0	0	0	0	0	0	0	0	0	0	0	0	0	0	0	0	0	0	0	0	0	0	0	0	0	0	0	0	0	
0	48	0	0	0	0	0	0	0	0	0	0	0	0	0	0	0	0	0	0	0	0	0	0	0	0	0	0	0	0	0	48	0	48	0	0	0	0	0	0	0	0	0	0	0	0	0	0	0	0	0	0	0	0	0	0	0	0	0	0	0	0	0	0	0	0	0	0	0	0	0	0	0	0	0	0	0	0	0	0	0	0	0	0	0	0	0	0	0	0	0	0	0	0	0	0	0	0	0	0	0	0	0	0	0	0	0	0	0	0	0	0	0	0	0	0	0	0	0	0	
0	0	0	0	0	0	0	0	0	0	0	0	0	0	0	0	0	0	0	0	0	0	0	0	0	0	48	0	0	0	0	0	0	0	0	0	0	0	0	0	0	0	0	0	0	0	0	0	0	0	0	0	0	0	0	0	0	0	48	0	0	0	0	0	0	0	0	0	48	0	0	0	0	0	0	0	0	0	0	0	0	0	0	0	0	0	0	0	0	0	0	0	0	0	0	0	0	0	0	0	0	0	0	0	0	0	0	0	0	0	0	0	0	0	0	0	0	0	0	0	
0	0	0	0	0	0	0	0	0	0	0	0	0	0	0	0	0	48	0	0	0	48	0	0	0	0	0	0	0	0	0	0	0	0	48	0	0	0	0	0	0	0	0	0	0	0	0	0	0	0	0	0	0	0	0	0	0	0	0	0	0	0	0	0	0	0	0	0	0	0	0	0	0	0	0	0	0	0	0	0	0	0	0	0	0	0	0	0	0	0	0	0	0	0	0	0	0	0	0	0	0	0	0	0	0	0	0	0	0	0	0	0	0	0	0	0	0	0	0	0	
0	0	0	0	0	0	0	0	0	0	0	0	0	0	0	0	0	0	0	0	0	0	0	0	0	0	0	0	0	0	0	0	0	0	0	0	0	0	0	0	0	0	0	0	0	0	0	0	0	0	0	0	0	0	0	48	0	0	0	0	0	0	0	0	0	0	0	0	0	0	0	0	0	0	0	0	0	0	0	0	0	0	0	0	0	0	0	0	0	0	48	0	0	0	0	0	48	0	0	0	0	0	0	0	0	0	0	0	0	0	0	0	0	0	0	0	0	0	0	0	
0	0	0	0	0	0	0	0	0	0	0	0	0	0	0	0	0	0	0	0	0	0	0	0	0	0	0	0	0	0	0	0	0	0	0	0	48	0	0	0	0	0	0	0	0	0	0	0	0	0	0	0	0	0	0	0	0	0	0	0	0	0	0	0	0	0	0	0	0	0	0	0	0	0	0	0	0	0	0	0	0	0	0	0	0	0	0	0	48	0	0	0	0	0	0	0	0	0	0	0	0	0	0	0	0	0	0	0	0	0	0	0	0	0	0	0	48	0	0	0	
0	0	0	0	0	0	0	0	0	0	0	0	0	0	0	0	0	0	0	0	0	0	0	0	48	0	0	0	0	0	0	0	0	0	0	0	0	0	0	0	0	0	0	0	0	0	0	0	0	0	0	0	0	0	0	0	0	0	0	0	0	0	0	0	0	0	0	0	0	0	0	0	0	0	0	0	0	0	0	0	0	0	0	0	0	0	0	0	0	48	0	0	0	0	0	48	0	0	0	0	0	0	0	0	0	0	0	0	0	0	0	0	0	0	0	0	0	0	0	0	
0	0	0	0	0	0	0	0	0	0	0	0	0	0	0	0	0	0	0	0	0	0	0	0	0	0	0	0	0	0	0	0	0	48	0	0	0	0	0	0	0	0	0	0	0	0	0	0	0	0	0	0	0	0	0	0	0	0	0	0	0	0	0	0	0	0	0	0	0	0	0	0	0	0	0	0	0	0	0	0	48	0	0	0	0	0	0	0	0	0	0	0	0	0	0	0	0	0	0	0	0	48	0	0	0	0	0	0	0	0	0	0	0	0	0	0	0	0	0	0	
0	0	0	0	0	0	0	0	0	48	0	0	0	0	0	0	0	0	0	0	0	0	0	0	0	0	0	0	0	0	0	0	0	0	0	0	0	0	0	0	0	0	0	0	0	0	0	0	0	0	0	0	0	0	0	0	0	0	0	0	0	0	0	0	0	0	0	0	0	0	0	0	0	0	0	0	0	0	0	0	0	0	0	0	0	0	0	48	0	0	0	0	0	0	0	0	0	0	0	0	0	0	0	0	0	0	0	0	48	0	0	0	0	0	0	0	0	0	0	0	
0	0	0	0	0	0	0	0	0	0	0	0	0	0	0	0	48	0	0	0	0	0	0	0	0	0	0	0	48	0	0	0	0	0	0	0	0	0	0	0	0	0	0	0	0	0	0	0	0	0	0	0	0	0	0	0	48	0	0	0	0	0	0	0	0	0	0	0	0	0	0	0	0	0	0	0	0	0	0	0	0	0	0	0	0	0	0	0	0	0	0	0	0	0	0	0	0	0	0	0	0	0	0	0	0	0	0	0	0	0	0	0	0	0	0	0	0	0	0	0	
0	0	0	0	0	0	0	0	0	0	0	0	0	0	0	0	0	0	0	0	0	0	0	0	0	0	0	48	0	0	0	0	0	0	0	48	0	0	0	0	0	0	0	0	0	0	0	0	0	0	0	0	0	0	0	0	0	0	0	0	0	0	0	0	0	0	0	0	0	0	0	0	0	0	0	0	0	48	0	0	0	0	0	0	0	0	0	0	0	0	0	0	0	0	0	0	0	0	0	0	0	0	0	0	0	0	0	0	0	0	0	0	0	0	0	0	0	0	0	0	
0	0	0	0	0	0	0	0	0	0	0	0	0	0	0	0	0	0	0	0	0	0	0	0	0	0	0	0	0	0	0	0	0	0	0	0	0	0	0	0	0	0	0	0	0	0	48	0	0	0	0	0	0	0	0	0	0	0	0	0	0	0	0	0	0	0	0	0	0	48	0	0	0	0	0	0	0	0	0	0	0	0	0	48	0	0	0	0	0	0	0	0	0	0	0	0	0	0	0	0	0	0	0	0	0	0	0	0	0	0	0	0	0	0	0	0	0	0	0	0	
0	0	0	0	0	0	0	0	0	0	0	0	0	0	0	0	0	0	0	0	0	0	0	0	0	0	0	0	0	0	0	0	0	0	0	0	0	0	0	0	0	0	0	0	0	0	0	0	0	0	0	0	0	0	0	0	0	0	0	0	0	0	0	0	0	0	0	0	0	0	0	0	0	0	0	0	0	0	0	0	0	0	0	0	0	48	48	0	0	0	0	0	0	0	0	0	0	0	0	0	0	0	0	0	0	0	0	0	0	0	0	48	0	0	0	0	0	0	0	0	
0	0	0	0	0	0	0	0	0	0	0	0	0	0	0	0	0	0	0	0	0	0	0	0	0	0	0	0	0	0	0	0	0	0	0	0	0	0	0	0	0	0	0	0	48	0	0	0	0	0	0	0	0	0	0	0	0	0	0	0	0	0	0	0	0	0	0	0	0	0	0	0	0	0	0	0	0	0	0	0	0	48	0	0	0	0	0	0	0	48	0	0	0	0	0	0	0	0	0	0	0	0	0	0	0	0	0	0	0	0	0	0	0	0	0	0	0	0	0	0	
0	0	0	0	0	0	0	0	0	0	0	0	0	48	0	0	0	0	0	0	0	0	0	0	0	0	0	0	0	0	0	0	0	0	0	0	0	0	0	0	0	0	0	0	0	0	0	0	0	0	48	0	0	0	0	0	0	48	0	0	0	0	0	0	0	0	0	0	0	0	0	0	0	0	0	0	0	0	0	0	0	0	0	0	0	0	0	0	0	0	0	0	0	0	0	0	0	0	0	0	0	0	0	0	0	0	0	0	0	0	0	0	0	0	0	0	0	0	0	0	
0	0	0	0	48	0	0	0	0	0	0	0	0	0	0	0	0	0	0	0	0	0	0	0	0	0	0	0	0	0	0	0	0	0	0	0	0	0	0	0	0	0	0	0	0	0	0	0	0	0	0	0	0	0	0	0	0	48	0	0	0	0	0	0	0	0	0	0	0	0	0	0	0	0	0	0	0	0	0	0	0	0	48	0	0	0	0	0	0	0	0	0	0	0	0	0	0	0	0	0	0	0	0	0	0	0	0	0	0	0	0	0	0	0	0	0	0	0	0	0	
0	0	0	0	0	0	0	0	0	0	0	0	0	0	0	0	0	0	0	0	0	0	0	0	0	0	0	0	0	0	0	0	48	0	0	0	0	0	0	0	0	0	0	0	0	0	0	0	0	0	0	0	0	0	0	0	0	0	0	0	0	0	0	0	0	0	0	0	0	0	0	0	0	0	0	0	0	0	0	0	0	0	48	0	0	0	0	0	0	0	0	0	0	0	0	0	0	0	48	0	0	0	0	0	0	0	0	0	0	0	0	0	0	0	0	0	0	0	0	0	
0	0	0	0	0	0	0	0	0	0	0	0	0	0	0	0	0	0	0	0	0	0	0	0	0	0	0	0	0	0	0	0	0	0	0	0	0	0	0	0	0	48	0	0	0	0	0	0	0	0	0	0	0	0	0	0	0	0	0	0	0	0	0	0	0	0	0	0	0	0	0	0	0	0	0	0	0	0	48	0	0	0	0	0	0	0	0	0	0	0	0	0	0	0	0	0	0	0	0	0	0	0	0	0	0	0	0	0	0	0	0	48	0	0	0	0	0	0	0	0	
0	0	0	0	0	0	0	0	0	0	0	0	0	0	0	0	0	0	0	0	0	0	0	0	0	0	0	0	0	0	0	0	0	0	0	0	0	0	0	0	0	0	0	0	0	0	0	0	0	0	0	0	0	0	48	0	0	0	0	0	0	0	0	0	0	0	0	0	0	0	48	0	0	0	0	48	0	0	0	0	0	0	0	0	0	0	0	0	0	0	0	0	0	0	0	0	0	0	0	0	0	0	0	0	0	0	0	0	0	0	0	0	0	0	0	0	0	0	0	0	
0	0	0	0	0	0	0	0	0	0	0	0	0	0	0	0	0	0	0	0	0	0	0	0	0	0	0	0	0	0	0	0	0	0	0	0	0	0	0	0	0	0	0	0	48	0	0	0	0	0	0	0	0	0	0	0	0	0	0	0	0	0	0	0	0	0	0	0	0	0	0	0	0	0	0	0	48	0	0	0	0	0	0	48	0	0	0	0	0	0	0	0	0	0	0	0	0	0	0	0	0	0	0	0	0	0	0	0	0	0	0	0	0	0	0	0	0	0	0	0	
0	0	0	0	0	0	0	0	0	0	0	0	0	0	0	0	0	0	0	0	0	0	0	0	0	0	0	0	0	0	0	0	0	0	0	0	0	0	0	0	0	0	0	48	0	0	0	0	0	0	0	48	0	0	0	0	0	0	0	0	0	0	0	0	0	0	0	0	0	0	0	0	0	0	48	0	0	0	0	0	0	0	0	0	0	0	0	0	0	0	0	0	0	0	0	0	0	0	0	0	0	0	0	0	0	0	0	0	0	0	0	0	0	0	0	0	0	0	0	0	
0	0	0	0	0	0	0	0	0	0	0	0	0	0	0	0	0	48	0	0	0	0	0	0	0	0	0	0	0	0	0	0	0	0	48	0	0	0	0	0	0	0	0	0	0	0	0	0	0	0	0	0	0	0	0	0	0	0	0	0	0	0	0	0	0	0	0	0	0	0	0	0	0	0	0	0	0	0	0	0	0	0	0	0	0	0	0	0	0	0	0	0	0	0	0	0	0	0	0	0	0	0	0	0	0	0	0	0	0	0	0	0	0	48	0	0	0	0	0	0	
0	0	0	0	0	0	0	0	48	0	0	0	0	0	0	0	0	0	0	0	0	0	0	0	0	0	0	0	0	0	0	0	0	0	0	0	0	0	0	0	0	0	48	0	0	0	0	0	0	0	0	0	0	48	0	0	0	0	0	0	0	0	0	0	0	0	0	0	0	0	0	0	0	0	0	0	0	0	0	0	0	0	0	0	0	0	0	0	0	0	0	0	0	0	0	0	0	0	0	0	0	0	0	0	0	0	0	0	0	0	0	0	0	0	0	0	0	0	0	0	
0	0	0	0	0	0	48	0	0	0	0	0	0	0	0	0	0	0	48	0	0	0	0	0	0	0	0	0	0	0	0	0	0	0	0	0	0	0	0	0	0	0	0	0	0	48	0	0	0	0	0	0	0	0	0	0	0	0	0	0	0	0	0	0	0	0	0	0	0	0	0	0	0	0	0	0	0	0	0	0	0	0	0	0	0	0	0	0	0	0	0	0	0	0	0	0	0	0	0	0	0	0	0	0	0	0	0	0	0	0	0	0	0	0	0	0	0	0	0	0	
0	0	0	0	0	0	0	0	48	0	0	0	0	0	0	0	0	0	0	0	0	0	0	0	0	0	0	0	0	0	0	0	0	0	0	0	0	0	0	0	0	0	0	0	0	0	0	48	0	0	0	0	0	0	0	0	0	0	0	0	0	48	0	0	0	0	0	0	0	0	0	0	0	0	0	0	0	0	0	0	0	0	0	0	0	0	0	0	0	0	0	0	0	0	0	0	0	0	0	0	0	0	0	0	0	0	0	0	0	0	0	0	0	0	0	0	0	0	0	0	
0	0	0	0	0	0	0	0	0	0	0	0	0	0	0	0	0	0	0	0	0	0	0	0	0	0	0	0	0	0	0	0	0	0	0	0	0	0	0	0	0	0	0	0	0	0	0	0	0	0	0	0	0	0	0	0	0	0	0	0	0	0	0	0	0	0	0	0	0	0	0	0	0	0	0	0	48	0	0	0	0	0	0	0	0	0	0	0	0	0	0	0	0	0	0	0	0	0	0	0	0	0	0	0	0	0	0	0	0	0	48	0	48	0	0	0	0	0	0	0	
0	0	0	0	0	0	0	0	48	0	0	0	0	0	0	0	0	0	0	0	0	0	0	0	0	0	0	0	0	0	0	0	0	0	0	0	0	0	0	0	0	0	0	0	0	0	0	0	0	0	0	0	0	0	0	0	0	0	0	0	0	0	0	0	0	0	0	0	0	0	0	0	0	0	48	0	0	0	0	0	0	0	0	0	0	0	0	0	0	0	0	0	0	0	0	0	0	0	0	0	0	0	0	0	0	48	0	0	0	0	0	0	0	0	0	0	0	0	0	0	
0	0	0	0	0	0	0	0	0	0	0	0	0	0	0	0	0	0	0	0	0	0	0	0	0	0	0	0	0	0	0	0	0	0	0	0	0	0	0	0	0	0	0	0	0	0	0	0	0	0	0	0	0	0	0	0	0	0	48	0	0	0	0	0	0	0	0	0	0	0	0	0	0	0	0	0	0	0	0	0	0	0	0	0	0	0	0	0	0	0	0	0	0	0	0	0	0	0	0	0	48	0	0	0	0	48	0	0	0	0	0	0	0	0	0	0	0	0	0	0	
48	0	0	0	0	0	0	0	0	0	0	0	0	0	0	0	0	0	0	0	0	0	0	0	0	0	0	0	0	0	0	0	0	0	0	0	0	0	0	0	0	0	0	0	0	0	0	0	0	0	0	0	0	0	0	0	0	0	0	0	0	0	48	0	0	0	0	0	0	0	0	0	0	0	0	0	0	0	0	0	0	0	0	0	0	0	48	0	0	0	0	0	0	0	0	0	0	0	0	0	0	0	0	0	0	0	0	0	0	0	0	0	0	0	0	0	0	0	0	0	
0	0	0	0	0	0	0	0	0	0	0	0	0	0	0	0	0	0	0	0	0	0	0	0	0	0	0	0	0	0	0	0	0	0	0	0	0	0	0	0	0	0	0	0	0	0	0	0	48	0	0	0	0	0	0	0	0	0	0	0	0	0	0	0	0	0	0	0	0	0	0	0	0	0	0	0	0	0	0	0	0	0	0	0	0	0	0	0	0	0	0	0	0	0	0	0	0	0	0	0	0	0	0	0	0	0	0	0	0	0	0	0	48	0	0	0	0	48	0	0	
0	0	0	0	0	0	0	0	0	0	0	0	0	0	0	0	0	0	0	0	0	0	0	0	0	0	0	0	0	0	0	0	0	0	0	0	0	0	0	0	0	0	0	0	0	0	0	0	0	0	0	0	0	0	0	0	0	0	0	0	0	0	0	0	0	0	0	0	0	0	0	0	0	0	0	0	0	0	0	0	0	0	0	0	0	0	0	0	0	0	0	0	0	0	0	0	0	48	0	0	0	0	0	48	0	0	0	0	0	0	0	0	0	0	0	0	0	48	0	0	
0	0	0	0	0	0	0	0	0	0	0	0	0	0	0	0	0	0	0	0	0	0	0	0	0	0	0	48	0	0	0	0	0	0	0	48	0	0	0	0	0	0	0	0	0	0	0	0	0	0	0	0	0	0	0	0	0	0	0	0	0	0	0	0	0	0	0	0	0	0	0	0	0	0	0	0	0	48	0	0	0	0	0	0	0	0	0	0	0	0	0	0	0	0	0	0	0	0	0	0	0	0	0	0	0	0	0	0	0	0	0	0	0	0	0	0	0	0	0	0	
0	0	0	48	0	0	0	0	0	0	0	0	0	0	0	0	0	0	0	0	0	0	0	0	0	0	0	0	0	0	0	0	0	0	0	0	0	0	0	0	0	0	0	0	0	0	0	0	0	0	0	0	0	0	0	0	0	0	0	0	0	0	0	0	0	0	0	0	0	0	0	0	0	0	0	0	0	0	0	0	0	0	0	0	0	0	0	0	0	0	0	0	0	0	0	0	0	0	0	0	0	0	0	0	0	0	0	0	0	0	0	0	0	48	0	0	48	0	0	0	
0	0	0	0	0	0	0	0	0	0	0	0	0	0	0	0	0	0	0	0	0	0	0	0	0	0	0	0	0	0	0	0	0	0	0	0	0	0	0	0	0	0	0	0	0	0	0	0	0	0	0	0	0	0	0	0	0	0	0	0	0	0	0	0	0	0	0	0	0	0	0	0	0	0	0	0	0	0	0	0	0	0	0	0	0	0	0	0	0	0	0	0	0	0	0	0	0	0	0	0	48	0	0	0	48	0	0	0	48	0	0	0	0	0	0	0	0	0	0	0	
0	0	0	0	0	0	0	0	0	0	0	0	0	0	0	0	0	0	0	0	0	0	0	0	0	0	0	0	0	0	0	0	0	0	0	0	0	48	0	0	0	0	0	0	0	0	0	0	0	0	0	0	0	0	0	0	0	0	0	0	0	0	0	0	0	0	0	0	0	0	0	0	0	0	0	0	0	0	0	0	0	0	0	0	0	0	0	0	0	0	0	0	0	0	0	0	0	0	0	0	0	0	0	48	0	0	0	0	0	0	0	0	0	0	0	0	0	0	48	0	
0	0	0	0	0	0	0	0	0	0	0	0	0	0	0	0	0	0	0	0	0	0	0	0	0	0	0	0	0	0	0	0	0	0	0	0	0	0	0	0	0	0	0	0	0	0	0	0	0	0	0	0	0	0	0	0	0	0	48	0	0	0	0	0	0	0	0	0	0	0	0	0	0	0	0	0	0	0	0	0	0	0	0	0	0	0	0	0	0	0	0	0	0	0	0	0	48	48	0	0	0	0	0	0	0	0	0	0	0	0	0	0	0	0	0	0	0	0	0	0	
0	0	0	0	0	0	0	0	0	0	0	0	0	0	0	0	48	0	0	0	0	0	0	0	0	0	0	0	48	0	0	0	0	0	0	0	0	48	0	0	0	0	0	0	0	0	0	0	0	0	0	0	0	0	0	0	0	0	0	0	0	0	0	0	0	0	0	0	0	0	0	0	0	0	0	0	0	0	0	0	0	0	0	0	0	0	0	0	0	0	0	0	0	0	0	0	0	0	0	0	0	0	0	0	0	0	0	0	0	0	0	0	0	0	0	0	0	0	0	0	
0	0	0	0	0	0	0	0	0	0	0	0	0	0	0	48	0	0	0	0	0	0	0	0	0	0	0	0	0	0	0	48	0	0	0	0	0	0	0	0	0	0	0	0	0	0	0	0	0	0	0	0	0	0	0	0	0	0	0	0	0	0	0	0	0	0	48	0	0	0	0	0	0	0	0	0	0	0	0	0	0	0	0	0	0	0	0	0	0	0	0	0	0	0	0	0	0	0	0	0	0	0	0	0	0	0	0	0	0	0	0	0	0	0	0	0	0	0	0	0	
0	0	0	0	0	0	0	0	0	0	0	0	0	0	0	0	0	0	0	0	0	0	0	0	0	48	0	0	0	0	0	0	0	0	0	0	0	0	0	0	0	0	0	0	0	0	0	0	0	0	0	0	0	0	0	0	0	0	0	0	0	0	0	0	0	0	0	0	0	0	0	0	0	0	0	0	0	0	48	0	0	0	0	0	0	0	0	0	0	0	0	0	0	0	0	0	0	0	0	0	0	0	0	48	0	0	0	0	0	0	0	0	0	0	0	0	0	0	0	0	
0	0	0	0	0	0	0	0	0	0	0	0	0	0	0	0	0	0	0	0	0	0	0	0	48	0	0	0	0	0	0	0	0	0	0	0	0	0	0	0	0	0	0	0	0	0	0	0	0	0	0	0	0	0	0	0	0	0	0	0	0	0	0	0	0	0	0	0	0	0	0	0	0	0	0	0	0	0	0	0	0	0	0	0	0	0	0	0	0	0	0	0	0	0	0	0	0	0	0	0	0	0	0	0	0	0	0	0	0	0	0	0	48	0	0	0	48	0	0	0	
0	0	0	0	0	0	0	0	0	0	0	0	0	0	0	0	0	0	0	0	0	0	0	0	0	0	0	0	0	0	0	0	0	0	0	0	0	0	0	0	0	0	48	0	0	0	0	0	0	0	0	0	0	0	0	0	0	0	0	0	0	0	0	0	0	0	0	0	0	48	0	0	0	0	0	0	0	0	0	0	0	0	0	0	0	0	0	0	0	0	0	0	0	0	0	48	0	0	0	0	0	0	0	0	0	0	0	0	0	0	0	0	0	0	0	0	0	0	0	0	
0	0	48	0	0	0	0	0	0	0	0	0	0	0	0	0	0	0	0	0	0	0	0	0	0	0	0	0	0	0	0	0	0	0	0	0	0	0	0	0	0	0	0	0	0	0	0	0	0	0	0	0	0	0	0	0	0	0	0	0	0	0	0	0	0	0	0	0	0	0	0	0	0	0	0	0	0	0	0	0	0	0	48	0	0	0	0	48	0	0	0	0	0	0	0	0	0	0	0	0	0	0	0	0	0	0	0	0	0	0	0	0	0	0	0	0	0	0	0	0	
0	0	0	0	0	0	0	0	0	0	0	0	0	0	0	0	0	0	0	0	0	0	0	0	0	0	0	0	0	0	0	0	0	0	0	0	0	0	0	0	0	0	0	0	0	0	0	0	0	0	0	0	0	0	0	0	0	0	0	0	0	0	0	0	0	0	0	0	0	0	0	0	0	0	0	0	0	0	0	0	0	0	0	0	0	0	0	0	0	0	0	0	0	0	0	48	0	0	0	48	0	0	0	0	0	0	0	0	0	48	0	0	0	0	0	0	0	0	0	0	
0	0	0	0	0	0	0	0	0	0	0	0	0	0	0	0	0	0	0	0	0	0	0	0	0	0	0	0	0	0	0	0	0	0	48	0	0	0	0	0	0	0	0	0	0	0	0	0	0	0	0	0	0	0	0	0	0	0	0	0	0	0	0	0	0	0	0	0	0	0	0	0	0	0	0	0	0	0	0	0	0	0	0	0	0	0	0	0	0	0	0	48	0	0	0	0	0	0	0	0	0	0	48	0	0	0	0	0	0	0	0	0	0	0	0	0	0	0	0	0	
0	0	0	0	0	0	0	48	0	0	0	0	0	0	48	0	0	0	0	0	0	0	0	0	0	0	0	0	0	0	48	0	0	0	0	0	0	0	0	0	0	0	0	0	0	0	0	0	0	0	0	0	0	0	0	0	0	0	0	0	0	0	0	0	0	0	0	0	0	0	0	0	0	0	0	0	0	0	0	0	0	0	0	0	0	0	0	0	0	0	0	0	0	0	0	0	0	0	0	0	0	0	0	0	0	0	0	0	0	0	0	0	0	0	0	0	0	0	0	0	
0	0	0	0	0	0	0	0	0	0	0	48	0	0	0	0	0	0	0	0	0	0	0	0	0	0	0	0	0	0	0	0	0	0	0	0	48	0	0	0	0	0	0	0	0	0	0	0	0	0	0	0	0	0	48	0	0	0	0	0	0	0	0	0	0	0	0	0	0	0	0	0	0	0	0	0	0	0	0	0	0	0	0	0	0	0	0	0	0	0	0	0	0	0	0	0	0	0	0	0	0	0	0	0	0	0	0	0	0	0	0	0	0	0	0	0	0	0	0	0	
0	0	0	0	0	0	0	0	0	0	0	0	0	0	0	0	0	0	0	0	0	0	0	0	0	0	0	0	0	0	0	0	0	0	0	0	0	0	0	0	0	0	0	0	0	0	0	0	0	0	0	0	0	0	0	0	0	0	0	0	0	0	0	0	0	0	0	0	0	0	0	0	0	0	0	48	0	0	0	0	0	0	0	0	0	0	0	0	0	0	0	0	0	0	0	0	0	0	0	0	0	0	48	0	0	0	0	0	0	48	0	0	0	0	0	0	0	0	0	0	
0	0	0	0	0	0	0	0	0	0	0	0	0	0	0	0	0	0	0	0	0	0	0	0	0	0	0	0	0	0	0	0	0	0	0	0	0	0	0	0	0	0	0	0	0	0	0	0	48	0	0	0	0	0	0	0	0	0	0	0	0	0	0	0	0	0	0	0	0	0	0	0	0	0	0	0	0	0	0	0	0	0	0	0	0	0	0	0	0	0	0	0	0	0	0	0	0	0	0	48	48	0	0	0	0	0	0	0	0	0	0	0	0	0	0	0	0	0	0	0	
0	0	0	0	0	0	0	0	0	0	0	0	0	0	0	0	0	0	0	0	0	0	0	0	0	0	0	0	0	0	0	0	0	0	0	0	0	0	0	0	48	0	0	0	0	0	0	0	0	0	0	0	0	0	0	0	0	0	0	0	0	0	0	48	0	0	0	0	0	0	0	0	0	0	0	0	0	0	0	0	0	0	0	0	0	0	0	0	0	0	0	0	0	0	0	0	0	0	0	0	0	0	0	0	48	0	0	0	0	0	0	0	0	0	0	0	0	0	0	0	
0	0	0	0	0	0	0	0	0	0	0	0	0	0	0	0	0	0	0	0	48	0	0	0	0	0	0	0	0	0	0	0	48	0	0	0	0	0	0	0	0	0	0	0	0	0	0	0	0	0	0	0	0	0	0	0	0	0	0	0	0	0	48	0	0	0	0	0	0	0	0	0	0	0	0	0	0	0	0	0	0	0	0	0	0	0	0	0	0	0	0	0	0	0	0	0	0	0	0	0	0	0	0	0	0	0	0	0	0	0	0	0	0	0	0	0	0	0	0	0	
76	52	112	67	57	104	6	27	112	40	22	63	41	68	81	80	54	78	47	103	39	7	50	30	69	103	84	4	49	96	76	83	5	50	84	29	41	15	4	105	23	72	31	74	102	53	100	32	82	79	101	35	57	88	67	54	62	89	31	33	97	35	34	101	19	72	52	44	5	110	12	6	59	113	15	61	10	30	90	108	55	59	96	57	31	107	9	89	39	21	48	80	76	118	66	69	3	49	85	91	33	101	53	104	43	70	56	96	86	26	75	18	112	68	114	1	52	3	106	43	8	51	49	116	81	66	108	83	108	75	87	59	62	29	112	74	36	93	83	77	84	6	5	96	9	103	84	106	89	100	29	46	65	2	20	97	23	23	23	82	6	103	18	52	116	71	35	21	79	4	46	114	26	12	105	96	11	91	80	115	56	102	105	90	116	42	40	15	38	37	19	50	89	43	70	79	115	41	39	66	58	101	50	97	57	106	85	9	23	95	68	30	87	49	53	46	64	107	69	110	29	52	64	107	13	88	99	10	67	100	76	71	14	62	47	8	82	106	34	66	75	53	10	90	88	4	83	20	60	13	82	14	38	116	117	13	42	54	65	70	4	81	114	46	75	72	118	81	11	66	33	29	65	4	0	39	81	17	33	19	114	48	33	79	72	37	28	1	88	101	64	27	62	30	1	101	41	60	117	74	101	36	48	8	15	11	104	116	100	23	1	35	25	44	9	65	51	119	116	61	47	54	40	106	42	116	57	109	48	96	5	109	24	71	48	117	78	4	64	83	39	86	50	60	40	33	98	77	102	58	109	66	63	79	89	65	70	36	10	63	1	94	110	40	37	98	114	107	31	46	74	35	52	6	43	86	81	79	19	1	19	22	87	16	47	1	59	25	67	92	60	73	42	116	24	5	42	71	92	105	24	73	108	108	34	87	54	113	51	6	102	54	65	67	18	23	25	100	22	82	41	93	56	21	84	100	84	98	72	28	63	89	75	4	0	45	8	16	49	13	77	94	74	12	24	9	109	79	12	88	74	13	24	88	76	17	23	100	8	89	32	27	108	66	94	25	84	80	8	99	118	17	81	47	6	91	40	17	82	64	40	6	55	32	48	19	89	62	3	46	5	80	56	2	81	27	107	63	74	92	56	15	100	7	86	25	116	59	16	33	16	83	13	36	53	28	9	63	55	21	56	112	35	81	57	11	64	78	16	61	64	65	50	68	74	86	107	100	115	20	106	106	119	22	67	107	20	113	51	21	70	12	87	115	59	66	51	101	15	106	78	69	8	6	28	74	18	22	50	80	99	94	85	60	119	106	114	35	52	32	78	83	86	36	110	112	51	45	71	95	23	102	86	30	0	29	112	80	10	39	66	21	27	33	97	55	96	95	58	116	117	31	114	50	71	78	38	37	92	8	19	51	49	52	62	95	2	117	108	32	12	9	58	90	109	77	46	27	18	101	43	47	47	95	71	115	113	16	7	52	22	69	40	7	67	74	32	106	100	38	34	89	111	60	44	105	64	90	83	48	84	116	93	114	58	105	85	68	52	84	49	107	50	98	39	29	30	50	18	102	8	16	24	75	34	56	63	1	100	80	106	30	24	20	112	22	102	51	68	102	88	32	68	12	22	97	113	3	33	101	98	60	50	69	53	32	104	47	90	60	118	37	30	26	38	64	115	85	112	80	101	81	61	19	57	49	35	69	64	33	38	46	65	50	72	11	67	50	13	52	97	13	33	72	30	57	98	13	6	100	52	6	72	1	89	8	68	102	95	114	2	38	7	19	40	46	50	4	77	32	22	91	100	47	117	40	96	67	45	15	2	9	48	9	75	34	45	110	51	6	87	119	65	13	28	97	35	18	73	93	23	39	103	103	84	63	46	69	82	60	34	27	117	3	31	75	94	119	78	39	114	17	63	28	11	10	115	104	77	69	59	56	70	23	73	29	17	29	84	43	14	46	38	42	95	50	42	73	86	105	81	117	75	29	52	52	70	58	118	114	22	63	62	46	116	86	83	78	96	1	46	38	89	18	22	11	52	92	52	16	98	116	95	56	10	90	44	88	18	72	93	50	116	93	111	55	110	35	83	95	43	79	107	37	29	13	107	57	23	103	20	25	117	8	66	63	35	48	99	23	15	77	90	32	69	47	78	4	14	17	14	64	2	79	41	29	23	9	80	16	0	88	52	94	98	77	34	29	30	75	36	77	62	84	56	100	50	48	20	55	97	103	76	59	10	80	3	107	57	71	40	94	72	112	40	3	21	42	22	69	100	31	92	25	112	81	117	84	1	115	113	118	116	37	88	119	32	96	21	66	100	28	42	49	63	87	51	37	32	104	34	39	113	26	24	10	57	91	11	111	96	58	49	74	99	86	94	25	45	21	5	105	106	29	60	113	87	3	76	79	102	114	46	22	32	80	67	112	11	92	113	80	6	3	14	94	70	103	96	30	52	109	60	44	7	3	12	26	108	88	80	71	19	27	112	1	83	14	102	85	57	48	44	78	86	85	43	113	57	56	41	76	53	41	12	110	61	91	75	97	11	52	118	75	21	53	90	29	105	91	115	108	8	54	19	31	96	100	34	106	46	55	118	48	87	50	30	93	27	88	72	46	10	8	59	113	33	3	100	95	110	111	59	99	97	31	54	67	54	48	85	118	77	88	97	61	44	113	75	114	5	40	25	39	52	33	74	89	116	39	33	35	85	16	61	12	86	44	6	49	47	26	56	111	1	41	81	15	29	97	66	46	74	34	21	23	83	97	91	57	14	103	42	32	67	82	91	0	105	71	22	73	34	67	66	31	47	81	22	72	61	84	49	85	44	27	80	29	109	93	61	95	23	82	102	100	1	34	111	14	91	46	47	71	6	114	16	104	21	69	60	63	36	24	104	87	115	64	64	3	72	5	117	61	99	19	35	91	18	29	12	45	19	24	42	3	32	47	94	68	23	82	91	7	53	50	54	92	72	75	73	48	91	98	27	7	36	8	27	61	4	100	69	108	117	40	117	16	118	100	45	111	60	85	75	80	11	10	89	47	110	28	109	115	56	107	74	63	22	14	0	63	8	113	74	12	17	93	75	66	77	119	66	105	16	0	94	37	37	0	62	3	17	74	98	66	81	77	59	65	20	53	98	100	75	83	78	32	99	111	75	4	36	56	65	10	59	78	59	7	87	36	38	115	69	21	66	69	33	114	103	107	16	61	58	32	103	18	78	51	10	112	84	71	80	111	33	79	8	113	114	59	110	43	93	24	106	42	70	53	47	75	72	43	49	59	6	21	56	116	85	57	17	27	60	4	70	36	57	33	1	102	49	110	38	81	55	107	5	36	19	111	108	79	28	97	111	40	105	116	77	66	44	61	29	46	3	89	83	69	117	91	72	73	53	30	5	41	100	29	96	104	44	84	84	3	81	119	84	66	20	108	41	112	112	59	66	90	27	14	94	100	43	15	37	2	26	74	7	22	66	6	78	22	53	103	105	1	108	38	50	19	2	1	64	69	1	57	26	97	97	102	2	14	60	18	114	95	94	105	116	45	50	81	51	27	51	79	67	97	73	12	98	104	70	108	86	3	83	13	35	82	77	57	30	92	61	26	113	84	117	113	75	83	46	7	118	80	77	111	51	61	5	84	41	115	108	84	114	103	66	117	100	22	66	75	99	42	88	1	48	111	26	13	2	112	80	55	19	112	10	75	51	94	96	81	81	115	0	103	18	86	65	56	26	76	13	57	90	44	3	48	45	48	60	89	21	60	13	59	80	17	43	62	33	98	103	56	18	4	71	84	74	72	88	108	93	66	78	60	31	79	114	109	88	89	66	106	78	66	9	76	111	26	27	58	15	55	51	103	106	100	97	40	117	56	47	20	19	87	97	36	74	18	32	74	105	111	22	78	88	49	110	78	26	61	45	88	6	81	54	62	106	88	61	118	48	26	85	85	93	13	49	24	104	58	115	35	10	106	49	104	102	55	65	17	99	89	83	32	76	3	93	51	1	60	29	14	109	71	55	23	14	109	7	44	100	0	76	113	20	11	43	18	23	20	14	109	48	61	71	38	0	94	116	109	36	94	38	80	65	110	55	96	29	60	113	95	95	41	89	72	77	75	53	31	102	27	76	60	45	114	8	61	39	91	58	78	69	28	38	45	72	22	73	111	77	20	1	103	32	36	81	116	71	67	96	13	68	10	25	114	51	62	27	7	59	86	37	74	21	23	86	58	7	31	112	22	1	50	38	42	49	84	18	94	82	114	0	86	72	35	111	7	39	94	62	8	26	49	17	74	71	17	9	97	110	70	101	84	84	70	68	46	54	71	60	56	9	86	22	68	86	92	20	36	29	15	96	87	83	11	96	17	110	30	21	50	90	68	98	12	1	56	116	58	107	0	1	38	35	102	49	17	109	54	104	89	116	72	71	61	94	9	25	51	118	68	85	78	53	12	27	103	9	48	54	96	74	93	73	116	43	115	95	18	29	60	4	54	3	107	53	38	84	53	84	113	112	32	113	24	9	63	41	34	20	42	64	100	109	14	55	13	1	48	115	21	23	64	40	48	44	45	31	105	60	2	32	32	84	57	115	89	99	33	111	50	97	53	102	46	116	83	54	71	49	114	90	45	76	112	101	93	26	10	25	41	79	39	84	102	21	64	85	39	49	56	18	24	67	61	104	18	64	20	65	59	100	13	50	33	65	68	51	90	68	1	20	105	54	76	96	3	7	108	58	62	81	88	114	114	94	19	25	10	113	88	116	69	88	71	93	82	63	70	92	34	74	79	82	103	79	71	24	117	60	56	0	36	58	17	4	6	91	105	26	49	34	36	7	16	74	24	86	98	56	66	109	4	95	10	64	43	15	80	73	14	74	49	10	30	35	22	69	102	63	86	40	111	33	71	4	79	19	70	112	79	113	61	2	105	55	1	63	98	35	92	55	111	71	57	53	5	36	113	93	36	11	78	79	92	48	6	47	56	108	33	4	6	88	67	73	17	113	0	93	111	51	38	75	100	111	17	61	40	113	51	104	53	80	37	95	59	115	3	109	3	98	29	117	89	69	65	42	79	55	86	48	55	58	21	99	50	78	48	8	41	92	96	73	78	0	115	48	117	59	14	52	100	37	117	13	22	77	11	96	62	74	6	46	39	79	40	3	9	93	75	90	43	59	64	39	29	28	17	116	108	17	40	88	34	66	53	83	47	69	116	84	1	8	73	118	83	32	89	3	93	43	100	36	43	12	49	101	66	53	46	73	58	59	61	97	51	35	74	110	29	103	40	106	93	31	37	92	23	85	60	71	32	72	110	50	96	74	72	20	38	14	72	81	26	118	36	6	97	70	64	49	105	21	19	1	111	10	50	57	62	75	33	38	64	101	66	11	35	62	84	49	75	28	15	101	109	109	62	117	14	74	24	95	33	12	20	106	52	115	88	111	23	79	59	66	36	71	86	105	109	71	35	88	72	3	13	67	108	117	29	19	118	27	34	108	109	17	75	36	21	54	62	62	58	78	118	72	50	76	13	62	62	62	14	96	66	18	53	97	71	99	96	13	48	76	44	103	111	71	101	115	26	47	11	88	6	9	100	34	100	118	78	2	57	22	78	29	110	109	45	80	34	75	104	14	18	86	71	98	103	54	26	53	97	88	116	65	74	58	61	8	11	116	83	60	29	92	29	73	48	90	66	78	37	114	104	111	110	105	69	105	87	60	12	66	23	23	108	102	48	97	18	25	77	12	32	109	16	47	33	25	42	80	21	20	37	93	96	32	102	45	58	54	10	37	74	88	7	101	66	105	68	7	26	5	77	118	57	73	16	103	38	40	59	6	72	115	80	84	72	74	38	33	106	23	46	52	67	36	2	100	114	54	78	76	18	15	30	19	20	7	41	15	0	12	98	113	77	61	99	58	69	105	55	66	108	116	0	69	73	54	30	119	70	75	46	40	94	25	105	19	118	51	26	2	9	113	16	87	85	64	80	9	102	15	28	41	19	92	89	19	111	11	78	19	6	103	83	112	114	84	50	21	102	112	43	53	90	28	54	30	74	98	77	38	45	8	59	29	69	56	12	84	88	109	4	26	100	28	50	73	116	103	0	39	59	36	42	76	34	65	47	46	12	103	38	48	100	87	96	26	66	53	0	79	80	29	78	22	101	54	89	28	38	60	7	62	16	16	35	84	7	36	29	108	75	61	119	21	118	55	93	21	113	116	114	76	92	44	57	45	68	33	76	6	2	56	55	116	16	63	71	68	53	94	99	54	108	106	112	51	35	118	6	26	90	21	92	63	48	84	59	84	18	4	12	85	35	94	63	73	69	92	22	90	52	109	35	101	70	50	55	63	54	106	75	5	45	73	66	68	62	72	9	60	36	60	14	18	105	65	61	74	73	72	98	47	44	114	10	62	104	39	63	23	21	17	85	66	60	2	71	89	40	76	111	1	102	3	21	102	24	94	107	105	59	119	86	71	43	41	77	93	82	89	70	29	102	9	102	43	31	79	54	59	55	88	14	77	109	119	82	72	7	42	115	54	66	25	107	45	87	23	107	28	43	96	83	50	100	75	18	117	44	0	72	78	77	29	91	88	111	57	45	119	24	24	118	104	10	30	102	101	114	33	11	37	49	21	90	41	43	68	109	87	111	12	75	11	32	6	44	51	19	20	50	91	53	12	71	13	46	75	51	100	21	95	56	77	89	5	97	50	19	103	54	102	115	26	114	104	43	84	96	49	106	67	27	6	5	42	8	103	81	39	88	70	103	34	87	57	91	57	25	2	40	115	29	66	46	94	35	70	77	66	60	2	45	117	4	2	60	90	87	28	80	17	94	96	77	87	101	81	114	55	20	104	107	97	101	47	82	26	115	14	50	117	17	97	52	53	88	23	50	32	59	39	61	69	25	35	30	70	105	93	100	14	99	22	68	37	62	88	89	28	29	15	84	100	18	15	10	51	100	1	89	11	97	4	16	51	44	107	61	70	101	23	53	19	4	32	17	58	57	46	12	89	17	87	22	108	97	111	72	67	34	68	28	84	95	20	52	9	18	76	116	74	16	30	95	8	40	13	98	18	19	95	66	53	110	117	117	43	16	87	32	102	111	30	14	98	73	55	22	0	101	0	3	104	58	43	92	104	0	23	51	0	96	118	88	60	0	71	2	49	63	70	53	77	18	33	83	85	45	17	72	70	115	6	114	20	19	48	3	5	94	41	67	100	116	58	65	117	101	80	28	53	68	85	37	58	79	32	105	110	52	11	13	20	25	48	76	7	85	106	113	15	103	42	3	8	42	75	3	49	10	98	11	12	51	62	70	6	3	100	1	101	111	53	106	72	22	41	80	22	17	13	87	12	49	108	24	50	113	2	46	38	78	110	54	62	95	95	68	32	89	8	59	16	87	83	7	22	117	42	40	22	61	78	117	5	4	113	41	92	79	90	93	52	49	99	54	101	86	10	68	79	59	66	13	65	56	28	62	77	62	112	28	115	80	39	39	14	94	119	47	70	37	75	86	59	6	92	68	64	114	28	82	81	74	12	67	12	31	60	45	40	0	38	7	69	12	52	19	96	73	38	60	83	50	59	84	27	9	56	103	8	81	101	100	117	97	96	10	23	101	95	75	69	108	119	106	45	82	25	7	55	26	86	78	100	67	8	5	27	36	37	57	57	115	89	60	0	57	91	83	94	58	98	90	110	21	78	91	3	68	116	66	113	85	31	28	8	68	48	115	69	82	43	65	56	63	7	95	8	64	60	101	39	40	55	14	76	103	19	82	97	83	54	17	110	103	44	51	96	37	49	29	22	26	20	98	7	115	96	24	46	94	73	10	23	55	93	4	83	57	38	106	103	78	72	55	38	70	50	60	46	34	71	101	39	83	5	59	29	66	101	53	61	30	119	101	15	91	106	87	57	119	92	49	94	42	56	52	39	41	60	97	0	47	12	45	21	44	64	105	41	62	15	4	105	88	78	23	7	115	15	77	77	6	12	113	29	78	62	76	47	81	58	55	27	12	76	88	38	30	71	55	44	42	10	94	26	28	42	100	97	17	50	73	60	32	83	20	53	27	24	5	39	23	62	88	56	96	7	76	88	37	49	114	82	98	97	88	75	86	64	66	16	24	108	102	31	50	102	115	67	101	19	60	86	112	82	24	109	26	25	55	58	43	40	52	63	74	30	28	111	84	56	113	100	13	35	14	57	94	106	28	86	96	78	4	118	36	8	75	34	115	70	100	96	112	6	68	80	117	65	76	100	60	26	25	4	4	108	98	89	53	30	80	25	96	31	63	33	72	22	77	25	55	2	95	22	29	41	84	98	21	103	91	91	19	78	47	106	101	73	13	29	108	110	3	117	15	8	64	8	73	61	26	25	50	45	76	86	73	43	97	104	117	108	0	27	42	48	9	74	54	7	57	34	97	56	36	4	54	10	110	115	111	60	40	63	15	34	9	118	36	27	32	99	81	63	59	50	84	14	117	35	72	77	113	59	58	99	45	22	116	54	20	61	18	57	81	29	8	3	60	47	25	19	5	0	74	77	78	14	2	7	83	39	33	97	56	114	25	3	96	99	3	107	30	69	10	119	78	70	77	88	108	90	99	48	73	98	39	95	12	36	85	33	91	12	94	40	63	106	81	80	17	57	2	102	111	10	41	57	80	8	26	23	107	107	64	117	54	57	89	40	37	119	25	54	110	18	36	11	94	14	65	12	25	98	4	7	101	89	107	89	47	82	17	13	19	0	44	74	87	65	2	117	87	95	17	90	76	5	6	12	76	12	69	102	33	37	27	77	116	96	97	81	4	35	5	118	12	103	81	17	65	57	96	24	38	50	24	62	28	70	23	119	21	12	84	65	68	72	34	113	26	25	113	46	69	0	51	46	96	51	42	100	71	102	67	9	81	55	62	10	44	107	19	87	119	12	39	76	94	77	49	45	31	35	78	110	51	36	57	101	9	67	44	55	80	22	105	107	37	67	78	97	22	44	65	40	95	49	31	70	87	83	48	92	65	53	21	91	86	76	60	19	4	61	88	88	93	25	43	92	25	40	3	118	24	88	26	83	118	100	84	82	10	98	12	6	74	50	31	88	117	5	6	14	32	39	11	23	85	28	26	48	19	109	101	85	18	41	32	11	17	46	65	84	25	12	92	110	25	107	40	38	119	60	62	88	22	75	52	40	24	119	47	79	66	15	109	0	49	114	39	106	103	100	117	100	78	6	6	16	110	31	21	92	20	87	1	94	81	77	59	62	57	78	119	76	102	107	3	1	119	51	102	8	1	59	84	66	75	52	97	105	56	46	113	69	62	25	118	4	83	89	30	68	46	112	32	60	108	25	7	30	47	117	113	3	70	116	65	116	12	53	39	63	49	69	94	32	36	4	8	7	82	85	100	67	2	33	96	88	65	21	12	36	99	89	79	49	76	60	42	65	7	36	49	8	111	52	80	106	95	78	69	26	81	67	100	119	110	80	64	35	69	96	34	59	102	118	10	90	8	85	100	38	111	4	37	48	118	45	71	0	49	59	26	113	92	94	31	84	2	110	68	106	95	27	1	4	73	69	7	45	106	71	14	3	63	95	45	109	31	16	63	101	14	71	57	36	37	36	0	96	66	36	9	22	37	18	4	102	53	18	2	0	3	101	58	26	1	77	23	102	104	43	115	76	51	89	42	62	104	47	9	59	22	49	90	104	109	80	41	0	87	41	4	100	90	79	32	60	43	81	15	103	113	57	4	51	23	24	99	103	12	5	96	84	42	95	49	15	102	41	105	22	20	57	118	85	2	36	73	101	0	39	96	95	31	103	34	4	98	25	9	20	27	60	94	45	96	70	61	28	80	6	112	11	119	23	81	8	6	84	53	87	116	52	27	70	115	33	72	62	92	80	52	79	52	113	88	39	63	92	50	116	35	29	3	54	98	56	40	4	19	40	92	106	19	56	33	94	49	95	0	88	2	14	77	35	11	97	4	75	10	55	36	90	46	75	20	75	114	72	14	3	0	86	98	83	97	96	117	16	22	16	24	60	69	60	82	42	76	85	22	91	119	98	111	104	93	73	101	34	43	7	58	29	90	42	35	10	55	84	20	94	12	99	31	106	96	97	115	66	50	115	20	72	116	36	27	49	29	79	107	28	117	48	76	113	71	42	65	103	49	18	116	23	63	56	93	107	87	24	12	60	110	2	87	39	111	12	88	58	38	116	46	75	88	18	67	89	11	25	39	38	75	20	0	95	74	116	76	30	91	24	17	17	26	114	51	87	84	51	53	47	6	65	67	70	41	89	85	28	80	21	112	53	23	24	37	42	6	8	33	2	32	93	3	50	78	69	26	97	51	108	23	40	67	40	66	109	38	80	113	81	34	28	5	117	74	47	93	85	94	52	64	29	106	38	10	77	111	66	98	86	85	104	102	70	62	59	10	33	109	1	56	58	115	82	86	93	25	81	3	39	116	81	26	67	78	110	35	50	81	70	17	63	84	45	104	65	29	45	86	97	2	116	73	70	52	59	4	50	58	34	11	107	13	32	23	81	34	69	25	98	85	109	45	52	117	4	37	73	17	15	53	37	16	10	58	113	100	38	71	52	85	75	25	60	70	87	33	21	75	114	64	107	26	31	72	23	113	53	11	9	65	25	6	23	86	102	14	39	119	108	114	105	75	76	6	102	67	32	47	77	33	98	31	96	77	34	61	10	116	11	45	25	23	7	100	34	67	86	96	72	45	61	55	95	50	36	49	26	20	40	85	31	117	111	17	113	117	49	78	54	55	100	104	52	28	10	118	33	8	18	18	63	30	30	60	80	80	68	74	11	112	97	64	105	107	20	116	2	73	110	74	103	5	44	58	84	12	56	85	1	65	75	13	51	43	23	101	3	110	35	85	69	90	73	102	4	109	13	8	4	36	63	1	78	8	97	52	59	109	33	26	115	5	54	100	91	67	53	31	95	28	35	1	68	41	118	78	1	45	94	107	51	72	106	70	9	106	52	32	113	54	62	89	33	75	85	21	19	15	75	4	71	59	113	52	76	24	13	13	85	77	73	118	56	12	29	105	32	82	63	67	61	82	114	101	46	52	94	57	43	88	104	6	83	68	26	41	99	7	100	88	107	91	25	18	67	104	104	85	83	115	42	86	104	42	87	28	59	91	39	1	14	22	3	45	8	80	50	106	76	14	23	90	115	111	47	28	103	58	51	4	0	115	56	119	82	18	105	26	94	112	113	31	72	28	80	0	89	87	6	100	16	24	12	61	73	46	92	98	56	29	91	8	6	45	57	99	76	26	91	77	46	24	63	6	114	119	
118	73	117	96	0	66	37	23	54	73	24	105	5	114	18	68	97	10	16	61	57	103	41	80	25	100	71	99	22	17	9	11	28	96	4	45	82	111	36	14	68	52	111	106	71	75	97	119	64	18	48	34	116	116	16	56	7	96	39	109	104	3	65	48	21	109	49	107	16	25	73	24	16	94	34	50	52	43	68	114	86	75	105	8	48	6	57	102	65	109	30	92	3	1	16	13	95	12	16	80	94	45	32	86	41	87	0	18	9	50	18	35	103	80	119	67	68	56	78	26	65	101	98	74	119	119	36	28	14	39	108	1	41	86	52	17	32	54	28	78	83	63	109	9	5	74	73	82	45	40	24	3	38	42	44	45	71	42	70	49	83	47	61	119	25	100	108	73	19	74	92	24	82	40	77	44	64	17	65	71	12	36	0	50	48	12	83	21	37	89	100	74	92	101	115	98	86	47	66	30	52	106	73	102	54	46	42	44	95	108	77	49	23	6	4	61	7	83	87	18	55	86	119	25	98	39	6	82	32	119	37	16	65	96	68	90	48	58	108	25	28	61	111	31	7	20	5	61	83	104	40	60	63	8	104	21	21	55	86	72	38	37	13	62	92	11	75	2	102	26	19	11	22	75	29	43	13	40	3	59	84	25	54	35	92	39	53	77	38	115	100	98	18	111	89	50	75	42	63	103	33	15	119	2	5	110	49	84	79	16	94	77	58	39	112	87	85	11	64	99	59	52	38	49	35	62	19	11	56	31	33	42	1	1	40	30	32	118	49	66	15	30	39	12	53	106	88	104	76	19	7	101	29	59	5	61	1	98	26	81	81	49	95	89	54	49	6	103	17	51	7	116	115	33	52	1	109	66	77	110	0	1	116	101	108	94	105	39	84	35	109	20	72	55	106	6	8	109	9	6	15	117	34	20	52	112	6	58	50	111	71	1	16	52	5	114	105	119	90	109	100	89	118	108	83	11	51	55	15	38	25	105	74	28	1	33	11	93	5	80	20	82	62	33	62	108	36	43	58	84	64	64	97	84	44	105	36	108	48	14	12	13	54	65	1	104	14	42	22	62	41	92	83	57	25	102	48	25	63	10	24	71	11	24	107	100	118	34	97	65	74	17	45	8	80	22	78	57	47	81	22	85	99	100	39	101	82	104	40	114	71	45	43	38	43	13	74	97	94	33	76	76	2	82	35	88	78	112	112	79	102	29	52	16	41	2	56	70	88	63	77	81	61	46	44	58	24	48	29	27	67	117	19	99	54	111	38	85	50	111	31	17	41	38	38	33	100	60	62	20	35	107	86	21	15	19	73	84	66	23	38	98	28	62	104	96	103	114	94	96	91	35	2	73	90	115	38	102	20	43	105	47	35	20	109	118	31	110	67	82	33	83	4	14	75	4	113	18	13	113	3	63	81	20	83	62	112	38	90	65	25	104	105	96	63	50	81	91	99	86	58	6	21	116	119	95	95	87	112	64	9	118	69	59	116	90	65	80	106	62	115	112	107	1	118	13	113	101	41	22	93	98	103	46	38	27	47	61	55	78	27	76	81	39	92	60	60	13	116	79	42	98	58	77	11	119	64	103	48	61	39	94	115	36	0	51	52	62	92	112	77	3	20	117	94	118	55	111	1	62	18	38	20	97	71	112	114	74	56	31	18	43	18	32	11	61	113	82	18	78	109	17	34	33	17	3	24	68	10	32	105	14	88	85	15	88	55	92	21	86	16	64	64	32	25	47	115	101	29	112	60	60	29	0	2	112	46	114	61	83	15	113	118	20	91	59	27	15	19	107	60	107	52	18	29	8	95	5	33	115	99	92	83	56	71	59	60	70	60	89	93	10	87	53	105	31	29	86	26	39	89	1	73	23	8	31	80	62	114	18	21	53	37	79	106	39	38	96	51	75	33	114	8	107	114	74	101	53	109	64	102	41	99	114	10	70	49	116	29	35	29	27	13	18	105	19	43	78	97	17	7	105	33	111	78	45	77	109	48	30	26	67	12	85	65	17	11	107	22	101	10	104	62	56	50	20	23	83	27	88	106	41	81	83	68	119	2	33	63	27	12	49	56	40	103	17	10	25	105	99	21	56	95	65	99	64	10	70	50	66	63	77	63	26	21	77	104	54	100	100	76	41	73	104	4	88	27	1	101	99	45	68	73	92	93	76	12	68	48	79	116	25	75	67	62	118	74	10	11	53	33	66	65	94	67	14	1	82	94	44	37	54	69	116	98	27	97	104	65	108	5	50	31	63	79	7	114	87	94	79	119	52	84	62	21	79	10	27	63	23	105	77	29	110	97	28	85	79	80	26	36	100	104	31	4	39	62	44	63	75	81	118	27	83	62	59	43	118	13	55	46	0	70	61	0	115	51	69	119	68	108	53	95	30	22	74	85	101	52	49	38	51	76	39	18	79	91	80	47	36	74	110	5	96	68	25	16	65	100	55	87	105	41	10	80	69	71	102	51	66	14	63	58	16	95	17	44	105	29	112	97	96	35	8	6	63	77	25	58	27	102	74	25	5	42	45	79	11	38	15	57	50	102	56	85	71	49	68	53	93	3	21	104	49	61	6	21	59	97	25	25	77	39	54	37	26	40	41	74	38	11	45	81	93	70	33	110	18	51	42	4	24	68	22	110	47	117	30	82	24	86	26	62	68	66	112	64	109	103	21	42	45	62	66	37	11	72	91	105	82	69	3	39	8	55	15	74	47	56	59	68	87	46	33	79	30	99	111	67	96	2	44	32	113	28	113	87	114	35	7	102	3	60	84	101	77	65	2	91	117	115	88	67	21	26	99	91	111	78	50	55	8	58	117	48	62	87	93	33	55	28	55	6	100	49	38	58	64	63	107	4	85	54	12	118	76	102	11	0	30	104	54	57	118	14	28	27	8	108	103	21	99	92	101	12	30	107	45	63	7	78	30	116	58	114	56	79	65	28	44	40	112	95	23	9	78	8	76	111	86	11	95	82	49	48	83	27	9	96	21	88	22	79	49	71	72	60	117	56	5	24	21	10	82	1	119	31	70	65	52	109	22	28	44	79	66	100	106	93	0	55	26	102	93	115	41	93	17	2	52	100	75	27	30	4	85	14	15	99	8	109	12	46	62	102	23	108	100	112	81	117	115	83	95	80	24	54	117	101	49	60	66	80	78	3	56	109	16	68	24	62	33	7	107	85	76	84	100	27	69	112	92	82	99	53	10	1	9	67	72	43	81	26	31	77	68	114	47	89	25	85	87	118	49	106	49	74	54	41	46	94	53	62	101	85	114	101	73	93	46	67	102	29	68	3	65	108	76	112	105	71	110	101	108	89	110	104	30	79	60	39	42	38	68	23	85	92	37	50	45	92	102	114	25	70	41	76	65	79	65	35	81	41	111	67	22	58	97	87	58	90	50	78	73	18	105	0	111	11	63	81	82	56	19	32	34	59	69	71	98	78	103	38	52	70	72	105	79	6	33	77	98	26	37	19	9	81	77	51	51	57	7	76	26	101	88	20	99	10	78	8	59	109	85	92	7	52	10	62	50	99	19	57	7	117	57	100	115	24	72	71	54	47	11	60	3	9	68	5	28	112	67	14	97	61	38	115	79	69	32	9	68	61	15	117	93	17	32	19	78	87	8	49	70	45	92	32	48	50	78	39	61	88	83	94	7	33	98	108	62	26	19	20	69	111	91	77	118	28	5	78	77	54	80	103	50	17	118	88	118	98	65	84	63	8	18	63	93	52	24	59	24	51	23	89	55	88	40	54	37	24	108	114	58	113	67	19	71	23	83	14	105	51	15	39	80	85	89	31	88	72	95	55	16	34	94	35	49	37	37	46	1	101	79	2	76	10	36	59	3	78	9	46	26	60	22	38	75	15	15	20	50	89	104	83	46	67	59	83	90	58	32	91	3	85	69	7	43	19	66	60	51	52	75	95	22	56	93	95	116	23	103	72	36	61	35	107	32	72	8	33	87	61	110	86	67	12	112	106	108	18	104	14	67	112	14	59	24	79	76	105	22	0	72	34	0	74	117	4	12	2	62	15	44	82	62	31	96	17	72	96	61	117	34	47	23	2	33	20	90	50	6	91	74	103	97	81	67	25	49	107	38	27	25	43	47	89	7	54	13	16	112	89	25	113	45	95	84	34	23	54	38	68	42	64	26	9	31	85	119	35	53	119	119	106	111	63	94	75	35	99	35	57	78	15	10	58	65	116	22	71	61	108	94	37	25	25	52	2	47	19	7	109	103	67	23	51	37	62	70	59	69	100	6	93	57	72	14	8	11	27	19	5	117	31	50	99	113	102	78	93	60	93	69	19	72	19	5	0	27	2	47	52	31	94	20	26	50	6	33	9	1	25	72	67	13	88	81	96	101	27	45	49	26	47	56	22	103	83	78	76	49	2	79	42	41	81	113	25	23	64	3	113	88	42	84	21	117	112	66	101	86	114	74	106	17	4	89	40	1	71	64	68	67	107	70	95	100	86	18	64	28	47	82	106	119	77	49	70	55	67	78	34	29	28	118	67	1	32	55	80	77	41	96	33	119	85	107	58	5	16	77	76	56	82	30	7	74	114	80	39	17	26	66	30	18	19	27	76	27	55	110	84	78	39	115	90	50	31	19	20	7	62	26	81	71	66	70	19	113	35	74	16	88	80	23	112	31	106	16	37	86	83	64	31	40	29	91	78	11	36	96	17	36	93	104	53	2	5	118	15	0	116	81	111	97	20	44	86	87	21	79	115	1	30	65	9	101	43	61	32	79	49	6	75	5	21	12	110	44	88	64	54	87	51	48	12	3	20	72	68	21	35	62	18	81	98	105	97	49	28	47	109	87	71	83	111	15	72	96	43	23	14	35	8	32	80	36	71	69	12	105	73	3	80	41	19	40	89	108	112	26	66	12	74	56	44	84	13	79	42	68	2	55	86	84	27	56	110	16	39	78	28	117	55	88	86	56	13	56	106	56	81	22	118	72	76	93	77	112	16	108	2	61	75	50	88	115	28	35	94	110	108	97	35	97	50	41	19	108	53	39	31	31	59	114	118	18	61	66	4	99	25	19	55	90	64	63	105	23	11	101	36	46	51	107	31	102	81	17	71	100	34	64	115	115	85	60	55	108	50	73	19	95	66	56	52	13	43	13	57	38	59	114	22	11	11	17	105	58	98	39	76	104	85	112	100	17	28	73	117	82	33	5	50	118	23	77	113	5	118	32	41	1	91	26	103	15	22	42	92	10	74	40	82	82	91	79	40	64	12	57	76	75	60	27	18	98	99	93	87	27	32	96	4	37	112	88	8	68	53	112	5	60	60	26	63	21	37	20	41	70	4	92	91	109	62	93	115	25	23	90	74	40	2	71	25	74	82	12	102	40	108	1	116	88	32	59	8	57	115	52	104	97	50	48	111	119	39	108	20	92	37	86	36	117	3	35	106	7	62	18	58	85	107	91	11	60	44	27	75	24	95	44	50	67	98	23	52	10	26	100	40	68	53	67	2	103	1	76	0	81	23	104	64	28	77	109	51	113	108	116	76	60	70	62	53	53	26	33	65	36	49	64	48	20	65	18	78	47	14	94	11	47	115	113	60	24	0	27	58	113	45	13	78	85	25	44	117	33	78	6	54	113	1	0	67	78	33	6	72	56	17	41	57	111	1	82	65	21	34	28	100	18	31	27	0	93	92	103	49	97	35	39	118	10	109	109	71	33	12	26	116	15	96	38	15	69	82	80	0	54	77	115	1	90	30	24	69	96	11	117	6	52	20	95	0	69	108	68	13	26	84	39	15	110	90	113	108	38	70	105	35	18	76	74	100	47	37	12	17	86	90	25	50	69	11	77	9	45	90	33	57	76	93	61	33	19	53	11	40	28	2	99	100	67	31	43	39	105	12	79	99	44	70	57	5	53	84	27	11	43	106	29	23	16	87	47	13	66	60	30	118	80	113	111	71	110	68	91	65	61	53	79	18	8	71	17	54	49	85	74	5	50	69	70	94	104	27	26	10	16	97	31	60	25	101	63	101	43	58	115	36	50	5	53	24	42	68	111	75	21	11	18	90	39	44	99	14	76	52	59	49	110	51	84	74	0	64	102	27	87	40	45	51	22	58	118	112	18	92	88	47	41	2	102	48	27	101	119	33	91	114	71	93	115	51	9	8	50	31	32	36	58	0	27	80	16	18	45	20	64	103	85	94	108	61	3	15	97	0	58	30	91	70	46	59	77	105	1	108	88	110	94	72	118	112	14	89	43	51	100	5	31	65	54	62	43	72	59	103	28	87	45	11	91	43	81	64	114	31	101	97	69	2	24	91	96	21	97	62	17	35	24	96	24	57	80	49	111	57	112	8	43	115	37	111	46	35	56	114	28	104	54	36	22	66	52	27	99	19	114	68	108	31	79	63	83	46	13	89	107	81	12	0	52	16	50	99	14	19	89	8	93	48	29	100	65	105	111	51	45	27	44	83	63	82	73	84	15	32	2	71	118	21	61	18	112	24	91	118	86	94	66	108	31	88	117	36	50	73	34	46	49	80	69	8	8	74	113	89	19	16	73	103	46	6	79	64	113	20	17	1	93	35	23	66	60	105	107	9	77	81	118	49	42	10	85	97	100	45	68	49	96	15	114	83	34	35	52	96	90	91	22	106	116	74	22	81	72	97	88	60	108	27	77	90	50	77	12	66	104	53	112	0	48	81	80	45	47	65	92	7	85	38	56	47	98	118	17	40	21	84	78	111	25	7	9	43	13	48	110	81	54	113	74	81	45	103	111	7	64	74	56	16	26	24	118	87	77	93	17	22	72	36	118	10	14	5	2	38	2	8	37	74	107	23	50	15	106	45	65	79	5	0	24	50	98	5	10	3	86	7	61	31	95	69	31	103	86	78	117	33	101	79	116	43	107	93	99	118	46	84	116	13	18	91	80	115	41	58	41	29	38	12	80	11	83	23	34	119	119	21	66	47	99	74	110	14	46	71	48	43	95	72	119	25	97	104	76	39	97	64	40	54	73	43	43	79	111	115	62	28	7	46	44	78	92	103	113	12	15	100	21	32	112	77	73	68	64	96	71	59	67	2	38	15	9	94	67	76	92	52	66	66	4	71	59	44	22	50	20	80	33	35	85	12	12	40	90	66	30	37	43	111	42	14	69	2	45	51	27	107	105	30	78	31	111	87	105	84	14	32	64	60	81	34	21	55	16	34	17	35	37	109	45	86	36	17	68	11	30	94	30	57	22	108	78	114	98	54	23	104	63	67	57	105	86	53	89	30	101	96	119	113	46	91	113	83	93	27	62	78	111	84	113	5	31	7	33	78	108	15	100	39	67	36	95	58	21	25	79	5	46	62	100	14	15	70	67	104	99	84	71	32	83	44	0	99	38	59	80	109	7	107	91	60	107	105	4	46	36	39	36	105	39	20	43	112	92	104	77	3	114	1	70	100	90	98	73	48	46	70	116	88	87	2	92	33	20	118	32	7	44	76	3	24	94	28	111	22	10	52	75	109	32	114	118	103	57	47	37	111	26	33	102	99	72	40	59	61	20	81	11	77	101	80	13	74	110	33	11	17	59	17	17	9	1	47	105	17	13	116	30	110	60	78	52	82	59	77	42	54	107	53	81	107	22	65	42	32	51	0	69	44	110	3	22	96	46	90	118	83	60	51	35	63	113	101	118	41	73	7	100	74	30	61	113	67	27	73	56	93	42	38	0	20	19	38	57	36	88	76	77	75	106	11	68	75	95	32	100	107	42	33	98	50	95	78	43	97	22	83	22	118	84	27	113	70	12	107	4	58	111	106	105	1	81	39	43	25	39	112	81	89	92	103	88	15	68	82	76	8	17	59	69	118	91	30	44	67	9	25	59	23	45	55	103	20	8	21	97	86	110	55	9	95	103	116	86	36	30	61	52	45	30	31	29	15	29	29	84	79	103	27	63	55	110	9	111	45	88	76	40	107	19	31	95	100	23	31	48	90	43	111	19	92	106	26	103	68	41	33	14	85	66	105	40	33	91	75	105	80	18	28	44	5	107	61	22	11	18	18	51	42	5	84	106	11	64	22	64	38	84	39	26	99	102	73	23	2	83	66	73	8	33	94	14	73	53	12	62	113	9	0	94	42	27	66	8	100	63	59	11	76	5	104	100	59	12	31	73	86	107	71	82	83	90	60	78	66	17	45	39	96	17	40	102	109	91	64	48	77	12	24	102	84	5	112	75	66	85	73	24	6	12	63	103	0	5	1	50	62	94	99	10	80	57	37	85	92	97	117	112	80	107	42	73	93	105	26	61	104	91	74	49	97	79	104	36	37	74	102	105	74	76	11	53	76	67	37	74	83	72	64	81	113	94	93	32	41	17	48	2	114	14	28	88	71	114	69	81	8	3	45	20	10	56	47	66	49	96	15	71	103	103	33	46	47	104	82	43	8	65	53	11	30	85	50	96	51	75	41	21	7	73	119	65	51	78	83	98	115	25	4	35	41	77	62	84	48	100	64	24	117	16	45	34	34	46	68	97	43	59	52	101	70	48	25	54	36	51	5	11	89	49	58	47	36	31	104	18	102	74	2	34	4	103	27	60	72	24	20	31	10	61	28	65	24	20	119	64	56	60	4	84	42	25	95	92	57	65	59	109	102	27	27	76	70	48	79	103	98	69	53	52	23	116	83	6	29	93	105	49	106	62	38	117	39	82	116	77	110	114	36	1	112	119	47	34	20	113	37	74	85	25	1	16	19	113	66	6	103	98	26	118	83	45	66	111	111	25	10	39	33	61	41	100	76	117	52	42	11	15	33	94	5	113	49	77	2	28	5	53	40	22	85	81	92	38	6	71	63	25	26	74	6	4	10	7	31	55	101	66	89	90	73	49	90	29	71	12	108	15	1	95	56	104	36	86	42	0	42	105	68	65	118	113	47	7	27	9	54	70	35	100	10	44	29	109	23	38	31	33	74	87	35	64	51	116	114	108	90	107	91	56	57	82	40	116	64	71	12	104	54	82	28	83	24	51	35	43	60	60	16	52	73	72	54	65	82	75	3	64	108	115	11	69	75	27	11	16	73	32	7	52	1	5	50	117	119	104	36	59	111	92	55	58	14	48	13	109	47	109	40	111	24	63	70	80	27	24	5	2	12	55	31	48	44	93	4	18	45	94	93	48	69	60	50	13	5	97	21	98	118	55	11	64	13	105	52	104	6	115	30	11	35	64	74	91	34	72	76	35	111	118	101	100	68	86	8	95	84	109	78	23	68	84	25	39	48	55	34	25	118	53	22	96	56	90	7	75	12	91	42	52	29	77	63	53	95	88	11	41	0	16	105	102	108	47	5	27	15	78	54	15	110	10	82	118	102	48	22	94	92	37	85	118	95	50	31	60	118	78	112	50	5	58	31	90	46	66	74	50	45	42	21	90	35	82	58	67	103	28	28	95	31	60	51	37	43	50	35	83	82	105	8	116	57	109	83	33	81	55	63	87	73	0	1	101	15	24	105	83	23	113	7	89	23	31	58	10	23	19	55	102	8	109	94	15	108	103	40	33	44	44	114	5	17	84	118	86	101	10	32	85	9	109	11	65	93	109	60	110	70	109	11	79	93	20	13	41	99	94	88	39	88	104	24	96	5	85	75	71	88	84	103	6	49	96	38	108	50	116	104	39	106	8	13	37	33	104	90	25	8	71	17	95	42	2	109	28	46	67	108	95	25	43	39	26	119	51	113	79	82	40	0	5	98	13	30	57	24	19	115	111	67	1	48	26	114	109	8	35	85	72	29	67	85	34	25	67	51	4	51	5	25	92	1	67	80	62	51	45	52	85	88	52	9	102	51	19	7	22	18	106	115	55	94	108	89	117	78	39	100	3	77	47	36	89	73	115	86	101	114	8	36	119	46	22	28	20	119	63	93	86	69	42	80	40	63	6	17	98	85	91	38	91	14	82	15	109	59	116	95	58	119	110	34	72	25	71	100	54	34	22	27	67	111	60	96	92	80	110	89	0	101	83	26	94	83	13	18	96	64	25	23	37	22	78	81	28	55	113	47	93	76	34	71	100	95	0	12	91	57	25	82	63	95	98	23	15	53	2	117	47	21	33	59	5	1	28	42	116	81	75	49	99	49	36	78	65	105	31	111	46	62	64	56	5	51	12	15	56	36	28	88	102	19	24	105	74	42	117	117	41	80	79	79	2	101	77	52	12	49	35	42	19	25	40	38	13	87	118	0	98	59	36	53	118	103	25	95	47	86	115	31	43	94	117	112	55	112	76	39	33	90	31	19	84	57	85	115	81	102	42	77	3	106	17	66	20	87	16	8	43	98	96	18	71	94	96	28	66	28	19	119	70	12	83	93	48	50	79	44	46	38	67	108	8	3	0	97	70	39	46	16	88	91	103	13	74	63	112	67	34	55	1	27	8	89	47	84	15	78	37	14	17	84	103	93	93	30	72	63	92	94	70	50	50	16	104	21	105	94	94	77	15	6	53	27	1	60	5	24	41	13	31	32	96	95	75	115	10	61	33	23	2	75	118	85	55	73	97	58	14	2	87	49	74	80	75	20	17	71	13	3	56	59	52	115	13	33	68	19	116	29	98	70	61	78	15	34	95	89	117	88	70	67	64	17	7	106	9	57	35	118	95	50	73	36	82	74	89	66	75	71	54	53	104	43	112	21	111	2	15	41	15	106	108	2	109	105	26	23	79	14	82	39	20	88	79	99	95	71	98	83	57	19	9	6	93	59	68	93	1	83	26	46	30	71	48	26	97	22	105	117	61	102	85	87	114	24	13	46	1	27	83	8	73	4	29	0	78	9	67	52	115	23	78	37	26	73	20	42	85	22	8	21	28	3	108	44	115	39	71	93	16	82	46	98	12	64	6	87	88	91	15	20	115	52	81	27	98	1	24	111	110	103	18	16	104	25	37	62	46	45	56	112	72	116	10	95	77	4	7	56	71	111	41	108	117	28	72	12	11	62	119	17	118	58	37	116	2	28	15	69	10	59	50	11	22	111	90	104	98	89	112	81	10	100	22	98	34	32	41	87	105	96	63	36	98	23	83	20	69	45	4	34	23	4	87	78	66	66	14	112	37	83	11	54	82	101	47	115	14	107	57	35	64	22	99	49	80	19	26	19	35	98	64	4	27	22	100	32	85	106	60	77	118	9	60	71	98	116	113	4	47	36	16	7	12	13	114	45	88	117	96	108	97	24	45	99	100	110	3	16	6	44	110	84	42	19	113	93	4	108	38	96	106	24	59	106	104	107	103	17	113	6	61	4	95	66	56	44	71	7	88	0	61	93	114	73	23	8	117	64	86	
13	16	16	3	19	8	1	8	9	17	14	13	15	6	9	20	19	5	13	14	14	3	1	19	5	9	5	8	4	8	10	3	1	1	9	16	9	20	19	9	9	12	14	6	9	5	10	8	11	12	16	1	3	9	9	10	3	11	3	19	16	5	9	5	11	10	20	17	16	8	16	9	9	6	16	11	4	1	7	20	2	3	5	3	16	7	20	15	6	20	7	1	19	9	14	19	10	17	19	6	2	12	18	15	6	4	1	10	20	20	4	13	1	6	4	4	10	20	19	1	15	18	1	17	19	9	19	4	1	10	7	8	16	2	1	14	11	2	15	6	20	20	5	14	16	11	8	18	8	2	18	4	13	5	7	9	8	13	17	10	2	11	4	15	3	20	5	6	18	6	6	11	18	8	15	12	1	1	5	18	16	13	14	17	4	5	3	19	10	6	15	8	3	17	5	7	4	12	6	10	9	10	10	1	5	10	14	19	19	16	20	2	13	13	8	6	20	2	19	17	9	16	11	20	5	12	20	15	1	4	20	8	6	20	19	20	12	20	10	3	10	15	11	11	15	13	14	5	13	4	1	13	17	7	4	5	16	1	16	17	7	9	7	19	11	2	17	8	17	4	11	16	17	8	7	17	10	11	2	12	7	15	7	5	6	15	17	2	5	10	1	4	7	16	15	3	9	10	12	1	18	5	13	7	6	18	17	17	6	2	6	17	14	7	15	7	8	12	12	5	14	4	11	8	11	7	20	12	1	18	4	15	1	2	5	18	8	1	15	13	10	10	19	2	6	20	11	6	20	18	16	1	8	19	13	17	20	19	9	14	1	12	9	6	16	17	5	6	14	20	10	14	20	11	6	4	19	6	5	13	8	14	4	1	7	20	9	10	3	17	12	1	19	18	3	14	9	4	18	15	18	5	10	13	15	1	5	16	1	13	3	10	9	18	6	15	7	9	2	1	6	3	4	1	1	2	6	11	19	13	4	1	3	15	4	16	11	12	2	16	16	13	15	3	15	3	1	2	9	15	12	17	14	6	17	14	17	18	6	17	9	7	11	9	13	10	18	4	8	12	7	18	20	2	15	6	18	13	4	6	3	2	6	10	12	11	3	4	1	20	19	12	13	9	3	5	15	13	9	2	18	16	5	16	1	16	13	17	2	8	13	2	6	15	14	20	10	20	14	7	7	14	13	17	13	5	5	10	19	18	17	4	16	18	17	16	15	11	15	10	7	20	6	4	10	20	19	14	1	11	6	15	5	18	16	10	3	2	7	4	12	4	19	3	4	13	9	16	2	19	11	19	9	13	13	11	15	18	13	18	18	18	7	8	17	2	16	12	14	15	10	19	9	3	1	8	13	9	19	5	6	8	7	18	8	15	17	10	6	9	12	7	3	6	5	6	9	3	1	15	9	6	10	15	4	10	12	1	19	18	13	4	11	2	1	18	8	18	9	7	5	18	11	13	1	12	16	9	3	18	7	15	2	13	19	1	8	3	9	11	2	16	20	3	9	17	12	6	1	11	7	9	13	19	12	8	13	18	19	16	9	1	14	16	3	2	9	7	13	5	2	18	14	7	9	4	20	17	15	16	12	16	6	7	14	5	2	8	9	1	20	1	1	18	6	18	8	12	11	12	12	4	3	1	7	16	4	12	7	1	3	2	5	14	13	12	16	7	15	13	11	13	3	15	9	7	15	12	8	13	5	9	8	15	7	12	12	12	12	13	1	14	12	11	14	12	2	5	11	5	6	6	2	5	9	14	2	2	7	3	14	12	10	3	5	16	14	1	4	10	16	16	6	16	3	2	9	5	12	4	13	13	12	6	10	12	3	16	6	5	6	9	14	11	12	3	16	14	11	14	10	8	3	4	5	9	14	16	14	6	12	1	12	9	14	3	10	11	8	6	12	5	4	10	6	5	5	4	12	10	9	7	15	16	16	11	10	14	7	14	2	12	14	16	5	2	8	6	14	15	1	6	9	8	11	2	6	12	16	10	7	1	11	7	1	7	10	4	8	13	16	5	2	15	14	5	4	5	7	6	5	7	16	12	7	11	11	8	5	13	4	2	9	16	8	5	7	14	16	1	13	14	4	16	15	3	4	10	7	16	9	2	10	9	14	6	1	8	6	14	11	16	2	8	8	11	13	10	2	13	14	11	10	2	11	2	7	16	11	1	1	9	7	2	16	16	1	3	5	14	8	16	7	13	5	5	11	13	7	8	5	6	7	16	6	6	12	5	6	1	14	11	16	12	5	14	3	14	7	13	5	2	15	15	6	14	9	12	13	3	5	3	11	7	9	10	6	2	13	2	2	9	3	14	10	5	14	1	11	6	11	2	4	12	12	2	9	1	5	14	15	6	3	13	14	1	3	10	9	6	16	10	11	12	1	15	1	14	3	2	2	11	4	3	5	5	15	4	10	3	9	9	9	7	10	15	9	16	15	3	13	12	5	16	8	15	6	1	14	2	2	5	13	8	15	3	3	14	14	1	7	6	8	12	14	16	14	1	10	2	12	6	14	4	15	2	2	7	5	16	4	11	16	10	4	1	4	11	11	4	15	2	16	13	8	13	14	1	16	15	14	6	2	4	2	3	13	16	4	1	9	12	6	16	11	10	10	15	16	1	11	15	16	3	5	13	6	15	9	2	2	3	3	9	9	13	12	2	9	10	11	7	6	6	2	11	3	15	3	6	15	15	6	15	13	6	3	9	16	8	4	5	16	15	16	2	6	4	8	14	8	4	1	9	16	16	3	16	1	16	2	12	9	3	12	6	4	6	10	1	7	3	12	15	6	3	12	1	6	2	3	4	16	3	7	12	14	11	9	16	10	14	1	16	6	11	15	1	16	7	10	10	10	14	10	14	8	14	8	7	14	2	10	13	4	1	6	4	12	11	3	3	3	13	11	9	4	2	2	13	8	3	15	13	15	9	13	7	11	16	15	10	2	15	4	6	4	6	13	10	7	6	5	6	5	11	1	14	8	8	14	9	6	12	15	2	14	12	7	3	11	10	15	5	5	1	4	3	5	11	6	11	5	6	16	5	13	6	16	16	15	15	9	10	12	8	2	9	3	3	6	3	6	4	16	11	13	4	5	13	9	8	12	12	2	12	15	9	14	15	5	12	13	7	6	15	13	14	9	14	1	12	5	12	8	5	15	6	12	10	3	15	1	16	12	7	6	16	10	6	16	5	2	13	14	13	10	9	11	16	14	4	14	2	7	5	9	6	3	6	1	15	5	7	6	3	3	6	4	8	8	4	11	12	13	9	5	1	10	13	11	1	16	10	5	14	6	12	10	8	9	13	9	13	5	15	1	10	11	14	8	15	11	4	11	12	9	4	12	7	13	1	7	13	9	14	2	14	4	9	4	3	4	9	12	14	12	11	7	16	1	16	12	14	12	7	6	9	12	12	12	15	12	4	1	2	9	7	15	11	1	7	16	8	16	5	12	6	9	6	16	9	8	10	5	4	14	7	2	8	15	7	3	11	9	6	10	7	9	14	16	11	1	7	6	1	1	15	3	14	6	1	15	15	2	12	13	4	7	8	12	10	11	4	10	8	1	1	4	5	12	4	8	16	7	2	3	15	12	4	14	14	15	10	2	14	10	2	1	6	8	3	16	14	13	7	11	10	6	5	3	6	10	10	13	13	16	13	1	12	8	4	16	8	10	12	10	11	11	6	10	16	7	11	15	4	6	14	6	2	6	5	13	13	13	7	10	15	7	9	5	7	5	8	15	5	5	9	3	13	4	4	6	14	15	7	6	14	8	7	15	4	8	6	12	8	6	1	15	11	14	5	11	1	14	11	4	5	14	6	13	6	11	15	4	15	10	14	8	14	1	10	15	7	7	1	5	3	15	6	12	13	1	3	11	15	13	8	4	2	2	10	15	9	1	11	4	13	3	13	13	9	13	1	12	1	11	9	7	15	11	4	12	3	2	10	6	2	2	4	8	4	2	12	8	6	12	6	15	4	11	3	10	14	1	11	6	4	6	8	12	8	16	14	10	5	9	2	15	9	6	11	7	2	16	9	15	6	9	12	15	3	8	15	4	12	8	4	11	10	8	14	14	1	16	4	11	6	9	11	1	1	3	12	9	14	12	15	4	10	3	2	6	1	3	2	14	7	5	7	8	4	11	11	6	12	10	1	11	15	16	6	5	15	10	5	13	3	11	16	12	11	4	11	5	7	9	12	6	13	11	3	11	12	9	8	9	10	12	16	15	13	9	5	16	8	15	11	13	5	5	14	10	5	9	8	15	3	15	5	16	10	16	12	10	9	8	8	5	15	10	5	15	15	8	10	1	10	8	15	1	9	7	13	11	3	4	10	2	16	15	11	8	7	9	3	14	8	15	13	6	2	13	15	14	7	16	13	14	15	7	5	7	4	14	16	13	4	12	4	7	6	10	15	1	11	1	9	13	4	14	13	16	4	12	5	13	15	9	5	6	9	13	12	3	4	5	8	8	11	3	14	3	4	11	9	13	13	16	10	2	9	3	8	5	8	3	3	15	5	11	6	4	16	14	6	9	8	15	2	14	12	9	12	6	7	14	6	15	1	5	6	13	6	16	13	12	13	12	3	8	1	9	10	12	6	13	13	11	16	12	6	2	14	12	2	10	1	3	7	3	13	14	8	12	8	9	9	14	5	7	1	2	11	11	16	8	2	10	6	11	12	14	3	14	10	2	1	12	1	7	11	7	1	6	11	6	4	10	8	10	6	14	4	2	12	12	1	9	3	15	3	14	7	4	11	9	14	4	4	4	6	8	12	10	10	9	8	9	15	8	6	8	3	3	6	7	9	14	5	4	2	13	14	6	4	6	3	4	9	6	6	9	5	1	15	4	5	2	15	15	7	5	7	10	15	6	4	2	16	16	4	14	7	15	11	1	8	14	1	3	10	1	7	9	4	10	6	9	1	6	4	11	6	2	16	14	16	4	10	4	13	12	8	2	11	8	2	9	12	7	12	3	12	2	3	7	8	13	2	16	6	9	12	13	8	12	5	1	5	16	7	15	14	6	9	4	6	12	11	10	10	9	11	12	12	14	5	6	13	10	9	14	6	1	6	13	5	6	9	5	11	13	6	9	6	12	15	5	15	8	16	2	14	14	12	15	10	12	16	8	6	16	14	10	11	8	6	5	13	4	6	15	4	11	16	4	11	12	14	10	11	7	6	7	10	10	16	3	5	2	8	15	2	8	2	8	5	16	16	5	8	11	4	3	12	9	1	15	2	5	2	14	9	16	11	2	13	15	13	4	4	15	6	15	3	10	14	7	3	16	4	10	14	4	4	7	8	14	12	13	10	13	6	2	8	14	9	7	7	15	13	1	9	5	8	14	1	8	14	1	8	9	13	3	5	11	16	9	6	2	10	12	8	11	4	3	12	3	7	1	14	16	4	13	1	13	3	4	13	11	3	1	8	16	11	7	16	2	10	16	10	12	15	4	16	8	10	8	6	3	7	13	9	11	15	9	10	11	8	5	15	14	4	10	1	2	1	12	4	16	16	7	5	6	3	2	9	7	6	9	6	12	3	14	14	6	4	5	11	10	5	16	16	2	13	10	14	15	16	6	9	12	11	15	10	8	3	4	15	12	1	1	5	15	2	11	3	15	3	13	8	13	15	11	13	15	10	7	6	10	5	16	9	13	14	16	15	7	10	3	12	6	3	8	12	9	6	1	9	7	4	6	4	11	10	16	13	14	10	7	8	9	7	9	1	15	2	8	12	10	5	8	4	7	14	13	3	12	12	11	9	11	6	16	15	3	3	7	6	16	6	12	15	1	14	13	14	16	13	1	1	9	10	14	8	5	9	4	7	13	1	16	6	9	6	7	15	9	2	8	12	7	13	15	13	5	5	15	5	10	14	4	5	16	9	14	16	13	6	15	3	2	10	14	6	9	5	5	7	10	4	14	11	9	1	13	7	11	11	11	7	1	5	15	14	10	2	12	2	8	1	6	6	5	7	13	16	16	6	4	4	13	12	2	2	6	15	5	2	13	5	5	3	15	9	11	4	15	9	16	10	8	4	11	11	13	10	9	8	4	2	16	2	14	3	1	10	15	10	11	5	14	14	1	14	14	9	6	16	14	6	12	12	7	6	11	13	7	4	6	8	4	7	16	13	8	6	5	12	15	6	14	2	12	12	3	6	13	13	5	16	9	16	15	15	1	10	11	3	3	16	10	15	10	14	16	7	14	13	8	1	4	2	16	14	9	15	3	12	2	15	4	9	15	5	9	16	12	12	14	14	6	11	1	12	13	11	11	6	15	2	13	2	13	8	12	14	9	6	1	1	14	8	13	12	7	2	6	10	13	5	11	4	15	12	12	9	1	6	11	10	12	12	14	6	9	9	3	1	1	13	11	4	8	9	13	16	2	15	2	11	16	3	16	13	1	13	10	16	12	7	7	14	1	12	7	9	7	16	1	13	1	2	1	14	16	4	8	10	8	7	2	5	2	7	10	12	12	2	9	12	16	3	1	11	5	5	13	16	11	8	9	11	4	6	5	16	7	15	3	8	10	3	8	16	9	3	7	2	8	15	1	13	7	16	16	6	16	10	5	9	5	11	1	12	9	13	15	4	2	2	14	6	12	2	4	1	9	7	12	7	7	4	13	11	5	11	6	8	6	15	13	11	6	3	4	14	15	7	6	6	2	6	15	4	6	12	2	8	2	15	11	16	3	4	7	8	13	5	14	8	5	5	11	12	8	16	4	1	12	2	10	7	16	4	14	15	5	9	8	8	10	2	1	13	16	14	13	6	4	12	11	3	10	7	5	13	16	1	16	7	12	14	9	15	13	7	3	15	13	11	7	16	6	8	12	12	11	6	7	6	7	10	8	3	7	14	7	3	1	9	16	16	1	8	4	8	8	2	13	9	12	13	5	1	6	9	16	9	16	7	5	14	2	3	11	11	16	16	3	8	16	3	12	13	3	14	2	5	14	15	15	16	16	1	16	4	13	7	4	12	2	16	6	9	14	16	6	13	9	4	8	3	6	2	2	7	2	9	8	12	13	13	16	1	13	8	4	8	16	11	6	3	14	6	10	9	15	5	1	2	10	13	4	14	12	2	14	6	16	2	11	2	3	4	14	12	6	1	11	15	1	7	10	13	13	3	16	4	11	9	6	1	4	5	8	12	10	8	12	8	11	10	14	16	1	14	4	16	7	4	11	11	3	16	2	11	4	14	12	16	7	5	12	12	4	10	2	15	9	9	1	15	7	9	10	3	11	3	2	15	12	10	14	6	7	1	7	7	8	5	1	10	2	1	10	2	14	1	13	4	2	4	9	6	6	8	2	3	4	16	9	3	7	12	3	8	5	11	16	15	15	1	9	8	10	4	12	16	2	16	9	3	14	8	5	12	15	16	6	5	13	12	8	2	11	9	2	11	3	14	14	9	12	11	3	7	14	7	16	8	16	3	11	4	6	4	12	1	5	3	12	7	5	3	12	15	2	2	8	3	5	13	8	11	13	9	9	13	1	14	16	8	3	5	8	9	14	3	6	16	3	15	1	10	14	6	9	7	12	1	14	5	13	13	14	16	9	15	7	7	3	16	1	6	14	4	13	1	15	11	4	2	6	9	1	15	1	1	3	9	11	9	6	15	6	8	5	15	1	3	9	16	16	8	5	6	15	9	2	5	1	11	3	9	16	13	16	11	9	12	15	7	8	6	14	6	15	13	15	12	1	14	11	14	2	9	6	16	10	16	15	16	5	13	7	1	8	5	4	10	4	11	12	1	2	14	5	2	8	11	9	12	6	1	7	3	16	2	13	10	9	16	14	2	16	11	13	11	14	12	11	4	1	10	15	2	7	1	15	13	15	8	11	9	12	11	16	9	10	13	9	8	11	12	9	9	9	12	12	10	15	2	1	7	15	16	7	1	6	14	13	13	16	7	10	6	4	16	10	9	15	2	5	5	1	13	13	12	15	7	3	6	6	13	9	11	1	13	9	15	15	3	16	2	10	10	5	8	5	4	6	11	1	1	9	3	6	1	14	9	9	8	5	16	7	1	1	7	10	15	16	11	3	14	1	15	14	11	11	9	15	7	6	3	6	6	2	7	8	11	4	4	11	16	7	3	8	12	4	9	1	8	9	6	12	8	6	16	14	3	2	13	13	7	16	13	12	5	1	7	2	10	14	11	7	7	7	7	8	1	3	12	4	1	3	14	4	8	10	3	12	1	11	7	8	14	6	7	14	4	3	14	8	9	4	12	12	12	3	10	10	9	5	1	2	13	6	8	11	2	5	7	5	12	16	16	2	10	10	10	9	8	7	8	6	6	11	14	8	9	16	4	5	8	11	4	10	8	16	1	6	11	4	13	10	2	14	10	10	12	14	5	10	9	8	5	15	9	16	5	3	3	16	3	4	13	16	3	5	13	11	5	6	13	11	10	3	4	10	8	9	3	13	15	13	1	2	5	1	3	11	1	15	5	13	12	16	4	8	14	1	15	16	8	15	5	12	5	14	3	2	16	14	13	1	9	6	6	9	16	1	14	3	6	15	3	5	13	12	8	1	2	4	11	4	8	12	8	15	11	8	1	7	16	4	12	11	6	4	10	1	14	7	14	1	12	10	4	1	1	15	10	11	7	5	1	9	14	6	5	16	2	8	16	15	1	4	15	13	6	10	9	11	5	15	15	14	14	12	11	9	12	15	14	11	3	4	12	6	16	4	11	7	11	9	3	14	15	7	1	14	16	11	4	10	11	14	4	1	13	8	13	5	5	11	8	1	11	8	12	8	11	10	14	4	3	2	8	11	11	7	7	2	15	3	1	15	7	9	2	15	13	13	3	6	7	1	4	5	6	16	12	12	6	8	7	3	8	7	11	14	6	9	14	9	14	1	13	4	1	14	1	15	8	1	3	11	5	5	8	7	4	7	10	5	8	11	14	14	4	10	16	8	9	1	10	1	14	14	2	13	16	6	4	15	15	15	14	6	7	10	8	13	6	12	9	13	13	12	4	7	11	10	7	12	3	9	2	16	11	6	4	11	13	4	7	8	12	13	2	16	3	16	6	16	16	1	10	7	10	7	2	6	3	9	3	7	13	14	3	8	2	9	7	13	14	13	4	15	14	7	4	12	7	15	8	3	15	15	15	13	9	11	11	11	13	7	2	4	5	13	12	13	2	8	6	8	16	4	16	15	8	3	15	12	4	9	16	16	7	11	11	4	5	4	16	3	14	13	11	2	2	2	13	14	4	15	2	3	4	16	5	8	14	6	6	7	3	13	1	15	10	4	8	14	3	1	9	13	3	2	10	8	15	8	9	4	12	10	15	2	12	7	4	12	1	8	2	11	2	3	1	12	6	3	8	2	9	3	13	4	4	14	13	15	15	16	7	13	9	11	15	14	5	9	11	5	1	3	15	10	15	1	14	16	16	8	2	5	8	15	5	6	7	1	6	5	14	7	5	7	6	12	15	3	13	8	7	3	1	6	14	1	4	6	2	14	9	8	15	15	13	16	10	9	5	10	3	15	5	1	10	12	2	15	4	8	4	5	9	7	6	2	7	7	3	2	7	9	4	7	4	10	10	6	12	8	1	7	7	16	15	8	4	7	4	1	1	1	13	12	15	2	7	8	15	13	4	2	11	10	14	9	12	3	7	13	4	2	11	11	1	13	3	8	14	6	7	3	10	5	10	8	13	16	9	4	2	6	2	9	3	3	14	5	9	3	8	3	7	15	11	2	6	15	3	1	6	4	2	12	6	7	12	2	4	9	6	2	1	2	16	8	9	8	13	16	9	5	7	12	8	10	12	13	7	12	7	10	7	15	11	2	3	12	2	15	13	3	9	1	10	12	4	10	8	14	13	11	8	4	6	7	16	1	7	11	9	2	5	11	4	3	7	13	7	15	1	4	10	9	8	12	4	14	1	12	3	6	15	5	16	11	12	13	6	11	13	1	3	14	4	14	4	11	15	15	10	5	1	8	9	4	10	1	3	9	1	9	2	5	5	3	10	13	6	6	15	11	10	8	11	15	4	6	10	4	9	10	2	4	7	14	10	11	12	16	2	11	7	8	2	5	4	16	13	3	3	1	5	2	12	6	6	7	13	13	6	13	4	5	6	8	11	16	14	8	5	2	3	6	12	12	16	8	3	6	9	6	9	2	9	11	12	8	14	11	1	1	7	10	4	7	1	15	4	16	9	12	16	4	14	8	14	14	11	3	16	8	9	9	5	12	7	15	8	3	12	5	15	13	9	6	3	4	7	5	7	2	9	5	13	10	5	3	1	5	7	16	4	12	16	10	4	10	5	1	10	3	8	12	6	13	4	7	6	4	8	7	1	2	13	11	1	8	7	6	2	5	1	9	4	9	6	15	2	1	11	16	14	16	4	5	12	2	12	13	8	2	13	16	16	2	9	2	8	12	10	15	2	10	16	15	8	10	8	11	15	9	10	7	15	2	1	5	5	5	11	8	12	13	13	2	5	7	3	12	4	15	4	1	14	12	4	6	16	6	8	6	9	14	7	13	3	15	10	2	7	10	14	3	13	7	5	9	8	6	5	12	2	7	14	13	7	4	8	16	15	6	8	14	6	12	5	4	6	16	13	3	2	6	2	2	5	10	10	11	16	16	9	1	9	10	11	16	14	15	10	8	6	3	4	2	3	16	11	8	15	5	14	14	15	2	11	15	5	8	7	15	9	11	1	15	2	11	2	11	5	5	7	5	10	7	9	12	1	3	15	11	3	3	16	3	11	2	4	6	15	16	7	6	14	9	15	16	8	1	2	10	16	3	13	16	13	13	13	5	5	6	10	11	7	9	6	12	6	15	10	14	13	6	6	8	8	8	5	4	14	4	14	16	15	1	10	9	9	5	14	4	15	2	3	14	6	1	8	6	15	3	3	7	16	10	15	2	15	1	10	14	13	2	10	9	7	13	9	11	6	11	3	3	3	15	8	12	5	4	4	2	2	7	9	8	8	8	3	11	16	11	6	15	6	9	12	4	7	16	6	12	2	6	7	4	13	7	8	11	7	8	7	8	16	13	12	13	2	1	9	13	8	11	6	13	9	15	15	2	12	11	14	5	2	1	7	16	5	1	12	7	15	3	15	15	3	13	14	6	5	11	13	6	8	6	3	13	3	8	11	1	10	6	13	15	14	5	9	1	1	14	16	12	3	3	14	16	2	6	10	14	8	6	14	7	12	14	1	8	12	3	13	16	6	2	3	3	7	9	3	6	2	15	9	8	9	4	11	15	9	10	11	6	8	8	10	8	15	4	2	6	1	12	2	7	16	8	2	
650	470	180	940	390	910	900	360	400	620	440	620	100	980	420	280	460	410	340	850	120	110	520	520	490	320	610	900	830	250	430	920	760	930	970	380	930	720	670	860	650	540	850	980	600	350	190	560	540	190	510	950	820	820	890	850	540	380	620	490	250	450	100	600	500	110	710	400	790	180	310	130	320	450	810	970	920	500	740	130	170	650	900	700	310	580	620	870	700	130	270	380	510	100	840	530	710	570	820	390	400	750	990	460	220	1000	430	230	990	820	650	430	380	800	610	710	680	690	700	320	510	360	520	930	160	850	320	270	610	420	380	260	940	290	820	770	440	890	770	200	500	920	930	490	190	220	440	420	950	370	570	350	470	650	340	200	950	150	880	550	860	170	820	710	330	140	250	540	470	570	450	540	180	320	350	880	330	240	930	540	760	270	910	700	990	600	360	650	710	480	400	100	270	420	870	330	880	890	970	400	900	690	180	960	450	600	370	470	380	640	870	550	620	910	450	1000	900	800	180	990	1000	630	480	460	410	910	220	720	510	390	600	990	620	870	480	190	200	450	750	570	910	180	870	250	250	160	700	890	780	930	430	870	480	100	580	280	870	260	300	550	620	160	830	110	140	850	970	680	760	470	140	910	750	200	470	110	310	410	290	910	270	590	630	850	650	570	480	190	380	880	830	430	870	780	220	970	930	170	440	170	960	320	950	280	310	530	370	840	310	370	740	800	860	450	650	710	330	640	710	740	430	720	430	850	1000	940	350	640	740	470	410	110	390	520	1000	160	310	710	170	100	800	610	910	110	390	110	870	770	920	890	970	740	690	270	770	690	510	320	850	500	320	300	420	320	670	750	890	1000	350	410	490	420	710	820	280	370	340	990	140	920	330	110	960	660	800	130	500	490	210	340	440	280	970	390	170	350	400	690	310	800	990	220	870	450	430	610	520	410	290	120	750	780	810	700	140	140	510	730	140	740	430	760	620	430	630	280	270	750	310	930	720	920	980	720	180	820	710	630	180	690	890	740	720	830	350	510	190	800	240	180	290	150	990	270	190	760	770	620	420	330	820	160	730	190	890	700	700	190	120	500	860	930	970	790	440	720	350	900	730	380	700	550	670	360	560	370	590	830	130	200	160	550	660	800	220	960	380	660	370	160	160	790	430	760	860	620	580	230	540	790	390	420	570	860	890	1000	620	740	540	280	210	340	100	130	570	770	530	160	930	280	640	380	630	200	270	750	470	150	770	750	440	600	850	480	350	640	640	630	830	970	710	660	570	820	850	630	960	430	470	140	370	980	220	410	140	320	150	530	270	650	640	110	770	110	670	280	750	460	470	970	930	760	570	760	970	390	200	690	590	530	550	550	280	770	630	880	230	650	520	720	760	950	780	820	200	730	520	450	460	920	900	650	500	690	900	980	150	490	600	940	170	670	490	290	150	930	580	520	500	970	170	980	770	740	830	550	200	310	940	540	860	710	790	240	110	440	310	210	490	780	750	110	120	530	890	720	630	300	690	870	670	940	610	940	870	610	550	850	530	370	640	210	870	510	530	270	330	520	330	820	680	960	350	570	180	620	370	510	470	380	560	580	420	1000	570	230	640	990	410	510	680	490	230	160	990	810	880	480	820	610	580	640	450	610	840	210	480	100	820	960	170	810	360	330	410	660	410	950	370	660	600	890	220	170	610	560	250	480	460	350	200	360	420	930	430	240	330	600	840	740	770	190	870	520	850	320	910	860	670	510	400	470	470	460	110	890	950	420	370	580	970	920	810	320	110	120	980	300	680	100	910	760	570	950	850	430	910	610	160	150	250	630	490	950	440	830	210	490	550	490	370	960	570	1000	630	700	610	260	450	270	670	280	510	640	200	460	720	330	800	370	840	990	600	740	590	760	260	980	210	160	290	370	320	610	620	480	750	300	690	690	430	510	690	130	340	900	900	970	930	360	160	970	250	670	130	380	920	410	550	790	410	540	210	120	330	170	100	540	750	330	760	130	210	270	240	970	500	450	620	410	210	320	720	530	730	380	590	300	840	730	140	900	460	530	280	330	130	380	710	920	750	290	100	900	100	320	790	930	130	120	600	380	110	150	630	750	120	800	740	460	710	630	820	780	390	300	620	700	860	310	920	840	200	950	550	760	640	890	460	410	580	440	180	730	920	600	980	360	490	430	700	810	850	700	240	240	630	590	870	600	580	450	340	760	720	190	290	760	170	240	560	850	590	890	800	730	390	370	760	710	250	580	620	820	550	450	790	840	350	950	490	100	510	150	750	300	830	340	820	260	190	370	150	730	360	640	530	490	690	980	530	400	350	340	830	690	440	690	390	630	440	970	210	1000	290	270	840	420	700	860	440	830	760	520	580	570	210	400	470	480	640	590	600	690	270	730	470	230	980	160	680	810	440	830	800	660	530	490	470	130	970	620	630	360	630	970	540	780	550	480	340	550	830	100	310	220	820	100	110	760	470	720	890	930	390	390	260	790	760	450	500	900	930	180	560	880	260	120	680	720	260	370	560	460	210	900	150	650	510	600	640	560	590	800	200	900	990	710	750	120	710	810	230	160	730	530	560	530	880	700	280	270	330	200	890	200	760	110	430	510	560	410	630	440	850	650	960	200	370	730	370	340	500	450	850	130	850	160	960	540	540	500	450	890	570	550	790	540	700	900	240	180	970	750	470	580	440	980	720	220	190	980	700	280	850	830	330	830	980	130	400	440	850	610	460	160	970	760	110	850	190	680	870	200	770	820	150	500	910	560	310	700	880	370	260	420	870	250	540	220	800	720	910	270	220	960	440	920	430	840	210	480	820	890	680	190	230	430	300	400	320	310	540	730	670	840	620	870	970	870	960	210	760	640	910	870	790	790	140	430	620	600	350	670	540	880	800	530	560	980	800	750	580	420	810	480	910	190	990	280	840	190	870	510	450	920	310	270	500	240	720	930	960	600	460	240	510	900	750	810	120	360	430	450	150	210	360	220	880	620	160	370	630	510	650	530	220	890	980	940	680	930	800	290	790	430	400	430	680	160	140	310	370	830	520	620	950	940	980	380	910	520	520	390	170	130	710	840	310	350	170	170	560	170	250	960	290	340	480	240	690	880	370	420	990	550	860	250	630	530	250	690	990	300	390	160	630	210	110	490	530	770	140	570	810	550	620	810	570	690	650	500	860	380	360	310	990	320	820	160	610	220	320	680	210	940	210	540	420	900	970	570	570	700	200	720	330	510	920	520	950	110	860	970	370	710	330	680	790	1000	750	610	180	660	270	260	590	400	880	100	110	700	840	780	330	470	590	660	690	700	710	750	940	840	360	900	190	160	240	530	610	420	900	440	640	240	700	870	310	700	980	660	440	300	350	160	620	120	630	420	930	280	380	640	960	410	710	110	340	130	840	800	200	660	590	230	200	920	190	550	830	730	310	210	200	420	800	480	710	880	490	380	610	790	940	430	270	730	960	130	720	370	490	990	630	430	150	730	150	700	300	910	400	550	790	950	600	130	130	660	600	860	890	360	200	690	400	590	820	650	620	530	330	640	340	820	700	860	230	530	390	910	650	350	850	450	750	650	320	660	390	820	900	450	650	640	500	100	940	620	520	920	390	470	900	720	110	640	890	650	120	470	890	690	550	730	760	570	630	720	240	950	530	420	710	510	140	330	690	730	550	610	800	150	630	380	300	860	460	890	590	1000	450	770	850	300	710	440	970	570	390	510	470	760	180	500	250	750	350	520	560	940	200	210	220	670	520	130	410	760	510	360	620	560	940	390	650	680	170	100	300	560	250	890	320	930	560	950	850	800	610	920	870	890	290	940	690	950	350	130	890	180	470	800	510	820	270	400	340	500	530	910	820	800	880	100	210	110	240	440	670	320	780	170	810	980	900	990	450	200	260	530	920	470	940	720	210	210	370	200	690	830	820	510	480	250	660	990	680	380	330	610	980	380	950	720	210	890	710	330	930	980	440	270	790	950	560	250	600	280	800	540	960	770	270	930	350	320	930	460	570	900	580	450	570	500	970	450	430	560	960	460	840	120	500	910	760	130	910	800	470	130	600	200	750	380	440	980	280	100	420	930	300	180	320	410	650	250	610	710	750	490	390	110	150	790	220	230	960	890	100	690	870	480	940	350	980	990	480	170	680	640	710	700	770	580	420	530	590	790	140	140	420	860	680	880	730	390	550	580	620	290	580	970	460	470	960	260	160	590	170	280	470	870	500	590	180	430	370	850	880	320	260	880	200	320	630	710	330	150	960	650	340	990	430	640	450	470	440	700	880	670	130	650	360	360	310	270	530	110	940	440	610	830	950	460	960	630	510	970	840	340	520	430	730	680	580	740	230	650	590	650	230	680	890	630	170	650	200	120	830	720	340	650	140	620	910	360	120	140	940	640	840	510	740	410	390	720	980	740	580	950	130	630	360	450	460	240	960	960	790	480	700	620	980	860	720	590	540	530	200	880	230	890	540	140	320	910	550	480	530	310	310	630	890	630	770	710	590	790	580	730	900	610	670	530	190	700	880	190	160	760	990	420	880	160	830	500	460	780	170	990	650	720	690	310	970	150	700	640	670	700	840	730	140	180	1000	630	500	490	420	580	710	590	650	530	510	260	680	540	710	400	520	810	680	670	480	890	300	490	820	850	720	830	240	700	660	370	220	290	110	220	160	680	610	240	260	960	830	350	430	580	130	380	300	840	260	790	490	740	870	580	530	950	900	690	280	1000	150	920	580	500	990	220	180	500	320	740	540	750	870	140	950	880	680	260	500	260	530	810	640	160	700	850	100	730	320	800	870	760	180	830	710	690	380	570	640	320	730	540	710	330	100	510	140	810	350	260	330	110	330	610	530	340	970	270	180	460	660	470	990	560	890	780	250	120	750	290	160	220	990	830	440	700	650	790	640	750	710	230	690	340	480	270	590	320	890	550	810	270	170	310	650	260	820	230	120	930	620	960	480	180	370	980	560	670	430	700	920	930	320	250	690	370	240	160	880	910	170	670	920	240	1000	170	630	560	380	930	780	410	400	670	720	590	940	420	460	410	340	560	280	690	380	230	360	700	700	410	120	120	940	540	420	740	710	930	850	110	890	350	280	140	860	810	560	400	810	360	190	790	330	190	810	390	990	160	110	290	130	960	960	270	890	600	180	380	490	780	180	430	250	670	560	960	930	550	790	100	310	660	940	490	850	300	990	500	690	710	730	610	140	650	600	800	840	350	910	220	180	750	230	720	920	130	420	260	330	200	600	840	900	490	120	490	460	340	990	110	700	710	430	820	920	380	740	120	420	300	280	510	180	240	100	770	460	330	100	770	440	820	980	890	800	870	110	240	600	690	340	120	180	740	330	920	150	870	670	710	490	450	640	740	350	660	610	600	720	680	930	130	800	690	840	970	390	220	850	750	620	380	680	570	240	580	190	560	740	180	110	900	790	920	650	650	470	750	680	770	430	680	590	330	560	330	710	800	990	150	670	150	540	850	990	280	210	130	170	660	990	100	890	260	690	380	600	350	350	740	130	670	440	230	950	710	370	120	180	170	940	340	740	140	710	950	450	260	380	420	680	150	900	380	560	530	720	690	310	630	440	490	350	520	970	500	210	660	930	740	430	490	990	800	180	200	500	830	640	170	940	500	590	600	760	460	1000	870	540	870	470	240	510	690	890	540	370	580	350	660	710	440	730	820	780	450	320	570	330	590	100	490	820	480	700	190	100	190	110	540	960	730	700	600	960	470	890	440	520	300	770	790	610	330	210	860	900	450	950	700	640	430	170	530	240	840	330	320	750	550	430	730	820	470	690	680	160	420	790	530	540	660	540	770	180	580	1000	740	940	940	840	770	390	600	180	220	730	900	230	710	480	600	620	240	480	730	740	480	600	430	220	490	370	820	120	720	670	140	290	1000	190	110	920	950	1000	400	330	430	670	310	710	870	740	560	440	260	240	270	350	960	470	210	620	270	290	200	350	730	720	120	460	140	600	770	490	180	200	230	180	1000	380	700	900	190	590	910	360	670	850	880	320	770	830	570	100	750	180	350	150	830	920	750	970	240	310	410	680	860	400	440	990	320	690	170	940	790	820	1000	580	240	110	490	490	410	370	130	420	410	490	360	430	820	720	100	630	430	430	600	960	260	260	450	750	130	800	520	120	960	180	840	290	600	100	720	220	540	310	480	910	900	210	400	840	560	790	600	1000	120	950	700	500	700	250	830	570	810	530	460	600	230	640	140	100	620	470	550	800	510	320	570	190	790	770	660	910	620	550	120	100	460	910	280	800	960	700	970	470	630	750	730	170	120	800	720	760	500	330	220	760	260	510	860	920	600	410	740	260	370	910	130	460	720	330	210	300	130	540	310	340	1000	310	700	980	640	330	320	200	270	430	720	990	100	860	220	790	940	210	410	190	230	520	340	550	820	330	280	450	300	490	830	210	720	410	850	100	350	260	460	720	530	840	310	310	480	870	360	140	800	420	660	990	720	330	260	710	320	650	310	330	290	150	260	600	850	280	110	290	230	840	380	510	850	460	530	360	610	860	310	950	340	570	710	750	460	890	580	180	220	250	920	630	660	640	130	680	990	690	570	940	110	200	740	180	200	650	970	710	130	410	630	660	620	800	640	530	560	630	340	650	700	760	770	580	920	390	260	800	800	600	550	740	700	430	540	130	710	980	860	980	480	690	480	800	630	290	570	150	160	460	410	210	410	190	470	910	120	350	440	120	700	300	350	270	660	230	550	600	680	680	310	250	220	340	130	100	910	590	110	730	480	810	830	320	670	560	390	340	150	980	220	730	880	580	510	660	440	420	910	130	990	110	860	810	930	480	570	900	520	620	690	950	390	720	390	760	460	810	400	800	350	590	810	740	760	440	750	870	960	320	540	890	400	370	610	530	480	440	290	980	830	660	1000	130	440	650	570	970	130	280	990	990	860	380	520	670	260	930	520	780	680	140	280	600	540	170	200	310	740	260	780	160	870	400	100	640	640	740	500	890	620	500	720	880	820	400	950	1000	660	930	360	390	830	350	380	320	520	280	230	310	360	1000	150	930	470	260	390	370	110	550	420	800	520	360	570	920	410	670	260	750	670	360	270	440	810	560	790	190	970	930	250	820	350	990	140	690	960	800	610	460	960	370	940	900	770	990	230	790	910	770	340	240	940	810	340	470	690	560	170	930	380	970	390	210	100	180	790	840	260	960	340	770	910	750	380	110	740	360	830	620	610	200	860	790	680	190	500	780	190	510	610	220	960	470	480	980	280	240	930	820	840	250	720	830	540	270	540	160	190	450	460	770	730	350	630	970	210	770	310	630	200	960	170	280	770	500	120	460	760	260	810	850	260	850	210	830	390	340	600	250	930	270	640	670	760	490	110	490	150	360	860	490	580	540	790	380	440	410	770	870	320	130	530	660	790	120	940	980	780	240	840	580	700	720	210	100	680	510	800	780	780	290	620	160	560	490	940	400	270	520	360	120	380	180	450	190	370	690	850	940	790	520	760	930	210	530	380	200	210	560	510	450	550	110	190	730	450	390	840	750	450	880	980	580	840	850	540	740	350	960	540	460	640	900	320	980	150	370	320	280	740	790	950	140	960	980	220	300	130	790	320	770	170	770	910	940	510	550	710	560	210	580	500	680	150	370	400	340	920	690	590	940	170	150	450	880	560	170	160	210	620	1000	310	710	130	520	260	540	390	650	770	280	350	780	810	730	300	110	540	190	420	890	370	830	700	150	310	920	690	150	470	550	110	660	300	810	240	800	330	460	320	750	720	470	170	660	600	190	440	260	150	420	230	140	620	170	720	750	710	850	730	880	740	760	710	280	390	560	340	240	380	270	680	440	630	640	250	850	580	960	780	260	360	1000	500	460	430	900	950	710	940	600	280	240	840	500	230	260	120	790	870	540	800	990	510	100	820	810	620	500	230	930	930	680	640	1000	410	830	240	170	200	800	750	490	410	950	310	760	480	560	520	460	500	970	560	590	140	670	880	670	230	650	680	140	740	440	970	310	320	630	430	720	410	230	420	360	860	150	160	770	950	650	350	800	750	310	760	360	600	100	350	860	460	740	410	300	770	230	310	200	190	410	150	620	990	270	290	570	270	640	720	980	900	670	430	530	780	490	410	380	580	590	140	460	480	220	840	730	1000	160	950	810	370	420	910	560	440	620	1000	700	230	170	320	880	550	130	770	380	1000	340	830	870	500	560	400	700	930	120	150	700	680	410	210	270	140	410	820	180	120	470	320	990	700	790	780	260	110	560	160	640	960	290	460	910	160	290	750	250	240	490	470	440	510	240	920	810	900	140	720	980	650	960	520	370	510	780	610	420	160	490	130	850	830	210	870	990	780	600	260	710	700	990	700	490	560	300	320	650	370	300	680	500	410	130	530	150	800	830	190	540	980	170	560	580	720	870	120	630	460	120	980	900	900	100	920	750	880	540	860	570	570	450	810	870	820	620	370	320	1000	390	310	950	970	210	580	910	360	640	610	940	820	410	500	570	330	310	820	360	760	940	120	150	430	340	520	820	630	970	530	480	630	200	340	510	160	110	410	850	190	620	930	660	210	210	630	750	690	120	740	490	300	180	970	250	180	230	310	120	880	240	450	560	260	600	240	140	220	760	180	940	920	210	800	270	440	770	910	660	780	110	540	400	420	940	700	720	400	930	850	860	960	360	810	940	990	590	200	730	300	550	400	900	750	450	320	700	370	830	520	730	480	730	430	830	230	220	800	290	930	680	300	340	770	700	410	680	150	490	800	330	190	880	250	500	250	680	380	510	600	350	870	330	820	750	510	530	910	540	520	630	810	370	340	510	490	690	540	350	320	440	720	750	470	210	260	910	360	170	790	300	650	330	840	320	810	310	490	920	680	780	140	990	230	380	260	910	500	590	260	730	980	940	340	220	600	490	480	320	760	280	190	370	680	150	230	780	130	280	760	920	680	170	730	200	840	350	130	140	170	450	670	330	170	660	340	530	210	480	160	130	470	860	600	630	650	950	740	190	160	810	790	210	650	550	360	340	770	870	310	890	970	910	960	320	510	200	150	670	500	850	430	930	250	630	720	350	350	100	870	780	140	780	200	160	960	850	850	220	800	210	190	690	710	320	550	870	610	360	590	700	960	390	190	930	300	170	500	360	260	130	440	470	120	1000	150	570	520	700	520	830	930	790	930	510	280	370	650	320	970	290	830	860	540	890	540	320	790	790	380	210	250	820	600	430	140	370	850	830	930	1000	350	520	850	630	250	640	550	690	170	930	840	200	880	800	850	520	910	900	430	790	490	680	780	940	430	200	840	640	180	950	490	730	560	620	1000	390	230	680	510	580	310	500	790	410	140	810	480	360	950	230	900	150	620	940	750	470	720	580	550	420	740	190	270	470	530	810	340	770	620	260	830	680	140	120	270	440	360	660	210	760	190	610	870	110	650	700	570	880	290	990	150	290	370	210	570	840	630	800	150	370	120	100	380	170	120	390	710	850	400	940	870	670	630	910	270	420	220	300	370	270	860	360	970	510	670	580	840	550	150	590	500	310	310	650	510	700	430	810	320	280	960	510	930	560	820	670	570	340	310	410	230	190	450	540	230	880	940	640	530	950	680	130	300	860	850	900	270	640	230	590	590	460	600	370	120	500	800	420	990	360	910	500	400	210	290	730	210	960	200	600	970	470	160	850	750	560	280	860	860	570	880	560	470	1000	680	640	510	560	540	810	800	410	750	390	670	410	740	820	600	500	260	710	760	230	600	280	750	370	950	150	410	620	460	220	820	810	260	260	790	310	860	120	870	480	910	390	370	430	100	160	940	260	710	450	460	590	740	910	800	940	870	610	960	970	890	660	650	190	230	920	270	480	850	730	150	570	160	170	380	820	100	770	590	540	400	950	900	160	280	500	690	750	580	940	670	840	770	540	830	950	560	900	290	300	390	640	870	700	710	560	790	760	420	540	1000	450	170	570	780	850	930	220	790	210	350	880	720	220	850	490	460	650	120	170	660	420	260	750	310	1000	690	140	790	390	500	110	360	210	150	860	990	940	890	880	500	520	310	120	740	830	800	940	630	990	770	790	390	270	200	560	600	110	440	870	150	100	200	470	490	170	830	490	700	390	840	410	320	140	730	100	260	930	380	500	730	640	720	190	310	230	280	850	130	430	280	660	840	300	130	650	100	1000	330	500	260	290	830	860	570	940	450	770	460	700	920	340	260	100	100	400	190	480	530	140	250	210	660	940	460	580	420	640	240	350	150	570	560	890	190	290	160	380	120	240	880	550	910	240	620	580	100	260	350	910	510	710	340	220	950	310	200	960	380	920	420	860	520	630	610	480	950	280	860	840	920	840	100	820	860	860	490	390	130	630	730	150	820	270	130	270	720	630	100	440	140	430	600	750	1000	810	990	960	280	130	150	390	200	870	350	540	960	880	250	290	440	930	310	380	260	240	380	990	190	120	800	680	650	840	140	110	180	890	760	390	290	420	770	150	990	340	310	970	910	790	440	100	670	970	410	830	260	250	290	200	380	660	480	760	760	680	670	360	700	370	730	940	360	980	540	930	390	660	100	350	880	940	860	820	290	290	570	370	860	570	950	870	160	200	1000	970	790	540	330	140	340	740	650	590	770	740	750	280	900	950	270	480	350	430	160	780	790	670	490	600	740	560	790	600	900	240	440	560	380	550	280	640	490	290	430	940	100	660	520	240	430	910	730	640	130	110	820	180	970	630	290	910	500	110	580	360	410	610	350	380	470	290	720	760	900	170	800	210	880	980	890	770	400	630	320	180	420	410	280	350	230	950	630	330	460	470	120	470	400	360	800	490	500	980	700	770	250	570	800	730	420	640	190	440	470	800	380	650	290	470	810	360	120	960	960	100	150	940	890	660	850	580	250	180	840	170	910	460	370	1000	370	680	650	800	160	750	340	520	800	640	730	390	620	200	800	160	710	710	820	280	970	770	470	590	910	310	220	470	300	630	320	280	140	950	920	880	330	330	980	260	130	250	450	190	990	880	630	260	660	710	140	150	420	460	140	960	330	970	880	960	150	760	730	740	580	800	800	340	680	610	810	100	750	540	560	820	770	810	650	140	720	110	160	150	800	460	430	570	830	370	630	480	130	650	320	570	470	200	150	1000	180	850	720	530	510	760	520	240	410	300	870	900	240	330	360	710	120	420	170	1000	550	390	200	590	340	920	1000	660	860	400	840	300	850	130	760	850	830	110	820	100	290	900	420	830	120	320	890	540	300	980	580	450	120	930	310	430	480	970	480	260	880	900	580	410	950	500	840	500	390	370	440	930	860	460	710	110	220	960	730	760	570	110	110	900	270	530	550	570	930	970	800	940	310	180	650	100	400	
10
