4998
120
2
70
0	500	0	0	500	0	0	500	0	0	0	500	500	0	0	500	0	0	0	0	0	0	0	0	0	0	0	500	0	0	0	0	0	0	500	0	0	0	0	0	0	0	0	0	0	0	0	0	0	0	0	0	0	0	500	0	0	0	500	0	0	0	0	0	500	0	0	0	0	0	0	0	0	0	0	0	0	0	0	0	0	0	0	0	0	0	0	0	0	0	0	0	0	0	0	0	0	0	0	0	0	0	0	0	0	0	0	0	0	0	0	0	0	0	0	0	0	0	0	0	
500	0	0	0	0	0	0	0	0	0	0	0	0	0	0	0	0	0	0	0	0	0	0	0	0	0	0	0	0	0	0	0	0	0	0	0	0	0	0	0	0	0	0	0	0	0	0	0	0	500	0	0	0	0	0	0	0	0	0	0	0	0	0	0	0	500	0	0	0	0	0	0	0	0	0	0	0	0	0	0	0	0	0	0	0	0	0	0	0	0	0	0	0	0	0	0	0	0	0	0	0	0	0	0	0	0	0	0	0	0	0	0	0	0	0	0	0	0	0	0	
0	0	0	0	0	0	0	0	0	0	0	0	0	0	0	0	0	0	0	0	0	0	0	0	0	0	0	0	0	0	0	0	0	0	0	0	0	0	0	0	0	500	0	0	0	0	0	0	0	0	0	0	0	0	0	0	0	0	0	0	0	0	0	0	0	0	0	0	0	0	0	0	0	0	0	0	0	0	0	0	0	0	0	0	0	0	0	0	0	0	0	0	0	0	0	0	0	0	0	0	0	0	0	0	0	0	0	0	0	0	0	500	0	0	0	0	0	0	0	0	
0	0	0	0	0	500	0	0	0	0	0	0	0	0	0	0	0	0	0	0	0	0	0	0	0	0	0	0	0	0	0	0	0	0	0	0	0	0	0	0	0	0	0	0	0	0	0	0	0	0	0	0	0	0	0	0	0	0	0	0	0	0	0	0	0	0	0	0	0	0	0	0	0	0	0	0	0	0	0	0	0	0	0	0	0	0	0	0	0	0	0	0	0	0	0	0	0	0	0	0	0	0	500	0	0	0	0	0	0	0	0	0	0	0	0	0	0	0	0	0	
500	0	0	0	0	0	0	0	0	0	0	0	0	0	0	0	0	0	0	0	0	0	0	0	0	0	0	0	0	0	0	0	0	0	0	0	0	0	0	0	0	0	0	0	0	0	0	0	0	0	0	0	0	0	0	0	0	0	0	0	0	0	0	0	0	0	0	0	0	0	500	0	0	0	0	0	0	0	0	0	0	0	0	0	0	500	0	0	0	0	0	0	0	0	0	0	0	0	0	0	0	0	0	0	0	0	0	0	0	0	0	0	0	0	0	0	0	0	0	0	
0	0	0	500	0	0	0	0	0	0	0	0	0	0	0	0	0	0	0	0	0	0	0	0	0	0	0	0	0	0	0	0	0	0	0	0	0	0	0	0	0	0	0	0	0	0	0	0	0	0	0	0	0	0	0	0	0	0	0	0	500	0	0	0	0	0	0	0	0	0	0	0	0	0	0	0	0	0	0	0	0	0	0	0	0	0	0	0	0	0	0	0	0	0	0	0	0	0	0	0	0	0	0	0	0	0	0	0	0	0	0	0	0	0	0	0	0	0	0	0	
0	0	0	0	0	0	0	0	0	0	0	0	0	0	0	0	0	0	500	0	0	0	0	0	0	500	0	0	0	0	0	0	0	0	0	0	0	0	0	0	0	0	0	0	0	0	0	0	0	0	0	0	0	0	0	0	0	0	0	0	0	0	0	0	0	0	0	0	0	0	0	0	0	0	0	0	0	0	0	0	0	0	0	0	0	0	0	0	0	0	0	0	0	0	0	0	0	0	0	0	0	0	0	0	0	0	0	0	0	0	0	0	0	0	0	0	0	0	0	0	
500	0	0	0	0	0	0	0	0	0	0	0	0	0	0	0	0	0	0	0	0	0	0	0	0	0	0	0	0	0	0	0	0	0	0	0	0	0	0	0	0	0	0	500	0	0	0	0	0	0	0	500	0	0	0	0	0	0	0	0	0	0	0	0	0	0	0	0	0	0	0	0	0	0	0	0	0	0	0	0	0	0	0	0	0	0	0	0	0	0	0	0	0	0	0	0	0	0	0	0	0	0	0	0	0	0	0	0	0	0	0	0	0	0	0	0	0	0	0	0	
0	0	0	0	0	0	0	0	0	0	0	0	0	0	0	0	0	0	0	0	0	0	0	0	0	0	0	0	0	0	0	0	0	0	0	0	0	0	0	0	0	0	0	0	0	0	0	0	0	0	0	0	0	0	0	0	0	0	0	0	0	0	0	0	0	0	0	0	0	0	0	0	0	0	0	0	0	0	0	0	0	0	0	0	0	0	0	0	0	0	0	0	0	0	500	0	500	0	0	0	0	0	0	0	0	0	0	0	0	0	0	0	0	0	0	0	0	0	0	0	
0	0	0	0	0	0	0	0	0	0	0	0	0	0	0	0	0	0	0	0	0	0	0	500	0	0	0	0	0	0	0	0	0	0	0	0	0	0	0	0	0	0	0	0	0	0	0	0	0	0	0	0	0	0	0	0	0	0	0	0	0	0	0	0	0	0	0	0	0	0	0	0	0	0	0	0	0	0	500	0	0	0	0	0	0	0	0	0	0	0	0	0	0	0	0	0	0	0	0	0	0	0	0	0	0	0	0	0	0	0	0	0	0	0	0	0	0	0	0	0	
0	0	0	0	0	0	0	0	0	0	0	0	500	0	0	0	0	0	0	500	0	0	0	0	0	0	0	0	0	0	0	0	0	0	0	0	0	0	0	0	0	0	0	0	0	0	0	0	0	0	0	0	0	0	0	0	0	0	0	0	0	0	0	0	0	0	0	0	0	0	0	0	0	0	0	0	0	0	0	0	0	0	0	0	0	0	0	0	0	0	0	0	0	0	0	0	0	0	0	0	0	0	0	0	0	0	0	0	0	0	0	0	0	0	0	0	0	0	0	0	
500	0	0	0	0	0	0	0	0	0	0	0	0	0	0	0	0	0	0	0	0	0	0	0	0	0	0	0	0	0	0	0	0	0	0	0	500	0	0	0	0	0	0	0	0	0	0	0	0	0	0	0	0	0	0	0	0	0	0	0	0	0	0	0	0	0	0	0	0	0	0	0	0	0	0	0	0	0	0	0	0	0	0	0	0	0	0	0	0	0	0	0	0	0	0	0	0	0	0	0	0	0	0	0	0	0	0	0	0	0	0	0	0	0	0	500	0	0	0	0	
500	0	0	0	0	0	0	0	0	0	500	0	0	0	0	0	0	0	0	0	0	0	0	0	0	0	0	0	0	0	0	0	0	0	0	0	0	0	0	0	0	0	0	0	0	0	0	0	0	0	0	0	0	0	0	0	0	0	0	0	0	0	0	0	0	0	0	0	0	0	0	0	0	0	0	0	0	0	0	0	0	0	0	0	0	0	0	0	0	0	0	0	0	0	0	0	0	0	0	0	0	0	0	0	0	0	0	0	0	0	0	0	0	0	0	0	0	0	0	0	
0	0	0	0	0	0	0	0	0	0	0	0	0	0	0	0	0	0	0	0	0	0	0	0	0	0	0	0	0	0	0	0	0	0	0	0	0	0	0	0	0	0	0	0	0	0	0	0	0	0	0	0	0	0	0	0	0	500	0	0	0	0	0	0	0	0	0	0	0	0	0	0	0	0	0	0	0	0	0	0	0	0	0	0	500	0	0	0	0	0	0	0	0	0	0	0	0	0	0	0	0	0	0	0	0	0	0	0	0	0	0	0	0	0	0	0	0	0	0	0	
0	0	0	0	0	0	0	0	0	0	0	0	0	0	0	0	0	0	0	0	0	0	0	0	0	0	0	0	0	0	500	0	0	0	0	0	0	0	0	0	0	0	0	0	0	0	0	0	0	0	0	0	0	0	0	0	0	0	0	0	0	0	0	0	0	0	0	0	0	0	0	0	0	0	0	0	0	0	0	0	0	0	0	0	0	0	0	0	0	0	0	0	0	0	0	0	0	0	0	0	0	0	0	0	0	0	0	0	0	0	0	0	0	0	500	0	0	0	0	0	
500	0	0	0	0	0	0	0	0	0	0	0	0	0	0	0	0	0	0	0	0	0	0	0	0	0	0	0	0	0	0	0	0	500	0	0	0	0	0	0	0	0	0	0	0	0	0	0	0	0	0	0	0	0	0	0	0	0	0	0	0	0	0	0	0	0	0	0	0	0	0	0	0	0	0	0	0	0	0	0	0	0	0	0	0	0	0	0	0	0	0	0	0	0	0	0	0	0	0	0	0	0	0	0	0	0	0	500	0	0	0	0	0	0	0	0	0	0	0	0	
0	0	0	0	0	0	0	0	0	0	0	0	0	0	0	0	0	0	0	0	0	0	0	0	0	0	0	0	0	0	0	0	0	0	0	0	0	0	0	0	0	0	0	0	0	0	0	0	0	0	0	0	500	0	0	0	0	0	0	0	0	0	0	0	0	0	0	0	0	0	0	0	0	0	0	0	0	0	0	0	0	0	0	0	0	0	0	0	0	0	0	0	0	0	0	0	0	0	0	0	0	0	0	0	0	0	500	0	0	0	0	0	0	0	0	0	0	0	0	0	
0	0	0	0	0	0	0	0	0	0	0	0	0	0	0	0	0	0	0	0	0	0	0	0	0	0	0	0	0	500	0	0	0	0	0	0	0	0	0	0	0	0	0	0	0	0	0	0	0	0	0	0	0	0	0	0	0	0	0	0	0	0	0	0	0	0	0	0	0	0	0	0	0	500	0	0	0	0	0	0	0	0	0	0	0	0	0	0	0	0	0	0	0	0	0	0	0	0	0	0	0	0	0	0	0	0	0	0	0	0	0	0	0	0	0	0	0	0	0	0	
0	0	0	0	0	0	500	0	0	0	0	0	0	0	0	0	0	0	0	0	0	0	0	0	0	0	0	0	0	0	0	0	0	0	0	0	0	0	0	0	0	0	0	0	0	0	0	0	0	0	0	0	0	0	0	0	0	0	0	0	0	0	0	0	0	0	0	0	0	0	0	0	0	0	0	0	0	0	0	0	0	0	0	0	0	0	0	0	0	0	0	0	0	500	0	0	0	0	0	0	0	0	0	0	0	0	0	0	0	0	0	0	0	0	0	0	0	0	0	0	
0	0	0	0	0	0	0	0	0	0	500	0	0	0	0	0	0	0	0	0	0	0	500	0	0	0	0	0	0	0	0	0	0	0	0	0	0	0	0	0	0	0	0	0	0	0	0	0	0	0	0	0	0	0	0	0	0	0	0	0	0	0	0	0	0	0	0	0	0	0	0	0	0	0	0	0	0	0	0	0	0	0	0	0	0	0	0	0	0	0	0	0	0	0	0	0	0	0	0	0	0	0	0	0	0	0	0	0	0	0	0	0	0	0	0	0	0	0	0	0	
0	0	0	0	0	0	0	0	0	0	0	0	0	0	0	0	0	0	0	0	0	0	0	0	0	0	0	0	0	0	0	0	0	0	0	0	0	0	0	0	0	0	0	0	0	0	0	0	0	0	0	0	0	0	0	0	0	0	0	500	0	0	0	0	0	0	0	0	0	0	0	0	0	0	0	0	0	0	0	0	0	0	0	0	0	0	0	0	0	0	0	0	0	0	0	0	0	0	0	0	0	0	0	0	0	0	0	0	0	0	0	0	0	0	0	0	0	0	0	500	
0	0	0	0	0	0	0	0	0	0	0	0	0	0	0	0	0	0	0	0	0	0	0	0	0	0	0	0	0	0	0	0	0	0	0	0	0	0	0	0	0	0	0	0	0	0	500	0	0	0	0	0	0	0	0	0	0	0	0	0	0	0	0	0	0	0	0	0	0	0	0	0	0	500	0	0	0	0	0	0	0	0	0	0	0	0	0	0	0	0	0	0	0	0	0	0	0	0	0	0	0	0	0	0	0	0	0	0	0	0	0	0	0	0	0	0	0	0	0	0	
0	0	0	0	0	0	0	0	0	0	0	0	0	0	0	0	0	0	0	500	0	0	0	0	0	0	0	0	0	0	0	0	0	0	0	0	0	0	0	0	0	0	0	0	0	0	0	0	0	0	0	0	0	0	0	0	0	0	0	500	0	0	0	0	0	0	0	0	0	0	0	0	0	0	0	0	0	0	0	0	0	0	0	0	0	0	0	0	0	0	0	0	0	0	0	0	0	0	0	0	0	0	0	0	0	0	0	0	0	0	0	0	0	0	0	0	0	0	0	0	
0	0	0	0	0	0	0	0	0	500	0	0	0	0	0	0	0	0	0	0	0	0	0	0	0	0	0	0	0	0	0	0	0	0	0	0	0	0	0	0	0	0	0	0	0	0	0	0	0	0	0	0	500	0	0	0	0	0	0	0	0	0	0	0	0	0	0	0	0	0	0	0	0	0	0	0	0	0	0	0	0	0	0	0	0	0	0	0	0	0	0	0	0	0	0	0	0	0	0	0	0	0	0	0	0	0	0	0	0	0	0	0	0	0	0	0	0	0	0	0	
0	0	0	0	0	0	0	0	0	0	0	0	0	0	0	0	0	0	0	0	0	0	0	0	0	0	0	0	0	500	0	0	0	0	0	0	0	0	0	0	0	0	0	0	0	0	0	0	0	0	0	0	0	0	0	0	0	0	0	0	0	0	0	0	0	0	0	0	0	0	0	0	0	0	0	0	0	0	0	0	0	0	0	0	0	0	0	0	0	0	0	0	0	0	0	0	0	0	0	0	0	0	0	0	0	0	0	0	0	500	0	0	0	0	0	0	0	0	0	0	
0	0	0	0	0	0	500	0	0	0	0	0	0	0	0	0	0	0	0	0	0	0	0	0	0	0	0	0	0	0	0	0	0	0	0	0	0	0	0	0	0	0	0	0	0	0	0	0	0	0	0	0	0	0	0	0	0	0	0	0	0	0	0	0	0	0	0	0	0	0	0	0	0	0	0	0	0	0	0	0	0	0	0	0	0	0	0	0	0	0	0	0	0	0	0	0	0	0	0	0	0	0	0	0	0	0	0	0	500	0	0	0	0	0	0	0	0	0	0	0	
0	0	0	0	0	0	0	0	0	0	0	0	0	0	0	0	0	0	0	0	0	0	0	0	0	0	0	0	0	0	0	500	0	0	0	0	0	0	0	0	0	0	0	0	0	0	0	0	0	0	0	0	0	0	0	0	0	0	0	0	0	0	0	0	0	0	0	0	500	0	0	0	0	0	0	0	0	0	0	0	0	0	0	0	0	0	0	0	0	0	0	0	0	0	0	0	0	0	0	0	0	0	0	0	0	0	0	0	0	0	0	0	0	0	0	0	0	0	0	0	
500	0	0	0	0	0	0	0	0	0	0	0	0	0	0	0	0	0	0	0	0	0	0	0	0	0	0	0	0	0	0	0	0	0	0	0	0	0	0	0	0	0	0	0	0	0	0	0	0	0	0	0	0	0	0	0	0	0	0	0	0	0	0	0	0	0	0	0	0	0	0	0	0	0	0	0	0	0	0	0	500	0	0	0	0	0	0	0	0	0	0	0	0	0	0	0	0	0	0	0	0	500	0	0	0	0	0	0	0	0	0	0	0	0	0	0	0	0	0	0	
0	0	0	0	0	0	0	0	0	0	0	0	0	0	0	0	0	0	0	0	0	0	0	0	0	0	0	0	0	0	0	0	0	0	0	0	0	0	0	0	0	0	0	0	0	0	0	0	0	0	0	0	0	0	0	0	0	0	0	0	0	0	0	0	0	0	0	0	0	0	0	0	0	0	0	0	0	0	0	500	0	0	0	0	0	0	0	0	0	0	0	0	0	0	0	0	0	0	0	0	0	0	0	0	0	0	500	0	0	0	0	0	0	0	0	0	0	0	0	0	
0	0	0	0	0	0	0	0	0	0	0	0	0	0	0	0	0	500	0	0	0	0	0	0	500	0	0	0	0	0	0	0	0	0	0	0	0	0	0	0	0	0	0	0	0	0	0	0	0	0	0	0	0	0	0	0	0	0	0	0	0	0	0	0	0	0	0	0	0	0	0	0	0	0	0	0	0	0	0	0	0	0	0	0	0	0	0	0	0	0	0	0	0	0	0	0	0	0	0	0	0	0	0	0	0	0	0	0	0	0	0	0	0	0	0	0	0	0	0	0	
0	0	0	0	0	0	0	0	0	0	0	0	0	0	500	0	0	0	0	0	0	0	0	0	0	0	0	0	0	0	0	0	0	0	0	0	0	0	0	500	0	0	0	0	0	0	0	0	0	0	0	0	0	0	0	0	0	0	0	0	0	0	0	0	0	0	0	0	0	0	0	0	0	0	0	0	0	0	0	0	0	0	0	0	0	0	0	0	0	0	0	0	0	0	0	0	0	0	0	0	0	0	0	0	0	0	0	0	0	0	0	0	0	0	0	0	0	0	0	0	
0	0	0	0	0	0	0	0	0	0	0	0	0	0	0	0	0	0	0	0	0	0	0	0	0	0	500	0	0	0	0	0	0	0	0	0	0	0	0	0	0	0	0	0	0	0	0	0	0	0	0	0	0	0	0	0	0	0	0	0	0	0	0	0	0	0	0	0	0	0	0	0	0	0	0	0	0	0	0	0	0	0	0	0	0	0	0	0	0	0	0	0	0	0	0	0	0	0	0	0	0	0	0	0	0	0	0	500	0	0	0	0	0	0	0	0	0	0	0	0	
0	0	0	0	0	0	0	0	0	0	0	0	0	0	0	0	0	0	0	0	0	0	0	0	0	0	0	0	0	0	0	0	0	0	0	0	0	0	0	0	0	0	0	0	0	0	0	0	0	0	0	0	0	0	0	0	0	0	0	0	0	0	0	0	0	0	0	0	0	0	0	0	0	0	0	0	0	0	0	0	0	0	0	0	0	0	500	0	0	0	0	0	0	0	0	0	0	0	0	0	0	0	0	0	0	0	0	0	0	0	0	0	0	0	0	0	0	0	0	500	
0	0	0	0	0	0	0	0	0	0	0	0	0	0	0	500	0	0	0	0	0	0	0	0	0	0	0	0	0	0	0	0	0	0	0	0	0	0	0	0	0	0	0	0	0	0	0	0	0	0	0	0	0	0	0	0	0	0	0	0	0	0	0	0	0	0	0	0	0	0	0	0	0	0	0	0	0	500	0	0	0	0	0	0	0	0	0	0	0	0	0	0	0	0	0	0	0	0	0	0	0	0	0	0	0	0	0	0	0	0	0	0	0	0	0	0	0	0	0	0	
500	0	0	0	0	0	0	0	0	0	0	0	0	0	0	0	0	0	0	0	0	0	0	0	0	0	0	0	0	0	0	0	0	0	0	0	0	0	0	0	0	0	0	0	0	0	0	0	0	0	0	0	0	0	0	0	0	0	0	0	0	0	0	0	0	0	0	0	0	0	0	0	0	0	0	0	0	0	0	0	0	0	0	0	0	0	0	0	0	0	0	500	0	0	0	0	0	0	0	0	0	0	0	0	0	0	0	0	0	0	0	0	0	500	0	0	0	0	0	0	
0	0	0	0	0	0	0	0	0	0	0	0	0	0	0	0	0	0	0	0	0	0	0	0	0	0	0	0	0	0	0	0	0	0	0	0	0	0	0	0	0	0	0	0	0	0	0	0	0	0	0	0	0	0	0	0	0	0	0	0	0	0	0	0	0	0	0	0	0	0	0	0	0	0	0	0	0	0	0	0	500	0	0	0	0	0	0	0	0	0	0	0	0	0	0	0	0	0	0	0	0	500	0	0	0	0	0	0	0	0	0	0	0	0	0	0	0	0	0	0	
0	0	0	0	0	0	0	0	0	0	0	500	0	0	0	0	0	0	0	0	0	0	0	0	0	0	0	0	0	0	0	0	0	0	0	0	0	0	0	0	0	0	0	0	0	0	0	0	0	0	0	0	0	0	0	0	0	0	0	0	0	0	0	0	0	0	0	0	0	0	0	0	0	0	0	0	0	0	0	0	0	0	0	0	0	0	0	0	0	0	0	0	0	0	0	0	0	0	0	0	0	0	0	0	0	0	0	0	0	0	0	0	0	0	0	500	0	0	0	0	
0	0	0	0	0	0	0	0	0	0	0	0	0	0	0	0	0	0	0	0	0	0	0	0	0	0	0	0	0	0	0	0	0	0	0	0	0	0	0	0	0	0	0	0	0	0	0	0	0	0	0	0	0	0	0	0	500	0	0	0	0	0	0	0	0	0	0	0	0	0	0	0	0	0	0	0	0	0	0	0	0	0	0	0	0	0	0	0	0	0	0	0	0	0	0	0	0	0	0	0	0	0	0	0	500	0	0	0	0	0	0	0	0	0	0	0	0	0	0	0	
0	0	0	0	0	0	0	0	0	0	0	0	0	0	0	0	0	0	0	0	0	0	0	0	0	0	0	0	0	0	0	0	0	0	0	0	0	0	0	500	0	0	0	0	0	0	0	0	0	500	0	0	0	0	0	0	0	0	0	0	0	0	0	0	0	0	0	0	0	0	0	0	0	0	0	0	0	0	0	0	0	0	0	0	0	0	0	0	0	0	0	0	0	0	0	0	0	0	0	0	0	0	0	0	0	0	0	0	0	0	0	0	0	0	0	0	0	0	0	0	
0	0	0	0	0	0	0	0	0	0	0	0	0	0	0	0	0	0	0	0	0	0	0	0	0	0	0	0	0	0	500	0	0	0	0	0	0	0	500	0	0	0	0	0	0	0	0	0	0	0	0	0	0	0	0	0	0	0	0	0	0	0	0	0	0	0	0	0	0	0	0	0	0	0	0	0	0	0	0	0	0	0	0	0	0	0	0	0	0	0	0	0	0	0	0	0	0	0	0	0	0	0	0	0	0	0	0	0	0	0	0	0	0	0	0	0	0	0	0	0	
0	0	0	0	0	0	0	0	0	0	0	0	0	0	0	0	0	0	0	0	0	0	0	0	0	0	0	0	0	0	0	0	0	0	0	0	0	0	0	0	0	0	0	0	0	0	0	0	0	0	0	0	0	0	0	0	0	0	0	0	0	0	0	500	0	0	0	0	0	0	500	0	0	0	0	0	0	0	0	0	0	0	0	0	0	0	0	0	0	0	0	0	0	0	0	0	0	0	0	0	0	0	0	0	0	0	0	0	0	0	0	0	0	0	0	0	0	0	0	0	
0	0	500	0	0	0	0	0	0	0	0	0	0	0	0	0	0	0	0	0	0	0	0	0	0	0	0	0	0	0	0	0	0	0	0	0	0	0	0	0	0	0	0	0	0	0	0	0	0	0	0	0	0	0	0	0	0	0	0	0	0	0	0	0	0	0	0	0	0	0	0	0	0	0	0	0	0	0	0	0	0	0	0	0	0	0	0	500	0	0	0	0	0	0	0	0	0	0	0	0	0	0	0	0	0	0	0	0	0	0	0	0	0	0	0	0	0	0	0	0	
0	0	0	0	0	0	0	0	0	0	0	0	0	0	0	0	0	0	0	0	0	0	0	0	0	0	0	0	0	0	0	0	0	0	0	0	0	0	0	0	0	0	0	0	0	0	0	0	0	0	0	0	0	0	0	0	0	0	0	0	0	0	0	0	0	0	0	0	0	0	0	0	0	0	0	0	0	0	0	0	0	0	0	0	0	0	0	0	0	0	0	0	500	0	0	0	0	0	0	0	0	0	0	0	0	0	0	0	0	0	500	0	0	0	0	0	0	0	0	0	
0	0	0	0	0	0	0	500	0	0	0	0	0	0	0	0	0	0	0	0	0	0	0	0	0	0	0	0	0	0	0	0	0	0	0	0	0	0	0	0	0	0	0	0	0	0	0	0	0	0	0	500	0	0	0	0	0	0	0	0	0	0	0	0	0	0	0	0	0	0	0	0	0	0	0	0	0	0	0	0	0	0	0	0	0	0	0	0	0	0	0	0	0	0	0	0	0	0	0	0	0	0	0	0	0	0	0	0	0	0	0	0	0	0	0	0	0	0	0	0	
0	0	0	0	0	0	0	0	0	0	0	0	0	0	0	0	0	0	0	0	0	0	0	0	0	0	0	0	0	0	0	0	0	0	0	0	0	0	0	0	0	0	0	0	0	0	500	0	0	0	0	0	0	0	0	0	0	0	0	0	0	0	0	0	0	0	0	0	0	0	0	0	0	0	0	0	0	0	0	0	0	0	0	0	0	0	0	0	0	500	0	0	0	0	0	0	0	0	0	0	0	0	0	0	0	0	0	0	0	0	0	0	0	0	0	0	0	0	0	0	
0	0	0	0	0	0	0	0	0	0	0	0	0	0	0	0	0	0	0	0	0	0	0	0	0	0	0	0	0	0	0	0	0	0	0	0	0	0	0	0	0	0	0	0	0	0	0	0	0	0	0	0	0	0	0	0	0	0	0	0	500	0	0	0	0	0	0	0	0	0	0	0	0	0	0	0	0	0	0	0	0	0	0	0	0	0	0	0	0	0	0	0	0	500	0	0	0	0	0	0	0	0	0	0	0	0	0	0	0	0	0	0	0	0	0	0	0	0	0	0	
0	0	0	0	0	0	0	0	0	0	0	0	0	0	0	0	0	0	0	0	0	500	0	0	0	0	0	0	0	0	0	0	0	0	0	0	0	0	0	0	0	0	0	0	500	0	0	0	0	0	0	0	0	0	0	0	0	0	0	0	0	0	0	0	0	0	0	0	0	0	0	0	0	0	0	0	0	0	0	0	0	0	0	0	0	0	0	0	0	0	0	0	0	0	0	0	0	0	0	0	0	0	0	0	0	0	0	0	0	0	0	0	0	0	0	0	0	0	0	0	
0	0	0	0	0	0	0	0	0	0	0	0	0	0	0	0	0	0	0	0	0	0	0	0	0	0	0	0	0	0	0	0	0	0	0	0	0	0	0	0	0	0	0	0	0	0	0	0	0	0	0	0	0	0	0	0	0	0	0	0	0	0	0	0	0	0	0	0	0	500	0	0	0	0	0	0	0	0	0	0	0	0	0	0	0	0	0	0	0	0	0	0	0	0	500	0	0	0	0	0	0	0	0	0	0	0	0	0	0	0	0	0	0	0	0	0	0	0	0	0	
0	0	0	0	0	0	0	0	0	0	0	0	0	0	0	0	0	0	0	0	0	0	0	0	0	0	0	0	0	0	0	0	0	0	0	0	0	0	0	0	0	0	0	0	0	0	0	0	0	0	0	0	0	0	0	0	0	0	0	0	0	0	0	0	0	0	0	0	0	0	0	0	0	0	0	0	0	0	0	0	0	0	0	0	0	0	0	0	0	0	0	0	0	0	0	0	0	0	0	500	0	0	0	0	0	0	0	0	0	0	0	0	0	0	0	0	0	500	0	0	
0	500	0	0	0	0	0	0	0	0	0	0	0	0	0	0	0	0	0	0	0	0	0	0	0	0	0	0	0	0	0	0	0	0	0	0	0	0	500	0	0	0	0	0	0	0	0	0	0	0	0	0	0	0	0	0	0	0	0	0	0	0	0	0	0	0	0	0	0	0	0	0	0	0	0	0	0	0	0	0	0	0	0	0	0	0	0	0	0	0	0	0	0	0	0	0	0	0	0	0	0	0	0	0	0	0	0	0	0	0	0	0	0	0	0	0	0	0	0	0	
0	0	0	0	0	0	0	0	0	0	0	0	0	0	0	0	0	0	0	0	0	0	0	0	0	0	0	0	0	0	0	0	0	0	0	0	0	0	0	0	0	0	0	0	0	0	0	0	0	0	0	0	0	0	0	0	0	0	0	0	0	500	0	0	0	0	0	0	0	0	0	0	0	0	0	0	0	0	0	0	0	0	0	0	500	0	0	0	0	0	0	0	0	0	0	0	0	0	0	0	0	0	0	0	0	0	0	0	0	0	0	0	0	0	0	0	0	0	0	0	
0	0	0	0	0	0	0	500	0	0	0	0	0	0	0	0	0	0	0	0	0	0	0	0	0	0	0	0	0	0	0	0	0	0	0	0	0	0	0	0	0	0	0	500	0	0	0	0	0	0	0	0	0	0	0	0	0	0	0	0	0	0	0	0	0	0	0	0	0	0	0	0	0	0	0	0	0	0	0	0	0	0	0	0	0	0	0	0	0	0	0	0	0	0	0	0	0	0	0	0	0	0	0	0	0	0	0	0	0	0	0	0	0	0	0	0	0	0	0	0	
0	0	0	0	0	0	0	0	0	0	0	0	0	0	0	0	500	0	0	0	0	0	0	500	0	0	0	0	0	0	0	0	0	0	0	0	0	0	0	0	0	0	0	0	0	0	0	0	0	0	0	0	0	0	0	0	0	0	0	0	0	0	0	0	0	0	0	0	0	0	0	0	0	0	0	0	0	0	0	0	0	0	0	0	0	0	0	0	0	0	0	0	0	0	0	0	0	0	0	0	0	0	0	0	0	0	0	0	0	0	0	0	0	0	0	0	0	0	0	0	
0	0	0	0	0	0	0	0	0	0	0	0	0	0	0	0	0	0	0	0	0	0	0	0	0	0	0	0	0	0	0	0	0	0	0	0	0	0	0	0	0	0	0	0	0	0	0	0	0	0	0	0	0	0	0	0	0	0	0	0	0	0	0	0	0	0	0	500	0	0	0	0	0	0	0	0	0	0	0	0	0	0	0	0	0	0	0	0	0	0	0	0	500	0	0	0	0	0	0	0	0	0	0	0	0	0	0	0	0	0	0	0	0	0	0	0	0	0	0	0	
500	0	0	0	0	0	0	0	0	0	0	0	0	0	0	0	0	0	0	0	0	0	0	0	0	0	0	0	0	0	0	0	0	0	0	0	0	0	0	0	0	0	0	0	0	0	0	0	0	0	0	0	0	0	0	0	0	0	0	0	0	0	0	0	0	0	0	0	0	0	0	0	0	0	0	500	0	0	0	0	0	0	0	0	0	0	0	0	500	0	0	0	0	0	0	0	0	0	0	0	0	0	0	0	0	0	0	0	0	0	0	0	0	0	0	0	0	0	0	0	
0	0	0	0	0	0	0	0	0	0	0	0	0	0	0	0	0	0	0	0	0	0	0	0	0	0	0	0	0	0	0	0	0	0	0	0	0	0	0	0	0	0	0	0	0	0	0	0	0	0	0	0	0	0	0	0	0	0	0	0	0	0	0	0	0	0	0	500	0	0	0	0	0	0	500	0	0	0	0	0	0	0	0	0	0	0	0	0	0	0	0	0	0	0	0	0	0	0	0	0	0	0	0	0	0	0	0	0	0	0	0	0	0	0	0	0	0	0	0	0	
0	0	0	0	0	0	0	0	0	0	0	0	0	0	0	0	0	0	0	0	0	0	0	0	0	0	0	0	0	0	0	0	0	0	0	0	0	500	0	0	0	0	0	0	0	0	0	0	0	0	0	0	0	0	0	0	0	0	0	0	0	0	0	0	0	0	0	0	0	0	0	0	0	0	0	0	0	0	0	500	0	0	0	0	0	0	0	0	0	0	0	0	0	0	0	0	0	0	0	0	0	0	0	0	0	0	0	0	0	0	0	0	0	0	0	0	0	0	0	0	
0	0	0	0	0	0	0	0	0	0	0	0	0	500	0	0	0	0	0	0	0	0	0	0	0	0	0	0	0	0	0	0	0	0	0	0	0	0	0	0	0	0	0	0	0	0	0	0	0	0	0	0	0	0	0	0	0	0	0	0	0	0	0	0	0	0	0	0	0	0	0	0	0	0	0	0	0	0	0	0	0	0	0	0	0	500	0	0	0	0	0	0	0	0	0	0	0	0	0	0	0	0	0	0	0	0	0	0	0	0	0	0	0	0	0	0	0	0	0	0	
500	0	0	0	0	0	0	0	0	0	0	0	0	0	0	0	0	0	0	0	0	0	0	0	0	0	0	0	0	0	0	0	0	0	0	0	0	0	0	0	0	0	0	0	0	0	0	0	0	0	0	0	0	0	0	0	0	0	0	0	0	0	0	0	0	0	0	0	0	0	0	0	500	0	0	0	0	0	0	0	0	0	0	0	0	0	0	0	0	0	0	0	0	0	0	0	0	500	0	0	0	0	0	0	0	0	0	0	0	0	0	0	0	0	0	0	0	0	0	0	
0	0	0	0	0	0	0	0	0	0	0	0	0	0	0	0	0	0	0	0	500	0	500	0	0	0	0	0	0	0	0	0	0	0	0	0	0	0	0	0	0	0	0	0	0	0	0	0	0	0	0	0	0	0	0	0	0	0	0	0	0	0	0	0	0	0	0	0	0	0	0	0	0	0	0	0	0	0	0	0	0	0	0	0	0	0	0	0	0	0	0	0	0	0	0	0	0	0	0	0	0	0	0	0	0	0	0	0	0	0	0	0	0	0	0	0	0	0	0	0	
0	0	0	0	0	500	0	0	0	0	0	0	0	0	0	0	0	0	0	0	0	0	0	0	0	0	0	0	0	0	0	0	0	0	0	0	0	0	0	0	0	0	0	0	0	500	0	0	0	0	0	0	0	0	0	0	0	0	0	0	0	0	0	0	0	0	0	0	0	0	0	0	0	0	0	0	0	0	0	0	0	0	0	0	0	0	0	0	0	0	0	0	0	0	0	0	0	0	0	0	0	0	0	0	0	0	0	0	0	0	0	0	0	0	0	0	0	0	0	0	
0	0	0	0	0	0	0	0	0	0	0	0	0	0	0	0	0	0	0	0	0	0	0	0	0	0	0	0	0	0	0	0	0	0	0	0	0	0	0	0	0	0	0	0	0	0	0	0	0	0	500	0	0	0	0	0	0	0	0	0	0	0	0	0	0	0	0	0	0	0	0	0	0	0	0	0	0	0	0	0	0	0	0	0	0	0	0	0	0	0	0	0	0	0	0	0	0	0	0	0	0	0	0	0	0	0	0	0	0	0	0	0	0	0	0	0	0	500	0	0	
0	0	0	0	0	0	0	0	0	0	0	0	0	0	0	0	0	0	0	0	0	0	0	0	0	0	0	0	0	0	0	0	0	0	0	0	0	0	0	0	0	0	0	0	0	0	0	0	0	0	0	0	0	0	0	0	0	0	0	0	0	0	0	0	500	0	0	0	0	0	0	0	0	0	0	0	0	0	0	0	0	0	0	0	0	0	0	0	0	0	0	0	0	0	0	0	0	0	500	0	0	0	0	0	0	0	0	0	0	0	0	0	0	0	0	0	0	0	0	0	
0	0	0	0	0	0	0	0	0	0	0	0	0	0	0	0	0	0	0	0	0	0	0	0	0	0	0	0	0	0	0	0	0	0	0	0	0	0	0	0	500	0	0	0	0	0	0	0	0	0	0	0	0	0	0	0	0	0	0	0	0	0	0	0	0	0	0	0	0	0	0	0	0	0	0	0	0	0	0	0	0	0	0	0	0	0	0	0	0	0	0	0	0	0	0	0	0	0	0	0	0	0	0	0	0	0	0	0	0	0	0	0	0	0	0	0	0	0	500	0	
500	0	0	0	0	0	0	0	0	0	0	0	0	0	0	0	0	0	0	0	0	0	0	0	0	0	0	0	0	0	0	0	0	0	0	0	0	0	0	0	0	0	0	0	0	0	0	0	0	0	0	0	0	0	0	0	0	0	0	0	0	0	500	0	0	0	0	0	0	0	0	0	0	0	0	0	0	0	0	0	0	0	0	0	0	0	0	0	0	0	0	0	0	0	0	0	0	0	0	0	0	0	0	0	0	0	0	0	0	0	0	0	0	0	0	0	0	0	0	0	
0	500	0	0	0	0	0	0	0	0	0	0	0	0	0	0	0	0	0	0	0	0	0	0	0	0	0	0	0	0	0	0	0	0	0	0	0	0	0	0	0	0	0	0	0	0	0	0	0	0	0	0	0	0	0	0	0	0	0	0	0	0	0	0	0	0	0	0	0	0	0	0	0	0	0	0	0	0	0	0	0	0	0	0	0	0	0	0	0	0	0	0	0	0	0	0	0	0	0	0	500	0	0	0	0	0	0	0	0	0	0	0	0	0	0	0	0	0	0	0	
0	0	0	0	0	0	0	0	0	0	0	0	0	0	0	0	0	0	0	0	0	0	0	0	0	0	0	0	0	0	0	0	0	0	0	0	0	0	0	0	0	0	0	0	0	0	0	0	0	0	0	0	0	0	0	0	0	0	0	0	0	0	0	0	0	0	0	0	500	0	0	500	0	0	0	0	0	0	0	0	0	0	0	0	0	0	0	0	0	0	0	0	0	0	0	0	0	0	0	0	0	0	0	0	0	0	0	0	0	0	0	0	0	0	0	0	0	0	0	0	
0	0	0	0	0	0	0	0	0	0	0	0	0	0	0	0	0	0	0	0	0	0	0	0	0	0	0	0	0	0	0	0	0	0	0	0	0	0	0	0	0	0	0	0	0	0	0	0	0	0	0	0	0	500	0	500	0	0	0	0	0	0	0	0	0	0	0	0	0	0	0	0	0	0	0	0	0	0	0	0	0	0	0	0	0	0	0	0	0	0	0	0	0	0	0	0	0	0	0	0	0	0	0	0	0	0	0	0	0	0	0	0	0	0	0	0	0	0	0	0	
0	0	0	0	0	0	0	0	0	0	0	0	0	0	0	0	0	0	0	0	0	0	0	0	0	0	500	0	0	0	0	0	0	0	0	0	0	0	0	0	0	0	0	0	0	0	0	0	0	0	0	0	0	0	0	0	0	0	0	0	0	0	0	0	0	0	500	0	0	0	0	0	0	0	0	0	0	0	0	0	0	0	0	0	0	0	0	0	0	0	0	0	0	0	0	0	0	0	0	0	0	0	0	0	0	0	0	0	0	0	0	0	0	0	0	0	0	0	0	0	
0	0	0	0	0	0	0	0	0	0	0	0	0	0	0	0	0	0	0	0	0	0	0	0	0	0	0	0	0	0	0	0	0	0	0	0	0	0	0	0	0	0	0	0	0	0	0	500	0	0	0	0	0	0	0	0	0	0	0	0	0	0	0	0	0	0	0	0	0	0	0	0	0	0	0	0	0	0	0	0	0	0	0	0	0	0	0	0	0	0	0	0	0	0	0	0	0	0	0	0	0	0	0	0	0	0	0	0	0	0	500	0	0	0	0	0	0	0	0	0	
0	0	0	0	500	0	0	0	0	0	0	0	0	0	0	0	0	0	0	0	0	0	0	0	0	0	0	0	0	0	0	0	0	0	0	0	0	0	0	0	500	0	0	0	0	0	0	0	0	0	0	0	0	0	0	0	0	0	0	0	0	0	0	0	0	0	0	0	0	0	0	0	0	0	0	0	0	0	0	0	0	0	0	0	0	0	0	0	0	0	0	0	0	0	0	0	0	0	0	0	0	0	0	0	0	0	0	0	0	0	0	0	0	0	0	0	0	0	0	0	
0	0	0	0	0	0	0	0	0	0	0	0	0	0	0	0	0	0	0	0	0	0	0	0	0	0	0	0	0	0	0	0	0	0	0	0	0	0	0	0	0	0	0	0	0	0	0	0	0	0	0	0	0	0	0	0	0	0	0	0	0	0	0	0	0	0	500	0	0	0	0	0	0	0	0	0	0	500	0	0	0	0	0	0	0	0	0	0	0	0	0	0	0	0	0	0	0	0	0	0	0	0	0	0	0	0	0	0	0	0	0	0	0	0	0	0	0	0	0	0	
0	0	0	0	0	0	0	0	0	0	0	0	0	0	0	0	0	0	0	0	0	0	0	0	0	0	0	0	0	0	0	0	0	0	0	0	0	0	0	0	0	0	0	0	0	0	0	0	0	0	0	0	0	0	0	0	0	0	500	0	0	0	0	0	0	0	0	0	0	0	0	0	0	0	0	0	0	0	0	0	0	0	0	0	0	0	0	0	0	0	0	0	0	0	0	0	0	500	0	0	0	0	0	0	0	0	0	0	0	0	0	0	0	0	0	0	0	0	0	0	
0	0	0	0	0	0	0	0	0	0	0	0	0	0	0	0	0	500	0	0	0	500	0	0	0	0	0	0	0	0	0	0	0	0	0	0	0	0	0	0	0	0	0	0	0	0	0	0	0	0	0	0	0	0	0	0	0	0	0	0	0	0	0	0	0	0	0	0	0	0	0	0	0	0	0	0	0	0	0	0	0	0	0	0	0	0	0	0	0	0	0	0	0	0	0	0	0	0	0	0	0	0	0	0	0	0	0	0	0	0	0	0	0	0	0	0	0	0	0	0	
0	0	0	0	0	0	0	0	0	0	0	0	0	0	0	0	0	0	0	0	0	0	0	0	0	0	0	0	0	0	0	0	0	0	0	0	0	0	0	0	0	0	0	0	0	0	0	0	0	0	0	0	0	0	0	500	0	0	0	0	0	0	0	0	0	0	0	0	0	0	0	0	0	0	0	0	0	0	0	0	0	0	0	0	0	0	0	0	0	0	500	0	0	0	0	0	0	0	0	0	0	0	0	0	0	0	0	0	0	0	0	0	0	0	0	0	0	0	0	0	
0	0	0	0	0	0	0	0	0	0	0	0	0	0	0	0	0	0	0	0	0	0	0	0	0	0	0	0	0	0	0	0	0	0	0	0	0	0	0	0	0	0	0	0	0	0	0	0	0	0	0	0	0	0	500	0	0	0	0	0	0	0	0	0	0	0	0	0	0	0	0	0	0	0	0	0	0	0	0	0	0	0	0	0	0	0	0	0	500	0	0	0	0	0	0	0	0	0	0	0	0	0	0	0	0	0	0	0	0	0	0	0	0	0	0	0	0	0	0	0	
0	0	0	0	0	0	0	0	0	0	0	0	0	0	0	0	0	0	0	0	0	0	0	0	0	0	0	0	0	0	0	0	0	0	0	0	0	0	0	0	0	0	0	0	0	0	0	0	0	0	0	0	0	0	0	0	0	0	0	0	0	0	0	0	0	0	0	0	0	0	0	0	0	0	0	0	0	0	0	0	0	0	0	0	0	0	0	0	0	500	0	0	0	0	0	500	0	0	0	0	0	0	0	0	0	0	0	0	0	0	0	0	0	0	0	0	0	0	0	0	
0	0	0	0	0	0	0	0	0	0	0	0	0	0	0	0	0	0	0	0	0	0	0	0	0	0	0	0	0	0	0	0	0	500	0	0	0	0	0	0	0	0	0	0	0	0	0	0	0	0	0	0	0	0	0	0	0	0	0	0	0	0	0	0	0	0	0	0	0	0	0	500	0	0	0	0	0	0	0	0	0	0	0	0	0	0	0	0	0	0	0	0	0	0	0	0	0	0	0	0	0	0	0	0	0	0	0	0	0	0	0	0	0	0	0	0	0	0	0	0	
0	0	0	0	0	0	0	0	0	500	0	0	0	0	0	0	0	0	0	0	0	0	0	0	0	0	0	0	0	0	0	0	0	0	0	0	0	0	0	0	0	0	0	0	0	0	0	0	0	0	0	0	0	0	0	0	0	0	0	0	0	0	0	0	0	0	0	0	0	0	0	0	0	0	0	0	0	0	0	0	0	0	0	0	0	0	0	0	0	0	0	0	0	0	0	0	0	0	0	0	0	0	0	0	0	0	0	0	500	0	0	0	0	0	0	0	0	0	0	0	
0	0	0	0	0	0	0	0	0	0	0	0	0	0	0	0	0	0	0	0	0	0	0	0	0	0	0	0	500	0	0	0	0	0	0	0	0	0	0	0	0	0	0	0	0	0	0	0	0	0	0	0	0	0	0	0	500	0	0	0	0	0	0	0	0	0	0	0	0	0	0	0	0	0	0	0	0	0	0	0	0	0	0	0	0	0	0	0	0	0	0	0	0	0	0	0	0	0	0	0	0	0	0	0	0	0	0	0	0	0	0	0	0	0	0	0	0	0	0	0	
0	0	0	0	0	0	0	0	0	0	0	0	0	0	0	0	0	0	0	0	0	0	0	0	0	0	0	500	0	0	0	0	0	0	0	500	0	0	0	0	0	0	0	0	0	0	0	0	0	0	0	0	0	0	0	0	0	0	0	0	0	0	0	0	0	0	0	0	0	0	0	0	0	0	0	0	0	0	0	0	0	0	0	0	0	0	0	0	0	0	0	0	0	0	0	0	0	0	0	0	0	0	0	0	0	0	0	0	0	0	0	0	0	0	0	0	0	0	0	0	
0	0	0	0	0	0	0	0	0	0	0	0	0	0	0	0	0	0	0	0	0	0	0	0	0	0	0	0	0	0	0	0	0	0	0	0	0	0	0	0	0	0	0	0	0	0	0	0	0	0	0	0	0	0	0	0	0	0	0	0	0	0	0	0	0	0	0	0	0	0	0	0	0	0	0	0	0	0	0	0	0	0	0	500	0	0	0	0	0	0	0	0	0	0	0	0	0	0	0	0	0	0	0	0	0	0	0	0	0	0	0	0	500	0	0	0	0	0	0	0	
0	0	0	0	0	0	0	0	0	0	0	0	0	0	0	0	0	0	0	0	0	0	0	0	0	0	0	0	0	0	0	0	0	0	0	0	0	0	0	0	0	0	0	0	0	0	0	0	0	0	0	0	0	0	0	0	0	0	0	0	0	0	0	0	0	0	0	0	0	0	0	0	0	0	0	0	0	0	0	0	0	0	0	0	0	0	500	0	0	0	0	0	0	0	0	0	0	0	0	0	0	0	0	0	0	0	0	0	0	0	0	500	0	0	0	0	0	0	0	0	
0	0	0	0	0	0	0	0	0	0	0	0	0	0	0	0	0	0	0	0	0	0	0	0	0	0	0	0	0	0	0	0	0	0	0	0	0	0	0	0	0	0	0	0	0	0	0	0	0	0	0	0	0	0	0	0	0	0	0	0	0	0	0	0	0	0	0	0	0	0	0	0	0	0	0	0	0	0	0	0	0	500	0	0	0	0	0	0	0	0	0	0	0	0	0	500	0	0	0	0	0	0	0	0	0	0	0	0	0	0	0	0	0	0	0	0	0	0	0	0	
0	0	0	0	0	0	0	0	0	0	0	0	0	500	0	0	0	0	0	0	0	0	0	0	0	0	0	0	0	0	0	0	0	0	0	0	0	0	0	0	0	0	0	0	0	0	0	0	0	0	500	0	0	0	0	0	0	0	0	0	0	0	0	0	0	0	0	0	0	0	0	0	0	0	0	0	0	0	0	0	0	0	0	0	0	0	0	0	0	0	0	0	0	0	0	0	0	0	0	0	0	0	0	0	0	0	0	0	0	0	0	0	0	0	0	0	0	0	0	0	
0	0	0	0	500	0	0	0	0	0	0	0	0	0	0	0	0	0	0	0	0	0	0	0	0	0	0	0	0	0	0	0	0	0	0	0	0	0	0	0	0	0	0	0	0	0	0	0	0	0	0	0	0	0	0	0	0	500	0	0	0	0	0	0	0	0	0	0	0	0	0	0	0	0	0	0	0	0	0	0	0	0	0	0	0	0	0	0	0	0	0	0	0	0	0	0	0	0	0	0	0	0	0	0	0	0	0	0	0	0	0	0	0	0	0	0	0	0	0	0	
0	0	0	0	0	0	0	0	0	0	0	0	0	0	0	0	0	0	0	0	0	0	0	0	0	0	0	0	0	0	0	0	500	0	0	0	0	0	0	0	0	0	0	0	0	0	0	0	0	0	0	0	0	0	0	0	0	0	0	0	0	0	0	0	0	0	0	0	0	0	0	0	0	0	0	0	0	0	0	0	0	0	500	0	0	0	0	0	0	0	0	0	0	0	0	0	0	0	0	0	0	0	0	0	0	0	0	0	0	0	0	0	0	0	0	0	0	0	0	0	
0	0	0	0	0	0	0	0	0	0	0	0	0	0	0	0	0	0	0	0	0	0	0	0	0	0	0	0	0	0	0	0	0	0	0	0	0	0	0	0	0	500	0	0	0	0	0	0	0	0	0	0	0	0	0	0	0	0	0	0	0	0	0	0	0	0	0	0	0	0	0	0	0	0	0	0	0	0	0	0	0	0	0	0	0	0	0	0	0	0	0	0	0	0	0	0	0	0	0	0	0	0	0	0	0	0	0	0	0	0	0	0	0	0	0	0	500	0	0	0	
0	0	0	0	0	0	0	0	0	0	0	0	0	0	0	0	0	0	0	0	0	0	0	0	0	0	0	0	0	0	0	0	0	0	0	0	0	0	0	0	0	0	0	0	0	0	0	0	0	0	0	0	0	0	500	0	0	0	0	0	0	0	0	0	0	0	0	0	0	0	0	0	0	0	0	500	0	0	0	0	0	0	0	0	0	0	0	0	0	0	0	0	0	0	0	0	0	0	0	0	0	0	0	0	0	0	0	0	0	0	0	0	0	0	0	0	0	0	0	0	
0	0	0	0	0	0	0	0	0	0	0	0	0	0	0	0	0	0	0	0	0	0	0	0	0	0	0	0	0	0	0	0	0	0	0	0	0	0	0	0	0	0	0	0	500	0	0	0	0	0	0	0	0	0	0	0	0	0	0	0	0	0	0	0	0	0	0	0	0	0	0	0	0	0	0	0	500	0	0	0	0	0	0	0	0	0	0	0	0	0	0	0	0	0	0	0	0	0	0	0	0	0	0	0	0	0	0	0	0	0	0	0	0	0	0	0	0	0	0	0	
0	0	0	0	0	0	0	0	0	0	0	0	0	0	0	0	0	0	0	0	0	0	0	0	0	0	0	0	0	0	0	0	0	0	0	0	0	0	0	0	0	0	0	0	0	0	0	0	0	0	0	0	0	0	0	0	0	0	0	0	0	0	0	0	0	0	0	0	0	0	0	0	0	0	500	0	0	0	0	0	0	0	0	0	0	0	0	0	0	0	0	0	0	0	0	0	0	0	0	0	0	0	0	0	0	0	0	0	0	0	0	0	0	0	500	0	0	0	0	0	
0	0	0	0	0	0	0	0	0	0	0	0	0	0	0	0	0	0	0	0	0	0	0	0	0	0	0	0	0	0	0	0	0	0	500	0	0	0	0	0	0	0	0	0	0	0	0	0	0	0	0	0	0	0	0	0	0	0	0	0	0	0	0	0	0	0	0	0	0	0	0	0	0	0	0	0	0	0	0	0	0	0	0	0	0	0	0	0	0	0	0	0	0	0	0	0	0	0	0	0	0	0	0	0	0	0	0	0	0	0	0	0	0	500	0	0	0	0	0	0	
0	0	0	0	0	0	0	0	0	0	0	0	0	0	0	0	0	0	0	0	0	0	0	0	0	0	0	0	0	0	0	0	0	0	0	0	0	0	0	0	0	0	500	0	0	0	0	0	0	0	0	0	0	500	0	0	0	0	0	0	0	0	0	0	0	0	0	0	0	0	0	0	0	0	0	0	0	0	0	0	0	0	0	0	0	0	0	0	0	0	0	0	0	0	0	0	0	0	0	0	0	0	0	0	0	0	0	0	0	0	0	0	0	0	0	0	0	0	0	0	
0	0	0	0	0	0	0	0	0	0	0	0	0	0	0	0	0	0	500	0	0	0	0	0	0	0	0	0	0	0	0	0	0	0	0	0	0	0	0	0	0	0	0	0	0	500	0	0	0	0	0	0	0	0	0	0	0	0	0	0	0	0	0	0	0	0	0	0	0	0	0	0	0	0	0	0	0	0	0	0	0	0	0	0	0	0	0	0	0	0	0	0	0	0	0	0	0	0	0	0	0	0	0	0	0	0	0	0	0	0	0	0	0	0	0	0	0	0	0	0	
0	0	0	0	0	0	0	0	500	0	0	0	0	0	0	0	0	0	0	0	0	0	0	0	0	0	0	0	0	0	0	0	0	0	0	0	0	0	0	0	0	0	0	0	0	0	0	500	0	0	0	0	0	0	0	0	0	0	0	0	0	0	0	0	0	0	0	0	0	0	0	0	0	0	0	0	0	0	0	0	0	0	0	0	0	0	0	0	0	0	0	0	0	0	0	0	0	0	0	0	0	0	0	0	0	0	0	0	0	0	0	0	0	0	0	0	0	0	0	0	
0	0	0	0	0	0	0	0	0	0	0	0	0	0	0	0	0	0	0	0	0	0	0	0	0	0	0	0	0	0	0	0	0	0	0	0	0	0	0	0	0	0	0	0	0	0	0	0	0	0	0	0	0	0	0	0	0	0	0	0	0	0	0	0	0	0	0	0	0	0	0	0	0	0	0	0	500	0	0	0	0	0	0	500	0	0	0	0	0	0	0	0	0	0	0	0	0	0	0	0	0	0	0	0	0	0	0	0	0	0	0	0	0	0	0	0	0	0	0	0	
0	0	0	0	0	0	0	0	500	0	0	0	0	0	0	0	0	0	0	0	0	0	0	0	0	0	0	0	0	0	0	0	0	0	0	0	0	0	0	0	0	0	0	0	0	0	0	0	0	0	0	0	0	0	0	0	0	0	0	0	0	0	0	0	0	0	0	0	0	0	0	0	0	0	0	0	0	0	0	0	0	0	0	0	0	0	0	0	0	0	0	0	0	0	0	0	0	0	0	0	0	0	0	0	0	500	0	0	0	0	0	0	0	0	0	0	0	0	0	0	
0	0	0	0	0	0	0	0	0	0	0	0	0	0	0	0	0	0	0	0	0	0	0	0	0	0	0	0	0	0	0	0	0	0	0	0	0	0	0	0	0	0	0	0	0	0	0	0	0	0	0	0	0	0	0	0	0	0	500	0	0	0	0	0	0	0	0	0	0	0	0	0	500	0	0	0	0	0	0	0	0	0	0	0	0	0	0	0	0	0	0	0	0	0	0	0	0	0	0	0	0	0	0	0	0	0	0	0	0	0	0	0	0	0	0	0	0	0	0	0	
0	0	0	0	0	0	0	0	0	0	0	0	0	0	0	0	0	0	0	0	0	0	0	0	0	0	0	0	0	0	0	0	0	0	0	0	0	0	0	0	0	0	0	0	0	0	0	0	0	0	0	0	0	0	0	0	0	0	0	0	0	0	500	0	0	0	0	0	0	0	0	0	0	0	0	0	0	0	0	0	0	0	0	0	0	0	0	0	0	0	0	0	0	0	0	0	0	0	0	0	0	0	0	500	0	0	0	0	0	0	0	0	0	0	0	0	0	0	0	0	
0	0	0	0	0	0	0	0	0	0	0	0	0	0	0	0	0	0	0	0	0	0	0	0	0	0	0	0	0	0	0	0	0	0	0	0	0	0	0	0	0	0	0	0	0	0	0	0	500	0	0	0	0	0	0	0	0	0	0	0	0	0	0	0	0	0	0	0	0	0	0	0	0	0	0	0	0	0	0	0	0	0	0	0	0	0	0	0	0	0	0	0	0	0	0	0	0	0	0	0	0	0	0	0	0	0	0	0	0	0	0	0	500	0	0	0	0	0	0	0	
0	0	0	0	0	0	0	0	0	0	0	0	0	0	0	0	0	0	0	0	0	0	0	0	0	0	0	0	0	0	0	0	0	0	0	0	0	0	0	0	0	0	0	0	0	0	0	0	0	0	0	0	0	0	0	0	0	0	0	0	0	0	0	0	0	500	0	0	0	0	0	0	0	0	0	0	0	0	0	0	0	0	0	0	0	0	0	0	0	0	0	0	0	0	0	0	0	0	0	0	0	0	0	0	0	500	0	0	0	0	0	0	0	0	0	0	0	0	0	0	
0	0	0	0	0	0	0	0	0	0	0	0	0	0	0	0	0	0	0	0	0	0	0	0	0	0	0	500	0	0	0	0	0	0	0	500	0	0	0	0	0	0	0	0	0	0	0	0	0	0	0	0	0	0	0	0	0	0	0	0	0	0	0	0	0	0	0	0	0	0	0	0	0	0	0	0	0	0	0	0	0	0	0	0	0	0	0	0	0	0	0	0	0	0	0	0	0	0	0	0	0	0	0	0	0	0	0	0	0	0	0	0	0	0	0	0	0	0	0	0	
0	0	0	500	0	0	0	0	0	0	0	0	0	0	0	0	0	0	0	0	0	0	0	0	0	0	0	0	0	0	0	0	0	0	0	0	0	0	0	0	0	0	0	0	0	0	0	0	0	0	0	0	0	0	0	0	0	0	0	0	0	0	0	0	0	0	0	0	0	0	0	0	0	0	0	0	0	0	0	0	0	0	0	0	0	0	0	0	0	0	0	0	0	0	0	0	0	0	0	0	0	0	0	0	0	0	0	0	0	0	0	0	0	0	0	0	500	0	0	0	
0	0	0	0	0	0	0	0	0	0	0	0	0	0	0	0	0	0	0	0	0	0	0	0	0	0	0	0	0	0	0	0	0	0	0	0	0	0	0	0	0	0	0	0	0	0	0	0	0	0	0	0	0	0	0	0	0	0	0	0	0	0	0	0	0	0	0	0	0	0	0	0	0	0	0	0	0	0	0	0	0	0	0	0	0	0	0	0	0	0	0	0	0	0	0	0	0	0	500	0	0	0	0	0	500	0	0	0	0	0	0	0	0	0	0	0	0	0	0	0	
0	0	0	0	0	0	0	0	0	0	0	0	0	0	0	0	0	0	0	0	0	0	0	0	0	0	0	0	0	0	0	0	0	0	0	0	0	500	0	0	0	0	0	0	0	0	0	0	0	0	0	0	0	0	0	0	0	0	0	0	0	0	0	0	0	0	0	0	0	0	0	0	0	0	0	0	0	0	0	0	0	0	0	0	0	0	0	0	0	0	0	0	0	0	0	0	0	0	0	0	0	0	0	500	0	0	0	0	0	0	0	0	0	0	0	0	0	0	0	0	
0	0	0	0	0	0	0	0	0	0	0	0	0	0	0	0	0	0	0	0	0	0	0	0	0	0	0	0	0	0	0	0	0	0	0	0	0	0	0	0	0	0	0	0	0	0	0	0	0	0	0	0	0	0	0	0	0	0	0	0	0	0	0	0	0	0	0	0	0	0	0	0	0	0	0	0	0	0	0	0	0	0	0	0	0	0	0	0	0	0	0	0	0	0	0	0	500	0	0	0	500	0	0	0	0	0	0	0	0	0	0	0	0	0	0	0	0	0	0	0	
0	0	0	0	0	0	0	0	0	0	0	0	0	0	0	0	500	0	0	0	0	0	0	0	0	0	0	0	500	0	0	0	0	0	0	0	0	0	0	0	0	0	0	0	0	0	0	0	0	0	0	0	0	0	0	0	0	0	0	0	0	0	0	0	0	0	0	0	0	0	0	0	0	0	0	0	0	0	0	0	0	0	0	0	0	0	0	0	0	0	0	0	0	0	0	0	0	0	0	0	0	0	0	0	0	0	0	0	0	0	0	0	0	0	0	0	0	0	0	0	
0	0	0	0	0	0	0	0	0	0	0	0	0	0	0	500	0	0	0	0	0	0	0	0	0	0	0	0	0	0	0	500	0	0	0	0	0	0	0	0	0	0	0	0	0	0	0	0	0	0	0	0	0	0	0	0	0	0	0	0	0	0	0	0	0	0	0	0	0	0	0	0	0	0	0	0	0	0	0	0	0	0	0	0	0	0	0	0	0	0	0	0	0	0	0	0	0	0	0	0	0	0	0	0	0	0	0	0	0	0	0	0	0	0	0	0	0	0	0	0	
0	0	0	0	0	0	0	0	0	0	0	0	0	0	0	0	0	0	0	0	0	0	0	0	0	500	0	0	0	0	0	0	0	0	0	0	0	0	0	0	0	0	0	0	0	0	0	0	0	0	0	0	0	0	0	0	0	0	0	0	0	0	0	0	0	0	0	0	0	0	0	0	0	0	0	0	0	0	500	0	0	0	0	0	0	0	0	0	0	0	0	0	0	0	0	0	0	0	0	0	0	0	0	0	0	0	0	0	0	0	0	0	0	0	0	0	0	0	0	0	
0	0	0	0	0	0	0	0	0	0	0	0	0	0	0	0	0	0	0	0	0	0	0	0	500	0	0	0	0	0	0	0	0	0	0	0	0	0	0	0	0	0	0	0	0	0	0	0	0	0	0	0	0	0	0	0	0	0	0	0	0	0	0	0	0	0	0	0	0	0	0	0	0	0	0	0	0	0	0	0	0	0	0	0	0	0	0	0	0	0	0	0	0	0	0	0	0	0	0	0	0	0	0	0	0	0	0	0	0	0	0	0	0	0	0	0	0	0	500	0	
0	0	0	0	0	0	0	0	0	0	0	0	0	0	0	0	0	0	0	0	0	0	0	0	0	0	0	0	0	0	0	0	0	0	0	0	0	0	0	0	0	0	500	0	0	0	0	0	0	0	0	0	0	0	0	0	0	0	0	0	0	0	0	0	0	0	0	0	0	500	0	0	0	0	0	0	0	0	0	0	0	0	0	0	0	0	0	0	0	0	0	0	0	0	0	0	0	0	0	0	0	0	0	0	0	0	0	0	0	0	0	0	0	0	0	0	0	0	0	0	
0	0	500	0	0	0	0	0	0	0	0	0	0	0	0	0	0	0	0	0	0	0	0	0	0	0	0	0	0	0	0	0	0	0	0	0	0	0	0	0	0	0	0	0	0	0	0	0	0	0	0	0	0	0	0	0	0	0	0	0	0	0	0	0	0	0	0	0	0	0	0	0	0	0	0	0	0	0	0	0	0	0	500	0	0	0	0	0	0	0	0	0	0	0	0	0	0	0	0	0	0	0	0	0	0	0	0	0	0	0	0	0	0	0	0	0	0	0	0	0	
0	0	0	0	0	0	0	0	0	0	0	0	0	0	0	0	0	0	0	0	0	0	0	0	0	0	0	0	0	0	0	0	0	0	0	0	0	0	0	0	0	0	0	0	0	0	0	0	0	0	0	0	0	0	0	0	0	0	0	0	0	0	0	0	0	0	0	0	0	0	0	0	0	0	0	0	0	0	0	0	0	500	0	0	0	0	0	0	0	0	0	0	0	0	0	0	0	0	0	500	0	0	0	0	0	0	0	0	0	0	0	0	0	0	0	0	0	0	0	0	
0	0	0	0	0	0	0	0	0	0	0	0	0	0	0	0	0	0	0	0	0	0	0	0	0	0	0	0	0	0	0	0	0	0	500	0	0	0	0	0	0	0	0	0	0	0	0	0	0	0	0	0	0	0	0	0	0	0	0	0	0	0	0	0	0	0	0	0	0	0	0	0	0	0	0	0	0	0	0	0	0	0	0	0	0	0	0	0	0	0	0	500	0	0	0	0	0	0	0	0	0	0	0	0	0	0	0	0	0	0	0	0	0	0	0	0	0	0	0	0	
0	0	0	0	0	0	0	0	0	0	0	0	0	0	500	0	0	0	0	0	0	0	0	0	0	0	0	0	0	0	0	0	0	0	0	0	0	0	0	0	0	0	0	0	0	0	0	0	0	0	0	0	0	0	0	0	0	0	0	0	0	0	0	0	0	0	0	0	0	0	0	0	0	0	0	0	0	0	0	0	0	0	0	0	0	0	0	0	0	0	500	0	0	0	0	0	0	0	0	0	0	0	0	0	0	0	0	0	0	0	0	0	0	0	0	0	0	0	0	0	
0	0	0	0	0	0	0	0	0	0	0	500	0	0	0	0	0	0	0	0	0	0	0	0	0	0	0	0	0	0	0	0	0	0	0	0	500	0	0	0	0	0	0	0	0	0	0	0	0	0	0	0	0	0	0	0	0	0	0	0	0	0	0	0	0	0	0	0	0	0	0	0	0	0	0	0	0	0	0	0	0	0	0	0	0	0	0	0	0	0	0	0	0	0	0	0	0	0	0	0	0	0	0	0	0	0	0	0	0	0	0	0	0	0	0	0	0	0	0	0	
0	0	0	0	0	0	0	0	0	0	0	0	0	0	0	0	0	0	0	0	0	0	0	0	0	0	0	0	0	0	0	0	0	0	0	0	0	0	0	0	0	0	0	0	0	0	0	0	0	0	0	0	0	0	0	0	0	0	0	0	0	0	0	0	0	0	0	0	0	0	0	0	0	0	0	0	0	0	0	0	0	0	0	0	0	0	0	500	0	0	0	0	0	0	0	0	0	0	0	0	0	0	500	0	0	0	0	0	0	0	0	0	0	0	0	0	0	0	0	0	
0	0	0	0	0	0	0	0	0	0	0	0	0	0	0	0	0	0	0	0	0	0	0	0	0	0	0	0	0	0	0	0	0	0	0	0	0	0	0	0	0	0	0	0	0	0	0	0	500	0	0	0	0	0	0	0	0	0	0	0	0	500	0	0	0	0	0	0	0	0	0	0	0	0	0	0	0	0	0	0	0	0	0	0	0	0	0	0	0	0	0	0	0	0	0	0	0	0	0	0	0	0	0	0	0	0	0	0	0	0	0	0	0	0	0	0	0	0	0	0	
0	0	0	0	0	0	0	0	0	0	0	0	0	0	0	0	0	0	0	0	0	0	0	0	0	0	0	0	0	0	0	0	0	0	0	0	0	0	0	0	0	0	0	0	0	0	0	0	0	0	0	0	0	0	0	0	0	0	0	0	0	0	0	500	0	0	0	0	0	0	0	0	0	0	0	0	0	0	0	0	0	0	0	0	0	0	0	0	0	0	0	0	0	0	0	0	0	0	0	0	0	0	0	0	0	0	0	0	0	500	0	0	0	0	0	0	0	0	0	0	
0	0	0	0	0	0	0	0	0	0	0	0	0	0	0	0	0	0	0	0	500	0	0	0	0	0	0	0	0	0	0	0	500	0	0	0	0	0	0	0	0	0	0	0	0	0	0	0	0	0	0	0	0	0	0	0	0	0	0	0	0	0	0	0	0	0	0	0	0	0	0	0	0	0	0	0	0	0	0	0	0	0	0	0	0	0	0	0	0	0	0	0	0	0	0	0	0	0	0	0	0	0	0	0	0	0	0	0	0	0	0	0	0	0	0	0	0	0	0	0	
103	111	97	20	51	48	60	77	57	83	44	43	24	45	14	51	35	4	0	1	97	51	22	27	77	89	86	46	45	50	116	102	62	83	29	81	61	25	63	12	23	89	94	27	56	80	15	92	95	100	0	43	111	105	117	71	79	116	28	42	26	82	49	68	110	24	17	80	8	19	66	60	13	48	16	76	98	45	1	38	43	94	1	94	39	39	101	3	17	39	19	56	112	26	87	74	95	30	55	39	76	14	95	4	100	73	52	102	100	26	100	49	73	80	115	67	55	87	119	96	93	68	67	14	14	100	119	42	73	77	37	16	97	98	36	22	116	18	97	24	15	9	72	92	7	47	5	102	9	102	108	14	110	83	63	68	80	78	47	105	111	113	5	6	100	76	18	36	56	41	94	28	85	88	59	103	51	83	42	110	100	115	28	90	23	104	90	93	23	12	61	22	29	88	37	48	25	92	5	19	100	105	108	47	79	81	92	79	44	101	93	11	83	37	10	68	85	19	58	99	108	8	96	81	32	28	3	103	42	48	37	78	76	30	118	48	46	47	1	12	1	59	5	45	103	36	21	58	104	3	56	94	5	24	7	41	16	109	5	60	57	114	82	95	17	113	78	29	26	58	19	30	76	7	106	92	80	64	36	78	96	112	66	70	100	101	4	21	13	35	117	29	93	112	116	85	76	56	99	8	35	42	106	6	76	15	20	39	46	58	25	6	101	57	57	35	71	72	62	31	71	102	89	11	77	116	115	40	43	44	20	88	1	79	119	74	16	21	67	8	34	80	82	76	39	16	117	117	64	119	21	70	86	30	2	23	35	53	39	80	63	21	59	36	68	97	32	115	50	88	103	118	66	75	57	54	45	52	102	60	117	67	105	18	98	99	65	47	6	114	112	85	65	44	71	102	28	40	46	1	104	31	104	9	55	99	36	70	41	101	100	8	16	85	49	114	12	29	20	100	6	5	62	71	71	55	15	44	33	91	18	100	76	44	38	41	41	104	5	114	58	114	80	65	47	3	47	8	106	108	77	63	74	13	105	30	106	111	117	96	115	76	42	53	117	61	113	102	57	18	50	68	8	29	24	0	100	7	90	51	53	48	82	46	4	89	81	74	91	44	104	32	66	50	95	106	26	28	73	71	5	33	21	66	43	29	13	51	101	31	26	10	117	25	13	66	75	59	94	107	64	31	63	86	38	85	18	12	77	7	118	78	46	86	4	93	67	50	31	107	84	28	55	15	98	111	76	116	63	98	112	113	43	14	92	25	63	109	33	19	60	56	104	114	84	7	97	54	8	36	38	40	71	47	40	57	20	106	8	74	15	29	95	100	58	20	41	87	43	35	53	47	41	112	4	84	80	103	98	16	116	69	116	83	76	71	72	49	35	75	91	102	112	45	97	0	111	10	119	59	20	15	27	94	38	114	90	28	73	31	64	11	66	99	19	0	37	28	15	55	81	38	114	103	26	118	24	75	45	65	78	33	102	77	83	85	36	86	10	102	15	113	32	80	10	47	33	64	77	118	81	67	109	36	59	40	88	112	36	84	33	34	1	27	33	118	98	39	114	47	13	35	118	112	107	60	3	66	39	74	26	66	55	96	18	58	110	96	63	11	33	63	79	48	50	5	16	27	32	68	74	56	2	95	77	76	76	78	68	100	66	44	41	84	102	114	29	110	7	10	25	118	69	110	96	115	28	84	18	99	71	93	114	62	103	58	71	69	118	20	68	98	37	20	49	101	108	2	103	110	100	62	5	92	84	17	99	58	14	5	43	118	30	84	106	36	77	87	52	99	119	89	92	68	2	43	90	106	100	3	113	84	104	97	56	118	70	20	77	41	9	108	17	22	106	70	108	116	63	94	84	14	86	72	56	40	106	102	11	57	111	107	62	2	115	56	34	117	2	30	117	10	75	106	108	30	60	85	42	12	81	18	81	0	105	26	77	34	33	85	42	43	81	25	110	16	109	99	63	108	80	57	74	56	117	117	23	54	1	109	12	16	4	88	22	105	87	113	96	18	37	84	105	103	4	118	19	5	90	87	7	46	115	109	13	77	31	81	79	82	72	83	118	14	37	117	51	105	52	74	92	87	119	98	101	118	98	0	109	105	66	39	96	61	44	79	12	31	53	16	18	26	115	82	44	62	40	43	25	7	64	102	45	77	28	114	22	53	52	58	25	47	3	107	39	39	52	118	64	59	118	79	32	30	4	27	106	49	81	65	59	18	90	97	35	8	2	27	59	12	82	6	97	49	66	7	55	14	4	12	72	75	27	119	15	13	47	90	102	91	10	86	61	43	78	76	20	15	52	13	74	14	100	97	62	16	72	61	88	4	14	103	119	113	108	97	109	25	56	1	46	100	108	17	115	19	17	13	2	101	10	53	53	40	6	68	116	32	60	89	65	109	82	59	39	71	49	108	24	65	89	37	0	82	35	3	29	53	68	108	40	7	43	83	64	48	111	50	20	104	118	85	64	105	79	66	4	35	52	112	111	88	29	45	109	68	49	65	38	100	6	72	54	117	104	63	2	100	38	25	113	84	76	95	11	100	118	109	53	83	100	38	69	71	18	52	34	24	103	84	43	70	12	98	35	29	102	63	66	73	117	114	73	21	73	73	57	109	1	16	32	62	86	84	106	47	37	56	115	119	14	53	89	43	38	56	8	7	87	65	25	102	82	86	70	76	88	14	4	8	50	54	98	113	7	14	85	14	117	8	34	90	36	18	33	57	108	4	105	88	83	52	87	88	100	4	88	40	33	58	54	90	21	50	19	85	116	51	87	19	2	92	21	105	103	35	23	50	97	55	12	27	34	85	52	14	42	36	14	10	95	113	114	92	106	11	93	118	3	34	45	32	75	11	75	113	77	29	20	0	19	6	11	90	110	80	22	23	33	28	95	24	21	117	44	39	76	92	43	94	32	34	63	86	100	59	109	62	98	5	72	45	24	35	23	83	88	91	72	113	111	42	86	57	84	115	0	102	76	50	64	49	1	97	101	109	97	17	48	65	55	43	113	39	81	25	57	17	40	69	117	70	67	105	25	97	81	5	118	104	88	10	102	70	52	105	89	117	1	31	51	89	32	90	55	30	38	3	91	71	102	52	8	29	99	95	48	54	52	94	1	27	33	65	87	6	0	102	119	69	26	47	102	38	18	98	33	79	39	99	3	103	21	119	32	118	78	12	66	83	81	4	59	96	15	65	67	65	87	40	103	113	33	75	45	59	3	80	2	51	9	0	6	12	55	27	69	2	107	92	33	55	99	3	44	17	80	64	32	40	76	94	83	105	110	94	29	97	104	75	37	115	71	46	51	37	58	117	117	14	51	86	65	118	54	94	118	69	119	23	72	73	16	33	44	54	0	119	106	32	51	1	102	114	54	60	78	106	61	53	59	97	43	78	22	86	2	49	93	67	98	96	2	42	81	117	100	81	54	59	83	99	12	83	36	20	114	7	59	58	15	36	119	92	30	73	103	99	111	43	41	119	109	60	86	106	104	64	73	39	33	59	93	51	16	116	55	51	113	45	65	91	16	64	68	46	93	34	116	98	31	87	88	40	103	102	112	80	92	37	70	97	47	96	1	68	5	23	5	50	59	31	81	63	99	14	97	9	46	118	79	103	50	75	17	21	35	111	106	101	10	47	76	94	79	88	81	20	10	91	0	9	89	70	2	35	55	76	62	100	56	7	74	116	48	43	110	71	50	95	0	65	61	91	57	55	111	19	48	26	88	42	104	84	66	7	48	21	102	28	75	14	116	50	113	105	46	74	19	118	76	84	13	37	105	66	48	75	81	33	23	56	70	2	99	90	35	52	26	51	49	71	4	93	113	86	74	100	12	6	4	27	92	60	63	2	14	57	117	65	75	108	99	105	54	34	65	40	44	80	22	8	17	43	101	89	38	2	46	28	89	2	73	119	29	61	27	55	119	5	6	74	44	115	118	101	34	16	58	1	97	77	63	60	28	60	15	26	39	84	116	71	118	18	29	56	111	53	29	114	31	55	79	22	37	74	88	53	73	46	87	102	41	77	102	70	12	14	7	14	115	22	5	27	23	18	30	108	70	111	74	54	89	19	66	4	60	87	11	100	86	61	57	104	31	76	96	11	102	49	66	7	107	89	65	9	99	8	11	13	66	93	10	75	34	89	63	34	75	66	101	43	35	79	78	30	93	67	10	61	60	39	104	96	60	25	21	17	29	24	55	38	40	66	102	97	38	90	91	106	69	96	77	17	96	104	115	91	30	18	67	14	95	34	106	20	103	79	3	46	24	9	77	2	24	73	49	72	21	5	101	52	76	10	84	52	114	102	46	116	12	74	0	117	63	103	5	108	87	74	39	58	11	111	40	46	58	54	108	95	52	34	86	92	43	7	98	70	95	34	105	102	5	102	83	31	40	47	102	57	106	68	40	6	30	37	81	16	2	67	57	26	7	23	111	43	23	61	81	87	8	72	99	58	88	71	51	97	69	67	13	8	53	13	45	108	66	67	11	103	90	60	75	70	78	111	1	43	39	12	119	83	27	30	35	100	23	114	88	18	95	103	84	115	33	70	62	59	27	99	28	85	65	99	39	83	86	31	81	54	89	25	67	14	77	14	32	58	118	98	103	86	67	33	106	97	46	91	93	61	63	18	49	84	11	115	44	45	43	92	10	81	15	99	36	12	106	112	107	107	99	44	109	0	113	57	103	96	112	83	32	87	23	27	102	76	10	97	63	15	114	38	6	66	40	83	51	101	117	69	24	117	21	60	37	99	96	83	8	4	1	97	41	93	65	53	64	9	49	46	85	56	91	15	108	5	4	94	78	107	82	87	91	56	10	33	33	8	75	97	30	26	112	24	12	50	71	31	45	10	66	37	38	12	9	33	40	44	51	63	40	9	46	96	106	6	92	103	24	93	104	39	39	108	99	19	63	33	55	22	109	6	56	61	92	45	117	72	65	43	12	91	60	99	65	35	38	89	100	85	100	63	97	21	115	30	62	54	84	31	48	107	74	62	79	46	97	103	13	71	69	31	20	115	12	100	30	21	118	59	12	83	82	12	92	74	60	106	15	111	71	68	24	21	29	90	104	70	119	69	64	72	66	47	63	37	53	68	65	15	54	48	15	5	107	8	93	61	23	38	68	42	94	114	5	15	47	26	14	115	117	53	31	19	71	43	25	59	48	83	83	18	76	98	74	33	101	11	108	38	0	55	79	91	40	5	114	27	88	20	87	90	68	112	71	72	104	103	33	27	61	15	47	82	0	45	77	48	103	78	90	28	22	62	62	72	35	73	40	103	73	107	37	33	46	35	95	98	61	114	119	88	7	6	49	119	1	69	56	92	50	62	44	99	115	34	2	94	102	19	48	92	45	69	83	48	67	13	97	59	17	11	3	74	42	31	16	4	102	37	11	97	46	94	38	97	97	109	28	24	90	111	10	59	6	41	76	91	51	21	67	109	36	112	117	47	11	37	3	65	91	12	65	112	116	30	30	27	38	117	97	92	24	25	78	107	93	95	111	71	99	69	105	48	116	43	83	117	30	36	27	35	102	10	23	119	94	94	14	116	64	68	33	107	15	99	0	108	43	2	68	10	115	19	96	16	102	98	51	84	119	68	86	26	14	4	86	101	110	64	12	64	44	20	82	36	46	101	90	21	81	48	19	58	12	86	49	30	17	114	101	81	104	107	5	93	14	38	87	50	75	38	49	49	46	84	78	6	110	8	65	94	82	50	119	28	6	16	67	31	117	66	111	93	63	39	1	66	112	100	0	48	30	9	92	89	104	18	67	16	41	46	107	58	26	36	23	62	30	57	117	40	118	75	85	23	13	69	100	68	13	100	49	110	54	16	15	92	40	33	61	59	64	114	70	96	59	83	88	110	115	89	61	30	34	69	60	54	59	22	104	109	46	22	69	76	20	66	40	104	81	43	45	39	51	99	73	10	48	56	20	93	92	93	69	105	29	92	25	29	17	39	4	57	114	110	65	102	89	44	112	26	103	63	119	114	15	70	41	85	88	52	92	62	89	57	51	15	101	24	63	94	33	14	38	8	6	113	105	51	23	23	112	55	86	59	108	23	32	50	108	73	23	11	106	59	52	114	27	10	90	8	107	113	15	111	66	54	91	50	70	59	49	14	114	68	86	60	33	9	105	87	115	57	87	114	105	46	13	59	93	91	110	88	75	86	27	60	119	119	101	20	15	11	11	42	85	14	45	34	20	89	30	32	8	99	51	105	17	16	109	116	68	112	25	20	83	64	2	116	59	64	40	79	39	81	86	67	49	99	89	117	115	107	68	99	20	17	25	26	90	2	108	18	50	111	23	84	89	67	20	6	118	63	1	8	82	92	60	44	109	62	48	22	62	5	75	77	78	62	44	116	57	2	46	19	109	5	27	119	48	35	93	39	1	69	48	69	51	55	29	115	62	50	108	10	69	117	110	79	28	73	17	17	109	27	30	22	51	6	98	83	46	65	44	100	26	112	68	85	35	13	38	43	39	5	74	51	61	51	34	41	73	73	17	11	43	15	88	38	70	91	86	114	63	37	91	14	102	58	112	93	97	64	17	37	20	104	83	82	71	65	113	4	105	46	98	89	25	38	23	54	73	19	88	51	5	73	110	109	3	89	66	69	84	20	110	77	107	11	26	1	16	20	2	105	7	117	36	15	37	107	33	44	69	7	22	103	74	79	64	51	100	104	76	15	93	62	70	40	39	15	109	72	98	49	110	55	62	69	96	30	102	100	27	75	116	16	8	33	55	34	88	42	78	119	107	46	41	100	65	112	16	74	37	106	61	115	34	78	7	34	100	106	96	19	15	40	101	61	39	118	101	103	18	77	76	34	106	13	81	99	111	104	70	96	15	42	17	59	21	93	86	20	26	114	55	24	60	88	66	95	99	89	51	27	94	37	51	92	117	10	22	10	34	19	77	30	34	61	83	53	86	96	87	57	80	110	2	78	99	111	65	81	70	67	35	77	46	65	106	68	50	20	101	2	45	11	2	112	40	14	117	62	52	22	20	110	66	72	12	32	5	40	76	93	78	84	86	2	56	98	101	24	38	60	54	100	84	3	38	54	35	24	95	110	3	68	10	47	45	89	8	25	20	100	17	74	46	118	71	91	58	77	36	40	51	87	93	23	32	90	111	108	92	74	40	39	111	34	114	3	32	93	19	35	31	109	31	109	24	80	59	62	77	107	83	53	56	1	22	107	82	54	39	70	85	119	103	3	43	103	5	40	48	72	60	41	26	95	9	12	92	7	11	31	97	27	30	18	50	115	84	74	119	20	108	35	78	105	100	49	110	90	69	110	30	27	61	57	56	92	17	19	33	48	45	62	116	67	38	118	103	95	30	29	83	69	3	13	11	65	49	110	65	62	119	72	107	37	49	6	91	6	14	46	65	99	68	56	67	51	26	15	88	114	73	83	96	81	79	112	27	110	46	96	0	40	12	115	56	73	64	17	27	34	62	110	116	33	10	87	2	13	66	97	96	3	44	108	27	21	102	111	64	8	76	76	116	74	91	19	12	102	105	55	101	107	66	53	100	103	9	90	65	23	78	5	45	59	53	37	41	55	92	23	39	27	74	34	21	60	41	115	50	32	50	77	98	26	73	75	9	75	117	38	51	104	108	6	3	2	100	53	27	5	13	49	18	53	17	72	66	106	51	35	93	48	109	91	29	40	73	109	105	70	38	83	70	87	103	97	21	109	51	38	2	47	55	119	54	85	45	100	39	35	73	63	94	15	7	69	92	95	70	7	118	62	46	28	39	31	51	110	59	103	79	92	32	34	76	48	7	119	2	94	90	22	94	75	64	117	119	69	5	52	72	19	100	55	46	0	79	38	62	105	14	97	89	25	43	77	85	76	8	109	78	53	117	2	44	1	86	102	8	97	59	84	49	4	55	59	116	91	73	93	60	24	12	32	20	106	64	12	96	24	73	109	79	71	113	119	33	85	83	36	10	3	23	5	20	69	15	82	109	16	46	6	86	14	16	57	93	71	82	104	45	92	114	114	25	75	22	101	71	26	89	118	0	23	5	72	101	29	95	103	6	113	65	119	25	88	21	24	56	106	45	2	84	37	91	87	76	57	60	35	82	110	53	25	75	113	116	42	68	102	20	61	108	50	119	25	58	114	87	116	34	63	2	26	15	81	38	0	22	47	48	81	50	41	90	19	4	23	119	28	56	58	86	48	118	46	38	88	72	27	59	65	48	52	118	14	97	36	101	79	94	90	49	90	69	42	14	89	81	67	34	38	109	68	53	11	44	103	70	77	12	17	10	82	33	105	70	45	17	10	15	69	24	105	25	78	96	103	63	118	73	6	30	107	6	25	5	17	3	3	110	51	98	18	34	13	74	16	56	4	106	59	110	13	4	39	33	97	113	112	1	59	98	70	26	23	66	48	76	48	34	93	40	1	42	80	56	10	66	112	102	26	15	77	48	104	13	7	80	72	105	14	20	67	16	88	33	48	53	44	102	69	16	45	95	105	66	97	101	13	93	0	53	39	90	56	44	118	104	31	97	15	22	110	4	115	93	45	78	65	67	45	25	113	16	29	105	12	112	28	14	42	98	102	71	8	51	11	105	34	19	99	10	57	19	27	101	116	12	99	80	37	48	58	51	14	85	87	87	114	82	1	31	24	64	73	117	76	0	66	67	6	93	81	85	59	46	71	39	69	24	66	106	99	116	33	114	119	105	77	35	9	38	72	93	99	0	88	16	65	71	38	113	66	51	112	49	26	30	52	107	0	20	44	37	11	79	11	56	112	118	50	43	15	10	93	49	52	27	49	111	45	97	72	116	62	93	23	58	66	12	116	37	7	21	100	118	5	48	46	114	112	38	67	14	74	97	62	8	36	1	42	88	14	8	79	109	8	37	80	49	76	7	41	33	84	44	101	41	87	112	75	23	66	61	114	112	106	100	89	80	18	74	83	107	39	71	67	117	14	58	72	66	17	39	16	105	111	102	119	9	24	107	60	94	50	111	5	8	113	82	78	40	86	102	67	60	14	70	13	44	25	71	117	53	119	48	79	29	51	51	0	111	8	93	27	19	32	107	50	23	52	49	99	67	87	105	8	20	32	14	49	34	15	28	77	1	15	9	40	118	60	58	33	101	21	20	117	16	58	95	114	4	15	32	94	67	1	50	81	93	22	12	30	81	57	20	75	7	32	22	116	42	2	61	43	6	15	27	22	20	108	93	86	110	25	13	72	76	33	96	50	119	88	98	3	47	80	98	66	39	76	75	20	54	85	67	109	27	117	69	26	56	0	74	84	73	59	99	95	18	90	74	115	60	103	112	35	79	102	47	92	90	70	78	86	105	83	34	73	107	81	54	59	2	96	9	59	37	62	31	72	57	90	44	10	110	61	64	17	38	41	18	56	14	41	10	111	46	96	50	99	104	28	57	101	48	16	79	64	1	77	76	92	14	49	88	112	56	97	49	77	115	10	119	89	102	42	49	15	54	111	90	33	54	37	8	49	11	112	11	64	29	101	40	35	101	36	93	113	79	59	72	81	13	41	6	111	103	118	16	24	102	108	115	80	74	91	20	56	13	6	44	61	70	5	66	96	110	115	81	97	63	115	72	85	110	89	41	62	109	84	114	93	55	8	111	77	49	65	62	45	2	75	16	45	93	4	35	58	79	70	17	88	98	28	65	3	57	65	8	16	73	84	83	21	16	32	48	46	99	75	31	67	53	43	33	40	37	83	11	59	108	62	108	38	80	108	78	52	89	4	9	67	105	76	23	13	74	117	87	58	4	16	110	97	106	99	71	24	73	90	12	55	3	86	75	0	82	45	57	97	89	51	57	4	73	101	84	81	69	41	43	42	90	49	111	45	24	61	6	0	21	100	74	35	108	115	89	62	57	30	20	102	24	62	3	89	58	8	32	20	24	29	45	86	67	111	38	3	76	3	31	94	94	37	15	91	11	15	109	34	71	112	7	32	106	99	91	21	52	114	111	84	44	50	30	81	43	43	69	112	46	51	23	5	86	34	33	106	106	7	101	9	88	109	106	108	83	92	14	13	37	2	82	36	16	81	11	108	111	46	24	100	85	118	8	97	87	38	78	0	23	26	112	6	15	40	77	101	52	73	32	21	47	79	62	77	77	11	46	76	73	58	109	76	38	18	29	26	12	61	86	0	5	35	50	115	50	8	11	39	64	62	73	49	26	11	49	18	30	85	67	95	83	85	91	27	81	53	72	65	3	25	45	36	94	37	36	43	48	46	80	37	28	112	114	62	91	79	84	86	58	23	25	43	61	30	97	47	99	66	101	11	87	78	27	58	82	6	95	107	21	29	98	84	23	75	110	83	79	61	94	43	37	24	66	114	15	119	98	0	90	27	39	114	7	117	55	27	34	10	101	47	16	110	11	55	25	82	26	63	99	53	35	23	79	10	119	16	89	83	20	4	105	69	59	103	65	6	105	91	27	58	24	58	99	72	51	25	78	95	97	40	75	118	119	110	38	1	35	29	21	36	81	52	58	45	36	95	69	20	96	71	55	64	38	20	105	20	107	67	37	75	87	15	29	73	86	103	27	41	10	50	76	6	10	79	51	40	54	37	12	72	113	18	0	50	37	33	27	101	79	38	115	75	13	25	79	82	66	25	59	84	4	62	109	101	77	76	90	69	26	86	114	70	12	9	64	12	92	59	24	64	20	109	34	5	104	102	61	105	53	83	86	72	99	97	42	111	117	8	93	90	79	101	62	8	52	39	83	89	20	112	107	96	58	31	87	8	89	44	117	96	82	38	46	78	99	72	89	69	43	114	82	109	31	101	77	108	31	13	47	74	36	99	5	90	14	83	71	90	27	91	82	96	31	79	99	118	81	75	32	90	89	50	35	12	79	107	10	3	97	90	20	112	81	101	60	33	0	76	101	100	105	43	96	115	72	93	79	56	71	77	49	22	110	42	9	103	39	4	51	58	96	45	1	40	51	10	66	81	69	84	117	9	57	75	82	105	8	58	38	5	92	2	75	7	77	118	24	40	95	58	45	52	110	75	10	47	64	74	98	51	111	5	103	63	23	55	76	6	56	95	110	9	33	48	115	54	35	107	81	98	65	111	48	91	10	28	63	45	27	34	34	100	56	103	75	118	112	21	15	88	29	52	85	98	97	93	99	11	117	50	43	21	96	53	38	90	106	24	76	81	89	18	83	71	11	61	15	103	90	49	116	32	67	73	2	118	2	116	19	33	11	110	72	114	71	11	102	75	111	35	114	55	16	55	99	51	83	95	119	43	105	44	15	4	103	30	41	66	
19	32	118	29	39	33	85	84	114	74	5	101	46	39	69	65	11	39	39	25	74	83	20	118	85	117	84	105	92	6	66	108	48	38	45	38	19	119	15	50	13	106	9	111	47	111	116	24	19	119	113	5	81	36	16	15	50	23	52	103	39	57	68	86	114	65	50	53	36	67	22	85	44	38	27	95	109	92	64	52	79	69	72	110	92	3	74	36	36	38	80	73	0	40	82	76	1	41	107	64	17	60	58	69	0	63	26	52	8	38	18	29	105	63	4	99	12	46	32	79	91	2	9	16	5	28	86	80	110	38	57	88	108	41	107	18	34	6	101	109	32	12	33	119	98	14	62	13	6	104	106	61	17	104	115	17	119	61	53	1	101	67	118	97	16	87	42	61	101	38	47	99	33	102	73	15	89	67	86	112	114	42	18	49	113	1	11	32	59	11	77	18	85	64	78	36	116	26	51	42	13	63	24	90	45	13	90	57	97	48	31	67	30	46	76	119	57	10	45	0	15	19	103	108	45	69	64	80	33	62	117	48	86	50	98	34	82	6	36	107	42	7	113	8	19	66	118	29	115	77	47	41	29	12	114	39	7	28	51	93	38	11	95	63	104	53	13	44	64	23	7	55	52	6	53	37	106	24	113	117	69	9	107	19	115	62	61	35	106	108	111	75	29	57	67	87	91	17	89	110	15	105	75	11	31	87	49	28	65	102	22	38	64	101	63	45	51	89	34	88	13	117	91	26	37	0	112	104	63	102	54	105	71	85	89	80	20	72	70	108	57	118	43	15	117	51	12	9	107	29	111	77	106	119	89	50	78	32	70	3	59	20	100	29	24	9	23	23	25	19	84	20	99	119	33	42	26	34	35	14	77	65	30	4	64	50	48	27	64	73	45	14	97	52	83	115	10	46	62	70	87	86	51	6	93	32	65	110	57	106	90	60	96	119	102	92	22	70	71	69	10	67	101	2	88	20	83	113	61	21	70	103	94	115	52	48	64	51	113	106	96	66	19	10	59	14	62	101	118	11	112	56	70	54	94	87	40	93	60	24	73	92	119	112	78	16	61	36	36	94	10	16	65	116	36	114	8	46	104	23	23	41	18	100	27	106	103	29	113	87	101	80	78	92	57	98	63	86	31	72	34	99	93	79	90	39	103	3	77	23	82	90	8	88	109	65	17	32	98	52	83	58	64	34	100	69	92	46	82	38	58	30	88	8	80	38	100	34	66	21	60	9	70	62	91	96	0	87	72	118	38	44	94	55	12	116	43	72	56	66	21	30	103	36	95	111	52	23	96	23	119	47	91	43	43	51	47	113	5	22	95	61	11	102	43	68	67	19	80	99	24	111	88	19	102	80	62	11	70	110	25	110	95	44	83	108	101	41	62	30	78	54	9	46	21	38	110	107	43	8	55	88	32	30	67	53	38	96	20	20	53	64	3	108	110	7	25	40	99	118	87	40	116	93	30	93	3	30	71	112	112	74	66	34	69	58	34	13	8	10	57	3	1	101	118	113	114	76	44	28	84	32	33	17	113	101	8	101	113	64	11	33	81	78	27	97	46	24	97	11	55	5	61	58	61	61	45	102	11	49	87	56	47	63	71	64	71	53	91	72	62	110	26	12	119	20	3	17	113	102	51	3	11	46	4	36	64	104	25	50	24	109	84	72	101	87	42	18	51	1	102	83	27	54	25	53	86	13	24	88	11	76	96	65	80	15	5	77	65	83	21	34	12	46	117	83	100	53	73	114	114	83	92	34	48	69	82	59	117	55	76	27	53	45	6	12	106	71	68	92	45	100	87	104	36	3	96	74	72	27	68	10	12	61	41	41	93	0	11	93	74	112	99	88	7	17	15	97	68	22	105	87	108	34	97	22	2	108	35	90	103	81	25	93	12	69	22	79	114	68	22	71	49	59	99	17	24	104	83	29	57	0	14	33	92	111	111	48	64	29	0	48	6	106	53	82	105	56	48	24	58	66	86	112	18	50	54	97	111	114	109	5	52	3	88	12	58	93	57	85	79	104	106	63	83	67	71	44	66	109	63	30	9	105	14	8	95	61	58	32	112	60	87	26	25	13	83	117	67	53	85	58	41	111	39	38	86	96	5	15	99	98	88	44	81	117	0	103	114	39	68	91	113	6	97	60	27	76	79	84	79	56	51	99	103	64	70	69	112	35	92	109	32	82	56	103	24	42	22	33	77	41	38	38	52	12	53	71	72	74	77	116	87	33	66	86	103	10	2	46	28	66	89	17	49	43	90	55	48	67	116	49	104	9	13	97	80	6	74	94	112	99	47	81	51	54	58	113	51	11	14	25	25	86	98	12	115	99	115	114	118	59	112	77	91	18	69	49	78	85	19	4	12	34	62	100	94	119	8	17	34	17	22	82	71	113	17	62	54	38	98	34	2	19	40	0	83	48	55	105	11	12	56	31	54	76	71	47	63	40	16	101	96	85	85	89	74	14	116	43	61	18	49	90	33	48	84	74	5	117	92	51	21	9	67	115	19	80	3	24	110	24	28	26	23	107	95	91	47	80	118	72	87	101	111	111	119	77	24	107	38	97	22	96	27	16	115	71	1	9	114	53	45	95	14	58	90	41	63	16	54	69	104	4	1	81	85	28	46	108	92	118	101	45	53	85	87	108	32	49	43	64	46	113	75	1	90	105	100	54	41	13	32	19	12	74	33	16	10	110	79	6	51	116	52	31	102	71	109	75	15	64	119	3	6	77	67	76	106	104	8	20	113	33	80	0	31	66	91	70	113	102	20	0	56	23	77	17	119	25	110	9	4	75	69	73	45	28	109	3	53	57	50	59	80	114	100	38	1	111	56	65	88	69	39	48	32	101	119	53	73	61	67	45	94	50	64	16	108	65	67	57	44	10	117	3	107	31	32	2	107	15	36	95	96	18	19	117	71	42	111	69	43	74	56	62	80	107	74	2	55	92	36	119	92	66	98	80	35	80	24	28	110	29	47	61	118	64	101	103	106	0	93	41	91	31	2	110	72	2	68	45	20	16	104	15	10	29	61	92	42	55	72	24	41	76	118	87	15	81	102	119	45	6	1	59	58	67	23	116	1	35	1	57	25	100	93	25	75	96	88	116	44	67	118	62	26	20	26	16	116	86	72	91	1	47	77	90	101	84	6	96	62	54	119	24	11	28	46	75	69	56	87	76	39	46	38	41	88	26	78	30	85	26	13	84	84	97	54	102	81	88	75	81	0	5	7	47	67	100	35	68	7	37	11	17	82	33	7	74	85	114	9	48	35	19	12	55	25	84	68	101	51	1	15	17	99	16	77	34	64	103	84	0	23	20	87	2	31	92	6	101	9	78	82	1	94	6	114	18	110	93	36	105	98	32	49	46	19	68	74	54	1	107	51	11	114	113	42	5	5	27	62	23	97	40	57	14	39	34	19	70	26	66	2	56	8	93	21	84	57	64	11	13	45	110	32	37	102	118	59	90	31	56	44	70	5	68	21	10	45	42	100	84	11	9	37	82	21	33	73	58	1	91	60	115	85	113	84	116	22	64	2	37	2	69	75	92	24	95	52	54	42	119	42	11	56	97	7	29	107	92	12	103	98	24	47	110	18	20	86	28	22	36	106	116	39	14	66	30	17	95	95	22	93	53	8	81	62	5	112	71	112	119	66	102	7	81	108	114	59	57	48	67	1	51	0	112	92	75	36	114	32	54	44	87	96	80	102	3	64	85	2	42	109	85	35	10	28	69	21	105	68	42	53	76	32	81	17	55	62	63	85	103	3	89	38	82	76	92	89	85	0	38	95	118	113	10	110	91	91	71	0	95	86	55	87	15	85	80	71	54	80	8	47	94	63	47	15	64	21	92	40	53	115	6	3	61	74	6	117	78	68	119	81	52	27	20	111	38	117	51	49	48	7	35	44	111	74	81	15	10	36	36	67	22	74	88	86	62	4	22	19	31	107	39	94	110	15	45	56	107	35	115	37	115	102	103	5	1	110	22	8	62	46	87	72	54	43	11	41	94	43	38	36	41	29	11	56	26	101	52	117	46	111	8	37	7	65	5	101	119	73	111	90	91	16	90	13	84	33	81	119	118	68	10	75	40	74	104	36	57	43	52	6	63	13	59	12	111	17	39	24	109	14	63	71	72	24	3	33	73	30	12	29	101	114	15	44	14	110	40	68	57	107	34	39	45	59	81	56	82	95	67	31	30	108	66	100	60	28	107	104	118	46	21	51	65	24	14	105	90	9	69	47	47	80	11	47	32	61	0	43	40	114	41	89	86	42	116	52	92	101	36	42	63	40	87	26	46	109	85	28	73	101	57	97	82	56	27	91	117	5	73	60	11	32	43	47	44	107	115	45	69	52	9	93	14	77	47	24	101	50	5	106	50	101	86	29	82	56	100	10	82	81	50	14	82	32	27	39	12	55	74	107	106	25	105	98	108	102	100	76	73	33	118	56	35	0	35	69	99	31	13	25	79	64	105	95	111	14	24	111	110	91	101	19	53	72	11	52	81	24	23	116	31	82	111	83	81	59	21	26	27	84	1	42	75	31	118	36	100	109	116	97	17	85	87	108	94	74	91	111	0	30	19	48	110	95	101	107	11	72	70	102	103	51	3	18	16	70	57	34	42	54	60	54	32	21	46	37	63	96	100	50	93	58	4	65	108	119	15	71	20	39	10	54	74	42	97	3	66	103	62	91	8	68	107	68	118	89	36	104	13	4	53	57	50	26	73	43	114	72	79	108	49	75	35	1	57	84	64	80	57	56	62	109	44	93	30	67	11	92	80	88	30	97	61	2	85	104	44	75	24	24	14	25	28	79	55	60	118	104	35	15	54	29	29	97	88	69	43	106	12	62	16	51	97	11	54	31	34	47	56	43	107	99	1	0	110	8	45	25	27	66	72	5	112	74	39	93	70	5	42	70	33	106	64	77	72	18	35	1	96	27	86	112	2	23	33	24	6	62	58	27	40	101	97	106	15	51	8	101	41	16	9	116	65	71	102	103	93	71	53	41	41	74	55	89	57	2	91	62	19	11	17	7	29	28	12	32	62	117	60	96	6	81	113	68	110	74	10	42	24	116	57	26	13	12	42	106	57	87	89	110	20	52	14	88	20	44	25	65	43	2	32	3	77	116	56	90	104	53	101	83	54	1	91	88	4	22	3	113	27	22	53	5	111	93	42	35	40	119	79	40	85	50	40	103	28	91	75	19	66	96	104	97	3	79	23	53	27	99	30	30	68	87	115	96	78	56	78	71	6	117	87	99	78	63	97	29	6	49	100	51	16	57	2	104	50	66	1	7	26	113	114	19	118	103	92	67	15	14	60	50	117	81	0	7	16	73	51	36	72	96	75	73	61	103	31	71	28	22	116	52	103	75	1	33	76	83	51	37	80	114	98	75	35	1	108	49	89	100	87	18	54	59	102	17	51	16	107	39	3	2	51	57	116	56	106	93	78	32	107	105	26	73	75	7	54	113	66	23	98	22	2	28	93	50	91	54	44	106	3	92	25	60	115	47	109	4	47	40	79	74	3	66	119	9	118	90	13	61	17	83	99	12	46	76	103	83	7	75	61	45	82	12	19	7	4	55	43	93	95	17	14	99	23	115	7	14	6	106	17	113	115	33	32	56	13	84	93	48	101	90	14	97	1	1	114	83	81	88	43	56	55	63	77	65	28	3	24	59	41	53	47	23	7	40	108	62	50	119	34	54	0	91	59	71	119	95	38	52	68	30	24	54	18	104	92	110	47	36	69	117	3	11	23	1	102	71	58	40	118	6	13	94	95	11	112	30	41	69	95	5	58	87	96	7	15	14	112	116	85	34	84	56	59	119	12	31	24	65	49	40	102	4	42	113	14	4	89	1	62	61	13	112	113	69	87	15	115	113	67	60	58	110	113	68	108	53	17	17	110	73	22	72	82	2	67	45	103	106	71	90	72	3	56	14	42	33	95	100	7	99	79	2	63	106	33	54	4	95	97	99	73	113	5	71	93	61	76	68	86	82	30	29	117	102	76	86	110	20	76	107	1	8	101	66	114	57	28	86	106	86	60	47	87	78	59	58	75	62	62	49	17	32	20	61	3	43	67	65	30	49	90	101	88	31	119	27	30	59	114	5	45	101	114	40	53	45	78	98	100	14	59	0	1	68	26	98	22	104	46	49	95	49	44	48	28	17	84	63	2	86	27	115	38	95	46	16	22	18	70	77	104	2	74	83	27	73	27	115	107	119	6	54	78	87	93	50	60	60	26	106	49	55	72	46	100	82	108	83	77	41	114	22	25	45	52	43	103	70	90	33	64	18	27	114	38	80	82	110	65	41	80	115	17	110	27	92	90	106	69	74	57	65	109	114	4	17	21	70	80	108	99	71	96	63	67	28	37	54	7	112	110	112	6	107	39	84	19	79	10	40	85	44	42	10	25	5	106	85	29	94	103	71	28	52	68	70	62	102	88	98	68	91	7	75	64	96	78	28	61	82	26	67	107	45	82	117	46	42	89	14	71	25	5	98	81	97	59	63	114	6	22	107	48	74	78	2	75	22	100	36	91	11	50	95	102	42	14	60	13	85	33	77	38	56	104	33	81	46	26	33	17	106	70	109	13	2	96	106	18	31	47	61	92	13	69	27	16	24	112	41	28	1	92	93	33	113	92	47	98	105	48	30	115	71	9	40	91	116	2	71	95	74	68	3	56	58	23	109	24	92	22	118	56	19	21	27	4	55	83	12	116	86	96	112	96	71	38	7	96	4	103	109	6	103	75	61	109	66	76	0	104	105	60	85	11	70	59	67	107	108	46	43	11	57	42	26	45	48	44	48	25	76	28	110	38	97	85	109	90	95	43	53	50	80	78	72	20	17	82	25	31	11	55	99	70	91	101	90	112	63	11	50	90	74	35	17	82	60	115	104	51	113	62	68	114	73	17	94	17	52	73	9	15	64	101	36	1	4	45	112	8	94	44	8	70	79	60	112	27	33	56	50	104	7	14	119	3	40	77	28	73	43	97	23	41	103	113	53	95	16	18	98	87	67	7	88	29	77	70	66	114	23	89	71	25	93	11	88	5	34	65	107	44	68	111	39	81	86	82	82	57	20	112	24	35	4	20	30	105	31	90	26	22	115	16	23	53	102	19	37	47	23	109	71	52	23	23	109	85	9	73	118	1	46	58	51	103	50	30	59	3	37	71	45	104	67	65	54	39	8	92	117	110	116	105	45	50	71	28	46	54	28	18	68	59	30	3	95	84	56	112	21	71	111	81	42	46	85	13	90	17	23	79	51	90	71	24	0	83	111	26	70	20	64	65	28	35	51	101	94	75	97	119	35	5	100	10	118	28	8	115	57	0	103	1	116	9	118	45	103	107	102	77	88	35	15	89	34	19	118	60	69	100	62	61	48	91	54	80	89	118	32	47	4	67	31	87	8	89	100	105	108	32	39	19	103	97	48	13	30	31	44	38	58	72	113	82	81	6	84	32	27	74	115	6	2	82	13	105	6	40	50	26	23	0	71	63	25	5	71	96	23	47	75	39	16	111	26	108	7	70	63	89	115	30	35	97	20	39	64	95	86	28	107	110	29	49	21	89	14	98	41	103	66	18	112	108	46	20	62	104	75	107	2	101	6	76	3	4	67	64	100	29	75	98	97	107	51	0	99	56	23	0	45	84	116	58	88	71	56	59	59	75	78	35	58	36	93	36	44	101	22	23	98	95	37	12	74	18	78	91	38	37	53	0	119	114	117	80	79	28	107	114	88	107	72	109	28	118	48	99	104	114	75	81	99	34	85	4	30	12	101	84	117	46	113	112	12	51	27	5	58	21	28	60	67	95	71	107	25	29	51	13	59	65	3	29	13	102	82	32	19	60	29	37	92	34	74	72	25	8	42	72	88	93	52	92	90	10	12	5	50	68	57	47	27	77	66	18	10	113	74	109	30	82	56	104	107	18	84	51	22	12	58	60	36	100	100	56	29	114	62	32	53	10	67	38	19	26	64	71	87	97	21	63	25	112	97	40	104	101	32	2	100	63	40	70	119	111	99	21	65	15	52	98	33	109	79	22	51	38	72	86	12	106	83	57	41	39	66	14	64	40	34	17	92	100	42	7	31	10	48	44	71	81	35	41	10	58	91	32	25	59	15	92	92	53	119	101	69	108	107	55	30	94	107	66	89	69	27	21	95	64	70	63	18	60	5	94	14	83	15	118	9	38	100	90	61	84	18	79	48	49	62	1	7	86	83	101	91	9	65	51	45	73	9	6	101	39	12	12	22	36	79	86	28	96	8	8	32	36	88	27	75	2	72	113	55	19	96	17	109	7	43	77	52	8	99	78	59	89	58	14	8	65	83	73	90	11	31	55	118	25	67	8	75	87	85	114	12	13	12	87	2	19	75	101	82	62	85	23	13	62	116	115	98	78	67	97	100	64	57	20	69	80	102	51	77	25	56	57	75	11	115	16	82	30	118	108	73	32	87	19	59	40	71	116	110	67	67	111	11	93	35	110	106	65	45	111	50	24	30	55	10	87	73	38	75	10	94	111	18	56	9	77	82	33	39	47	85	14	71	43	68	93	105	75	27	3	77	62	79	75	2	0	86	16	26	90	79	108	10	3	82	44	53	52	1	103	53	15	83	74	20	44	66	74	42	4	59	76	32	118	86	67	72	39	24	9	63	92	27	93	34	118	4	31	61	91	60	29	98	31	39	76	97	59	35	81	32	28	39	73	97	48	116	105	71	13	66	112	16	14	78	41	2	48	72	6	118	83	101	88	39	83	52	51	27	31	79	78	41	80	97	74	81	94	59	106	32	9	4	64	75	74	29	3	112	24	44	11	78	7	102	5	7	118	16	39	81	24	19	91	50	8	24	67	20	116	78	21	84	39	17	5	47	73	83	41	90	57	89	36	61	108	19	87	89	93	106	75	6	72	75	95	93	11	3	75	108	112	107	24	18	118	11	78	72	107	0	43	108	114	59	51	25	76	65	58	18	110	21	113	65	69	76	75	71	76	27	0	29	112	95	102	106	39	84	20	31	80	41	42	62	97	104	2	13	91	37	118	34	96	89	21	73	19	102	13	105	43	18	101	62	45	74	11	18	42	93	51	34	90	22	42	44	117	115	18	25	56	2	106	63	17	25	84	57	43	63	33	1	56	98	3	89	98	49	85	20	41	47	23	96	80	33	69	6	19	70	24	19	49	17	3	60	25	78	46	24	94	8	49	12	90	8	65	48	13	0	77	58	114	31	45	45	99	74	88	102	42	48	8	90	40	98	0	95	78	76	27	99	89	9	55	47	13	58	39	22	104	26	72	38	21	32	19	23	54	110	8	72	36	67	114	45	27	85	109	1	54	90	76	63	107	105	62	6	32	28	97	1	66	38	119	79	15	14	37	26	8	109	96	33	67	13	61	41	86	106	67	78	45	22	72	63	45	31	66	9	26	21	20	23	100	78	119	116	113	109	103	28	37	79	12	42	31	117	40	18	34	69	92	23	55	17	77	109	90	112	102	0	57	35	52	60	49	6	57	80	54	4	87	108	43	30	21	56	42	42	110	75	44	36	17	65	29	36	86	92	5	108	56	76	80	103	76	110	59	4	45	1	99	72	37	34	96	61	109	28	86	37	2	11	55	71	77	66	64	8	100	68	69	119	119	106	16	29	27	98	8	16	42	108	63	44	17	23	94	115	48	4	38	68	32	78	23	50	83	60	51	52	17	112	4	4	114	80	24	99	22	113	26	74	81	40	6	52	89	26	105	18	56	22	23	71	8	74	41	70	31	93	45	38	97	104	80	24	63	25	11	39	57	89	82	82	16	61	22	88	31	14	32	41	75	76	12	116	58	115	0	70	106	119	59	35	82	84	55	12	0	95	15	101	47	112	73	112	97	27	80	15	111	27	64	35	53	56	106	3	108	48	112	1	112	50	37	35	112	78	29	54	53	53	50	17	57	58	59	66	110	69	48	61	4	79	109	8	1	107	60	11	84	36	9	0	94	3	50	80	38	28	5	96	62	97	67	18	115	42	104	86	113	30	16	26	49	17	15	84	97	64	86	92	81	85	54	80	65	61	68	15	95	87	107	89	38	84	67	54	63	46	118	18	95	46	92	115	102	89	10	38	108	61	25	44	91	111	80	118	30	58	29	61	109	90	39	61	36	7	5	53	58	65	93	81	66	91	30	74	114	70	59	69	85	84	69	18	41	83	114	15	15	96	104	76	26	9	38	58	76	73	49	20	60	52	73	17	34	19	72	58	30	111	50	62	20	118	91	57	70	119	31	81	48	59	118	100	20	23	13	39	100	58	44	97	118	91	48	57	76	92	106	90	53	103	103	40	46	65	105	43	93	13	37	81	76	23	20	19	115	43	5	35	24	102	39	17	2	61	61	58	105	23	21	30	4	35	15	11	35	4	2	35	3	78	117	27	119	0	100	96	48	27	112	86	35	89	32	104	66	27	41	29	90	64	33	102	50	20	29	83	29	71	16	2	42	33	82	5	27	67	108	44	57	6	32	101	97	57	97	106	52	36	23	98	45	1	29	103	51	49	9	67	64	73	42	32	5	1	82	86	52	22	40	107	47	21	27	101	92	13	110	29	44	9	92	4	86	80	29	36	16	119	83	55	42	72	33	87	75	8	91	85	60	6	60	65	56	49	68	61	37	62	84	105	25	56	57	28	60	48	39	91	1	69	94	103	30	64	14	12	102	107	109	71	69	0	19	94	76	95	94	31	105	75	80	5	98	9	109	116	42	118	92	103	27	98	55	80	28	88	52	89	62	4	52	28	64	59	61	115	96	64	30	18	59	90	29	0	79	23	75	55	111	101	3	66	18	83	36	2	107	43	118	71	1	28	35	59	93	52	93	106	1	73	115	17	102	111	96	113	20	36	78	44	95	25	107	52	4	37	11	16	31	44	82	119	67	29	47	97	4	36	53	97	25	106	6	30	30	118	37	41	18	100	95	105	24	101	5	57	12	16	59	46	23	65	6	69	79	103	73	53	67	88	74	25	87	97	74	106	29	64	78	68	82	46	110	91	91	69	19	60	52	70	7	72	15	61	111	55	23	27	20	57	65	23	101	74	68	25	109	50	29	28	0	82	41	27	106	106	89	98	64	29	70	50	19	88	50	85	57	26	85	65	43	53	66	91	86	68	10	56	107	71	107	69	11	42	96	28	17	60	90	49	40	110	106	31	118	0	95	87	75	102	74	28	99	85	100	71	5	47	58	56	50	109	83	14	37	87	64	75	104	119	78	72	106	38	87	66	114	94	55	52	48	89	5	86	104	65	70	
9	3	6	6	14	17	7	6	7	13	16	14	18	17	17	8	17	16	8	16	14	16	20	3	13	3	8	16	17	8	12	13	1	17	10	2	4	4	13	1	3	8	20	18	9	16	16	12	5	11	4	4	5	16	15	20	10	10	5	4	12	16	11	6	5	9	19	18	3	8	17	18	20	4	2	3	8	20	3	17	10	19	6	13	16	8	6	17	3	11	7	18	16	12	11	20	15	2	1	12	11	20	17	4	19	17	8	13	16	9	3	15	9	20	16	7	9	17	19	4	14	8	1	20	17	2	20	6	14	11	12	11	12	10	6	19	18	7	15	12	1	19	5	19	1	3	7	6	15	2	1	6	11	15	5	17	18	6	9	8	12	10	16	7	15	18	1	19	19	9	20	2	15	6	6	12	14	16	8	7	6	14	8	19	3	2	17	6	3	14	10	8	3	9	7	19	8	17	2	15	18	11	2	1	15	16	6	7	4	1	14	17	5	7	19	1	16	11	18	8	14	2	9	5	4	5	8	19	6	5	19	3	2	18	10	9	16	19	19	19	15	4	4	5	18	9	7	16	6	9	20	6	6	3	20	7	9	14	1	9	17	1	14	9	2	19	2	18	15	3	9	11	6	7	20	9	19	20	12	20	17	4	3	2	2	2	17	3	15	8	3	16	13	15	6	11	20	12	3	12	18	4	4	13	19	16	13	2	6	17	19	5	6	15	7	18	20	9	10	11	19	11	10	8	14	13	19	18	6	6	10	15	2	2	8	4	13	9	14	13	13	6	14	3	19	12	16	20	7	13	13	16	3	11	18	13	12	13	13	19	2	17	5	11	19	5	17	12	12	8	13	20	18	8	18	10	1	2	6	10	7	11	12	2	16	12	11	11	7	6	15	20	7	6	10	1	9	12	7	12	12	15	13	16	3	11	16	6	8	1	13	14	3	13	9	13	15	6	17	5	11	19	11	3	12	19	15	19	5	1	14	18	9	4	1	18	9	3	14	7	16	20	13	11	17	5	19	10	2	5	1	1	20	18	8	2	19	5	9	18	13	19	2	13	19	9	19	8	9	20	5	13	9	17	10	16	20	5	5	19	6	5	9	2	2	6	18	19	6	4	5	14	10	18	11	20	17	12	2	7	17	14	9	12	7	11	3	3	20	2	5	1	12	6	14	20	12	6	12	8	11	13	13	15	12	2	1	1	9	7	13	12	11	1	19	4	2	18	14	14	12	17	17	8	2	16	8	7	16	20	20	15	5	10	15	9	3	19	4	3	2	8	10	1	17	2	13	13	2	5	2	15	2	4	11	8	17	11	19	18	9	14	5	18	15	17	6	6	8	20	16	14	20	10	6	16	5	14	5	7	10	16	9	18	2	9	7	6	19	15	4	13	6	9	6	4	16	17	2	16	2	17	15	17	5	13	12	12	2	2	2	4	13	13	9	12	9	11	6	18	5	18	11	6	12	1	20	18	13	3	2	14	14	19	15	9	8	16	8	9	14	5	14	6	1	4	7	14	9	3	12	4	13	3	12	10	6	15	12	3	2	10	2	14	4	5	15	2	15	15	1	7	12	9	12	12	13	16	15	12	11	3	13	13	7	6	13	14	7	12	6	11	6	10	2	9	2	1	13	4	16	14	2	7	1	9	10	4	1	4	9	9	2	13	5	7	8	15	9	2	6	4	9	15	6	4	8	15	2	9	15	8	15	16	13	7	15	9	1	9	3	14	10	11	6	4	11	11	4	15	2	2	4	11	1	5	11	15	12	6	7	3	6	16	8	12	6	3	14	16	14	14	2	12	2	12	12	5	14	6	5	6	2	4	13	2	6	11	7	13	1	3	3	8	15	7	10	15	16	7	12	11	10	7	9	5	14	11	5	6	6	2	2	5	7	15	15	5	13	6	13	4	7	4	11	2	3	16	9	2	14	1	10	15	2	15	3	14	9	2	13	12	14	9	4	7	4	1	9	7	12	7	10	2	6	12	9	14	11	11	16	9	7	15	10	12	12	5	11	16	9	1	4	6	9	6	16	15	1	15	15	5	15	5	16	9	13	1	15	11	11	7	14	8	12	10	12	14	15	4	6	16	3	6	9	13	6	11	13	11	9	8	8	7	13	16	3	6	11	4	16	1	4	6	15	13	9	3	2	2	6	13	5	15	14	2	15	2	16	2	5	6	14	16	16	3	14	7	14	2	10	4	16	1	10	9	6	2	8	16	15	11	6	12	16	6	1	1	12	6	15	10	7	1	4	10	2	1	8	1	1	15	12	1	4	8	9	11	13	1	4	6	4	6	8	6	7	8	5	9	12	14	5	4	3	3	2	1	15	9	8	8	10	7	5	6	5	1	7	4	15	12	4	15	8	11	2	7	1	13	6	12	16	1	14	13	10	10	11	3	10	7	8	11	1	3	6	13	13	8	13	3	11	1	8	13	13	6	9	11	4	3	6	9	12	10	4	8	9	15	12	11	3	3	7	2	11	9	12	11	15	12	8	3	2	12	5	5	9	9	11	8	8	7	13	5	9	1	14	5	9	3	5	3	6	14	13	10	1	4	15	7	7	11	13	14	8	12	11	3	1	11	14	2	3	14	12	9	6	6	13	8	9	3	8	15	4	13	11	13	14	7	16	15	5	1	1	11	6	14	1	16	9	7	3	15	16	12	10	14	6	10	4	6	15	7	13	5	3	14	12	15	10	11	8	15	14	2	15	16	16	3	4	15	15	9	9	2	2	15	7	4	1	3	15	6	7	2	16	12	1	16	12	8	5	14	8	2	13	14	14	14	11	9	16	7	14	15	5	14	3	7	7	15	6	11	8	11	14	2	13	1	7	8	4	3	6	11	5	9	13	5	12	13	16	2	16	3	6	12	16	3	16	1	14	2	1	12	12	8	11	11	16	8	2	3	11	15	7	15	6	9	15	16	8	13	7	4	7	8	3	2	15	8	14	2	2	14	1	8	13	6	9	16	10	3	5	12	11	15	6	16	5	4	13	7	15	4	15	11	13	4	6	16	14	15	6	4	16	6	3	3	6	13	1	1	1	6	4	11	15	11	7	5	16	4	12	12	5	15	3	10	16	10	14	5	1	1	8	13	10	11	3	2	14	10	3	5	16	15	14	7	1	10	12	10	9	9	3	2	15	4	9	3	7	11	10	6	4	4	4	1	1	8	4	6	14	15	10	15	4	6	5	4	13	10	15	14	3	3	15	7	10	1	13	14	2	10	15	3	3	14	6	1	13	1	8	1	7	13	3	13	3	13	10	5	9	5	14	16	1	2	11	9	8	14	1	12	10	12	2	5	15	3	15	1	11	15	12	15	14	2	10	11	4	10	11	11	2	10	14	7	9	12	6	14	4	6	13	15	10	14	2	5	8	2	9	6	15	8	7	13	2	9	12	8	5	10	8	10	5	5	10	11	13	11	3	6	15	1	10	6	7	9	1	3	9	13	12	12	13	13	16	4	4	13	14	10	15	12	11	12	7	7	8	11	10	15	16	12	11	6	14	14	4	14	16	1	6	8	6	3	8	7	6	4	1	6	7	14	10	12	12	10	15	2	8	11	9	7	10	12	16	16	7	9	11	2	10	2	2	12	8	8	6	5	3	4	3	16	3	10	9	8	11	15	7	9	10	3	2	7	12	10	1	9	4	10	11	11	9	3	9	12	14	7	10	11	7	15	13	1	4	15	2	9	14	12	4	9	4	8	10	1	13	14	8	16	5	16	1	7	14	6	7	3	12	7	11	2	4	2	10	15	16	16	1	5	9	16	9	1	11	13	9	8	4	8	3	7	8	10	5	16	1	8	10	12	10	4	4	11	13	12	6	8	8	13	11	5	14	1	1	6	16	9	16	6	14	4	16	1	2	5	10	16	6	3	14	2	14	15	14	13	13	9	7	1	6	3	6	15	10	8	5	5	12	16	3	4	14	6	13	16	9	16	4	6	5	4	2	1	2	9	6	16	9	4	3	14	8	10	16	9	10	11	13	13	7	14	16	2	16	14	4	3	1	6	10	6	5	7	4	5	15	10	5	4	1	15	13	2	16	3	6	9	13	16	15	2	8	12	13	6	3	10	7	4	6	7	3	9	12	9	1	11	13	3	7	1	11	8	15	15	16	6	15	5	12	15	16	15	1	9	7	10	1	4	16	10	14	8	13	15	3	12	5	4	9	12	13	10	11	7	3	7	2	1	2	1	7	1	12	1	5	1	13	1	1	16	14	13	8	2	11	11	3	6	5	5	11	4	3	7	7	12	2	16	12	12	14	5	15	11	2	16	8	1	7	3	10	9	13	7	11	4	7	13	10	4	4	15	3	4	16	12	1	16	4	13	16	13	1	6	13	2	5	13	5	16	1	16	1	16	9	3	1	7	12	8	3	12	5	13	6	9	6	8	8	9	8	9	13	4	15	14	1	16	10	4	13	6	10	6	9	11	11	15	1	15	4	12	14	7	14	1	12	5	16	13	9	3	2	13	9	9	7	7	1	8	2	6	13	2	15	13	14	16	13	2	8	11	1	7	10	1	5	5	7	6	13	5	2	12	11	1	13	7	14	15	13	6	8	12	10	15	7	3	11	7	11	14	3	3	10	3	15	5	13	1	13	14	6	4	8	2	4	9	5	12	14	16	8	10	3	16	5	14	5	1	6	15	9	10	14	16	7	8	12	14	12	10	6	9	13	3	11	15	14	2	9	10	7	7	5	7	4	14	16	2	7	16	2	6	6	11	1	14	15	13	4	15	6	2	13	2	11	9	4	5	5	10	13	4	10	15	8	10	7	1	2	12	4	14	2	4	1	9	6	4	7	12	2	8	13	9	5	4	7	1	5	3	11	1	8	4	10	11	13	15	10	1	6	8	4	13	2	11	4	6	8	10	14	5	9	5	10	16	13	9	1	8	16	1	14	2	10	2	12	11	12	3	10	6	2	12	5	4	13	5	6	9	1	11	12	4	12	4	4	14	13	12	4	13	13	10	15	16	16	5	13	1	3	5	7	12	16	12	10	11	7	7	15	7	1	7	8	15	12	14	9	4	13	4	11	15	15	10	9	5	3	12	12	16	12	3	10	6	12	12	8	2	6	4	15	14	8	12	6	2	14	6	7	2	9	11	11	13	15	8	9	6	13	15	11	16	1	5	9	1	6	10	9	15	13	16	16	1	10	10	10	6	10	13	14	13	8	3	5	5	13	3	7	5	15	2	4	4	4	6	13	4	12	7	11	16	10	12	11	8	11	10	13	7	9	1	6	6	8	11	2	2	13	16	2	7	9	7	9	10	9	11	12	16	10	7	11	13	12	4	8	11	16	7	12	6	8	5	7	5	10	14	14	10	12	6	14	2	11	6	14	10	10	6	16	7	4	7	9	2	11	7	10	6	15	5	14	5	2	6	16	12	16	15	3	1	1	1	2	14	5	16	3	9	8	6	15	8	13	10	4	3	6	10	7	5	9	3	8	9	15	6	13	1	4	5	16	3	10	3	9	3	11	15	15	5	6	3	7	3	12	7	13	12	6	9	14	13	12	16	12	10	7	15	6	13	9	6	7	2	11	16	4	8	13	15	6	3	9	9	4	6	14	7	13	1	7	12	15	13	7	3	14	15	15	13	13	12	6	7	14	5	13	2	4	16	4	11	11	13	2	12	11	8	12	12	6	11	16	2	15	1	8	16	13	11	11	15	12	14	15	11	4	10	15	16	14	16	1	1	1	2	9	9	14	7	13	4	7	5	5	9	16	7	4	15	2	6	13	2	13	15	4	3	9	12	12	2	7	11	4	3	4	10	12	7	11	13	6	4	8	10	7	3	6	13	9	1	10	11	4	13	4	15	12	14	15	3	9	6	11	7	9	10	4	3	2	4	3	12	4	9	4	9	7	15	4	13	4	16	10	11	8	6	14	13	1	12	11	3	13	1	6	4	13	11	8	14	5	2	15	10	16	10	5	13	7	2	8	14	2	3	14	16	16	3	1	1	16	2	9	2	7	13	7	1	1	14	6	9	3	2	14	8	8	5	4	15	14	15	7	11	13	3	16	16	5	7	11	13	12	14	15	10	11	15	14	12	9	13	14	8	15	15	7	10	15	13	7	15	2	14	15	2	11	8	10	13	7	9	3	8	8	13	14	1	14	8	10	5	3	5	7	3	7	3	9	1	3	14	7	12	13	6	2	12	13	9	1	16	16	5	13	14	2	5	1	2	10	10	1	15	15	15	4	3	12	8	6	13	11	6	2	6	6	14	14	1	8	14	15	2	7	10	14	15	1	4	12	6	16	10	1	15	2	13	15	11	15	9	3	14	9	5	1	15	13	3	12	5	14	10	2	15	8	9	2	2	8	15	8	4	10	9	5	9	8	14	5	12	1	1	2	6	2	15	14	16	11	13	9	2	5	5	10	5	8	7	13	10	13	10	15	2	5	1	4	10	5	10	3	1	9	8	13	5	2	9	13	7	16	6	6	5	14	2	3	16	14	16	5	15	11	8	6	7	11	13	8	14	4	1	7	7	12	2	11	8	2	5	1	8	15	6	5	2	11	11	3	4	6	5	16	15	5	12	1	13	8	11	6	7	4	6	10	14	1	5	4	8	9	12	8	16	9	15	3	7	2	13	6	12	16	7	4	16	3	14	6	3	15	10	2	4	8	4	12	7	1	7	14	8	6	15	8	13	2	13	7	10	6	14	9	16	10	11	1	16	12	7	16	1	2	7	13	11	1	14	6	4	1	16	2	14	12	15	16	16	13	4	5	11	1	1	4	7	14	16	16	2	12	1	14	9	7	1	13	16	6	1	14	13	3	1	2	4	1	16	7	11	16	14	10	1	6	10	3	1	14	9	15	11	12	13	2	9	9	4	8	12	13	5	5	16	8	3	7	11	16	12	15	16	12	9	14	12	3	12	11	6	3	6	10	16	3	1	4	5	3	15	7	2	15	5	9	6	6	11	12	13	8	11	13	5	13	6	3	12	14	4	4	9	13	2	16	16	12	6	1	14	16	14	8	12	10	11	10	7	4	14	5	12	3	6	12	8	12	3	15	5	9	1	5	15	8	7	12	15	6	10	14	8	7	6	13	9	15	3	11	9	8	8	7	1	13	8	4	16	4	15	8	11	7	12	11	7	7	13	5	10	8	7	15	16	8	4	7	6	15	3	4	8	4	6	2	11	7	8	9	14	14	14	4	5	13	10	1	3	16	13	16	2	12	3	10	3	13	6	16	8	11	2	9	4	1	5	14	14	14	1	14	7	11	10	2	3	15	13	15	9	5	4	9	7	6	4	14	4	5	11	11	6	16	15	13	2	16	7	3	5	15	16	7	10	4	2	5	5	3	7	1	6	10	2	12	11	15	5	10	2	9	15	6	14	3	10	6	16	14	14	5	9	9	16	12	16	5	14	3	3	10	5	5	2	8	13	16	3	3	9	12	14	4	1	9	7	14	7	14	13	13	14	11	10	1	13	10	13	7	2	3	5	9	9	9	14	10	2	12	10	2	7	12	16	1	13	10	13	6	9	12	15	16	5	6	3	1	4	5	5	10	10	16	9	14	9	9	6	13	8	4	16	9	13	3	6	6	15	13	3	4	10	16	14	12	5	6	13	14	10	14	4	10	2	11	8	7	7	11	8	4	8	10	7	7	10	12	2	6	10	16	1	9	1	16	14	15	4	3	8	11	16	5	2	1	14	10	7	15	13	15	8	12	11	5	3	3	9	1	9	3	4	14	3	3	15	6	11	11	8	13	7	3	12	16	5	4	3	12	5	1	3	1	2	11	12	13	1	8	3	11	6	13	1	16	3	11	2	8	13	2	2	5	9	4	13	15	9	11	7	2	9	2	5	4	16	8	11	5	1	15	1	5	10	10	7	4	8	14	1	16	4	11	16	16	3	16	8	7	1	7	5	7	6	14	9	15	9	12	1	2	5	1	1	2	12	11	2	5	16	14	5	1	5	12	4	14	4	8	14	16	2	11	3	1	2	15	11	13	8	9	14	5	9	14	13	15	1	16	9	10	13	16	13	8	8	11	8	14	5	8	13	2	1	3	11	7	9	3	14	9	16	1	5	15	3	5	10	11	5	16	13	9	4	9	1	15	8	1	12	13	4	7	2	7	14	14	4	6	7	2	4	7	12	3	13	15	6	6	5	7	16	10	3	9	12	9	15	2	16	8	5	11	10	9	11	6	16	5	3	2	15	13	3	1	9	11	10	4	3	16	5	16	14	10	16	13	15	4	8	3	11	6	4	9	10	15	13	14	2	4	9	16	14	16	11	5	1	5	10	5	16	3	5	6	9	8	7	7	5	14	7	2	12	13	4	14	3	4	8	9	7	11	10	7	11	16	6	3	7	11	15	2	11	6	15	7	11	6	7	2	10	14	15	8	14	9	8	4	6	16	14	9	13	2	3	4	15	14	9	10	3	2	15	13	1	9	6	11	5	11	8	13	4	16	3	15	11	6	12	6	13	5	7	6	10	3	4	7	10	5	1	8	11	16	10	7	9	1	11	10	8	5	13	12	9	2	11	1	5	14	8	4	12	12	3	10	9	7	14	14	13	8	13	14	8	1	6	6	7	7	12	1	15	3	5	15	1	8	9	8	7	11	10	2	11	1	1	8	14	5	15	6	14	4	7	13	9	12	14	11	2	15	1	3	1	11	7	10	6	3	15	7	14	5	11	10	14	7	12	2	15	13	2	15	11	11	4	8	6	16	13	9	16	7	5	10	15	10	3	10	10	9	10	16	8	15	1	5	3	8	2	3	14	5	16	13	7	3	2	13	9	1	8	7	15	14	8	12	11	2	2	12	7	9	10	1	16	10	4	13	3	10	1	4	12	2	10	13	8	5	11	13	7	4	3	9	10	12	12	11	16	4	9	16	10	16	6	4	1	5	12	15	15	8	3	11	14	10	9	12	15	13	13	14	4	10	12	3	5	16	14	5	8	7	16	11	3	11	5	12	15	8	5	10	6	2	1	2	3	3	7	4	14	1	16	11	3	1	12	16	1	8	6	16	16	15	14	15	9	8	2	16	8	16	15	3	14	2	3	11	13	16	4	3	1	15	12	3	1	8	15	14	2	8	11	4	11	16	1	10	10	9	7	4	10	2	1	3	15	9	4	15	6	3	16	6	10	11	16	11	10	4	16	1	4	4	6	9	4	13	8	8	13	11	14	5	15	1	12	6	7	1	6	13	2	4	5	5	11	9	12	11	3	3	9	3	3	14	9	3	8	10	16	7	3	11	13	9	10	12	8	15	16	3	9	3	14	3	13	15	14	15	2	5	14	5	12	9	6	9	7	1	2	14	16	2	3	3	5	10	10	1	1	13	12	7	3	14	6	8	5	14	1	3	12	9	15	4	11	1	14	12	15	14	6	8	16	10	8	14	4	11	10	16	10	11	1	16	8	11	7	4	8	16	9	9	4	1	16	3	12	4	15	6	12	11	6	11	14	4	8	6	1	9	4	8	8	12	7	9	12	7	14	15	8	4	7	12	5	10	3	14	16	8	14	3	9	14	3	12	7	15	11	13	2	6	9	4	14	14	14	7	10	3	12	9	13	15	5	1	3	10	6	5	13	1	8	2	12	10	14	9	12	12	4	12	10	4	9	10	16	5	8	9	3	16	6	9	7	3	16	6	13	5	7	4	10	1	1	10	11	15	1	8	7	5	10	11	13	14	9	9	6	16	1	15	5	15	16	7	4	11	9	13	4	14	10	8	12	13	4	5	7	5	5	1	4	6	5	3	6	15	14	5	5	11	1	1	10	15	3	12	14	9	10	3	3	3	14	1	15	6	5	6	4	2	7	3	16	11	3	9	16	2	3	9	7	6	10	13	1	1	11	7	5	2	3	8	9	8	16	13	16	5	3	10	6	6	7	8	10	15	13	6	10	1	11	5	6	3	10	5	5	11	10	13	1	4	13	12	6	12	8	16	4	4	1	9	14	14	12	9	3	13	6	9	14	11	10	7	5	11	15	3	9	3	15	14	11	10	8	6	5	10	15	11	12	15	4	5	10	5	4	3	7	7	3	8	12	4	15	3	2	14	5	10	12	13	9	16	9	13	16	14	16	4	6	5	12	5	16	14	11	15	8	7	15	2	11	11	12	12	1	9	13	13	5	10	16	12	5	2	1	14	11	2	9	13	15	11	6	4	14	10	4	14	13	5	8	12	1	8	14	9	13	13	15	7	5	5	12	8	7	8	7	14	14	14	2	10	12	14	13	15	12	4	15	11	7	14	4	12	7	2	10	1	2	11	10	15	2	11	15	11	11	2	3	7	5	11	6	2	15	10	12	6	10	9	12	2	7	3	4	14	8	4	3	16	15	9	6	5	15	10	12	1	16	1	3	9	9	14	13	7	16	14	16	2	4	11	5	13	13	4	4	14	16	2	9	9	6	4	9	3	15	6	12	5	12	11	6	16	4	10	15	4	4	3	2	2	12	13	10	1	7	5	5	11	7	1	8	3	14	15	12	8	12	12	6	2	2	5	14	3	12	13	16	9	10	5	5	2	10	3	13	4	12	14	13	12	5	13	8	3	3	11	10	9	12	16	1	6	10	15	8	7	3	2	1	4	5	10	10	8	10	2	3	14	16	16	9	15	3	13	4	14	2	15	3	10	14	4	12	1	11	3	1	12	13	15	14	7	4	15	1	3	3	9	10	12	3	8	8	9	2	14	8	8	2	10	9	9	6	16	11	10	6	12	13	16	9	8	2	2	4	9	16	7	14	15	3	1	12	16	6	14	10	15	9	3	4	10	12	11	1	16	5	14	5	5	4	8	5	7	5	3	9	5	15	5	3	13	6	4	9	7	16	11	7	9	4	13	3	15	11	10	6	14	12	1	10	9	14	9	2	2	13	14	13	6	7	1	2	11	14	15	10	14	12	11	5	8	13	2	10	16	15	8	6	7	4	10	16	3	6	12	9	15	7	9	5	6	1	6	5	9	7	15	14	14	10	8	10	15	4	11	2	8	5	4	2	16	3	15	12	8	3	13	10	7	15	7	9	16	9	12	1	7	16	6	16	2	2	9	12	8	11	14	8	10	10	14	2	2	8	1	9	6	3	7	12	9	1	2	15	2	4	4	10	12	9	6	10	7	1	3	16	8	11	8	10	15	7	4	14	12	3	12	13	16	11	15	1	4	11	16	7	15	9	12	10	5	13	14	4	14	15	9	13	10	15	14	8	12	16	12	15	16	4	16	14	3	5	2	5	6	9	11	2	16	7	6	11	3	4	1	10	9	14	6	14	9	13	5	1	3	11	
400	430	660	650	950	850	630	1000	830	430	420	720	680	400	470	290	970	850	580	810	980	270	750	1000	760	640	450	130	240	440	930	520	720	850	360	570	730	340	630	980	370	980	160	900	480	420	530	160	710	760	680	750	360	530	750	740	720	980	180	220	680	590	610	830	910	800	120	230	910	110	730	950	910	730	170	550	840	420	820	670	540	400	190	750	490	410	150	670	1000	660	430	910	150	970	830	330	600	780	470	270	230	680	610	630	100	180	790	130	500	820	200	560	290	450	560	370	960	420	630	650	260	490	810	940	110	270	270	290	450	460	110	150	160	800	730	650	580	830	970	340	940	530	850	620	130	300	110	990	410	180	770	920	300	950	950	630	970	740	740	820	590	440	460	900	760	660	440	500	100	350	360	590	480	180	250	830	990	730	920	260	220	790	850	390	220	820	520	220	980	470	600	850	340	200	800	500	440	420	480	260	520	470	770	900	300	820	220	660	180	780	450	250	420	530	510	540	800	300	380	450	990	250	390	610	360	530	990	800	670	210	180	810	860	340	520	100	190	690	300	390	670	460	860	920	260	450	680	590	350	480	560	460	230	320	300	280	790	600	210	1000	600	280	410	360	120	770	640	130	220	840	580	880	600	980	270	570	690	730	630	560	830	440	230	530	660	600	520	830	700	570	290	250	380	690	510	760	340	270	390	280	510	450	270	530	130	460	600	390	130	450	380	580	470	420	490	630	440	410	140	540	310	600	600	550	880	700	490	410	760	740	780	420	300	600	290	360	290	940	290	260	450	670	200	770	260	410	530	110	690	840	190	460	670	610	150	140	590	310	550	330	590	360	910	930	650	360	900	410	320	620	270	460	870	580	1000	340	490	670	460	680	660	970	830	770	930	920	130	940	400	670	780	550	730	290	150	850	610	900	300	880	290	630	720	200	560	410	160	410	220	280	360	890	400	960	350	540	240	620	540	440	450	870	280	380	490	510	330	380	490	380	410	980	400	990	750	430	550	150	590	920	440	300	340	680	880	970	680	860	550	780	670	480	880	160	240	760	840	360	640	470	280	870	500	670	650	930	540	280	1000	890	490	260	530	830	580	180	500	1000	160	950	280	570	600	290	840	440	670	890	110	750	340	320	180	560	670	230	250	550	110	940	210	790	950	370	390	200	280	430	150	380	650	940	310	150	370	890	550	140	750	990	240	110	460	150	180	500	110	690	350	980	630	630	910	190	260	380	310	390	350	700	120	930	410	850	860	430	220	650	980	150	680	100	390	160	180	900	510	780	740	190	910	420	300	380	580	900	400	570	290	480	980	130	410	150	540	900	170	820	190	460	370	560	550	310	700	870	140	490	200	720	120	300	280	530	1000	170	810	170	190	600	860	720	590	770	440	560	420	340	400	970	680	520	570	600	970	450	600	140	510	650	100	310	530	450	430	170	730	650	940	650	440	960	120	210	130	520	680	950	660	960	990	750	510	130	780	110	390	770	920	700	450	810	170	700	130	630	880	980	1000	190	930	870	430	660	190	960	200	110	660	610	550	420	670	240	720	160	230	170	880	960	320	600	470	760	200	990	720	360	970	640	670	180	520	520	670	610	400	500	860	780	490	650	900	720	930	600	140	920	750	800	720	370	270	470	590	220	400	410	370	240	630	710	970	700	390	650	910	230	410	180	260	880	660	540	200	990	740	760	900	680	410	290	690	650	890	840	950	850	850	150	580	860	920	450	250	510	290	140	740	480	470	880	800	150	690	600	240	690	530	750	450	1000	890	240	660	560	920	700	860	530	740	720	240	320	550	590	980	760	580	610	210	340	560	640	540	800	640	1000	330	290	730	700	130	230	410	140	520	630	790	650	810	720	870	340	140	800	250	370	390	110	650	270	760	660	390	890	170	490	680	460	660	490	250	700	810	780	330	950	550	170	970	130	330	630	520	320	830	270	960	570	130	820	880	900	710	860	290	740	340	490	120	970	640	360	900	970	200	470	580	260	310	430	540	540	670	200	240	160	390	470	290	750	140	120	880	180	160	760	230	610	150	340	820	460	860	730	380	150	870	340	690	840	120	870	560	740	170	680	710	940	320	400	350	320	670	950	480	850	650	880	890	610	150	230	300	340	500	540	100	920	890	880	420	230	750	670	960	600	520	570	270	520	390	530	650	740	370	230	460	180	530	940	280	870	140	990	540	920	190	340	360	130	260	980	890	150	470	880	150	470	180	290	370	340	960	270	480	570	710	800	730	270	430	170	690	830	680	870	930	110	130	390	400	630	770	460	170	620	610	700	460	530	540	340	670	650	290	860	600	410	770	470	890	500	880	720	580	280	240	470	400	960	410	240	240	100	810	730	510	410	700	690	900	350	560	670	870	700	690	130	700	650	600	890	630	690	260	650	620	640	970	940	1000	540	290	200	700	270	220	290	780	220	590	800	620	1000	770	290	480	550	190	650	140	830	180	490	470	540	540	360	1000	810	120	920	920	600	650	900	500	540	230	100	990	600	400	250	500	260	1000	850	580	230	420	550	830	470	790	140	610	210	860	330	280	760	850	350	240	610	770	660	570	830	130	720	950	530	500	450	120	350	220	980	970	490	260	940	950	150	340	740	180	460	540	270	840	830	730	900	610	650	710	730	270	920	870	830	270	830	520	850	160	880	900	950	420	940	240	290	640	710	290	370	510	500	780	250	720	160	970	470	750	550	610	560	610	690	430	500	910	750	510	170	940	120	250	290	680	860	510	800	520	920	950	160	880	460	980	210	780	970	450	220	230	740	570	590	390	840	760	450	810	430	520	430	800	460	860	300	630	610	800	660	670	660	590	670	700	950	990	970	220	830	410	130	270	500	330	560	800	220	960	520	630	350	720	240	260	700	330	160	970	590	760	770	370	780	670	120	150	750	950	670	450	380	360	800	840	900	480	760	760	720	440	240	910	390	990	750	790	360	110	930	780	350	940	840	110	150	710	100	190	200	510	630	720	490	990	350	400	760	250	830	300	110	480	700	490	640	130	240	970	840	420	580	990	480	230	970	350	480	850	950	730	970	780	430	200	130	620	700	880	100	710	670	510	270	690	950	550	880	540	660	400	990	530	850	660	820	350	980	820	370	680	910	210	210	160	420	490	170	400	830	300	120	920	920	800	320	480	470	800	570	710	950	930	190	290	250	700	790	870	660	160	250	650	570	140	110	330	540	780	910	400	110	100	700	950	670	440	170	610	220	870	470	730	820	850	530	790	280	970	200	470	550	460	120	790	690	830	300	820	290	240	330	350	660	460	430	660	640	280	190	750	470	810	630	650	850	390	390	370	760	630	560	590	710	280	210	600	750	280	650	540	400	480	500	180	120	170	380	730	980	360	430	260	660	370	620	760	550	990	940	230	360	350	440	140	650	230	360	180	120	480	240	660	160	700	280	640	790	530	690	200	510	610	700	240	550	850	580	810	970	610	800	640	140	400	350	920	170	190	970	630	260	930	180	150	800	960	150	740	270	790	650	270	170	810	900	330	630	950	400	150	210	550	1000	720	910	1000	800	590	380	960	790	420	570	650	860	110	160	620	690	930	360	760	280	450	130	610	820	890	690	470	200	220	710	690	190	700	220	740	110	250	190	750	440	220	470	670	530	120	710	640	750	640	830	970	420	640	740	800	410	930	700	750	910	520	120	560	670	720	830	270	250	680	690	200	180	870	880	850	830	370	260	360	550	760	540	740	110	710	380	660	760	260	880	360	810	640	630	140	880	240	890	620	490	370	310	270	140	680	410	740	200	610	500	540	720	600	810	340	490	790	850	330	130	790	320	150	630	680	230	880	660	370	150	890	900	530	810	710	280	550	570	540	210	910	770	250	490	210	930	990	210	340	540	470	250	580	970	450	260	350	520	310	230	810	380	200	110	960	500	160	490	980	370	820	810	840	860	580	130	170	370	990	540	380	620	180	250	900	260	460	800	270	810	370	400	700	920	730	930	530	700	120	450	330	920	770	330	250	960	350	840	330	340	460	790	440	130	680	540	550	280	780	200	900	660	670	440	340	980	340	690	320	890	790	250	120	610	410	250	190	930	390	910	970	550	560	320	800	380	730	150	410	690	110	540	640	590	780	350	130	830	780	540	740	750	190	110	740	620	750	800	470	780	960	610	340	620	830	420	300	810	300	180	810	540	420	710	330	970	400	590	710	310	230	490	270	370	310	910	580	820	190	280	290	150	560	500	930	220	150	130	670	640	640	330	430	100	900	310	360	950	550	140	860	330	740	290	220	320	370	390	450	920	890	390	450	350	730	430	660	450	400	830	680	650	370	870	860	140	540	610	390	580	910	190	640	400	670	380	860	660	530	670	630	280	500	910	610	640	650	400	180	570	460	450	890	420	670	950	670	800	380	430	540	250	920	270	850	110	560	960	600	590	280	840	850	790	460	150	840	350	720	660	780	490	300	460	430	1000	290	910	270	720	390	780	540	680	740	320	590	280	290	190	100	790	520	590	430	690	470	780	1000	350	910	580	860	750	610	470	990	470	310	880	620	990	490	140	280	810	250	300	810	810	340	990	280	710	620	450	990	950	510	620	730	840	450	220	890	390	960	800	290	870	740	190	640	100	280	360	650	260	860	820	930	380	420	510	170	460	320	350	990	130	510	760	360	730	710	360	300	800	610	350	180	320	500	250	990	490	340	960	660	360	820	350	280	530	950	560	670	400	120	210	380	720	220	250	420	470	740	880	180	430	780	290	420	230	780	560	770	710	520	140	910	1000	210	570	690	150	790	140	490	140	260	330	730	960	100	250	480	500	880	640	840	930	780	680	660	110	540	140	230	810	350	160	720	260	640	150	920	190	810	150	100	650	100	380	590	100	210	200	980	560	160	150	820	420	470	450	840	670	850	830	820	420	190	670	840	850	340	620	370	520	640	690	760	620	800	290	770	100	450	390	140	630	220	890	450	790	780	550	190	410	780	580	780	320	490	410	100	290	430	500	910	130	720	730	600	260	590	980	170	140	450	820	160	730	400	420	790	490	230	190	480	680	180	240	210	420	280	590	910	560	390	570	620	230	870	780	380	730	400	310	930	650	920	210	720	890	100	310	540	490	180	680	1000	830	860	500	770	750	210	500	150	930	410	920	860	180	400	150	490	650	480	470	280	850	270	440	680	530	900	940	400	420	270	630	230	440	910	440	430	760	150	510	470	280	150	840	620	800	980	490	870	300	830	470	200	680	380	280	220	730	1000	580	510	240	430	850	770	270	490	320	890	360	240	940	850	470	190	560	900	380	850	380	990	840	930	300	460	870	480	520	220	210	780	790	310	490	510	290	810	880	670	870	830	140	110	750	930	290	970	430	580	150	180	970	140	200	810	770	500	650	500	380	870	140	1000	690	760	410	320	270	390	740	260	400	570	180	470	340	740	310	590	360	290	330	140	590	200	670	150	980	690	780	890	890	300	910	440	570	720	490	990	400	960	700	680	200	120	100	900	250	580	830	730	380	770	480	220	730	850	290	990	720	270	630	840	200	620	190	350	890	490	180	980	680	450	920	900	960	210	510	960	550	370	630	320	490	810	630	430	190	560	680	470	920	680	920	210	990	780	740	220	710	730	880	720	630	610	140	360	930	650	930	110	900	150	750	270	1000	710	270	700	330	630	830	870	310	790	100	970	350	410	910	310	340	640	360	660	960	670	950	900	170	420	750	230	560	240	100	510	290	220	460	200	540	300	910	1000	760	260	880	820	700	800	830	860	480	310	620	510	820	470	520	630	430	240	880	730	300	990	670	230	580	750	710	710	690	310	830	580	690	630	570	920	210	480	540	520	610	510	720	390	610	620	130	1000	470	840	390	410	400	350	460	800	740	370	500	710	510	310	790	220	490	150	850	180	300	570	800	830	680	230	360	730	880	800	120	270	500	870	480	970	140	820	350	430	100	430	820	480	460	180	450	560	500	600	860	340	750	660	920	510	780	730	750	980	150	420	610	480	380	260	120	100	740	310	850	210	870	780	440	100	450	330	900	640	730	250	840	910	400	840	390	1000	430	460	630	760	760	450	970	280	570	400	760	980	810	160	970	960	570	330	620	410	880	640	150	110	820	810	1000	780	970	250	220	350	770	460	710	310	100	430	700	580	690	250	640	560	700	600	590	250	300	200	210	510	270	730	640	790	360	290	540	840	240	670	820	410	990	990	220	290	860	890	480	270	220	160	660	470	170	740	250	520	520	170	710	150	700	630	510	800	820	540	190	490	660	680	390	1000	540	250	170	400	230	180	500	370	760	830	740	210	980	500	550	200	240	930	630	430	240	160	310	250	830	630	1000	890	370	450	720	890	170	580	370	470	100	370	510	120	740	270	800	300	160	930	250	730	620	580	270	410	150	110	360	820	500	480	870	310	690	980	630	260	500	490	860	780	310	920	780	750	430	760	500	580	290	940	970	220	480	160	690	130	240	260	550	780	580	710	400	390	170	1000	520	970	360	940	690	970	630	620	560	800	220	760	600	410	260	300	600	760	980	670	930	290	870	610	710	790	250	120	630	720	440	980	370	400	190	370	250	610	510	640	220	190	960	1000	690	890	650	800	330	860	640	790	300	920	450	290	800	360	440	440	190	830	100	470	810	100	360	790	350	880	620	220	580	710	440	270	680	730	550	140	700	450	750	620	360	680	470	120	340	330	720	440	610	390	620	800	920	140	350	560	120	950	280	850	610	730	590	570	920	170	250	570	820	800	970	510	470	960	760	720	380	440	900	890	340	570	930	610	650	710	300	350	750	470	450	410	360	640	780	150	840	660	310	540	790	190	160	180	650	220	970	470	540	710	170	350	570	120	330	280	1000	980	100	480	140	610	780	140	140	430	980	700	230	210	760	800	390	390	700	190	140	690	250	940	760	360	430	910	690	830	930	870	820	790	720	670	220	450	170	710	600	250	350	110	940	310	310	670	740	350	560	610	750	580	400	280	230	150	590	140	110	850	860	620	490	340	240	890	750	310	650	200	640	730	830	630	160	970	540	860	670	490	680	640	360	790	710	910	890	950	520	350	540	140	340	800	1000	930	320	610	270	720	760	930	670	800	150	680	270	820	630	240	590	170	470	930	340	800	390	540	950	530	950	910	900	680	230	810	270	210	410	480	730	780	100	580	900	240	450	740	280	260	710	680	980	610	840	130	820	510	430	510	280	970	330	490	230	150	270	900	390	170	850	1000	770	310	940	730	620	400	820	820	860	700	590	730	470	600	800	870	230	1000	820	380	680	980	720	910	970	630	270	470	120	140	1000	510	760	1000	970	580	400	460	180	210	520	590	1000	820	910	300	560	300	110	110	760	750	360	300	770	160	350	1000	650	820	790	340	620	300	550	650	180	320	270	570	240	870	900	150	980	960	110	830	180	200	160	410	690	290	830	780	600	760	720	270	740	650	890	670	640	550	510	630	390	240	170	140	310	610	940	300	140	160	860	960	580	630	830	510	850	200	940	150	380	910	370	840	940	840	380	240	940	470	700	350	850	480	630	760	190	360	690	310	630	190	450	490	480	510	340	640	750	720	460	150	630	390	610	670	290	460	570	630	280	300	260	830	650	670	810	260	380	660	470	230	440	540	390	240	910	930	520	310	250	360	830	260	870	740	330	850	620	280	350	950	400	390	420	580	630	990	790	790	850	220	240	490	860	860	880	640	850	320	280	870	550	160	730	590	610	140	140	740	850	920	930	740	280	730	560	300	830	890	890	160	900	110	1000	100	280	150	110	260	230	170	890	300	340	640	1000	400	870	390	760	150	310	370	690	190	410	200	780	550	600	160	290	870	600	470	380	720	740	430	960	650	500	120	630	410	740	850	350	570	130	830	770	180	990	300	760	940	550	490	290	520	630	970	470	910	590	840	860	430	730	730	880	890	740	280	980	920	210	730	780	640	660	140	230	450	870	950	240	970	530	290	100	380	530	140	800	430	230	950	630	710	630	350	290	540	810	960	640	850	690	1000	340	230	880	300	610	730	930	150	680	240	100	710	880	290	790	520	100	380	890	220	690	620	120	920	180	850	490	780	400	940	110	490	970	320	220	610	480	800	800	540	410	670	860	470	750	290	220	390	790	680	210	200	460	960	450	680	260	580	740	920	550	210	140	100	820	670	280	920	610	670	860	520	940	160	740	350	760	250	940	180	120	560	830	520	700	180	350	960	630	840	940	180	940	760	250	180	270	130	260	760	880	120	820	380	160	290	610	380	300	800	700	100	750	840	100	750	600	860	940	950	890	900	650	660	210	210	910	560	900	490	510	100	570	730	620	190	280	190	300	140	230	760	620	240	590	900	270	330	620	610	1000	450	960	870	920	710	150	940	400	760	310	940	700	590	290	130	470	850	490	380	100	230	600	630	990	660	250	250	770	860	150	1000	490	500	500	860	970	200	110	540	120	160	540	720	580	850	830	580	870	390	960	840	360	180	130	310	960	580	170	640	810	500	720	980	940	120	110	930	960	420	560	240	130	120	470	310	800	110	480	660	360	370	260	130	320	160	390	830	930	970	490	900	360	570	240	590	550	670	860	350	800	860	930	660	350	840	1000	770	490	960	1000	370	110	150	210	770	350	340	380	790	800	120	300	740	610	560	590	650	1000	920	660	930	380	700	790	830	180	450	670	720	410	340	750	1000	640	480	470	980	840	330	640	390	160	490	220	680	590	770	410	300	150	760	810	850	390	330	160	960	700	660	910	480	310	460	750	800	410	740	500	420	990	850	890	900	780	840	620	820	640	580	180	930	560	350	770	800	160	110	790	870	690	640	340	250	800	840	310	410	740	850	220	280	110	490	490	110	640	510	280	960	390	900	980	400	570	410	150	780	740	590	820	470	490	780	950	570	310	460	980	970	430	700	560	330	750	640	240	940	810	430	650	940	890	640	830	800	810	770	940	670	120	290	750	360	400	600	760	460	570	340	670	490	330	310	480	930	200	1000	970	820	770	530	610	940	680	350	210	750	670	220	470	720	660	440	420	510	720	170	670	180	300	300	800	680	610	210	620	110	380	510	260	460	400	840	880	680	960	700	240	300	670	100	790	780	360	410	540	150	450	480	250	280	460	360	920	110	780	540	840	750	270	170	660	310	930	680	550	310	370	550	930	280	500	630	570	680	100	420	250	860	590	700	540	550	560	690	460	760	400	640	900	960	180	550	610	850	130	380	920	490	770	540	150	350	490	540	380	730	680	320	110	870	160	350	940	160	110	830	160	600	220	120	740	840	700	230	420	990	920	110	330	460	270	690	130	620	450	510	220	730	890	800	260	980	820	330	570	910	200	230	110	800	550	300	360	300	330	580	620	190	630	990	290	700	520	170	740	160	910	850	570	120	340	940	780	760	680	150	800	650	490	620	980	520	670	980	950	630	350	400	650	1000	270	690	850	720	470	1000	300	410	280	750	620	100	150	490	970	440	670	970	920	190	990	560	540	390	370	380	710	870	410	550	330	240	750	360	560	750	350	110	200	140	160	700	190	830	410	750	630	500	310	430	770	420	630	580	410	610	740	660	790	130	100	830	200	880	780	210	210	560	590	250	350	450	760	840	810	570	730	660	750	230	820	580	660	710	440	300	240	310	290	580	870	430	690	950	910	300	260	930	300	200	530	190	330	870	750	680	800	910	990	370	340	370	600	400	640	490	1000	260	460	990	260	640	210	320	290	320	630	470	440	670	960	240	520	190	390	440	290	450	390	150	990	130	290	240	620	260	780	690	470	270	180	1000	150	580	190	470	990	740	950	750	820	900	800	540	790	230	580	780	250	590	910	970	890	590	760	500	230	190	240	570	580	610	260	480	710	240	280	670	840	160	120	570	640	300	600	830	170	910	320	130	360	500	920	530	300	790	260	260	510	380	740	330	990	110	800	800	300	540	100	100	690	490	610	390	400	530	290	530	590	430	370	480	280	100	690	930	660	910	280	780	290	180	300	320	910	140	800	250	220	390	100	530	100	460	800	100	100	230	380	910	760	500	210	190	140	420	800	710	460	120	160	650	240	910	290	470	320	650	700	210	490	410	910	150	890	790	120	190	300	310	250	490	670	210	850	250	440	530	1000	680	250	420	960	920	890	240	650	760	630	500	440	280	380	590	530	830	120	210	850	980	240	520	780	200	740	610	110	140	440	650	290	160	950	110	490	740	140	1000	680	980	190	410	830	770	180	140	760	190	940	830	550	660	320	950	510	590	980	570	680	850	940	980	680	660	870	860	380	540	740	380	880	690	810	340	290	220	310	930	720	650	600	170	400	550	780	360	230	930	950	840	200	710	810	850	920	980	730	980	550	520	400	480	620	290	750	250	310	420	860	960	820	520	350	440	940	260	540	810	110	430	900	140	410	960	260	740	640	520	400	480	400	120	180	960	710	760	490	170	730	950	400	790	370	740	150	940	280	180	450	640	760	110	1000	510	310	150	330	910	690	600	840	610	910	240	800	120	690	870	360	250	310	970	300	400	760	530	790	230	150	810	140	220	450	440	490	530	220	900	800	130	250	730	290	280	460	800	670	590	790	540	940	780	620	660	590	990	420	770	470	810	830	340	280	650	910	810	350	370	880	650	270	900	570	630	430	410	190	820	250	120	900	520	200	340	820	950	860	390	970	960	640	880	170	290	400	840	590	820	460	370	910	110	240	150	660	180	320	170	150	140	600	430	730	880	490	140	770	590	280	270	610	880	210	180	560	360	920	430	1000	380	670	980	500	670	700	480	540	450	460	190	910	610	220	710	650	1000	550	740	260	960	500	770	860	710	150	120	300	890	260	360	940	740	810	350	290	540	920	290	960	840	300	280	660	790	890	510	500	350	290	930	310	400	310	970	880	250	620	480	380	990	840	900	280	300	540	860	310	410	470	720	800	910	360	940	850	270	740	690	190	910	420	800	910	850	620	990	430	410	730	850	960	560	370	910	450	720	260	290	980	860	340	690	430	940	850	270	360	190	950	980	840	380	960	200	820	490	970	220	680	220	400	800	550	520	490	460	560	210	200	920	250	880	300	140	380	500	900	510	880	270	250	540	870	590	980	850	510	610	160	710	880	350	640	270	390	720	100	260	180	910	150	530	860	680	870	670	620	830	100	230	460	570	870	340	190	1000	760	360	210	230	500	690	730	950	940	750	520	150	250	130	350	820	360	480	470	490	120	580	150	950	500	830	380	220	530	150	790	380	550	440	620	130	240	150	390	480	710	220	230	720	520	900	320	960	850	870	610	410	140	250	570	460	100	870	770	550	190	730	370	460	120	320	240	490	760	790	860	960	470	660	770	840	540	550	850	980	360	410	930	420	890	370	290	410	470	870	880	620	490	770	650	830	510	110	100	400	800	610	750	470	260	150	740	1000	100	560	460	800	750	770	970	200	1000	
1
