3570
120
4
50
0	0	0	0	0	0	0	0	0	0	0	0	48	0	0	0	0	0	0	0	0	0	0	0	0	0	0	0	0	0	0	0	0	0	0	0	0	0	0	0	0	0	0	0	0	0	0	0	0	0	0	0	0	0	0	0	0	0	0	0	0	0	0	0	48	0	0	0	0	0	0	0	0	0	0	0	0	0	0	0	0	0	0	0	0	0	0	0	0	0	0	0	0	0	0	0	0	0	48	0	0	0	0	0	0	0	0	0	0	0	0	0	0	0	0	0	0	0	0	48	
0	0	0	0	0	0	0	0	0	0	0	0	0	0	0	0	0	0	0	0	0	0	0	0	0	0	48	0	0	0	0	0	0	0	0	0	0	0	0	0	0	0	0	0	0	0	0	0	0	48	0	0	0	0	0	0	0	0	0	0	0	0	0	0	0	48	0	0	0	0	0	48	0	0	0	0	0	0	0	0	0	0	0	0	0	0	0	0	0	0	0	0	0	0	0	0	0	0	0	0	0	0	0	0	0	0	0	0	0	0	0	0	0	0	0	0	0	0	0	0	
0	0	0	0	48	0	0	0	0	0	0	0	0	0	0	0	0	0	0	0	0	0	0	0	0	0	0	0	0	0	0	0	0	0	0	0	0	0	0	0	0	48	0	0	0	0	0	0	0	0	0	0	0	0	0	0	0	0	0	0	0	0	0	0	0	0	0	0	0	0	0	0	0	0	0	0	0	0	0	0	0	0	48	0	0	0	0	0	0	0	0	0	0	0	0	0	0	0	0	0	0	0	0	0	0	0	0	0	0	0	0	48	0	0	0	0	0	0	0	0	
0	0	0	0	0	48	0	0	0	0	0	0	0	0	0	0	0	0	0	0	0	0	0	0	0	0	0	0	0	0	0	0	0	0	0	0	0	0	0	0	0	0	0	0	0	0	0	0	0	0	0	0	0	0	0	0	0	0	0	0	48	0	0	0	0	0	0	0	0	0	0	0	0	0	0	0	0	0	0	0	0	0	0	0	0	0	0	0	0	0	0	0	0	0	0	0	0	0	0	0	0	0	48	0	0	0	0	0	0	0	0	0	0	48	0	0	0	0	0	0	
0	0	48	0	0	0	0	0	0	0	0	0	0	0	0	0	0	0	0	0	0	0	0	0	0	0	0	0	0	0	0	0	0	0	0	0	0	0	0	0	0	0	0	0	0	0	0	0	0	0	0	0	0	0	0	0	0	0	0	0	0	0	0	0	0	0	0	0	0	0	48	0	0	0	0	0	0	0	0	0	0	0	0	0	0	48	0	0	48	0	0	0	0	0	0	0	0	0	0	0	0	0	0	0	0	0	0	0	0	0	0	0	0	0	0	0	0	0	0	0	
0	0	0	48	0	0	0	0	0	0	0	0	0	0	0	0	0	0	0	0	0	0	0	0	0	0	0	0	0	0	0	0	0	0	0	0	0	0	0	0	0	0	0	0	0	48	0	0	0	0	0	0	0	0	0	0	0	0	0	0	48	0	0	0	0	0	0	0	0	0	0	0	0	0	0	0	0	0	0	0	0	0	0	0	0	0	0	0	0	0	0	0	0	0	0	0	0	0	0	0	0	0	0	0	0	0	0	0	0	0	0	0	0	0	0	0	48	0	0	0	
0	0	0	0	0	0	0	0	0	0	0	0	0	0	0	0	0	0	48	0	0	0	0	0	0	48	0	0	0	0	0	0	0	0	0	0	0	0	0	0	0	0	0	0	0	0	0	0	0	0	0	0	0	0	0	0	0	0	0	0	0	0	0	0	0	0	0	0	0	0	0	0	0	0	0	0	0	0	48	0	0	0	0	0	0	0	0	0	0	0	0	0	0	48	0	0	0	0	0	0	0	0	0	0	0	0	0	0	0	0	0	0	0	0	0	0	0	0	0	0	
0	0	0	0	0	0	0	0	0	0	0	0	0	0	0	0	0	0	0	0	0	0	0	0	0	0	0	0	0	0	0	0	0	0	0	0	0	0	0	0	0	0	0	48	0	0	0	0	0	0	0	48	0	0	0	0	0	0	0	0	0	0	0	0	0	0	0	0	0	0	0	0	0	0	0	0	0	0	0	0	0	0	0	0	0	0	0	0	0	0	48	0	0	0	0	0	0	0	0	0	0	0	0	0	0	0	0	0	0	0	0	0	0	0	48	0	0	0	0	0	
0	0	0	0	0	0	0	0	0	0	0	0	0	0	0	0	0	0	0	0	0	0	0	0	0	0	0	0	0	0	0	0	0	0	0	0	0	0	0	0	0	0	0	0	0	0	0	0	0	0	0	0	0	0	0	0	0	0	0	0	0	0	0	0	0	0	0	48	0	0	0	0	0	0	0	0	0	0	0	0	0	0	0	0	0	0	0	0	0	0	0	0	48	0	48	0	48	0	0	0	0	0	0	0	0	0	0	0	0	0	0	0	0	0	0	0	0	0	0	0	
0	0	0	0	0	0	0	0	0	0	0	0	0	0	0	0	0	0	0	0	0	0	0	48	0	0	0	0	0	0	0	0	0	0	0	0	0	0	0	0	0	0	0	0	0	0	0	0	0	0	0	0	48	0	0	0	0	0	0	0	0	0	0	0	0	0	0	0	0	0	0	0	0	0	0	0	0	0	48	0	0	0	0	0	0	0	0	0	0	0	0	0	0	0	0	0	0	0	0	0	0	0	0	0	0	0	0	0	48	0	0	0	0	0	0	0	0	0	0	0	
0	0	0	0	0	0	0	0	0	0	0	0	48	0	0	0	0	0	0	48	0	0	48	0	0	0	0	0	0	0	0	0	0	0	0	0	0	0	0	0	0	0	0	0	0	0	0	0	0	0	0	0	0	0	0	0	0	0	0	48	0	0	0	0	0	0	0	0	0	0	0	0	0	0	0	0	0	0	0	0	0	0	0	0	0	0	0	0	0	0	0	0	0	0	0	0	0	0	0	0	0	0	0	0	0	0	0	0	0	0	0	0	0	0	0	0	0	0	0	0	
0	0	0	0	0	0	0	0	0	0	0	0	0	0	0	0	0	0	0	0	0	0	0	0	0	0	0	0	0	0	0	0	0	0	0	0	48	0	0	0	0	0	0	0	0	0	0	0	0	0	0	0	0	0	48	0	0	0	0	0	0	0	0	0	0	0	0	0	0	0	0	0	0	0	0	48	0	0	0	0	0	0	0	0	0	0	0	0	0	0	0	0	0	0	0	0	0	0	0	0	0	0	0	0	0	0	0	0	0	0	0	0	0	0	0	48	0	0	0	0	
48	0	0	0	0	0	0	0	0	0	48	0	0	0	0	0	0	0	0	0	0	0	0	0	0	0	0	0	0	0	0	0	0	0	0	0	0	0	0	0	0	0	0	0	0	0	0	0	0	0	0	0	0	0	0	0	0	0	0	0	0	0	0	0	48	0	0	0	0	0	0	0	0	0	0	0	0	0	0	0	0	0	0	0	0	0	0	0	0	0	0	0	0	0	0	0	0	0	48	0	0	0	0	0	0	0	0	0	0	0	0	0	0	0	0	0	0	0	0	0	
0	0	0	0	0	0	0	0	0	0	0	0	0	0	0	0	0	0	0	0	0	0	0	0	0	0	0	0	0	0	0	0	0	0	0	0	0	0	0	0	0	0	0	0	0	0	0	0	0	0	48	0	0	0	0	0	0	48	0	0	0	48	0	0	0	0	0	0	0	0	0	0	0	0	0	0	0	0	0	0	0	0	0	0	48	0	0	0	0	0	0	0	0	0	0	0	0	0	0	0	0	0	0	0	0	0	0	0	0	0	0	0	0	0	0	0	0	0	0	0	
0	0	0	0	0	0	0	0	0	0	0	0	0	0	0	0	0	0	0	0	0	0	0	0	0	0	0	0	0	0	48	0	0	0	0	0	0	0	0	48	0	0	0	0	0	0	0	0	0	0	0	0	0	0	0	0	0	0	0	0	0	0	0	0	0	0	0	0	0	0	0	0	0	0	0	0	0	0	0	0	0	0	0	0	0	0	0	0	0	0	48	0	0	0	0	0	0	0	0	0	0	0	0	0	0	0	0	0	0	0	0	0	0	0	48	0	0	0	0	0	
0	0	0	0	0	0	0	0	0	0	0	0	0	0	0	0	0	0	0	0	0	0	0	0	0	0	0	0	0	0	0	0	0	48	0	0	0	0	0	0	0	0	0	0	0	0	0	0	0	0	0	0	0	0	0	0	0	0	0	0	0	0	0	0	0	0	48	0	0	0	0	0	0	0	0	0	0	48	0	0	0	0	0	0	0	0	0	0	0	0	0	0	0	0	0	0	0	0	0	0	0	0	0	0	0	0	0	48	0	0	0	0	0	0	0	0	0	0	0	0	
0	0	0	0	0	0	0	0	0	0	0	0	0	0	0	0	0	0	0	0	0	0	0	0	0	0	0	0	48	0	0	0	0	0	0	0	0	0	0	0	0	0	0	0	0	0	0	0	0	0	0	0	48	0	0	0	0	0	0	0	0	0	0	0	0	0	0	0	0	0	0	0	0	0	0	0	0	0	0	48	0	0	0	0	0	0	0	0	0	0	0	0	0	0	0	0	0	0	0	0	0	0	0	0	0	0	48	0	0	0	0	0	0	0	0	0	0	0	0	0	
0	0	0	0	0	0	0	0	0	0	0	0	0	0	0	0	0	0	0	0	0	0	0	0	0	0	0	0	0	48	0	0	0	0	48	0	0	0	0	0	0	0	0	0	0	0	0	0	0	0	0	0	0	0	0	0	0	0	0	0	0	0	0	0	0	0	0	0	0	0	0	0	0	48	0	0	0	0	0	0	0	0	0	0	0	0	0	0	0	0	0	48	0	0	0	0	0	0	0	0	0	0	0	0	0	0	0	0	0	0	0	0	0	0	0	0	0	0	0	0	
0	0	0	0	0	0	48	0	0	0	0	0	0	0	0	0	0	0	0	0	0	0	0	0	0	48	0	0	0	0	0	0	0	0	0	0	0	0	0	0	0	0	0	0	0	48	0	0	0	0	0	0	0	0	0	0	0	0	0	0	0	0	0	0	0	0	0	0	0	0	0	0	0	0	0	0	0	0	0	0	0	0	0	0	0	0	0	0	0	0	0	0	0	48	0	0	0	0	0	0	0	0	0	0	0	0	0	0	0	0	0	0	0	0	0	0	0	0	0	0	
0	0	0	0	0	0	0	0	0	0	48	0	0	0	0	0	0	0	0	0	0	0	48	0	0	0	0	0	0	0	0	0	48	0	0	0	0	0	0	0	0	0	0	0	0	0	0	0	0	0	0	0	0	0	0	0	0	0	0	48	0	0	0	0	0	0	0	0	0	0	0	0	0	0	0	0	0	0	0	0	0	0	0	0	0	0	0	0	0	0	0	0	0	0	0	0	0	0	0	0	0	0	0	0	0	0	0	0	0	0	0	0	0	0	0	0	0	0	0	0	
0	0	0	0	0	0	0	0	0	0	0	0	0	0	0	0	0	0	0	0	0	0	48	0	0	0	0	0	0	0	0	0	0	0	0	0	0	0	0	0	0	0	0	0	0	0	0	0	0	0	0	0	0	0	0	0	0	0	0	48	0	0	48	0	0	0	0	0	0	0	0	0	0	0	0	0	0	0	0	0	0	0	0	0	0	0	0	0	0	0	0	0	0	0	0	0	0	0	0	0	0	0	0	0	0	0	0	0	0	0	0	0	0	0	0	0	0	0	0	48	
0	0	0	0	0	0	0	0	0	0	0	0	0	0	0	0	0	0	0	0	0	0	0	0	0	0	0	0	0	48	0	0	0	0	0	0	0	0	0	0	0	0	0	0	0	0	48	0	0	0	0	0	0	0	0	0	0	0	0	0	0	0	0	0	0	0	0	0	0	0	0	0	0	48	0	0	0	0	0	0	0	0	0	0	0	0	0	0	0	0	0	0	0	0	0	0	0	0	0	0	0	0	0	0	0	0	0	0	0	0	0	0	48	0	0	0	0	0	0	0	
0	0	0	0	0	0	0	0	0	0	48	0	0	0	0	0	0	0	0	48	48	0	0	0	0	0	0	0	0	0	0	0	0	0	0	0	0	0	0	0	0	0	0	0	0	0	0	0	0	0	0	0	0	0	0	0	0	0	0	48	0	0	0	0	0	0	0	0	0	0	0	0	0	0	0	0	0	0	0	0	0	0	0	0	0	0	0	0	0	0	0	0	0	0	0	0	0	0	0	0	0	0	0	0	0	0	0	0	0	0	0	0	0	0	0	0	0	0	0	0	
0	0	0	0	0	0	0	0	0	48	0	0	0	0	0	0	0	0	0	0	0	0	0	0	0	0	0	0	0	0	0	0	0	0	0	0	0	0	0	0	0	48	0	0	0	0	0	0	0	0	0	0	48	0	0	0	0	0	0	0	0	0	0	0	0	0	0	0	0	0	0	0	0	0	0	0	0	0	0	0	0	0	0	0	0	0	0	0	0	0	0	0	0	0	0	0	0	0	0	0	0	0	0	0	0	0	0	0	0	0	0	48	0	0	0	0	0	0	0	0	
0	0	0	0	0	0	0	0	0	0	0	0	0	0	0	0	0	0	0	0	0	0	0	0	0	0	0	0	0	48	0	0	0	0	0	0	0	0	0	0	0	0	0	0	0	0	0	0	0	0	0	0	0	0	0	0	0	0	0	0	0	0	0	0	0	0	0	0	0	0	0	0	0	0	0	0	48	0	0	0	0	0	0	0	0	0	0	0	0	0	0	48	0	0	0	0	0	0	0	0	0	0	0	0	0	0	0	0	0	48	0	0	0	0	0	0	0	0	0	0	
0	0	0	0	0	0	48	0	0	0	0	0	0	0	0	0	0	0	48	0	0	0	0	0	0	0	0	0	0	0	0	0	0	0	0	0	0	0	0	0	0	0	0	0	0	0	0	0	0	0	0	0	0	0	0	0	0	0	0	0	0	0	0	0	0	0	0	0	0	0	0	0	0	0	0	0	0	0	48	0	0	0	0	0	0	0	0	0	0	0	0	0	0	0	0	0	0	0	0	0	0	0	0	0	0	0	0	0	48	0	0	0	0	0	0	0	0	0	0	0	
0	48	0	0	0	0	0	0	0	0	0	0	0	0	0	0	0	0	0	0	0	0	0	0	0	0	0	0	0	0	0	48	0	0	0	0	0	0	0	0	0	0	0	0	0	0	0	0	0	0	0	0	0	0	0	0	0	0	0	0	0	0	0	0	0	0	0	0	48	0	0	0	48	0	0	0	0	0	0	0	0	0	0	0	0	0	0	0	0	0	0	0	0	0	0	0	0	0	0	0	0	0	0	0	0	0	0	0	0	0	0	0	0	0	0	0	0	0	0	0	
0	0	0	0	0	0	0	0	0	0	0	0	0	0	0	0	0	0	0	0	0	0	0	0	0	0	0	0	0	0	0	0	0	0	0	48	0	0	0	0	0	0	0	0	0	0	0	0	0	0	0	0	0	0	0	0	0	0	0	0	0	0	0	0	0	0	0	0	0	0	0	0	0	0	0	0	0	0	0	0	48	0	0	0	0	0	0	0	0	0	0	0	0	0	0	0	0	0	0	0	0	48	0	0	48	0	0	0	0	0	0	0	0	0	0	0	0	0	0	0	
0	0	0	0	0	0	0	0	0	0	0	0	0	0	0	0	48	0	0	0	0	0	0	0	0	0	0	0	0	0	0	0	0	0	0	0	0	0	0	0	0	0	0	0	0	0	0	0	0	0	0	0	0	0	0	0	48	0	0	0	0	0	0	0	0	0	0	0	0	0	0	0	0	0	0	0	0	0	0	48	0	0	0	0	0	0	0	0	0	0	0	0	0	0	0	0	0	0	0	0	0	0	0	0	0	0	48	0	0	0	0	0	0	0	0	0	0	0	0	0	
0	0	0	0	0	0	0	0	0	0	0	0	0	0	0	0	0	48	0	0	0	48	0	0	48	0	0	0	0	0	0	0	0	0	0	0	0	0	0	0	0	0	0	0	0	0	0	0	0	0	0	0	0	0	0	0	0	0	0	0	0	0	0	0	0	0	0	0	0	0	0	0	0	0	0	0	0	0	0	0	0	0	0	0	0	0	0	0	0	0	0	48	0	0	0	0	0	0	0	0	0	0	0	0	0	0	0	0	0	0	0	0	0	0	0	0	0	0	0	0	
0	0	0	0	0	0	0	0	0	0	0	0	0	0	48	0	0	0	0	0	0	0	0	0	0	0	0	0	0	0	0	0	0	0	0	0	0	0	48	48	0	0	0	0	0	0	0	0	0	0	0	0	0	0	0	0	0	0	0	0	0	0	0	0	0	0	0	0	0	0	0	0	0	0	0	0	0	0	0	0	0	0	0	0	0	0	0	0	0	0	0	0	0	0	0	0	0	0	0	0	0	0	0	0	0	0	0	0	0	0	0	0	0	0	48	0	0	0	0	0	
0	0	0	0	0	0	0	0	0	0	0	0	0	0	0	0	0	0	0	0	0	0	0	0	0	0	48	0	0	0	0	0	0	0	0	0	0	0	0	0	0	0	0	0	0	0	0	0	0	0	0	0	0	0	0	0	0	0	0	0	0	0	0	0	0	0	48	0	0	0	0	48	0	0	0	0	0	0	0	0	0	0	0	0	0	0	0	0	0	0	0	0	0	0	0	0	0	0	0	0	0	0	0	0	0	0	0	48	0	0	0	0	0	0	0	0	0	0	0	0	
0	0	0	0	0	0	0	0	0	0	0	0	0	0	0	0	0	0	0	48	0	0	0	0	0	0	0	0	0	0	0	0	0	0	0	0	0	0	0	0	0	0	0	0	0	0	0	0	0	0	0	0	0	0	0	0	0	0	0	0	0	0	0	0	48	0	0	0	0	0	0	0	0	0	0	0	0	0	0	0	0	0	0	0	0	0	48	0	0	0	0	0	0	0	0	0	0	0	0	0	0	0	0	0	0	0	0	0	0	0	0	0	0	0	0	0	0	0	0	48	
0	0	0	0	0	0	0	0	0	0	0	0	0	0	0	48	0	0	0	0	0	0	0	0	0	0	0	0	0	0	0	0	0	0	0	0	0	0	0	0	0	0	0	0	0	0	0	0	0	0	0	0	0	0	0	0	0	0	0	0	0	0	0	0	0	0	0	0	0	0	0	48	0	0	0	0	0	48	0	0	0	0	0	0	0	0	0	0	0	0	0	0	0	0	0	0	0	0	0	0	0	0	0	0	0	0	0	48	0	0	0	0	0	0	0	0	0	0	0	0	
0	0	0	0	0	0	0	0	0	0	0	0	0	0	0	0	0	48	0	0	0	0	0	0	0	0	0	0	0	0	0	0	0	0	0	0	0	0	0	0	0	0	0	0	0	0	0	0	0	0	0	0	0	0	0	0	0	0	0	0	0	0	0	0	0	0	0	0	0	0	0	0	0	48	0	0	0	0	0	0	0	0	0	0	0	0	0	0	0	0	0	48	0	0	0	0	0	0	0	0	0	0	0	0	0	0	0	0	0	0	0	0	0	48	0	0	0	0	0	0	
0	0	0	0	0	0	0	0	0	0	0	0	0	0	0	0	0	0	0	0	0	0	0	0	0	0	0	48	0	0	0	0	0	0	0	0	0	0	0	0	0	0	0	0	0	0	0	0	0	0	0	0	0	0	0	0	0	0	0	0	0	0	0	0	0	0	0	0	0	0	0	0	0	0	0	0	0	0	0	0	48	0	0	0	0	0	0	0	0	0	0	0	0	0	0	0	0	0	48	0	0	48	0	0	0	0	0	0	0	0	0	0	0	0	0	0	0	0	0	0	
0	0	0	0	0	0	0	0	0	0	0	48	0	0	0	0	0	0	0	0	0	0	0	0	0	0	0	0	0	0	0	0	0	0	0	0	0	0	0	0	0	0	0	0	0	0	0	0	0	0	0	0	0	0	48	0	0	0	0	0	0	0	0	0	0	0	0	0	0	0	0	0	0	0	0	48	0	0	0	0	0	0	0	0	0	0	0	0	0	0	0	0	0	0	0	0	0	0	0	0	0	0	0	0	0	0	0	0	0	0	0	0	0	0	0	48	0	0	0	0	
0	0	0	0	0	0	0	0	0	0	0	0	0	0	0	0	0	0	0	0	0	0	0	0	0	0	0	0	0	0	0	0	0	0	0	0	0	0	0	0	0	0	0	0	0	0	0	0	0	0	0	0	0	0	0	0	48	0	0	0	0	0	0	0	0	0	0	0	0	0	0	0	0	0	0	0	0	0	0	48	0	0	0	0	0	0	0	0	0	0	0	0	0	0	0	0	0	0	0	0	0	0	0	0	48	0	48	0	0	0	0	0	0	0	0	0	0	0	0	0	
0	0	0	0	0	0	0	0	0	0	0	0	0	0	0	0	0	0	0	0	0	0	0	0	0	0	0	0	0	0	48	0	0	0	0	0	0	0	0	48	0	0	0	0	0	0	0	0	0	48	0	0	0	0	0	0	0	0	0	0	0	0	0	0	0	48	0	0	0	0	0	0	0	0	0	0	0	0	0	0	0	0	0	0	0	0	0	0	0	0	0	0	0	0	0	0	0	0	0	0	0	0	0	0	0	0	0	0	0	0	0	0	0	0	0	0	0	0	0	0	
0	0	0	0	0	0	0	0	0	0	0	0	0	0	48	0	0	0	0	0	0	0	0	0	0	0	0	0	0	0	48	0	0	0	0	0	0	0	48	0	0	0	0	0	0	0	0	0	0	0	0	0	0	0	0	0	0	0	0	0	0	0	0	0	0	0	0	0	0	0	0	0	0	0	0	0	0	0	0	0	0	0	0	0	0	0	0	0	0	0	0	0	0	0	0	0	0	0	0	0	0	0	0	0	0	0	0	0	0	0	0	0	0	0	48	0	0	0	0	0	
0	0	0	0	0	0	0	0	0	0	0	0	0	0	0	0	0	0	0	0	0	0	0	0	0	0	0	0	0	0	0	0	0	0	0	0	0	0	0	0	0	0	0	0	0	0	0	0	0	0	0	0	0	0	0	0	0	0	0	0	0	0	0	48	0	0	0	0	0	0	48	0	0	0	0	0	0	0	0	0	0	0	0	0	0	0	0	0	48	0	0	0	0	0	0	0	0	0	0	0	0	0	0	0	0	0	0	0	0	0	0	0	0	0	0	0	0	0	48	0	
0	0	48	0	0	0	0	0	0	0	0	0	0	0	0	0	0	0	0	0	0	0	0	48	0	0	0	0	0	0	0	0	0	0	0	0	0	0	0	0	0	0	0	0	0	0	0	0	0	0	0	0	0	0	0	0	0	0	0	0	0	0	0	0	0	0	0	0	0	0	0	0	0	0	0	0	0	0	0	0	0	0	0	0	0	0	0	48	0	0	0	0	0	0	0	0	0	0	0	0	0	0	0	0	0	0	0	0	0	0	0	48	0	0	0	0	0	0	0	0	
0	0	0	0	0	0	0	0	0	0	0	0	0	0	0	0	0	0	0	0	0	0	0	0	0	0	0	0	0	0	0	0	0	0	0	0	0	0	0	0	0	0	0	0	0	0	0	0	0	0	0	0	0	48	0	0	0	0	0	0	0	0	0	0	0	0	0	48	0	0	0	0	0	0	0	0	0	0	0	0	0	0	0	0	0	0	0	0	0	0	0	0	48	0	0	0	0	0	0	0	0	0	0	0	0	0	0	0	0	0	48	0	0	0	0	0	0	0	0	0	
0	0	0	0	0	0	0	48	0	0	0	0	0	0	0	0	0	0	0	0	0	0	0	0	0	0	0	0	0	0	0	0	0	0	0	0	0	0	0	0	0	0	0	0	0	0	0	0	0	0	0	48	0	0	0	0	0	0	0	0	0	0	0	0	0	0	0	0	0	0	0	0	0	0	48	0	0	0	0	0	0	0	0	0	0	0	0	0	0	0	48	0	0	0	0	0	0	0	0	0	0	0	0	0	0	0	0	0	0	0	0	0	0	0	0	0	0	0	0	0	
0	0	0	0	0	0	0	0	0	0	0	0	0	0	0	0	0	0	0	0	0	0	0	0	0	0	0	0	0	0	0	0	0	0	0	0	0	0	0	0	0	0	0	0	0	0	48	0	0	0	0	0	0	0	0	0	0	0	0	0	0	0	0	0	0	0	0	0	0	0	0	0	0	0	0	0	0	0	0	0	0	48	0	48	0	0	0	0	0	48	0	0	0	0	0	0	0	0	0	0	0	0	0	0	0	0	0	0	0	0	0	0	0	0	0	0	0	0	0	0	
0	0	0	0	0	48	0	0	0	0	0	0	0	0	0	0	0	0	48	0	0	0	0	0	0	0	0	0	0	0	0	0	0	0	0	0	0	0	0	0	0	0	0	0	0	0	0	0	0	0	0	0	0	0	0	0	0	0	0	0	48	0	0	0	0	0	0	0	0	0	0	0	0	0	0	0	0	0	0	0	0	0	0	0	0	0	0	0	0	0	0	0	0	48	0	0	0	0	0	0	0	0	0	0	0	0	0	0	0	0	0	0	0	0	0	0	0	0	0	0	
0	0	0	0	0	0	0	0	0	0	0	0	0	0	0	0	0	0	0	0	0	48	0	0	0	0	0	0	0	0	0	0	0	0	0	0	0	0	0	0	0	0	0	0	48	0	0	0	0	0	0	0	0	0	0	0	0	0	0	0	0	0	0	0	0	0	0	0	0	0	0	0	0	0	0	0	0	0	0	0	0	48	0	0	0	0	0	0	0	48	0	0	0	0	0	0	0	0	0	0	0	0	0	0	0	0	0	0	0	0	0	0	0	0	0	0	0	0	0	0	
0	0	0	0	0	0	0	0	0	0	0	0	0	0	0	0	0	0	0	0	0	0	0	0	0	0	0	0	0	0	0	0	0	0	0	0	0	0	0	0	0	0	0	0	0	0	0	0	0	0	0	0	0	0	0	0	0	0	0	0	0	48	0	0	0	0	0	0	0	48	0	0	0	0	0	0	0	0	0	0	0	0	0	0	0	0	0	0	0	0	0	0	0	0	48	0	0	0	0	0	0	0	0	0	0	0	0	0	0	0	0	0	48	0	0	0	0	0	0	0	
0	0	0	0	0	0	0	0	0	0	0	0	0	0	0	0	0	0	0	0	0	0	0	0	0	0	0	0	0	0	0	0	0	0	0	0	0	0	0	0	0	0	0	0	0	0	0	0	0	0	0	0	0	0	0	0	0	0	0	0	0	0	0	48	0	0	0	0	0	0	0	0	0	0	0	0	0	0	0	0	0	0	0	0	0	0	0	0	0	0	0	0	0	0	0	0	0	0	0	48	0	0	0	0	0	0	0	0	0	0	0	0	0	0	0	0	0	48	48	0	
0	48	0	0	0	0	0	0	0	0	0	0	0	0	0	0	0	0	0	0	0	0	0	0	0	0	0	0	0	0	0	0	0	0	0	0	0	0	48	0	0	0	0	0	0	0	0	0	0	0	0	0	0	0	0	0	0	0	0	0	0	0	0	0	0	48	0	0	0	0	0	0	0	0	0	0	0	0	0	0	0	0	0	0	0	0	0	0	0	0	0	0	0	0	0	0	0	0	0	0	48	0	0	0	0	0	0	0	0	0	0	0	0	0	0	0	0	0	0	0	
0	0	0	0	0	0	0	0	0	0	0	0	0	48	0	0	0	0	0	0	0	0	0	0	0	0	0	0	0	0	0	0	0	0	0	0	0	0	0	0	0	0	0	0	0	0	0	0	0	0	0	0	0	0	0	0	0	48	0	0	0	48	0	0	0	0	0	0	0	0	0	0	0	0	0	0	0	0	0	0	0	0	0	0	48	0	0	0	0	0	0	0	0	0	0	0	0	0	0	0	0	0	0	0	0	0	0	0	0	0	0	0	0	0	0	0	0	0	0	0	
0	0	0	0	0	0	0	48	0	0	0	0	0	0	0	0	0	0	0	0	0	0	0	0	0	0	0	0	0	0	0	0	0	0	0	0	0	0	0	0	0	0	0	48	0	0	0	0	0	0	0	0	0	0	0	0	0	0	0	0	0	0	0	0	0	0	0	0	0	0	0	0	0	0	48	0	0	0	0	0	0	0	0	0	0	0	0	0	0	0	48	0	0	0	0	0	0	0	0	0	0	0	0	0	0	0	0	0	0	0	0	0	0	0	0	0	0	0	0	0	
0	0	0	0	0	0	0	0	0	48	0	0	0	0	0	0	48	0	0	0	0	0	0	48	0	0	0	0	0	0	0	0	0	0	0	0	0	0	0	0	0	0	0	0	0	0	0	0	0	0	0	0	0	0	0	0	0	0	0	0	0	0	0	0	0	0	0	0	0	0	0	0	0	0	0	0	0	0	0	0	0	0	0	0	0	0	0	0	0	0	0	0	0	0	0	0	0	0	0	0	0	0	0	0	0	0	0	0	0	0	0	48	0	0	0	0	0	0	0	0	
0	0	0	0	0	0	0	0	0	0	0	0	0	0	0	0	0	0	0	0	0	0	0	0	0	0	0	0	0	0	0	0	0	0	0	0	0	0	0	0	0	0	48	0	0	0	0	0	0	0	0	0	0	0	0	48	0	0	0	0	0	0	0	0	0	0	0	48	0	0	0	0	0	0	0	0	0	0	0	0	0	0	0	0	0	0	0	0	0	0	0	0	48	0	0	0	0	0	0	0	0	0	0	0	0	0	0	0	0	0	0	0	0	0	0	0	0	0	0	0	
0	0	0	0	0	0	0	0	0	0	0	48	0	0	0	0	0	0	0	0	0	0	0	0	0	0	0	0	0	0	0	0	0	0	0	0	48	0	0	0	0	0	0	0	0	0	0	0	0	0	0	0	0	0	0	0	0	0	0	0	0	0	0	0	0	0	0	0	0	0	0	0	0	0	0	0	0	0	0	0	0	0	0	0	0	0	0	0	48	0	0	0	0	0	0	0	0	0	0	0	0	0	0	0	0	0	0	0	0	0	0	0	0	0	0	48	0	0	0	0	
0	0	0	0	0	0	0	0	0	0	0	0	0	0	0	0	0	0	0	0	0	0	0	0	0	0	0	0	0	0	0	0	0	0	0	0	0	0	0	0	0	0	0	0	0	0	0	0	0	0	0	0	0	48	0	0	0	0	0	0	0	0	0	0	0	0	0	48	0	0	0	0	0	0	48	0	0	0	0	0	0	0	0	0	0	0	0	0	0	0	0	0	48	0	0	0	0	0	0	0	0	0	0	0	0	0	0	0	0	0	0	0	0	0	0	0	0	0	0	0	
0	0	0	0	0	0	0	0	0	0	0	0	0	0	0	0	0	0	0	0	0	0	0	0	0	0	0	0	48	0	0	0	0	0	0	0	0	48	0	0	0	0	0	0	0	0	0	0	0	0	0	0	0	0	0	0	0	0	0	0	0	0	0	0	0	0	0	0	0	0	0	0	0	0	0	0	0	0	0	48	0	0	0	0	0	0	0	0	0	0	0	0	0	0	0	0	0	0	0	0	0	0	0	0	0	0	48	0	0	0	0	0	0	0	0	0	0	0	0	0	
0	0	0	0	0	0	0	0	0	0	0	0	0	48	0	0	0	0	0	0	0	0	0	0	0	0	0	0	0	0	0	0	0	0	0	0	0	0	0	0	0	0	0	0	0	0	0	0	0	0	48	0	0	0	0	0	0	0	0	0	0	0	0	0	0	0	0	0	0	0	0	0	0	0	0	0	0	0	0	0	0	0	0	0	48	48	0	0	0	0	0	0	0	0	0	0	0	0	0	0	0	0	0	0	0	0	0	0	0	0	0	0	0	0	0	0	0	0	0	0	
0	0	0	0	0	0	0	0	0	0	0	0	0	0	0	0	0	0	0	0	0	0	0	0	0	0	0	0	0	0	0	0	0	0	0	0	0	0	0	0	0	0	0	0	0	0	0	0	0	0	0	0	0	0	0	0	0	0	0	0	0	0	0	0	0	0	0	0	48	0	0	0	48	0	0	0	0	0	0	0	0	0	0	0	0	0	0	0	0	0	0	0	0	0	0	0	0	48	0	0	0	0	0	0	0	48	0	0	0	0	0	0	0	0	0	0	0	0	0	0	
0	0	0	0	0	0	0	0	0	0	48	0	0	0	0	0	0	0	0	48	48	0	48	0	0	0	0	0	0	0	0	0	0	0	0	0	0	0	0	0	0	0	0	0	0	0	0	0	0	0	0	0	0	0	0	0	0	0	0	0	0	0	0	0	0	0	0	0	0	0	0	0	0	0	0	0	0	0	0	0	0	0	0	0	0	0	0	0	0	0	0	0	0	0	0	0	0	0	0	0	0	0	0	0	0	0	0	0	0	0	0	0	0	0	0	0	0	0	0	0	
0	0	0	48	0	48	0	0	0	0	0	0	0	0	0	0	0	0	0	0	0	0	0	0	0	0	0	0	0	0	0	0	0	0	0	0	0	0	0	0	0	0	0	0	0	48	0	0	0	0	0	0	0	0	0	0	0	0	0	0	0	0	0	0	0	0	0	0	0	0	0	0	0	0	0	0	0	0	0	0	0	0	0	0	0	0	0	0	0	0	0	0	0	48	0	0	0	0	0	0	0	0	0	0	0	0	0	0	0	0	0	0	0	0	0	0	0	0	0	0	
0	0	0	0	0	0	0	0	0	0	0	0	0	48	0	0	0	0	0	0	0	0	0	0	0	0	0	0	0	0	0	0	0	0	0	0	0	0	0	0	0	0	0	0	0	0	0	48	0	0	48	0	0	0	0	0	0	0	0	0	0	0	0	0	0	0	0	0	0	0	0	0	0	0	0	0	0	0	0	0	0	0	0	0	48	0	0	0	0	0	0	0	0	0	0	0	0	0	0	0	0	0	0	0	0	0	0	0	0	0	0	0	0	0	0	0	0	0	0	0	
0	0	0	0	0	0	0	0	0	0	0	0	0	0	0	0	0	0	0	0	48	0	0	0	0	0	0	0	0	0	0	0	0	0	0	0	0	0	0	0	0	0	0	0	0	0	0	0	0	0	0	0	0	0	0	0	0	0	0	0	0	0	0	0	48	0	0	0	0	0	0	0	0	0	0	0	0	0	0	0	0	0	0	0	0	0	0	0	0	0	0	0	0	0	0	0	0	0	48	0	0	0	0	0	0	0	0	0	0	0	0	0	0	0	0	0	0	0	0	48	
0	0	0	0	0	0	0	0	0	0	0	0	0	0	0	0	0	0	0	0	0	0	0	0	0	0	0	0	0	0	0	0	0	0	0	0	0	0	0	0	48	0	0	0	0	0	0	0	48	0	0	0	0	0	0	0	0	0	0	0	0	0	0	0	0	0	0	0	0	0	0	0	0	0	0	0	0	0	0	0	0	0	0	0	0	0	0	0	0	0	0	0	0	0	0	0	0	0	0	0	0	0	0	0	0	0	0	0	0	0	0	0	0	0	0	0	0	48	48	0	
48	0	0	0	0	0	0	0	0	0	0	0	48	0	0	0	0	0	0	0	0	0	0	0	0	0	0	0	0	0	0	0	48	0	0	0	0	0	0	0	0	0	0	0	0	0	0	0	0	0	0	0	0	0	0	0	0	0	0	0	0	0	48	0	0	0	0	0	0	0	0	0	0	0	0	0	0	0	0	0	0	0	0	0	0	0	0	0	0	0	0	0	0	0	0	0	0	0	0	0	0	0	0	0	0	0	0	0	0	0	0	0	0	0	0	0	0	0	0	0	
0	48	0	0	0	0	0	0	0	0	0	0	0	0	0	0	0	0	0	0	0	0	0	0	0	0	0	0	0	0	0	0	0	0	0	0	0	0	48	0	0	0	0	0	0	0	0	0	0	48	0	0	0	0	0	0	0	0	0	0	0	0	0	0	0	0	0	0	0	0	0	0	0	0	0	0	0	0	0	0	0	0	0	0	0	0	0	0	0	0	0	0	0	0	0	0	0	0	0	0	48	0	0	0	0	0	0	0	0	0	0	0	0	0	0	0	0	0	0	0	
0	0	0	0	0	0	0	0	0	0	0	0	0	0	0	48	0	0	0	0	0	0	0	0	0	0	0	0	0	0	0	48	0	0	0	0	0	0	0	0	0	0	0	0	0	0	0	0	0	0	0	0	0	0	0	0	0	0	0	0	0	0	0	0	0	0	0	0	48	0	0	0	0	0	0	0	0	0	0	0	0	0	0	0	0	0	0	0	0	0	0	0	0	0	0	0	0	0	0	0	0	0	0	0	0	0	0	48	0	0	0	0	0	0	0	0	0	0	0	0	
0	0	0	0	0	0	0	0	48	0	0	0	0	0	0	0	0	0	0	0	0	0	0	0	0	0	0	0	0	0	0	0	0	0	0	0	0	0	0	0	0	0	48	0	0	0	0	0	0	0	0	0	0	48	0	48	0	0	0	0	0	0	0	0	0	0	0	0	0	0	0	0	0	0	0	0	0	0	0	0	0	0	0	0	0	0	0	0	0	0	0	0	0	0	0	0	0	0	0	0	0	0	0	0	0	0	0	0	0	0	0	0	0	0	0	0	0	0	0	0	
0	0	0	0	0	0	0	0	0	0	0	0	0	0	0	0	0	0	0	0	0	0	0	0	0	0	48	0	0	0	0	0	0	0	0	0	0	0	0	0	0	0	0	0	0	0	0	0	0	0	0	0	0	0	0	0	0	0	48	0	0	0	0	0	0	0	48	0	0	0	0	0	48	0	0	0	0	0	0	0	0	0	0	0	0	0	0	0	0	0	0	0	0	0	0	0	0	0	0	0	0	0	0	0	0	0	0	0	0	0	0	0	0	0	0	0	0	0	0	0	
0	0	0	0	0	0	0	0	0	0	0	0	0	0	0	0	0	0	0	0	0	0	0	0	0	0	0	0	0	0	0	0	0	0	0	0	0	0	0	0	0	0	0	0	0	0	0	48	0	0	0	0	0	0	0	0	0	0	0	0	0	0	0	0	0	0	0	0	0	0	0	0	0	0	0	0	0	0	0	0	0	48	0	0	0	0	0	0	0	0	0	0	0	0	48	0	0	0	0	0	0	0	0	0	0	0	0	0	0	0	48	0	0	0	0	0	0	0	0	0	
0	0	0	0	48	0	0	0	0	0	0	0	0	0	0	0	0	0	0	0	0	0	0	0	0	0	0	0	0	0	0	0	0	0	0	0	0	0	0	0	48	0	0	0	0	0	0	0	0	0	0	0	0	0	0	0	0	0	0	0	0	0	0	0	0	0	0	0	0	0	0	0	0	0	0	0	0	0	0	0	0	0	0	0	0	48	0	0	48	0	0	0	0	0	0	0	0	0	0	0	0	0	0	0	0	0	0	0	0	0	0	0	0	0	0	0	0	0	0	0	
0	48	0	0	0	0	0	0	0	0	0	0	0	0	0	0	0	0	0	0	0	0	0	0	0	0	0	0	0	0	0	48	0	48	0	0	0	0	0	0	0	0	0	0	0	0	0	0	0	0	0	0	0	0	0	0	0	0	0	0	0	0	0	0	0	0	0	0	0	0	0	0	0	0	0	0	0	48	0	0	0	0	0	0	0	0	0	0	0	0	0	0	0	0	0	0	0	0	0	0	0	0	0	0	0	0	0	0	0	0	0	0	0	0	0	0	0	0	0	0	
0	0	0	0	0	0	0	0	0	0	0	0	0	0	0	0	0	0	0	0	0	0	0	0	0	0	48	0	0	0	0	0	0	0	0	0	0	0	0	0	0	0	0	0	0	0	0	0	0	0	0	0	0	0	0	0	0	0	48	0	0	0	0	0	0	0	0	0	48	0	0	0	0	0	0	0	0	0	0	0	0	0	0	0	0	0	0	0	0	0	0	0	0	0	0	0	0	48	0	0	0	0	0	0	0	0	0	0	0	0	0	0	0	0	0	0	0	0	0	0	
0	0	0	0	0	0	0	0	0	0	0	0	0	0	0	0	0	48	0	0	0	48	0	0	0	0	0	0	0	0	0	0	0	0	48	0	0	0	0	0	0	0	0	0	0	0	0	0	0	0	0	0	0	0	0	0	0	0	0	0	0	0	0	0	0	0	0	0	0	0	0	0	0	0	0	0	0	0	0	0	0	0	0	0	0	0	0	0	0	0	0	0	0	0	0	0	0	0	0	0	0	0	0	0	0	0	0	0	0	0	0	0	0	48	0	0	0	0	0	0	
0	0	0	0	0	0	0	0	0	0	0	0	0	0	0	0	0	0	0	0	0	0	0	0	0	0	0	0	0	0	0	0	0	0	0	0	0	0	0	0	0	0	0	48	0	0	0	0	0	0	0	48	0	0	0	48	0	0	0	0	0	0	0	0	0	0	0	0	0	0	0	0	0	0	0	0	0	0	0	0	0	0	0	0	0	0	0	0	0	0	0	0	0	0	0	0	48	0	0	0	0	0	0	0	0	0	0	0	0	0	0	0	0	0	0	0	0	0	0	0	
0	0	0	0	0	0	0	0	0	0	0	48	0	0	0	0	0	0	0	0	0	0	0	0	0	0	0	0	0	0	0	0	0	0	0	0	48	0	0	0	0	0	0	0	0	0	0	0	0	0	0	0	0	0	0	0	0	0	0	0	0	0	0	0	0	0	0	0	0	0	0	0	0	0	0	0	0	0	0	0	0	0	0	0	0	0	0	0	0	0	0	0	0	0	0	0	0	0	0	0	0	0	0	0	0	0	0	0	0	0	0	0	0	0	0	48	48	0	0	0	
0	0	0	0	0	0	0	0	0	0	0	0	0	0	0	0	0	0	0	0	0	0	0	0	48	0	0	0	0	0	0	0	0	0	0	0	0	0	0	0	0	0	0	0	0	0	0	0	0	0	0	0	0	0	0	0	0	0	0	0	0	0	0	0	0	0	0	0	0	0	0	0	0	0	0	0	0	0	0	0	0	0	0	48	0	0	0	0	0	48	0	0	0	0	0	48	0	0	0	0	0	0	0	0	0	0	0	0	0	0	0	0	0	0	0	0	0	0	0	0	
0	0	0	0	0	0	0	0	0	0	0	0	0	0	0	48	0	0	0	0	0	0	0	0	0	0	0	0	0	0	0	0	0	48	0	0	0	0	0	0	0	0	0	0	0	0	0	0	0	0	0	0	0	0	0	0	0	0	0	0	0	0	0	0	0	0	0	0	0	0	0	48	0	0	0	0	0	0	0	0	48	0	0	0	0	0	0	0	0	0	0	0	0	0	0	0	0	0	0	0	0	0	0	0	0	0	0	0	0	0	0	0	0	0	0	0	0	0	0	0	
0	0	0	0	0	0	48	0	0	48	0	0	0	0	0	0	0	0	0	0	0	0	0	0	0	48	0	0	0	0	0	0	0	0	0	0	0	0	0	0	0	0	0	0	0	0	0	0	0	0	0	0	0	0	0	0	0	0	0	0	0	0	0	0	0	0	0	0	0	0	0	0	0	0	0	0	0	0	0	0	0	0	0	0	0	0	0	0	0	0	0	0	0	0	0	0	0	0	0	0	0	0	0	0	0	0	0	0	48	0	0	0	0	0	0	0	0	0	0	0	
0	0	0	0	0	0	0	0	0	0	0	0	0	0	0	0	48	0	0	0	0	0	0	0	0	0	0	0	48	0	0	0	0	0	0	0	0	48	0	0	0	0	0	0	0	0	0	0	0	0	0	0	0	0	0	0	48	0	0	0	0	0	0	0	0	0	0	0	0	0	0	0	0	0	0	0	0	0	0	0	0	0	0	0	0	0	0	0	0	0	0	0	0	0	0	0	0	0	0	0	0	0	0	0	0	0	0	0	0	0	0	0	0	0	0	0	0	0	0	0	
0	0	0	0	0	0	0	0	0	0	0	0	0	0	0	0	0	0	0	0	0	0	0	0	0	0	0	48	0	0	0	0	0	0	0	48	0	0	0	0	0	0	0	0	0	0	0	0	0	0	0	0	0	0	0	0	0	0	0	0	0	0	0	0	0	0	0	0	0	0	0	0	0	0	0	0	0	48	0	0	0	0	0	0	0	0	0	0	0	0	0	0	0	0	0	0	0	0	0	0	0	48	0	0	0	0	0	0	0	0	0	0	0	0	0	0	0	0	0	0	
0	0	0	0	0	0	0	0	0	0	0	0	0	0	0	0	0	0	0	0	0	0	0	0	0	0	0	0	0	0	0	0	0	0	0	0	0	0	0	0	0	0	0	0	48	0	48	0	0	0	0	0	0	0	0	0	0	0	0	0	0	0	0	0	0	0	0	0	0	48	0	0	0	0	0	0	0	0	0	0	0	0	0	48	0	0	0	0	0	0	0	0	0	0	0	0	0	0	0	0	0	0	0	0	0	0	0	0	0	0	0	0	0	0	0	0	0	0	0	0	
0	0	48	0	0	0	0	0	0	0	0	0	0	0	0	0	0	0	0	0	0	0	0	0	0	0	0	0	0	0	0	0	0	0	0	0	0	0	0	0	0	0	0	0	0	0	0	0	0	0	0	0	0	0	0	0	0	0	0	0	0	0	0	0	0	0	0	0	0	0	0	0	0	0	0	0	0	0	0	0	0	0	0	0	0	48	48	48	0	0	0	0	0	0	0	0	0	0	0	0	0	0	0	0	0	0	0	0	0	0	0	0	0	0	0	0	0	0	0	0	
0	0	0	0	0	0	0	0	0	0	0	0	0	0	0	0	0	0	0	0	0	0	0	0	0	0	0	0	0	0	0	0	0	0	0	0	0	0	0	0	0	0	0	0	48	0	0	0	0	0	0	0	0	0	0	0	0	0	0	0	0	0	0	0	0	0	0	0	0	0	0	0	0	0	0	0	48	0	0	0	0	48	0	0	0	0	0	0	0	48	0	0	0	0	0	0	0	0	0	0	0	0	0	0	0	0	0	0	0	0	0	0	0	0	0	0	0	0	0	0	
0	0	0	0	0	0	0	0	0	0	0	0	0	48	0	0	0	0	0	0	0	0	0	0	0	0	0	0	0	0	0	0	0	0	0	0	0	0	0	0	0	0	0	0	0	0	0	0	0	0	48	0	0	0	0	0	0	48	0	0	0	48	0	0	0	0	0	0	0	0	0	0	0	0	0	0	0	0	0	0	0	0	0	0	0	0	0	0	0	0	0	0	0	0	0	0	0	0	0	0	0	0	0	0	0	0	0	0	0	0	0	0	0	0	0	0	0	0	0	0	
0	0	0	0	48	0	0	0	0	0	0	0	0	0	0	0	0	0	0	0	0	0	0	0	0	0	0	0	0	0	0	0	0	0	0	0	0	0	0	0	0	0	0	0	0	0	0	0	0	0	0	0	0	0	0	0	0	48	0	0	0	0	0	0	0	0	0	0	0	0	48	0	0	0	0	0	0	0	0	0	0	0	48	0	0	0	0	0	0	0	0	0	0	0	0	0	0	0	0	0	0	0	0	0	0	0	0	0	0	0	0	0	0	0	0	0	0	0	0	0	
0	0	0	0	0	0	0	0	0	0	0	0	0	0	0	0	0	0	0	0	0	0	0	0	0	0	0	0	0	0	0	0	48	0	0	0	0	0	0	0	0	0	0	0	0	0	0	0	0	0	0	0	0	0	0	0	0	0	0	0	0	0	0	0	0	0	0	0	0	0	0	0	0	0	0	0	0	0	0	0	0	0	48	0	0	0	0	0	0	0	0	0	0	0	0	0	0	48	0	0	0	0	0	48	0	0	0	0	0	0	0	0	0	0	0	0	0	0	0	0	
0	0	0	0	0	0	0	0	0	0	0	0	0	0	0	0	0	0	0	0	0	0	0	0	0	0	0	0	0	0	0	0	0	0	0	0	0	0	0	0	0	48	0	0	0	0	0	0	0	0	0	0	0	0	0	0	0	0	0	0	0	0	0	0	0	0	0	0	0	0	0	0	0	0	0	0	0	0	0	0	0	0	48	0	0	0	0	0	0	0	0	0	0	0	0	0	0	0	0	0	0	0	0	0	0	0	0	0	48	0	0	0	0	0	0	0	48	0	0	0	
0	0	0	0	48	0	0	0	0	0	0	0	0	0	0	0	0	0	0	0	0	0	0	0	0	0	0	0	0	0	0	0	0	0	0	0	0	0	0	0	48	0	0	0	0	0	0	0	0	0	0	0	0	0	48	0	0	0	0	0	0	0	0	0	0	0	0	0	0	0	48	0	0	0	0	0	0	0	0	0	0	0	0	0	0	0	0	0	0	0	0	0	0	0	0	0	0	0	0	0	0	0	0	0	0	0	0	0	0	0	0	0	0	0	0	0	0	0	0	0	
0	0	0	0	0	0	0	0	0	0	0	0	0	0	0	0	0	0	0	0	0	0	0	0	0	0	0	0	0	0	0	0	0	0	0	0	0	0	0	0	0	0	0	0	48	0	48	0	0	0	0	0	0	0	0	0	0	0	0	0	0	0	0	0	0	0	0	0	0	0	0	0	0	0	0	0	48	0	0	0	0	0	0	48	0	0	0	0	0	0	0	0	0	0	0	0	0	0	0	0	0	0	0	0	0	0	0	0	0	0	0	0	0	0	0	0	0	0	0	0	
0	0	0	0	0	0	0	48	0	0	0	0	0	0	48	0	0	0	0	0	0	0	0	0	0	0	0	0	0	0	0	0	0	0	0	0	0	0	0	0	0	0	0	48	0	0	0	0	0	0	0	48	0	0	0	0	0	0	0	0	0	0	0	0	0	0	0	0	0	0	0	0	0	0	0	0	0	0	0	0	0	0	0	0	0	0	0	0	0	0	0	0	0	0	0	0	0	0	0	0	0	0	0	0	0	0	0	0	0	0	0	0	0	0	0	0	0	0	0	0	
0	0	0	0	0	0	0	0	0	0	0	0	0	0	0	0	0	48	0	0	0	0	0	0	48	0	0	0	0	48	0	0	0	0	48	0	0	0	0	0	0	0	0	0	0	0	0	0	0	0	0	0	0	0	0	0	0	0	0	0	0	0	0	0	0	0	0	0	0	0	0	0	0	0	0	0	0	0	0	0	0	0	0	0	0	0	0	0	0	0	0	0	0	0	0	0	0	0	0	0	0	0	0	0	0	0	0	0	0	0	0	0	0	0	0	0	0	0	0	0	
0	0	0	0	0	0	0	0	48	0	0	0	0	0	0	0	0	0	0	0	0	0	0	0	0	0	0	0	0	0	0	0	0	0	0	0	0	0	0	0	0	0	48	0	0	0	0	0	0	0	0	0	0	48	0	48	0	0	0	0	0	0	0	0	0	0	0	0	0	0	0	0	0	0	0	0	0	0	0	0	0	0	0	0	0	0	0	0	0	0	0	0	0	0	0	0	0	0	0	0	0	0	0	0	0	0	0	0	0	0	0	0	0	0	0	0	0	0	0	0	
0	0	0	0	0	0	48	0	0	0	0	0	0	0	0	0	0	0	48	0	0	0	0	0	0	0	0	0	0	0	0	0	0	0	0	0	0	0	0	0	0	0	0	0	0	48	0	0	0	0	0	0	0	0	0	0	0	0	0	0	48	0	0	0	0	0	0	0	0	0	0	0	0	0	0	0	0	0	0	0	0	0	0	0	0	0	0	0	0	0	0	0	0	0	0	0	0	0	0	0	0	0	0	0	0	0	0	0	0	0	0	0	0	0	0	0	0	0	0	0	
0	0	0	0	0	0	0	0	48	0	0	0	0	0	0	0	0	0	0	0	0	0	0	0	0	0	0	0	0	0	0	0	0	0	0	0	0	0	0	0	0	0	0	0	0	0	0	48	0	0	0	0	0	0	0	0	0	0	0	0	0	0	0	0	0	0	0	0	0	48	0	0	0	0	0	0	0	0	0	0	0	0	0	0	0	0	0	0	0	0	0	0	0	0	0	0	48	0	0	0	0	0	0	0	0	0	0	0	0	0	0	0	0	0	0	0	0	0	0	0	
0	0	0	0	0	0	0	0	0	0	0	0	0	0	0	0	0	0	0	0	0	0	0	0	0	0	0	0	0	0	0	0	0	0	0	0	0	0	0	0	0	0	0	0	0	0	0	0	0	0	0	0	0	0	0	0	0	0	0	0	0	0	0	0	0	0	0	0	0	0	0	0	0	0	0	0	48	0	0	0	0	0	0	0	0	0	0	0	0	0	0	0	0	0	0	0	0	0	0	48	0	0	0	0	0	0	0	0	0	0	48	0	48	0	0	0	0	0	0	0	
0	0	0	0	0	0	0	0	48	0	0	0	0	0	0	0	0	0	0	0	0	0	0	0	0	0	0	0	0	0	0	0	0	0	0	0	0	0	0	0	0	0	0	0	0	0	0	0	0	0	0	0	0	0	0	0	0	0	0	0	0	0	0	0	0	0	0	0	0	0	0	0	0	0	48	0	0	0	0	0	0	0	0	0	0	0	0	0	0	0	0	0	0	0	48	0	0	0	0	0	0	0	0	0	0	48	0	0	0	0	0	0	0	0	0	0	0	0	0	0	
0	0	0	0	0	0	0	0	0	0	0	0	0	0	0	0	0	0	0	0	0	0	0	0	0	0	0	0	0	0	0	0	0	0	0	0	0	0	0	0	0	0	0	0	0	0	0	0	0	0	0	0	0	0	0	0	0	0	48	0	0	0	0	0	0	0	0	0	0	0	0	0	48	0	0	0	0	0	0	0	0	0	0	0	0	0	48	0	0	0	0	0	0	0	0	0	0	0	0	0	0	0	0	0	0	48	0	0	0	0	0	0	0	0	0	0	0	0	0	0	
48	0	0	0	0	0	0	0	0	0	0	0	48	0	0	0	0	0	0	0	0	0	0	0	0	0	0	0	0	0	0	0	0	0	0	48	0	0	0	0	0	0	0	0	0	0	0	0	0	0	0	0	0	0	0	0	0	0	0	0	0	0	48	0	0	0	0	0	0	0	0	0	0	0	0	0	0	0	0	0	0	0	0	0	0	0	0	0	0	0	0	0	0	0	0	0	0	0	0	0	0	0	0	0	0	0	0	0	0	0	0	0	0	0	0	0	0	0	0	0	
0	0	0	0	0	0	0	0	0	0	0	0	0	0	0	0	0	0	0	0	0	0	0	0	0	0	0	0	0	0	0	0	0	0	0	0	0	0	0	0	0	0	0	0	0	0	0	0	48	0	0	0	0	0	0	0	0	0	0	0	0	0	0	0	0	0	0	0	0	0	0	0	0	0	0	0	0	0	0	0	0	0	0	0	0	0	0	0	0	0	0	0	0	0	0	48	0	0	0	0	0	0	0	0	0	0	0	0	0	0	0	0	48	0	0	0	0	48	0	0	
0	0	0	0	0	0	0	0	0	0	0	0	0	0	0	0	0	0	0	0	0	0	0	0	0	0	0	0	0	0	0	0	0	0	0	0	0	0	0	0	0	0	0	0	0	0	0	0	0	48	0	0	0	0	0	0	0	0	0	0	0	0	0	0	0	48	0	0	0	0	0	0	0	0	0	0	0	0	0	0	0	0	0	0	0	0	0	0	0	0	0	0	0	0	0	0	0	0	0	0	0	48	0	0	0	48	0	0	0	0	0	0	0	0	0	0	0	0	0	0	
0	0	0	0	0	0	0	0	0	0	0	0	0	0	0	0	0	0	0	0	0	0	0	0	0	0	0	48	0	0	0	0	0	0	0	48	0	0	0	0	0	0	0	0	0	0	0	0	0	0	0	0	0	0	0	0	0	0	0	0	0	0	0	0	0	0	0	0	0	0	0	0	0	0	0	0	0	0	0	0	48	0	0	0	0	0	0	0	0	0	0	0	0	0	0	0	0	0	0	0	48	0	0	0	0	0	0	0	0	0	0	0	0	0	0	0	0	0	0	0	
0	0	0	48	0	0	0	0	0	0	0	0	0	0	0	0	0	0	0	0	0	0	0	0	0	0	0	0	0	0	0	0	0	0	0	0	0	0	0	0	0	0	0	0	0	0	0	0	0	0	0	0	0	0	0	0	0	0	0	0	0	0	0	0	0	0	0	0	0	0	0	0	0	0	0	0	0	0	0	0	0	0	0	0	0	0	0	0	0	0	0	0	0	0	0	0	0	0	0	0	0	0	0	0	0	0	0	0	0	48	0	0	0	48	0	0	48	0	0	0	
0	0	0	0	0	0	0	0	0	0	0	0	0	0	0	0	0	0	0	0	0	0	0	0	0	0	0	0	0	0	0	0	0	0	0	0	0	0	0	0	0	0	0	0	0	0	0	0	0	0	0	0	0	0	0	0	0	0	0	0	0	0	0	0	0	0	0	0	0	0	0	0	0	0	0	0	0	0	0	0	0	0	0	0	0	0	48	0	0	0	0	0	0	0	0	0	0	0	0	0	0	0	0	0	48	0	0	0	0	0	0	0	0	0	0	0	0	48	48	0	
0	0	0	0	0	0	0	0	0	0	0	0	0	0	0	0	0	0	0	0	0	0	0	0	0	0	0	48	0	0	0	0	0	0	0	0	0	48	0	0	0	0	0	0	0	0	0	0	0	0	0	0	0	0	0	0	0	0	0	0	0	0	0	0	0	0	0	0	0	0	0	0	0	0	0	0	0	0	0	0	0	0	0	0	0	0	0	0	0	0	0	0	0	0	0	0	0	0	0	0	0	0	0	48	0	0	0	0	0	48	0	0	0	0	0	0	0	0	0	0	
0	0	0	0	0	0	0	0	0	0	0	0	0	0	0	0	0	0	0	0	0	0	0	0	0	0	0	0	0	0	0	0	0	0	0	0	0	0	0	0	0	0	0	0	0	0	0	0	0	0	0	0	0	0	0	0	0	0	48	0	0	0	0	0	0	0	0	0	0	0	0	0	0	0	0	0	0	0	0	0	0	0	0	0	0	0	0	0	0	0	0	0	0	0	0	0	48	48	0	0	48	0	0	0	0	0	0	0	0	0	0	0	0	0	0	0	0	0	0	0	
0	0	0	0	0	0	0	0	0	0	0	0	0	0	0	0	48	0	0	0	0	0	0	0	0	0	0	0	48	0	0	0	0	0	0	0	0	48	0	0	0	0	0	0	0	0	0	0	0	0	0	0	0	0	0	0	48	0	0	0	0	0	0	0	0	0	0	0	0	0	0	0	0	0	0	0	0	0	0	0	0	0	0	0	0	0	0	0	0	0	0	0	0	0	0	0	0	0	0	0	0	0	0	0	0	0	0	0	0	0	0	0	0	0	0	0	0	0	0	0	
0	0	0	0	0	0	0	0	0	0	0	0	0	0	0	48	0	0	0	0	0	0	0	0	0	0	0	0	0	0	0	48	0	48	0	0	0	0	0	0	0	0	0	0	0	0	0	0	0	0	0	0	0	0	0	0	0	0	0	0	0	0	0	0	0	0	48	0	0	0	0	0	0	0	0	0	0	0	0	0	0	0	0	0	0	0	0	0	0	0	0	0	0	0	0	0	0	0	0	0	0	0	0	0	0	0	0	0	0	0	0	0	0	0	0	0	0	0	0	0	
0	0	0	0	0	0	0	0	0	48	0	0	0	0	0	0	0	0	0	0	0	0	0	0	0	48	0	0	0	0	0	0	0	0	0	0	0	0	0	0	0	0	0	0	0	0	0	0	0	0	0	0	0	0	0	0	0	0	0	0	0	0	0	0	0	0	0	0	0	0	0	0	0	0	0	0	0	0	48	0	0	0	0	0	0	0	0	48	0	0	0	0	0	0	0	0	0	0	0	0	0	0	0	0	0	0	0	0	0	0	0	0	0	0	0	0	0	0	0	0	
0	0	0	0	0	0	0	0	0	0	0	0	0	0	0	0	0	0	0	0	0	0	0	0	48	0	0	0	0	0	0	0	0	0	0	0	0	0	0	0	0	0	0	0	0	0	0	0	0	0	0	0	0	0	0	0	0	0	0	0	0	0	0	0	0	0	0	0	0	0	0	0	0	0	0	0	0	0	0	0	0	0	0	0	0	0	0	0	0	0	0	0	0	0	0	0	0	0	0	0	0	0	48	0	48	0	0	0	0	0	48	0	0	0	0	0	0	0	0	0	
0	0	0	0	0	0	0	0	0	0	0	0	0	0	0	0	0	0	0	0	0	0	0	0	0	0	0	0	0	0	0	0	0	0	0	0	0	0	0	0	0	0	48	0	0	0	0	0	0	0	0	0	0	0	0	0	0	0	0	0	0	0	0	0	0	0	0	0	0	48	0	0	0	0	0	0	0	0	0	0	0	0	0	0	0	0	0	0	0	0	0	0	0	0	0	48	0	0	0	0	0	0	0	0	0	0	0	0	0	48	0	0	0	0	0	0	0	0	0	0	
0	0	48	0	0	0	0	0	0	0	0	0	0	0	0	0	0	0	0	0	0	0	0	48	0	0	0	0	0	0	0	0	0	0	0	0	0	0	0	0	0	48	0	0	0	0	0	0	0	0	0	0	48	0	0	0	0	0	0	0	0	0	0	0	0	0	0	0	0	0	0	0	0	0	0	0	0	0	0	0	0	0	0	0	0	0	0	0	0	0	0	0	0	0	0	0	0	0	0	0	0	0	0	0	0	0	0	0	0	0	0	0	0	0	0	0	0	0	0	0	
0	0	0	0	0	0	0	0	0	0	0	0	0	0	0	0	0	0	0	0	0	48	0	0	0	0	0	0	0	0	0	0	0	0	0	0	0	0	0	0	0	0	0	0	0	0	0	48	0	0	0	0	0	0	0	0	0	0	0	0	0	0	0	0	0	0	0	0	0	0	0	0	0	0	0	0	0	0	0	0	0	0	0	0	0	0	0	0	0	0	0	0	0	0	0	48	0	0	0	48	0	0	0	0	0	0	0	0	0	0	0	0	0	0	0	0	0	0	0	0	
0	0	0	48	0	0	0	0	0	0	0	0	0	0	0	0	0	0	0	0	0	0	0	0	0	0	0	0	0	0	0	0	0	0	48	0	0	0	0	0	0	0	0	0	0	0	0	0	0	0	0	0	0	0	0	0	0	0	0	0	0	0	0	0	0	0	0	0	0	0	0	0	0	48	0	0	0	0	0	0	0	0	0	0	0	0	0	0	0	0	0	0	0	0	0	0	0	0	0	0	0	0	48	0	0	0	0	0	0	0	0	0	0	0	0	0	0	0	0	0	
0	0	0	0	0	0	0	48	0	0	0	0	0	0	48	0	0	0	0	0	0	0	0	0	0	0	0	0	0	0	48	0	0	0	0	0	0	0	0	48	0	0	0	0	0	0	0	0	0	0	0	0	0	0	0	0	0	0	0	0	0	0	0	0	0	0	0	0	0	0	0	0	0	0	0	0	0	0	0	0	0	0	0	0	0	0	0	0	0	0	0	0	0	0	0	0	0	0	0	0	0	0	0	0	0	0	0	0	0	0	0	0	0	0	0	0	0	0	0	0	
0	0	0	0	0	0	0	0	0	0	0	48	0	0	0	0	0	0	0	0	0	0	0	0	0	0	0	0	0	0	0	0	0	0	0	0	48	0	0	0	0	0	0	0	0	0	0	0	0	0	0	0	0	0	48	0	0	0	0	0	0	0	0	0	0	0	0	0	0	0	0	0	0	0	0	48	0	0	0	0	0	0	0	0	0	0	0	0	0	0	0	0	0	0	0	0	0	0	0	0	0	0	0	0	0	0	0	0	0	0	0	0	0	0	0	0	0	0	0	0	
0	0	0	0	0	48	0	0	0	0	0	0	0	0	0	0	0	0	0	0	0	0	0	0	0	0	0	0	0	0	0	0	0	0	0	0	0	0	0	0	0	0	0	0	0	0	0	0	0	0	0	0	0	0	0	0	0	0	0	0	0	0	0	0	0	0	0	0	0	0	0	0	0	0	0	48	0	0	0	0	0	0	0	0	0	0	0	48	0	0	0	0	0	0	0	0	0	0	0	0	0	0	48	0	0	0	0	0	0	0	0	0	0	0	0	0	0	0	0	0	
0	0	0	0	0	0	0	0	0	0	0	0	0	0	0	0	0	0	0	0	0	0	0	0	0	0	0	0	0	0	0	0	0	0	0	0	0	0	0	0	0	0	0	0	0	0	0	0	48	0	0	0	0	0	0	0	0	0	0	0	0	0	0	48	0	0	0	0	0	0	0	0	0	0	0	0	0	0	0	0	0	0	0	0	0	0	0	0	0	0	0	0	0	0	0	0	0	0	0	48	0	0	0	48	0	0	0	0	0	0	0	0	0	0	0	0	0	0	0	0	
0	0	0	0	0	0	0	0	0	0	0	0	0	0	0	0	0	0	0	0	0	0	0	0	0	0	0	0	0	0	0	0	0	0	0	0	0	0	0	0	48	0	0	0	0	0	0	0	48	0	0	0	0	0	0	0	0	0	0	0	0	0	0	48	0	0	0	0	0	0	0	0	0	0	0	0	0	0	0	0	0	0	0	0	0	0	0	0	0	0	0	0	0	0	0	0	0	0	0	0	0	0	0	48	0	0	0	0	0	0	0	0	0	0	0	0	0	0	0	0	
48	0	0	0	0	0	0	0	0	0	0	0	0	0	0	0	0	0	0	0	48	0	0	0	0	0	0	0	0	0	0	0	48	0	0	0	0	0	0	0	0	0	0	0	0	0	0	0	0	0	0	0	0	0	0	0	0	0	0	0	0	0	48	0	0	0	0	0	0	0	0	0	0	0	0	0	0	0	0	0	0	0	0	0	0	0	0	0	0	0	0	0	0	0	0	0	0	0	0	0	0	0	0	0	0	0	0	0	0	0	0	0	0	0	0	0	0	0	0	0	
116	110	79	62	5	105	79	13	95	36	80	106	113	18	117	90	62	2	37	41	12	56	52	116	103	0	112	1	102	65	77	61	108	7	39	4	111	22	54	107	108	85	68	24	31	72	8	24	70	27	102	15	22	13	107	67	92	82	109	32	13	87	87	92	77	0	49	99	114	4	61	34	81	87	81	80	94	22	20	16	79	112	5	28	38	95	72	2	4	102	102	99	1	116	113	9	79	116	104	108	38	53	6	70	1	26	43	56	103	42	1	33	90	24	119	21	34	83	0	90	97	21	60	35	72	119	28	113	16	11	97	92	105	72	29	93	93	64	111	30	29	36	82	80	25	77	6	114	19	84	37	80	84	42	70	104	20	7	12	62	118	22	7	56	105	15	16	81	94	43	24	10	24	66	81	19	6	87	91	69	9	49	23	82	100	91	94	51	86	68	25	79	41	25	112	76	99	24	68	62	118	110	106	106	13	96	15	8	97	33	40	65	55	103	45	17	98	115	38	47	26	48	45	109	57	116	108	69	39	115	81	79	37	108	0	107	13	1	65	92	55	10	100	26	52	112	31	86	104	119	60	43	102	86	89	72	88	116	9	114	37	5	89	101	104	70	55	16	40	109	40	118	56	118	24	5	111	78	52	81	57	74	66	9	2	104	87	8	73	36	71	100	10	51	79	50	57	115	21	46	85	55	54	46	34	118	102	111	116	61	11	102	18	111	9	0	96	27	45	113	115	69	5	55	15	74	110	23	35	32	84	46	35	3	5	32	76	24	93	11	91	116	106	28	13	29	96	32	63	39	45	35	101	19	12	79	107	13	115	39	13	104	17	26	10	42	0	97	101	5	32	39	101	43	27	83	28	52	89	103	99	57	75	99	28	99	67	106	30	20	18	59	59	52	32	79	116	19	14	105	10	53	22	56	78	16	80	62	1	14	30	115	43	9	64	113	87	9	0	89	13	15	14	116	62	109	75	82	34	58	57	61	12	73	9	94	20	74	43	77	10	118	104	29	56	6	10	76	80	44	33	38	105	72	87	106	62	115	4	58	38	6	114	103	27	26	89	49	94	57	10	42	112	91	63	107	74	9	25	20	46	52	32	96	115	21	101	45	2	14	50	31	70	46	55	13	111	104	6	57	110	29	103	84	108	4	12	118	1	80	93	81	40	104	107	30	89	71	56	70	36	14	69	1	36	20	97	41	56	36	0	22	115	78	57	99	44	51	53	87	29	68	85	27	104	50	4	106	68	55	40	83	91	59	68	0	6	7	1	89	46	12	39	64	29	43	103	71	0	42	48	46	54	102	51	68	112	50	38	108	5	67	54	12	88	95	71	81	56	98	79	40	73	98	42	85	17	35	95	111	3	42	112	41	38	5	69	10	37	112	73	69	63	97	98	40	112	52	68	88	13	102	45	10	35	37	34	107	63	101	119	8	111	76	2	69	47	6	71	57	35	112	29	103	10	48	14	22	112	42	34	41	34	19	68	70	62	41	82	2	63	24	88	58	60	30	108	82	49	119	99	41	74	73	57	59	78	47	92	12	66	73	113	2	105	113	68	34	1	6	107	82	104	69	59	100	74	25	112	24	35	106	64	34	27	106	87	103	116	104	107	91	76	41	113	61	88	24	101	84	19	105	97	53	11	71	66	106	114	107	114	84	96	28	107	117	79	28	60	77	7	4	86	41	72	116	25	102	32	62	13	92	23	25	14	0	72	7	110	59	68	1	29	13	29	71	13	49	115	59	79	119	31	37	43	71	2	102	20	4	85	16	56	77	50	91	67	29	113	89	52	11	3	90	5	41	49	40	39	105	109	99	75	82	78	93	49	86	15	94	90	38	56	87	17	115	18	114	109	111	87	40	8	81	54	40	83	90	66	54	110	53	75	89	3	114	27	74	75	74	57	58	94	6	0	12	22	15	8	70	20	45	66	75	105	83	47	76	53	104	56	97	2	63	95	11	1	24	76	84	10	67	80	100	55	74	12	13	97	55	82	71	72	1	2	76	7	58	60	68	36	4	76	32	83	62	0	90	83	98	66	99	118	9	44	91	109	44	38	91	16	52	81	101	41	26	86	25	81	55	47	113	65	68	92	93	25	89	6	71	27	33	62	119	48	52	21	6	24	98	37	110	37	46	93	32	56	56	48	28	113	8	95	75	26	113	65	31	68	82	40	64	87	101	38	8	70	12	99	87	56	30	88	47	54	77	71	80	19	2	87	67	118	78	35	82	56	67	61	22	81	97	70	95	66	48	36	45	50	86	69	69	96	41	77	108	39	93	1	94	62	30	94	1	64	115	50	33	83	16	58	12	116	35	106	119	104	7	7	70	108	91	119	95	20	2	46	111	15	59	97	90	16	26	94	70	94	115	30	92	42	111	89	11	77	68	68	35	95	3	86	45	66	52	81	106	102	1	70	115	92	18	30	65	77	65	25	45	11	31	18	32	54	12	88	115	72	42	93	88	33	17	74	118	106	75	111	88	20	0	111	69	105	59	73	112	113	98	111	105	102	8	74	89	72	94	59	97	80	44	91	82	63	116	98	7	83	114	99	27	74	78	87	35	82	36	106	59	104	74	26	25	97	4	99	10	66	47	51	26	24	32	15	16	64	21	11	7	87	57	4	101	82	68	112	70	6	32	59	1	57	44	27	25	78	67	45	44	43	85	21	46	85	76	9	30	49	111	85	111	44	10	6	119	60	82	66	3	44	76	54	55	50	118	38	9	27	44	8	78	69	116	24	75	43	81	75	101	19	26	32	88	106	27	73	74	38	57	53	80	98	114	33	111	100	98	33	99	90	118	75	98	39	76	27	9	26	103	55	101	6	62	68	50	65	45	45	79	41	42	18	39	81	73	94	31	0	47	94	46	57	97	96	111	99	12	8	64	73	78	36	30	34	27	33	110	49	1	18	4	77	99	55	14	10	8	83	49	4	20	75	90	74	37	29	101	32	110	38	0	82	54	106	112	119	106	7	18	99	61	57	90	74	38	5	103	43	97	73	52	34	67	42	110	35	114	84	68	117	57	85	57	76	87	105	115	53	113	85	15	109	42	24	90	32	33	76	64	69	34	41	23	96	11	89	84	94	15	100	4	116	21	108	107	79	114	1	24	100	89	101	93	104	1	112	114	0	22	117	19	113	109	57	84	96	11	66	19	34	46	44	29	76	66	85	22	3	69	106	77	44	98	22	5	108	112	49	36	96	51	78	78	93	16	98	98	72	13	51	27	118	14	118	7	4	8	87	42	95	9	43	35	21	76	56	109	33	72	43	102	9	66	48	107	18	53	5	72	41	72	6	100	12	95	48	66	46	15	82	31	37	102	6	114	70	80	51	30	15	50	54	57	107	105	3	112	40	43	104	112	20	116	25	109	90	97	36	61	1	23	37	117	92	52	74	82	81	28	79	9	86	100	50	14	62	1	16	87	72	17	116	60	110	50	89	75	96	93	58	105	74	45	63	8	84	42	65	33	73	13	106	101	104	63	35	60	36	97	83	72	12	117	54	41	99	83	67	58	88	76	67	106	94	33	88	50	100	51	66	37	68	12	18	98	7	76	26	115	30	116	51	8	91	69	117	43	61	97	73	85	6	87	97	15	71	74	85	65	48	90	55	13	68	80	23	44	35	46	31	31	6	44	39	38	78	82	33	91	43	27	101	62	16	88	20	89	53	0	32	53	114	102	18	99	114	58	97	67	12	45	41	63	10	80	32	56	14	117	42	71	103	91	5	12	47	37	52	1	88	11	40	46	89	47	73	86	12	8	112	64	76	55	16	96	74	60	86	57	106	62	96	17	111	17	2	12	32	59	114	73	64	72	101	100	62	13	15	41	14	104	22	79	13	69	103	1	49	50	14	117	109	83	89	112	8	30	92	103	69	70	38	103	99	106	25	101	102	15	37	14	67	49	77	118	72	77	47	52	112	49	23	107	66	9	35	41	113	115	24	75	84	75	82	78	48	10	57	75	39	101	11	113	65	12	58	90	51	97	37	14	37	80	81	87	88	94	8	25	92	0	57	118	51	106	35	68	88	45	20	113	74	119	4	7	2	91	19	44	71	66	76	29	77	39	57	75	11	104	59	70	51	90	15	27	4	50	32	53	78	25	8	81	89	87	114	109	43	36	105	69	96	42	94	34	16	113	109	65	11	12	7	6	42	0	57	80	117	9	52	55	30	82	101	51	111	89	14	103	93	11	28	7	69	15	23	28	34	38	54	22	19	113	93	107	62	76	8	41	22	9	47	57	98	106	114	33	55	32	110	119	38	46	95	41	15	98	75	82	23	84	81	66	106	90	30	20	92	79	28	71	59	30	116	51	111	58	74	100	49	85	98	113	63	41	55	32	114	78	95	16	69	15	113	111	84	58	89	61	92	17	106	9	105	90	76	113	24	59	83	12	41	104	56	44	12	10	40	73	14	73	99	70	66	78	59	21	59	106	45	112	92	77	51	54	85	49	5	41	64	22	62	3	98	57	1	14	94	116	99	102	103	118	92	2	38	103	54	63	5	14	89	108	48	62	62	78	90	56	111	111	32	87	5	100	42	17	109	31	58	63	116	0	94	78	72	35	21	83	75	72	70	95	37	83	106	86	57	106	23	78	85	82	94	78	8	67	92	102	3	38	96	61	3	34	3	77	102	15	12	34	33	84	93	104	6	30	77	82	79	63	53	11	87	103	22	103	20	3	95	34	109	45	62	21	33	3	119	66	65	65	26	54	54	63	112	70	58	100	80	20	15	26	45	79	109	118	85	32	16	66	56	17	108	8	70	98	9	24	61	36	90	60	110	74	51	52	49	97	85	83	90	62	5	62	103	46	24	94	101	21	113	23	87	102	101	13	62	90	29	23	71	34	84	101	10	94	39	109	68	71	7	26	117	41	81	81	16	63	53	46	118	36	101	51	64	20	47	10	25	51	81	104	39	87	79	22	36	38	43	45	86	35	111	44	39	12	59	9	49	116	79	93	44	108	117	112	1	99	101	76	119	67	47	103	93	44	68	110	108	29	40	86	105	60	62	79	117	109	98	48	1	44	62	110	22	21	12	108	32	49	67	14	87	37	12	114	100	14	6	64	69	9	69	18	63	22	53	36	51	38	41	9	15	12	19	26	34	53	5	8	77	49	111	91	82	35	27	78	101	82	91	35	106	35	119	115	6	2	119	78	111	116	55	108	21	6	8	21	7	44	58	18	119	32	33	52	8	111	89	101	19	115	104	106	59	19	87	86	37	107	98	48	52	118	99	9	117	35	63	12	9	81	40	97	7	45	52	32	45	106	40	13	84	70	104	1	12	116	68	0	68	24	109	84	64	119	37	65	114	4	54	45	54	10	98	79	108	112	69	62	97	117	90	116	23	62	34	60	47	116	23	109	104	30	110	88	45	25	27	15	77	7	17	39	112	60	81	12	70	13	22	79	57	118	119	25	18	95	94	75	113	19	47	111	50	17	106	82	114	87	81	80	65	39	59	31	104	75	41	116	20	103	84	66	64	12	115	55	64	80	14	94	61	92	57	106	35	56	38	93	104	40	78	8	28	109	69	67	78	25	10	1	22	33	29	28	9	11	35	69	43	46	6	28	118	92	105	44	91	48	18	30	58	47	71	32	16	55	94	55	53	88	67	46	24	76	66	114	89	47	56	83	63	28	105	66	84	108	28	90	42	113	31	103	41	62	44	35	46	43	29	46	30	52	46	24	72	78	115	56	110	80	25	107	94	112	33	31	79	59	19	2	6	100	0	49	30	6	43	17	49	37	96	63	106	7	87	119	112	101	51	98	82	81	34	24	113	99	102	8	20	35	13	9	12	30	99	47	96	63	112	33	47	61	111	113	7	85	50	117	3	111	115	61	110	31	103	106	13	56	61	64	70	8	2	55	39	35	77	119	29	37	35	30	112	51	86	83	72	38	60	22	106	35	57	89	105	23	50	49	43	87	84	91	100	39	85	45	42	5	96	9	96	54	34	24	99	96	46	107	64	35	49	48	50	65	51	73	76	47	85	19	66	88	79	81	22	47	7	45	65	80	94	27	27	87	64	49	69	67	89	17	27	106	115	34	76	90	0	106	49	27	92	26	45	72	86	119	74	16	104	72	101	79	119	49	50	64	15	97	100	72	71	37	28	43	8	4	6	74	59	70	26	13	80	38	9	6	18	83	0	13	69	102	119	27	91	89	29	103	69	47	81	33	35	40	55	103	45	48	116	103	53	20	103	89	69	43	117	67	51	101	6	20	108	33	33	32	106	27	87	11	67	93	78	101	105	115	72	39	52	68	90	118	77	105	62	113	17	27	49	23	32	74	82	75	69	49	98	29	30	73	18	67	100	64	63	87	89	31	1	12	29	115	89	31	30	115	76	74	99	111	63	61	27	78	104	4	36	45	30	97	59	110	92	36	37	101	28	93	18	78	71	112	114	44	97	41	74	0	106	71	31	25	72	114	43	88	36	29	73	110	47	38	86	64	16	119	6	100	19	89	56	82	49	34	57	4	60	53	20	62	74	59	85	100	52	89	64	19	6	28	88	56	17	15	19	35	46	109	12	33	57	53	29	29	116	74	91	74	39	47	69	42	10	90	7	48	23	84	43	119	39	31	82	111	62	93	70	65	60	37	87	110	56	68	108	104	87	63	51	77	34	47	88	64	99	110	25	62	48	38	87	97	63	106	14	57	96	26	97	70	12	34	93	12	108	35	94	117	72	27	37	98	35	66	37	87	25	74	65	50	0	68	57	98	109	75	99	107	70	7	11	27	76	95	59	43	17	15	19	45	117	87	44	48	44	52	52	96	51	110	119	4	17	56	71	21	105	91	93	54	33	61	46	92	66	106	94	82	48	59	90	54	101	77	96	113	95	5	39	40	63	62	45	105	92	88	47	91	118	41	90	106	83	70	93	87	105	113	39	4	79	6	22	61	106	118	48	30	112	63	30	112	34	10	9	93	82	57	49	94	95	68	0	66	38	39	0	59	117	101	80	51	49	105	87	42	86	67	77	37	33	110	70	113	58	101	116	76	68	118	73	62	62	47	119	48	113	15	109	34	81	50	50	99	19	8	63	62	117	96	16	1	118	26	109	42	26	107	69	90	118	89	54	95	95	24	62	36	51	102	71	62	33	69	104	104	51	22	10	42	23	55	8	68	19	117	104	110	107	62	86	87	13	73	14	98	44	52	9	81	51	58	53	84	93	91	53	56	42	60	30	45	56	15	53	16	100	21	20	70	110	16	37	1	39	57	4	11	6	119	83	39	42	13	6	101	61	63	66	67	110	80	105	6	91	44	30	23	101	107	20	62	58	54	57	21	2	99	4	21	74	43	98	69	82	87	67	117	2	108	95	81	9	85	47	5	74	7	30	6	59	93	55	15	4	95	111	38	75	14	51	49	73	19	44	74	21	117	118	55	7	64	51	39	98	17	90	35	1	73	45	114	46	20	102	9	60	24	49	19	18	3	116	91	82	58	91	51	27	81	106	80	45	74	9	0	96	35	85	34	50	6	63	97	48	27	54	75	72	72	7	45	80	94	90	9	5	86	56	82	54	13	93	101	23	119	20	37	40	13	118	68	118	74	29	114	75	23	113	87	118	83	61	2	79	12	62	15	58	80	92	99	20	109	9	82	66	82	73	90	25	111	84	74	38	114	85	11	65	60	42	87	9	62	53	11	54	61	0	68	95	102	85	5	82	43	101	101	102	118	80	43	13	94	23	23	34	113	107	60	75	51	47	49	20	40	55	78	13	114	54	37	44	87	26	42	98	44	0	39	35	87	21	35	79	76	108	117	7	65	103	110	115	33	9	103	10	96	3	71	19	7	82	40	91	61	111	48	2	105	106	65	6	17	88	103	111	16	31	77	92	14	96	103	113	37	39	74	79	103	52	78	85	114	23	95	1	78	65	91	69	117	104	33	28	107	40	28	38	111	80	21	9	30	91	101	38	37	92	56	38	93	20	6	112	52	55	48	82	0	6	100	107	42	0	98	18	98	96	51	70	108	67	2	0	98	25	43	1	66	30	30	113	2	112	7	31	33	55	16	45	60	52	33	89	109	52	20	
18	6	92	44	21	53	81	95	26	46	117	66	27	116	26	108	113	70	63	57	69	15	119	55	31	6	42	82	17	69	65	80	36	94	62	13	16	88	56	55	39	61	2	57	2	70	52	36	98	68	47	40	15	88	53	62	27	115	6	72	30	78	66	110	51	34	77	114	17	32	5	12	26	1	116	102	97	40	10	78	38	0	23	112	18	5	38	98	26	37	36	18	66	62	109	44	0	83	46	14	106	19	44	5	51	74	29	13	73	37	118	76	81	49	59	55	96	68	57	2	66	73	5	67	110	39	21	7	40	97	62	90	116	22	107	90	104	50	115	59	81	82	115	107	52	12	7	31	14	43	28	67	4	46	104	69	99	105	15	90	112	0	6	102	15	115	75	55	23	68	98	82	83	17	17	91	33	95	4	80	86	36	80	94	15	52	91	49	113	4	97	92	93	94	81	7	69	76	29	12	4	60	57	20	80	107	94	80	49	96	110	34	79	100	106	11	16	60	32	6	18	45	76	81	0	21	92	113	73	8	44	66	24	67	114	90	12	100	2	118	104	86	18	59	75	25	54	50	77	108	14	88	53	74	2	46	103	62	60	13	19	88	116	24	105	9	99	46	76	75	11	97	59	37	108	58	105	82	8	17	117	18	7	48	73	31	19	24	63	72	52	49	30	8	28	37	80	94	99	93	94	86	106	113	105	14	59	116	106	32	31	77	11	6	61	85	98	80	41	15	3	31	82	106	86	36	73	39	116	65	31	41	14	45	23	31	101	99	39	27	41	67	2	13	45	30	57	104	48	62	68	85	0	79	23	7	57	95	55	114	73	89	65	49	85	58	105	98	10	16	52	57	53	71	88	13	108	116	26	90	19	53	119	12	62	95	35	34	36	101	52	71	65	63	15	89	58	15	16	109	61	116	4	24	45	18	114	7	9	23	77	31	53	47	107	36	93	95	56	21	56	85	10	85	51	13	117	75	9	69	64	82	72	97	102	96	118	6	44	34	15	18	80	69	112	81	87	117	86	113	118	25	94	54	89	109	13	61	77	61	24	116	65	79	29	87	24	113	16	44	55	46	110	119	53	36	52	45	93	79	7	20	28	6	4	16	72	93	56	94	30	16	97	36	51	54	27	94	43	10	90	26	68	106	37	84	58	108	97	74	35	115	73	71	52	20	11	99	17	110	37	8	24	117	74	77	62	69	49	15	87	109	62	65	105	56	6	58	1	13	103	47	91	47	44	36	5	36	99	70	83	97	58	43	107	74	69	15	18	86	73	88	76	113	43	66	76	75	1	69	117	85	4	113	110	4	80	84	48	3	93	87	77	114	13	67	44	19	80	16	112	29	64	24	57	107	14	61	104	38	26	46	21	30	22	76	59	116	18	2	2	73	112	88	75	31	41	46	40	110	37	38	8	96	93	57	37	44	12	64	65	61	16	35	19	84	13	77	86	113	18	69	113	117	8	53	119	81	66	30	72	87	54	33	109	119	88	95	119	90	86	80	87	66	20	118	118	55	41	82	85	26	30	13	13	53	70	88	112	64	15	91	21	108	77	81	63	27	7	1	61	45	70	93	50	67	116	30	62	79	50	77	49	17	104	50	78	26	16	40	37	4	82	86	119	95	48	46	48	69	113	52	13	110	23	74	79	49	105	34	52	53	108	0	17	69	14	114	107	119	19	26	35	93	58	91	106	73	8	63	95	28	84	16	108	108	56	2	61	88	83	98	95	92	106	100	79	54	97	69	50	25	77	44	53	44	51	28	93	42	73	10	94	82	92	101	79	32	16	63	11	49	50	40	8	10	15	3	27	81	69	86	81	105	9	38	79	89	110	15	98	109	107	102	39	90	93	74	18	37	8	30	98	107	89	31	2	57	86	12	16	61	35	32	18	67	37	16	107	103	26	91	105	112	118	3	8	34	95	112	15	107	49	61	50	6	113	8	37	105	77	37	7	82	17	42	35	21	51	28	79	63	39	31	64	45	2	9	67	12	106	119	13	97	11	85	43	90	3	113	57	2	118	0	54	8	9	54	85	64	58	105	84	79	37	5	48	114	119	25	39	119	22	23	83	105	39	15	36	87	117	28	14	100	103	59	118	63	34	99	0	60	74	47	51	1	36	60	2	73	5	105	115	106	91	96	43	106	11	9	87	109	1	47	100	7	42	8	23	95	91	104	92	98	106	14	58	51	44	108	116	16	29	34	17	63	82	27	92	92	72	108	35	3	13	76	19	12	20	9	103	96	17	96	12	69	70	16	17	101	59	76	47	97	67	68	72	113	30	105	77	15	84	60	93	59	15	30	107	95	96	16	55	68	32	35	99	114	31	48	7	34	16	64	44	94	90	37	12	95	87	30	111	14	48	56	2	98	37	74	30	51	28	44	0	90	111	3	52	84	43	20	110	38	12	75	109	78	111	63	21	112	66	83	98	89	114	36	91	15	59	81	20	78	19	85	66	91	30	54	89	59	18	9	24	4	91	19	3	58	39	32	15	42	90	6	49	25	90	34	70	45	91	105	107	58	43	39	60	21	14	58	48	59	8	64	22	116	110	42	50	70	67	89	68	32	91	101	3	29	76	64	89	77	105	67	48	65	27	103	71	18	18	52	96	106	23	92	84	88	20	88	20	111	2	88	41	71	25	102	116	58	82	11	38	23	23	40	56	57	8	61	26	0	86	100	63	117	59	85	31	89	0	19	74	30	5	77	27	20	107	44	2	92	44	51	79	39	1	81	61	14	114	24	83	51	56	32	59	109	93	51	23	79	25	90	30	18	61	86	74	61	91	71	68	99	60	71	5	83	24	87	103	8	96	8	41	106	46	2	21	43	3	15	115	10	102	71	54	18	51	117	110	43	80	80	116	14	1	105	1	109	76	83	110	15	60	37	75	23	34	16	115	5	118	111	101	91	81	105	60	8	69	72	55	31	66	77	81	55	90	32	89	75	37	67	10	92	101	111	99	105	10	100	22	61	86	116	44	24	73	88	110	51	108	96	86	111	25	95	3	53	81	116	103	63	3	80	99	85	99	22	55	80	80	21	30	49	3	46	104	18	69	36	6	106	33	78	1	116	77	14	49	80	68	12	65	23	79	3	49	67	46	26	97	20	114	42	68	43	93	46	81	25	47	85	26	7	74	40	89	118	86	106	37	104	53	106	40	37	23	90	36	6	29	3	40	108	89	53	70	9	108	114	31	5	6	11	108	81	96	112	46	86	36	19	118	69	10	45	69	56	52	14	108	86	50	113	43	82	6	76	61	20	32	43	114	22	42	77	58	39	84	76	24	90	31	9	100	55	53	85	78	39	38	16	65	27	92	115	44	13	79	9	113	37	97	89	26	52	26	53	38	75	28	62	87	83	63	100	46	22	44	9	108	68	77	118	75	22	19	35	82	93	62	115	19	10	47	20	47	39	72	82	94	28	33	100	19	26	73	1	50	83	46	93	105	113	64	66	16	74	93	69	13	4	114	75	83	75	107	49	49	93	102	44	18	46	24	24	85	35	21	52	70	34	27	35	26	39	102	115	14	40	37	73	8	113	114	74	115	111	13	67	46	112	73	65	37	0	28	17	53	52	90	71	35	10	17	106	44	39	70	5	21	30	69	103	60	94	20	67	28	116	16	63	12	84	101	80	104	43	73	10	53	55	80	4	40	12	64	18	7	111	110	32	117	38	103	109	17	61	111	20	39	90	35	3	20	25	106	23	85	63	79	85	79	50	23	42	71	54	89	83	11	32	32	28	62	94	65	44	103	29	50	102	2	40	104	25	14	112	22	114	15	47	87	14	44	88	117	38	63	46	57	89	104	96	44	107	25	64	40	2	3	39	4	33	62	29	74	56	4	101	68	80	85	38	25	107	11	67	52	65	103	19	12	51	25	96	12	99	106	26	28	89	37	52	93	110	96	85	32	108	47	95	94	59	49	3	112	44	15	58	23	80	44	5	100	113	30	68	9	8	75	47	79	95	50	43	91	10	3	53	6	99	94	16	87	9	49	33	106	9	39	32	36	108	66	61	102	57	21	30	28	81	116	10	117	59	105	57	94	6	64	79	112	33	35	119	107	46	14	89	17	86	29	30	19	67	7	116	88	16	38	90	6	77	2	12	60	45	66	55	118	46	108	50	56	4	106	118	58	95	64	70	48	34	19	69	39	63	70	115	7	30	3	25	64	70	112	58	94	84	43	111	0	49	48	26	2	70	98	66	111	45	94	66	70	79	4	0	115	24	73	114	85	84	78	106	3	108	117	15	77	3	35	78	11	85	11	81	111	70	22	94	102	71	24	106	7	98	112	108	91	116	7	45	118	20	1	83	90	10	10	57	6	9	90	37	89	105	27	118	97	91	23	61	36	9	67	79	96	119	60	87	43	35	119	43	41	81	69	68	3	79	118	74	10	96	67	85	0	92	72	89	5	25	91	82	42	75	104	102	11	17	91	87	29	71	65	98	3	8	93	75	84	83	6	80	91	14	17	33	43	60	64	68	91	1	84	17	93	88	20	24	119	16	32	117	55	51	47	57	37	70	16	94	66	27	102	115	90	94	78	86	23	50	96	19	46	87	15	111	45	55	119	56	24	70	22	43	7	32	103	112	103	75	60	57	100	114	1	3	53	94	62	53	54	16	71	62	109	57	69	81	91	99	84	31	49	113	72	81	21	112	45	99	39	71	119	1	74	15	47	107	49	30	29	25	76	10	94	103	78	87	64	79	72	48	113	78	18	84	30	11	48	1	51	104	60	0	43	101	63	111	39	21	51	45	45	119	17	111	118	0	114	119	66	22	15	8	68	54	80	40	92	42	30	16	112	77	114	86	7	20	78	71	106	20	81	90	108	22	22	75	48	4	5	114	36	103	5	62	80	58	95	57	19	6	3	89	39	5	72	92	58	36	15	86	105	18	102	37	20	119	22	36	30	6	18	91	95	78	86	11	51	55	109	77	42	101	7	59	27	106	66	7	116	4	115	95	105	32	40	15	0	116	5	117	77	62	114	40	84	26	67	46	118	40	33	68	107	56	102	98	23	22	80	24	22	71	26	38	100	35	43	43	60	68	114	118	10	10	115	89	59	97	19	42	63	107	93	63	3	62	76	28	13	97	3	41	56	28	21	98	51	114	66	38	112	66	90	14	30	99	16	72	88	105	20	108	31	117	4	53	43	4	22	88	98	18	37	34	26	13	114	84	65	95	0	20	28	39	108	83	109	0	44	60	58	5	20	100	24	81	93	53	41	112	51	66	35	96	49	16	6	61	27	14	94	64	100	117	69	117	51	37	25	17	29	7	2	47	6	97	64	72	113	21	5	75	45	65	32	27	39	39	59	7	44	22	68	91	13	103	68	37	13	9	75	67	73	96	97	49	73	31	18	92	109	40	47	60	47	4	4	16	36	24	117	1	29	7	62	19	6	86	5	99	67	11	87	24	105	107	92	19	84	104	47	35	60	55	53	39	101	107	37	56	45	19	110	25	33	100	67	44	67	94	16	96	63	46	60	28	2	103	57	16	56	19	9	103	37	16	116	58	53	103	49	75	8	118	96	110	39	19	76	65	26	119	88	61	64	80	33	107	111	16	13	22	101	16	52	26	30	20	48	96	62	5	96	79	51	100	64	69	108	47	11	58	20	62	38	49	24	115	119	56	48	81	32	42	3	84	53	28	85	46	79	80	65	95	8	96	43	32	50	48	98	53	61	36	109	118	64	47	101	102	102	105	113	72	90	40	88	86	113	86	5	52	42	39	1	8	57	21	14	91	52	90	60	60	108	77	111	63	49	96	39	78	13	2	65	86	30	106	114	41	59	69	52	89	51	37	29	107	15	109	36	92	45	7	48	105	67	75	37	88	0	65	35	57	78	74	112	110	78	89	27	10	103	117	17	37	99	70	93	2	87	64	34	116	78	67	93	16	7	17	108	13	50	39	62	50	45	32	20	15	73	15	103	117	46	83	8	53	53	94	107	0	59	75	25	63	71	10	114	69	56	46	81	109	71	57	17	59	2	38	116	75	57	33	89	55	8	30	94	26	33	27	22	115	112	108	1	29	116	43	87	99	47	101	84	1	20	38	1	97	83	48	46	1	12	33	28	89	110	8	54	103	75	73	7	56	108	75	48	83	2	8	51	71	3	45	2	1	49	7	117	79	39	12	23	110	100	72	85	36	117	64	33	68	107	47	37	69	58	25	88	65	14	63	39	28	34	106	76	107	14	52	50	5	32	20	64	65	91	17	113	3	76	22	19	68	77	41	39	111	33	34	40	73	71	110	101	74	75	79	65	7	35	7	113	108	95	91	75	76	109	52	34	108	6	21	75	119	26	119	28	16	87	116	68	78	90	8	101	18	4	78	58	117	113	21	114	19	84	108	51	103	76	109	82	51	55	47	44	18	117	111	18	38	38	69	32	55	24	18	74	43	117	81	71	43	46	73	15	35	8	88	105	54	2	111	65	34	21	15	84	49	30	7	75	12	73	28	60	118	48	11	33	97	8	65	40	46	107	41	44	94	49	119	97	16	59	105	1	114	104	32	35	110	3	87	68	97	106	93	2	23	17	46	84	90	5	44	28	11	103	21	32	83	9	119	0	66	81	98	75	17	105	11	12	11	92	101	9	46	41	110	16	85	96	74	47	77	71	49	91	47	49	38	57	4	13	21	102	61	40	107	7	56	70	71	98	95	110	37	109	119	83	29	92	70	26	95	43	2	78	29	29	77	99	48	34	99	82	45	14	43	27	66	39	2	43	112	50	33	56	39	42	88	98	45	4	50	102	0	119	105	78	46	25	47	105	98	57	5	84	47	101	66	6	63	49	35	26	40	25	12	100	56	64	113	82	96	55	24	96	103	11	72	77	16	114	69	119	70	31	58	14	75	70	28	83	118	111	103	111	34	57	94	70	103	39	54	110	55	62	22	119	43	24	104	48	94	119	2	4	5	59	85	67	85	49	49	12	83	54	1	18	113	87	29	115	98	75	87	68	6	34	56	116	28	58	36	10	16	54	4	117	1	69	55	37	40	99	83	110	1	37	113	14	6	112	98	68	111	32	33	111	70	20	83	40	35	31	60	116	105	75	113	110	73	20	64	117	86	0	33	87	25	37	31	61	72	102	70	109	91	72	57	106	71	106	21	49	64	32	32	63	78	53	93	2	8	5	112	73	33	83	83	18	24	2	14	113	101	86	85	45	63	55	5	89	84	48	58	26	76	101	87	73	37	95	66	61	103	44	79	112	25	118	90	64	107	43	41	28	27	69	99	76	0	57	51	86	66	72	17	61	44	112	91	32	9	17	10	61	89	1	73	26	89	48	114	86	9	41	49	118	53	99	13	90	53	46	55	61	24	31	69	88	68	52	96	56	42	63	17	24	22	48	56	63	68	116	56	15	112	62	12	94	66	99	94	59	17	8	110	73	84	89	74	77	60	66	106	90	65	71	12	57	95	106	66	109	4	7	22	26	69	102	43	99	33	14	119	113	118	38	62	109	41	70	30	7	38	53	94	87	100	79	95	46	102	36	72	9	79	29	76	46	49	24	62	34	8	0	51	91	82	30	19	66	89	66	65	95	103	61	37	107	107	92	42	27	85	118	100	105	18	56	118	35	11	73	48	114	20	0	31	117	54	24	93	98	99	88	16	101	87	46	0	56	39	83	47	41	55	21	15	98	14	102	9	24	47	30	112	104	117	32	54	64	48	62	13	29	20	90	21	108	34	58	10	30	3	91	26	54	21	100	93	96	29	48	31	24	14	69	9	53	26	68	108	113	104	119	46	47	106	55	113	83	52	78	37	41	19	5	87	47	104	7	50	9	91	72	102	61	69	33	57	118	84	14	97	34	78	101	3	40	91	45	48	48	51	62	100	22	48	105	78	33	106	74	16	93	15	78	82	5	12	89	40	4	110	97	77	11	6	10	78	107	101	49	105	19	67	32	14	84	96	73	45	0	57	48	36	96	54	57	114	33	47	109	47	75	101	26	98	50	9	63	118	108	91	72	92	79	23	101	22	107	34	53	14	54	7	22	45	15	109	57	82	50	11	50	22	8	77	9	39	86	22	76	18	
7	18	4	14	10	6	4	3	5	18	8	7	10	3	15	18	14	17	12	9	9	3	7	18	1	12	9	13	11	10	16	4	11	18	11	11	11	5	17	11	7	12	13	14	9	12	14	4	6	2	20	2	14	18	20	14	3	3	15	16	2	4	11	14	7	15	19	16	8	17	14	4	2	12	4	6	17	14	1	2	12	15	7	9	3	19	3	11	7	7	1	10	15	5	3	15	11	5	1	10	4	1	1	18	3	20	15	6	9	9	9	20	12	1	20	17	7	20	12	14	4	19	15	16	9	15	18	7	13	14	17	13	3	12	5	15	3	2	8	2	14	14	15	11	12	8	2	15	20	17	7	6	18	3	19	2	12	10	18	20	9	16	1	13	19	12	18	10	3	17	2	20	11	12	13	11	14	20	17	1	3	12	19	3	14	9	15	14	15	14	7	11	4	6	16	1	18	19	13	13	5	2	18	15	11	7	14	16	4	15	13	2	1	5	18	15	1	2	15	7	9	11	20	3	18	5	14	1	4	5	7	6	5	16	14	17	13	19	10	14	6	7	11	15	9	13	5	10	1	3	14	16	9	18	2	8	11	9	7	11	12	18	5	20	13	11	2	2	18	19	6	6	10	9	14	7	8	17	12	20	11	20	16	6	6	12	20	7	19	20	12	12	15	2	5	2	7	20	13	13	16	10	16	14	10	1	7	4	8	14	12	2	13	10	16	2	12	19	18	20	12	12	17	14	3	16	10	12	10	7	9	5	2	13	3	8	16	6	10	6	5	16	18	5	9	17	20	2	15	7	14	17	3	14	3	12	15	7	7	20	16	10	12	7	2	18	12	10	7	17	18	19	18	10	15	13	19	10	14	19	4	2	18	12	16	10	14	7	7	11	13	11	6	15	17	15	3	3	15	11	18	19	11	16	4	13	4	7	7	14	9	5	3	10	12	3	17	14	6	15	7	5	4	8	5	5	2	4	12	10	2	9	18	3	6	19	15	13	5	6	17	14	5	9	15	15	10	4	12	12	3	12	16	7	3	10	5	8	12	3	3	5	15	16	19	11	13	18	11	10	15	10	15	19	1	6	16	9	18	1	20	7	5	10	7	6	12	16	14	8	16	2	15	10	5	8	18	20	18	2	16	20	2	7	6	14	15	19	14	16	6	15	13	14	8	17	2	6	18	8	8	17	20	2	11	15	4	16	13	10	15	20	10	6	2	9	3	9	2	6	14	4	8	15	14	7	20	4	15	20	12	20	7	11	13	19	17	18	16	2	5	1	6	2	17	18	3	13	19	19	7	8	18	12	20	10	6	7	5	9	8	5	19	18	5	16	6	14	5	7	4	17	19	2	17	17	11	3	19	3	14	17	10	12	17	8	8	20	13	1	17	17	11	13	7	8	20	2	14	18	17	12	4	3	7	8	17	2	19	20	11	2	18	11	7	1	13	1	17	19	17	20	10	6	19	2	16	16	8	9	7	7	1	13	9	11	11	12	3	3	3	5	9	10	2	7	20	18	5	6	6	11	13	20	4	9	4	17	14	4	17	14	5	18	10	16	20	3	4	12	17	14	4	4	19	18	12	4	7	5	3	5	5	8	7	9	11	16	9	4	1	13	7	19	5	13	20	7	3	4	5	17	5	7	9	9	12	9	12	16	14	19	15	3	16	9	8	11	8	13	14	13	4	5	12	6	15	5	2	9	2	4	17	14	14	7	10	15	12	2	17	10	9	15	12	6	18	11	3	12	20	9	4	3	8	8	16	10	12	20	15	16	7	7	3	12	12	17	12	8	18	11	16	20	16	2	4	15	1	16	20	20	4	13	2	10	5	7	14	4	5	2	18	20	13	3	6	18	10	4	4	17	13	12	1	8	11	19	5	1	6	19	14	1	13	3	16	9	19	11	17	6	15	16	9	12	12	16	6	18	17	11	9	19	17	7	2	9	16	16	19	5	11	11	20	19	7	17	19	14	13	20	9	17	18	8	2	10	20	10	4	10	14	12	11	2	10	10	17	3	10	6	14	9	17	11	12	3	14	1	20	16	5	18	6	14	7	1	11	17	20	14	6	12	19	6	6	14	12	3	8	14	12	13	10	15	5	13	13	11	14	5	17	6	5	5	4	3	16	2	10	13	10	2	13	10	14	17	5	20	11	16	12	9	4	5	15	5	13	12	10	16	19	2	19	18	3	5	14	9	10	17	13	14	1	3	17	10	5	17	18	18	8	3	2	18	13	6	5	19	14	4	20	9	13	20	18	1	17	6	20	14	1	13	3	17	8	4	13	8	7	6	6	3	17	14	7	16	13	19	14	15	5	8	7	2	14	4	11	14	1	6	3	3	14	5	17	2	15	20	1	13	17	10	4	9	11	7	20	9	17	19	15	3	8	7	8	8	16	5	18	14	3	14	4	16	18	11	6	7	18	17	18	11	15	18	11	5	11	9	16	3	7	4	9	9	3	15	19	17	1	9	7	15	18	10	2	17	18	7	10	7	19	1	7	11	14	8	14	1	8	11	8	6	9	10	7	20	7	1	18	7	2	19	12	12	11	15	11	20	13	2	20	19	13	6	20	2	15	8	19	9	14	6	11	14	6	15	11	9	19	18	7	17	20	7	9	8	4	19	17	18	1	15	5	2	4	9	1	2	6	4	2	10	16	19	13	4	15	13	17	1	15	13	16	9	3	3	1	2	14	8	4	1	19	14	3	6	1	4	14	11	14	13	10	16	11	1	17	12	17	8	7	9	12	13	10	15	15	9	2	13	10	19	12	17	17	17	18	7	6	1	20	9	3	19	11	8	7	15	9	20	20	8	19	19	15	7	12	14	20	19	19	17	10	14	9	18	13	2	10	17	13	10	15	8	4	9	2	8	16	19	7	6	12	9	11	6	14	5	16	17	19	2	2	10	7	11	11	4	5	15	15	16	13	1	19	4	11	17	1	1	17	4	1	12	1	3	13	1	2	8	5	6	6	10	6	7	6	12	6	3	18	10	1	4	9	17	8	2	7	18	5	4	16	10	8	19	3	18	7	6	15	16	18	20	2	20	19	2	9	6	2	18	5	13	8	1	15	1	10	8	3	20	14	11	4	9	5	4	10	6	15	11	1	17	13	6	11	14	8	14	17	6	6	7	16	18	20	7	1	11	2	15	5	2	13	7	5	17	18	9	2	15	3	14	16	7	9	10	5	1	3	3	3	18	8	1	17	19	5	14	13	10	14	11	4	6	12	9	11	18	17	16	14	1	9	17	12	18	9	19	17	13	11	9	1	15	15	12	18	6	15	19	2	5	11	8	20	3	16	7	14	7	20	11	20	16	11	10	1	18	7	20	9	19	20	19	12	6	3	16	13	9	2	4	19	2	1	7	8	1	14	14	17	2	12	8	19	16	7	11	7	11	5	19	14	1	6	11	1	1	20	17	4	6	18	10	10	3	4	9	7	16	8	18	14	6	1	2	10	8	16	14	20	3	2	3	6	15	7	6	20	2	6	1	15	8	18	15	12	19	17	14	9	3	4	4	7	2	12	1	1	12	1	5	14	19	14	19	6	12	2	7	19	15	15	14	4	10	14	13	1	18	19	17	8	19	5	19	20	18	19	20	1	5	4	6	1	13	15	8	11	14	9	4	19	14	1	12	19	6	7	12	14	2	7	8	16	7	11	11	7	12	20	17	10	19	11	7	4	8	13	2	10	6	10	11	4	14	16	11	19	14	1	19	4	11	4	9	5	9	14	12	10	6	10	3	12	2	19	9	17	15	16	17	17	10	8	15	17	16	11	16	18	8	1	15	12	2	6	12	12	16	4	18	3	18	12	11	15	17	14	19	3	10	11	5	9	19	1	4	10	16	17	2	11	2	7	8	13	11	12	18	18	18	3	19	13	2	10	14	8	20	20	8	16	19	2	20	11	2	8	17	4	13	12	17	17	2	10	9	4	16	4	10	12	6	18	16	15	8	6	14	12	8	4	1	8	11	16	1	1	11	15	2	8	8	2	3	14	2	12	15	3	8	6	7	11	3	8	6	4	9	15	8	2	10	12	10	7	9	5	13	3	12	9	8	2	13	15	3	13	6	10	3	10	1	5	10	15	14	7	11	3	9	10	8	13	10	7	7	2	7	3	4	7	11	10	2	2	16	13	3	8	3	5	5	11	6	16	3	2	10	6	8	16	7	6	15	12	14	8	6	9	10	12	9	3	10	9	8	15	14	2	1	4	2	10	5	10	10	16	7	3	14	9	4	4	12	12	9	3	9	12	10	12	6	1	4	6	5	6	5	8	10	15	8	12	1	15	7	16	15	3	4	12	3	4	10	13	6	6	13	9	16	2	16	13	9	13	4	1	4	8	16	5	16	14	3	1	13	2	14	4	1	9	10	6	6	14	5	13	7	6	5	3	7	15	4	9	6	16	3	9	2	2	8	16	15	8	4	11	1	13	2	12	4	13	8	7	3	16	16	10	12	16	15	2	8	12	7	9	2	6	16	7	6	6	3	10	12	9	6	14	1	16	6	16	14	11	14	8	4	3	10	12	9	15	4	3	7	4	3	8	12	10	13	16	5	15	7	16	13	14	2	16	7	10	8	3	4	2	2	6	15	9	15	10	3	2	8	12	10	9	10	12	8	15	13	14	12	2	10	1	3	4	6	15	11	13	1	12	13	14	11	12	4	11	4	15	4	1	5	6	10	9	9	9	6	16	6	3	7	6	12	3	9	13	14	13	3	11	9	8	14	11	9	12	16	14	16	14	15	7	14	6	1	10	15	13	13	15	14	8	12	3	13	1	2	5	6	7	16	5	15	9	16	16	6	1	6	16	14	3	14	2	15	6	16	11	12	5	12	16	11	8	10	9	4	10	5	7	13	4	14	13	8	1	12	12	6	12	3	5	5	5	7	3	9	9	5	7	12	3	7	9	8	1	15	13	6	6	16	6	12	6	12	3	14	3	7	16	5	12	1	14	8	5	12	4	5	15	4	8	16	12	4	4	14	15	12	10	11	10	4	13	2	8	7	5	3	16	6	6	14	7	6	1	11	4	15	4	10	12	13	10	7	2	10	3	3	3	1	2	11	8	5	5	10	10	10	15	4	4	8	1	1	8	12	1	16	5	10	6	9	1	7	8	5	4	9	1	6	4	7	9	4	10	6	13	10	11	4	16	7	2	14	15	5	8	14	6	14	13	9	13	8	12	10	16	15	1	7	5	15	13	8	16	2	9	16	12	3	9	8	1	1	11	2	7	9	5	3	4	2	14	13	4	9	16	7	12	11	14	13	11	14	6	6	3	4	2	2	14	4	14	8	9	8	1	2	9	11	16	6	9	10	16	16	4	6	5	5	16	7	10	5	4	10	8	14	9	7	6	10	9	4	4	11	7	1	12	10	16	7	10	14	15	1	15	9	15	7	4	11	12	11	7	7	7	1	1	6	2	3	9	5	14	3	11	10	6	4	3	14	7	5	7	8	11	7	15	1	4	16	16	4	5	6	14	16	7	16	7	16	14	4	5	3	8	13	14	1	8	12	14	11	4	13	12	4	2	6	12	6	11	13	6	16	7	6	8	6	1	1	7	3	10	1	10	7	16	16	7	8	15	12	6	5	15	3	7	2	3	4	12	7	16	15	13	12	13	2	2	4	10	1	1	5	4	11	11	2	13	3	13	5	8	7	2	4	5	2	12	7	2	11	10	5	8	13	9	11	2	10	7	11	7	14	2	1	15	8	2	13	6	12	6	13	15	11	3	12	8	9	16	11	8	16	8	14	3	5	3	13	6	9	12	12	7	4	13	14	11	7	16	5	10	16	4	7	10	2	12	12	3	16	9	11	6	4	12	7	4	15	13	11	13	12	14	1	10	10	9	14	2	2	11	5	3	5	16	13	11	5	12	2	6	4	8	9	13	9	9	11	12	8	7	9	14	3	14	3	12	9	8	7	3	3	2	1	16	6	8	6	4	8	3	13	10	2	7	13	9	6	3	2	9	1	15	9	16	13	12	10	7	2	13	9	8	9	1	14	5	11	9	8	13	4	12	6	2	5	14	10	3	10	5	6	2	16	2	1	11	8	3	10	11	16	9	6	9	11	2	13	9	3	8	10	11	1	14	8	10	11	7	12	13	12	15	2	3	7	2	15	9	4	13	3	3	7	4	9	6	14	5	13	7	3	16	5	6	2	13	1	7	14	9	3	13	12	6	6	16	4	14	16	11	16	15	12	6	16	15	9	12	2	3	7	14	6	4	5	11	2	4	10	9	8	15	16	2	3	14	10	7	13	2	15	10	3	14	1	10	10	10	15	6	14	2	10	8	16	15	6	13	2	14	9	16	16	14	14	3	3	5	1	4	11	3	7	14	1	5	6	1	12	6	8	2	4	2	13	6	3	3	9	11	7	11	9	6	14	9	12	5	12	12	13	16	3	2	1	5	10	7	8	5	16	1	11	1	12	9	16	15	12	5	4	10	11	16	4	10	15	5	16	10	5	7	11	16	9	7	15	12	16	14	6	5	9	10	4	12	8	16	3	3	5	2	4	2	1	9	5	12	15	9	6	3	4	14	2	14	1	15	7	6	9	15	8	12	3	15	4	1	15	2	5	13	5	9	10	8	11	15	15	6	6	2	5	10	3	14	5	10	4	13	14	9	14	8	11	3	16	16	12	7	11	4	2	9	10	4	8	4	13	16	10	16	2	10	3	13	13	10	16	1	10	3	9	3	7	3	9	7	10	7	4	5	5	16	4	13	9	16	3	13	12	3	8	15	15	16	1	8	16	15	15	10	8	7	14	8	11	6	2	14	14	16	15	13	1	8	15	10	15	13	8	7	15	1	5	7	3	3	12	1	14	14	3	9	12	14	12	13	13	4	2	9	11	10	1	9	5	13	15	2	11	1	3	10	2	2	6	14	15	6	13	4	15	13	4	7	2	9	7	7	11	15	9	12	13	9	16	1	11	4	4	8	4	13	16	9	9	9	16	12	5	6	5	12	1	7	7	4	14	11	3	5	3	9	12	12	15	8	15	16	16	5	15	14	2	13	9	5	10	14	5	16	7	15	3	11	16	6	14	4	8	10	4	3	16	16	12	7	9	11	12	12	8	9	16	11	7	6	16	9	9	1	1	16	15	9	7	2	6	8	13	7	5	10	2	8	13	12	4	4	9	5	9	4	7	14	12	3	11	16	14	11	2	2	1	15	9	3	6	16	13	16	9	8	1	14	5	5	11	2	6	16	7	8	5	1	1	5	1	11	8	4	9	14	6	1	7	7	4	10	8	13	9	5	6	11	16	16	4	2	15	11	6	7	4	14	1	1	12	6	8	11	11	11	8	15	3	16	15	14	8	9	6	12	3	6	10	14	8	12	7	6	10	6	11	6	15	16	12	13	4	13	8	2	13	13	3	15	7	1	6	1	1	16	3	9	7	4	2	2	1	4	5	8	16	9	14	11	8	9	7	11	2	1	10	16	11	6	1	13	11	3	11	6	14	5	16	4	1	5	8	16	13	1	5	3	3	14	14	5	13	6	7	9	6	9	1	3	13	5	4	16	2	10	3	4	7	7	4	2	16	1	13	13	13	15	10	10	3	10	2	5	9	12	7	3	1	8	16	13	9	13	1	4	6	10	1	13	5	1	15	16	12	11	5	9	1	15	2	16	8	10	14	13	11	6	9	9	10	10	15	16	3	10	12	16	3	15	1	2	3	1	4	11	12	13	7	5	16	6	9	6	8	9	8	9	14	12	6	9	7	2	15	15	3	16	10	3	5	14	6	14	16	9	13	9	3	15	3	12	5	8	5	12	2	3	11	11	13	14	11	13	8	11	8	4	12	12	8	3	13	10	9	10	10	16	12	3	6	16	10	7	9	16	5	8	14	9	5	6	7	15	12	13	3	2	15	10	4	6	13	13	1	5	2	11	2	3	10	14	4	5	13	3	16	7	1	14	13	14	14	10	6	7	14	10	6	8	1	12	5	11	3	6	2	12	16	5	15	14	11	13	6	14	4	15	14	10	9	10	7	4	16	8	12	5	8	5	13	11	1	8	16	12	15	14	12	13	3	2	4	
840	900	620	370	610	100	780	720	240	790	110	830	730	520	260	270	130	500	400	970	580	800	670	580	290	530	250	770	910	470	470	770	850	390	940	230	990	910	410	990	150	850	590	780	360	490	550	980	650	130	320	1000	540	140	120	440	290	530	280	960	510	320	500	260	920	510	300	760	510	890	530	840	160	180	130	820	940	370	160	110	520	680	450	720	550	540	150	800	780	320	950	250	560	790	280	890	400	320	900	540	660	220	360	500	230	240	580	370	580	520	380	160	660	650	710	780	390	390	550	340	480	790	240	240	960	360	530	980	240	740	160	120	240	220	970	480	220	990	810	230	510	1000	960	140	590	380	130	680	870	420	720	490	950	810	780	720	630	690	760	610	400	480	960	960	140	840	890	620	630	940	110	240	960	100	230	100	220	890	730	430	440	600	730	510	640	430	870	1000	400	140	270	750	570	500	250	680	750	840	970	340	340	100	620	420	750	340	180	100	730	250	240	130	370	790	860	420	630	500	700	250	150	670	510	290	960	680	180	640	260	780	730	130	470	240	840	550	140	140	840	690	220	580	750	500	390	750	890	770	120	400	940	110	820	660	320	300	920	680	370	300	110	170	950	520	520	700	490	260	650	170	560	220	720	530	170	650	900	820	770	840	120	510	250	470	280	820	620	770	120	420	700	820	340	760	450	330	530	870	220	310	200	710	720	750	610	250	220	390	950	780	300	210	530	700	680	120	240	640	110	470	970	120	880	570	580	860	360	990	730	950	970	320	160	540	740	400	940	770	850	870	850	950	1000	340	910	630	290	430	440	550	130	870	170	340	260	1000	550	390	160	220	120	360	350	730	850	930	730	660	280	490	610	770	240	490	530	120	640	410	400	410	160	230	490	970	450	360	190	1000	560	940	590	680	120	710	780	350	570	890	550	410	400	270	380	290	650	140	740	670	280	590	130	210	250	270	320	480	930	150	510	380	250	930	400	700	120	170	490	540	790	400	320	820	270	230	950	690	330	660	780	410	460	370	480	160	350	390	790	210	970	670	300	150	720	410	490	350	310	540	390	540	610	520	280	260	170	560	740	230	390	270	730	330	480	700	680	430	640	880	920	490	520	150	700	540	180	340	100	800	800	140	710	370	230	610	420	620	130	420	630	810	950	860	720	520	350	820	870	200	180	720	930	340	750	630	870	740	640	940	290	160	800	980	530	290	510	580	970	190	350	830	860	800	200	810	920	230	280	850	230	470	140	200	960	840	720	320	870	760	310	500	300	430	400	470	990	370	810	620	270	110	840	120	520	190	1000	160	550	230	990	690	260	740	330	390	380	110	520	820	470	680	190	910	990	780	250	610	200	450	200	190	500	370	920	160	210	160	230	380	740	1000	780	790	500	220	410	780	130	380	910	100	660	190	280	380	910	960	130	790	200	940	410	850	920	1000	900	210	740	770	680	520	300	700	530	290	760	950	410	800	100	530	240	860	420	170	860	490	690	280	460	760	320	190	840	410	970	890	980	960	260	270	180	740	950	720	160	880	520	740	910	970	750	290	820	960	270	260	700	870	870	270	830	210	290	730	150	370	180	740	830	450	240	210	140	570	400	860	900	250	380	160	670	910	960	300	440	940	930	210	460	280	330	670	830	570	640	230	920	440	1000	870	700	810	870	980	190	480	800	320	760	810	380	280	930	560	140	180	930	750	280	960	100	560	810	770	830	860	270	310	190	430	310	740	530	310	530	280	720	340	740	260	490	790	640	520	400	690	730	430	320	760	660	600	880	720	280	870	440	900	350	600	470	780	640	380	370	370	430	940	180	560	500	660	200	280	250	200	480	960	620	350	860	290	200	290	390	280	190	560	880	110	960	160	730	750	400	270	870	900	700	370	840	180	750	370	820	860	420	380	300	400	390	980	720	690	610	180	800	610	150	850	980	990	980	800	330	340	410	610	330	960	590	590	260	200	770	230	600	800	490	250	900	970	130	790	940	210	240	540	240	950	410	110	800	800	400	580	250	670	110	580	720	710	130	810	140	670	560	450	650	320	470	850	430	910	840	790	740	900	920	490	830	540	990	270	450	600	390	760	600	990	320	380	250	310	460	290	710	930	370	210	190	310	610	380	920	390	870	100	260	180	180	140	800	360	220	450	980	620	890	460	530	300	400	870	970	720	700	820	350	950	200	630	180	940	910	920	600	380	390	720	520	690	820	510	280	480	930	760	620	770	310	700	260	820	420	510	100	360	100	830	760	980	240	730	670	520	570	620	900	660	950	940	340	530	370	710	110	790	920	580	880	390	300	800	660	280	730	830	520	380	640	140	840	810	690	860	410	600	750	670	200	820	270	910	310	470	420	100	230	720	250	490	790	590	460	790	130	270	570	490	200	770	840	860	790	380	930	710	760	550	930	600	230	450	250	180	410	570	820	730	730	910	700	100	890	800	420	400	580	930	290	140	970	700	330	560	190	640	180	140	710	930	330	860	130	220	800	310	340	500	570	250	360	270	130	870	460	450	460	390	980	580	750	590	770	410	540	620	510	240	240	400	360	810	660	650	520	570	740	260	520	840	920	950	980	820	310	340	260	440	390	470	420	410	920	960	910	640	550	360	690	680	620	220	770	460	340	270	860	750	870	530	890	930	370	140	260	1000	640	930	620	550	690	660	350	930	1000	620	690	940	440	380	810	360	360	730	990	230	100	600	880	290	990	1000	620	230	420	240	700	170	170	420	970	650	320	120	850	360	600	900	850	110	930	500	160	740	820	900	100	520	850	1000	490	470	510	100	610	160	810	330	210	690	300	230	190	230	700	370	790	160	300	490	160	610	770	420	180	470	930	310	530	220	430	990	230	830	750	180	560	200	470	920	250	450	690	940	530	890	720	160	770	960	670	970	160	160	530	720	650	180	170	470	230	780	320	410	770	110	610	910	920	970	780	790	510	100	1000	510	790	300	810	850	350	570	470	120	380	320	770	1000	120	500	120	160	500	870	180	600	760	850	680	220	480	390	420	430	600	1000	970	190	590	160	700	440	210	470	170	280	510	710	340	940	280	990	420	780	200	280	500	410	790	770	450	380	760	820	130	520	160	990	100	810	550	860	950	370	800	370	430	360	350	990	550	130	650	470	670	280	850	380	110	350	500	510	650	150	390	910	380	670	780	680	940	900	350	310	330	220	990	740	830	720	250	860	230	170	860	300	670	920	170	910	500	930	560	550	850	190	140	460	840	540	170	640	340	220	450	860	300	680	320	390	280	290	1000	890	860	650	690	290	770	620	580	590	320	170	440	590	730	120	380	850	190	650	780	580	770	270	640	420	460	340	310	780	110	410	300	700	360	340	670	910	850	900	890	790	310	240	920	280	850	440	890	890	960	680	480	960	820	650	520	370	540	800	660	630	870	840	520	860	960	730	340	970	430	430	710	420	880	980	610	260	860	820	380	220	920	400	620	610	310	130	710	510	110	810	990	590	570	350	510	220	560	830	320	400	170	220	900	110	820	840	210	780	760	180	690	430	630	480	390	520	380	120	450	100	150	710	300	790	560	660	950	830	550	800	590	280	430	620	770	150	650	310	300	660	210	300	360	190	220	910	420	130	260	930	460	810	270	760	490	870	470	310	280	980	370	140	270	730	740	200	830	820	890	340	440	330	440	720	970	890	910	320	380	690	810	390	400	820	550	990	440	440	820	750	960	660	970	790	320	840	440	820	300	470	890	150	880	870	670	580	680	730	240	750	340	640	320	540	160	310	950	680	140	440	870	360	500	970	650	250	910	800	410	710	180	100	700	860	610	630	250	1000	650	850	140	410	450	960	700	260	1000	960	850	530	670	150	220	300	210	200	640	350	490	650	390	190	800	870	260	290	300	190	470	530	310	960	990	1000	760	350	980	250	180	310	650	620	500	220	900	260	390	860	110	240	570	110	230	950	880	190	450	290	240	440	940	1000	210	740	200	490	800	920	100	200	770	560	880	780	160	790	900	440	540	740	570	380	210	230	900	240	660	660	400	740	240	840	820	270	880	160	600	720	480	760	680	500	590	550	190	360	580	880	430	520	680	380	850	570	310	400	470	940	590	640	590	340	660	440	250	390	270	630	570	280	290	590	810	280	660	610	170	280	550	200	360	710	390	450	690	870	290	700	890	430	500	490	650	460	810	700	710	900	450	120	350	520	240	630	880	930	220	290	230	150	210	160	140	910	880	570	860	700	840	280	160	570	980	470	560	670	740	910	600	980	880	790	240	520	380	830	570	920	420	710	240	740	920	830	400	180	280	660	520	840	870	530	210	380	480	980	330	190	550	130	960	230	370	610	920	820	780	180	160	130	610	530	190	680	270	290	160	120	200	830	450	140	750	470	530	370	840	580	570	990	960	170	980	150	720	520	600	770	710	560	970	830	140	400	650	930	720	100	580	380	890	210	600	770	890	110	490	230	530	810	810	940	740	840	620	150	960	190	100	490	110	280	380	880	100	720	750	930	710	440	460	870	600	230	350	110	230	190	1000	410	240	590	490	830	370	630	930	400	640	780	830	500	100	870	200	960	790	510	330	340	450	220	360	680	380	870	200	970	500	280	440	460	630	860	170	850	910	350	270	430	680	210	870	660	480	760	500	150	380	500	850	920	120	940	780	380	700	970	260	100	300	540	910	280	150	170	120	790	650	580	700	820	300	200	980	300	320	680	290	460	740	630	150	820	610	580	430	340	250	560	670	100	620	600	590	680	120	420	780	850	450	920	730	490	630	930	900	970	710	150	950	850	550	190	790	780	980	250	780	310	310	490	440	650	750	960	280	740	800	610	960	800	300	370	990	580	290	980	280	130	630	310	710	900	970	140	540	480	800	390	170	680	210	260	670	370	690	430	140	610	450	620	190	180	550	170	480	380	440	720	670	220	370	690	260	730	970	470	700	780	620	780	980	550	540	450	320	580	370	880	260	650	620	720	150	610	760	110	480	370	740	210	200	640	570	140	520	300	790	950	280	770	710	640	440	680	420	640	160	380	480	210	160	290	620	680	860	900	460	740	500	210	550	110	980	410	110	840	730	810	880	130	350	580	990	990	930	500	840	380	770	880	410	150	740	210	980	450	200	630	580	860	540	840	390	780	780	460	840	490	420	940	340	190	190	540	320	680	650	640	600	900	240	580	800	920	770	190	950	630	100	270	780	890	600	980	620	570	610	330	790	780	140	930	420	670	410	310	870	230	400	980	380	650	460	660	500	220	570	710	390	760	750	260	790	870	480	650	880	700	770	310	910	380	700	580	140	660	360	840	810	310	120	290	660	350	740	410	260	370	210	470	930	940	610	530	850	500	120	180	950	140	270	850	550	250	720	960	580	900	320	150	320	270	220	140	450	310	810	510	980	310	180	670	400	120	790	110	410	140	110	140	490	560	760	580	480	410	230	640	200	770	570	390	720	470	840	990	450	300	500	760	380	590	400	100	480	760	460	860	210	670	410	550	510	750	120	240	840	200	950	160	410	880	140	140	850	660	130	370	160	510	330	470	490	520	850	340	870	340	180	980	330	350	120	630	400	940	310	420	270	330	880	270	160	980	790	840	590	680	450	610	170	900	870	370	640	180	590	670	170	620	150	190	690	770	430	640	580	820	910	520	420	370	320	210	490	420	710	670	140	840	170	460	120	330	240	120	140	720	950	430	690	930	530	690	510	1000	240	220	710	320	550	590	990	910	820	400	860	290	650	230	300	590	270	980	240	910	430	670	350	300	140	350	510	860	980	660	100	440	210	260	570	270	310	890	390	360	710	750	830	370	280	640	940	470	360	110	230	740	730	640	250	710	700	500	660	420	420	550	670	100	520	430	680	620	200	730	210	240	520	230	910	780	500	370	680	690	640	1000	100	550	360	710	190	750	550	490	290	610	900	670	110	210	630	310	580	130	970	100	980	480	820	340	270	250	770	640	510	230	790	160	120	440	860	350	890	820	240	310	180	450	920	460	630	930	680	620	220	590	710	140	610	720	200	950	670	800	620	330	910	510	100	690	750	970	470	530	660	290	480	990	290	130	920	970	950	800	610	600	800	720	800	640	290	760	600	360	970	180	330	480	730	250	360	290	400	440	760	290	230	100	970	540	210	590	850	650	330	920	210	240	150	390	530	770	610	470	220	580	530	910	590	610	810	650	730	740	360	410	240	110	550	860	210	280	680	270	950	890	840	820	830	230	700	290	740	340	970	440	540	350	680	580	620	520	140	710	520	840	700	400	290	340	950	480	830	690	810	160	670	350	160	530	110	770	620	800	470	410	600	950	660	490	940	520	460	360	720	860	850	530	310	580	580	130	410	820	130	560	910	150	310	450	260	290	740	260	160	180	320	250	170	470	690	930	440	280	580	770	570	770	410	580	980	820	200	820	190	480	500	470	710	340	270	440	690	270	280	740	390	660	720	430	740	640	800	690	540	640	800	220	880	780	660	700	700	580	560	760	500	780	230	960	340	610	840	810	720	590	860	490	150	360	800	600	730	660	130	710	130	670	500	200	450	460	850	210	460	750	500	130	310	450	480	250	340	740	410	110	100	300	960	800	920	270	410	220	830	300	290	610	170	340	220	810	120	580	540	900	650	760	690	670	510	200	400	460	840	890	930	850	360	130	380	920	990	340	280	990	170	430	260	360	510	490	520	680	740	280	600	770	710	430	580	760	250	920	600	750	380	780	900	410	720	410	700	320	410	920	350	490	990	810	230	650	1000	410	820	540	940	220	410	240	620	300	490	790	160	230	770	780	950	1000	620	500	910	260	130	990	240	600	290	970	520	980	620	100	910	620	770	640	540	990	940	660	960	750	120	380	330	730	650	300	670	590	500	980	100	950	360	300	720	430	610	900	500	160	720	760	300	920	570	240	540	990	850	420	640	980	950	690	680	100	270	960	250	980	290	200	710	880	240	760	920	510	770	100	490	530	340	530	390	640	690	240	770	260	200	730	150	710	690	980	540	250	510	670	130	100	800	780	950	380	660	750	450	240	140	470	310	880	580	170	950	870	960	470	890	820	220	670	750	910	750	730	130	500	940	950	690	500	250	790	370	700	870	780	120	160	990	180	650	730	330	400	740	450	200	110	450	840	280	340	880	960	200	960	950	120	770	320	700	660	530	940	1000	120	780	260	850	840	350	550	780	200	350	680	670	580	170	280	640	690	530	510	300	490	390	590	480	880	990	620	960	540	290	260	680	750	220	430	200	300	160	420	920	530	600	810	780	660	250	450	980	830	900	740	580	360	850	240	930	100	480	600	500	200	1000	580	1000	380	720	350	780	270	340	790	1000	640	540	460	760	340	940	610	710	790	520	1000	280	130	210	320	270	340	390	950	900	330	200	730	890	170	940	880	860	480	590	410	290	160	280	980	660	830	190	530	810	470	550	210	430	630	710	790	560	840	660	910	620	770	610	560	890	600	820	400	680	400	890	880	420	760	940	340	110	420	470	550	990	190	140	830	930	170	930	120	640	210	260	560	100	170	330	860	680	280	970	770	990	710	230	580	660	150	160	270	450	610	710	530	210	800	260	350	660	850	380	550	610	590	650	130	380	430	820	270	310	570	160	210	100	540	310	980	110	960	880	950	120	540	650	570	530	550	120	560	460	970	100	560	790	270	720	860	350	380	320	650	410	600	700	200	700	870	850	450	670	300	750	380	610	980	460	450	930	700	740	110	510	690	780	360	130	830	370	980	230	240	640	800	490	280	800	810	780	780	340	150	400	190	100	800	890	470	390	240	770	580	570	840	460	730	840	540	980	910	450	210	430	110	180	260	380	690	680	270	110	540	260	220	140	760	490	530	960	420	730	950	460	140	280	910	690	850	230	690	480	220	580	620	920	200	550	400	300	220	210	150	880	830	300	320	460	930	610	870	970	720	180	530	550	180	940	150	580	560	800	380	300	520	410	650	710	700	950	450	190	670	570	100	210	430	460	730	980	770	650	460	280	840	160	900	310	990	300	930	130	460	440	600	960	680	510	430	110	210	260	340	110	100	830	1000	220	650	470	1000	330	630	930	830	500	420	120	990	730	520	110	660	350	350	330	900	190	260	490	980	860	190	600	340	170	780	130	550	800	370	590	180	730	630	850	770	390	560	680	510	290	860	640	840	780	610	
1
