3570
120
2
50
0	500	0	0	500	0	0	500	0	0	0	500	500	0	0	500	0	0	0	0	0	0	0	0	0	0	0	500	0	0	0	0	0	0	500	0	0	0	0	0	0	0	0	0	0	0	0	0	0	0	0	0	0	0	500	0	0	0	500	0	0	0	0	0	500	0	0	0	0	0	0	0	0	0	0	0	0	0	0	0	0	0	0	0	0	0	0	0	0	0	0	0	0	0	0	0	0	0	0	0	0	0	0	0	0	0	0	0	0	0	0	0	0	0	0	0	0	0	0	0	
500	0	0	0	0	0	0	0	0	0	0	0	0	0	0	0	0	0	0	0	0	0	0	0	0	0	0	0	0	0	0	0	0	0	0	0	0	0	0	0	0	0	0	0	0	0	0	0	0	500	0	0	0	0	0	0	0	0	0	0	0	0	0	0	0	500	0	0	0	0	0	0	0	0	0	0	0	0	0	0	0	0	0	0	0	0	0	0	0	0	0	0	0	0	0	0	0	0	0	0	0	0	0	0	0	0	0	0	0	0	0	0	0	0	0	0	0	0	0	0	
0	0	0	0	0	0	0	0	0	0	0	0	0	0	0	0	0	0	0	0	0	0	0	0	0	0	0	0	0	0	0	0	0	0	0	0	0	0	0	0	0	500	0	0	0	0	0	0	0	0	0	0	0	0	0	0	0	0	0	0	0	0	0	0	0	0	0	0	0	0	0	0	0	0	0	0	0	0	0	0	0	0	0	0	0	0	0	0	0	0	0	0	0	0	0	0	0	0	0	0	0	0	0	0	0	0	0	0	0	0	0	500	0	0	0	0	0	0	0	0	
0	0	0	0	0	500	0	0	0	0	0	0	0	0	0	0	0	0	0	0	0	0	0	0	0	0	0	0	0	0	0	0	0	0	0	0	0	0	0	0	0	0	0	0	0	0	0	0	0	0	0	0	0	0	0	0	0	0	0	0	0	0	0	0	0	0	0	0	0	0	0	0	0	0	0	0	0	0	0	0	0	0	0	0	0	0	0	0	0	0	0	0	0	0	0	0	0	0	0	0	0	0	500	0	0	0	0	0	0	0	0	0	0	0	0	0	0	0	0	0	
500	0	0	0	0	0	0	0	0	0	0	0	0	0	0	0	0	0	0	0	0	0	0	0	0	0	0	0	0	0	0	0	0	0	0	0	0	0	0	0	0	0	0	0	0	0	0	0	0	0	0	0	0	0	0	0	0	0	0	0	0	0	0	0	0	0	0	0	0	0	500	0	0	0	0	0	0	0	0	0	0	0	0	0	0	500	0	0	0	0	0	0	0	0	0	0	0	0	0	0	0	0	0	0	0	0	0	0	0	0	0	0	0	0	0	0	0	0	0	0	
0	0	0	500	0	0	0	0	0	0	0	0	0	0	0	0	0	0	0	0	0	0	0	0	0	0	0	0	0	0	0	0	0	0	0	0	0	0	0	0	0	0	0	0	0	0	0	0	0	0	0	0	0	0	0	0	0	0	0	0	500	0	0	0	0	0	0	0	0	0	0	0	0	0	0	0	0	0	0	0	0	0	0	0	0	0	0	0	0	0	0	0	0	0	0	0	0	0	0	0	0	0	0	0	0	0	0	0	0	0	0	0	0	0	0	0	0	0	0	0	
0	0	0	0	0	0	0	0	0	0	0	0	0	0	0	0	0	0	500	0	0	0	0	0	0	500	0	0	0	0	0	0	0	0	0	0	0	0	0	0	0	0	0	0	0	0	0	0	0	0	0	0	0	0	0	0	0	0	0	0	0	0	0	0	0	0	0	0	0	0	0	0	0	0	0	0	0	0	0	0	0	0	0	0	0	0	0	0	0	0	0	0	0	0	0	0	0	0	0	0	0	0	0	0	0	0	0	0	0	0	0	0	0	0	0	0	0	0	0	0	
500	0	0	0	0	0	0	0	0	0	0	0	0	0	0	0	0	0	0	0	0	0	0	0	0	0	0	0	0	0	0	0	0	0	0	0	0	0	0	0	0	0	0	500	0	0	0	0	0	0	0	500	0	0	0	0	0	0	0	0	0	0	0	0	0	0	0	0	0	0	0	0	0	0	0	0	0	0	0	0	0	0	0	0	0	0	0	0	0	0	0	0	0	0	0	0	0	0	0	0	0	0	0	0	0	0	0	0	0	0	0	0	0	0	0	0	0	0	0	0	
0	0	0	0	0	0	0	0	0	0	0	0	0	0	0	0	0	0	0	0	0	0	0	0	0	0	0	0	0	0	0	0	0	0	0	0	0	0	0	0	0	0	0	0	0	0	0	0	0	0	0	0	0	0	0	0	0	0	0	0	0	0	0	0	0	0	0	0	0	0	0	0	0	0	0	0	0	0	0	0	0	0	0	0	0	0	0	0	0	0	0	0	0	0	500	0	500	0	0	0	0	0	0	0	0	0	0	0	0	0	0	0	0	0	0	0	0	0	0	0	
0	0	0	0	0	0	0	0	0	0	0	0	0	0	0	0	0	0	0	0	0	0	0	500	0	0	0	0	0	0	0	0	0	0	0	0	0	0	0	0	0	0	0	0	0	0	0	0	0	0	0	0	0	0	0	0	0	0	0	0	0	0	0	0	0	0	0	0	0	0	0	0	0	0	0	0	0	0	500	0	0	0	0	0	0	0	0	0	0	0	0	0	0	0	0	0	0	0	0	0	0	0	0	0	0	0	0	0	0	0	0	0	0	0	0	0	0	0	0	0	
0	0	0	0	0	0	0	0	0	0	0	0	500	0	0	0	0	0	0	500	0	0	0	0	0	0	0	0	0	0	0	0	0	0	0	0	0	0	0	0	0	0	0	0	0	0	0	0	0	0	0	0	0	0	0	0	0	0	0	0	0	0	0	0	0	0	0	0	0	0	0	0	0	0	0	0	0	0	0	0	0	0	0	0	0	0	0	0	0	0	0	0	0	0	0	0	0	0	0	0	0	0	0	0	0	0	0	0	0	0	0	0	0	0	0	0	0	0	0	0	
500	0	0	0	0	0	0	0	0	0	0	0	0	0	0	0	0	0	0	0	0	0	0	0	0	0	0	0	0	0	0	0	0	0	0	0	500	0	0	0	0	0	0	0	0	0	0	0	0	0	0	0	0	0	0	0	0	0	0	0	0	0	0	0	0	0	0	0	0	0	0	0	0	0	0	0	0	0	0	0	0	0	0	0	0	0	0	0	0	0	0	0	0	0	0	0	0	0	0	0	0	0	0	0	0	0	0	0	0	0	0	0	0	0	0	500	0	0	0	0	
500	0	0	0	0	0	0	0	0	0	500	0	0	0	0	0	0	0	0	0	0	0	0	0	0	0	0	0	0	0	0	0	0	0	0	0	0	0	0	0	0	0	0	0	0	0	0	0	0	0	0	0	0	0	0	0	0	0	0	0	0	0	0	0	0	0	0	0	0	0	0	0	0	0	0	0	0	0	0	0	0	0	0	0	0	0	0	0	0	0	0	0	0	0	0	0	0	0	0	0	0	0	0	0	0	0	0	0	0	0	0	0	0	0	0	0	0	0	0	0	
0	0	0	0	0	0	0	0	0	0	0	0	0	0	0	0	0	0	0	0	0	0	0	0	0	0	0	0	0	0	0	0	0	0	0	0	0	0	0	0	0	0	0	0	0	0	0	0	0	0	0	0	0	0	0	0	0	500	0	0	0	0	0	0	0	0	0	0	0	0	0	0	0	0	0	0	0	0	0	0	0	0	0	0	500	0	0	0	0	0	0	0	0	0	0	0	0	0	0	0	0	0	0	0	0	0	0	0	0	0	0	0	0	0	0	0	0	0	0	0	
0	0	0	0	0	0	0	0	0	0	0	0	0	0	0	0	0	0	0	0	0	0	0	0	0	0	0	0	0	0	500	0	0	0	0	0	0	0	0	0	0	0	0	0	0	0	0	0	0	0	0	0	0	0	0	0	0	0	0	0	0	0	0	0	0	0	0	0	0	0	0	0	0	0	0	0	0	0	0	0	0	0	0	0	0	0	0	0	0	0	0	0	0	0	0	0	0	0	0	0	0	0	0	0	0	0	0	0	0	0	0	0	0	0	500	0	0	0	0	0	
500	0	0	0	0	0	0	0	0	0	0	0	0	0	0	0	0	0	0	0	0	0	0	0	0	0	0	0	0	0	0	0	0	500	0	0	0	0	0	0	0	0	0	0	0	0	0	0	0	0	0	0	0	0	0	0	0	0	0	0	0	0	0	0	0	0	0	0	0	0	0	0	0	0	0	0	0	0	0	0	0	0	0	0	0	0	0	0	0	0	0	0	0	0	0	0	0	0	0	0	0	0	0	0	0	0	0	500	0	0	0	0	0	0	0	0	0	0	0	0	
0	0	0	0	0	0	0	0	0	0	0	0	0	0	0	0	0	0	0	0	0	0	0	0	0	0	0	0	0	0	0	0	0	0	0	0	0	0	0	0	0	0	0	0	0	0	0	0	0	0	0	0	500	0	0	0	0	0	0	0	0	0	0	0	0	0	0	0	0	0	0	0	0	0	0	0	0	0	0	0	0	0	0	0	0	0	0	0	0	0	0	0	0	0	0	0	0	0	0	0	0	0	0	0	0	0	500	0	0	0	0	0	0	0	0	0	0	0	0	0	
0	0	0	0	0	0	0	0	0	0	0	0	0	0	0	0	0	0	0	0	0	0	0	0	0	0	0	0	0	500	0	0	0	0	0	0	0	0	0	0	0	0	0	0	0	0	0	0	0	0	0	0	0	0	0	0	0	0	0	0	0	0	0	0	0	0	0	0	0	0	0	0	0	500	0	0	0	0	0	0	0	0	0	0	0	0	0	0	0	0	0	0	0	0	0	0	0	0	0	0	0	0	0	0	0	0	0	0	0	0	0	0	0	0	0	0	0	0	0	0	
0	0	0	0	0	0	500	0	0	0	0	0	0	0	0	0	0	0	0	0	0	0	0	0	0	0	0	0	0	0	0	0	0	0	0	0	0	0	0	0	0	0	0	0	0	0	0	0	0	0	0	0	0	0	0	0	0	0	0	0	0	0	0	0	0	0	0	0	0	0	0	0	0	0	0	0	0	0	0	0	0	0	0	0	0	0	0	0	0	0	0	0	0	500	0	0	0	0	0	0	0	0	0	0	0	0	0	0	0	0	0	0	0	0	0	0	0	0	0	0	
0	0	0	0	0	0	0	0	0	0	500	0	0	0	0	0	0	0	0	0	0	0	500	0	0	0	0	0	0	0	0	0	0	0	0	0	0	0	0	0	0	0	0	0	0	0	0	0	0	0	0	0	0	0	0	0	0	0	0	0	0	0	0	0	0	0	0	0	0	0	0	0	0	0	0	0	0	0	0	0	0	0	0	0	0	0	0	0	0	0	0	0	0	0	0	0	0	0	0	0	0	0	0	0	0	0	0	0	0	0	0	0	0	0	0	0	0	0	0	0	
0	0	0	0	0	0	0	0	0	0	0	0	0	0	0	0	0	0	0	0	0	0	0	0	0	0	0	0	0	0	0	0	0	0	0	0	0	0	0	0	0	0	0	0	0	0	0	0	0	0	0	0	0	0	0	0	0	0	0	500	0	0	0	0	0	0	0	0	0	0	0	0	0	0	0	0	0	0	0	0	0	0	0	0	0	0	0	0	0	0	0	0	0	0	0	0	0	0	0	0	0	0	0	0	0	0	0	0	0	0	0	0	0	0	0	0	0	0	0	500	
0	0	0	0	0	0	0	0	0	0	0	0	0	0	0	0	0	0	0	0	0	0	0	0	0	0	0	0	0	0	0	0	0	0	0	0	0	0	0	0	0	0	0	0	0	0	500	0	0	0	0	0	0	0	0	0	0	0	0	0	0	0	0	0	0	0	0	0	0	0	0	0	0	500	0	0	0	0	0	0	0	0	0	0	0	0	0	0	0	0	0	0	0	0	0	0	0	0	0	0	0	0	0	0	0	0	0	0	0	0	0	0	0	0	0	0	0	0	0	0	
0	0	0	0	0	0	0	0	0	0	0	0	0	0	0	0	0	0	0	500	0	0	0	0	0	0	0	0	0	0	0	0	0	0	0	0	0	0	0	0	0	0	0	0	0	0	0	0	0	0	0	0	0	0	0	0	0	0	0	500	0	0	0	0	0	0	0	0	0	0	0	0	0	0	0	0	0	0	0	0	0	0	0	0	0	0	0	0	0	0	0	0	0	0	0	0	0	0	0	0	0	0	0	0	0	0	0	0	0	0	0	0	0	0	0	0	0	0	0	0	
0	0	0	0	0	0	0	0	0	500	0	0	0	0	0	0	0	0	0	0	0	0	0	0	0	0	0	0	0	0	0	0	0	0	0	0	0	0	0	0	0	0	0	0	0	0	0	0	0	0	0	0	500	0	0	0	0	0	0	0	0	0	0	0	0	0	0	0	0	0	0	0	0	0	0	0	0	0	0	0	0	0	0	0	0	0	0	0	0	0	0	0	0	0	0	0	0	0	0	0	0	0	0	0	0	0	0	0	0	0	0	0	0	0	0	0	0	0	0	0	
0	0	0	0	0	0	0	0	0	0	0	0	0	0	0	0	0	0	0	0	0	0	0	0	0	0	0	0	0	500	0	0	0	0	0	0	0	0	0	0	0	0	0	0	0	0	0	0	0	0	0	0	0	0	0	0	0	0	0	0	0	0	0	0	0	0	0	0	0	0	0	0	0	0	0	0	0	0	0	0	0	0	0	0	0	0	0	0	0	0	0	0	0	0	0	0	0	0	0	0	0	0	0	0	0	0	0	0	0	500	0	0	0	0	0	0	0	0	0	0	
0	0	0	0	0	0	500	0	0	0	0	0	0	0	0	0	0	0	0	0	0	0	0	0	0	0	0	0	0	0	0	0	0	0	0	0	0	0	0	0	0	0	0	0	0	0	0	0	0	0	0	0	0	0	0	0	0	0	0	0	0	0	0	0	0	0	0	0	0	0	0	0	0	0	0	0	0	0	0	0	0	0	0	0	0	0	0	0	0	0	0	0	0	0	0	0	0	0	0	0	0	0	0	0	0	0	0	0	500	0	0	0	0	0	0	0	0	0	0	0	
0	0	0	0	0	0	0	0	0	0	0	0	0	0	0	0	0	0	0	0	0	0	0	0	0	0	0	0	0	0	0	500	0	0	0	0	0	0	0	0	0	0	0	0	0	0	0	0	0	0	0	0	0	0	0	0	0	0	0	0	0	0	0	0	0	0	0	0	500	0	0	0	0	0	0	0	0	0	0	0	0	0	0	0	0	0	0	0	0	0	0	0	0	0	0	0	0	0	0	0	0	0	0	0	0	0	0	0	0	0	0	0	0	0	0	0	0	0	0	0	
500	0	0	0	0	0	0	0	0	0	0	0	0	0	0	0	0	0	0	0	0	0	0	0	0	0	0	0	0	0	0	0	0	0	0	0	0	0	0	0	0	0	0	0	0	0	0	0	0	0	0	0	0	0	0	0	0	0	0	0	0	0	0	0	0	0	0	0	0	0	0	0	0	0	0	0	0	0	0	0	500	0	0	0	0	0	0	0	0	0	0	0	0	0	0	0	0	0	0	0	0	500	0	0	0	0	0	0	0	0	0	0	0	0	0	0	0	0	0	0	
0	0	0	0	0	0	0	0	0	0	0	0	0	0	0	0	0	0	0	0	0	0	0	0	0	0	0	0	0	0	0	0	0	0	0	0	0	0	0	0	0	0	0	0	0	0	0	0	0	0	0	0	0	0	0	0	0	0	0	0	0	0	0	0	0	0	0	0	0	0	0	0	0	0	0	0	0	0	0	500	0	0	0	0	0	0	0	0	0	0	0	0	0	0	0	0	0	0	0	0	0	0	0	0	0	0	500	0	0	0	0	0	0	0	0	0	0	0	0	0	
0	0	0	0	0	0	0	0	0	0	0	0	0	0	0	0	0	500	0	0	0	0	0	0	500	0	0	0	0	0	0	0	0	0	0	0	0	0	0	0	0	0	0	0	0	0	0	0	0	0	0	0	0	0	0	0	0	0	0	0	0	0	0	0	0	0	0	0	0	0	0	0	0	0	0	0	0	0	0	0	0	0	0	0	0	0	0	0	0	0	0	0	0	0	0	0	0	0	0	0	0	0	0	0	0	0	0	0	0	0	0	0	0	0	0	0	0	0	0	0	
0	0	0	0	0	0	0	0	0	0	0	0	0	0	500	0	0	0	0	0	0	0	0	0	0	0	0	0	0	0	0	0	0	0	0	0	0	0	0	500	0	0	0	0	0	0	0	0	0	0	0	0	0	0	0	0	0	0	0	0	0	0	0	0	0	0	0	0	0	0	0	0	0	0	0	0	0	0	0	0	0	0	0	0	0	0	0	0	0	0	0	0	0	0	0	0	0	0	0	0	0	0	0	0	0	0	0	0	0	0	0	0	0	0	0	0	0	0	0	0	
0	0	0	0	0	0	0	0	0	0	0	0	0	0	0	0	0	0	0	0	0	0	0	0	0	0	500	0	0	0	0	0	0	0	0	0	0	0	0	0	0	0	0	0	0	0	0	0	0	0	0	0	0	0	0	0	0	0	0	0	0	0	0	0	0	0	0	0	0	0	0	0	0	0	0	0	0	0	0	0	0	0	0	0	0	0	0	0	0	0	0	0	0	0	0	0	0	0	0	0	0	0	0	0	0	0	0	500	0	0	0	0	0	0	0	0	0	0	0	0	
0	0	0	0	0	0	0	0	0	0	0	0	0	0	0	0	0	0	0	0	0	0	0	0	0	0	0	0	0	0	0	0	0	0	0	0	0	0	0	0	0	0	0	0	0	0	0	0	0	0	0	0	0	0	0	0	0	0	0	0	0	0	0	0	0	0	0	0	0	0	0	0	0	0	0	0	0	0	0	0	0	0	0	0	0	0	500	0	0	0	0	0	0	0	0	0	0	0	0	0	0	0	0	0	0	0	0	0	0	0	0	0	0	0	0	0	0	0	0	500	
0	0	0	0	0	0	0	0	0	0	0	0	0	0	0	500	0	0	0	0	0	0	0	0	0	0	0	0	0	0	0	0	0	0	0	0	0	0	0	0	0	0	0	0	0	0	0	0	0	0	0	0	0	0	0	0	0	0	0	0	0	0	0	0	0	0	0	0	0	0	0	0	0	0	0	0	0	500	0	0	0	0	0	0	0	0	0	0	0	0	0	0	0	0	0	0	0	0	0	0	0	0	0	0	0	0	0	0	0	0	0	0	0	0	0	0	0	0	0	0	
500	0	0	0	0	0	0	0	0	0	0	0	0	0	0	0	0	0	0	0	0	0	0	0	0	0	0	0	0	0	0	0	0	0	0	0	0	0	0	0	0	0	0	0	0	0	0	0	0	0	0	0	0	0	0	0	0	0	0	0	0	0	0	0	0	0	0	0	0	0	0	0	0	0	0	0	0	0	0	0	0	0	0	0	0	0	0	0	0	0	0	500	0	0	0	0	0	0	0	0	0	0	0	0	0	0	0	0	0	0	0	0	0	500	0	0	0	0	0	0	
0	0	0	0	0	0	0	0	0	0	0	0	0	0	0	0	0	0	0	0	0	0	0	0	0	0	0	0	0	0	0	0	0	0	0	0	0	0	0	0	0	0	0	0	0	0	0	0	0	0	0	0	0	0	0	0	0	0	0	0	0	0	0	0	0	0	0	0	0	0	0	0	0	0	0	0	0	0	0	0	500	0	0	0	0	0	0	0	0	0	0	0	0	0	0	0	0	0	0	0	0	500	0	0	0	0	0	0	0	0	0	0	0	0	0	0	0	0	0	0	
0	0	0	0	0	0	0	0	0	0	0	500	0	0	0	0	0	0	0	0	0	0	0	0	0	0	0	0	0	0	0	0	0	0	0	0	0	0	0	0	0	0	0	0	0	0	0	0	0	0	0	0	0	0	0	0	0	0	0	0	0	0	0	0	0	0	0	0	0	0	0	0	0	0	0	0	0	0	0	0	0	0	0	0	0	0	0	0	0	0	0	0	0	0	0	0	0	0	0	0	0	0	0	0	0	0	0	0	0	0	0	0	0	0	0	500	0	0	0	0	
0	0	0	0	0	0	0	0	0	0	0	0	0	0	0	0	0	0	0	0	0	0	0	0	0	0	0	0	0	0	0	0	0	0	0	0	0	0	0	0	0	0	0	0	0	0	0	0	0	0	0	0	0	0	0	0	500	0	0	0	0	0	0	0	0	0	0	0	0	0	0	0	0	0	0	0	0	0	0	0	0	0	0	0	0	0	0	0	0	0	0	0	0	0	0	0	0	0	0	0	0	0	0	0	500	0	0	0	0	0	0	0	0	0	0	0	0	0	0	0	
0	0	0	0	0	0	0	0	0	0	0	0	0	0	0	0	0	0	0	0	0	0	0	0	0	0	0	0	0	0	0	0	0	0	0	0	0	0	0	500	0	0	0	0	0	0	0	0	0	500	0	0	0	0	0	0	0	0	0	0	0	0	0	0	0	0	0	0	0	0	0	0	0	0	0	0	0	0	0	0	0	0	0	0	0	0	0	0	0	0	0	0	0	0	0	0	0	0	0	0	0	0	0	0	0	0	0	0	0	0	0	0	0	0	0	0	0	0	0	0	
0	0	0	0	0	0	0	0	0	0	0	0	0	0	0	0	0	0	0	0	0	0	0	0	0	0	0	0	0	0	500	0	0	0	0	0	0	0	500	0	0	0	0	0	0	0	0	0	0	0	0	0	0	0	0	0	0	0	0	0	0	0	0	0	0	0	0	0	0	0	0	0	0	0	0	0	0	0	0	0	0	0	0	0	0	0	0	0	0	0	0	0	0	0	0	0	0	0	0	0	0	0	0	0	0	0	0	0	0	0	0	0	0	0	0	0	0	0	0	0	
0	0	0	0	0	0	0	0	0	0	0	0	0	0	0	0	0	0	0	0	0	0	0	0	0	0	0	0	0	0	0	0	0	0	0	0	0	0	0	0	0	0	0	0	0	0	0	0	0	0	0	0	0	0	0	0	0	0	0	0	0	0	0	500	0	0	0	0	0	0	500	0	0	0	0	0	0	0	0	0	0	0	0	0	0	0	0	0	0	0	0	0	0	0	0	0	0	0	0	0	0	0	0	0	0	0	0	0	0	0	0	0	0	0	0	0	0	0	0	0	
0	0	500	0	0	0	0	0	0	0	0	0	0	0	0	0	0	0	0	0	0	0	0	0	0	0	0	0	0	0	0	0	0	0	0	0	0	0	0	0	0	0	0	0	0	0	0	0	0	0	0	0	0	0	0	0	0	0	0	0	0	0	0	0	0	0	0	0	0	0	0	0	0	0	0	0	0	0	0	0	0	0	0	0	0	0	0	500	0	0	0	0	0	0	0	0	0	0	0	0	0	0	0	0	0	0	0	0	0	0	0	0	0	0	0	0	0	0	0	0	
0	0	0	0	0	0	0	0	0	0	0	0	0	0	0	0	0	0	0	0	0	0	0	0	0	0	0	0	0	0	0	0	0	0	0	0	0	0	0	0	0	0	0	0	0	0	0	0	0	0	0	0	0	0	0	0	0	0	0	0	0	0	0	0	0	0	0	0	0	0	0	0	0	0	0	0	0	0	0	0	0	0	0	0	0	0	0	0	0	0	0	0	500	0	0	0	0	0	0	0	0	0	0	0	0	0	0	0	0	0	500	0	0	0	0	0	0	0	0	0	
0	0	0	0	0	0	0	500	0	0	0	0	0	0	0	0	0	0	0	0	0	0	0	0	0	0	0	0	0	0	0	0	0	0	0	0	0	0	0	0	0	0	0	0	0	0	0	0	0	0	0	500	0	0	0	0	0	0	0	0	0	0	0	0	0	0	0	0	0	0	0	0	0	0	0	0	0	0	0	0	0	0	0	0	0	0	0	0	0	0	0	0	0	0	0	0	0	0	0	0	0	0	0	0	0	0	0	0	0	0	0	0	0	0	0	0	0	0	0	0	
0	0	0	0	0	0	0	0	0	0	0	0	0	0	0	0	0	0	0	0	0	0	0	0	0	0	0	0	0	0	0	0	0	0	0	0	0	0	0	0	0	0	0	0	0	0	500	0	0	0	0	0	0	0	0	0	0	0	0	0	0	0	0	0	0	0	0	0	0	0	0	0	0	0	0	0	0	0	0	0	0	0	0	0	0	0	0	0	0	500	0	0	0	0	0	0	0	0	0	0	0	0	0	0	0	0	0	0	0	0	0	0	0	0	0	0	0	0	0	0	
0	0	0	0	0	0	0	0	0	0	0	0	0	0	0	0	0	0	0	0	0	0	0	0	0	0	0	0	0	0	0	0	0	0	0	0	0	0	0	0	0	0	0	0	0	0	0	0	0	0	0	0	0	0	0	0	0	0	0	0	500	0	0	0	0	0	0	0	0	0	0	0	0	0	0	0	0	0	0	0	0	0	0	0	0	0	0	0	0	0	0	0	0	500	0	0	0	0	0	0	0	0	0	0	0	0	0	0	0	0	0	0	0	0	0	0	0	0	0	0	
0	0	0	0	0	0	0	0	0	0	0	0	0	0	0	0	0	0	0	0	0	500	0	0	0	0	0	0	0	0	0	0	0	0	0	0	0	0	0	0	0	0	0	0	500	0	0	0	0	0	0	0	0	0	0	0	0	0	0	0	0	0	0	0	0	0	0	0	0	0	0	0	0	0	0	0	0	0	0	0	0	0	0	0	0	0	0	0	0	0	0	0	0	0	0	0	0	0	0	0	0	0	0	0	0	0	0	0	0	0	0	0	0	0	0	0	0	0	0	0	
0	0	0	0	0	0	0	0	0	0	0	0	0	0	0	0	0	0	0	0	0	0	0	0	0	0	0	0	0	0	0	0	0	0	0	0	0	0	0	0	0	0	0	0	0	0	0	0	0	0	0	0	0	0	0	0	0	0	0	0	0	0	0	0	0	0	0	0	0	500	0	0	0	0	0	0	0	0	0	0	0	0	0	0	0	0	0	0	0	0	0	0	0	0	500	0	0	0	0	0	0	0	0	0	0	0	0	0	0	0	0	0	0	0	0	0	0	0	0	0	
0	0	0	0	0	0	0	0	0	0	0	0	0	0	0	0	0	0	0	0	0	0	0	0	0	0	0	0	0	0	0	0	0	0	0	0	0	0	0	0	0	0	0	0	0	0	0	0	0	0	0	0	0	0	0	0	0	0	0	0	0	0	0	0	0	0	0	0	0	0	0	0	0	0	0	0	0	0	0	0	0	0	0	0	0	0	0	0	0	0	0	0	0	0	0	0	0	0	0	500	0	0	0	0	0	0	0	0	0	0	0	0	0	0	0	0	0	500	0	0	
0	500	0	0	0	0	0	0	0	0	0	0	0	0	0	0	0	0	0	0	0	0	0	0	0	0	0	0	0	0	0	0	0	0	0	0	0	0	500	0	0	0	0	0	0	0	0	0	0	0	0	0	0	0	0	0	0	0	0	0	0	0	0	0	0	0	0	0	0	0	0	0	0	0	0	0	0	0	0	0	0	0	0	0	0	0	0	0	0	0	0	0	0	0	0	0	0	0	0	0	0	0	0	0	0	0	0	0	0	0	0	0	0	0	0	0	0	0	0	0	
0	0	0	0	0	0	0	0	0	0	0	0	0	0	0	0	0	0	0	0	0	0	0	0	0	0	0	0	0	0	0	0	0	0	0	0	0	0	0	0	0	0	0	0	0	0	0	0	0	0	0	0	0	0	0	0	0	0	0	0	0	500	0	0	0	0	0	0	0	0	0	0	0	0	0	0	0	0	0	0	0	0	0	0	500	0	0	0	0	0	0	0	0	0	0	0	0	0	0	0	0	0	0	0	0	0	0	0	0	0	0	0	0	0	0	0	0	0	0	0	
0	0	0	0	0	0	0	500	0	0	0	0	0	0	0	0	0	0	0	0	0	0	0	0	0	0	0	0	0	0	0	0	0	0	0	0	0	0	0	0	0	0	0	500	0	0	0	0	0	0	0	0	0	0	0	0	0	0	0	0	0	0	0	0	0	0	0	0	0	0	0	0	0	0	0	0	0	0	0	0	0	0	0	0	0	0	0	0	0	0	0	0	0	0	0	0	0	0	0	0	0	0	0	0	0	0	0	0	0	0	0	0	0	0	0	0	0	0	0	0	
0	0	0	0	0	0	0	0	0	0	0	0	0	0	0	0	500	0	0	0	0	0	0	500	0	0	0	0	0	0	0	0	0	0	0	0	0	0	0	0	0	0	0	0	0	0	0	0	0	0	0	0	0	0	0	0	0	0	0	0	0	0	0	0	0	0	0	0	0	0	0	0	0	0	0	0	0	0	0	0	0	0	0	0	0	0	0	0	0	0	0	0	0	0	0	0	0	0	0	0	0	0	0	0	0	0	0	0	0	0	0	0	0	0	0	0	0	0	0	0	
0	0	0	0	0	0	0	0	0	0	0	0	0	0	0	0	0	0	0	0	0	0	0	0	0	0	0	0	0	0	0	0	0	0	0	0	0	0	0	0	0	0	0	0	0	0	0	0	0	0	0	0	0	0	0	0	0	0	0	0	0	0	0	0	0	0	0	500	0	0	0	0	0	0	0	0	0	0	0	0	0	0	0	0	0	0	0	0	0	0	0	0	500	0	0	0	0	0	0	0	0	0	0	0	0	0	0	0	0	0	0	0	0	0	0	0	0	0	0	0	
500	0	0	0	0	0	0	0	0	0	0	0	0	0	0	0	0	0	0	0	0	0	0	0	0	0	0	0	0	0	0	0	0	0	0	0	0	0	0	0	0	0	0	0	0	0	0	0	0	0	0	0	0	0	0	0	0	0	0	0	0	0	0	0	0	0	0	0	0	0	0	0	0	0	0	500	0	0	0	0	0	0	0	0	0	0	0	0	500	0	0	0	0	0	0	0	0	0	0	0	0	0	0	0	0	0	0	0	0	0	0	0	0	0	0	0	0	0	0	0	
0	0	0	0	0	0	0	0	0	0	0	0	0	0	0	0	0	0	0	0	0	0	0	0	0	0	0	0	0	0	0	0	0	0	0	0	0	0	0	0	0	0	0	0	0	0	0	0	0	0	0	0	0	0	0	0	0	0	0	0	0	0	0	0	0	0	0	500	0	0	0	0	0	0	500	0	0	0	0	0	0	0	0	0	0	0	0	0	0	0	0	0	0	0	0	0	0	0	0	0	0	0	0	0	0	0	0	0	0	0	0	0	0	0	0	0	0	0	0	0	
0	0	0	0	0	0	0	0	0	0	0	0	0	0	0	0	0	0	0	0	0	0	0	0	0	0	0	0	0	0	0	0	0	0	0	0	0	500	0	0	0	0	0	0	0	0	0	0	0	0	0	0	0	0	0	0	0	0	0	0	0	0	0	0	0	0	0	0	0	0	0	0	0	0	0	0	0	0	0	500	0	0	0	0	0	0	0	0	0	0	0	0	0	0	0	0	0	0	0	0	0	0	0	0	0	0	0	0	0	0	0	0	0	0	0	0	0	0	0	0	
0	0	0	0	0	0	0	0	0	0	0	0	0	500	0	0	0	0	0	0	0	0	0	0	0	0	0	0	0	0	0	0	0	0	0	0	0	0	0	0	0	0	0	0	0	0	0	0	0	0	0	0	0	0	0	0	0	0	0	0	0	0	0	0	0	0	0	0	0	0	0	0	0	0	0	0	0	0	0	0	0	0	0	0	0	500	0	0	0	0	0	0	0	0	0	0	0	0	0	0	0	0	0	0	0	0	0	0	0	0	0	0	0	0	0	0	0	0	0	0	
500	0	0	0	0	0	0	0	0	0	0	0	0	0	0	0	0	0	0	0	0	0	0	0	0	0	0	0	0	0	0	0	0	0	0	0	0	0	0	0	0	0	0	0	0	0	0	0	0	0	0	0	0	0	0	0	0	0	0	0	0	0	0	0	0	0	0	0	0	0	0	0	500	0	0	0	0	0	0	0	0	0	0	0	0	0	0	0	0	0	0	0	0	0	0	0	0	500	0	0	0	0	0	0	0	0	0	0	0	0	0	0	0	0	0	0	0	0	0	0	
0	0	0	0	0	0	0	0	0	0	0	0	0	0	0	0	0	0	0	0	500	0	500	0	0	0	0	0	0	0	0	0	0	0	0	0	0	0	0	0	0	0	0	0	0	0	0	0	0	0	0	0	0	0	0	0	0	0	0	0	0	0	0	0	0	0	0	0	0	0	0	0	0	0	0	0	0	0	0	0	0	0	0	0	0	0	0	0	0	0	0	0	0	0	0	0	0	0	0	0	0	0	0	0	0	0	0	0	0	0	0	0	0	0	0	0	0	0	0	0	
0	0	0	0	0	500	0	0	0	0	0	0	0	0	0	0	0	0	0	0	0	0	0	0	0	0	0	0	0	0	0	0	0	0	0	0	0	0	0	0	0	0	0	0	0	500	0	0	0	0	0	0	0	0	0	0	0	0	0	0	0	0	0	0	0	0	0	0	0	0	0	0	0	0	0	0	0	0	0	0	0	0	0	0	0	0	0	0	0	0	0	0	0	0	0	0	0	0	0	0	0	0	0	0	0	0	0	0	0	0	0	0	0	0	0	0	0	0	0	0	
0	0	0	0	0	0	0	0	0	0	0	0	0	0	0	0	0	0	0	0	0	0	0	0	0	0	0	0	0	0	0	0	0	0	0	0	0	0	0	0	0	0	0	0	0	0	0	0	0	0	500	0	0	0	0	0	0	0	0	0	0	0	0	0	0	0	0	0	0	0	0	0	0	0	0	0	0	0	0	0	0	0	0	0	0	0	0	0	0	0	0	0	0	0	0	0	0	0	0	0	0	0	0	0	0	0	0	0	0	0	0	0	0	0	0	0	0	500	0	0	
0	0	0	0	0	0	0	0	0	0	0	0	0	0	0	0	0	0	0	0	0	0	0	0	0	0	0	0	0	0	0	0	0	0	0	0	0	0	0	0	0	0	0	0	0	0	0	0	0	0	0	0	0	0	0	0	0	0	0	0	0	0	0	0	500	0	0	0	0	0	0	0	0	0	0	0	0	0	0	0	0	0	0	0	0	0	0	0	0	0	0	0	0	0	0	0	0	0	500	0	0	0	0	0	0	0	0	0	0	0	0	0	0	0	0	0	0	0	0	0	
0	0	0	0	0	0	0	0	0	0	0	0	0	0	0	0	0	0	0	0	0	0	0	0	0	0	0	0	0	0	0	0	0	0	0	0	0	0	0	0	500	0	0	0	0	0	0	0	0	0	0	0	0	0	0	0	0	0	0	0	0	0	0	0	0	0	0	0	0	0	0	0	0	0	0	0	0	0	0	0	0	0	0	0	0	0	0	0	0	0	0	0	0	0	0	0	0	0	0	0	0	0	0	0	0	0	0	0	0	0	0	0	0	0	0	0	0	0	500	0	
500	0	0	0	0	0	0	0	0	0	0	0	0	0	0	0	0	0	0	0	0	0	0	0	0	0	0	0	0	0	0	0	0	0	0	0	0	0	0	0	0	0	0	0	0	0	0	0	0	0	0	0	0	0	0	0	0	0	0	0	0	0	500	0	0	0	0	0	0	0	0	0	0	0	0	0	0	0	0	0	0	0	0	0	0	0	0	0	0	0	0	0	0	0	0	0	0	0	0	0	0	0	0	0	0	0	0	0	0	0	0	0	0	0	0	0	0	0	0	0	
0	500	0	0	0	0	0	0	0	0	0	0	0	0	0	0	0	0	0	0	0	0	0	0	0	0	0	0	0	0	0	0	0	0	0	0	0	0	0	0	0	0	0	0	0	0	0	0	0	0	0	0	0	0	0	0	0	0	0	0	0	0	0	0	0	0	0	0	0	0	0	0	0	0	0	0	0	0	0	0	0	0	0	0	0	0	0	0	0	0	0	0	0	0	0	0	0	0	0	0	500	0	0	0	0	0	0	0	0	0	0	0	0	0	0	0	0	0	0	0	
0	0	0	0	0	0	0	0	0	0	0	0	0	0	0	0	0	0	0	0	0	0	0	0	0	0	0	0	0	0	0	0	0	0	0	0	0	0	0	0	0	0	0	0	0	0	0	0	0	0	0	0	0	0	0	0	0	0	0	0	0	0	0	0	0	0	0	0	500	0	0	500	0	0	0	0	0	0	0	0	0	0	0	0	0	0	0	0	0	0	0	0	0	0	0	0	0	0	0	0	0	0	0	0	0	0	0	0	0	0	0	0	0	0	0	0	0	0	0	0	
0	0	0	0	0	0	0	0	0	0	0	0	0	0	0	0	0	0	0	0	0	0	0	0	0	0	0	0	0	0	0	0	0	0	0	0	0	0	0	0	0	0	0	0	0	0	0	0	0	0	0	0	0	500	0	500	0	0	0	0	0	0	0	0	0	0	0	0	0	0	0	0	0	0	0	0	0	0	0	0	0	0	0	0	0	0	0	0	0	0	0	0	0	0	0	0	0	0	0	0	0	0	0	0	0	0	0	0	0	0	0	0	0	0	0	0	0	0	0	0	
0	0	0	0	0	0	0	0	0	0	0	0	0	0	0	0	0	0	0	0	0	0	0	0	0	0	500	0	0	0	0	0	0	0	0	0	0	0	0	0	0	0	0	0	0	0	0	0	0	0	0	0	0	0	0	0	0	0	0	0	0	0	0	0	0	0	500	0	0	0	0	0	0	0	0	0	0	0	0	0	0	0	0	0	0	0	0	0	0	0	0	0	0	0	0	0	0	0	0	0	0	0	0	0	0	0	0	0	0	0	0	0	0	0	0	0	0	0	0	0	
0	0	0	0	0	0	0	0	0	0	0	0	0	0	0	0	0	0	0	0	0	0	0	0	0	0	0	0	0	0	0	0	0	0	0	0	0	0	0	0	0	0	0	0	0	0	0	500	0	0	0	0	0	0	0	0	0	0	0	0	0	0	0	0	0	0	0	0	0	0	0	0	0	0	0	0	0	0	0	0	0	0	0	0	0	0	0	0	0	0	0	0	0	0	0	0	0	0	0	0	0	0	0	0	0	0	0	0	0	0	500	0	0	0	0	0	0	0	0	0	
0	0	0	0	500	0	0	0	0	0	0	0	0	0	0	0	0	0	0	0	0	0	0	0	0	0	0	0	0	0	0	0	0	0	0	0	0	0	0	0	500	0	0	0	0	0	0	0	0	0	0	0	0	0	0	0	0	0	0	0	0	0	0	0	0	0	0	0	0	0	0	0	0	0	0	0	0	0	0	0	0	0	0	0	0	0	0	0	0	0	0	0	0	0	0	0	0	0	0	0	0	0	0	0	0	0	0	0	0	0	0	0	0	0	0	0	0	0	0	0	
0	0	0	0	0	0	0	0	0	0	0	0	0	0	0	0	0	0	0	0	0	0	0	0	0	0	0	0	0	0	0	0	0	0	0	0	0	0	0	0	0	0	0	0	0	0	0	0	0	0	0	0	0	0	0	0	0	0	0	0	0	0	0	0	0	0	500	0	0	0	0	0	0	0	0	0	0	500	0	0	0	0	0	0	0	0	0	0	0	0	0	0	0	0	0	0	0	0	0	0	0	0	0	0	0	0	0	0	0	0	0	0	0	0	0	0	0	0	0	0	
0	0	0	0	0	0	0	0	0	0	0	0	0	0	0	0	0	0	0	0	0	0	0	0	0	0	0	0	0	0	0	0	0	0	0	0	0	0	0	0	0	0	0	0	0	0	0	0	0	0	0	0	0	0	0	0	0	0	500	0	0	0	0	0	0	0	0	0	0	0	0	0	0	0	0	0	0	0	0	0	0	0	0	0	0	0	0	0	0	0	0	0	0	0	0	0	0	500	0	0	0	0	0	0	0	0	0	0	0	0	0	0	0	0	0	0	0	0	0	0	
0	0	0	0	0	0	0	0	0	0	0	0	0	0	0	0	0	500	0	0	0	500	0	0	0	0	0	0	0	0	0	0	0	0	0	0	0	0	0	0	0	0	0	0	0	0	0	0	0	0	0	0	0	0	0	0	0	0	0	0	0	0	0	0	0	0	0	0	0	0	0	0	0	0	0	0	0	0	0	0	0	0	0	0	0	0	0	0	0	0	0	0	0	0	0	0	0	0	0	0	0	0	0	0	0	0	0	0	0	0	0	0	0	0	0	0	0	0	0	0	
0	0	0	0	0	0	0	0	0	0	0	0	0	0	0	0	0	0	0	0	0	0	0	0	0	0	0	0	0	0	0	0	0	0	0	0	0	0	0	0	0	0	0	0	0	0	0	0	0	0	0	0	0	0	0	500	0	0	0	0	0	0	0	0	0	0	0	0	0	0	0	0	0	0	0	0	0	0	0	0	0	0	0	0	0	0	0	0	0	0	500	0	0	0	0	0	0	0	0	0	0	0	0	0	0	0	0	0	0	0	0	0	0	0	0	0	0	0	0	0	
0	0	0	0	0	0	0	0	0	0	0	0	0	0	0	0	0	0	0	0	0	0	0	0	0	0	0	0	0	0	0	0	0	0	0	0	0	0	0	0	0	0	0	0	0	0	0	0	0	0	0	0	0	0	500	0	0	0	0	0	0	0	0	0	0	0	0	0	0	0	0	0	0	0	0	0	0	0	0	0	0	0	0	0	0	0	0	0	500	0	0	0	0	0	0	0	0	0	0	0	0	0	0	0	0	0	0	0	0	0	0	0	0	0	0	0	0	0	0	0	
0	0	0	0	0	0	0	0	0	0	0	0	0	0	0	0	0	0	0	0	0	0	0	0	0	0	0	0	0	0	0	0	0	0	0	0	0	0	0	0	0	0	0	0	0	0	0	0	0	0	0	0	0	0	0	0	0	0	0	0	0	0	0	0	0	0	0	0	0	0	0	0	0	0	0	0	0	0	0	0	0	0	0	0	0	0	0	0	0	500	0	0	0	0	0	500	0	0	0	0	0	0	0	0	0	0	0	0	0	0	0	0	0	0	0	0	0	0	0	0	
0	0	0	0	0	0	0	0	0	0	0	0	0	0	0	0	0	0	0	0	0	0	0	0	0	0	0	0	0	0	0	0	0	500	0	0	0	0	0	0	0	0	0	0	0	0	0	0	0	0	0	0	0	0	0	0	0	0	0	0	0	0	0	0	0	0	0	0	0	0	0	500	0	0	0	0	0	0	0	0	0	0	0	0	0	0	0	0	0	0	0	0	0	0	0	0	0	0	0	0	0	0	0	0	0	0	0	0	0	0	0	0	0	0	0	0	0	0	0	0	
0	0	0	0	0	0	0	0	0	500	0	0	0	0	0	0	0	0	0	0	0	0	0	0	0	0	0	0	0	0	0	0	0	0	0	0	0	0	0	0	0	0	0	0	0	0	0	0	0	0	0	0	0	0	0	0	0	0	0	0	0	0	0	0	0	0	0	0	0	0	0	0	0	0	0	0	0	0	0	0	0	0	0	0	0	0	0	0	0	0	0	0	0	0	0	0	0	0	0	0	0	0	0	0	0	0	0	0	500	0	0	0	0	0	0	0	0	0	0	0	
0	0	0	0	0	0	0	0	0	0	0	0	0	0	0	0	0	0	0	0	0	0	0	0	0	0	0	0	500	0	0	0	0	0	0	0	0	0	0	0	0	0	0	0	0	0	0	0	0	0	0	0	0	0	0	0	500	0	0	0	0	0	0	0	0	0	0	0	0	0	0	0	0	0	0	0	0	0	0	0	0	0	0	0	0	0	0	0	0	0	0	0	0	0	0	0	0	0	0	0	0	0	0	0	0	0	0	0	0	0	0	0	0	0	0	0	0	0	0	0	
0	0	0	0	0	0	0	0	0	0	0	0	0	0	0	0	0	0	0	0	0	0	0	0	0	0	0	500	0	0	0	0	0	0	0	500	0	0	0	0	0	0	0	0	0	0	0	0	0	0	0	0	0	0	0	0	0	0	0	0	0	0	0	0	0	0	0	0	0	0	0	0	0	0	0	0	0	0	0	0	0	0	0	0	0	0	0	0	0	0	0	0	0	0	0	0	0	0	0	0	0	0	0	0	0	0	0	0	0	0	0	0	0	0	0	0	0	0	0	0	
0	0	0	0	0	0	0	0	0	0	0	0	0	0	0	0	0	0	0	0	0	0	0	0	0	0	0	0	0	0	0	0	0	0	0	0	0	0	0	0	0	0	0	0	0	0	0	0	0	0	0	0	0	0	0	0	0	0	0	0	0	0	0	0	0	0	0	0	0	0	0	0	0	0	0	0	0	0	0	0	0	0	0	500	0	0	0	0	0	0	0	0	0	0	0	0	0	0	0	0	0	0	0	0	0	0	0	0	0	0	0	0	500	0	0	0	0	0	0	0	
0	0	0	0	0	0	0	0	0	0	0	0	0	0	0	0	0	0	0	0	0	0	0	0	0	0	0	0	0	0	0	0	0	0	0	0	0	0	0	0	0	0	0	0	0	0	0	0	0	0	0	0	0	0	0	0	0	0	0	0	0	0	0	0	0	0	0	0	0	0	0	0	0	0	0	0	0	0	0	0	0	0	0	0	0	0	500	0	0	0	0	0	0	0	0	0	0	0	0	0	0	0	0	0	0	0	0	0	0	0	0	500	0	0	0	0	0	0	0	0	
0	0	0	0	0	0	0	0	0	0	0	0	0	0	0	0	0	0	0	0	0	0	0	0	0	0	0	0	0	0	0	0	0	0	0	0	0	0	0	0	0	0	0	0	0	0	0	0	0	0	0	0	0	0	0	0	0	0	0	0	0	0	0	0	0	0	0	0	0	0	0	0	0	0	0	0	0	0	0	0	0	500	0	0	0	0	0	0	0	0	0	0	0	0	0	500	0	0	0	0	0	0	0	0	0	0	0	0	0	0	0	0	0	0	0	0	0	0	0	0	
0	0	0	0	0	0	0	0	0	0	0	0	0	500	0	0	0	0	0	0	0	0	0	0	0	0	0	0	0	0	0	0	0	0	0	0	0	0	0	0	0	0	0	0	0	0	0	0	0	0	500	0	0	0	0	0	0	0	0	0	0	0	0	0	0	0	0	0	0	0	0	0	0	0	0	0	0	0	0	0	0	0	0	0	0	0	0	0	0	0	0	0	0	0	0	0	0	0	0	0	0	0	0	0	0	0	0	0	0	0	0	0	0	0	0	0	0	0	0	0	
0	0	0	0	500	0	0	0	0	0	0	0	0	0	0	0	0	0	0	0	0	0	0	0	0	0	0	0	0	0	0	0	0	0	0	0	0	0	0	0	0	0	0	0	0	0	0	0	0	0	0	0	0	0	0	0	0	500	0	0	0	0	0	0	0	0	0	0	0	0	0	0	0	0	0	0	0	0	0	0	0	0	0	0	0	0	0	0	0	0	0	0	0	0	0	0	0	0	0	0	0	0	0	0	0	0	0	0	0	0	0	0	0	0	0	0	0	0	0	0	
0	0	0	0	0	0	0	0	0	0	0	0	0	0	0	0	0	0	0	0	0	0	0	0	0	0	0	0	0	0	0	0	500	0	0	0	0	0	0	0	0	0	0	0	0	0	0	0	0	0	0	0	0	0	0	0	0	0	0	0	0	0	0	0	0	0	0	0	0	0	0	0	0	0	0	0	0	0	0	0	0	0	500	0	0	0	0	0	0	0	0	0	0	0	0	0	0	0	0	0	0	0	0	0	0	0	0	0	0	0	0	0	0	0	0	0	0	0	0	0	
0	0	0	0	0	0	0	0	0	0	0	0	0	0	0	0	0	0	0	0	0	0	0	0	0	0	0	0	0	0	0	0	0	0	0	0	0	0	0	0	0	500	0	0	0	0	0	0	0	0	0	0	0	0	0	0	0	0	0	0	0	0	0	0	0	0	0	0	0	0	0	0	0	0	0	0	0	0	0	0	0	0	0	0	0	0	0	0	0	0	0	0	0	0	0	0	0	0	0	0	0	0	0	0	0	0	0	0	0	0	0	0	0	0	0	0	500	0	0	0	
0	0	0	0	0	0	0	0	0	0	0	0	0	0	0	0	0	0	0	0	0	0	0	0	0	0	0	0	0	0	0	0	0	0	0	0	0	0	0	0	0	0	0	0	0	0	0	0	0	0	0	0	0	0	500	0	0	0	0	0	0	0	0	0	0	0	0	0	0	0	0	0	0	0	0	500	0	0	0	0	0	0	0	0	0	0	0	0	0	0	0	0	0	0	0	0	0	0	0	0	0	0	0	0	0	0	0	0	0	0	0	0	0	0	0	0	0	0	0	0	
0	0	0	0	0	0	0	0	0	0	0	0	0	0	0	0	0	0	0	0	0	0	0	0	0	0	0	0	0	0	0	0	0	0	0	0	0	0	0	0	0	0	0	0	500	0	0	0	0	0	0	0	0	0	0	0	0	0	0	0	0	0	0	0	0	0	0	0	0	0	0	0	0	0	0	0	500	0	0	0	0	0	0	0	0	0	0	0	0	0	0	0	0	0	0	0	0	0	0	0	0	0	0	0	0	0	0	0	0	0	0	0	0	0	0	0	0	0	0	0	
0	0	0	0	0	0	0	0	0	0	0	0	0	0	0	0	0	0	0	0	0	0	0	0	0	0	0	0	0	0	0	0	0	0	0	0	0	0	0	0	0	0	0	0	0	0	0	0	0	0	0	0	0	0	0	0	0	0	0	0	0	0	0	0	0	0	0	0	0	0	0	0	0	0	500	0	0	0	0	0	0	0	0	0	0	0	0	0	0	0	0	0	0	0	0	0	0	0	0	0	0	0	0	0	0	0	0	0	0	0	0	0	0	0	500	0	0	0	0	0	
0	0	0	0	0	0	0	0	0	0	0	0	0	0	0	0	0	0	0	0	0	0	0	0	0	0	0	0	0	0	0	0	0	0	500	0	0	0	0	0	0	0	0	0	0	0	0	0	0	0	0	0	0	0	0	0	0	0	0	0	0	0	0	0	0	0	0	0	0	0	0	0	0	0	0	0	0	0	0	0	0	0	0	0	0	0	0	0	0	0	0	0	0	0	0	0	0	0	0	0	0	0	0	0	0	0	0	0	0	0	0	0	0	500	0	0	0	0	0	0	
0	0	0	0	0	0	0	0	0	0	0	0	0	0	0	0	0	0	0	0	0	0	0	0	0	0	0	0	0	0	0	0	0	0	0	0	0	0	0	0	0	0	500	0	0	0	0	0	0	0	0	0	0	500	0	0	0	0	0	0	0	0	0	0	0	0	0	0	0	0	0	0	0	0	0	0	0	0	0	0	0	0	0	0	0	0	0	0	0	0	0	0	0	0	0	0	0	0	0	0	0	0	0	0	0	0	0	0	0	0	0	0	0	0	0	0	0	0	0	0	
0	0	0	0	0	0	0	0	0	0	0	0	0	0	0	0	0	0	500	0	0	0	0	0	0	0	0	0	0	0	0	0	0	0	0	0	0	0	0	0	0	0	0	0	0	500	0	0	0	0	0	0	0	0	0	0	0	0	0	0	0	0	0	0	0	0	0	0	0	0	0	0	0	0	0	0	0	0	0	0	0	0	0	0	0	0	0	0	0	0	0	0	0	0	0	0	0	0	0	0	0	0	0	0	0	0	0	0	0	0	0	0	0	0	0	0	0	0	0	0	
0	0	0	0	0	0	0	0	500	0	0	0	0	0	0	0	0	0	0	0	0	0	0	0	0	0	0	0	0	0	0	0	0	0	0	0	0	0	0	0	0	0	0	0	0	0	0	500	0	0	0	0	0	0	0	0	0	0	0	0	0	0	0	0	0	0	0	0	0	0	0	0	0	0	0	0	0	0	0	0	0	0	0	0	0	0	0	0	0	0	0	0	0	0	0	0	0	0	0	0	0	0	0	0	0	0	0	0	0	0	0	0	0	0	0	0	0	0	0	0	
0	0	0	0	0	0	0	0	0	0	0	0	0	0	0	0	0	0	0	0	0	0	0	0	0	0	0	0	0	0	0	0	0	0	0	0	0	0	0	0	0	0	0	0	0	0	0	0	0	0	0	0	0	0	0	0	0	0	0	0	0	0	0	0	0	0	0	0	0	0	0	0	0	0	0	0	500	0	0	0	0	0	0	500	0	0	0	0	0	0	0	0	0	0	0	0	0	0	0	0	0	0	0	0	0	0	0	0	0	0	0	0	0	0	0	0	0	0	0	0	
0	0	0	0	0	0	0	0	500	0	0	0	0	0	0	0	0	0	0	0	0	0	0	0	0	0	0	0	0	0	0	0	0	0	0	0	0	0	0	0	0	0	0	0	0	0	0	0	0	0	0	0	0	0	0	0	0	0	0	0	0	0	0	0	0	0	0	0	0	0	0	0	0	0	0	0	0	0	0	0	0	0	0	0	0	0	0	0	0	0	0	0	0	0	0	0	0	0	0	0	0	0	0	0	0	500	0	0	0	0	0	0	0	0	0	0	0	0	0	0	
0	0	0	0	0	0	0	0	0	0	0	0	0	0	0	0	0	0	0	0	0	0	0	0	0	0	0	0	0	0	0	0	0	0	0	0	0	0	0	0	0	0	0	0	0	0	0	0	0	0	0	0	0	0	0	0	0	0	500	0	0	0	0	0	0	0	0	0	0	0	0	0	500	0	0	0	0	0	0	0	0	0	0	0	0	0	0	0	0	0	0	0	0	0	0	0	0	0	0	0	0	0	0	0	0	0	0	0	0	0	0	0	0	0	0	0	0	0	0	0	
0	0	0	0	0	0	0	0	0	0	0	0	0	0	0	0	0	0	0	0	0	0	0	0	0	0	0	0	0	0	0	0	0	0	0	0	0	0	0	0	0	0	0	0	0	0	0	0	0	0	0	0	0	0	0	0	0	0	0	0	0	0	500	0	0	0	0	0	0	0	0	0	0	0	0	0	0	0	0	0	0	0	0	0	0	0	0	0	0	0	0	0	0	0	0	0	0	0	0	0	0	0	0	500	0	0	0	0	0	0	0	0	0	0	0	0	0	0	0	0	
0	0	0	0	0	0	0	0	0	0	0	0	0	0	0	0	0	0	0	0	0	0	0	0	0	0	0	0	0	0	0	0	0	0	0	0	0	0	0	0	0	0	0	0	0	0	0	0	500	0	0	0	0	0	0	0	0	0	0	0	0	0	0	0	0	0	0	0	0	0	0	0	0	0	0	0	0	0	0	0	0	0	0	0	0	0	0	0	0	0	0	0	0	0	0	0	0	0	0	0	0	0	0	0	0	0	0	0	0	0	0	0	500	0	0	0	0	0	0	0	
0	0	0	0	0	0	0	0	0	0	0	0	0	0	0	0	0	0	0	0	0	0	0	0	0	0	0	0	0	0	0	0	0	0	0	0	0	0	0	0	0	0	0	0	0	0	0	0	0	0	0	0	0	0	0	0	0	0	0	0	0	0	0	0	0	500	0	0	0	0	0	0	0	0	0	0	0	0	0	0	0	0	0	0	0	0	0	0	0	0	0	0	0	0	0	0	0	0	0	0	0	0	0	0	0	500	0	0	0	0	0	0	0	0	0	0	0	0	0	0	
0	0	0	0	0	0	0	0	0	0	0	0	0	0	0	0	0	0	0	0	0	0	0	0	0	0	0	500	0	0	0	0	0	0	0	500	0	0	0	0	0	0	0	0	0	0	0	0	0	0	0	0	0	0	0	0	0	0	0	0	0	0	0	0	0	0	0	0	0	0	0	0	0	0	0	0	0	0	0	0	0	0	0	0	0	0	0	0	0	0	0	0	0	0	0	0	0	0	0	0	0	0	0	0	0	0	0	0	0	0	0	0	0	0	0	0	0	0	0	0	
0	0	0	500	0	0	0	0	0	0	0	0	0	0	0	0	0	0	0	0	0	0	0	0	0	0	0	0	0	0	0	0	0	0	0	0	0	0	0	0	0	0	0	0	0	0	0	0	0	0	0	0	0	0	0	0	0	0	0	0	0	0	0	0	0	0	0	0	0	0	0	0	0	0	0	0	0	0	0	0	0	0	0	0	0	0	0	0	0	0	0	0	0	0	0	0	0	0	0	0	0	0	0	0	0	0	0	0	0	0	0	0	0	0	0	0	500	0	0	0	
0	0	0	0	0	0	0	0	0	0	0	0	0	0	0	0	0	0	0	0	0	0	0	0	0	0	0	0	0	0	0	0	0	0	0	0	0	0	0	0	0	0	0	0	0	0	0	0	0	0	0	0	0	0	0	0	0	0	0	0	0	0	0	0	0	0	0	0	0	0	0	0	0	0	0	0	0	0	0	0	0	0	0	0	0	0	0	0	0	0	0	0	0	0	0	0	0	0	500	0	0	0	0	0	500	0	0	0	0	0	0	0	0	0	0	0	0	0	0	0	
0	0	0	0	0	0	0	0	0	0	0	0	0	0	0	0	0	0	0	0	0	0	0	0	0	0	0	0	0	0	0	0	0	0	0	0	0	500	0	0	0	0	0	0	0	0	0	0	0	0	0	0	0	0	0	0	0	0	0	0	0	0	0	0	0	0	0	0	0	0	0	0	0	0	0	0	0	0	0	0	0	0	0	0	0	0	0	0	0	0	0	0	0	0	0	0	0	0	0	0	0	0	0	500	0	0	0	0	0	0	0	0	0	0	0	0	0	0	0	0	
0	0	0	0	0	0	0	0	0	0	0	0	0	0	0	0	0	0	0	0	0	0	0	0	0	0	0	0	0	0	0	0	0	0	0	0	0	0	0	0	0	0	0	0	0	0	0	0	0	0	0	0	0	0	0	0	0	0	0	0	0	0	0	0	0	0	0	0	0	0	0	0	0	0	0	0	0	0	0	0	0	0	0	0	0	0	0	0	0	0	0	0	0	0	0	0	500	0	0	0	500	0	0	0	0	0	0	0	0	0	0	0	0	0	0	0	0	0	0	0	
0	0	0	0	0	0	0	0	0	0	0	0	0	0	0	0	500	0	0	0	0	0	0	0	0	0	0	0	500	0	0	0	0	0	0	0	0	0	0	0	0	0	0	0	0	0	0	0	0	0	0	0	0	0	0	0	0	0	0	0	0	0	0	0	0	0	0	0	0	0	0	0	0	0	0	0	0	0	0	0	0	0	0	0	0	0	0	0	0	0	0	0	0	0	0	0	0	0	0	0	0	0	0	0	0	0	0	0	0	0	0	0	0	0	0	0	0	0	0	0	
0	0	0	0	0	0	0	0	0	0	0	0	0	0	0	500	0	0	0	0	0	0	0	0	0	0	0	0	0	0	0	500	0	0	0	0	0	0	0	0	0	0	0	0	0	0	0	0	0	0	0	0	0	0	0	0	0	0	0	0	0	0	0	0	0	0	0	0	0	0	0	0	0	0	0	0	0	0	0	0	0	0	0	0	0	0	0	0	0	0	0	0	0	0	0	0	0	0	0	0	0	0	0	0	0	0	0	0	0	0	0	0	0	0	0	0	0	0	0	0	
0	0	0	0	0	0	0	0	0	0	0	0	0	0	0	0	0	0	0	0	0	0	0	0	0	500	0	0	0	0	0	0	0	0	0	0	0	0	0	0	0	0	0	0	0	0	0	0	0	0	0	0	0	0	0	0	0	0	0	0	0	0	0	0	0	0	0	0	0	0	0	0	0	0	0	0	0	0	500	0	0	0	0	0	0	0	0	0	0	0	0	0	0	0	0	0	0	0	0	0	0	0	0	0	0	0	0	0	0	0	0	0	0	0	0	0	0	0	0	0	
0	0	0	0	0	0	0	0	0	0	0	0	0	0	0	0	0	0	0	0	0	0	0	0	500	0	0	0	0	0	0	0	0	0	0	0	0	0	0	0	0	0	0	0	0	0	0	0	0	0	0	0	0	0	0	0	0	0	0	0	0	0	0	0	0	0	0	0	0	0	0	0	0	0	0	0	0	0	0	0	0	0	0	0	0	0	0	0	0	0	0	0	0	0	0	0	0	0	0	0	0	0	0	0	0	0	0	0	0	0	0	0	0	0	0	0	0	0	500	0	
0	0	0	0	0	0	0	0	0	0	0	0	0	0	0	0	0	0	0	0	0	0	0	0	0	0	0	0	0	0	0	0	0	0	0	0	0	0	0	0	0	0	500	0	0	0	0	0	0	0	0	0	0	0	0	0	0	0	0	0	0	0	0	0	0	0	0	0	0	500	0	0	0	0	0	0	0	0	0	0	0	0	0	0	0	0	0	0	0	0	0	0	0	0	0	0	0	0	0	0	0	0	0	0	0	0	0	0	0	0	0	0	0	0	0	0	0	0	0	0	
0	0	500	0	0	0	0	0	0	0	0	0	0	0	0	0	0	0	0	0	0	0	0	0	0	0	0	0	0	0	0	0	0	0	0	0	0	0	0	0	0	0	0	0	0	0	0	0	0	0	0	0	0	0	0	0	0	0	0	0	0	0	0	0	0	0	0	0	0	0	0	0	0	0	0	0	0	0	0	0	0	0	500	0	0	0	0	0	0	0	0	0	0	0	0	0	0	0	0	0	0	0	0	0	0	0	0	0	0	0	0	0	0	0	0	0	0	0	0	0	
0	0	0	0	0	0	0	0	0	0	0	0	0	0	0	0	0	0	0	0	0	0	0	0	0	0	0	0	0	0	0	0	0	0	0	0	0	0	0	0	0	0	0	0	0	0	0	0	0	0	0	0	0	0	0	0	0	0	0	0	0	0	0	0	0	0	0	0	0	0	0	0	0	0	0	0	0	0	0	0	0	500	0	0	0	0	0	0	0	0	0	0	0	0	0	0	0	0	0	500	0	0	0	0	0	0	0	0	0	0	0	0	0	0	0	0	0	0	0	0	
0	0	0	0	0	0	0	0	0	0	0	0	0	0	0	0	0	0	0	0	0	0	0	0	0	0	0	0	0	0	0	0	0	0	500	0	0	0	0	0	0	0	0	0	0	0	0	0	0	0	0	0	0	0	0	0	0	0	0	0	0	0	0	0	0	0	0	0	0	0	0	0	0	0	0	0	0	0	0	0	0	0	0	0	0	0	0	0	0	0	0	500	0	0	0	0	0	0	0	0	0	0	0	0	0	0	0	0	0	0	0	0	0	0	0	0	0	0	0	0	
0	0	0	0	0	0	0	0	0	0	0	0	0	0	500	0	0	0	0	0	0	0	0	0	0	0	0	0	0	0	0	0	0	0	0	0	0	0	0	0	0	0	0	0	0	0	0	0	0	0	0	0	0	0	0	0	0	0	0	0	0	0	0	0	0	0	0	0	0	0	0	0	0	0	0	0	0	0	0	0	0	0	0	0	0	0	0	0	0	0	500	0	0	0	0	0	0	0	0	0	0	0	0	0	0	0	0	0	0	0	0	0	0	0	0	0	0	0	0	0	
0	0	0	0	0	0	0	0	0	0	0	500	0	0	0	0	0	0	0	0	0	0	0	0	0	0	0	0	0	0	0	0	0	0	0	0	500	0	0	0	0	0	0	0	0	0	0	0	0	0	0	0	0	0	0	0	0	0	0	0	0	0	0	0	0	0	0	0	0	0	0	0	0	0	0	0	0	0	0	0	0	0	0	0	0	0	0	0	0	0	0	0	0	0	0	0	0	0	0	0	0	0	0	0	0	0	0	0	0	0	0	0	0	0	0	0	0	0	0	0	
0	0	0	0	0	0	0	0	0	0	0	0	0	0	0	0	0	0	0	0	0	0	0	0	0	0	0	0	0	0	0	0	0	0	0	0	0	0	0	0	0	0	0	0	0	0	0	0	0	0	0	0	0	0	0	0	0	0	0	0	0	0	0	0	0	0	0	0	0	0	0	0	0	0	0	0	0	0	0	0	0	0	0	0	0	0	0	500	0	0	0	0	0	0	0	0	0	0	0	0	0	0	500	0	0	0	0	0	0	0	0	0	0	0	0	0	0	0	0	0	
0	0	0	0	0	0	0	0	0	0	0	0	0	0	0	0	0	0	0	0	0	0	0	0	0	0	0	0	0	0	0	0	0	0	0	0	0	0	0	0	0	0	0	0	0	0	0	0	500	0	0	0	0	0	0	0	0	0	0	0	0	500	0	0	0	0	0	0	0	0	0	0	0	0	0	0	0	0	0	0	0	0	0	0	0	0	0	0	0	0	0	0	0	0	0	0	0	0	0	0	0	0	0	0	0	0	0	0	0	0	0	0	0	0	0	0	0	0	0	0	
0	0	0	0	0	0	0	0	0	0	0	0	0	0	0	0	0	0	0	0	0	0	0	0	0	0	0	0	0	0	0	0	0	0	0	0	0	0	0	0	0	0	0	0	0	0	0	0	0	0	0	0	0	0	0	0	0	0	0	0	0	0	0	500	0	0	0	0	0	0	0	0	0	0	0	0	0	0	0	0	0	0	0	0	0	0	0	0	0	0	0	0	0	0	0	0	0	0	0	0	0	0	0	0	0	0	0	0	0	500	0	0	0	0	0	0	0	0	0	0	
0	0	0	0	0	0	0	0	0	0	0	0	0	0	0	0	0	0	0	0	500	0	0	0	0	0	0	0	0	0	0	0	500	0	0	0	0	0	0	0	0	0	0	0	0	0	0	0	0	0	0	0	0	0	0	0	0	0	0	0	0	0	0	0	0	0	0	0	0	0	0	0	0	0	0	0	0	0	0	0	0	0	0	0	0	0	0	0	0	0	0	0	0	0	0	0	0	0	0	0	0	0	0	0	0	0	0	0	0	0	0	0	0	0	0	0	0	0	0	0	
113	21	89	46	69	16	8	1	59	11	54	73	77	68	6	91	65	104	4	43	64	31	34	99	91	18	32	91	66	50	14	21	31	31	87	73	98	76	92	40	37	17	4	44	97	30	42	78	55	54	118	21	111	24	57	13	27	46	92	108	108	10	73	54	43	107	47	1	72	11	65	96	85	76	31	76	114	29	19	29	58	88	100	60	12	6	61	43	97	24	86	3	44	79	96	44	12	60	92	47	19	16	60	22	77	28	36	49	64	26	25	59	29	50	116	98	27	57	9	35	93	37	102	106	49	105	63	29	68	68	2	72	19	17	90	2	43	119	6	21	1	2	83	9	50	31	109	81	2	44	73	35	80	36	29	51	87	118	37	31	45	109	15	60	47	80	39	94	66	107	42	35	67	51	46	63	63	30	111	113	66	7	18	52	43	101	85	109	117	67	52	26	47	80	101	56	20	112	100	99	98	96	31	9	102	22	49	15	13	13	18	2	52	35	92	5	47	94	38	96	85	58	109	62	25	100	36	109	10	81	66	66	91	54	108	97	58	17	102	24	92	93	61	11	30	1	71	56	45	113	24	36	62	58	102	52	37	25	53	4	89	91	58	33	105	101	82	83	82	33	46	103	25	64	66	20	106	56	87	61	11	21	117	41	71	110	38	99	22	21	36	19	33	106	94	50	74	71	37	81	73	52	4	65	80	51	27	99	103	60	74	88	39	81	108	39	81	2	115	82	34	107	85	27	110	23	66	111	106	5	85	18	83	66	75	107	70	49	90	101	112	65	39	14	30	70	61	18	37	94	39	41	62	112	111	84	79	12	99	8	104	85	43	44	97	67	81	66	37	63	13	3	12	106	17	79	46	62	45	80	54	106	10	31	36	25	98	36	48	76	117	81	109	26	93	31	2	22	18	111	45	87	35	89	107	117	22	87	108	9	39	16	71	106	20	31	55	69	50	10	43	6	101	70	103	106	99	56	0	47	113	116	116	17	99	41	62	53	39	59	93	17	82	4	18	83	59	84	51	93	74	9	28	85	40	75	92	34	30	27	116	61	109	83	70	81	71	82	43	77	83	116	11	76	59	31	72	109	1	94	18	34	108	39	8	116	66	96	61	79	81	109	112	54	27	37	78	102	32	108	45	115	4	62	49	115	35	66	87	2	27	68	28	93	73	112	28	24	49	35	105	62	77	54	27	114	19	100	3	92	68	109	66	86	24	42	58	64	89	20	19	68	80	3	86	66	38	114	20	11	107	105	55	57	81	56	94	93	33	58	68	38	51	86	73	56	49	22	7	113	12	28	5	101	4	103	14	98	75	41	106	27	18	4	2	17	114	119	15	68	83	12	27	69	31	76	85	46	119	104	56	72	99	65	108	11	45	104	51	40	6	78	12	57	39	44	18	54	80	50	93	16	75	19	78	58	40	7	40	114	44	13	70	67	19	75	2	104	96	32	102	21	65	111	81	96	91	39	7	110	74	76	5	68	77	11	17	118	55	82	64	82	31	52	94	60	72	88	104	114	112	25	19	97	29	94	61	5	74	27	90	12	116	77	48	90	82	42	115	70	8	29	113	98	18	77	46	86	31	69	23	29	66	116	33	93	89	70	75	90	89	40	47	18	39	31	36	34	56	97	22	30	41	89	91	92	87	46	39	65	78	116	23	17	13	32	33	50	79	23	17	49	39	8	18	104	75	78	110	49	86	54	9	36	73	72	45	10	38	62	107	12	13	80	76	43	40	112	40	96	103	63	82	20	11	21	65	73	117	60	103	38	47	84	5	117	1	7	115	64	69	93	108	111	115	48	7	58	28	81	46	68	1	88	98	69	52	55	36	118	13	22	21	48	70	31	109	116	30	91	63	19	64	114	82	38	13	29	80	31	85	47	82	93	73	70	104	83	74	46	37	112	18	38	72	71	49	71	43	32	56	28	111	115	65	67	13	35	100	96	37	80	114	89	2	35	93	50	67	53	109	66	34	56	44	50	104	115	17	29	30	0	119	9	108	113	87	10	101	109	48	63	88	87	29	9	23	14	111	98	91	101	69	43	116	76	18	116	101	68	15	87	37	6	3	92	31	3	57	5	82	12	18	115	79	58	109	6	105	46	29	40	16	114	114	49	28	45	70	51	15	34	65	70	42	64	108	92	78	50	1	6	51	0	24	76	100	3	26	16	104	11	1	58	57	91	62	90	45	81	49	49	22	100	7	27	48	104	83	102	103	91	60	101	88	83	52	74	104	64	71	92	49	109	80	41	101	9	10	66	110	69	12	64	60	100	16	101	48	109	55	49	76	10	98	61	57	43	19	34	79	43	105	50	39	1	36	0	48	80	9	35	91	93	28	23	102	22	32	41	117	62	28	13	119	34	76	32	87	33	93	111	114	119	60	80	78	81	71	21	87	25	3	44	37	47	47	113	84	36	77	15	69	114	62	69	17	41	106	61	33	91	107	112	46	79	89	63	2	105	30	11	68	103	98	60	63	76	55	92	82	8	110	36	24	108	119	117	89	98	59	16	70	90	45	6	80	109	4	79	112	101	17	109	23	90	118	97	54	29	68	76	118	112	75	7	41	27	109	11	78	80	10	32	80	86	28	8	94	48	67	84	35	111	81	29	79	10	119	116	19	52	29	33	71	13	37	15	118	31	87	69	112	18	37	77	55	111	112	96	82	40	88	46	27	29	55	106	107	31	37	18	38	28	119	12	47	94	52	63	115	103	25	118	77	109	107	41	3	107	56	43	66	0	108	33	6	31	4	57	54	111	110	119	5	59	78	25	97	10	89	83	22	7	12	43	59	97	45	70	115	12	80	40	76	12	18	54	10	72	88	62	84	99	80	5	77	28	14	95	35	79	95	89	106	65	89	18	49	118	79	100	67	101	112	22	30	2	97	37	63	25	37	29	58	81	107	116	102	70	95	70	94	93	110	40	16	59	46	9	32	92	19	99	117	39	82	62	50	0	32	68	53	52	27	53	90	80	7	51	96	89	17	22	34	60	70	24	86	118	76	89	25	28	47	36	119	91	36	14	118	39	9	117	83	47	114	93	59	111	76	36	51	117	84	38	87	20	40	1	85	50	107	114	2	84	85	109	75	47	40	71	4	8	67	22	43	36	106	119	77	96	2	14	71	57	96	96	5	100	58	67	117	103	76	36	92	29	67	39	95	36	21	82	51	65	29	113	36	42	58	89	16	42	89	73	36	47	117	27	28	102	69	54	71	69	29	71	32	15	58	42	61	90	34	13	18	108	73	108	62	88	28	93	116	100	33	60	58	118	75	47	29	41	9	50	49	84	31	59	76	66	115	70	83	2	17	73	19	39	6	97	112	80	71	90	9	64	114	65	17	46	34	108	118	61	46	23	52	60	11	88	82	86	36	100	35	18	24	95	45	12	11	38	60	48	3	39	47	61	43	47	25	102	42	58	56	74	117	53	65	21	23	110	56	100	7	90	35	67	105	53	95	41	10	29	25	10	112	38	102	10	102	93	74	80	35	97	67	96	36	108	94	111	4	109	111	10	82	1	69	30	74	28	43	31	74	20	119	108	101	45	53	41	114	37	36	107	62	88	31	39	92	28	12	106	11	30	112	89	71	33	23	65	117	101	0	15	2	101	94	16	12	30	22	73	7	102	31	87	65	97	68	39	109	21	43	38	90	87	65	113	28	51	3	69	33	6	77	7	92	110	61	108	28	64	104	1	77	112	51	60	93	91	42	0	23	47	68	59	58	1	76	106	11	117	7	74	5	56	36	41	47	25	30	50	85	2	67	99	20	58	58	7	33	104	98	95	84	45	102	35	62	57	77	10	24	93	88	118	115	52	58	48	89	4	106	42	33	104	9	43	54	8	26	5	17	78	60	113	81	75	73	72	73	31	81	115	0	115	39	10	81	88	114	96	5	9	83	37	75	4	85	74	86	68	23	79	101	58	67	15	99	78	57	18	105	25	19	88	78	53	34	60	53	2	47	53	45	42	82	21	58	37	37	6	74	85	81	23	111	18	14	98	91	46	70	24	118	41	18	99	89	4	91	74	117	17	113	95	43	89	110	43	53	84	10	119	91	59	88	20	6	80	47	42	23	91	1	36	64	46	110	82	112	81	112	93	106	34	60	10	76	111	32	110	86	46	101	50	0	101	3	118	60	16	81	61	8	85	23	47	63	71	109	34	107	37	50	58	90	1	93	2	18	35	15	25	38	62	18	11	81	98	25	53	44	80	89	42	8	88	48	26	37	76	58	30	11	25	44	69	74	51	19	43	118	21	60	105	90	48	34	27	7	105	65	61	69	11	58	82	56	83	51	36	116	105	110	72	36	43	113	0	32	64	10	15	62	34	61	34	73	90	33	71	34	34	95	115	16	115	114	113	62	10	10	70	5	103	1	73	89	86	71	97	89	10	70	104	103	60	83	102	6	115	118	39	55	78	50	17	64	73	76	41	84	3	44	114	90	65	1	70	32	30	62	80	23	83	74	104	57	95	58	115	106	11	61	107	90	52	16	114	80	24	39	84	90	105	11	22	60	39	73	72	73	16	9	101	39	19	10	25	104	49	98	7	112	69	100	67	42	10	101	107	26	83	67	80	90	2	89	14	8	79	34	93	63	84	37	30	41	106	21	0	79	96	48	46	15	54	24	73	93	17	86	61	52	40	90	65	53	54	10	0	51	74	93	36	65	57	55	55	70	1	14	39	116	48	91	0	87	110	10	115	119	101	14	82	18	45	70	84	2	91	51	77	27	4	65	88	0	74	47	118	96	94	113	82	118	95	87	47	56	112	39	10	69	116	118	97	12	85	114	45	14	73	38	4	28	75	11	0	14	54	31	63	50	53	75	113	107	54	83	58	81	111	41	110	3	104	34	32	78	64	65	13	4	25	97	103	76	95	95	92	33	55	84	118	119	7	105	108	5	88	40	11	67	84	87	109	77	96	34	27	71	107	17	46	73	67	31	107	76	109	112	20	104	44	34	73	11	11	80	70	28	46	46	36	91	90	7	91	76	119	2	114	80	25	94	97	82	65	108	67	82	15	103	47	54	107	61	19	13	113	1	40	49	4	19	102	97	92	61	57	12	21	70	96	114	55	108	101	15	92	80	0	115	99	1	98	105	87	103	57	45	65	28	78	2	32	110	56	78	37	56	81	66	57	92	97	89	93	25	41	26	93	10	96	37	73	36	113	78	45	111	28	117	53	85	34	66	101	20	11	11	50	116	104	75	20	22	40	22	109	92	21	17	0	59	103	83	101	6	85	93	14	24	106	108	2	106	80	84	57	66	64	68	28	77	12	115	67	88	14	109	37	102	68	33	51	111	86	32	14	45	97	70	36	101	60	26	118	56	63	87	114	81	61	53	9	24	56	0	71	56	70	98	26	4	44	106	72	10	30	118	28	118	79	26	22	13	1	71	99	4	97	100	118	67	95	41	44	67	62	47	70	58	53	77	20	115	43	21	106	2	72	95	51	65	34	97	6	97	30	47	38	16	61	0	105	29	26	3	99	103	23	118	100	73	19	35	53	59	83	53	119	84	52	8	25	97	97	21	85	53	24	72	73	87	37	39	117	43	5	24	16	74	33	117	35	28	63	64	35	75	69	109	99	103	15	114	4	35	85	20	114	102	40	101	72	60	25	33	82	54	74	41	108	23	67	70	5	3	48	44	70	0	28	19	117	115	48	77	90	36	47	43	4	86	103	103	23	44	42	61	108	74	86	114	60	4	15	36	61	43	113	32	30	69	25	80	67	53	41	25	4	31	40	110	36	91	68	22	88	98	33	73	108	30	69	17	40	42	7	17	90	63	47	94	33	79	49	99	102	110	101	119	80	51	53	49	68	13	50	93	4	112	27	61	64	66	36	57	39	6	2	102	15	43	15	68	28	52	97	63	15	6	22	105	53	106	70	38	69	67	95	1	96	45	11	92	48	74	15	76	48	46	45	72	70	19	55	62	23	24	99	42	24	11	4	65	86	87	25	66	109	71	41	85	45	12	39	102	90	5	74	77	16	29	52	42	2	32	61	107	42	13	86	42	66	36	47	33	37	79	57	0	93	100	35	45	77	30	118	48	85	112	115	49	95	22	74	31	95	65	2	101	65	17	114	38	48	64	90	87	34	31	38	104	109	20	110	96	21	32	93	106	71	58	32	99	118	27	117	112	31	57	70	85	103	84	111	90	7	39	101	27	14	38	42	15	52	23	32	43	117	31	78	42	85	61	21	94	118	46	10	107	22	72	75	80	56	22	45	52	96	3	7	9	83	67	43	53	51	118	46	65	103	53	0	117	84	1	67	104	103	8	78	71	9	32	109	82	119	42	36	65	7	27	28	100	48	69	88	73	89	66	54	72	61	10	115	66	78	62	73	23	29	103	95	109	114	8	32	54	51	52	0	91	8	87	48	21	80	44	27	110	26	116	83	113	39	71	44	41	42	89	32	58	36	35	103	86	26	78	96	17	1	39	97	66	67	102	91	54	98	12	84	104	25	65	51	66	110	115	10	106	51	16	58	59	84	81	44	66	39	84	119	60	108	52	41	27	15	114	114	71	34	69	12	66	111	88	103	61	101	83	21	80	7	34	96	25	36	64	12	42	1	14	99	73	64	67	116	17	40	23	52	73	20	54	13	102	22	66	29	57	74	61	91	13	36	101	30	82	116	108	47	61	117	41	58	82	92	89	101	65	18	97	44	64	18	24	87	20	83	69	0	64	24	118	5	93	78	63	88	114	100	99	110	107	33	35	111	26	43	68	110	78	70	95	84	93	107	42	25	44	66	10	114	16	92	13	68	46	53	81	83	43	99	87	118	18	92	0	60	87	42	1	9	57	62	102	42	10	1	39	96	118	101	38	82	60	59	62	99	68	20	10	66	4	3	17	113	85	73	79	101	4	98	99	99	83	27	37	19	73	45	9	20	27	51	89	108	111	100	101	85	58	12	15	80	74	20	95	55	5	54	64	13	90	118	114	110	110	38	66	44	20	26	37	118	46	42	16	67	20	103	58	0	47	105	8	43	46	12	40	94	84	41	113	107	19	1	105	98	79	5	63	95	23	84	0	12	110	43	65	27	108	97	7	75	91	40	113	48	5	116	2	58	104	50	75	104	2	30	2	7	47	68	9	64	71	82	105	23	77	56	9	103	23	105	96	81	18	16	63	50	25	106	51	76	78	4	109	88	57	109	63	46	109	51	10	37	5	52	78	117	44	7	84	108	1	73	117	57	111	20	21	50	23	111	109	54	8	107	96	31	61	61	102	118	70	66	117	59	85	13	119	16	79	52	118	79	75	119	115	102	73	111	111	66	78	15	117	54	19	30	110	28	18	24	15	77	45	72	102	96	80	42	20	9	107	71	23	112	33	39	17	70	109	5	98	41	52	83	73	20	15	100	48	118	48	51	99	71	86	107	15	1	53	56	102	20	24	62	108	68	47	37	40	54	15	81	56	57	9	74	70	119	78	111	22	109	97	48	36	65	81	94	38	51	75	85	54	19	64	72	53	64	47	87	27	58	12	91	4	57	64	97	4	39	58	30	44	110	94	37	48	97	53	49	66	5	23	32	68	52	36	5	72	30	75	79	111	31	24	58	47	4	47	26	23	53	73	32	116	115	4	98	57	42	46	58	61	80	101	68	116	13	97	61	26	6	76	112	105	57	49	107	54	24	17	80	85	110	88	89	6	29	41	111	46	97	97	107	57	111	97	3	88	11	77	81	32	33	78	36	90	63	31	91	62	71	15	14	115	2	115	53	114	59	88	14	43	113	44	14	29	108	74	2	13	63	44	9	48	2	21	57	5	106	59	24	55	92	115	98	30	97	2	117	97	15	92	50	108	72	55	35	81	60	61	104	3	38	103	75	82	47	44	82	50	47	112	62	85	19	57	101	29	9	90	19	111	64	75	26	67	80	63	17	23	52	112	25	116	100	26	77	4	111	34	40	119	117	99	10	119	83	39	12	19	53	65	3	56	117	37	78	42	97	13	54	95	9	30	81	84	82	110	12	22	65	51	76	70	91	76	65	67	83	68	93	87	73	117	71	108	80	93	118	28	81	75	75	47	34	
79	25	5	21	97	42	67	93	89	65	74	97	27	112	66	24	23	32	80	60	99	16	104	113	12	52	55	5	30	17	115	108	40	60	72	12	22	35	99	34	52	97	18	67	89	117	89	43	16	91	110	7	87	80	93	54	11	89	3	59	25	91	46	107	14	27	42	85	15	95	76	12	104	90	2	77	80	19	113	38	42	102	116	4	76	64	59	12	12	6	56	2	53	46	106	108	37	115	53	54	112	52	31	8	15	61	100	20	30	15	35	48	117	2	57	6	12	40	97	72	92	41	58	37	111	63	47	16	5	75	23	112	111	101	68	56	95	102	22	80	77	17	16	97	34	116	73	52	32	43	51	58	31	85	103	92	16	35	118	67	108	104	97	32	13	66	8	13	84	4	86	57	56	95	2	7	84	100	38	94	97	51	91	25	22	77	81	56	38	109	67	44	113	97	40	86	41	61	18	15	22	71	18	72	105	59	81	18	60	24	48	22	15	112	63	93	99	83	104	57	89	99	92	57	67	0	68	16	113	28	73	61	61	8	20	115	23	100	101	10	104	73	62	83	42	50	72	22	44	45	4	86	98	86	51	116	106	116	37	71	23	16	29	102	92	13	44	37	13	13	50	26	71	16	33	15	1	84	29	108	119	52	108	76	70	8	82	29	27	74	45	108	115	97	17	110	51	72	76	23	15	119	114	102	46	64	33	6	100	106	37	36	110	109	75	20	7	23	33	39	29	11	2	18	2	58	62	51	8	45	38	110	94	93	92	58	62	19	41	57	105	17	77	76	64	7	65	35	68	7	41	62	61	43	29	99	47	38	62	81	96	4	57	37	95	35	93	43	56	118	109	65	72	13	94	37	29	98	70	26	58	68	18	94	102	48	79	22	12	105	41	63	115	47	22	118	39	108	20	81	67	75	28	67	6	74	103	63	29	35	31	30	17	31	59	23	18	6	53	77	105	19	6	25	97	21	40	10	96	110	66	51	90	47	39	20	46	33	95	39	62	93	99	32	118	30	39	66	95	9	88	14	61	94	60	11	91	10	81	68	40	113	81	24	40	56	92	114	40	45	93	113	70	60	74	73	94	75	112	62	93	119	49	114	48	82	67	2	71	65	86	74	84	21	26	100	118	15	73	105	0	25	20	114	2	52	60	113	86	24	1	117	75	70	109	22	113	25	17	57	35	98	28	58	117	35	18	52	44	89	48	14	70	88	19	84	23	110	112	43	5	79	20	80	60	113	75	73	33	49	60	89	34	68	66	23	92	22	11	23	42	84	44	70	51	29	51	73	107	12	42	29	88	6	57	39	78	66	36	77	83	107	96	106	107	118	57	29	99	9	54	106	49	41	82	78	41	27	115	94	80	59	30	47	84	79	56	23	50	59	14	17	13	109	85	100	12	34	81	52	28	54	89	30	81	119	96	46	22	35	38	34	105	50	82	26	119	15	98	15	49	66	95	67	16	83	8	55	5	101	104	59	57	48	32	17	100	13	15	105	24	45	32	5	30	1	108	46	15	98	26	100	12	18	5	96	21	80	70	29	84	119	100	82	115	118	50	80	89	104	104	65	31	60	112	78	40	21	42	87	52	3	7	70	115	7	73	67	15	26	112	72	57	77	77	29	66	81	9	108	26	111	78	110	12	89	69	75	119	102	37	77	85	104	81	92	95	33	97	34	86	29	1	89	17	45	23	101	41	81	0	76	114	30	48	91	24	83	44	104	48	67	40	103	113	60	19	101	69	27	25	80	11	76	47	44	24	38	89	6	96	116	102	43	105	44	82	25	119	74	10	20	112	5	51	57	48	96	33	37	61	49	19	78	75	36	85	88	72	88	108	80	104	8	13	51	97	74	45	103	39	27	33	112	80	111	14	91	96	44	57	102	45	87	71	21	116	21	13	21	8	67	96	27	33	101	5	28	58	1	73	38	112	68	17	61	33	19	90	23	106	10	113	95	95	23	83	84	117	23	94	35	26	79	85	15	91	27	94	31	68	57	78	119	58	62	106	52	59	79	63	19	44	105	91	90	57	80	89	77	32	42	111	49	109	12	90	100	110	26	64	2	95	115	92	40	85	10	92	19	119	53	62	17	111	96	37	14	21	18	103	55	67	70	90	9	81	90	33	90	57	90	67	102	99	53	3	98	26	22	104	20	59	59	5	80	28	89	72	35	57	68	39	82	64	80	78	46	29	19	28	79	51	32	93	62	64	88	48	44	69	115	48	106	2	39	69	60	87	87	90	111	113	58	74	56	112	46	18	69	50	0	72	34	36	45	55	100	35	50	94	65	91	92	113	101	10	64	28	61	44	58	87	111	77	111	70	28	78	72	113	56	95	31	101	35	114	38	34	86	46	13	114	18	102	118	109	71	73	56	21	104	106	39	11	68	73	68	104	100	7	14	115	66	116	46	20	27	69	16	57	45	24	17	110	12	114	54	56	86	103	36	68	47	93	56	79	93	1	23	119	84	104	54	0	82	15	114	31	60	18	48	90	14	111	61	93	5	3	6	53	103	35	48	31	24	19	9	113	14	73	28	79	102	50	87	30	20	35	23	28	54	0	17	100	112	39	26	53	55	45	24	43	17	79	30	20	115	34	82	92	41	98	97	56	105	93	8	21	95	48	21	81	88	15	59	31	59	41	72	55	26	113	10	83	52	109	4	90	54	9	76	71	20	76	8	90	60	89	91	116	27	26	3	68	71	58	109	98	58	101	2	8	91	4	106	22	78	71	72	69	113	64	52	70	88	96	55	42	113	47	58	115	31	7	5	81	27	17	99	21	69	118	51	32	118	62	104	52	72	35	41	88	107	45	73	119	105	111	15	113	42	104	102	39	88	17	101	115	59	5	110	4	13	11	18	117	6	37	98	102	47	27	56	40	50	15	27	93	0	18	93	53	73	29	63	88	78	64	90	9	41	45	78	9	114	37	78	111	115	64	34	22	4	73	59	6	54	102	81	64	99	59	103	61	68	71	101	103	89	52	19	69	67	35	44	2	4	108	23	86	52	49	62	2	45	67	75	64	103	90	37	0	44	25	94	91	12	23	24	34	9	109	50	30	11	101	54	49	27	96	29	10	59	119	8	116	35	18	56	55	61	108	54	85	49	51	99	93	17	11	112	82	37	27	5	68	103	37	45	108	47	34	24	59	119	50	23	83	87	79	26	52	40	50	76	47	116	27	60	37	59	52	69	79	71	46	38	39	80	98	49	20	64	64	56	89	87	114	42	102	63	8	41	5	24	69	22	85	100	104	19	105	19	43	47	105	70	78	84	6	63	43	3	106	46	59	45	44	93	71	107	7	60	79	29	3	117	45	54	25	0	42	22	27	119	6	94	0	42	11	62	51	34	26	73	68	113	59	38	12	104	64	32	117	87	58	38	118	71	2	107	66	26	104	110	1	104	70	26	84	83	101	22	13	91	53	60	4	9	73	85	57	119	119	99	31	110	83	117	71	110	76	109	48	56	68	108	85	78	20	115	62	64	4	11	84	104	30	12	88	78	3	1	35	116	115	114	63	10	56	64	44	106	51	91	51	68	77	38	21	33	102	65	12	83	112	76	103	67	92	106	49	72	90	58	2	86	84	7	52	4	107	48	6	35	55	119	27	68	18	85	107	73	109	36	23	19	57	27	32	82	14	20	88	96	6	72	46	12	34	64	69	90	18	5	38	9	104	112	56	18	37	50	61	71	42	68	39	96	119	30	62	22	46	35	35	12	7	91	0	8	109	87	76	5	47	95	90	20	102	110	90	44	21	99	93	9	43	97	0	24	77	56	34	98	36	107	74	40	10	93	93	95	78	108	110	70	11	99	44	72	31	113	4	26	79	66	42	99	112	107	83	62	63	89	101	48	33	81	116	87	115	33	5	8	9	28	78	16	66	25	20	67	113	60	114	23	76	58	71	104	104	56	88	28	114	19	49	104	47	25	23	72	108	21	31	58	78	86	31	99	33	80	12	79	20	24	34	44	58	91	86	39	25	78	21	84	46	62	29	73	46	25	51	42	62	27	34	61	107	24	105	111	98	119	29	12	63	92	18	114	97	5	93	62	59	13	28	20	51	83	27	106	87	74	79	29	50	33	46	49	50	60	76	84	91	0	79	89	79	41	60	113	85	60	3	48	119	23	48	93	42	99	0	12	13	73	22	16	67	62	97	40	56	74	86	66	41	53	80	71	63	16	80	11	26	97	50	35	48	91	41	101	92	73	106	75	57	105	42	25	44	56	102	12	48	67	98	44	10	97	41	81	14	5	95	48	11	51	1	97	119	46	25	30	111	67	117	91	119	102	94	119	2	66	90	88	8	59	1	37	0	45	69	111	58	85	110	21	67	40	70	12	102	1	39	93	56	6	91	61	26	82	95	98	81	84	8	19	83	60	18	44	60	50	105	41	74	12	47	27	54	36	70	70	114	5	103	40	43	28	73	111	81	84	86	97	10	55	113	93	69	86	17	0	101	24	36	35	47	19	107	37	48	112	105	5	31	105	19	101	69	3	22	14	100	55	58	57	25	85	109	42	32	36	100	42	91	4	50	7	96	69	115	54	90	28	23	10	85	34	77	1	35	16	30	75	51	42	94	73	86	27	11	93	26	69	81	1	59	72	61	59	101	20	36	52	8	34	31	64	94	83	68	92	65	85	29	106	60	114	93	95	9	11	41	116	46	2	52	1	20	56	34	61	30	80	89	77	96	35	73	98	110	93	66	50	83	34	9	27	73	45	78	46	94	111	118	50	36	89	37	53	65	32	6	86	96	18	24	76	23	105	6	2	78	18	41	39	15	78	103	78	1	77	65	50	95	36	26	5	102	64	59	15	91	90	94	6	8	9	60	53	13	18	50	102	9	65	24	106	43	35	52	17	41	44	5	65	55	112	6	9	38	74	73	58	97	102	45	66	18	26	112	29	39	67	3	45	0	39	29	24	8	50	32	35	12	15	81	112	13	84	27	77	33	115	57	75	74	31	12	31	97	67	99	102	43	104	39	36	106	88	102	15	8	16	104	21	12	101	91	43	115	117	27	85	36	89	88	9	74	98	38	102	66	39	84	38	89	87	109	36	2	76	38	56	69	68	81	24	102	89	39	1	67	27	0	50	80	43	15	62	65	79	55	44	79	91	111	80	15	14	81	11	62	71	57	25	42	50	93	112	16	44	16	35	18	35	96	71	55	36	65	89	109	109	34	3	86	45	86	77	76	63	59	5	87	102	119	85	80	54	87	54	26	76	87	113	46	80	28	77	101	61	18	79	103	41	5	79	74	78	81	48	45	85	106	109	66	22	105	70	43	38	13	118	73	99	92	11	112	106	3	0	102	50	43	10	55	46	95	55	96	94	93	26	31	100	40	99	17	110	116	47	44	67	2	100	83	33	109	100	6	58	12	63	4	56	20	107	53	109	92	15	23	80	20	112	64	14	37	65	17	10	15	20	14	42	119	118	14	84	77	92	80	103	9	47	4	102	23	114	49	51	79	36	63	85	64	17	64	66	51	50	4	100	23	22	98	52	72	112	27	43	43	16	54	70	50	1	18	28	109	81	38	117	76	34	106	12	48	24	87	52	100	18	92	0	96	116	3	83	3	115	111	39	65	22	44	97	80	116	54	116	81	13	46	48	46	96	11	83	88	69	9	58	116	81	85	9	36	49	40	4	23	21	13	82	9	81	18	58	16	109	93	82	98	86	108	15	13	42	112	46	110	72	35	25	76	49	105	70	19	63	32	32	104	60	13	72	34	99	40	14	60	72	100	114	38	100	23	82	36	24	91	77	36	111	39	81	70	74	4	18	10	63	86	60	74	49	92	56	64	108	28	77	112	111	41	32	41	98	58	101	55	14	83	6	1	62	58	110	20	52	96	78	55	0	31	28	70	78	11	93	71	20	23	35	69	31	36	97	48	84	44	85	28	8	8	49	28	40	84	107	90	106	94	7	39	52	111	14	95	118	113	97	4	9	43	2	78	37	119	113	47	5	81	115	58	39	70	17	37	2	52	6	94	57	79	39	84	57	33	11	59	11	115	65	113	58	102	8	97	5	72	76	98	118	32	76	23	42	12	77	55	80	100	94	28	72	100	22	48	103	35	22	102	75	30	56	78	109	13	60	77	116	0	100	102	27	52	99	49	42	80	27	85	65	25	83	91	24	86	95	79	41	72	9	59	89	48	109	12	111	11	74	64	34	41	61	10	118	36	27	76	36	64	90	68	114	78	44	6	12	53	15	20	25	48	52	69	69	78	59	84	13	6	94	116	44	48	75	114	116	75	76	51	58	68	5	21	79	59	22	27	47	68	62	50	85	48	84	0	72	81	4	52	56	23	5	75	26	116	107	49	4	93	23	46	24	109	41	119	3	116	64	57	30	5	68	19	31	53	12	8	96	27	57	0	69	34	83	77	8	94	113	44	0	80	95	60	66	108	65	116	52	20	76	109	14	3	25	55	46	105	84	112	76	100	10	64	48	108	74	62	74	58	30	3	100	117	70	30	56	116	84	16	85	89	68	77	25	24	22	6	25	72	82	51	90	10	12	82	38	116	30	39	74	92	103	40	83	61	43	73	45	70	23	70	47	51	71	3	6	67	65	102	65	9	0	13	66	118	63	3	94	32	97	66	116	9	87	44	4	119	37	94	50	69	76	6	34	55	19	72	60	50	36	38	77	75	48	35	9	111	26	60	10	68	4	8	51	79	110	14	32	60	118	10	55	73	28	50	28	118	86	21	92	34	14	103	63	40	74	100	16	2	70	71	2	57	33	52	9	85	19	93	85	4	74	95	65	79	6	18	23	48	24	23	95	62	0	96	68	113	48	8	44	58	117	24	104	29	3	80	100	2	107	106	64	24	111	88	62	36	115	7	23	5	88	92	19	94	100	15	106	39	81	118	103	59	56	63	98	91	48	8	30	33	26	46	27	99	43	62	99	110	13	80	63	85	8	2	28	102	14	88	45	103	12	6	56	117	114	57	109	39	17	15	93	69	115	115	115	32	95	109	65	91	25	16	103	16	71	45	31	7	28	103	104	80	13	95	74	21	84	56	32	7	66	77	44	36	58	59	49	50	86	22	22	110	30	107	33	77	69	30	99	35	49	77	55	108	56	107	109	45	105	35	2	104	28	22	63	93	45	71	9	99	47	96	33	6	21	45	114	100	100	10	2	108	8	9	46	56	12	54	68	73	1	93	77	7	43	39	70	22	89	76	59	17	26	29	59	27	9	16	79	0	34	1	60	27	84	16	93	109	55	100	13	115	96	92	95	91	89	62	51	99	104	28	85	51	23	91	22	42	35	65	94	72	12	110	33	50	107	63	17	86	59	69	119	95	67	90	115	90	24	75	62	79	18	116	16	42	95	104	48	87	39	98	105	56	1	117	87	114	62	11	92	2	62	108	100	82	104	3	91	2	96	111	52	70	75	15	23	29	44	49	8	86	103	12	38	10	70	91	91	52	94	66	51	111	79	29	112	71	7	21	75	9	94	103	88	17	90	66	68	27	9	78	48	87	89	96	75	60	18	108	86	24	8	93	52	77	31	4	10	18	66	96	10	6	12	70	118	114	95	27	110	4	39	100	75	59	63	77	60	103	103	42	75	18	94	24	65	102	27	3	73	2	68	50	69	99	25	72	61	29	48	63	71	37	14	106	50	116	24	28	38	98	38	41	78	89	42	71	82	38	25	83	46	54	80	87	50	6	86	64	117	16	117	10	92	19	7	60	3	114	31	39	87	41	110	43	74	113	24	75	108	116	69	49	91	66	18	97	29	1	66	19	0	11	35	109	61	52	110	113	66	50	74	67	46	116	28	101	15	4	76	9	18	78	87	95	89	37	56	62	86	32	24	71	71	44	52	64	47	84	6	55	118	90	112	65	19	51	69	13	23	68	104	35	67	56	25	0	112	39	109	39	69	64	103	85	66	117	72	35	6	9	17	45	72	37	34	34	4	28	9	53	1	76	1	30	72	29	104	45	70	24	18	14	51	18	16	11	0	28	49	92	45	15	88	95	53	16	37	63	74	60	119	27	87	14	56	43	30	48	73	76	95	72	35	97	81	101	23	
3	20	8	15	10	15	5	12	19	1	13	12	10	1	17	11	4	7	6	9	8	7	2	1	8	3	14	19	16	18	6	7	4	8	19	15	15	19	8	4	13	10	7	7	11	4	20	9	6	6	18	10	15	20	10	4	7	11	10	13	3	8	3	4	5	17	1	18	4	2	2	2	7	20	18	15	1	17	7	12	1	13	2	8	19	2	11	1	7	7	12	8	20	19	17	9	2	19	16	11	10	2	1	9	11	15	13	10	7	11	10	11	5	9	11	9	12	18	12	9	14	19	18	7	8	17	3	16	10	14	10	7	19	5	18	18	18	12	8	16	8	16	11	2	12	3	6	8	9	12	1	16	1	17	10	14	1	20	8	20	14	20	10	14	8	19	8	6	10	15	4	8	10	19	5	18	12	18	14	8	4	7	16	20	10	5	2	6	4	3	19	8	15	20	3	19	7	15	3	10	18	19	1	1	13	19	12	7	1	6	4	1	7	7	19	9	11	5	11	16	11	15	6	10	4	4	13	20	7	20	3	20	16	7	11	3	9	4	5	9	7	3	10	3	11	8	19	3	18	2	2	10	12	5	11	12	3	9	7	7	16	13	12	3	19	12	4	5	14	6	1	8	7	15	17	9	7	19	19	9	6	11	2	7	2	8	10	1	12	2	12	18	17	12	9	11	17	10	18	4	6	4	9	10	9	13	6	11	18	4	6	7	7	7	8	20	11	9	4	6	13	6	17	8	6	15	17	8	17	19	12	15	13	1	11	5	9	1	12	4	8	12	15	4	12	19	1	15	10	19	13	18	6	2	16	7	14	13	11	7	12	19	16	11	5	9	8	5	20	17	20	20	8	20	16	2	18	2	15	5	2	1	4	12	9	18	13	14	8	9	7	7	13	16	15	4	8	7	9	5	6	20	20	3	12	8	13	9	3	13	20	17	18	17	11	15	11	20	18	10	4	19	11	17	20	7	14	7	14	14	17	1	13	20	12	14	11	14	1	9	2	18	12	9	10	3	20	19	3	5	19	7	3	19	6	16	19	16	17	13	7	15	1	20	10	8	8	13	19	16	11	10	1	1	6	4	19	18	2	20	12	2	1	2	1	19	14	20	15	13	14	20	11	8	6	3	16	9	3	14	13	3	17	18	2	9	2	7	20	16	14	12	20	8	3	12	1	20	12	3	18	14	15	20	15	7	15	9	15	4	10	18	1	14	19	17	2	1	1	18	16	4	20	6	20	2	16	6	6	1	20	4	4	18	16	20	10	5	5	20	6	9	4	7	8	5	7	5	7	7	17	20	1	16	16	11	9	17	2	18	16	15	18	18	3	14	11	1	14	20	12	7	14	3	8	5	1	14	19	1	20	18	14	15	7	10	2	1	4	1	16	10	16	18	17	1	15	20	6	15	18	9	4	7	4	13	13	4	13	18	4	10	1	11	16	10	12	2	12	12	2	2	3	14	4	8	20	11	3	16	17	17	8	16	10	5	13	16	13	5	14	2	12	8	17	2	1	20	5	10	12	3	1	2	1	12	5	15	4	14	15	12	3	16	19	16	14	16	13	20	16	4	13	6	4	7	5	2	12	4	4	2	1	18	14	10	19	20	16	20	17	9	20	4	2	16	18	12	15	12	15	5	3	20	12	7	1	11	3	11	7	16	16	19	10	3	20	16	11	4	12	2	3	15	18	20	11	4	15	5	8	11	3	13	8	5	14	4	8	7	9	19	13	19	5	8	19	16	7	4	16	16	1	7	20	4	19	18	18	13	2	7	17	3	15	18	18	13	8	1	20	15	16	16	10	18	14	16	18	18	2	19	4	6	2	14	19	18	5	1	2	2	10	1	2	1	9	8	6	14	7	2	9	11	1	5	16	6	4	17	6	2	10	20	18	9	11	6	18	13	4	4	3	17	18	1	1	19	19	11	14	12	7	1	19	5	7	11	16	7	16	3	11	19	11	5	1	18	10	7	10	1	8	1	5	16	8	5	16	10	10	15	11	7	4	13	5	11	1	7	12	5	20	10	5	13	9	4	9	3	9	1	12	6	17	3	12	9	3	2	17	18	3	8	9	19	14	5	5	3	9	15	14	4	17	18	8	7	4	4	17	14	18	13	10	20	4	6	12	15	19	13	7	4	16	10	17	12	13	7	14	15	6	8	16	4	20	11	12	15	4	12	3	17	19	1	10	5	16	16	5	9	18	5	7	16	5	6	1	9	7	5	20	15	8	10	16	11	14	5	5	3	17	3	18	2	13	3	5	1	19	20	9	8	19	2	10	17	15	17	2	20	20	16	4	11	11	7	16	6	9	7	16	15	19	2	14	7	1	8	17	8	11	19	17	3	8	14	10	14	18	15	7	16	13	6	8	4	15	14	10	14	12	6	10	4	5	8	17	18	15	9	2	18	11	9	15	16	13	3	19	12	16	19	13	11	16	11	7	14	19	12	7	7	1	15	20	5	4	16	12	3	3	5	17	17	19	18	14	1	4	10	13	6	19	16	19	19	2	1	13	12	2	12	16	10	3	12	17	2	6	11	5	14	17	1	9	18	16	12	1	15	8	1	4	6	12	17	10	12	18	4	7	19	1	16	14	10	2	14	3	12	12	6	18	9	11	2	6	11	6	11	18	17	10	2	20	14	17	7	2	10	3	8	3	2	9	2	1	20	18	1	9	15	20	19	13	14	14	17	8	8	2	19	8	8	18	19	3	13	20	10	4	12	10	11	13	19	16	17	16	10	1	7	5	11	3	4	13	6	10	18	5	12	8	2	14	11	2	9	2	19	12	4	20	14	8	15	7	20	7	5	7	6	1	17	5	18	12	14	2	4	1	3	3	14	12	2	9	16	7	12	6	15	18	6	18	9	7	17	9	2	15	17	10	16	10	5	6	18	6	20	16	4	20	9	18	16	20	3	2	13	4	12	7	8	9	9	16	1	19	19	17	9	20	15	19	6	5	10	3	12	14	12	3	20	17	4	6	20	6	5	3	20	15	13	13	6	13	6	7	10	12	15	13	1	2	2	13	13	8	7	10	2	6	5	14	10	10	16	11	12	9	4	9	4	19	8	9	16	14	7	8	4	10	7	15	14	1	1	3	17	8	18	6	9	3	19	19	4	12	13	9	10	8	12	16	12	3	7	17	16	7	17	1	6	9	17	17	16	5	14	7	6	17	6	2	10	14	10	9	19	12	11	16	20	5	9	8	14	13	3	14	5	6	1	16	10	1	7	17	7	18	15	20	4	3	3	4	3	9	18	12	12	8	2	4	12	18	12	9	5	4	20	16	19	18	17	3	11	6	2	5	11	8	14	13	11	6	12	11	13	1	6	12	9	14	18	1	1	1	19	7	4	7	2	20	6	7	10	11	17	4	15	11	8	7	18	8	16	19	15	3	12	7	8	5	12	16	11	3	18	20	15	18	17	16	10	16	1	1	13	13	4	15	4	5	6	3	14	3	5	20	7	7	5	17	15	3	15	20	5	2	9	17	12	3	15	18	14	1	18	19	8	15	12	19	7	17	1	17	20	8	15	18	7	9	10	4	11	14	15	8	11	14	20	10	14	20	13	12	11	3	8	3	8	2	17	8	14	1	1	7	6	18	14	17	1	4	4	16	8	13	13	17	3	7	1	5	1	2	9	20	1	15	15	4	14	19	7	9	19	11	14	18	6	16	10	13	20	16	7	14	18	14	15	16	4	13	18	5	9	17	10	13	9	11	10	10	12	12	10	16	12	1	8	6	10	8	3	19	16	20	4	8	5	4	19	3	6	8	8	1	5	9	3	4	4	2	10	9	8	7	7	13	13	15	13	13	16	19	2	6	11	9	18	13	14	10	16	16	10	10	11	10	13	15	9	14	15	10	7	7	13	19	2	12	9	15	7	17	14	8	2	10	4	15	13	2	9	4	18	9	12	13	19	12	5	3	8	1	6	14	9	7	11	8	6	20	17	17	6	5	18	11	4	8	14	18	10	4	10	20	4	4	11	5	13	12	15	15	12	5	14	15	20	7	14	1	16	17	3	3	17	7	18	10	6	18	16	14	15	8	15	12	8	4	3	10	7	4	14	17	9	17	8	1	19	13	14	12	18	20	13	19	18	6	19	10	4	5	8	11	1	10	13	7	6	7	6	15	1	2	7	6	2	13	4	8	11	8	1	11	5	7	8	6	1	11	13	2	15	1	13	5	1	16	16	9	5	9	15	2	5	4	7	4	15	4	5	5	8	16	3	14	1	12	9	7	1	8	12	7	7	15	8	2	7	5	5	1	1	3	8	8	5	7	8	2	12	3	16	2	11	16	5	15	12	16	6	11	8	16	14	6	7	7	15	5	5	14	8	1	7	9	16	12	12	10	12	14	8	5	1	4	14	5	12	15	12	10	8	15	15	13	6	11	1	14	9	3	2	14	1	3	12	14	8	9	9	15	10	1	2	2	11	2	15	15	4	7	3	9	11	11	13	2	10	1	12	3	4	9	3	4	1	15	16	13	16	14	12	5	4	7	14	5	13	4	8	12	16	8	4	12	11	10	7	10	7	2	15	14	9	9	13	5	8	13	14	4	2	5	14	3	4	3	9	4	9	7	8	10	1	14	6	1	5	1	14	4	2	9	2	13	14	6	5	7	16	1	6	5	11	8	2	11	11	4	9	11	6	9	11	5	1	16	14	8	14	5	11	5	4	12	11	3	11	12	16	14	4	3	2	16	7	7	12	8	4	16	9	4	13	13	5	7	5	12	4	8	11	6	16	11	11	8	11	11	12	13	8	12	1	6	1	11	1	7	11	9	11	9	15	12	14	1	14	3	16	13	7	13	6	15	3	10	5	8	2	4	1	5	15	7	16	9	11	7	13	15	6	9	13	3	7	7	11	8	14	11	9	9	1	1	7	3	2	14	11	5	14	1	16	4	12	2	2	9	9	2	9	15	10	12	16	15	16	3	6	7	2	14	1	5	8	11	3	9	15	5	16	6	11	13	6	2	7	11	5	7	4	8	5	15	14	1	10	14	14	14	1	5	13	4	4	6	12	7	6	10	15	5	5	8	13	8	15	15	10	4	6	10	4	3	5	14	13	1	9	1	16	11	14	2	12	7	5	13	16	16	9	11	4	11	3	12	7	7	6	6	3	12	5	4	6	1	8	3	11	4	9	3	15	9	9	7	9	10	8	10	2	7	10	14	9	7	1	8	15	14	6	12	14	13	6	15	7	16	6	7	13	4	7	4	12	10	2	1	8	8	12	13	7	2	3	8	3	6	13	14	15	9	8	7	4	16	15	15	15	8	6	11	2	8	10	8	10	7	1	10	2	15	13	1	12	5	6	6	1	2	7	1	8	4	8	3	16	12	2	15	11	7	1	8	11	13	15	4	6	11	14	7	13	10	16	14	4	5	1	11	11	9	3	10	16	10	5	10	2	11	1	3	6	10	14	12	3	12	10	13	5	14	11	14	14	3	3	9	15	3	11	16	8	3	9	1	3	9	10	6	7	15	6	16	1	3	6	14	2	16	15	14	15	15	6	4	4	11	11	14	15	13	12	2	15	16	13	5	7	1	11	1	16	12	6	16	14	2	10	9	13	13	7	10	12	4	13	11	14	4	2	10	2	6	8	16	11	7	1	10	11	3	16	10	6	2	7	14	3	12	14	5	5	15	14	2	1	11	13	1	4	15	1	16	12	16	7	4	16	14	11	14	13	11	7	6	14	1	12	8	15	9	10	5	13	1	4	10	5	12	8	7	1	2	3	15	14	9	1	1	6	6	10	11	9	10	7	14	13	9	13	6	8	1	13	7	1	2	5	2	11	5	14	3	2	3	13	15	16	2	10	6	10	15	2	13	13	11	9	12	4	9	5	3	11	16	14	14	10	15	10	5	11	3	14	10	1	5	7	11	16	15	8	6	15	7	4	14	3	13	8	6	16	7	16	4	8	6	16	9	10	15	12	7	5	5	12	14	15	5	5	8	4	16	12	4	15	3	11	12	16	3	1	13	15	8	15	13	10	14	4	13	11	4	7	12	12	1	8	11	10	11	8	10	10	14	6	14	8	14	12	12	8	11	10	13	9	15	7	5	16	6	5	11	1	15	14	7	2	16	2	7	11	15	11	4	16	12	3	1	2	4	9	15	5	15	14	16	7	10	8	8	13	5	3	7	12	13	1	14	15	13	9	6	10	9	4	10	4	3	14	15	13	16	2	4	6	3	1	10	6	2	13	16	11	13	16	3	11	9	6	5	9	6	9	14	1	4	9	7	2	11	12	8	3	2	6	1	2	6	11	8	9	13	16	1	6	6	13	1	3	13	3	1	1	12	16	5	6	3	13	16	14	16	9	13	12	1	15	6	10	12	4	3	5	4	3	5	10	9	8	4	9	1	13	11	9	12	10	16	5	4	13	13	6	11	14	16	11	12	9	3	11	9	2	8	9	1	11	14	10	7	6	13	5	7	12	9	16	10	6	7	4	7	11	7	1	10	14	16	7	6	6	9	6	9	8	15	10	3	5	9	6	8	16	15	14	14	12	6	4	15	6	8	9	4	16	10	10	6	7	5	1	9	8	10	14	3	8	3	3	13	1	8	3	14	7	12	9	4	14	12	9	1	1	13	8	9	2	15	3	13	4	15	6	1	11	7	14	7	14	2	9	5	15	10	13	2	2	10	6	13	5	15	7	9	9	7	11	15	3	14	15	1	10	10	11	12	12	10	8	9	6	13	4	1	8	10	7	10	14	9	12	4	9	12	10	13	12	10	6	6	16	1	7	2	12	9	7	3	13	5	10	11	4	6	2	7	6	9	11	11	3	10	3	4	6	8	7	14	9	5	9	11	10	1	10	1	13	12	13	4	6	3	13	14	7	12	9	3	16	7	8	2	2	15	2	4	9	12	12	1	12	12	12	9	9	11	1	7	9	14	14	14	14	13	14	9	5	9	5	11	1	5	2	12	10	12	3	1	9	16	4	7	14	9	5	10	8	4	13	9	14	14	4	1	7	5	11	9	7	8	7	6	5	10	3	7	3	8	4	15	4	12	1	5	2	16	9	14	14	2	10	8	9	1	2	12	15	15	13	13	16	9	14	16	14	6	11	12	1	16	10	2	4	11	1	1	12	15	7	13	12	6	1	1	12	3	10	16	3	14	3	7	13	12	4	8	13	16	12	12	9	2	6	4	11	3	13	3	12	4	16	15	9	14	12	12	7	15	4	4	7	11	4	2	16	16	12	12	11	4	8	1	16	2	5	4	7	2	4	12	1	5	15	2	14	13	16	11	15	3	3	4	2	15	6	1	1	7	12	9	3	16	7	4	11	1	7	8	7	8	14	14	9	6	10	10	2	15	8	6	1	5	11	16	7	3	3	16	8	16	3	1	4	15	8	14	10	11	13	8	16	10	9	14	13	1	4	10	4	5	6	9	4	10	1	9	12	12	9	11	2	12	7	16	4	14	14	16	16	1	5	3	10	15	7	16	1	7	15	3	1	8	11	15	9	8	15	2	8	6	16	10	7	3	13	11	8	2	14	15	11	5	3	6	2	4	13	3	14	9	9	10	3	14	15	5	7	8	14	6	2	16	1	15	11	4	3	12	14	5	14	12	14	4	3	14	15	9	1	4	15	3	6	4	9	1	4	4	16	5	1	15	11	4	13	15	2	5	7	13	10	8	16	3	7	2	10	13	7	11	10	13	5	11	1	4	3	6	6	13	2	5	10	3	15	1	4	10	10	13	10	8	11	15	5	10	14	1	14	14	9	5	6	13	16	3	16	3	14	12	13	12	4	7	1	5	1	3	14	16	6	1	10	4	9	8	8	4	11	6	2	1	5	1	16	7	1	8	16	15	9	13	3	12	1	16	13	9	2	14	7	11	10	13	3	14	6	5	15	10	3	3	8	15	14	8	5	8	5	9	12	12	3	15	6	14	16	16	13	6	12	4	3	11	9	13	11	13	5	8	6	13	1	4	1	7	12	16	9	9	11	13	13	7	6	1	15	6	5	12	8	7	5	1	8	7	13	7	1	15	11	16	10	9	15	11	14	8	13	8	6	2	15	2	6	7	6	
640	390	720	730	960	610	260	530	690	230	720	770	310	800	410	560	160	590	190	180	200	680	400	290	450	570	270	540	230	120	250	320	570	420	390	720	990	910	560	950	820	680	150	750	470	650	720	720	530	370	990	590	600	640	1000	500	390	510	410	770	760	540	230	310	500	550	300	850	490	500	980	370	820	940	320	930	680	680	680	230	110	720	190	240	380	500	530	770	820	840	910	830	880	780	330	120	150	760	880	740	910	530	800	340	870	950	430	750	540	590	170	170	870	580	100	980	610	990	670	880	960	130	580	730	390	800	630	940	510	390	980	650	110	930	280	370	660	620	900	170	350	620	200	540	130	260	970	580	740	500	180	950	770	830	220	780	520	360	290	650	780	410	680	760	700	250	870	700	610	1000	860	630	850	380	660	300	740	330	530	860	890	340	250	230	140	620	600	380	700	810	750	190	910	200	240	880	600	990	570	360	430	930	830	790	940	280	250	170	390	440	300	550	710	920	570	110	620	260	330	880	760	830	640	930	310	330	260	710	360	150	830	130	770	830	500	350	110	1000	640	590	700	270	780	270	690	110	830	290	950	230	940	100	170	100	640	760	690	550	430	810	720	150	250	400	230	840	560	740	140	500	460	470	540	760	830	270	880	800	260	950	670	740	820	170	470	580	440	610	170	160	870	670	880	450	160	1000	870	350	550	950	770	610	570	240	890	1000	830	720	680	480	310	290	700	480	440	490	560	450	960	480	230	800	460	550	360	530	850	750	380	360	840	860	240	200	430	250	200	170	830	730	980	370	950	220	690	280	980	730	780	190	920	290	260	1000	250	340	240	380	810	320	810	700	620	860	660	190	790	120	270	340	890	490	780	670	660	250	600	990	450	300	450	760	550	730	260	990	920	830	490	330	630	810	730	780	320	100	190	380	540	820	810	450	260	930	790	370	720	510	970	820	570	730	830	970	260	800	510	920	950	400	240	360	320	240	360	1000	560	390	220	170	380	220	980	920	900	470	280	160	950	780	280	570	770	940	900	530	970	410	860	120	720	730	710	410	890	290	300	860	130	740	710	200	870	790	810	970	620	730	500	380	1000	460	570	460	240	710	670	730	750	820	620	820	850	470	780	380	760	100	470	820	900	320	960	460	900	920	1000	160	440	400	480	270	710	270	300	550	660	670	540	210	880	230	460	780	560	620	770	440	610	160	550	200	520	880	830	750	910	670	540	940	820	480	170	500	310	890	500	960	450	730	330	710	560	200	560	870	980	640	170	590	100	100	310	700	330	430	900	750	190	370	520	490	400	660	970	980	600	370	190	690	600	910	950	490	280	290	460	100	540	330	760	330	500	690	990	510	130	180	560	110	610	580	590	130	290	680	720	630	410	1000	260	420	440	840	800	960	820	420	140	950	130	580	850	550	990	290	740	760	250	980	850	720	440	570	960	1000	670	810	100	750	200	670	560	300	470	690	410	830	650	290	670	560	570	370	920	960	460	380	890	130	680	270	560	480	290	460	970	300	750	940	780	940	790	150	740	720	680	270	810	240	470	500	420	550	760	130	930	430	370	540	410	890	530	890	790	790	310	730	510	390	590	240	210	200	140	720	600	550	150	680	140	260	850	500	880	570	350	500	840	240	190	110	880	460	740	760	240	320	370	980	270	820	120	300	820	160	540	1000	840	470	330	680	750	670	670	780	980	240	750	970	400	930	970	600	820	670	870	610	470	240	800	720	440	530	860	570	560	870	630	580	650	170	420	970	620	530	190	380	870	640	540	740	710	780	960	520	760	430	770	920	900	630	560	930	280	920	800	820	960	290	860	650	520	150	650	280	590	230	820	720	910	850	550	900	700	940	980	810	220	620	900	150	760	540	760	610	210	910	570	100	240	240	230	150	950	530	340	420	830	440	110	570	200	640	540	160	640	730	260	560	280	440	570	360	970	160	630	730	270	540	240	290	400	840	720	210	220	760	480	700	540	380	170	990	560	210	490	410	570	280	600	920	150	990	670	640	740	510	390	550	550	910	920	650	630	310	630	850	250	720	200	150	870	170	970	240	440	520	450	920	650	550	480	980	820	510	510	240	240	660	940	150	400	260	860	360	950	590	870	470	230	690	570	900	940	760	850	210	690	760	740	770	910	890	710	980	590	920	980	230	390	880	580	610	660	600	130	390	790	970	730	830	260	630	810	130	850	620	850	250	590	230	500	200	710	370	880	1000	130	480	680	450	320	580	770	830	990	940	520	950	350	830	300	580	130	1000	230	100	630	140	580	590	910	670	390	420	390	310	200	540	570	210	740	700	120	540	420	930	130	900	680	220	600	610	510	760	670	320	930	660	920	500	710	360	160	330	910	350	460	930	650	310	440	910	940	810	970	870	410	540	610	960	740	520	430	230	750	950	100	350	170	490	590	940	620	780	740	290	250	440	630	700	990	390	180	690	400	730	490	310	850	200	710	620	330	530	460	630	490	870	730	790	810	550	940	480	140	940	220	460	700	850	710	550	230	150	520	130	140	790	630	120	700	150	120	320	380	730	920	260	440	320	900	170	190	650	980	790	690	850	880	850	290	390	610	600	960	600	510	870	910	360	580	620	140	460	250	110	560	140	300	290	100	500	850	190	610	280	850	170	950	170	500	480	110	960	350	990	530	990	490	490	140	630	450	130	400	230	310	940	970	600	450	680	470	680	780	820	400	690	730	410	240	830	110	320	230	940	980	950	920	210	890	650	110	860	830	530	130	210	470	240	120	220	890	900	730	490	760	680	100	990	420	620	860	960	600	590	410	240	140	300	820	690	140	360	700	930	330	460	430	870	480	860	770	660	480	160	570	110	300	340	880	950	240	520	690	940	320	800	300	720	440	210	120	660	740	240	600	270	350	700	560	440	730	210	760	710	420	120	220	740	100	800	820	800	270	550	150	510	270	510	270	600	870	630	840	590	520	800	580	220	450	890	210	430	210	600	680	800	350	430	1000	420	710	890	680	340	250	360	760	360	1000	150	920	510	150	320	760	320	170	780	140	570	190	700	800	480	280	780	130	800	820	740	870	510	110	280	870	920	710	620	370	110	330	430	950	890	830	680	470	230	1000	830	880	860	360	790	200	280	600	490	610	180	570	810	410	700	590	430	170	490	390	900	400	370	640	870	850	610	560	620	640	190	1000	520	570	870	440	720	800	430	870	300	890	600	290	120	120	630	870	100	990	430	760	860	520	690	720	280	480	200	950	630	710	550	620	520	620	140	980	160	470	490	670	620	570	620	380	250	610	980	610	690	280	340	610	160	510	830	220	160	250	180	750	370	600	200	420	400	890	270	870	600	630	150	700	360	310	940	640	850	630	300	430	210	450	100	510	360	790	420	600	150	760	270	420	410	660	560	210	810	810	880	660	850	890	1000	430	1000	640	250	630	660	710	270	960	950	190	970	910	960	130	980	590	840	790	160	660	410	650	430	440	330	210	600	820	420	160	700	590	300	240	990	910	270	510	430	770	680	100	930	720	870	940	310	820	960	830	300	970	870	170	350	760	700	530	200	160	960	700	840	800	650	690	960	350	230	640	400	650	960	670	490	390	570	240	770	930	110	650	470	310	680	800	830	820	420	450	960	140	210	380	120	720	880	760	700	340	140	760	870	980	540	760	200	570	650	300	220	560	740	850	200	890	260	320	760	400	210	630	920	400	580	760	990	880	490	880	880	520	720	490	550	510	910	880	650	880	760	790	110	260	790	930	120	600	260	230	570	890	580	610	450	660	880	380	330	940	290	810	140	610	550	400	880	930	800	710	570	980	560	480	140	580	570	590	910	920	420	130	340	370	440	310	160	740	270	150	790	450	610	900	620	140	620	140	630	460	570	870	680	1000	120	800	430	790	170	190	420	610	230	660	100	460	690	780	490	400	770	560	710	520	660	380	640	940	980	370	850	250	770	340	950	470	260	410	200	220	970	570	760	890	110	250	560	270	630	410	580	760	360	630	290	400	120	110	150	910	240	530	570	150	220	370	570	160	920	290	230	900	820	920	180	670	330	380	130	640	370	160	500	100	130	490	510	350	170	310	290	950	420	760	750	390	940	990	580	310	530	480	520	290	810	320	800	280	160	110	690	910	930	240	390	330	210	350	610	440	840	100	220	250	640	370	560	1000	290	610	570	990	880	990	200	600	730	940	350	960	360	770	370	100	1000	490	620	270	740	690	420	530	920	970	100	220	230	230	130	210	970	430	600	910	350	430	500	300	800	960	190	220	560	900	410	570	330	660	450	450	760	980	550	380	280	360	180	990	340	300	670	560	460	800	640	660	130	740	320	720	890	290	820	980	160	910	650	940	890	810	550	120	540	890	200	690	770	390	420	800	120	210	900	830	430	710	910	700	790	870	980	250	170	820	940	610	410	640	120	160	210	350	660	770	480	480	240	740	580	370	890	300	470	330	1000	880	740	590	680	430	930	530	1000	740	590	330	190	240	400	360	430	330	980	990	470	140	250	390	220	500	390	850	780	680	820	690	670	140	850	960	260	260	650	320	560	880	370	500	740	1000	100	860	600	380	200	500	990	840	490	630	910	300	340	720	550	140	680	200	810	540	630	140	780	750	280	600	240	970	510	720	160	160	1000	220	530	590	420	450	530	840	900	170	190	260	620	230	480	230	240	340	930	810	880	490	720	670	150	360	230	710	760	410	700	650	330	280	910	980	820	340	550	280	470	290	240	950	410	990	890	550	670	810	840	670	320	810	430	500	550	160	200	320	270	360	740	980	320	420	540	590	280	800	950	160	140	570	720	210	960	280	800	140	830	340	150	780	120	280	750	790	840	110	170	990	910	610	750	800	780	610	330	240	440	490	830	400	470	910	800	130	750	390	210	310	950	780	480	470	900	160	860	630	290	460	570	650	910	280	620	580	700	730	810	400	870	400	520	820	230	940	650	560	690	750	980	400	350	670	150	860	530	860	820	440	780	540	380	380	680	840	930	410	210	640	940	160	680	750	610	360	610	190	180	640	890	350	360	750	180	390	930	920	830	850	480	540	920	260	380	820	130	920	980	210	940	790	360	440	910	380	690	500	280	750	940	240	370	430	760	560	200	860	980	480	350	540	270	190	680	780	810	980	970	950	590	140	460	960	760	280	970	550	450	410	780	160	980	830	760	170	870	480	360	580	490	350	600	990	320	760	270	550	880	220	540	470	360	320	680	110	470	110	460	450	330	930	320	720	510	930	410	360	920	820	420	960	690	590	590	740	530	150	310	280	780	280	410	450	130	610	270	880	100	840	370	190	690	120	720	760	310	710	170	880	460	520	780	160	590	670	400	670	960	890	490	730	770	110	190	140	780	560	720	610	330	850	660	420	880	100	540	470	120	950	260	640	100	980	220	810	910	1000	170	140	700	980	110	400	580	640	360	830	340	570	530	750	390	890	240	400	830	800	350	460	850	390	860	400	530	930	590	100	430	720	590	510	200	910	110	820	640	400	400	920	740	700	470	370	130	470	280	220	830	440	610	260	830	860	710	940	900	520	720	960	400	200	980	400	580	700	250	580	360	130	820	290	350	290	680	400	150	570	900	200	230	100	390	730	960	530	600	860	630	860	530	200	760	610	150	780	640	240	800	240	170	400	190	740	400	710	480	840	850	760	500	650	270	390	350	280	680	580	210	920	610	500	910	1000	830	170	900	700	640	130	850	240	370	410	910	940	140	870	330	990	890	720	930	790	870	820	880	790	640	220	550	110	260	260	340	140	740	1000	340	540	930	400	600	850	150	620	690	500	660	720	610	590	720	100	790	230	500	110	730	180	700	730	850	790	600	840	220	990	620	780	780	360	620	640	910	140	300	230	290	310	860	570	540	330	740	230	280	610	140	550	570	270	900	760	440	890	120	610	770	810	440	440	990	950	510	630	180	690	990	290	630	530	800	550	490	730	240	460	110	260	250	350	420	960	390	200	920	940	720	550	220	160	360	190	580	940	350	790	860	360	1000	700	490	150	130	150	360	300	260	720	380	580	860	840	590	880	1000	950	220	330	470	360	380	550	360	370	920	260	680	120	400	780	410	100	540	570	690	760	300	760	720	710	100	980	190	1000	760	470	300	620	310	790	1000	340	680	550	820	930	680	430	870	550	560	940	700	700	510	670	970	670	510	970	460	230	970	300	420	150	400	450	290	820	750	1000	110	910	560	700	410	230	880	390	820	520	200	970	790	400	580	760	580	980	720	420	110	160	280	890	330	540	440	310	700	610	390	690	810	940	200	400	940	730	430	210	490	300	460	920	520	100	690	230	840	600	220	450	680	680	920	440	990	170	590	160	710	860	990	160	320	480	460	890	170	990	810	900	470	600	650	740	190	690	530	940	570	170	620	990	130	940	540	860	200	170	640	440	690	910	510	890	540	200	400	400	590	150	860	850	220	160	690	810	430	580	420	580	780	510	950	140	650	800	120	410	240	520	300	760	390	700	960	200	700	280	410	210	580	560	740	640	220	310	360	310	600	630	990	120	250	730	530	140	210	390	140	940	350	250	590	560	860	450	270	820	760	450	200	150	610	670	520	680	930	150	240	840	310	370	760	420	520	750	230	770	430	930	140	450	970	780	460	690	930	770	510	480	830	370	670	590	850	260	130	270	770	170	240	350	660	700	850	660	360	910	180	960	180	780	890	300	580	150	1000	230	280	880	480	520	460	450	870	250	110	750	110	790	150	590	840	130	850	760	580	440	130	210	490	900	250	180	900	230	690	890	800	460	750	110	370	240	670	330	220	610	510	340	770	840	430	1000	950	810	630	350	920	900	800	820	390	990	630	590	410	810	830	880	260	980	920	460	840	370	240	430	300	580	400	310	750	460	190	640	760	140	720	280	700	100	800	100	970	470	890	130	850	580	430	990	740	650	210	700	930	240	910	470	820	250	720	910	390	750	310	540	850	130	190	740	420	550	870	1000	420	600	460	250	200	200	720	660	600	870	990	390	620	190	130	310	220	790	840	790	870	350	380	530	990	320	750	410	890	140	400	150	260	600	950	210	710	480	410	550	310	570	490	800	680	660	310	590	470	820	820	920	580	800	180	420	180	340	360	230	290	800	800	980	790	610	640	740	490	110	140	680	600	520	300	390	930	150	800	860	840	500	980	720	920	490	880	650	190	330	280	660	820	480	440	470	730	610	690	210	220	170	560	860	940	610	530	630	940	790	330	930	190	820	300	670	270	760	130	420	510	180	250	830	520	850	660	1000	920	830	510	570	100	740	540	800	420	180	100	330	870	930	770	390	140	390	890	710	500	510	340	890	780	190	610	350	530	400	300	710	560	520	860	630	770	260	440	440	100	320	810	760	410	540	620	400	700	670	440	420	350	900	500	880	290	630	840	220	670	580	600	380	660	980	510	500	1000	570	460	520	170	530	970	900	450	700	290	990	200	670	830	270	710	240	630	940	890	850	980	290	180	250	790	870	100	670	650	520	450	960	460	960	920	930	200	780	990	650	320	740	970	840	140	180	880	290	360	490	620	310	950	760	170	430	1000	680	650	290	430	550	870	770	550	670	590	760	970	780	240	930	900	490	540	230	530	890	650	190	350	600	620	770	570	1000	580	250	370	190	680	320	890	730	480	670	930	610	480	180	610	330	640	300	750	880	100	970	1000	370	750	120	300	980	350	810	200	840	690	730	790	1000	330	580	910	870	510	590	200	350	830	830	790	160	670	290	400	350	730	780	290	720	570	940	800	180	860	360	1000	780	200	410	790	750	760	230	800	680	320	160	520	740	650	770	680	850	150	340	820	600	540	320	770	180	930	390	220	760	200	150	370	980	590	470	870	610	580	160	910	390	290	300	940	670	880	790	380	680	230	320	900	190	900	530	940	580	850	240	1000	770	770	240	740	520	250	640	290	900	180	700	270	350	480	170	990	740	440	450	940	540	870	800	650	830	650	650	590	990	110	290	180	650	1000	310	750	970	590	580	240	530	500	750	780	670	970	720	490	890	950	540	790	620	910	940	280	220	810	170	910	470	190	920	390	650	340	950	450	290	360	540	190	790	870	860	150	860	640	680	840	340	760	450	180	410	710	480	120	730	410	490	650	410	870	550	790	310	250	220	880	610	520	880	460	640	550	690	890	810	270	710	290	580	410	700	840	340	510	
10
