3570
120
3
50
0	0	0	0	0	0	0	0	0	0	0	0	48	0	0	0	0	0	0	0	0	0	0	0	0	0	0	0	0	0	0	0	0	0	0	0	0	0	0	0	0	0	0	0	0	0	0	0	0	0	0	0	0	0	0	0	0	0	0	0	0	0	0	0	48	0	0	0	0	0	0	0	0	0	0	0	0	0	0	0	0	0	0	0	0	0	0	0	0	0	0	0	0	0	0	0	0	0	48	0	0	0	0	0	0	0	0	0	0	0	0	0	0	0	0	0	0	0	0	0	
0	0	0	0	0	0	0	0	0	0	0	0	0	0	0	0	0	0	0	0	0	0	0	0	0	0	0	0	0	0	0	0	0	0	0	0	0	0	0	0	0	0	0	0	0	0	0	0	0	48	0	0	0	0	0	0	0	0	0	0	0	0	0	0	0	48	0	0	0	0	0	48	0	0	0	0	0	0	0	0	0	0	0	0	0	0	0	0	0	0	0	0	0	0	0	0	0	0	0	0	0	0	0	0	0	0	0	0	0	0	0	0	0	0	0	0	0	0	0	0	
0	0	0	0	48	0	0	0	0	0	0	0	0	0	0	0	0	0	0	0	0	0	0	0	0	0	0	0	0	0	0	0	0	0	0	0	0	0	0	0	0	48	0	0	0	0	0	0	0	0	0	0	0	0	0	0	0	0	0	0	0	0	0	0	0	0	0	0	0	0	0	0	0	0	0	0	0	0	0	0	0	0	0	0	0	0	0	0	0	0	0	0	0	0	0	0	0	0	0	0	0	0	0	0	0	0	0	0	0	0	0	48	0	0	0	0	0	0	0	0	
0	0	0	0	0	48	0	0	0	0	0	0	0	0	0	0	0	0	0	0	0	0	0	0	0	0	0	0	0	0	0	0	0	0	0	0	0	0	0	0	0	0	0	0	0	0	0	0	0	0	0	0	0	0	0	0	0	0	0	0	48	0	0	0	0	0	0	0	0	0	0	0	0	0	0	0	0	0	0	0	0	0	0	0	0	0	0	0	0	0	0	0	0	0	0	0	0	0	0	0	0	0	48	0	0	0	0	0	0	0	0	0	0	0	0	0	0	0	0	0	
0	0	48	0	0	0	0	0	0	0	0	0	0	0	0	0	0	0	0	0	0	0	0	0	0	0	0	0	0	0	0	0	0	0	0	0	0	0	0	0	0	0	0	0	0	0	0	0	0	0	0	0	0	0	0	0	0	0	0	0	0	0	0	0	0	0	0	0	0	0	48	0	0	0	0	0	0	0	0	0	0	0	0	0	0	48	0	0	0	0	0	0	0	0	0	0	0	0	0	0	0	0	0	0	0	0	0	0	0	0	0	0	0	0	0	0	0	0	0	0	
0	0	0	48	0	0	0	0	0	0	0	0	0	0	0	0	0	0	0	0	0	0	0	0	0	0	0	0	0	0	0	0	0	0	0	0	0	0	0	0	0	0	0	0	0	48	0	0	0	0	0	0	0	0	0	0	0	0	0	0	48	0	0	0	0	0	0	0	0	0	0	0	0	0	0	0	0	0	0	0	0	0	0	0	0	0	0	0	0	0	0	0	0	0	0	0	0	0	0	0	0	0	0	0	0	0	0	0	0	0	0	0	0	0	0	0	0	0	0	0	
0	0	0	0	0	0	0	0	0	0	0	0	0	0	0	0	0	0	48	0	0	0	0	0	0	48	0	0	0	0	0	0	0	0	0	0	0	0	0	0	0	0	0	0	0	0	0	0	0	0	0	0	0	0	0	0	0	0	0	0	0	0	0	0	0	0	0	0	0	0	0	0	0	0	0	0	0	0	0	0	0	0	0	0	0	0	0	0	0	0	0	0	0	48	0	0	0	0	0	0	0	0	0	0	0	0	0	0	0	0	0	0	0	0	0	0	0	0	0	0	
0	0	0	0	0	0	0	0	0	0	0	0	0	0	0	0	0	0	0	0	0	0	0	0	0	0	0	0	0	0	0	0	0	0	0	0	0	0	0	0	0	0	0	48	0	0	0	0	0	0	0	48	0	0	0	0	0	0	0	0	0	0	0	0	0	0	0	0	0	0	0	0	0	0	0	0	0	0	0	0	0	0	0	0	0	0	0	0	0	0	0	0	0	0	0	0	0	0	0	0	0	0	0	0	0	0	0	0	0	0	0	0	0	0	48	0	0	0	0	0	
0	0	0	0	0	0	0	0	0	0	0	0	0	0	0	0	0	0	0	0	0	0	0	0	0	0	0	0	0	0	0	0	0	0	0	0	0	0	0	0	0	0	0	0	0	0	0	0	0	0	0	0	0	0	0	0	0	0	0	0	0	0	0	0	0	0	0	0	0	0	0	0	0	0	0	0	0	0	0	0	0	0	0	0	0	0	0	0	0	0	0	0	48	0	48	0	48	0	0	0	0	0	0	0	0	0	0	0	0	0	0	0	0	0	0	0	0	0	0	0	
0	0	0	0	0	0	0	0	0	0	0	0	0	0	0	0	0	0	0	0	0	0	0	48	0	0	0	0	0	0	0	0	0	0	0	0	0	0	0	0	0	0	0	0	0	0	0	0	0	0	0	0	48	0	0	0	0	0	0	0	0	0	0	0	0	0	0	0	0	0	0	0	0	0	0	0	0	0	48	0	0	0	0	0	0	0	0	0	0	0	0	0	0	0	0	0	0	0	0	0	0	0	0	0	0	0	0	0	0	0	0	0	0	0	0	0	0	0	0	0	
0	0	0	0	0	0	0	0	0	0	0	0	48	0	0	0	0	0	0	48	0	0	48	0	0	0	0	0	0	0	0	0	0	0	0	0	0	0	0	0	0	0	0	0	0	0	0	0	0	0	0	0	0	0	0	0	0	0	0	0	0	0	0	0	0	0	0	0	0	0	0	0	0	0	0	0	0	0	0	0	0	0	0	0	0	0	0	0	0	0	0	0	0	0	0	0	0	0	0	0	0	0	0	0	0	0	0	0	0	0	0	0	0	0	0	0	0	0	0	0	
0	0	0	0	0	0	0	0	0	0	0	0	0	0	0	0	0	0	0	0	0	0	0	0	0	0	0	0	0	0	0	0	0	0	0	0	48	0	0	0	0	0	0	0	0	0	0	0	0	0	0	0	0	0	48	0	0	0	0	0	0	0	0	0	0	0	0	0	0	0	0	0	0	0	0	0	0	0	0	0	0	0	0	0	0	0	0	0	0	0	0	0	0	0	0	0	0	0	0	0	0	0	0	0	0	0	0	0	0	0	0	0	0	0	0	48	0	0	0	0	
48	0	0	0	0	0	0	0	0	0	48	0	0	0	0	0	0	0	0	0	0	0	0	0	0	0	0	0	0	0	0	0	0	0	0	0	0	0	0	0	0	0	0	0	0	0	0	0	0	0	0	0	0	0	0	0	0	0	0	0	0	0	0	0	48	0	0	0	0	0	0	0	0	0	0	0	0	0	0	0	0	0	0	0	0	0	0	0	0	0	0	0	0	0	0	0	0	0	0	0	0	0	0	0	0	0	0	0	0	0	0	0	0	0	0	0	0	0	0	0	
0	0	0	0	0	0	0	0	0	0	0	0	0	0	0	0	0	0	0	0	0	0	0	0	0	0	0	0	0	0	0	0	0	0	0	0	0	0	0	0	0	0	0	0	0	0	0	0	0	0	48	0	0	0	0	0	0	48	0	0	0	0	0	0	0	0	0	0	0	0	0	0	0	0	0	0	0	0	0	0	0	0	0	0	48	0	0	0	0	0	0	0	0	0	0	0	0	0	0	0	0	0	0	0	0	0	0	0	0	0	0	0	0	0	0	0	0	0	0	0	
0	0	0	0	0	0	0	0	0	0	0	0	0	0	0	0	0	0	0	0	0	0	0	0	0	0	0	0	0	0	48	0	0	0	0	0	0	0	0	48	0	0	0	0	0	0	0	0	0	0	0	0	0	0	0	0	0	0	0	0	0	0	0	0	0	0	0	0	0	0	0	0	0	0	0	0	0	0	0	0	0	0	0	0	0	0	0	0	0	0	0	0	0	0	0	0	0	0	0	0	0	0	0	0	0	0	0	0	0	0	0	0	0	0	48	0	0	0	0	0	
0	0	0	0	0	0	0	0	0	0	0	0	0	0	0	0	0	0	0	0	0	0	0	0	0	0	0	0	0	0	0	0	0	48	0	0	0	0	0	0	0	0	0	0	0	0	0	0	0	0	0	0	0	0	0	0	0	0	0	0	0	0	0	0	0	0	48	0	0	0	0	0	0	0	0	0	0	0	0	0	0	0	0	0	0	0	0	0	0	0	0	0	0	0	0	0	0	0	0	0	0	0	0	0	0	0	0	48	0	0	0	0	0	0	0	0	0	0	0	0	
0	0	0	0	0	0	0	0	0	0	0	0	0	0	0	0	0	0	0	0	0	0	0	0	0	0	0	0	0	0	0	0	0	0	0	0	0	0	0	0	0	0	0	0	0	0	0	0	0	0	0	0	48	0	0	0	0	0	0	0	0	0	0	0	0	0	0	0	0	0	0	0	0	0	0	0	0	0	0	48	0	0	0	0	0	0	0	0	0	0	0	0	0	0	0	0	0	0	0	0	0	0	0	0	0	0	48	0	0	0	0	0	0	0	0	0	0	0	0	0	
0	0	0	0	0	0	0	0	0	0	0	0	0	0	0	0	0	0	0	0	0	0	0	0	0	0	0	0	0	48	0	0	0	0	0	0	0	0	0	0	0	0	0	0	0	0	0	0	0	0	0	0	0	0	0	0	0	0	0	0	0	0	0	0	0	0	0	0	0	0	0	0	0	48	0	0	0	0	0	0	0	0	0	0	0	0	0	0	0	0	0	48	0	0	0	0	0	0	0	0	0	0	0	0	0	0	0	0	0	0	0	0	0	0	0	0	0	0	0	0	
0	0	0	0	0	0	48	0	0	0	0	0	0	0	0	0	0	0	0	0	0	0	0	0	0	48	0	0	0	0	0	0	0	0	0	0	0	0	0	0	0	0	0	0	0	0	0	0	0	0	0	0	0	0	0	0	0	0	0	0	0	0	0	0	0	0	0	0	0	0	0	0	0	0	0	0	0	0	0	0	0	0	0	0	0	0	0	0	0	0	0	0	0	48	0	0	0	0	0	0	0	0	0	0	0	0	0	0	0	0	0	0	0	0	0	0	0	0	0	0	
0	0	0	0	0	0	0	0	0	0	48	0	0	0	0	0	0	0	0	0	0	0	48	0	0	0	0	0	0	0	0	0	0	0	0	0	0	0	0	0	0	0	0	0	0	0	0	0	0	0	0	0	0	0	0	0	0	0	0	48	0	0	0	0	0	0	0	0	0	0	0	0	0	0	0	0	0	0	0	0	0	0	0	0	0	0	0	0	0	0	0	0	0	0	0	0	0	0	0	0	0	0	0	0	0	0	0	0	0	0	0	0	0	0	0	0	0	0	0	0	
0	0	0	0	0	0	0	0	0	0	0	0	0	0	0	0	0	0	0	0	0	0	0	0	0	0	0	0	0	0	0	0	0	0	0	0	0	0	0	0	0	0	0	0	0	0	0	0	0	0	0	0	0	0	0	0	0	0	0	48	0	0	48	0	0	0	0	0	0	0	0	0	0	0	0	0	0	0	0	0	0	0	0	0	0	0	0	0	0	0	0	0	0	0	0	0	0	0	0	0	0	0	0	0	0	0	0	0	0	0	0	0	0	0	0	0	0	0	0	48	
0	0	0	0	0	0	0	0	0	0	0	0	0	0	0	0	0	0	0	0	0	0	0	0	0	0	0	0	0	48	0	0	0	0	0	0	0	0	0	0	0	0	0	0	0	0	48	0	0	0	0	0	0	0	0	0	0	0	0	0	0	0	0	0	0	0	0	0	0	0	0	0	0	48	0	0	0	0	0	0	0	0	0	0	0	0	0	0	0	0	0	0	0	0	0	0	0	0	0	0	0	0	0	0	0	0	0	0	0	0	0	0	0	0	0	0	0	0	0	0	
0	0	0	0	0	0	0	0	0	0	48	0	0	0	0	0	0	0	0	48	0	0	0	0	0	0	0	0	0	0	0	0	0	0	0	0	0	0	0	0	0	0	0	0	0	0	0	0	0	0	0	0	0	0	0	0	0	0	0	48	0	0	0	0	0	0	0	0	0	0	0	0	0	0	0	0	0	0	0	0	0	0	0	0	0	0	0	0	0	0	0	0	0	0	0	0	0	0	0	0	0	0	0	0	0	0	0	0	0	0	0	0	0	0	0	0	0	0	0	0	
0	0	0	0	0	0	0	0	0	48	0	0	0	0	0	0	0	0	0	0	0	0	0	0	0	0	0	0	0	0	0	0	0	0	0	0	0	0	0	0	0	48	0	0	0	0	0	0	0	0	0	0	48	0	0	0	0	0	0	0	0	0	0	0	0	0	0	0	0	0	0	0	0	0	0	0	0	0	0	0	0	0	0	0	0	0	0	0	0	0	0	0	0	0	0	0	0	0	0	0	0	0	0	0	0	0	0	0	0	0	0	0	0	0	0	0	0	0	0	0	
0	0	0	0	0	0	0	0	0	0	0	0	0	0	0	0	0	0	0	0	0	0	0	0	0	0	0	0	0	48	0	0	0	0	0	0	0	0	0	0	0	0	0	0	0	0	0	0	0	0	0	0	0	0	0	0	0	0	0	0	0	0	0	0	0	0	0	0	0	0	0	0	0	0	0	0	48	0	0	0	0	0	0	0	0	0	0	0	0	0	0	0	0	0	0	0	0	0	0	0	0	0	0	0	0	0	0	0	0	48	0	0	0	0	0	0	0	0	0	0	
0	0	0	0	0	0	48	0	0	0	0	0	0	0	0	0	0	0	48	0	0	0	0	0	0	0	0	0	0	0	0	0	0	0	0	0	0	0	0	0	0	0	0	0	0	0	0	0	0	0	0	0	0	0	0	0	0	0	0	0	0	0	0	0	0	0	0	0	0	0	0	0	0	0	0	0	0	0	0	0	0	0	0	0	0	0	0	0	0	0	0	0	0	0	0	0	0	0	0	0	0	0	0	0	0	0	0	0	48	0	0	0	0	0	0	0	0	0	0	0	
0	0	0	0	0	0	0	0	0	0	0	0	0	0	0	0	0	0	0	0	0	0	0	0	0	0	0	0	0	0	0	48	0	0	0	0	0	0	0	0	0	0	0	0	0	0	0	0	0	0	0	0	0	0	0	0	0	0	0	0	0	0	0	0	0	0	0	0	48	0	0	0	48	0	0	0	0	0	0	0	0	0	0	0	0	0	0	0	0	0	0	0	0	0	0	0	0	0	0	0	0	0	0	0	0	0	0	0	0	0	0	0	0	0	0	0	0	0	0	0	
0	0	0	0	0	0	0	0	0	0	0	0	0	0	0	0	0	0	0	0	0	0	0	0	0	0	0	0	0	0	0	0	0	0	0	48	0	0	0	0	0	0	0	0	0	0	0	0	0	0	0	0	0	0	0	0	0	0	0	0	0	0	0	0	0	0	0	0	0	0	0	0	0	0	0	0	0	0	0	0	48	0	0	0	0	0	0	0	0	0	0	0	0	0	0	0	0	0	0	0	0	48	0	0	0	0	0	0	0	0	0	0	0	0	0	0	0	0	0	0	
0	0	0	0	0	0	0	0	0	0	0	0	0	0	0	0	0	0	0	0	0	0	0	0	0	0	0	0	0	0	0	0	0	0	0	0	0	0	0	0	0	0	0	0	0	0	0	0	0	0	0	0	0	0	0	0	48	0	0	0	0	0	0	0	0	0	0	0	0	0	0	0	0	0	0	0	0	0	0	48	0	0	0	0	0	0	0	0	0	0	0	0	0	0	0	0	0	0	0	0	0	0	0	0	0	0	48	0	0	0	0	0	0	0	0	0	0	0	0	0	
0	0	0	0	0	0	0	0	0	0	0	0	0	0	0	0	0	48	0	0	0	48	0	0	48	0	0	0	0	0	0	0	0	0	0	0	0	0	0	0	0	0	0	0	0	0	0	0	0	0	0	0	0	0	0	0	0	0	0	0	0	0	0	0	0	0	0	0	0	0	0	0	0	0	0	0	0	0	0	0	0	0	0	0	0	0	0	0	0	0	0	0	0	0	0	0	0	0	0	0	0	0	0	0	0	0	0	0	0	0	0	0	0	0	0	0	0	0	0	0	
0	0	0	0	0	0	0	0	0	0	0	0	0	0	48	0	0	0	0	0	0	0	0	0	0	0	0	0	0	0	0	0	0	0	0	0	0	0	0	48	0	0	0	0	0	0	0	0	0	0	0	0	0	0	0	0	0	0	0	0	0	0	0	0	0	0	0	0	0	0	0	0	0	0	0	0	0	0	0	0	0	0	0	0	0	0	0	0	0	0	0	0	0	0	0	0	0	0	0	0	0	0	0	0	0	0	0	0	0	0	0	0	0	0	48	0	0	0	0	0	
0	0	0	0	0	0	0	0	0	0	0	0	0	0	0	0	0	0	0	0	0	0	0	0	0	0	48	0	0	0	0	0	0	0	0	0	0	0	0	0	0	0	0	0	0	0	0	0	0	0	0	0	0	0	0	0	0	0	0	0	0	0	0	0	0	0	0	0	0	0	0	48	0	0	0	0	0	0	0	0	0	0	0	0	0	0	0	0	0	0	0	0	0	0	0	0	0	0	0	0	0	0	0	0	0	0	0	48	0	0	0	0	0	0	0	0	0	0	0	0	
0	0	0	0	0	0	0	0	0	0	0	0	0	0	0	0	0	0	0	0	0	0	0	0	0	0	0	0	0	0	0	0	0	0	0	0	0	0	0	0	0	0	0	0	0	0	0	0	0	0	0	0	0	0	0	0	0	0	0	0	0	0	0	0	48	0	0	0	0	0	0	0	0	0	0	0	0	0	0	0	0	0	0	0	0	0	48	0	0	0	0	0	0	0	0	0	0	0	0	0	0	0	0	0	0	0	0	0	0	0	0	0	0	0	0	0	0	0	0	48	
0	0	0	0	0	0	0	0	0	0	0	0	0	0	0	48	0	0	0	0	0	0	0	0	0	0	0	0	0	0	0	0	0	0	0	0	0	0	0	0	0	0	0	0	0	0	0	0	0	0	0	0	0	0	0	0	0	0	0	0	0	0	0	0	0	0	0	0	0	0	0	48	0	0	0	0	0	48	0	0	0	0	0	0	0	0	0	0	0	0	0	0	0	0	0	0	0	0	0	0	0	0	0	0	0	0	0	0	0	0	0	0	0	0	0	0	0	0	0	0	
0	0	0	0	0	0	0	0	0	0	0	0	0	0	0	0	0	0	0	0	0	0	0	0	0	0	0	0	0	0	0	0	0	0	0	0	0	0	0	0	0	0	0	0	0	0	0	0	0	0	0	0	0	0	0	0	0	0	0	0	0	0	0	0	0	0	0	0	0	0	0	0	0	48	0	0	0	0	0	0	0	0	0	0	0	0	0	0	0	0	0	48	0	0	0	0	0	0	0	0	0	0	0	0	0	0	0	0	0	0	0	0	0	48	0	0	0	0	0	0	
0	0	0	0	0	0	0	0	0	0	0	0	0	0	0	0	0	0	0	0	0	0	0	0	0	0	0	48	0	0	0	0	0	0	0	0	0	0	0	0	0	0	0	0	0	0	0	0	0	0	0	0	0	0	0	0	0	0	0	0	0	0	0	0	0	0	0	0	0	0	0	0	0	0	0	0	0	0	0	0	48	0	0	0	0	0	0	0	0	0	0	0	0	0	0	0	0	0	0	0	0	48	0	0	0	0	0	0	0	0	0	0	0	0	0	0	0	0	0	0	
0	0	0	0	0	0	0	0	0	0	0	48	0	0	0	0	0	0	0	0	0	0	0	0	0	0	0	0	0	0	0	0	0	0	0	0	0	0	0	0	0	0	0	0	0	0	0	0	0	0	0	0	0	0	0	0	0	0	0	0	0	0	0	0	0	0	0	0	0	0	0	0	0	0	0	48	0	0	0	0	0	0	0	0	0	0	0	0	0	0	0	0	0	0	0	0	0	0	0	0	0	0	0	0	0	0	0	0	0	0	0	0	0	0	0	48	0	0	0	0	
0	0	0	0	0	0	0	0	0	0	0	0	0	0	0	0	0	0	0	0	0	0	0	0	0	0	0	0	0	0	0	0	0	0	0	0	0	0	0	0	0	0	0	0	0	0	0	0	0	0	0	0	0	0	0	0	48	0	0	0	0	0	0	0	0	0	0	0	0	0	0	0	0	0	0	0	0	0	0	0	0	0	0	0	0	0	0	0	0	0	0	0	0	0	0	0	0	0	0	0	0	0	0	0	48	0	48	0	0	0	0	0	0	0	0	0	0	0	0	0	
0	0	0	0	0	0	0	0	0	0	0	0	0	0	0	0	0	0	0	0	0	0	0	0	0	0	0	0	0	0	0	0	0	0	0	0	0	0	0	48	0	0	0	0	0	0	0	0	0	48	0	0	0	0	0	0	0	0	0	0	0	0	0	0	0	48	0	0	0	0	0	0	0	0	0	0	0	0	0	0	0	0	0	0	0	0	0	0	0	0	0	0	0	0	0	0	0	0	0	0	0	0	0	0	0	0	0	0	0	0	0	0	0	0	0	0	0	0	0	0	
0	0	0	0	0	0	0	0	0	0	0	0	0	0	48	0	0	0	0	0	0	0	0	0	0	0	0	0	0	0	48	0	0	0	0	0	0	0	48	0	0	0	0	0	0	0	0	0	0	0	0	0	0	0	0	0	0	0	0	0	0	0	0	0	0	0	0	0	0	0	0	0	0	0	0	0	0	0	0	0	0	0	0	0	0	0	0	0	0	0	0	0	0	0	0	0	0	0	0	0	0	0	0	0	0	0	0	0	0	0	0	0	0	0	0	0	0	0	0	0	
0	0	0	0	0	0	0	0	0	0	0	0	0	0	0	0	0	0	0	0	0	0	0	0	0	0	0	0	0	0	0	0	0	0	0	0	0	0	0	0	0	0	0	0	0	0	0	0	0	0	0	0	0	0	0	0	0	0	0	0	0	0	0	48	0	0	0	0	0	0	48	0	0	0	0	0	0	0	0	0	0	0	0	0	0	0	0	0	0	0	0	0	0	0	0	0	0	0	0	0	0	0	0	0	0	0	0	0	0	0	0	0	0	0	0	0	0	0	48	0	
0	0	48	0	0	0	0	0	0	0	0	0	0	0	0	0	0	0	0	0	0	0	0	48	0	0	0	0	0	0	0	0	0	0	0	0	0	0	0	0	0	0	0	0	0	0	0	0	0	0	0	0	0	0	0	0	0	0	0	0	0	0	0	0	0	0	0	0	0	0	0	0	0	0	0	0	0	0	0	0	0	0	0	0	0	0	0	48	0	0	0	0	0	0	0	0	0	0	0	0	0	0	0	0	0	0	0	0	0	0	0	0	0	0	0	0	0	0	0	0	
0	0	0	0	0	0	0	0	0	0	0	0	0	0	0	0	0	0	0	0	0	0	0	0	0	0	0	0	0	0	0	0	0	0	0	0	0	0	0	0	0	0	0	0	0	0	0	0	0	0	0	0	0	0	0	0	0	0	0	0	0	0	0	0	0	0	0	48	0	0	0	0	0	0	0	0	0	0	0	0	0	0	0	0	0	0	0	0	0	0	0	0	48	0	0	0	0	0	0	0	0	0	0	0	0	0	0	0	0	0	48	0	0	0	0	0	0	0	0	0	
0	0	0	0	0	0	0	48	0	0	0	0	0	0	0	0	0	0	0	0	0	0	0	0	0	0	0	0	0	0	0	0	0	0	0	0	0	0	0	0	0	0	0	0	0	0	0	0	0	0	0	48	0	0	0	0	0	0	0	0	0	0	0	0	0	0	0	0	0	0	0	0	0	0	0	0	0	0	0	0	0	0	0	0	0	0	0	0	0	0	48	0	0	0	0	0	0	0	0	0	0	0	0	0	0	0	0	0	0	0	0	0	0	0	0	0	0	0	0	0	
0	0	0	0	0	0	0	0	0	0	0	0	0	0	0	0	0	0	0	0	0	0	0	0	0	0	0	0	0	0	0	0	0	0	0	0	0	0	0	0	0	0	0	0	0	0	48	0	0	0	0	0	0	0	0	0	0	0	0	0	0	0	0	0	0	0	0	0	0	0	0	0	0	0	0	0	0	0	0	0	0	0	0	48	0	0	0	0	0	48	0	0	0	0	0	0	0	0	0	0	0	0	0	0	0	0	0	0	0	0	0	0	0	0	0	0	0	0	0	0	
0	0	0	0	0	48	0	0	0	0	0	0	0	0	0	0	0	0	0	0	0	0	0	0	0	0	0	0	0	0	0	0	0	0	0	0	0	0	0	0	0	0	0	0	0	0	0	0	0	0	0	0	0	0	0	0	0	0	0	0	48	0	0	0	0	0	0	0	0	0	0	0	0	0	0	0	0	0	0	0	0	0	0	0	0	0	0	0	0	0	0	0	0	48	0	0	0	0	0	0	0	0	0	0	0	0	0	0	0	0	0	0	0	0	0	0	0	0	0	0	
0	0	0	0	0	0	0	0	0	0	0	0	0	0	0	0	0	0	0	0	0	48	0	0	0	0	0	0	0	0	0	0	0	0	0	0	0	0	0	0	0	0	0	0	48	0	0	0	0	0	0	0	0	0	0	0	0	0	0	0	0	0	0	0	0	0	0	0	0	0	0	0	0	0	0	0	0	0	0	0	0	48	0	0	0	0	0	0	0	0	0	0	0	0	0	0	0	0	0	0	0	0	0	0	0	0	0	0	0	0	0	0	0	0	0	0	0	0	0	0	
0	0	0	0	0	0	0	0	0	0	0	0	0	0	0	0	0	0	0	0	0	0	0	0	0	0	0	0	0	0	0	0	0	0	0	0	0	0	0	0	0	0	0	0	0	0	0	0	0	0	0	0	0	0	0	0	0	0	0	0	0	48	0	0	0	0	0	0	0	48	0	0	0	0	0	0	0	0	0	0	0	0	0	0	0	0	0	0	0	0	0	0	0	0	48	0	0	0	0	0	0	0	0	0	0	0	0	0	0	0	0	0	0	0	0	0	0	0	0	0	
0	0	0	0	0	0	0	0	0	0	0	0	0	0	0	0	0	0	0	0	0	0	0	0	0	0	0	0	0	0	0	0	0	0	0	0	0	0	0	0	0	0	0	0	0	0	0	0	0	0	0	0	0	0	0	0	0	0	0	0	0	0	0	48	0	0	0	0	0	0	0	0	0	0	0	0	0	0	0	0	0	0	0	0	0	0	0	0	0	0	0	0	0	0	0	0	0	0	0	48	0	0	0	0	0	0	0	0	0	0	0	0	0	0	0	0	0	48	0	0	
0	48	0	0	0	0	0	0	0	0	0	0	0	0	0	0	0	0	0	0	0	0	0	0	0	0	0	0	0	0	0	0	0	0	0	0	0	0	48	0	0	0	0	0	0	0	0	0	0	0	0	0	0	0	0	0	0	0	0	0	0	0	0	0	0	48	0	0	0	0	0	0	0	0	0	0	0	0	0	0	0	0	0	0	0	0	0	0	0	0	0	0	0	0	0	0	0	0	0	0	0	0	0	0	0	0	0	0	0	0	0	0	0	0	0	0	0	0	0	0	
0	0	0	0	0	0	0	0	0	0	0	0	0	48	0	0	0	0	0	0	0	0	0	0	0	0	0	0	0	0	0	0	0	0	0	0	0	0	0	0	0	0	0	0	0	0	0	0	0	0	0	0	0	0	0	0	0	0	0	0	0	48	0	0	0	0	0	0	0	0	0	0	0	0	0	0	0	0	0	0	0	0	0	0	48	0	0	0	0	0	0	0	0	0	0	0	0	0	0	0	0	0	0	0	0	0	0	0	0	0	0	0	0	0	0	0	0	0	0	0	
0	0	0	0	0	0	0	48	0	0	0	0	0	0	0	0	0	0	0	0	0	0	0	0	0	0	0	0	0	0	0	0	0	0	0	0	0	0	0	0	0	0	0	48	0	0	0	0	0	0	0	0	0	0	0	0	0	0	0	0	0	0	0	0	0	0	0	0	0	0	0	0	0	0	0	0	0	0	0	0	0	0	0	0	0	0	0	0	0	0	48	0	0	0	0	0	0	0	0	0	0	0	0	0	0	0	0	0	0	0	0	0	0	0	0	0	0	0	0	0	
0	0	0	0	0	0	0	0	0	48	0	0	0	0	0	0	48	0	0	0	0	0	0	48	0	0	0	0	0	0	0	0	0	0	0	0	0	0	0	0	0	0	0	0	0	0	0	0	0	0	0	0	0	0	0	0	0	0	0	0	0	0	0	0	0	0	0	0	0	0	0	0	0	0	0	0	0	0	0	0	0	0	0	0	0	0	0	0	0	0	0	0	0	0	0	0	0	0	0	0	0	0	0	0	0	0	0	0	0	0	0	0	0	0	0	0	0	0	0	0	
0	0	0	0	0	0	0	0	0	0	0	0	0	0	0	0	0	0	0	0	0	0	0	0	0	0	0	0	0	0	0	0	0	0	0	0	0	0	0	0	0	0	0	0	0	0	0	0	0	0	0	0	0	0	0	48	0	0	0	0	0	0	0	0	0	0	0	48	0	0	0	0	0	0	0	0	0	0	0	0	0	0	0	0	0	0	0	0	0	0	0	0	48	0	0	0	0	0	0	0	0	0	0	0	0	0	0	0	0	0	0	0	0	0	0	0	0	0	0	0	
0	0	0	0	0	0	0	0	0	0	0	48	0	0	0	0	0	0	0	0	0	0	0	0	0	0	0	0	0	0	0	0	0	0	0	0	0	0	0	0	0	0	0	0	0	0	0	0	0	0	0	0	0	0	0	0	0	0	0	0	0	0	0	0	0	0	0	0	0	0	0	0	0	0	0	0	0	0	0	0	0	0	0	0	0	0	0	0	48	0	0	0	0	0	0	0	0	0	0	0	0	0	0	0	0	0	0	0	0	0	0	0	0	0	0	48	0	0	0	0	
0	0	0	0	0	0	0	0	0	0	0	0	0	0	0	0	0	0	0	0	0	0	0	0	0	0	0	0	0	0	0	0	0	0	0	0	0	0	0	0	0	0	0	0	0	0	0	0	0	0	0	0	0	48	0	0	0	0	0	0	0	0	0	0	0	0	0	48	0	0	0	0	0	0	48	0	0	0	0	0	0	0	0	0	0	0	0	0	0	0	0	0	0	0	0	0	0	0	0	0	0	0	0	0	0	0	0	0	0	0	0	0	0	0	0	0	0	0	0	0	
0	0	0	0	0	0	0	0	0	0	0	0	0	0	0	0	0	0	0	0	0	0	0	0	0	0	0	0	48	0	0	0	0	0	0	0	0	48	0	0	0	0	0	0	0	0	0	0	0	0	0	0	0	0	0	0	0	0	0	0	0	0	0	0	0	0	0	0	0	0	0	0	0	0	0	0	0	0	0	48	0	0	0	0	0	0	0	0	0	0	0	0	0	0	0	0	0	0	0	0	0	0	0	0	0	0	0	0	0	0	0	0	0	0	0	0	0	0	0	0	
0	0	0	0	0	0	0	0	0	0	0	0	0	48	0	0	0	0	0	0	0	0	0	0	0	0	0	0	0	0	0	0	0	0	0	0	0	0	0	0	0	0	0	0	0	0	0	0	0	0	0	0	0	0	0	0	0	0	0	0	0	0	0	0	0	0	0	0	0	0	0	0	0	0	0	0	0	0	0	0	0	0	0	0	48	48	0	0	0	0	0	0	0	0	0	0	0	0	0	0	0	0	0	0	0	0	0	0	0	0	0	0	0	0	0	0	0	0	0	0	
0	0	0	0	0	0	0	0	0	0	0	0	0	0	0	0	0	0	0	0	0	0	0	0	0	0	0	0	0	0	0	0	0	0	0	0	0	0	0	0	0	0	0	0	0	0	0	0	0	0	0	0	0	0	0	0	0	0	0	0	0	0	0	0	0	0	0	0	0	0	0	0	48	0	0	0	0	0	0	0	0	0	0	0	0	0	0	0	0	0	0	0	0	0	0	0	0	48	0	0	0	0	0	0	0	48	0	0	0	0	0	0	0	0	0	0	0	0	0	0	
0	0	0	0	0	0	0	0	0	0	0	0	0	0	0	0	0	0	0	48	48	0	48	0	0	0	0	0	0	0	0	0	0	0	0	0	0	0	0	0	0	0	0	0	0	0	0	0	0	0	0	0	0	0	0	0	0	0	0	0	0	0	0	0	0	0	0	0	0	0	0	0	0	0	0	0	0	0	0	0	0	0	0	0	0	0	0	0	0	0	0	0	0	0	0	0	0	0	0	0	0	0	0	0	0	0	0	0	0	0	0	0	0	0	0	0	0	0	0	0	
0	0	0	48	0	48	0	0	0	0	0	0	0	0	0	0	0	0	0	0	0	0	0	0	0	0	0	0	0	0	0	0	0	0	0	0	0	0	0	0	0	0	0	0	0	48	0	0	0	0	0	0	0	0	0	0	0	0	0	0	0	0	0	0	0	0	0	0	0	0	0	0	0	0	0	0	0	0	0	0	0	0	0	0	0	0	0	0	0	0	0	0	0	0	0	0	0	0	0	0	0	0	0	0	0	0	0	0	0	0	0	0	0	0	0	0	0	0	0	0	
0	0	0	0	0	0	0	0	0	0	0	0	0	0	0	0	0	0	0	0	0	0	0	0	0	0	0	0	0	0	0	0	0	0	0	0	0	0	0	0	0	0	0	0	0	0	0	48	0	0	48	0	0	0	0	0	0	0	0	0	0	0	0	0	0	0	0	0	0	0	0	0	0	0	0	0	0	0	0	0	0	0	0	0	0	0	0	0	0	0	0	0	0	0	48	0	0	0	0	0	0	0	0	0	0	0	0	0	0	0	0	0	0	0	0	0	0	0	0	0	
0	0	0	0	0	0	0	0	0	0	0	0	0	0	0	0	0	0	0	0	48	0	0	0	0	0	0	0	0	0	0	0	0	0	0	0	0	0	0	0	0	0	0	0	0	0	0	0	0	0	0	0	0	0	0	0	0	0	0	0	0	0	0	0	0	0	0	0	0	0	0	0	0	0	0	0	0	0	0	0	0	0	0	0	0	0	0	0	0	0	0	0	0	0	0	0	0	0	48	0	0	0	0	0	0	0	0	0	0	0	0	0	0	0	0	0	0	0	0	48	
0	0	0	0	0	0	0	0	0	0	0	0	0	0	0	0	0	0	0	0	0	0	0	0	0	0	0	0	0	0	0	0	0	0	0	0	0	0	0	0	48	0	0	0	0	0	0	0	48	0	0	0	0	0	0	0	0	0	0	0	0	0	0	0	0	0	0	0	0	0	0	0	0	0	0	0	0	0	0	0	0	0	0	0	0	0	0	0	0	0	0	0	0	0	0	0	0	0	0	0	0	0	0	0	0	0	0	0	0	0	0	0	0	0	0	0	0	0	48	0	
48	0	0	0	0	0	0	0	0	0	0	0	48	0	0	0	0	0	0	0	0	0	0	0	0	0	0	0	0	0	0	0	48	0	0	0	0	0	0	0	0	0	0	0	0	0	0	0	0	0	0	0	0	0	0	0	0	0	0	0	0	0	0	0	0	0	0	0	0	0	0	0	0	0	0	0	0	0	0	0	0	0	0	0	0	0	0	0	0	0	0	0	0	0	0	0	0	0	0	0	0	0	0	0	0	0	0	0	0	0	0	0	0	0	0	0	0	0	0	0	
0	48	0	0	0	0	0	0	0	0	0	0	0	0	0	0	0	0	0	0	0	0	0	0	0	0	0	0	0	0	0	0	0	0	0	0	0	0	48	0	0	0	0	0	0	0	0	0	0	48	0	0	0	0	0	0	0	0	0	0	0	0	0	0	0	0	0	0	0	0	0	0	0	0	0	0	0	0	0	0	0	0	0	0	0	0	0	0	0	0	0	0	0	0	0	0	0	0	0	0	0	0	0	0	0	0	0	0	0	0	0	0	0	0	0	0	0	0	0	0	
0	0	0	0	0	0	0	0	0	0	0	0	0	0	0	48	0	0	0	0	0	0	0	0	0	0	0	0	0	0	0	0	0	0	0	0	0	0	0	0	0	0	0	0	0	0	0	0	0	0	0	0	0	0	0	0	0	0	0	0	0	0	0	0	0	0	0	0	48	0	0	0	0	0	0	0	0	0	0	0	0	0	0	0	0	0	0	0	0	0	0	0	0	0	0	0	0	0	0	0	0	0	0	0	0	0	0	48	0	0	0	0	0	0	0	0	0	0	0	0	
0	0	0	0	0	0	0	0	0	0	0	0	0	0	0	0	0	0	0	0	0	0	0	0	0	0	0	0	0	0	0	0	0	0	0	0	0	0	0	0	0	0	48	0	0	0	0	0	0	0	0	0	0	48	0	48	0	0	0	0	0	0	0	0	0	0	0	0	0	0	0	0	0	0	0	0	0	0	0	0	0	0	0	0	0	0	0	0	0	0	0	0	0	0	0	0	0	0	0	0	0	0	0	0	0	0	0	0	0	0	0	0	0	0	0	0	0	0	0	0	
0	0	0	0	0	0	0	0	0	0	0	0	0	0	0	0	0	0	0	0	0	0	0	0	0	0	48	0	0	0	0	0	0	0	0	0	0	0	0	0	0	0	0	0	0	0	0	0	0	0	0	0	0	0	0	0	0	0	0	0	0	0	0	0	0	0	48	0	0	0	0	0	48	0	0	0	0	0	0	0	0	0	0	0	0	0	0	0	0	0	0	0	0	0	0	0	0	0	0	0	0	0	0	0	0	0	0	0	0	0	0	0	0	0	0	0	0	0	0	0	
0	0	0	0	0	0	0	0	0	0	0	0	0	0	0	0	0	0	0	0	0	0	0	0	0	0	0	0	0	0	0	0	0	0	0	0	0	0	0	0	0	0	0	0	0	0	0	48	0	0	0	0	0	0	0	0	0	0	0	0	0	0	0	0	0	0	0	0	0	0	0	0	0	0	0	0	0	0	0	0	0	48	0	0	0	0	0	0	0	0	0	0	0	0	0	0	0	0	0	0	0	0	0	0	0	0	0	0	0	0	48	0	0	0	0	0	0	0	0	0	
0	0	0	0	48	0	0	0	0	0	0	0	0	0	0	0	0	0	0	0	0	0	0	0	0	0	0	0	0	0	0	0	0	0	0	0	0	0	0	0	48	0	0	0	0	0	0	0	0	0	0	0	0	0	0	0	0	0	0	0	0	0	0	0	0	0	0	0	0	0	0	0	0	0	0	0	0	0	0	0	0	0	0	0	0	0	0	0	48	0	0	0	0	0	0	0	0	0	0	0	0	0	0	0	0	0	0	0	0	0	0	0	0	0	0	0	0	0	0	0	
0	48	0	0	0	0	0	0	0	0	0	0	0	0	0	0	0	0	0	0	0	0	0	0	0	0	0	0	0	0	0	48	0	48	0	0	0	0	0	0	0	0	0	0	0	0	0	0	0	0	0	0	0	0	0	0	0	0	0	0	0	0	0	0	0	0	0	0	0	0	0	0	0	0	0	0	0	0	0	0	0	0	0	0	0	0	0	0	0	0	0	0	0	0	0	0	0	0	0	0	0	0	0	0	0	0	0	0	0	0	0	0	0	0	0	0	0	0	0	0	
0	0	0	0	0	0	0	0	0	0	0	0	0	0	0	0	0	0	0	0	0	0	0	0	0	0	48	0	0	0	0	0	0	0	0	0	0	0	0	0	0	0	0	0	0	0	0	0	0	0	0	0	0	0	0	0	0	0	48	0	0	0	0	0	0	0	0	0	48	0	0	0	0	0	0	0	0	0	0	0	0	0	0	0	0	0	0	0	0	0	0	0	0	0	0	0	0	0	0	0	0	0	0	0	0	0	0	0	0	0	0	0	0	0	0	0	0	0	0	0	
0	0	0	0	0	0	0	0	0	0	0	0	0	0	0	0	0	48	0	0	0	48	0	0	0	0	0	0	0	0	0	0	0	0	48	0	0	0	0	0	0	0	0	0	0	0	0	0	0	0	0	0	0	0	0	0	0	0	0	0	0	0	0	0	0	0	0	0	0	0	0	0	0	0	0	0	0	0	0	0	0	0	0	0	0	0	0	0	0	0	0	0	0	0	0	0	0	0	0	0	0	0	0	0	0	0	0	0	0	0	0	0	0	0	0	0	0	0	0	0	
0	0	0	0	0	0	0	0	0	0	0	0	0	0	0	0	0	0	0	0	0	0	0	0	0	0	0	0	0	0	0	0	0	0	0	0	0	0	0	0	0	0	0	0	0	0	0	0	0	0	0	0	0	0	0	48	0	0	0	0	0	0	0	0	0	0	0	0	0	0	0	0	0	0	0	0	0	0	0	0	0	0	0	0	0	0	0	0	0	0	48	0	0	0	0	0	48	0	0	0	0	0	0	0	0	0	0	0	0	0	0	0	0	0	0	0	0	0	0	0	
0	0	0	0	0	0	0	0	0	0	0	0	0	0	0	0	0	0	0	0	0	0	0	0	0	0	0	0	0	0	0	0	0	0	0	0	48	0	0	0	0	0	0	0	0	0	0	0	0	0	0	0	0	0	0	0	0	0	0	0	0	0	0	0	0	0	0	0	0	0	0	0	0	0	0	0	0	0	0	0	0	0	0	0	0	0	0	0	48	0	0	0	0	0	0	0	0	0	0	0	0	0	0	0	0	0	0	0	0	0	0	0	0	0	0	0	48	0	0	0	
0	0	0	0	0	0	0	0	0	0	0	0	0	0	0	0	0	0	0	0	0	0	0	0	48	0	0	0	0	0	0	0	0	0	0	0	0	0	0	0	0	0	0	0	0	0	0	0	0	0	0	0	0	0	0	0	0	0	0	0	0	0	0	0	0	0	0	0	0	0	0	0	0	0	0	0	0	0	0	0	0	0	0	0	0	0	0	0	0	48	0	0	0	0	0	48	0	0	0	0	0	0	0	0	0	0	0	0	0	0	0	0	0	0	0	0	0	0	0	0	
0	0	0	0	0	0	0	0	0	0	0	0	0	0	0	0	0	0	0	0	0	0	0	0	0	0	0	0	0	0	0	0	0	48	0	0	0	0	0	0	0	0	0	0	0	0	0	0	0	0	0	0	0	0	0	0	0	0	0	0	0	0	0	0	0	0	0	0	0	0	0	0	0	0	0	0	0	0	0	0	48	0	0	0	0	0	0	0	0	0	0	0	0	0	0	0	0	0	0	0	0	48	0	0	0	0	0	0	0	0	0	0	0	0	0	0	0	0	0	0	
0	0	0	0	0	0	0	0	0	48	0	0	0	0	0	0	0	0	0	0	0	0	0	0	0	0	0	0	0	0	0	0	0	0	0	0	0	0	0	0	0	0	0	0	0	0	0	0	0	0	0	0	0	0	0	0	0	0	0	0	0	0	0	0	0	0	0	0	0	0	0	0	0	0	0	0	0	0	0	0	0	0	0	0	0	0	0	48	0	0	0	0	0	0	0	0	0	0	0	0	0	0	0	0	0	0	0	0	48	0	0	0	0	0	0	0	0	0	0	0	
0	0	0	0	0	0	0	0	0	0	0	0	0	0	0	0	48	0	0	0	0	0	0	0	0	0	0	0	48	0	0	0	0	0	0	0	0	0	0	0	0	0	0	0	0	0	0	0	0	0	0	0	0	0	0	0	48	0	0	0	0	0	0	0	0	0	0	0	0	0	0	0	0	0	0	0	0	0	0	0	0	0	0	0	0	0	0	0	0	0	0	0	0	0	0	0	0	0	0	0	0	0	0	0	0	0	0	0	0	0	0	0	0	0	0	0	0	0	0	0	
0	0	0	0	0	0	0	0	0	0	0	0	0	0	0	0	0	0	0	0	0	0	0	0	0	0	0	48	0	0	0	0	0	0	0	48	0	0	0	0	0	0	0	0	0	0	0	0	0	0	0	0	0	0	0	0	0	0	0	0	0	0	0	0	0	0	0	0	0	0	0	0	0	0	0	0	0	48	0	0	0	0	0	0	0	0	0	0	0	0	0	0	0	0	0	0	0	0	0	0	0	0	0	0	0	0	0	0	0	0	0	0	0	0	0	0	0	0	0	0	
0	0	0	0	0	0	0	0	0	0	0	0	0	0	0	0	0	0	0	0	0	0	0	0	0	0	0	0	0	0	0	0	0	0	0	0	0	0	0	0	0	0	0	0	0	0	48	0	0	0	0	0	0	0	0	0	0	0	0	0	0	0	0	0	0	0	0	0	0	48	0	0	0	0	0	0	0	0	0	0	0	0	0	48	0	0	0	0	0	0	0	0	0	0	0	0	0	0	0	0	0	0	0	0	0	0	0	0	0	0	0	0	0	0	0	0	0	0	0	0	
0	0	0	0	0	0	0	0	0	0	0	0	0	0	0	0	0	0	0	0	0	0	0	0	0	0	0	0	0	0	0	0	0	0	0	0	0	0	0	0	0	0	0	0	0	0	0	0	0	0	0	0	0	0	0	0	0	0	0	0	0	0	0	0	0	0	0	0	0	0	0	0	0	0	0	0	0	0	0	0	0	0	0	0	0	48	48	0	0	0	0	0	0	0	0	0	0	0	0	0	0	0	0	0	0	0	0	0	0	0	0	48	0	0	0	0	0	0	0	0	
0	0	0	0	0	0	0	0	0	0	0	0	0	0	0	0	0	0	0	0	0	0	0	0	0	0	0	0	0	0	0	0	0	0	0	0	0	0	0	0	0	0	0	0	48	0	0	0	0	0	0	0	0	0	0	0	0	0	0	0	0	0	0	0	0	0	0	0	0	0	0	0	0	0	0	0	0	0	0	0	0	48	0	0	0	0	0	0	0	48	0	0	0	0	0	0	0	0	0	0	0	0	0	0	0	0	0	0	0	0	0	0	0	0	0	0	0	0	0	0	
0	0	0	0	0	0	0	0	0	0	0	0	0	48	0	0	0	0	0	0	0	0	0	0	0	0	0	0	0	0	0	0	0	0	0	0	0	0	0	0	0	0	0	0	0	0	0	0	0	0	48	0	0	0	0	0	0	48	0	0	0	0	0	0	0	0	0	0	0	0	0	0	0	0	0	0	0	0	0	0	0	0	0	0	0	0	0	0	0	0	0	0	0	0	0	0	0	0	0	0	0	0	0	0	0	0	0	0	0	0	0	0	0	0	0	0	0	0	0	0	
0	0	0	0	48	0	0	0	0	0	0	0	0	0	0	0	0	0	0	0	0	0	0	0	0	0	0	0	0	0	0	0	0	0	0	0	0	0	0	0	0	0	0	0	0	0	0	0	0	0	0	0	0	0	0	0	0	48	0	0	0	0	0	0	0	0	0	0	0	0	0	0	0	0	0	0	0	0	0	0	0	0	48	0	0	0	0	0	0	0	0	0	0	0	0	0	0	0	0	0	0	0	0	0	0	0	0	0	0	0	0	0	0	0	0	0	0	0	0	0	
0	0	0	0	0	0	0	0	0	0	0	0	0	0	0	0	0	0	0	0	0	0	0	0	0	0	0	0	0	0	0	0	48	0	0	0	0	0	0	0	0	0	0	0	0	0	0	0	0	0	0	0	0	0	0	0	0	0	0	0	0	0	0	0	0	0	0	0	0	0	0	0	0	0	0	0	0	0	0	0	0	0	48	0	0	0	0	0	0	0	0	0	0	0	0	0	0	0	48	0	0	0	0	0	0	0	0	0	0	0	0	0	0	0	0	0	0	0	0	0	
0	0	0	0	0	0	0	0	0	0	0	0	0	0	0	0	0	0	0	0	0	0	0	0	0	0	0	0	0	0	0	0	0	0	0	0	0	0	0	0	0	48	0	0	0	0	0	0	0	0	0	0	0	0	0	0	0	0	0	0	0	0	0	0	0	0	0	0	0	0	0	0	0	0	0	0	0	0	48	0	0	0	0	0	0	0	0	0	0	0	0	0	0	0	0	0	0	0	0	0	0	0	0	0	0	0	0	0	0	0	0	48	0	0	0	0	0	0	0	0	
0	0	0	0	0	0	0	0	0	0	0	0	0	0	0	0	0	0	0	0	0	0	0	0	0	0	0	0	0	0	0	0	0	0	0	0	0	0	0	0	0	0	0	0	0	0	0	0	0	0	0	0	0	0	48	0	0	0	0	0	0	0	0	0	0	0	0	0	0	0	48	0	0	0	0	48	0	0	0	0	0	0	0	0	0	0	0	0	0	0	0	0	0	0	0	0	0	0	0	0	0	0	0	0	0	0	0	0	0	0	0	0	0	0	0	0	0	0	0	0	
0	0	0	0	0	0	0	0	0	0	0	0	0	0	0	0	0	0	0	0	0	0	0	0	0	0	0	0	0	0	0	0	0	0	0	0	0	0	0	0	0	0	0	0	48	0	0	0	0	0	0	0	0	0	0	0	0	0	0	0	0	0	0	0	0	0	0	0	0	0	0	0	0	0	0	0	48	0	0	0	0	0	0	48	0	0	0	0	0	0	0	0	0	0	0	0	0	0	0	0	0	0	0	0	0	0	0	0	0	0	0	0	0	0	0	0	0	0	0	0	
0	0	0	0	0	0	0	0	0	0	0	0	0	0	0	0	0	0	0	0	0	0	0	0	0	0	0	0	0	0	0	0	0	0	0	0	0	0	0	0	0	0	0	48	0	0	0	0	0	0	0	48	0	0	0	0	0	0	0	0	0	0	0	0	0	0	0	0	0	0	0	0	0	0	48	0	0	0	0	0	0	0	0	0	0	0	0	0	0	0	0	0	0	0	0	0	0	0	0	0	0	0	0	0	0	0	0	0	0	0	0	0	0	0	0	0	0	0	0	0	
0	0	0	0	0	0	0	0	0	0	0	0	0	0	0	0	0	48	0	0	0	0	0	0	0	0	0	0	0	0	0	0	0	0	48	0	0	0	0	0	0	0	0	0	0	0	0	0	0	0	0	0	0	0	0	0	0	0	0	0	0	0	0	0	0	0	0	0	0	0	0	0	0	0	0	0	0	0	0	0	0	0	0	0	0	0	0	0	0	0	0	0	0	0	0	0	0	0	0	0	0	0	0	0	0	0	0	0	0	0	0	0	0	48	0	0	0	0	0	0	
0	0	0	0	0	0	0	0	48	0	0	0	0	0	0	0	0	0	0	0	0	0	0	0	0	0	0	0	0	0	0	0	0	0	0	0	0	0	0	0	0	0	48	0	0	0	0	0	0	0	0	0	0	48	0	0	0	0	0	0	0	0	0	0	0	0	0	0	0	0	0	0	0	0	0	0	0	0	0	0	0	0	0	0	0	0	0	0	0	0	0	0	0	0	0	0	0	0	0	0	0	0	0	0	0	0	0	0	0	0	0	0	0	0	0	0	0	0	0	0	
0	0	0	0	0	0	48	0	0	0	0	0	0	0	0	0	0	0	48	0	0	0	0	0	0	0	0	0	0	0	0	0	0	0	0	0	0	0	0	0	0	0	0	0	0	48	0	0	0	0	0	0	0	0	0	0	0	0	0	0	0	0	0	0	0	0	0	0	0	0	0	0	0	0	0	0	0	0	0	0	0	0	0	0	0	0	0	0	0	0	0	0	0	0	0	0	0	0	0	0	0	0	0	0	0	0	0	0	0	0	0	0	0	0	0	0	0	0	0	0	
0	0	0	0	0	0	0	0	48	0	0	0	0	0	0	0	0	0	0	0	0	0	0	0	0	0	0	0	0	0	0	0	0	0	0	0	0	0	0	0	0	0	0	0	0	0	0	48	0	0	0	0	0	0	0	0	0	0	0	0	0	48	0	0	0	0	0	0	0	0	0	0	0	0	0	0	0	0	0	0	0	0	0	0	0	0	0	0	0	0	0	0	0	0	0	0	0	0	0	0	0	0	0	0	0	0	0	0	0	0	0	0	0	0	0	0	0	0	0	0	
0	0	0	0	0	0	0	0	0	0	0	0	0	0	0	0	0	0	0	0	0	0	0	0	0	0	0	0	0	0	0	0	0	0	0	0	0	0	0	0	0	0	0	0	0	0	0	0	0	0	0	0	0	0	0	0	0	0	0	0	0	0	0	0	0	0	0	0	0	0	0	0	0	0	0	0	48	0	0	0	0	0	0	0	0	0	0	0	0	0	0	0	0	0	0	0	0	0	0	0	0	0	0	0	0	0	0	0	0	0	48	0	48	0	0	0	0	0	0	0	
0	0	0	0	0	0	0	0	48	0	0	0	0	0	0	0	0	0	0	0	0	0	0	0	0	0	0	0	0	0	0	0	0	0	0	0	0	0	0	0	0	0	0	0	0	0	0	0	0	0	0	0	0	0	0	0	0	0	0	0	0	0	0	0	0	0	0	0	0	0	0	0	0	0	48	0	0	0	0	0	0	0	0	0	0	0	0	0	0	0	0	0	0	0	0	0	0	0	0	0	0	0	0	0	0	48	0	0	0	0	0	0	0	0	0	0	0	0	0	0	
0	0	0	0	0	0	0	0	0	0	0	0	0	0	0	0	0	0	0	0	0	0	0	0	0	0	0	0	0	0	0	0	0	0	0	0	0	0	0	0	0	0	0	0	0	0	0	0	0	0	0	0	0	0	0	0	0	0	48	0	0	0	0	0	0	0	0	0	0	0	0	0	0	0	0	0	0	0	0	0	0	0	0	0	0	0	0	0	0	0	0	0	0	0	0	0	0	0	0	0	48	0	0	0	0	48	0	0	0	0	0	0	0	0	0	0	0	0	0	0	
48	0	0	0	0	0	0	0	0	0	0	0	0	0	0	0	0	0	0	0	0	0	0	0	0	0	0	0	0	0	0	0	0	0	0	0	0	0	0	0	0	0	0	0	0	0	0	0	0	0	0	0	0	0	0	0	0	0	0	0	0	0	48	0	0	0	0	0	0	0	0	0	0	0	0	0	0	0	0	0	0	0	0	0	0	0	48	0	0	0	0	0	0	0	0	0	0	0	0	0	0	0	0	0	0	0	0	0	0	0	0	0	0	0	0	0	0	0	0	0	
0	0	0	0	0	0	0	0	0	0	0	0	0	0	0	0	0	0	0	0	0	0	0	0	0	0	0	0	0	0	0	0	0	0	0	0	0	0	0	0	0	0	0	0	0	0	0	0	48	0	0	0	0	0	0	0	0	0	0	0	0	0	0	0	0	0	0	0	0	0	0	0	0	0	0	0	0	0	0	0	0	0	0	0	0	0	0	0	0	0	0	0	0	0	0	0	0	0	0	0	0	0	0	0	0	0	0	0	0	0	0	0	48	0	0	0	0	48	0	0	
0	0	0	0	0	0	0	0	0	0	0	0	0	0	0	0	0	0	0	0	0	0	0	0	0	0	0	0	0	0	0	0	0	0	0	0	0	0	0	0	0	0	0	0	0	0	0	0	0	0	0	0	0	0	0	0	0	0	0	0	0	0	0	0	0	0	0	0	0	0	0	0	0	0	0	0	0	0	0	0	0	0	0	0	0	0	0	0	0	0	0	0	0	0	0	0	0	48	0	0	0	0	0	48	0	0	0	0	0	0	0	0	0	0	0	0	0	48	0	0	
0	0	0	0	0	0	0	0	0	0	0	0	0	0	0	0	0	0	0	0	0	0	0	0	0	0	0	48	0	0	0	0	0	0	0	48	0	0	0	0	0	0	0	0	0	0	0	0	0	0	0	0	0	0	0	0	0	0	0	0	0	0	0	0	0	0	0	0	0	0	0	0	0	0	0	0	0	48	0	0	0	0	0	0	0	0	0	0	0	0	0	0	0	0	0	0	0	0	0	0	0	0	0	0	0	0	0	0	0	0	0	0	0	0	0	0	0	0	0	0	
0	0	0	48	0	0	0	0	0	0	0	0	0	0	0	0	0	0	0	0	0	0	0	0	0	0	0	0	0	0	0	0	0	0	0	0	0	0	0	0	0	0	0	0	0	0	0	0	0	0	0	0	0	0	0	0	0	0	0	0	0	0	0	0	0	0	0	0	0	0	0	0	0	0	0	0	0	0	0	0	0	0	0	0	0	0	0	0	0	0	0	0	0	0	0	0	0	0	0	0	0	0	0	0	0	0	0	0	0	0	0	0	0	48	0	0	48	0	0	0	
0	0	0	0	0	0	0	0	0	0	0	0	0	0	0	0	0	0	0	0	0	0	0	0	0	0	0	0	0	0	0	0	0	0	0	0	0	0	0	0	0	0	0	0	0	0	0	0	0	0	0	0	0	0	0	0	0	0	0	0	0	0	0	0	0	0	0	0	0	0	0	0	0	0	0	0	0	0	0	0	0	0	0	0	0	0	0	0	0	0	0	0	0	0	0	0	0	0	0	0	48	0	0	0	48	0	0	0	48	0	0	0	0	0	0	0	0	0	0	0	
0	0	0	0	0	0	0	0	0	0	0	0	0	0	0	0	0	0	0	0	0	0	0	0	0	0	0	0	0	0	0	0	0	0	0	0	0	48	0	0	0	0	0	0	0	0	0	0	0	0	0	0	0	0	0	0	0	0	0	0	0	0	0	0	0	0	0	0	0	0	0	0	0	0	0	0	0	0	0	0	0	0	0	0	0	0	0	0	0	0	0	0	0	0	0	0	0	0	0	0	0	0	0	48	0	0	0	0	0	0	0	0	0	0	0	0	0	0	48	0	
0	0	0	0	0	0	0	0	0	0	0	0	0	0	0	0	0	0	0	0	0	0	0	0	0	0	0	0	0	0	0	0	0	0	0	0	0	0	0	0	0	0	0	0	0	0	0	0	0	0	0	0	0	0	0	0	0	0	48	0	0	0	0	0	0	0	0	0	0	0	0	0	0	0	0	0	0	0	0	0	0	0	0	0	0	0	0	0	0	0	0	0	0	0	0	0	48	48	0	0	0	0	0	0	0	0	0	0	0	0	0	0	0	0	0	0	0	0	0	0	
0	0	0	0	0	0	0	0	0	0	0	0	0	0	0	0	48	0	0	0	0	0	0	0	0	0	0	0	48	0	0	0	0	0	0	0	0	48	0	0	0	0	0	0	0	0	0	0	0	0	0	0	0	0	0	0	0	0	0	0	0	0	0	0	0	0	0	0	0	0	0	0	0	0	0	0	0	0	0	0	0	0	0	0	0	0	0	0	0	0	0	0	0	0	0	0	0	0	0	0	0	0	0	0	0	0	0	0	0	0	0	0	0	0	0	0	0	0	0	0	
0	0	0	0	0	0	0	0	0	0	0	0	0	0	0	48	0	0	0	0	0	0	0	0	0	0	0	0	0	0	0	48	0	0	0	0	0	0	0	0	0	0	0	0	0	0	0	0	0	0	0	0	0	0	0	0	0	0	0	0	0	0	0	0	0	0	48	0	0	0	0	0	0	0	0	0	0	0	0	0	0	0	0	0	0	0	0	0	0	0	0	0	0	0	0	0	0	0	0	0	0	0	0	0	0	0	0	0	0	0	0	0	0	0	0	0	0	0	0	0	
0	0	0	0	0	0	0	0	0	0	0	0	0	0	0	0	0	0	0	0	0	0	0	0	0	48	0	0	0	0	0	0	0	0	0	0	0	0	0	0	0	0	0	0	0	0	0	0	0	0	0	0	0	0	0	0	0	0	0	0	0	0	0	0	0	0	0	0	0	0	0	0	0	0	0	0	0	0	48	0	0	0	0	0	0	0	0	0	0	0	0	0	0	0	0	0	0	0	0	0	0	0	0	48	0	0	0	0	0	0	0	0	0	0	0	0	0	0	0	0	
0	0	0	0	0	0	0	0	0	0	0	0	0	0	0	0	0	0	0	0	0	0	0	0	48	0	0	0	0	0	0	0	0	0	0	0	0	0	0	0	0	0	0	0	0	0	0	0	0	0	0	0	0	0	0	0	0	0	0	0	0	0	0	0	0	0	0	0	0	0	0	0	0	0	0	0	0	0	0	0	0	0	0	0	0	0	0	0	0	0	0	0	0	0	0	0	0	0	0	0	0	0	0	0	0	0	0	0	0	0	0	0	48	0	0	0	48	0	0	0	
0	0	0	0	0	0	0	0	0	0	0	0	0	0	0	0	0	0	0	0	0	0	0	0	0	0	0	0	0	0	0	0	0	0	0	0	0	0	0	0	0	0	48	0	0	0	0	0	0	0	0	0	0	0	0	0	0	0	0	0	0	0	0	0	0	0	0	0	0	48	0	0	0	0	0	0	0	0	0	0	0	0	0	0	0	0	0	0	0	0	0	0	0	0	0	48	0	0	0	0	0	0	0	0	0	0	0	0	0	0	0	0	0	0	0	0	0	0	0	0	
0	0	48	0	0	0	0	0	0	0	0	0	0	0	0	0	0	0	0	0	0	0	0	0	0	0	0	0	0	0	0	0	0	0	0	0	0	0	0	0	0	0	0	0	0	0	0	0	0	0	0	0	0	0	0	0	0	0	0	0	0	0	0	0	0	0	0	0	0	0	0	0	0	0	0	0	0	0	0	0	0	0	48	0	0	0	0	48	0	0	0	0	0	0	0	0	0	0	0	0	0	0	0	0	0	0	0	0	0	0	0	0	0	0	0	0	0	0	0	0	
0	0	0	0	0	0	0	0	0	0	0	0	0	0	0	0	0	0	0	0	0	0	0	0	0	0	0	0	0	0	0	0	0	0	0	0	0	0	0	0	0	0	0	0	0	0	0	0	0	0	0	0	0	0	0	0	0	0	0	0	0	0	0	0	0	0	0	0	0	0	0	0	0	0	0	0	0	0	0	0	0	0	0	0	0	0	0	0	0	0	0	0	0	0	0	48	0	0	0	48	0	0	0	0	0	0	0	0	0	48	0	0	0	0	0	0	0	0	0	0	
0	0	0	0	0	0	0	0	0	0	0	0	0	0	0	0	0	0	0	0	0	0	0	0	0	0	0	0	0	0	0	0	0	0	48	0	0	0	0	0	0	0	0	0	0	0	0	0	0	0	0	0	0	0	0	0	0	0	0	0	0	0	0	0	0	0	0	0	0	0	0	0	0	0	0	0	0	0	0	0	0	0	0	0	0	0	0	0	0	0	0	48	0	0	0	0	0	0	0	0	0	0	48	0	0	0	0	0	0	0	0	0	0	0	0	0	0	0	0	0	
0	0	0	0	0	0	0	48	0	0	0	0	0	0	48	0	0	0	0	0	0	0	0	0	0	0	0	0	0	0	48	0	0	0	0	0	0	0	0	0	0	0	0	0	0	0	0	0	0	0	0	0	0	0	0	0	0	0	0	0	0	0	0	0	0	0	0	0	0	0	0	0	0	0	0	0	0	0	0	0	0	0	0	0	0	0	0	0	0	0	0	0	0	0	0	0	0	0	0	0	0	0	0	0	0	0	0	0	0	0	0	0	0	0	0	0	0	0	0	0	
0	0	0	0	0	0	0	0	0	0	0	48	0	0	0	0	0	0	0	0	0	0	0	0	0	0	0	0	0	0	0	0	0	0	0	0	48	0	0	0	0	0	0	0	0	0	0	0	0	0	0	0	0	0	48	0	0	0	0	0	0	0	0	0	0	0	0	0	0	0	0	0	0	0	0	0	0	0	0	0	0	0	0	0	0	0	0	0	0	0	0	0	0	0	0	0	0	0	0	0	0	0	0	0	0	0	0	0	0	0	0	0	0	0	0	0	0	0	0	0	
0	0	0	0	0	0	0	0	0	0	0	0	0	0	0	0	0	0	0	0	0	0	0	0	0	0	0	0	0	0	0	0	0	0	0	0	0	0	0	0	0	0	0	0	0	0	0	0	0	0	0	0	0	0	0	0	0	0	0	0	0	0	0	0	0	0	0	0	0	0	0	0	0	0	0	48	0	0	0	0	0	0	0	0	0	0	0	0	0	0	0	0	0	0	0	0	0	0	0	0	0	0	48	0	0	0	0	0	0	48	0	0	0	0	0	0	0	0	0	0	
0	0	0	0	0	0	0	0	0	0	0	0	0	0	0	0	0	0	0	0	0	0	0	0	0	0	0	0	0	0	0	0	0	0	0	0	0	0	0	0	0	0	0	0	0	0	0	0	48	0	0	0	0	0	0	0	0	0	0	0	0	0	0	0	0	0	0	0	0	0	0	0	0	0	0	0	0	0	0	0	0	0	0	0	0	0	0	0	0	0	0	0	0	0	0	0	0	0	0	48	48	0	0	0	0	0	0	0	0	0	0	0	0	0	0	0	0	0	0	0	
0	0	0	0	0	0	0	0	0	0	0	0	0	0	0	0	0	0	0	0	0	0	0	0	0	0	0	0	0	0	0	0	0	0	0	0	0	0	0	0	48	0	0	0	0	0	0	0	0	0	0	0	0	0	0	0	0	0	0	0	0	0	0	48	0	0	0	0	0	0	0	0	0	0	0	0	0	0	0	0	0	0	0	0	0	0	0	0	0	0	0	0	0	0	0	0	0	0	0	0	0	0	0	0	48	0	0	0	0	0	0	0	0	0	0	0	0	0	0	0	
0	0	0	0	0	0	0	0	0	0	0	0	0	0	0	0	0	0	0	0	48	0	0	0	0	0	0	0	0	0	0	0	48	0	0	0	0	0	0	0	0	0	0	0	0	0	0	0	0	0	0	0	0	0	0	0	0	0	0	0	0	0	48	0	0	0	0	0	0	0	0	0	0	0	0	0	0	0	0	0	0	0	0	0	0	0	0	0	0	0	0	0	0	0	0	0	0	0	0	0	0	0	0	0	0	0	0	0	0	0	0	0	0	0	0	0	0	0	0	0	
75	29	108	19	17	105	93	99	93	92	37	63	35	61	90	66	0	64	65	99	90	99	54	77	4	42	119	30	29	98	0	35	81	49	48	73	68	11	73	108	69	62	51	19	57	70	41	74	75	8	73	101	89	2	55	114	65	96	97	111	31	55	12	15	31	29	84	40	104	63	71	103	87	32	2	56	63	63	17	18	86	33	74	49	10	2	17	113	30	39	36	64	65	46	109	18	15	14	92	109	56	28	59	6	98	97	107	55	5	30	30	112	114	67	27	34	60	26	12	55	73	45	3	94	85	18	111	91	79	69	83	84	80	86	47	36	106	109	43	35	14	92	18	11	20	60	4	20	94	86	98	39	5	99	109	45	33	20	86	88	19	113	87	32	5	52	39	63	104	14	40	93	60	112	108	19	75	19	66	2	6	87	61	76	77	31	101	89	97	26	43	35	20	114	103	113	119	8	44	111	27	20	2	11	80	57	50	64	103	54	78	14	82	13	45	102	114	47	1	18	111	117	100	98	27	40	21	0	22	40	55	83	66	103	41	78	8	22	102	50	48	118	54	78	28	72	34	13	44	5	35	112	10	29	18	47	102	114	80	83	2	21	86	29	31	111	45	79	37	89	46	74	113	60	39	106	43	73	52	67	110	54	33	50	97	87	101	5	104	49	115	39	24	35	32	38	7	31	75	95	9	44	87	80	27	39	106	108	26	108	49	113	28	113	73	61	77	66	110	107	42	5	110	10	88	70	110	117	5	67	35	18	21	40	66	55	13	115	55	87	90	89	16	41	66	85	50	104	97	63	49	67	85	106	51	29	89	35	29	85	28	64	4	46	34	37	93	15	8	24	4	67	68	86	71	1	34	59	83	101	95	52	45	35	48	79	41	2	75	9	21	94	12	94	78	99	0	3	49	104	61	78	75	73	118	84	72	2	106	113	54	66	6	107	82	21	93	6	88	72	110	71	94	39	13	13	25	73	79	26	46	2	2	14	2	119	58	27	25	77	100	96	65	16	117	82	31	63	51	85	56	22	2	71	104	74	79	20	78	112	88	66	77	69	104	30	42	6	62	11	44	16	71	89	6	0	14	59	22	59	82	54	65	118	47	88	67	94	26	85	107	0	89	83	20	113	80	87	52	102	76	117	119	68	74	66	92	16	104	108	38	31	10	104	107	15	61	90	79	11	38	39	105	1	11	45	100	22	96	33	30	87	18	71	4	33	39	92	98	98	74	95	71	5	2	90	54	112	100	44	20	88	35	106	72	27	22	40	85	68	81	76	97	89	66	74	57	48	20	24	2	36	118	90	0	3	4	86	34	67	92	32	10	111	73	110	8	94	74	36	88	35	100	56	6	29	42	94	40	23	83	68	43	96	35	71	67	59	55	66	22	23	101	21	33	95	104	35	9	114	88	105	91	59	87	53	107	41	3	100	47	95	26	66	100	52	1	100	7	68	41	53	109	71	83	103	19	90	75	46	11	63	96	100	85	39	21	57	59	115	34	70	77	69	24	5	93	76	1	23	68	58	36	20	59	112	4	85	26	94	9	68	59	95	85	57	55	91	47	61	86	99	34	107	42	48	6	17	36	50	36	74	21	36	45	7	69	54	66	24	30	96	61	70	113	69	102	107	118	100	110	87	119	7	30	44	29	0	24	18	64	102	100	19	83	59	11	7	44	57	110	47	47	31	54	61	75	31	12	98	58	106	58	6	69	1	104	114	28	77	23	112	58	39	17	96	21	40	13	12	113	57	94	12	93	58	84	10	83	22	104	38	116	45	75	26	56	7	95	62	73	95	91	35	48	37	98	43	85	25	13	110	66	86	83	30	80	107	95	35	24	98	112	23	82	77	9	26	112	83	74	110	50	94	61	35	43	23	81	90	74	79	81	69	17	88	37	85	0	105	46	114	41	60	110	45	85	2	60	112	5	19	3	11	105	10	19	80	59	31	29	111	99	107	67	106	4	103	44	41	13	99	19	5	40	74	56	88	29	115	52	35	118	1	73	118	12	3	22	42	0	4	14	81	82	51	33	83	36	51	56	10	119	19	77	46	19	69	23	16	42	106	73	10	101	59	11	45	29	10	47	33	114	102	4	111	22	73	61	1	10	108	26	95	102	23	76	107	4	93	84	61	29	22	67	39	97	3	3	17	50	61	36	37	65	4	71	75	55	99	109	68	60	82	24	50	106	49	79	46	10	75	85	87	4	23	10	97	114	7	8	34	93	93	78	38	109	8	55	75	92	50	11	44	83	13	27	98	11	8	56	109	60	53	100	78	104	37	78	47	64	1	105	73	52	34	117	28	14	33	28	89	15	103	93	42	82	17	81	23	118	65	57	43	6	75	22	68	85	52	85	95	49	18	59	40	0	104	7	21	13	45	83	82	118	60	110	21	112	4	28	75	7	9	114	41	10	112	30	51	52	55	61	55	52	105	43	25	77	45	61	23	53	86	72	30	98	91	42	26	103	40	79	89	73	58	109	47	31	71	88	115	29	58	78	63	63	50	67	35	52	74	60	50	15	97	38	10	54	115	16	99	17	1	50	110	94	54	59	98	50	5	51	8	23	15	69	114	62	116	112	39	94	30	22	81	98	93	0	66	82	99	95	34	8	41	19	57	44	87	119	106	71	47	42	93	90	73	110	75	103	79	108	109	22	17	29	60	1	97	73	49	40	112	99	45	52	30	74	66	38	45	0	15	104	53	46	86	90	104	68	57	86	94	117	0	68	81	88	115	61	42	87	61	10	1	3	22	37	40	53	31	118	111	46	65	71	104	38	71	26	28	108	104	118	93	109	100	35	88	37	33	94	67	98	20	68	34	113	106	50	34	21	0	13	0	22	90	114	25	95	118	86	27	29	25	14	106	30	16	23	84	23	119	54	12	116	76	0	41	82	108	43	112	15	20	34	44	48	16	115	92	73	54	11	52	71	27	15	41	24	76	28	16	49	102	72	63	54	21	30	90	93	7	92	70	66	73	71	73	35	23	117	119	76	0	49	29	66	95	25	72	60	58	59	86	84	93	42	43	106	79	84	20	96	35	111	94	14	31	46	7	78	87	32	43	48	58	112	31	103	107	77	9	96	64	34	85	97	86	109	8	118	17	44	103	69	56	107	111	66	22	94	30	19	97	4	32	93	109	104	91	36	56	65	26	93	88	98	76	46	79	74	13	60	61	77	43	91	86	119	57	64	22	119	70	57	43	48	30	43	25	49	39	50	63	14	69	27	8	28	117	12	58	55	108	10	90	62	15	9	100	45	108	95	39	17	63	48	30	70	86	106	47	91	52	1	110	76	56	91	58	94	22	92	30	102	108	57	96	49	69	25	100	35	80	119	65	67	65	56	66	109	6	10	37	14	51	97	87	27	53	11	116	73	81	4	98	101	60	42	78	44	20	97	77	107	29	111	106	82	53	36	118	99	34	59	28	25	108	119	119	3	78	17	76	86	116	62	16	16	11	45	40	60	73	89	9	81	2	40	104	19	67	6	105	47	58	105	19	58	115	14	41	105	100	25	65	10	81	56	80	113	7	47	19	82	100	84	79	36	100	68	65	19	45	60	77	84	11	104	90	21	59	69	43	1	59	66	39	71	15	66	33	114	13	82	55	41	73	25	30	64	80	82	99	20	112	34	91	75	37	96	74	16	60	78	87	17	91	36	61	12	38	13	67	5	35	71	100	9	110	54	54	37	76	0	38	14	43	82	105	2	23	0	44	20	14	88	107	19	84	111	85	51	54	49	21	113	74	44	106	106	108	109	95	43	98	96	74	89	80	11	64	74	91	82	62	18	49	11	65	109	46	83	61	42	56	110	65	54	26	50	8	60	68	92	105	58	32	48	39	110	109	92	32	35	16	45	89	112	61	7	23	25	113	0	55	92	33	59	66	118	10	46	42	63	104	33	23	48	92	108	2	41	31	32	68	100	33	70	55	34	116	95	59	60	70	4	4	1	24	51	46	70	58	97	110	94	23	93	119	20	94	119	17	82	108	33	69	70	114	94	16	34	103	91	90	26	33	67	63	56	33	55	93	118	22	73	116	66	27	70	20	8	26	115	33	31	16	25	113	110	25	9	11	100	11	29	34	34	111	52	110	99	25	87	18	62	93	8	76	77	29	88	62	13	37	20	1	40	20	28	68	47	108	39	97	90	119	7	18	14	111	3	81	106	36	45	58	36	80	34	48	9	105	28	0	51	38	59	93	83	92	54	92	95	99	54	53	31	46	40	47	12	62	4	119	6	63	113	91	51	115	24	37	87	96	63	42	99	32	45	79	115	14	72	111	117	44	74	113	3	41	111	92	100	59	119	18	40	49	34	108	85	75	97	62	103	46	43	61	49	28	95	72	64	22	98	5	71	9	63	23	115	82	118	89	41	36	67	7	70	69	90	71	16	47	48	43	79	73	21	13	8	116	31	98	39	92	21	38	79	46	26	119	78	40	18	12	99	115	4	35	73	17	107	59	115	63	93	56	109	109	58	94	2	89	109	44	20	24	4	29	77	101	66	59	4	69	32	66	94	115	71	34	49	23	97	95	77	31	51	78	84	119	56	15	114	116	49	59	50	57	86	112	64	56	81	64	7	95	87	79	44	92	45	16	80	10	108	40	41	52	6	79	58	109	7	7	59	12	113	105	19	75	8	93	11	66	45	71	56	44	34	114	1	80	7	43	21	5	79	45	45	12	35	98	98	79	53	42	61	118	116	3	36	83	9	83	19	30	98	69	106	39	107	49	103	114	60	93	55	15	104	117	22	101	97	35	116	110	16	8	34	57	52	17	87	0	85	91	44	41	38	89	67	79	108	86	48	81	41	7	27	69	73	20	57	117	63	9	95	0	43	100	30	3	98	73	91	19	24	26	66	15	110	74	77	16	28	118	114	5	95	94	90	100	2	23	84	7	36	100	92	105	23	76	107	96	53	81	48	51	112	68	106	77	81	15	79	113	50	18	75	38	32	49	108	71	45	111	22	15	72	102	2	96	99	47	53	15	79	34	89	36	40	19	6	79	36	11	51	60	4	28	62	7	101	34	23	54	29	29	84	53	39	87	107	20	82	99	2	46	31	64	109	53	76	76	39	94	25	96	105	67	75	69	85	62	19	44	35	24	90	63	92	21	66	1	92	112	90	98	22	38	12	4	112	79	23	16	109	39	93	55	61	1	40	29	78	109	58	7	92	5	50	12	41	107	114	110	108	94	76	34	20	23	27	27	74	9	64	66	68	24	0	113	87	17	89	55	118	110	12	79	28	101	21	87	40	9	42	78	80	41	72	102	45	110	105	29	39	98	43	56	106	46	74	31	73	63	71	85	1	11	108	89	29	58	68	101	47	78	61	68	34	5	17	61	103	109	6	1	44	112	20	14	97	68	111	52	65	54	45	46	10	60	40	17	40	24	99	103	81	92	50	9	90	103	26	6	64	45	43	80	72	115	63	106	63	28	97	106	75	78	18	50	30	73	50	56	25	57	59	28	37	58	62	103	60	107	97	62	98	98	19	58	42	46	72	91	54	57	95	90	107	63	102	81	104	13	52	27	49	79	21	88	35	43	56	8	1	15	27	59	8	3	79	34	117	109	113	51	53	84	116	84	91	66	73	119	116	59	55	43	116	93	52	108	94	29	59	104	111	51	41	75	93	39	14	66	94	118	75	25	57	16	24	21	115	14	45	28	62	117	105	29	79	15	2	32	107	15	2	38	37	119	53	11	47	111	55	81	50	116	42	78	11	104	41	5	36	51	55	5	24	7	32	87	110	9	25	73	9	72	24	74	21	60	66	117	68	35	36	63	50	15	0	9	94	29	84	86	10	85	73	53	39	110	103	63	29	8	37	71	65	84	61	12	49	25	79	14	101	33	89	115	26	90	50	37	60	99	96	78	81	82	102	50	51	93	73	113	101	0	79	99	26	56	86	90	30	5	83	13	74	42	7	62	9	88	56	11	2	56	39	110	45	40	72	93	74	40	103	55	20	108	75	98	66	49	50	80	2	9	66	26	89	26	18	2	34	102	101	89	85	113	18	31	6	79	97	40	112	61	98	18	53	92	95	114	35	10	95	87	32	94	43	62	114	109	19	76	24	107	69	8	41	32	91	64	90	18	90	90	71	36	100	6	106	69	9	65	38	71	107	14	115	37	28	43	32	107	26	43	38	34	116	56	47	8	77	79	67	20	59	8	55	8	111	9	72	64	55	20	113	13	22	61	101	61	44	93	99	71	53	30	66	47	23	19	37	32	103	0	107	24	42	112	46	61	26	102	115	113	87	54	74	2	3	0	69	31	62	27	48	109	38	9	29	68	102	52	57	11	38	58	7	56	31	33	102	9	80	14	39	68	32	1	107	50	62	16	85	9	40	49	24	16	98	84	97	113	37	62	70	86	114	26	74	13	61	67	103	97	17	93	24	68	106	92	54	50	76	109	64	112	71	70	62	63	26	66	99	35	63	26	19	59	102	13	42	54	66	61	112	14	30	119	95	13	15	37	91	95	66	1	13	16	111	41	115	118	2	72	49	84	36	19	68	104	19	0	88	40	19	94	5	64	102	57	46	93	36	10	77	7	5	115	95	40	42	58	42	46	24	25	90	50	46	75	65	69	59	34	4	49	99	34	30	21	47	108	37	67	96	61	79	97	76	30	40	11	107	98	44	8	82	73	18	109	86	59	46	85	97	28	6	19	87	99	105	20	51	63	3	100	64	92	88	6	13	34	12	5	115	31	99	112	78	98	52	105	111	31	88	95	90	78	108	61	105	33	116	65	29	11	86	27	60	87	1	45	89	73	91	89	69	117	86	48	75	24	11	111	43	31	44	26	19	53	19	38	1	82	97	111	11	44	86	100	64	81	44	119	108	67	90	50	98	9	109	11	83	40	48	12	107	34	81	72	21	99	52	99	90	45	83	12	40	7	26	94	54	63	90	118	30	77	22	3	8	79	97	37	50	57	65	38	114	39	20	39	95	1	28	74	55	47	66	104	1	108	57	105	98	6	40	41	110	35	100	64	31	13	103	10	45	26	64	107	98	116	78	111	49	118	90	14	49	14	3	51	5	117	18	103	37	44	49	33	51	16	17	30	28	43	25	73	100	6	116	79	0	103	41	106	106	17	5	1	104	27	56	60	41	107	47	6	45	51	105	1	108	102	61	77	53	84	114	104	119	49	21	78	102	63	40	33	82	65	101	89	35	75	102	44	26	84	91	73	115	73	1	15	35	98	79	6	77	4	29	46	33	11	8	107	68	33	10	61	35	62	44	73	103	58	118	71	76	88	71	81	9	35	32	97	52	118	58	4	60	71	87	45	118	102	96	15	106	54	1	106	47	73	49	116	3	86	3	60	111	31	64	24	3	112	117	0	16	31	103	97	111	3	9	107	84	23	105	20	61	80	18	30	50	59	68	29	92	7	85	62	41	93	17	63	34	106	68	74	71	25	0	31	78	91	71	17	12	4	72	45	27	22	115	39	2	41	11	87	60	24	5	65	85	72	32	63	62	61	95	95	81	25	71	19	3	53	49	54	3	5	107	65	106	4	12	56	47	104	105	106	17	30	41	11	83	66	118	0	3	7	24	61	76	14	17	28	2	66	119	8	13	39	92	49	11	95	61	57	118	103	108	82	6	35	57	32	8	16	75	79	85	65	5	64	113	22	85	90	117	7	43	99	106	72	17	79	38	49	81	10	35	65	21	104	83	67	72	113	56	7	10	23	108	32	28	34	105	103	8	80	48	46	28	65	65	47	2	79	67	18	46	69	54	109	20	94	1	69	8	97	51	77	83	27	29	38	81	62	16	100	85	3	103	71	105	30	20	47	98	35	115	70	13	48	73	95	118	40	45	44	38	96	6	35	38	71	59	92	68	19	72	116	69	41	42	48	89	117	80	42	42	71	94	62	14	109	49	114	52	60	63	31	10	19	0	8	53	94	86	67	104	105	96	6	34	32	27	80	6	3	88	40	55	118	21	28	80	6	70	28	29	94	25	90	5	70	20	97	28	1	76	80	92	33	51	50	25	25	89	115	81	10	106	38	94	48	12	40	12	19	99	83	72	65	67	118	
63	56	70	118	62	6	119	19	94	19	34	24	23	80	30	101	99	85	37	83	82	45	41	84	110	15	17	112	15	61	32	112	16	96	30	102	55	80	100	26	31	80	107	85	73	111	100	73	38	112	40	38	54	98	112	53	10	38	85	96	76	15	88	79	13	93	115	91	109	16	77	54	14	114	17	8	88	68	22	66	61	79	119	13	62	59	60	115	91	11	37	77	86	31	79	26	18	73	72	60	53	49	97	50	15	37	23	35	116	2	79	90	10	91	85	54	52	16	103	59	33	60	42	21	13	84	3	67	14	94	62	25	87	39	33	75	47	75	105	24	11	64	107	44	6	106	43	67	39	54	64	108	58	18	37	67	116	19	7	52	27	109	21	6	82	54	82	93	16	34	100	102	66	102	96	78	43	33	35	57	90	93	25	38	43	66	0	33	108	34	101	15	104	85	77	37	110	45	4	8	99	10	9	53	98	86	46	97	58	81	59	41	15	94	92	114	54	50	53	65	52	99	28	99	63	117	94	13	91	102	39	68	110	83	54	21	43	95	78	5	105	106	101	49	100	15	23	118	17	59	67	57	110	44	28	87	87	39	64	85	81	72	43	72	98	100	116	22	77	53	40	119	83	103	98	7	36	17	73	5	103	28	62	65	44	66	34	99	76	27	45	102	64	17	64	49	10	4	70	46	66	110	94	71	65	71	90	35	32	65	75	116	56	44	49	59	83	41	94	57	57	58	43	40	19	48	0	15	42	99	72	0	111	44	49	20	4	101	15	19	57	54	9	96	79	81	33	43	71	78	48	93	42	23	46	79	114	84	109	65	71	86	6	94	74	87	18	5	108	48	9	9	86	88	5	9	2	11	22	80	64	40	47	13	97	16	63	35	62	93	47	1	40	71	26	25	33	111	39	76	81	31	80	51	65	40	77	24	34	58	40	98	30	38	98	91	68	38	108	60	55	74	78	5	31	52	18	65	53	100	1	32	11	28	12	75	65	20	3	59	7	86	104	8	40	50	91	29	29	65	86	90	61	13	82	111	115	7	8	39	103	38	40	49	82	22	68	7	61	5	37	43	114	79	108	108	56	66	57	108	58	89	6	45	24	5	91	14	28	38	3	97	21	45	53	55	22	12	10	9	111	100	85	16	73	29	69	85	37	72	4	17	109	95	10	101	33	58	1	113	65	26	26	56	113	89	54	90	23	96	109	7	61	63	33	42	85	47	11	99	55	66	67	42	20	73	115	66	38	20	60	98	68	68	95	84	97	43	68	82	45	25	13	59	105	111	27	33	111	111	62	85	62	18	32	104	105	8	90	92	0	2	52	24	4	34	104	102	62	25	103	79	40	22	98	83	90	117	81	45	93	100	118	85	26	47	26	20	90	4	85	3	103	118	113	42	57	30	71	36	73	4	63	8	88	73	36	1	79	71	93	118	0	102	83	26	19	8	72	22	55	39	8	11	89	118	7	62	51	53	41	58	42	0	51	86	28	77	90	30	53	57	91	7	27	17	2	78	74	105	54	80	119	110	50	98	96	119	84	114	1	23	89	11	79	51	110	12	112	17	48	105	32	102	44	47	37	111	23	43	27	0	69	43	103	95	61	114	87	80	90	31	15	9	43	22	53	71	67	60	117	6	16	38	68	68	31	73	0	118	101	106	101	64	62	119	9	40	1	51	72	35	97	29	103	53	93	49	76	92	96	100	51	92	64	59	33	115	106	43	36	86	75	18	48	90	0	60	91	99	62	117	57	22	58	92	40	66	64	93	43	42	38	109	42	67	34	18	71	35	119	71	57	39	3	99	13	4	59	73	118	70	68	64	52	91	43	76	73	103	20	2	92	80	78	64	98	99	92	25	62	108	117	12	47	33	76	100	114	87	63	24	91	114	83	100	71	40	117	85	92	62	49	9	94	8	46	67	114	108	88	50	22	23	67	89	31	101	13	119	0	11	100	16	32	32	67	81	4	15	104	96	112	118	88	72	73	97	15	103	100	6	76	83	71	50	35	32	15	33	112	19	40	65	106	25	63	94	84	119	97	70	92	91	4	70	87	64	37	27	50	21	55	73	18	94	113	110	83	64	8	6	84	8	16	39	32	27	70	118	86	70	112	119	17	47	34	64	119	81	113	86	93	43	3	117	96	65	20	3	53	48	18	44	9	77	41	94	72	6	70	6	25	30	71	81	71	60	89	35	8	100	71	57	113	27	64	42	24	102	56	9	119	90	53	75	62	76	19	31	57	58	72	48	77	103	96	115	78	106	48	14	67	111	30	6	47	83	6	24	104	51	109	48	3	28	9	12	85	116	71	16	43	38	82	109	57	87	60	66	3	106	117	0	11	56	85	89	108	7	47	68	63	11	66	107	51	35	32	112	27	80	50	99	104	76	113	76	9	24	94	54	113	4	34	105	57	74	101	70	64	42	65	110	9	86	119	98	21	39	56	115	19	29	21	99	86	89	14	113	23	94	61	112	53	11	108	95	19	113	106	81	105	106	80	45	41	23	25	38	27	56	109	60	72	95	12	0	114	36	108	85	57	44	96	26	44	42	72	115	32	83	73	31	44	4	55	17	99	99	39	63	20	108	119	30	35	20	108	75	84	40	58	98	62	38	118	90	84	10	110	62	13	9	111	19	85	16	29	32	65	85	13	64	117	100	118	41	104	66	58	80	78	93	64	33	28	57	93	91	62	91	21	105	27	40	78	33	31	6	92	23	63	65	45	2	40	110	21	85	38	66	26	102	104	27	96	113	90	37	117	21	105	109	5	117	90	37	108	58	50	15	34	53	15	113	97	108	82	28	33	2	66	50	108	86	97	67	82	2	25	0	36	111	65	10	61	77	51	43	99	78	64	99	33	115	1	115	111	20	7	108	39	59	59	79	73	1	102	102	63	86	25	40	81	93	68	8	57	44	114	30	63	15	43	44	53	21	23	57	27	8	9	48	34	25	25	73	60	89	31	37	65	80	94	5	83	32	5	27	42	97	46	79	104	5	27	50	85	13	19	29	83	82	32	41	2	28	115	104	60	109	46	82	65	110	32	88	34	64	35	11	1	19	16	20	94	65	56	77	115	114	35	94	16	24	116	40	55	84	35	12	56	95	73	59	53	81	15	7	46	92	93	48	28	57	70	63	9	97	65	85	118	108	1	91	59	84	69	11	57	89	56	117	42	46	41	50	14	10	91	75	87	6	101	89	117	5	9	38	81	110	96	26	93	3	75	102	82	44	60	19	0	60	114	11	112	1	119	21	60	23	52	12	44	69	114	88	18	101	17	18	62	0	76	100	26	55	67	78	62	34	15	32	100	19	16	14	28	82	113	38	55	25	90	18	15	57	51	12	77	11	119	92	48	31	61	19	28	47	31	106	111	76	95	3	109	103	44	77	4	64	64	59	111	41	109	53	60	32	52	43	73	41	111	53	33	45	8	46	114	83	84	9	119	19	118	63	49	118	5	96	17	78	82	102	0	51	23	90	119	110	61	77	47	89	60	32	90	36	94	68	23	17	19	33	49	87	77	73	103	1	44	109	100	32	2	30	96	43	0	117	4	85	6	42	40	62	118	48	87	112	56	22	89	19	30	86	64	64	17	49	11	65	49	87	12	30	80	3	44	8	14	92	101	41	77	76	70	105	117	68	26	65	72	5	73	19	39	16	59	95	114	69	11	94	75	119	97	89	2	109	94	106	17	1	51	18	105	19	25	8	106	70	26	31	93	105	101	39	12	39	20	106	80	111	1	0	82	51	11	10	66	84	13	2	57	50	94	39	25	96	25	53	43	21	94	66	47	59	54	113	119	11	82	2	91	29	99	63	109	108	114	63	110	7	33	78	86	89	111	18	23	33	62	14	97	24	112	58	6	73	52	24	62	20	5	60	47	67	63	37	93	57	18	49	8	106	79	117	108	8	61	6	78	67	47	49	35	117	107	11	33	70	14	25	99	6	18	53	85	84	19	114	93	47	76	39	2	48	60	113	73	16	66	81	59	62	79	98	20	33	112	53	64	4	61	36	96	4	5	12	25	109	8	75	16	97	87	106	60	26	56	36	14	85	26	94	93	3	64	41	90	85	82	88	44	4	25	50	119	72	70	34	14	9	15	103	116	11	116	60	2	79	103	79	116	67	106	67	100	50	50	92	29	100	23	15	57	42	110	81	43	44	77	1	86	119	34	117	42	116	59	107	86	89	50	38	102	31	78	105	108	48	73	63	16	19	112	55	54	22	102	101	62	85	20	104	31	81	61	89	44	42	9	27	90	83	100	81	113	85	65	97	9	88	91	87	87	56	59	4	64	73	5	110	118	102	77	9	13	91	111	55	77	15	90	98	102	106	40	16	100	96	39	108	70	88	63	43	24	81	6	93	2	107	66	40	37	28	112	69	74	65	114	8	102	105	23	74	16	87	63	112	93	105	1	42	77	74	88	91	82	67	20	60	4	43	59	32	19	29	68	36	2	57	60	22	85	104	70	13	73	67	103	14	106	79	46	22	91	44	41	53	56	9	38	60	43	12	52	78	6	97	68	97	104	74	119	75	29	101	69	0	48	50	22	83	17	97	89	19	102	19	39	72	13	90	41	49	5	54	25	101	99	6	22	12	116	32	58	58	19	112	52	24	91	69	36	28	100	5	119	26	103	72	90	85	53	89	57	3	118	55	48	103	10	62	1	9	28	81	47	77	74	14	80	9	32	64	104	57	85	13	42	81	2	60	55	49	83	6	109	14	84	67	12	109	99	109	24	117	72	1	32	115	66	65	11	41	86	18	20	111	87	97	6	42	80	90	93	68	52	96	86	80	111	61	6	82	62	25	47	94	6	67	24	0	6	54	118	100	90	88	8	64	75	73	89	28	67	92	98	23	83	12	63	78	27	42	115	60	102	92	22	33	53	93	25	33	32	47	39	84	46	88	20	108	9	117	71	87	20	55	108	90	55	14	59	30	65	15	68	98	97	64	102	89	38	16	111	94	45	99	3	91	40	3	97	30	28	87	105	79	119	61	95	38	96	104	24	80	118	91	84	118	95	79	55	118	106	47	111	88	3	66	31	104	117	88	14	10	25	6	3	25	10	80	38	30	89	15	115	50	54	71	1	75	15	78	86	54	48	32	77	94	50	99	25	83	51	118	51	44	24	114	0	63	4	102	19	56	88	70	38	51	84	50	38	58	51	85	61	11	118	19	97	117	85	49	19	16	54	54	81	119	102	57	117	96	78	23	75	81	4	18	16	111	107	109	6	116	82	91	119	49	72	21	68	111	111	92	71	60	36	3	55	45	10	56	82	10	47	47	112	91	111	52	2	67	46	117	106	101	68	85	57	29	71	7	15	108	89	28	17	39	92	40	54	54	116	79	33	80	85	35	58	12	39	29	80	34	77	5	115	68	61	75	80	73	93	109	69	60	73	85	105	16	14	113	22	103	36	15	85	10	76	15	104	70	117	90	2	9	5	105	74	20	51	63	51	66	78	42	20	92	9	47	13	61	80	90	107	83	32	57	118	1	21	67	1	86	77	24	37	87	54	5	53	90	25	39	13	62	43	52	17	5	24	117	116	19	96	82	61	74	91	103	82	20	97	15	85	86	85	89	48	11	79	116	78	62	82	97	117	2	108	12	108	41	1	32	16	51	16	17	84	39	72	4	50	89	87	3	8	37	75	22	79	73	4	33	35	112	52	116	10	105	20	59	112	45	99	36	6	3	70	117	79	69	31	40	110	37	46	33	27	101	82	30	40	108	44	84	74	80	117	43	82	28	27	43	49	74	92	33	77	50	5	15	6	92	60	114	117	48	71	107	66	22	61	113	104	71	91	72	6	80	63	48	68	76	65	95	80	59	99	81	27	108	108	110	28	25	47	59	49	50	55	58	88	56	42	40	82	62	64	91	67	35	13	36	47	26	63	72	85	87	21	35	47	118	40	47	109	94	75	97	98	93	39	12	89	2	86	75	45	20	17	75	88	96	75	8	63	115	76	3	84	3	16	17	111	65	55	14	17	90	19	42	37	63	58	53	37	19	25	82	36	35	100	114	98	103	14	82	101	59	112	65	49	64	34	33	85	48	7	114	111	69	0	15	84	91	6	98	5	29	54	48	44	8	3	6	55	100	27	66	113	90	95	99	59	74	89	70	31	24	102	115	110	0	10	20	18	11	65	65	96	13	15	76	56	74	90	61	22	99	93	22	36	117	27	58	48	18	91	42	92	18	31	53	72	53	20	75	87	1	63	45	71	34	28	68	65	21	57	113	47	105	48	5	38	48	76	83	27	82	114	38	36	11	23	30	90	49	31	106	41	15	55	97	119	91	103	88	24	62	64	76	1	12	26	29	38	98	79	16	56	20	20	3	100	61	63	104	105	111	26	53	4	17	111	15	43	42	43	77	30	50	71	46	19	37	110	89	100	19	26	20	35	7	105	49	89	24	100	16	118	110	52	96	53	64	81	40	74	73	79	99	98	33	119	85	115	55	58	44	73	14	30	34	101	88	116	17	58	74	42	33	16	47	41	55	58	75	1	22	97	59	95	62	23	108	42	23	3	19	41	24	44	103	5	42	111	116	105	58	22	13	96	10	6	94	41	44	45	27	2	118	39	43	88	81	56	106	6	56	32	74	111	35	61	72	74	68	108	32	19	14	117	73	9	109	53	38	1	26	18	82	72	103	39	66	20	11	56	3	110	109	5	79	54	85	1	15	24	89	16	21	13	61	88	86	53	3	42	12	41	82	95	107	91	31	72	99	84	34	1	21	22	105	29	52	44	75	67	47	53	23	85	68	34	1	104	111	69	96	81	102	67	4	14	31	106	23	104	77	49	16	52	94	35	35	118	88	112	45	107	17	94	70	71	97	61	100	87	12	119	82	30	26	34	15	26	42	86	33	97	102	43	40	46	8	86	60	75	41	115	19	108	79	95	68	95	76	91	31	39	72	95	33	69	41	11	99	84	109	63	41	118	49	102	11	4	79	101	56	75	96	32	3	94	7	79	107	34	96	117	106	73	50	41	96	94	48	4	73	96	73	12	96	103	73	104	80	114	47	66	48	114	11	53	30	27	84	79	46	89	41	18	50	13	106	19	90	35	99	74	11	80	7	1	72	66	70	83	60	1	96	116	77	16	25	54	6	25	49	34	77	105	107	96	89	18	84	21	82	87	21	72	58	116	48	76	10	101	70	94	59	66	23	32	39	44	53	17	106	87	54	80	46	99	18	105	61	56	33	5	32	86	83	4	86	61	6	67	13	115	53	27	115	41	93	6	83	16	111	79	70	48	38	12	20	17	29	15	85	0	39	81	91	109	49	55	73	105	72	30	63	18	94	9	40	119	115	82	64	52	50	73	19	16	65	92	77	67	8	29	119	0	107	46	92	101	92	40	66	38	38	107	45	69	1	72	22	79	32	71	39	48	92	0	100	15	68	66	35	80	92	61	21	57	66	56	105	12	114	55	33	34	11	94	9	109	87	90	7	42	42	1	69	31	90	94	117	61	25	14	86	89	97	12	20	40	108	6	22	85	1	67	64	91	11	24	45	84	48	4	17	57	20	24	62	66	44	93	20	74	19	34	59	23	22	72	19	102	42	52	104	40	110	32	86	44	10	55	76	86	60	22	95	43	79	65	104	76	56	9	111	31	91	105	81	69	14	13	61	88	75	86	59	48	98	88	93	97	63	72	94	96	36	108	62	29	108	67	24	49	89	79	79	33	16	110	46	114	102	88	2	63	48	104	20	113	101	117	7	73	89	46	14	106	98	55	34	94	95	37	97	118	116	58	93	31	97	22	76	38	45	109	99	31	115	47	58	55	19	76	36	6	94	118	60	4	16	77	29	24	97	9	13	58	17	104	1	76	23	21	102	78	79	99	100	55	18	9	63	25	69	72	34	4	115	98	54	2	59	105	5	57	30	106	79	87	6	99	92	23	68	26	106	102	111	79	74	106	51	52	13	28	1	115	66	70	111	109	25	5	39	57	56	42	106	90	116	3	15	80	64	49	65	55	54	78	69	114	46	86	26	64	27	19	105	4	32	20	88	7	65	78	114	49	42	109	68	119	50	59	96	
8	9	7	10	13	7	7	16	11	14	15	20	19	13	7	5	14	20	20	5	6	8	20	17	14	14	4	5	8	4	20	11	1	2	18	16	3	14	18	5	5	15	9	3	13	4	14	14	20	13	7	12	8	19	7	18	12	8	11	13	2	8	3	1	16	4	13	8	17	2	9	3	20	5	9	3	4	16	18	8	3	7	7	9	7	20	20	17	19	3	12	5	6	13	3	3	3	3	14	9	8	9	18	3	1	17	20	2	1	11	12	9	7	1	7	19	6	2	7	10	5	9	20	11	15	1	16	6	7	9	11	17	16	6	11	1	13	19	8	14	16	19	4	10	18	14	3	18	16	5	10	10	4	1	19	17	5	19	11	14	1	9	9	18	5	19	1	8	9	6	2	11	12	7	5	16	6	8	3	2	20	12	7	8	7	18	15	20	19	18	2	6	11	9	17	17	11	1	4	20	19	18	20	8	18	1	19	4	11	7	13	7	8	13	12	6	3	8	8	8	7	14	11	16	14	15	17	8	18	12	19	1	10	14	7	3	20	7	6	16	9	19	16	17	18	7	18	14	20	8	2	17	16	19	20	11	3	14	18	20	18	4	4	19	1	20	8	2	7	10	18	6	20	16	9	11	15	12	20	19	6	12	9	9	12	5	4	11	20	5	20	9	17	8	15	10	7	12	1	14	20	9	20	9	15	12	13	18	14	19	5	20	7	10	16	9	14	3	19	6	19	5	17	12	13	12	8	8	16	18	20	3	6	3	20	2	6	17	14	1	15	11	11	3	4	1	15	15	20	1	4	15	19	15	14	12	10	16	11	15	3	6	4	17	5	1	9	11	11	19	20	14	4	8	6	10	11	9	3	18	16	8	5	9	4	9	20	13	12	10	3	11	2	11	4	8	1	13	15	13	12	6	3	19	19	10	10	7	15	14	12	1	5	12	3	4	18	17	20	7	15	20	7	5	10	12	2	13	10	6	18	1	14	14	11	18	10	9	7	12	19	5	2	6	6	10	10	8	17	17	20	6	15	4	9	3	3	15	13	10	17	8	17	5	6	3	16	13	7	9	13	11	1	8	5	16	1	12	7	5	5	14	2	14	16	8	3	10	13	19	12	4	16	6	18	10	18	1	6	18	12	2	20	15	4	8	18	15	17	3	20	18	10	9	4	3	14	14	19	18	8	3	17	7	12	18	4	17	19	3	13	15	11	20	16	7	3	17	3	2	18	12	10	1	3	8	8	5	13	4	3	3	12	1	19	12	1	11	11	8	14	7	17	18	18	19	5	1	4	11	9	15	19	5	2	5	14	9	12	12	9	12	1	13	1	4	17	1	20	13	15	8	17	4	6	9	11	15	15	7	1	6	16	13	18	3	10	14	6	10	9	20	6	1	19	4	20	19	1	7	19	12	20	18	1	18	3	9	4	8	6	11	20	15	16	7	6	10	7	20	2	11	3	19	2	10	5	9	10	19	16	6	15	4	9	16	20	14	4	18	11	14	12	8	4	13	2	16	10	7	1	9	2	15	7	15	7	20	5	12	7	20	9	11	2	16	6	4	2	17	3	17	11	3	7	1	12	8	13	12	19	14	9	3	8	8	4	8	5	11	11	15	2	6	11	18	13	5	17	13	10	12	2	17	7	1	19	11	17	1	1	17	12	5	2	19	10	17	5	18	4	12	13	4	18	13	10	17	13	18	20	14	7	8	18	1	13	16	8	6	19	18	3	11	11	9	16	7	6	20	20	9	12	5	20	10	18	17	10	13	18	13	17	1	1	9	3	11	7	4	10	19	6	5	17	6	11	14	15	13	6	12	8	2	13	12	5	17	20	14	18	7	5	17	14	17	12	4	17	9	19	13	9	12	19	1	5	5	8	16	15	7	19	13	20	19	11	7	2	12	6	4	12	9	12	5	17	10	16	11	9	17	8	19	20	18	16	1	5	10	5	11	16	11	6	7	14	1	2	8	12	13	2	3	15	5	8	7	9	16	9	3	17	18	13	18	5	17	6	15	19	12	8	8	10	7	5	1	9	12	18	9	20	19	11	7	15	13	5	18	13	3	3	13	2	3	4	18	15	13	1	5	1	15	12	13	13	9	18	5	17	4	15	3	8	1	8	12	20	6	12	5	7	7	6	3	4	14	11	18	18	19	17	13	17	19	9	11	9	15	19	14	13	17	9	3	9	13	19	18	2	17	19	6	1	8	9	2	20	14	4	12	14	13	18	5	1	16	14	14	3	11	5	16	3	15	20	7	12	6	19	1	9	8	11	8	5	18	18	19	12	2	1	19	11	20	20	15	7	18	13	14	17	15	9	7	6	18	17	6	1	8	12	14	20	12	15	18	9	8	2	15	5	3	14	8	17	19	13	11	5	9	19	3	8	19	1	13	1	4	20	5	2	2	5	13	11	2	2	1	2	14	7	7	13	13	14	7	2	1	10	15	13	12	2	19	6	9	6	16	13	19	16	1	8	13	20	1	7	5	6	1	17	5	10	7	13	4	6	3	1	17	13	15	2	19	11	15	4	9	1	20	4	8	11	20	2	17	14	6	14	9	16	6	4	15	18	13	6	2	3	17	13	13	10	10	18	15	10	10	17	3	14	13	4	4	15	5	16	1	8	10	13	12	20	6	17	6	11	9	1	4	10	4	2	8	6	17	4	13	8	5	1	17	14	16	13	9	4	11	3	14	3	12	2	8	8	19	11	18	9	6	5	16	13	9	3	11	3	5	15	11	7	20	13	3	11	11	4	15	14	14	11	7	7	14	19	10	14	13	13	15	16	18	8	11	18	2	5	12	11	18	1	11	7	2	13	6	16	12	13	16	1	5	20	20	14	5	13	6	17	14	3	19	6	16	1	16	3	1	9	6	12	10	4	19	14	7	3	2	15	14	2	6	7	4	12	19	7	9	20	6	5	7	17	16	13	3	18	11	13	5	5	2	1	7	19	8	2	18	5	4	2	10	16	13	5	9	1	11	1	15	5	15	10	2	20	19	9	3	17	18	20	14	7	11	11	9	20	9	19	9	13	15	14	2	11	9	1	18	11	20	11	2	6	14	7	10	17	2	18	12	4	3	8	8	14	12	6	17	2	20	14	13	18	19	20	12	19	2	13	1	6	14	7	10	8	1	14	11	6	14	20	2	17	12	5	7	13	19	6	9	17	16	13	11	16	4	6	14	12	16	19	20	6	6	4	6	15	9	2	5	12	8	11	1	6	19	11	4	14	6	7	18	4	1	13	9	15	14	2	14	14	15	5	5	15	2	13	4	16	14	3	19	8	10	19	13	4	10	2	13	19	11	17	4	1	10	2	12	11	13	2	10	5	15	13	15	17	15	20	15	17	13	9	19	16	13	3	6	4	11	6	7	14	17	5	15	7	1	1	17	15	17	7	11	9	12	5	9	14	13	6	12	14	4	8	5	11	11	19	5	20	15	17	9	18	9	10	5	7	11	12	3	14	13	4	12	13	4	6	13	9	14	16	6	7	18	2	13	8	15	5	7	10	1	7	13	12	2	17	20	20	14	15	8	15	6	15	7	6	19	9	18	19	11	18	1	9	5	17	15	6	1	4	15	8	5	10	11	10	8	12	3	18	17	2	14	18	4	6	11	1	11	20	16	18	13	18	13	8	10	9	17	9	7	4	19	11	13	7	5	13	10	9	20	2	18	11	12	13	2	19	16	13	8	17	11	1	8	19	3	4	11	5	4	5	6	5	1	11	15	12	17	10	6	2	10	18	12	20	8	6	10	12	6	13	2	11	15	14	8	5	9	5	1	19	8	15	19	16	11	12	13	10	17	11	14	12	4	20	15	11	9	11	3	15	20	7	5	10	8	8	5	20	8	3	12	6	18	13	20	15	2	18	17	5	19	17	8	16	12	7	14	13	9	13	15	10	17	3	17	15	14	9	19	5	17	6	16	18	6	5	16	18	19	10	15	2	11	6	11	8	4	7	15	7	8	1	14	1	10	4	15	11	12	8	4	9	2	5	7	10	1	4	12	6	15	9	16	2	9	11	2	16	7	11	5	5	13	13	16	7	15	11	10	9	4	10	14	7	1	14	2	2	9	13	1	9	4	14	10	4	2	5	6	1	2	8	6	16	3	3	2	13	3	13	4	3	2	6	6	10	11	9	16	12	8	3	8	5	9	7	9	15	6	16	14	3	14	6	3	6	12	16	5	1	9	1	4	16	1	3	10	15	5	9	9	10	1	15	16	7	6	7	10	5	10	15	8	14	5	11	4	13	16	4	15	2	11	1	8	2	1	4	6	8	3	9	13	4	8	5	16	3	1	5	5	11	13	9	11	4	11	13	11	6	6	7	7	1	16	1	2	7	16	7	4	2	12	15	4	14	12	6	12	12	16	11	8	14	1	11	6	14	10	12	1	14	11	9	12	8	3	15	8	16	2	13	1	9	12	7	3	8	4	15	12	11	6	6	13	5	14	4	13	12	12	2	12	6	1	8	14	1	7	3	11	10	13	16	15	16	14	14	8	11	14	5	5	11	1	10	8	8	16	9	7	14	7	8	11	11	2	16	16	11	4	10	5	5	12	7	11	5	12	10	4	2	5	11	12	11	16	4	9	8	8	13	4	3	2	16	9	11	15	1	12	8	12	14	11	12	13	7	11	3	1	13	6	11	4	10	4	1	6	15	4	1	4	11	11	12	10	7	10	12	13	10	4	10	15	6	12	8	8	13	6	5	1	16	2	14	16	3	11	5	7	10	11	5	7	1	14	10	4	15	2	5	15	14	4	5	7	13	2	11	16	4	2	13	9	15	12	7	5	16	3	12	11	7	16	12	9	6	14	11	4	8	13	15	16	16	15	7	6	4	4	9	15	15	5	1	11	4	7	1	16	10	8	11	1	4	2	5	15	3	15	9	9	7	12	1	3	10	9	7	6	2	1	13	2	10	1	14	16	6	7	5	15	1	5	6	11	10	3	13	12	10	7	2	1	15	15	10	13	16	12	5	6	15	8	8	14	10	7	7	4	6	13	8	3	10	6	12	16	12	15	7	2	13	5	6	10	5	13	10	2	10	12	15	10	1	4	12	14	11	8	10	10	2	8	15	14	8	4	10	6	9	13	12	12	9	12	7	8	13	5	3	3	5	5	10	4	13	3	16	2	3	4	10	5	9	14	8	2	14	12	9	11	10	7	11	9	4	12	8	15	2	4	10	1	8	8	9	13	10	1	15	6	4	16	11	12	14	2	12	7	3	1	8	15	12	15	3	16	2	13	1	4	6	12	4	10	11	13	14	11	14	11	15	14	1	16	15	4	5	2	6	8	16	6	3	5	7	13	16	9	15	3	3	8	5	8	1	7	5	9	1	6	13	8	11	16	14	9	16	3	3	3	15	12	5	3	12	15	16	3	16	9	11	9	10	13	8	15	10	7	3	11	6	6	12	8	8	16	13	13	5	3	12	7	6	11	8	12	3	2	11	16	3	13	15	1	10	10	16	13	4	2	15	11	3	6	15	14	10	12	3	10	8	2	15	1	11	9	1	6	14	8	14	12	15	16	7	16	6	15	7	2	1	15	7	4	15	8	4	5	13	10	3	11	4	9	13	3	1	14	7	6	15	9	8	4	6	16	11	4	16	14	1	2	8	4	12	3	1	12	3	10	8	4	1	11	4	9	6	12	10	11	8	12	9	5	8	12	6	15	9	12	9	12	8	8	4	4	4	16	4	14	12	2	7	14	15	4	9	9	1	4	3	12	3	4	2	11	16	16	2	4	14	13	11	1	11	15	4	4	4	10	14	7	16	9	9	9	11	12	3	5	11	7	4	7	10	14	14	4	7	9	11	2	1	15	3	4	12	15	3	8	14	9	13	6	1	2	6	14	11	14	2	9	13	11	5	5	12	3	9	13	12	13	7	16	12	7	11	2	11	6	1	4	5	8	6	1	16	14	14	11	10	15	6	12	15	1	14	5	10	9	9	15	16	14	11	1	9	14	7	10	4	13	2	1	4	3	9	4	13	11	7	2	4	4	8	13	1	15	2	11	10	2	16	8	13	16	6	7	9	2	1	10	5	15	13	9	12	10	10	5	2	8	4	12	11	7	3	8	13	12	4	14	14	7	1	7	5	14	10	3	14	8	13	8	13	5	13	7	2	4	4	8	15	9	1	1	15	7	11	16	2	7	7	14	12	4	1	14	3	7	1	1	9	4	13	9	8	6	16	16	10	9	4	6	8	5	7	14	3	7	3	9	12	11	6	14	16	6	6	5	1	14	15	2	8	1	1	8	14	10	12	16	13	4	11	5	15	11	2	12	10	2	10	5	13	12	9	8	2	14	4	14	11	7	8	11	10	16	13	8	2	2	5	16	7	10	11	8	14	10	5	9	12	4	3	16	10	1	7	12	13	10	10	13	9	7	5	8	3	3	6	12	7	10	2	14	1	1	1	9	3	4	2	9	14	10	4	10	11	7	16	1	14	15	11	10	13	13	11	7	11	8	10	7	11	10	2	14	4	2	8	10	14	3	1	12	15	7	8	14	1	5	4	4	7	6	6	15	9	11	6	5	11	10	1	3	2	10	7	2	8	13	14	8	14	10	2	8	8	10	5	10	4	14	3	4	2	6	10	2	3	13	10	14	4	6	7	7	8	4	6	3	4	3	12	2	12	5	16	13	14	11	12	7	10	6	16	14	5	4	4	8	5	8	1	7	7	3	8	15	4	4	4	11	12	1	8	4	15	4	1	2	3	2	13	7	13	15	6	10	1	11	5	10	5	9	13	11	13	16	5	13	8	13	3	7	14	11	9	8	8	7	9	11	5	15	1	4	1	14	1	13	4	10	3	15	13	6	4	7	15	1	5	12	3	12	3	7	1	7	3	7	9	12	5	10	5	15	15	8	3	14	3	5	12	10	6	10	8	5	10	15	8	15	8	14	12	13	6	6	2	1	9	16	14	16	11	13	4	13	11	4	2	9	10	11	15	13	13	6	16	15	11	8	13	7	8	13	3	6	1	8	6	9	5	16	16	4	4	8	16	7	13	2	5	15	13	4	12	12	8	14	4	6	4	1	10	11	6	13	6	14	13	1	10	4	13	3	7	7	9	1	4	3	8	16	4	11	6	6	4	10	9	14	1	10	6	2	9	9	15	2	15	8	5	16	14	4	3	1	5	3	3	8	10	2	1	6	6	3	1	10	3	7	10	13	12	14	7	6	16	2	1	14	2	12	2	14	5	11	2	13	14	6	15	4	13	12	12	6	9	11	7	13	14	5	7	6	8	14	4	7	14	7	7	8	16	2	7	3	13	7	1	8	12	12	4	14	14	6	2	2	10	12	12	12	14	13	8	16	9	6	8	15	3	15	4	8	3	9	9	9	11	3	16	6	5	1	2	6	13	12	9	5	7	15	10	10	6	16	16	14	10	5	8	3	8	12	15	16	11	13	12	10	15	14	5	14	3	6	16	11	16	8	8	15	7	14	5	1	6	16	2	15	11	2	4	12	9	10	2	3	4	8	6	15	7	11	8	6	14	5	2	4	13	12	12	2	3	16	8	4	10	8	7	3	10	5	2	16	2	2	3	13	13	1	5	8	5	14	12	16	4	15	6	7	11	11	2	16	4	4	10	2	7	14	16	3	8	10	13	16	4	15	16	9	15	9	14	11	7	10	14	12	11	2	15	10	2	5	2	6	3	8	9	2	6	6	13	1	5	7	2	10	9	12	14	5	13	2	1	13	1	2	1	9	7	8	14	16	4	16	9	1	9	6	7	10	3	4	3	2	16	14	2	11	9	13	5	11	6	15	5	7	8	4	11	11	12	10	10	6	10	7	15	4	8	3	10	9	6	13	8	5	16	11	14	9	7	1	6	16	6	11	7	1	5	7	3	16	13	7	5	6	2	6	5	10	9	14	8	4	9	7	13	8	14	5	9	2	11	9	15	11	10	8	4	6	12	9	6	12	3	14	5	2	1	6	9	15	6	8	5	8	11	5	11	3	2	3	12	7	16	5	8	11	8	13	10	16	14	15	15	13	6	8	4	7	1	6	16	15	2	12	11	10	11	9	3	1	
420	800	610	580	130	930	310	980	500	260	870	1000	570	490	300	270	390	260	910	990	230	230	890	590	970	170	710	740	970	230	320	240	340	940	210	510	230	170	510	720	630	510	780	880	100	540	180	820	570	560	180	1000	360	450	800	630	700	190	940	720	910	920	620	320	320	560	560	650	110	620	740	300	470	410	140	290	990	180	720	470	890	490	300	560	550	390	160	800	390	920	900	550	600	610	750	290	970	460	410	660	650	650	360	770	990	690	500	290	160	590	990	230	610	270	580	620	500	800	440	340	390	760	240	600	970	760	830	540	180	490	900	820	290	870	420	160	170	420	720	590	950	400	700	930	570	310	810	960	240	130	640	950	300	830	630	820	100	620	300	380	940	990	750	910	180	620	830	670	800	340	370	320	260	1000	850	520	340	990	410	360	260	790	330	860	900	120	460	650	430	570	250	100	600	490	250	990	400	850	700	460	550	490	470	610	800	660	560	730	920	580	590	760	660	150	540	110	550	640	930	1000	290	640	650	510	310	730	250	290	120	810	330	580	250	960	330	610	840	570	940	960	630	110	470	340	670	210	480	760	310	730	100	180	690	830	880	1000	980	920	890	760	410	460	570	340	970	180	810	390	620	740	560	700	660	110	410	520	190	430	670	350	680	130	620	830	1000	180	830	610	180	210	600	240	840	850	110	1000	510	490	630	390	270	710	660	410	640	600	910	260	330	400	240	850	790	960	420	180	160	460	530	760	300	560	860	470	350	160	640	670	570	590	510	840	580	550	860	470	710	330	690	480	850	350	750	130	810	570	270	360	550	300	220	130	190	120	100	110	960	300	1000	820	470	130	230	230	990	630	780	380	470	990	230	780	620	890	1000	660	430	500	730	140	930	960	450	140	530	330	690	560	610	710	1000	270	620	770	340	850	280	480	320	870	420	280	970	880	960	810	630	290	140	350	460	990	980	410	860	510	980	880	600	650	720	360	210	420	800	240	560	470	940	780	680	610	340	640	820	460	740	480	190	400	620	750	150	750	290	1000	260	920	250	500	320	950	970	590	980	840	600	140	530	660	760	260	850	170	650	780	330	910	530	670	300	660	560	400	370	900	460	610	110	930	730	700	470	130	130	120	310	460	600	840	800	150	310	430	300	120	280	410	960	140	780	920	540	890	630	810	660	110	170	690	880	290	210	110	600	670	610	560	500	670	500	380	180	520	110	820	560	120	490	950	620	480	400	1000	620	520	270	630	760	930	920	920	550	410	200	330	450	310	190	600	420	220	880	120	960	260	750	240	460	740	210	290	670	750	750	470	260	340	230	610	290	120	490	930	580	930	440	970	640	620	290	790	550	580	340	590	960	190	100	280	450	730	860	790	840	600	660	840	840	690	200	310	730	170	370	340	540	780	470	760	730	350	750	730	620	520	560	660	890	810	470	480	270	740	220	310	770	540	580	820	180	560	590	240	870	730	340	750	130	270	750	720	840	340	190	900	580	660	1000	260	910	510	700	850	340	280	810	920	200	780	940	330	960	420	900	760	410	590	270	840	210	280	110	120	910	540	1000	570	690	930	470	420	290	380	240	480	610	1000	580	550	960	390	560	170	420	320	910	610	190	830	590	170	470	600	480	720	840	320	720	430	730	240	340	660	660	690	680	160	320	650	920	140	260	250	620	720	360	730	880	120	490	100	590	910	630	310	160	870	720	850	330	540	870	620	740	210	380	630	490	870	290	330	230	600	100	390	990	310	930	850	960	410	720	430	390	410	770	530	210	620	720	440	940	210	290	430	810	960	370	230	560	860	700	900	380	320	470	930	160	760	420	960	350	570	800	1000	970	700	900	440	750	140	850	930	700	440	990	530	680	410	880	590	1000	280	890	810	600	290	650	220	890	540	720	990	110	840	1000	940	630	880	270	1000	920	320	370	600	730	380	310	280	480	370	100	910	130	190	720	1000	1000	580	710	120	520	480	200	150	270	280	410	450	400	250	970	560	930	550	350	570	250	260	1000	610	340	990	850	390	810	660	580	670	810	510	830	820	150	890	670	540	980	950	100	530	430	720	110	160	820	840	820	860	300	970	580	740	390	590	650	880	360	850	330	850	1000	980	120	610	760	860	500	270	540	200	260	400	760	520	750	800	660	330	200	740	850	860	960	850	680	170	430	750	820	990	220	800	850	320	630	430	720	440	750	450	890	810	810	980	680	730	240	710	730	260	240	340	370	900	410	890	430	780	260	110	400	240	430	560	420	500	560	480	920	780	540	290	280	290	170	730	260	570	430	140	1000	530	280	670	650	410	840	300	680	670	320	890	230	490	870	240	680	680	1000	770	670	130	930	790	720	460	350	600	450	130	570	880	690	370	840	530	330	960	930	220	830	110	840	930	710	310	400	770	390	990	700	800	570	490	200	280	980	900	530	180	980	600	530	650	900	820	590	980	550	810	990	370	740	170	630	820	770	750	380	820	290	420	550	390	800	980	580	880	600	460	440	500	780	660	890	520	960	440	590	340	120	810	850	190	190	630	820	370	520	990	310	230	760	740	900	160	870	960	140	490	970	630	990	610	540	750	570	1000	170	600	1000	440	190	590	720	260	860	680	830	830	490	290	570	960	860	970	820	550	350	130	340	170	150	190	490	640	990	150	420	610	700	560	750	650	310	520	190	500	890	410	700	420	930	910	400	130	260	680	690	880	360	290	970	240	470	930	370	330	750	460	320	590	590	820	390	240	770	820	730	400	100	430	110	300	460	100	900	960	270	720	570	620	830	810	930	130	960	260	650	340	400	300	970	420	350	690	970	120	830	640	510	210	480	960	870	560	890	940	120	600	390	510	780	790	810	800	540	180	660	660	770	1000	650	560	100	220	140	450	470	430	510	170	270	560	790	880	450	670	550	850	920	970	300	560	720	850	330	330	410	740	230	110	530	260	680	360	700	1000	310	390	350	210	680	120	590	570	870	720	770	510	470	610	890	200	250	500	880	250	630	640	690	970	150	310	870	520	900	910	270	480	410	160	280	860	410	580	270	110	190	170	590	220	340	870	520	720	860	780	990	390	260	380	140	640	180	800	610	540	850	860	350	100	890	140	830	400	320	450	810	670	350	770	540	480	790	420	380	380	740	380	570	890	810	260	220	180	870	410	240	910	310	760	460	510	610	950	840	1000	1000	210	870	100	970	260	210	890	520	660	290	520	590	520	330	660	100	750	600	260	910	660	330	390	640	340	400	410	950	430	700	680	190	390	180	750	840	180	260	310	960	300	660	980	940	170	780	150	550	570	110	480	930	210	620	420	640	130	680	400	690	190	240	780	380	720	160	470	410	170	250	970	920	980	240	450	510	720	660	840	870	370	150	520	540	610	770	750	980	690	940	140	440	540	860	150	300	850	540	670	370	860	840	740	1000	430	670	350	720	960	610	610	680	690	310	980	260	490	270	900	220	750	860	160	730	440	400	210	460	160	470	460	340	660	140	940	300	960	460	230	500	620	210	380	410	770	430	180	470	130	180	610	600	180	350	230	210	410	110	380	160	700	470	910	900	200	450	180	590	350	320	370	420	490	920	140	570	790	700	300	420	330	570	250	110	510	700	250	970	110	320	140	370	920	550	640	660	370	680	350	900	900	800	510	800	230	280	900	520	360	330	680	530	540	170	100	960	550	110	660	640	920	370	260	670	960	320	850	760	940	350	990	120	520	660	260	350	480	670	470	810	100	810	830	340	570	490	760	950	850	960	970	670	730	760	350	710	550	350	230	850	510	930	890	530	690	390	380	540	890	790	430	220	510	900	450	410	900	200	100	610	150	200	890	690	950	250	260	110	170	170	290	700	780	440	630	100	210	590	320	990	200	370	300	210	390	280	140	520	270	950	380	580	900	160	100	340	460	410	350	400	380	510	630	790	320	210	750	120	480	1000	760	500	780	760	780	500	240	140	410	130	620	340	770	770	890	270	250	880	480	850	730	600	970	970	940	680	960	430	540	200	480	740	290	580	420	410	300	710	100	220	980	800	120	940	840	480	660	830	960	550	160	790	120	720	900	450	490	760	710	260	770	310	750	670	1000	280	980	850	440	910	910	910	680	530	540	250	130	180	440	840	100	900	970	850	510	230	750	560	470	720	380	510	680	760	410	560	500	320	150	520	550	930	630	820	650	730	880	130	220	270	120	720	920	480	390	540	380	750	320	740	690	600	440	940	740	360	550	140	730	660	860	510	550	870	710	800	580	540	150	170	930	230	140	720	930	430	440	230	220	170	570	890	940	730	510	300	610	520	290	440	640	150	820	140	520	310	480	150	150	290	260	660	240	120	520	670	590	740	730	840	230	510	340	630	190	730	280	730	780	670	570	330	430	240	250	980	1000	770	520	910	1000	900	540	960	230	230	980	560	740	440	820	380	690	520	660	150	720	840	830	430	750	290	440	450	410	810	350	420	640	400	890	840	390	780	930	580	750	140	950	890	980	120	510	450	360	310	600	470	510	490	600	520	300	860	200	210	210	470	900	880	100	250	660	780	960	400	950	720	990	410	430	880	240	460	800	760	830	750	710	380	270	990	850	150	940	110	460	830	720	410	420	440	260	830	330	720	230	950	580	760	110	220	810	680	350	970	210	210	770	440	150	500	100	230	320	450	890	860	140	510	450	650	940	660	440	400	440	380	790	380	670	690	180	320	670	900	960	880	260	350	190	170	680	950	890	1000	460	510	530	330	240	690	640	680	350	440	930	900	160	470	670	160	250	710	320	690	730	610	880	210	980	910	340	830	290	230	960	600	260	950	660	220	430	710	140	540	850	960	680	940	570	890	480	320	530	390	900	650	120	690	590	740	830	640	140	650	400	930	1000	970	700	330	200	770	600	840	210	580	740	710	910	810	670	230	890	630	240	460	780	890	230	640	160	620	750	660	290	890	210	140	990	590	660	580	840	840	980	850	960	870	310	440	580	230	320	580	950	800	100	860	470	490	480	230	190	740	490	380	760	310	770	810	260	680	710	800	220	830	920	620	160	160	550	290	440	830	130	310	360	150	590	200	410	340	750	330	120	150	310	600	440	630	430	560	460	870	800	410	550	410	620	110	100	580	350	550	280	280	810	330	120	100	480	940	340	560	120	480	250	200	180	850	340	220	880	390	160	450	840	830	770	630	920	500	630	650	780	940	950	950	1000	730	550	260	480	890	1000	400	840	930	270	620	660	340	140	650	980	720	130	970	740	520	460	640	830	720	790	980	240	330	280	810	130	120	240	210	150	260	370	630	1000	800	620	410	990	460	1000	720	300	880	290	450	830	530	720	600	520	340	240	530	530	150	210	580	560	570	680	750	590	240	1000	390	500	700	430	140	710	990	120	610	720	880	930	800	650	270	980	880	760	440	310	670	150	160	650	710	540	380	970	780	690	950	390	920	470	100	690	410	900	480	230	1000	950	430	730	820	340	700	830	790	100	750	950	540	870	500	200	980	390	570	990	260	560	940	710	120	520	380	380	920	600	450	580	870	360	110	1000	720	290	840	280	230	460	170	560	310	680	350	870	710	340	810	380	880	510	490	780	960	790	570	850	220	200	560	880	350	990	890	640	260	140	1000	940	820	200	650	350	440	210	740	520	160	890	270	150	750	120	420	510	490	790	520	120	840	350	110	350	940	840	290	790	100	300	750	600	310	130	660	620	780	160	960	320	260	240	930	680	380	670	980	850	550	370	170	330	310	350	350	810	160	150	190	620	400	380	990	710	520	730	950	140	860	900	870	950	850	970	710	160	540	990	520	410	170	590	140	470	970	320	240	410	220	190	680	570	420	680	100	410	720	350	110	770	880	720	550	230	850	790	290	560	350	540	550	340	530	1000	270	380	550	640	560	910	210	670	310	200	700	150	640	800	300	880	720	790	610	220	980	410	200	140	250	210	160	340	1000	510	830	990	1000	730	610	780	830	320	320	780	220	870	120	390	290	510	650	400	470	200	600	430	190	400	230	700	690	510	340	680	400	730	780	990	580	470	840	490	120	880	570	390	460	200	390	910	370	950	120	110	610	800	100	920	920	950	670	160	140	190	650	150	630	630	220	250	480	410	900	300	420	480	320	900	710	490	770	490	850	500	450	260	810	320	940	520	700	560	500	470	950	590	290	280	230	380	420	370	440	310	830	990	550	400	250	190	270	730	500	810	120	180	340	600	670	990	390	160	500	760	260	540	150	780	460	990	350	110	690	830	910	780	980	910	460	150	330	500	650	970	100	510	260	140	880	420	550	790	100	100	880	130	190	610	350	900	510	580	810	170	620	850	310	250	790	690	560	750	300	280	570	340	920	550	440	480	450	870	400	670	410	690	840	170	320	210	290	890	590	410	240	170	930	810	450	330	290	860	530	970	980	830	470	880	270	220	870	510	540	240	660	260	180	520	780	580	640	780	930	240	140	960	240	370	160	180	960	360	500	520	730	680	400	640	870	640	280	310	580	950	370	450	550	210	720	150	740	920	100	550	600	660	330	680	280	570	340	470	550	970	670	960	180	980	610	670	470	380	200	120	900	460	480	150	950	880	780	320	130	160	180	300	870	350	240	580	910	190	320	100	560	770	300	710	140	260	480	590	590	530	160	550	950	370	350	130	990	370	450	260	120	990	690	800	710	420	220	660	430	400	230	490	230	870	360	690	490	840	740	190	390	970	330	640	610	780	380	710	450	410	500	670	720	950	200	530	550	630	670	500	120	780	620	310	440	410	390	860	1000	140	590	180	530	750	910	360	620	980	590	230	370	820	630	960	550	280	990	490	440	100	560	910	510	320	200	990	870	160	670	780	400	510	550	470	920	960	140	170	500	450	900	430	740	560	620	480	720	500	530	260	200	900	110	530	960	620	550	330	730	520	210	830	560	710	570	120	380	740	510	320	730	820	210	790	190	370	190	290	410	890	840	810	860	340	710	810	710	830	550	530	260	390	380	190	230	670	470	710	810	640	580	440	120	720	300	630	610	330	920	520	470	470	120	880	890	640	990	880	900	180	920	650	970	530	430	700	930	190	970	310	480	800	580	280	780	370	370	890	240	1000	620	350	220	400	240	870	340	550	250	110	770	540	270	220	790	730	590	840	530	180	810	780	460	730	540	570	530	910	550	500	720	270	540	680	600	150	320	840	720	500	1000	250	540	220	210	180	600	530	430	920	640	500	640	850	220	860	1000	600	650	790	900	340	490	680	520	950	690	360	810	370	100	960	290	750	470	770	530	360	470	230	510	970	680	220	610	440	530	570	630	770	460	760	680	240	660	960	400	100	550	770	450	790	140	610	840	490	440	670	950	170	280	480	360	460	790	270	400	970	170	940	260	440	730	580	190	310	920	970	610	950	420	760	790	650	370	650	840	590	420	760	470	320	810	130	190	650	820	940	280	130	940	570	130	380	420	180	480	210	920	210	440	460	310	250	600	790	970	100	390	570	730	260	400	440	140	490	480	320	510	220	400	880	770	590	700	100	610	560	270	140	290	410	310	590	770	610	900	160	620	400	890	180	570	840	130	420	320	960	950	790	770	310	430	260	430	600	890	970	720	520	480	1000	130	560	120	960	320	650	690	240	340	650	970	280	210	860	200	680	850	210	350	720	700	560	710	270	840	630	170	850	990	150	220	340	980	800	360	520	900	860	290	760	170	470	840	610	250	780	500	870	110	230	520	210	280	720	550	930	800	160	400	320	910	130	940	690	940	100	220	690	180	820	610	290	940	990	740	130	170	210	390	610	840	210	310	660	810	880	670	210	740	950	620	570	480	160	500	1000	480	310	820	730	630	860	130	680	280	630	300	240	460	790	250	940	720	430	970	730	100	220	200	280	240	840	700	570	920	750	950	860	510	390	730	160	190	730	490	890	970	520	650	700	820	380	860	670	480	520	300	690	300	790	570	970	200	150	910	870	710	290	810	260	150	420	330	960	870	190	520	910	160	400	750	360	920	270	800	440	910	420	970	440	300	660	360	590	270	450	680	700	100	810	560	600	450	850	770	240	500	850	560	850	800	1000	870	790	170	520	450	290	740	690	720	170	580	810	520	210	610	660	350	460	570	360	610	300	310	450	700	310	390	950	810	790	680	920	750	960	800	310	800	430	720	770	100	580	640	440	260	810	630	620	970	240	240	660	420	960	540	250	960	850	
10
