4998
120
2
70
0	500	500	500	0	500	0	500	0	500	0	0	0	0	500	0	0	0	0	0	0	0	500	0	500	500	0	0	0	0	0	0	0	500	0	0	0	0	0	0	0	0	0	0	0	0	0	0	0	0	0	0	0	0	0	0	0	0	0	0	0	0	0	0	0	0	0	0	0	0	0	0	0	0	0	0	0	0	0	0	0	0	0	0	0	0	0	0	0	0	0	0	0	0	0	500	0	0	0	0	0	0	0	0	0	0	0	0	0	0	0	500	0	0	0	0	0	0	0	0	
500	0	0	0	0	0	0	0	0	0	0	0	500	0	0	0	0	0	0	0	0	0	0	0	0	0	0	0	0	0	0	0	0	0	0	0	0	0	0	0	0	0	0	0	0	0	0	0	0	0	0	0	0	0	0	0	0	0	0	0	0	0	0	0	0	0	0	0	0	0	0	0	0	0	0	0	0	0	0	0	0	0	0	0	0	0	0	0	0	0	0	0	0	0	0	0	0	0	500	0	0	0	0	0	0	0	0	0	0	0	0	0	0	0	0	0	0	0	0	0	
500	0	0	0	0	0	0	0	0	0	0	0	0	500	0	0	0	0	0	0	0	0	0	0	0	0	0	0	0	0	0	0	0	0	0	0	0	0	0	0	0	0	0	0	0	0	0	0	0	0	0	0	0	0	500	0	0	0	0	0	0	0	0	0	0	0	0	0	0	0	0	0	0	0	0	0	0	0	0	0	0	0	0	0	0	0	0	0	0	0	0	0	0	0	0	0	0	0	0	0	0	0	0	0	0	0	0	0	0	0	0	0	0	0	0	0	0	0	0	0	
500	0	0	0	0	0	0	0	0	0	0	0	0	0	0	0	500	0	0	0	0	0	0	0	0	0	0	0	0	0	0	0	0	0	0	0	0	0	0	0	0	0	0	0	0	0	0	0	0	0	0	0	0	0	0	0	0	0	0	0	0	0	0	0	0	0	0	0	0	0	0	0	0	0	0	0	0	0	0	0	0	0	0	0	0	0	0	500	0	0	0	0	0	0	0	0	0	0	0	0	0	0	0	0	0	0	0	0	0	0	0	0	0	0	0	0	0	0	0	0	
0	0	0	0	0	0	0	0	0	0	0	0	0	0	0	0	0	0	0	0	0	0	0	0	0	0	0	0	0	0	500	0	0	0	0	0	0	0	0	0	0	0	0	0	0	0	0	0	0	0	0	0	0	0	0	0	0	0	0	0	0	0	0	0	0	0	0	0	0	0	0	0	0	0	0	0	0	0	0	0	0	0	0	0	0	0	0	0	0	0	0	0	0	0	0	0	0	0	0	0	0	0	0	0	0	0	0	0	0	0	0	0	0	0	0	0	0	0	500	0	
500	0	0	0	0	0	0	0	0	0	0	0	0	0	0	0	0	0	0	0	0	0	0	0	0	0	0	0	0	0	0	0	0	0	0	0	500	0	0	0	0	0	0	0	0	0	0	0	0	0	0	0	0	0	0	0	0	0	0	0	0	0	0	0	0	0	0	0	0	0	0	0	0	500	0	0	0	0	0	0	0	0	0	0	0	0	0	0	0	0	0	0	0	0	0	0	0	0	0	0	0	0	0	0	0	0	0	0	0	0	0	0	0	0	0	0	0	0	0	0	
0	0	0	0	0	0	0	0	0	0	0	0	0	0	0	0	0	0	0	0	0	0	0	0	0	0	0	0	0	0	0	0	0	0	0	0	0	0	0	0	0	0	0	0	0	0	0	0	0	0	0	0	0	0	0	0	0	0	0	0	0	0	0	0	0	0	0	0	0	0	0	0	0	0	0	0	0	0	0	500	0	0	0	0	0	0	0	0	0	0	0	500	0	0	0	0	0	0	0	0	0	0	0	0	0	0	0	0	0	0	0	0	0	0	0	0	0	0	0	0	
500	0	0	0	0	0	0	0	0	0	0	0	0	0	0	0	0	0	0	0	0	0	0	0	0	0	0	0	0	0	0	0	0	0	0	0	0	0	0	0	0	0	0	0	0	0	0	500	0	0	0	0	0	0	0	0	0	0	0	0	0	0	0	0	0	0	0	0	0	0	0	0	0	0	0	0	0	0	0	0	0	0	0	0	0	0	0	0	0	0	0	0	0	0	0	0	0	0	0	0	0	0	0	0	500	0	0	0	0	0	0	0	0	0	0	0	0	0	0	0	
0	0	0	0	0	0	0	0	0	0	0	0	0	0	0	0	0	500	0	0	0	0	0	0	0	0	0	0	0	0	0	0	0	0	0	0	0	0	0	0	0	0	0	0	0	0	0	0	0	0	0	0	500	0	0	0	0	0	0	0	0	0	0	0	0	0	0	0	0	0	0	0	0	0	0	0	0	0	0	0	0	0	0	0	0	0	0	0	0	0	0	0	0	0	0	0	0	0	0	0	0	0	0	0	0	0	0	0	0	0	0	0	0	0	0	0	0	0	0	0	
500	0	0	0	0	0	0	0	0	0	0	0	0	0	0	0	0	0	0	0	0	0	0	0	0	0	500	0	0	500	0	0	0	0	0	0	0	0	0	0	0	0	0	0	0	0	0	0	0	0	0	0	0	0	0	0	0	0	0	0	0	0	0	0	0	0	0	0	0	0	0	0	0	0	0	0	0	0	0	0	0	0	0	0	0	0	0	0	0	0	0	0	0	0	0	0	0	0	0	0	0	0	0	0	0	0	0	0	0	0	0	0	0	0	0	0	0	0	0	0	
0	0	0	0	0	0	0	0	0	0	0	0	0	0	0	0	0	500	0	0	0	0	0	0	0	0	0	0	0	0	0	0	0	0	0	0	0	0	0	0	0	0	0	0	0	0	0	0	0	0	0	0	0	0	0	0	0	0	0	0	0	0	0	0	0	0	0	0	0	0	0	0	0	0	0	0	0	0	0	0	0	0	0	0	0	0	0	0	0	500	0	0	0	0	0	0	0	0	0	0	0	0	0	0	0	0	0	0	0	0	0	0	0	0	0	0	0	0	0	0	
0	0	0	0	0	0	0	0	0	0	0	0	0	0	0	0	0	0	0	0	0	0	0	0	0	0	0	0	0	0	0	0	0	0	0	0	0	0	0	0	0	0	0	0	0	0	0	0	0	0	0	0	0	0	0	0	0	0	0	0	0	0	0	0	0	0	0	0	0	0	0	0	500	0	0	0	0	0	0	0	0	0	0	0	500	0	0	0	0	0	0	0	0	0	0	0	0	0	0	0	0	0	0	0	0	0	0	0	0	0	0	0	0	0	0	0	0	0	0	0	
0	500	0	0	0	0	0	0	0	0	0	0	0	0	0	0	0	0	0	0	0	0	0	0	0	0	0	0	0	0	0	0	0	0	0	0	0	0	0	0	0	0	0	0	0	0	0	0	0	0	0	0	0	0	0	0	0	0	0	0	0	0	0	0	0	0	0	0	0	0	0	0	0	0	0	0	0	0	0	0	0	0	0	0	0	0	0	0	0	0	0	0	0	0	0	0	0	0	500	0	0	0	0	0	0	0	0	0	0	0	0	0	0	0	0	0	0	0	0	0	
0	0	500	0	0	0	0	0	0	0	0	0	0	0	0	0	0	0	0	0	0	0	0	0	0	0	0	0	0	0	0	0	0	0	0	0	0	0	0	0	0	0	0	0	0	0	0	0	0	0	0	0	0	0	500	0	0	0	0	0	0	0	0	0	0	0	0	0	0	0	0	0	0	0	0	0	0	0	0	0	0	0	0	0	0	0	0	0	0	0	0	0	0	0	0	0	0	0	0	0	0	0	0	0	0	0	0	0	0	0	0	0	0	0	0	0	0	0	0	0	
500	0	0	0	0	0	0	0	0	0	0	0	0	0	0	0	0	0	0	0	0	0	0	0	0	0	0	0	0	0	0	0	0	0	0	0	0	500	0	0	0	0	0	0	0	0	0	0	0	0	0	0	0	0	0	0	0	0	0	0	500	0	0	0	0	0	0	0	0	0	0	0	0	0	0	0	0	0	0	0	0	0	0	0	0	0	0	0	0	0	0	0	0	0	0	0	0	0	0	0	0	0	0	0	0	0	0	0	0	0	0	0	0	0	0	0	0	0	0	0	
0	0	0	0	0	0	0	0	0	0	0	0	0	0	0	0	0	0	0	0	0	0	0	500	0	0	0	0	0	0	0	0	0	0	0	0	0	0	0	0	0	0	0	0	0	0	0	0	0	0	0	0	0	0	0	0	0	0	0	0	0	0	0	0	0	0	0	0	0	0	0	0	0	0	0	0	0	0	0	0	0	0	0	0	0	0	0	0	0	0	0	0	0	0	0	0	0	0	0	500	0	0	0	0	0	0	0	0	0	0	0	0	0	0	0	0	0	0	0	0	
0	0	0	500	0	0	0	0	0	0	0	0	0	0	0	0	0	0	0	0	0	0	0	0	0	0	0	0	0	0	0	0	0	0	0	0	0	0	0	0	0	0	0	0	0	0	0	0	0	0	0	0	0	0	0	0	0	0	0	0	0	0	0	0	0	0	0	0	0	500	0	0	0	0	0	0	0	0	0	0	0	0	0	0	0	0	0	0	0	0	0	0	0	0	0	0	0	0	0	0	0	0	0	0	0	0	0	0	0	0	0	0	0	0	0	0	0	0	0	0	
0	0	0	0	0	0	0	0	500	0	500	0	0	0	0	0	0	0	0	0	0	0	0	0	0	0	0	0	0	0	0	0	0	0	0	0	0	0	0	0	0	0	0	0	0	0	0	0	0	0	0	0	0	0	0	0	0	0	0	0	0	0	0	0	0	0	0	0	0	0	0	0	0	0	0	0	0	0	0	0	0	0	0	0	0	0	0	0	0	0	0	0	0	0	0	0	0	0	0	0	0	0	0	0	0	0	0	0	0	0	0	0	0	0	0	0	0	0	0	0	
0	0	0	0	0	0	0	0	0	0	0	0	0	0	0	0	0	0	0	0	0	0	0	0	0	0	0	500	0	0	0	0	0	0	0	0	0	0	0	0	0	0	0	0	0	0	0	0	0	0	0	0	0	0	0	0	0	0	0	0	0	0	0	0	0	0	0	0	0	0	0	0	0	0	0	0	0	0	0	0	0	0	0	0	0	0	0	0	0	0	0	0	500	0	0	0	0	0	0	0	0	0	0	0	0	0	0	0	0	0	0	0	0	0	0	0	0	0	0	0	
0	0	0	0	0	0	0	0	0	0	0	0	0	0	0	0	0	0	0	0	0	0	0	0	0	0	0	0	0	0	500	0	0	0	0	0	0	0	0	0	0	0	0	0	0	0	0	0	0	0	0	0	0	0	0	0	0	0	0	0	0	0	0	0	0	0	0	0	0	0	0	0	0	0	0	0	0	0	0	0	0	0	0	0	0	0	0	0	0	0	0	0	500	0	0	0	0	0	0	0	0	0	0	0	0	0	0	0	0	0	0	0	0	0	0	0	0	0	0	0	
0	0	0	0	0	0	0	0	0	0	0	0	0	0	0	0	0	0	0	0	0	0	0	0	0	0	0	0	500	0	0	0	0	0	0	0	0	0	0	0	0	0	0	0	0	0	0	0	0	0	0	0	0	0	0	0	500	0	0	0	0	0	0	0	0	0	0	0	0	0	0	0	0	0	0	0	0	0	0	0	0	0	0	0	0	0	0	0	0	0	0	0	0	0	0	0	0	0	0	0	0	0	0	0	0	0	0	0	0	0	0	0	0	0	0	0	0	0	0	0	
0	0	0	0	0	0	0	0	0	0	0	0	0	0	0	0	0	0	0	0	0	0	0	0	0	0	0	0	0	0	0	0	0	0	0	0	0	0	0	0	0	0	0	500	0	0	0	0	0	0	0	0	0	0	0	0	0	0	0	0	500	0	0	0	0	0	0	0	0	0	0	0	0	0	0	0	0	0	0	0	0	0	0	0	0	0	0	0	0	0	0	0	0	0	0	0	0	0	0	0	0	0	0	0	0	0	0	0	0	0	0	0	0	0	0	0	0	0	0	0	
500	0	0	0	0	0	0	0	0	0	0	0	0	0	0	0	0	0	0	0	0	0	0	0	0	0	0	0	0	0	0	0	0	0	0	0	0	0	0	0	0	0	0	0	0	0	0	0	0	0	0	0	0	0	0	0	0	0	0	0	0	0	0	0	500	0	0	0	0	0	0	0	0	0	0	0	0	0	0	0	0	0	0	0	0	0	0	0	0	0	0	0	0	0	0	0	0	0	0	0	0	0	0	0	0	500	0	0	0	0	0	0	0	0	0	0	0	0	0	0	
0	0	0	0	0	0	0	0	0	0	0	0	0	0	0	500	0	0	0	0	0	0	0	0	0	0	0	0	0	0	0	0	0	0	500	0	0	0	0	0	0	0	0	0	0	0	0	0	0	0	0	0	0	0	0	0	0	0	0	0	0	0	0	0	0	0	0	0	0	0	0	0	0	0	0	0	0	0	0	0	0	0	0	0	0	0	0	0	0	0	0	0	0	0	0	0	0	0	0	0	0	0	0	0	0	0	0	0	0	0	0	0	0	0	0	0	0	0	0	0	
500	0	0	0	0	0	0	0	0	0	0	0	0	0	0	0	0	0	0	0	0	0	0	0	0	0	0	0	0	0	0	0	0	0	0	0	0	0	0	0	0	0	0	0	0	0	0	0	0	0	0	0	0	0	0	0	0	0	0	0	0	0	0	0	0	0	0	0	0	0	0	0	0	0	0	0	0	0	0	0	0	0	0	0	0	0	0	0	0	0	0	0	0	500	0	0	0	0	0	0	0	0	0	0	0	0	0	0	0	500	0	0	0	0	0	0	0	0	0	0	
500	0	0	0	0	0	0	0	0	0	0	0	0	0	0	0	0	0	0	0	0	0	0	0	0	0	0	0	0	0	0	0	0	0	0	0	0	0	0	0	0	0	0	0	0	0	0	0	0	0	0	0	0	0	0	0	0	0	0	500	0	500	0	0	0	0	0	0	0	0	0	0	0	0	0	0	0	0	0	0	0	0	0	0	0	0	0	0	0	0	0	0	0	0	0	0	0	0	0	0	0	0	0	0	0	0	0	0	0	0	0	0	0	0	0	0	0	0	0	0	
0	0	0	0	0	0	0	0	0	500	0	0	0	0	0	0	0	0	0	0	0	0	0	0	0	0	0	0	0	0	0	0	0	0	0	0	0	0	0	0	0	0	0	0	0	0	0	0	0	0	0	0	0	0	0	0	0	0	0	0	0	0	0	0	0	0	0	0	0	0	0	0	0	0	0	0	0	0	0	0	0	0	0	0	0	0	0	0	0	0	0	0	0	0	0	0	0	500	0	0	0	0	0	0	0	0	0	0	0	0	0	0	0	0	0	0	0	0	0	0	
0	0	0	0	0	0	0	0	0	0	0	0	0	0	0	0	0	0	500	0	0	0	0	0	0	0	0	0	0	0	0	0	0	0	0	0	0	0	0	0	0	0	0	0	0	500	0	0	0	0	0	0	0	0	0	0	0	0	0	0	0	0	0	0	0	0	0	0	0	0	0	0	0	0	0	0	0	0	0	0	0	0	0	0	0	0	0	0	0	0	0	0	0	0	0	0	0	0	0	0	0	0	0	0	0	0	0	0	0	0	0	0	0	0	0	0	0	0	0	0	
0	0	0	0	0	0	0	0	0	0	0	0	0	0	0	0	0	0	0	0	500	0	0	0	0	0	0	0	0	0	0	0	0	0	0	0	0	0	0	0	0	0	0	0	0	0	0	0	0	0	0	0	0	0	0	0	0	0	0	0	0	0	0	0	0	0	0	0	0	0	0	0	0	0	0	0	0	0	0	0	0	0	0	0	0	0	0	0	0	0	0	0	0	0	0	0	0	0	0	0	0	0	0	0	0	0	0	0	0	0	0	0	0	500	0	0	0	0	0	0	
0	0	0	0	0	0	0	0	0	500	0	0	0	0	0	0	0	0	0	0	0	0	0	0	0	0	0	0	0	0	0	0	0	0	0	0	0	0	0	0	0	0	0	0	0	0	0	0	0	0	0	0	0	0	0	0	0	0	0	0	0	0	0	0	0	0	0	0	0	0	0	0	0	0	0	0	0	0	0	0	0	0	0	0	0	0	0	0	0	0	0	0	0	0	0	0	0	500	0	0	0	0	0	0	0	0	0	0	0	0	0	0	0	0	0	0	0	0	0	0	
0	0	0	0	500	0	0	0	0	0	0	0	0	0	0	0	0	0	0	500	0	0	0	0	0	0	0	0	0	0	0	0	0	0	0	0	0	0	0	0	0	0	0	0	0	0	0	0	0	0	0	0	0	0	0	0	0	0	0	0	0	0	0	0	0	0	0	0	0	0	0	0	0	0	0	0	0	0	0	0	0	0	0	0	0	0	0	0	0	0	0	0	0	0	0	0	0	0	0	0	0	0	0	0	0	0	0	0	0	0	0	0	0	0	0	0	0	0	0	0	
0	0	0	0	0	0	0	0	0	0	0	0	0	0	0	0	0	0	0	0	0	0	0	0	0	0	0	0	0	0	0	0	0	0	0	0	0	0	0	0	0	0	0	0	0	0	0	0	0	0	0	0	0	0	0	0	0	0	0	0	0	0	0	0	0	0	0	0	0	0	0	0	0	0	0	0	0	0	0	0	0	0	0	0	0	0	0	500	500	0	0	0	0	0	0	0	0	0	0	0	0	0	0	0	0	0	0	0	0	0	0	0	0	0	0	0	0	0	0	0	
0	0	0	0	0	0	0	0	0	0	0	0	0	0	0	0	0	0	0	0	0	0	0	0	0	0	0	0	0	0	0	0	0	0	0	0	0	0	0	0	0	0	0	0	0	0	0	0	0	0	0	0	0	0	0	0	0	0	0	0	0	0	0	0	0	0	0	0	0	0	0	0	0	0	0	0	0	0	0	0	0	0	0	0	0	0	0	0	0	0	0	0	0	500	0	0	0	0	0	0	0	0	0	0	0	0	0	0	0	500	0	0	0	0	0	0	0	0	0	0	
500	0	0	0	0	0	0	0	0	0	0	0	0	0	0	0	0	0	0	0	0	0	0	0	0	0	0	0	0	0	0	0	0	0	0	0	0	0	0	0	0	0	0	0	0	0	0	0	500	0	0	0	0	0	0	0	0	0	0	0	0	0	0	0	0	0	0	0	0	0	0	0	0	0	0	0	0	0	0	0	0	0	0	0	0	0	0	0	0	0	0	0	0	0	0	0	500	0	0	0	0	0	0	0	0	0	0	0	0	0	0	0	0	0	0	0	0	0	0	0	
0	0	0	0	0	0	0	0	0	0	0	0	0	0	0	0	0	0	0	0	0	0	0	500	0	0	0	0	0	0	0	0	0	0	0	0	0	0	0	0	0	0	0	0	0	0	0	0	0	0	0	0	0	0	0	0	0	0	0	0	0	0	0	0	0	0	0	0	0	0	0	0	0	0	0	0	0	0	0	0	0	0	0	0	0	0	0	0	0	0	0	0	0	0	0	0	0	0	0	0	0	0	0	0	0	0	500	0	0	0	0	0	0	0	0	0	0	0	0	0	
0	0	0	0	0	0	0	0	0	0	0	0	0	0	0	0	0	0	0	0	0	0	0	0	0	0	0	0	0	0	0	0	0	0	0	0	0	0	0	0	0	0	0	0	0	500	0	0	0	0	0	0	0	0	0	0	0	0	0	0	0	0	0	0	0	0	0	0	0	0	0	0	0	0	0	0	0	0	0	0	0	0	0	0	0	0	0	0	0	0	0	0	0	0	0	0	0	0	0	0	0	0	0	0	0	0	0	0	500	0	0	0	0	0	0	0	0	0	0	0	
0	0	0	0	0	500	0	0	0	0	0	0	0	0	0	0	0	0	0	0	0	0	0	0	0	0	0	0	0	0	0	0	0	0	0	0	0	0	0	0	0	0	0	0	0	0	0	0	0	0	0	0	0	0	0	0	0	0	0	0	0	0	0	0	0	0	0	0	0	0	0	0	0	500	0	0	0	0	0	0	0	0	0	0	0	0	0	0	0	0	0	0	0	0	0	0	0	0	0	0	0	0	0	0	0	0	0	0	0	0	0	0	0	0	0	0	0	0	0	0	
0	0	0	0	0	0	0	0	0	0	0	0	0	0	500	0	0	0	0	0	0	0	0	0	0	0	0	0	0	0	0	0	0	0	0	0	0	0	0	0	0	0	0	0	0	0	500	0	0	0	0	0	0	0	0	0	0	0	0	0	0	0	0	0	0	0	0	0	0	0	0	0	0	0	0	0	0	0	0	0	0	0	0	0	0	0	0	0	0	0	0	0	0	0	0	0	0	0	0	0	0	0	0	0	0	0	0	0	0	0	0	0	0	0	0	0	0	0	0	0	
0	0	0	0	0	0	0	0	0	0	0	0	0	0	0	0	0	0	0	0	0	0	0	0	0	0	0	0	0	0	0	0	0	0	0	0	0	0	0	0	0	0	0	0	0	0	0	0	0	0	0	0	0	0	0	0	0	0	0	0	0	0	0	0	0	0	0	0	0	0	0	0	0	0	0	0	0	0	0	0	0	0	0	0	0	0	0	0	0	0	0	0	0	0	0	0	0	0	0	0	0	0	0	0	0	0	0	0	0	0	500	0	0	0	500	0	0	0	0	0	
0	0	0	0	0	0	0	0	0	0	0	0	0	0	0	0	0	0	0	0	0	0	0	0	0	0	0	0	0	0	0	0	0	0	0	0	0	0	0	0	0	0	0	0	0	0	0	0	0	0	0	0	0	0	0	0	0	0	0	0	0	0	0	0	0	0	0	0	0	0	0	0	0	0	0	0	0	0	0	0	0	0	0	0	0	0	0	0	0	0	0	0	0	0	0	0	0	0	0	500	500	0	0	0	0	0	0	0	0	0	0	0	0	0	0	0	0	0	0	0	
0	0	0	0	0	0	0	0	0	0	0	0	0	0	0	0	0	0	0	0	0	0	0	0	0	0	0	0	0	0	0	0	0	0	0	0	0	0	0	0	0	0	0	0	0	0	0	0	0	0	0	0	0	0	0	0	0	0	500	500	0	0	0	0	0	0	0	0	0	0	0	0	0	0	0	0	0	0	0	0	0	0	0	0	0	0	0	0	0	0	0	0	0	0	0	0	0	0	0	0	0	0	0	0	0	0	0	0	0	0	0	0	0	0	0	0	0	0	0	0	
0	0	0	0	0	0	0	0	0	0	0	0	0	0	0	0	0	0	0	0	0	0	0	0	0	0	0	0	0	0	0	0	0	0	0	0	0	0	0	0	0	0	0	0	0	0	0	0	0	0	0	0	0	0	0	0	0	0	0	0	0	0	0	0	0	0	0	0	0	0	500	0	0	0	0	0	0	0	0	0	0	0	0	0	0	0	500	0	0	0	0	0	0	0	0	0	0	0	0	0	0	0	0	0	0	0	0	0	0	0	0	0	0	0	0	0	0	0	0	0	
0	0	0	0	0	0	0	0	0	0	0	0	0	0	0	0	0	0	0	0	0	0	0	0	0	0	0	0	0	0	0	0	0	0	0	0	0	0	0	0	0	0	0	0	0	0	0	0	0	0	0	0	0	0	0	0	0	0	0	0	0	0	0	0	0	0	0	0	0	0	0	0	0	0	0	0	0	0	500	0	0	0	0	0	0	0	0	0	0	0	0	0	0	0	0	0	500	0	0	0	0	0	0	0	0	0	0	0	0	0	0	0	0	0	0	0	0	0	0	0	
0	0	0	0	0	0	0	0	0	0	0	0	0	0	0	0	0	0	0	0	0	500	0	0	0	0	0	0	0	0	0	0	0	0	0	0	0	0	0	0	0	0	0	0	0	0	500	0	0	0	0	0	0	0	0	0	0	0	0	0	0	0	0	0	0	0	0	0	0	0	0	0	0	0	0	0	0	0	0	0	0	0	0	0	0	0	0	0	0	0	0	0	0	0	0	0	0	0	0	0	0	0	0	0	0	0	0	0	0	0	0	0	0	0	0	0	0	0	0	0	
0	0	0	0	0	0	0	0	0	0	0	0	0	0	0	0	0	0	0	0	0	0	0	0	0	0	0	0	0	0	0	0	0	0	0	0	0	0	0	0	0	0	0	0	0	0	0	0	0	500	0	0	0	0	0	0	0	0	0	0	0	0	0	0	0	0	0	0	0	0	0	0	0	0	0	0	0	0	0	0	0	0	0	0	0	0	0	0	0	0	0	0	0	0	0	0	0	0	0	0	0	0	0	0	0	0	500	0	0	0	0	0	0	0	0	0	0	0	0	0	
0	0	0	0	0	0	0	0	0	0	0	0	0	0	0	0	0	0	0	0	0	0	0	0	0	0	0	500	0	0	0	0	0	0	0	500	0	0	0	0	0	0	0	0	0	0	0	0	0	0	0	0	0	0	0	0	0	0	0	0	0	0	0	0	0	0	0	0	0	0	0	0	0	0	0	0	0	0	0	0	0	0	0	0	0	0	0	0	0	0	0	0	0	0	0	0	0	0	0	0	0	0	0	0	0	0	0	0	0	0	0	0	0	0	0	0	0	0	0	0	
0	0	0	0	0	0	0	0	0	0	0	0	0	0	0	0	0	0	0	0	0	0	0	0	0	0	0	0	0	0	0	0	0	0	0	0	0	500	0	0	0	0	0	500	0	0	0	0	0	0	0	0	0	0	0	0	0	0	0	0	0	0	0	0	0	0	0	0	0	0	0	0	0	0	0	0	0	0	0	0	0	0	0	0	0	0	0	0	0	0	0	0	0	0	0	0	0	0	0	0	0	0	0	0	0	0	0	0	0	0	0	0	0	0	0	0	0	0	0	0	
0	0	0	0	0	0	0	500	0	0	0	0	0	0	0	0	0	0	0	0	0	0	0	0	0	0	0	0	0	0	0	0	0	0	0	0	0	0	0	0	0	0	0	0	0	0	0	0	0	0	0	0	0	0	0	0	0	0	0	0	0	0	0	0	0	0	0	0	0	0	0	0	0	0	0	0	0	0	0	0	0	0	0	0	0	0	0	0	0	0	0	0	0	0	0	0	0	0	0	0	0	0	0	0	500	0	0	0	0	0	0	0	0	0	0	0	0	0	0	0	
0	0	0	0	0	0	0	0	0	0	0	0	0	0	0	0	0	0	0	0	0	0	0	0	0	0	0	0	0	0	0	0	0	500	0	0	0	0	0	0	0	0	0	0	0	0	0	0	0	0	0	0	0	0	0	0	0	0	0	0	0	0	0	0	0	0	0	0	0	0	0	0	0	0	0	0	0	0	500	0	0	0	0	0	0	0	0	0	0	0	0	0	0	0	0	0	0	0	0	0	0	0	0	0	0	0	0	0	0	0	0	0	0	0	0	0	0	0	0	0	
0	0	0	0	0	0	0	0	0	0	0	0	0	0	0	0	0	0	0	0	0	0	0	0	0	0	0	0	0	0	0	0	0	0	0	0	0	0	0	0	0	0	0	0	500	0	0	0	0	0	0	0	0	0	0	0	0	0	0	0	0	0	0	0	0	0	0	0	0	0	0	0	0	0	0	0	0	0	0	0	0	0	0	0	0	0	0	0	0	0	0	0	0	0	0	0	0	0	0	0	0	0	0	500	0	0	0	0	0	0	0	0	0	0	0	0	0	0	0	0	
0	0	0	0	0	0	0	0	0	0	0	0	0	0	0	0	0	0	0	0	0	0	0	0	0	0	0	0	0	0	0	0	0	0	0	0	0	0	0	0	0	0	0	0	0	0	0	0	0	0	0	0	0	0	0	0	0	0	0	0	0	0	0	0	0	0	0	0	0	0	0	0	0	0	0	0	0	0	0	0	500	0	0	0	0	0	0	0	0	0	0	0	0	0	0	0	0	0	0	0	0	0	0	0	0	0	0	0	0	0	0	0	0	500	0	0	0	0	0	0	
0	0	0	0	0	0	0	0	0	0	0	0	0	0	0	0	0	0	0	0	0	0	0	0	0	0	0	0	0	0	0	0	0	0	0	0	0	0	0	0	0	0	0	0	0	0	0	0	0	0	0	0	0	0	0	0	0	0	0	0	0	0	0	0	0	0	0	0	0	0	0	0	0	0	0	0	500	0	0	0	0	0	0	0	0	500	0	0	0	0	0	0	0	0	0	0	0	0	0	0	0	0	0	0	0	0	0	0	0	0	0	0	0	0	0	0	0	0	0	0	
0	0	0	0	0	0	0	0	500	0	0	0	0	0	0	0	0	0	0	0	0	0	0	0	0	0	0	0	0	0	0	0	0	0	0	0	0	0	0	0	0	0	0	0	0	0	0	0	0	0	0	0	0	0	0	0	0	0	0	0	0	0	0	0	0	0	0	0	0	0	0	0	500	0	0	0	0	0	0	0	0	0	0	0	0	0	0	0	0	0	0	0	0	0	0	0	0	0	0	0	0	0	0	0	0	0	0	0	0	0	0	0	0	0	0	0	0	0	0	0	
0	0	0	0	0	0	0	0	0	0	0	0	0	0	0	0	0	0	0	0	0	0	0	0	0	0	0	0	0	0	0	0	0	0	0	0	0	0	0	0	0	0	0	0	0	0	0	0	0	0	0	0	0	0	0	0	0	0	0	0	0	0	0	0	0	0	0	0	0	0	0	0	0	0	0	0	0	500	0	0	0	0	0	0	0	0	0	0	0	0	0	0	0	0	0	0	0	0	0	0	0	0	0	0	0	0	0	0	0	0	0	0	0	0	0	0	0	500	0	0	
0	0	500	0	0	0	0	0	0	0	0	0	0	500	0	0	0	0	0	0	0	0	0	0	0	0	0	0	0	0	0	0	0	0	0	0	0	0	0	0	0	0	0	0	0	0	0	0	0	0	0	0	0	0	0	0	0	0	0	0	0	0	0	0	0	0	0	0	0	0	0	0	0	0	0	0	0	0	0	0	0	0	0	0	0	0	0	0	0	0	0	0	0	0	0	0	0	0	0	0	0	0	0	0	0	0	0	0	0	0	0	0	0	0	0	0	0	0	0	0	
0	0	0	0	0	0	0	0	0	0	0	0	0	0	0	0	0	0	0	0	0	0	0	0	0	0	0	0	0	0	0	0	0	0	0	0	0	0	0	0	0	0	0	0	0	0	0	0	0	0	0	0	0	0	0	0	0	0	0	0	0	0	0	0	0	0	0	0	0	0	0	0	0	0	0	0	0	0	0	0	0	0	0	0	0	0	0	0	0	0	0	0	0	0	500	0	0	0	0	0	0	500	0	0	0	0	0	0	0	0	0	0	0	0	0	0	0	0	0	0	
0	0	0	0	0	0	0	0	0	0	0	0	0	0	0	0	0	0	0	0	500	0	0	0	0	0	0	0	0	0	0	0	0	0	0	0	0	0	0	0	0	0	0	0	0	0	0	0	0	0	0	0	0	0	0	0	0	0	0	0	0	0	0	0	0	0	0	0	0	0	0	0	0	0	0	0	0	0	0	0	0	0	0	0	0	500	0	0	0	0	0	0	0	0	0	0	0	0	0	0	0	0	0	0	0	0	0	0	0	0	0	0	0	0	0	0	0	0	0	0	
0	0	0	0	0	0	0	0	0	0	0	0	0	0	0	0	0	0	0	0	0	0	0	0	0	0	0	0	0	0	0	0	0	0	0	0	0	0	0	0	0	0	0	0	0	0	0	0	0	0	0	0	0	0	0	0	0	0	0	0	0	0	0	0	0	0	0	0	500	0	0	0	0	0	0	0	0	0	0	500	0	0	0	0	0	0	0	0	0	0	0	0	0	0	0	0	0	0	0	0	0	0	0	0	0	0	0	0	0	0	0	0	0	0	0	0	0	0	0	0	
0	0	0	0	0	0	0	0	0	0	0	0	0	0	0	0	0	0	0	0	0	0	0	0	0	0	0	0	0	0	0	0	0	0	0	0	0	0	0	0	500	0	0	0	0	0	0	0	0	0	0	0	0	0	0	0	0	0	0	0	0	500	0	0	0	0	0	0	0	0	0	0	0	0	0	0	0	0	0	0	0	0	0	0	0	0	0	0	0	0	0	0	0	0	0	0	0	0	0	0	0	0	0	0	0	0	0	0	0	0	0	0	0	0	0	0	0	0	0	0	
0	0	0	0	0	0	0	0	0	0	0	0	0	0	0	0	0	0	0	0	0	0	0	0	0	500	0	0	0	0	0	0	0	0	0	0	0	0	0	0	500	0	0	0	0	0	0	0	0	0	0	0	0	0	0	0	0	0	0	0	0	0	0	0	0	0	0	0	0	0	0	0	0	0	0	0	0	0	0	0	0	0	0	0	0	0	0	0	0	0	0	0	0	0	0	0	0	0	0	0	0	0	0	0	0	0	0	0	0	0	0	0	0	0	0	0	0	0	0	0	
0	0	0	0	0	0	0	0	0	0	0	0	0	0	500	0	0	0	0	0	0	500	0	0	0	0	0	0	0	0	0	0	0	0	0	0	0	0	0	0	0	0	0	0	0	0	0	0	0	0	0	0	0	0	0	0	0	0	0	0	0	0	0	0	0	0	0	0	0	0	0	0	0	0	0	0	0	0	0	0	0	0	0	0	0	0	0	0	0	0	0	0	0	0	0	0	0	0	0	0	0	0	0	0	0	0	0	0	0	0	0	0	0	0	0	0	0	0	0	0	
0	0	0	0	0	0	0	0	0	0	0	0	0	0	0	0	0	0	0	0	0	0	0	0	0	500	0	0	0	0	0	0	0	0	0	0	0	0	0	0	0	0	0	0	0	0	0	0	0	0	0	0	0	0	0	0	0	0	500	0	0	0	0	0	0	0	0	0	0	0	0	0	0	0	0	0	0	0	0	0	0	0	0	0	0	0	0	0	0	0	0	0	0	0	0	0	0	0	0	0	0	0	0	0	0	0	0	0	0	0	0	0	0	0	0	0	0	0	0	0	
0	0	0	0	0	0	0	0	0	0	0	0	0	0	0	0	0	0	0	0	0	0	0	0	0	0	0	0	0	0	0	0	0	0	0	0	0	0	0	0	0	0	0	0	0	0	0	0	0	0	0	0	0	0	0	0	0	0	0	0	0	0	0	0	0	0	0	0	0	0	0	0	0	0	0	0	500	0	0	0	0	0	0	0	0	0	0	0	0	0	0	0	0	0	0	0	0	0	0	0	0	500	0	0	0	0	0	0	0	0	0	0	0	0	0	0	0	0	0	0	
0	0	0	0	0	0	0	0	0	0	0	0	0	0	0	0	0	0	0	0	0	0	0	0	0	0	0	0	0	0	0	0	0	0	0	0	0	0	0	0	0	0	0	0	0	0	0	0	0	0	0	0	0	0	0	0	0	0	0	0	0	0	0	0	0	0	0	0	0	0	0	0	0	0	0	0	0	500	0	0	0	0	0	0	0	0	0	0	0	0	0	0	0	0	0	0	0	0	0	0	0	0	0	500	0	0	0	0	0	0	0	0	0	0	0	0	0	0	0	0	
0	0	0	0	0	0	0	0	0	0	0	0	0	0	0	0	0	0	0	0	0	0	500	0	0	0	0	0	0	0	0	0	0	0	0	0	0	0	0	0	0	0	0	0	0	0	0	0	0	0	0	0	0	0	0	0	0	0	0	0	0	0	0	0	0	0	0	0	0	0	0	0	0	0	0	0	0	0	0	0	0	0	0	0	0	0	0	0	0	0	0	0	0	0	0	0	0	0	0	0	0	0	0	0	0	500	0	0	0	0	0	0	0	0	0	0	0	0	0	0	
0	0	0	0	0	0	0	0	0	0	0	0	0	0	0	0	0	0	0	0	0	0	0	0	0	0	0	0	0	0	0	0	0	0	0	0	0	0	0	0	0	0	0	0	0	0	0	0	0	0	0	0	0	0	0	0	0	0	0	0	0	0	0	0	0	0	0	0	0	0	0	0	0	0	0	0	0	0	0	0	0	0	0	0	0	0	500	0	0	0	0	500	0	0	0	0	0	0	0	0	0	0	0	0	0	0	0	0	0	0	0	0	0	0	0	0	0	0	0	0	
0	0	0	0	0	0	0	0	0	0	0	0	0	0	0	0	0	0	0	0	0	0	0	0	0	0	0	0	0	0	0	0	0	0	0	0	0	0	0	0	0	0	0	0	0	0	0	0	0	0	0	0	0	0	0	0	0	0	0	0	0	0	0	0	0	0	0	0	0	0	500	0	0	0	0	0	0	0	0	0	0	0	500	0	0	0	0	0	0	0	0	0	0	0	0	0	0	0	0	0	0	0	0	0	0	0	0	0	0	0	0	0	0	0	0	0	0	0	0	0	
0	0	0	0	0	0	0	0	0	0	0	0	0	0	0	0	0	0	0	0	0	0	0	0	0	0	0	0	0	0	0	0	0	0	0	0	0	0	0	0	0	0	0	0	0	0	0	0	0	0	0	0	0	0	0	0	0	0	0	0	0	0	0	0	0	0	0	0	0	0	0	0	0	0	0	0	0	0	0	0	0	0	500	0	0	0	0	0	0	0	0	0	0	0	0	0	0	0	0	0	0	0	0	0	0	0	0	0	0	0	0	0	500	0	0	0	0	0	0	0	
0	0	0	0	0	0	0	0	0	0	0	0	0	0	0	0	0	0	0	0	0	0	0	0	0	0	0	0	0	0	0	0	0	0	0	0	0	0	0	0	0	0	0	0	0	0	0	0	0	0	0	0	0	0	0	0	0	500	0	0	0	0	0	0	0	0	0	0	0	0	0	0	0	0	0	0	0	0	0	0	0	0	0	0	0	0	0	0	0	0	0	0	0	0	0	0	0	0	0	0	0	0	500	0	0	0	0	0	0	0	0	0	0	0	0	0	0	0	0	0	
0	0	0	0	0	0	0	0	0	0	0	0	0	0	0	0	500	0	0	0	0	0	0	0	0	0	0	0	0	0	0	0	0	0	0	0	0	0	0	0	0	0	0	0	0	0	0	0	0	0	0	0	0	0	0	0	0	0	0	0	0	0	0	0	0	0	0	0	0	0	0	500	0	0	0	0	0	0	0	0	0	0	0	0	0	0	0	0	0	0	0	0	0	0	0	0	0	0	0	0	0	0	0	0	0	0	0	0	0	0	0	0	0	0	0	0	0	0	0	0	
0	0	0	0	0	0	0	0	0	0	0	0	0	0	0	0	0	0	0	0	0	0	0	0	0	0	0	0	0	0	0	0	0	0	0	0	0	0	0	0	0	500	0	0	0	0	0	0	0	0	0	0	0	0	0	0	0	0	0	0	0	0	0	0	0	0	500	0	0	0	0	0	0	0	0	0	0	0	0	0	0	0	0	0	0	0	0	0	0	0	0	0	0	0	0	0	0	0	0	0	0	0	0	0	0	0	0	0	0	0	0	0	0	0	0	0	0	0	0	0	
0	0	0	0	0	0	0	0	0	0	0	0	0	0	0	0	0	0	0	0	0	0	0	0	0	0	0	0	0	0	0	0	0	0	0	0	0	0	0	0	0	0	0	0	0	0	0	0	0	0	0	0	0	0	0	0	0	0	0	0	0	0	0	0	0	0	0	0	0	500	0	0	0	0	0	0	0	0	0	0	0	0	0	0	0	0	0	0	0	0	0	0	0	0	0	0	0	0	0	0	0	0	0	0	0	0	0	0	0	0	0	0	0	0	0	0	500	0	0	0	
0	0	0	0	0	0	0	0	0	0	0	500	0	0	0	0	0	0	0	0	0	0	0	0	0	0	0	0	0	0	0	0	0	0	0	0	0	0	0	0	0	0	0	0	0	0	0	0	0	0	0	0	500	0	0	0	0	0	0	0	0	0	0	0	0	0	0	0	0	0	0	0	0	0	0	0	0	0	0	0	0	0	0	0	0	0	0	0	0	0	0	0	0	0	0	0	0	0	0	0	0	0	0	0	0	0	0	0	0	0	0	0	0	0	0	0	0	0	0	0	
0	0	0	0	0	500	0	0	0	0	0	0	0	0	0	0	0	0	0	0	0	0	0	0	0	0	0	0	0	0	0	0	0	0	0	0	500	0	0	0	0	0	0	0	0	0	0	0	0	0	0	0	0	0	0	0	0	0	0	0	0	0	0	0	0	0	0	0	0	0	0	0	0	0	0	0	0	0	0	0	0	0	0	0	0	0	0	0	0	0	0	0	0	0	0	0	0	0	0	0	0	0	0	0	0	0	0	0	0	0	0	0	0	0	0	0	0	0	0	0	
0	0	0	0	0	0	0	0	0	0	0	0	0	0	0	0	0	0	0	0	0	0	0	0	0	0	0	0	0	0	0	0	0	0	0	0	0	0	0	0	0	0	0	0	0	0	0	0	0	0	0	0	0	0	0	0	0	0	0	0	0	0	0	0	0	0	0	0	0	0	0	0	0	0	0	0	0	0	0	0	0	500	0	0	0	0	0	0	0	0	0	0	0	0	0	0	0	0	0	0	0	0	0	0	0	0	0	0	0	0	0	0	0	0	0	0	500	0	0	0	
0	0	0	0	0	0	0	0	0	0	0	0	0	0	0	0	0	0	0	0	0	0	0	0	0	0	0	0	0	0	0	0	0	0	0	0	0	0	0	0	0	0	0	0	0	0	0	0	0	0	0	0	0	0	0	0	0	0	0	0	0	0	0	0	0	0	0	0	0	0	0	0	0	0	0	0	0	0	0	0	0	0	0	500	0	0	0	0	0	0	500	0	0	0	0	0	0	0	0	0	0	0	0	0	0	0	0	0	0	0	0	0	0	0	0	0	0	0	0	0	
0	0	0	0	0	0	0	0	0	0	0	0	0	0	0	0	0	0	0	0	0	0	0	0	0	0	0	0	0	0	0	0	0	0	0	0	0	0	0	0	0	0	0	0	0	0	0	0	0	0	0	500	0	0	0	0	0	0	0	0	0	0	500	0	0	0	0	0	0	0	0	0	0	0	0	0	0	0	0	0	0	0	0	0	0	0	0	0	0	0	0	0	0	0	0	0	0	0	0	0	0	0	0	0	0	0	0	0	0	0	0	0	0	0	0	0	0	0	0	0	
0	0	0	0	0	0	0	0	0	0	0	0	0	0	0	0	0	0	0	0	0	0	0	0	0	0	0	0	0	0	0	0	0	0	0	0	0	0	0	0	0	0	0	0	0	0	0	0	0	0	0	0	0	500	0	0	0	0	0	0	0	0	0	500	0	0	0	0	0	0	0	0	0	0	0	0	0	0	0	0	0	0	0	0	0	0	0	0	0	0	0	0	0	0	0	0	0	0	0	0	0	0	0	0	0	0	0	0	0	0	0	0	0	0	0	0	0	0	0	0	
0	0	0	0	0	0	0	0	0	0	0	0	0	0	0	0	0	0	0	0	0	0	0	0	0	0	0	0	0	0	0	0	0	0	0	0	0	0	0	0	0	0	500	0	0	0	0	0	500	0	0	0	0	0	0	0	0	0	0	0	0	0	0	0	0	0	0	0	0	0	0	0	0	0	0	0	0	0	0	0	0	0	0	0	0	0	0	0	0	0	0	0	0	0	0	0	0	0	0	0	0	0	0	0	0	0	0	0	0	0	0	0	0	0	0	0	0	0	0	0	
0	0	0	0	0	0	500	0	0	0	0	0	0	0	0	0	0	0	0	0	0	0	0	0	0	0	0	0	0	0	0	0	0	0	0	0	0	0	0	0	0	0	0	0	0	0	0	0	0	0	0	0	0	0	0	0	0	500	0	0	0	0	0	0	0	0	0	0	0	0	0	0	0	0	0	0	0	0	0	0	0	0	0	0	0	0	0	0	0	0	0	0	0	0	0	0	0	0	0	0	0	0	0	0	0	0	0	0	0	0	0	0	0	0	0	0	0	0	0	0	
0	0	0	0	0	0	0	0	0	0	0	0	0	0	0	0	0	0	0	0	0	0	0	0	0	0	0	0	0	0	0	0	0	0	0	0	0	0	0	0	0	0	0	0	0	0	0	0	0	0	500	0	0	0	0	0	0	0	0	0	0	0	0	0	0	0	0	0	0	0	0	0	0	0	0	0	0	0	0	0	0	0	0	0	0	0	0	0	0	0	0	0	0	0	0	0	0	0	0	0	0	0	0	0	0	0	0	500	0	0	0	0	0	0	0	0	0	0	0	0	
0	0	0	0	0	0	0	0	0	0	0	0	0	0	0	0	0	0	0	0	0	0	0	0	0	0	0	0	0	0	0	0	0	0	0	0	0	0	0	0	0	0	0	0	0	0	0	0	0	0	0	0	0	0	0	0	0	0	0	0	0	0	0	0	0	0	0	0	0	0	0	0	0	0	500	0	0	0	0	0	0	0	0	500	0	0	0	0	0	0	0	0	0	0	0	0	0	0	0	0	0	0	0	0	0	0	0	0	0	0	0	0	0	0	0	0	0	0	0	0	
0	0	0	0	0	0	0	0	0	0	0	0	0	0	0	0	0	0	0	0	0	0	0	0	0	0	0	0	0	0	0	0	0	0	0	0	0	0	0	0	0	0	0	0	0	0	0	0	0	0	0	0	0	0	0	0	0	0	0	0	0	0	0	0	0	0	500	500	0	0	0	0	0	0	0	0	0	0	0	0	0	0	0	0	0	0	0	0	0	0	0	0	0	0	0	0	0	0	0	0	0	0	0	0	0	0	0	0	0	0	0	0	0	0	0	0	0	0	0	0	
0	0	0	0	0	0	0	0	0	0	0	0	0	0	0	0	0	0	0	0	0	0	0	0	0	0	0	0	0	0	0	0	0	0	0	0	0	0	0	0	0	0	0	0	0	0	0	0	0	0	0	0	0	0	0	0	0	0	0	0	0	0	0	0	0	0	0	0	0	0	0	0	0	0	0	500	0	0	0	0	0	500	0	0	0	0	0	0	0	0	0	0	0	0	0	0	0	0	0	0	0	0	0	0	0	0	0	0	0	0	0	0	0	0	0	0	0	0	0	0	
0	0	0	0	0	0	0	0	0	0	0	500	0	0	0	0	0	0	0	0	0	0	0	0	0	0	0	0	0	0	0	0	0	0	0	0	0	0	0	0	0	0	0	0	0	0	0	0	0	0	0	0	0	0	0	0	0	0	0	0	0	0	0	0	0	0	0	0	0	0	0	0	0	0	0	0	0	0	0	0	0	0	0	0	0	0	0	0	0	0	500	0	0	0	0	0	0	0	0	0	0	0	0	0	0	0	0	0	0	0	0	0	0	0	0	0	0	0	0	0	
0	0	0	0	0	0	0	0	0	0	0	0	0	0	0	0	0	0	0	0	0	0	0	0	0	0	0	0	0	0	0	0	0	0	0	0	0	0	0	0	0	0	0	0	0	0	0	0	0	0	0	500	0	0	0	0	500	0	0	0	0	0	0	0	0	0	0	0	0	0	0	0	0	0	0	0	0	0	0	0	0	0	0	0	0	0	0	0	0	0	0	0	0	0	0	0	0	0	0	0	0	0	0	0	0	0	0	0	0	0	0	0	0	0	0	0	0	0	0	0	
0	0	0	0	0	0	0	0	0	0	0	0	0	0	0	0	0	0	0	0	0	0	0	0	0	0	0	0	0	0	0	0	0	0	0	0	0	0	0	0	0	500	0	0	0	0	0	0	0	0	0	0	0	0	0	0	0	0	0	0	0	0	0	0	0	500	0	0	0	0	0	0	0	0	0	0	0	0	0	0	0	0	0	0	0	0	0	0	0	0	0	0	0	0	0	0	0	0	0	0	0	0	0	0	0	0	0	0	0	0	0	0	0	0	0	0	0	0	0	0	
0	0	0	500	0	0	0	0	0	0	0	0	0	0	0	0	0	0	0	0	0	0	0	0	0	0	0	0	0	0	0	500	0	0	0	0	0	0	0	0	0	0	0	0	0	0	0	0	0	0	0	0	0	0	0	0	0	0	0	0	0	0	0	0	0	0	0	0	0	0	0	0	0	0	0	0	0	0	0	0	0	0	0	0	0	0	0	0	0	0	0	0	0	0	0	0	0	0	0	0	0	0	0	0	0	0	0	0	0	0	0	0	0	0	0	0	0	0	0	0	
0	0	0	0	0	0	0	0	0	0	0	0	0	0	0	0	0	0	0	0	0	0	0	0	0	0	0	0	0	0	0	500	0	0	0	0	0	0	0	0	0	0	0	0	0	0	0	0	0	0	0	0	0	0	0	0	0	0	0	0	0	0	0	0	0	0	0	0	0	0	0	0	0	0	0	0	0	0	0	0	0	0	0	0	0	0	0	0	0	0	0	0	0	0	0	0	0	0	0	0	0	0	0	0	0	0	0	500	0	0	0	0	0	0	0	0	0	0	0	0	
0	0	0	0	0	0	0	0	0	0	500	0	0	0	0	0	0	0	0	0	0	0	0	0	0	0	0	0	0	0	0	0	0	0	0	0	0	0	0	0	0	0	0	0	0	0	0	0	0	0	0	0	0	0	0	0	0	0	0	0	0	0	0	0	0	0	0	0	0	0	0	0	0	0	0	0	0	0	0	0	0	0	0	0	0	0	0	0	0	0	0	0	0	0	0	0	0	0	0	0	0	0	0	0	0	0	0	0	0	0	0	0	0	0	0	0	0	500	0	0	
0	0	0	0	0	0	0	0	0	0	0	0	0	0	0	0	0	0	0	0	0	0	0	0	0	0	0	0	0	0	0	0	0	0	0	0	0	0	0	0	0	0	0	0	0	0	0	0	0	0	0	0	0	0	0	0	0	0	0	0	0	0	0	0	0	0	0	0	0	0	0	0	0	0	0	500	0	0	0	0	0	0	0	0	500	0	0	0	0	0	0	0	0	0	0	0	0	0	0	0	0	0	0	0	0	0	0	0	0	0	0	0	0	0	0	0	0	0	0	0	
0	0	0	0	0	0	500	0	0	0	0	0	0	0	0	0	0	0	0	0	0	0	0	0	0	0	0	0	0	0	0	0	0	0	0	0	0	0	0	0	0	0	0	0	0	0	0	0	0	0	0	0	0	0	0	0	0	0	0	0	0	0	0	0	0	500	0	0	0	0	0	0	0	0	0	0	0	0	0	0	0	0	0	0	0	0	0	0	0	0	0	0	0	0	0	0	0	0	0	0	0	0	0	0	0	0	0	0	0	0	0	0	0	0	0	0	0	0	0	0	
0	0	0	0	0	0	0	0	0	0	0	0	0	0	0	0	0	0	500	500	0	0	0	0	0	0	0	0	0	0	0	0	0	0	0	0	0	0	0	0	0	0	0	0	0	0	0	0	0	0	0	0	0	0	0	0	0	0	0	0	0	0	0	0	0	0	0	0	0	0	0	0	0	0	0	0	0	0	0	0	0	0	0	0	0	0	0	0	0	0	0	0	0	0	0	0	0	0	0	0	0	0	0	0	0	0	0	0	0	0	0	0	0	0	0	0	0	0	0	0	
0	0	0	0	0	0	0	0	0	0	0	0	0	0	0	0	0	0	0	0	0	0	0	0	500	0	0	0	0	0	0	0	500	0	0	0	0	0	0	0	0	0	0	0	0	0	0	0	0	0	0	0	0	0	0	0	0	0	0	0	0	0	0	0	0	0	0	0	0	0	0	0	0	0	0	0	0	0	0	0	0	0	0	0	0	0	0	0	0	0	0	0	0	0	0	0	0	0	0	0	0	0	0	0	0	0	0	0	0	0	0	0	0	0	0	0	0	0	0	0	
0	0	0	0	0	0	0	0	0	0	0	0	0	0	0	0	0	0	0	0	0	0	0	0	0	0	0	0	0	0	0	0	0	0	0	0	0	0	0	0	0	0	0	0	0	0	0	0	0	0	0	0	0	0	0	500	0	0	0	0	0	0	0	0	0	0	0	0	0	0	0	0	0	0	0	0	0	0	0	0	0	0	0	0	0	0	0	0	0	0	0	0	0	0	0	0	0	0	0	0	0	0	0	0	0	0	0	0	0	0	0	0	500	0	0	0	0	0	0	0	
500	0	0	0	0	0	0	0	0	0	0	0	0	0	0	0	0	0	0	0	0	0	0	0	0	0	0	0	0	0	0	0	0	0	0	0	0	0	0	0	0	0	0	0	0	0	0	0	0	0	0	0	0	0	0	0	0	0	0	0	0	0	0	0	0	0	0	0	0	0	0	0	0	0	0	0	0	0	0	0	0	0	0	0	0	0	0	0	0	0	0	0	0	0	0	0	0	0	0	0	0	0	0	0	0	0	0	0	0	0	0	500	0	0	0	0	0	0	0	0	
0	0	0	0	0	0	0	0	0	0	0	0	0	0	0	0	0	0	0	0	0	0	0	0	0	0	0	0	0	0	0	0	0	500	0	0	0	0	0	0	0	0	500	0	0	0	0	0	0	0	0	0	0	0	0	0	0	0	0	0	0	0	0	0	0	0	0	0	0	0	0	0	0	0	0	0	0	0	0	0	0	0	0	0	0	0	0	0	0	0	0	0	0	0	0	0	0	0	0	0	0	0	0	0	0	0	0	0	0	0	0	0	0	0	0	0	0	0	0	0	
0	0	0	0	0	0	0	0	0	0	0	0	0	0	0	0	0	0	0	0	0	0	0	0	0	0	500	0	0	500	0	0	0	0	0	0	0	0	0	0	0	0	0	0	0	0	0	0	0	0	0	0	0	0	0	0	0	0	0	0	0	0	0	0	0	0	0	0	0	0	0	0	0	0	0	0	0	0	0	0	0	0	0	0	0	0	0	0	0	0	0	0	0	0	0	0	0	0	0	0	0	0	0	0	0	0	0	0	0	0	0	0	0	0	0	0	0	0	0	0	
0	500	0	0	0	0	0	0	0	0	0	0	500	0	0	0	0	0	0	0	0	0	0	0	0	0	0	0	0	0	0	0	0	0	0	0	0	0	0	0	0	0	0	0	0	0	0	0	0	0	0	0	0	0	0	0	0	0	0	0	0	0	0	0	0	0	0	0	0	0	0	0	0	0	0	0	0	0	0	0	0	0	0	0	0	0	0	0	0	0	0	0	0	0	0	0	0	0	0	0	0	0	0	0	0	0	0	0	0	0	0	0	0	0	0	0	0	0	0	0	
0	0	0	0	0	0	0	0	0	0	0	0	0	0	0	500	0	0	0	0	0	0	0	0	0	0	0	0	0	0	0	0	0	0	0	0	0	0	0	500	0	0	0	0	0	0	0	0	0	0	0	0	0	0	0	0	0	0	0	0	0	0	0	0	0	0	0	0	0	0	0	0	0	0	0	0	0	0	0	0	0	0	0	0	0	0	0	0	0	0	0	0	0	0	0	0	0	0	0	0	0	0	0	0	0	0	0	0	0	0	0	0	0	0	0	0	0	0	0	0	
0	0	0	0	0	0	0	0	0	0	0	0	0	0	0	0	0	0	0	0	0	0	0	0	0	0	0	0	0	0	0	0	0	0	0	0	0	0	0	500	0	0	0	0	0	0	0	0	0	0	0	0	0	0	0	0	0	0	0	0	0	0	0	0	0	0	0	0	0	0	0	0	0	0	0	0	0	0	0	0	0	0	0	0	0	0	0	0	0	0	0	0	0	0	0	0	0	0	0	0	0	0	0	0	0	0	0	0	0	0	0	0	0	0	0	500	0	0	0	0	
0	0	0	0	0	0	0	0	0	0	0	0	0	0	0	0	0	0	0	0	0	0	0	0	0	0	0	0	0	0	0	0	0	0	0	0	0	0	0	0	0	0	0	0	0	0	0	0	0	0	0	0	0	0	0	500	0	0	0	0	0	0	500	0	0	0	0	0	0	0	0	0	0	0	0	0	0	0	0	0	0	0	0	0	0	0	0	0	0	0	0	0	0	0	0	0	0	0	0	0	0	0	0	0	0	0	0	0	0	0	0	0	0	0	0	0	0	0	0	0	
0	0	0	0	0	0	0	0	0	0	0	0	0	0	0	0	0	0	0	0	0	0	0	0	0	0	0	0	0	0	0	0	0	0	0	0	0	0	0	0	0	0	0	0	0	0	0	0	0	0	0	0	0	0	0	0	0	0	0	0	0	0	0	0	0	0	0	0	500	0	0	0	0	0	0	0	0	0	0	0	0	0	0	0	0	0	0	0	0	0	0	0	0	0	0	0	0	0	0	0	0	0	0	0	0	0	0	0	0	0	0	0	0	0	500	0	0	0	0	0	
0	0	0	0	0	0	0	0	0	0	0	0	0	0	0	0	0	0	0	0	0	0	0	0	0	0	0	0	0	0	0	0	0	0	0	0	0	0	0	0	0	0	0	0	0	0	0	0	0	500	0	0	0	0	0	0	0	0	0	0	0	0	0	500	0	0	0	0	0	0	0	0	0	0	0	0	0	0	0	0	0	0	0	0	0	0	0	0	0	0	0	0	0	0	0	0	0	0	0	0	0	0	0	0	0	0	0	0	0	0	0	0	0	0	0	0	0	0	0	0	
0	0	0	0	0	0	0	500	0	0	0	0	0	0	0	0	0	0	0	0	0	0	0	0	0	0	0	0	0	0	0	0	0	0	0	0	0	0	0	0	0	0	0	0	0	0	0	500	0	0	0	0	0	0	0	0	0	0	0	0	0	0	0	0	0	0	0	0	0	0	0	0	0	0	0	0	0	0	0	0	0	0	0	0	0	0	0	0	0	0	0	0	0	0	0	0	0	0	0	0	0	0	0	0	0	0	0	0	0	0	0	0	0	0	0	0	0	0	0	0	
0	0	0	0	0	0	0	0	0	0	0	0	0	0	0	0	0	0	0	0	0	0	500	0	0	0	0	0	0	0	0	0	0	0	0	0	0	0	0	0	0	0	0	0	0	0	0	0	0	0	0	0	0	0	0	0	0	0	0	0	0	0	0	0	500	0	0	0	0	0	0	0	0	0	0	0	0	0	0	0	0	0	0	0	0	0	0	0	0	0	0	0	0	0	0	0	0	0	0	0	0	0	0	0	0	0	0	0	0	0	0	0	0	0	0	0	0	0	0	0	
0	0	0	0	0	0	0	0	0	0	0	0	0	0	0	0	0	0	0	0	0	0	0	0	0	0	0	0	0	0	0	0	0	0	500	0	0	0	0	0	0	0	0	0	500	0	0	0	0	0	0	0	0	0	0	0	0	0	0	0	0	0	0	0	0	0	0	0	0	0	0	0	0	0	0	0	0	0	0	0	0	0	0	0	0	0	0	0	0	0	0	0	0	0	0	0	0	0	0	0	0	0	0	0	0	0	0	0	0	0	0	0	0	0	0	0	0	0	0	0	
0	0	0	0	0	0	0	0	0	0	0	0	0	0	0	0	0	0	0	0	0	0	0	0	0	0	0	0	0	0	0	0	0	0	0	0	0	0	0	0	0	0	0	0	0	0	0	0	0	0	0	0	0	0	0	0	0	0	0	0	0	0	0	0	0	0	0	0	0	0	0	0	0	0	0	0	0	0	0	0	500	0	0	0	0	0	0	0	500	0	0	0	0	0	0	0	0	0	0	0	0	0	0	0	0	0	0	0	0	0	0	0	0	0	0	0	0	0	0	0	
0	0	0	0	0	0	0	0	0	0	0	0	0	0	0	0	0	0	0	0	0	0	0	0	0	0	0	0	0	0	0	0	0	0	0	500	0	0	0	0	0	0	0	0	0	0	0	0	0	0	0	0	0	0	0	0	0	0	0	0	0	0	0	0	0	0	0	0	0	0	0	0	0	0	0	0	0	0	0	0	0	0	0	0	0	0	0	0	0	0	0	0	0	0	0	0	0	0	0	0	0	0	0	0	0	0	0	0	0	0	500	0	0	0	0	0	0	0	0	0	
0	0	0	0	0	0	0	0	0	0	0	0	0	0	0	0	0	0	0	0	0	0	0	0	500	0	0	0	0	0	0	0	500	0	0	0	0	0	0	0	0	0	0	0	0	0	0	0	0	0	0	0	0	0	0	0	0	0	0	0	0	0	0	0	0	0	0	0	0	0	0	0	0	0	0	0	0	0	0	0	0	0	0	0	0	0	0	0	0	0	0	0	0	0	0	0	0	0	0	0	0	0	0	0	0	0	0	0	0	0	0	0	0	0	0	0	0	0	0	0	
0	0	0	0	0	0	0	0	0	0	0	0	0	0	0	0	0	0	0	0	0	0	0	0	0	0	0	0	0	0	0	0	0	0	0	0	0	0	500	0	0	0	0	0	0	0	0	0	0	0	0	0	0	0	0	0	0	0	0	0	0	0	0	0	0	0	0	0	0	0	0	0	0	0	0	0	0	0	0	0	0	0	0	0	0	0	0	0	0	0	0	0	0	0	0	0	0	0	0	0	0	0	0	0	0	0	0	0	500	0	0	0	0	0	0	0	0	0	0	0	
500	0	0	0	0	0	0	0	0	0	0	0	0	0	0	0	0	0	0	0	0	0	0	0	0	0	0	0	0	0	0	0	0	0	0	0	0	0	0	0	0	0	0	0	0	0	0	0	0	0	0	0	0	0	0	0	0	0	0	0	0	0	0	0	0	0	0	0	0	0	0	0	0	0	0	0	0	0	0	0	0	0	0	0	0	0	0	0	0	0	0	0	0	0	0	500	0	0	0	0	0	0	0	0	0	0	0	0	0	0	0	0	0	0	0	0	0	0	0	0	
0	0	0	0	0	0	0	0	0	0	0	0	0	0	0	0	0	0	0	0	0	0	0	0	0	0	0	0	0	0	0	0	0	0	0	0	0	0	0	0	0	0	0	0	0	0	0	0	0	0	0	0	0	0	0	0	0	0	0	0	0	0	0	0	0	0	0	500	0	0	0	0	0	0	0	0	0	0	0	0	0	0	0	0	0	0	0	0	0	0	0	0	0	0	500	0	0	0	0	0	0	0	0	0	0	0	0	0	0	0	0	0	0	0	0	0	0	0	0	0	
0	0	0	0	0	0	0	0	0	0	0	0	0	0	0	0	0	0	0	0	0	0	0	0	0	0	0	0	500	0	0	0	0	0	0	0	0	0	0	0	0	0	0	0	0	0	0	0	0	0	500	0	0	0	0	0	0	0	0	0	0	0	0	0	0	0	0	0	0	0	0	0	0	0	0	0	0	0	0	0	0	0	0	0	0	0	0	0	0	0	0	0	0	0	0	0	0	0	0	0	0	0	0	0	0	0	0	0	0	0	0	0	0	0	0	0	0	0	0	0	
0	0	0	0	0	0	0	0	0	0	0	0	0	0	0	0	0	0	0	0	0	0	0	0	0	0	0	0	0	0	0	0	0	0	0	0	0	0	500	0	0	0	0	0	0	0	0	0	0	0	0	0	0	0	0	0	0	0	0	0	0	0	0	0	0	0	0	0	0	0	0	0	0	0	0	0	0	0	0	0	0	0	0	0	0	0	0	0	0	0	0	0	0	0	0	0	0	0	0	0	0	0	500	0	0	0	0	0	0	0	0	0	0	0	0	0	0	0	0	0	
0	0	0	0	0	0	0	0	0	0	0	0	0	0	0	0	0	0	0	0	0	0	0	0	0	0	0	0	0	0	0	0	0	0	0	0	0	0	0	0	0	0	0	0	0	0	0	0	0	0	0	0	0	0	0	0	0	0	0	0	0	0	0	0	0	0	0	0	0	0	0	0	0	0	0	0	0	0	0	0	0	0	0	0	0	0	0	0	0	0	0	0	0	0	0	0	0	0	0	0	500	0	0	0	0	0	0	0	0	0	0	0	0	0	0	0	0	0	0	500	
0	0	0	0	0	0	0	0	0	0	0	0	0	0	0	0	0	0	0	0	0	0	0	0	0	0	0	0	0	0	0	0	0	0	0	0	0	0	0	0	0	0	0	0	0	0	0	0	0	0	0	0	0	0	0	0	0	0	0	0	0	0	0	0	0	0	0	0	0	0	0	500	0	0	500	0	0	0	0	0	0	0	0	0	0	0	0	0	0	0	0	0	0	0	0	0	0	0	0	0	0	0	0	0	0	0	0	0	0	0	0	0	0	0	0	0	0	0	0	0	
0	0	0	0	0	0	0	0	0	0	0	0	0	0	0	0	0	0	0	0	0	0	0	0	0	0	0	0	0	0	0	0	0	0	0	0	0	0	0	0	0	0	0	0	0	0	0	0	0	0	0	0	0	500	0	0	0	0	0	0	0	0	0	0	0	0	0	0	0	0	0	0	0	0	0	0	0	0	0	0	0	0	0	0	0	0	0	0	0	500	0	0	0	0	0	0	0	0	0	0	0	0	0	0	0	0	0	0	0	0	0	0	0	0	0	0	0	0	0	0	
0	0	0	0	500	0	0	0	0	0	0	0	0	0	0	0	0	0	0	0	0	0	0	0	0	0	0	0	0	0	0	0	0	0	0	0	0	0	0	0	0	0	0	0	0	0	0	0	0	0	0	0	0	0	0	0	0	0	0	0	0	0	0	0	0	0	0	0	0	0	0	0	0	0	0	0	0	0	0	0	0	0	0	0	0	0	0	0	0	0	0	0	0	0	0	0	0	0	0	0	0	0	0	0	0	0	0	0	0	0	0	0	0	0	0	0	0	0	0	500	
0	0	0	0	0	0	0	0	0	0	0	0	0	0	0	0	0	0	0	0	0	0	0	0	0	0	0	0	0	0	0	0	0	0	0	0	0	0	0	0	0	0	0	0	0	0	0	0	0	0	0	0	0	0	0	0	0	0	0	0	0	0	0	0	0	0	0	0	0	0	0	0	0	0	0	0	0	0	0	0	0	0	0	0	0	0	0	0	0	0	0	0	0	0	0	0	0	0	0	0	0	0	0	0	0	0	0	0	0	0	0	0	0	0	0	500	0	0	500	0	
104	89	94	66	73	4	38	13	53	34	100	112	29	19	35	35	65	90	43	0	67	79	45	55	43	115	83	74	4	71	52	41	61	35	19	29	24	90	56	16	69	99	44	107	94	65	65	94	44	35	6	42	80	4	110	105	98	11	1	11	108	99	16	82	7	27	37	22	75	45	95	16	42	50	17	34	29	83	67	93	13	114	103	113	34	54	60	95	110	105	109	1	34	108	66	7	70	111	108	35	20	21	116	13	101	30	91	15	105	107	19	25	106	5	52	69	57	29	57	78	80	62	94	46	105	78	111	41	103	84	25	43	0	116	23	113	65	35	40	26	48	86	48	41	103	66	61	27	6	44	43	39	73	10	112	96	53	39	32	91	14	34	8	38	75	23	6	70	15	99	118	24	24	51	117	96	3	28	33	108	37	92	111	32	83	6	18	106	74	89	33	15	62	1	25	83	30	3	6	36	61	92	85	111	105	42	83	104	16	112	47	13	109	37	19	114	46	44	41	100	17	32	102	70	9	52	106	89	89	105	80	49	77	110	86	104	44	57	78	9	116	13	78	84	35	73	26	61	28	17	15	64	118	67	100	51	108	51	12	106	116	117	76	100	44	89	2	52	31	105	82	24	60	12	34	29	110	38	86	15	36	108	4	53	81	92	24	66	28	90	32	91	112	11	65	71	100	60	87	113	3	35	95	103	20	44	95	14	3	84	108	3	28	96	90	90	94	94	62	18	92	66	86	54	117	73	7	75	37	80	69	24	105	29	85	0	13	52	102	41	96	18	74	16	38	45	112	33	76	9	53	35	86	51	13	113	19	0	102	105	119	86	28	31	119	25	13	66	34	98	56	54	22	26	115	8	74	110	82	27	6	45	69	110	106	58	53	26	57	21	20	82	18	119	90	13	71	81	57	4	106	116	17	66	50	10	116	86	41	27	114	58	57	72	92	103	65	74	21	117	11	99	91	62	112	27	41	35	9	43	23	116	95	36	95	83	115	111	33	81	6	14	55	102	9	72	97	37	20	32	97	44	26	38	7	71	43	52	21	13	103	65	19	56	57	48	50	9	33	65	100	1	7	13	69	35	80	12	36	20	30	4	82	64	118	49	117	11	6	64	114	28	89	39	45	78	46	66	108	103	104	110	76	116	14	41	57	26	12	104	1	86	7	110	33	101	53	42	101	12	25	89	19	71	90	23	55	93	51	89	112	1	3	61	16	9	86	63	63	10	41	12	32	97	17	2	97	59	76	45	38	29	93	107	85	20	115	8	90	36	66	33	12	92	55	76	110	31	87	85	13	59	31	114	47	13	45	47	81	2	60	49	96	31	75	14	112	65	38	10	63	85	89	2	97	95	116	52	36	118	113	117	69	5	86	48	88	18	57	20	91	23	99	39	7	38	115	83	47	79	46	16	34	89	30	73	83	32	108	69	90	58	32	70	32	2	84	29	46	32	24	58	53	45	78	56	22	43	111	102	82	26	99	94	98	28	52	41	15	96	2	24	11	106	47	28	5	96	115	21	72	85	80	5	51	41	95	3	100	11	39	82	29	9	60	76	78	20	38	96	93	8	113	6	90	51	71	28	3	25	96	77	59	46	9	95	42	73	115	90	3	30	97	9	113	17	71	77	64	103	75	100	20	67	66	52	44	87	0	117	12	109	46	2	32	94	86	64	55	32	56	23	38	87	48	1	90	29	66	25	10	85	10	119	33	41	1	54	48	64	106	75	108	112	106	27	44	66	57	32	53	97	27	32	14	48	16	117	80	47	13	25	94	115	100	89	94	3	76	36	0	80	78	59	41	72	106	118	26	100	73	16	16	22	50	27	56	89	81	12	37	33	58	51	2	5	83	1	63	88	97	42	38	112	107	24	58	19	114	110	114	1	83	57	69	72	84	41	41	3	32	110	26	18	0	100	76	116	0	33	7	33	3	74	66	30	103	106	19	25	96	105	52	16	38	4	109	55	116	81	79	37	61	28	116	39	48	81	47	72	104	93	28	100	23	89	76	73	54	115	9	13	58	95	75	30	20	20	89	36	83	52	53	63	73	46	118	23	20	105	65	104	114	65	83	20	39	52	38	27	16	8	34	31	99	98	42	65	5	44	73	23	5	0	97	87	92	68	113	51	86	84	102	45	8	118	6	109	18	68	41	32	66	32	11	118	63	52	30	94	9	31	119	60	11	96	32	63	111	24	33	3	114	29	1	1	1	18	48	99	89	15	26	88	4	119	35	52	75	9	46	39	34	65	33	54	57	13	119	48	20	44	3	31	68	94	101	86	94	95	99	62	69	63	46	43	59	54	117	119	36	46	50	5	16	18	115	52	51	67	90	101	91	90	27	49	36	99	51	32	11	38	84	60	15	68	107	81	61	56	84	28	90	96	20	46	99	55	31	69	61	37	74	106	94	18	72	72	4	40	15	86	75	5	84	75	16	9	62	63	5	67	107	79	115	50	111	117	0	62	104	61	33	33	83	68	113	66	116	47	7	27	17	105	13	43	92	60	100	69	86	71	91	83	92	98	74	24	29	4	83	75	114	95	111	72	91	21	46	76	94	20	73	111	20	53	12	51	60	45	57	27	51	118	52	27	108	100	73	27	95	77	33	33	119	17	31	85	71	77	8	100	31	104	95	112	68	9	91	34	65	25	53	51	65	42	33	113	61	22	79	76	118	110	0	0	18	116	96	107	80	94	19	47	98	119	71	33	40	53	55	42	95	16	112	97	71	85	30	119	67	62	103	64	63	18	86	71	90	14	51	27	51	104	24	113	45	12	6	69	78	38	3	108	83	41	115	59	14	98	78	31	26	43	36	29	19	5	104	12	65	92	71	14	65	40	14	17	31	68	57	63	114	113	100	57	119	40	21	43	28	57	6	78	25	59	31	20	86	46	89	31	70	70	5	33	102	86	75	83	118	10	117	15	119	114	10	112	80	43	87	78	16	71	98	69	24	41	3	47	65	111	70	54	70	106	36	106	71	76	71	60	92	60	39	86	55	4	118	41	17	21	41	16	48	119	87	89	26	50	9	32	32	57	2	105	62	106	53	107	54	39	59	100	117	74	103	75	29	57	90	38	1	6	72	11	54	21	77	63	99	55	103	39	89	73	9	65	12	27	66	23	63	83	4	74	115	50	6	61	9	82	91	65	57	25	67	30	109	43	79	61	21	8	104	31	59	32	7	14	55	102	101	106	27	73	19	66	82	10	102	46	76	20	12	110	3	72	93	78	85	103	67	36	106	77	22	40	107	90	67	114	80	109	6	31	42	16	99	99	8	36	57	98	63	30	35	7	23	99	74	36	48	104	47	75	53	118	108	10	35	15	89	64	107	41	56	66	33	102	72	49	76	37	90	96	106	37	39	98	43	72	18	110	58	55	25	79	31	49	0	52	99	65	69	103	47	63	68	65	44	5	60	82	73	117	7	85	38	72	61	67	90	108	39	50	40	75	97	26	95	59	114	92	104	7	78	25	90	75	32	25	107	99	37	79	90	78	64	5	3	80	24	77	95	119	62	107	5	78	41	45	113	90	84	115	7	115	24	74	11	42	12	52	33	111	93	63	116	34	79	66	50	79	33	39	2	11	58	9	0	66	64	84	41	57	15	94	105	53	28	51	78	51	28	57	85	8	48	88	73	27	58	36	2	75	119	111	50	42	41	99	77	84	100	60	67	50	4	13	95	50	76	111	35	60	101	28	48	81	110	45	7	89	47	23	57	4	29	71	4	66	94	94	115	1	99	30	31	25	112	46	5	4	109	113	37	63	52	99	47	60	4	51	92	17	24	40	1	86	70	105	98	54	84	77	38	100	55	66	73	28	108	84	58	0	117	95	104	15	14	41	90	10	81	20	16	82	93	108	10	12	76	19	4	23	10	95	42	54	5	73	56	97	109	93	7	26	51	72	60	108	81	47	112	3	115	81	99	4	68	57	71	102	15	49	9	43	58	82	85	73	58	76	99	24	86	16	19	43	115	85	108	119	81	93	16	15	75	58	32	6	62	96	87	93	6	67	69	93	65	64	72	75	2	104	103	56	58	18	65	27	5	91	106	108	80	69	11	61	47	43	9	79	11	14	8	80	111	99	7	58	62	114	82	35	59	43	87	94	24	66	62	25	54	43	18	76	113	98	82	90	93	20	98	29	36	88	118	102	79	77	47	19	87	54	118	22	111	58	112	107	80	58	70	95	22	95	36	4	70	119	69	56	24	50	73	35	27	55	64	6	107	46	104	4	110	7	5	42	12	88	95	40	5	106	75	56	106	79	112	119	69	99	50	119	84	81	53	46	109	95	35	101	35	118	96	43	37	34	36	74	84	116	81	93	49	40	58	2	89	76	45	114	6	19	89	79	2	58	47	20	19	20	70	6	67	31	114	9	33	23	25	87	35	99	12	99	55	5	81	43	33	103	44	16	86	71	88	72	12	36	64	5	85	71	96	73	8	64	52	33	31	31	39	41	94	9	114	90	61	117	22	100	34	84	83	74	60	18	114	2	113	115	51	10	66	12	0	118	70	44	72	100	55	113	32	74	1	95	115	34	41	42	86	42	29	2	52	25	38	87	27	90	14	6	25	51	50	57	90	65	47	33	33	119	103	37	80	54	32	78	59	44	45	33	43	65	35	11	85	32	36	78	45	98	117	75	97	1	57	29	118	17	83	116	73	79	109	33	85	41	37	105	80	99	15	116	106	111	77	73	51	10	6	109	87	92	53	41	65	110	25	107	6	69	105	65	21	105	87	4	111	112	113	58	67	38	13	53	11	117	42	11	95	7	80	11	112	38	94	74	47	98	61	69	117	2	56	83	111	106	91	35	36	2	113	32	20	104	50	113	54	76	1	21	105	12	113	51	108	70	115	80	68	112	23	4	22	15	5	109	69	11	60	30	119	114	47	67	116	88	3	30	113	11	5	115	94	89	88	13	15	38	54	40	112	23	82	27	15	75	37	71	39	118	97	13	51	110	53	116	46	118	47	119	75	80	54	41	88	30	12	83	25	107	116	109	94	107	29	30	34	79	31	104	78	65	77	98	38	31	86	32	23	88	54	25	14	99	7	105	100	106	71	8	10	37	9	116	17	81	42	11	49	65	97	109	108	70	68	39	31	75	31	47	47	90	97	48	32	66	58	91	31	109	59	89	95	52	11	11	61	38	17	2	15	24	115	46	51	19	105	65	96	68	71	104	71	56	15	73	66	26	57	20	117	80	68	5	13	23	104	32	42	17	30	67	0	83	81	22	58	68	76	45	9	97	76	74	61	67	70	17	38	98	72	108	75	101	71	64	101	109	89	113	109	75	66	32	83	33	14	111	97	3	77	107	5	99	107	113	6	20	97	24	51	109	43	54	81	68	40	75	79	23	17	53	46	60	118	115	68	78	55	71	33	113	40	118	71	66	94	73	90	79	41	65	84	43	86	65	31	51	63	95	64	101	51	112	109	56	80	16	26	102	3	93	40	78	14	47	88	36	42	28	6	78	107	23	101	17	80	115	90	70	64	81	58	58	84	98	89	108	84	93	92	114	67	117	106	33	62	9	37	90	93	92	96	49	99	105	111	59	36	74	86	4	73	26	30	97	20	90	94	79	86	1	11	40	83	107	51	45	21	117	16	102	55	56	58	73	46	113	115	83	114	33	17	112	119	30	108	56	81	61	15	75	12	106	69	82	30	92	30	63	69	71	19	76	0	12	56	64	64	57	16	35	104	66	20	43	0	115	118	17	81	79	14	13	6	77	28	45	77	74	69	19	5	116	61	40	33	17	47	71	17	100	15	71	35	80	2	7	16	8	116	60	2	72	1	87	18	69	20	24	68	4	55	54	79	77	113	30	84	114	37	23	49	35	19	110	6	96	93	9	96	88	59	110	18	18	70	9	4	94	101	62	102	119	61	32	1	95	59	65	43	96	111	74	1	110	87	30	80	21	68	68	95	18	105	7	98	88	9	45	16	2	36	48	56	18	115	9	79	115	88	6	59	119	38	1	76	41	94	104	14	55	36	32	70	114	100	49	37	56	3	43	22	7	29	49	77	97	73	40	26	60	21	94	116	12	30	37	22	102	25	9	36	6	110	69	90	115	86	115	2	90	72	37	115	75	54	32	7	100	48	60	35	115	11	7	82	3	88	102	17	5	89	96	78	75	94	17	20	98	49	44	34	95	117	44	62	103	31	42	80	73	84	59	69	80	84	19	28	64	47	20	104	6	11	85	17	99	58	102	69	28	15	64	3	88	50	40	48	56	33	82	18	30	59	82	6	67	55	5	119	52	107	7	91	32	12	37	87	10	65	58	61	4	50	13	56	69	1	87	89	46	89	61	96	106	8	13	102	17	102	26	95	32	68	16	77	11	62	56	106	97	67	6	24	68	58	105	52	4	23	63	20	93	107	33	66	28	11	28	55	43	70	37	88	2	20	101	20	15	67	61	32	49	111	44	98	113	116	21	110	57	18	12	103	39	79	26	62	119	98	60	28	95	35	17	51	34	36	29	111	100	112	91	92	112	11	60	100	24	90	64	68	3	117	113	114	79	78	56	40	38	71	55	57	37	36	65	97	28	52	29	77	88	24	6	31	43	41	58	2	93	78	62	46	7	28	47	51	110	64	3	107	32	23	6	69	4	111	14	90	69	98	13	18	10	32	60	115	4	92	61	18	88	67	23	74	18	118	81	118	68	101	37	110	116	75	3	106	86	82	91	43	63	76	84	94	118	45	87	90	3	107	35	91	25	16	63	36	64	29	109	13	34	115	55	97	28	85	26	13	4	48	16	15	99	16	68	76	16	8	13	6	114	6	119	55	15	12	106	60	80	66	18	92	9	13	0	72	109	69	64	47	64	94	108	46	60	25	101	118	57	1	15	24	96	68	15	104	23	30	0	68	79	22	60	90	60	6	13	35	88	83	109	83	66	22	63	52	65	44	17	101	90	85	62	64	119	60	46	41	38	32	75	43	69	12	32	63	90	46	56	109	25	102	31	109	74	60	64	76	104	100	65	31	8	82	70	87	81	4	110	90	65	109	38	52	115	37	102	70	96	99	103	94	102	85	2	77	48	49	93	85	18	102	9	38	60	105	30	115	58	72	104	48	29	97	39	20	64	116	109	81	112	75	64	21	104	56	78	17	19	21	14	117	29	96	39	33	106	37	37	57	95	10	30	99	96	6	81	63	53	58	49	102	70	33	71	97	102	61	27	52	87	69	34	112	27	67	46	65	41	83	9	55	97	118	86	53	93	44	5	103	17	0	13	80	5	84	44	111	38	82	106	61	62	55	73	115	33	63	38	54	41	117	1	21	23	83	27	18	83	69	82	103	55	25	97	86	30	33	60	44	22	20	19	28	37	75	117	49	26	119	112	54	59	38	52	62	88	35	13	110	64	83	99	106	33	98	115	102	62	52	107	17	119	91	12	82	22	92	82	108	53	16	50	69	0	6	29	92	104	83	103	17	44	45	111	76	78	65	108	57	34	90	117	61	110	35	19	94	65	114	89	7	115	89	79	33	10	86	72	15	12	66	73	72	62	38	9	103	4	54	109	81	64	20	58	87	22	113	109	92	44	22	112	113	27	6	25	96	6	36	0	113	65	37	22	13	54	70	76	119	49	29	1	25	86	30	4	111	100	108	88	13	72	63	83	34	63	86	58	52	82	48	94	111	32	39	13	90	13	32	98	96	99	109	113	34	17	6	56	114	28	33	75	59	112	52	106	88	105	54	32	114	60	90	115	10	85	60	113	21	47	46	9	69	85	64	6	108	57	45	109	32	25	24	12	66	101	11	7	81	102	60	99	62	114	46	75	8	23	99	41	6	106	53	88	119	119	67	51	115	28	51	24	52	110	67	6	101	65	57	116	27	17	43	75	44	63	79	31	16	0	0	53	98	94	22	9	109	115	50	34	104	22	21	3	29	53	71	26	10	13	5	45	56	7	1	71	33	25	86	17	47	35	8	100	74	96	54	37	42	66	24	21	79	9	57	117	57	103	94	29	101	97	112	95	60	26	6	108	18	21	91	35	104	73	8	82	94	97	53	95	83	52	110	86	108	94	104	27	3	102	90	78	3	68	20	111	65	24	39	85	95	34	25	96	103	3	5	51	32	66	38	114	58	7	29	16	0	64	45	37	116	13	96	52	71	42	53	97	24	109	101	71	82	46	105	62	40	13	86	79	116	39	89	112	104	89	34	53	43	113	115	56	94	48	109	11	27	116	16	28	114	32	90	38	28	93	102	29	91	26	0	85	34	106	101	107	112	100	56	112	51	29	98	15	5	13	6	57	117	79	66	4	15	95	49	14	60	21	100	13	55	56	66	49	116	69	66	113	15	1	11	29	32	58	110	81	35	3	51	49	19	14	19	23	14	0	6	2	43	94	71	65	21	93	45	17	2	45	102	106	61	109	68	57	6	91	44	23	114	15	51	8	99	68	58	56	83	117	40	49	80	23	58	94	12	39	60	19	3	34	117	60	106	12	96	112	55	114	32	80	108	50	101	59	70	59	76	100	76	43	57	41	47	61	53	107	5	90	85	90	92	15	47	97	50	62	111	118	19	6	34	51	90	109	93	112	97	117	54	37	99	17	1	17	119	86	22	103	2	38	44	72	104	6	34	96	94	57	102	20	91	55	54	111	54	113	3	39	24	118	59	38	96	21	14	117	52	50	16	17	28	61	70	38	57	101	49	82	57	64	59	105	36	38	3	45	58	21	92	6	119	0	81	56	79	9	33	9	75	95	69	20	18	44	16	107	70	117	118	19	109	6	41	68	75	26	20	52	114	1	14	59	85	43	119	70	21	70	8	23	54	44	49	95	51	70	99	114	68	53	53	55	91	13	23	47	75	70	78	115	47	12	38	48	92	118	10	2	1	45	29	48	2	94	116	11	95	105	39	103	13	35	93	107	75	83	89	36	103	86	42	88	114	68	33	14	38	83	42	72	24	82	99	89	75	69	68	55	38	107	95	9	60	114	24	115	91	7	85	72	69	103	90	17	113	83	70	73	28	81	10	100	60	64	89	55	86	73	68	21	84	77	95	0	41	11	79	26	26	44	93	15	95	5	12	18	2	9	26	116	51	35	78	16	5	111	12	20	5	60	46	7	25	47	66	108	11	88	49	84	21	42	84	25	8	116	29	11	93	108	35	112	31	116	47	48	24	88	91	67	106	31	67	77	64	107	43	56	37	9	18	87	44	50	26	32	47	74	30	67	2	40	97	9	39	75	9	94	58	71	26	65	66	0	66	113	34	50	109	118	93	118	75	41	107	94	29	13	44	14	40	73	85	92	99	89	44	92	97	33	29	102	9	110	65	70	23	11	33	109	115	82	93	86	18	75	44	47	114	2	4	92	38	98	76	69	113	74	15	91	21	35	98	53	44	29	22	45	49	4	101	17	99	15	17	27	6	97	96	119	52	10	108	79	81	24	36	66	2	11	93	31	98	94	100	11	47	103	114	26	26	88	25	107	65	36	65	52	11	61	10	53	111	70	103	60	58	93	80	44	28	49	23	10	20	82	17	64	89	51	102	91	76	115	81	65	75	59	71	107	68	2	88	15	99	52	115	88	79	60	7	3	35	66	101	118	18	95	19	97	77	2	1	45	89	81	90	35	104	32	69	117	69	36	74	91	61	73	84	90	50	14	6	114	22	85	34	24	6	10	107	44	93	87	25	19	62	28	109	78	5	75	105	103	112	90	13	57	45	61	4	28	65	39	16	107	22	68	52	56	91	40	27	80	4	87	32	80	84	47	88	20	42	26	89	26	79	87	55	27	118	9	3	3	59	33	0	90	113	112	67	14	73	46	108	77	22	99	56	77	52	9	26	6	104	51	88	5	115	57	18	68	58	54	0	52	110	30	93	91	45	22	53	97	73	34	71	76	64	7	48	11	82	42	25	1	86	8	67	51	63	43	1	9	11	25	47	44	15	10	6	17	85	95	108	101	73	52	5	1	33	13	65	104	6	31	104	46	118	30	23	97	102	66	8	38	21	99	46	19	21	63	89	54	118	85	111	100	60	56	22	24	33	103	51	94	61	36	86	5	24	9	114	80	102	5	75	106	115	26	62	0	74	64	104	8	35	11	91	82	113	16	110	16	22	63	86	20	55	6	3	4	76	21	74	97	17	73	41	109	26	64	62	67	51	52	49	86	36	118	68	104	87	105	68	82	42	75	88	61	71	38	34	34	35	80	19	51	40	33	115	21	70	109	95	35	21	47	52	83	74	18	118	13	96	70	111	72	12	72	9	63	35	105	14	51	107	81	119	66	33	41	51	37	109	33	90	27	17	86	118	101	112	26	82	51	104	52	51	92	1	84	65	19	6	28	84	30	79	94	52	53	53	47	35	81	113	1	96	90	26	0	97	16	85	107	21	73	56	4	56	91	104	113	46	67	46	20	67	85	43	64	75	55	76	15	104	13	46	65	71	62	104	108	76	15	15	45	118	34	27	20	16	103	41	0	45	0	60	64	94	35	50	111	4	54	34	98	87	110	102	32	92	59	89	58	62	75	85	106	58	62	19	31	88	72	77	1	32	101	43	31	62	8	38	64	68	13	99	95	65	57	41	68	88	119	49	75	65	45	34	1	85	6	30	52	59	100	90	116	4	49	53	4	112	63	116	35	31	9	28	56	84	56	89	83	50	16	96	77	92	96	18	44	8	39	49	49	80	7	81	83	36	43	105	84	5	74	49	51	84	9	12	73	118	88	28	69	98	77	22	17	74	105	36	115	107	97	58	33	5	51	37	56	23	34	117	43	77	43	11	88	67	20	34	110	73	8	79	12	38	38	101	111	62	22	53	34	76	113	17	1	79	40	70	66	23	47	9	103	23	88	117	45	48	24	32	54	27	0	99	114	39	101	18	67	35	56	65	75	22	1	76	47	1	59	22	102	2	72	91	116	9	61	71	80	111	72	29	60	78	5	41	52	104	104	103	30	28	5	76	87	22	71	95	1	46	92	16	118	54	73	108	80	72	91	2	115	49	114	106	31	116	9	3	72	56	67	116	67	22	41	1	83	96	77	118	109	63	60	80	44	27	81	7	93	111	9	56	50	35	2	1	64	89	64	101	50	14	24	8	81	60	112	25	94	96	111	93	7	86	74	7	95	4	82	97	3	23	42	48	88	73	103	105	82	25	105	47	97	17	31	107	51	33	17	26	42	103	68	98	23	39	48	105	20	17	90	6	69	87	39	10	28	73	118	68	112	87	37	52	111	71	107	12	31	25	105	93	66	51	103	0	30	73	24	25	81	94	83	37	76	46	72	63	50	59	56	
93	53	100	14	105	81	110	0	54	11	34	28	56	106	70	111	115	1	103	117	13	23	80	75	60	24	8	16	107	81	4	55	104	80	8	86	40	40	105	105	39	55	28	62	60	27	23	34	99	80	103	65	8	59	24	17	82	49	55	102	20	15	105	6	100	91	36	46	55	48	85	51	90	109	7	25	18	54	73	110	43	16	112	54	116	64	8	7	24	67	86	14	30	102	24	71	41	63	82	64	95	81	57	6	29	27	83	85	112	41	116	19	21	16	10	108	74	32	90	0	98	114	57	52	8	12	118	32	52	54	105	69	104	74	5	84	3	32	105	79	105	107	47	117	24	33	32	0	43	69	13	98	106	40	39	82	118	67	62	107	57	14	60	108	107	58	59	80	85	33	2	63	65	116	26	66	103	35	14	58	97	40	37	112	62	76	82	61	113	15	108	114	75	74	117	40	91	64	29	105	68	55	71	60	39	99	34	75	35	43	64	64	19	8	34	27	112	16	36	4	75	83	80	101	69	20	40	114	72	80	60	32	8	62	12	98	27	4	4	34	59	115	6	47	81	77	19	84	30	57	27	111	44	82	95	60	10	97	49	50	58	61	82	83	61	113	17	111	83	76	2	41	71	105	67	96	57	81	104	109	10	115	55	43	115	58	91	97	52	53	29	25	104	7	13	83	78	9	116	1	65	66	92	44	64	53	69	85	14	25	33	92	42	49	40	35	23	54	116	3	36	7	45	116	27	119	93	48	109	62	52	16	27	53	19	45	71	21	108	23	104	103	40	48	48	61	95	104	56	23	34	42	113	22	99	117	115	91	58	2	73	112	49	52	11	116	8	46	81	55	26	10	79	79	109	11	113	30	86	60	42	16	17	44	1	98	116	118	42	113	108	104	34	3	21	119	22	29	13	96	27	58	89	56	30	90	69	108	37	15	119	8	19	104	20	67	7	65	48	80	37	32	105	70	114	97	35	8	35	50	60	28	77	55	17	23	94	13	22	54	89	90	65	93	37	98	95	83	102	34	100	3	73	48	54	100	75	32	90	73	26	48	20	40	89	60	90	94	7	97	9	32	27	76	70	38	92	45	117	115	61	102	69	16	64	22	103	52	109	112	100	42	86	51	109	67	28	64	59	6	7	10	87	30	25	81	83	107	34	37	86	79	52	112	35	98	95	107	33	61	37	7	11	10	15	108	89	105	45	53	116	67	73	89	36	26	99	90	52	46	61	57	13	48	103	15	22	17	115	37	9	83	82	3	79	102	4	115	26	100	27	54	17	109	87	69	47	106	58	73	115	5	117	83	24	45	32	35	46	62	53	27	45	22	44	76	48	0	111	55	47	84	38	29	3	44	3	31	102	64	95	109	31	17	18	81	112	112	30	40	38	62	46	10	111	59	12	57	6	12	24	59	10	118	110	92	38	102	76	89	48	17	37	81	108	99	56	95	25	107	41	64	90	117	102	50	117	118	27	49	111	99	37	115	84	1	65	20	10	117	44	90	46	28	4	57	109	67	13	103	60	103	116	89	55	69	18	31	76	49	100	119	47	11	86	51	46	23	49	38	30	115	6	81	52	77	85	29	86	84	56	83	35	79	49	68	96	106	4	22	84	15	113	107	22	92	83	49	54	70	113	63	87	40	90	86	8	59	74	84	5	98	86	93	84	64	68	24	62	77	84	63	0	91	94	18	71	95	35	17	49	23	12	102	0	11	28	104	94	52	69	17	77	100	14	89	12	40	28	6	99	18	106	55	31	104	97	54	98	57	5	23	17	65	72	91	114	0	35	76	40	38	118	3	78	103	46	16	75	4	25	79	111	73	93	57	20	42	14	81	104	114	27	7	69	50	109	23	51	114	24	82	89	32	113	69	115	29	46	90	39	11	102	25	23	83	21	106	40	38	97	101	36	106	7	14	119	1	90	64	112	63	6	37	84	16	43	80	85	42	70	70	29	113	56	32	90	92	7	67	63	98	41	106	24	96	50	95	61	76	58	29	91	119	32	108	11	37	75	32	111	108	79	101	29	38	2	29	93	47	11	110	2	24	68	23	82	80	41	115	10	102	51	111	116	110	73	23	50	105	35	117	104	28	77	44	80	68	88	6	13	8	19	4	20	70	90	21	85	98	48	108	72	28	31	47	77	108	27	113	100	33	8	61	42	66	8	118	42	45	52	77	22	36	64	116	85	109	48	46	69	75	18	45	50	25	44	110	33	27	79	17	106	86	89	58	100	19	21	51	5	49	60	4	0	98	79	105	105	100	104	96	15	82	25	55	7	58	92	48	59	24	39	94	6	8	42	1	83	52	93	96	7	95	46	22	95	100	43	78	72	18	42	51	64	16	98	64	77	50	79	8	45	47	32	16	67	97	71	10	97	47	59	85	44	78	31	30	36	46	24	53	5	45	65	4	7	0	101	106	93	80	89	62	19	34	95	74	13	37	110	111	61	12	71	65	53	4	109	89	95	117	17	63	92	106	116	109	20	3	80	29	104	76	23	42	87	13	82	72	99	18	19	74	38	83	52	43	83	84	44	49	57	9	27	99	119	53	112	77	69	42	70	10	41	6	38	2	43	94	28	66	54	5	56	100	2	62	93	84	65	87	55	56	42	15	67	29	5	113	88	24	106	14	115	34	28	41	3	62	43	118	104	48	111	49	12	82	39	102	5	27	51	3	92	44	48	50	34	56	26	44	31	66	29	17	102	76	22	11	68	38	74	4	26	77	99	27	32	98	1	75	112	53	70	111	60	58	36	115	9	85	93	76	115	90	10	31	53	93	45	28	97	42	76	111	89	52	94	21	39	2	116	12	34	73	82	96	90	113	91	117	98	20	38	26	116	15	1	58	9	8	103	73	22	90	8	2	85	116	12	72	54	105	72	31	117	62	114	92	115	20	80	6	59	48	88	90	35	27	54	19	110	94	11	73	99	75	90	46	51	103	118	116	30	91	56	20	38	75	109	0	87	94	17	45	77	97	49	88	7	111	12	46	41	103	36	43	112	13	64	20	58	93	105	118	95	119	36	33	86	27	14	81	112	101	39	6	15	24	86	46	90	87	13	22	91	106	69	65	66	54	115	53	8	59	13	115	32	34	61	27	82	6	83	111	109	85	108	12	30	111	96	109	64	62	2	49	38	55	8	94	22	111	62	105	117	3	113	109	104	56	22	82	91	28	35	75	108	90	108	53	80	40	22	30	100	80	91	92	64	2	72	55	15	117	27	40	48	81	94	67	105	104	76	41	51	99	104	45	37	66	12	91	47	11	35	46	36	18	13	11	32	95	107	67	112	91	90	101	81	4	90	66	86	96	79	62	55	66	70	31	17	106	97	7	41	106	100	61	105	103	74	33	82	50	119	26	87	87	16	75	31	4	90	19	94	101	10	13	41	112	44	24	62	90	54	39	80	7	53	97	87	84	38	46	68	55	105	97	52	111	110	62	74	104	116	11	5	118	101	78	13	115	40	89	48	24	11	87	49	84	98	33	10	105	94	39	76	47	109	42	116	59	39	2	119	12	108	32	71	75	62	29	28	75	22	55	90	57	88	73	57	7	24	55	72	85	64	33	30	40	1	83	66	66	38	96	99	110	105	117	31	61	69	90	87	57	56	79	5	83	102	15	49	26	38	89	68	43	32	111	106	3	99	92	43	26	4	113	89	70	45	1	8	115	63	92	1	103	12	99	67	109	58	84	4	100	61	68	89	32	59	80	112	91	97	99	48	44	103	105	119	115	16	21	43	41	2	71	79	81	75	62	52	10	113	108	98	87	22	63	50	23	29	87	93	115	103	119	95	8	46	55	33	42	94	37	83	100	23	34	23	85	26	119	62	43	34	20	107	115	25	73	20	72	21	58	61	23	86	41	68	74	117	80	103	3	0	38	38	15	30	69	33	21	68	9	68	118	9	76	102	96	55	15	18	42	87	77	28	38	76	41	19	35	57	50	111	114	75	74	21	10	72	98	103	82	12	68	35	48	82	16	26	119	48	69	63	85	35	95	44	83	113	52	63	90	15	94	15	116	73	66	94	75	95	23	109	57	12	92	32	85	108	58	42	102	114	36	72	44	29	60	64	6	65	50	105	66	97	18	77	45	57	45	49	26	11	116	87	41	96	8	85	90	42	30	94	27	28	95	91	43	78	25	20	17	8	114	56	37	79	9	20	43	81	90	22	17	72	28	104	98	90	34	50	107	82	89	26	117	93	42	111	16	80	119	96	26	89	23	119	102	22	7	83	6	104	65	72	69	7	20	80	15	3	49	32	29	86	28	116	111	64	112	106	91	74	52	26	72	106	117	101	79	17	58	95	7	78	47	46	61	5	55	91	89	31	106	80	110	93	46	16	28	67	83	105	29	91	8	29	43	23	42	89	74	41	38	87	61	33	92	116	35	53	91	45	117	103	4	73	86	113	38	42	15	44	83	69	21	111	83	86	45	30	71	106	77	64	11	87	90	56	49	6	18	50	39	54	61	3	75	77	9	104	10	68	75	76	102	103	37	81	93	16	48	48	60	38	83	97	90	105	61	23	45	90	70	79	32	65	23	29	83	71	16	66	14	91	102	87	41	100	59	17	41	103	50	57	53	8	95	78	80	88	65	83	91	63	21	39	56	56	64	39	35	38	62	73	113	100	21	85	32	10	77	52	18	45	64	4	51	29	30	119	35	102	73	57	65	74	58	96	91	17	5	111	106	2	16	88	50	71	43	77	40	58	11	72	25	55	91	10	42	59	98	87	33	72	16	112	50	54	1	105	58	49	52	65	23	38	89	43	77	98	50	0	24	28	33	54	69	83	11	64	82	108	15	64	74	36	118	98	84	23	102	81	2	9	5	117	30	96	79	100	44	91	58	25	13	93	24	7	81	53	97	73	99	113	105	38	78	80	18	0	62	32	64	96	41	97	20	85	84	30	35	19	6	111	98	119	12	95	93	28	12	12	42	58	119	19	90	18	110	34	98	47	3	45	105	92	87	73	2	37	118	37	113	7	109	25	61	27	40	40	34	53	11	86	47	59	25	33	81	79	115	80	55	41	108	96	58	65	103	7	109	104	106	44	23	37	96	59	15	112	56	94	7	111	91	2	110	88	58	79	104	8	23	93	55	86	74	40	32	97	55	20	70	104	111	66	62	77	84	0	97	56	103	2	103	101	84	33	97	107	106	33	66	101	99	98	67	29	1	116	15	97	50	22	3	84	25	112	21	60	1	25	16	105	67	103	46	41	45	89	21	109	46	117	29	0	4	45	0	95	56	65	12	25	25	66	36	32	15	21	73	110	31	116	97	99	119	29	59	107	104	33	73	5	86	82	115	20	7	11	61	76	38	14	100	61	44	45	1	42	9	27	2	70	95	97	25	24	6	105	84	77	93	75	3	108	71	20	39	75	101	13	33	66	42	110	57	104	55	11	42	72	76	74	57	11	97	56	17	116	77	59	32	101	0	85	21	53	26	100	104	107	69	28	13	35	104	1	8	118	66	90	32	81	24	104	78	56	57	23	14	40	12	45	106	119	67	113	109	1	3	63	1	28	119	75	39	82	34	83	78	52	46	101	118	64	5	1	61	48	61	42	86	36	7	95	89	37	67	13	101	4	97	107	113	96	75	69	76	104	39	24	57	110	50	36	29	100	114	18	109	36	115	64	24	13	119	54	41	108	90	112	21	103	102	112	33	91	60	6	37	9	65	83	42	40	15	91	11	111	1	46	86	81	13	70	101	109	41	97	111	53	74	85	8	55	65	100	97	111	68	85	35	91	36	40	32	54	73	101	90	42	84	8	117	108	16	108	81	52	47	44	33	41	9	14	79	59	106	38	93	58	29	70	27	78	29	43	17	93	66	64	70	12	71	45	1	110	48	92	45	48	90	53	113	22	44	85	37	102	32	66	76	93	109	24	113	41	44	29	42	13	106	94	115	22	7	99	36	3	14	104	40	118	30	25	93	104	42	92	19	98	23	108	41	96	93	117	100	10	51	28	63	33	40	22	40	11	64	6	67	112	65	24	30	42	32	19	88	22	106	39	0	109	116	58	17	107	24	115	26	10	28	32	81	42	15	86	15	59	1	55	23	86	71	8	38	2	97	113	65	50	54	71	35	34	56	8	70	2	49	34	93	60	36	63	35	76	71	7	50	72	10	77	15	20	104	71	67	106	89	88	110	62	95	95	17	63	89	28	48	42	12	17	97	1	36	48	60	113	71	79	36	113	15	56	15	50	103	43	97	102	43	117	29	22	70	46	94	86	105	47	65	17	91	2	109	67	86	100	35	70	11	24	69	2	52	109	29	50	14	106	12	71	43	16	25	15	91	2	21	75	42	28	38	66	77	12	23	33	21	67	25	93	13	24	49	15	40	59	31	2	58	47	112	87	27	92	82	91	104	59	57	100	63	15	76	28	46	110	57	41	94	20	9	112	62	41	84	14	53	105	13	66	113	2	21	24	88	91	102	62	96	95	18	62	1	67	15	77	7	97	68	28	89	65	65	90	85	87	49	48	67	3	56	63	92	1	92	7	68	66	94	5	7	60	23	39	85	49	112	84	53	7	51	59	64	118	3	44	56	81	97	95	23	52	62	15	97	77	14	88	35	27	18	38	25	3	111	18	25	108	55	38	118	103	48	82	42	2	50	43	109	15	55	95	116	53	13	3	26	62	46	52	93	5	117	15	86	72	94	110	10	70	109	36	107	28	115	6	63	88	73	16	95	41	89	89	19	42	8	113	23	96	117	20	9	80	61	88	91	30	110	57	109	51	58	71	39	97	31	31	114	37	118	105	12	71	69	24	83	37	14	48	99	12	86	1	55	30	70	73	3	46	75	91	112	7	113	58	17	89	24	11	103	62	105	16	14	107	86	97	84	41	55	45	105	112	54	68	51	96	68	111	78	95	89	86	41	46	9	26	35	63	46	18	19	19	1	107	110	57	36	4	71	109	25	64	87	1	3	17	84	99	56	54	33	46	29	104	11	37	46	25	44	45	72	22	114	70	57	35	22	6	25	83	74	74	89	87	106	5	60	49	112	72	33	112	106	107	100	109	41	19	28	96	53	40	37	29	8	36	58	6	50	96	96	27	84	0	50	37	72	8	84	1	28	13	24	18	67	68	34	54	65	68	106	30	30	9	115	90	11	62	53	108	63	62	85	111	44	48	70	77	65	117	35	94	61	0	56	104	80	70	52	24	101	5	87	36	15	28	91	28	84	9	37	112	75	109	3	5	113	79	107	94	26	56	107	9	65	83	48	64	15	78	67	97	31	17	39	55	66	97	53	66	76	99	3	67	44	57	11	109	6	20	3	115	62	47	102	101	19	119	95	26	114	11	108	52	95	1	98	10	78	69	28	7	10	2	11	92	55	6	74	84	22	32	72	63	10	38	57	90	84	102	84	67	28	80	78	0	93	3	2	73	75	109	0	7	27	26	17	114	42	39	110	1	66	45	81	99	45	90	35	92	91	84	117	32	9	112	89	0	71	114	25	107	118	48	7	71	87	79	103	63	38	20	70	61	0	59	44	43	22	116	71	50	105	51	89	104	39	113	110	85	12	22	11	35	7	29	95	0	24	19	13	73	33	85	23	57	57	35	47	56	107	34	16	63	33	118	62	96	45	54	20	76	84	99	31	21	52	62	1	22	91	107	59	117	35	110	84	69	62	55	18	2	100	46	109	108	89	36	69	27	86	92	80	99	105	30	75	97	54	70	11	67	32	60	112	3	37	61	0	91	71	108	69	86	16	45	3	7	51	59	61	5	98	73	4	51	25	73	106	96	102	74	108	37	79	21	6	28	10	27	107	68	34	96	13	70	34	75	94	89	32	8	48	87	76	0	67	61	4	13	102	60	113	56	81	109	105	57	19	90	73	77	9	33	104	5	9	16	22	113	45	18	51	93	7	85	85	62	103	18	17	79	43	5	72	80	47	107	65	64	102	74	2	42	117	89	117	108	99	54	70	46	50	111	74	75	3	93	113	54	81	111	9	103	114	85	25	68	62	66	38	27	102	8	29	42	58	10	2	55	93	25	70	72	54	26	54	76	71	100	12	16	114	12	79	71	53	77	42	86	30	93	39	67	61	45	43	41	113	97	67	0	95	65	38	3	101	34	87	104	101	70	59	59	60	4	91	80	72	54	2	84	55	17	75	103	44	39	94	116	37	99	61	104	66	63	65	109	116	100	96	64	16	64	76	14	34	67	84	42	40	35	95	33	46	99	14	97	42	78	39	44	33	118	92	52	82	59	99	27	49	23	80	78	104	23	31	15	10	47	76	95	100	72	97	92	48	11	67	46	7	89	69	85	62	21	101	48	65	119	114	30	40	48	111	68	111	102	92	79	32	17	26	26	84	30	16	96	35	29	94	49	30	38	69	56	115	38	49	87	12	4	117	71	6	114	0	25	110	37	29	74	35	26	92	0	78	35	29	39	92	8	86	6	51	94	110	22	119	56	107	51	27	64	9	85	70	29	79	30	11	66	70	68	3	91	87	30	110	93	73	72	56	110	6	117	117	113	18	29	54	23	45	34	41	25	59	48	58	31	22	12	46	104	48	82	12	56	107	22	21	63	24	3	28	21	111	107	22	97	10	37	39	16	55	58	54	21	102	67	61	49	101	101	69	34	47	8	82	84	56	83	27	97	15	92	69	78	26	16	46	2	78	108	12	59	47	23	30	21	100	74	5	25	18	22	107	70	3	25	57	19	5	96	71	55	98	19	47	114	86	33	71	70	91	119	3	5	51	119	60	18	90	79	39	116	49	43	41	70	31	10	64	83	2	75	80	45	64	26	70	9	71	66	85	55	41	17	56	82	5	20	91	32	29	69	79	60	95	3	110	36	105	82	103	67	84	86	13	11	70	107	102	96	32	25	26	24	5	87	52	38	19	56	26	64	86	70	30	53	20	22	107	42	44	88	58	12	90	54	113	36	106	92	75	34	25	53	27	79	65	103	21	94	37	114	9	20	49	112	115	108	41	1	107	23	48	38	67	109	55	40	115	30	4	37	56	41	31	118	110	43	102	76	30	89	6	42	36	91	114	87	62	78	62	57	69	72	21	70	105	96	92	82	106	7	18	89	4	116	3	15	112	15	39	43	119	18	84	24	68	38	42	1	60	33	77	115	51	63	75	51	72	30	64	31	99	45	75	34	40	43	89	57	34	53	78	59	79	55	92	50	41	117	85	108	11	37	72	81	28	45	42	65	113	99	56	91	104	36	111	96	119	33	79	16	9	13	86	22	25	58	82	96	54	14	51	6	19	37	21	2	117	13	80	116	13	31	39	61	116	69	97	102	52	24	17	105	22	117	28	62	108	96	102	45	44	30	35	34	43	50	107	69	40	67	51	45	20	75	54	117	110	118	75	25	63	1	69	11	24	65	51	86	82	97	55	10	40	48	76	101	79	14	33	94	15	35	15	97	12	25	0	51	57	16	102	58	118	64	98	7	46	108	85	8	9	77	59	58	42	86	118	62	10	14	63	34	67	32	119	14	78	0	21	105	42	56	9	43	115	27	44	63	6	66	47	50	94	75	105	98	71	77	105	3	15	51	65	89	4	57	15	72	55	45	95	34	61	56	46	65	9	53	113	9	108	117	6	30	14	76	15	88	11	107	115	16	93	74	48	46	52	100	72	63	17	117	20	35	94	99	115	42	84	15	111	3	7	101	95	71	102	90	69	17	115	24	22	46	24	1	1	95	33	78	7	85	71	116	12	58	93	105	66	24	60	34	60	115	71	41	0	28	38	76	83	103	13	117	96	105	59	27	31	6	6	111	19	105	40	83	9	31	45	110	87	31	111	36	1	69	88	80	14	91	40	1	118	24	25	99	42	79	39	17	86	22	9	32	61	119	69	51	79	9	105	36	106	40	30	3	84	104	46	118	38	111	60	61	78	48	104	59	86	82	45	85	72	70	33	102	62	34	102	76	64	50	28	74	90	98	7	24	112	14	62	111	1	26	118	82	17	23	29	107	53	116	78	81	64	108	83	38	83	25	64	117	4	63	95	20	72	10	96	98	109	68	17	4	107	23	66	111	38	79	64	1	45	31	70	80	78	108	77	84	86	100	10	25	46	40	23	112	40	38	19	42	9	0	1	0	37	67	93	119	33	111	62	13	112	40	73	28	30	25	105	87	81	98	24	66	40	118	113	111	93	76	17	119	88	52	19	43	88	35	78	86	34	103	33	2	59	70	95	23	107	30	29	42	37	39	38	18	69	103	24	62	73	74	62	117	34	80	34	17	103	63	32	115	71	103	39	51	14	72	56	99	115	119	63	118	42	59	71	36	114	50	59	21	13	35	97	106	67	35	12	67	72	17	117	31	54	23	20	50	110	43	100	81	48	78	42	31	30	104	10	37	3	110	116	41	93	64	100	66	63	78	86	47	11	86	20	25	41	113	53	20	9	100	10	95	82	60	67	41	72	17	118	60	117	84	98	9	95	115	79	75	76	25	22	92	19	87	2	114	3	51	36	20	119	16	118	86	22	35	1	88	20	41	83	57	97	7	57	98	77	62	14	84	82	116	112	13	87	97	0	77	103	0	32	21	61	60	64	49	42	46	12	18	8	64	77	28	14	9	39	91	36	75	15	54	68	62	94	119	49	34	98	27	44	31	29	53	74	42	17	1	105	22	58	114	80	57	39	95	24	103	71	10	20	88	37	16	18	72	76	117	51	54	58	73	17	58	17	11	90	29	106	69	118	103	26	90	81	75	5	67	99	96	82	34	102	1	94	65	60	112	62	74	114	1	70	95	46	92	33	76	34	103	111	111	40	24	106	25	19	100	39	95	16	94	18	118	44	108	108	54	108	68	111	90	24	110	116	29	34	19	24	50	102	79	102	52	98	4	6	55	117	34	86	12	1	41	110	17	2	16	72	104	92	112	39	4	56	75	18	81	49	117	111	66	57	95	9	73	84	67	39	100	33	44	69	95	46	88	81	108	41	109	92	119	110	15	104	73	86	71	104	77	58	17	68	105	73	51	6	109	8	72	34	105	109	10	64	72	52	43	67	42	105	67	52	85	18	23	59	75	99	42	105	20	61	61	49	62	81	117	114	64	111	10	117	35	114	30	91	39	6	97	1	119	68	26	99	3	96	6	48	13	97	115	43	101	37	25	35	25	100	70	114	26	14	62	13	98	30	58	50	75	17	60	20	59	1	86	99	108	42	81	62	11	13	83	44	64	67	46	59	2	112	24	17	14	91	39	90	63	76	30	111	110	115	4	8	26	16	68	117	4	11	46	4	63	106	44	115	97	31	99	33	99	71	98	45	
10	8	6	8	16	13	12	1	5	2	16	19	13	17	8	19	20	14	8	5	1	14	17	7	16	3	18	7	18	1	2	8	4	9	14	7	11	9	20	3	9	8	1	3	13	18	5	10	17	5	18	19	15	8	20	16	10	19	17	1	5	12	10	13	20	7	15	11	11	17	9	6	5	7	7	5	10	3	8	2	7	13	5	1	9	11	16	1	17	13	2	17	13	16	19	7	20	9	12	20	8	2	16	13	11	11	10	15	12	6	7	2	2	19	1	1	5	8	5	7	8	1	5	20	11	14	18	16	18	20	5	7	9	16	8	7	10	15	10	8	9	14	2	20	17	18	13	3	1	7	2	3	7	8	16	9	20	18	7	17	17	16	8	16	2	8	9	16	13	11	10	13	11	10	12	1	16	6	4	17	3	8	12	13	3	5	8	6	14	14	17	14	13	20	12	14	8	4	3	10	1	16	10	19	1	19	2	16	17	11	9	19	9	17	15	15	8	15	6	13	18	3	9	18	13	1	18	20	5	17	19	16	13	4	6	8	5	6	16	18	10	10	18	4	18	15	17	19	3	12	11	3	8	5	4	6	10	7	10	20	8	4	5	16	18	3	11	4	12	19	16	12	1	15	13	7	4	2	7	15	15	12	13	16	15	14	9	20	5	13	6	12	14	3	20	16	3	19	17	18	5	20	5	3	20	6	1	7	3	10	3	20	9	1	11	15	16	20	14	8	18	9	10	5	14	15	12	10	6	17	19	13	10	11	11	15	1	18	10	8	3	19	7	19	12	3	18	18	14	3	1	12	7	17	16	6	18	4	17	13	5	19	19	17	5	2	10	12	9	18	17	16	10	19	8	14	7	18	8	3	10	5	18	16	19	8	15	6	20	1	11	10	20	9	17	13	18	8	4	12	11	3	18	1	11	9	12	3	15	8	2	9	16	12	19	2	8	20	6	9	3	17	1	6	18	2	13	1	15	17	15	1	2	18	3	10	4	19	20	17	7	4	13	11	15	20	4	18	6	20	6	5	15	11	8	6	17	11	10	11	9	16	3	7	2	1	14	17	3	3	1	4	9	7	18	4	5	7	3	14	20	10	12	8	14	4	17	1	14	14	7	20	6	17	13	7	8	11	9	6	19	16	15	16	17	5	5	8	12	7	7	16	3	20	11	8	5	16	13	15	13	4	20	8	14	10	17	9	19	6	10	15	10	17	3	2	13	4	14	13	12	20	15	15	7	19	20	14	5	9	6	2	1	8	1	13	18	3	18	9	19	13	15	16	3	10	1	2	14	20	4	11	12	2	9	11	20	15	2	8	5	15	12	14	2	12	11	16	3	2	20	5	5	10	5	19	8	1	7	7	3	8	18	1	2	9	16	4	2	4	15	18	6	11	15	13	13	5	11	4	4	15	3	19	20	9	5	12	1	15	5	11	6	19	16	10	3	19	20	18	12	5	6	8	8	17	1	16	10	16	5	8	20	15	12	13	12	12	14	8	1	18	13	5	9	12	4	18	2	18	8	19	15	18	17	7	12	11	12	2	5	11	7	8	1	13	2	1	2	13	2	3	15	12	6	10	14	2	14	3	13	3	10	8	2	7	6	6	5	4	3	9	15	14	16	14	13	7	2	1	14	5	14	8	11	2	7	11	11	8	15	8	11	10	3	15	5	11	2	4	15	16	14	16	14	7	13	1	8	15	2	9	10	10	10	16	6	11	1	3	12	12	14	5	2	13	4	4	11	12	14	13	2	6	8	5	10	13	11	10	16	10	4	16	1	6	15	7	15	10	2	12	7	16	1	7	5	15	15	9	1	11	5	12	4	9	16	10	13	16	14	6	8	15	13	11	1	10	15	10	3	7	8	12	1	13	1	5	7	4	7	3	16	3	12	16	15	11	4	6	8	12	7	7	5	11	15	3	11	11	14	4	7	8	2	11	11	2	5	2	1	1	9	10	4	8	10	3	1	4	14	15	12	11	11	6	15	2	13	3	5	13	15	7	16	12	6	8	10	15	12	9	16	12	16	11	6	11	2	16	4	11	6	6	15	12	13	6	1	4	13	10	1	2	13	8	5	14	7	11	8	13	12	12	14	15	1	4	4	14	6	12	7	4	8	16	9	3	13	12	15	11	1	3	7	8	1	7	12	2	6	7	6	9	6	7	6	8	10	7	15	11	2	10	10	8	9	11	4	4	12	1	10	1	6	9	1	9	5	12	1	8	1	8	12	3	12	10	7	14	14	1	9	13	3	1	5	4	7	14	15	13	12	15	8	14	16	1	14	1	1	6	13	15	9	3	12	14	10	2	2	16	15	12	2	4	4	3	9	14	4	9	13	2	10	9	10	4	8	10	14	13	12	14	1	5	9	16	13	10	13	1	16	8	15	9	12	3	2	1	12	10	11	16	11	11	14	1	7	8	8	9	1	15	3	5	15	10	6	4	12	4	13	2	11	2	6	1	4	16	3	15	14	15	12	13	12	9	12	16	10	8	5	14	10	10	11	6	5	9	16	11	7	7	4	7	10	13	8	13	10	8	7	10	13	3	2	1	15	6	6	4	4	11	15	2	9	5	2	9	2	6	10	4	16	10	2	14	3	15	16	12	8	1	3	2	3	4	3	6	3	8	4	7	12	15	2	2	2	11	3	7	16	12	15	15	10	5	2	11	8	16	13	13	6	1	12	7	10	13	6	3	5	13	4	6	4	16	12	6	2	13	16	4	3	5	14	2	15	6	4	12	6	9	12	14	4	8	12	6	14	12	2	3	11	5	6	5	1	6	16	8	16	9	10	9	5	15	6	6	4	10	7	2	9	1	3	7	10	2	16	8	9	2	3	2	6	8	5	15	1	2	9	10	11	12	12	2	9	5	3	16	9	13	5	4	11	16	11	8	14	6	7	5	6	7	5	3	8	2	12	13	16	9	16	13	1	16	12	1	14	11	5	4	8	6	12	7	12	5	11	2	1	12	11	15	15	1	5	11	8	13	11	10	12	9	1	13	10	6	4	13	11	12	7	7	9	1	10	14	13	6	5	8	3	5	4	15	2	4	16	12	11	5	8	8	6	16	8	15	6	9	5	4	9	12	1	4	16	5	5	9	8	6	14	7	3	10	14	13	9	6	14	2	8	7	10	5	4	5	4	9	14	10	5	13	8	7	14	5	6	16	12	10	2	7	16	5	4	5	15	16	10	14	14	2	16	16	6	4	13	3	4	6	16	8	2	13	13	8	16	10	10	14	5	6	14	7	8	1	5	4	2	14	6	2	14	13	9	9	7	5	11	3	6	2	1	7	10	13	4	6	6	11	11	3	4	1	15	15	10	3	14	14	14	4	8	1	16	3	5	10	1	1	13	3	10	10	13	8	11	4	5	6	6	16	16	10	15	3	10	5	8	1	8	13	9	9	14	6	3	13	11	5	5	6	9	4	15	14	6	9	9	13	13	13	1	11	9	2	6	4	4	11	12	15	2	2	2	6	9	10	10	14	9	3	10	6	4	16	12	8	9	14	8	9	3	10	3	14	3	8	11	5	14	1	2	15	13	13	14	6	6	14	16	9	2	14	15	11	4	11	2	6	7	14	6	16	14	15	2	5	12	3	8	4	3	2	16	4	7	1	8	8	12	1	1	11	5	11	11	2	15	12	13	13	13	13	14	15	4	13	5	15	5	6	11	2	10	11	7	3	6	6	12	3	8	16	5	13	1	10	6	9	12	11	2	1	3	6	11	16	9	7	8	13	13	9	15	15	4	12	9	8	12	10	7	9	12	13	1	16	13	15	16	3	5	8	2	12	5	12	14	3	16	13	12	10	12	9	10	14	2	12	16	3	11	4	2	8	14	5	9	2	11	11	16	8	16	6	10	2	12	5	9	5	7	12	3	5	1	13	10	7	7	14	14	14	8	4	3	16	6	11	11	12	4	4	14	1	4	13	1	2	9	2	6	6	11	6	3	9	9	1	3	13	16	11	1	14	15	2	15	4	8	4	3	11	10	11	10	5	13	11	14	15	11	1	7	7	10	11	10	8	15	13	14	2	15	6	13	6	3	5	13	8	16	5	1	12	7	7	12	9	5	7	14	10	11	4	11	12	8	10	2	16	10	7	7	6	15	3	15	4	7	7	10	12	2	5	4	7	2	7	16	10	7	6	9	14	16	11	11	10	9	5	1	4	10	2	8	8	6	10	12	7	4	9	2	6	7	14	8	16	2	13	5	8	2	14	2	11	14	14	9	5	7	12	14	15	11	4	10	11	15	10	8	9	15	11	3	13	7	6	11	5	13	16	6	4	16	11	2	1	6	8	10	14	8	2	12	12	12	14	15	15	8	14	10	9	7	14	2	3	10	12	1	13	11	2	11	13	4	12	15	3	13	1	5	15	8	4	2	9	1	14	8	1	4	15	16	5	8	9	3	8	15	6	1	10	4	3	3	3	9	12	9	3	2	2	12	6	9	11	2	7	12	14	4	5	10	10	12	10	16	14	3	13	15	14	2	8	3	7	2	9	2	8	15	2	12	7	5	7	7	11	15	9	1	16	4	8	15	2	11	15	14	6	11	13	14	15	4	11	16	13	1	8	13	6	2	10	12	2	8	1	3	8	10	10	12	12	16	10	9	15	4	6	4	14	9	15	8	14	3	15	14	7	14	12	1	14	4	14	8	16	1	7	11	3	11	6	12	7	7	8	8	9	6	16	11	10	14	14	15	5	14	10	12	12	13	9	6	15	8	6	7	8	6	12	11	1	1	7	14	7	10	3	4	11	6	14	4	11	8	16	8	6	13	16	12	4	5	5	14	8	16	11	3	2	12	4	4	11	16	12	10	1	8	9	3	12	2	9	2	4	6	13	9	6	12	5	11	16	5	5	7	2	1	8	10	13	4	13	1	9	5	15	15	11	3	11	5	12	15	15	13	16	14	15	15	6	16	12	13	3	5	9	6	9	16	9	8	14	11	6	15	9	12	5	11	9	9	13	8	11	6	9	10	4	12	14	13	3	10	8	6	9	9	4	12	9	16	14	2	8	1	11	2	6	6	16	2	15	14	2	6	8	7	5	14	7	15	9	1	2	8	16	11	16	5	3	16	15	9	14	11	12	13	5	7	13	8	3	6	6	5	5	13	6	6	6	12	3	9	10	16	8	8	14	13	8	11	10	6	7	3	9	14	8	4	15	11	7	1	1	12	10	11	4	4	8	7	10	14	6	9	7	12	5	13	10	10	11	3	10	16	6	14	5	9	10	6	10	1	5	3	12	8	6	10	4	4	15	2	14	2	16	14	15	9	9	15	16	14	2	2	10	10	14	4	1	11	10	12	11	6	6	6	13	3	5	5	14	4	10	3	15	12	5	5	4	8	9	6	12	8	2	1	3	7	1	14	10	6	4	8	16	12	8	5	2	6	6	4	4	4	2	9	4	8	3	3	14	8	15	3	10	8	4	15	2	4	13	8	16	2	12	4	1	8	2	13	14	1	11	15	7	9	6	1	16	6	3	6	1	11	16	3	16	7	9	6	6	9	1	6	5	15	12	6	5	10	6	5	3	12	16	7	6	4	4	8	3	7	2	2	13	13	3	10	10	5	1	8	16	12	8	13	9	14	9	5	3	3	5	9	2	6	5	9	7	3	2	1	10	10	16	11	12	8	13	5	6	7	15	5	9	1	3	9	11	5	10	1	12	12	12	9	11	16	16	2	5	8	14	2	6	14	10	2	1	12	4	14	14	11	6	4	4	4	11	5	4	11	6	6	7	16	6	10	8	9	6	8	5	4	12	3	7	9	10	9	5	2	13	9	1	3	10	10	12	16	6	3	5	11	4	15	6	9	8	7	12	4	6	15	9	7	9	1	11	3	14	2	4	6	8	16	12	12	8	9	16	10	14	4	7	16	8	16	15	2	9	15	9	1	14	13	7	10	1	12	14	15	11	2	10	6	7	13	16	7	16	5	11	5	6	11	7	8	15	10	3	14	10	3	9	5	9	6	11	1	13	13	6	7	13	12	8	15	15	12	9	14	9	6	6	9	1	2	5	11	1	12	11	1	16	7	13	8	3	16	4	6	7	15	15	8	2	14	4	4	2	7	3	5	8	6	4	6	11	3	3	4	8	7	6	4	15	14	13	7	3	11	15	11	10	11	4	13	12	11	10	15	16	10	13	3	9	2	3	13	10	3	1	9	3	8	9	4	16	2	13	15	12	5	14	11	12	13	3	13	13	6	13	9	6	9	16	4	2	8	14	13	1	13	12	5	16	10	5	12	14	5	8	9	5	5	10	7	5	3	12	10	15	7	9	12	13	7	11	4	14	9	13	8	9	13	1	13	9	13	3	11	10	16	9	1	5	3	2	9	7	12	9	4	9	7	15	13	10	4	8	2	9	3	3	10	6	15	11	13	7	4	5	8	16	12	14	1	10	7	6	1	10	12	4	6	4	11	16	10	16	6	10	4	1	13	12	16	13	1	6	2	15	4	11	3	8	1	5	12	1	9	11	15	13	6	1	13	2	6	6	1	9	16	1	16	16	10	15	10	12	11	14	4	7	4	16	14	8	7	15	14	11	2	2	15	11	13	4	13	10	14	12	3	13	2	16	1	13	4	14	5	12	3	4	12	10	13	10	9	5	15	1	3	9	14	9	7	3	11	5	14	5	9	13	13	9	12	9	1	4	5	4	1	7	4	9	14	6	5	6	15	12	15	2	9	10	12	6	12	14	9	4	12	5	6	7	16	1	12	2	14	7	8	1	11	15	16	14	5	14	8	9	6	5	5	3	14	10	13	1	14	9	6	12	10	13	6	6	4	16	5	16	8	11	4	3	7	16	16	5	10	16	7	5	6	13	5	15	9	13	12	4	11	11	13	1	4	11	5	11	14	7	8	12	6	2	11	9	3	14	10	3	5	14	10	11	8	14	12	16	12	6	3	13	13	5	5	11	6	3	8	10	1	11	10	16	6	9	5	2	5	8	12	11	9	2	1	3	11	16	7	11	4	11	7	7	16	3	1	1	11	7	5	2	5	6	11	3	7	1	5	9	7	1	13	2	2	3	1	14	6	4	10	12	12	8	7	16	5	2	14	16	3	13	13	5	2	5	5	5	6	15	14	13	6	3	14	2	9	8	8	3	6	6	6	8	15	4	13	6	3	1	9	3	8	13	5	16	14	11	2	10	11	10	5	3	14	6	16	10	3	14	2	8	2	7	3	9	14	5	15	16	10	1	2	5	2	8	4	14	5	1	11	7	8	5	11	6	9	6	3	9	3	7	16	1	16	5	11	7	12	11	13	11	5	1	6	12	4	1	14	12	6	11	2	14	16	16	5	9	2	2	4	1	15	5	7	3	15	7	14	16	8	2	9	14	10	6	3	12	1	14	8	16	2	5	2	12	5	10	16	7	9	14	3	4	15	10	15	2	6	3	12	14	1	8	8	13	3	12	9	11	9	3	9	3	4	14	15	16	7	2	7	9	8	3	14	13	10	12	14	15	4	4	16	6	13	4	16	6	12	9	2	7	1	3	4	14	13	13	3	12	12	3	2	15	11	3	11	1	3	7	12	13	6	3	16	10	12	3	7	8	14	15	3	15	7	5	13	7	2	8	8	1	13	16	11	1	5	6	2	5	15	5	1	13	10	11	11	14	8	2	3	12	12	7	11	6	10	16	3	5	4	11	6	6	2	5	7	4	7	15	11	6	14	7	10	10	6	13	2	5	15	11	16	16	7	9	4	12	4	4	5	9	3	1	2	9	15	6	7	6	11	1	5	7	14	9	6	14	15	4	16	4	13	4	3	3	4	14	6	8	4	8	3	12	9	16	15	3	10	4	10	13	6	1	13	12	4	16	2	13	3	12	16	8	12	12	10	7	15	14	8	3	1	12	4	8	12	5	8	2	4	13	7	14	16	7	12	6	11	5	5	1	2	4	10	15	9	16	12	16	4	13	3	6	5	6	5	10	16	6	11	10	6	8	12	6	11	15	9	6	5	12	5	15	6	2	13	7	15	4	7	15	9	15	8	8	13	12	4	10	13	2	12	13	1	8	16	16	8	9	3	14	6	5	7	15	13	5	3	1	10	3	1	14	1	1	11	12	2	4	8	16	6	11	1	8	5	11	2	14	5	7	13	11	8	12	8	4	14	4	16	10	16	12	12	9	16	2	1	6	1	9	14	1	6	11	8	7	5	16	13	6	12	16	3	6	11	10	15	8	13	5	1	13	3	9	3	14	6	2	14	1	12	10	14	3	6	5	10	13	7	3	8	1	10	11	14	16	16	5	5	6	9	6	10	8	10	1	5	3	3	3	14	4	14	11	15	1	13	1	11	14	2	7	10	9	3	2	4	2	12	16	7	1	7	13	9	4	1	11	14	9	14	9	12	4	1	6	16	14	3	12	8	3	11	12	13	15	2	5	15	7	9	14	16	3	6	16	14	4	1	14	1	5	10	5	14	9	15	13	2	1	9	12	6	14	13	10	14	6	10	15	8	15	5	14	2	13	2	1	4	5	11	10	1	6	1	14	1	10	6	7	3	14	8	4	10	8	13	8	13	2	14	7	6	10	16	12	3	11	10	8	3	15	12	9	15	4	2	14	16	3	16	15	1	13	9	4	14	12	14	8	2	16	8	1	11	3	2	9	15	15	12	6	11	9	2	2	11	7	2	14	4	1	10	12	6	2	13	2	7	5	14	5	7	9	12	12	10	4	4	9	6	7	2	10	13	12	15	8	14	6	15	4	6	2	11	6	15	7	5	14	12	12	11	8	8	11	16	5	1	6	10	14	1	6	7	8	6	15	4	11	8	3	6	8	4	11	2	1	15	4	6	8	2	10	11	5	10	11	11	1	3	10	14	6	5	2	13	6	13	10	2	1	8	9	5	13	13	14	13	9	8	7	11	12	1	15	9	8	2	11	2	13	14	8	5	15	16	1	16	3	5	4	8	8	4	6	15	7	16	12	6	6	3	12	15	16	12	15	5	4	6	5	5	6	14	14	9	2	1	5	6	1	4	5	6	12	9	13	10	15	14	9	1	14	12	15	13	3	2	3	5	16	5	2	3	9	10	2	16	1	13	12	12	7	5	9	3	2	6	9	11	11	6	12	7	11	15	6	14	3	15	1	4	1	15	5	9	9	7	5	4	14	9	1	13	9	7	1	16	4	15	9	9	13	1	3	6	15	12	14	8	10	6	4	16	1	10	5	2	9	3	16	10	2	2	7	8	6	5	15	8	14	10	8	7	4	8	16	6	14	4	15	1	16	12	5	1	1	7	6	10	7	4	2	7	4	10	16	7	16	14	4	5	9	5	9	10	14	1	14	14	12	5	12	16	8	8	4	10	8	9	2	15	4	14	12	15	5	1	6	5	4	13	1	4	14	4	8	10	12	11	15	16	14	3	11	9	9	5	15	3	1	4	12	8	10	3	5	16	9	1	7	2	5	12	10	15	8	16	1	9	16	3	11	12	6	2	11	7	15	2	12	6	6	1	3	6	14	2	8	3	7	14	11	6	2	15	7	15	9	12	5	11	3	9	10	16	15	2	16	16	13	12	16	1	8	8	11	2	3	16	15	8	3	14	2	7	1	10	11	6	9	6	2	12	16	8	11	13	5	7	4	3	8	6	1	6	13	1	13	3	16	16	10	14	13	10	4	5	1	6	15	13	16	3	16	1	5	7	5	6	14	15	11	9	13	4	15	10	12	9	8	3	2	1	7	12	7	2	14	10	12	4	6	6	16	15	14	5	2	10	16	2	10	9	1	3	7	6	6	6	9	8	14	16	13	13	9	2	11	11	2	8	5	8	7	7	14	5	10	15	8	10	15	13	16	12	15	9	10	5	4	1	6	7	3	5	9	12	13	4	11	9	3	6	5	13	12	1	11	11	10	12	9	14	15	3	6	7	3	16	10	2	12	8	12	15	9	16	13	9	14	3	5	5	3	3	8	4	9	13	9	15	16	12	9	13	9	4	2	8	2	6	4	10	11	1	7	14	10	11	2	13	12	4	5	11	10	6	9	9	6	14	1	9	3	3	14	9	5	15	14	9	2	13	9	6	10	7	4	16	15	11	14	6	3	3	8	8	3	14	13	10	12	4	14	4	11	12	14	16	12	3	4	14	15	6	14	6	3	5	6	3	7	10	13	7	3	5	11	13	3	2	8	14	8	12	10	11	4	12	5	7	11	2	12	4	12	2	9	3	7	11	6	1	3	8	2	5	5	1	14	6	13	11	12	10	8	8	7	13	7	12	14	12	2	5	3	6	10	5	7	9	8	16	12	16	4	2	3	4	13	8	10	1	11	13	7	2	9	13	10	10	9	9	9	2	11	13	11	10	8	1	2	8	5	4	15	12	6	3	3	7	15	15	3	1	14	1	3	11	14	2	4	1	6	3	15	5	13	7	16	3	15	10	6	1	11	1	6	10	15	10	15	16	7	1	2	11	3	11	1	12	10	9	15	12	6	10	2	9	5	12	4	11	13	1	12	4	12	2	15	9	6	6	6	8	9	15	2	13	11	13	7	5	3	8	7	12	14	16	14	2	12	3	10	13	16	1	8	13	10	3	4	16	3	13	6	14	8	15	11	1	12	7	16	13	5	2	7	16	16	3	15	8	12	10	14	15	3	6	8	7	8	2	8	16	9	9	9	10	4	9	1	14	12	5	14	15	12	1	4	12	10	6	4	5	5	14	5	9	14	10	5	4	13	3	16	5	8	12	5	11	3	15	12	10	4	12	10	16	12	11	15	4	12	5	3	5	8	1	7	7	1	9	1	11	8	16	14	9	1	13	1	3	10	13	11	12	6	15	6	3	1	12	14	1	6	12	4	15	5	1	1	9	4	7	5	12	8	13	2	3	9	12	14	15	9	1	16	7	11	8	4	14	4	16	11	3	16	4	7	13	16	2	13	8	11	1	11	4	5	4	15	12	5	4	4	14	10	7	7	2	4	13	12	13	2	13	5	8	12	9	5	6	5	9	16	15	11	14	10	1	10	12	8	3	16	9	4	2	6	3	5	16	13	9	13	10	4	3	14	16	12	4	10	4	6	10	1	8	14	14	14	7	5	12	3	6	1	7	2	1	9	10	13	5	7	1	4	9	2	10	13	1	3	5	12	10	3	11	16	2	11	11	14	8	15	14	14	4	12	13	4	14	7	9	9	16	3	15	7	14	13	14	1	9	4	13	13	3	2	6	14	13	1	6	7	9	6	10	5	2	14	10	4	1	13	15	4	3	4	15	16	16	12	6	3	12	10	2	16	11	11	14	4	5	11	16	16	
240	360	320	250	540	690	440	640	920	400	120	770	510	130	190	330	590	690	490	700	480	690	340	250	640	420	430	210	610	960	380	490	110	700	110	880	470	100	220	210	710	990	770	630	640	840	740	670	160	180	300	390	180	700	300	730	780	940	330	510	180	430	360	300	530	840	170	490	200	600	690	410	470	270	140	200	850	560	450	650	910	830	780	560	270	580	640	540	520	680	260	1000	480	320	1000	200	920	880	470	990	900	480	250	560	450	230	830	460	460	390	340	240	260	110	230	270	910	700	910	370	770	840	580	370	650	910	350	160	890	910	660	840	420	670	580	350	370	940	160	670	870	580	650	600	870	500	900	520	210	590	840	970	1000	620	590	520	720	780	590	690	270	780	530	990	250	640	440	290	250	340	580	710	410	830	450	330	920	160	790	400	510	260	750	820	710	260	660	150	920	140	880	140	150	890	560	310	270	760	610	620	790	750	380	580	310	850	650	110	850	480	320	710	320	530	410	520	450	160	830	240	570	300	730	760	480	550	710	250	940	240	830	200	670	830	380	360	220	570	420	660	520	150	880	440	600	250	930	380	180	980	210	970	850	590	450	370	300	370	240	200	740	520	230	840	650	790	460	370	220	900	610	440	410	710	630	350	340	180	700	900	860	330	510	910	730	560	310	470	620	280	370	440	140	940	710	320	510	470	510	250	320	410	510	900	670	890	630	810	610	120	420	170	370	140	660	490	540	430	470	160	190	570	650	190	740	280	1000	200	900	300	130	370	250	620	570	690	800	290	600	730	160	600	780	560	210	940	120	250	930	790	810	910	480	910	700	910	440	930	790	100	570	120	770	540	520	120	490	440	870	170	780	1000	250	590	690	990	520	490	490	340	560	950	110	430	490	240	100	770	800	420	890	190	420	760	230	170	410	840	830	580	130	870	1000	350	420	590	550	380	440	360	890	550	530	170	760	250	600	350	340	350	690	200	770	280	270	300	980	300	940	790	940	810	940	710	220	410	660	330	100	530	790	600	910	900	480	250	930	200	990	230	970	220	260	260	780	830	120	630	110	990	970	390	100	870	680	790	230	430	190	950	380	770	870	1000	800	110	770	850	560	800	270	870	450	1000	170	410	550	230	830	750	440	110	500	870	240	770	340	780	580	500	670	710	510	850	760	260	840	560	940	260	730	800	530	710	750	860	700	120	290	520	930	910	850	420	510	290	870	880	890	150	1000	300	440	930	590	400	520	480	310	840	530	610	540	250	960	620	180	760	310	900	380	420	890	360	970	880	320	830	550	820	960	790	830	390	580	650	350	760	400	300	750	690	200	690	770	720	420	280	130	370	580	600	370	500	400	690	500	230	490	540	870	140	390	580	690	510	680	470	390	660	240	220	880	570	530	940	880	860	310	310	880	730	380	890	900	700	630	530	540	220	730	220	120	140	790	640	450	210	600	700	890	590	330	460	290	540	570	190	770	670	360	280	160	480	330	380	260	120	210	400	930	260	740	480	190	600	650	860	430	440	370	930	540	700	380	570	1000	960	400	560	670	680	690	870	850	860	740	570	630	540	690	500	200	790	350	460	580	380	310	860	520	540	840	750	560	640	640	860	970	180	270	820	890	270	540	360	990	980	740	300	360	920	930	140	340	580	230	640	1000	410	220	450	530	430	210	680	1000	160	890	720	910	360	880	940	860	270	660	260	680	250	720	600	310	620	680	210	350	400	310	380	490	410	850	520	500	150	720	940	910	830	780	280	100	600	980	230	200	430	110	270	800	620	850	540	440	290	940	470	820	930	350	890	760	360	630	110	850	980	660	230	920	870	590	940	940	680	200	780	260	500	990	810	870	160	510	130	830	710	820	130	680	540	430	960	480	130	490	850	400	430	550	370	260	970	940	170	310	490	450	640	530	270	540	680	460	500	310	630	450	920	340	350	760	460	860	620	570	410	440	370	330	660	810	740	390	100	880	980	390	880	910	370	700	470	480	510	150	390	440	640	280	420	190	980	750	1000	690	780	320	200	220	920	450	750	990	110	860	920	930	830	660	930	130	390	360	110	230	680	400	910	120	120	450	930	720	310	450	870	650	370	280	560	220	390	750	940	790	780	100	550	740	690	210	560	360	180	930	400	200	910	330	560	440	100	550	210	900	590	850	200	270	880	400	540	800	380	310	340	750	490	770	420	670	340	970	900	230	590	590	240	270	980	880	430	730	840	520	920	860	890	710	600	480	790	470	910	860	570	900	580	210	340	950	540	250	410	910	120	270	680	870	540	690	480	670	730	540	850	220	340	410	650	800	490	1000	430	470	830	270	940	330	630	280	790	310	370	790	190	330	170	640	470	360	610	320	930	640	480	590	120	850	580	950	590	600	410	470	640	460	300	480	290	190	740	890	470	900	490	960	590	810	650	930	130	990	530	350	290	170	190	360	110	420	130	890	420	470	320	860	420	240	680	450	280	360	190	660	280	810	280	840	190	220	590	770	150	110	750	740	750	530	520	610	410	380	560	230	470	970	420	730	540	170	800	740	470	290	290	400	520	300	330	980	220	220	620	500	100	390	400	710	780	110	460	820	430	360	140	520	980	400	190	970	590	480	600	960	480	230	360	960	310	320	200	190	780	840	480	770	690	400	910	790	310	400	400	580	920	580	790	410	760	310	380	380	970	200	770	850	600	440	260	380	180	760	540	100	360	910	480	530	340	100	840	270	360	780	880	280	920	670	330	400	600	370	700	770	150	660	620	410	960	330	610	580	180	220	820	840	790	400	460	620	340	650	630	960	200	130	750	580	630	220	420	540	580	900	110	630	270	530	610	690	430	510	790	800	970	820	880	540	720	270	570	540	820	590	110	160	610	360	300	330	950	560	330	510	220	1000	590	730	880	220	1000	540	550	160	540	470	560	120	400	780	330	950	630	830	690	740	720	450	130	560	830	170	870	280	470	300	270	810	150	440	410	870	570	450	670	160	170	490	310	370	260	700	970	440	280	950	600	450	160	300	710	540	220	570	800	880	170	690	120	910	200	910	720	300	630	430	960	790	200	540	380	340	150	450	300	740	840	550	520	990	130	520	580	540	220	590	570	160	690	650	670	600	960	180	340	400	150	550	950	930	640	930	580	820	1000	910	100	600	900	840	620	840	720	270	920	100	720	210	410	390	580	740	570	990	680	500	520	470	280	890	1000	140	890	340	590	140	250	380	280	800	220	230	180	400	870	280	540	130	600	680	990	920	800	880	140	380	830	410	510	140	820	290	680	630	490	530	990	470	370	520	670	140	500	190	710	460	750	340	990	470	990	740	920	470	670	170	210	450	270	670	720	720	400	600	920	410	450	710	610	630	640	550	340	170	620	460	630	250	180	920	500	600	290	280	840	370	980	210	120	560	860	560	110	600	110	610	570	910	640	540	270	580	360	420	160	870	590	220	470	960	640	840	530	990	230	520	900	790	940	870	450	310	590	420	880	1000	450	490	130	930	960	620	500	720	270	130	470	900	600	640	680	280	420	390	910	250	650	830	920	980	680	120	400	870	150	100	670	910	100	720	190	570	560	420	440	380	260	150	170	310	230	810	810	140	150	690	670	550	440	130	670	170	210	990	420	530	920	680	580	720	230	540	680	310	290	530	460	440	660	390	100	320	630	710	780	360	130	510	620	910	110	530	810	800	280	440	280	510	720	140	380	320	480	620	910	200	500	760	860	290	510	990	320	760	200	370	160	760	300	300	700	550	760	430	450	580	730	420	630	670	800	310	550	330	750	560	720	630	570	400	170	660	820	740	640	520	140	690	310	930	910	620	760	670	660	550	560	320	760	670	270	230	1000	380	740	690	160	850	120	160	600	150	520	270	810	350	960	670	780	700	830	380	410	650	290	290	170	990	620	850	240	760	720	370	410	660	270	520	740	130	850	1000	810	440	640	840	330	250	450	580	200	920	890	590	590	880	350	500	490	840	780	550	550	120	260	830	150	760	850	220	280	320	830	560	380	550	490	510	570	800	920	830	200	680	890	520	960	220	660	500	940	620	970	720	960	290	390	670	160	620	290	450	500	250	190	850	770	260	330	420	410	730	580	900	130	100	410	400	550	970	510	950	690	470	580	160	860	250	920	340	290	230	780	730	930	890	580	680	300	860	890	210	970	390	890	280	640	430	200	560	630	580	950	710	970	720	890	940	200	690	950	350	410	940	390	440	870	400	130	860	350	570	540	690	570	350	610	900	770	270	930	710	430	580	820	660	240	940	420	690	790	600	560	320	130	290	580	350	430	540	770	570	150	960	350	520	660	180	470	580	320	820	310	680	330	720	430	750	420	120	500	110	640	260	620	370	880	760	140	260	120	710	400	950	910	450	720	930	480	190	730	190	340	710	150	590	220	510	300	280	610	130	360	640	540	620	500	200	460	470	980	730	990	860	990	520	440	740	130	360	610	630	590	360	880	910	210	660	450	310	590	590	400	660	540	640	230	340	760	420	530	340	670	610	790	860	560	690	200	750	380	210	830	600	650	620	980	450	320	680	940	790	610	550	840	540	900	870	380	430	740	940	160	390	530	790	650	340	570	300	480	260	750	330	280	640	530	680	480	660	750	650	110	620	280	330	790	100	990	610	290	580	580	270	690	940	340	300	270	610	180	900	610	580	490	150	970	360	510	1000	200	690	230	200	730	640	720	120	510	330	240	560	130	720	350	840	450	360	300	370	890	720	590	770	350	900	340	490	610	270	540	290	860	670	400	800	930	360	140	570	470	790	840	370	450	760	310	590	670	330	820	630	880	960	240	280	780	380	310	290	690	490	890	210	760	980	470	270	780	270	640	330	200	780	690	190	500	510	210	310	950	140	580	660	330	100	380	850	300	950	490	650	1000	340	370	810	710	190	990	710	530	300	500	590	660	730	810	520	110	650	520	790	910	600	150	710	470	510	960	680	410	320	690	600	380	530	650	560	610	440	610	350	810	1000	600	430	340	380	820	820	310	530	120	380	330	440	600	200	540	990	670	810	310	390	540	700	830	320	270	380	360	430	940	540	180	210	930	450	790	220	700	510	240	790	850	270	870	930	110	920	480	980	510	800	310	300	530	880	230	350	990	170	290	390	660	550	190	660	190	850	510	580	600	210	990	190	970	120	450	790	110	920	890	670	150	140	900	610	140	600	290	160	990	280	540	980	600	170	330	690	900	290	870	800	590	720	640	450	570	470	470	870	1000	410	850	350	230	980	590	850	680	170	910	940	860	690	520	130	690	850	490	950	840	920	240	360	760	660	860	330	950	190	390	140	670	290	620	260	590	370	720	560	920	760	710	410	470	370	700	180	770	170	230	420	990	200	670	680	680	730	230	230	520	510	770	530	560	890	760	700	130	210	680	350	390	180	440	690	470	900	730	250	620	540	660	260	190	360	500	330	960	150	980	100	990	200	800	800	810	1000	200	260	760	100	230	390	550	230	310	220	190	360	560	670	420	970	130	550	230	950	580	260	550	440	560	610	350	570	710	350	410	940	270	150	500	320	600	250	660	170	720	810	150	900	770	440	720	980	510	180	550	360	990	130	860	490	160	420	160	280	280	830	780	290	220	130	550	280	530	740	720	130	480	230	890	250	210	140	900	130	360	690	260	370	480	140	980	970	660	970	840	830	380	260	370	150	390	950	590	460	620	310	400	560	700	870	900	350	230	590	800	140	320	880	210	360	950	330	500	610	590	960	810	170	130	180	940	640	920	920	480	590	830	450	880	610	610	420	820	470	640	900	100	370	290	950	570	860	200	550	1000	380	100	330	900	170	350	670	120	240	920	780	630	260	280	510	620	140	970	630	380	970	930	720	110	860	530	360	170	680	640	360	360	810	880	770	230	240	610	510	150	100	430	710	930	900	790	760	430	730	140	540	450	190	980	490	610	610	900	610	690	430	770	770	680	380	320	340	110	690	350	510	440	530	170	980	620	670	200	160	440	900	770	1000	830	510	740	950	970	450	950	710	600	790	650	780	760	470	990	350	160	840	760	340	930	380	250	890	770	190	830	930	980	530	480	410	670	760	550	900	190	190	360	270	510	670	120	840	820	680	850	670	280	250	250	450	500	470	700	130	680	880	590	810	370	820	160	360	560	220	600	630	540	360	680	980	170	930	910	580	840	700	980	400	280	950	900	240	970	100	520	480	560	260	280	230	100	180	180	680	760	100	720	150	650	110	950	990	740	840	210	890	910	630	800	400	270	120	810	650	340	650	950	830	370	370	850	620	130	240	820	850	760	700	460	150	690	170	100	650	360	130	540	650	500	960	290	330	510	640	970	130	600	120	650	460	140	850	530	860	730	690	830	190	170	760	230	470	550	430	640	210	920	450	860	570	210	920	260	670	900	690	220	120	380	540	540	610	140	690	980	680	270	810	580	550	550	320	790	240	720	850	470	920	340	600	720	620	890	930	810	110	890	380	810	290	830	300	700	310	900	690	340	960	840	850	900	770	520	450	710	620	160	660	330	480	480	200	730	570	350	550	1000	580	880	870	930	630	570	600	110	640	630	680	350	210	720	250	680	170	400	660	880	980	290	540	140	730	530	580	700	360	700	520	850	760	200	480	770	400	840	430	210	710	860	720	810	460	360	100	150	310	370	790	420	500	930	610	900	590	210	600	330	140	950	850	620	250	230	410	840	810	260	910	160	810	570	290	680	120	350	260	500	720	640	290	310	240	310	630	330	210	200	350	750	260	140	200	840	110	640	710	150	180	490	890	880	750	230	100	850	860	880	900	130	980	700	900	540	940	880	860	150	190	620	900	750	960	980	130	770	340	350	290	530	540	580	750	950	950	910	540	920	170	190	200	280	610	520	670	920	630	780	160	150	970	400	460	340	130	640	680	810	890	300	500	890	620	280	370	810	270	480	910	560	440	300	340	700	290	300	630	530	450	820	750	230	720	460	990	230	450	890	930	400	540	260	100	760	600	100	820	250	330	480	940	740	900	860	320	430	140	590	520	670	430	620	910	780	660	940	350	200	730	690	480	830	660	150	520	510	930	740	320	150	570	740	880	310	450	220	470	590	710	910	980	870	240	490	670	980	610	290	360	910	380	310	430	480	500	520	810	780	550	100	800	750	410	940	560	360	430	780	580	890	440	770	330	720	340	730	1000	190	630	900	370	450	740	680	750	800	460	560	980	520	790	330	300	400	980	280	450	490	350	420	430	540	420	650	140	930	260	890	340	990	730	160	450	610	820	170	870	730	650	800	730	440	440	770	200	190	810	100	470	600	330	960	580	130	130	790	580	940	810	880	430	790	100	1000	830	840	160	220	550	630	850	120	270	300	970	330	370	210	700	160	250	810	580	100	160	300	120	760	550	700	730	450	730	410	490	590	650	950	470	170	380	560	490	410	230	850	450	890	410	800	420	890	100	220	510	650	850	950	300	770	570	620	820	520	580	490	130	190	270	500	700	330	650	860	160	170	990	370	880	700	140	730	510	990	230	300	530	590	510	220	450	740	320	330	730	800	190	340	640	800	310	570	530	160	180	610	990	320	550	550	250	300	160	440	890	820	680	310	980	470	190	860	780	140	260	990	660	620	600	330	470	410	360	950	450	690	730	220	130	260	500	290	810	710	360	570	650	620	820	210	190	330	760	910	450	1000	790	1000	500	150	540	600	480	690	880	180	120	980	120	640	1000	230	550	680	240	710	100	240	930	530	660	290	700	340	430	700	270	480	920	150	210	450	630	290	110	300	420	990	230	890	800	540	980	680	160	100	780	140	220	640	420	1000	760	410	230	180	870	710	280	430	660	210	610	810	420	480	1000	910	460	500	950	240	520	370	720	790	980	990	190	280	460	840	600	890	270	960	370	770	620	820	740	640	690	120	500	1000	580	300	940	680	910	670	460	370	130	670	720	510	930	430	610	960	450	630	530	500	370	490	680	820	940	390	140	130	780	260	440	730	200	760	700	940	470	800	550	780	190	470	430	750	760	400	530	600	110	560	470	490	960	520	650	160	700	880	520	330	890	330	790	240	370	150	530	810	550	760	680	260	350	220	320	300	330	650	400	230	100	470	330	460	360	310	480	930	550	910	820	430	520	910	240	980	550	700	880	1000	760	430	600	200	480	220	920	620	660	460	980	580	290	560	470	990	470	970	440	460	920	190	340	800	700	200	440	910	230	230	130	700	860	760	910	340	420	390	750	310	520	930	100	620	530	780	120	520	650	590	690	820	780	920	300	640	300	710	790	160	150	380	340	150	820	560	720	560	870	160	330	760	700	1000	500	110	200	510	700	220	950	950	810	440	770	790	880	880	680	200	520	790	280	440	620	410	790	220	610	760	900	260	630	690	440	320	680	500	670	310	680	560	420	840	930	270	920	810	120	940	400	550	330	530	640	710	500	710	860	320	450	540	740	250	840	690	310	100	220	470	600	740	220	140	590	120	250	320	270	400	280	810	590	570	630	1000	590	430	620	600	660	650	620	1000	820	680	480	940	390	550	450	110	370	990	540	570	590	430	180	240	800	670	180	190	170	560	720	170	160	470	840	490	190	350	850	970	190	880	550	990	740	360	910	870	410	710	850	420	640	950	590	140	990	740	870	160	890	610	470	710	990	300	700	660	530	970	260	360	390	160	670	120	900	810	790	460	630	580	920	770	790	130	130	930	440	520	860	170	720	600	130	870	230	590	530	450	790	910	450	800	830	300	240	690	380	650	610	200	300	880	670	590	850	570	970	640	530	440	830	720	740	390	230	580	150	360	240	500	730	530	720	800	810	970	260	740	860	460	540	150	410	990	700	470	390	970	320	950	360	220	670	900	140	1000	830	250	280	270	100	240	660	470	300	160	670	1000	230	490	630	980	370	840	430	450	300	200	980	670	450	140	460	580	500	930	770	200	590	640	100	220	660	160	930	790	300	990	620	820	750	1000	970	100	800	800	650	250	540	650	370	570	1000	110	550	320	100	990	280	740	590	710	260	530	660	850	510	920	350	580	700	340	950	920	260	980	200	260	660	730	740	450	950	250	300	980	530	150	120	350	630	840	700	130	170	530	450	520	910	180	780	1000	900	720	810	310	880	730	390	940	120	240	520	240	380	610	150	980	990	560	380	430	360	960	250	500	970	120	430	1000	870	870	180	130	100	860	250	780	960	260	280	140	110	120	160	330	530	210	980	140	510	450	930	330	610	1000	690	650	390	470	240	580	900	840	290	970	960	250	100	590	680	210	1000	500	680	360	330	650	780	880	760	410	570	980	520	270	140	800	530	620	970	350	670	190	590	580	110	420	920	600	930	110	890	470	630	710	770	360	370	380	660	450	680	460	800	550	780	290	590	520	130	490	960	940	820	840	960	290	130	700	200	860	910	330	800	470	990	320	670	240	120	140	860	580	930	240	140	710	570	770	900	690	500	600	690	370	300	790	750	680	640	870	250	260	180	620	640	320	190	890	310	550	690	370	970	460	120	490	940	310	680	780	330	470	110	660	480	180	560	870	530	680	630	540	720	240	710	320	170	560	330	720	460	300	770	640	310	610	780	210	410	430	590	480	380	860	320	590	120	120	390	200	480	830	400	930	530	490	540	750	170	430	470	580	120	280	580	410	140	810	390	910	710	650	200	470	470	170	870	900	940	610	280	750	550	900	670	410	1000	880	180	260	170	310	280	270	640	660	560	210	210	330	640	420	590	390	240	390	520	790	100	500	520	780	420	980	760	190	650	450	100	830	630	210	180	800	640	900	390	950	970	890	760	480	300	690	730	720	980	280	700	570	680	560	340	350	940	820	770	430	350	110	550	500	810	300	750	500	170	850	170	340	180	600	440	670	610	360	160	650	510	950	710	990	810	350	470	440	670	850	560	600	390	120	280	720	570	550	270	650	380	190	140	100	570	580	660	120	970	700	400	880	580	210	640	940	490	260	180	360	280	800	830	190	940	110	570	760	660	260	580	820	570	570	800	690	880	440	180	270	910	190	490	470	140	500	630	300	850	830	840	980	360	160	120	580	640	130	440	440	820	370	230	230	840	180	640	390	430	760	380	430	660	440	250	210	150	980	400	800	950	990	160	680	800	780	850	140	530	990	200	980	230	440	170	980	850	170	530	800	960	120	780	470	490	150	600	100	780	860	410	600	750	270	730	400	330	310	440	860	870	380	830	580	120	870	970	810	390	250	220	190	560	710	690	910	970	330	270	890	180	580	700	740	500	770	180	880	330	650	740	230	560	720	620	420	260	660	160	440	310	460	910	990	770	130	420	970	680	890	620	420	170	600	140	430	430	480	860	480	590	640	320	350	950	970	460	390	460	210	690	730	310	930	100	380	810	180	990	830	770	160	1000	250	470	620	160	230	770	160	720	150	580	550	660	620	760	130	930	550	430	640	110	900	510	190	880	990	570	970	390	470	400	610	590	190	330	670	710	170	260	300	940	790	770	330	550	330	660	760	690	290	970	910	570	730	360	420	270	560	760	350	340	170	220	260	930	760	210	550	870	530	170	450	750	380	160	740	780	260	590	350	570	200	510	260	750	490	450	690	220	560	610	950	390	750	520	630	260	120	620	930	480	400	970	380	760	450	660	190	160	270	270	290	670	530	940	690	860	300	570	490	550	950	150	740	380	920	520	940	450	650	370	740	960	460	390	180	110	930	510	300	860	220	510	990	640	900	510	150	750	510	970	1000	930	750	980	760	580	380	990	550	920	360	510	910	570	850	950	1000	600	550	540	120	450	860	550	510	990	250	480	490	400	860	420	680	910	950	450	820	420	260	170	610	450	260	550	960	310	870	190	290	230	320	860	650	560	290	670	270	500	250	950	590	480	360	860	590	310	220	980	880	290	160	860	200	630	220	330	790	680	850	920	440	830	510	530	480	400	650	270	660	660	260	190	210	280	990	180	270	200	990	740	730	780	400	290	620	250	830	870	830	200	960	380	240	640	720	450	740	1000	720	300	960	790	710	510	1000	860	250	450	810	460	550	760	510	660	790	750	510	190	160	910	430	670	490	820	810	320	790	770	1000	880	100	110	780	470	380	350	720	780	170	360	470	970	710	190	260	410	900	460	170	510	130	730	550	650	250	560	110	860	400	510	870	220	530	760	680	390	860	650	990	640	760	380	680	620	170	500	530	710	780	360	750	560	800	780	290	990	500	360	870	590	230	960	850	460	390	980	420	860	250	930	930	600	970	530	710	140	100	660	730	220	430	140	550	650	930	420	990	920	660	610	330	590	700	330	930	250	220	940	960	560	700	190	150	250	380	470	200	400	100	630	470	910	260	340	260	290	780	240	800	200	770	750	500	530	930	330	450	260	870	470	650	350	560	400	520	770	160	890	760	770	540	570	640	950	540	810	800	530	950	570	460	910	780	590	740	610	1000	560	620	960	470	650	620	
1
