4998
120
3
70
0	0	0	0	0	0	500	0	0	0	0	0	0	0	0	0	0	0	0	0	0	0	0	0	0	0	0	0	0	0	0	0	0	0	0	0	0	0	0	0	0	0	0	0	0	0	0	0	0	0	0	0	0	0	0	0	0	0	0	0	0	0	0	0	0	0	0	0	0	0	0	0	0	0	0	0	0	0	0	0	0	0	0	0	0	0	0	0	0	0	0	0	0	0	0	500	0	0	0	0	0	0	0	0	0	0	0	0	0	0	0	500	0	0	0	0	0	0	0	0	
0	0	0	0	0	0	0	0	0	500	0	0	500	0	0	0	0	0	0	0	0	0	0	0	0	0	0	0	0	0	0	0	0	0	0	0	0	0	0	0	0	0	0	0	0	0	0	0	0	0	0	0	0	0	0	0	0	0	0	0	0	0	0	0	0	0	0	0	0	0	0	0	0	0	0	0	0	0	0	0	0	0	0	0	0	0	0	0	0	0	0	0	0	0	0	0	0	0	500	0	0	0	0	0	0	0	0	0	0	0	0	0	0	0	0	0	0	0	0	0	
0	0	0	0	0	0	0	0	0	0	0	0	0	500	0	0	0	0	0	0	0	0	0	0	0	0	0	0	0	0	0	0	0	0	0	0	0	0	0	0	0	0	0	0	0	0	0	0	0	0	0	0	0	0	500	0	0	0	0	0	0	0	0	0	0	0	0	500	0	0	0	0	0	0	0	0	0	0	0	0	0	0	0	0	0	0	0	0	0	0	0	0	0	0	0	0	0	0	0	0	0	0	0	0	0	0	0	0	0	0	0	0	0	0	0	0	0	0	0	0	
0	0	0	0	0	0	0	0	0	0	0	0	0	0	0	0	500	0	0	0	0	0	0	0	0	0	0	0	0	0	0	0	0	0	0	0	0	0	0	0	0	0	0	0	0	0	0	0	0	0	0	0	0	0	0	0	0	0	0	0	0	0	0	0	0	0	0	0	0	500	0	0	0	0	0	0	0	0	0	0	0	0	0	0	0	0	0	500	0	0	0	0	0	0	0	0	0	0	0	0	0	0	0	0	0	0	0	0	0	0	0	0	0	0	0	0	0	0	0	0	
0	0	0	0	0	0	0	0	0	0	0	0	0	0	0	0	0	0	0	500	0	0	0	0	0	0	0	0	0	0	500	0	0	0	0	0	0	0	0	0	0	0	0	0	0	0	0	0	0	0	0	0	0	0	0	0	0	0	0	0	0	0	0	0	0	0	0	0	0	0	0	0	0	0	0	0	0	0	0	0	0	0	0	0	0	0	0	0	0	0	0	0	0	0	0	0	0	0	0	0	0	0	0	0	0	0	0	0	0	0	0	0	0	0	0	0	0	0	500	0	
0	0	0	0	0	0	0	0	0	0	0	0	0	0	0	0	0	0	0	0	0	0	0	0	0	0	0	0	0	0	0	0	0	0	0	0	500	0	0	0	0	0	0	0	0	0	0	0	0	0	0	0	0	500	0	0	0	0	0	0	0	0	0	0	0	0	0	0	0	0	0	0	0	500	0	0	0	0	0	0	0	0	0	0	0	0	0	0	0	0	0	0	0	0	0	0	0	0	0	0	0	0	0	0	0	0	0	0	0	0	0	0	0	0	0	0	0	0	0	0	
500	0	0	0	0	0	0	0	0	0	0	0	0	0	0	0	0	0	0	0	0	0	0	0	0	0	0	0	0	0	0	0	0	0	0	0	0	0	0	0	0	0	0	0	0	0	0	0	0	0	0	0	0	0	0	0	0	0	0	0	0	0	0	0	0	0	0	0	0	0	0	0	0	0	0	0	0	0	0	500	0	0	0	0	0	0	0	0	0	0	0	500	0	0	0	0	0	0	0	0	0	0	0	0	0	0	0	0	0	0	0	0	0	0	0	0	0	0	0	0	
0	0	0	0	0	0	0	0	0	0	0	0	0	0	0	0	0	0	0	0	0	0	0	0	0	0	0	0	0	0	0	0	0	0	0	0	0	0	0	0	0	0	0	0	0	0	0	500	0	0	0	0	0	0	0	0	0	0	0	0	0	0	0	0	0	0	0	0	0	0	0	0	0	0	0	0	0	0	0	0	0	0	0	0	0	0	0	0	500	0	0	0	0	0	0	0	0	0	0	0	0	0	0	0	500	0	0	0	0	0	0	0	0	0	0	0	0	0	0	0	
0	0	0	0	0	0	0	0	0	0	500	0	0	0	0	0	0	500	0	0	0	0	0	0	0	0	0	0	0	0	0	0	0	0	0	0	0	0	0	0	0	0	0	0	0	0	0	0	0	0	0	0	500	0	0	0	0	0	0	0	0	0	0	0	0	0	0	0	0	0	0	0	0	0	0	0	0	0	0	0	0	0	0	0	0	0	0	0	0	0	0	0	0	0	0	0	0	0	0	0	0	0	0	0	0	0	0	0	0	0	0	0	0	0	0	0	0	0	0	0	
0	500	0	0	0	0	0	0	0	0	0	0	0	0	0	0	0	0	0	0	0	0	0	0	0	0	500	0	0	500	0	0	0	0	0	0	0	0	0	0	0	0	0	0	0	0	0	0	0	0	0	0	0	0	0	0	0	0	0	0	0	0	0	0	0	0	0	0	0	0	0	0	0	0	0	0	0	0	0	0	0	0	0	0	0	0	0	0	0	0	0	0	0	0	0	0	0	0	0	0	0	0	0	0	0	0	0	0	0	0	0	0	0	0	0	0	0	0	0	0	
0	0	0	0	0	0	0	0	500	0	0	0	0	0	0	0	0	500	0	0	0	0	0	0	0	0	0	0	0	0	0	0	0	0	0	0	0	0	0	0	0	0	0	0	0	0	0	0	0	0	0	0	0	0	0	0	0	0	0	0	0	0	0	0	0	0	0	0	0	0	0	0	0	0	0	0	0	0	0	0	0	0	0	0	0	0	0	0	0	500	0	0	0	0	0	0	0	0	0	0	0	0	0	0	0	0	0	0	0	0	0	0	0	0	0	0	0	0	0	0	
0	0	0	0	0	0	0	0	0	0	0	0	0	0	0	0	0	0	0	0	0	0	0	0	0	0	0	0	0	0	0	0	0	0	0	0	0	0	0	0	0	0	0	0	0	0	0	0	0	0	0	0	500	0	0	0	0	0	0	0	0	0	0	0	0	0	0	0	0	0	0	0	500	0	0	0	0	0	0	0	0	0	0	0	500	0	0	0	0	0	0	0	0	0	0	0	0	0	0	0	0	0	0	0	0	0	0	0	0	0	0	0	0	0	0	0	0	0	0	0	
0	500	0	0	0	0	0	0	0	0	0	0	0	0	0	0	0	0	0	0	0	0	0	0	0	0	0	0	0	0	0	0	0	0	0	0	0	0	0	0	0	0	0	0	0	0	0	0	0	0	0	0	0	0	0	0	0	0	0	0	0	0	0	0	0	0	0	0	0	0	0	0	0	0	0	0	500	0	0	0	0	0	0	0	0	0	0	0	0	0	0	0	0	0	0	0	0	0	500	0	0	0	0	0	0	0	0	0	0	0	0	0	0	0	0	0	0	0	0	0	
0	0	500	0	0	0	0	0	0	0	0	0	0	0	0	0	0	0	0	0	0	0	0	0	0	0	500	0	0	0	0	0	0	0	0	0	0	0	0	0	0	0	0	0	0	0	0	0	0	0	0	0	0	0	500	0	0	0	0	0	0	0	0	0	0	0	0	0	0	0	0	0	0	0	0	0	0	0	0	0	0	0	0	0	0	0	0	0	0	0	0	0	0	0	0	0	0	0	0	0	0	0	0	0	0	0	0	0	0	0	0	0	0	0	0	0	0	0	0	0	
0	0	0	0	0	0	0	0	0	0	0	0	0	0	0	0	0	0	0	0	0	0	0	0	0	0	0	0	0	0	0	0	0	0	0	0	0	500	0	0	0	0	0	500	0	0	0	0	0	0	0	0	0	0	0	0	0	0	0	0	500	0	0	0	0	0	0	0	0	0	0	0	0	0	0	0	0	0	0	0	0	0	0	0	0	0	0	0	0	0	0	0	0	0	0	0	0	0	0	0	0	0	0	0	0	0	0	0	0	0	0	0	0	0	0	0	0	0	0	0	
0	0	0	0	0	0	0	0	0	0	0	0	0	0	0	0	0	0	0	0	0	0	0	500	0	0	0	0	0	0	0	0	0	0	500	0	0	0	0	0	0	0	0	0	0	0	0	0	0	0	0	0	0	0	0	0	0	0	0	0	0	0	0	0	0	0	0	0	0	0	0	0	0	0	0	0	0	0	0	0	0	0	0	0	0	0	0	0	0	0	0	0	0	0	0	0	0	0	0	500	0	0	0	0	0	0	0	0	0	0	0	0	0	0	0	0	0	0	0	0	
0	0	0	500	0	0	0	0	0	0	0	0	0	0	0	0	0	0	0	0	0	0	0	0	0	0	0	0	0	0	0	0	0	0	0	0	0	0	0	0	0	0	0	0	0	0	0	0	0	0	0	0	0	0	0	0	0	0	0	0	0	0	0	0	0	0	0	0	0	500	0	0	0	0	0	0	0	0	0	0	0	0	0	0	0	0	0	500	0	0	0	0	0	0	0	0	0	0	0	0	0	0	0	0	0	0	0	0	0	0	0	0	0	0	0	0	0	0	0	0	
0	0	0	0	0	0	0	0	500	0	500	0	0	0	0	0	0	0	0	0	0	0	0	0	0	0	0	0	0	0	0	0	0	0	0	0	0	0	0	0	0	0	0	0	0	0	0	0	0	0	0	0	500	0	0	0	0	0	0	0	0	0	0	0	0	0	0	0	0	0	0	0	0	0	0	0	0	0	0	0	0	0	0	0	0	0	0	0	0	0	0	0	0	0	0	0	0	0	0	0	0	0	0	0	0	0	0	0	0	0	0	0	0	0	0	0	0	0	0	0	
0	0	0	0	0	0	0	0	0	0	0	0	0	0	0	0	0	0	0	0	0	0	0	0	0	0	0	500	0	0	0	0	0	0	0	0	0	0	0	0	0	0	0	0	0	0	0	0	0	0	0	0	0	0	0	0	0	0	0	0	0	0	0	0	0	0	0	500	0	0	0	0	0	0	0	0	0	0	0	0	0	0	0	0	0	0	0	0	0	0	0	0	500	0	0	0	0	0	0	0	0	0	0	0	0	0	0	0	0	0	0	0	0	0	0	0	0	0	0	0	
0	0	0	0	500	0	0	0	0	0	0	0	0	0	0	0	0	0	0	0	0	0	0	0	0	0	0	0	0	0	500	0	0	0	0	0	0	0	0	0	0	0	0	0	0	0	0	0	0	0	0	0	0	0	0	0	0	0	0	0	0	0	0	0	0	0	0	0	0	0	0	0	0	0	0	0	0	0	0	0	0	0	0	0	0	0	0	0	0	0	0	0	500	0	0	0	0	0	0	0	0	0	0	0	0	0	0	0	0	0	0	0	0	0	0	0	0	0	0	0	
0	0	0	0	0	0	0	0	0	0	0	0	0	0	0	0	0	0	0	0	0	0	0	0	0	0	0	0	500	0	0	0	0	0	0	0	0	0	0	0	0	0	0	0	0	0	0	0	0	0	0	0	0	0	0	0	500	0	0	0	0	0	0	0	0	0	0	0	0	0	0	0	0	0	0	0	0	0	0	0	0	0	0	0	0	0	0	0	0	0	0	0	0	0	0	0	0	0	0	0	0	0	0	0	0	0	0	0	0	0	0	0	0	500	0	0	0	0	0	0	
0	0	0	0	0	0	0	0	0	0	0	0	0	0	0	0	0	0	0	0	0	0	0	0	0	0	0	0	0	0	0	0	0	0	0	0	0	0	0	0	0	0	0	500	0	0	500	0	0	0	0	0	0	0	0	0	0	0	0	0	500	0	0	0	0	0	0	0	0	0	0	0	0	0	0	0	0	0	0	0	0	0	0	0	0	0	0	0	0	0	0	0	0	0	0	0	0	0	0	0	0	0	0	0	0	0	0	0	0	0	0	0	0	0	0	0	0	0	0	0	
0	0	0	0	0	0	0	0	0	0	0	0	0	0	0	0	0	0	0	0	0	0	0	0	0	0	0	0	0	0	0	0	0	0	0	0	0	0	0	0	0	0	0	0	0	0	0	0	0	0	0	0	0	0	0	0	0	0	0	0	0	0	0	0	500	0	0	0	0	0	0	0	0	0	500	0	0	0	0	0	0	0	0	0	0	0	0	0	0	0	0	0	0	0	0	0	0	0	0	0	0	0	0	0	0	500	0	0	0	0	0	0	0	0	0	0	0	0	0	0	
0	0	0	0	0	0	0	0	0	0	0	0	0	0	0	500	0	0	0	0	0	0	0	0	0	0	0	0	0	0	0	0	0	0	500	0	0	0	0	0	0	0	0	0	0	0	0	0	0	0	0	0	0	0	0	0	0	0	0	0	0	0	0	0	0	0	0	0	0	0	0	0	0	0	0	0	0	0	0	0	0	0	0	0	0	0	0	0	0	0	0	0	0	0	0	0	0	0	0	0	0	0	0	0	0	0	500	0	0	0	0	0	0	0	0	0	0	0	0	0	
0	0	0	0	0	0	0	0	0	0	0	0	0	0	0	0	0	0	0	0	0	0	0	0	0	0	0	0	0	0	0	0	500	0	0	0	0	0	0	0	0	0	0	0	0	0	0	0	0	0	0	0	0	0	0	0	0	0	0	0	0	0	0	0	0	0	0	0	0	0	0	0	0	0	0	0	0	0	0	0	0	0	0	0	0	0	0	0	0	0	0	0	0	500	0	0	0	0	0	0	0	0	0	0	0	0	0	0	0	500	0	0	0	0	0	0	0	0	0	0	
0	0	0	0	0	0	0	0	0	0	0	0	0	0	0	0	0	0	0	0	0	0	0	0	0	0	0	0	0	0	0	0	0	0	0	0	0	0	0	0	0	0	0	0	0	0	0	0	0	0	0	0	0	0	0	0	0	0	0	500	0	500	0	0	0	0	0	0	0	0	0	0	0	0	0	0	0	0	0	0	0	0	0	0	0	0	0	0	500	0	0	0	0	0	0	0	0	0	0	0	0	0	0	0	0	0	0	0	0	0	0	0	0	0	0	0	0	0	0	0	
0	0	0	0	0	0	0	0	0	500	0	0	0	500	0	0	0	0	0	0	0	0	0	0	0	0	0	0	0	0	0	0	0	0	0	0	0	0	0	0	0	0	0	0	0	0	0	0	0	0	0	0	0	0	0	0	0	0	0	0	0	0	0	0	0	0	0	0	0	0	0	0	0	0	0	0	0	0	0	0	0	0	0	0	0	0	0	0	0	0	0	0	0	0	0	0	0	500	0	0	0	0	0	0	0	0	0	0	0	0	0	0	0	0	0	0	0	0	0	0	
0	0	0	0	0	0	0	0	0	0	0	0	0	0	0	0	0	0	500	0	0	0	0	0	0	0	0	0	0	0	0	0	0	0	0	0	0	0	0	0	0	0	0	0	0	500	0	0	0	0	0	0	0	0	0	0	0	0	0	0	0	0	0	0	0	0	0	0	0	0	0	0	0	0	0	0	0	0	0	0	0	0	0	0	0	0	0	0	0	0	0	0	500	0	0	0	0	0	0	0	0	0	0	0	0	0	0	0	0	0	0	0	0	0	0	0	0	0	0	0	
0	0	0	0	0	0	0	0	0	0	0	0	0	0	0	0	0	0	0	0	500	0	0	0	0	0	0	0	0	0	0	0	0	0	0	0	0	0	0	0	0	0	0	0	0	0	0	0	0	0	0	0	0	0	0	0	0	0	0	0	0	0	0	0	0	0	0	0	0	0	0	0	0	0	0	0	0	0	0	0	0	0	0	0	0	0	0	0	0	0	0	0	0	0	0	0	0	0	0	0	0	0	0	0	0	0	0	500	0	0	0	0	0	500	0	0	0	0	0	0	
0	0	0	0	0	0	0	0	0	500	0	0	0	0	0	0	0	0	0	0	0	0	0	0	0	0	0	0	0	0	0	0	0	0	0	0	0	0	0	0	0	0	0	0	0	0	0	0	0	0	0	0	0	0	0	0	0	0	0	0	0	0	0	0	0	0	0	500	0	0	0	0	0	0	0	0	0	0	0	0	0	0	0	0	0	0	0	0	0	0	0	0	0	0	0	0	0	500	0	0	0	0	0	0	0	0	0	0	0	0	0	0	0	0	0	0	0	0	0	0	
0	0	0	0	500	0	0	0	0	0	0	0	0	0	0	0	0	0	0	500	0	0	0	0	0	0	0	0	0	0	0	0	0	0	0	0	0	0	0	0	0	0	0	0	0	0	0	0	0	0	0	0	0	0	0	0	0	0	0	0	0	0	0	0	0	0	0	0	0	0	0	0	0	0	0	0	0	0	0	0	0	0	0	0	0	0	0	0	0	0	0	0	0	0	0	0	0	0	0	0	0	0	0	0	0	0	0	0	0	0	0	0	0	0	0	0	0	0	500	0	
0	0	0	0	0	0	0	0	0	0	0	0	0	0	0	0	0	0	0	0	0	0	0	0	0	0	0	0	0	0	0	0	0	0	0	0	0	0	0	0	0	0	0	0	0	0	0	0	0	0	0	0	0	0	0	0	0	0	0	0	0	0	0	0	0	0	0	0	0	0	0	500	0	0	0	0	0	0	0	0	0	0	0	0	0	0	0	500	500	0	0	0	0	0	0	0	0	0	0	0	0	0	0	0	0	0	0	0	0	0	0	0	0	0	0	0	0	0	0	0	
0	0	0	0	0	0	0	0	0	0	0	0	0	0	0	0	0	0	0	0	0	0	0	0	500	0	0	0	0	0	0	0	0	0	0	0	0	0	0	0	0	0	0	0	0	0	0	0	0	0	0	0	0	0	0	0	0	0	0	0	0	0	0	0	0	0	0	0	0	0	0	0	0	0	0	0	0	0	0	0	0	0	0	0	0	0	0	0	0	0	0	0	0	500	0	0	0	0	0	0	0	0	0	0	0	0	0	0	0	500	0	0	0	0	0	0	0	0	0	0	
0	0	0	0	0	0	0	0	0	0	0	0	0	0	0	0	0	0	0	0	0	0	0	0	0	0	0	0	0	0	0	0	0	0	0	0	0	0	0	0	0	0	500	0	0	0	0	0	500	0	0	0	0	0	0	0	0	0	0	0	0	0	0	0	0	0	0	0	0	0	0	0	0	0	0	0	0	0	0	0	0	0	0	0	0	0	0	0	0	0	0	0	0	0	0	0	500	0	0	0	0	0	0	0	0	0	0	0	0	0	0	0	0	0	0	0	0	0	0	0	
0	0	0	0	0	0	0	0	0	0	0	0	0	0	0	500	0	0	0	0	0	0	0	500	0	0	0	0	0	0	0	0	0	0	0	0	0	0	0	0	0	0	0	0	0	0	0	0	0	0	0	0	0	0	0	0	0	0	0	0	0	0	0	0	0	0	0	0	0	0	0	0	0	0	0	0	0	0	0	0	0	0	0	0	0	0	0	0	0	0	0	0	0	0	0	0	0	0	0	0	0	0	0	0	0	0	500	0	0	0	0	0	0	0	0	0	0	0	0	0	
0	0	0	0	0	0	0	0	0	0	0	0	0	0	0	0	0	0	0	0	0	0	0	0	0	0	0	0	0	0	0	0	0	0	0	0	0	0	500	0	0	0	0	0	0	500	0	0	0	0	0	0	0	0	0	0	0	0	0	0	0	0	0	0	0	0	0	0	0	0	0	0	0	0	0	0	0	0	0	0	0	0	0	0	0	0	0	0	0	0	0	0	0	0	0	0	0	0	0	0	0	0	0	0	0	0	0	0	500	0	0	0	0	0	0	0	0	0	0	0	
0	0	0	0	0	500	0	0	0	0	0	0	0	0	0	0	0	0	0	0	0	0	0	0	0	0	0	0	0	0	0	0	0	0	0	0	0	0	0	0	0	0	0	0	0	0	0	0	0	0	0	0	0	500	0	0	0	0	0	0	0	0	0	0	0	0	0	0	0	0	0	0	0	500	0	0	0	0	0	0	0	0	0	0	0	0	0	0	0	0	0	0	0	0	0	0	0	0	0	0	0	0	0	0	0	0	0	0	0	0	0	0	0	0	0	0	0	0	0	0	
0	0	0	0	0	0	0	0	0	0	0	0	0	0	500	0	0	0	0	0	0	0	0	0	0	0	0	0	0	0	0	0	0	0	0	0	0	0	0	0	0	0	0	0	0	0	500	0	0	0	0	0	0	0	0	0	0	0	0	0	0	0	0	0	0	0	0	0	0	0	0	0	0	0	0	0	0	0	0	0	0	0	0	0	0	0	0	0	0	0	500	0	0	0	0	0	0	0	0	0	0	0	0	0	0	0	0	0	0	0	0	0	0	0	0	0	0	0	0	0	
0	0	0	0	0	0	0	0	0	0	0	0	0	0	0	0	0	0	0	0	0	0	0	0	0	0	0	0	0	0	0	0	0	0	0	500	0	0	0	0	0	0	0	0	0	0	0	0	0	0	0	0	0	0	0	0	0	0	0	0	0	0	0	0	0	0	0	0	0	0	0	0	0	0	0	0	0	0	0	0	0	0	0	0	0	0	0	0	0	0	0	0	0	0	0	0	0	0	0	0	0	0	0	0	0	0	0	0	0	0	500	0	0	0	500	0	0	0	0	0	
0	0	0	0	0	0	0	0	0	0	0	0	0	0	0	0	0	0	0	0	0	0	0	0	0	0	0	0	0	0	0	0	0	0	0	0	0	0	0	0	0	0	0	0	0	0	0	0	0	0	0	0	0	0	0	0	0	0	0	0	0	0	0	0	0	0	0	0	0	0	0	0	0	0	0	0	0	0	0	0	0	0	0	0	0	0	0	0	0	0	0	0	0	500	0	0	0	0	0	500	0	0	0	0	0	0	0	0	0	500	0	0	0	0	0	0	0	0	0	0	
0	0	0	0	0	0	0	0	0	0	0	0	0	0	0	0	0	0	0	0	0	0	0	0	0	0	0	0	0	0	0	0	0	0	0	0	0	0	0	0	0	0	0	0	0	0	0	0	0	0	0	0	0	0	0	0	0	0	500	500	0	0	0	0	0	0	0	0	0	0	0	0	0	500	0	0	0	0	0	0	0	0	0	0	0	0	0	0	0	0	0	0	0	0	0	0	0	0	0	0	0	0	0	0	0	0	0	0	0	0	0	0	0	0	0	0	0	0	0	0	
0	0	0	0	0	0	0	0	0	0	0	0	0	0	0	0	0	0	0	0	0	0	0	0	0	0	0	0	0	0	0	0	0	0	0	0	0	0	0	0	0	0	0	0	0	0	0	0	0	0	0	0	0	0	0	0	0	0	0	0	0	0	0	0	0	0	0	0	0	0	500	0	0	0	0	0	0	0	0	0	0	0	0	0	0	0	500	0	0	0	0	500	0	0	0	0	0	0	0	0	0	0	0	0	0	0	0	0	0	0	0	0	0	0	0	0	0	0	0	0	
0	0	0	0	0	0	0	0	0	0	0	0	0	0	0	0	0	0	0	0	0	0	0	0	0	0	0	0	0	0	0	0	0	500	0	0	0	0	0	0	0	0	0	0	0	0	0	0	0	0	0	0	0	0	0	0	0	0	0	0	0	0	0	0	0	0	0	0	0	0	0	0	0	0	0	0	0	0	500	0	0	0	0	0	0	0	0	0	0	0	0	0	0	0	0	0	500	0	0	0	0	0	0	0	0	0	0	0	0	0	0	0	0	0	0	0	0	0	0	0	
0	0	0	0	0	0	0	0	0	0	0	0	0	0	500	0	0	0	0	0	0	500	0	0	0	0	0	0	0	0	0	0	0	0	0	0	0	0	0	0	0	0	0	0	0	0	0	0	0	0	0	0	0	0	0	0	0	0	0	0	500	0	0	0	0	0	0	0	0	0	0	0	0	0	0	0	0	0	0	0	0	0	0	0	0	0	0	0	0	0	0	0	0	0	0	0	0	0	0	0	0	0	0	0	0	0	0	0	0	0	0	0	0	0	0	0	0	0	0	0	
0	0	0	0	0	0	0	0	0	0	0	0	0	0	0	0	0	0	0	0	0	0	0	0	0	0	0	0	0	0	0	0	0	0	0	0	0	0	0	0	0	0	0	0	0	0	0	0	0	500	0	0	0	0	0	0	0	0	0	0	0	0	0	0	0	0	0	0	0	0	0	0	0	0	0	0	0	0	0	0	0	0	0	0	0	0	0	0	0	0	0	0	0	0	0	0	0	0	0	0	0	0	0	500	0	0	500	0	0	0	0	0	0	0	0	0	0	0	0	0	
0	0	0	0	0	0	0	0	0	0	0	0	0	0	0	0	0	0	0	0	0	0	0	0	0	0	0	500	0	0	0	0	0	0	0	500	0	0	0	0	0	0	0	0	0	0	0	0	0	0	0	0	0	0	0	0	0	0	0	0	0	0	0	0	0	0	0	0	0	0	0	0	0	0	0	0	0	0	0	0	0	0	0	0	0	0	0	0	0	0	0	0	0	0	0	0	0	0	0	0	0	0	0	0	0	0	0	0	500	0	0	0	0	0	0	0	0	0	0	0	
0	0	0	0	0	0	0	0	0	0	0	0	0	0	0	0	0	0	0	0	0	500	0	0	0	0	0	0	0	0	0	0	0	0	0	0	0	500	0	0	0	0	0	0	0	0	0	0	0	0	0	0	0	0	0	0	0	0	0	0	0	0	0	0	0	0	0	0	0	0	0	0	0	0	0	0	0	0	0	0	0	0	0	0	0	0	0	0	0	0	500	0	0	0	0	0	0	0	0	0	0	0	0	0	0	0	0	0	0	0	0	0	0	0	0	0	0	0	0	0	
0	0	0	0	0	0	0	500	0	0	0	0	0	0	0	0	0	0	0	0	0	0	0	0	0	0	0	0	0	0	0	0	0	0	0	0	0	0	0	0	0	0	0	0	0	0	0	0	0	0	0	0	0	0	0	0	500	0	0	0	0	0	0	0	0	0	0	0	0	0	0	0	0	0	0	0	0	0	0	0	0	0	0	0	0	0	0	0	0	0	0	0	0	0	0	0	0	0	0	0	0	0	0	0	500	0	0	0	0	0	0	0	0	0	0	0	0	0	0	0	
0	0	0	0	0	0	0	0	0	0	0	0	0	0	0	0	0	0	0	0	0	0	0	0	0	0	0	0	0	0	0	0	0	500	0	0	0	0	0	0	0	0	0	0	0	0	0	0	0	0	0	0	0	0	0	0	0	0	0	0	0	0	0	0	0	0	0	0	0	0	0	0	0	0	0	0	0	0	500	0	0	0	0	0	0	0	0	0	0	0	0	0	0	0	0	0	500	0	0	0	0	0	0	0	0	0	0	0	0	0	0	0	0	0	0	0	0	0	0	0	
0	0	0	0	0	0	0	0	0	0	0	0	0	0	0	0	0	0	0	0	0	0	0	0	0	0	0	0	0	0	0	0	0	0	0	0	0	0	0	0	0	0	0	0	500	0	0	0	0	0	0	0	0	0	0	0	0	0	0	0	0	0	0	500	0	0	0	0	0	0	0	0	0	0	0	0	0	0	0	0	0	0	0	0	0	0	0	0	0	0	0	0	0	0	0	0	0	0	0	0	0	0	0	500	0	0	0	0	0	0	0	0	0	0	0	0	0	0	0	0	
0	0	0	0	0	0	0	0	0	0	0	0	0	0	0	0	0	0	0	0	0	0	0	0	0	0	0	0	0	0	0	0	0	0	0	0	0	0	0	0	0	0	0	0	0	0	0	0	0	0	0	0	0	0	0	0	0	0	0	0	0	0	0	0	0	0	0	0	0	0	0	0	0	0	0	0	0	0	0	0	500	0	0	0	0	0	0	0	0	0	0	0	0	0	0	0	0	0	0	0	0	0	0	0	0	0	0	500	0	0	0	0	0	500	0	0	0	0	0	0	
0	0	0	0	0	0	0	0	0	0	0	0	0	0	0	0	0	0	0	0	0	0	0	0	0	0	0	0	0	0	0	0	0	0	0	0	0	0	0	0	0	0	0	0	0	0	0	0	0	0	0	0	0	0	0	0	0	0	0	0	0	0	0	0	0	0	0	0	0	0	0	0	0	0	0	0	500	0	0	0	0	0	0	0	0	500	0	0	0	0	0	0	0	0	0	0	0	0	500	0	0	0	0	0	0	0	0	0	0	0	0	0	0	0	0	0	0	0	0	0	
0	0	0	0	0	0	0	0	500	0	0	500	0	0	0	0	0	500	0	0	0	0	0	0	0	0	0	0	0	0	0	0	0	0	0	0	0	0	0	0	0	0	0	0	0	0	0	0	0	0	0	0	0	0	0	0	0	0	0	0	0	0	0	0	0	0	0	0	0	0	0	0	0	0	0	0	0	0	0	0	0	0	0	0	0	0	0	0	0	0	0	0	0	0	0	0	0	0	0	0	0	0	0	0	0	0	0	0	0	0	0	0	0	0	0	0	0	0	0	0	
0	0	0	0	0	500	0	0	0	0	0	0	0	0	0	0	0	0	0	0	0	0	0	0	0	0	0	0	0	0	0	0	0	0	0	0	500	0	0	0	0	0	0	0	0	0	0	0	0	0	0	0	0	0	0	0	0	0	0	0	0	0	0	0	0	0	0	0	0	0	0	0	0	0	0	0	0	500	0	0	0	0	0	0	0	0	0	0	0	0	0	0	0	0	0	0	0	0	0	0	0	0	0	0	0	0	0	0	0	0	0	0	0	0	0	0	0	0	0	0	
0	0	500	0	0	0	0	0	0	0	0	0	0	500	0	0	0	0	0	0	0	0	0	0	0	0	0	0	0	0	0	0	0	0	0	0	0	0	0	0	0	0	0	0	0	0	0	0	0	0	0	0	0	0	0	0	0	0	0	0	0	0	0	0	0	0	0	0	500	0	0	0	0	0	0	0	0	0	0	0	0	0	0	0	0	0	0	0	0	0	0	0	0	0	0	0	0	0	0	0	0	0	0	0	0	0	0	0	0	0	0	0	0	0	0	0	0	0	0	0	
0	0	0	0	0	0	0	0	0	0	0	0	0	0	0	0	0	0	0	0	0	0	0	0	0	0	0	0	0	0	0	0	0	0	0	0	0	0	0	0	0	0	0	0	0	0	0	0	0	0	0	0	0	0	0	0	0	0	0	0	0	0	0	0	0	0	0	0	0	0	0	0	0	0	0	0	0	0	0	0	0	0	0	0	0	0	0	0	0	0	0	0	0	0	500	0	0	500	0	0	0	500	0	0	0	0	0	0	0	0	0	0	0	0	0	0	0	0	0	0	
0	0	0	0	0	0	0	0	0	0	0	0	0	0	0	0	0	0	0	0	500	0	0	0	0	0	0	0	0	0	0	0	0	0	0	0	0	0	0	0	0	0	0	0	0	0	0	500	0	0	0	0	0	0	0	0	0	0	0	0	0	0	0	0	0	0	0	0	0	0	0	0	0	0	0	0	0	0	0	0	0	0	0	0	0	500	0	0	0	0	0	0	0	0	0	0	0	0	0	0	0	0	0	0	0	0	0	0	0	0	0	0	0	0	0	0	0	0	0	0	
0	0	0	0	0	0	0	0	0	0	0	0	0	0	0	0	0	0	0	0	0	0	0	0	0	0	0	0	0	0	0	0	0	0	0	0	0	0	0	0	0	0	0	0	0	0	0	0	0	0	0	0	0	0	0	0	0	0	0	0	0	0	0	0	0	0	0	0	500	0	0	0	0	0	0	0	0	0	0	500	0	0	0	0	0	0	0	0	0	0	0	0	0	0	0	500	0	0	0	0	0	0	0	0	0	0	0	0	0	0	0	0	0	0	0	0	0	0	0	0	
0	0	0	0	0	0	0	0	0	0	0	0	0	0	0	0	0	0	0	0	0	0	0	0	0	0	0	0	0	0	0	0	0	0	0	0	0	0	0	0	500	0	0	0	0	0	0	0	0	0	0	0	0	0	0	0	0	0	0	500	0	500	0	0	0	0	0	0	0	0	0	0	0	0	0	0	0	0	0	0	0	0	0	0	0	0	0	0	0	0	0	0	0	0	0	0	0	0	0	0	0	0	0	0	0	0	0	0	0	0	0	0	0	0	0	0	0	0	0	0	
0	0	0	0	0	0	0	0	0	0	0	0	0	0	0	0	0	0	0	0	0	0	0	0	0	500	0	0	0	0	0	0	0	0	0	0	0	0	0	0	500	0	0	0	0	0	0	0	0	0	0	0	0	0	0	0	0	0	500	0	0	0	0	0	0	0	0	0	0	0	0	0	0	0	0	0	0	0	0	0	0	0	0	0	0	0	0	0	0	0	0	0	0	0	0	0	0	0	0	0	0	0	0	0	0	0	0	0	0	0	0	0	0	0	0	0	0	0	0	0	
0	0	0	0	0	0	0	0	0	0	0	0	0	0	500	0	0	0	0	0	0	500	0	0	0	0	0	0	0	0	0	0	0	0	0	0	0	0	0	0	0	0	0	500	0	0	0	0	0	0	0	0	0	0	0	0	0	0	0	0	0	0	0	0	0	0	0	0	0	0	0	0	0	0	0	0	0	0	0	0	0	0	0	0	0	0	0	0	0	0	0	0	0	0	0	0	0	0	0	0	0	0	0	0	0	0	0	0	0	0	0	0	0	0	0	0	0	0	0	0	
0	0	0	0	0	0	0	0	0	0	0	0	0	0	0	0	0	0	0	0	0	0	0	0	0	500	0	0	0	0	0	0	0	0	0	0	0	0	0	0	0	0	0	0	0	0	0	0	0	0	0	0	0	0	0	0	0	0	500	0	0	0	0	0	0	0	0	0	0	0	0	0	0	0	0	500	0	0	0	0	0	0	0	0	0	0	0	0	0	0	0	0	0	0	0	0	0	0	0	0	0	0	0	0	0	0	0	0	0	0	0	0	0	0	0	0	0	0	0	0	
0	0	0	0	0	0	0	0	0	0	0	0	0	0	0	0	0	0	0	0	0	0	0	0	0	0	0	0	0	0	0	0	0	0	0	0	0	0	0	0	0	0	0	0	0	0	0	0	0	0	0	0	0	0	0	0	0	0	0	0	0	0	0	0	0	0	0	0	0	0	0	0	0	0	0	0	500	0	0	0	0	0	0	0	0	500	0	0	0	0	0	0	0	0	0	0	0	0	0	0	0	500	0	0	0	0	0	0	0	0	0	0	0	0	0	0	0	0	0	0	
0	0	0	0	0	0	0	0	0	0	0	0	0	0	0	0	0	0	0	0	0	0	0	0	0	0	0	0	0	0	0	0	0	0	0	0	0	0	0	0	0	0	0	0	0	0	0	0	0	500	0	0	0	0	0	0	0	0	0	0	0	0	0	0	0	0	0	0	0	0	0	0	0	0	0	0	0	500	0	0	0	0	0	0	0	0	0	0	0	0	0	0	0	0	0	0	0	0	0	0	0	0	0	500	0	0	0	0	0	0	0	0	0	0	0	0	0	0	0	0	
0	0	0	0	0	0	0	0	0	0	0	0	0	0	0	0	0	0	0	0	0	0	500	0	0	0	0	0	0	0	0	0	0	0	0	0	0	0	0	0	0	0	0	0	0	0	0	0	0	0	0	0	0	0	0	0	0	0	0	0	0	0	0	0	0	0	0	0	0	0	0	0	0	0	500	0	0	0	0	0	0	0	0	0	0	0	0	0	0	0	0	0	0	0	0	0	0	0	0	0	0	0	0	0	0	500	0	0	0	0	0	0	0	0	0	0	0	0	0	0	
0	0	0	0	0	0	0	0	0	0	0	0	0	0	0	0	0	0	0	0	0	0	0	0	0	0	0	0	0	0	0	0	0	0	0	0	0	0	0	0	0	0	0	0	0	0	0	0	0	0	0	0	0	0	0	0	0	0	0	0	0	0	0	0	0	0	0	0	0	0	0	0	0	0	0	0	0	0	0	500	0	0	0	0	0	0	500	0	0	0	0	500	0	0	0	0	0	0	0	0	0	0	0	0	0	0	0	0	0	0	0	0	0	0	0	0	0	0	0	0	
0	0	0	0	0	0	0	0	0	0	0	0	0	0	0	0	0	0	0	0	0	0	0	0	0	0	0	0	0	0	0	0	0	0	0	0	0	0	0	0	0	0	0	0	0	0	0	0	0	0	0	0	0	0	0	0	0	0	0	0	0	0	0	0	0	0	0	0	0	0	500	0	0	0	0	0	0	0	0	0	0	0	500	0	0	0	500	0	0	0	0	0	0	0	0	0	0	0	0	0	0	0	0	0	0	0	0	0	0	0	0	0	0	0	0	0	0	0	0	0	
0	0	500	0	0	0	0	0	0	0	0	0	0	0	0	0	0	0	500	0	0	0	0	0	0	0	0	0	0	500	0	0	0	0	0	0	0	0	0	0	0	0	0	0	0	0	0	0	0	0	0	0	0	0	0	0	0	0	0	0	0	0	0	0	0	0	0	0	0	0	0	0	0	0	0	0	0	0	0	0	0	0	0	0	0	0	0	0	0	0	0	0	0	0	0	0	0	0	0	0	0	0	0	0	0	0	0	0	0	0	0	0	0	0	0	0	0	0	0	0	
0	0	0	0	0	0	0	0	0	0	0	0	0	0	0	0	0	0	0	0	0	0	0	0	0	0	0	0	0	0	0	0	0	0	0	0	0	0	0	0	0	0	0	0	0	0	0	0	0	0	0	0	0	0	500	0	0	500	0	0	0	0	0	0	0	0	0	0	0	0	0	0	0	0	0	0	0	0	0	0	0	0	0	0	0	0	0	0	0	0	0	0	0	0	0	0	0	0	0	0	0	0	500	0	0	0	0	0	0	0	0	0	0	0	0	0	0	0	0	0	
0	0	0	500	0	0	0	0	0	0	0	0	0	0	0	0	500	0	0	0	0	0	0	0	0	0	0	0	0	0	0	0	0	0	0	0	0	0	0	0	0	0	0	0	0	0	0	0	0	0	0	0	0	0	0	0	0	0	0	0	0	0	0	0	0	0	0	0	0	0	0	500	0	0	0	0	0	0	0	0	0	0	0	0	0	0	0	0	0	0	0	0	0	0	0	0	0	0	0	0	0	0	0	0	0	0	0	0	0	0	0	0	0	0	0	0	0	0	0	0	
0	0	0	0	0	0	0	0	0	0	0	0	0	0	0	0	0	0	0	0	0	0	0	0	0	0	0	0	0	0	0	0	0	0	0	0	0	0	0	0	0	500	0	0	0	0	0	0	0	0	0	0	0	0	0	0	0	0	0	0	0	0	0	0	0	0	500	0	0	0	0	0	0	0	0	0	0	0	0	0	0	0	0	0	0	0	0	0	0	0	0	0	0	0	0	500	0	0	0	0	0	0	0	0	0	0	0	0	0	0	0	0	0	0	0	0	0	0	0	0	
0	0	0	0	0	0	0	0	0	0	0	0	0	0	0	0	0	0	0	0	0	0	0	0	0	0	0	0	0	0	0	500	0	0	0	0	0	0	0	0	0	0	0	0	0	0	0	0	0	0	0	0	0	0	0	0	0	0	0	0	0	0	0	0	0	0	0	0	0	500	0	0	0	0	0	0	0	0	0	0	0	0	0	0	0	0	0	0	0	0	0	0	0	0	0	0	0	0	0	0	0	0	0	0	0	0	0	0	0	0	0	0	0	0	0	0	500	0	0	0	
0	0	0	0	0	0	0	0	0	0	0	500	0	0	0	0	0	0	0	0	0	0	0	0	0	0	0	0	0	0	0	0	0	0	0	0	0	0	0	0	0	0	0	0	0	0	0	0	0	0	0	0	0	0	0	0	0	0	0	0	0	0	0	0	0	0	0	0	0	0	0	0	0	0	0	0	0	0	0	0	0	0	0	0	500	0	0	0	0	500	0	0	0	0	0	0	0	0	0	0	0	0	0	0	0	0	0	0	0	0	0	0	0	0	0	0	0	0	0	0	
0	0	0	0	0	500	0	0	0	0	0	0	0	0	0	0	0	0	0	0	0	0	0	0	0	0	0	0	0	0	0	0	0	0	0	0	500	0	0	0	500	0	0	0	0	0	0	0	0	0	0	0	0	0	0	0	0	0	0	0	0	0	0	0	0	0	0	0	0	0	0	0	0	0	0	0	0	0	0	0	0	0	0	0	0	0	0	0	0	0	0	0	0	0	0	0	0	0	0	0	0	0	0	0	0	0	0	0	0	0	0	0	0	0	0	0	0	0	0	0	
0	0	0	0	0	0	0	0	0	0	0	0	0	0	0	0	0	0	0	0	0	0	500	0	0	0	0	0	0	0	0	0	0	0	0	0	0	0	0	0	0	0	0	0	0	0	0	0	0	0	0	0	0	0	0	0	0	0	0	0	0	0	0	0	500	0	0	0	0	0	0	0	0	0	0	0	0	0	0	0	0	0	0	0	0	0	0	0	0	0	0	0	0	0	0	0	0	0	0	0	0	0	0	0	0	0	0	0	0	0	0	0	0	0	0	0	500	0	0	0	
0	0	0	0	0	0	0	0	0	0	0	0	0	0	0	0	0	0	0	0	0	0	0	0	0	0	0	0	0	0	0	0	0	0	0	0	0	0	0	0	0	0	0	0	0	0	0	0	0	0	0	0	0	0	0	0	0	0	0	0	0	500	0	0	0	0	0	0	0	0	0	0	0	0	0	0	0	0	0	0	0	0	0	500	0	0	0	0	0	0	0	0	0	0	0	0	0	0	0	0	0	0	0	0	0	500	0	0	0	0	0	0	0	0	0	0	0	0	0	0	
0	0	0	0	0	0	0	0	0	0	0	0	500	0	0	0	0	0	0	0	0	0	0	0	0	0	0	0	0	0	0	0	0	0	0	0	0	0	0	0	0	0	0	0	0	0	0	0	0	0	0	500	0	0	0	0	0	0	0	0	0	0	500	0	0	0	0	0	0	0	0	0	0	0	0	0	0	0	0	0	0	0	0	0	0	0	0	0	0	0	0	0	0	0	0	0	0	0	0	0	0	0	0	0	0	0	0	0	0	0	0	0	0	0	0	0	0	0	0	0	
0	0	0	0	0	0	0	0	0	0	0	0	0	0	0	0	0	0	0	0	0	0	0	0	0	0	0	0	0	0	0	0	0	0	0	0	0	0	0	0	0	0	0	0	0	0	0	0	0	0	0	0	0	500	0	0	0	0	0	0	0	0	0	500	0	0	0	0	0	0	0	0	0	0	0	0	0	0	0	0	0	0	0	0	0	0	0	0	0	0	0	0	0	0	0	0	0	0	0	0	0	0	0	0	0	0	0	0	0	0	0	0	0	0	0	0	0	500	0	0	
0	0	0	0	0	0	0	0	0	0	0	0	0	0	0	0	0	0	0	0	0	0	0	0	0	0	0	0	0	0	0	0	0	0	0	0	0	0	0	0	0	0	500	0	0	0	0	0	500	0	0	0	0	0	0	0	0	0	0	0	0	0	0	0	0	0	0	0	0	0	0	0	0	0	0	0	0	0	0	0	0	0	0	0	0	0	0	0	0	0	0	0	0	0	0	0	0	0	0	0	0	0	0	0	0	0	0	0	0	0	0	0	0	0	0	500	0	0	0	0	
0	0	0	0	0	0	500	0	0	0	0	0	0	0	0	0	0	0	0	0	0	0	0	0	0	0	0	0	0	0	0	0	0	0	0	0	0	0	0	0	0	0	0	0	0	0	0	0	0	0	0	0	0	0	0	0	0	500	0	0	0	0	0	0	0	500	0	0	0	0	0	0	0	0	0	0	0	0	0	0	0	0	0	0	0	0	0	0	0	0	0	0	0	0	0	0	0	0	0	0	0	0	0	0	0	0	0	0	0	0	0	0	0	0	0	0	0	0	0	0	
0	0	0	0	0	0	0	0	0	0	0	0	0	0	0	0	0	0	0	0	0	0	0	0	0	0	0	0	0	0	0	0	0	0	0	0	0	0	0	0	0	0	0	0	0	0	0	0	0	0	500	0	0	0	0	0	0	0	0	0	0	0	0	0	0	0	0	0	0	0	0	0	0	0	0	0	0	0	0	0	0	0	0	0	0	0	0	0	0	0	0	0	0	0	0	0	0	0	0	0	0	0	0	0	0	0	0	500	0	0	0	500	0	0	0	0	0	0	0	0	
0	0	0	0	0	0	0	0	0	0	0	0	0	0	0	0	0	0	0	0	0	0	0	0	0	0	0	0	0	0	0	0	0	0	0	0	0	0	0	0	0	0	0	0	0	0	0	0	0	0	0	0	0	0	0	0	0	0	0	0	0	0	0	0	0	0	0	0	0	0	0	0	0	0	0	0	0	0	0	0	0	0	0	500	0	0	0	0	0	0	500	0	0	0	0	0	0	0	0	0	0	0	0	0	0	0	0	0	0	0	0	0	0	0	0	0	500	0	0	0	
0	0	0	0	0	0	0	0	0	0	0	0	0	0	0	0	0	0	0	0	0	0	0	0	0	0	0	0	0	0	0	0	0	0	0	0	0	0	0	0	0	0	0	0	0	0	0	0	0	0	0	0	0	0	0	0	0	0	0	0	0	0	0	0	0	0	500	0	0	0	0	0	0	0	0	0	0	0	0	0	0	0	0	0	0	0	0	0	0	0	0	0	0	0	0	0	0	0	0	0	0	0	0	0	0	0	0	0	0	0	0	0	0	0	500	0	0	0	0	500	
0	0	0	0	0	0	0	0	0	0	0	0	0	0	0	0	0	0	0	0	0	0	0	0	0	0	0	0	0	0	0	0	0	0	0	0	0	0	0	0	0	0	0	0	0	0	0	0	0	0	0	0	0	0	0	0	0	0	0	0	0	0	0	0	0	0	0	0	0	0	0	0	0	0	0	500	0	0	0	0	0	500	0	0	0	0	0	0	0	0	0	0	0	0	0	0	0	0	0	0	0	0	0	0	0	0	0	0	0	0	0	500	0	0	0	0	0	0	0	0	
0	0	0	0	0	0	0	0	0	0	0	500	0	0	0	0	0	0	0	0	0	0	0	0	0	0	0	0	0	0	0	0	0	0	0	0	0	0	0	0	0	0	0	0	0	0	0	0	0	0	0	0	0	0	0	0	0	0	0	0	0	0	0	0	0	0	0	0	0	0	0	0	500	0	0	0	0	0	0	0	0	0	0	0	0	0	0	0	0	0	0	0	0	0	0	0	0	0	0	0	0	0	0	0	0	0	0	0	0	0	0	0	0	0	0	0	0	500	0	0	
0	0	0	0	0	0	0	0	0	0	0	0	0	0	0	0	0	0	0	0	0	0	0	0	0	0	0	0	0	0	0	0	0	0	0	0	0	0	0	0	0	0	0	0	0	0	0	0	0	0	0	500	0	0	0	0	500	0	0	0	0	0	500	0	0	0	0	0	0	0	0	0	0	0	0	0	0	0	0	0	0	0	0	0	0	0	0	0	0	0	0	0	0	0	0	0	0	0	0	0	0	0	0	0	0	0	0	0	0	0	0	0	0	0	0	0	0	0	0	0	
0	0	0	0	0	0	0	0	0	0	0	0	0	0	0	0	0	0	0	0	0	0	0	0	0	0	0	0	0	0	0	0	0	0	0	0	0	0	0	0	0	500	0	0	0	0	0	0	0	0	0	0	0	0	0	0	0	0	0	0	0	0	0	0	0	500	500	0	0	0	0	0	0	0	0	0	0	0	0	0	0	0	0	0	0	0	0	0	0	0	0	0	0	0	0	0	0	0	0	0	0	0	0	0	0	0	0	0	0	0	0	0	0	0	0	0	0	0	0	0	
0	0	0	500	0	0	0	0	0	0	0	0	0	0	0	0	500	0	0	0	0	0	0	0	0	0	0	0	0	0	0	500	0	0	0	0	0	0	0	0	0	0	0	0	0	0	0	0	0	0	0	0	0	0	0	0	0	0	0	0	0	0	0	0	0	0	0	0	0	0	0	0	0	0	0	0	0	0	0	0	0	0	0	0	0	0	0	0	0	0	0	0	0	0	0	0	0	0	0	0	0	0	0	0	0	0	0	0	0	0	0	0	0	0	0	0	0	0	0	0	
0	0	0	0	0	0	0	500	0	0	0	0	0	0	0	0	0	0	0	0	0	0	0	0	0	500	0	0	0	0	0	500	0	0	0	0	0	0	0	0	0	0	0	0	0	0	0	0	0	0	0	0	0	0	0	0	0	0	0	0	0	0	0	0	0	0	0	0	0	0	0	0	0	0	0	0	0	0	0	0	0	0	0	0	0	0	0	0	0	0	0	0	0	0	0	0	0	0	0	0	0	0	0	0	0	0	0	0	0	0	0	0	0	0	0	0	0	0	0	0	
0	0	0	0	0	0	0	0	0	0	500	0	0	0	0	0	0	0	0	0	0	0	0	0	0	0	0	0	0	0	0	0	0	0	0	0	0	0	0	0	0	0	0	0	0	0	0	0	0	0	0	0	0	0	0	0	0	0	0	0	0	0	0	0	0	0	0	0	0	0	0	0	500	0	0	0	0	0	0	0	0	0	0	0	0	0	0	0	0	0	0	0	0	0	0	0	0	0	0	500	0	0	0	0	0	0	0	0	0	0	0	0	0	0	0	0	0	0	0	0	
0	0	0	0	0	0	0	0	0	0	0	0	0	0	0	0	0	0	0	0	0	0	0	0	0	0	0	0	0	0	0	0	0	0	0	0	0	500	0	0	0	0	0	0	0	0	500	0	0	0	0	0	0	0	0	0	0	0	0	0	0	0	0	0	0	0	0	0	0	0	0	0	0	0	0	0	0	0	0	0	0	500	0	0	0	0	0	0	0	0	0	0	0	0	0	0	0	0	0	0	0	0	0	0	0	0	0	0	0	0	0	0	0	0	0	0	0	0	0	0	
0	0	0	0	0	0	500	0	0	0	0	0	0	0	0	0	0	0	0	0	0	0	0	0	0	0	0	0	0	0	0	0	0	0	0	0	0	0	0	0	0	500	0	0	0	0	0	0	0	0	0	0	0	0	0	0	0	0	0	0	0	0	0	0	0	500	0	0	0	0	0	0	0	0	0	0	0	0	0	0	0	0	0	0	0	0	0	0	0	0	0	0	0	0	0	0	0	0	0	0	0	0	0	0	0	0	0	0	0	0	0	0	0	0	0	0	0	0	0	0	
0	0	0	0	0	0	0	0	0	0	0	0	0	0	0	0	0	0	500	500	0	0	0	0	0	0	0	500	0	0	0	0	0	0	0	0	0	0	0	0	0	0	0	0	0	0	0	0	0	0	0	0	0	0	0	0	0	0	0	0	0	0	0	0	0	0	0	0	0	0	0	0	0	0	0	0	0	0	0	0	0	0	0	0	0	0	0	0	0	0	0	0	0	0	0	0	0	0	0	0	0	0	0	0	0	0	0	0	0	0	0	0	0	0	0	0	0	0	0	0	
0	0	0	0	0	0	0	0	0	0	0	0	0	0	0	0	0	0	0	0	0	0	0	0	500	0	0	0	0	0	0	0	500	0	0	0	0	0	0	500	0	0	0	0	0	0	0	0	0	0	0	0	0	0	0	0	0	0	0	0	0	0	0	0	0	0	0	0	0	0	0	0	0	0	0	0	0	0	0	0	0	0	0	0	0	0	0	0	0	0	0	0	0	0	0	0	0	0	0	0	0	0	0	0	0	0	0	0	0	0	0	0	0	0	0	0	0	0	0	0	
0	0	0	0	0	0	0	0	0	0	0	0	0	0	0	0	0	0	0	0	0	0	0	0	0	0	0	0	0	0	0	0	0	0	0	0	0	0	0	0	0	0	0	0	0	0	0	0	0	0	0	0	0	0	0	500	0	0	0	0	0	0	0	0	0	0	0	0	0	0	0	0	0	0	0	0	0	0	0	0	0	0	0	0	0	0	0	0	0	0	0	0	0	0	0	0	0	0	0	0	0	500	0	0	0	0	0	0	0	0	0	0	500	0	0	0	0	0	0	0	
500	0	0	0	0	0	0	0	0	0	0	0	0	0	0	0	0	0	0	0	0	0	0	0	0	0	0	0	0	0	0	0	0	0	0	0	0	0	0	0	0	0	0	0	0	0	0	0	0	0	0	0	0	0	0	0	0	500	0	0	0	0	0	0	0	0	0	0	0	0	500	0	0	0	0	0	0	0	0	0	0	0	0	0	0	0	0	0	0	0	0	0	0	0	0	0	0	0	0	0	0	0	0	0	0	0	0	0	0	0	0	0	0	0	0	0	0	0	0	0	
0	0	0	0	0	0	0	0	0	0	0	0	0	0	0	0	0	0	0	0	0	0	0	0	0	0	0	0	0	0	0	0	0	500	0	0	0	0	0	0	0	0	500	0	0	0	0	0	500	0	0	0	0	0	0	0	0	0	0	0	0	0	0	0	0	0	0	0	0	0	0	0	0	0	0	0	0	0	0	0	0	0	0	0	0	0	0	0	0	0	0	0	0	0	0	0	0	0	0	0	0	0	0	0	0	0	0	0	0	0	0	0	0	0	0	0	0	0	0	0	
0	0	0	0	0	0	0	0	0	0	0	0	0	0	0	0	0	0	0	0	0	0	0	0	0	0	500	0	0	500	0	0	0	0	0	0	0	0	0	0	0	0	0	0	0	0	0	0	0	0	0	0	0	0	0	500	0	0	0	0	0	0	0	0	0	0	0	0	0	0	0	0	0	0	0	0	0	0	0	0	0	0	0	0	0	0	0	0	0	0	0	0	0	0	0	0	0	0	0	0	0	0	0	0	0	0	0	0	0	0	0	0	0	0	0	0	0	0	0	0	
0	500	0	0	0	0	0	0	0	0	0	0	500	0	0	0	0	0	0	0	0	0	0	0	0	0	0	0	0	0	0	0	0	0	0	0	0	0	0	0	0	0	0	0	0	0	0	0	0	0	0	500	0	0	0	0	0	0	0	0	0	0	0	0	0	0	0	0	0	0	0	0	0	0	0	0	0	0	0	0	0	0	0	0	0	0	0	0	0	0	0	0	0	0	0	0	0	0	0	0	0	0	0	0	0	0	0	0	0	0	0	0	0	0	0	0	0	0	0	0	
0	0	0	0	0	0	0	0	0	0	0	0	0	0	0	500	0	0	0	0	0	0	0	0	0	0	0	0	0	0	0	0	0	0	0	0	0	0	0	500	0	0	0	0	0	0	0	0	0	0	0	0	0	0	0	0	0	0	0	0	0	0	0	0	0	0	0	0	0	0	0	0	0	0	0	0	0	0	0	0	0	0	0	0	0	0	0	0	0	500	0	0	0	0	0	0	0	0	0	0	0	0	0	0	0	0	0	0	0	0	0	0	0	0	0	0	0	0	0	0	
0	0	0	0	0	0	0	0	0	0	0	0	0	0	0	0	0	0	0	0	0	0	0	0	0	0	0	0	0	0	0	0	0	0	0	0	0	0	0	0	0	0	0	0	0	0	0	0	0	0	0	0	0	0	0	0	0	0	0	0	0	0	0	0	0	0	0	0	0	0	0	0	0	0	0	0	0	0	0	0	0	0	0	0	0	0	0	0	0	0	0	0	0	0	0	0	0	0	0	0	0	0	0	0	0	0	0	0	0	0	500	0	0	0	0	500	0	0	0	500	
0	0	0	0	0	0	0	0	0	0	0	0	0	0	0	0	0	0	0	0	0	0	0	0	0	0	0	0	0	0	0	0	0	0	0	0	0	0	0	0	0	0	0	0	0	0	0	0	0	0	0	0	0	0	0	500	0	0	0	0	0	0	500	0	0	0	0	0	0	0	0	0	0	0	0	0	0	0	0	0	0	0	0	0	0	0	0	0	0	0	0	0	0	0	500	0	0	0	0	0	0	0	0	0	0	0	0	0	0	0	0	0	0	0	0	0	0	0	0	0	
0	0	0	0	0	0	0	0	0	0	0	0	0	0	0	0	0	0	0	0	0	0	0	0	0	0	0	0	0	0	0	0	0	0	0	0	0	0	0	0	0	0	0	0	0	0	0	0	0	0	0	0	0	0	0	0	0	0	0	0	0	0	0	0	0	0	0	0	500	0	0	0	0	0	0	0	0	0	0	0	0	0	0	0	0	0	0	0	0	0	0	0	0	0	0	0	0	0	0	0	0	0	0	0	500	0	0	0	0	0	0	0	500	0	0	0	0	0	0	0	
0	0	0	0	0	0	0	0	0	0	0	0	0	0	0	0	0	0	0	0	0	0	0	0	0	0	0	0	0	0	0	0	0	0	0	0	0	0	0	0	0	0	0	0	500	0	0	0	0	500	0	0	0	0	0	0	0	0	0	0	0	0	0	500	0	0	0	0	0	0	0	0	0	0	0	0	0	0	0	0	0	0	0	0	0	0	0	0	0	0	0	0	0	0	0	0	0	0	0	0	0	0	0	0	0	0	0	0	0	0	0	0	0	0	0	0	0	0	0	0	
0	0	0	0	0	0	0	500	0	0	0	0	0	0	0	0	0	0	0	0	0	0	0	0	0	0	0	0	0	0	0	0	0	0	0	0	0	0	0	0	0	0	0	0	0	0	0	500	0	0	0	0	0	0	0	0	0	0	0	0	0	0	0	0	0	0	0	0	0	0	0	0	0	0	0	0	0	0	0	0	0	0	0	0	0	0	0	0	0	0	0	0	0	0	0	0	0	0	0	0	0	0	500	0	0	0	0	0	0	0	0	0	0	0	0	0	0	0	0	0	
0	0	0	0	0	0	0	0	0	0	0	0	0	0	0	0	0	0	0	0	0	0	500	0	0	0	0	0	0	0	0	0	0	0	0	0	0	0	0	0	0	0	0	0	0	0	0	0	0	0	0	0	0	0	0	0	0	0	0	0	0	0	0	0	500	0	0	0	0	0	0	0	0	0	0	500	0	0	0	0	0	0	0	0	0	0	0	0	0	0	0	0	0	0	0	0	0	0	0	0	0	0	0	0	0	0	0	0	0	0	0	0	0	0	0	0	0	0	0	0	
0	0	0	0	0	0	0	0	0	0	0	0	0	0	0	0	0	0	0	0	0	0	0	500	0	0	0	0	0	0	0	0	0	0	500	0	0	0	0	0	0	0	0	0	500	0	0	0	0	0	0	0	0	0	0	0	0	0	0	0	0	0	0	0	0	0	0	0	0	0	0	0	0	0	0	0	0	0	0	0	0	0	0	0	0	0	0	0	0	0	0	0	0	0	0	0	0	0	0	0	0	0	0	0	0	0	0	0	0	0	0	0	0	0	0	0	0	0	0	0	
0	0	0	0	0	0	0	0	0	0	0	0	0	0	0	0	0	0	0	0	0	0	0	0	0	0	0	0	500	0	0	0	0	0	0	0	0	0	0	0	0	0	0	0	0	0	0	0	0	0	500	0	0	0	0	0	0	0	0	0	0	0	0	0	0	0	0	0	0	0	0	0	0	0	0	0	0	0	0	0	500	0	0	0	0	0	0	0	0	0	0	0	0	0	0	0	0	0	0	0	0	0	0	0	0	0	0	0	0	0	0	0	0	0	0	0	0	0	0	0	
0	0	0	0	0	0	0	0	0	0	0	0	0	0	0	0	0	0	0	0	0	0	0	0	0	0	0	0	0	0	0	0	0	0	0	500	0	0	0	0	0	0	0	0	0	500	0	0	0	0	0	0	0	0	0	0	0	0	0	0	0	0	0	0	0	0	0	0	0	0	0	0	0	0	0	0	0	0	0	0	0	0	0	0	0	0	0	0	0	0	0	0	0	0	0	0	0	0	0	0	0	0	0	0	0	0	0	0	0	0	0	0	0	0	500	0	0	0	0	0	
0	0	0	0	0	0	0	0	0	0	0	0	0	0	0	0	0	0	0	0	0	0	0	0	500	0	0	0	0	0	0	0	500	0	0	0	0	0	0	500	0	0	0	0	0	0	0	0	0	0	0	0	0	0	0	0	0	0	0	0	0	0	0	0	0	0	0	0	0	0	0	0	0	0	0	0	0	0	0	0	0	0	0	0	0	0	0	0	0	0	0	0	0	0	0	0	0	0	0	0	0	0	0	0	0	0	0	0	0	0	0	0	0	0	0	0	0	0	0	0	
0	0	0	0	0	0	0	0	0	0	0	0	0	0	0	0	0	0	0	0	0	0	0	0	0	0	0	0	0	0	0	0	0	0	0	0	0	0	500	0	0	0	0	0	0	0	0	0	0	0	0	0	0	0	0	0	0	0	0	0	0	0	0	0	0	0	0	0	0	0	0	0	0	0	0	0	0	0	0	0	0	0	0	0	0	0	0	0	0	0	0	0	0	0	0	0	0	0	0	0	500	0	0	0	0	0	0	0	0	0	0	0	0	0	0	0	0	0	0	500	
500	0	0	0	0	0	0	0	0	0	0	0	0	0	0	0	0	0	0	0	0	0	0	0	0	0	0	0	0	0	0	0	0	0	0	0	0	0	0	0	0	0	0	0	0	0	0	0	0	0	0	0	0	0	0	0	0	0	0	0	0	0	0	0	0	0	0	0	0	0	0	0	0	0	0	0	0	0	0	0	500	0	0	500	0	0	0	0	0	0	0	0	0	0	0	0	0	0	0	0	0	0	0	0	0	0	0	0	0	0	0	0	0	0	0	0	0	0	0	0	
0	0	0	0	0	0	0	0	0	0	0	0	0	0	0	0	0	0	0	0	0	0	0	0	0	0	0	0	0	0	0	0	0	0	0	0	0	0	0	0	0	0	0	0	0	0	0	0	0	0	0	0	0	0	0	0	0	0	0	0	0	0	0	0	0	0	0	0	0	0	0	0	0	0	0	0	0	0	0	0	0	0	0	0	0	0	0	0	0	0	0	0	0	0	500	0	0	0	0	0	0	0	500	0	0	0	0	0	0	0	0	0	0	0	0	0	0	500	0	0	
0	0	0	0	0	0	0	0	0	0	0	0	0	0	0	0	0	0	0	0	500	0	0	0	0	0	0	0	500	0	0	0	0	0	0	0	0	0	0	0	0	0	0	0	0	0	0	0	0	0	500	0	0	0	0	0	0	0	0	0	0	0	0	0	0	0	0	0	0	0	0	0	0	0	0	0	0	0	0	0	0	0	0	0	0	0	0	0	0	0	0	0	0	0	0	0	0	0	0	0	0	0	0	0	0	0	0	0	0	0	0	0	0	0	0	0	0	0	0	0	
0	0	0	0	0	0	0	0	0	0	0	0	0	0	0	0	0	0	0	0	0	0	0	0	0	0	0	0	0	0	0	0	0	0	0	0	0	0	500	0	0	0	0	0	0	0	0	0	0	0	0	0	0	0	0	0	0	0	0	0	0	0	0	0	0	0	0	0	0	0	0	0	0	0	0	0	0	0	0	0	0	0	500	0	0	0	0	0	0	0	0	0	0	0	0	0	0	0	0	0	0	0	0	0	0	0	0	0	500	0	0	0	0	0	0	0	0	0	0	0	
0	0	0	0	0	0	0	0	0	0	0	0	0	0	0	0	0	0	0	0	0	0	0	0	0	0	0	0	0	0	0	0	0	0	0	0	0	0	0	0	0	0	0	0	0	0	0	0	0	0	0	0	0	0	0	0	0	0	0	0	0	0	0	0	0	0	0	0	0	0	0	0	0	0	0	0	0	0	500	0	0	0	0	0	0	0	0	0	0	0	0	0	0	0	0	0	0	0	0	0	500	0	0	0	0	0	0	0	0	0	0	0	0	0	0	0	0	0	500	0	
0	0	0	0	0	0	0	0	0	0	0	0	0	0	0	0	0	0	0	0	0	0	0	0	0	0	0	0	0	0	0	0	0	0	0	0	0	0	0	0	0	0	0	0	0	0	0	0	0	0	0	0	0	0	0	0	0	0	0	0	0	0	0	0	0	0	0	0	0	0	0	500	0	0	500	0	0	0	0	0	0	500	0	0	0	0	0	0	0	0	0	0	0	0	0	0	0	0	0	0	0	0	0	0	0	0	0	0	0	0	0	0	0	0	0	0	0	0	0	0	
0	0	0	0	0	0	0	0	0	0	0	0	0	0	0	0	0	0	0	0	0	0	0	0	0	0	0	0	0	0	0	0	0	0	0	0	0	0	0	0	0	0	0	0	0	0	0	0	0	0	0	0	0	0	0	0	0	0	0	0	0	0	0	0	0	0	0	0	0	0	0	0	0	0	0	0	0	500	0	0	0	0	0	0	500	0	0	0	0	0	0	0	0	0	0	0	0	0	0	0	0	0	0	0	0	0	0	0	0	0	0	0	500	0	0	0	0	0	0	0	
0	0	0	0	500	0	0	0	0	0	0	0	0	0	0	0	0	0	0	0	0	0	0	0	0	0	0	0	0	0	500	0	0	0	0	0	0	0	0	0	0	0	0	0	0	0	0	0	0	0	0	0	0	0	0	0	0	0	0	0	0	0	0	0	0	0	0	0	0	0	0	0	0	0	0	0	0	0	0	0	0	0	0	0	0	0	0	0	0	0	0	0	0	0	0	0	0	0	0	0	0	0	0	0	0	0	0	0	0	0	0	0	0	0	0	500	0	0	0	0	
0	0	0	0	0	0	0	0	0	0	0	0	0	0	0	0	0	0	0	0	0	0	0	0	0	0	0	0	0	0	0	0	0	0	0	0	0	0	0	0	0	0	0	0	0	0	0	0	0	0	0	0	0	0	0	0	0	0	0	0	0	0	0	0	0	0	0	0	0	0	0	0	0	0	0	0	0	0	0	0	0	0	500	0	0	0	0	0	0	0	0	0	0	0	0	0	0	0	0	0	500	0	0	0	0	0	0	0	0	0	500	0	0	0	0	0	0	0	0	0	
52	86	11	112	28	9	37	65	82	6	105	41	79	79	97	81	52	63	51	70	7	2	19	24	108	66	7	27	33	44	76	58	97	29	41	11	114	11	80	11	98	67	41	15	93	73	7	108	95	18	16	111	55	75	32	12	42	106	118	50	99	60	12	68	48	69	114	41	87	18	27	84	100	16	36	99	3	101	52	43	43	45	46	57	65	70	39	114	8	60	45	66	30	101	109	64	89	13	76	79	13	73	110	62	54	54	65	24	11	34	25	115	16	58	44	108	19	2	79	56	95	39	78	12	51	47	39	4	46	42	109	100	87	103	86	87	46	16	110	86	59	70	108	34	103	73	3	85	92	4	3	111	67	94	117	90	36	41	34	22	25	102	27	20	82	6	81	5	49	73	37	75	63	18	0	6	76	32	67	40	26	109	16	1	41	34	30	90	19	15	96	12	96	87	61	105	83	9	72	1	42	111	49	6	104	18	17	96	118	83	1	0	108	59	90	111	92	10	21	103	87	51	51	26	54	71	3	10	12	2	83	0	58	74	113	89	108	59	42	26	31	43	2	72	24	39	48	88	13	67	103	79	49	92	21	50	60	104	46	62	24	91	41	89	44	83	9	78	67	13	92	19	85	21	30	37	84	49	78	89	111	37	103	52	18	110	55	44	90	82	3	116	84	94	111	98	6	118	1	43	60	112	14	53	12	40	83	3	105	11	45	75	42	0	96	18	51	73	34	70	90	5	86	74	13	59	7	36	43	60	63	61	27	40	7	119	64	16	112	25	42	110	34	85	91	91	103	19	50	94	87	46	50	67	69	62	67	0	88	36	38	73	49	1	5	52	75	78	23	52	85	11	31	58	8	11	5	46	39	85	83	33	81	12	112	45	104	87	15	66	45	81	31	114	48	57	51	85	27	58	60	53	119	115	65	106	44	118	13	90	45	119	29	14	97	109	60	103	80	28	111	69	38	25	36	19	47	49	103	62	106	9	78	29	58	111	45	19	37	87	2	101	64	117	41	65	0	48	71	76	82	108	9	3	82	71	109	34	63	4	56	95	109	65	14	78	32	100	116	13	62	89	7	49	68	85	53	30	119	69	91	50	84	6	69	66	48	61	16	74	40	48	17	56	17	10	38	89	103	34	108	33	32	92	30	94	10	21	91	60	64	18	24	81	32	81	57	58	103	101	11	44	42	45	12	99	5	60	40	108	95	113	36	118	20	80	60	114	92	65	111	110	103	101	19	103	29	38	58	20	78	21	5	8	27	114	93	82	86	86	99	53	55	36	71	89	55	42	76	87	96	44	25	80	66	105	112	77	102	98	34	56	22	9	63	88	42	39	106	23	99	68	90	63	74	66	65	95	57	106	24	42	25	116	8	15	65	49	10	65	44	115	102	112	90	75	103	37	45	97	60	105	37	79	47	93	27	94	25	58	89	94	2	105	23	1	45	36	14	119	49	74	119	50	0	69	92	26	91	95	78	113	43	88	60	63	64	16	81	62	29	114	61	63	89	38	10	98	94	21	55	1	77	104	8	69	54	64	43	62	4	30	43	60	69	55	39	85	102	61	16	14	12	51	36	60	64	17	4	99	78	9	39	94	22	16	52	112	28	74	38	98	84	47	93	57	38	95	105	118	59	75	55	50	91	67	28	1	90	47	77	116	114	55	26	51	28	64	89	107	83	80	80	4	118	30	41	100	102	95	96	56	25	59	24	110	48	62	18	31	100	78	43	44	72	97	87	57	18	44	0	80	4	70	84	117	44	118	31	44	113	70	93	82	24	52	117	60	56	53	6	113	91	11	19	113	57	113	22	118	76	57	1	69	89	47	61	54	119	98	7	55	84	75	56	11	107	105	41	56	111	107	90	33	24	49	117	43	67	36	50	94	23	78	55	63	50	99	64	49	100	26	114	91	89	55	57	97	9	1	41	99	106	31	106	94	101	15	80	23	26	67	6	12	5	111	53	57	33	6	82	3	100	92	98	71	76	57	70	57	114	95	44	24	68	37	8	13	26	6	42	14	61	38	1	62	73	17	111	34	85	68	106	96	25	40	18	80	107	0	112	103	100	26	15	95	78	5	33	17	79	94	19	41	104	62	88	58	70	64	78	28	75	17	63	5	19	26	50	55	50	74	15	28	26	116	73	70	80	70	74	2	20	54	33	15	33	34	66	50	9	15	48	99	99	69	83	57	79	78	30	86	31	51	102	41	9	102	39	54	47	103	42	37	54	65	52	109	33	39	66	90	12	97	0	12	26	108	57	87	48	119	101	71	39	63	108	34	1	61	43	48	40	3	93	3	25	76	92	10	46	110	50	90	76	67	59	56	2	96	57	14	41	3	102	42	70	51	73	91	71	29	119	30	24	118	112	103	8	21	102	106	2	23	53	69	26	4	1	42	29	81	94	1	113	117	92	119	25	112	0	29	95	51	64	62	94	102	4	101	86	3	70	62	71	26	27	119	23	15	90	96	19	86	79	7	7	13	7	95	37	67	14	95	17	111	0	55	64	55	51	52	81	21	58	6	54	104	40	87	35	84	89	115	98	84	26	15	1	50	19	69	69	54	24	73	101	72	77	27	75	20	5	105	95	98	95	44	78	29	95	45	106	25	101	25	3	111	26	32	112	9	10	36	95	112	115	40	88	44	63	61	95	115	117	31	71	23	93	51	29	77	67	8	90	119	69	48	15	14	35	94	39	80	44	38	96	56	17	81	21	104	33	113	98	46	15	102	56	46	45	46	51	95	45	2	30	105	67	80	105	66	51	52	71	38	16	56	35	116	115	46	31	66	85	97	25	73	88	111	119	38	118	4	34	38	37	92	111	30	44	9	99	57	0	106	27	117	87	105	115	18	25	102	18	91	13	100	39	9	57	20	7	45	28	20	64	95	8	28	29	109	71	59	32	101	88	102	94	110	70	40	96	86	65	100	97	60	5	18	83	66	99	106	35	49	75	28	11	67	83	72	65	27	22	24	53	84	74	73	92	69	37	67	5	55	91	28	56	69	30	27	11	0	38	100	109	10	50	66	107	62	4	44	29	31	71	11	0	64	56	110	99	26	13	43	116	118	36	111	74	13	5	54	4	96	52	41	7	48	84	94	56	98	8	114	29	28	108	20	19	35	14	96	119	40	1	66	28	64	78	78	53	5	28	85	15	15	112	8	46	21	40	22	81	33	93	118	51	5	1	117	3	41	47	88	99	32	1	83	45	81	112	24	114	55	43	87	108	78	110	66	65	63	52	109	117	117	15	1	52	86	37	5	52	11	87	10	92	53	8	32	110	46	110	25	99	110	36	94	36	62	26	71	98	6	112	22	101	61	85	88	97	24	12	84	113	94	24	19	87	39	90	43	48	45	34	75	86	115	78	105	1	92	75	76	13	39	110	117	76	117	41	12	78	35	21	70	43	80	70	53	52	101	24	18	71	32	107	47	77	119	54	13	119	59	102	97	10	13	58	25	100	28	30	70	109	80	57	61	54	88	108	52	9	44	107	24	26	78	13	58	47	4	52	72	80	31	118	12	7	109	110	61	7	34	2	81	103	112	83	87	12	91	116	61	84	26	92	115	114	111	65	75	33	105	52	8	82	60	12	106	50	93	30	70	98	73	32	4	26	103	102	72	65	23	31	96	53	50	87	75	100	43	57	118	115	33	113	109	38	15	7	23	80	112	55	6	58	6	26	26	49	73	67	53	60	113	60	118	107	75	71	37	28	116	108	7	101	39	73	39	117	106	88	48	77	49	18	48	22	39	66	26	37	42	55	34	38	112	74	15	63	35	93	71	69	85	115	110	31	3	119	67	58	78	84	14	42	99	24	99	86	110	71	92	34	78	11	53	23	80	59	76	57	29	73	11	110	10	109	18	65	24	80	106	108	23	51	5	39	113	31	74	44	22	100	36	66	96	7	118	94	48	37	38	61	64	90	102	115	115	83	48	106	68	19	116	51	34	111	49	113	58	11	14	57	1	54	52	20	62	84	36	40	58	64	72	48	5	63	103	73	26	27	23	81	74	82	60	79	105	119	56	28	65	47	50	3	68	49	53	20	112	2	12	76	109	32	89	19	66	75	27	25	29	7	53	63	54	71	42	32	20	8	74	47	66	111	72	108	116	112	88	46	114	14	100	60	50	0	108	5	41	50	42	87	97	10	112	17	109	73	64	90	16	12	29	74	28	17	72	6	90	29	1	91	85	33	41	118	37	103	58	68	27	114	42	25	50	76	52	63	68	103	80	96	79	86	98	113	76	77	10	11	37	90	91	4	106	3	7	87	93	101	90	6	16	34	84	26	35	114	80	80	14	105	87	47	20	19	38	87	64	10	20	33	33	47	4	22	93	19	96	35	7	68	97	86	49	95	32	103	45	76	62	115	80	26	81	61	111	71	17	71	36	118	57	115	81	5	25	96	70	55	105	59	24	72	112	1	23	59	91	88	33	30	78	96	99	56	23	88	17	95	64	41	51	19	52	103	13	12	2	81	108	11	47	47	11	76	11	38	86	73	46	70	105	62	110	0	20	16	97	56	48	21	56	86	18	7	83	89	103	54	66	71	25	40	81	107	39	115	96	94	77	61	87	35	74	77	14	34	111	19	2	50	76	96	90	29	75	64	90	91	18	37	86	75	35	13	11	24	109	82	11	104	74	43	54	39	99	8	20	31	91	27	57	71	71	113	34	73	55	89	16	48	13	69	57	115	62	119	84	49	88	51	76	113	30	117	35	68	114	42	44	82	0	55	56	0	83	106	102	93	61	104	57	22	55	52	2	117	3	13	57	74	86	88	55	27	64	107	8	49	25	81	77	70	1	32	95	82	100	59	54	85	60	70	14	86	50	88	27	8	8	81	61	105	72	25	65	46	111	68	88	52	2	54	88	36	0	5	4	35	48	46	54	7	1	86	54	104	56	24	59	95	41	93	114	17	12	108	17	9	32	115	111	0	65	48	48	28	45	96	10	107	94	110	95	103	19	55	8	99	57	102	2	74	75	11	27	59	16	31	42	106	56	70	17	108	70	43	71	101	85	76	91	10	78	112	48	58	72	97	109	47	72	78	60	5	56	94	54	5	12	21	7	18	76	91	101	97	92	109	21	24	19	108	58	4	15	60	95	48	91	85	0	31	61	40	116	101	92	110	6	25	94	98	64	43	99	49	30	103	45	90	61	99	22	58	73	22	112	89	6	51	49	73	78	46	25	26	51	101	34	105	96	46	43	113	25	25	62	114	2	52	42	77	94	79	5	80	15	54	81	69	53	19	70	14	77	9	79	79	90	49	18	26	95	84	36	75	118	115	5	23	30	74	35	62	93	84	60	67	6	8	118	87	38	85	4	90	18	50	105	111	82	86	52	38	17	52	40	9	3	74	45	54	115	27	9	94	15	9	49	90	32	29	34	17	0	40	47	67	96	42	0	4	53	118	72	69	78	63	21	69	94	77	48	60	50	64	84	54	110	106	22	93	69	21	39	39	108	93	46	67	23	51	108	89	73	72	0	111	67	69	98	15	91	73	32	106	8	84	23	108	101	65	114	2	66	25	50	33	87	112	0	16	10	75	109	29	112	14	85	16	12	23	89	56	87	102	13	99	55	98	62	112	1	23	61	38	34	44	68	87	10	34	71	102	59	51	42	46	71	89	0	62	109	73	37	50	28	50	58	76	75	87	102	111	61	97	61	110	116	21	111	89	103	38	35	17	1	47	106	114	16	99	94	19	107	107	110	4	21	106	118	81	35	55	54	93	15	0	27	43	76	25	17	105	72	110	1	23	6	103	38	83	95	78	13	7	15	59	34	22	80	49	82	101	119	49	116	91	80	12	14	53	52	110	27	90	56	70	51	36	21	72	4	114	80	85	44	55	102	9	72	61	26	76	19	82	104	102	73	54	11	119	81	11	50	89	38	79	88	6	50	46	54	9	106	40	18	71	111	65	111	78	116	44	25	33	69	100	100	66	29	118	10	64	19	4	91	22	43	96	19	102	103	19	6	1	69	94	115	16	6	81	82	52	87	11	7	102	25	44	101	80	41	47	30	45	43	3	42	50	10	75	110	82	116	37	49	96	93	5	19	83	37	85	113	91	8	67	43	17	28	31	47	99	98	74	14	53	97	40	23	87	96	3	41	65	116	6	55	75	71	48	114	107	52	1	56	7	17	53	87	117	7	46	119	55	44	2	24	34	4	119	104	63	37	3	32	62	6	92	21	114	117	55	47	39	17	15	71	77	99	19	75	34	109	24	79	118	42	118	67	24	2	21	107	21	24	65	13	50	114	41	52	108	4	7	77	75	118	10	2	88	76	95	15	69	14	16	115	115	77	81	13	107	117	34	19	28	59	7	90	99	22	59	76	98	98	94	27	118	16	41	38	5	103	81	61	104	109	34	98	35	20	37	71	69	99	33	72	47	63	75	90	117	42	16	35	26	87	34	93	81	28	60	101	74	64	51	117	50	1	33	82	28	30	73	91	38	50	56	85	58	107	45	36	34	98	41	99	69	63	45	29	50	114	43	98	36	66	32	114	54	59	80	65	102	87	103	1	83	31	33	49	68	100	100	68	115	0	51	65	115	92	14	92	78	26	98	112	113	61	30	104	64	21	115	55	64	52	24	116	92	34	77	64	95	94	91	72	6	1	57	72	111	31	1	58	110	116	83	47	93	38	88	114	44	36	62	27	96	89	20	53	85	19	67	68	14	77	97	47	14	64	111	9	96	56	7	71	74	6	81	110	16	31	97	34	7	64	49	5	19	113	107	118	119	45	55	116	14	45	25	65	66	96	100	87	109	84	18	37	67	72	59	102	70	15	86	62	2	112	30	106	53	108	24	37	69	22	59	96	84	78	44	58	99	16	66	116	114	108	48	69	79	6	60	9	14	72	27	103	104	106	115	3	115	58	86	73	9	93	56	91	88	72	43	8	17	116	5	76	113	44	62	87	44	58	88	100	56	16	76	112	119	30	58	23	101	97	33	28	92	37	66	38	24	19	109	70	35	28	90	62	60	13	98	72	111	4	59	100	95	89	101	40	56	86	9	8	12	39	113	20	78	88	69	69	19	78	34	76	107	103	53	51	49	0	24	105	75	0	9	102	106	75	25	79	107	21	84	36	61	112	92	72	91	88	12	58	9	68	10	103	50	75	74	21	5	16	37	79	86	66	31	23	51	30	58	69	9	89	8	77	50	71	59	46	12	20	13	63	36	14	109	101	7	23	95	59	70	81	62	26	92	77	8	57	3	14	119	13	59	107	87	38	13	68	91	20	90	11	58	88	4	88	14	3	99	61	67	28	74	107	36	4	108	18	22	19	66	20	71	89	8	34	12	105	36	55	72	29	21	39	103	12	34	43	3	84	47	108	28	5	109	103	0	69	29	84	107	98	65	91	96	95	8	115	17	34	110	9	19	60	98	8	110	67	88	77	40	41	96	17	39	75	36	24	105	26	114	77	70	19	39	110	61	117	98	78	49	12	88	4	96	39	114	39	99	96	66	53	49	56	62	20	76	95	105	40	60	28	43	105	95	1	46	4	116	15	100	117	115	100	44	75	50	4	109	92	62	0	63	43	57	80	22	4	21	50	7	28	38	103	65	100	103	8	12	100	35	61	110	40	37	112	102	77	108	86	56	102	57	84	103	27	22	90	82	44	69	41	26	68	30	43	74	50	70	80	80	103	117	30	41	85	36	13	2	68	105	71	67	119	69	114	81	37	117	58	98	77	44	6	7	110	54	0	86	90	64	18	113	51	30	71	27	12	99	101	73	66	19	36	75	112	63	18	81	42	2	10	117	59	100	57	14	10	91	79	50	108	2	14	16	11	99	24	98	118	105	101	6	49	48	50	0	58	13	65	32	48	107	107	13	48	28	110	24	35	30	64	118	80	16	95	36	119	3	16	79	99	110	49	15	32	113	96	85	95	53	88	24	17	24	3	87	44	31	9	63	103	109	46	23	76	77	31	88	106	110	36	64	53	14	91	49	13	74	17	32	46	54	66	18	54	88	37	13	32	12	53	28	112	5	95	49	7	89	96	96	75	1	99	87	39	109	50	24	76	15	24	59	44	3	114	69	42	87	61	99	1	48	14	7	81	83	1	76	118	88	56	45	14	5	53	85	84	113	40	42	57	94	18	56	17	95	61	39	19	105	105	104	9	94	86	14	74	6	2	34	87	102	4	44	81	41	59	117	71	118	113	36	27	73	19	30	48	45	24	109	100	9	115	12	100	67	68	57	80	116	84	107	37	112	108	61	5	110	112	46	89	61	34	38	117	114	82	63	71	21	105	13	50	67	36	33	74	27	68	99	65	15	19	104	13	108	59	94	1	41	61	5	87	99	116	85	98	113	98	70	36	66	65	17	22	71	56	13	33	12	20	10	104	19	74	57	63	46	1	113	96	10	89	16	83	65	1	51	7	42	34	5	37	97	68	86	5	40	71	77	9	4	30	92	27	69	101	10	76	55	5	9	57	99	52	28	14	15	93	2	41	96	6	79	69	106	92	19	18	69	57	16	119	11	37	114	88	54	52	3	62	25	57	17	69	90	73	117	10	54	33	103	46	33	94	19	109	114	8	77	13	87	62	63	77	25	95	29	22	49	84	111	79	27	42	103	91	101	59	56	111	13	88	80	110	88	109	68	90	59	80	29	25	11	75	84	46	72	69	103	66	47	10	104	11	18	10	47	15	81	18	55	92	76	73	111	20	67	89	109	44	103	72	118	115	85	116	97	13	23	10	47	87	100	48	40	9	35	107	79	15	12	86	109	31	35	85	43	96	55	51	52	84	10	99	80	78	41	71	70	112	73	102	53	24	44	78	90	72	14	9	23	13	100	49	17	100	56	70	38	83	101	118	61	5	114	54	98	79	34	109	110	59	38	90	101	63	106	118	75	90	81	8	119	114	73	117	72	106	68	73	90	74	76	47	15	73	16	109	74	11	99	82	39	14	63	32	40	73	37	74	87	38	69	65	29	62	78	89	102	72	38	112	16	26	105	55	96	78	31	28	51	112	0	107	34	117	110	57	45	75	3	61	88	31	117	95	111	30	66	31	11	82	107	41	8	3	8	80	32	14	3	108	26	25	111	77	9	65	13	70	47	75	63	98	18	20	90	43	53	36	67	105	38	113	108	55	18	101	35	118	44	115	70	78	32	80	100	61	101	59	18	86	36	41	52	102	104	70	29	105	90	54	4	90	45	112	59	19	4	59	116	55	46	80	50	24	106	11	32	7	91	74	61	65	83	104	44	65	27	85	65	51	59	45	32	111	100	73	64	102	22	41	57	50	43	81	45	87	43	75	9	47	11	70	40	45	47	12	76	6	56	64	99	87	37	89	60	1	103	79	6	45	2	87	12	116	11	96	87	115	45	16	111	8	25	19	96	32	43	91	45	8	58	118	61	38	105	56	41	39	90	47	35	97	80	68	16	58	29	100	31	7	115	19	17	97	68	114	4	73	48	94	111	106	19	59	24	74	27	96	112	53	0	82	104	14	113	45	51	48	31	80	82	52	35	111	38	77	104	113	115	98	18	106	26	104	40	74	80	42	105	33	53	68	40	51	19	33	36	29	18	114	28	36	73	25	108	31	63	1	95	93	96	51	118	102	52	39	53	90	97	53	54	43	4	14	18	32	14	46	29	117	76	53	86	57	37	63	28	90	89	48	10	73	87	24	40	5	96	75	35	37	64	11	53	21	104	100	46	42	12	7	102	38	51	45	68	4	13	116	96	79	60	13	66	78	49	85	73	11	19	3	85	56	14	83	13	116	71	46	15	13	108	83	5	9	92	94	67	51	112	23	97	42	39	115	99	4	81	25	56	44	95	99	48	98	89	49	54	68	85	49	41	45	63	39	39	42	65	87	54	88	107	103	57	109	103	27	7	110	23	1	31	59	40	86	87	0	89	41	116	102	48	68	34	6	101	97	112	68	47	14	34	13	105	84	23	68	11	25	82	45	105	69	16	108	37	116	116	20	79	100	87	4	87	57	90	26	74	38	11	111	41	67	100	31	0	74	54	88	96	11	23	63	24	59	36	55	33	32	55	98	73	117	106	0	76	102	54	54	33	62	39	50	77	55	95	78	114	90	19	118	40	24	78	71	112	74	117	118	14	48	108	44	12	36	57	48	65	6	87	113	30	100	40	79	117	25	105	41	4	83	44	113	52	94	73	110	6	78	95	22	104	58	117	5	56	114	88	6	97	109	26	110	67	49	68	7	96	78	49	89	81	69	64	8	26	118	76	45	48	3	75	94	65	116	48	67	84	48	45	77	70	87	112	28	108	70	104	29	54	99	106	115	4	30	63	97	43	102	3	99	55	49	100	20	42	37	17	14	111	7	82	87	52	91	99	34	42	80	26	14	74	46	106	100	108	108	26	8	14	45	39	116	48	35	25	79	111	46	18	38	92	40	82	51	104	38	66	82	111	8	52	36	54	48	115	40	37	104	73	2	57	31	10	111	41	68	62	101	45	57	105	90	44	16	41	41	70	105	92	73	10	60	45	44	18	97	15	86	38	112	43	113	29	98	59	92	113	28	109	27	27	16	16	73	20	24	74	53	103	22	56	37	75	44	71	46	23	103	28	77	44	39	34	83	36	96	97	34	25	23	97	5	18	28	47	57	3	53	19	37	74	51	13	20	68	110	94	24	41	98	13	71	113	105	95	36	52	39	58	89	85	59	118	47	31	114	111	110	35	113	63	74	88	17	67	6	65	101	59	78	83	66	72	73	0	68	75	26	83	2	106	101	36	28	71	106	53	90	110	55	15	107	32	8	68	44	32	38	0	32	52	81	91	38	74	113	31	113	91	112	28	17	60	88	34	58	41	45	4	94	61	33	63	18	13	32	33	108	46	105	88	61	73	112	54	27	59	100	26	81	24	32	77	79	54	113	51	104	31	27	91	88	56	70	91	0	79	3	21	40	56	118	71	110	38	5	85	77	40	108	22	76	106	97	105	60	119	52	87	44	115	85	98	107	38	82	5	83	96	51	14	62	34	52	18	46	35	63	42	54	6	78	49	102	18	18	35	69	78	0	12	33	72	46	5	0	22	28	88	85	40	9	62	111	44	2	83	26	31	92	116	52	28	10	9	45	57	55	68	85	98	66	67	116	110	6	61	111	103	115	59	38	73	88	4	83	40	34	63	17	78	57	75	10	53	117	74	28	35	62	94	22	20	67	117	39	15	89	18	91	114	57	39	94	105	90	70	60	114	36	57	106	9	72	43	108	75	118	15	84	56	80	95	31	80	55	96	2	3	79	36	104	22	21	99	7	60	49	
2	7	73	39	111	46	111	35	81	79	31	68	55	53	92	6	77	2	12	76	80	50	65	4	84	97	80	92	11	98	27	117	37	100	65	113	100	81	85	8	64	43	78	43	99	64	47	20	62	4	0	75	9	7	82	73	118	1	30	104	61	76	93	24	112	73	8	58	96	113	88	0	117	93	15	42	81	5	76	73	92	100	89	79	88	49	40	116	109	46	56	9	61	99	100	55	97	59	68	88	33	94	89	101	87	92	20	5	51	95	94	27	7	8	56	111	20	16	59	35	114	87	48	71	66	16	40	8	12	57	54	59	16	20	40	85	19	28	96	66	42	69	66	62	115	92	92	8	34	87	115	28	28	59	76	62	110	60	67	29	22	71	119	29	64	50	75	82	41	10	92	43	95	107	81	76	38	99	21	82	51	22	62	81	19	42	81	104	92	27	27	67	26	7	104	47	10	90	14	49	113	2	106	46	13	35	1	51	34	19	119	100	109	22	82	56	35	18	87	67	90	46	2	98	38	27	105	84	0	75	53	99	117	84	64	33	37	17	3	80	17	83	95	63	82	98	100	56	50	7	76	12	16	28	8	28	39	34	56	9	119	81	6	52	98	50	91	62	55	15	48	40	81	24	5	98	24	118	100	95	13	115	21	31	97	80	11	42	38	109	5	75	20	3	28	10	84	84	83	55	31	65	49	117	110	82	48	107	19	48	112	51	77	109	67	95	39	80	68	96	49	78	97	24	95	8	94	46	102	35	110	86	116	75	95	71	62	22	110	62	31	25	15	30	54	88	25	37	8	57	80	49	57	24	40	21	46	43	111	112	109	111	75	14	82	89	111	108	42	45	105	8	11	56	22	37	33	97	50	10	26	59	108	18	58	99	8	28	6	95	66	76	44	92	32	87	32	31	48	98	88	28	109	67	16	1	5	101	15	77	30	63	39	79	71	1	57	109	34	56	110	104	40	28	111	1	11	6	92	74	43	32	79	34	90	99	17	83	56	63	19	111	86	14	110	85	93	41	50	32	7	16	26	56	12	108	93	30	6	23	69	50	52	42	11	111	58	38	7	117	22	91	68	13	51	50	1	57	25	5	80	80	73	61	26	28	109	10	48	39	101	46	107	40	99	73	35	74	78	85	74	108	9	35	9	17	85	11	49	105	17	87	115	29	24	7	88	14	115	45	72	29	106	17	45	51	102	69	112	57	64	66	66	56	50	84	8	101	41	80	27	38	113	74	64	107	90	69	53	8	81	88	86	100	28	103	32	2	38	31	106	39	5	6	54	58	6	96	11	38	39	74	46	1	107	9	27	8	16	67	40	64	84	28	113	5	2	9	44	21	1	55	77	13	68	84	26	42	33	68	55	33	6	20	58	94	78	41	56	111	56	57	68	65	119	8	46	88	74	12	73	98	12	16	90	68	28	67	71	27	61	41	108	84	78	95	15	67	42	91	109	62	0	113	90	2	108	86	83	100	34	55	94	112	97	90	112	84	21	11	37	5	98	87	2	56	39	108	5	34	40	101	35	87	113	25	80	109	57	77	74	41	12	15	97	39	71	114	109	25	76	62	15	6	77	28	87	9	109	105	110	60	81	98	21	87	103	110	50	14	8	88	92	73	13	112	16	93	34	86	26	12	89	29	6	39	37	119	30	90	93	58	99	103	30	40	101	95	115	45	21	13	2	95	77	114	64	48	25	52	90	95	64	114	41	7	38	75	45	67	55	56	98	86	117	78	31	78	25	17	112	87	18	80	24	93	74	91	62	112	88	58	12	75	37	103	40	77	14	89	102	107	104	38	50	38	6	42	69	22	101	71	12	67	74	25	113	85	4	54	3	38	55	93	96	4	8	92	10	118	116	74	35	25	1	67	72	19	76	43	113	96	8	82	95	27	102	55	37	105	53	22	43	6	56	90	73	21	116	2	2	39	25	48	13	106	80	68	86	107	46	68	116	0	86	63	90	32	76	68	2	42	94	116	47	74	109	45	31	0	21	99	40	59	118	107	34	55	42	64	117	6	77	34	116	96	117	74	7	22	30	10	49	45	21	41	31	112	10	64	25	45	113	24	69	116	81	109	93	81	54	7	86	69	10	59	101	92	69	51	13	88	113	56	27	77	11	76	78	105	57	96	63	61	86	54	43	9	83	81	44	16	25	6	58	3	84	101	39	69	115	67	70	56	111	117	20	33	28	55	93	76	6	91	116	33	2	98	82	9	40	70	2	47	21	29	53	101	43	67	57	110	65	90	11	21	89	103	94	25	91	79	92	20	9	45	21	39	77	14	25	19	49	33	118	65	66	89	46	6	64	35	4	89	88	73	60	28	33	93	81	110	90	2	27	88	38	13	71	47	40	7	74	72	115	94	45	113	5	20	110	118	66	52	118	46	95	74	42	93	14	64	107	4	115	101	16	112	101	87	61	34	105	107	15	113	93	38	10	96	54	4	76	47	113	70	5	80	89	76	15	24	86	26	103	104	97	17	119	58	108	32	22	60	25	65	37	90	32	14	69	58	95	84	82	57	3	48	95	48	38	14	83	53	11	24	105	54	64	60	58	73	60	91	88	65	82	60	119	86	106	101	43	23	103	118	51	9	28	117	37	15	14	0	23	6	103	0	111	93	68	114	65	70	64	17	52	80	112	95	35	38	34	106	55	16	45	0	29	102	72	118	73	76	8	11	74	49	112	37	28	20	45	42	91	117	86	1	100	2	75	18	118	23	21	87	55	116	14	15	82	77	41	63	47	110	109	85	30	106	21	23	119	42	4	111	21	89	117	20	59	8	99	17	47	101	32	28	106	44	60	30	1	76	79	71	98	30	4	67	26	118	118	98	91	23	68	63	61	90	55	84	66	65	77	19	92	71	28	31	116	84	19	31	49	80	3	7	99	35	1	39	21	102	7	47	93	60	4	70	10	8	1	84	19	88	62	31	39	45	26	55	37	100	92	45	37	32	37	6	48	100	68	18	110	119	98	35	9	54	83	76	12	38	11	3	42	54	62	51	78	97	81	38	45	101	40	46	51	3	36	55	59	90	19	37	50	16	83	61	41	85	21	89	65	53	61	117	49	2	69	5	98	21	88	53	79	84	3	78	64	89	99	72	4	119	60	33	33	55	77	76	23	16	3	114	5	33	62	28	6	43	47	83	105	95	20	1	65	16	27	55	76	19	6	40	78	108	58	80	53	13	32	27	8	34	9	50	89	116	18	59	105	14	73	11	27	7	77	20	52	59	26	71	104	7	77	89	28	91	20	30	6	119	42	119	59	58	54	80	103	55	92	23	40	13	49	48	82	23	74	65	83	107	76	41	12	110	99	55	113	6	95	105	73	14	110	76	65	51	100	55	85	33	42	18	102	55	24	78	8	79	75	115	31	112	12	12	12	23	116	42	48	76	83	57	8	115	115	117	3	57	23	91	17	7	64	20	17	54	88	88	100	46	61	75	28	1	58	97	38	35	43	71	2	38	117	77	118	22	101	70	101	66	6	68	48	94	110	82	4	16	7	95	105	20	16	37	68	37	112	115	86	100	47	24	115	31	48	32	97	112	114	22	88	44	108	54	26	73	103	86	61	15	110	21	54	17	60	17	20	61	49	61	14	89	6	12	76	14	16	100	98	96	40	30	33	59	34	34	23	63	54	67	39	93	62	67	20	10	24	109	15	7	65	81	95	37	5	77	97	14	74	62	114	41	13	77	51	45	29	65	2	85	35	1	91	69	31	64	9	107	11	5	97	28	87	83	62	31	5	96	22	5	48	113	48	75	111	69	81	53	51	94	69	58	111	64	19	6	80	27	8	11	96	70	68	77	114	0	19	25	85	70	41	35	63	20	66	76	49	45	106	109	96	83	2	118	43	34	32	79	59	96	114	76	69	48	36	83	46	65	27	9	60	55	101	11	26	25	105	65	38	39	47	77	41	99	19	30	3	0	95	80	97	29	59	1	97	43	74	35	58	108	42	32	18	11	83	70	82	117	104	51	111	54	0	62	87	43	33	79	24	84	64	39	41	84	104	47	85	28	3	10	81	102	74	67	20	35	77	44	26	84	34	114	43	72	29	66	70	7	27	29	53	74	113	32	33	33	37	91	96	87	87	77	9	90	15	85	116	103	57	69	27	21	83	11	69	54	92	52	97	81	32	119	10	55	25	10	57	117	2	70	33	68	50	22	5	37	54	2	90	102	49	84	38	25	65	21	65	67	92	79	38	61	117	65	34	53	110	25	34	93	108	1	7	0	10	63	52	38	21	33	117	16	47	89	54	52	19	79	36	29	57	79	111	48	94	48	24	30	73	43	26	28	69	1	100	101	58	59	101	9	39	27	30	64	51	2	103	36	18	68	85	61	58	39	47	27	32	17	105	39	75	28	33	113	73	48	50	26	30	103	5	27	81	15	3	100	92	105	33	72	83	62	20	71	3	102	91	87	11	83	94	104	60	1	57	109	61	85	100	26	51	74	15	11	12	66	58	42	111	80	103	58	83	41	1	35	94	38	34	35	68	45	113	100	25	117	64	95	21	111	111	67	13	74	106	112	82	43	87	71	70	105	96	14	22	73	109	104	86	95	89	47	1	57	58	53	36	61	91	36	101	97	32	12	77	119	110	48	82	9	2	75	104	80	31	68	54	2	56	64	95	22	108	107	17	24	95	42	12	58	13	52	2	30	88	23	86	21	96	3	37	39	92	76	92	72	36	95	21	90	78	119	87	93	89	91	77	6	57	117	6	41	35	4	21	83	40	63	115	88	5	104	10	29	27	65	72	9	3	102	78	84	36	0	30	103	86	32	89	82	17	93	18	61	8	63	108	80	27	23	112	106	79	66	35	69	36	63	77	28	104	50	90	105	101	2	99	30	49	106	52	112	36	61	6	15	104	43	101	81	70	10	14	51	117	96	105	35	117	5	16	103	31	81	106	45	20	67	30	69	48	49	111	48	26	116	63	61	2	73	82	60	91	91	0	71	70	77	53	110	35	89	62	21	114	18	52	99	104	106	44	62	14	76	36	60	116	114	53	38	87	22	33	101	0	96	3	32	110	68	92	66	64	68	11	5	48	38	51	62	54	63	28	23	119	34	80	34	48	73	114	69	114	14	12	13	83	53	103	52	87	70	7	17	21	119	26	45	7	105	95	80	100	60	84	80	102	111	13	116	91	57	92	24	89	43	11	79	117	100	80	3	48	84	6	96	78	7	3	99	46	84	12	63	53	107	46	106	118	87	22	66	103	78	105	47	28	53	51	30	99	57	16	51	112	114	111	50	31	107	93	24	70	67	92	24	58	38	51	14	22	55	47	18	2	110	76	104	111	97	37	37	91	69	16	27	77	57	104	71	36	83	14	36	97	31	74	74	37	100	39	102	2	51	75	3	92	44	54	66	94	6	110	6	69	65	70	46	79	83	52	14	26	102	39	69	89	6	75	6	11	64	56	47	31	98	9	12	99	53	86	48	11	91	2	6	43	42	17	74	49	112	69	61	73	70	117	113	81	103	110	91	64	86	27	8	32	13	10	28	40	89	109	102	8	21	98	59	24	48	117	4	8	58	28	15	23	86	99	87	28	55	101	84	93	105	114	75	50	91	55	3	5	23	102	77	6	49	117	94	104	80	90	0	26	10	12	49	107	4	47	44	5	14	75	110	35	17	82	77	100	25	92	48	63	3	74	63	35	15	12	94	117	113	107	37	95	71	64	55	114	113	56	12	119	47	85	8	8	91	20	53	52	61	56	62	11	84	81	116	101	62	96	59	14	96	39	22	109	31	84	34	79	55	116	54	93	50	41	56	65	38	25	101	119	12	105	52	3	88	24	6	15	40	78	75	0	75	109	14	13	108	24	62	21	108	14	56	93	111	5	24	34	62	13	16	58	90	41	7	106	18	74	16	35	14	102	115	72	82	9	11	49	95	6	117	119	77	65	8	34	98	67	26	7	61	57	87	46	46	92	50	106	20	86	52	27	76	14	90	6	113	99	114	37	88	65	78	25	26	118	23	88	42	16	25	6	95	17	0	55	18	71	21	86	62	49	19	30	50	53	106	87	68	110	20	104	29	77	88	9	13	11	68	101	59	6	49	32	91	98	8	101	59	88	10	25	67	21	96	73	28	92	71	103	57	44	51	1	20	20	14	60	18	101	58	65	21	60	40	55	38	34	56	18	37	6	88	51	109	71	39	26	74	96	76	43	47	96	75	116	12	100	73	0	81	24	107	55	109	23	34	28	13	24	109	12	4	74	44	104	115	98	22	93	19	17	61	97	88	86	72	61	27	108	82	9	116	27	35	11	88	44	61	56	87	4	118	20	95	85	82	21	59	99	8	45	31	0	65	63	41	60	51	26	9	57	22	90	96	69	13	20	61	39	46	79	90	60	107	75	24	53	67	16	49	17	97	76	43	89	80	3	55	38	88	4	7	28	78	76	106	73	49	9	34	111	66	19	43	45	17	17	9	118	27	11	85	10	48	19	75	37	76	12	0	0	97	0	116	86	109	83	115	31	18	24	45	20	102	55	4	89	93	106	16	105	0	75	113	100	107	38	5	0	100	101	29	90	8	28	82	33	54	96	72	1	24	18	54	64	51	2	115	46	26	81	89	8	59	107	45	33	102	60	2	33	109	29	27	74	78	106	22	65	58	18	96	105	110	52	35	101	91	80	2	29	22	69	98	75	66	20	49	102	78	82	7	63	99	35	90	91	15	4	51	68	116	87	79	50	100	31	81	85	59	52	17	12	33	46	41	84	110	70	24	84	97	85	57	100	62	16	68	4	39	72	43	60	114	39	70	77	31	80	11	70	104	31	109	102	86	25	72	105	77	49	44	47	39	76	105	98	6	61	104	67	47	25	111	84	40	9	33	110	95	20	93	62	36	41	33	62	70	90	96	19	9	46	16	18	68	3	102	34	86	13	61	26	23	107	71	108	106	115	26	76	53	70	10	37	32	115	28	29	45	35	82	96	52	78	61	31	63	27	97	11	116	104	30	118	35	75	36	25	60	51	45	23	42	90	81	19	43	21	36	117	72	105	25	3	42	71	2	5	18	70	2	16	91	98	74	115	86	112	16	48	16	62	8	50	106	21	110	27	32	93	35	8	56	97	0	60	11	53	3	34	71	103	46	70	50	115	35	104	75	110	80	100	27	101	46	52	56	3	59	19	86	14	73	118	15	38	115	74	99	113	110	97	11	68	28	34	66	93	2	95	74	0	87	16	8	55	7	10	7	109	25	9	51	117	52	15	12	41	45	16	88	5	96	71	52	0	50	60	95	117	104	106	60	11	103	106	42	2	68	52	102	3	45	72	84	72	26	36	87	38	7	5	70	49	15	58	89	51	7	16	60	26	42	90	53	110	30	18	65	27	96	101	28	100	3	119	119	50	106	78	58	26	59	112	67	32	30	105	65	67	100	67	58	78	94	108	99	52	28	10	113	96	114	11	24	86	33	19	108	0	30	103	114	53	43	0	49	10	44	88	83	76	105	73	100	116	70	4	88	26	111	56	65	35	92	29	10	48	59	109	8	44	61	5	6	42	35	85	75	16	60	110	78	88	58	79	51	64	96	28	28	8	70	112	116	116	1	96	32	105	10	53	30	7	84	13	80	32	69	19	39	24	88	0	57	8	98	65	77	46	32	32	7	5	32	108	101	115	85	90	67	37	78	74	22	96	32	44	37	37	41	116	87	86	18	79	94	38	57	100	100	9	97	100	22	1	117	39	45	51	78	81	95	80	31	35	69	108	33	16	102	23	97	95	13	74	27	82	66	28	67	43	113	3	97	91	116	39	49	55	48	12	64	92	115	88	61	5	42	44	117	62	107	112	75	33	114	70	37	5	36	88	101	25	88	42	38	0	85	36	79	38	55	77	80	86	10	10	114	3	1	14	88	49	58	92	89	91	70	79	75	57	45	39	4	84	112	15	35	90	10	27	56	29	41	58	50	90	115	97	95	87	22	63	105	7	33	50	46	90	36	83	119	51	58	88	27	10	108	28	84	72	44	88	115	14	18	29	61	90	98	25	8	20	79	7	35	60	12	25	52	117	34	72	49	30	46	22	110	104	7	61	53	65	14	91	13	98	107	67	35	80	116	78	116	82	118	44	65	27	97	66	37	80	87	71	73	76	40	3	4	94	112	75	66	68	26	20	0	35	48	50	108	17	6	82	114	43	112	8	110	49	58	82	13	47	64	58	16	113	109	95	68	3	53	103	109	18	25	59	31	53	76	88	59	28	64	99	77	23	75	3	64	39	56	88	111	54	111	114	52	76	63	42	31	31	1	83	88	22	65	36	22	63	36	94	114	43	39	54	76	16	58	11	63	46	37	63	58	1	50	38	116	77	25	57	102	59	14	101	110	8	44	58	24	10	32	68	31	69	29	9	49	11	119	51	66	90	37	8	7	24	40	93	85	97	92	101	107	67	54	39	39	116	62	82	23	89	81	105	50	50	106	26	53	49	104	42	23	23	108	115	103	30	0	77	15	64	12	106	119	36	26	107	102	1	38	58	104	62	31	33	47	1	83	35	119	31	36	66	12	76	70	53	8	106	71	11	83	28	61	68	27	115	9	113	78	99	61	102	56	48	67	16	68	74	48	80	86	20	47	71	110	12	5	80	105	53	98	83	87	43	0	78	97	3	66	50	1	63	3	97	8	115	82	73	61	84	72	85	117	111	21	26	75	44	61	38	38	0	31	84	45	48	33	74	32	84	80	109	4	42	38	63	29	106	17	52	29	89	69	94	96	34	84	103	52	56	104	32	113	60	118	45	82	15	67	11	92	94	51	115	33	103	6	64	72	95	34	18	2	117	69	49	26	61	25	8	56	11	11	57	29	119	114	15	72	52	66	52	32	72	109	43	78	110	102	29	105	20	22	106	61	36	99	46	21	117	94	31	113	97	97	17	71	88	66	49	99	4	71	89	52	97	103	45	98	71	102	93	92	109	83	8	64	57	7	38	18	83	66	117	54	71	86	9	19	88	69	94	22	7	108	1	14	15	42	16	75	59	104	104	112	37	62	90	32	43	28	25	116	59	10	13	104	17	60	15	80	108	63	13	2	27	2	102	54	116	77	111	47	65	105	115	112	20	23	31	92	76	23	54	7	8	2	57	114	38	5	9	99	15	72	25	116	37	89	108	89	48	22	88	38	85	27	8	111	65	117	31	28	49	25	18	30	78	74	47	113	24	59	31	99	63	101	66	13	22	80	39	57	36	114	103	6	79	13	104	69	28	7	42	108	109	88	109	46	109	39	36	2	105	75	93	1	78	8	27	61	105	72	92	23	116	35	30	94	50	2	33	28	100	109	10	58	17	46	8	66	90	119	65	61	89	37	59	56	107	21	37	59	43	107	0	116	86	3	55	73	31	97	35	86	75	16	71	87	98	37	24	24	46	13	90	55	74	37	93	78	103	63	58	32	77	84	76	53	12	88	49	47	45	99	111	116	12	62	27	78	51	29	87	116	29	104	22	33	84	107	38	104	108	54	52	103	55	58	48	0	2	103	93	87	92	103	8	7	91	26	27	19	13	6	63	86	110	114	27	96	112	52	67	118	18	18	10	0	90	62	89	49	114	11	19	78	0	41	105	42	68	8	50	49	8	27	32	80	92	17	51	95	47	70	60	118	83	62	86	93	19	82	67	7	97	82	9	52	1	76	21	112	65	71	105	43	100	54	97	57	102	53	92	27	41	43	32	60	1	98	52	102	7	0	84	67	0	65	17	12	69	68	70	77	15	80	41	68	114	74	72	7	3	67	68	49	16	97	43	26	45	35	106	57	96	54	60	17	72	36	56	60	1	40	117	42	113	41	30	74	59	105	62	71	108	18	63	39	55	0	71	82	37	5	37	24	54	2	115	42	59	80	82	73	30	111	83	100	98	107	19	94	91	91	104	88	4	4	94	38	34	81	53	77	39	59	4	66	59	11	9	111	41	104	52	45	41	103	84	99	19	75	95	41	65	71	46	68	46	104	3	15	112	32	57	102	35	5	118	26	4	42	111	60	56	4	79	101	75	88	12	60	115	27	70	99	74	22	57	90	78	107	25	115	119	110	76	114	59	50	43	6	4	112	40	51	2	87	43	7	14	109	59	44	5	10	36	88	117	114	24	18	94	56	34	35	26	82	74	10	31	26	30	106	104	76	57	81	2	100	2	102	80	68	69	30	60	102	62	104	10	4	63	55	54	97	27	90	98	10	19	76	17	80	44	69	80	67	52	90	4	1	68	115	64	40	4	56	101	1	72	62	47	81	68	94	10	63	54	43	105	53	35	33	4	98	86	35	44	35	69	34	104	85	4	75	58	54	70	38	51	45	50	29	17	116	25	13	77	116	54	32	39	30	12	102	16	36	4	118	8	75	66	20	62	35	101	9	37	47	118	100	6	113	33	15	33	110	91	106	18	112	105	38	44	74	105	45	70	105	82	107	16	11	92	53	94	107	108	3	27	43	83	29	24	102	116	14	27	73	75	72	30	102	66	7	111	89	75	105	107	116	9	71	7	29	102	56	87	87	64	69	114	78	118	1	81	74	7	32	2	46	11	79	8	115	87	26	42	114	12	0	112	105	4	47	64	74	35	94	65	21	108	81	34	5	47	8	51	58	19	28	77	114	81	47	41	56	90	22	30	117	111	93	49	106	49	84	16	72	32	12	117	8	53	33	116	59	72	93	74	37	39	61	26	38	3	94	39	107	33	73	23	8	103	10	59	38	62	6	35	60	70	104	76	1	103	79	5	82	43	20	27	113	36	20	27	59	47	5	100	42	52	69	75	84	54	44	49	112	68	70	99	93	82	75	54	104	65	100	74	20	15	104	88	38	15	75	89	46	58	115	102	91	73	66	40	112	54	96	18	1	87	8	73	109	10	112	111	24	46	20	49	78	111	69	109	58	29	110	58	99	25	30	49	3	0	9	40	115	12	40	31	12	22	117	32	95	61	96	108	77	60	3	110	2	40	106	59	74	90	45	90	14	70	59	78	69	28	108	4	38	10	68	21	44	59	77	69	17	84	38	99	86	8	31	38	37	7	31	64	113	102	32	62	51	101	77	70	20	81	115	56	23	89	108	51	1	114	96	4	106	111	99	44	35	72	5	97	111	110	4	44	52	81	119	25	27	29	77	44	6	99	84	45	43	31	7	99	56	30	42	92	50	96	11	72	64	104	99	85	106	111	107	44	50	77	13	19	86	0	99	27	99	19	114	50	8	10	88	75	100	72	93	97	57	114	102	5	11	118	36	71	53	62	32	92	39	84	80	119	23	8	102	110	26	1	64	
5	7	5	16	6	14	12	11	6	14	6	8	11	16	10	4	17	18	8	7	4	9	7	6	19	14	2	18	13	16	18	17	3	7	17	16	6	1	12	11	20	18	11	20	4	15	20	8	12	9	15	20	17	2	14	17	13	17	13	7	11	17	17	20	9	7	5	5	17	2	15	3	18	17	7	18	14	9	15	8	15	17	19	10	20	12	13	5	12	10	5	1	6	20	2	1	9	3	5	12	8	1	8	15	18	6	7	9	2	15	12	1	3	2	3	17	20	15	10	10	4	7	14	1	2	19	7	18	5	12	3	17	15	13	20	17	16	5	3	7	7	8	17	9	19	3	15	16	15	8	4	12	1	10	14	3	10	16	20	6	15	10	15	2	1	14	3	15	10	7	9	7	1	16	11	11	4	9	1	3	3	11	5	17	17	19	15	10	6	6	13	6	3	6	15	15	5	3	3	6	20	2	17	16	3	8	18	13	2	7	4	7	1	2	15	18	7	16	1	9	11	13	4	17	14	12	11	17	10	8	2	19	8	3	9	10	18	11	2	2	11	15	5	7	6	19	1	8	19	17	12	12	3	9	18	9	15	5	2	4	1	5	18	6	20	2	14	16	7	9	8	7	5	9	13	7	17	4	9	7	11	5	2	10	20	12	17	15	18	7	10	17	12	14	15	10	5	6	8	19	5	9	12	5	16	15	17	12	13	2	11	15	13	2	17	10	15	8	20	2	14	6	8	9	14	18	5	12	20	15	20	15	9	1	7	7	17	12	9	14	10	6	17	16	12	4	10	18	1	19	3	17	18	11	8	11	11	3	17	13	10	10	13	14	19	6	16	1	20	8	3	6	10	13	19	11	5	10	18	12	10	11	3	18	4	14	20	19	9	13	15	10	13	6	7	15	11	5	19	8	20	10	3	4	6	9	7	11	10	16	15	12	6	18	3	15	11	6	20	12	10	18	13	19	20	19	7	16	7	13	9	6	10	6	2	1	8	18	4	6	14	10	8	10	3	1	19	9	14	5	17	14	15	2	20	17	20	2	17	11	4	5	1	9	18	5	8	20	11	10	9	9	6	2	14	1	6	5	19	13	19	2	8	2	6	14	9	13	16	15	8	7	11	17	2	17	19	18	19	12	2	11	18	9	11	19	2	9	5	18	17	5	4	19	15	10	17	11	19	5	14	16	12	19	15	7	16	1	9	16	7	8	18	4	4	2	17	17	20	15	11	11	10	19	20	17	17	13	3	8	14	17	8	6	6	15	4	15	5	2	4	1	20	9	10	12	10	6	6	14	18	19	13	7	18	19	8	13	3	8	16	12	17	15	7	17	2	5	5	2	7	12	19	8	12	19	2	15	8	4	11	16	1	20	12	5	7	7	1	10	13	20	11	17	17	11	7	2	20	5	10	7	6	3	14	4	5	1	3	2	18	10	14	15	2	9	16	8	9	9	2	20	5	5	2	15	2	12	20	12	15	9	5	16	19	3	2	1	19	9	12	3	14	5	5	7	19	4	9	11	4	15	1	20	13	4	6	10	16	14	6	10	2	5	8	7	10	6	15	14	1	13	5	9	5	7	14	12	11	16	9	1	11	16	14	12	5	8	9	10	7	4	16	3	13	6	7	4	10	10	6	10	8	4	2	13	9	12	14	2	10	9	13	13	11	6	7	4	3	2	7	10	2	1	2	3	4	15	2	12	14	7	5	13	12	11	2	16	10	13	9	7	7	13	9	12	4	16	8	2	11	9	7	6	14	13	3	7	9	10	14	16	5	9	6	10	3	8	5	3	9	7	9	14	16	14	9	1	7	5	12	6	3	16	7	7	8	16	15	6	3	10	14	11	1	2	5	13	2	4	12	11	3	8	13	5	2	1	14	11	6	6	7	8	6	3	1	14	4	3	7	3	14	8	16	14	1	2	10	16	13	13	11	16	1	14	7	14	11	2	9	3	15	2	13	2	1	1	10	16	16	3	16	9	10	5	4	7	15	6	6	15	2	7	4	4	8	13	8	9	9	8	16	5	14	7	11	6	3	11	16	13	1	15	3	14	6	15	3	12	13	7	13	6	4	13	8	15	3	9	10	1	6	2	14	15	15	4	1	5	15	15	11	1	10	5	1	4	10	1	12	11	14	1	11	15	4	13	4	7	5	7	2	4	16	8	13	15	9	4	6	8	10	10	12	8	16	8	7	12	9	11	15	15	1	3	4	15	9	9	3	5	1	9	8	12	12	4	15	11	4	14	12	1	4	2	10	2	8	12	12	7	15	6	9	12	14	12	8	14	16	13	3	12	5	14	2	7	5	6	13	3	7	5	4	6	13	9	14	2	16	8	3	16	8	11	13	1	6	8	4	7	4	13	3	16	9	6	16	2	3	1	16	12	15	6	14	6	15	9	8	13	8	1	13	7	3	16	7	12	4	1	7	10	12	12	3	10	7	5	7	16	8	15	16	10	13	11	6	3	9	4	4	3	6	13	9	14	6	5	4	4	1	15	8	15	14	1	5	10	8	7	10	2	8	4	6	1	12	9	11	12	15	13	15	15	16	14	11	4	13	4	2	10	12	1	3	14	4	1	4	8	16	10	7	4	6	9	10	14	15	14	10	15	3	6	12	7	9	4	10	6	15	11	12	9	5	13	9	8	13	13	5	11	11	14	1	4	8	12	6	8	7	16	6	8	7	5	7	12	15	12	6	8	14	12	9	16	5	4	10	4	15	11	9	6	7	14	6	3	14	3	13	3	15	1	7	15	12	5	13	10	15	13	5	12	7	3	12	10	11	11	16	10	12	3	1	13	1	11	7	2	5	5	11	6	3	2	4	13	16	9	11	9	10	3	12	16	8	3	1	11	4	10	3	16	4	12	4	12	13	16	16	13	7	16	12	6	3	12	11	13	7	4	9	15	13	1	7	6	11	1	9	15	8	14	1	7	3	4	7	5	5	10	5	7	7	3	4	11	13	6	10	3	11	14	13	2	7	4	14	7	9	8	9	14	8	15	6	1	6	10	16	10	16	15	16	7	13	11	6	8	14	10	4	4	3	14	2	14	9	16	15	13	4	11	3	6	12	16	11	13	9	13	7	11	13	10	12	13	6	4	5	2	5	14	13	8	3	16	16	16	13	15	4	6	2	4	7	1	12	1	10	14	2	10	4	3	11	5	9	10	12	6	13	13	10	7	13	10	1	3	1	6	1	13	9	1	5	1	1	10	16	12	2	6	15	2	9	15	1	5	16	3	13	12	10	16	15	2	14	7	13	4	7	11	2	1	7	7	13	12	10	12	12	1	13	13	4	8	14	4	6	4	5	12	11	15	3	12	16	8	5	2	16	15	16	15	9	6	2	16	7	5	12	10	12	7	16	9	11	5	11	16	1	12	6	2	15	13	9	12	11	13	9	11	4	5	9	11	1	6	5	5	11	12	5	11	2	5	5	9	7	5	8	5	14	12	15	4	12	1	10	6	5	10	8	12	10	10	16	2	11	12	15	8	2	12	9	15	10	7	14	16	4	4	4	15	4	4	16	3	1	3	1	10	13	13	5	12	3	15	6	8	4	1	11	3	4	16	5	2	13	4	14	7	5	13	12	10	3	15	13	1	7	5	3	8	5	8	5	6	14	13	6	8	10	7	6	14	7	1	13	6	1	3	4	8	4	6	5	5	10	13	16	9	4	14	9	5	14	2	12	16	1	6	10	3	8	16	15	5	5	14	6	1	1	8	11	12	11	13	3	9	1	3	8	8	2	15	11	6	2	2	15	6	6	8	12	1	11	1	16	10	2	8	12	9	9	15	1	11	16	15	8	8	2	15	2	12	10	2	14	4	9	4	14	4	4	5	8	5	14	14	15	1	2	13	1	9	10	12	12	9	3	8	5	16	6	4	1	10	8	6	4	11	7	9	4	6	5	4	12	1	7	7	15	14	6	6	9	10	4	9	10	14	13	8	4	4	8	10	12	10	13	15	2	13	6	9	12	10	9	13	1	16	10	15	9	6	16	2	11	3	13	8	1	4	15	1	16	8	4	9	4	3	9	12	11	3	6	5	3	2	13	9	13	4	3	10	6	9	8	7	2	1	7	9	16	10	12	15	4	1	7	3	1	13	13	9	7	14	5	5	5	10	12	14	6	16	5	11	8	1	6	9	8	1	1	3	2	7	14	10	7	14	3	8	5	16	6	5	3	16	6	10	6	8	12	4	12	13	2	9	11	2	5	8	16	7	4	9	13	12	8	1	12	16	2	8	11	7	7	5	9	16	12	2	5	12	14	16	6	5	11	12	7	5	1	2	13	15	14	4	15	3	6	9	14	5	15	15	6	1	1	10	11	10	2	5	3	8	8	14	5	11	14	9	15	7	8	1	5	12	15	9	13	8	9	15	9	2	6	13	4	10	15	10	12	10	1	15	7	5	12	15	9	13	10	9	5	1	4	13	14	15	10	15	16	6	11	1	11	14	13	13	8	4	16	1	12	6	8	5	3	13	9	1	9	14	9	15	9	3	6	3	16	8	11	11	6	14	4	8	8	14	16	12	6	4	5	5	4	12	11	10	11	9	11	8	14	4	7	7	2	9	15	6	16	7	1	10	13	9	7	12	7	13	6	2	7	16	3	7	2	13	2	8	15	5	9	9	13	2	12	3	7	11	12	11	8	11	3	12	5	8	4	11	3	9	5	5	10	4	5	7	1	14	11	2	8	15	5	1	12	11	4	2	12	7	1	10	9	5	13	3	10	6	11	15	14	7	13	12	14	12	5	13	1	15	2	4	5	4	5	1	8	12	7	6	16	6	8	15	14	11	16	11	14	8	6	14	4	9	8	15	7	2	11	15	13	3	1	8	15	9	8	14	6	6	16	12	12	1	7	6	7	7	14	8	11	12	8	10	6	1	16	2	2	4	15	7	13	7	13	2	3	10	8	2	9	16	13	11	14	2	11	13	6	14	5	16	5	2	4	11	8	16	5	12	4	14	13	15	12	2	16	10	9	9	6	4	2	3	3	6	7	12	12	5	2	15	13	11	16	1	14	3	4	7	2	14	3	1	3	16	7	6	6	15	9	2	1	14	14	12	8	2	14	7	3	1	5	7	7	6	4	3	2	10	2	5	2	5	11	5	5	14	5	5	3	6	10	9	3	4	1	16	1	7	12	5	15	8	13	14	9	7	14	14	5	10	5	14	3	12	12	2	2	6	16	14	6	1	15	11	16	10	10	3	14	6	11	14	12	11	14	1	12	1	3	3	13	11	6	14	6	14	16	9	13	4	11	6	5	15	16	16	1	8	12	5	5	4	2	10	13	11	2	11	5	6	10	13	4	8	1	12	8	9	6	6	5	3	10	7	11	12	9	6	7	16	13	15	7	14	5	1	12	15	1	11	16	14	13	7	14	14	13	12	16	5	1	16	3	6	15	12	13	8	13	6	2	11	9	9	14	8	14	10	13	15	11	11	11	1	2	2	3	16	7	11	8	10	16	13	4	15	8	8	15	4	4	2	5	2	15	1	16	3	15	15	9	13	4	16	6	9	1	5	1	11	12	16	7	14	13	10	3	14	4	16	14	5	11	16	14	7	6	7	7	11	15	9	16	11	10	10	3	8	10	14	1	6	5	8	14	13	7	16	2	8	13	1	3	1	14	15	8	8	1	1	11	15	9	6	10	13	16	3	5	9	9	14	16	4	9	4	9	4	10	15	3	3	1	10	10	5	8	12	14	4	3	14	16	5	1	3	15	2	15	14	5	12	12	3	8	1	6	1	6	15	14	3	12	7	1	6	4	3	4	6	2	12	14	1	3	2	4	2	9	3	8	6	6	6	12	8	8	5	5	14	2	2	3	14	13	11	5	15	14	15	2	13	4	6	4	6	9	1	6	16	16	1	8	7	7	8	13	13	4	5	3	16	11	14	3	12	16	12	1	8	9	13	9	7	5	8	12	11	10	4	1	3	2	4	7	15	4	5	16	5	1	7	5	7	3	5	16	7	4	11	10	12	12	7	3	16	4	14	2	9	10	1	3	6	13	1	5	12	15	1	1	3	4	2	6	9	7	16	3	3	15	15	12	2	11	13	2	14	13	11	4	7	5	11	3	2	3	6	1	15	7	15	3	1	2	14	9	13	2	13	3	10	8	4	15	8	16	7	6	12	14	6	3	2	1	13	1	12	1	14	7	13	6	6	11	3	2	1	7	7	13	15	13	14	10	2	14	1	5	1	14	12	4	8	2	16	3	10	2	13	10	16	14	11	12	5	3	1	15	11	6	8	11	9	10	11	5	10	2	13	3	7	6	9	2	16	16	1	5	16	12	1	6	8	11	3	4	3	4	15	15	5	7	5	5	2	10	3	14	1	14	6	9	13	3	14	1	10	1	6	10	14	15	6	6	10	2	10	3	12	7	11	3	5	10	11	13	14	4	11	8	9	1	15	16	3	1	14	10	2	4	4	12	10	2	15	8	15	14	13	1	5	5	6	3	8	14	6	7	2	7	13	4	16	13	11	2	15	10	12	11	5	5	4	12	7	7	8	3	8	1	3	1	7	2	11	2	15	10	3	13	16	6	1	15	7	1	12	7	1	2	8	2	12	16	5	9	5	16	3	6	8	2	5	10	16	8	11	11	6	6	15	3	4	12	14	2	1	14	7	6	5	11	11	13	11	3	7	4	8	5	10	16	12	9	14	8	16	10	7	8	15	9	13	4	9	5	9	10	3	13	8	4	10	8	1	13	9	10	6	2	10	2	6	14	3	13	15	1	5	5	16	9	6	10	2	9	11	1	4	8	4	4	4	10	10	12	10	14	9	1	14	13	15	3	16	9	11	5	11	3	8	6	10	3	14	3	5	10	10	11	6	9	1	5	7	9	3	14	11	5	16	12	4	11	12	4	2	11	6	5	6	5	7	2	5	12	2	11	1	10	1	5	15	4	10	16	1	3	11	4	6	10	10	16	1	15	2	2	15	15	12	5	16	2	6	5	8	10	2	3	6	15	5	10	11	4	7	10	5	5	9	13	13	6	8	14	6	14	16	3	6	5	13	11	5	8	16	9	1	7	6	9	14	14	9	2	15	11	15	14	12	8	8	12	14	4	15	4	5	7	11	16	2	11	3	13	9	11	5	8	4	12	6	8	13	2	7	1	16	10	1	5	9	7	5	5	1	7	12	2	8	10	7	8	16	3	14	9	16	11	5	7	15	10	14	5	3	3	16	2	10	15	6	11	7	3	2	3	10	11	2	1	1	11	14	13	4	10	10	11	15	3	8	2	13	15	8	3	14	5	7	1	15	14	14	11	10	14	6	1	6	4	8	15	1	5	10	6	13	11	9	7	4	15	15	1	4	6	15	15	2	2	10	11	16	2	7	8	14	1	12	1	12	16	7	9	15	2	14	16	3	15	7	2	2	7	11	15	15	7	5	5	14	6	13	9	14	14	3	8	5	1	11	10	6	4	8	12	14	4	16	5	16	10	10	6	4	9	16	9	16	5	5	5	16	12	10	1	10	3	16	3	1	6	14	8	12	10	4	16	12	6	1	6	12	1	14	15	11	15	6	12	6	12	3	5	11	7	5	11	3	5	12	12	9	13	3	9	10	6	11	5	7	13	15	14	8	5	16	1	13	3	14	10	3	12	8	11	15	12	9	7	8	1	16	1	9	15	3	8	7	11	3	11	3	15	16	5	14	10	15	7	15	2	5	5	10	5	11	11	3	8	1	7	8	5	8	8	16	2	2	15	1	4	4	4	3	13	16	1	13	8	16	5	13	1	15	11	15	1	14	13	5	13	11	14	11	14	16	15	10	4	6	5	10	13	6	5	11	2	5	6	9	3	7	10	4	4	5	1	2	7	15	8	6	10	12	14	2	10	15	3	4	8	14	14	9	13	3	4	15	15	6	7	13	4	1	7	5	15	2	10	8	9	3	6	16	15	16	10	4	4	3	3	3	8	11	2	1	1	10	14	13	7	3	7	5	5	2	13	11	14	2	4	16	12	12	3	6	15	5	10	5	5	1	15	2	13	5	11	1	11	2	8	1	15	1	16	9	11	11	5	8	4	5	16	6	9	5	8	7	5	10	8	9	16	8	5	16	12	12	6	8	2	2	9	15	4	16	4	1	11	10	11	9	1	10	12	10	5	11	5	2	16	2	2	1	14	13	16	16	11	14	6	6	14	5	10	14	14	6	8	4	16	13	16	5	15	3	5	5	6	9	8	5	3	2	3	8	12	16	7	9	5	16	10	12	11	2	15	10	9	2	9	12	16	16	16	5	5	4	8	13	11	14	5	7	8	7	6	2	8	5	9	6	10	15	3	5	16	6	1	3	8	10	11	10	4	6	6	16	4	4	4	4	10	5	13	8	16	1	15	10	2	15	12	1	3	12	16	16	15	5	6	4	8	3	11	16	11	2	11	14	4	12	8	11	5	11	11	2	13	14	7	1	8	16	1	6	8	5	13	3	9	12	9	12	7	11	6	1	5	7	12	16	4	1	14	3	16	2	7	9	13	16	16	9	15	10	7	11	8	10	8	16	5	11	16	11	5	8	7	9	6	5	9	1	7	8	13	8	8	1	5	2	9	2	5	4	3	15	4	1	3	6	1	2	1	9	10	6	12	1	4	15	1	1	7	1	1	9	12	11	6	4	2	2	15	15	16	11	15	4	16	10	2	5	4	16	15	15	1	12	3	7	9	8	3	10	9	14	5	4	11	16	9	7	6	7	6	5	7	5	4	9	15	7	2	13	15	7	2	10	5	15	8	15	16	12	3	13	15	4	16	11	4	12	10	4	14	16	4	6	10	10	9	11	2	8	13	10	3	3	13	13	11	16	6	7	13	13	6	6	3	15	13	16	6	13	10	10	3	10	5	16	4	3	13	16	15	6	15	11	1	16	9	4	4	2	8	10	4	1	14	6	1	1	4	11	4	15	16	16	16	11	3	13	14	14	6	16	4	2	14	10	13	9	10	3	10	13	12	13	1	16	4	2	5	11	2	6	14	4	13	14	12	7	4	1	16	11	14	2	9	2	15	10	15	15	9	8	14	5	9	8	16	13	12	6	13	2	2	2	3	16	2	1	15	14	14	5	11	14	7	7	8	11	1	10	9	4	5	6	8	9	14	11	2	7	16	13	10	12	4	16	15	15	7	2	8	4	4	15	10	11	9	9	3	13	6	5	14	7	13	9	5	9	1	11	10	9	7	3	6	4	5	12	10	3	12	9	14	4	4	12	9	8	3	7	14	16	5	16	16	4	16	1	3	6	14	14	5	8	9	10	1	15	10	9	4	13	10	12	15	13	14	2	12	3	12	10	6	9	14	13	11	15	9	1	3	2	7	8	12	16	3	14	16	10	1	16	8	12	5	12	8	16	16	9	1	14	10	9	6	10	10	6	9	8	3	5	1	14	11	5	16	7	15	16	7	4	14	16	11	2	7	4	8	3	1	5	3	9	6	5	9	3	1	14	13	12	3	12	5	12	3	5	4	5	16	13	10	13	16	8	10	2	11	16	6	4	4	11	15	3	5	10	12	2	13	13	6	3	6	12	6	4	3	9	11	13	11	11	7	1	3	3	12	4	5	9	3	12	14	12	6	7	7	12	4	5	5	2	11	5	10	1	2	8	14	16	7	6	10	1	10	8	13	3	2	4	8	10	7	10	9	3	1	13	7	4	10	11	10	1	7	16	10	3	8	6	6	12	8	10	7	1	10	7	14	1	8	1	13	8	1	4	5	15	9	10	11	9	3	7	3	15	11	3	6	5	14	10	1	9	10	11	13	16	1	14	11	7	6	8	12	3	9	12	14	6	16	8	2	3	11	16	9	3	4	8	9	7	6	1	8	6	16	8	5	9	9	10	4	3	3	4	14	3	15	11	5	10	13	1	4	13	16	3	15	3	1	8	9	4	15	15	11	7	13	2	4	10	8	14	3	5	7	6	11	2	3	14	16	1	7	2	9	13	3	13	6	16	5	2	3	16	8	4	3	10	4	7	15	10	1	4	5	13	3	15	15	16	5	5	14	5	16	7	5	4	5	12	10	10	7	5	6	8	3	14	6	14	2	16	7	15	13	6	6	16	4	7	9	12	14	5	8	4	7	3	12	10	12	13	8	9	10	14	10	13	2	5	3	9	9	5	11	12	11	10	12	11	12	3	5	9	13	3	14	13	6	7	4	12	14	1	4	12	8	5	3	12	1	4	10	8	6	7	1	1	14	1	3	2	13	11	5	11	2	1	6	14	4	5	15	5	5	11	5	12	8	6	3	2	14	6	11	10	16	5	6	14	14	10	7	9	5	2	2	9	13	3	13	1	8	2	1	16	4	3	3	14	2	12	8	2	16	16	11	13	9	15	12	2	11	16	8	9	3	7	2	10	3	9	10	16	16	5	5	12	16	11	8	13	12	12	12	12	3	6	11	6	4	5	15	14	16	2	5	9	8	2	7	5	9	3	9	4	16	9	4	4	2	2	11	4	14	16	11	3	1	4	13	8	13	2	11	12	1	4	15	5	13	11	12	2	5	4	8	8	8	12	15	5	2	6	5	11	16	4	9	4	5	9	7	12	12	14	10	10	16	1	1	1	12	2	12	8	4	8	8	13	7	9	9	2	5	11	9	3	3	15	14	3	15	7	5	14	13	6	2	13	15	15	13	15	8	8	13	11	8	2	6	14	13	9	6	2	14	3	12	10	7	9	15	9	11	4	7	6	10	8	13	12	6	8	5	4	6	16	7	6	7	6	3	2	3	11	3	2	10	4	5	4	4	8	2	11	16	9	15	7	12	5	5	12	6	5	11	3	3	11	4	10	6	7	16	11	6	6	3	14	1	1	12	5	5	14	1	8	2	6	2	12	10	14	15	2	16	3	11	16	16	6	14	16	11	9	1	15	7	2	13	7	14	15	5	3	16	9	10	6	16	10	14	14	4	14	8	16	1	7	13	13	4	13	7	13	2	14	9	12	11	13	10	16	9	6	9	13	12	7	16	11	9	7	14	15	15	11	16	10	2	14	14	13	13	4	5	9	10	2	3	6	12	3	2	12	1	4	6	10	13	3	10	14	3	2	14	3	11	10	10	15	1	6	4	15	9	1	2	3	13	2	6	4	3	8	10	9	5	5	9	11	2	7	14	10	1	9	4	6	1	6	12	3	9	4	16	14	12	15	1	3	16	14	16	3	13	7	2	6	8	14	16	13	2	6	7	6	13	1	6	15	6	14	16	15	13	5	8	2	13	8	15	16	5	3	5	16	9	11	6	7	16	11	4	9	14	6	12	1	3	10	
740	240	730	760	890	520	700	500	420	620	980	1000	120	650	930	920	820	690	930	240	840	880	430	110	560	580	900	100	750	200	880	430	480	350	350	570	980	900	640	240	320	150	960	220	620	400	840	760	170	440	380	300	890	240	900	620	380	930	680	680	520	240	390	870	650	650	840	430	130	460	110	510	960	720	820	750	680	250	100	820	500	560	770	190	640	1000	830	650	560	940	290	420	500	890	830	840	870	760	910	490	140	710	130	450	430	210	750	630	390	860	570	820	270	740	980	470	660	940	740	750	830	120	190	630	460	770	170	890	460	360	920	900	690	630	260	130	810	680	870	150	330	350	510	830	840	380	910	670	960	210	700	930	310	180	710	420	220	900	270	740	150	320	980	300	430	280	420	860	560	140	940	400	680	230	820	160	200	290	770	320	190	150	640	690	670	730	990	770	920	480	840	790	150	650	640	690	970	1000	970	170	630	470	550	390	950	880	790	500	830	690	140	270	150	340	990	970	470	370	860	950	720	750	170	380	270	490	300	100	880	210	690	820	400	960	810	910	380	270	670	810	550	420	210	530	930	590	470	130	580	100	620	580	660	600	330	650	510	390	790	230	510	870	960	680	390	220	460	700	860	460	410	620	850	490	630	700	460	370	730	150	730	590	670	990	120	1000	400	330	850	940	190	710	760	1000	100	230	560	450	810	300	1000	530	750	430	310	980	780	190	440	330	550	590	790	980	330	180	810	110	580	700	170	200	600	770	960	810	800	380	940	100	930	350	210	430	220	160	480	260	240	400	210	770	220	920	430	930	250	280	600	750	540	830	850	680	410	780	920	460	220	290	160	180	430	930	220	960	440	780	550	100	930	100	360	190	580	310	140	780	250	480	840	560	480	860	630	640	470	960	510	350	940	860	460	440	280	650	960	710	320	900	260	870	440	600	630	350	910	880	480	710	420	700	430	370	560	840	660	180	490	210	190	270	640	370	720	900	170	940	220	450	840	800	750	320	730	430	900	530	990	620	500	630	100	120	400	840	840	560	860	770	310	750	480	510	690	480	100	660	420	410	630	450	710	520	570	490	210	420	380	150	590	110	940	810	290	270	500	940	330	840	390	300	580	760	160	980	920	760	810	920	550	860	570	330	850	110	800	900	590	130	450	190	700	950	230	800	540	740	420	290	420	380	670	310	300	740	670	400	980	120	560	380	200	230	630	640	920	230	380	290	610	210	660	450	870	250	350	750	930	610	120	410	310	640	290	130	400	600	540	590	740	320	520	160	710	550	220	300	120	200	740	150	460	790	420	250	260	180	790	650	310	600	710	770	500	970	970	610	310	670	750	390	590	210	520	940	490	740	730	630	360	970	280	140	460	160	850	560	770	440	860	600	960	120	620	360	350	340	750	270	970	250	920	310	530	860	190	920	620	470	660	280	300	810	780	290	440	880	270	110	640	680	650	630	190	100	110	880	850	630	720	890	680	350	990	400	770	790	550	200	320	730	170	960	910	710	700	710	380	360	590	750	680	230	200	110	800	600	110	870	300	200	150	100	430	130	230	700	290	820	790	730	560	550	660	520	710	830	500	270	470	400	190	340	900	710	240	960	720	290	220	580	240	860	480	500	230	250	180	730	450	110	630	650	410	540	170	540	260	740	940	380	530	270	740	790	460	670	210	470	160	280	580	810	350	510	990	910	970	180	360	480	870	420	830	580	990	230	730	310	720	980	690	880	410	680	690	710	630	930	610	140	260	200	170	930	110	640	360	600	760	440	820	830	720	220	320	230	990	760	610	930	910	760	670	190	240	130	560	520	280	850	100	730	110	820	660	230	780	850	950	180	520	520	660	960	620	670	700	850	550	770	390	190	790	200	990	170	780	520	510	260	590	440	960	280	560	590	880	820	660	680	900	350	610	840	740	590	570	420	340	600	160	710	690	910	350	710	830	260	490	410	620	600	420	900	150	670	830	890	830	820	210	890	600	610	900	390	170	590	790	930	930	920	600	230	830	730	700	1000	670	710	740	380	620	450	470	880	640	580	350	170	590	430	440	900	490	570	340	800	970	530	910	180	690	840	720	640	270	790	400	620	530	720	630	760	500	920	770	830	360	120	240	400	920	280	230	200	930	440	930	500	250	170	590	510	530	120	410	620	820	350	270	640	220	520	250	650	900	250	530	590	160	700	540	750	140	400	940	520	670	770	580	330	920	860	240	840	690	430	810	670	220	530	590	780	220	880	720	840	890	390	750	910	590	200	810	420	800	350	680	960	130	390	640	330	160	370	640	660	220	140	160	660	380	1000	1000	480	300	280	800	180	600	520	650	910	620	890	400	360	230	410	520	840	380	790	120	550	920	340	770	990	260	930	790	500	880	790	590	710	800	600	300	690	920	370	640	130	140	440	370	1000	920	480	140	130	750	630	400	270	540	170	990	1000	180	700	280	350	680	250	540	620	650	440	910	900	170	130	850	260	820	540	670	840	520	890	960	960	430	180	990	500	700	250	800	680	720	890	530	970	1000	800	790	210	380	230	470	220	470	300	630	220	710	770	690	110	650	790	770	260	810	820	410	710	200	130	520	640	990	750	710	820	270	550	910	410	140	650	330	950	430	260	200	460	140	350	810	990	560	310	320	240	200	420	440	390	660	690	440	710	630	120	440	580	590	840	720	730	420	980	500	760	190	280	980	470	620	950	730	550	180	700	140	270	700	470	850	360	610	170	290	970	640	820	230	440	710	830	430	150	100	710	420	380	820	590	750	910	880	710	460	970	710	450	310	730	310	920	130	270	720	830	640	970	830	430	530	750	320	710	670	380	410	400	770	130	430	880	780	760	900	990	520	790	390	930	640	440	670	200	570	150	390	580	870	170	100	980	140	170	680	260	440	710	720	180	280	510	120	330	590	760	460	530	130	980	700	570	550	220	890	350	700	470	180	730	190	760	310	820	370	1000	910	350	210	180	430	510	320	360	870	950	540	590	910	790	790	390	270	560	460	260	810	160	810	830	310	320	120	540	210	600	210	990	870	630	100	880	540	200	630	920	880	810	230	370	790	560	480	780	180	250	660	860	210	380	490	660	730	810	510	560	240	190	920	740	960	590	530	180	130	970	360	570	460	840	750	120	800	610	280	880	980	600	460	260	700	340	260	140	790	680	900	160	330	690	880	350	530	760	830	740	500	600	540	420	940	700	450	620	740	430	650	320	750	600	900	380	700	760	140	280	880	530	310	350	100	770	410	450	400	140	650	600	140	230	740	880	740	300	470	180	760	970	510	960	940	770	1000	830	570	870	530	910	340	1000	490	430	990	660	150	420	660	810	730	230	800	290	170	120	200	230	180	490	820	580	940	550	580	560	720	170	510	690	850	230	300	480	410	510	600	170	770	140	540	180	830	460	770	100	950	630	320	570	230	310	340	650	790	730	270	860	430	650	540	800	600	270	530	940	810	660	440	570	950	490	890	950	1000	780	850	690	300	290	420	810	830	770	660	570	750	570	290	760	760	490	360	290	710	690	250	180	480	520	970	340	580	580	360	600	310	960	670	260	300	160	320	130	290	570	650	760	980	910	750	240	450	780	530	170	680	710	930	460	320	720	430	570	140	690	860	120	320	140	710	680	620	900	670	690	260	560	340	970	490	750	100	550	850	330	120	750	160	550	550	490	290	470	370	640	960	430	600	790	730	890	270	960	810	850	840	960	740	350	480	100	300	230	320	340	470	290	950	520	660	390	850	210	870	650	640	890	370	310	370	680	760	530	990	820	760	180	410	810	300	840	610	360	260	450	280	220	320	420	630	670	490	940	950	110	540	480	200	970	930	840	360	360	950	910	950	160	940	500	780	870	390	460	520	380	260	950	530	560	980	230	940	150	930	210	130	240	740	880	690	650	170	490	390	350	390	390	650	280	950	420	270	360	980	920	580	680	550	850	710	160	920	490	520	650	210	520	810	700	550	1000	760	760	320	450	930	450	790	940	560	110	870	850	870	750	930	960	640	800	450	900	730	200	580	950	600	760	290	650	580	330	460	300	730	750	370	930	520	390	630	680	400	830	920	840	490	980	610	910	350	450	450	300	440	930	280	560	150	550	750	140	730	720	490	290	530	270	1000	640	490	970	230	570	190	190	410	880	920	720	210	460	900	420	920	530	280	290	210	860	270	410	530	420	100	440	770	210	750	550	940	720	830	510	480	590	240	400	310	860	980	910	330	920	910	660	510	810	630	660	180	510	850	580	520	770	740	850	280	260	170	240	690	600	540	960	200	600	440	100	980	190	770	630	910	950	530	260	410	340	620	380	270	450	1000	270	920	810	370	220	250	580	870	880	180	700	210	450	590	170	350	820	390	970	650	300	510	250	860	780	130	750	510	140	690	340	480	240	700	500	690	820	800	270	220	770	840	570	860	910	860	440	720	380	950	320	810	850	150	860	600	600	960	820	310	910	200	120	810	170	640	790	580	400	980	330	550	720	310	160	720	900	200	150	290	750	180	190	270	780	820	620	750	550	1000	930	480	760	740	220	190	690	360	180	610	540	950	220	750	120	430	930	640	640	550	890	520	660	930	780	140	190	470	100	880	330	980	340	620	350	170	970	660	690	130	540	800	580	200	100	820	350	770	900	210	790	470	380	830	690	300	300	800	790	650	400	680	450	290	540	340	850	130	150	490	880	530	560	150	800	830	570	910	920	700	550	570	820	760	420	550	750	950	140	590	550	760	900	690	970	930	750	130	760	360	930	640	450	980	250	930	810	900	960	160	670	440	680	760	890	830	210	960	320	550	270	370	190	850	800	580	470	550	710	490	170	1000	490	100	860	510	450	270	100	690	390	130	270	180	670	480	140	590	480	810	710	430	410	600	100	780	410	870	940	610	130	840	330	170	770	920	280	530	870	220	130	640	970	760	290	880	700	900	200	370	120	480	230	340	710	450	1000	530	690	640	240	800	290	750	530	470	160	770	210	300	920	870	940	240	320	840	670	440	530	530	910	980	740	760	670	330	110	570	550	990	970	450	810	910	260	330	460	750	410	530	880	580	330	940	920	660	460	470	240	240	530	320	600	710	800	600	670	1000	450	940	410	650	530	310	340	510	910	770	760	180	840	160	870	400	400	870	430	610	840	880	470	160	420	940	130	570	520	870	1000	240	930	500	900	160	150	930	340	340	280	330	810	670	650	550	460	390	790	370	280	940	490	180	310	520	910	150	790	980	220	860	390	960	280	790	590	220	680	280	840	590	700	460	170	130	510	280	120	440	800	820	880	440	570	210	930	760	640	210	760	940	640	760	750	850	510	870	400	250	820	840	980	430	520	470	750	520	980	670	370	530	790	170	750	660	300	930	570	520	340	460	670	410	300	680	850	340	220	690	430	560	460	560	790	480	960	400	840	310	430	250	510	700	970	470	470	540	880	810	960	330	420	550	160	360	380	1000	610	130	880	580	450	650	300	470	780	670	460	380	760	310	280	220	770	230	780	120	810	980	200	260	780	500	420	780	430	710	170	750	870	380	760	350	960	510	330	730	960	960	640	800	870	210	160	390	480	770	320	370	250	500	640	340	510	830	140	300	200	530	460	850	610	700	780	560	860	420	820	820	100	270	230	830	780	280	130	640	210	570	800	810	520	230	590	280	900	490	440	770	490	910	740	520	470	410	480	890	670	160	980	490	780	470	780	630	190	450	420	570	910	820	320	840	190	260	660	980	560	200	910	540	560	210	720	520	870	430	690	1000	170	110	620	680	420	470	840	950	190	660	480	710	460	740	580	100	630	610	850	520	570	1000	860	720	640	730	840	520	390	330	300	350	710	140	670	310	400	800	400	670	780	910	760	380	500	280	790	930	300	820	760	160	360	830	850	750	250	680	660	570	280	930	940	880	980	520	970	570	770	750	700	440	360	400	310	780	680	430	130	340	690	610	160	780	990	780	980	640	830	920	830	400	330	790	280	460	180	710	260	910	470	100	340	860	220	1000	710	530	390	470	690	300	780	190	910	450	770	440	360	340	670	600	610	890	820	210	530	450	220	630	590	420	860	560	100	310	790	120	770	380	520	290	600	410	450	430	590	160	220	530	260	240	900	240	790	830	860	340	900	600	550	260	430	450	570	580	440	480	180	780	360	310	410	320	360	400	740	220	490	1000	820	160	120	100	630	660	370	580	250	360	760	930	820	680	730	250	260	840	690	750	310	780	370	350	760	160	690	310	710	100	290	820	490	420	410	440	690	180	160	860	400	740	410	750	440	320	210	830	170	160	620	410	790	120	970	560	170	880	890	900	230	510	720	940	640	550	450	360	740	830	960	280	740	430	760	240	350	170	520	610	690	460	790	180	990	440	390	410	580	660	600	800	450	590	860	580	560	740	430	500	940	950	620	420	880	300	450	950	130	410	530	400	180	800	810	180	730	460	190	420	900	110	1000	640	220	120	190	210	660	920	890	850	290	240	870	170	440	290	400	760	780	450	790	220	580	150	140	840	640	120	630	770	180	400	120	570	820	450	930	150	210	880	650	650	250	720	180	250	130	690	950	440	110	690	530	580	660	610	460	430	400	720	700	480	990	890	740	560	140	440	280	870	360	210	870	750	340	650	280	290	290	920	700	920	770	380	880	200	930	560	150	120	420	880	460	730	700	530	710	720	480	950	170	640	840	860	460	770	820	590	570	310	700	220	450	600	220	710	170	460	550	570	940	100	610	280	590	730	780	780	440	400	710	650	170	620	650	940	880	590	640	630	280	370	750	770	190	970	900	800	950	970	580	350	640	320	520	950	170	810	500	930	840	590	110	190	890	210	550	330	640	620	510	680	300	840	340	720	970	130	490	170	560	810	970	770	910	860	500	790	990	840	790	820	850	760	110	660	110	140	600	430	820	530	540	700	680	350	520	440	990	290	980	570	570	230	160	830	300	710	890	840	110	630	660	880	350	180	500	670	370	480	220	630	640	690	850	290	870	880	160	200	840	170	420	330	950	640	460	530	650	380	140	160	260	980	290	780	320	690	400	120	760	510	990	470	480	890	140	290	910	690	190	850	420	350	800	900	410	530	190	950	390	820	690	740	430	950	690	440	560	300	360	990	200	890	790	790	100	630	380	920	960	660	280	200	500	130	170	460	850	450	150	370	540	990	790	930	210	260	130	810	970	570	600	120	740	780	520	900	840	550	230	580	240	360	870	570	960	410	320	860	730	970	300	670	640	410	190	270	380	960	100	420	560	480	900	220	900	550	960	190	690	850	840	900	950	640	940	360	310	400	540	490	650	640	570	950	500	200	540	280	190	590	200	970	890	950	610	660	610	400	770	680	300	460	890	650	640	890	910	570	440	310	990	750	400	710	990	780	660	750	400	630	970	620	130	1000	180	770	650	990	440	960	470	330	880	300	950	340	470	270	440	690	300	480	560	740	720	780	740	710	300	470	370	700	480	610	670	920	940	120	110	800	340	780	190	350	890	520	940	690	790	560	940	240	550	490	770	350	650	170	140	170	790	130	890	760	510	620	770	970	420	400	790	270	460	860	560	590	1000	450	460	580	390	340	800	800	940	690	490	780	690	430	970	100	130	790	660	410	390	630	130	210	530	800	570	690	900	610	280	890	600	990	670	710	800	550	630	380	950	820	310	370	870	310	830	210	670	190	940	820	750	960	660	810	180	670	530	270	550	270	560	780	890	520	230	180	350	440	680	960	310	150	390	270	150	570	960	330	270	820	510	350	550	120	360	530	660	610	520	270	520	160	730	790	190	550	120	710	240	770	380	240	820	300	800	720	140	180	830	350	830	580	130	210	810	990	120	430	250	870	990	290	180	680	810	340	810	500	780	300	720	770	640	900	940	240	370	750	230	350	620	640	860	510	650	410	870	720	900	990	530	100	550	250	340	790	1000	720	850	770	230	880	140	190	180	660	320	670	280	650	560	480	110	280	980	370	770	170	270	750	310	880	760	950	870	370	900	760	650	1000	160	740	490	310	750	760	320	840	870	350	890	950	390	720	790	970	240	230	860	250	950	750	290	690	830	270	400	660	130	480	940	830	630	640	250	580	380	640	930	570	400	210	180	870	920	120	300	380	760	380	840	580	280	310	610	740	790	490	660	460	870	910	880	310	780	680	180	910	450	120	190	860	760	340	260	270	790	310	560	800	310	740	530	950	620	620	280	630	380	430	470	830	720	400	670	580	230	250	480	470	760	220	220	690	730	930	680	920	920	150	220	170	200	1000	1000	110	430	140	300	360	460	640	870	270	960	260	820	160	380	270	530	350	390	870	160	300	210	780	980	830	930	320	390	1000	450	910	360	360	540	450	820	290	790	510	250	110	390	550	130	980	770	420	330	950	720	240	360	320	560	590	830	430	430	400	100	530	490	920	660	910	160	840	670	870	470	410	870	280	590	580	460	220	260	810	160	930	770	860	320	370	650	660	610	610	920	810	310	720	600	160	820	230	990	640	230	860	590	570	110	240	950	320	360	660	400	570	200	120	470	200	790	380	410	560	270	840	480	920	520	1000	300	340	230	170	520	300	320	440	260	840	510	590	950	930	520	810	350	250	910	540	560	260	680	900	600	190	520	350	290	100	680	520	630	940	820	500	310	740	100	970	600	140	290	540	720	440	560	940	220	770	210	290	850	910	990	500	690	300	510	970	550	620	880	880	840	900	290	750	270	780	280	830	250	370	270	640	520	730	620	980	570	280	550	740	650	810	790	550	920	190	790	660	570	450	400	360	130	450	360	700	620	750	190	190	430	110	770	500	510	850	420	550	410	910	960	520	940	610	360	580	860	470	250	380	230	210	470	110	620	950	330	650	300	170	390	670	640	920	580	300	180	550	570	560	180	580	370	570	920	850	620	310	100	420	180	610	380	650	830	390	250	110	740	230	620	670	960	350	840	480	920	740	490	950	500	310	840	720	470	550	980	230	280	660	590	540	380	240	630	920	440	140	130	580	390	510	770	130	540	840	350	760	240	140	220	230	850	550	820	240	450	100	440	920	640	970	620	260	220	320	410	790	410	810	330	890	830	300	520	340	470	900	190	100	780	870	600	400	800	490	980	920	850	350	720	790	100	690	360	120	130	970	980	510	740	190	270	580	930	780	940	750	270	640	230	280	870	650	110	920	900	440	510	340	950	170	210	290	820	880	750	1000	790	320	190	410	990	110	310	890	150	560	320	810	160	980	740	400	880	490	280	260	170	360	750	830	720	370	770	550	890	430	490	540	490	330	880	950	910	910	920	960	710	970	950	760	200	560	850	250	890	980	390	370	530	770	570	310	590	790	370	850	640	620	110	120	650	940	180	580	250	750	830	760	240	870	330	100	440	810	970	750	570	860	310	900	760	710	230	710	580	230	280	330	760	150	880	880	600	120	420	980	490	500	480	370	820	700	550	620	430	100	610	390	690	560	330	710	840	320	710	870	980	600	380	1000	860	790	900	100	940	410	440	740	930	960	680	490	840	970	460	400	820	500	710	750	730	570	870	310	750	140	370	390	310	820	190	220	200	580	640	840	100	450	750	730	140	740	600	340	570	1000	670	860	880	900	300	680	120	590	400	660	280	610	390	600	690	350	300	870	500	440	380	520	390	580	870	200	770	610	180	970	920	870	270	380	550	490	440	210	960	890	890	750	130	850	110	1000	1000	890	170	580	580	120	260	180	550	830	850	110	420	470	340	650	440	500	320	850	420	640	190	530	370	560	120	820	640	450	250	870	720	390	570	860	140	480	220	550	620	690	590	850	120	380	750	610	220	820	190	380	550	240	820	620	130	720	890	480	320	840	640	390	190	610	870	480	210	530	110	870	740	780	330	290	920	920	640	690	940	870	850	830	980	360	750	720	880	900	710	490	670	380	330	780	540	240	810	450	440	230	200	500	970	640	680	940	310	470	990	210	620	630	910	940	390	670	840	360	660	130	990	600	980	780	310	450	450	210	980	600	980	410	490	600	220	700	310	740	830	850	570	480	370	580	810	270	430	220	590	530	670	200	150	160	480	580	150	980	460	150	550	410	730	740	890	670	670	920	360	100	360	730	560	390	890	330	340	290	150	900	990	140	890	560	550	360	400	930	790	870	230	610	250	110	520	670	130	470	520	540	870	110	490	280	980	560	640	780	590	380	830	840	480	340	980	490	680	610	590	960	900	500	600	960	750	850	460	480	880	950	180	470	210	210	900	1000	380	810	770	910	570	250	710	840	510	970	300	530	410	740	750	940	190	980	160	440	840	260	350	370	980	970	470	580	670	950	490	770	250	470	840	690	550	150	1000	870	660	890	150	840	400	1000	970	150	730	630	400	560	560	790	640	560	450	610	780	860	410	670	940	470	770	780	1000	780	270	500	280	120	540	720	350	650	670	970	860	990	650	800	990	490	510	290	660	230	350	930	230	250	740	680	570	230	380	540	500	750	880	590	290	760	850	940	270	320	760	500	340	250	220	900	710	130	940	170	950	340	960	100	740	620	820	750	560	870	930	510	320	280	510	110	380	390	160	360	810	690	300	210	870	770	450	510	750	880	940	650	770	760	910	210	410	270	790	980	300	130	340	930	130	820	640	300	1000	780	140	310	400	410	870	930	260	190	790	890	530	970	130	640	410	650	970	280	730	180	550	380	840	770	700	410	770	820	790	230	750	230	460	220	370	930	350	950	670	500	230	470	910	240	130	190	400	120	330	980	190	450	940	690	400	440	920	650	540	930	730	340	980	280	540	840	370	780	420	750	570	730	970	440	340	850	440	650	470	550	710	610	780	340	750	610	280	390	560	360	180	810	530	920	680	160	290	450	370	890	490	180	390	340	660	840	410	800	670	300	630	570	470	200	720	800	570	440	730	100	260	900	250	350	330	970	690	100	290	980	390	650	960	100	920	310	580	400	460	760	360	970	560	700	200	790	630	650	960	740	420	900	560	340	780	210	620	870	570	700	330	420	950	750	920	110	660	410	960	770	990	840	760	460	860	870	720	730	650	750	230	660	590	620	170	520	260	660	710	260	480	430	200	380	810	640	300	590	440	430	570	180	550	420	590	600	850	980	540	400	580	380	740	910	250	700	340	580	100	270	980	490	690	550	160	160	260	410	170	970	210	190	250	990	110	820	200	620	590	600	480	230	820	940	650	560	900	960	440	230	930	610	130	560	420	450	490	690	840	690	700	400	490	340	500	640	620	960	530	700	430	140	300	970	1000	770	350	780	500	180	630	250	790	710	730	500	580	870	250	100	100	140	670	870	390	410	240	830	890	590	110	290	540	840	550	750	700	690	600	180	360	540	710	850	370	120	680	380	270	150	410	190	590	970	390	670	690	620	620	130	630	490	790	480	900	720	590	180	130	680	580	790	270	250	170	370	730	300	660	410	190	850	310	890	710	
100
