1239
60
2
70
0	500	0	0	0	500	0	500	0	0	0	0	0	0	500	0	0	0	0	0	0	500	500	0	0	0	0	0	0	0	0	0	0	0	0	0	0	0	0	0	0	500	0	500	0	0	0	0	0	0	0	0	0	0	0	0	0	0	0	0	
500	0	0	0	0	0	0	0	0	0	0	0	0	0	0	0	0	0	0	0	0	0	0	0	0	0	0	0	0	0	0	0	0	0	0	0	0	0	0	0	0	0	0	0	0	0	500	0	0	0	0	0	0	0	0	0	0	0	0	0	
0	0	0	500	0	0	0	0	0	0	0	0	0	0	0	0	0	0	0	0	0	0	0	0	0	0	0	0	0	0	0	0	0	0	0	0	0	0	0	0	0	0	0	0	0	0	0	0	0	0	0	500	0	0	0	0	0	0	0	0	
0	0	500	0	0	0	0	0	0	0	0	0	0	0	0	0	500	0	0	0	0	0	0	0	0	0	0	0	0	0	0	0	0	0	0	0	0	0	0	0	0	0	0	0	0	0	0	0	0	0	0	0	0	0	0	0	0	0	0	0	
0	0	0	0	0	0	0	0	0	0	0	0	0	0	0	0	500	0	0	0	0	0	0	0	0	0	0	0	0	500	0	0	0	0	0	0	0	0	0	0	0	0	0	0	0	0	0	0	0	0	0	0	0	0	0	0	0	0	0	0	
500	0	0	0	0	0	0	0	0	0	0	500	0	0	0	0	0	0	0	0	0	0	0	0	0	0	0	0	0	0	0	0	0	0	0	0	0	0	0	0	0	0	0	0	0	0	0	0	0	500	0	0	0	0	0	0	0	0	0	0	
0	0	0	0	0	0	0	0	0	0	0	0	0	0	0	0	0	0	0	0	0	0	0	0	0	0	0	500	0	0	0	0	0	0	0	0	0	500	0	0	0	0	0	0	0	0	0	0	0	0	0	0	0	0	0	0	0	0	0	0	
500	0	0	0	0	0	0	0	0	0	0	0	0	0	0	0	0	0	0	0	0	0	0	0	0	0	0	0	0	0	0	500	0	0	0	0	0	0	0	0	0	0	0	0	0	0	0	500	0	0	0	0	0	0	0	0	0	0	0	0	
0	0	0	0	0	0	0	0	0	0	0	500	0	0	0	0	0	0	0	0	0	0	0	0	0	0	0	0	0	0	0	0	0	0	0	0	0	0	0	0	0	0	0	0	0	0	0	0	0	500	0	0	0	0	0	0	0	0	0	0	
0	0	0	0	0	0	0	0	0	0	0	0	0	0	0	0	0	0	0	0	0	0	0	0	0	0	0	0	0	0	0	0	0	500	0	0	0	0	0	0	0	0	0	0	0	0	0	0	0	0	0	0	0	0	0	0	0	500	0	0	
0	0	0	0	0	0	0	0	0	0	0	0	0	0	0	0	0	0	0	0	0	0	0	0	0	0	0	0	0	500	0	0	0	500	0	0	0	0	0	0	0	0	0	0	0	0	0	0	0	0	0	0	0	0	0	0	0	0	0	0	
0	0	0	0	0	500	0	0	500	0	0	0	0	0	0	0	0	0	0	0	0	0	0	0	0	0	0	0	0	0	0	0	0	0	0	0	0	0	0	0	0	0	0	0	0	0	0	0	0	0	0	0	0	0	0	0	0	0	0	0	
0	0	0	0	0	0	0	0	0	0	0	0	0	0	0	0	0	0	0	0	0	0	0	500	0	0	0	0	0	0	0	0	0	0	0	0	0	0	0	0	0	500	0	0	0	0	0	0	0	0	0	0	0	0	0	0	0	0	0	0	
0	0	0	0	0	0	0	0	0	0	0	0	0	0	0	0	0	0	500	0	0	0	0	0	0	0	0	0	0	0	0	0	0	0	0	0	0	0	0	0	0	0	0	0	0	0	500	0	0	0	0	0	0	0	0	0	0	0	0	0	
500	0	0	0	0	0	0	0	0	0	0	0	0	0	0	500	0	0	0	0	0	0	0	0	0	0	0	0	0	0	0	0	0	0	0	0	0	0	0	0	0	0	0	0	0	0	0	0	0	0	0	0	0	0	500	0	0	0	0	0	
0	0	0	0	0	0	0	0	0	0	0	0	0	0	500	0	0	0	0	0	0	0	0	0	0	500	0	0	0	0	0	0	0	0	0	0	0	0	0	0	0	0	0	0	0	0	0	0	0	0	0	0	0	0	0	0	0	0	0	0	
0	0	0	500	500	0	0	0	0	0	0	0	0	0	0	0	0	0	0	0	0	0	0	0	0	0	0	0	0	0	0	0	0	0	0	0	0	0	0	0	0	0	0	0	0	0	0	0	0	0	0	0	0	0	0	0	0	0	0	0	
0	0	0	0	0	0	0	0	0	0	0	0	0	0	0	0	0	0	0	0	0	0	0	0	0	0	0	0	0	0	0	0	0	0	0	0	0	0	0	0	0	0	0	0	0	0	0	0	0	0	0	0	0	500	500	0	0	0	0	0	
0	0	0	0	0	0	0	0	0	0	0	0	0	500	0	0	0	0	0	0	0	0	0	0	0	0	0	0	0	0	0	0	0	0	0	0	0	0	0	0	0	0	0	0	0	0	0	0	0	0	0	0	0	0	0	0	0	500	0	0	
0	0	0	0	0	0	0	0	0	0	0	0	0	0	0	0	0	0	0	0	0	0	0	0	0	0	0	0	500	0	0	0	0	0	0	0	0	0	0	0	0	0	0	0	0	0	0	0	0	0	0	500	0	0	0	0	0	0	0	0	
0	0	0	0	0	0	0	0	0	0	0	0	0	0	0	0	0	0	0	0	0	0	0	0	0	0	0	0	0	0	0	500	0	0	0	0	0	0	0	0	0	0	0	0	0	0	0	500	0	0	0	0	0	0	0	0	0	0	0	0	
500	0	0	0	0	0	0	0	0	0	0	0	0	0	0	0	0	0	0	0	0	0	0	0	0	0	0	0	0	0	0	0	0	0	500	0	0	0	0	0	0	0	0	0	500	0	0	0	0	0	0	0	0	0	0	0	0	0	0	0	
500	0	0	0	0	0	0	0	0	0	0	0	0	0	0	0	0	0	0	0	0	0	0	0	0	0	0	0	0	0	500	0	0	0	0	0	0	0	500	0	0	0	0	0	0	0	0	0	0	0	0	0	0	0	0	0	0	0	0	0	
0	0	0	0	0	0	0	0	0	0	0	0	500	0	0	0	0	0	0	0	0	0	0	0	0	0	0	0	0	0	0	0	0	0	0	0	0	0	0	0	0	0	0	0	0	0	0	0	0	0	0	0	0	0	0	0	0	0	0	500	
0	0	0	0	0	0	0	0	0	0	0	0	0	0	0	0	0	0	0	0	0	0	0	0	0	0	0	0	0	0	0	0	0	0	0	0	0	0	0	500	0	0	0	0	0	0	0	0	0	0	0	0	500	0	0	0	0	0	0	0	
0	0	0	0	0	0	0	0	0	0	0	0	0	0	0	500	0	0	0	0	0	0	0	0	0	0	0	0	0	0	0	0	0	0	0	0	0	0	0	0	0	0	0	0	0	0	0	0	0	0	0	0	0	500	0	0	0	0	0	0	
0	0	0	0	0	0	0	0	0	0	0	0	0	0	0	0	0	0	0	0	0	0	0	0	0	0	0	0	0	0	0	0	0	0	0	0	0	0	0	0	0	0	0	0	500	0	0	0	500	0	0	0	0	0	0	0	0	0	0	0	
0	0	0	0	0	0	500	0	0	0	0	0	0	0	0	0	0	0	0	0	0	0	0	0	0	0	0	0	0	0	0	0	0	0	0	0	0	0	0	0	0	0	0	0	0	0	0	0	0	0	0	0	0	0	0	0	500	0	0	0	
0	0	0	0	0	0	0	0	0	0	0	0	0	0	0	0	0	0	0	500	0	0	0	0	0	0	0	0	0	0	0	0	0	0	0	0	0	0	0	0	0	0	0	0	0	0	0	0	0	0	0	0	0	0	0	0	500	0	0	0	
0	0	0	0	500	0	0	0	0	0	500	0	0	0	0	0	0	0	0	0	0	0	0	0	0	0	0	0	0	0	0	0	0	0	0	0	0	0	0	0	0	0	0	0	0	0	0	0	0	0	0	0	0	0	0	0	0	0	0	0	
0	0	0	0	0	0	0	0	0	0	0	0	0	0	0	0	0	0	0	0	0	0	500	0	0	0	0	0	0	0	0	0	0	0	0	0	0	0	500	0	0	0	0	0	0	0	0	0	0	0	0	0	0	0	0	0	0	0	0	0	
0	0	0	0	0	0	0	500	0	0	0	0	0	0	0	0	0	0	0	0	500	0	0	0	0	0	0	0	0	0	0	0	0	0	0	0	0	0	0	0	0	0	0	0	0	0	0	0	0	0	0	0	0	0	0	0	0	0	0	0	
0	0	0	0	0	0	0	0	0	0	0	0	0	0	0	0	0	0	0	0	0	0	0	0	0	0	0	0	0	0	0	0	0	0	0	0	0	0	0	0	0	0	500	0	0	0	0	0	0	0	0	0	500	0	0	0	0	0	0	0	
0	0	0	0	0	0	0	0	0	500	500	0	0	0	0	0	0	0	0	0	0	0	0	0	0	0	0	0	0	0	0	0	0	0	0	0	0	0	0	0	0	0	0	0	0	0	0	0	0	0	0	0	0	0	0	0	0	0	0	0	
0	0	0	0	0	0	0	0	0	0	0	0	0	0	0	0	0	0	0	0	0	500	0	0	0	0	0	0	0	0	0	0	0	0	0	0	0	0	0	0	0	0	0	0	0	0	0	0	500	0	0	0	0	0	0	0	0	0	0	0	
0	0	0	0	0	0	0	0	0	0	0	0	0	0	0	0	0	0	0	0	0	0	0	0	0	0	0	0	0	0	0	0	0	0	0	0	0	500	0	0	500	0	0	0	0	0	0	0	0	0	0	0	0	0	0	0	0	0	0	0	
0	0	0	0	0	0	0	0	0	0	0	0	0	0	0	0	0	0	0	0	0	0	0	0	0	0	0	0	0	0	0	0	0	0	0	0	0	0	0	0	0	0	500	0	0	500	0	0	0	0	0	0	0	0	0	0	0	0	0	0	
0	0	0	0	0	0	500	0	0	0	0	0	0	0	0	0	0	0	0	0	0	0	0	0	0	0	0	0	0	0	0	0	0	0	0	500	0	0	0	0	0	0	0	0	0	0	0	0	0	0	0	0	0	0	0	0	0	0	0	0	
0	0	0	0	0	0	0	0	0	0	0	0	0	0	0	0	0	0	0	0	0	0	500	0	0	0	0	0	0	0	500	0	0	0	0	0	0	0	0	0	0	0	0	0	0	0	0	0	0	0	0	0	0	0	0	0	0	0	0	0	
0	0	0	0	0	0	0	0	0	0	0	0	0	0	0	0	0	0	0	0	0	0	0	0	500	0	0	0	0	0	0	0	0	0	0	0	0	0	0	0	0	0	0	0	0	0	0	0	0	0	0	0	0	0	0	0	0	0	0	500	
0	0	0	0	0	0	0	0	0	0	0	0	0	0	0	0	0	0	0	0	0	0	0	0	0	0	0	0	0	0	0	0	0	0	0	500	0	0	0	0	0	0	0	0	0	500	0	0	0	0	0	0	0	0	0	0	0	0	0	0	
500	0	0	0	0	0	0	0	0	0	0	0	500	0	0	0	0	0	0	0	0	0	0	0	0	0	0	0	0	0	0	0	0	0	0	0	0	0	0	0	0	0	0	0	0	0	0	0	0	0	0	0	0	0	0	0	0	0	0	0	
0	0	0	0	0	0	0	0	0	0	0	0	0	0	0	0	0	0	0	0	0	0	0	0	0	0	0	0	0	0	0	0	500	0	0	0	500	0	0	0	0	0	0	0	0	0	0	0	0	0	0	0	0	0	0	0	0	0	0	0	
500	0	0	0	0	0	0	0	0	0	0	0	0	0	0	0	0	0	0	0	0	0	0	0	0	0	0	0	0	0	0	0	0	0	0	0	0	0	0	0	0	0	0	0	0	0	0	0	0	0	0	0	0	0	0	500	0	0	500	0	
0	0	0	0	0	0	0	0	0	0	0	0	0	0	0	0	0	0	0	0	0	500	0	0	0	0	500	0	0	0	0	0	0	0	0	0	0	0	0	0	0	0	0	0	0	0	0	0	0	0	0	0	0	0	0	0	0	0	0	0	
0	0	0	0	0	0	0	0	0	0	0	0	0	0	0	0	0	0	0	0	0	0	0	0	0	0	0	0	0	0	0	0	0	0	0	0	500	0	0	0	500	0	0	0	0	0	0	0	0	0	0	0	0	0	0	0	0	0	0	0	
0	500	0	0	0	0	0	0	0	0	0	0	0	500	0	0	0	0	0	0	0	0	0	0	0	0	0	0	0	0	0	0	0	0	0	0	0	0	0	0	0	0	0	0	0	0	0	0	0	0	0	0	0	0	0	0	0	0	0	0	
0	0	0	0	0	0	0	500	0	0	0	0	0	0	0	0	0	0	0	0	500	0	0	0	0	0	0	0	0	0	0	0	0	0	0	0	0	0	0	0	0	0	0	0	0	0	0	0	0	0	0	0	0	0	0	0	0	0	0	0	
0	0	0	0	0	0	0	0	0	0	0	0	0	0	0	0	0	0	0	0	0	0	0	0	0	0	500	0	0	0	0	0	0	0	500	0	0	0	0	0	0	0	0	0	0	0	0	0	0	0	0	0	0	0	0	0	0	0	0	0	
0	0	0	0	0	500	0	0	500	0	0	0	0	0	0	0	0	0	0	0	0	0	0	0	0	0	0	0	0	0	0	0	0	0	0	0	0	0	0	0	0	0	0	0	0	0	0	0	0	0	0	0	0	0	0	0	0	0	0	0	
0	0	0	0	0	0	0	0	0	0	0	0	0	0	0	0	0	0	0	0	0	0	0	0	0	0	0	0	0	0	0	0	0	0	0	0	0	0	0	0	0	0	0	0	0	0	0	0	0	0	0	0	0	0	0	500	0	0	500	0	
0	0	500	0	0	0	0	0	0	0	0	0	0	0	0	0	0	0	0	500	0	0	0	0	0	0	0	0	0	0	0	0	0	0	0	0	0	0	0	0	0	0	0	0	0	0	0	0	0	0	0	0	0	0	0	0	0	0	0	0	
0	0	0	0	0	0	0	0	0	0	0	0	0	0	0	0	0	0	0	0	0	0	0	0	500	0	0	0	0	0	0	0	500	0	0	0	0	0	0	0	0	0	0	0	0	0	0	0	0	0	0	0	0	0	0	0	0	0	0	0	
0	0	0	0	0	0	0	0	0	0	0	0	0	0	0	0	0	500	0	0	0	0	0	0	0	500	0	0	0	0	0	0	0	0	0	0	0	0	0	0	0	0	0	0	0	0	0	0	0	0	0	0	0	0	0	0	0	0	0	0	
0	0	0	0	0	0	0	0	0	0	0	0	0	0	500	0	0	500	0	0	0	0	0	0	0	0	0	0	0	0	0	0	0	0	0	0	0	0	0	0	0	0	0	0	0	0	0	0	0	0	0	0	0	0	0	0	0	0	0	0	
0	0	0	0	0	0	0	0	0	0	0	0	0	0	0	0	0	0	0	0	0	0	0	0	0	0	0	0	0	0	0	0	0	0	0	0	0	0	0	0	0	0	0	500	0	0	0	0	0	0	500	0	0	0	0	0	0	0	0	0	
0	0	0	0	0	0	0	0	0	0	0	0	0	0	0	0	0	0	0	0	0	0	0	0	0	0	0	500	500	0	0	0	0	0	0	0	0	0	0	0	0	0	0	0	0	0	0	0	0	0	0	0	0	0	0	0	0	0	0	0	
0	0	0	0	0	0	0	0	0	500	0	0	0	0	0	0	0	0	500	0	0	0	0	0	0	0	0	0	0	0	0	0	0	0	0	0	0	0	0	0	0	0	0	0	0	0	0	0	0	0	0	0	0	0	0	0	0	0	0	0	
0	0	0	0	0	0	0	0	0	0	0	0	0	0	0	0	0	0	0	0	0	0	0	0	0	0	0	0	0	0	0	0	0	0	0	0	0	0	0	0	0	0	0	500	0	0	0	0	0	0	500	0	0	0	0	0	0	0	0	0	
0	0	0	0	0	0	0	0	0	0	0	0	0	0	0	0	0	0	0	0	0	0	0	500	0	0	0	0	0	0	0	0	0	0	0	0	0	0	0	500	0	0	0	0	0	0	0	0	0	0	0	0	0	0	0	0	0	0	0	0	
21	10	33	4	13	37	16	13	35	50	25	0	26	57	13	6	53	0	33	8	55	47	29	15	39	48	57	58	20	39	27	11	4	35	18	45	7	18	31	27	39	17	11	55	12	28	15	43	4	45	51	54	19	49	6	51	34	0	31	50	15	16	1	24	14	2	35	50	53	2	43	30	35	42	6	19	52	10	17	36	42	27	25	29	35	20	15	22	6	22	32	41	26	15	42	31	42	30	13	8	13	49	55	34	54	34	12	53	6	36	57	27	24	2	43	36	8	51	40	50	30	58	8	34	4	51	53	52	23	43	34	10	16	26	46	48	56	3	6	24	15	23	2	47	55	33	11	9	6	23	34	57	20	21	28	46	36	43	13	20	9	12	50	7	29	21	28	45	52	58	52	45	28	45	3	52	1	27	18	38	41	22	50	8	27	41	48	47	50	18	0	27	20	13	22	20	57	13	27	2	25	47	23	20	16	58	9	9	16	22	34	37	59	22	10	35	32	40	55	29	37	53	50	52	9	0	36	49	59	1	49	36	8	12	48	40	36	20	6	59	39	18	43	42	17	26	51	37	33	2	9	31	1	0	20	18	7	13	2	37	9	15	1	37	33	1	59	15	25	38	18	29	26	59	38	55	9	32	22	58	23	27	2	39	24	35	5	23	18	29	44	12	9	7	35	7	53	39	18	0	28	21	8	44	24	58	20	52	2	33	20	10	3	27	7	5	5	56	17	34	0	28	23	20	5	22	22	43	49	55	45	21	39	5	39	27	46	54	29	35	2	48	36	41	19	58	5	12	11	31	51	1	42	31	43	8	10	2	7	37	43	2	2	55	22	8	50	51	54	8	55	18	54	42	18	6	29	59	33	25	48	54	17	35	52	30	13	38	13	32	1	49	38	57	49	22	26	30	6	56	26	7	39	26	58	5	27	23	44	18	7	1	30	30	3	8	15	1	55	5	23	43	27	42	53	34	2	15	39	33	41	42	50	25	15	50	36	33	39	23	13	47	28	26	21	44	48	40	50	14	49	49	1	32	48	23	24	24	59	7	52	55	26	55	16	33	51	51	41	34	21	55	41	11	21	57	27	53	10	10	46	35	36	47	52	58	50	41	42	15	24	54	57	9	32	15	36	53	6	30	9	7	23	39	22	34	31	43	19	15	21	28	34	41	28	13	56	35	3	20	17	42	35	55	55	41	36	33	38	2	27	22	49	36	53	55	50	48	29	6	22	14	48	44	27	19	3	28	36	1	5	49	2	38	58	17	10	50	44	22	57	25	15	47	25	1	31	15	39	44	40	8	25	55	15	42	52	52	46	14	33	21	25	12	10	38	15	9	34	18	30	49	20	54	3	17	45	39	5	51	4	0	8	54	19	26	55	42	57	1	46	0	13	45	30	48	56	10	8	25	7	23	49	7	56	42	45	48	45	56	36	21	21	58	19	51	18	41	12	2	17	38	12	12	7	47	7	42	45	40	18	36	14	59	57	15	38	55	48	12	45	18	1	4	58	1	10	39	1	30	24	52	34	29	59	41	12	21	51	55	22	49	4	23	24	49	58	54	31	32	18	23	0	11	44	46	49	10	21	38	41	51	27	10	39	28	39	54	10	46	53	40	42	1	18	4	42	12	46	57	3	13	27	29	44	26	1	50	0	34	4	35	26	59	21	47	59	46	10	17	4	0	29	8	38	43	33	30	31	43	16	33	56	17	13	50	10	23	32	59	38	28	26	26	58	25	47	51	12	41	34	26	58	30	34	24	17	16	25	54	28	18	10	33	11	13	5	31	26	23	13	26	8	32	45	1	16	7	41	37	44	4	18	12	57	53	36	54	13	50	32	38	28	9	48	12	2	33	4	12	55	36	58	8	52	15	18	54	49	22	54	42	25	32	9	0	44	23	30	53	59	41	10	37	14	26	44	4	4	34	5	31	44	56	55	31	2	45	8	13	49	12	4	5	14	39	10	2	52	31	48	33	43	52	23	24	55	6	58	39	41	4	59	13	12	50	43	7	20	51	25	2	11	38	43	34	19	43	44	50	45	0	12	51	38	55	28	15	16	46	12	17	29	24	8	29	11	42	3	43	32	41	21	28	57	36	5	38	57	41	35	4	0	37	27	45	8	42	9	36	37	52	10	5	26	41	9	37	19	58	14	53	30	16	35	49	33	52	46	56	52	32	30	5	27	16	43	48	50	38	56	53	7	2	10	33	42	1	37	28	55	57	50	56	2	42	40	42	57	18	14	16	55	11	40	33	0	43	58	9	43	29	40	40	45	1	3	6	41	56	43	11	21	22	30	32	55	48	41	37	19	8	31	16	9	11	53	3	16	33	32	13	3	58	48	12	54	47	15	33	22	29	21	21	21	24	16	17	21	56	37	16	38	17	9	16	1	55	27	10	38	4	59	45	59	11	12	53	47	16	1	29	39	16	20	16	24	55	37	23	46	9	4	27	21	11	15	54	40	50	5	18	11	5	56	46	19	19	39	18	5	53	11	56	47	48	21	31	6	0	7	29	43	24	50	25	29	57	39	49	16	46	3	54	30	57	13	53	11	7	23	1	5	10	54	7	8	16	41	8	0	36	29	32	20	18	37	53	38	14	39	53	13	37	14	52	11	42	19	12	27	51	36	51	18	43	6	27	18	39	23	27	41	18	43	21	13	39	22	13	58	29	35	25	23	21	19	12	25	27	54	38	17	43	11	35	25	27	34	40	39	2	30	12	54	0	4	35	12	46	22	12	34	28	56	35	46	39	40	15	19	16	3	1	34	56	15	25	47	18	5	5	17	51	41	11	26	23	22	
22	34	34	20	2	48	12	17	43	1	37	20	25	7	17	2	38	11	3	53	18	26	14	49	6	59	43	15	49	13	4	55	52	59	46	23	29	21	6	39	41	41	26	57	0	14	14	2	13	58	43	6	59	35	38	3	28	40	17	33	33	0	37	50	59	18	53	19	46	13	12	52	21	9	46	51	39	2	38	39	49	34	24	15	25	49	56	17	4	41	38	42	20	35	7	4	29	47	55	2	40	28	45	51	36	37	37	16	47	32	12	48	8	17	47	46	12	15	14	58	51	29	12	46	11	37	17	41	32	31	54	6	44	10	28	57	59	17	44	48	3	6	7	19	21	10	54	55	12	17	21	2	10	37	44	43	12	41	55	39	53	28	9	55	30	39	36	8	49	28	17	12	15	48	37	46	19	10	36	29	40	12	9	59	56	43	26	14	5	32	47	6	58	9	31	1	17	1	26	48	12	31	13	14	41	42	57	39	12	33	7	33	55	21	55	10	28	27	0	37	8	39	47	43	15	35	32	50	0	37	4	42	38	32	18	51	25	37	48	37	6	47	28	26	10	39	31	41	44	16	20	37	3	44	1	16	41	20	45	8	22	45	50	31	25	29	36	59	53	23	16	13	25	11	2	53	34	17	18	30	22	21	3	1	18	37	17	30	1	41	9	42	31	53	10	39	40	28	46	29	3	25	32	24	25	17	32	57	57	31	16	11	2	8	43	23	8	27	54	56	27	25	54	42	24	40	41	12	9	7	41	59	41	43	11	1	55	26	54	59	5	30	50	53	7	2	33	10	39	28	1	4	19	1	44	48	1	40	2	10	54	24	14	31	39	32	0	4	41	14	43	33	25	47	8	9	31	13	25	41	43	23	38	54	42	24	46	53	41	10	42	8	3	30	33	39	16	59	58	37	5	20	7	49	49	39	26	44	19	44	56	47	33	59	53	35	52	4	21	36	28	59	32	10	57	57	9	13	13	4	57	26	7	22	9	9	9	6	24	40	1	29	21	40	10	58	37	26	2	25	2	6	48	2	14	21	54	44	21	54	27	38	41	38	7	27	46	28	57	23	0	22	30	16	50	13	39	56	43	58	9	52	4	4	18	30	17	13	25	22	56	12	5	52	22	37	20	44	53	40	54	37	5	37	44	7	29	5	43	51	1	31	41	34	55	47	18	9	38	45	40	36	26	46	30	17	5	54	12	53	36	55	28	50	15	25	7	58	19	53	44	25	51	49	8	27	43	45	10	28	26	35	20	59	30	54	25	47	14	21	41	32	42	44	18	23	4	2	28	15	9	35	48	7	2	58	32	26	17	33	25	27	8	0	28	54	7	55	44	59	52	13	43	5	6	30	15	0	44	10	8	54	49	5	12	10	25	48	27	31	35	30	0	44	8	20	48	38	52	57	3	3	26	5	47	19	27	38	59	50	18	47	26	19	27	15	11	30	57	37	50	26	14	23	52	12	10	31	2	17	32	1	40	57	23	11	25	19	54	45	0	32	45	50	20	49	38	30	9	20	30	56	30	20	34	37	51	57	15	49	35	10	38	32	51	22	46	41	24	50	53	38	15	34	31	4	19	46	37	50	25	59	18	42	53	7	4	22	5	54	6	46	37	8	6	18	54	38	16	54	17	36	33	9	32	52	13	57	58	10	8	19	39	37	49	17	4	27	29	30	10	13	28	26	47	33	13	44	36	58	0	31	0	40	44	19	51	26	20	14	54	19	49	1	55	27	45	41	1	48	35	29	25	38	54	4	6	41	29	40	52	36	35	28	37	46	43	22	8	39	45	15	17	59	23	16	3	16	37	6	21	35	34	20	44	28	43	11	17	36	23	51	8	24	31	29	12	11	22	26	44	6	10	21	20	51	51	51	15	17	2	2	11	17	30	54	3	52	40	2	5	16	58	20	50	1	50	24	32	5	27	13	25	28	53	6	37	41	48	47	12	39	48	4	50	37	26	52	32	49	39	22	20	17	13	55	48	45	50	42	28	7	16	42	28	42	11	3	37	5	34	37	29	52	52	12	24	41	19	34	56	8	49	8	13	12	14	50	17	12	47	56	30	3	4	5	43	25	38	57	33	3	6	1	9	57	8	15	3	38	58	46	48	53	58	37	54	16	50	59	2	2	43	17	55	3	36	40	54	39	16	3	46	27	30	12	29	43	47	39	25	39	27	14	1	32	33	43	24	43	9	43	30	26	45	6	40	9	21	1	8	59	41	39	3	3	39	15	28	51	2	18	39	8	20	0	51	14	43	53	30	22	23	46	8	37	54	20	12	44	8	19	50	30	11	38	29	33	25	7	10	53	39	9	25	31	22	47	44	55	31	37	13	38	14	55	9	16	39	34	39	16	48	58	50	47	13	24	7	10	35	22	3	20	23	34	28	31	12	39	48	22	52	5	27	46	49	18	1	35	0	42	25	43	23	43	55	26	57	40	1	45	57	28	37	27	39	53	57	31	20	41	56	17	25	28	57	20	12	37	16	4	50	0	5	52	55	40	46	14	9	20	42	27	27	33	22	11	21	30	42	45	6	59	58	42	55	42	14	31	41	0	12	47	25	30	55	10	43	59	16	57	32	9	9	54	49	34	17	45	27	26	28	29	51	18	44	37	1	59	58	55	46	55	53	9	43	39	25	2	48	20	0	56	8	41	28	15	51	58	42	18	52	31	42	39	8	41	20	7	5	56	47	36	46	10	47	29	32	6	31	45	33	56	48	17	49	34	50	56	35	57	23	27	41	20	27	49	41	44	33	44	48	17	54	3	35	2	20	41	51	27	24	4	3	24	12	21	20	
10	7	3	5	13	5	4	6	13	18	19	19	6	11	11	5	14	17	15	15	2	17	3	20	10	19	2	9	7	17	15	18	8	6	12	6	14	1	16	4	7	16	17	11	11	15	7	18	4	4	1	16	17	16	2	12	1	19	16	18	20	6	19	18	16	19	14	11	16	15	4	16	15	6	15	8	18	1	16	12	3	4	11	5	9	2	10	7	16	14	3	3	1	8	7	18	14	18	7	9	3	1	15	13	1	4	13	3	5	3	18	3	9	4	6	16	16	6	4	18	13	14	10	18	8	12	16	20	7	5	17	11	5	19	3	10	13	19	3	8	7	17	1	20	8	14	11	9	5	20	10	6	17	4	19	12	8	19	9	10	12	12	13	15	8	11	10	2	12	15	15	11	18	10	11	8	5	13	10	6	8	2	11	5	9	4	11	14	8	4	7	3	9	14	4	12	10	5	11	3	10	15	12	5	7	13	2	13	5	5	14	13	15	8	1	13	15	7	6	9	10	12	1	11	9	5	9	3	13	8	16	9	8	9	16	9	13	12	5	3	1	9	6	12	2	5	12	12	3	2	12	16	9	9	12	13	9	15	6	15	11	15	8	15	1	1	8	14	5	7	16	14	1	11	9	3	2	11	3	1	11	6	7	16	11	4	9	13	1	15	14	13	7	11	15	6	1	8	10	15	14	9	7	10	15	15	10	1	16	11	10	8	7	2	15	1	12	2	13	15	9	2	3	7	13	2	10	6	14	12	13	12	7	6	13	5	13	5	14	4	6	1	16	9	13	13	11	3	13	10	12	8	10	9	2	9	1	1	3	14	9	12	2	4	5	3	8	15	15	11	16	7	4	6	13	6	5	16	2	7	2	12	4	6	14	2	9	9	5	12	2	12	7	12	13	9	13	8	15	16	12	4	8	6	15	14	4	12	4	4	2	6	13	15	4	15	14	5	8	9	12	11	6	10	3	9	10	11	14	13	2	10	6	16	6	6	9	12	12	16	12	5	14	7	13	15	12	6	10	12	11	10	5	12	11	8	4	7	1	10	3	8	13	10	4	4	3	15	14	14	3	15	1	5	16	2	12	11	13	6	9	11	9	15	16	4	16	8	2	16	6	16	14	5	10	1	16	4	13	13	1	3	9	5	3	5	16	16	13	1	9	6	3	7	14	9	8	8	5	3	2	13	14	16	6	10	11	15	1	16	15	16	11	16	10	9	16	12	3	1	3	11	5	13	3	12	16	10	9	6	5	1	8	15	5	5	7	8	13	14	3	1	12	9	12	16	8	4	2	14	7	3	11	7	1	1	15	10	6	12	5	4	8	7	9	14	4	4	10	11	8	12	12	2	12	16	6	4	6	3	12	11	7	7	16	14	7	4	14	16	9	2	5	2	7	1	15	14	1	14	11	15	8	7	4	1	7	2	5	2	7	1	7	14	4	15	8	15	1	7	16	14	5	8	16	7	2	5	10	12	8	6	4	8	9	10	8	15	12	6	15	2	9	1	10	16	6	16	9	11	4	15	7	14	8	2	5	15	3	10	6	9	8	12	12	1	9	12	3	16	12	12	8	10	15	8	7	4	10	9	7	4	14	12	9	9	10	2	13	7	8	16	4	2	8	15	4	8	14	15	9	10	8	12	2	3	8	4	2	16	9	16	14	16	4	7	3	8	4	1	3	15	16	2	9	15	3	8	9	10	2	6	16	16	8	11	11	6	9	10	4	9	4	5	6	13	3	15	12	15	5	15	7	1	2	9	10	6	1	9	3	3	11	7	8	12	11	9	10	14	6	6	7	1	5	7	4	15	13	4	10	5	2	7	13	6	5	7	2	16	11	15	14	12	6	3	13	5	14	9	16	16	16	15	4	1	5	3	13	5	16	6	1	9	9	8	14	2	9	15	4	5	12	2	16	10	9	16	11	10	10	6	9	6	1	4	12	15	2	15	2	10	10	8	16	14	10	5	11	6	2	8	10	15	2	4	3	10	4	12	3	5	11	3	16	9	6	6	6	10	6	12	12	10	10	10	5	15	7	9	2	4	16	5	8	1	8	15	13	13	4	11	4	7	12	16	6	1	1	11	2	13	11	2	2	12	15	13	8	5	1	16	12	15	10	16	14	12	2	16	14	2	10	15	5	15	13	15	15	6	1	12	2	11	14	8	8	9	10	13	13	16	5	16	5	13	13	13	5	1	12	8	9	7	15	15	5	9	13	11	9	12	13	14	2	4	10	3	16	9	8	13	1	9	15	4	15	4	2	7	11	1	2	6	6	15	7	12	4	10	4	1	16	13	5	11	13	4	14	13	16	7	5	3	4	1	15	2	6	8	11	16	16	14	6	2	9	8	13	14	9	7	9	6	11	3	16	9	2	13	13	15	15	16	6	3	15	12	9	10	6	10	1	12	9	5	12	12	13	5	1	9	11	11	6	4	4	12	10	8	3	6	16	2	5	6	10	12	11	1	13	16	7	2	14	7	7	6	14	5	1	16	12	9	9	16	5	2	8	3	9	5	6	13	16	2	6	11	2	16	5	14	9	16	15	10	6	5	8	2	11	1	9	8	15	3	7	5	5	11	10	15	16	6	6	13	5	2	2	9	10	2	11	1	6	3	8	4	7	12	14	16	1	5	4	13	6	14	15	4	8	1	3	2	13	2	10	3	4	13	2	9	8	10	12	8	15	14	13	9	2	5	13	5	9	5	11	3	12	4	5	16	2	4	4	10	5	2	2	3	2	4	6	12	6	12	5	2	10	7	4	6	15	13	13	10	5	1	5	4	5	14	5	4	5	16	2	2	11	
450	780	100	900	370	980	150	750	350	300	350	900	460	700	770	780	270	110	620	840	690	120	270	190	740	210	670	720	400	620	860	310	790	520	550	490	950	470	250	660	980	340	170	370	520	350	310	850	280	550	350	820	150	190	900	600	500	210	280	870	800	790	460	130	110	230	280	700	270	570	420	430	690	920	120	640	910	830	250	470	1000	120	780	340	320	990	840	890	490	780	380	670	820	140	100	690	850	120	360	400	120	320	310	830	400	870	790	300	830	310	350	700	650	430	170	290	320	730	150	890	390	170	940	700	750	830	850	430	610	680	970	1000	140	780	120	270	620	990	440	990	1000	370	400	820	130	310	650	610	750	980	790	620	260	740	220	390	440	650	700	610	120	470	100	230	750	780	320	140	520	990	520	180	580	260	570	440	870	280	530	380	650	290	320	860	860	600	580	690	270	860	860	780	870	830	210	790	760	280	580	320	530	480	440	290	630	400	750	150	220	840	640	950	560	150	600	830	480	580	120	640	890	360	670	850	780	340	660	110	950	860	280	840	760	490	130	380	470	720	270	520	640	110	910	620	450	160	140	1000	850	950	970	360	310	650	750	400	250	350	170	1000	880	510	540	920	260	430	640	540	230	580	640	360	450	430	930	270	290	800	460	180	410	390	460	970	330	670	200	190	740	680	650	470	130	990	830	160	980	810	860	610	620	970	640	570	800	140	180	540	440	980	380	330	430	150	910	350	440	490	640	780	380	570	800	860	1000	720	790	660	250	500	930	740	990	200	540	660	220	640	630	830	600	180	290	740	1000	720	990	730	580	690	830	630	190	540	240	570	830	630	470	300	620	1000	530	480	240	200	660	610	880	730	820	220	460	230	750	200	970	470	960	300	860	760	990	670	560	220	860	160	290	360	960	510	630	300	770	670	630	260	410	330	530	740	590	180	390	220	960	820	650	1000	550	370	940	590	360	510	610	330	240	950	790	870	790	380	350	930	350	460	970	940	330	920	880	350	790	800	260	700	220	540	280	930	620	190	230	160	400	750	440	380	570	170	810	920	230	640	850	550	660	620	440	950	350	890	600	470	450	790	620	650	890	110	800	600	510	430	130	500	960	460	110	960	610	270	580	500	370	580	180	670	740	990	800	480	270	320	420	520	560	640	700	750	900	160	930	190	260	290	930	800	680	240	450	890	990	980	470	110	390	850	810	930	320	690	670	240	970	400	720	100	390	550	850	650	550	280	590	150	400	490	650	230	490	390	970	180	730	650	750	170	960	190	360	440	970	420	760	570	1000	870	290	110	580	990	210	160	240	370	960	310	710	400	430	730	290	100	400	970	540	780	770	820	210	950	890	400	930	520	650	450	330	710	160	850	780	210	410	170	250	700	830	360	790	700	390	330	260	740	120	630	940	640	890	650	690	680	410	870	270	450	550	570	340	490	820	390	280	590	110	600	800	920	510	310	410	500	120	770	370	520	730	280	840	180	1000	430	760	820	620	460	110	970	410	710	890	670	620	520	590	760	460	340	700	360	140	450	240	850	350	220	120	980	580	280	130	350	900	100	680	740	650	330	470	390	540	970	240	340	840	1000	940	920	600	990	370	500	260	770	740	300	530	460	800	390	220	360	500	530	730	310	560	310	890	610	690	890	830	570	310	480	520	610	170	640	960	480	690	950	340	430	120	530	740	660	380	410	670	640	220	780	750	450	640	640	720	170	740	690	750	470	860	630	710	890	530	770	750	370	180	1000	970	820	580	960	930	620	1000	710	730	320	740	950	310	460	770	190	230	920	290	640	520	310	770	950	600	780	930	180	150	240	740	890	650	150	310	320	490	890	590	580	420	500	650	520	750	780	810	530	240	560	370	860	440	270	930	240	880	630	720	650	830	220	360	310	940	120	400	640	500	450	590	120	110	120	560	340	710	140	710	330	210	910	180	940	390	820	340	300	140	840	460	150	690	970	950	970	790	630	730	790	380	890	510	930	380	770	660	140	920	770	120	610	680	710	620	850	310	540	680	750	100	420	330	990	170	610	970	140	270	780	250	290	1000	210	1000	930	170	110	760	490	860	600	150	320	180	880	640	240	800	350	580	290	220	790	560	680	850	960	390	470	490	400	380	270	600	510	830	110	440	470	220	800	610	580	690	290	330	100	620	490	170	950	810	820	440	160	640	670	670	490	800	640	620	150	270	830	510	680	170	220	160	590	380	460	520	210	630	830	790	910	1000	260	960	330	970	540	290	540	270	420	670	830	870	800	370	310	190	540	450	400	300	150	480	180	940	430	600	210	160	940	1000	250	670	750	520	870	100	190	320	650	520	730	170	520	920	810	240	1000	530	600	410	840	410	850	560	580	870	310	320	910	530	910	830	860	450	470	750	120	720	190	750	540	500	940	290	110	450	870	920	510	940	670	820	750	880	700	180	120	950	460	730	610	320	580	640	300	100	320	680	900	260	570	180	790	390	380	330	750	320	290	810	980	990	980	260	220	680	170	820	590	490	610	800	100	400	290	760	180	270	130	610	950	120	540	1000	550	860	310	1000	860	720	950	790	1000	270	200	840	900	220	320	700	730	530	410	260	410	540	550	420	900	230	610	480	260	200	100	100	120	180	730	300	370	970	250	850	230	810	280	740	620	820	650	140	430	520	990	420	390	810	840	570	290	330	430	320	300	450	340	680	250	290	230	340	330	640	530	740	570	970	420	410	490	710	900	510	160	120	420	620	190	280	400	660	550	350	860	260	310	760	420	290	500	840	240	130	390	180	700	600	670	770	610	190	720	800	800	470	560	750	720	430	580	610	350	570	200	270	800	980	390	900	790	940	260	680	770	260	100	440	
100
