1239
60
2
70
0	500	500	500	0	500	0	500	0	0	500	0	0	0	0	0	500	0	0	0	0	0	0	0	0	0	0	0	0	0	0	0	0	0	0	0	0	0	0	0	0	0	0	0	0	0	0	500	0	0	0	0	0	0	0	0	0	0	500	0	
500	0	0	0	0	0	0	0	0	0	0	0	0	0	0	0	0	0	0	0	500	0	0	0	0	0	0	0	0	0	0	0	0	500	0	0	0	0	0	0	0	0	0	0	0	0	0	0	0	0	0	0	0	0	0	0	0	0	0	0	
500	0	0	0	0	0	0	0	0	0	0	0	0	500	0	0	0	0	0	0	0	0	0	0	0	0	0	0	0	0	0	0	0	0	0	0	0	0	0	0	0	0	0	0	0	0	0	0	0	0	0	0	0	500	0	0	0	0	0	0	
500	0	0	0	0	0	500	0	0	0	0	0	0	0	0	0	0	0	0	0	0	0	0	0	0	0	0	0	0	0	0	0	0	0	0	0	0	0	0	0	0	0	0	0	0	0	0	0	0	0	0	0	0	0	0	500	0	0	0	0	
0	0	0	0	0	0	0	0	0	500	0	0	0	0	0	0	0	0	0	0	0	0	0	0	0	500	0	0	0	0	0	0	0	0	0	0	0	0	0	0	0	0	0	0	0	0	0	0	0	0	0	0	0	0	0	0	0	0	0	0	
500	0	0	0	0	0	0	0	0	0	0	0	0	0	0	0	0	0	0	0	0	0	0	0	0	0	0	0	0	0	0	0	0	0	0	0	0	0	0	0	0	0	0	0	0	0	500	0	0	0	0	0	500	0	0	0	0	0	0	0	
0	0	0	500	0	0	0	0	0	0	0	0	0	0	0	0	0	0	0	0	0	0	0	0	0	500	0	0	0	0	0	0	0	0	0	0	0	0	0	0	0	0	0	0	0	0	0	0	0	0	0	0	0	0	0	0	0	0	0	0	
500	0	0	0	0	0	0	0	0	0	0	0	0	0	0	0	0	0	0	0	0	0	0	0	0	0	500	0	0	0	0	0	0	0	0	0	0	0	0	0	0	0	0	0	500	0	0	0	0	0	0	0	0	0	0	0	0	0	0	0	
0	0	0	0	0	0	0	0	0	0	0	0	0	0	0	0	0	0	0	0	0	0	0	0	500	0	0	0	0	0	0	0	0	0	0	0	0	0	0	0	0	0	0	0	0	0	0	0	0	0	0	0	0	0	0	0	0	0	0	500	
0	0	0	0	500	0	0	0	0	0	0	0	0	0	0	0	0	0	0	0	0	0	0	0	0	0	0	0	0	0	0	0	0	0	0	0	0	0	0	0	0	0	0	0	0	0	0	0	500	0	0	0	0	0	0	0	0	0	0	0	
500	0	0	0	0	0	0	0	0	0	0	0	0	0	0	0	0	0	0	0	0	0	0	0	0	0	0	0	0	0	0	0	0	0	0	0	0	0	0	0	0	0	0	0	0	0	0	0	0	500	0	0	0	0	0	0	500	0	0	0	
0	0	0	0	0	0	0	0	0	0	0	0	0	0	0	0	0	0	500	0	0	0	0	0	0	0	0	0	0	0	0	0	0	0	0	500	0	0	0	0	0	0	0	0	0	0	0	0	0	0	0	0	0	0	0	0	0	0	0	0	
0	0	0	0	0	0	0	0	0	0	0	0	0	0	0	0	0	0	0	0	0	0	0	0	0	0	0	0	0	0	0	0	0	0	0	0	0	0	0	0	0	0	0	0	0	0	0	0	0	0	0	0	0	0	0	0	0	0	500	500	
0	0	500	0	0	0	0	0	0	0	0	0	0	0	0	0	0	0	0	0	0	0	0	0	0	0	0	0	0	0	0	0	0	0	0	0	0	0	0	0	0	0	0	0	0	0	0	0	0	0	0	0	0	500	0	0	0	0	0	0	
0	0	0	0	0	0	0	0	0	0	0	0	0	0	0	0	0	0	0	0	0	0	0	0	0	0	0	0	0	0	0	0	0	0	0	0	0	0	0	0	0	0	500	500	0	0	0	0	0	0	0	0	0	0	0	0	0	0	0	0	
0	0	0	0	0	0	0	0	0	0	0	0	0	0	0	0	0	0	0	500	0	0	0	0	0	0	0	0	0	0	0	0	0	0	0	0	0	0	0	0	0	0	0	0	0	0	0	0	0	0	500	0	0	0	0	0	0	0	0	0	
500	0	0	0	0	0	0	0	0	0	0	0	0	0	0	0	0	0	0	0	0	0	0	0	0	0	0	0	0	0	0	0	0	0	0	0	500	0	0	0	0	500	0	0	0	0	0	0	0	0	0	0	0	0	0	0	0	0	0	0	
0	0	0	0	0	0	0	0	0	0	0	0	0	0	0	0	0	0	0	0	0	0	0	0	0	0	0	500	0	0	0	0	0	0	0	0	0	0	0	0	0	0	0	0	0	0	0	500	0	0	0	0	0	0	0	0	0	0	0	0	
0	0	0	0	0	0	0	0	0	0	0	500	0	0	0	0	0	0	0	0	0	0	0	0	0	0	0	0	0	0	0	0	0	0	500	0	0	0	0	0	0	0	0	0	0	0	0	0	0	0	0	0	0	0	0	0	0	0	0	0	
0	0	0	0	0	0	0	0	0	0	0	0	0	0	0	500	0	0	0	0	0	0	0	0	0	0	0	0	0	0	0	0	0	0	0	0	0	500	0	0	0	0	0	0	0	0	0	0	0	0	0	0	0	0	0	0	0	0	0	0	
0	500	0	0	0	0	0	0	0	0	0	0	0	0	0	0	0	0	0	0	0	0	0	0	0	0	0	0	0	0	0	0	0	500	0	0	0	0	0	0	0	0	0	0	0	0	0	0	0	0	0	0	0	0	0	0	0	0	0	0	
0	0	0	0	0	0	0	0	0	0	0	0	0	0	0	0	0	0	0	0	0	0	0	0	0	0	0	0	0	0	0	0	500	0	0	0	0	0	0	0	0	0	500	0	0	0	0	0	0	0	0	0	0	0	0	0	0	0	0	0	
0	0	0	0	0	0	0	0	0	0	0	0	0	0	0	0	0	0	0	0	0	0	0	0	500	0	0	0	0	0	0	0	0	0	0	0	0	0	500	0	0	0	0	0	0	0	0	0	0	0	0	0	0	0	0	0	0	0	0	0	
0	0	0	0	0	0	0	0	0	0	0	0	0	0	0	0	0	0	0	0	0	0	0	0	0	0	0	0	0	0	500	0	500	0	0	0	0	0	0	0	0	0	0	0	0	0	0	0	0	0	0	0	0	0	0	0	0	0	0	0	
0	0	0	0	0	0	0	0	500	0	0	0	0	0	0	0	0	0	0	0	0	0	500	0	0	0	0	0	0	0	0	0	0	0	0	0	0	0	0	0	0	0	0	0	0	0	0	0	0	0	0	0	0	0	0	0	0	0	0	0	
0	0	0	0	500	0	500	0	0	0	0	0	0	0	0	0	0	0	0	0	0	0	0	0	0	0	0	0	0	0	0	0	0	0	0	0	0	0	0	0	0	0	0	0	0	0	0	0	0	0	0	0	0	0	0	0	0	0	0	0	
0	0	0	0	0	0	0	500	0	0	0	0	0	0	0	0	0	0	0	0	0	0	0	0	0	0	0	0	0	0	0	0	0	0	0	0	0	0	0	0	0	0	0	0	500	0	0	0	0	0	0	0	0	0	0	0	0	0	0	0	
0	0	0	0	0	0	0	0	0	0	0	0	0	0	0	0	0	500	0	0	0	0	0	0	0	0	0	0	0	0	0	0	0	0	0	500	0	0	0	0	0	0	0	0	0	0	0	0	0	0	0	0	0	0	0	0	0	0	0	0	
0	0	0	0	0	0	0	0	0	0	0	0	0	0	0	0	0	0	0	0	0	0	0	0	0	0	0	0	0	0	0	0	0	0	0	0	0	0	0	0	0	0	0	0	0	0	500	0	0	0	0	0	500	0	0	0	0	0	0	0	
0	0	0	0	0	0	0	0	0	0	0	0	0	0	0	0	0	0	0	0	0	0	0	0	0	0	0	0	0	0	0	0	0	0	0	0	0	0	0	0	0	0	0	0	0	0	0	0	500	0	0	0	0	0	0	500	0	0	0	0	
0	0	0	0	0	0	0	0	0	0	0	0	0	0	0	0	0	0	0	0	0	0	0	500	0	0	0	0	0	0	0	0	0	0	0	0	0	0	0	0	500	0	0	0	0	0	0	0	0	0	0	0	0	0	0	0	0	0	0	0	
0	0	0	0	0	0	0	0	0	0	0	0	0	0	0	0	0	0	0	0	0	0	0	0	0	0	0	0	0	0	0	0	0	0	0	0	0	500	0	0	0	0	0	0	0	0	0	0	0	0	0	0	0	0	0	0	0	500	0	0	
0	0	0	0	0	0	0	0	0	0	0	0	0	0	0	0	0	0	0	0	0	500	0	500	0	0	0	0	0	0	0	0	0	0	0	0	0	0	0	0	0	0	0	0	0	0	0	0	0	0	0	0	0	0	0	0	0	0	0	0	
0	500	0	0	0	0	0	0	0	0	0	0	0	0	0	0	0	0	0	0	500	0	0	0	0	0	0	0	0	0	0	0	0	0	0	0	0	0	0	0	0	0	0	0	0	0	0	0	0	0	0	0	0	0	0	0	0	0	0	0	
0	0	0	0	0	0	0	0	0	0	0	0	0	0	0	0	0	0	500	0	0	0	0	0	0	0	0	0	0	0	0	0	0	0	0	0	0	0	0	0	0	0	0	0	0	0	0	0	0	0	0	500	0	0	0	0	0	0	0	0	
0	0	0	0	0	0	0	0	0	0	0	500	0	0	0	0	0	0	0	0	0	0	0	0	0	0	0	500	0	0	0	0	0	0	0	0	0	0	0	0	0	0	0	0	0	0	0	0	0	0	0	0	0	0	0	0	0	0	0	0	
0	0	0	0	0	0	0	0	0	0	0	0	0	0	0	0	500	0	0	0	0	0	0	0	0	0	0	0	0	0	0	0	0	0	0	0	0	0	0	0	0	500	0	0	0	0	0	0	0	0	0	0	0	0	0	0	0	0	0	0	
0	0	0	0	0	0	0	0	0	0	0	0	0	0	0	0	0	0	0	500	0	0	0	0	0	0	0	0	0	0	0	500	0	0	0	0	0	0	0	0	0	0	0	0	0	0	0	0	0	0	0	0	0	0	0	0	0	0	0	0	
0	0	0	0	0	0	0	0	0	0	0	0	0	0	0	0	0	0	0	0	0	0	500	0	0	0	0	0	0	0	0	0	0	0	0	0	0	0	0	0	0	0	0	500	0	0	0	0	0	0	0	0	0	0	0	0	0	0	0	0	
0	0	0	0	0	0	0	0	0	0	0	0	0	0	0	0	0	0	0	0	0	0	0	0	0	0	0	0	0	0	0	0	0	0	0	0	0	0	0	0	500	0	0	0	0	0	0	0	0	0	500	0	0	0	0	0	0	0	0	0	
0	0	0	0	0	0	0	0	0	0	0	0	0	0	0	0	0	0	0	0	0	0	0	0	0	0	0	0	0	0	500	0	0	0	0	0	0	0	0	500	0	0	0	0	0	0	0	0	0	0	0	0	0	0	0	0	0	0	0	0	
0	0	0	0	0	0	0	0	0	0	0	0	0	0	0	0	500	0	0	0	0	0	0	0	0	0	0	0	0	0	0	0	0	0	0	0	500	0	0	0	0	0	0	0	0	0	0	0	0	0	0	0	0	0	0	0	0	0	0	0	
0	0	0	0	0	0	0	0	0	0	0	0	0	0	500	0	0	0	0	0	0	500	0	0	0	0	0	0	0	0	0	0	0	0	0	0	0	0	0	0	0	0	0	0	0	0	0	0	0	0	0	0	0	0	0	0	0	0	0	0	
0	0	0	0	0	0	0	0	0	0	0	0	0	0	500	0	0	0	0	0	0	0	0	0	0	0	0	0	0	0	0	0	0	0	0	0	0	0	500	0	0	0	0	0	0	0	0	0	0	0	0	0	0	0	0	0	0	0	0	0	
0	0	0	0	0	0	0	500	0	0	0	0	0	0	0	0	0	0	0	0	0	0	0	0	0	0	500	0	0	0	0	0	0	0	0	0	0	0	0	0	0	0	0	0	0	0	0	0	0	0	0	0	0	0	0	0	0	0	0	0	
0	0	0	0	0	0	0	0	0	0	0	0	0	0	0	0	0	0	0	0	0	0	0	0	0	0	0	0	0	0	0	0	0	0	0	0	0	0	0	0	0	0	0	0	0	0	0	0	0	500	0	0	0	0	0	0	500	0	0	0	
0	0	0	0	0	500	0	0	0	0	0	0	0	0	0	0	0	0	0	0	0	0	0	0	0	0	0	0	500	0	0	0	0	0	0	0	0	0	0	0	0	0	0	0	0	0	0	0	0	0	0	0	0	0	0	0	0	0	0	0	
500	0	0	0	0	0	0	0	0	0	0	0	0	0	0	0	0	500	0	0	0	0	0	0	0	0	0	0	0	0	0	0	0	0	0	0	0	0	0	0	0	0	0	0	0	0	0	0	0	0	0	0	0	0	0	0	0	0	0	0	
0	0	0	0	0	0	0	0	0	500	0	0	0	0	0	0	0	0	0	0	0	0	0	0	0	0	0	0	0	500	0	0	0	0	0	0	0	0	0	0	0	0	0	0	0	0	0	0	0	0	0	0	0	0	0	0	0	0	0	0	
0	0	0	0	0	0	0	0	0	0	500	0	0	0	0	0	0	0	0	0	0	0	0	0	0	0	0	0	0	0	0	0	0	0	0	0	0	0	0	0	0	0	0	0	0	500	0	0	0	0	0	0	0	0	0	0	0	0	0	0	
0	0	0	0	0	0	0	0	0	0	0	0	0	0	0	500	0	0	0	0	0	0	0	0	0	0	0	0	0	0	0	0	0	0	0	0	0	0	0	500	0	0	0	0	0	0	0	0	0	0	0	0	0	0	0	0	0	0	0	0	
0	0	0	0	0	0	0	0	0	0	0	0	0	0	0	0	0	0	0	0	0	0	0	0	0	0	0	0	0	0	0	0	0	0	500	0	0	0	0	0	0	0	0	0	0	0	0	0	0	0	0	0	0	0	500	0	0	0	0	0	
0	0	0	0	0	500	0	0	0	0	0	0	0	0	0	0	0	0	0	0	0	0	0	0	0	0	0	0	500	0	0	0	0	0	0	0	0	0	0	0	0	0	0	0	0	0	0	0	0	0	0	0	0	0	0	0	0	0	0	0	
0	0	500	0	0	0	0	0	0	0	0	0	0	500	0	0	0	0	0	0	0	0	0	0	0	0	0	0	0	0	0	0	0	0	0	0	0	0	0	0	0	0	0	0	0	0	0	0	0	0	0	0	0	0	0	0	0	0	0	0	
0	0	0	0	0	0	0	0	0	0	0	0	0	0	0	0	0	0	0	0	0	0	0	0	0	0	0	0	0	0	0	0	0	0	0	0	0	0	0	0	0	0	0	0	0	0	0	0	0	0	0	500	0	0	0	0	0	500	0	0	
0	0	0	500	0	0	0	0	0	0	0	0	0	0	0	0	0	0	0	0	0	0	0	0	0	0	0	0	0	500	0	0	0	0	0	0	0	0	0	0	0	0	0	0	0	0	0	0	0	0	0	0	0	0	0	0	0	0	0	0	
0	0	0	0	0	0	0	0	0	0	500	0	0	0	0	0	0	0	0	0	0	0	0	0	0	0	0	0	0	0	0	0	0	0	0	0	0	0	0	0	0	0	0	0	0	500	0	0	0	0	0	0	0	0	0	0	0	0	0	0	
0	0	0	0	0	0	0	0	0	0	0	0	0	0	0	0	0	0	0	0	0	0	0	0	0	0	0	0	0	0	0	500	0	0	0	0	0	0	0	0	0	0	0	0	0	0	0	0	0	0	0	0	0	0	500	0	0	0	0	0	
500	0	0	0	0	0	0	0	0	0	0	0	500	0	0	0	0	0	0	0	0	0	0	0	0	0	0	0	0	0	0	0	0	0	0	0	0	0	0	0	0	0	0	0	0	0	0	0	0	0	0	0	0	0	0	0	0	0	0	0	
0	0	0	0	0	0	0	0	500	0	0	0	500	0	0	0	0	0	0	0	0	0	0	0	0	0	0	0	0	0	0	0	0	0	0	0	0	0	0	0	0	0	0	0	0	0	0	0	0	0	0	0	0	0	0	0	0	0	0	0	
4	52	25	35	44	39	32	19	11	8	49	5	20	4	6	27	47	9	27	34	33	59	26	24	50	5	27	39	55	52	19	58	37	7	8	35	26	49	17	23	16	5	17	50	41	6	44	5	58	54	35	31	32	17	38	22	42	17	42	46	15	0	17	53	26	37	47	7	37	10	45	20	13	48	8	57	26	16	15	42	22	12	22	8	27	3	15	54	7	51	6	39	17	10	41	16	47	20	19	7	36	32	58	29	1	34	49	32	5	6	51	48	45	16	26	44	47	26	19	52	31	8	46	33	39	40	38	40	42	2	54	54	15	41	8	20	12	42	0	16	50	39	39	50	27	17	13	19	35	56	46	30	54	38	57	59	33	3	16	27	28	36	23	47	11	37	28	24	35	20	46	55	9	29	3	45	2	1	4	2	38	12	6	20	48	2	44	18	0	22	23	52	42	54	37	21	48	26	35	19	16	13	23	53	27	1	40	9	33	59	54	12	46	31	6	33	43	37	30	4	1	7	12	27	21	56	47	25	32	6	27	15	42	23	3	12	13	4	13	40	56	15	56	58	54	33	44	18	23	17	18	29	17	31	44	35	46	19	17	29	40	8	49	32	35	14	44	58	36	50	38	53	8	40	51	33	25	18	25	14	17	17	7	3	24	56	27	30	42	4	0	57	15	59	30	35	30	56	28	1	7	24	39	58	0	15	24	41	38	55	51	18	21	25	58	5	41	14	55	42	26	12	17	3	49	13	43	4	35	43	1	25	46	49	30	38	42	2	44	50	35	41	34	28	42	31	38	59	56	16	44	35	20	5	6	52	22	36	53	18	45	27	36	10	59	57	57	22	17	8	10	52	8	58	0	38	48	45	18	15	34	33	31	30	10	16	59	17	16	37	34	34	22	48	51	54	24	50	41	36	49	48	8	38	56	47	49	59	5	56	36	15	16	14	7	26	10	24	55	26	47	49	26	56	37	10	40	44	6	3	47	7	26	10	18	24	17	8	33	47	7	37	32	17	23	32	59	3	44	3	41	1	36	20	41	26	0	20	1	16	1	2	18	53	37	30	45	24	17	40	19	9	0	5	58	55	21	29	48	32	59	5	17	58	15	52	7	37	31	17	28	21	47	30	18	5	10	35	46	35	42	25	32	10	0	40	11	53	44	30	24	46	34	20	48	6	50	51	11	53	59	15	4	16	57	41	38	38	14	1	52	37	0	5	39	25	26	22	32	42	24	52	53	42	53	51	57	58	11	18	41	1	22	19	59	53	47	22	39	25	18	11	22	12	31	44	58	1	21	56	56	31	36	46	56	59	23	51	35	29	11	36	2	38	10	5	54	9	39	38	12	23	2	56	49	27	36	49	6	53	55	57	17	29	2	31	57	2	9	52	35	0	17	23	28	9	15	36	57	0	1	3	53	42	32	32	6	10	31	48	33	32	56	5	12	32	31	20	46	15	38	59	51	7	11	52	22	42	15	55	5	9	23	27	28	0	52	31	57	59	42	6	51	32	21	30	0	18	59	53	43	49	46	57	54	1	7	51	33	37	0	55	42	8	49	54	29	44	9	23	45	55	39	51	17	31	57	4	15	39	17	3	23	32	41	34	20	12	43	36	21	51	52	22	14	31	32	24	14	28	22	34	42	53	19	59	20	32	39	57	47	32	43	11	32	56	8	47	27	23	53	37	16	57	3	38	30	16	42	59	8	43	54	20	17	0	40	55	57	27	33	54	25	28	35	17	11	16	21	24	27	23	42	4	1	56	34	23	2	17	12	24	10	18	49	41	48	27	31	48	8	46	26	27	52	3	18	33	34	7	28	6	30	31	59	17	6	30	0	37	33	24	13	5	40	1	51	49	24	47	34	24	43	57	56	52	53	33	53	51	12	28	27	30	54	51	30	13	18	22	27	49	33	22	30	2	1	43	47	33	15	16	51	10	20	21	23	29	33	29	8	12	57	28	11	25	1	56	30	8	36	33	28	28	20	21	46	21	3	50	46	3	5	59	30	57	34	6	37	2	48	42	11	15	10	46	5	42	37	4	30	10	44	52	27	41	40	18	46	40	49	44	57	1	31	33	2	52	33	19	33	41	50	53	15	7	48	52	9	49	36	54	44	17	26	24	23	41	58	53	53	40	2	7	58	2	45	14	46	20	41	32	55	18	59	14	10	35	31	57	3	55	48	47	9	6	5	17	28	7	27	51	14	14	50	58	59	1	46	50	17	36	6	42	5	48	32	22	31	20	19	41	25	39	28	41	18	18	43	3	21	31	26	37	52	36	13	9	58	56	27	9	13	48	41	2	46	10	42	56	44	3	11	52	45	11	44	11	59	42	30	47	44	32	25	15	42	22	28	9	23	48	1	51	28	10	55	41	15	30	42	30	43	24	36	45	49	33	57	0	11	1	55	8	13	56	20	32	48	26	44	43	3	34	47	58	20	30	29	41	10	28	39	21	39	54	27	11	37	8	12	33	56	36	8	43	48	19	5	51	40	47	35	3	25	34	42	28	26	40	8	42	44	30	47	55	44	50	21	56	23	10	26	26	55	55	2	47	47	22	6	12	59	47	50	21	21	26	7	52	48	45	27	5	49	13	31	39	39	3	12	1	44	8	40	6	15	37	15	52	23	41	23	49	24	37	56	45	46	57	18	6	53	14	44	55	6	21	46	20	12	58	39	52	35	32	31	4	20	52	55	16	9	47	26	43	9	44	17	44	0	18	59	25	58	34	0	30	6	49	18	16	5	26	12	26	29	44	50	26	51	35	19	24	26	12	19	58	25	57	48	55	58	1	34	32	49	29	30	
22	47	24	38	17	1	40	33	24	29	38	16	44	46	23	32	13	51	52	4	58	37	50	37	24	22	9	58	11	56	30	57	57	54	14	31	46	19	14	2	48	6	8	46	47	54	11	47	47	42	14	1	29	0	37	5	2	27	4	13	53	13	28	29	47	2	51	4	27	0	1	6	3	18	45	48	33	1	9	40	23	18	9	36	42	32	23	11	39	29	28	35	12	29	5	54	49	47	0	48	29	39	16	26	32	27	43	36	18	27	31	0	19	38	4	34	56	55	52	21	38	42	27	52	6	21	23	33	49	20	16	45	8	24	11	4	43	48	50	17	51	52	36	32	21	24	22	22	24	28	2	8	35	44	8	56	22	37	20	4	6	2	34	32	49	10	37	37	29	6	23	25	34	27	33	3	26	25	55	36	7	46	16	45	7	19	33	19	33	42	29	21	15	30	47	35	33	33	30	11	26	25	39	27	3	34	20	40	54	53	33	4	51	53	44	47	21	40	23	42	11	0	14	21	14	6	12	37	33	7	42	7	7	33	37	15	47	55	58	51	52	19	35	29	42	49	18	35	51	49	17	36	15	26	16	6	43	12	39	32	14	25	48	56	41	19	28	59	43	14	25	56	30	16	58	29	58	32	35	35	0	26	32	23	45	21	2	4	1	56	18	18	59	17	59	21	17	59	27	54	36	41	38	0	38	20	33	40	59	23	22	53	41	53	41	15	54	36	32	55	10	29	35	46	47	6	19	19	18	41	35	7	23	8	58	5	31	50	47	9	21	21	52	38	24	39	51	37	31	32	36	56	45	1	14	55	3	59	45	21	19	25	25	2	15	55	29	52	47	12	2	12	59	25	42	6	37	37	33	32	5	57	10	16	42	25	35	52	25	26	0	49	26	5	41	35	41	8	9	18	51	36	50	9	52	43	17	41	30	39	42	17	0	27	14	29	42	53	21	18	8	5	24	0	13	51	44	18	39	10	7	59	44	35	30	10	47	13	31	37	1	16	34	41	4	34	10	43	27	37	25	35	19	27	35	39	36	43	25	51	51	17	55	10	52	37	2	3	34	3	45	44	22	12	7	3	57	56	29	46	38	58	55	36	29	40	55	16	47	29	20	3	53	7	40	38	9	57	11	1	39	32	48	43	18	34	5	24	24	57	47	4	17	55	18	22	32	5	28	7	5	26	39	53	10	57	43	4	48	33	40	30	7	48	20	35	14	31	7	53	4	49	36	9	37	30	17	48	31	17	24	11	26	14	51	26	39	2	5	58	30	49	54	5	45	56	38	19	48	46	9	45	9	25	58	50	57	37	46	40	56	29	27	27	2	38	20	4	23	44	1	24	36	52	5	10	49	33	22	28	45	14	18	1	51	42	9	13	3	58	31	47	11	8	31	11	3	7	42	39	17	10	15	56	4	2	15	34	21	15	44	20	27	46	48	33	39	49	59	46	51	7	25	18	16	35	24	34	49	52	12	19	30	5	18	53	11	14	27	0	57	17	8	53	51	7	32	25	52	54	13	5	7	46	53	55	20	12	26	2	22	31	48	28	47	36	39	23	17	2	20	43	36	37	58	3	59	51	47	26	59	32	7	33	52	45	26	34	55	24	5	7	10	31	37	52	51	29	54	20	32	9	28	58	24	43	36	16	19	31	17	24	36	29	28	26	37	11	44	49	33	9	8	31	55	1	50	15	14	10	55	51	20	30	7	50	45	46	27	38	4	27	48	33	39	20	15	13	20	29	50	50	16	6	16	13	7	46	4	46	24	55	5	2	38	10	15	7	51	1	35	47	53	22	32	15	55	15	35	56	46	18	8	12	52	7	17	4	30	33	6	21	15	30	41	42	11	32	43	51	47	58	0	3	5	47	52	0	45	48	56	23	44	38	11	29	43	17	35	32	49	11	18	23	32	38	59	40	8	43	32	48	12	34	42	2	11	23	35	39	56	42	4	41	50	56	47	38	49	45	11	35	29	25	24	10	5	32	45	45	14	28	57	36	32	9	28	7	15	52	18	58	35	11	0	34	14	21	8	15	32	38	19	51	56	44	33	56	11	25	13	21	28	51	35	17	20	40	44	22	30	28	47	45	57	27	10	41	41	24	18	10	27	1	54	13	13	59	3	43	2	56	51	18	43	17	8	40	54	46	19	24	31	37	0	26	31	58	22	24	24	44	51	29	23	54	25	13	44	14	17	3	39	6	22	4	34	32	3	43	48	54	27	45	29	39	55	15	23	59	28	32	26	26	13	36	45	3	55	54	17	11	21	14	43	30	16	26	52	6	47	2	16	54	44	29	25	55	33	39	6	27	32	21	17	30	41	27	23	6	57	36	9	45	7	6	7	36	8	31	14	15	47	36	44	1	46	13	56	33	51	18	23	56	19	21	51	57	42	7	7	27	46	36	47	39	9	7	12	3	27	22	25	54	54	41	31	29	6	31	9	12	31	44	47	41	38	10	26	1	40	21	5	9	49	47	28	23	35	47	10	17	47	43	6	56	12	55	21	28	30	52	36	29	43	50	55	10	57	19	3	12	29	22	44	1	1	21	52	4	7	41	37	27	18	47	57	50	40	26	22	9	15	11	42	15	1	5	5	54	40	54	45	41	4	50	8	28	6	34	48	30	41	7	18	24	17	53	7	34	29	29	23	54	43	25	5	57	44	41	34	14	49	26	54	36	18	0	56	47	13	15	16	25	23	8	46	19	0	46	16	17	55	18	55	28	56	25	41	41	37	56	6	19	27	8	15	39	18	3	40	14	25	55	40	20	55	0	56	56	25	44	40	0	52	0	13	16	7	
19	1	17	7	1	1	11	17	17	5	6	5	5	19	11	20	16	16	18	5	3	20	7	12	7	10	13	8	13	6	18	5	9	2	5	5	2	11	17	16	1	5	2	3	17	11	17	9	6	2	19	10	13	3	20	10	20	14	1	4	19	8	15	15	1	18	1	18	2	10	17	6	5	19	19	5	17	13	8	1	19	2	2	6	11	14	12	5	16	16	1	4	1	12	18	12	12	11	18	4	18	10	9	3	3	8	18	6	2	12	1	8	11	14	16	10	12	5	2	20	10	9	18	15	18	18	4	9	4	10	5	2	10	7	6	16	18	19	6	11	1	6	20	6	4	11	5	11	14	6	4	19	1	9	2	3	13	5	13	13	8	3	12	1	3	4	11	3	2	8	6	8	11	15	5	14	2	7	16	15	6	14	16	7	7	4	5	14	12	12	2	2	9	3	2	4	16	11	13	6	5	3	5	8	12	2	15	9	7	11	14	8	3	15	8	1	2	7	10	15	8	5	14	11	1	16	15	1	1	12	1	15	15	8	4	5	11	14	9	5	3	12	13	2	10	12	16	14	5	8	8	5	11	7	7	15	16	4	10	14	7	2	13	2	11	14	6	9	15	15	7	8	9	3	12	12	9	9	11	2	3	2	1	3	2	8	6	5	16	14	6	10	11	11	10	7	14	6	16	1	7	13	14	15	3	12	15	9	4	7	1	5	12	8	13	9	11	8	2	16	10	16	1	2	8	12	5	11	5	11	8	9	4	5	3	5	8	7	10	5	2	8	7	12	11	7	16	9	3	2	15	9	16	7	15	1	15	15	6	5	12	3	14	14	15	1	7	15	4	1	9	16	7	13	13	3	7	2	6	1	3	12	9	7	11	10	11	10	1	7	4	3	6	13	1	13	15	3	6	2	10	1	12	3	7	1	13	8	6	1	6	6	10	11	14	2	1	1	4	7	2	1	7	15	7	8	7	15	2	2	15	12	5	5	6	3	2	12	3	13	9	15	7	4	11	11	6	7	16	12	6	8	7	6	9	1	4	3	6	10	11	5	5	12	4	10	10	16	16	14	8	6	16	3	2	9	5	5	15	1	16	10	15	1	3	11	4	15	11	7	11	3	9	6	7	4	1	13	8	10	2	11	13	15	7	11	1	9	6	10	14	5	7	2	7	9	1	12	14	15	1	14	12	10	8	14	13	6	11	14	5	2	5	7	2	6	15	12	6	15	11	6	2	9	15	5	14	4	8	6	8	13	10	9	12	13	9	2	6	2	4	6	12	1	8	9	6	5	4	7	14	1	12	11	2	15	2	5	2	11	10	1	10	11	2	15	9	15	1	2	9	11	8	8	1	15	11	8	5	5	5	12	2	14	14	15	8	3	8	9	1	2	2	15	12	16	14	8	8	14	1	13	4	16	8	3	13	15	9	13	16	7	7	13	11	6	14	5	3	8	15	5	5	14	14	3	6	2	2	5	8	9	7	10	4	12	8	4	12	5	4	1	1	12	3	5	8	16	4	6	15	1	15	15	5	15	1	4	7	10	5	2	10	2	13	4	10	12	1	10	1	15	4	10	7	15	16	7	9	14	5	11	10	5	8	12	12	3	5	3	7	1	1	10	12	3	9	16	10	3	6	4	2	9	7	12	8	8	6	15	1	1	11	16	6	10	3	11	14	1	7	5	4	6	7	10	11	11	8	8	2	2	3	16	10	9	9	5	10	15	13	10	1	6	8	4	16	8	13	2	1	7	15	7	16	6	5	15	7	13	7	2	15	15	6	13	3	14	10	3	12	11	5	11	11	5	5	9	2	1	6	3	6	12	6	1	2	1	3	13	12	1	10	15	16	14	13	4	2	3	5	15	2	2	10	11	15	11	10	8	1	10	12	8	2	12	12	1	2	16	5	8	9	13	16	1	16	14	1	2	10	4	13	1	8	15	4	6	13	13	4	9	7	11	12	13	4	1	13	12	4	4	3	12	1	11	1	5	3	13	8	4	4	5	16	15	5	4	3	6	2	3	11	8	11	5	3	11	13	9	1	5	5	13	15	1	16	5	7	4	7	12	15	14	3	16	5	6	3	4	9	2	1	13	14	3	6	8	7	14	2	16	5	1	9	11	16	9	1	16	4	6	13	14	6	7	9	15	15	14	6	13	6	6	3	4	14	6	12	14	11	3	2	3	5	9	9	12	5	15	2	9	16	9	9	9	15	5	5	10	10	13	5	6	15	8	13	7	5	3	16	14	3	1	12	5	6	13	15	2	12	14	8	9	14	6	8	4	4	6	8	16	2	11	2	10	13	3	5	5	16	10	8	2	13	9	12	7	12	5	8	8	7	5	12	1	7	11	3	1	3	9	4	2	3	15	1	2	10	16	14	2	12	6	14	15	5	16	6	13	16	12	10	3	4	14	12	11	9	1	6	1	3	7	11	1	10	10	3	13	4	4	2	1	8	10	1	16	1	4	13	1	2	4	5	10	3	10	12	8	4	11	7	5	9	1	10	10	4	14	1	5	1	13	3	9	16	13	12	7	15	14	15	5	11	9	5	5	13	11	16	15	2	5	7	7	12	14	2	4	5	16	13	4	10	2	11	16	7	16	5	12	16	14	2	15	14	1	16	4	3	7	11	11	1	3	10	2	8	6	12	6	11	11	11	12	15	11	9	16	7	4	6	13	14	3	10	7	3	15	9	9	12	9	2	15	3	16	1	5	12	15	3	13	4	11	5	13	2	3	16	15	13	13	10	14	6	13	10	9	3	1	5	2	8	3	16	9	8	12	9	1	12	4	5	5	15	9	11	
110	710	790	180	310	740	140	110	320	930	600	980	790	120	320	170	550	710	320	430	260	830	420	930	730	370	770	690	380	730	840	100	170	250	530	440	200	830	380	500	250	160	510	160	830	1000	940	600	180	860	380	220	440	950	760	620	640	210	830	470	140	590	720	960	970	710	190	310	140	570	790	570	650	160	930	750	500	450	990	400	150	430	920	420	400	670	860	420	240	940	410	530	880	970	180	250	750	460	220	660	730	840	510	300	480	420	420	130	190	290	820	490	140	230	800	180	510	290	670	340	950	170	750	740	120	680	870	470	790	530	810	130	990	520	700	560	290	820	290	690	250	870	110	220	980	880	730	340	860	960	420	900	330	450	730	710	290	900	690	670	190	780	500	850	320	830	200	430	570	730	160	740	360	820	930	520	690	310	260	480	340	580	990	720	920	180	880	690	720	230	320	610	490	460	160	630	770	110	340	790	990	490	880	150	170	920	130	210	680	850	120	240	270	950	700	600	460	670	780	800	560	160	280	590	760	210	770	320	110	930	700	400	400	600	700	360	750	890	480	430	510	230	970	980	750	730	530	820	350	260	710	750	630	310	840	730	660	150	870	910	140	190	430	910	900	350	1000	470	120	940	950	170	800	520	370	780	670	520	290	560	180	450	150	600	480	480	230	400	770	590	560	620	240	690	990	580	620	120	340	790	450	930	200	350	500	900	380	110	190	430	610	930	410	670	310	440	380	560	660	210	900	680	850	920	820	750	200	100	150	250	610	600	900	200	600	470	970	950	980	100	920	890	550	520	230	910	850	700	730	630	240	260	340	160	950	300	300	430	870	1000	480	830	500	310	490	640	750	500	530	430	430	930	640	320	330	150	500	590	350	940	400	750	220	750	740	500	440	870	650	500	800	600	230	230	880	950	380	220	230	270	280	150	800	140	280	910	510	200	970	920	230	740	140	260	610	680	780	350	820	650	150	700	360	630	360	110	550	200	240	270	390	240	340	120	940	750	780	920	990	150	510	900	470	550	570	130	960	880	640	630	340	710	330	900	400	700	770	810	690	970	200	540	120	430	790	170	470	940	380	570	220	320	500	780	430	840	340	310	640	740	590	470	110	550	160	940	530	710	730	990	950	190	430	980	420	440	430	150	770	490	670	250	330	260	320	970	670	430	220	210	140	760	250	580	910	300	600	290	780	840	330	780	790	270	390	970	900	400	790	400	300	290	810	580	690	640	930	500	950	510	170	890	990	540	600	440	530	160	390	980	1000	140	450	630	150	280	990	500	170	720	930	300	220	960	860	440	890	780	630	380	450	610	580	480	580	920	270	600	850	700	110	180	230	600	440	770	750	300	260	670	390	220	270	130	540	740	520	410	110	410	800	380	980	270	820	640	880	580	260	500	720	970	950	170	910	960	510	420	760	830	530	220	940	500	110	730	890	890	240	870	270	890	990	1000	490	780	600	800	600	800	650	330	880	1000	520	680	300	360	650	800	900	480	230	370	100	170	150	760	120	970	400	710	270	100	850	720	730	460	750	130	740	270	440	100	980	540	390	710	490	750	820	580	610	610	230	520	660	750	440	500	760	780	340	620	770	760	440	460	580	150	850	710	880	680	170	900	100	570	100	750	570	390	630	540	260	1000	900	710	370	430	730	770	990	550	1000	960	580	300	270	260	430	790	710	660	640	940	590	970	840	660	120	360	660	740	880	520	760	710	260	320	340	260	830	780	310	790	790	590	160	100	240	910	680	890	670	310	810	890	970	130	260	600	480	630	640	630	160	750	600	650	580	720	880	810	990	170	210	130	740	1000	610	390	210	950	810	120	680	800	770	400	900	780	550	670	490	760	400	830	910	180	510	230	470	340	160	720	120	490	660	640	150	670	140	950	320	230	650	560	690	440	290	130	220	970	470	250	450	820	990	900	760	910	200	170	700	220	930	110	510	1000	570	680	400	150	840	270	940	790	600	180	790	960	560	720	720	130	200	360	400	960	680	660	330	360	670	950	210	220	320	340	990	610	370	290	490	820	710	650	210	550	290	380	300	750	800	480	910	880	980	670	890	540	450	250	430	350	240	900	220	790	790	470	370	320	770	530	780	300	560	640	630	700	100	810	650	680	850	630	780	570	310	920	290	540	920	670	290	100	750	770	650	280	890	330	780	800	960	390	910	470	890	260	180	810	690	960	960	370	590	900	750	130	210	900	340	140	590	340	350	670	960	650	670	290	270	470	310	680	690	730	770	880	440	880	410	930	480	960	590	860	330	710	970	560	370	380	490	360	550	920	120	880	990	620	830	730	510	640	800	790	760	380	540	700	530	850	690	870	280	980	560	730	380	760	860	950	190	860	560	340	310	710	980	990	160	860	810	870	960	430	260	260	580	110	240	670	680	890	300	840	190	610	540	470	790	300	110	150	400	840	850	340	920	990	670	820	270	500	860	950	130	840	210	910	160	360	280	680	150	330	300	130	610	800	410	260	470	760	310	690	330	770	120	610	540	330	810	740	650	620	240	100	630	260	670	720	750	250	170	310	750	910	760	310	180	690	720	150	900	920	250	320	710	370	330	620	810	310	930	250	150	720	150	730	470	620	260	850	760	440	980	500	700	630	210	300	660	370	730	640	310	540	770	490	960	290	610	410	590	620	310	450	330	130	660	350	800	800	720	850	540	720	270	110	770	300	740	650	140	140	130	880	800	610	760	710	590	400	170	610	570	590	510	740	540	300	980	450	580	800	910	900	370	880	310	850	530	810	870	500	540	600	260	710	840	880	120	510	570	840	180	580	340	590	640	930	350	230	490	130	430	750	540	250	170	970	880	780	260	
100
