1593
60
3
90
0	500	0	0	0	500	0	0	0	0	0	0	500	0	0	0	0	0	0	0	0	0	0	0	0	0	0	0	0	0	0	0	0	0	0	0	0	0	0	0	0	500	0	0	0	0	0	0	0	0	0	0	0	0	0	0	0	0	0	0	
500	0	0	0	0	0	0	0	0	0	0	0	0	0	0	0	0	0	500	0	0	0	0	0	0	0	0	0	0	0	0	0	0	0	0	0	0	0	0	0	0	0	0	0	0	0	500	0	0	0	0	0	0	0	0	0	0	0	0	0	
0	0	0	500	0	0	0	0	0	0	0	0	0	0	0	0	0	0	0	0	0	0	500	0	0	0	0	0	0	0	0	0	0	0	0	0	0	0	0	0	0	0	0	0	0	0	0	0	0	0	0	500	0	0	0	0	0	0	0	0	
0	0	500	0	0	0	0	0	0	0	0	0	0	0	0	0	500	0	0	0	0	0	500	0	0	0	0	0	0	0	0	0	0	0	0	0	0	0	0	0	0	0	0	0	0	0	0	0	0	0	0	0	0	0	0	0	0	0	0	0	
0	0	0	0	0	0	0	0	0	0	0	0	0	0	0	0	500	0	0	0	500	0	0	0	0	0	0	0	0	500	0	0	0	0	0	0	0	0	0	0	0	0	0	0	0	0	0	0	0	0	0	0	0	0	0	0	0	0	0	0	
500	0	0	0	0	0	0	0	500	0	0	500	0	0	0	0	0	0	0	0	0	0	0	0	0	0	0	0	0	0	0	0	0	0	0	0	0	0	0	0	0	0	0	0	0	0	0	0	0	500	0	0	0	0	0	0	0	0	0	0	
0	0	0	0	0	0	0	0	0	0	0	0	0	0	0	0	0	0	0	0	0	0	0	0	0	0	0	500	0	0	0	0	0	0	0	0	0	500	0	0	0	0	0	0	0	0	0	0	0	0	500	0	0	0	0	0	0	0	0	0	
0	0	0	0	0	0	0	0	0	0	0	0	0	0	0	0	500	0	0	0	0	0	0	0	0	0	0	0	0	0	0	500	0	0	0	0	0	0	0	0	0	0	0	0	0	0	0	500	0	0	0	0	0	0	0	0	0	0	0	0	
0	0	0	0	0	500	0	0	0	0	0	500	0	0	0	0	0	0	0	0	0	0	0	0	0	0	0	0	0	0	0	0	0	0	0	0	0	0	0	0	0	0	0	0	0	0	0	0	0	500	0	0	0	0	0	0	0	0	0	0	
0	0	0	0	0	0	0	0	0	0	0	0	0	500	0	0	0	0	0	0	0	0	0	0	0	0	0	0	0	0	0	0	0	500	0	0	0	0	0	0	0	0	0	0	0	0	0	0	0	0	0	0	0	0	0	0	0	500	0	0	
0	0	0	0	0	0	0	0	0	0	0	0	0	0	0	0	0	0	0	0	0	0	0	0	0	0	0	0	0	500	0	0	0	500	0	0	0	0	0	0	0	0	0	0	0	0	0	0	0	0	0	0	0	0	0	500	0	0	0	0	
0	0	0	0	0	500	0	0	500	0	0	0	0	0	0	0	0	0	0	0	0	0	0	0	0	0	0	0	0	0	0	0	0	0	0	0	0	0	0	0	0	0	0	0	0	0	0	0	0	500	0	0	0	0	0	0	0	0	0	0	
500	0	0	0	0	0	0	0	0	0	0	0	0	0	0	0	0	0	0	0	0	0	0	500	0	0	0	0	0	0	0	0	0	0	0	0	0	0	0	0	0	500	0	0	0	0	0	0	0	0	0	0	0	0	0	0	0	0	0	0	
0	0	0	0	0	0	0	0	0	500	0	0	0	0	0	0	0	0	500	0	0	0	0	0	0	0	0	0	0	0	0	0	0	0	0	0	0	0	0	0	0	0	0	0	0	0	500	0	0	0	0	0	0	0	0	0	0	0	0	0	
0	0	0	0	0	0	0	0	0	0	0	0	0	0	0	500	0	0	0	0	0	0	0	0	0	0	0	0	0	0	0	0	0	0	0	0	0	0	0	0	0	0	0	500	0	0	0	0	0	0	0	0	0	0	500	0	0	0	0	0	
0	0	0	0	0	0	0	0	0	0	0	0	0	0	500	0	0	0	0	0	0	0	0	0	0	500	0	0	0	0	0	0	0	0	0	0	0	0	0	0	0	0	0	0	0	0	0	0	0	0	0	0	0	0	0	0	0	0	500	0	
0	0	0	500	500	0	0	500	0	0	0	0	0	0	0	0	0	0	0	0	0	0	0	0	0	0	0	0	0	0	0	0	0	0	0	0	0	0	0	0	0	0	0	0	0	0	0	0	0	0	0	0	0	0	0	0	0	0	0	0	
0	0	0	0	0	0	0	0	0	0	0	0	0	0	0	0	0	0	0	0	0	0	0	0	0	500	0	0	0	0	0	0	0	0	0	0	0	0	0	0	0	0	0	0	0	0	0	0	0	0	0	0	0	500	500	0	0	0	0	0	
0	500	0	0	0	0	0	0	0	0	0	0	0	500	0	0	0	0	0	0	0	0	0	0	0	0	0	0	0	0	0	0	0	0	0	0	0	0	0	0	0	0	0	0	0	0	500	0	0	0	0	0	0	0	0	0	0	0	0	0	
0	0	0	0	0	0	0	0	0	0	0	0	0	0	0	0	0	0	0	0	0	0	500	0	0	0	0	0	500	0	0	0	0	0	0	0	0	0	0	0	0	0	0	0	0	0	0	0	0	0	0	500	0	0	0	0	0	0	0	0	
0	0	0	0	500	0	0	0	0	0	0	0	0	0	0	0	0	0	0	0	0	0	0	0	0	0	0	0	0	0	0	500	0	0	0	0	0	0	0	0	0	0	0	0	0	0	0	500	0	0	0	0	0	0	0	0	0	0	0	0	
0	0	0	0	0	0	0	0	0	0	0	0	0	0	0	0	0	0	0	0	0	0	0	0	0	0	0	0	0	0	0	0	0	0	500	0	0	0	0	0	0	0	0	0	500	0	0	0	500	0	0	0	0	0	0	0	0	0	0	0	
0	0	500	500	0	0	0	0	0	0	0	0	0	0	0	0	0	0	0	500	0	0	0	0	0	0	0	0	0	0	0	0	0	0	0	0	0	0	0	0	0	0	0	0	0	0	0	0	0	0	0	0	0	0	0	0	0	0	0	0	
0	0	0	0	0	0	0	0	0	0	0	0	500	0	0	0	0	0	0	0	0	0	0	0	0	0	0	0	0	0	0	0	0	0	0	0	0	0	0	0	0	500	0	0	0	0	0	0	0	0	0	0	0	0	0	0	0	0	0	500	
0	0	0	0	0	0	0	0	0	0	0	0	0	0	0	0	0	0	0	0	0	0	0	0	0	0	0	0	0	0	0	0	0	500	0	0	0	0	0	500	0	0	0	0	0	0	0	0	0	0	0	0	0	0	0	0	0	500	0	0	
0	0	0	0	0	0	0	0	0	0	0	0	0	0	0	500	0	500	0	0	0	0	0	0	0	0	0	0	0	0	0	0	0	0	0	0	0	0	0	0	0	0	0	0	0	0	0	0	0	0	0	0	0	500	0	0	0	0	0	0	
0	0	0	0	0	0	0	0	0	0	0	0	0	0	0	0	0	0	0	0	0	0	0	0	0	0	0	0	0	0	0	0	0	0	500	0	0	0	0	0	0	0	0	0	500	0	0	0	500	0	0	0	0	0	0	0	0	0	0	0	
0	0	0	0	0	0	500	0	0	0	0	0	0	0	0	0	0	0	0	0	0	0	0	0	0	0	0	0	0	0	0	0	0	0	0	0	0	500	0	0	0	0	0	0	0	0	0	0	0	0	0	0	0	0	0	0	500	0	0	0	
0	0	0	0	0	0	0	0	0	0	0	0	0	0	0	0	0	0	0	500	0	0	0	0	0	0	0	0	0	0	0	0	0	0	0	0	0	0	0	0	0	0	0	0	0	0	0	0	0	0	0	500	0	0	0	0	500	0	0	0	
0	0	0	0	500	0	0	0	0	0	500	0	0	0	0	0	0	0	0	0	0	0	0	0	0	0	0	0	0	0	0	0	0	0	0	0	0	0	0	0	0	0	0	0	0	0	0	0	0	0	0	0	0	0	0	500	0	0	0	0	
0	0	0	0	0	0	0	0	0	0	0	0	0	0	0	0	0	0	0	0	0	0	0	0	0	0	0	0	0	0	0	0	500	0	0	0	0	0	500	0	0	0	0	0	0	0	0	0	0	0	0	0	0	0	0	0	0	0	0	500	
0	0	0	0	0	0	0	500	0	0	0	0	0	0	0	0	0	0	0	0	500	0	0	0	0	0	0	0	0	0	0	0	0	0	0	0	0	0	0	0	0	0	0	0	0	0	0	500	0	0	0	0	0	0	0	0	0	0	0	0	
0	0	0	0	0	0	0	0	0	0	0	0	0	0	0	0	0	0	0	0	0	0	0	0	0	0	0	0	0	0	500	0	0	0	0	0	0	0	500	0	0	0	0	0	0	0	0	0	0	0	0	0	500	0	0	0	0	0	0	0	
0	0	0	0	0	0	0	0	0	500	500	0	0	0	0	0	0	0	0	0	0	0	0	0	500	0	0	0	0	0	0	0	0	0	0	0	0	0	0	0	0	0	0	0	0	0	0	0	0	0	0	0	0	0	0	0	0	0	0	0	
0	0	0	0	0	0	0	0	0	0	0	0	0	0	0	0	0	0	0	0	0	500	0	0	0	0	500	0	0	0	0	0	0	0	0	0	0	0	0	0	0	0	0	0	500	0	0	0	0	0	0	0	0	0	0	0	0	0	0	0	
0	0	0	0	0	0	0	0	0	0	0	0	0	0	0	0	0	0	0	0	0	0	0	0	0	0	0	0	0	0	0	0	0	0	0	0	0	0	0	0	500	0	0	0	0	0	0	0	500	0	0	0	0	0	0	0	500	0	0	0	
0	0	0	0	0	0	0	0	0	0	0	0	0	0	0	0	0	0	0	0	0	0	0	0	0	0	0	0	0	0	0	0	0	0	0	0	0	0	0	0	0	0	500	0	0	500	0	0	0	0	0	0	0	0	500	0	0	0	0	0	
0	0	0	0	0	0	500	0	0	0	0	0	0	0	0	0	0	0	0	0	0	0	0	0	0	0	0	500	0	0	0	0	0	0	0	0	0	0	0	0	0	0	0	0	0	0	0	0	0	0	500	0	0	0	0	0	0	0	0	0	
0	0	0	0	0	0	0	0	0	0	0	0	0	0	0	0	0	0	0	0	0	0	0	0	0	0	0	0	0	0	500	0	500	0	0	0	0	0	0	0	0	0	0	0	0	0	0	0	0	0	0	0	500	0	0	0	0	0	0	0	
0	0	0	0	0	0	0	0	0	0	0	0	0	0	0	0	0	0	0	0	0	0	0	0	500	0	0	0	0	0	0	0	0	0	0	0	0	0	0	0	0	0	0	0	0	0	0	0	0	0	0	0	500	0	0	0	0	500	0	0	
0	0	0	0	0	0	0	0	0	0	0	0	0	0	0	0	0	0	0	0	0	0	0	0	0	0	0	0	0	0	0	0	0	0	0	500	0	0	0	0	0	0	500	0	0	500	0	0	0	0	0	0	0	0	0	0	0	0	0	0	
500	0	0	0	0	0	0	0	0	0	0	0	500	0	0	0	0	0	0	0	0	0	0	500	0	0	0	0	0	0	0	0	0	0	0	0	0	0	0	0	0	0	0	0	0	0	0	0	0	0	0	0	0	0	0	0	0	0	0	0	
0	0	0	0	0	0	0	0	0	0	0	0	0	0	0	0	0	0	0	0	0	0	0	0	0	0	0	0	0	0	0	0	0	0	0	0	500	0	0	0	500	0	0	0	0	500	0	0	0	0	0	0	0	0	0	0	0	0	0	0	
0	0	0	0	0	0	0	0	0	0	0	0	0	0	500	0	0	0	0	0	0	0	0	0	0	0	0	0	0	0	0	0	0	0	0	0	0	0	0	0	0	0	0	0	0	0	0	0	0	0	0	0	0	500	0	0	0	0	500	0	
0	0	0	0	0	0	0	0	0	0	0	0	0	0	0	0	0	0	0	0	0	500	0	0	0	0	500	0	0	0	0	0	0	0	500	0	0	0	0	0	0	0	0	0	0	0	0	0	0	0	0	0	0	0	0	0	0	0	0	0	
0	0	0	0	0	0	0	0	0	0	0	0	0	0	0	0	0	0	0	0	0	0	0	0	0	0	0	0	0	0	0	0	0	0	0	0	500	0	0	0	500	0	500	0	0	0	0	0	0	0	0	0	0	0	0	0	0	0	0	0	
0	500	0	0	0	0	0	0	0	0	0	0	0	500	0	0	0	0	500	0	0	0	0	0	0	0	0	0	0	0	0	0	0	0	0	0	0	0	0	0	0	0	0	0	0	0	0	0	0	0	0	0	0	0	0	0	0	0	0	0	
0	0	0	0	0	0	0	500	0	0	0	0	0	0	0	0	0	0	0	0	500	0	0	0	0	0	0	0	0	0	0	500	0	0	0	0	0	0	0	0	0	0	0	0	0	0	0	0	0	0	0	0	0	0	0	0	0	0	0	0	
0	0	0	0	0	0	0	0	0	0	0	0	0	0	0	0	0	0	0	0	0	500	0	0	0	0	500	0	0	0	0	0	0	0	0	500	0	0	0	0	0	0	0	0	0	0	0	0	0	0	0	0	0	0	0	0	0	0	0	0	
0	0	0	0	0	500	0	0	500	0	0	500	0	0	0	0	0	0	0	0	0	0	0	0	0	0	0	0	0	0	0	0	0	0	0	0	0	0	0	0	0	0	0	0	0	0	0	0	0	0	0	0	0	0	0	0	0	0	0	0	
0	0	0	0	0	0	500	0	0	0	0	0	0	0	0	0	0	0	0	0	0	0	0	0	0	0	0	0	0	0	0	0	0	0	0	0	0	500	0	0	0	0	0	0	0	0	0	0	0	0	0	0	0	0	0	500	0	0	0	0	
0	0	500	0	0	0	0	0	0	0	0	0	0	0	0	0	0	0	0	500	0	0	0	0	0	0	0	0	500	0	0	0	0	0	0	0	0	0	0	0	0	0	0	0	0	0	0	0	0	0	0	0	0	0	0	0	0	0	0	0	
0	0	0	0	0	0	0	0	0	0	0	0	0	0	0	0	0	0	0	0	0	0	0	0	0	0	0	0	0	0	0	0	500	0	0	0	0	0	500	500	0	0	0	0	0	0	0	0	0	0	0	0	0	0	0	0	0	0	0	0	
0	0	0	0	0	0	0	0	0	0	0	0	0	0	0	0	0	500	0	0	0	0	0	0	0	500	0	0	0	0	0	0	0	0	0	0	0	0	0	0	0	0	0	500	0	0	0	0	0	0	0	0	0	0	0	0	0	0	0	0	
0	0	0	0	0	0	0	0	0	0	0	0	0	0	500	0	0	500	0	0	0	0	0	0	0	0	0	0	0	0	0	0	0	0	0	0	500	0	0	0	0	0	0	0	0	0	0	0	0	0	0	0	0	0	0	0	0	0	0	0	
0	0	0	0	0	0	0	0	0	0	500	0	0	0	0	0	0	0	0	0	0	0	0	0	0	0	0	0	0	500	0	0	0	0	0	0	0	0	0	0	0	0	0	0	0	0	0	0	0	0	500	0	0	0	0	0	0	0	0	0	
0	0	0	0	0	0	0	0	0	0	0	0	0	0	0	0	0	0	0	0	0	0	0	0	0	0	0	500	500	0	0	0	0	0	0	500	0	0	0	0	0	0	0	0	0	0	0	0	0	0	0	0	0	0	0	0	0	0	0	0	
0	0	0	0	0	0	0	0	0	500	0	0	0	0	0	0	0	0	0	0	0	0	0	0	500	0	0	0	0	0	0	0	0	0	0	0	0	0	0	500	0	0	0	0	0	0	0	0	0	0	0	0	0	0	0	0	0	0	0	0	
0	0	0	0	0	0	0	0	0	0	0	0	0	0	0	500	0	0	0	0	0	0	0	0	0	0	0	0	0	0	0	0	0	0	0	0	0	0	0	0	0	0	0	500	0	0	0	0	0	0	0	0	0	0	0	0	0	0	0	500	
0	0	0	0	0	0	0	0	0	0	0	0	0	0	0	0	0	0	0	0	0	0	0	500	0	0	0	0	0	0	500	0	0	0	0	0	0	0	0	0	0	0	0	0	0	0	0	0	0	0	0	0	0	0	0	0	0	0	500	0	
49	34	44	41	39	18	12	20	25	51	18	50	47	22	48	49	27	41	42	14	18	11	45	49	21	30	31	32	57	47	55	31	38	40	0	3	42	24	35	19	46	41	35	33	6	24	55	28	37	59	59	49	22	49	32	44	43	24	48	15	20	30	35	18	0	18	26	7	18	22	35	6	4	44	57	45	3	15	51	24	11	14	57	29	2	40	25	12	1	48	27	7	17	13	24	7	46	10	5	56	19	38	52	3	19	32	12	38	28	35	24	49	10	42	33	50	26	26	7	57	36	48	16	49	40	41	0	32	42	4	59	54	4	20	2	5	59	32	59	13	11	2	26	19	51	47	39	5	25	41	53	36	21	15	33	36	6	51	54	10	26	10	43	36	26	5	52	54	42	37	30	34	0	22	10	44	53	31	21	18	41	4	29	4	58	30	26	40	53	49	9	38	39	8	43	7	0	23	14	29	34	58	1	13	6	4	37	52	16	14	32	22	33	30	14	9	30	0	45	1	25	57	46	52	11	21	55	11	2	37	22	50	31	46	0	54	34	1	11	16	0	31	38	59	48	52	55	36	35	2	26	20	11	51	15	0	29	49	20	26	41	30	51	5	52	25	45	10	25	33	22	57	47	17	35	21	40	54	51	33	31	52	16	55	7	37	27	58	30	15	14	22	45	27	19	23	30	46	43	8	38	13	18	40	54	27	22	56	0	48	13	24	34	16	46	32	30	31	12	45	37	55	38	59	49	59	1	52	50	47	53	27	39	41	12	14	7	58	57	10	35	7	45	11	22	53	2	3	34	50	23	47	9	50	56	51	48	38	39	8	53	23	20	48	17	49	45	28	5	35	7	9	5	28	0	8	29	24	14	0	35	11	18	57	0	55	31	11	13	28	36	33	39	10	44	37	10	18	41	33	45	28	33	4	41	39	48	31	40	17	30	44	33	39	27	49	4	23	42	3	51	22	1	59	27	23	0	10	43	24	46	10	43	3	38	31	57	53	29	5	55	12	56	28	44	56	26	37	33	30	18	1	25	6	46	58	15	0	23	15	10	42	39	29	18	50	44	43	2	52	28	30	43	38	3	24	43	12	23	36	47	10	3	4	58	24	21	13	15	11	59	43	34	15	31	44	25	49	47	50	48	34	10	29	19	24	20	12	40	3	0	7	49	6	55	32	51	29	39	35	1	42	13	51	41	35	30	17	4	39	13	29	6	56	2	34	44	15	31	28	32	36	2	31	9	26	53	26	7	53	43	30	25	56	58	54	1	46	26	31	10	26	57	29	48	17	5	1	42	12	19	51	1	47	9	35	5	40	36	14	13	44	23	35	27	43	48	38	8	50	44	37	2	0	37	27	49	58	16	21	34	24	22	50	26	4	53	44	13	52	1	33	3	42	59	54	15	20	15	25	30	59	16	55	38	17	6	54	20	5	34	22	0	25	48	54	27	15	59	20	43	35	40	47	17	7	42	20	51	50	36	46	9	56	14	36	31	49	32	48	51	43	40	37	46	40	45	20	35	59	8	27	48	13	29	41	57	13	48	33	50	32	33	8	56	14	19	37	9	57	46	21	14	40	54	28	19	18	32	46	12	9	55	18	28	44	25	25	53	57	26	28	27	38	16	53	33	50	10	22	4	4	27	32	8	34	24	31	16	24	6	19	7	6	15	31	25	45	1	36	43	18	53	37	6	27	49	10	48	5	16	44	56	39	21	38	55	53	26	46	49	55	26	26	40	9	44	51	32	59	55	17	6	19	50	18	58	6	0	23	56	56	6	8	13	0	55	38	16	41	57	10	24	47	42	26	18	19	50	42	58	1	57	35	5	33	4	55	37	23	54	34	30	18	26	57	44	48	15	21	31	43	43	10	28	55	56	14	47	27	42	16	53	46	31	57	8	28	51	46	17	18	24	26	15	25	12	0	17	29	38	29	51	4	1	22	37	27	42	41	12	0	5	42	8	18	48	15	52	24	16	12	20	6	52	36	28	35	51	28	13	20	32	48	47	26	17	17	47	41	24	33	54	24	6	36	51	35	39	7	51	37	5	54	37	47	44	23	27	24	30	4	54	37	8	45	47	58	3	43	40	7	28	30	37	17	30	0	55	59	52	50	23	53	46	0	1	29	31	20	21	4	23	13	46	32	41	9	3	56	47	41	19	20	25	14	1	19	12	51	36	12	16	16	48	14	51	31	0	58	34	33	51	41	18	39	49	29	56	40	11	48	17	44	56	36	15	42	37	1	7	4	18	58	6	53	29	0	9	57	42	23	42	20	30	23	11	8	11	26	28	13	40	10	42	13	52	51	18	4	46	2	5	29	41	35	11	53	18	23	15	8	23	19	29	12	43	22	49	0	25	21	24	53	3	46	25	50	17	43	5	9	47	51	4	51	11	48	25	55	22	48	24	21	15	47	42	29	9	27	7	40	27	20	26	47	47	22	50	12	51	35	22	29	42	23	5	20	43	8	13	53	52	8	38	28	17	13	49	2	32	31	34	36	4	22	15	47	2	35	6	8	13	36	39	3	34	37	11	39	23	34	42	0	48	18	31	26	52	26	20	11	49	13	45	41	55	2	12	12	18	54	54	56	48	35	15	34	14	42	31	46	41	3	46	35	42	19	32	47	50	2	13	3	46	20	48	46	53	56	52	24	9	37	33	25	38	21	23	29	58	5	28	56	57	39	7	29	1	22	10	27	16	26	49	47	44	10	49	5	25	59	50	47	25	44	2	9	7	30	42	6	16	33	18	47	32	57	15	53	27	21	33	17	6	2	49	42	56	37	8	50	54	29	34	32	50	3	15	24	10	50	13	5	35	9	11	31	2	34	32	48	30	42	5	56	58	55	6	35	22	58	9	23	2	46	12	9	58	27	24	45	40	58	12	37	30	44	29	51	2	18	2	36	2	31	30	10	23	31	32	21	52	8	27	49	9	46	32	23	7	32	35	38	19	24	50	54	3	2	17	21	43	57	4	51	35	21	0	22	53	59	25	59	12	34	48	27	35	22	47	1	30	49	8	48	56	6	39	2	51	46	27	16	15	25	45	11	33	29	13	39	37	56	36	11	28	39	26	30	2	21	11	53	18	53	2	40	13	31	38	28	48	53	48	58	0	15	16	50	57	15	53	13	49	3	14	8	35	40	54	3	3	21	1	18	22	11	16	8	5	26	34	10	26	44	17	9	53	8	54	28	22	59	32	5	22	26	58	4	4	58	7	37	45	18	26	58	23	46	43	42	49	37	48	40	24	10	55	15	4	6	4	49	40	45	0	32	18	40	52	11	23	58	11	4	3	50	6	6	3	42	34	52	39	51	23	32	3	51	5	31	49	20	58	49	22	14	25	36	37	45	43	33	1	58	46	7	43	25	18	57	49	51	25	3	5	46	3	5	26	3	52	48	33	17	18	25	54	16	2	41	1	30	44	8	19	35	44	43	37	59	2	15	16	44	17	35	43	25	18	23	27	6	37	15	41	24	42	48	30	18	9	58	46	55	3	48	34	6	1	56	37	14	27	5	34	58	20	35	37	8	37	43	1	8	15	11	25	49	57	8	13	38	56	19	17	3	21	59	8	16	56	22	40	21	46	38	37	1	36	8	52	
9	5	51	39	25	6	20	31	57	35	14	37	7	59	30	17	32	58	53	25	44	45	57	25	29	56	34	38	52	38	13	30	57	42	7	37	10	31	29	13	36	16	57	30	12	11	14	42	6	38	35	9	52	12	28	9	30	27	59	38	23	52	55	30	18	9	27	5	21	17	7	28	12	18	28	21	37	41	52	40	21	35	2	23	21	33	5	22	53	31	9	19	11	40	7	50	28	20	21	53	48	20	34	8	17	4	33	0	24	59	26	55	25	44	42	33	8	48	37	0	59	17	1	4	32	32	1	20	37	10	13	25	20	24	7	1	12	31	14	29	43	49	42	54	30	54	17	32	21	10	47	24	39	40	2	33	36	44	18	30	28	8	48	57	58	11	22	38	13	56	24	59	11	54	11	0	57	44	17	56	48	42	46	6	49	5	16	11	40	14	35	13	8	47	12	25	28	3	45	51	19	21	46	1	12	44	19	18	20	13	44	47	22	50	36	47	23	59	46	58	29	53	45	57	34	34	22	4	44	10	50	37	11	39	6	4	24	3	46	39	41	44	32	7	35	31	9	19	50	49	29	52	7	43	57	16	4	18	55	34	5	28	36	44	44	28	23	15	21	25	7	55	56	18	31	33	24	56	40	16	46	19	41	31	24	3	21	9	18	38	2	44	47	24	12	45	36	7	52	38	0	17	34	1	43	54	40	41	4	6	15	49	44	2	18	38	52	44	47	3	21	33	15	47	58	7	54	14	5	2	7	22	26	12	21	7	49	38	4	43	36	20	2	5	49	51	49	51	12	20	29	59	40	20	37	21	43	18	54	53	54	2	51	8	9	58	52	40	20	46	12	44	15	35	28	47	41	8	57	4	17	15	53	12	17	35	14	53	38	48	19	27	15	28	1	11	56	49	55	10	18	38	25	34	36	38	11	13	39	8	9	46	51	30	54	11	15	33	18	8	19	20	20	12	7	1	32	44	42	48	2	30	59	51	44	42	25	36	19	50	22	59	14	12	15	23	20	30	34	58	45	53	54	40	4	6	35	31	50	55	32	15	48	6	59	26	58	28	58	2	1	9	18	28	55	11	9	9	59	37	26	37	37	15	47	9	44	11	40	29	53	36	37	16	42	45	21	34	10	39	8	22	26	35	38	22	43	32	13	10	50	39	37	36	44	12	15	3	20	17	36	53	47	20	35	51	52	25	43	5	29	5	32	28	38	51	25	31	48	49	17	31	57	6	54	24	7	54	23	55	0	11	48	13	51	22	56	31	55	47	42	41	0	34	46	38	7	53	17	50	5	18	37	19	52	17	12	15	38	6	49	49	29	17	29	9	49	48	54	8	27	12	47	2	4	31	58	39	20	38	8	54	19	20	28	11	6	28	53	9	14	4	44	59	21	3	30	52	23	35	3	5	6	19	29	15	43	42	45	57	38	21	14	5	23	4	12	41	14	40	18	34	52	18	13	23	45	53	50	27	50	40	20	55	49	16	28	53	1	6	37	38	8	15	25	15	12	12	4	57	39	6	42	24	32	25	5	24	32	50	19	19	23	14	14	44	31	32	48	41	17	53	49	24	49	12	56	10	28	9	13	56	36	49	43	32	48	10	23	44	6	37	20	25	49	4	47	37	3	54	21	44	29	9	33	8	20	24	22	42	11	15	38	51	19	13	54	39	46	12	1	24	23	48	20	11	20	31	52	7	21	43	22	11	51	6	57	37	31	18	20	23	37	9	3	30	45	36	4	45	25	18	21	11	47	58	18	5	36	13	21	33	47	49	0	36	16	31	44	14	1	47	13	6	52	4	34	3	43	54	6	7	45	13	1	28	15	9	6	47	44	25	36	23	12	41	34	4	10	48	48	23	17	52	42	4	22	8	10	7	26	27	14	8	13	25	2	54	37	42	6	33	25	13	40	9	56	44	25	4	32	7	45	26	3	25	51	46	55	47	2	19	51	0	27	55	7	58	54	38	31	0	43	53	27	23	39	11	1	24	11	38	43	15	22	51	0	54	33	7	16	7	31	2	32	33	28	18	15	25	10	45	16	25	55	15	31	59	20	41	17	47	39	18	29	40	57	33	36	28	28	45	15	24	27	44	49	8	59	56	3	13	50	52	54	30	3	38	48	7	0	38	13	25	5	16	5	45	32	26	12	28	10	9	29	40	55	7	9	2	55	34	4	56	14	25	48	5	4	16	39	3	1	57	29	26	36	53	49	8	43	49	0	37	55	59	29	0	32	46	15	20	40	50	45	17	31	48	6	28	4	42	36	41	46	56	13	0	32	59	9	22	8	7	43	16	49	48	49	39	45	41	28	26	58	2	38	19	19	22	35	27	22	10	23	21	15	37	4	25	31	49	50	48	54	0	30	29	47	33	53	53	45	33	37	38	29	30	4	50	23	31	48	27	40	11	30	2	23	1	42	23	28	27	56	13	15	44	41	14	28	18	6	10	44	29	46	32	18	41	31	34	5	9	56	38	37	39	20	18	8	20	30	13	7	52	6	19	45	57	37	47	30	14	15	34	16	17	54	44	46	58	50	50	22	22	41	48	8	9	5	19	27	18	48	23	12	36	38	38	36	37	30	11	40	46	51	51	0	54	4	5	31	55	27	33	48	40	19	13	32	45	32	39	12	10	32	43	34	22	4	5	42	5	50	58	44	11	11	2	18	36	9	26	3	24	8	16	12	44	45	55	35	52	6	14	2	0	13	49	46	28	39	26	40	37	17	12	17	34	13	24	2	57	48	56	47	49	21	23	11	35	43	47	11	48	3	32	13	1	13	59	22	38	44	23	43	1	49	20	39	8	56	16	22	2	7	58	43	55	29	27	29	5	1	4	55	2	41	38	12	57	8	2	3	58	24	26	15	18	43	49	11	32	28	50	11	26	27	17	25	0	18	14	0	45	46	12	10	55	30	3	0	12	46	25	10	14	27	18	27	8	14	10	35	23	25	10	31	8	21	49	0	18	28	27	10	43	57	43	48	56	22	5	29	55	36	59	53	3	24	48	56	30	2	27	48	34	49	10	59	9	26	42	19	36	40	50	14	18	37	28	30	5	30	33	47	46	51	56	54	54	29	4	37	17	26	56	28	43	58	55	42	22	47	34	35	27	5	29	47	23	48	46	50	13	10	14	11	29	41	25	48	54	53	44	10	59	54	29	46	56	48	42	56	2	42	47	19	34	37	10	39	19	2	55	16	1	14	35	23	21	50	33	34	58	8	11	19	52	7	19	48	58	18	25	11	34	42	55	13	27	56	46	42	12	40	36	36	21	56	39	19	22	25	44	34	13	20	19	32	48	37	38	31	3	22	24	21	54	49	17	1	55	45	21	49	52	31	38	4	17	54	9	47	51	21	45	46	49	12	10	23	18	54	18	0	51	13	59	13	58	2	30	10	45	16	2	7	52	22	59	44	25	6	25	23	20	8	35	2	44	4	45	49	54	58	46	5	46	11	19	17	8	52	34	14	12	36	52	36	17	51	40	12	16	14	59	49	33	10	34	49	1	43	45	6	8	33	19	56	0	53	57	17	37	24	21	22	20	40	48	15	25	3	57	54	24	48	16	38	22	43	42	56	44	3	42	40	44	42	46	10	
13	17	13	2	18	11	7	16	18	6	6	6	5	17	7	14	5	11	19	16	3	11	11	6	15	16	13	20	7	4	16	20	12	20	3	9	6	13	2	10	3	7	6	20	11	17	4	15	4	7	2	4	15	5	7	9	16	9	2	2	1	5	18	5	7	12	14	6	2	16	10	14	16	14	7	15	2	18	14	13	16	7	9	17	8	4	15	17	6	4	15	13	4	6	13	19	15	4	2	7	16	16	15	19	15	5	5	18	13	12	6	4	13	4	13	7	16	18	11	20	9	18	11	1	14	13	6	14	6	16	11	16	4	12	7	7	11	15	12	18	15	9	3	16	17	8	12	19	2	16	1	8	15	14	3	8	13	4	14	11	13	13	7	12	4	9	16	10	19	2	10	11	20	15	5	20	18	12	11	5	8	14	13	9	10	15	11	15	8	11	10	10	17	4	16	17	9	2	14	5	17	2	5	1	14	13	7	7	13	17	1	17	18	1	11	13	1	20	12	1	8	20	5	14	15	15	10	19	16	9	5	6	6	8	9	5	5	12	6	13	9	3	15	3	10	2	5	2	13	6	6	11	5	16	15	3	15	3	11	6	3	3	15	12	11	5	2	9	9	14	10	16	4	11	14	12	5	16	2	2	2	14	3	14	5	5	7	15	5	3	4	13	5	15	7	5	8	4	3	3	13	10	3	12	1	11	12	15	4	5	10	15	10	6	9	8	16	5	15	16	5	9	3	5	16	6	7	14	14	2	1	16	7	9	11	4	16	6	12	3	11	7	15	3	9	14	13	2	10	13	11	4	10	15	15	12	3	12	1	10	14	12	12	2	8	5	16	8	9	3	2	9	13	2	3	12	13	4	4	7	14	5	3	1	12	16	12	8	14	15	2	5	6	6	10	1	1	10	1	14	3	2	15	10	8	15	3	14	6	5	5	9	11	3	13	14	6	8	10	9	12	15	7	14	15	6	1	11	16	2	16	8	11	10	10	9	14	3	13	3	9	2	14	10	13	7	11	16	5	16	11	6	13	12	5	1	14	3	2	9	6	14	4	4	2	14	5	12	3	10	15	1	3	2	6	5	9	5	2	12	9	11	15	11	15	1	2	14	7	5	14	11	10	2	5	11	2	1	9	5	11	11	14	4	2	15	7	3	5	14	14	1	11	11	11	11	11	5	14	12	2	16	14	5	8	9	9	9	15	7	2	9	12	16	6	13	4	1	4	11	2	15	1	12	14	3	14	6	6	8	11	15	7	9	8	16	4	13	15	12	10	4	6	9	11	11	1	13	9	10	9	3	15	13	14	9	3	8	16	15	14	2	6	4	7	6	9	10	5	8	1	9	8	10	10	15	14	6	3	14	14	11	2	1	16	8	10	13	3	8	14	5	1	16	9	7	4	11	15	11	8	14	8	5	5	16	4	9	3	3	13	11	11	16	8	4	7	12	11	3	9	8	4	13	4	11	7	13	7	5	15	16	2	6	3	2	9	11	4	11	6	13	6	9	4	5	9	14	1	11	14	3	11	11	9	11	14	15	4	4	12	10	13	5	7	13	13	11	13	7	15	14	15	7	2	1	14	11	1	12	11	16	1	12	1	14	13	3	5	15	4	9	6	10	14	13	5	9	15	4	10	13	14	1	5	4	5	14	10	1	9	1	1	2	16	5	15	4	11	5	10	7	11	15	13	13	16	8	1	11	9	9	9	5	7	16	2	11	11	1	15	3	4	3	6	14	10	4	9	16	15	11	3	14	5	1	10	5	8	10	12	15	10	4	16	9	11	2	15	6	1	6	2	15	6	11	3	5	13	12	9	4	7	14	13	10	12	7	9	9	9	6	8	9	1	16	12	11	16	11	10	13	6	13	11	12	1	13	8	7	7	11	14	9	5	16	3	16	2	12	4	7	1	14	9	7	4	10	6	11	13	10	13	13	15	1	11	13	12	7	12	5	4	11	9	16	3	3	1	3	4	6	9	6	5	11	8	7	14	11	4	14	8	10	4	12	14	7	2	5	4	13	3	2	13	10	2	10	9	7	3	16	2	10	2	12	16	5	10	9	16	7	12	15	3	7	2	6	7	5	6	4	3	1	1	16	6	8	10	8	1	7	12	12	2	1	3	5	8	14	3	4	9	8	8	3	2	13	12	8	8	11	16	16	1	11	1	5	1	7	15	8	4	6	4	10	2	3	15	3	6	16	4	14	12	15	11	7	11	1	11	5	1	1	10	13	15	7	8	13	16	3	7	11	6	4	10	15	1	8	5	7	9	6	1	7	4	15	10	16	5	14	6	3	5	8	6	10	6	11	7	14	14	16	11	1	13	1	16	2	4	12	5	12	3	1	9	15	15	4	4	4	11	1	7	13	15	7	11	15	1	16	11	4	13	3	10	11	16	14	2	5	1	12	16	16	16	11	6	8	8	1	2	11	7	13	3	6	7	12	6	3	15	4	7	1	4	4	10	7	8	13	4	5	2	12	1	4	3	5	5	8	8	7	2	6	8	7	3	15	5	11	3	3	6	10	1	3	12	9	13	4	12	2	7	16	16	12	1	15	4	5	3	15	2	6	4	6	15	14	13	2	5	2	13	7	10	13	15	14	15	14	6	5	14	11	8	1	12	11	3	13	3	2	14	5	5	2	1	6	12	12	8	5	4	13	5	2	12	9	7	9	5	12	5	14	15	8	5	2	9	6	16	3	4	6	7	15	7	14	15	11	5	14	2	11	2	13	2	13	4	16	3	11	3	2	2	2	13	14	13	5	1	10	9	13	3	10	8	13	15	5	13	13	16	9	14	1	3	6	2	2	16	16	5	6	1	8	12	6	7	2	3	8	4	3	15	12	11	10	7	11	13	3	9	12	7	1	6	2	5	3	9	4	1	16	16	5	10	16	7	15	4	8	1	4	6	13	14	12	5	3	2	4	10	14	4	13	10	10	10	3	13	1	9	4	2	3	12	7	16	11	6	8	6	2	15	6	15	10	11	14	15	14	4	10	13	15	9	9	15	13	7	8	1	10	1	12	15	2	12	5	4	11	9	10	7	1	12	5	6	6	5	4	4	11	5	3	12	8	10	14	7	2	11	4	4	11	7	5	12	7	15	7	14	12	7	7	2	2	7	7	15	12	5	3	7	13	5	6	8	15	15	11	11	3	13	1	15	10	14	12	5	7	11	9	3	8	11	15	4	1	14	4	11	4	5	7	3	10	4	10	10	11	12	15	11	10	5	9	2	6	9	13	6	11	9	6	3	2	7	7	2	2	13	9	1	15	12	14	3	15	8	4	9	9	1	12	10	2	8	15	1	9	1	13	14	3	9	14	11	10	11	7	13	1	9	2	5	3	2	3	14	12	2	4	12	2	1	5	14	14	6	10	5	6	8	9	12	1	16	10	13	12	10	4	10	7	4	4	1	9	16	7	16	15	13	9	4	13	16	8	7	11	9	12	4	15	3	2	6	12	3	7	14	14	14	14	4	8	11	7	3	14	13	3	2	7	6	6	6	13	5	7	16	7	9	13	12	7	3	16	7	14	2	7	5	7	3	1	5	8	12	15	8	10	6	4	12	7	9	6	4	6	8	6	2	9	15	2	2	13	8	
760	950	500	1000	190	780	620	490	950	580	110	230	850	740	790	650	810	260	320	830	650	990	950	850	720	950	470	540	160	760	370	830	560	200	760	350	300	550	570	610	370	340	870	250	280	850	180	470	410	420	710	610	540	880	330	880	260	470	390	290	720	810	990	730	770	750	250	1000	810	960	100	100	880	890	860	140	880	220	140	880	160	830	250	690	520	330	980	950	790	580	360	720	340	690	160	160	870	500	560	850	280	760	870	220	470	150	580	430	390	150	200	500	600	320	300	750	810	840	240	830	260	100	830	290	680	200	610	860	360	440	960	430	320	420	870	600	810	100	110	710	200	520	640	210	690	460	530	960	920	600	950	970	440	310	100	230	640	980	180	900	420	630	480	680	470	280	630	680	580	630	880	930	710	420	270	520	930	800	910	910	400	420	970	850	940	940	950	590	210	620	140	380	210	940	100	240	400	810	230	960	290	220	330	390	490	680	740	500	320	730	180	950	420	370	460	170	260	960	700	380	390	690	460	730	750	960	270	300	130	630	500	290	180	840	460	500	730	720	370	720	340	230	710	170	950	890	290	1000	610	320	140	980	520	870	420	980	350	370	940	280	900	620	130	780	140	980	830	190	830	450	820	280	930	300	170	760	360	480	520	310	260	400	470	850	240	500	520	590	490	160	560	460	540	800	330	390	350	890	130	940	700	930	570	230	620	580	210	600	770	100	690	730	250	290	210	560	500	300	940	590	890	630	630	120	870	700	120	980	800	640	340	610	390	100	940	550	270	370	510	1000	620	710	300	990	350	780	310	260	880	230	110	740	440	100	550	640	300	140	880	810	830	960	130	250	590	360	600	100	280	600	180	650	180	150	160	450	150	800	590	500	120	630	630	230	670	440	550	670	300	1000	320	680	850	890	870	190	500	360	640	940	740	550	420	500	140	360	550	890	380	580	380	200	640	600	660	110	830	540	380	890	430	570	680	1000	370	540	600	250	490	180	430	560	380	910	870	380	260	310	720	220	460	560	880	480	110	140	260	820	330	920	110	630	830	140	390	700	360	390	900	850	440	510	800	720	210	420	540	740	560	400	440	640	310	710	210	830	140	170	200	750	610	460	730	110	560	560	310	600	650	340	420	860	250	340	250	140	340	730	230	220	560	860	270	500	730	310	160	280	960	190	390	480	810	870	600	380	340	190	870	570	360	250	290	110	460	720	560	810	660	290	720	130	140	690	900	180	590	230	840	470	160	240	180	260	270	260	290	330	960	940	180	610	730	790	750	240	360	990	750	460	840	430	790	540	560	960	370	400	190	320	450	520	790	190	640	390	750	440	560	190	840	650	550	550	170	860	630	250	800	210	480	900	340	430	320	450	970	880	600	550	210	410	700	600	740	120	980	220	390	520	730	740	610	720	760	680	470	140	510	400	270	720	650	490	200	600	310	380	630	490	480	850	160	980	120	650	540	240	570	250	560	410	600	350	190	520	970	670	820	450	870	380	590	440	940	840	560	280	980	580	940	600	720	870	110	540	230	300	900	440	510	1000	240	110	260	970	690	280	360	880	390	820	400	750	790	150	920	150	190	310	590	570	190	790	910	630	430	290	490	200	640	790	820	560	690	550	880	460	530	280	950	340	710	260	530	500	280	630	560	250	100	290	900	530	410	800	990	230	250	410	520	660	730	170	300	560	790	580	280	870	270	240	190	450	560	550	670	990	960	680	550	110	310	170	830	1000	800	110	480	230	350	650	920	980	900	970	190	430	510	650	870	120	170	230	940	110	990	770	860	730	790	580	960	350	520	290	240	360	460	860	910	830	310	730	820	720	540	150	320	610	990	930	670	100	820	210	200	130	1000	810	390	350	700	480	420	1000	470	290	130	520	460	360	400	560	990	700	500	740	430	460	560	870	910	480	880	830	890	170	130	600	280	270	910	980	800	800	390	570	430	690	270	560	970	520	150	170	830	420	230	720	950	700	770	350	260	830	120	910	840	670	810	530	980	280	290	440	130	400	110	420	210	990	170	800	440	970	590	870	660	760	430	900	100	710	940	450	520	110	640	290	720	560	290	610	410	830	460	130	570	210	200	760	780	180	780	530	130	780	950	810	680	370	910	970	230	770	860	280	420	190	520	960	750	260	370	890	610	250	780	870	810	850	270	700	820	640	1000	490	180	120	110	640	520	120	870	960	410	140	740	460	480	920	870	280	910	700	890	510	460	700	860	790	520	740	480	550	710	410	550	580	640	820	410	820	170	820	700	400	360	300	940	970	650	140	640	260	580	680	500	1000	580	490	600	710	270	190	450	700	150	350	1000	960	980	200	280	840	520	530	770	480	270	150	930	120	620	260	410	580	300	330	480	180	940	140	400	240	190	920	990	930	280	730	250	390	800	320	350	260	240	960	430	800	530	780	940	510	940	710	490	280	890	780	370	730	190	400	500	340	410	790	940	390	620	360	820	450	840	520	560	650	420	530	290	960	140	270	390	920	540	260	750	840	940	230	170	780	470	760	290	410	950	190	960	220	690	600	960	210	980	870	990	810	850	810	100	870	840	330	570	300	300	740	850	300	820	230	360	350	260	970	960	800	780	800	280	970	990	260	970	170	950	770	730	450	600	220	980	230	290	780	390	660	500	730	380	210	130	340	910	840	300	980	230	230	860	180	120	270	530	170	330	190	680	250	650	340	280	990	310	450	660	300	890	910	740	940	200	450	940	430	840	320	840	890	540	680	840	440	430	310	680	260	560	580	600	130	540	520	660	780	960	330	980	750	370	420	660	590	970	1000	780	610	850	760	400	580	300	510	120	580	310	520	230	290	660	250	600	270	370	590	640	620	680	120	900	830	810	220	800	670	900	580	850	730	120	560	880	650	810	440	320	920	550	510	690	320	150	850	460	290	360	220	150	170	740	850	870	460	800	700	470	670	630	730	240	550	450	320	400	920	450	950	560	350	730	490	180	180	780	100	220	800	840	180	500	280	550	320	650	400	890	460	600	360	680	270	400	150	940	630	650	490	520	310	400	430	490	950	840	280	290	1000	720	340	710	280	880	180	290	650	580	700	420	160	850	550	600	530	450	260	590	470	850	760	610	500	800	610	850	980	950	330	510	1000	130	170	110	730	250	180	430	110	610	240	490	110	750	510	320	770	420	490	880	970	450	320	730	640	350	200	360	650	920	690	710	270	680	160	660	180	520	260	950	370	610	730	410	310	610	270	120	600	750	850	850	420	830	780	1000	600	890	330	880	390	680	910	840	650	1000	760	710	350	680	560	160	850	300	770	380	580	680	890	730	450	620	900	940	210	950	760	700	640	990	430	890	700	570	940	380	330	340	960	330	250	140	370	110	760	920	310	660	170	180	160	290	790	520	210	920	790	930	850	800	500	950	690	890	100	110	920	990	660	530	850	190	320	270	210	390	940	290	620	780	270	810	850	590	220	100	580	400	670	280	910	650	660	790	910	710	620	180	500	310	160	670	210	130	450	780	390	860	540	290	140	980	310	670	600	480	840	400	120	950	310	790	380	640	830	970	150	700	680	200	650	390	780	820	630	830	850	310	790	880	440	350	310	470	580	420	760	180	740	550	630	110	560	250	520	370	900	180	510	230	670	320	500	840	760	430	480	230	680	970	
1
