1239
60
2
70
0	48	48	48	0	48	0	48	0	0	48	0	0	0	0	0	48	0	0	0	0	0	0	0	0	0	0	0	0	0	0	0	0	0	0	0	0	0	0	0	0	0	0	0	0	0	0	48	0	0	0	0	0	0	0	0	0	0	48	0	
48	0	0	0	0	0	0	0	0	0	0	0	0	0	0	0	0	0	0	0	48	0	0	0	0	0	0	0	0	0	0	0	0	48	0	0	0	0	0	0	0	0	0	0	0	0	0	0	0	0	0	0	0	0	0	0	0	0	0	0	
48	0	0	0	0	0	0	0	0	0	0	0	0	48	0	0	0	0	0	0	0	0	0	0	0	0	0	0	0	0	0	0	0	0	0	0	0	0	0	0	0	0	0	0	0	0	0	0	0	0	0	0	0	48	0	0	0	0	0	0	
48	0	0	0	0	0	48	0	0	0	0	0	0	0	0	0	0	0	0	0	0	0	0	0	0	0	0	0	0	0	0	0	0	0	0	0	0	0	0	0	0	0	0	0	0	0	0	0	0	0	0	0	0	0	0	48	0	0	0	0	
0	0	0	0	0	0	0	0	0	48	0	0	0	0	0	0	0	0	0	0	0	0	0	0	0	48	0	0	0	0	0	0	0	0	0	0	0	0	0	0	0	0	0	0	0	0	0	0	0	0	0	0	0	0	0	0	0	0	0	0	
48	0	0	0	0	0	0	0	0	0	0	0	0	0	0	0	0	0	0	0	0	0	0	0	0	0	0	0	0	0	0	0	0	0	0	0	0	0	0	0	0	0	0	0	0	0	48	0	0	0	0	0	48	0	0	0	0	0	0	0	
0	0	0	48	0	0	0	0	0	0	0	0	0	0	0	0	0	0	0	0	0	0	0	0	0	48	0	0	0	0	0	0	0	0	0	0	0	0	0	0	0	0	0	0	0	0	0	0	0	0	0	0	0	0	0	0	0	0	0	0	
48	0	0	0	0	0	0	0	0	0	0	0	0	0	0	0	0	0	0	0	0	0	0	0	0	0	48	0	0	0	0	0	0	0	0	0	0	0	0	0	0	0	0	0	48	0	0	0	0	0	0	0	0	0	0	0	0	0	0	0	
0	0	0	0	0	0	0	0	0	0	0	0	0	0	0	0	0	0	0	0	0	0	0	0	48	0	0	0	0	0	0	0	0	0	0	0	0	0	0	0	0	0	0	0	0	0	0	0	0	0	0	0	0	0	0	0	0	0	0	48	
0	0	0	0	48	0	0	0	0	0	0	0	0	0	0	0	0	0	0	0	0	0	0	0	0	0	0	0	0	0	0	0	0	0	0	0	0	0	0	0	0	0	0	0	0	0	0	0	48	0	0	0	0	0	0	0	0	0	0	0	
48	0	0	0	0	0	0	0	0	0	0	0	0	0	0	0	0	0	0	0	0	0	0	0	0	0	0	0	0	0	0	0	0	0	0	0	0	0	0	0	0	0	0	0	0	0	0	0	0	48	0	0	0	0	0	0	48	0	0	0	
0	0	0	0	0	0	0	0	0	0	0	0	0	0	0	0	0	0	48	0	0	0	0	0	0	0	0	0	0	0	0	0	0	0	0	48	0	0	0	0	0	0	0	0	0	0	0	0	0	0	0	0	0	0	0	0	0	0	0	0	
0	0	0	0	0	0	0	0	0	0	0	0	0	0	0	0	0	0	0	0	0	0	0	0	0	0	0	0	0	0	0	0	0	0	0	0	0	0	0	0	0	0	0	0	0	0	0	0	0	0	0	0	0	0	0	0	0	0	48	48	
0	0	48	0	0	0	0	0	0	0	0	0	0	0	0	0	0	0	0	0	0	0	0	0	0	0	0	0	0	0	0	0	0	0	0	0	0	0	0	0	0	0	0	0	0	0	0	0	0	0	0	0	0	48	0	0	0	0	0	0	
0	0	0	0	0	0	0	0	0	0	0	0	0	0	0	0	0	0	0	0	0	0	0	0	0	0	0	0	0	0	0	0	0	0	0	0	0	0	0	0	0	0	48	48	0	0	0	0	0	0	0	0	0	0	0	0	0	0	0	0	
0	0	0	0	0	0	0	0	0	0	0	0	0	0	0	0	0	0	0	48	0	0	0	0	0	0	0	0	0	0	0	0	0	0	0	0	0	0	0	0	0	0	0	0	0	0	0	0	0	0	48	0	0	0	0	0	0	0	0	0	
48	0	0	0	0	0	0	0	0	0	0	0	0	0	0	0	0	0	0	0	0	0	0	0	0	0	0	0	0	0	0	0	0	0	0	0	48	0	0	0	0	48	0	0	0	0	0	0	0	0	0	0	0	0	0	0	0	0	0	0	
0	0	0	0	0	0	0	0	0	0	0	0	0	0	0	0	0	0	0	0	0	0	0	0	0	0	0	48	0	0	0	0	0	0	0	0	0	0	0	0	0	0	0	0	0	0	0	48	0	0	0	0	0	0	0	0	0	0	0	0	
0	0	0	0	0	0	0	0	0	0	0	48	0	0	0	0	0	0	0	0	0	0	0	0	0	0	0	0	0	0	0	0	0	0	48	0	0	0	0	0	0	0	0	0	0	0	0	0	0	0	0	0	0	0	0	0	0	0	0	0	
0	0	0	0	0	0	0	0	0	0	0	0	0	0	0	48	0	0	0	0	0	0	0	0	0	0	0	0	0	0	0	0	0	0	0	0	0	48	0	0	0	0	0	0	0	0	0	0	0	0	0	0	0	0	0	0	0	0	0	0	
0	48	0	0	0	0	0	0	0	0	0	0	0	0	0	0	0	0	0	0	0	0	0	0	0	0	0	0	0	0	0	0	0	48	0	0	0	0	0	0	0	0	0	0	0	0	0	0	0	0	0	0	0	0	0	0	0	0	0	0	
0	0	0	0	0	0	0	0	0	0	0	0	0	0	0	0	0	0	0	0	0	0	0	0	0	0	0	0	0	0	0	0	48	0	0	0	0	0	0	0	0	0	48	0	0	0	0	0	0	0	0	0	0	0	0	0	0	0	0	0	
0	0	0	0	0	0	0	0	0	0	0	0	0	0	0	0	0	0	0	0	0	0	0	0	48	0	0	0	0	0	0	0	0	0	0	0	0	0	48	0	0	0	0	0	0	0	0	0	0	0	0	0	0	0	0	0	0	0	0	0	
0	0	0	0	0	0	0	0	0	0	0	0	0	0	0	0	0	0	0	0	0	0	0	0	0	0	0	0	0	0	48	0	48	0	0	0	0	0	0	0	0	0	0	0	0	0	0	0	0	0	0	0	0	0	0	0	0	0	0	0	
0	0	0	0	0	0	0	0	48	0	0	0	0	0	0	0	0	0	0	0	0	0	48	0	0	0	0	0	0	0	0	0	0	0	0	0	0	0	0	0	0	0	0	0	0	0	0	0	0	0	0	0	0	0	0	0	0	0	0	0	
0	0	0	0	48	0	48	0	0	0	0	0	0	0	0	0	0	0	0	0	0	0	0	0	0	0	0	0	0	0	0	0	0	0	0	0	0	0	0	0	0	0	0	0	0	0	0	0	0	0	0	0	0	0	0	0	0	0	0	0	
0	0	0	0	0	0	0	48	0	0	0	0	0	0	0	0	0	0	0	0	0	0	0	0	0	0	0	0	0	0	0	0	0	0	0	0	0	0	0	0	0	0	0	0	48	0	0	0	0	0	0	0	0	0	0	0	0	0	0	0	
0	0	0	0	0	0	0	0	0	0	0	0	0	0	0	0	0	48	0	0	0	0	0	0	0	0	0	0	0	0	0	0	0	0	0	48	0	0	0	0	0	0	0	0	0	0	0	0	0	0	0	0	0	0	0	0	0	0	0	0	
0	0	0	0	0	0	0	0	0	0	0	0	0	0	0	0	0	0	0	0	0	0	0	0	0	0	0	0	0	0	0	0	0	0	0	0	0	0	0	0	0	0	0	0	0	0	48	0	0	0	0	0	48	0	0	0	0	0	0	0	
0	0	0	0	0	0	0	0	0	0	0	0	0	0	0	0	0	0	0	0	0	0	0	0	0	0	0	0	0	0	0	0	0	0	0	0	0	0	0	0	0	0	0	0	0	0	0	0	48	0	0	0	0	0	0	48	0	0	0	0	
0	0	0	0	0	0	0	0	0	0	0	0	0	0	0	0	0	0	0	0	0	0	0	48	0	0	0	0	0	0	0	0	0	0	0	0	0	0	0	0	48	0	0	0	0	0	0	0	0	0	0	0	0	0	0	0	0	0	0	0	
0	0	0	0	0	0	0	0	0	0	0	0	0	0	0	0	0	0	0	0	0	0	0	0	0	0	0	0	0	0	0	0	0	0	0	0	0	48	0	0	0	0	0	0	0	0	0	0	0	0	0	0	0	0	0	0	0	48	0	0	
0	0	0	0	0	0	0	0	0	0	0	0	0	0	0	0	0	0	0	0	0	48	0	48	0	0	0	0	0	0	0	0	0	0	0	0	0	0	0	0	0	0	0	0	0	0	0	0	0	0	0	0	0	0	0	0	0	0	0	0	
0	48	0	0	0	0	0	0	0	0	0	0	0	0	0	0	0	0	0	0	48	0	0	0	0	0	0	0	0	0	0	0	0	0	0	0	0	0	0	0	0	0	0	0	0	0	0	0	0	0	0	0	0	0	0	0	0	0	0	0	
0	0	0	0	0	0	0	0	0	0	0	0	0	0	0	0	0	0	48	0	0	0	0	0	0	0	0	0	0	0	0	0	0	0	0	0	0	0	0	0	0	0	0	0	0	0	0	0	0	0	0	48	0	0	0	0	0	0	0	0	
0	0	0	0	0	0	0	0	0	0	0	48	0	0	0	0	0	0	0	0	0	0	0	0	0	0	0	48	0	0	0	0	0	0	0	0	0	0	0	0	0	0	0	0	0	0	0	0	0	0	0	0	0	0	0	0	0	0	0	0	
0	0	0	0	0	0	0	0	0	0	0	0	0	0	0	0	48	0	0	0	0	0	0	0	0	0	0	0	0	0	0	0	0	0	0	0	0	0	0	0	0	48	0	0	0	0	0	0	0	0	0	0	0	0	0	0	0	0	0	0	
0	0	0	0	0	0	0	0	0	0	0	0	0	0	0	0	0	0	0	48	0	0	0	0	0	0	0	0	0	0	0	48	0	0	0	0	0	0	0	0	0	0	0	0	0	0	0	0	0	0	0	0	0	0	0	0	0	0	0	0	
0	0	0	0	0	0	0	0	0	0	0	0	0	0	0	0	0	0	0	0	0	0	48	0	0	0	0	0	0	0	0	0	0	0	0	0	0	0	0	0	0	0	0	48	0	0	0	0	0	0	0	0	0	0	0	0	0	0	0	0	
0	0	0	0	0	0	0	0	0	0	0	0	0	0	0	0	0	0	0	0	0	0	0	0	0	0	0	0	0	0	0	0	0	0	0	0	0	0	0	0	48	0	0	0	0	0	0	0	0	0	48	0	0	0	0	0	0	0	0	0	
0	0	0	0	0	0	0	0	0	0	0	0	0	0	0	0	0	0	0	0	0	0	0	0	0	0	0	0	0	0	48	0	0	0	0	0	0	0	0	48	0	0	0	0	0	0	0	0	0	0	0	0	0	0	0	0	0	0	0	0	
0	0	0	0	0	0	0	0	0	0	0	0	0	0	0	0	48	0	0	0	0	0	0	0	0	0	0	0	0	0	0	0	0	0	0	0	48	0	0	0	0	0	0	0	0	0	0	0	0	0	0	0	0	0	0	0	0	0	0	0	
0	0	0	0	0	0	0	0	0	0	0	0	0	0	48	0	0	0	0	0	0	48	0	0	0	0	0	0	0	0	0	0	0	0	0	0	0	0	0	0	0	0	0	0	0	0	0	0	0	0	0	0	0	0	0	0	0	0	0	0	
0	0	0	0	0	0	0	0	0	0	0	0	0	0	48	0	0	0	0	0	0	0	0	0	0	0	0	0	0	0	0	0	0	0	0	0	0	0	48	0	0	0	0	0	0	0	0	0	0	0	0	0	0	0	0	0	0	0	0	0	
0	0	0	0	0	0	0	48	0	0	0	0	0	0	0	0	0	0	0	0	0	0	0	0	0	0	48	0	0	0	0	0	0	0	0	0	0	0	0	0	0	0	0	0	0	0	0	0	0	0	0	0	0	0	0	0	0	0	0	0	
0	0	0	0	0	0	0	0	0	0	0	0	0	0	0	0	0	0	0	0	0	0	0	0	0	0	0	0	0	0	0	0	0	0	0	0	0	0	0	0	0	0	0	0	0	0	0	0	0	48	0	0	0	0	0	0	48	0	0	0	
0	0	0	0	0	48	0	0	0	0	0	0	0	0	0	0	0	0	0	0	0	0	0	0	0	0	0	0	48	0	0	0	0	0	0	0	0	0	0	0	0	0	0	0	0	0	0	0	0	0	0	0	0	0	0	0	0	0	0	0	
48	0	0	0	0	0	0	0	0	0	0	0	0	0	0	0	0	48	0	0	0	0	0	0	0	0	0	0	0	0	0	0	0	0	0	0	0	0	0	0	0	0	0	0	0	0	0	0	0	0	0	0	0	0	0	0	0	0	0	0	
0	0	0	0	0	0	0	0	0	48	0	0	0	0	0	0	0	0	0	0	0	0	0	0	0	0	0	0	0	48	0	0	0	0	0	0	0	0	0	0	0	0	0	0	0	0	0	0	0	0	0	0	0	0	0	0	0	0	0	0	
0	0	0	0	0	0	0	0	0	0	48	0	0	0	0	0	0	0	0	0	0	0	0	0	0	0	0	0	0	0	0	0	0	0	0	0	0	0	0	0	0	0	0	0	0	48	0	0	0	0	0	0	0	0	0	0	0	0	0	0	
0	0	0	0	0	0	0	0	0	0	0	0	0	0	0	48	0	0	0	0	0	0	0	0	0	0	0	0	0	0	0	0	0	0	0	0	0	0	0	48	0	0	0	0	0	0	0	0	0	0	0	0	0	0	0	0	0	0	0	0	
0	0	0	0	0	0	0	0	0	0	0	0	0	0	0	0	0	0	0	0	0	0	0	0	0	0	0	0	0	0	0	0	0	0	48	0	0	0	0	0	0	0	0	0	0	0	0	0	0	0	0	0	0	0	48	0	0	0	0	0	
0	0	0	0	0	48	0	0	0	0	0	0	0	0	0	0	0	0	0	0	0	0	0	0	0	0	0	0	48	0	0	0	0	0	0	0	0	0	0	0	0	0	0	0	0	0	0	0	0	0	0	0	0	0	0	0	0	0	0	0	
0	0	48	0	0	0	0	0	0	0	0	0	0	48	0	0	0	0	0	0	0	0	0	0	0	0	0	0	0	0	0	0	0	0	0	0	0	0	0	0	0	0	0	0	0	0	0	0	0	0	0	0	0	0	0	0	0	0	0	0	
0	0	0	0	0	0	0	0	0	0	0	0	0	0	0	0	0	0	0	0	0	0	0	0	0	0	0	0	0	0	0	0	0	0	0	0	0	0	0	0	0	0	0	0	0	0	0	0	0	0	0	48	0	0	0	0	0	48	0	0	
0	0	0	48	0	0	0	0	0	0	0	0	0	0	0	0	0	0	0	0	0	0	0	0	0	0	0	0	0	48	0	0	0	0	0	0	0	0	0	0	0	0	0	0	0	0	0	0	0	0	0	0	0	0	0	0	0	0	0	0	
0	0	0	0	0	0	0	0	0	0	48	0	0	0	0	0	0	0	0	0	0	0	0	0	0	0	0	0	0	0	0	0	0	0	0	0	0	0	0	0	0	0	0	0	0	48	0	0	0	0	0	0	0	0	0	0	0	0	0	0	
0	0	0	0	0	0	0	0	0	0	0	0	0	0	0	0	0	0	0	0	0	0	0	0	0	0	0	0	0	0	0	48	0	0	0	0	0	0	0	0	0	0	0	0	0	0	0	0	0	0	0	0	0	0	48	0	0	0	0	0	
48	0	0	0	0	0	0	0	0	0	0	0	48	0	0	0	0	0	0	0	0	0	0	0	0	0	0	0	0	0	0	0	0	0	0	0	0	0	0	0	0	0	0	0	0	0	0	0	0	0	0	0	0	0	0	0	0	0	0	0	
0	0	0	0	0	0	0	0	48	0	0	0	48	0	0	0	0	0	0	0	0	0	0	0	0	0	0	0	0	0	0	0	0	0	0	0	0	0	0	0	0	0	0	0	0	0	0	0	0	0	0	0	0	0	0	0	0	0	0	0	
26	56	36	27	53	53	43	24	25	34	1	17	5	27	35	4	28	23	8	29	12	18	47	6	18	25	40	12	39	29	33	39	28	56	2	56	21	57	52	58	32	30	49	35	19	37	32	55	22	21	17	32	28	44	19	49	5	59	29	41	33	39	18	13	58	29	54	52	36	49	9	37	16	2	2	28	40	3	1	34	9	21	2	33	43	59	0	48	12	52	47	6	52	30	36	12	36	22	20	25	23	45	51	16	47	19	44	9	28	22	27	22	24	51	25	54	19	43	23	4	3	30	14	33	28	47	39	40	12	28	39	36	11	57	35	46	9	47	13	21	31	24	17	19	54	41	9	54	25	53	56	46	1	31	56	29	40	35	17	2	28	46	27	24	23	27	5	53	17	38	20	31	16	5	20	20	30	11	41	58	16	35	13	55	23	45	23	43	41	49	18	28	52	26	18	35	1	22	50	21	20	50	29	33	21	14	36	14	35	30	48	13	59	22	57	14	28	43	5	28	55	16	5	51	11	31	35	40	44	41	36	43	8	48	34	12	52	47	16	53	24	57	19	41	41	35	35	21	1	59	0	21	47	55	25	50	44	4	12	31	44	36	10	22	20	15	2	58	30	16	16	7	48	7	14	50	27	7	32	2	27	36	18	54	50	49	25	54	25	58	9	55	12	56	25	44	40	23	59	52	25	25	44	50	57	23	7	23	16	41	3	10	13	4	7	15	28	34	6	49	8	44	47	21	14	47	55	3	26	39	35	32	43	19	50	9	29	37	24	42	22	54	16	57	3	55	41	44	7	38	48	41	6	32	6	58	20	27	47	50	40	8	20	20	53	2	50	9	25	58	10	45	20	56	56	1	26	0	21	51	59	29	46	57	14	55	37	3	45	36	54	16	47	45	13	10	15	51	20	46	29	56	28	47	39	27	34	24	15	5	37	52	17	59	15	33	59	42	52	34	43	56	33	20	45	15	21	6	8	52	4	45	37	27	36	36	44	6	18	54	22	48	58	42	49	18	3	53	42	36	15	59	1	3	29	21	51	9	4	30	31	50	47	6	37	49	6	17	50	18	50	17	26	30	49	58	4	29	42	26	36	13	0	4	19	9	36	14	3	51	3	17	36	8	41	38	21	3	43	31	16	11	3	52	38	43	21	13	13	43	22	27	53	13	44	13	35	32	46	3	27	31	40	55	32	40	40	13	53	59	31	12	57	27	48	46	29	1	51	21	11	16	23	29	59	26	15	47	20	20	50	2	11	36	36	31	16	43	24	24	8	25	29	17	45	5	52	6	54	16	10	47	35	24	46	20	17	41	13	5	54	19	21	53	9	14	15	56	58	54	57	49	46	42	6	51	29	33	16	3	58	6	42	0	31	44	43	26	44	5	43	58	55	41	46	17	19	31	53	35	31	30	47	29	39	52	16	43	7	6	44	26	39	53	42	56	53	23	54	31	6	31	34	7	3	24	32	4	39	10	31	14	3	7	48	28	4	20	19	3	4	7	18	34	37	37	9	59	4	22	21	15	20	16	43	37	0	31	41	38	45	6	0	54	1	24	50	20	33	30	47	44	18	49	32	38	34	45	6	0	56	1	3	55	55	6	59	43	2	39	16	0	7	4	31	39	0	18	2	50	41	56	25	23	33	9	59	54	8	33	45	53	34	45	3	7	19	22	24	0	15	14	23	49	17	48	38	19	2	35	21	13	40	20	50	29	58	39	36	43	45	4	34	1	19	4	29	11	28	29	11	53	26	20	8	47	23	36	20	35	20	10	18	2	50	51	47	28	36	19	52	5	16	58	6	21	26	53	13	46	43	39	8	3	13	29	35	18	19	54	7	44	38	10	34	45	34	36	9	11	42	18	40	34	56	28	54	0	6	48	56	35	12	35	57	34	59	44	47	16	19	45	45	51	47	8	20	41	6	9	39	41	52	5	58	18	3	46	1	20	54	4	43	58	6	35	11	46	21	21	32	44	7	54	47	46	56	10	19	26	51	57	5	27	21	38	49	26	15	51	50	5	9	34	21	5	25	30	40	38	8	22	52	28	57	14	59	34	3	18	26	0	11	18	26	48	51	14	17	6	9	11	17	7	4	24	55	49	2	1	57	54	36	59	24	55	41	0	34	9	34	29	34	28	0	55	8	37	3	59	43	1	16	41	57	38	42	35	17	55	46	5	6	22	50	11	59	18	2	4	58	48	7	7	42	7	25	2	54	53	27	41	41	9	5	34	22	29	3	44	21	18	42	13	4	46	27	49	7	58	45	49	56	15	19	45	9	35	0	10	22	33	39	37	27	39	59	41	20	28	36	52	41	16	10	0	24	0	32	39	39	35	21	46	4	19	41	40	22	33	49	34	30	40	32	32	54	24	41	37	3	17	39	1	4	35	54	51	47	16	52	58	36	44	19	30	54	0	53	11	9	40	55	47	40	50	11	46	4	41	20	56	5	39	8	36	52	18	13	23	0	43	31	53	17	57	0	24	35	37	26	5	32	2	29	34	43	21	20	9	38	16	13	14	20	29	42	19	32	30	55	5	31	38	0	6	57	38	44	58	29	56	40	51	26	7	44	50	27	51	18	21	26	21	34	10	10	34	4	22	0	30	18	4	49	30	51	46	14	12	52	25	27	5	38	54	9	8	37	36	37	48	43	59	9	5	8	55	41	36	45	23	12	21	57	16	38	53	41	9	28	37	9	11	19	11	30	29	22	24	7	38	33	39	7	5	34	30	15	26	58	33	10	7	20	43	51	33	7	26	5	0	34	33	32	15	39	53	31	53	0	12	39	37	19	27	58	28	55	
19	25	40	52	44	2	56	57	49	22	0	20	21	50	47	30	29	41	44	40	15	58	2	27	15	7	4	21	3	21	29	10	4	13	48	0	29	35	56	46	46	45	13	7	30	12	15	42	29	39	40	2	8	38	25	59	40	26	38	40	17	59	45	56	21	55	27	23	44	39	33	26	43	55	49	58	32	34	54	12	20	31	50	14	34	11	42	16	38	25	50	39	27	8	57	16	58	13	15	49	40	15	45	53	28	5	20	27	24	49	44	11	7	23	16	6	50	22	56	30	37	49	28	3	53	57	31	42	28	33	56	20	18	32	1	38	25	43	20	4	11	51	14	21	34	47	44	19	44	18	9	45	28	41	3	47	25	29	29	0	29	11	13	55	48	11	8	44	49	30	8	26	30	29	29	17	29	47	7	31	37	29	43	25	35	55	57	55	0	58	41	42	48	27	34	53	53	19	53	24	1	12	33	17	34	37	46	36	49	33	49	12	56	24	40	57	13	32	26	56	54	35	51	54	7	25	57	27	12	51	35	40	17	14	37	10	58	5	23	41	48	7	10	24	14	26	11	46	28	0	36	6	16	4	14	58	39	1	15	16	57	7	23	37	27	3	49	56	8	24	36	25	0	8	32	25	3	37	41	3	14	29	49	41	54	34	56	18	7	51	22	35	35	40	50	28	37	10	18	33	30	15	41	0	0	35	11	44	44	43	48	28	56	52	57	22	52	58	20	17	52	10	27	7	25	0	11	46	17	24	7	2	41	36	5	25	20	42	39	55	27	31	55	29	6	18	11	8	5	8	29	9	9	46	1	33	16	38	31	24	56	2	29	35	11	55	21	44	58	9	55	32	54	29	36	3	12	33	14	57	8	52	3	53	15	23	23	31	59	18	15	11	57	19	55	21	1	11	37	50	6	8	53	40	58	41	29	43	8	3	47	35	52	28	42	7	23	16	28	49	34	7	53	59	33	0	39	17	45	25	45	4	9	48	14	15	45	0	12	24	32	53	10	20	37	42	12	20	37	3	52	43	51	12	34	18	49	20	59	12	7	16	53	35	12	27	15	45	12	27	38	41	14	15	35	37	17	40	22	50	24	35	44	8	42	41	57	42	13	12	5	25	13	13	4	4	13	49	56	41	37	4	41	54	3	38	1	46	22	56	34	13	57	43	52	54	32	6	50	47	42	29	22	1	42	58	1	33	57	9	39	35	13	41	4	21	6	5	37	44	28	36	8	30	29	29	23	56	11	44	26	7	22	53	1	34	26	39	20	32	47	22	53	5	37	7	17	27	32	39	21	32	13	46	45	3	2	45	4	39	22	56	1	29	5	44	40	6	42	43	48	59	52	9	55	33	0	5	40	18	15	31	50	54	58	21	30	59	20	19	38	34	59	17	25	2	21	23	6	7	18	16	25	40	12	40	30	14	25	27	17	44	29	6	48	29	36	14	20	58	34	29	25	20	15	3	45	27	9	4	48	10	34	8	54	19	9	52	42	29	9	0	23	5	13	41	50	33	3	52	54	3	13	57	4	25	32	2	33	53	13	14	40	34	18	56	5	9	18	50	40	10	3	16	19	21	21	53	51	12	48	54	25	28	37	46	13	38	51	43	2	53	30	8	26	56	21	0	26	18	4	38	50	12	17	42	45	11	41	58	6	50	51	42	43	49	18	7	16	16	0	11	58	57	22	28	16	0	57	28	58	2	29	47	1	1	41	51	28	6	30	42	13	55	2	41	45	22	56	41	58	59	41	48	23	57	47	32	57	50	38	45	10	37	44	44	10	13	32	35	11	19	0	40	44	25	2	16	56	26	35	34	36	48	39	28	53	23	20	23	39	55	15	4	7	22	29	45	12	48	32	15	28	49	11	57	37	52	33	5	1	6	1	8	7	52	33	39	1	55	30	22	28	19	8	56	9	53	26	53	1	46	5	28	24	34	24	33	56	17	46	23	28	33	22	53	36	20	25	33	22	40	25	49	42	32	10	21	32	16	3	55	1	32	44	9	1	40	47	46	13	3	40	46	52	19	38	43	50	12	25	27	56	5	33	30	40	3	2	14	4	19	30	7	5	54	18	8	8	54	24	7	0	2	35	42	42	31	52	42	41	15	14	11	17	34	0	5	41	54	56	47	31	40	37	30	49	7	32	52	53	19	37	51	12	41	10	44	30	13	32	7	36	1	49	1	41	52	33	23	34	3	37	39	40	55	37	8	7	18	15	23	52	54	26	10	55	15	20	14	16	52	29	52	20	4	0	16	4	38	4	16	38	21	37	11	2	18	16	58	55	44	0	24	14	23	43	10	39	43	15	43	50	18	22	15	51	1	8	29	9	31	45	17	32	16	55	50	3	58	21	47	25	16	47	33	52	44	24	9	39	0	11	22	27	24	51	7	28	7	16	43	57	22	36	35	21	50	54	26	51	33	1	49	5	44	7	8	18	20	26	10	40	32	0	27	50	30	57	17	59	2	14	43	14	39	28	15	38	18	36	6	44	22	25	22	5	40	30	38	18	54	35	0	14	35	28	57	34	18	14	40	0	9	19	34	16	23	32	53	15	38	6	18	30	55	31	43	35	49	32	28	11	36	42	43	15	13	55	48	7	35	49	46	22	43	55	40	21	3	42	6	36	57	36	30	31	20	1	20	13	10	14	6	45	21	32	16	2	25	24	57	10	29	26	23	50	31	57	8	5	50	31	24	31	35	20	27	58	50	25	15	49	51	12	19	43	27	54	44	39	27	5	15	3	49	20	53	41	8	18	58	20	26	44	9	44	23	26	47	55	29	1	36	29	55	13	59	54	
11	19	19	19	14	2	7	18	6	7	13	14	15	8	12	16	18	1	5	9	5	16	19	2	11	20	17	11	7	2	8	3	17	2	3	9	19	13	9	8	20	5	4	3	7	6	17	17	20	8	8	7	8	7	16	18	20	8	5	3	16	17	9	17	5	18	5	15	17	18	5	13	20	15	20	12	15	13	14	13	16	19	3	5	15	2	14	17	14	1	14	15	9	19	13	19	10	1	4	13	5	9	8	8	15	20	2	20	17	19	6	7	5	6	7	16	12	7	17	9	14	14	16	20	16	5	6	9	11	1	8	17	1	18	7	5	8	8	1	2	6	10	1	12	5	4	8	7	16	2	13	14	15	13	2	5	11	1	9	9	3	13	5	7	7	13	16	15	14	2	4	9	2	5	13	8	16	13	12	2	11	5	11	15	9	12	8	1	9	4	3	10	5	7	12	6	5	1	4	9	7	3	8	8	1	11	4	11	12	5	11	4	14	15	14	3	8	10	5	10	15	16	2	4	10	15	12	1	1	4	5	15	15	2	3	2	10	6	14	9	6	15	2	15	8	16	16	3	5	1	8	7	10	8	3	12	13	7	16	13	14	13	10	5	7	5	13	4	6	3	7	15	9	7	13	9	16	6	11	13	2	4	12	14	11	15	2	15	2	12	13	14	4	4	16	11	14	9	11	14	2	7	4	13	7	1	15	12	7	1	1	7	10	1	2	8	7	14	4	16	15	13	14	14	4	16	14	9	13	1	13	13	1	2	13	15	9	13	6	11	11	14	2	10	2	15	8	1	10	15	13	9	5	11	16	3	2	3	15	8	9	6	3	5	3	7	9	11	11	16	4	13	10	16	3	8	13	16	3	4	10	1	7	6	14	10	12	6	9	14	4	14	10	15	2	14	4	12	15	11	16	3	7	16	12	10	9	8	4	1	16	2	9	11	9	14	8	6	3	9	5	11	13	5	10	1	9	15	5	12	16	14	12	3	9	2	14	7	3	14	12	5	9	8	1	14	12	5	12	4	15	3	11	9	11	12	16	3	11	5	1	3	6	7	13	1	14	7	3	9	10	8	9	7	1	9	15	15	10	3	5	1	14	13	12	8	12	12	15	15	1	10	5	11	9	11	10	4	11	4	9	11	11	1	9	2	6	4	7	15	9	3	15	16	14	6	11	13	14	13	6	7	3	7	12	8	16	6	12	5	13	2	1	14	10	14	8	6	8	16	6	10	1	1	10	14	3	16	8	14	10	11	13	7	11	9	13	3	14	11	1	16	10	13	4	5	15	13	6	16	3	4	11	1	11	6	2	5	11	10	5	4	3	9	6	12	5	15	1	6	14	4	9	6	13	11	1	15	5	11	11	9	7	11	14	10	15	5	7	2	7	14	3	2	1	1	6	11	14	7	11	10	3	1	7	11	14	12	3	15	6	10	4	13	16	1	13	5	15	10	1	8	2	6	11	2	2	2	9	11	5	14	4	2	1	13	8	13	14	1	1	2	6	2	6	4	10	2	1	9	4	8	8	6	5	3	3	10	14	15	8	4	9	11	7	16	7	7	8	4	14	8	5	13	1	16	2	7	15	9	6	9	1	3	14	9	9	9	16	10	8	12	12	14	15	11	12	6	4	8	6	14	14	6	12	14	6	2	7	14	13	4	14	4	7	10	2	8	14	12	11	14	4	12	14	3	14	1	16	4	5	15	8	13	12	14	13	7	8	7	4	12	14	16	9	15	5	13	9	5	3	7	8	7	5	13	7	4	14	6	4	8	9	10	1	15	7	11	14	7	14	5	15	14	4	2	13	10	3	7	16	2	13	1	14	14	10	15	8	4	12	13	8	11	7	4	16	8	5	1	4	7	7	15	5	11	3	4	13	14	2	8	8	6	15	9	11	10	8	8	3	13	16	15	6	14	7	13	15	15	5	2	9	10	12	13	3	3	2	7	9	6	2	1	14	12	10	7	10	5	16	15	1	16	3	4	10	6	9	4	8	14	3	9	16	8	11	7	10	6	4	15	10	14	10	6	6	7	11	7	10	3	8	2	9	15	11	4	15	14	2	8	14	16	1	8	13	9	3	16	12	5	13	1	14	14	5	14	6	1	14	12	11	13	4	6	10	15	2	16	4	5	8	2	10	12	5	4	16	5	3	7	6	4	13	7	2	16	8	1	16	13	1	2	3	14	9	4	3	2	7	3	10	13	9	14	2	1	9	7	12	11	2	7	1	6	8	15	16	3	7	14	3	8	11	6	6	1	15	10	7	2	11	8	5	2	16	1	12	13	10	2	2	3	4	12	11	1	8	7	5	9	15	9	15	15	10	9	1	8	6	16	8	14	15	3	7	5	13	15	7	13	12	7	3	12	3	2	13	1	9	13	7	1	5	10	1	4	8	13	10	16	4	5	7	5	6	9	7	11	11	5	16	4	13	13	4	4	1	9	3	9	12	6	14	3	10	1	12	10	6	16	11	1	3	7	16	9	2	12	8	1	5	7	3	8	6	14	10	10	16	4	13	5	10	4	6	6	2	5	4	15	14	7	12	9	6	15	6	4	2	16	10	3	4	15	1	1	1	9	16	10	12	10	11	13	9	8	10	16	6	16	13	10	7	12	6	13	4	16	14	12	14	9	3	12	1	7	10	11	7	8	13	1	8	5	7	7	8	9	14	1	10	11	11	12	3	12	10	10	16	16	15	15	15	11	2	7	6	16	3	12	13	2	11	13	6	1	9	14	10	4	15	15	4	4	11	10	3	15	16	14	7	4	6	12	4	15	8	5	9	12	13	1	1	2	5	3	2	
640	220	270	250	990	250	740	590	550	920	810	660	810	320	110	550	980	770	890	290	100	290	680	770	570	160	270	980	120	120	910	830	340	410	290	280	320	850	100	890	220	550	130	650	520	170	680	170	850	290	840	700	890	140	990	220	840	540	700	610	280	450	670	790	150	470	410	550	670	970	350	670	930	750	890	490	990	490	260	1000	390	220	480	800	960	810	730	340	330	810	880	250	850	240	710	280	990	890	860	490	1000	200	930	910	980	1000	570	800	210	210	800	580	220	960	230	610	990	350	750	590	410	820	500	410	930	760	380	820	990	930	210	970	260	830	640	110	570	720	670	640	150	410	680	880	740	480	730	110	150	760	500	730	710	450	640	780	780	270	200	280	730	830	380	760	290	510	270	940	590	530	790	900	680	510	990	380	550	710	130	210	230	160	300	110	640	290	130	410	250	510	990	270	960	150	1000	300	890	720	440	910	320	780	570	250	130	520	930	610	450	670	380	210	930	730	360	170	880	400	570	750	670	470	360	870	570	790	680	400	130	400	340	430	880	110	800	930	150	290	730	600	340	590	500	800	900	690	570	750	170	1000	160	280	710	970	300	190	200	560	380	710	590	190	460	400	870	200	200	630	910	480	260	170	990	920	100	850	270	220	840	680	280	930	640	450	980	640	440	560	240	420	760	180	570	850	590	520	820	230	550	160	520	340	500	840	260	790	320	200	330	120	400	940	540	690	420	340	110	850	800	360	680	100	820	920	360	310	190	780	950	270	630	660	510	560	220	100	250	900	240	990	740	240	470	920	700	470	780	670	980	520	490	560	830	530	270	260	980	300	630	580	520	280	460	870	400	650	190	460	570	330	340	900	690	860	520	780	370	550	360	750	210	540	750	600	430	440	910	870	780	940	810	890	420	460	690	680	790	640	390	770	880	230	620	570	840	630	230	1000	500	550	750	970	590	610	480	950	150	520	100	930	210	1000	460	340	250	940	600	840	180	850	710	170	410	270	500	420	730	170	900	510	190	120	710	560	340	230	670	260	910	650	630	850	320	340	890	260	600	650	430	410	910	940	360	580	440	330	280	380	940	870	640	890	340	140	730	710	540	650	790	120	120	950	670	680	670	130	840	680	850	980	100	350	240	770	890	760	640	980	410	120	910	180	640	130	710	910	460	910	890	110	100	140	520	330	1000	530	960	900	520	790	720	580	300	190	800	740	910	140	570	170	800	120	690	910	150	560	350	990	330	190	830	160	170	230	280	310	690	810	200	720	300	870	350	380	170	990	750	710	550	270	870	890	940	550	520	740	900	620	960	260	130	880	180	980	650	1000	250	110	770	560	580	960	150	620	930	180	600	990	270	820	960	870	550	160	670	100	450	920	650	510	940	870	740	580	120	780	680	140	250	420	260	580	1000	770	410	980	600	660	100	660	500	220	170	720	530	220	670	490	200	130	410	120	800	670	600	430	420	570	670	980	620	1000	100	580	610	340	940	140	920	380	660	850	440	730	100	280	790	380	780	210	510	170	950	450	240	760	740	760	920	290	410	910	310	420	820	180	650	130	860	540	730	660	750	380	670	340	510	530	170	700	810	910	780	340	880	380	510	470	380	590	740	710	340	250	760	310	660	420	250	130	980	370	560	190	310	850	990	760	210	840	680	650	290	530	390	860	640	550	410	490	910	950	260	920	220	940	790	740	370	960	480	640	560	180	100	370	470	360	690	900	940	480	680	220	430	400	990	700	770	530	840	380	640	830	430	810	130	430	180	650	310	950	590	910	380	300	130	400	840	550	770	620	300	400	230	700	540	650	270	490	530	900	730	710	960	330	660	440	350	610	900	960	960	400	750	160	190	950	980	570	1000	110	820	340	870	830	620	380	410	970	100	620	120	290	930	340	200	500	440	660	810	530	860	860	920	570	280	220	850	310	590	750	650	110	300	980	370	210	310	730	180	340	170	540	780	940	520	620	400	490	570	530	400	860	540	640	680	710	510	860	390	750	680	770	640	620	190	620	950	330	990	450	760	980	1000	180	930	920	690	620	710	520	570	530	690	150	350	100	150	790	880	800	510	480	460	260	470	130	410	700	560	470	600	870	850	460	200	120	900	620	610	890	340	330	150	320	370	800	870	770	400	130	280	160	570	100	450	530	700	530	210	840	320	660	960	850	490	310	270	670	820	230	360	550	450	580	320	900	700	350	430	230	860	900	700	500	550	590	270	380	320	580	920	880	140	390	810	900	420	140	170	530	730	820	230	680	650	850	140	510	150	790	840	170	230	600	480	970	940	350	200	900	230	1000	660	470	520	770	470	110	700	690	420	450	380	390	100	310	1000	880	540	990	680	200	900	770	270	120	560	800	980	700	490	230	130	170	460	560	810	870	230	340	580	210	750	960	110	200	730	430	740	740	820	230	770	320	440	990	670	190	910	470	840	780	510	900	450	400	190	230	710	630	370	830	640	510	130	690	950	530	720	290	480	650	240	750	650	230	940	100	860	240	140	610	630	170	890	260	940	960	930	970	160	500	550	380	660	360	130	410	620	550	190	800	850	390	500	200	690	150	670	570	560	990	620	130	150	250	690	330	910	530	320	780	790	640	580	810	110	880	900	990	240	650	810	240	200	580	810	360	700	270	180	240	750	100	990	300	370	960	820	860	540	550	920	980	790	830	920	250	1000	670	300	930	300	540	190	940	950	430	680	690	300	100	850	830	890	280	110	180	700	760	620	270	600	330	980	230	320	840	160	850	350	240	420	820	530	630	400	440	360	960	120	1000	600	730	250	520	850	370	280	500	740	680	610	380	800	730	560	790	260	310	610	230	980	910	560	470	270	
100
