1593
60
4
90
0	192	0	0	0	0	0	0	0	0	0	0	192	0	0	0	0	0	0	0	0	0	0	0	0	0	0	0	0	0	0	0	0	0	0	0	0	0	0	0	0	192	0	0	0	0	192	0	0	0	0	0	0	0	0	0	0	0	0	0	
192	0	0	0	0	0	0	0	0	0	0	0	0	0	0	0	0	0	192	0	0	0	0	0	0	0	0	0	0	0	0	0	0	0	0	0	0	0	0	0	0	192	0	0	0	0	192	0	0	0	0	0	0	0	0	0	0	0	0	0	
0	0	0	192	0	0	0	192	0	0	0	0	0	0	0	0	0	0	0	0	0	0	192	0	0	0	0	0	0	0	0	0	0	0	0	0	0	0	0	0	0	0	0	0	0	0	0	0	0	0	0	192	0	0	0	0	0	0	0	0	
0	0	192	0	0	0	0	192	0	0	0	0	0	0	0	0	192	0	0	0	0	0	192	0	0	0	0	0	0	0	0	0	0	0	0	0	0	0	0	0	0	0	0	0	0	0	0	0	0	0	0	0	0	0	0	0	0	0	0	0	
0	0	0	0	0	0	0	0	0	0	0	0	0	0	0	0	192	0	0	0	192	0	0	0	0	0	0	0	0	192	0	0	0	0	0	0	0	0	0	0	0	0	0	0	0	0	0	192	0	0	0	0	0	0	0	0	0	0	0	0	
0	0	0	0	0	0	0	0	192	0	0	192	0	192	0	0	0	0	0	0	0	0	0	0	0	0	0	0	0	0	0	0	0	0	0	0	0	0	0	0	0	0	0	0	0	0	0	0	0	192	0	0	0	0	0	0	0	0	0	0	
0	0	0	0	0	0	0	0	0	0	0	0	0	0	0	0	0	0	0	0	0	0	0	0	0	0	0	192	0	0	0	0	0	0	0	0	0	192	0	0	0	0	0	0	0	0	0	0	0	0	192	0	0	0	0	0	192	0	0	0	
0	0	192	192	0	0	0	0	0	0	0	0	0	0	0	0	192	0	0	0	0	0	0	0	0	0	0	0	0	0	0	0	0	0	0	0	0	0	0	0	0	0	0	0	0	0	0	192	0	0	0	0	0	0	0	0	0	0	0	0	
0	0	0	0	0	192	0	0	0	0	0	192	0	0	0	0	0	0	0	0	0	0	0	0	0	0	0	0	0	0	0	0	0	0	0	0	0	0	0	0	0	0	0	0	0	0	0	0	0	192	0	0	192	0	0	0	0	0	0	0	
0	0	0	0	0	0	0	0	0	0	0	0	0	192	0	0	0	0	192	0	0	0	0	0	0	0	0	0	0	0	0	0	0	192	0	0	0	0	0	0	0	0	0	0	0	0	0	0	0	0	0	0	0	0	0	0	0	192	0	0	
0	0	0	0	0	0	0	0	0	0	0	0	192	0	0	0	0	0	0	0	0	0	0	0	0	0	0	0	0	192	0	0	0	192	0	0	0	0	0	0	0	0	0	0	0	0	0	0	0	0	0	0	0	0	0	192	0	0	0	0	
0	0	0	0	0	192	0	0	192	0	0	0	0	192	0	0	0	0	0	0	0	0	0	0	0	0	0	0	0	0	0	0	0	0	0	0	0	0	0	0	0	0	0	0	0	0	0	0	0	192	0	0	0	0	0	0	0	0	0	0	
192	0	0	0	0	0	0	0	0	0	192	0	0	0	0	0	0	0	0	0	0	0	0	192	0	0	0	0	0	0	0	0	0	0	0	0	0	0	0	0	0	192	0	0	0	0	0	0	0	0	0	0	0	0	0	0	0	0	0	0	
0	0	0	0	0	192	0	0	0	192	0	192	0	0	0	0	0	0	192	0	0	0	0	0	0	0	0	0	0	0	0	0	0	0	0	0	0	0	0	0	0	0	0	0	0	0	0	0	0	0	0	0	0	0	0	0	0	0	0	0	
0	0	0	0	0	0	0	0	0	0	0	0	0	0	0	192	0	192	0	0	0	0	0	0	0	0	0	0	0	0	0	0	0	0	0	0	0	0	0	0	0	0	0	192	0	0	0	0	0	0	0	0	0	0	192	0	0	0	0	0	
0	0	0	0	0	0	0	0	0	0	0	0	0	0	192	0	0	0	0	0	0	0	0	0	0	192	0	0	0	0	0	0	0	0	0	0	0	0	0	0	0	0	0	192	0	0	0	0	0	0	0	0	0	0	0	0	0	0	192	0	
0	0	0	192	192	0	0	192	0	0	0	0	0	0	0	0	0	0	0	0	0	0	0	0	0	0	0	0	0	0	0	0	0	0	0	0	0	0	0	0	0	0	0	0	0	0	0	192	0	0	0	0	0	0	0	0	0	0	0	0	
0	0	0	0	0	0	0	0	0	0	0	0	0	0	192	0	0	0	0	0	0	0	0	0	0	192	0	0	0	0	0	0	0	0	0	0	0	0	0	0	0	0	0	0	0	0	0	0	0	0	0	0	0	192	192	0	0	0	0	0	
0	192	0	0	0	0	0	0	0	192	0	0	0	192	0	0	0	0	0	0	0	0	0	0	0	0	0	0	0	0	0	0	0	0	0	0	0	0	0	0	0	0	0	0	0	0	192	0	0	0	0	0	0	0	0	0	0	0	0	0	
0	0	0	0	0	0	0	0	0	0	0	0	0	0	0	0	0	0	0	0	0	0	192	0	0	0	0	0	192	0	0	0	0	0	0	0	0	0	0	0	192	0	0	0	0	0	0	0	0	0	0	192	0	0	0	0	0	0	0	0	
0	0	0	0	192	0	0	0	0	0	0	0	0	0	0	0	0	0	0	0	0	0	0	0	0	0	0	0	0	0	0	192	0	0	0	0	0	0	0	0	0	0	0	0	0	0	0	192	0	0	192	0	0	0	0	0	0	0	0	0	
0	0	0	0	0	0	0	0	0	0	0	0	0	0	0	0	0	0	0	0	0	0	0	0	0	0	192	0	0	0	0	0	0	0	192	0	0	0	0	0	0	0	0	0	192	0	0	0	192	0	0	0	0	0	0	0	0	0	0	0	
0	0	192	192	0	0	0	0	0	0	0	0	0	0	0	0	0	0	0	192	0	0	0	0	0	0	0	0	0	0	192	0	0	0	0	0	0	0	0	0	0	0	0	0	0	0	0	0	0	0	0	0	0	0	0	0	0	0	0	0	
0	0	0	0	0	0	0	0	0	0	0	0	192	0	0	0	0	0	0	0	0	0	0	0	0	0	0	0	0	0	0	0	0	0	0	0	0	0	0	0	0	192	0	0	0	0	0	0	0	0	0	0	0	0	0	192	0	0	0	192	
0	0	0	0	0	0	0	0	0	0	0	0	0	0	0	0	0	0	0	0	0	0	0	0	0	0	0	0	0	0	0	0	0	0	0	0	0	0	0	192	0	0	0	0	0	0	192	0	0	192	0	0	0	0	0	0	0	192	0	0	
0	0	0	0	0	0	0	0	0	0	0	0	0	0	0	192	0	192	0	0	0	0	0	0	0	0	0	0	0	0	0	0	0	0	0	0	0	0	0	0	0	0	0	0	0	0	0	0	0	0	0	0	0	192	0	0	0	0	192	0	
0	0	0	0	0	0	0	0	0	0	0	0	0	0	0	0	0	0	0	0	0	192	0	0	0	0	0	0	0	0	0	0	0	0	192	0	0	0	0	0	0	0	0	0	192	0	0	0	192	0	0	0	0	0	0	0	0	0	0	0	
0	0	0	0	0	0	192	0	0	0	0	0	0	0	0	0	0	0	0	0	0	0	0	0	0	0	0	0	192	0	0	0	0	0	0	0	0	192	0	0	0	0	0	0	0	0	0	0	0	0	0	0	0	0	0	0	192	0	0	0	
0	0	0	0	0	0	0	0	0	0	0	0	0	0	0	0	0	0	0	192	0	0	0	0	0	0	0	192	0	0	0	0	0	0	0	0	0	0	0	0	0	0	0	0	0	0	0	0	0	0	0	192	0	0	0	0	192	0	0	0	
0	0	0	0	192	0	0	0	0	0	192	0	0	0	0	0	0	0	0	0	0	0	0	0	0	0	0	0	0	0	0	192	0	0	0	0	0	0	0	0	0	0	0	0	0	0	0	0	0	0	0	0	0	0	0	192	0	0	0	0	
0	0	0	0	0	0	0	0	0	0	0	0	0	0	0	0	0	0	0	0	0	0	192	0	0	0	0	0	0	0	0	0	0	0	0	0	0	0	192	0	0	0	0	0	0	0	0	0	0	0	0	192	0	0	0	0	0	0	0	192	
0	0	0	0	0	0	0	0	0	0	0	0	0	0	0	0	0	0	0	0	192	0	0	0	0	0	0	0	0	192	0	0	0	0	0	0	0	192	0	0	0	0	0	0	0	0	0	0	0	0	192	0	0	0	0	0	0	0	0	0	
0	0	0	0	0	0	0	0	0	0	0	0	0	0	0	0	0	0	0	0	0	0	0	0	0	0	0	0	0	0	0	0	0	0	0	0	0	0	192	0	0	0	192	0	0	0	0	0	0	0	0	0	192	0	0	0	0	0	0	192	
0	0	0	0	0	0	0	0	0	192	192	0	0	0	0	0	0	0	0	0	0	0	0	0	0	0	0	0	0	0	0	0	0	0	0	0	0	0	0	0	0	0	0	0	0	0	0	0	0	0	0	0	0	0	0	192	0	192	0	0	
0	0	0	0	0	0	0	0	0	0	0	0	0	0	0	0	0	0	0	0	0	192	0	0	0	0	192	0	0	0	0	0	0	0	0	0	0	0	0	0	0	0	0	0	192	0	0	0	192	0	0	0	0	0	0	0	0	0	0	0	
0	0	0	0	0	0	0	0	0	0	0	0	0	0	0	0	0	0	0	0	0	0	0	0	0	0	0	0	0	0	0	0	0	0	0	0	0	0	0	0	192	0	0	0	192	0	0	0	192	0	0	0	0	0	0	0	192	0	0	0	
0	0	0	0	0	0	0	0	0	0	0	0	0	0	0	0	0	0	0	0	0	0	0	0	0	0	0	0	0	0	0	0	0	0	0	0	0	0	0	0	0	0	192	0	0	192	0	0	0	0	0	0	0	192	192	0	0	0	0	0	
0	0	0	0	0	0	192	0	0	0	0	0	0	0	0	0	0	0	0	0	0	0	0	0	0	0	0	192	0	0	0	192	0	0	0	0	0	0	0	0	0	0	0	0	0	0	0	0	0	0	192	0	0	0	0	0	0	0	0	0	
0	0	0	0	0	0	0	0	0	0	0	0	0	0	0	0	0	0	0	0	0	0	0	0	0	0	0	0	0	0	192	0	192	0	0	0	0	0	0	0	0	0	0	0	0	0	0	0	0	0	0	0	192	0	0	0	0	0	0	192	
0	0	0	0	0	0	0	0	0	0	0	0	0	0	0	0	0	0	0	0	0	0	0	0	192	0	0	0	0	0	0	0	0	0	0	0	0	0	0	0	0	0	0	0	0	0	0	0	0	0	0	0	192	192	0	0	0	192	0	0	
0	0	0	0	0	0	0	0	0	0	0	0	0	0	0	0	0	0	0	192	0	0	0	0	0	0	0	0	0	0	0	0	0	0	0	192	0	0	0	0	0	0	192	0	0	192	0	0	0	0	0	0	0	0	0	0	0	0	0	0	
192	192	0	0	0	0	0	0	0	0	0	0	192	0	0	0	0	0	0	0	0	0	0	192	0	0	0	0	0	0	0	0	0	0	0	0	0	0	0	0	0	0	0	0	0	0	0	0	0	0	0	0	0	0	0	0	0	0	0	0	
0	0	0	0	0	0	0	0	0	0	0	0	0	0	0	0	0	0	0	0	0	0	0	0	0	0	0	0	0	0	0	0	192	0	0	0	192	0	0	0	192	0	0	0	0	192	0	0	0	0	0	0	0	0	0	0	0	0	0	0	
0	0	0	0	0	0	0	0	0	0	0	0	0	0	192	192	0	0	0	0	0	0	0	0	0	0	0	0	0	0	0	0	0	0	0	0	0	0	0	0	0	0	0	0	0	0	0	0	0	0	0	0	0	0	192	0	0	0	192	0	
0	0	0	0	0	0	0	0	0	0	0	0	0	0	0	0	0	0	0	0	0	192	0	0	0	0	192	0	0	0	0	0	0	0	192	192	0	0	0	0	0	0	0	0	0	0	0	0	0	0	0	0	0	0	0	0	0	0	0	0	
0	0	0	0	0	0	0	0	0	0	0	0	0	0	0	0	0	0	0	0	0	0	0	0	0	0	0	0	0	0	0	0	0	0	0	0	192	0	0	0	192	0	192	0	0	0	0	0	0	0	0	0	0	0	0	0	0	0	192	0	
192	192	0	0	0	0	0	0	0	0	0	0	0	0	0	0	0	0	192	0	0	0	0	0	192	0	0	0	0	0	0	0	0	0	0	0	0	0	0	0	0	0	0	0	0	0	0	0	0	0	0	0	0	0	0	0	0	0	0	0	
0	0	0	0	192	0	0	192	0	0	0	0	0	0	0	0	192	0	0	0	192	0	0	0	0	0	0	0	0	0	0	0	0	0	0	0	0	0	0	0	0	0	0	0	0	0	0	0	0	0	0	0	0	0	0	0	0	0	0	0	
0	0	0	0	0	0	0	0	0	0	0	0	0	0	0	0	0	0	0	0	0	192	0	0	0	0	192	0	0	0	0	0	0	0	192	192	0	0	0	0	0	0	0	0	0	0	0	0	0	0	0	0	0	0	0	0	0	0	0	0	
0	0	0	0	0	192	0	0	192	0	0	192	0	0	0	0	0	0	0	0	0	0	0	0	192	0	0	0	0	0	0	0	0	0	0	0	0	0	0	0	0	0	0	0	0	0	0	0	0	0	0	0	0	0	0	0	0	0	0	0	
0	0	0	0	0	0	192	0	0	0	0	0	0	0	0	0	0	0	0	0	192	0	0	0	0	0	0	0	0	0	0	192	0	0	0	0	0	192	0	0	0	0	0	0	0	0	0	0	0	0	0	0	0	0	0	0	0	0	0	0	
0	0	192	0	0	0	0	0	0	0	0	0	0	0	0	0	0	0	0	192	0	0	0	0	0	0	0	0	192	0	192	0	0	0	0	0	0	0	0	0	0	0	0	0	0	0	0	0	0	0	0	0	0	0	0	0	0	0	0	0	
0	0	0	0	0	0	0	0	192	0	0	0	0	0	0	0	0	0	0	0	0	0	0	0	0	0	0	0	0	0	0	0	192	0	0	0	0	0	192	192	0	0	0	0	0	0	0	0	0	0	0	0	0	0	0	0	0	0	0	0	
0	0	0	0	0	0	0	0	0	0	0	0	0	0	0	0	0	192	0	0	0	0	0	0	0	192	0	0	0	0	0	0	0	0	0	0	192	0	0	192	0	0	0	0	0	0	0	0	0	0	0	0	0	0	0	0	0	0	0	0	
0	0	0	0	0	0	0	0	0	0	0	0	0	0	192	0	0	192	0	0	0	0	0	0	0	0	0	0	0	0	0	0	0	0	0	0	192	0	0	0	0	0	0	192	0	0	0	0	0	0	0	0	0	0	0	0	0	0	0	0	
0	0	0	0	0	0	0	0	0	0	192	0	0	0	0	0	0	0	0	0	0	0	0	192	0	0	0	0	0	192	0	0	0	192	0	0	0	0	0	0	0	0	0	0	0	0	0	0	0	0	0	0	0	0	0	0	0	0	0	0	
0	0	0	0	0	0	192	0	0	0	0	0	0	0	0	0	0	0	0	0	0	0	0	0	0	0	0	192	192	0	0	0	0	0	0	192	0	0	0	0	0	0	0	0	0	0	0	0	0	0	0	0	0	0	0	0	0	0	0	0	
0	0	0	0	0	0	0	0	0	192	0	0	0	0	0	0	0	0	0	0	0	0	0	0	192	0	0	0	0	0	0	0	0	192	0	0	0	0	0	192	0	0	0	0	0	0	0	0	0	0	0	0	0	0	0	0	0	0	0	0	
0	0	0	0	0	0	0	0	0	0	0	0	0	0	0	192	0	0	0	0	0	0	0	0	0	192	0	0	0	0	0	0	0	0	0	0	0	0	0	0	0	0	0	192	0	192	0	0	0	0	0	0	0	0	0	0	0	0	0	0	
0	0	0	0	0	0	0	0	0	0	0	0	0	0	0	0	0	0	0	0	0	0	0	192	0	0	0	0	0	0	192	0	192	0	0	0	0	0	192	0	0	0	0	0	0	0	0	0	0	0	0	0	0	0	0	0	0	0	0	0	
28	26	31	25	32	51	29	43	16	22	53	38	26	7	17	28	58	20	54	34	21	32	4	41	24	39	5	18	8	7	10	34	18	36	51	30	31	40	10	42	33	46	59	21	24	18	57	18	9	26	10	31	0	57	6	21	57	28	12	37	58	39	29	4	5	7	44	11	40	41	52	27	42	23	50	4	6	22	13	41	56	58	20	57	33	36	32	18	3	33	15	33	17	3	50	39	26	7	50	57	41	12	7	0	13	38	58	53	2	11	46	48	5	2	54	40	51	43	56	52	26	20	4	11	41	29	44	32	47	43	40	37	12	4	43	35	56	29	18	13	49	26	8	0	44	16	4	23	45	14	35	12	54	53	54	27	23	20	54	30	26	55	16	41	43	26	45	29	20	23	2	23	30	7	33	41	21	19	25	27	27	47	48	34	57	30	52	32	55	47	33	9	18	32	11	23	4	58	37	37	54	58	27	6	0	52	14	24	15	36	6	13	24	24	45	10	52	52	8	11	4	47	10	48	27	24	58	20	57	0	53	42	33	11	31	15	4	6	12	36	50	25	39	58	51	26	1	9	32	48	48	22	19	42	39	30	30	16	26	8	37	23	22	52	52	55	4	45	41	46	54	31	16	33	12	45	25	49	54	6	32	12	9	14	38	11	25	47	11	24	37	31	43	12	44	26	31	39	37	4	19	20	4	17	29	9	5	28	4	14	3	52	47	50	3	53	30	6	51	53	4	42	18	32	28	13	3	53	53	29	40	31	1	43	48	14	43	38	44	26	34	25	20	57	7	5	24	16	16	40	29	15	9	20	50	46	34	39	52	15	21	43	58	38	27	53	30	13	18	54	9	4	17	43	45	28	13	2	23	33	18	24	26	23	38	57	26	50	30	3	37	57	32	38	41	55	31	39	2	9	16	44	2	21	26	48	16	39	44	10	40	23	58	17	10	9	9	13	45	22	10	45	3	8	17	59	19	17	20	54	11	39	47	29	13	38	34	59	41	59	2	50	55	43	30	12	45	26	6	12	36	58	29	9	14	41	39	58	24	13	36	44	22	18	13	53	37	37	3	1	39	48	33	58	44	14	55	10	42	27	45	54	40	8	58	50	23	8	18	7	34	0	8	56	45	26	44	4	39	37	7	53	1	21	59	4	42	48	35	44	35	26	31	25	4	8	38	44	34	33	33	21	38	21	40	49	43	25	52	17	43	40	30	34	24	32	41	57	51	43	31	1	18	38	59	25	16	57	44	16	29	50	34	44	38	39	22	23	26	12	20	24	4	48	34	25	35	35	18	10	43	8	13	9	57	47	42	0	14	19	38	18	32	28	13	43	44	36	14	26	8	6	39	40	5	3	15	19	13	21	21	41	46	3	59	51	21	51	13	50	21	51	37	7	34	32	9	24	19	15	26	36	56	33	20	50	31	35	17	16	19	39	53	53	9	3	6	49	18	12	5	9	4	37	21	34	15	6	58	57	38	50	42	38	11	18	31	23	36	47	30	50	16	23	36	51	50	50	57	44	23	10	41	48	46	11	45	35	52	58	25	29	9	22	59	16	44	13	29	53	8	24	43	0	30	41	12	25	22	59	44	55	35	4	29	51	34	13	26	57	26	49	29	7	54	43	24	37	16	7	52	57	6	17	55	27	58	43	53	43	44	22	5	8	22	7	59	39	29	49	43	3	3	0	43	52	11	48	50	31	55	20	57	26	38	13	13	1	7	25	51	59	52	34	18	49	22	41	2	47	21	7	13	27	39	20	37	57	37	54	18	42	46	7	53	19	31	22	22	22	44	20	38	29	13	21	18	58	12	15	53	20	1	0	26	5	4	16	43	27	7	59	34	14	15	58	9	39	9	32	53	21	57	10	26	7	6	26	12	28	12	28	25	7	56	30	27	19	50	42	29	42	56	11	21	48	2	1	26	21	29	55	56	3	11	38	8	31	49	59	48	8	32	14	35	2	33	51	7	14	39	24	14	0	33	57	58	35	37	57	22	5	2	12	27	33	33	59	47	29	21	4	48	58	7	39	26	49	17	20	55	24	45	44	36	44	59	27	18	2	12	28	42	32	18	38	22	56	24	30	24	42	49	26	14	24	31	35	38	15	20	39	3	50	5	33	57	49	37	51	3	54	48	19	20	55	28	4	54	28	4	43	21	7	31	36	16	56	55	43	53	19	18	41	21	33	13	2	35	50	46	6	58	40	16	18	4	46	8	8	23	13	30	59	19	50	36	50	38	43	4	32	24	21	57	59	11	12	36	58	1	32	39	16	6	0	38	44	24	32	45	38	40	58	43	53	1	28	1	30	28	43	39	23	31	43	53	4	32	16	56	36	4	18	39	23	35	23	3	53	23	52	35	15	37	30	3	15	8	37	58	54	26	25	10	54	59	51	42	39	41	52	16	48	55	44	5	47	57	17	58	15	41	16	43	23	48	38	16	55	13	44	17	40	49	25	25	34	38	43	28	27	44	18	34	54	24	15	34	34	5	54	42	37	0	48	49	14	22	32	23	26	40	44	1	49	13	15	55	9	7	20	46	40	19	11	36	17	55	42	13	51	23	34	55	10	32	53	6	26	35	50	58	19	42	23	16	52	55	13	25	44	1	54	21	19	3	4	10	13	25	21	22	57	35	48	50	26	25	48	47	10	43	59	56	1	3	40	54	55	53	11	10	58	9	5	35	44	20	33	59	43	14	4	49	6	0	22	58	12	8	49	34	27	45	17	50	31	2	31	45	5	29	20	51	14	32	45	24	33	22	3	52	24	54	46	47	39	40	34	54	26	30	23	21	32	42	58	36	52	17	11	42	11	39	18	58	7	54	12	44	11	39	6	23	49	24	50	19	26	28	5	19	13	5	45	46	57	24	40	35	59	17	5	30	56	23	8	20	49	49	38	26	21	52	17	53	25	23	9	55	7	24	18	57	49	30	34	16	15	46	54	6	15	44	58	13	46	47	2	48	4	47	43	25	39	17	56	43	58	13	55	35	13	45	12	14	54	14	15	44	42	2	2	59	4	22	12	41	14	51	29	44	53	15	22	34	45	19	8	25	0	7	50	45	49	49	44	43	29	28	17	35	47	20	34	28	58	18	46	3	58	57	9	22	36	53	43	48	13	3	24	37	54	58	7	43	54	28	44	22	27	46	11	15	44	2	26	55	51	24	43	40	1	42	14	27	42	30	16	33	15	5	58	13	19	30	40	17	9	31	56	14	8	7	8	20	25	49	26	51	53	11	57	6	53	41	50	50	15	55	20	4	30	57	56	42	47	11	32	43	11	36	21	59	48	49	21	47	0	54	50	54	23	34	48	28	30	50	5	11	31	49	29	50	13	56	50	9	1	3	44	41	7	30	9	1	59	4	35	38	38	6	15	20	42	47	22	11	44	16	50	53	3	22	45	36	35	40	53	12	25	39	46	43	28	40	54	8	50	43	54	12	58	3	9	37	24	39	29	57	34	53	33	15	15	8	33	26	29	52	42	36	36	54	10	1	22	17	47	59	28	54	40	16	33	23	59	18	53	12	31	38	45	27	22	54	18	27	41	34	36	16	55	8	0	37	32	1	15	5	27	35	23	31	31	52	32	0	52	56	29	29	
32	5	45	6	50	43	47	13	12	3	57	58	6	18	52	27	15	9	10	40	41	16	18	34	52	38	10	42	38	34	4	42	15	6	3	19	2	3	54	16	12	33	5	44	40	15	17	59	32	12	55	47	12	38	32	16	47	46	41	19	54	13	43	10	3	40	23	53	11	19	46	41	38	36	54	55	2	32	30	37	31	44	57	35	11	41	26	35	19	8	44	49	31	5	59	58	44	30	52	36	21	8	16	58	16	48	16	20	1	47	25	44	51	13	0	37	43	1	10	3	40	18	28	44	16	38	0	31	31	6	29	36	28	59	38	49	4	40	1	0	30	22	14	13	37	53	41	0	31	5	55	28	15	44	40	49	41	58	30	44	55	57	18	10	33	9	17	20	32	20	4	59	9	14	27	56	33	17	12	4	22	34	20	20	44	5	47	33	13	3	20	8	44	18	10	10	28	6	51	20	37	9	11	23	36	0	46	17	45	19	18	31	19	4	32	49	33	39	38	47	27	57	18	27	8	42	19	6	36	16	49	52	32	29	49	42	11	54	50	41	24	22	23	50	37	51	26	14	29	41	20	13	3	18	7	44	31	50	44	39	28	11	20	39	35	21	35	48	2	21	42	25	17	17	33	53	36	8	9	46	9	41	6	29	40	45	42	22	39	33	46	46	23	9	1	51	34	24	14	1	29	34	51	13	25	45	51	18	23	41	47	13	42	17	41	29	36	49	6	37	2	11	41	56	23	1	37	8	14	12	54	52	16	3	8	12	35	15	19	55	28	13	54	17	35	0	56	11	20	39	32	36	39	22	24	48	5	10	40	9	23	5	10	18	54	15	0	50	43	18	49	18	7	20	51	18	57	1	12	54	23	50	25	30	13	11	43	51	48	59	42	49	24	3	0	40	32	45	58	14	6	23	18	36	43	19	19	7	24	47	8	20	49	39	2	4	30	1	53	37	19	56	4	44	1	40	16	34	13	50	27	53	52	40	45	4	42	47	23	30	26	25	16	57	7	14	46	12	1	39	26	46	20	45	18	50	48	31	32	40	44	48	14	16	29	11	39	19	12	37	12	9	50	51	55	46	12	43	49	47	14	25	59	4	0	21	12	44	14	27	58	14	52	35	20	21	0	7	43	9	30	12	23	49	32	32	3	8	43	59	4	1	21	48	8	1	8	46	25	59	51	28	47	7	59	26	54	1	54	9	39	34	8	10	17	49	51	28	53	14	18	4	56	56	25	3	24	30	34	47	19	36	9	34	13	56	48	43	31	24	49	13	27	47	27	2	39	9	9	2	4	20	20	31	45	10	57	30	40	5	27	48	19	13	57	23	23	49	12	43	49	17	44	1	52	17	8	2	33	2	32	5	12	35	40	17	20	58	54	27	30	11	15	0	31	35	19	59	36	40	11	16	31	5	27	42	50	18	30	35	12	6	19	36	7	30	51	39	50	39	38	41	33	51	6	48	36	44	43	42	26	14	3	35	45	47	54	19	20	55	54	21	1	11	34	58	48	53	11	5	51	44	29	23	8	42	9	0	25	29	20	44	57	31	54	39	13	44	25	2	54	52	28	49	4	6	52	14	36	2	17	44	42	25	35	8	32	47	4	23	7	3	52	48	31	49	56	19	34	57	25	35	8	37	32	50	56	28	37	50	38	18	13	36	32	51	29	31	53	52	50	37	38	59	20	12	26	4	5	1	27	53	51	38	57	49	7	31	11	29	48	40	25	45	9	15	3	56	9	7	57	53	11	47	29	53	25	43	48	18	12	20	33	33	33	49	11	27	24	58	10	30	29	13	58	35	15	15	50	5	7	13	26	26	46	8	23	26	18	14	37	40	9	49	38	45	13	11	13	38	0	15	37	12	25	1	25	32	0	33	42	31	1	5	17	13	52	9	48	5	53	58	15	36	30	30	43	29	32	2	38	48	35	0	18	25	50	1	59	24	59	22	55	1	31	7	1	27	29	50	36	23	37	31	4	56	38	56	38	6	0	6	43	19	34	15	15	1	4	9	12	44	15	23	28	46	18	1	23	52	13	30	2	14	31	54	49	56	46	5	6	4	58	45	17	47	48	1	46	7	5	1	23	24	15	0	56	2	7	19	53	50	40	27	59	41	52	26	51	21	13	42	56	28	52	25	38	32	0	2	17	33	4	12	20	0	57	54	46	45	38	1	2	26	24	23	19	25	58	51	18	3	57	0	13	12	5	2	29	0	42	19	45	38	40	12	51	29	25	57	47	44	48	48	26	0	36	9	7	15	59	13	30	41	19	56	32	58	39	15	0	7	51	35	45	45	20	56	3	11	5	52	47	27	42	8	40	7	42	3	31	45	5	34	55	18	13	13	15	49	2	38	37	43	24	41	40	34	51	31	21	6	20	34	24	56	7	44	7	1	53	23	4	3	35	52	41	19	36	40	23	48	22	54	47	55	59	36	43	28	48	56	9	5	59	45	0	18	24	7	22	51	16	57	22	29	20	57	43	2	19	7	34	24	16	25	14	36	58	36	16	3	37	33	30	35	48	52	23	2	35	37	28	25	48	37	25	37	8	1	27	52	52	48	46	3	51	20	40	42	28	46	7	57	39	36	38	39	47	18	17	22	57	29	54	38	24	31	54	30	9	38	12	7	15	12	39	52	39	5	12	32	35	50	59	26	59	1	29	15	21	20	50	14	23	16	1	40	57	5	22	48	49	25	20	31	57	28	40	10	56	27	48	24	3	1	3	40	55	40	24	22	1	1	0	49	15	27	13	52	25	53	39	58	9	37	57	33	25	19	17	3	40	14	36	9	31	37	44	49	13	44	1	33	49	29	13	22	41	10	34	16	9	34	9	27	51	3	39	59	58	56	30	43	19	41	39	4	28	53	18	7	28	9	37	0	43	19	33	7	35	3	9	50	0	32	29	24	31	21	53	47	38	20	37	41	15	22	12	51	13	29	9	55	1	3	52	15	41	34	20	37	49	30	46	43	47	52	37	25	12	5	55	32	26	9	38	52	6	21	28	36	41	9	16	22	41	21	42	24	27	7	28	28	53	54	4	24	53	14	51	44	34	1	49	23	2	1	52	19	48	1	4	1	29	36	30	40	13	23	42	1	31	12	5	47	25	49	9	32	5	35	54	17	35	55	25	47	52	50	31	28	51	52	50	27	50	59	57	14	51	56	32	17	18	27	44	54	59	21	47	54	34	3	57	49	44	24	52	52	17	42	9	49	50	30	7	3	34	11	54	29	22	0	40	56	47	25	59	29	21	41	38	49	7	2	38	25	42	2	39	9	45	25	39	6	19	20	52	51	2	31	58	36	51	30	14	15	42	53	53	20	50	41	52	44	54	4	16	3	48	16	58	22	56	10	18	40	41	53	16	42	49	2	48	41	51	7	47	26	17	49	29	42	53	19	49	25	58	35	53	51	26	24	16	15	56	13	38	58	26	43	7	48	45	42	34	2	7	12	15	0	17	40	12	7	44	40	29	30	38	16	32	4	5	0	20	9	18	35	53	50	0	25	26	10	13	55	45	6	41	36	41	24	41	6	7	22	54	35	48	0	38	6	47	38	21	15	17	38	9	44	55	47	48	44	39	12	6	8	40	45	30	
5	17	8	2	2	16	12	18	15	16	6	10	10	15	8	11	14	5	18	1	1	3	6	10	13	15	4	19	1	12	10	13	3	5	8	4	1	10	4	7	6	9	18	17	9	18	16	3	17	10	14	12	1	2	2	3	4	3	1	6	9	15	3	18	19	18	13	4	1	10	17	16	7	14	3	8	9	13	1	9	14	7	12	8	9	18	8	9	5	13	10	2	6	15	12	12	20	5	15	8	14	2	11	2	8	17	18	1	6	10	16	20	15	14	18	20	19	11	2	8	19	8	5	15	15	8	7	7	6	8	10	9	16	19	2	10	6	4	3	4	10	17	2	2	5	15	15	18	11	13	11	11	12	14	20	4	7	1	11	6	15	6	7	4	11	2	8	17	6	2	20	7	14	15	3	14	17	7	15	12	2	2	7	14	19	9	20	17	13	14	6	5	17	8	19	8	4	18	6	19	16	12	19	6	15	1	15	16	5	12	4	12	8	11	12	2	6	8	8	3	10	2	15	10	11	3	13	6	4	3	8	2	6	14	6	15	12	9	11	14	11	11	4	8	7	3	5	9	9	14	2	8	9	13	6	15	3	10	7	2	11	16	12	12	9	8	8	12	14	9	11	15	2	16	1	14	1	5	3	12	2	5	8	9	5	3	2	4	2	6	13	6	12	5	11	6	4	1	15	7	14	16	16	16	11	2	14	3	10	6	11	16	13	3	7	4	9	10	9	4	7	4	16	12	6	8	4	11	9	2	7	14	16	8	9	16	2	13	16	14	4	8	11	9	12	2	3	2	6	1	15	3	6	3	5	10	12	6	9	16	12	8	5	8	4	12	9	5	13	1	12	3	11	6	14	2	15	4	8	11	16	15	15	1	14	1	4	8	6	4	13	7	2	12	14	15	3	3	15	15	7	10	12	13	14	14	13	13	13	15	16	5	4	14	15	3	15	6	12	1	13	5	5	12	14	1	6	4	12	13	9	13	1	9	9	13	10	11	6	12	5	16	15	2	10	6	4	4	7	11	9	10	5	10	1	11	15	15	9	10	13	8	5	1	5	11	10	2	5	13	14	10	4	13	6	4	13	9	1	4	8	7	8	12	15	4	1	10	15	7	10	3	11	15	5	16	3	14	1	11	13	8	7	1	11	9	1	12	14	13	6	16	3	16	15	2	8	3	2	1	7	7	14	9	13	8	2	16	6	15	14	14	5	1	9	16	1	4	4	12	8	11	10	2	10	3	10	4	16	12	10	3	6	16	1	15	16	7	4	14	6	11	7	16	10	16	4	6	3	5	3	12	3	1	12	12	14	6	16	8	8	4	12	3	5	2	15	8	15	5	9	16	10	15	4	10	2	15	11	10	13	6	15	4	5	7	2	14	10	9	1	8	5	9	5	10	9	5	14	1	15	13	5	10	10	10	12	2	16	13	13	7	13	5	2	13	10	7	10	7	13	15	6	3	16	13	3	5	2	12	6	14	13	8	4	1	12	15	1	14	2	11	13	7	16	16	6	7	12	5	8	4	2	8	2	6	3	15	6	5	11	1	2	8	2	9	4	11	14	3	4	10	2	5	10	12	7	8	9	16	4	14	9	3	4	7	5	10	13	2	14	10	10	13	6	9	8	1	10	1	8	7	7	3	2	12	11	14	1	15	2	12	7	7	15	9	7	2	2	11	12	7	4	9	9	13	5	11	5	14	13	8	5	16	15	11	5	14	9	6	6	4	2	4	5	1	11	6	10	14	2	10	1	3	5	2	6	6	16	3	13	3	8	6	4	13	1	15	13	11	9	13	12	8	11	5	3	14	4	6	6	11	12	3	4	12	7	1	5	9	2	4	14	10	8	15	15	5	10	14	15	4	6	16	15	1	14	13	14	6	5	12	3	5	13	1	14	1	4	16	4	16	9	10	3	11	10	7	1	14	2	14	14	10	12	14	7	1	1	16	6	7	11	14	13	3	2	15	4	7	7	1	1	9	12	10	8	13	6	14	12	6	9	14	13	10	7	2	11	12	4	8	11	12	16	12	1	3	4	1	4	9	2	13	7	15	3	15	8	15	1	9	4	16	4	3	8	1	6	13	6	2	5	5	2	3	10	10	11	13	11	6	13	16	4	15	10	1	10	6	10	14	11	15	1	13	10	9	5	12	16	14	14	16	7	10	7	3	6	13	9	16	12	6	9	9	14	13	10	8	12	8	7	7	9	12	3	11	3	14	8	5	5	10	5	9	6	12	16	11	3	11	13	7	10	10	3	2	4	7	16	15	8	6	12	6	4	6	12	14	6	16	11	6	2	16	4	6	1	10	4	5	7	3	13	8	3	9	12	3	11	13	16	16	15	9	2	6	13	16	6	8	16	3	5	11	3	10	16	7	6	7	11	2	11	9	14	3	9	5	5	8	8	3	6	1	7	8	4	7	12	3	1	6	8	16	14	13	2	1	14	9	14	15	11	8	14	6	10	16	9	8	1	8	16	15	9	11	7	14	8	1	12	13	14	16	14	2	5	12	4	16	14	16	2	11	3	2	2	13	13	1	5	12	9	15	14	11	10	1	7	14	2	12	1	5	1	3	9	5	2	4	9	8	14	7	5	7	7	16	4	10	7	2	7	10	14	10	15	5	7	6	7	2	12	6	10	6	9	1	15	2	16	10	2	12	1	16	5	7	7	8	6	2	7	10	13	1	13	6	13	4	5	9	6	15	10	8	1	9	6	6	7	8	11	2	6	1	3	9	6	2	12	15	9	9	16	10	10	15	9	8	13	5	13	13	13	16	13	8	8	8	11	13	8	14	6	8	11	16	12	11	11	10	2	2	12	13	11	4	16	1	9	15	2	8	14	10	5	2	12	14	11	7	9	11	13	13	2	5	8	1	5	2	7	15	14	7	3	8	8	4	7	4	6	11	4	4	8	12	7	7	5	5	1	4	14	16	14	6	8	6	12	4	3	9	3	5	15	8	6	14	6	7	6	7	13	3	11	8	1	13	5	1	15	9	2	10	7	3	9	15	2	15	16	10	6	2	1	10	3	14	3	4	10	1	5	9	2	12	9	9	10	7	15	3	6	16	13	9	11	7	12	10	7	16	6	7	12	12	10	12	7	13	15	2	9	12	1	7	16	13	11	8	16	14	3	12	9	4	8	3	10	4	3	15	3	10	4	8	5	3	11	8	14	8	4	15	16	12	10	15	12	16	12	1	11	5	3	6	9	1	9	1	10	16	12	11	13	12	1	3	1	9	13	13	4	9	15	15	3	7	15	2	9	1	5	15	14	6	3	5	4	2	2	16	1	4	12	2	11	10	12	6	11	7	16	15	13	7	10	13	1	6	13	4	5	10	14	2	6	14	1	4	5	4	3	9	5	14	16	3	5	15	3	12	6	1	16	5	11	14	13	15	16	1	11	13	16	16	1	8	9	13	2	11	8	7	12	7	3	12	8	4	7	6	13	16	16	8	4	13	8	9	2	13	9	14	11	7	2	16	10	8	6	15	1	16	14	10	4	12	4	5	15	10	12	11	2	10	7	15	5	6	3	15	12	5	5	14	14	3	14	5	1	2	16	6	10	6	5	10	7	2	7	1	15	10	14	13	8	3	2	
920	400	810	450	260	400	550	350	190	270	430	680	260	900	220	560	580	670	1000	650	470	210	500	730	330	180	740	890	350	710	600	540	760	260	190	260	260	400	230	740	770	950	950	540	880	310	240	740	170	550	230	220	630	700	650	700	900	490	940	670	530	250	880	340	690	360	840	610	140	610	620	470	150	130	530	220	280	110	510	310	960	920	970	620	930	780	790	150	570	450	500	400	560	400	860	750	310	240	490	320	560	720	270	840	750	220	680	300	700	880	820	740	900	500	180	580	190	160	710	720	910	750	940	800	130	1000	230	450	260	560	750	700	200	420	890	750	480	820	770	120	960	420	520	310	630	590	380	190	510	300	200	770	640	650	120	860	620	250	820	850	450	540	440	930	700	570	600	860	110	460	320	350	340	380	100	450	830	740	660	200	410	440	670	310	320	170	900	120	960	150	600	630	900	530	600	660	590	900	940	750	980	140	490	960	650	510	190	270	840	230	810	210	810	270	420	790	800	630	620	980	200	900	470	280	840	540	530	900	650	520	300	600	490	260	290	830	300	930	290	890	560	370	460	830	170	860	880	960	130	350	760	760	580	140	150	260	370	830	260	390	300	940	290	310	190	600	240	730	690	250	430	740	930	150	580	430	570	450	740	920	580	340	210	370	560	560	420	820	690	140	200	540	900	660	200	860	960	860	650	620	230	550	130	830	920	700	180	490	230	320	870	230	870	480	680	820	350	590	910	280	740	680	820	300	670	590	390	880	490	600	700	830	880	600	690	660	630	250	830	150	400	730	640	620	420	700	460	540	1000	960	370	480	390	330	200	780	1000	540	210	960	140	260	130	360	400	680	200	180	980	460	680	640	690	740	220	110	720	980	390	820	680	470	980	930	550	250	500	670	550	710	130	240	210	810	830	320	660	550	430	470	410	260	400	390	510	110	360	710	570	520	730	950	930	560	930	590	780	590	200	300	130	120	710	710	650	130	760	370	360	100	730	840	680	770	300	710	400	770	100	320	870	490	310	750	100	480	270	640	490	150	680	480	940	560	680	700	670	210	820	180	900	300	730	110	190	270	600	280	500	270	580	270	570	890	640	520	360	240	380	750	960	730	840	120	460	240	840	990	550	240	840	990	330	170	970	580	540	860	570	440	750	940	600	480	920	270	710	540	870	880	550	340	310	600	820	710	250	660	980	970	260	200	370	400	620	200	630	340	480	380	360	370	160	870	860	520	100	310	370	280	460	520	640	750	960	520	220	310	200	410	520	300	630	770	420	400	900	280	890	170	270	410	760	620	880	580	200	880	500	860	490	400	850	950	930	590	480	250	800	770	600	520	160	890	690	830	990	460	500	880	540	300	670	420	990	120	250	980	500	460	500	340	420	730	820	450	470	280	900	520	540	370	780	170	1000	350	180	850	160	650	590	830	280	730	730	550	1000	620	1000	890	380	680	790	920	490	890	640	210	460	450	680	720	400	140	560	580	760	530	900	670	520	920	270	150	120	840	100	690	330	150	470	590	790	920	290	210	670	420	370	360	260	230	190	880	860	250	740	690	900	580	500	520	850	420	650	770	210	720	340	580	670	700	110	920	570	300	640	800	460	550	660	980	480	120	680	1000	1000	470	160	510	110	640	390	500	760	770	580	880	820	880	330	410	750	680	550	880	830	630	890	560	880	870	810	240	800	870	220	120	310	470	110	110	480	210	970	290	920	500	770	100	160	800	620	360	320	380	390	630	340	530	210	360	570	250	430	680	970	620	850	920	220	120	490	320	530	480	100	770	500	540	890	990	840	400	570	660	620	520	390	760	400	210	690	470	160	930	470	690	760	1000	640	270	180	420	510	750	400	830	900	320	750	940	940	110	480	480	510	740	460	930	720	310	250	530	660	600	190	940	740	220	450	510	450	500	400	910	130	780	870	250	450	550	970	510	790	810	110	790	220	340	540	940	780	450	720	850	290	370	400	360	170	160	1000	280	1000	130	240	690	550	980	590	940	870	380	970	290	320	260	570	850	780	940	920	280	800	600	440	950	790	820	400	910	790	860	900	440	360	860	860	720	290	400	430	590	380	650	740	350	450	220	410	800	970	570	260	510	250	190	950	880	500	560	820	610	180	450	920	660	410	270	320	350	1000	260	820	320	750	710	170	560	250	130	550	870	300	140	250	940	670	210	500	310	530	390	470	910	320	390	840	370	950	350	260	740	910	230	770	1000	390	560	810	860	400	630	790	850	510	650	1000	530	430	790	780	960	150	270	700	220	550	610	450	360	560	500	820	300	700	850	620	240	520	490	840	260	510	240	130	110	790	130	430	100	880	420	880	650	780	100	800	580	140	240	220	170	540	700	870	200	500	580	820	850	750	640	580	420	350	910	880	680	170	500	120	760	450	400	160	630	120	970	370	480	270	350	330	310	160	290	450	580	600	290	620	340	790	1000	630	490	960	790	510	140	700	280	760	240	480	550	840	560	770	380	900	650	910	570	820	320	510	180	230	360	410	420	180	580	410	280	300	920	550	400	320	910	990	240	600	990	760	170	900	210	240	520	960	140	530	350	460	440	120	780	380	270	570	130	180	480	470	680	460	730	680	890	170	330	500	890	930	480	150	290	480	560	180	310	620	740	950	200	800	230	680	750	220	140	280	800	190	970	430	800	170	810	110	290	170	980	460	990	780	700	880	800	250	210	340	780	120	710	710	940	640	630	970	690	540	330	180	840	370	760	590	310	310	560	380	340	750	100	940	960	170	800	520	910	420	210	860	840	100	270	140	280	780	250	990	250	310	190	200	910	970	460	850	650	140	390	850	250	330	970	900	170	300	770	870	810	500	530	460	920	150	140	730	860	540	450	440	870	700	210	950	460	580	350	150	150	990	190	370	600	100	940	160	310	1000	850	100	170	800	250	230	570	670	440	350	590	160	860	240	800	780	240	830	990	640	130	500	540	910	450	540	100	800	490	490	750	260	510	460	810	840	500	970	260	450	940	250	960	810	660	280	490	410	530	350	320	750	620	490	520	430	910	390	960	360	620	170	770	580	130	140	180	690	830	630	900	800	880	280	590	240	220	960	730	930	200	380	160	180	380	210	270	830	870	830	1000	250	730	360	150	210	140	270	160	620	120	890	440	610	300	540	200	510	900	100	390	640	680	360	640	150	700	120	620	850	350	550	730	840	820	670	330	590	360	370	580	130	280	550	970	820	870	190	560	640	600	420	990	910	680	640	960	250	140	230	320	660	840	420	560	990	960	690	280	530	580	260	980	120	1000	260	550	160	520	980	690	710	220	970	620	840	580	290	340	270	110	840	990	190	410	340	270	480	500	260	740	120	940	740	840	240	460	690	450	600	570	390	940	260	390	700	940	110	960	690	420	440	410	1000	460	180	540	610	940	740	840	330	570	840	380	160	760	580	560	200	980	780	770	320	220	610	640	190	910	730	680	300	380	570	120	340	580	250	1000	810	840	700	780	360	230	980	470	700	190	750	530	740	480	480	300	350	800	430	980	290	910	420	250	470	870	720	700	400	200	410	930	930	920	780	160	770	420	960	920	280	780	400	180	770	880	860	130	200	800	950	600	460	1000	450	440	770	900	980	830	660	940	200	860	560	270	600	690	770	230	780	720	910	560	600	750	360	
100
