885
60
4
50
0	192	0	0	0	0	0	0	0	0	0	0	192	0	0	0	0	0	0	0	0	0	0	0	0	0	0	0	0	0	0	0	0	0	0	0	0	0	0	0	0	192	0	0	0	0	192	0	0	0	0	0	0	0	0	0	0	0	0	0	
192	0	0	0	0	0	0	0	0	0	0	0	0	0	0	0	0	0	192	0	0	0	0	0	0	0	0	0	0	0	0	0	0	0	0	0	0	0	0	0	0	192	0	0	0	0	192	0	0	0	0	0	0	0	0	0	0	0	0	0	
0	0	0	192	0	0	0	192	0	0	0	0	0	0	0	0	0	0	0	0	0	0	192	0	0	0	0	0	0	0	0	0	0	0	0	0	0	0	0	0	0	0	0	0	0	0	0	0	0	0	0	192	0	0	0	0	0	0	0	0	
0	0	192	0	0	0	0	192	0	0	0	0	0	0	0	0	192	0	0	0	0	0	192	0	0	0	0	0	0	0	0	0	0	0	0	0	0	0	0	0	0	0	0	0	0	0	0	0	0	0	0	0	0	0	0	0	0	0	0	0	
0	0	0	0	0	0	0	0	0	0	0	0	0	0	0	0	192	0	0	0	192	0	0	0	0	0	0	0	0	192	0	0	0	0	0	0	0	0	0	0	0	0	0	0	0	0	0	192	0	0	0	0	0	0	0	0	0	0	0	0	
0	0	0	0	0	0	0	0	192	0	0	192	0	192	0	0	0	0	0	0	0	0	0	0	0	0	0	0	0	0	0	0	0	0	0	0	0	0	0	0	0	0	0	0	0	0	0	0	0	192	0	0	0	0	0	0	0	0	0	0	
0	0	0	0	0	0	0	0	0	0	0	0	0	0	0	0	0	0	0	0	0	0	0	0	0	0	0	192	0	0	0	0	0	0	0	0	0	192	0	0	0	0	0	0	0	0	0	0	0	0	192	0	0	0	0	0	192	0	0	0	
0	0	192	192	0	0	0	0	0	0	0	0	0	0	0	0	192	0	0	0	0	0	0	0	0	0	0	0	0	0	0	0	0	0	0	0	0	0	0	0	0	0	0	0	0	0	0	192	0	0	0	0	0	0	0	0	0	0	0	0	
0	0	0	0	0	192	0	0	0	0	0	192	0	0	0	0	0	0	0	0	0	0	0	0	0	0	0	0	0	0	0	0	0	0	0	0	0	0	0	0	0	0	0	0	0	0	0	0	0	192	0	0	192	0	0	0	0	0	0	0	
0	0	0	0	0	0	0	0	0	0	0	0	0	192	0	0	0	0	192	0	0	0	0	0	0	0	0	0	0	0	0	0	0	192	0	0	0	0	0	0	0	0	0	0	0	0	0	0	0	0	0	0	0	0	0	0	0	192	0	0	
0	0	0	0	0	0	0	0	0	0	0	0	192	0	0	0	0	0	0	0	0	0	0	0	0	0	0	0	0	192	0	0	0	192	0	0	0	0	0	0	0	0	0	0	0	0	0	0	0	0	0	0	0	0	0	192	0	0	0	0	
0	0	0	0	0	192	0	0	192	0	0	0	0	192	0	0	0	0	0	0	0	0	0	0	0	0	0	0	0	0	0	0	0	0	0	0	0	0	0	0	0	0	0	0	0	0	0	0	0	192	0	0	0	0	0	0	0	0	0	0	
192	0	0	0	0	0	0	0	0	0	192	0	0	0	0	0	0	0	0	0	0	0	0	192	0	0	0	0	0	0	0	0	0	0	0	0	0	0	0	0	0	192	0	0	0	0	0	0	0	0	0	0	0	0	0	0	0	0	0	0	
0	0	0	0	0	192	0	0	0	192	0	192	0	0	0	0	0	0	192	0	0	0	0	0	0	0	0	0	0	0	0	0	0	0	0	0	0	0	0	0	0	0	0	0	0	0	0	0	0	0	0	0	0	0	0	0	0	0	0	0	
0	0	0	0	0	0	0	0	0	0	0	0	0	0	0	192	0	192	0	0	0	0	0	0	0	0	0	0	0	0	0	0	0	0	0	0	0	0	0	0	0	0	0	192	0	0	0	0	0	0	0	0	0	0	192	0	0	0	0	0	
0	0	0	0	0	0	0	0	0	0	0	0	0	0	192	0	0	0	0	0	0	0	0	0	0	192	0	0	0	0	0	0	0	0	0	0	0	0	0	0	0	0	0	192	0	0	0	0	0	0	0	0	0	0	0	0	0	0	192	0	
0	0	0	192	192	0	0	192	0	0	0	0	0	0	0	0	0	0	0	0	0	0	0	0	0	0	0	0	0	0	0	0	0	0	0	0	0	0	0	0	0	0	0	0	0	0	0	192	0	0	0	0	0	0	0	0	0	0	0	0	
0	0	0	0	0	0	0	0	0	0	0	0	0	0	192	0	0	0	0	0	0	0	0	0	0	192	0	0	0	0	0	0	0	0	0	0	0	0	0	0	0	0	0	0	0	0	0	0	0	0	0	0	0	192	192	0	0	0	0	0	
0	192	0	0	0	0	0	0	0	192	0	0	0	192	0	0	0	0	0	0	0	0	0	0	0	0	0	0	0	0	0	0	0	0	0	0	0	0	0	0	0	0	0	0	0	0	192	0	0	0	0	0	0	0	0	0	0	0	0	0	
0	0	0	0	0	0	0	0	0	0	0	0	0	0	0	0	0	0	0	0	0	0	192	0	0	0	0	0	192	0	0	0	0	0	0	0	0	0	0	0	192	0	0	0	0	0	0	0	0	0	0	192	0	0	0	0	0	0	0	0	
0	0	0	0	192	0	0	0	0	0	0	0	0	0	0	0	0	0	0	0	0	0	0	0	0	0	0	0	0	0	0	192	0	0	0	0	0	0	0	0	0	0	0	0	0	0	0	192	0	0	192	0	0	0	0	0	0	0	0	0	
0	0	0	0	0	0	0	0	0	0	0	0	0	0	0	0	0	0	0	0	0	0	0	0	0	0	192	0	0	0	0	0	0	0	192	0	0	0	0	0	0	0	0	0	192	0	0	0	192	0	0	0	0	0	0	0	0	0	0	0	
0	0	192	192	0	0	0	0	0	0	0	0	0	0	0	0	0	0	0	192	0	0	0	0	0	0	0	0	0	0	192	0	0	0	0	0	0	0	0	0	0	0	0	0	0	0	0	0	0	0	0	0	0	0	0	0	0	0	0	0	
0	0	0	0	0	0	0	0	0	0	0	0	192	0	0	0	0	0	0	0	0	0	0	0	0	0	0	0	0	0	0	0	0	0	0	0	0	0	0	0	0	192	0	0	0	0	0	0	0	0	0	0	0	0	0	192	0	0	0	192	
0	0	0	0	0	0	0	0	0	0	0	0	0	0	0	0	0	0	0	0	0	0	0	0	0	0	0	0	0	0	0	0	0	0	0	0	0	0	0	192	0	0	0	0	0	0	192	0	0	192	0	0	0	0	0	0	0	192	0	0	
0	0	0	0	0	0	0	0	0	0	0	0	0	0	0	192	0	192	0	0	0	0	0	0	0	0	0	0	0	0	0	0	0	0	0	0	0	0	0	0	0	0	0	0	0	0	0	0	0	0	0	0	0	192	0	0	0	0	192	0	
0	0	0	0	0	0	0	0	0	0	0	0	0	0	0	0	0	0	0	0	0	192	0	0	0	0	0	0	0	0	0	0	0	0	192	0	0	0	0	0	0	0	0	0	192	0	0	0	192	0	0	0	0	0	0	0	0	0	0	0	
0	0	0	0	0	0	192	0	0	0	0	0	0	0	0	0	0	0	0	0	0	0	0	0	0	0	0	0	192	0	0	0	0	0	0	0	0	192	0	0	0	0	0	0	0	0	0	0	0	0	0	0	0	0	0	0	192	0	0	0	
0	0	0	0	0	0	0	0	0	0	0	0	0	0	0	0	0	0	0	192	0	0	0	0	0	0	0	192	0	0	0	0	0	0	0	0	0	0	0	0	0	0	0	0	0	0	0	0	0	0	0	192	0	0	0	0	192	0	0	0	
0	0	0	0	192	0	0	0	0	0	192	0	0	0	0	0	0	0	0	0	0	0	0	0	0	0	0	0	0	0	0	192	0	0	0	0	0	0	0	0	0	0	0	0	0	0	0	0	0	0	0	0	0	0	0	192	0	0	0	0	
0	0	0	0	0	0	0	0	0	0	0	0	0	0	0	0	0	0	0	0	0	0	192	0	0	0	0	0	0	0	0	0	0	0	0	0	0	0	192	0	0	0	0	0	0	0	0	0	0	0	0	192	0	0	0	0	0	0	0	192	
0	0	0	0	0	0	0	0	0	0	0	0	0	0	0	0	0	0	0	0	192	0	0	0	0	0	0	0	0	192	0	0	0	0	0	0	0	192	0	0	0	0	0	0	0	0	0	0	0	0	192	0	0	0	0	0	0	0	0	0	
0	0	0	0	0	0	0	0	0	0	0	0	0	0	0	0	0	0	0	0	0	0	0	0	0	0	0	0	0	0	0	0	0	0	0	0	0	0	192	0	0	0	192	0	0	0	0	0	0	0	0	0	192	0	0	0	0	0	0	192	
0	0	0	0	0	0	0	0	0	192	192	0	0	0	0	0	0	0	0	0	0	0	0	0	0	0	0	0	0	0	0	0	0	0	0	0	0	0	0	0	0	0	0	0	0	0	0	0	0	0	0	0	0	0	0	192	0	192	0	0	
0	0	0	0	0	0	0	0	0	0	0	0	0	0	0	0	0	0	0	0	0	192	0	0	0	0	192	0	0	0	0	0	0	0	0	0	0	0	0	0	0	0	0	0	192	0	0	0	192	0	0	0	0	0	0	0	0	0	0	0	
0	0	0	0	0	0	0	0	0	0	0	0	0	0	0	0	0	0	0	0	0	0	0	0	0	0	0	0	0	0	0	0	0	0	0	0	0	0	0	0	192	0	0	0	192	0	0	0	192	0	0	0	0	0	0	0	192	0	0	0	
0	0	0	0	0	0	0	0	0	0	0	0	0	0	0	0	0	0	0	0	0	0	0	0	0	0	0	0	0	0	0	0	0	0	0	0	0	0	0	0	0	0	192	0	0	192	0	0	0	0	0	0	0	192	192	0	0	0	0	0	
0	0	0	0	0	0	192	0	0	0	0	0	0	0	0	0	0	0	0	0	0	0	0	0	0	0	0	192	0	0	0	192	0	0	0	0	0	0	0	0	0	0	0	0	0	0	0	0	0	0	192	0	0	0	0	0	0	0	0	0	
0	0	0	0	0	0	0	0	0	0	0	0	0	0	0	0	0	0	0	0	0	0	0	0	0	0	0	0	0	0	192	0	192	0	0	0	0	0	0	0	0	0	0	0	0	0	0	0	0	0	0	0	192	0	0	0	0	0	0	192	
0	0	0	0	0	0	0	0	0	0	0	0	0	0	0	0	0	0	0	0	0	0	0	0	192	0	0	0	0	0	0	0	0	0	0	0	0	0	0	0	0	0	0	0	0	0	0	0	0	0	0	0	192	192	0	0	0	192	0	0	
0	0	0	0	0	0	0	0	0	0	0	0	0	0	0	0	0	0	0	192	0	0	0	0	0	0	0	0	0	0	0	0	0	0	0	192	0	0	0	0	0	0	192	0	0	192	0	0	0	0	0	0	0	0	0	0	0	0	0	0	
192	192	0	0	0	0	0	0	0	0	0	0	192	0	0	0	0	0	0	0	0	0	0	192	0	0	0	0	0	0	0	0	0	0	0	0	0	0	0	0	0	0	0	0	0	0	0	0	0	0	0	0	0	0	0	0	0	0	0	0	
0	0	0	0	0	0	0	0	0	0	0	0	0	0	0	0	0	0	0	0	0	0	0	0	0	0	0	0	0	0	0	0	192	0	0	0	192	0	0	0	192	0	0	0	0	192	0	0	0	0	0	0	0	0	0	0	0	0	0	0	
0	0	0	0	0	0	0	0	0	0	0	0	0	0	192	192	0	0	0	0	0	0	0	0	0	0	0	0	0	0	0	0	0	0	0	0	0	0	0	0	0	0	0	0	0	0	0	0	0	0	0	0	0	0	192	0	0	0	192	0	
0	0	0	0	0	0	0	0	0	0	0	0	0	0	0	0	0	0	0	0	0	192	0	0	0	0	192	0	0	0	0	0	0	0	192	192	0	0	0	0	0	0	0	0	0	0	0	0	0	0	0	0	0	0	0	0	0	0	0	0	
0	0	0	0	0	0	0	0	0	0	0	0	0	0	0	0	0	0	0	0	0	0	0	0	0	0	0	0	0	0	0	0	0	0	0	0	192	0	0	0	192	0	192	0	0	0	0	0	0	0	0	0	0	0	0	0	0	0	192	0	
192	192	0	0	0	0	0	0	0	0	0	0	0	0	0	0	0	0	192	0	0	0	0	0	192	0	0	0	0	0	0	0	0	0	0	0	0	0	0	0	0	0	0	0	0	0	0	0	0	0	0	0	0	0	0	0	0	0	0	0	
0	0	0	0	192	0	0	192	0	0	0	0	0	0	0	0	192	0	0	0	192	0	0	0	0	0	0	0	0	0	0	0	0	0	0	0	0	0	0	0	0	0	0	0	0	0	0	0	0	0	0	0	0	0	0	0	0	0	0	0	
0	0	0	0	0	0	0	0	0	0	0	0	0	0	0	0	0	0	0	0	0	192	0	0	0	0	192	0	0	0	0	0	0	0	192	192	0	0	0	0	0	0	0	0	0	0	0	0	0	0	0	0	0	0	0	0	0	0	0	0	
0	0	0	0	0	192	0	0	192	0	0	192	0	0	0	0	0	0	0	0	0	0	0	0	192	0	0	0	0	0	0	0	0	0	0	0	0	0	0	0	0	0	0	0	0	0	0	0	0	0	0	0	0	0	0	0	0	0	0	0	
0	0	0	0	0	0	192	0	0	0	0	0	0	0	0	0	0	0	0	0	192	0	0	0	0	0	0	0	0	0	0	192	0	0	0	0	0	192	0	0	0	0	0	0	0	0	0	0	0	0	0	0	0	0	0	0	0	0	0	0	
0	0	192	0	0	0	0	0	0	0	0	0	0	0	0	0	0	0	0	192	0	0	0	0	0	0	0	0	192	0	192	0	0	0	0	0	0	0	0	0	0	0	0	0	0	0	0	0	0	0	0	0	0	0	0	0	0	0	0	0	
0	0	0	0	0	0	0	0	192	0	0	0	0	0	0	0	0	0	0	0	0	0	0	0	0	0	0	0	0	0	0	0	192	0	0	0	0	0	192	192	0	0	0	0	0	0	0	0	0	0	0	0	0	0	0	0	0	0	0	0	
0	0	0	0	0	0	0	0	0	0	0	0	0	0	0	0	0	192	0	0	0	0	0	0	0	192	0	0	0	0	0	0	0	0	0	0	192	0	0	192	0	0	0	0	0	0	0	0	0	0	0	0	0	0	0	0	0	0	0	0	
0	0	0	0	0	0	0	0	0	0	0	0	0	0	192	0	0	192	0	0	0	0	0	0	0	0	0	0	0	0	0	0	0	0	0	0	192	0	0	0	0	0	0	192	0	0	0	0	0	0	0	0	0	0	0	0	0	0	0	0	
0	0	0	0	0	0	0	0	0	0	192	0	0	0	0	0	0	0	0	0	0	0	0	192	0	0	0	0	0	192	0	0	0	192	0	0	0	0	0	0	0	0	0	0	0	0	0	0	0	0	0	0	0	0	0	0	0	0	0	0	
0	0	0	0	0	0	192	0	0	0	0	0	0	0	0	0	0	0	0	0	0	0	0	0	0	0	0	192	192	0	0	0	0	0	0	192	0	0	0	0	0	0	0	0	0	0	0	0	0	0	0	0	0	0	0	0	0	0	0	0	
0	0	0	0	0	0	0	0	0	192	0	0	0	0	0	0	0	0	0	0	0	0	0	0	192	0	0	0	0	0	0	0	0	192	0	0	0	0	0	192	0	0	0	0	0	0	0	0	0	0	0	0	0	0	0	0	0	0	0	0	
0	0	0	0	0	0	0	0	0	0	0	0	0	0	0	192	0	0	0	0	0	0	0	0	0	192	0	0	0	0	0	0	0	0	0	0	0	0	0	0	0	0	0	192	0	192	0	0	0	0	0	0	0	0	0	0	0	0	0	0	
0	0	0	0	0	0	0	0	0	0	0	0	0	0	0	0	0	0	0	0	0	0	0	192	0	0	0	0	0	0	192	0	192	0	0	0	0	0	192	0	0	0	0	0	0	0	0	0	0	0	0	0	0	0	0	0	0	0	0	0	
7	14	33	40	5	11	31	51	42	21	54	34	11	44	25	58	2	11	31	58	55	9	43	25	44	55	12	19	58	40	21	5	24	19	38	45	18	22	35	15	51	38	3	48	56	44	25	58	51	32	4	56	13	53	12	41	18	22	45	29	48	28	6	18	11	22	11	8	20	43	32	28	25	41	44	39	51	21	55	30	58	39	10	31	56	46	41	2	5	45	3	45	38	53	28	27	54	5	37	51	39	12	47	25	37	37	15	55	22	42	9	32	34	31	20	55	39	56	36	40	17	41	30	45	42	4	43	29	54	37	12	35	36	51	34	56	9	17	6	31	51	33	41	51	22	8	52	48	36	59	28	15	22	26	30	42	27	35	31	13	39	43	20	17	37	22	26	55	14	27	42	25	44	45	54	23	36	14	17	6	22	55	25	51	47	36	19	8	21	35	8	41	37	21	33	59	3	47	40	20	21	5	28	24	31	26	3	56	34	49	50	45	17	52	7	24	54	11	29	15	44	49	6	42	8	25	8	31	14	56	54	5	48	13	38	23	22	20	50	41	54	53	5	49	48	26	49	35	10	11	24	0	56	23	41	21	40	45	35	39	47	51	17	0	4	34	46	20	55	26	21	20	55	2	25	58	17	37	5	26	55	28	20	1	51	2	38	4	41	58	6	44	42	39	32	53	54	30	23	23	24	23	30	37	41	28	0	4	42	38	47	19	10	17	37	41	7	39	45	22	48	37	21	7	6	23	54	25	25	32	25	57	46	11	31	25	7	21	37	21	8	13	40	42	15	34	57	57	8	29	9	0	29	17	36	18	2	9	57	10	57	39	8	28	42	19	17	13	58	20	39	11	3	57	34	6	13	7	14	46	30	5	53	27	27	6	25	23	23	55	21	20	14	59	12	24	2	13	37	31	58	39	38	30	19	50	16	34	41	58	16	37	5	17	39	47	33	27	50	49	2	59	2	32	0	56	24	57	24	0	25	21	0	35	38	46	40	23	36	36	45	29	52	40	37	38	6	28	41	34	25	30	21	7	22	36	11	54	15	43	3	15	13	46	25	3	19	50	38	12	23	57	53	1	23	8	22	28	39	3	10	23	12	45	24	42	18	37	37	58	38	52	56	34	40	0	52	22	18	29	25	35	0	46	44	9	58	23	43	2	20	4	19	32	47	36	1	43	15	37	48	39	45	31	45	10	17	38	42	10	26	23	42	41	0	14	47	18	29	12	52	46	15	17	39	1	50	37	47	38	26	21	13	16	32	31	36	24	25	22	43	32	32	57	27	24	39	38	18	12	9	4	47	32	19	3	28	57	32	44	43	42	48	44	25	32	58	27	34	42	27	10	31	46	24	17	7	55	22	38	35	47	57	28	56	17	30	59	6	31	16	37	33	37	36	10	57	18	35	54	33	26	23	1	32	34	56	20	11	44	0	9	28	26	47	42	26	6	17	47	13	32	59	12	19	9	9	7	20	29	13	43	59	2	39	31	22	26	24	17	8	52	40	9	26	25	53	22	6	8	34	13	22	31	51	12	27	53	44	25	15	49	50	59	53	38	51	39	0	56	23	57	46	48	38	48	53	52	37	20	52	37	50	4	52	28	12	53	1	53	11	15	6	49	9	19	30	46	43	17	27	38	3	33	36	15	36	30	26	16	32	17	43	55	20	59	46	25	57	48	9	5	1	45	5	22	32	4	19	38	50	43	35	27	25	36	38	59	22	7	45	7	45	44	36	25	24	41	36	40	18	34	43	11	18	49	37	47	31	42	49	53	52	29	55	46	30	31	21	59	36	57	5	50	16	3	11	46	43	50	49	17	43	59	28	45	23	15	14	33	12	42	53	34	52	6	59	30	54	32	56	5	4	41	37	5	25	55	37	54	4	55	25	11	30	11	13	36	7	51	10	44	36	36	59	37	11	50	12	32	41	10	2	41	15	23	4	43	6	56	47	5	15	4	44	51	40	40	22	9	9	7	23	0	45	24	9	5	55	14	23	41	32	59	0	
24	25	9	49	54	16	6	35	4	36	49	51	17	14	14	27	58	45	32	26	7	32	51	11	54	57	47	34	3	20	55	0	7	31	30	23	56	15	3	30	6	29	41	40	43	1	55	9	55	41	40	14	12	10	38	13	26	40	23	9	7	5	34	57	15	58	41	9	31	28	29	3	9	47	3	58	50	45	24	33	17	18	9	51	46	17	31	40	52	1	51	6	32	48	30	59	39	10	28	29	32	25	28	40	57	46	50	13	13	34	22	41	41	37	31	30	41	1	9	43	46	22	0	19	18	43	22	34	13	15	49	26	33	8	24	26	6	50	42	21	38	51	46	55	5	0	50	37	32	46	19	36	9	45	46	18	53	15	0	46	32	37	14	27	35	59	29	49	36	15	26	58	55	46	22	33	14	53	46	25	13	48	51	46	46	41	50	13	17	48	11	11	27	24	49	54	22	16	7	10	11	17	0	8	50	42	52	49	52	14	59	14	27	31	23	33	11	17	58	33	14	14	35	45	44	7	4	50	39	21	23	31	27	4	55	19	13	2	2	9	51	44	25	8	6	55	53	0	26	51	59	23	28	14	8	56	14	48	49	42	8	24	55	21	32	0	7	34	50	48	33	39	48	16	52	43	54	32	8	29	13	45	33	5	28	13	4	56	0	53	31	46	51	51	35	36	17	35	29	4	48	47	26	26	53	1	39	52	48	56	1	42	47	30	26	57	38	4	30	59	7	19	13	20	23	27	22	33	10	11	17	56	30	46	12	10	56	31	10	54	4	17	21	11	56	46	31	26	25	3	24	31	27	53	1	31	0	21	7	40	52	36	3	30	18	22	10	30	44	26	42	46	38	31	23	50	27	31	29	32	45	7	31	40	40	41	29	27	14	43	33	47	12	1	30	52	50	39	14	27	42	22	43	26	16	42	49	38	51	50	57	38	17	29	28	33	34	53	23	24	53	39	59	27	48	32	22	19	55	57	59	26	28	7	57	12	24	18	24	58	47	53	29	54	35	27	49	8	45	20	31	39	44	50	52	48	59	15	1	38	20	1	25	0	53	8	2	48	7	44	52	48	16	33	40	55	59	57	1	40	17	38	49	41	4	13	23	36	36	45	53	0	11	28	14	12	59	58	32	37	10	51	18	22	28	4	43	7	0	49	15	37	43	35	43	0	31	19	53	57	28	7	10	58	10	22	58	56	22	57	14	55	5	20	16	5	1	10	13	42	5	41	7	48	25	43	17	51	58	48	32	9	16	3	29	22	24	22	40	35	50	57	58	16	48	1	32	14	31	30	13	16	45	10	37	48	39	28	2	23	37	20	13	56	24	17	2	39	32	9	12	3	38	39	36	23	58	18	14	43	48	14	35	41	55	46	32	0	41	28	3	52	7	17	47	3	58	19	48	45	56	57	16	56	50	23	58	16	27	51	4	29	7	46	24	41	7	3	16	36	58	27	27	21	9	33	1	36	35	22	24	50	51	3	37	1	41	19	6	29	21	44	46	4	57	16	58	8	57	52	55	44	48	53	9	33	30	18	3	46	24	53	36	27	4	56	48	48	39	30	20	47	42	50	50	21	8	43	23	5	7	45	12	29	14	9	37	6	38	59	46	34	4	13	4	11	33	22	18	47	6	16	22	34	12	28	23	18	31	33	1	16	23	29	13	17	26	56	28	51	24	6	59	26	53	35	22	19	1	59	0	15	38	57	55	53	39	45	42	6	4	10	18	10	33	59	22	54	55	29	15	46	40	40	5	3	0	27	45	8	25	44	4	15	24	20	43	50	34	32	7	5	29	4	19	9	43	45	6	30	5	24	44	1	22	14	36	46	20	50	23	4	58	40	53	42	10	13	0	58	10	22	7	49	28	22	45	58	52	40	8	30	53	53	22	15	28	35	34	19	15	14	17	37	34	14	30	45	28	14	29	55	48	39	47	20	38	1	51	21	49	9	44	54	22	13	8	52	41	27	41	0	30	55	19	17	32	33	4	48	32	7	40	1	22	
8	16	6	18	14	20	3	4	8	12	4	20	20	9	4	19	10	4	5	14	15	9	16	10	1	5	6	1	12	7	16	2	18	10	14	20	3	19	11	7	4	17	10	16	19	3	18	8	20	18	10	4	1	12	12	1	1	2	1	5	4	1	6	16	9	17	20	18	13	11	12	10	1	10	2	20	19	9	17	10	19	18	12	11	15	9	5	18	3	8	1	14	1	7	13	14	16	13	14	2	16	20	17	19	19	16	3	10	20	16	8	13	4	14	3	19	19	14	11	3	10	14	11	8	2	7	14	17	9	10	10	2	12	15	12	1	2	11	13	9	19	8	9	20	13	15	19	4	19	13	10	1	5	2	13	8	13	20	19	6	3	19	2	8	9	14	15	19	3	11	15	5	10	14	3	9	16	14	12	18	5	8	19	20	2	3	8	12	5	18	13	19	10	18	20	2	15	10	4	7	4	9	3	9	6	12	10	3	15	9	2	1	3	9	4	20	12	12	8	13	2	17	17	9	14	10	18	2	6	11	18	3	14	11	8	11	11	3	2	6	11	10	13	5	19	7	14	13	10	7	9	7	3	20	13	13	3	15	10	10	10	9	8	1	13	2	5	2	6	20	15	6	13	19	9	6	3	9	17	7	14	11	4	11	1	11	14	3	1	10	11	14	2	6	1	6	14	10	7	19	14	5	17	19	3	2	17	10	5	8	7	15	19	3	12	12	16	15	5	20	18	19	16	4	14	19	10	1	13	20	10	7	11	20	19	3	15	2	17	7	20	12	1	20	12	16	5	3	4	9	17	15	4	2	7	12	15	6	3	13	16	12	14	20	1	4	5	17	19	11	10	9	11	18	1	7	14	14	8	14	16	12	18	19	20	1	15	20	1	6	17	10	1	4	19	17	13	5	9	3	5	20	16	1	4	4	2	18	1	4	15	18	6	3	16	8	8	1	11	6	16	15	20	16	6	14	9	8	13	15	1	6	8	7	7	5	5	19	16	3	9	20	15	3	13	4	3	6	7	5	16	4	6	12	1	1	7	7	3	12	14	15	11	8	3	15	6	16	8	14	13	2	9	9	10	8	13	11	3	3	7	5	6	7	14	12	1	8	11	5	12	3	15	13	16	9	7	5	7	3	5	12	6	9	16	10	13	6	7	10	7	5	14	14	9	1	2	14	15	15	5	15	10	2	3	14	12	8	6	9	4	1	9	12	12	5	8	8	13	10	8	15	8	11	11	15	2	6	13	1	5	11	16	10	12	12	12	2	10	9	3	13	13	16	16	9	15	4	1	13	1	16	13	8	14	14	8	8	8	10	8	1	12	2	12	3	7	15	10	3	7	14	7	13	9	1	2	14	9	15	1	5	8	6	6	11	10	15	9	2	15	8	7	2	16	3	4	9	3	9	13	4	1	14	12	15	12	7	6	14	6	11	1	8	1	15	5	15	9	4	13	11	12	16	10	4	15	12	1	8	16	6	12	4	7	2	3	4	5	14	4	16	9	13	14	3	7	1	10	14	1	8	1	4	2	7	2	11	11	9	7	7	13	1	2	2	3	15	13	15	11	4	12	3	11	13	6	16	2	7	13	16	14	15	12	8	9	6	11	16	2	13	10	8	16	9	9	15	6	11	15	13	3	8	3	2	7	12	7	11	13	2	5	11	8	5	8	12	3	12	6	6	14	16	10	3	13	13	14	10	5	5	14	5	11	8	15	15	10	9	12	14	5	3	8	16	2	1	10	1	4	6	5	15	13	16	15	1	13	3	1	7	15	6	15	6	13	15	6	12	8	7	14	4	11	5	1	15	11	3	2	1	5	1	16	6	1	14	2	1	4	15	2	10	7	8	2	16	10	7	8	7	4	10	4	3	14	5	8	5	15	13	14	8	13	14	15	4	12	12	9	5	13	12	12	14	14	7	6	8	14	9	11	5	11	12	2	2	1	8	12	2	14	9	5	7	16	11	12	14	10	9	8	13	6	11	10	1	12	8	9	2	5	9	9	
380	510	170	990	840	130	200	840	340	890	460	230	880	750	940	150	350	320	370	880	800	650	380	980	640	750	480	940	800	170	180	480	550	840	770	390	560	750	530	570	770	310	530	310	710	430	730	680	220	850	190	300	370	1000	520	400	850	870	460	900	710	960	520	610	400	670	220	480	450	790	830	530	250	940	720	100	200	330	940	370	310	660	600	970	960	600	410	800	850	980	390	370	200	870	980	660	280	480	100	880	210	800	820	220	160	580	770	930	870	170	220	660	420	320	190	990	270	890	770	780	240	880	850	780	570	470	390	310	970	820	810	340	450	330	920	400	340	630	260	760	520	340	980	380	160	450	600	790	820	530	210	920	630	210	650	960	760	300	150	900	200	500	340	380	780	110	950	510	350	870	750	170	670	640	130	960	140	520	500	880	420	240	200	1000	650	350	300	440	300	980	830	450	300	910	940	580	840	600	420	390	710	960	910	660	870	710	160	270	890	350	470	190	490	550	480	610	830	190	350	800	730	350	430	300	150	920	590	640	400	610	950	550	280	440	390	830	960	190	550	620	200	400	150	970	750	200	620	250	950	200	550	740	830	760	190	210	290	100	710	220	740	610	230	590	440	790	690	460	490	540	150	880	520	460	120	170	720	580	380	610	630	930	490	910	320	620	960	600	190	880	580	150	150	1000	700	100	350	980	230	340	690	880	310	410	950	840	650	310	820	150	170	600	780	860	940	660	860	610	660	230	420	710	180	540	190	750	600	690	900	460	630	220	310	310	930	150	660	220	880	190	320	830	980	480	300	400	960	130	350	660	130	360	350	760	870	210	750	930	110	180	990	400	900	530	390	330	890	940	700	330	810	770	960	650	800	800	840	980	460	620	760	920	390	190	270	310	780	180	240	620	170	580	860	960	330	480	940	190	280	100	250	350	540	360	980	530	880	700	640	870	450	370	420	660	570	850	100	260	940	510	560	920	900	220	560	430	700	270	350	990	140	640	280	530	120	910	450	640	200	310	860	160	150	400	230	880	760	500	410	630	220	740	350	860	1000	340	320	770	450	470	830	560	650	100	880	720	650	500	990	920	590	830	1000	660	410	740	290	210	320	410	760	100	160	550	560	430	680	140	430	450	540	1000	840	510	370	320	880	320	570	190	780	620	530	780	900	850	420	190	660	740	200	980	420	920	690	990	420	810	300	750	840	720	180	140	530	270	520	800	860	530	600	360	840	550	430	460	860	260	410	860	280	430	530	840	970	490	570	210	110	260	440	980	200	100	380	200	880	830	530	300	800	610	190	420	800	850	700	140	150	410	650	270	780	490	140	760	170	190	960	430	950	210	420	120	340	210	460	810	300	230	440	300	660	550	470	570	840	150	200	280	160	920	250	520	250	620	830	200	860	310	440	880	590	650	260	570	950	110	290	480	210	750	880	800	640	330	530	430	330	290	310	660	170	1000	460	410	390	170	600	390	500	590	250	380	430	760	170	240	550	330	740	840	980	160	190	770	860	210	930	400	910	210	170	820	900	450	950	850	760	1000	870	670	300	550	310	930	380	740	180	640	380	810	170	760	890	940	870	600	700	710	630	850	610	150	170	600	820	120	230	610	480	470	390	600	380	210	950	400	890	780	600	620	180	1000	430	330	290	270	230	180	680	450	720	980	790	150	670	430	620	630	800	610	290	640	760	420	860	690	210	860	680	320	970	170	760	470	350	560	1000	350	770	680	800	1000	710	760	160	620	710	790	490	640	330	830	800	430	230	100	620	350	870	680	270	400	770	970	850	560	870	800	460	420	420	960	180	340	160	890	720	860	210	670	660	670	440	390	190	890	170	480	870	580	770	720	370	360	620	200	910	990	460	240	770	710	670	810	420	180	370	230	800	890	290	810	180	950	590	690	110	960	650	190	480	1000	520	420	630	510	990	300	230	160	290	820	920	350	940	610	600	410	550	580	900	860	600	290	120	280	730	200	850	130	800	160	810	730	540	680	490	190	780	110	190	190	880	230	430	910	600	560	910	950	800	320	310	
1
