885
60
3
50
0	192	0	0	0	192	0	0	0	0	0	0	192	0	0	0	0	0	0	0	0	0	0	0	0	0	0	0	0	0	0	0	0	0	0	0	0	0	0	0	0	192	0	0	0	0	0	0	0	0	0	0	0	0	0	0	0	0	0	0	
192	0	0	0	0	0	0	0	0	0	0	0	0	0	0	0	0	0	192	0	0	0	0	0	0	0	0	0	0	0	0	0	0	0	0	0	0	0	0	0	0	0	0	0	0	0	192	0	0	0	0	0	0	0	0	0	0	0	0	0	
0	0	0	192	0	0	0	0	0	0	0	0	0	0	0	0	0	0	0	0	0	0	192	0	0	0	0	0	0	0	0	0	0	0	0	0	0	0	0	0	0	0	0	0	0	0	0	0	0	0	0	192	0	0	0	0	0	0	0	0	
0	0	192	0	0	0	0	0	0	0	0	0	0	0	0	0	192	0	0	0	0	0	192	0	0	0	0	0	0	0	0	0	0	0	0	0	0	0	0	0	0	0	0	0	0	0	0	0	0	0	0	0	0	0	0	0	0	0	0	0	
0	0	0	0	0	0	0	0	0	0	0	0	0	0	0	0	192	0	0	0	192	0	0	0	0	0	0	0	0	192	0	0	0	0	0	0	0	0	0	0	0	0	0	0	0	0	0	0	0	0	0	0	0	0	0	0	0	0	0	0	
192	0	0	0	0	0	0	0	192	0	0	192	0	0	0	0	0	0	0	0	0	0	0	0	0	0	0	0	0	0	0	0	0	0	0	0	0	0	0	0	0	0	0	0	0	0	0	0	0	192	0	0	0	0	0	0	0	0	0	0	
0	0	0	0	0	0	0	0	0	0	0	0	0	0	0	0	0	0	0	0	0	0	0	0	0	0	0	192	0	0	0	0	0	0	0	0	0	192	0	0	0	0	0	0	0	0	0	0	0	0	192	0	0	0	0	0	0	0	0	0	
0	0	0	0	0	0	0	0	0	0	0	0	0	0	0	0	192	0	0	0	0	0	0	0	0	0	0	0	0	0	0	192	0	0	0	0	0	0	0	0	0	0	0	0	0	0	0	192	0	0	0	0	0	0	0	0	0	0	0	0	
0	0	0	0	0	192	0	0	0	0	0	192	0	0	0	0	0	0	0	0	0	0	0	0	0	0	0	0	0	0	0	0	0	0	0	0	0	0	0	0	0	0	0	0	0	0	0	0	0	192	0	0	0	0	0	0	0	0	0	0	
0	0	0	0	0	0	0	0	0	0	0	0	0	192	0	0	0	0	0	0	0	0	0	0	0	0	0	0	0	0	0	0	0	192	0	0	0	0	0	0	0	0	0	0	0	0	0	0	0	0	0	0	0	0	0	0	0	192	0	0	
0	0	0	0	0	0	0	0	0	0	0	0	0	0	0	0	0	0	0	0	0	0	0	0	0	0	0	0	0	192	0	0	0	192	0	0	0	0	0	0	0	0	0	0	0	0	0	0	0	0	0	0	0	0	0	192	0	0	0	0	
0	0	0	0	0	192	0	0	192	0	0	0	0	0	0	0	0	0	0	0	0	0	0	0	0	0	0	0	0	0	0	0	0	0	0	0	0	0	0	0	0	0	0	0	0	0	0	0	0	192	0	0	0	0	0	0	0	0	0	0	
192	0	0	0	0	0	0	0	0	0	0	0	0	0	0	0	0	0	0	0	0	0	0	192	0	0	0	0	0	0	0	0	0	0	0	0	0	0	0	0	0	192	0	0	0	0	0	0	0	0	0	0	0	0	0	0	0	0	0	0	
0	0	0	0	0	0	0	0	0	192	0	0	0	0	0	0	0	0	192	0	0	0	0	0	0	0	0	0	0	0	0	0	0	0	0	0	0	0	0	0	0	0	0	0	0	0	192	0	0	0	0	0	0	0	0	0	0	0	0	0	
0	0	0	0	0	0	0	0	0	0	0	0	0	0	0	192	0	0	0	0	0	0	0	0	0	0	0	0	0	0	0	0	0	0	0	0	0	0	0	0	0	0	0	192	0	0	0	0	0	0	0	0	0	0	192	0	0	0	0	0	
0	0	0	0	0	0	0	0	0	0	0	0	0	0	192	0	0	0	0	0	0	0	0	0	0	192	0	0	0	0	0	0	0	0	0	0	0	0	0	0	0	0	0	0	0	0	0	0	0	0	0	0	0	0	0	0	0	0	192	0	
0	0	0	192	192	0	0	192	0	0	0	0	0	0	0	0	0	0	0	0	0	0	0	0	0	0	0	0	0	0	0	0	0	0	0	0	0	0	0	0	0	0	0	0	0	0	0	0	0	0	0	0	0	0	0	0	0	0	0	0	
0	0	0	0	0	0	0	0	0	0	0	0	0	0	0	0	0	0	0	0	0	0	0	0	0	192	0	0	0	0	0	0	0	0	0	0	0	0	0	0	0	0	0	0	0	0	0	0	0	0	0	0	0	192	192	0	0	0	0	0	
0	192	0	0	0	0	0	0	0	0	0	0	0	192	0	0	0	0	0	0	0	0	0	0	0	0	0	0	0	0	0	0	0	0	0	0	0	0	0	0	0	0	0	0	0	0	192	0	0	0	0	0	0	0	0	0	0	0	0	0	
0	0	0	0	0	0	0	0	0	0	0	0	0	0	0	0	0	0	0	0	0	0	192	0	0	0	0	0	192	0	0	0	0	0	0	0	0	0	0	0	0	0	0	0	0	0	0	0	0	0	0	192	0	0	0	0	0	0	0	0	
0	0	0	0	192	0	0	0	0	0	0	0	0	0	0	0	0	0	0	0	0	0	0	0	0	0	0	0	0	0	0	192	0	0	0	0	0	0	0	0	0	0	0	0	0	0	0	192	0	0	0	0	0	0	0	0	0	0	0	0	
0	0	0	0	0	0	0	0	0	0	0	0	0	0	0	0	0	0	0	0	0	0	0	0	0	0	0	0	0	0	0	0	0	0	192	0	0	0	0	0	0	0	0	0	192	0	0	0	192	0	0	0	0	0	0	0	0	0	0	0	
0	0	192	192	0	0	0	0	0	0	0	0	0	0	0	0	0	0	0	192	0	0	0	0	0	0	0	0	0	0	0	0	0	0	0	0	0	0	0	0	0	0	0	0	0	0	0	0	0	0	0	0	0	0	0	0	0	0	0	0	
0	0	0	0	0	0	0	0	0	0	0	0	192	0	0	0	0	0	0	0	0	0	0	0	0	0	0	0	0	0	0	0	0	0	0	0	0	0	0	0	0	192	0	0	0	0	0	0	0	0	0	0	0	0	0	0	0	0	0	192	
0	0	0	0	0	0	0	0	0	0	0	0	0	0	0	0	0	0	0	0	0	0	0	0	0	0	0	0	0	0	0	0	0	192	0	0	0	0	0	192	0	0	0	0	0	0	0	0	0	0	0	0	0	0	0	0	0	192	0	0	
0	0	0	0	0	0	0	0	0	0	0	0	0	0	0	192	0	192	0	0	0	0	0	0	0	0	0	0	0	0	0	0	0	0	0	0	0	0	0	0	0	0	0	0	0	0	0	0	0	0	0	0	0	192	0	0	0	0	0	0	
0	0	0	0	0	0	0	0	0	0	0	0	0	0	0	0	0	0	0	0	0	0	0	0	0	0	0	0	0	0	0	0	0	0	192	0	0	0	0	0	0	0	0	0	192	0	0	0	192	0	0	0	0	0	0	0	0	0	0	0	
0	0	0	0	0	0	192	0	0	0	0	0	0	0	0	0	0	0	0	0	0	0	0	0	0	0	0	0	0	0	0	0	0	0	0	0	0	192	0	0	0	0	0	0	0	0	0	0	0	0	0	0	0	0	0	0	192	0	0	0	
0	0	0	0	0	0	0	0	0	0	0	0	0	0	0	0	0	0	0	192	0	0	0	0	0	0	0	0	0	0	0	0	0	0	0	0	0	0	0	0	0	0	0	0	0	0	0	0	0	0	0	192	0	0	0	0	192	0	0	0	
0	0	0	0	192	0	0	0	0	0	192	0	0	0	0	0	0	0	0	0	0	0	0	0	0	0	0	0	0	0	0	0	0	0	0	0	0	0	0	0	0	0	0	0	0	0	0	0	0	0	0	0	0	0	0	192	0	0	0	0	
0	0	0	0	0	0	0	0	0	0	0	0	0	0	0	0	0	0	0	0	0	0	0	0	0	0	0	0	0	0	0	0	192	0	0	0	0	0	192	0	0	0	0	0	0	0	0	0	0	0	0	0	0	0	0	0	0	0	0	192	
0	0	0	0	0	0	0	192	0	0	0	0	0	0	0	0	0	0	0	0	192	0	0	0	0	0	0	0	0	0	0	0	0	0	0	0	0	0	0	0	0	0	0	0	0	0	0	192	0	0	0	0	0	0	0	0	0	0	0	0	
0	0	0	0	0	0	0	0	0	0	0	0	0	0	0	0	0	0	0	0	0	0	0	0	0	0	0	0	0	0	192	0	0	0	0	0	0	0	192	0	0	0	0	0	0	0	0	0	0	0	0	0	192	0	0	0	0	0	0	0	
0	0	0	0	0	0	0	0	0	192	192	0	0	0	0	0	0	0	0	0	0	0	0	0	192	0	0	0	0	0	0	0	0	0	0	0	0	0	0	0	0	0	0	0	0	0	0	0	0	0	0	0	0	0	0	0	0	0	0	0	
0	0	0	0	0	0	0	0	0	0	0	0	0	0	0	0	0	0	0	0	0	192	0	0	0	0	192	0	0	0	0	0	0	0	0	0	0	0	0	0	0	0	0	0	192	0	0	0	0	0	0	0	0	0	0	0	0	0	0	0	
0	0	0	0	0	0	0	0	0	0	0	0	0	0	0	0	0	0	0	0	0	0	0	0	0	0	0	0	0	0	0	0	0	0	0	0	0	0	0	0	192	0	0	0	0	0	0	0	192	0	0	0	0	0	0	0	192	0	0	0	
0	0	0	0	0	0	0	0	0	0	0	0	0	0	0	0	0	0	0	0	0	0	0	0	0	0	0	0	0	0	0	0	0	0	0	0	0	0	0	0	0	0	192	0	0	192	0	0	0	0	0	0	0	0	192	0	0	0	0	0	
0	0	0	0	0	0	192	0	0	0	0	0	0	0	0	0	0	0	0	0	0	0	0	0	0	0	0	192	0	0	0	0	0	0	0	0	0	0	0	0	0	0	0	0	0	0	0	0	0	0	192	0	0	0	0	0	0	0	0	0	
0	0	0	0	0	0	0	0	0	0	0	0	0	0	0	0	0	0	0	0	0	0	0	0	0	0	0	0	0	0	192	0	192	0	0	0	0	0	0	0	0	0	0	0	0	0	0	0	0	0	0	0	192	0	0	0	0	0	0	0	
0	0	0	0	0	0	0	0	0	0	0	0	0	0	0	0	0	0	0	0	0	0	0	0	192	0	0	0	0	0	0	0	0	0	0	0	0	0	0	0	0	0	0	0	0	0	0	0	0	0	0	0	192	0	0	0	0	192	0	0	
0	0	0	0	0	0	0	0	0	0	0	0	0	0	0	0	0	0	0	0	0	0	0	0	0	0	0	0	0	0	0	0	0	0	0	192	0	0	0	0	0	0	192	0	0	192	0	0	0	0	0	0	0	0	0	0	0	0	0	0	
192	0	0	0	0	0	0	0	0	0	0	0	192	0	0	0	0	0	0	0	0	0	0	192	0	0	0	0	0	0	0	0	0	0	0	0	0	0	0	0	0	0	0	0	0	0	0	0	0	0	0	0	0	0	0	0	0	0	0	0	
0	0	0	0	0	0	0	0	0	0	0	0	0	0	0	0	0	0	0	0	0	0	0	0	0	0	0	0	0	0	0	0	0	0	0	0	192	0	0	0	192	0	0	0	0	192	0	0	0	0	0	0	0	0	0	0	0	0	0	0	
0	0	0	0	0	0	0	0	0	0	0	0	0	0	192	0	0	0	0	0	0	0	0	0	0	0	0	0	0	0	0	0	0	0	0	0	0	0	0	0	0	0	0	0	0	0	0	0	0	0	0	0	0	192	0	0	0	0	192	0	
0	0	0	0	0	0	0	0	0	0	0	0	0	0	0	0	0	0	0	0	0	192	0	0	0	0	192	0	0	0	0	0	0	0	192	0	0	0	0	0	0	0	0	0	0	0	0	0	0	0	0	0	0	0	0	0	0	0	0	0	
0	0	0	0	0	0	0	0	0	0	0	0	0	0	0	0	0	0	0	0	0	0	0	0	0	0	0	0	0	0	0	0	0	0	0	0	192	0	0	0	192	0	192	0	0	0	0	0	0	0	0	0	0	0	0	0	0	0	0	0	
0	192	0	0	0	0	0	0	0	0	0	0	0	192	0	0	0	0	192	0	0	0	0	0	0	0	0	0	0	0	0	0	0	0	0	0	0	0	0	0	0	0	0	0	0	0	0	0	0	0	0	0	0	0	0	0	0	0	0	0	
0	0	0	0	0	0	0	192	0	0	0	0	0	0	0	0	0	0	0	0	192	0	0	0	0	0	0	0	0	0	0	192	0	0	0	0	0	0	0	0	0	0	0	0	0	0	0	0	0	0	0	0	0	0	0	0	0	0	0	0	
0	0	0	0	0	0	0	0	0	0	0	0	0	0	0	0	0	0	0	0	0	192	0	0	0	0	192	0	0	0	0	0	0	0	0	192	0	0	0	0	0	0	0	0	0	0	0	0	0	0	0	0	0	0	0	0	0	0	0	0	
0	0	0	0	0	192	0	0	192	0	0	192	0	0	0	0	0	0	0	0	0	0	0	0	0	0	0	0	0	0	0	0	0	0	0	0	0	0	0	0	0	0	0	0	0	0	0	0	0	0	0	0	0	0	0	0	0	0	0	0	
0	0	0	0	0	0	192	0	0	0	0	0	0	0	0	0	0	0	0	0	0	0	0	0	0	0	0	0	0	0	0	0	0	0	0	0	0	192	0	0	0	0	0	0	0	0	0	0	0	0	0	0	0	0	0	192	0	0	0	0	
0	0	192	0	0	0	0	0	0	0	0	0	0	0	0	0	0	0	0	192	0	0	0	0	0	0	0	0	192	0	0	0	0	0	0	0	0	0	0	0	0	0	0	0	0	0	0	0	0	0	0	0	0	0	0	0	0	0	0	0	
0	0	0	0	0	0	0	0	0	0	0	0	0	0	0	0	0	0	0	0	0	0	0	0	0	0	0	0	0	0	0	0	192	0	0	0	0	0	192	192	0	0	0	0	0	0	0	0	0	0	0	0	0	0	0	0	0	0	0	0	
0	0	0	0	0	0	0	0	0	0	0	0	0	0	0	0	0	192	0	0	0	0	0	0	0	192	0	0	0	0	0	0	0	0	0	0	0	0	0	0	0	0	0	192	0	0	0	0	0	0	0	0	0	0	0	0	0	0	0	0	
0	0	0	0	0	0	0	0	0	0	0	0	0	0	192	0	0	192	0	0	0	0	0	0	0	0	0	0	0	0	0	0	0	0	0	0	192	0	0	0	0	0	0	0	0	0	0	0	0	0	0	0	0	0	0	0	0	0	0	0	
0	0	0	0	0	0	0	0	0	0	192	0	0	0	0	0	0	0	0	0	0	0	0	0	0	0	0	0	0	192	0	0	0	0	0	0	0	0	0	0	0	0	0	0	0	0	0	0	0	0	192	0	0	0	0	0	0	0	0	0	
0	0	0	0	0	0	0	0	0	0	0	0	0	0	0	0	0	0	0	0	0	0	0	0	0	0	0	192	192	0	0	0	0	0	0	192	0	0	0	0	0	0	0	0	0	0	0	0	0	0	0	0	0	0	0	0	0	0	0	0	
0	0	0	0	0	0	0	0	0	192	0	0	0	0	0	0	0	0	0	0	0	0	0	0	192	0	0	0	0	0	0	0	0	0	0	0	0	0	0	192	0	0	0	0	0	0	0	0	0	0	0	0	0	0	0	0	0	0	0	0	
0	0	0	0	0	0	0	0	0	0	0	0	0	0	0	192	0	0	0	0	0	0	0	0	0	0	0	0	0	0	0	0	0	0	0	0	0	0	0	0	0	0	0	192	0	0	0	0	0	0	0	0	0	0	0	0	0	0	0	192	
0	0	0	0	0	0	0	0	0	0	0	0	0	0	0	0	0	0	0	0	0	0	0	192	0	0	0	0	0	0	192	0	0	0	0	0	0	0	0	0	0	0	0	0	0	0	0	0	0	0	0	0	0	0	0	0	0	0	192	0	
1	14	15	36	2	55	5	5	53	38	0	54	6	24	50	37	6	35	47	46	6	19	9	8	3	29	16	6	30	3	15	42	56	36	35	17	2	15	2	19	57	9	28	31	14	25	19	52	46	50	15	7	38	32	50	31	39	48	53	23	22	0	28	21	28	52	44	58	46	1	23	39	17	28	49	56	10	3	16	47	18	30	37	25	14	22	40	59	47	11	49	5	19	48	9	29	1	39	36	2	8	10	36	11	32	39	30	17	53	2	12	6	27	59	26	7	30	13	43	54	54	34	11	7	4	37	52	1	38	31	51	27	27	27	20	31	58	40	53	55	14	59	15	58	54	44	46	6	2	32	16	32	3	41	58	56	51	31	56	37	17	27	32	15	41	47	8	52	33	33	0	36	47	20	55	1	47	39	29	51	19	48	43	3	3	51	3	3	23	13	36	34	27	46	2	48	21	46	47	52	24	41	3	21	20	17	4	7	28	42	15	33	54	46	7	57	1	42	10	26	57	43	1	47	44	41	29	16	46	10	54	1	9	54	31	34	9	35	35	21	51	38	49	44	13	3	12	1	23	0	58	27	2	54	4	49	28	33	47	23	45	27	12	18	39	32	0	55	50	18	55	8	55	22	16	8	32	49	38	14	5	51	27	42	4	41	32	16	1	30	38	24	57	33	18	20	38	51	41	18	40	59	16	12	5	44	40	21	53	51	13	56	25	54	49	37	11	54	38	45	39	12	7	9	14	8	10	42	14	40	48	10	48	24	50	8	19	6	21	59	38	43	17	7	22	43	1	49	47	12	24	6	38	35	16	8	52	0	15	26	35	37	32	15	20	14	41	34	59	21	29	58	3	26	21	38	47	41	28	28	10	46	40	20	10	23	54	22	14	45	39	23	2	4	1	51	46	28	3	35	41	0	2	54	24	1	36	32	17	55	17	49	20	34	15	2	43	18	12	5	30	33	34	56	22	51	43	51	3	9	27	5	15	51	54	54	43	34	35	44	20	26	17	3	49	34	30	18	54	47	53	10	29	35	47	23	15	9	47	2	51	23	28	33	59	28	0	8	12	53	26	51	15	47	46	43	18	55	57	32	26	4	43	31	12	41	53	14	24	19	37	3	41	22	13	34	20	51	49	40	18	19	12	11	51	18	3	13	43	28	58	24	56	57	13	49	47	13	11	46	22	51	53	37	47	45	6	6	43	46	59	18	9	18	28	29	56	26	43	48	24	24	59	34	58	53	30	2	28	10	54	59	7	1	38	5	32	31	15	37	4	25	26	40	36	15	27	0	47	29	48	18	58	56	43	42	13	20	23	32	17	4	54	56	0	25	41	45	34	25	45	44	35	25	47	19	59	50	33	5	14	17	27	2	44	37	16	33	42	33	18	53	22	35	38	15	36	2	29	6	24	41	24	45	24	52	49	9	35	41	37	9	40	6	10	23	45	45	38	41	36	58	22	51	43	28	4	20	0	41	16	52	22	32	20	9	3	50	25	42	20	24	9	46	37	2	7	3	15	51	42	45	3	42	20	44	10	54	25	29	19	20	4	48	19	44	34	51	41	58	46	39	24	8	16	43	50	41	53	58	29	3	3	44	42	20	59	14	56	14	45	59	44	20	31	51	28	59	18	49	2	34	38	35	19	23	29	9	40	40	56	4	33	7	19	39	3	41	37	1	30	46	29	58	36	28	32	13	36	53	14	12	30	37	34	47	54	46	22	19	16	12	39	13	47	8	58	38	34	27	1	48	22	58	46	29	6	49	29	32	25	17	38	17	22	15	48	39	50	4	29	45	5	19	52	1	11	14	3	58	23	4	35	12	32	41	46	43	22	43	1	8	34	13	40	7	22	39	11	1	21	39	9	40	50	32	53	58	16	30	44	24	24	58	48	43	12	15	14	37	27	52	52	38	48	21	39	10	0	40	22	24	44	45	47	56	45	22	59	32	50	54	49	12	50	26	34	38	30	55	37	41	49	30	49	26	2	50	12	54	14	0	42	43	45	
28	39	20	32	8	41	17	44	8	33	4	6	19	23	53	47	41	49	25	3	34	42	14	20	21	57	21	26	13	14	2	44	25	54	42	29	48	6	35	3	48	44	41	30	3	35	5	8	12	54	58	30	17	21	26	53	19	18	24	21	56	20	37	32	23	2	13	51	50	52	9	46	38	39	55	31	4	32	19	31	12	33	23	27	53	5	43	40	14	9	18	27	51	8	1	9	35	51	11	21	52	4	3	30	33	22	15	42	32	54	42	35	47	28	35	36	22	8	36	23	5	18	18	41	54	33	10	52	21	52	21	40	8	5	36	58	12	37	52	56	17	36	6	2	57	49	8	33	48	23	45	58	48	8	44	23	37	9	12	53	49	33	52	32	39	9	23	16	1	55	27	13	46	23	1	22	19	40	1	42	26	51	37	32	18	22	38	23	8	43	55	36	36	33	52	22	20	32	18	40	6	6	30	57	48	1	57	22	26	56	2	43	41	39	9	40	56	23	19	47	26	32	10	12	1	49	41	21	58	46	48	10	37	8	9	53	29	33	15	47	45	20	30	12	40	15	56	58	57	43	36	13	17	42	46	23	55	55	36	36	31	1	45	34	57	16	5	38	59	21	33	56	6	40	3	42	11	56	39	44	31	5	19	56	38	17	35	43	42	11	52	13	33	5	7	59	26	28	50	8	38	42	25	54	4	6	57	25	59	27	16	4	50	28	14	8	4	16	9	32	51	27	44	30	23	6	26	30	39	38	4	34	10	28	21	46	15	45	0	9	25	54	54	1	46	0	47	38	2	41	0	45	48	44	54	25	47	4	7	9	14	52	3	54	4	39	47	21	24	35	17	8	16	0	48	50	28	34	12	51	48	9	55	36	18	24	8	51	39	44	36	35	57	53	18	56	10	17	59	33	57	26	32	49	0	16	31	10	51	20	51	58	54	14	41	56	20	55	40	21	46	14	51	3	34	1	49	40	11	4	23	15	30	25	56	56	22	43	4	41	10	31	56	35	51	41	45	11	21	24	43	46	1	28	53	38	58	7	42	23	43	11	20	46	10	30	54	53	23	57	51	18	13	3	59	32	6	14	50	0	36	15	6	9	24	26	49	4	28	9	15	1	22	0	17	32	13	40	4	7	12	59	5	13	44	2	44	15	39	29	11	37	39	26	25	55	8	4	28	18	25	8	52	42	25	20	20	42	38	39	35	36	5	22	35	30	49	39	1	39	33	11	28	56	40	30	39	33	34	28	51	52	17	34	51	19	48	51	6	56	5	42	8	15	2	34	42	59	3	6	28	56	32	25	21	13	43	17	57	56	35	28	57	4	22	15	26	2	45	32	59	31	23	26	45	10	38	48	57	59	5	37	21	3	17	18	41	38	58	5	8	15	28	41	49	47	2	20	23	7	27	17	30	24	42	50	8	33	37	5	2	32	28	30	55	18	57	43	0	16	55	21	45	49	7	53	56	55	41	30	3	30	31	46	47	28	27	23	57	6	48	50	51	38	1	32	48	19	57	47	55	25	28	20	15	23	43	14	52	58	10	1	32	46	54	39	9	26	10	47	24	15	21	21	26	18	25	6	49	44	27	48	16	29	34	52	29	10	38	13	38	18	1	39	21	56	16	6	55	10	49	10	53	40	21	47	22	31	8	45	0	29	15	37	13	36	30	38	30	57	28	20	31	53	15	56	30	8	29	50	51	37	14	14	41	7	24	1	57	55	0	24	26	59	5	21	26	46	17	23	26	31	46	38	26	18	4	54	41	27	5	10	54	46	53	17	46	16	34	28	44	56	20	46	37	40	51	33	7	34	12	5	6	56	54	23	4	51	12	41	2	54	26	9	21	15	42	10	51	11	33	13	58	31	23	24	41	12	15	41	21	22	59	38	55	24	46	52	23	6	22	57	26	1	40	56	49	48	49	22	28	53	8	15	51	11	2	42	21	7	36	12	47	6	47	24	37	16	5	14	32	21	35	52	45	57	36	23	34	19	4	4	2	26	48	
6	19	14	6	8	20	18	15	16	18	15	4	15	6	17	13	17	14	5	12	1	17	1	17	2	6	9	18	11	1	7	4	11	11	19	19	20	5	2	1	15	4	2	7	9	13	3	1	14	2	7	9	1	14	10	8	17	20	17	6	17	20	10	5	12	11	9	13	16	14	19	4	6	18	6	19	7	17	6	14	12	2	13	16	10	4	15	7	13	12	18	6	5	9	6	17	13	11	15	3	18	18	5	6	14	13	18	2	5	18	8	5	9	11	17	5	9	14	4	13	2	2	10	2	2	2	13	16	8	18	14	1	18	4	13	10	13	3	20	7	7	14	3	15	19	9	8	17	8	2	3	11	1	20	2	6	12	10	5	14	11	5	20	7	1	20	11	16	16	8	20	2	17	10	15	18	13	3	9	3	4	17	8	8	17	12	5	14	7	11	18	19	6	10	11	4	14	17	11	7	3	13	2	7	17	5	13	7	20	6	12	20	1	6	14	6	20	1	1	1	2	20	10	16	12	9	5	7	20	17	20	14	10	4	20	4	15	8	14	13	17	13	7	10	4	9	11	11	13	8	16	15	17	11	19	14	18	13	16	1	15	16	6	9	16	16	8	11	3	19	12	15	15	17	19	20	11	12	9	6	19	12	12	2	9	7	17	17	8	5	13	16	4	5	4	4	14	20	13	2	4	20	3	7	13	1	11	12	8	13	20	10	2	20	5	14	2	16	8	17	19	14	2	16	9	2	16	20	14	1	18	2	13	9	14	3	17	11	13	1	2	15	8	19	2	2	11	7	5	6	1	18	12	20	9	5	20	16	12	18	2	16	5	4	20	16	19	17	18	3	20	15	1	4	2	6	5	3	11	18	12	11	2	13	2	15	8	12	8	2	1	12	19	12	17	17	18	3	1	2	10	3	5	12	11	15	3	4	8	10	13	13	2	5	8	15	9	7	11	3	11	1	4	2	14	1	6	7	2	5	5	10	14	2	7	16	6	7	2	8	8	10	9	14	14	10	3	9	12	11	6	1	7	10	6	1	14	6	9	3	12	15	10	16	6	4	14	5	15	12	3	11	2	16	11	9	12	7	16	16	2	5	8	10	11	3	9	6	16	1	16	15	15	4	2	4	12	8	12	16	10	3	5	12	10	15	10	2	11	12	6	1	12	7	7	15	4	14	10	7	2	12	4	4	2	13	9	6	9	1	11	7	10	1	10	6	13	13	14	10	7	5	2	13	4	9	15	12	2	5	6	13	3	10	7	13	8	8	6	14	9	1	3	12	10	16	5	5	10	6	16	7	1	8	12	8	12	8	2	13	1	7	2	16	9	15	16	10	3	12	2	10	3	9	2	9	8	4	14	11	10	2	2	8	4	6	2	7	6	11	8	6	7	16	8	12	4	9	9	16	12	3	5	16	1	13	14	14	9	4	5	15	3	12	13	12	5	15	10	10	11	2	10	11	11	10	16	10	4	14	13	8	1	12	10	6	15	10	13	3	14	6	5	12	16	13	6	1	6	10	11	13	3	15	16	5	15	15	11	7	13	16	9	2	7	14	10	3	8	9	11	5	12	3	8	12	6	2	3	14	11	4	13	10	14	13	11	14	8	14	9	5	3	7	5	7	6	7	16	16	2	7	10	5	3	8	6	11	1	9	8	5	2	8	6	12	14	11	2	4	5	7	6	10	2	13	6	8	16	8	3	11	14	11	16	13	6	11	7	3	8	4	8	10	10	4	7	9	6	5	14	14	2	4	13	7	6	13	7	15	7	6	8	15	16	2	10	13	11	7	10	11	9	4	12	4	16	10	4	7	2	12	16	1	15	14	15	7	10	12	15	16	12	6	14	16	15	3	13	3	13	14	4	14	2	5	14	12	9	10	11	5	2	11	9	15	7	15	3	16	6	11	3	3	3	9	13	16	11	9	12	3	1	6	9	10	5	2	2	2	7	10	12	1	9	1	7	7	13	16	13	3	6	8	12	9	15	8	10	3	9	2	3	5	8	
910	550	200	630	930	610	420	310	620	880	180	160	550	930	990	390	730	170	320	980	460	190	270	690	740	770	780	630	580	840	270	710	660	600	130	320	710	220	410	720	420	860	700	780	210	300	740	830	460	830	670	920	400	590	200	830	340	270	150	910	100	940	930	270	770	840	420	350	230	320	590	470	990	780	230	610	880	910	920	420	430	550	350	890	760	380	920	960	420	910	640	870	840	470	290	660	410	330	640	910	470	310	210	740	650	860	320	150	990	790	940	230	280	940	470	110	700	630	180	540	260	790	800	650	1000	660	450	220	410	780	630	650	510	820	490	270	550	890	680	950	880	410	340	700	780	740	990	180	540	750	150	420	400	620	200	650	720	620	430	830	840	380	590	830	730	970	680	320	480	400	710	900	710	960	150	340	530	210	680	470	820	220	830	330	710	660	420	410	510	510	830	150	710	300	190	820	410	910	730	460	640	510	180	140	810	620	380	300	690	130	520	110	700	750	1000	220	160	590	340	970	670	140	600	290	170	310	590	470	640	570	990	310	630	890	360	430	810	1000	700	470	220	730	990	1000	740	650	1000	960	150	920	330	750	970	120	890	310	410	250	940	310	620	920	180	410	120	460	230	380	700	320	230	130	490	590	350	340	740	250	500	840	140	200	160	550	500	350	690	220	850	700	410	620	730	290	880	800	800	170	190	640	840	130	460	830	260	410	960	530	320	920	730	580	720	970	490	880	540	380	620	520	110	480	460	340	760	130	940	410	470	640	130	720	160	130	200	350	150	650	660	330	890	540	660	620	590	940	950	400	950	910	260	790	690	950	840	780	310	990	900	630	640	670	370	360	860	850	920	190	460	500	440	980	270	220	430	230	670	440	780	780	310	190	450	410	850	830	270	150	1000	670	850	540	780	790	260	560	160	140	980	210	600	650	290	360	680	540	600	690	590	530	920	310	590	830	790	940	140	690	420	970	920	960	750	480	440	310	110	580	840	900	970	200	490	970	320	700	100	600	350	430	840	640	210	730	400	250	510	180	240	640	740	790	350	550	450	310	540	760	310	750	110	780	300	850	640	820	110	990	420	550	240	740	300	120	870	880	530	700	560	620	840	690	310	330	590	960	110	400	610	380	500	980	270	640	240	810	750	640	170	130	470	760	780	350	990	630	940	620	820	680	700	970	310	760	240	260	980	860	530	130	370	420	640	310	570	620	890	440	350	330	670	140	940	690	930	720	180	330	280	490	1000	450	350	140	250	690	210	120	640	1000	680	330	910	860	710	870	730	360	980	510	830	760	300	850	770	820	240	540	820	950	490	760	420	690	780	670	270	770	770	790	180	480	680	740	590	760	700	370	660	940	110	230	610	740	810	810	670	980	950	500	800	930	430	470	500	660	780	720	260	910	970	780	980	710	870	480	390	280	240	900	970	110	240	440	730	620	930	330	670	960	890	190	570	970	420	220	110	410	930	120	250	910	660	690	120	710	440	310	660	140	220	150	240	650	100	570	580	550	850	210	460	540	300	450	480	610	810	110	880	130	650	240	950	490	770	600	410	880	810	650	920	670	430	280	530	840	420	950	340	530	680	430	400	130	500	900	810	670	740	730	160	930	870	570	850	560	720	810	490	250	280	300	630	980	190	430	330	590	810	620	760	380	670	940	680	100	680	900	240	140	220	660	330	780	980	710	290	190	900	270	180	370	890	430	200	880	200	970	260	170	860	300	600	520	940	430	120	290	430	180	590	840	840	960	570	230	300	680	180	590	370	590	930	610	720	860	750	460	430	280	560	180	880	520	180	920	430	310	410	670	680	730	620	890	420	980	790	210	450	210	480	800	790	300	860	980	530	580	450	280	550	610	890	640	800	150	210	470	480	500	140	850	520	360	170	700	150	180	430	440	580	910	440	330	530	490	390	700	310	410	530	980	510	630	750	170	600	530	590	360	850	280	160	190	170	890	790	200	990	360	620	520	890	450	290	110	650	760	350	710	490	950	230	260	730	860	210	830	550	320	440	950	290	470	780	
10
