1239
60
4
70
0	48	0	0	0	0	0	0	0	0	0	0	48	0	0	0	0	0	0	0	0	0	0	0	0	0	0	0	0	0	0	0	0	0	0	0	0	0	0	0	0	48	0	0	0	0	48	0	0	0	0	0	0	0	0	0	0	0	0	0	
48	0	0	0	0	0	0	0	0	0	0	0	0	0	0	0	0	0	48	0	0	0	0	0	0	0	0	0	0	0	0	0	0	0	0	0	0	0	0	0	0	48	0	0	0	0	48	0	0	0	0	0	0	0	0	0	0	0	0	0	
0	0	0	48	0	0	0	48	0	0	0	0	0	0	0	0	0	0	0	0	0	0	48	0	0	0	0	0	0	0	0	0	0	0	0	0	0	0	0	0	0	0	0	0	0	0	0	0	0	0	0	48	0	0	0	0	0	0	0	0	
0	0	48	0	0	0	0	48	0	0	0	0	0	0	0	0	48	0	0	0	0	0	48	0	0	0	0	0	0	0	0	0	0	0	0	0	0	0	0	0	0	0	0	0	0	0	0	0	0	0	0	0	0	0	0	0	0	0	0	0	
0	0	0	0	0	0	0	0	0	0	0	0	0	0	0	0	48	0	0	0	48	0	0	0	0	0	0	0	0	48	0	0	0	0	0	0	0	0	0	0	0	0	0	0	0	0	0	48	0	0	0	0	0	0	0	0	0	0	0	0	
0	0	0	0	0	0	0	0	48	0	0	48	0	48	0	0	0	0	0	0	0	0	0	0	0	0	0	0	0	0	0	0	0	0	0	0	0	0	0	0	0	0	0	0	0	0	0	0	0	48	0	0	0	0	0	0	0	0	0	0	
0	0	0	0	0	0	0	0	0	0	0	0	0	0	0	0	0	0	0	0	0	0	0	0	0	0	0	48	0	0	0	0	0	0	0	0	0	48	0	0	0	0	0	0	0	0	0	0	0	0	48	0	0	0	0	0	48	0	0	0	
0	0	48	48	0	0	0	0	0	0	0	0	0	0	0	0	48	0	0	0	0	0	0	0	0	0	0	0	0	0	0	0	0	0	0	0	0	0	0	0	0	0	0	0	0	0	0	48	0	0	0	0	0	0	0	0	0	0	0	0	
0	0	0	0	0	48	0	0	0	0	0	48	0	0	0	0	0	0	0	0	0	0	0	0	0	0	0	0	0	0	0	0	0	0	0	0	0	0	0	0	0	0	0	0	0	0	0	0	0	48	0	0	48	0	0	0	0	0	0	0	
0	0	0	0	0	0	0	0	0	0	0	0	0	48	0	0	0	0	48	0	0	0	0	0	0	0	0	0	0	0	0	0	0	48	0	0	0	0	0	0	0	0	0	0	0	0	0	0	0	0	0	0	0	0	0	0	0	48	0	0	
0	0	0	0	0	0	0	0	0	0	0	0	48	0	0	0	0	0	0	0	0	0	0	0	0	0	0	0	0	48	0	0	0	48	0	0	0	0	0	0	0	0	0	0	0	0	0	0	0	0	0	0	0	0	0	48	0	0	0	0	
0	0	0	0	0	48	0	0	48	0	0	0	0	48	0	0	0	0	0	0	0	0	0	0	0	0	0	0	0	0	0	0	0	0	0	0	0	0	0	0	0	0	0	0	0	0	0	0	0	48	0	0	0	0	0	0	0	0	0	0	
48	0	0	0	0	0	0	0	0	0	48	0	0	0	0	0	0	0	0	0	0	0	0	48	0	0	0	0	0	0	0	0	0	0	0	0	0	0	0	0	0	48	0	0	0	0	0	0	0	0	0	0	0	0	0	0	0	0	0	0	
0	0	0	0	0	48	0	0	0	48	0	48	0	0	0	0	0	0	48	0	0	0	0	0	0	0	0	0	0	0	0	0	0	0	0	0	0	0	0	0	0	0	0	0	0	0	0	0	0	0	0	0	0	0	0	0	0	0	0	0	
0	0	0	0	0	0	0	0	0	0	0	0	0	0	0	48	0	48	0	0	0	0	0	0	0	0	0	0	0	0	0	0	0	0	0	0	0	0	0	0	0	0	0	48	0	0	0	0	0	0	0	0	0	0	48	0	0	0	0	0	
0	0	0	0	0	0	0	0	0	0	0	0	0	0	48	0	0	0	0	0	0	0	0	0	0	48	0	0	0	0	0	0	0	0	0	0	0	0	0	0	0	0	0	48	0	0	0	0	0	0	0	0	0	0	0	0	0	0	48	0	
0	0	0	48	48	0	0	48	0	0	0	0	0	0	0	0	0	0	0	0	0	0	0	0	0	0	0	0	0	0	0	0	0	0	0	0	0	0	0	0	0	0	0	0	0	0	0	48	0	0	0	0	0	0	0	0	0	0	0	0	
0	0	0	0	0	0	0	0	0	0	0	0	0	0	48	0	0	0	0	0	0	0	0	0	0	48	0	0	0	0	0	0	0	0	0	0	0	0	0	0	0	0	0	0	0	0	0	0	0	0	0	0	0	48	48	0	0	0	0	0	
0	48	0	0	0	0	0	0	0	48	0	0	0	48	0	0	0	0	0	0	0	0	0	0	0	0	0	0	0	0	0	0	0	0	0	0	0	0	0	0	0	0	0	0	0	0	48	0	0	0	0	0	0	0	0	0	0	0	0	0	
0	0	0	0	0	0	0	0	0	0	0	0	0	0	0	0	0	0	0	0	0	0	48	0	0	0	0	0	48	0	0	0	0	0	0	0	0	0	0	0	48	0	0	0	0	0	0	0	0	0	0	48	0	0	0	0	0	0	0	0	
0	0	0	0	48	0	0	0	0	0	0	0	0	0	0	0	0	0	0	0	0	0	0	0	0	0	0	0	0	0	0	48	0	0	0	0	0	0	0	0	0	0	0	0	0	0	0	48	0	0	48	0	0	0	0	0	0	0	0	0	
0	0	0	0	0	0	0	0	0	0	0	0	0	0	0	0	0	0	0	0	0	0	0	0	0	0	48	0	0	0	0	0	0	0	48	0	0	0	0	0	0	0	0	0	48	0	0	0	48	0	0	0	0	0	0	0	0	0	0	0	
0	0	48	48	0	0	0	0	0	0	0	0	0	0	0	0	0	0	0	48	0	0	0	0	0	0	0	0	0	0	48	0	0	0	0	0	0	0	0	0	0	0	0	0	0	0	0	0	0	0	0	0	0	0	0	0	0	0	0	0	
0	0	0	0	0	0	0	0	0	0	0	0	48	0	0	0	0	0	0	0	0	0	0	0	0	0	0	0	0	0	0	0	0	0	0	0	0	0	0	0	0	48	0	0	0	0	0	0	0	0	0	0	0	0	0	48	0	0	0	48	
0	0	0	0	0	0	0	0	0	0	0	0	0	0	0	0	0	0	0	0	0	0	0	0	0	0	0	0	0	0	0	0	0	0	0	0	0	0	0	48	0	0	0	0	0	0	48	0	0	48	0	0	0	0	0	0	0	48	0	0	
0	0	0	0	0	0	0	0	0	0	0	0	0	0	0	48	0	48	0	0	0	0	0	0	0	0	0	0	0	0	0	0	0	0	0	0	0	0	0	0	0	0	0	0	0	0	0	0	0	0	0	0	0	48	0	0	0	0	48	0	
0	0	0	0	0	0	0	0	0	0	0	0	0	0	0	0	0	0	0	0	0	48	0	0	0	0	0	0	0	0	0	0	0	0	48	0	0	0	0	0	0	0	0	0	48	0	0	0	48	0	0	0	0	0	0	0	0	0	0	0	
0	0	0	0	0	0	48	0	0	0	0	0	0	0	0	0	0	0	0	0	0	0	0	0	0	0	0	0	48	0	0	0	0	0	0	0	0	48	0	0	0	0	0	0	0	0	0	0	0	0	0	0	0	0	0	0	48	0	0	0	
0	0	0	0	0	0	0	0	0	0	0	0	0	0	0	0	0	0	0	48	0	0	0	0	0	0	0	48	0	0	0	0	0	0	0	0	0	0	0	0	0	0	0	0	0	0	0	0	0	0	0	48	0	0	0	0	48	0	0	0	
0	0	0	0	48	0	0	0	0	0	48	0	0	0	0	0	0	0	0	0	0	0	0	0	0	0	0	0	0	0	0	48	0	0	0	0	0	0	0	0	0	0	0	0	0	0	0	0	0	0	0	0	0	0	0	48	0	0	0	0	
0	0	0	0	0	0	0	0	0	0	0	0	0	0	0	0	0	0	0	0	0	0	48	0	0	0	0	0	0	0	0	0	0	0	0	0	0	0	48	0	0	0	0	0	0	0	0	0	0	0	0	48	0	0	0	0	0	0	0	48	
0	0	0	0	0	0	0	0	0	0	0	0	0	0	0	0	0	0	0	0	48	0	0	0	0	0	0	0	0	48	0	0	0	0	0	0	0	48	0	0	0	0	0	0	0	0	0	0	0	0	48	0	0	0	0	0	0	0	0	0	
0	0	0	0	0	0	0	0	0	0	0	0	0	0	0	0	0	0	0	0	0	0	0	0	0	0	0	0	0	0	0	0	0	0	0	0	0	0	48	0	0	0	48	0	0	0	0	0	0	0	0	0	48	0	0	0	0	0	0	48	
0	0	0	0	0	0	0	0	0	48	48	0	0	0	0	0	0	0	0	0	0	0	0	0	0	0	0	0	0	0	0	0	0	0	0	0	0	0	0	0	0	0	0	0	0	0	0	0	0	0	0	0	0	0	0	48	0	48	0	0	
0	0	0	0	0	0	0	0	0	0	0	0	0	0	0	0	0	0	0	0	0	48	0	0	0	0	48	0	0	0	0	0	0	0	0	0	0	0	0	0	0	0	0	0	48	0	0	0	48	0	0	0	0	0	0	0	0	0	0	0	
0	0	0	0	0	0	0	0	0	0	0	0	0	0	0	0	0	0	0	0	0	0	0	0	0	0	0	0	0	0	0	0	0	0	0	0	0	0	0	0	48	0	0	0	48	0	0	0	48	0	0	0	0	0	0	0	48	0	0	0	
0	0	0	0	0	0	0	0	0	0	0	0	0	0	0	0	0	0	0	0	0	0	0	0	0	0	0	0	0	0	0	0	0	0	0	0	0	0	0	0	0	0	48	0	0	48	0	0	0	0	0	0	0	48	48	0	0	0	0	0	
0	0	0	0	0	0	48	0	0	0	0	0	0	0	0	0	0	0	0	0	0	0	0	0	0	0	0	48	0	0	0	48	0	0	0	0	0	0	0	0	0	0	0	0	0	0	0	0	0	0	48	0	0	0	0	0	0	0	0	0	
0	0	0	0	0	0	0	0	0	0	0	0	0	0	0	0	0	0	0	0	0	0	0	0	0	0	0	0	0	0	48	0	48	0	0	0	0	0	0	0	0	0	0	0	0	0	0	0	0	0	0	0	48	0	0	0	0	0	0	48	
0	0	0	0	0	0	0	0	0	0	0	0	0	0	0	0	0	0	0	0	0	0	0	0	48	0	0	0	0	0	0	0	0	0	0	0	0	0	0	0	0	0	0	0	0	0	0	0	0	0	0	0	48	48	0	0	0	48	0	0	
0	0	0	0	0	0	0	0	0	0	0	0	0	0	0	0	0	0	0	48	0	0	0	0	0	0	0	0	0	0	0	0	0	0	0	48	0	0	0	0	0	0	48	0	0	48	0	0	0	0	0	0	0	0	0	0	0	0	0	0	
48	48	0	0	0	0	0	0	0	0	0	0	48	0	0	0	0	0	0	0	0	0	0	48	0	0	0	0	0	0	0	0	0	0	0	0	0	0	0	0	0	0	0	0	0	0	0	0	0	0	0	0	0	0	0	0	0	0	0	0	
0	0	0	0	0	0	0	0	0	0	0	0	0	0	0	0	0	0	0	0	0	0	0	0	0	0	0	0	0	0	0	0	48	0	0	0	48	0	0	0	48	0	0	0	0	48	0	0	0	0	0	0	0	0	0	0	0	0	0	0	
0	0	0	0	0	0	0	0	0	0	0	0	0	0	48	48	0	0	0	0	0	0	0	0	0	0	0	0	0	0	0	0	0	0	0	0	0	0	0	0	0	0	0	0	0	0	0	0	0	0	0	0	0	0	48	0	0	0	48	0	
0	0	0	0	0	0	0	0	0	0	0	0	0	0	0	0	0	0	0	0	0	48	0	0	0	0	48	0	0	0	0	0	0	0	48	48	0	0	0	0	0	0	0	0	0	0	0	0	0	0	0	0	0	0	0	0	0	0	0	0	
0	0	0	0	0	0	0	0	0	0	0	0	0	0	0	0	0	0	0	0	0	0	0	0	0	0	0	0	0	0	0	0	0	0	0	0	48	0	0	0	48	0	48	0	0	0	0	0	0	0	0	0	0	0	0	0	0	0	48	0	
48	48	0	0	0	0	0	0	0	0	0	0	0	0	0	0	0	0	48	0	0	0	0	0	48	0	0	0	0	0	0	0	0	0	0	0	0	0	0	0	0	0	0	0	0	0	0	0	0	0	0	0	0	0	0	0	0	0	0	0	
0	0	0	0	48	0	0	48	0	0	0	0	0	0	0	0	48	0	0	0	48	0	0	0	0	0	0	0	0	0	0	0	0	0	0	0	0	0	0	0	0	0	0	0	0	0	0	0	0	0	0	0	0	0	0	0	0	0	0	0	
0	0	0	0	0	0	0	0	0	0	0	0	0	0	0	0	0	0	0	0	0	48	0	0	0	0	48	0	0	0	0	0	0	0	48	48	0	0	0	0	0	0	0	0	0	0	0	0	0	0	0	0	0	0	0	0	0	0	0	0	
0	0	0	0	0	48	0	0	48	0	0	48	0	0	0	0	0	0	0	0	0	0	0	0	48	0	0	0	0	0	0	0	0	0	0	0	0	0	0	0	0	0	0	0	0	0	0	0	0	0	0	0	0	0	0	0	0	0	0	0	
0	0	0	0	0	0	48	0	0	0	0	0	0	0	0	0	0	0	0	0	48	0	0	0	0	0	0	0	0	0	0	48	0	0	0	0	0	48	0	0	0	0	0	0	0	0	0	0	0	0	0	0	0	0	0	0	0	0	0	0	
0	0	48	0	0	0	0	0	0	0	0	0	0	0	0	0	0	0	0	48	0	0	0	0	0	0	0	0	48	0	48	0	0	0	0	0	0	0	0	0	0	0	0	0	0	0	0	0	0	0	0	0	0	0	0	0	0	0	0	0	
0	0	0	0	0	0	0	0	48	0	0	0	0	0	0	0	0	0	0	0	0	0	0	0	0	0	0	0	0	0	0	0	48	0	0	0	0	0	48	48	0	0	0	0	0	0	0	0	0	0	0	0	0	0	0	0	0	0	0	0	
0	0	0	0	0	0	0	0	0	0	0	0	0	0	0	0	0	48	0	0	0	0	0	0	0	48	0	0	0	0	0	0	0	0	0	0	48	0	0	48	0	0	0	0	0	0	0	0	0	0	0	0	0	0	0	0	0	0	0	0	
0	0	0	0	0	0	0	0	0	0	0	0	0	0	48	0	0	48	0	0	0	0	0	0	0	0	0	0	0	0	0	0	0	0	0	0	48	0	0	0	0	0	0	48	0	0	0	0	0	0	0	0	0	0	0	0	0	0	0	0	
0	0	0	0	0	0	0	0	0	0	48	0	0	0	0	0	0	0	0	0	0	0	0	48	0	0	0	0	0	48	0	0	0	48	0	0	0	0	0	0	0	0	0	0	0	0	0	0	0	0	0	0	0	0	0	0	0	0	0	0	
0	0	0	0	0	0	48	0	0	0	0	0	0	0	0	0	0	0	0	0	0	0	0	0	0	0	0	48	48	0	0	0	0	0	0	48	0	0	0	0	0	0	0	0	0	0	0	0	0	0	0	0	0	0	0	0	0	0	0	0	
0	0	0	0	0	0	0	0	0	48	0	0	0	0	0	0	0	0	0	0	0	0	0	0	48	0	0	0	0	0	0	0	0	48	0	0	0	0	0	48	0	0	0	0	0	0	0	0	0	0	0	0	0	0	0	0	0	0	0	0	
0	0	0	0	0	0	0	0	0	0	0	0	0	0	0	48	0	0	0	0	0	0	0	0	0	48	0	0	0	0	0	0	0	0	0	0	0	0	0	0	0	0	0	48	0	48	0	0	0	0	0	0	0	0	0	0	0	0	0	0	
0	0	0	0	0	0	0	0	0	0	0	0	0	0	0	0	0	0	0	0	0	0	0	48	0	0	0	0	0	0	48	0	48	0	0	0	0	0	48	0	0	0	0	0	0	0	0	0	0	0	0	0	0	0	0	0	0	0	0	0	
41	24	16	7	57	43	3	58	50	34	8	26	47	0	41	5	27	1	38	55	33	15	21	27	16	57	23	52	0	2	4	25	29	58	2	39	2	23	41	57	55	37	14	54	21	57	23	28	56	40	53	56	55	47	52	10	26	36	42	25	38	39	31	32	7	26	37	1	48	56	28	48	49	48	33	28	20	53	3	45	14	34	7	0	6	6	42	8	27	22	6	16	56	44	4	49	24	3	33	52	57	22	55	36	30	12	24	42	0	59	25	59	56	18	47	53	33	1	2	0	14	23	45	4	3	3	20	40	41	11	18	21	34	20	39	31	15	23	16	7	56	32	58	19	50	46	24	38	16	58	17	37	23	56	26	53	0	21	35	7	49	55	14	48	30	7	56	17	7	16	18	15	14	21	0	24	12	40	53	27	58	50	29	39	27	33	5	55	1	1	4	6	18	54	35	13	47	12	13	5	50	20	40	15	39	48	2	43	40	45	52	46	12	35	51	25	23	48	24	29	27	17	36	55	54	3	29	11	11	9	34	24	9	46	53	25	26	19	54	54	9	25	49	41	41	55	18	56	47	45	11	41	44	4	38	39	17	50	33	35	45	51	8	13	30	51	5	13	55	16	50	37	30	18	23	7	28	48	32	36	14	55	38	52	46	46	27	34	5	21	28	41	39	30	33	4	13	13	10	51	38	5	1	2	10	27	20	3	25	24	45	58	42	36	0	44	18	41	13	16	42	41	43	58	46	0	29	35	58	25	8	11	37	11	29	23	45	50	53	24	43	31	27	27	53	29	16	49	52	45	46	49	13	46	37	58	11	52	13	12	9	37	17	32	24	4	43	41	29	13	52	20	57	5	54	4	7	35	14	54	21	53	18	16	41	23	18	30	52	7	12	6	59	26	46	4	3	12	50	57	47	53	22	34	23	6	58	16	28	35	43	54	44	23	33	44	49	7	59	5	39	11	52	15	17	18	59	51	32	58	46	26	15	38	11	15	45	23	19	29	1	31	23	8	10	43	41	34	22	19	55	37	33	9	4	16	28	27	59	7	38	54	58	27	14	5	10	25	12	52	38	27	53	58	31	17	0	36	12	33	24	18	30	29	32	56	27	40	41	43	33	1	42	49	25	11	7	40	12	0	17	43	40	14	44	30	31	48	18	56	1	12	22	55	24	44	14	31	37	8	41	7	46	5	40	53	54	34	34	4	7	45	6	55	51	53	19	0	39	43	42	5	2	30	2	0	5	10	6	57	4	13	5	29	36	18	44	57	59	41	3	39	43	21	59	20	14	26	42	1	45	34	13	47	17	0	45	33	48	41	16	24	14	3	20	40	50	26	7	52	43	16	28	51	49	50	58	21	11	4	50	49	49	51	55	55	58	34	3	43	17	54	51	5	27	53	1	54	52	17	16	21	15	10	33	56	15	59	10	4	46	25	45	31	6	47	10	40	40	35	49	30	12	12	19	22	44	3	35	52	13	25	57	46	13	50	39	9	36	25	39	33	22	45	48	25	44	37	7	32	37	3	45	33	43	14	24	21	56	47	28	5	9	56	1	38	41	58	49	31	30	15	28	6	34	24	0	58	0	33	22	3	4	43	24	8	4	30	14	46	16	56	0	51	16	30	10	47	18	6	18	27	0	22	27	44	13	21	27	7	10	2	14	47	42	47	47	22	25	0	30	13	39	4	8	52	55	52	6	17	20	0	10	57	3	11	49	30	18	18	18	46	42	16	15	38	41	0	54	48	39	47	58	5	24	5	5	43	50	9	16	9	30	30	19	52	28	25	57	55	56	26	36	27	51	29	27	29	3	53	6	6	53	46	36	3	2	56	2	54	49	27	50	4	21	53	50	38	11	45	38	20	52	28	19	25	51	47	0	51	11	26	1	54	36	46	12	46	22	57	15	56	17	4	19	0	0	53	5	29	28	49	48	48	58	1	43	50	34	34	22	26	57	22	12	16	3	4	27	53	9	46	8	20	46	42	46	9	59	23	34	51	7	19	30	22	38	53	22	28	30	47	1	19	11	56	45	26	28	48	14	35	57	50	47	9	23	49	20	14	0	7	41	43	33	7	25	3	16	48	30	44	26	43	21	8	9	28	23	5	1	33	57	8	16	26	58	41	26	4	0	56	48	28	23	14	46	44	4	58	11	20	49	32	25	36	48	48	21	3	2	43	50	58	59	46	51	13	58	21	52	37	7	33	40	56	51	0	38	19	3	17	57	43	15	34	4	26	21	47	45	23	48	41	28	41	21	24	40	5	3	19	42	19	9	9	56	48	44	14	5	33	45	41	17	25	49	35	42	18	48	25	52	16	49	57	1	39	52	11	3	15	28	2	16	48	15	54	3	16	7	31	43	24	10	13	32	22	24	0	48	52	35	57	13	53	15	53	38	36	8	7	42	56	52	24	23	4	11	51	0	47	48	56	8	0	11	23	8	42	53	36	41	4	0	19	34	18	53	50	45	2	28	6	16	55	28	39	18	6	6	18	6	46	8	29	15	4	56	35	39	14	8	34	48	19	20	10	47	4	27	39	8	21	38	0	47	11	20	12	55	44	28	28	23	22	51	38	12	0	54	1	49	16	7	31	15	42	5	30	33	39	39	13	3	14	0	42	0	30	9	55	46	26	45	59	21	36	36	48	44	52	30	47	52	41	52	2	49	27	18	4	5	34	33	2	56	40	22	41	8	43	57	55	21	33	17	58	39	59	6	8	0	41	1	19	15	37	46	17	34	10	29	45	35	56	37	32	1	22	47	16	55	37	56	10	20	29	21	24	53	44	9	42	26	37	59	12	43	
55	51	52	31	43	53	25	10	58	59	6	2	51	47	36	52	41	53	41	48	2	14	41	20	40	19	10	13	26	22	56	35	42	30	24	32	14	34	49	41	33	10	29	59	29	23	59	26	47	47	47	20	48	45	35	17	5	44	4	20	47	16	13	44	19	27	22	42	57	16	17	53	48	42	13	36	3	52	30	57	30	33	30	19	20	16	8	30	43	3	44	38	2	6	20	17	1	49	34	19	5	16	50	2	22	20	31	11	38	7	52	32	12	37	44	37	56	16	39	12	57	30	46	44	12	20	37	54	59	14	30	43	42	9	22	32	22	43	50	2	20	52	50	14	27	45	1	42	26	32	23	30	58	7	23	47	55	44	39	49	58	35	51	3	36	25	14	2	19	51	58	26	40	58	50	1	47	38	25	55	0	11	56	25	4	11	6	4	48	34	47	57	45	28	24	3	16	18	11	41	40	12	16	32	14	43	41	48	29	33	38	54	9	13	52	13	22	34	53	32	18	55	37	8	10	50	5	2	58	24	27	31	26	34	7	22	39	32	29	16	18	5	57	34	39	22	0	54	36	53	50	43	4	9	50	33	25	25	37	42	15	50	30	22	38	13	4	34	54	47	13	14	1	20	59	20	48	57	38	7	52	29	50	49	16	49	45	41	34	10	14	42	5	11	26	37	18	36	57	19	22	29	31	36	19	5	54	1	3	2	48	59	19	55	33	47	49	51	9	57	4	21	59	27	59	28	23	48	26	55	30	10	34	43	12	51	19	12	13	54	7	56	29	36	3	8	0	37	40	49	39	53	56	32	3	31	41	46	9	51	36	50	43	57	46	5	35	52	39	15	20	43	56	56	50	49	2	58	37	2	17	29	21	53	8	42	34	2	42	13	14	42	51	27	40	9	56	16	19	48	6	47	14	36	34	37	54	2	4	57	1	31	56	24	38	45	7	22	58	32	24	25	55	25	8	28	33	1	24	34	40	7	14	30	59	37	28	52	21	14	59	57	49	38	34	24	1	58	29	33	43	6	10	8	57	30	36	35	34	41	7	10	22	15	47	20	32	18	23	27	6	35	44	36	20	54	54	25	16	58	9	4	38	22	54	48	12	14	20	56	49	41	36	36	58	1	27	56	42	53	16	15	37	33	11	29	26	41	11	51	20	23	50	39	16	31	0	27	31	32	52	55	14	17	35	20	10	32	6	5	50	42	47	59	29	8	44	53	6	48	12	59	41	5	13	9	8	37	55	5	51	18	55	47	45	20	29	5	48	47	43	8	54	53	12	40	32	24	35	30	15	43	5	39	2	50	24	35	25	26	55	40	38	41	17	37	0	58	41	7	2	1	32	9	25	4	50	33	10	20	6	45	40	7	10	41	2	15	21	1	15	20	26	27	30	43	31	49	33	52	19	6	24	30	19	47	5	58	4	0	58	42	56	27	59	35	49	54	53	21	8	40	33	29	14	59	32	50	8	35	53	28	37	58	2	52	12	12	29	27	37	44	52	48	54	20	27	32	41	57	5	10	26	24	27	44	30	42	59	50	14	7	4	28	21	15	46	23	11	23	20	19	49	46	46	21	40	50	56	46	26	14	21	57	54	34	37	15	51	24	40	55	29	28	4	1	1	33	43	26	29	3	47	47	2	29	4	18	13	9	17	18	2	27	34	49	42	31	32	15	34	25	12	12	33	28	57	44	12	41	22	39	21	21	20	23	10	22	46	43	8	12	22	50	44	53	21	25	17	37	6	44	14	6	45	21	26	19	10	7	46	24	55	21	0	42	1	41	47	5	43	3	23	13	11	8	44	12	1	24	11	13	48	3	4	14	8	26	58	18	40	48	51	15	7	44	27	7	10	53	50	40	27	19	6	9	16	5	35	31	53	31	12	52	3	39	30	48	52	16	21	0	20	42	15	55	30	44	9	8	38	7	17	47	46	54	15	25	54	11	38	41	26	30	18	4	6	26	58	49	10	19	29	33	5	54	55	45	19	0	2	54	53	26	3	35	37	49	57	48	1	17	28	48	12	48	12	14	56	6	28	43	38	6	24	3	21	7	32	11	34	54	26	46	58	17	42	5	19	21	0	15	41	9	5	19	42	32	59	46	37	54	12	18	46	49	57	11	43	6	10	8	27	43	28	0	41	5	29	26	42	6	13	34	17	22	43	49	46	15	47	56	18	1	42	19	37	32	11	12	59	8	58	14	12	0	23	45	30	41	50	12	54	16	4	10	43	13	23	26	53	17	40	39	53	19	47	7	17	54	30	3	29	24	53	56	38	22	17	43	46	44	46	28	55	50	27	51	37	55	23	39	8	0	51	49	58	16	6	5	44	55	34	33	44	38	58	7	46	31	57	8	54	56	5	11	28	30	8	16	49	54	9	2	47	21	3	5	50	28	36	35	0	57	55	46	29	22	51	17	55	14	0	19	36	51	25	33	59	25	9	26	52	12	32	52	51	12	26	12	7	16	2	40	56	2	52	10	39	26	29	3	10	42	55	34	31	1	31	41	38	15	33	5	19	16	30	33	6	45	16	8	17	56	55	15	43	32	41	3	20	39	3	39	39	38	11	54	28	59	19	0	0	21	3	54	31	55	35	10	52	52	35	27	49	39	44	21	10	10	5	53	6	7	39	3	5	57	31	0	46	28	48	48	4	34	5	21	58	37	27	1	9	0	57	42	29	2	4	31	53	56	36	45	20	39	49	3	54	4	40	10	38	18	45	59	14	28	27	9	2	17	39	7	22	23	3	7	0	36	3	21	30	26	30	30	33	38	8	23	12	19	21	56	11	2	39	57	46	
14	5	14	17	7	7	7	16	10	4	16	14	7	11	6	3	18	20	4	13	5	12	10	13	14	1	6	7	12	18	3	5	17	9	13	7	14	8	14	7	19	3	18	2	11	3	7	16	2	1	17	7	12	10	9	20	4	20	9	19	1	2	9	14	13	19	14	6	5	15	14	3	6	18	1	7	6	18	19	13	16	20	11	7	3	12	16	13	7	12	7	19	9	12	9	6	3	11	18	4	12	8	9	18	17	6	15	7	19	2	16	13	11	19	13	15	15	17	8	8	15	19	11	10	4	14	20	1	15	11	4	3	9	16	3	5	7	5	10	19	14	7	7	11	1	11	12	19	18	1	8	19	3	10	15	14	12	16	1	12	8	18	12	1	8	4	1	3	7	16	10	16	16	4	13	18	4	12	2	16	2	1	13	12	12	20	9	6	10	1	6	19	2	11	5	3	4	15	1	9	17	13	5	7	7	15	13	7	1	9	4	3	12	9	9	18	11	11	6	11	5	9	3	1	13	7	9	1	6	5	16	3	11	11	8	2	11	1	3	14	2	14	6	2	2	14	14	4	16	15	16	8	5	15	15	16	4	8	1	8	2	15	14	5	11	5	14	13	1	12	11	4	16	5	6	10	6	9	5	16	3	4	16	1	5	2	6	12	3	9	8	14	15	4	10	7	3	15	6	15	9	4	14	2	7	13	3	11	7	12	3	13	15	5	11	16	10	12	7	9	8	13	8	4	4	15	10	5	8	11	9	2	14	3	11	6	11	13	15	3	15	12	1	8	1	10	16	5	11	8	10	14	16	7	6	14	2	9	1	2	14	15	13	9	4	11	14	3	3	7	14	10	9	4	12	12	3	3	6	8	11	11	4	12	1	7	7	8	10	8	4	3	3	16	7	4	14	12	13	14	12	12	13	14	13	12	16	5	4	11	3	10	7	3	7	5	9	8	3	16	3	1	5	16	12	6	15	1	9	8	5	2	11	1	11	4	9	2	4	9	16	15	9	9	2	16	5	8	10	15	4	11	6	7	15	14	3	9	11	11	6	3	16	6	3	6	8	4	7	10	5	15	2	15	2	16	6	4	5	13	13	16	11	13	12	9	1	5	11	16	3	6	12	8	1	1	9	15	16	8	9	8	10	9	12	13	2	11	4	9	12	3	13	8	15	10	2	11	15	5	15	10	16	8	9	7	8	10	11	11	16	5	7	1	9	9	12	11	7	7	8	2	16	14	2	16	7	13	16	7	7	3	2	13	6	8	1	8	10	5	11	10	3	15	11	10	12	1	7	9	13	4	14	2	4	12	6	13	4	1	4	9	13	5	3	12	1	8	13	6	15	10	16	14	1	15	5	1	14	4	12	11	14	6	12	6	7	10	7	1	1	6	1	16	15	14	16	10	11	1	10	6	11	9	4	12	15	15	2	15	16	15	15	16	2	11	1	9	12	14	2	8	3	7	14	5	16	14	6	6	16	8	16	12	6	5	2	8	8	16	12	15	13	5	14	6	10	2	5	15	3	4	5	9	4	9	1	15	6	2	6	5	15	14	14	3	4	10	5	4	5	2	9	2	2	9	3	2	15	4	11	2	9	3	12	6	8	15	4	16	16	7	9	9	10	6	14	15	11	11	15	14	8	6	3	7	14	3	15	4	11	1	2	2	6	14	6	12	14	7	7	11	9	1	3	8	6	9	15	14	11	3	10	5	3	5	14	15	4	4	1	11	14	14	9	11	11	11	11	16	7	11	9	16	16	4	7	13	16	4	14	9	12	1	15	10	7	14	1	14	12	3	10	1	3	4	6	12	1	4	14	3	12	9	8	7	10	13	11	12	11	1	5	3	3	3	14	11	7	15	8	7	14	5	16	11	2	6	8	13	4	15	15	6	1	7	7	13	4	13	9	9	16	10	1	15	9	8	10	16	9	9	11	13	13	12	11	3	4	1	13	11	2	7	4	3	15	15	7	7	12	5	1	1	9	13	15	14	7	13	14	6	10	13	8	3	10	12	16	4	11	4	10	15	4	14	9	8	13	6	13	16	6	15	11	13	12	11	9	15	15	5	7	16	4	16	1	6	13	14	12	16	7	12	10	13	14	3	10	14	3	15	8	7	10	7	9	8	2	12	6	7	11	6	1	15	16	6	9	14	10	15	16	13	9	8	6	3	3	6	16	1	13	13	7	6	11	3	3	13	12	14	4	3	1	15	1	12	7	12	8	10	6	5	6	13	11	5	6	14	8	2	12	10	14	12	8	11	5	12	3	12	12	15	1	8	7	15	9	5	9	15	8	16	14	5	9	4	14	2	8	8	15	11	15	14	3	7	15	3	12	6	15	6	12	5	12	13	15	9	6	10	14	11	6	16	13	4	11	9	13	5	16	4	1	14	15	2	11	16	16	3	6	12	12	1	2	15	7	13	4	2	12	14	3	10	12	6	12	11	16	14	1	10	10	10	15	1	15	6	2	12	5	10	11	9	4	2	2	7	3	16	2	3	16	1	11	2	16	11	14	8	7	16	6	11	13	10	3	13	5	4	13	9	6	4	8	3	14	8	7	10	4	6	9	7	14	12	9	11	2	12	6	11	15	14	16	13	1	6	6	1	2	13	7	12	4	11	13	5	11	4	1	9	3	9	14	3	5	5	3	11	11	3	4	3	16	12	11	2	11	11	12	9	4	14	1	10	15	3	5	12	6	12	10	8	12	1	6	7	6	16	8	5	16	4	4	12	4	12	10	12	14	7	16	2	3	9	2	3	8	8	6	14	16	1	16	12	14	15	2	16	2	3	11	6	5	16	10	
640	470	510	950	790	480	120	110	560	410	460	840	930	320	550	780	180	250	940	850	220	430	520	940	810	270	320	280	140	350	910	690	460	390	600	170	500	100	500	560	820	520	420	120	640	640	550	250	220	850	550	120	720	540	270	490	140	140	1000	950	380	220	600	660	280	700	990	230	370	590	960	120	460	880	290	320	640	680	830	370	880	440	360	380	590	290	770	940	680	720	100	670	350	630	810	120	120	950	910	730	890	670	790	320	720	490	1000	370	390	180	710	730	790	640	670	620	260	370	790	620	790	640	250	270	950	550	350	600	170	360	850	390	510	520	990	100	380	840	440	840	210	220	240	740	940	320	130	820	580	780	450	610	890	730	350	150	840	170	200	650	680	520	990	350	780	820	790	930	470	270	320	910	220	670	380	290	460	430	700	350	830	270	520	740	590	850	160	770	500	930	160	520	770	420	900	520	630	980	480	640	830	330	880	270	340	850	320	580	360	840	440	980	530	900	820	690	610	360	890	930	690	690	730	310	970	570	860	700	1000	630	600	120	430	290	990	640	430	150	820	850	570	370	420	200	190	690	100	560	160	740	830	950	830	520	200	570	680	560	540	150	430	270	500	380	920	480	210	800	580	720	940	860	570	200	180	100	230	940	240	920	790	750	140	810	100	100	340	110	700	730	360	880	330	600	330	900	940	240	330	570	370	780	890	890	310	100	820	130	290	900	960	770	620	970	580	340	530	530	1000	150	130	490	1000	170	830	640	770	1000	860	340	260	410	720	120	630	200	620	980	620	940	130	720	590	890	570	220	330	840	330	770	740	410	1000	560	450	340	950	100	580	960	420	950	700	560	320	560	510	340	880	880	340	370	460	800	470	810	560	900	500	340	630	830	570	450	840	420	490	380	200	280	180	590	600	530	960	350	860	230	300	290	550	200	150	970	410	700	550	800	920	720	920	700	1000	940	180	290	750	910	580	890	570	470	180	960	900	500	950	730	530	830	170	140	530	860	430	910	950	340	170	510	710	700	590	350	230	590	100	540	200	690	860	460	910	870	850	220	970	270	680	960	750	390	340	220	1000	910	120	490	130	660	960	660	890	760	860	920	830	200	360	260	960	130	960	480	590	950	290	120	410	160	650	890	140	410	910	340	320	820	220	880	220	740	260	690	400	330	610	130	440	500	320	120	380	440	240	350	220	170	600	530	220	770	400	450	870	970	550	150	710	940	150	850	930	500	120	210	780	530	800	230	690	110	120	780	700	460	590	820	100	180	140	330	220	940	260	160	370	110	790	420	730	750	270	760	120	340	750	730	270	900	390	1000	740	840	770	410	180	600	910	960	780	550	900	430	360	190	170	250	720	880	650	690	570	420	550	850	430	560	520	770	610	970	650	650	150	480	980	750	130	190	860	550	910	820	810	630	850	530	230	830	790	790	830	860	100	840	310	420	410	700	970	560	220	360	950	950	160	400	250	470	900	340	700	530	460	140	150	440	790	680	580	900	970	600	280	330	880	780	220	890	990	840	670	420	860	450	130	800	460	990	520	840	670	690	300	240	890	930	760	460	270	120	800	610	570	890	140	130	450	100	730	310	810	620	260	270	310	580	850	250	700	380	170	470	660	450	920	450	120	130	120	270	970	890	340	990	820	780	450	840	130	450	280	740	880	840	450	880	860	790	600	470	610	700	590	830	100	830	910	350	550	790	110	480	240	710	110	630	900	930	530	160	210	630	720	590	940	990	610	350	520	550	650	400	250	760	210	390	380	700	950	650	510	730	820	330	530	950	290	600	160	690	830	650	250	760	670	280	590	910	490	750	500	110	540	220	370	980	320	690	820	940	650	880	240	570	930	470	710	270	620	800	510	750	630	490	500	360	970	370	610	1000	460	100	370	430	570	370	760	740	100	110	390	740	190	890	740	740	120	920	480	380	820	500	940	110	820	110	290	380	990	200	840	650	690	170	980	660	410	990	640	660	540	210	120	110	840	800	480	690	800	700	190	500	260	830	350	220	100	600	550	460	940	780	660	850	810	350	140	830	890	540	930	990	790	820	570	270	280	610	380	120	980	210	250	360	500	420	400	970	640	380	540	710	490	910	320	390	390	260	420	430	220	250	350	530	430	190	440	870	720	910	550	440	780	140	410	630	840	260	780	400	810	690	610	470	600	140	440	450	160	960	980	620	380	730	580	140	980	950	640	390	930	840	150	420	390	660	620	270	280	540	490	390	590	620	920	170	950	930	890	750	590	160	880	590	980	670	690	810	100	960	660	100	250	190	660	190	370	280	520	260	990	990	340	580	540	820	400	810	100	700	150	940	870	120	560	130	810	700	200	970	650	220	810	700	110	750	260	890	940	910	740	880	910	120	550	480	380	200	840	140	230	960	620	210	960	800	560	770	150	380	580	570	480	510	440	620	560	780	830	670	130	150	270	690	700	460	590	510	560	570	660	1000	550	560	190	510	710	810	640	190	570	920	160	440	410	110	720	350	890	920	170	940	550	330	230	690	490	470	730	110	860	500	510	690	950	630	720	520	170	580	460	160	600	560	560	780	200	590	140	320	250	550	700	200	500	250	140	950	810	1000	570	720	260	940	1000	740	820	340	300	580	250	520	320	770	180	760	440	450	970	290	150	430	260	560	530	400	970	470	540	500	230	350	810	650	480	740	810	550	920	360	850	240	590	570	530	990	620	920	380	430	750	390	690	200	240	340	970	400	340	670	740	700	430	610	230	440	580	230	360	1000	760	750	920	1000	560	210	260	940	460	420	210	840	450	160	480	190	170	660	530	410	560	420	620	120	280	140	540	390	550	960	330	160	610	210	670	130	670	
1
