1239
60
4
70
0	0	0	0	0	0	0	0	0	0	0	0	0	0	0	0	0	48	0	0	0	0	0	0	0	0	0	48	0	0	0	0	0	0	0	0	0	0	0	0	0	0	0	0	0	0	0	48	0	0	0	0	0	0	0	0	0	0	48	0	
0	0	0	0	0	0	0	0	0	0	0	0	0	0	0	0	0	0	0	0	48	0	0	0	0	0	0	0	48	0	0	0	0	48	0	0	0	0	0	0	0	0	0	0	0	0	0	0	0	0	0	0	0	48	0	0	0	0	0	0	
0	0	0	0	0	48	0	0	0	0	0	0	0	48	0	0	0	0	0	0	0	0	0	0	0	0	0	0	0	0	0	0	0	0	0	0	0	0	0	0	0	0	0	0	0	0	48	0	0	0	0	0	0	48	0	0	0	0	0	0	
0	0	0	0	0	0	48	0	0	0	0	0	0	0	0	0	0	0	0	0	0	0	0	0	0	48	0	0	0	48	0	0	0	0	0	0	0	0	0	0	0	0	0	0	0	0	0	0	0	0	0	0	0	0	0	48	0	0	0	0	
0	0	0	0	0	0	48	0	0	48	0	0	0	0	0	0	0	0	0	0	0	0	0	0	0	48	0	0	0	0	0	0	0	0	0	0	0	0	0	0	0	0	0	0	0	0	0	0	48	0	0	0	0	0	0	0	0	0	0	0	
0	0	48	0	0	0	0	0	0	0	0	0	0	0	0	0	0	0	0	0	0	0	0	0	0	0	0	0	48	0	0	0	0	0	0	0	0	0	0	0	0	0	0	0	0	0	48	0	0	0	0	0	48	0	0	0	0	0	0	0	
0	0	0	48	48	0	0	0	0	48	0	0	0	0	0	0	0	0	0	0	0	0	0	0	0	48	0	0	0	0	0	0	0	0	0	0	0	0	0	0	0	0	0	0	0	0	0	0	0	0	0	0	0	0	0	0	0	0	0	0	
0	0	0	0	0	0	0	0	0	0	0	0	0	0	0	0	0	0	0	0	0	0	0	0	0	0	48	0	0	0	0	0	0	0	0	0	0	0	0	0	0	0	0	0	48	0	0	0	0	48	0	0	0	0	0	0	48	0	0	0	
0	0	0	0	0	0	0	0	0	0	0	0	0	0	0	0	0	0	0	0	0	0	48	0	48	0	0	0	0	0	0	0	0	0	0	0	0	0	48	0	0	0	0	0	0	0	0	0	0	0	0	0	0	0	0	0	0	0	0	48	
0	0	0	0	48	0	48	0	0	0	0	0	0	0	0	0	0	0	0	0	0	0	0	0	0	48	0	0	0	0	0	0	0	0	0	0	0	0	0	0	0	0	0	0	0	0	0	0	48	0	0	0	0	0	0	0	0	0	0	0	
0	0	0	0	0	0	0	0	0	0	0	0	0	0	0	0	0	48	0	0	0	0	0	0	0	0	0	0	0	0	0	0	0	0	0	0	0	0	0	0	0	0	0	0	0	48	0	0	0	48	0	0	0	0	0	0	48	0	0	0	
0	0	0	0	0	0	0	0	0	0	0	0	0	0	0	0	0	48	48	0	0	0	0	0	0	0	0	0	0	0	0	0	0	0	0	48	0	0	0	0	0	0	0	0	0	0	0	0	0	0	0	0	0	0	48	0	0	0	0	0	
0	0	0	0	0	0	0	0	0	0	0	0	0	0	0	0	0	0	0	0	0	0	0	0	0	0	0	0	0	0	0	0	0	0	0	0	0	0	0	0	0	0	0	0	0	48	0	48	0	0	0	0	0	0	0	0	0	0	48	48	
0	0	48	0	0	0	0	0	0	0	0	0	0	0	0	0	0	0	0	0	0	0	0	0	0	0	0	0	48	0	0	0	0	0	0	0	0	0	0	0	0	0	0	0	0	0	48	0	0	0	0	0	0	48	0	0	0	0	0	0	
0	0	0	0	0	0	0	0	0	0	0	0	0	0	0	0	48	0	0	0	0	0	0	0	0	0	0	0	0	0	0	0	0	0	0	0	48	0	0	0	0	0	48	48	0	0	0	0	0	0	0	0	0	0	0	0	0	0	0	0	
0	0	0	0	0	0	0	0	0	0	0	0	0	0	0	0	0	0	0	48	0	0	0	0	0	0	0	0	0	0	0	0	0	48	0	0	0	48	0	0	0	0	0	0	0	0	0	0	0	0	48	0	0	0	0	0	0	0	0	0	
0	0	0	0	0	0	0	0	0	0	0	0	0	0	48	0	0	0	0	0	0	0	0	0	48	0	0	0	0	0	0	0	0	0	0	0	48	0	0	0	0	48	0	0	0	0	0	0	0	0	0	0	0	0	0	0	0	0	0	0	
48	0	0	0	0	0	0	0	0	0	48	48	0	0	0	0	0	0	0	0	0	0	0	0	0	0	0	0	0	0	0	0	0	0	0	0	0	0	0	0	0	0	0	0	0	0	0	48	0	0	0	0	0	0	0	0	0	0	0	0	
0	0	0	0	0	0	0	0	0	0	0	48	0	0	0	0	0	0	0	0	0	0	0	0	0	0	0	0	0	0	0	0	0	0	48	0	0	0	0	0	0	0	0	0	0	0	0	0	0	0	0	48	0	0	48	0	0	0	0	0	
0	0	0	0	0	0	0	0	0	0	0	0	0	0	0	48	0	0	0	0	0	0	0	0	0	0	0	0	0	0	0	0	0	48	0	0	0	48	0	0	0	0	0	0	0	0	0	0	0	0	48	0	0	0	0	0	0	0	0	0	
0	48	0	0	0	0	0	0	0	0	0	0	0	0	0	0	0	0	0	0	0	0	0	0	0	0	0	0	0	0	0	0	0	48	0	0	0	48	0	0	0	0	0	0	0	0	0	0	0	0	0	0	0	0	0	0	0	48	0	0	
0	0	0	0	0	0	0	0	0	0	0	0	0	0	0	0	0	0	0	0	0	0	0	48	0	0	0	0	0	0	48	0	48	0	0	0	0	0	0	0	0	0	48	0	0	0	0	0	0	0	0	0	0	0	0	0	0	0	0	0	
0	0	0	0	0	0	0	0	48	0	0	0	0	0	0	0	0	0	0	0	0	0	0	0	48	0	0	0	0	0	0	0	0	0	0	0	0	0	48	0	0	48	0	0	0	0	0	0	0	0	0	0	0	0	0	0	0	0	0	0	
0	0	0	0	0	0	0	0	0	0	0	0	0	0	0	0	0	0	0	0	0	48	0	0	0	0	0	0	0	0	48	0	48	0	0	0	0	0	0	0	48	0	0	0	0	0	0	0	0	0	0	0	0	0	0	0	0	0	0	0	
0	0	0	0	0	0	0	0	48	0	0	0	0	0	0	0	48	0	0	0	0	0	48	0	0	0	0	0	0	0	0	0	0	0	0	0	0	0	0	0	0	48	0	0	0	0	0	0	0	0	0	0	0	0	0	0	0	0	0	0	
0	0	0	48	48	0	48	0	0	48	0	0	0	0	0	0	0	0	0	0	0	0	0	0	0	0	0	0	0	0	0	0	0	0	0	0	0	0	0	0	0	0	0	0	0	0	0	0	0	0	0	0	0	0	0	0	0	0	0	0	
0	0	0	0	0	0	0	48	0	0	0	0	0	0	0	0	0	0	0	0	0	0	0	0	0	0	0	0	0	0	0	0	0	0	0	0	0	48	0	0	0	0	0	0	48	0	0	0	0	0	0	0	0	0	0	0	48	0	0	0	
48	0	0	0	0	0	0	0	0	0	0	0	0	0	0	0	0	0	0	0	0	0	0	0	0	0	0	0	0	0	0	0	0	0	0	48	0	0	0	0	0	0	0	0	0	0	0	48	0	0	0	0	0	0	48	0	0	0	0	0	
0	48	0	0	0	48	0	0	0	0	0	0	0	48	0	0	0	0	0	0	0	0	0	0	0	0	0	0	0	0	0	0	0	0	0	0	0	0	0	0	0	0	0	0	0	0	0	0	0	0	0	0	48	0	0	0	0	0	0	0	
0	0	0	48	0	0	0	0	0	0	0	0	0	0	0	0	0	0	0	0	0	0	0	0	0	0	0	0	0	0	0	0	0	0	0	0	0	0	0	0	0	0	0	0	0	0	0	0	48	0	0	0	0	0	0	48	48	0	0	0	
0	0	0	0	0	0	0	0	0	0	0	0	0	0	0	0	0	0	0	0	0	48	0	48	0	0	0	0	0	0	0	0	0	0	0	0	0	0	0	48	48	0	0	0	0	0	0	0	0	0	0	0	0	0	0	0	0	0	0	0	
0	0	0	0	0	0	0	0	0	0	0	0	0	0	0	0	0	0	0	0	0	0	0	0	0	0	0	0	0	0	0	0	0	0	0	0	0	0	0	0	0	0	0	0	48	0	0	0	0	0	48	0	0	48	0	0	0	48	0	0	
0	0	0	0	0	0	0	0	0	0	0	0	0	0	0	0	0	0	0	0	0	48	0	48	0	0	0	0	0	0	0	0	0	0	0	0	0	0	0	0	48	0	48	0	0	0	0	0	0	0	0	0	0	0	0	0	0	0	0	0	
0	48	0	0	0	0	0	0	0	0	0	0	0	0	0	48	0	0	0	48	48	0	0	0	0	0	0	0	0	0	0	0	0	0	0	0	0	0	0	0	0	0	0	0	0	0	0	0	0	0	0	0	0	0	0	0	0	0	0	0	
0	0	0	0	0	0	0	0	0	0	0	0	0	0	0	0	0	0	48	0	0	0	0	0	0	0	0	0	0	0	0	0	0	0	0	48	0	0	0	0	0	0	0	0	0	0	0	0	0	0	0	48	0	0	48	0	0	0	0	0	
0	0	0	0	0	0	0	0	0	0	0	48	0	0	0	0	0	0	0	0	0	0	0	0	0	0	0	48	0	0	0	0	0	0	48	0	0	0	0	0	0	0	0	0	0	0	0	0	0	0	0	48	0	0	0	0	0	0	0	0	
0	0	0	0	0	0	0	0	0	0	0	0	0	0	48	0	48	0	0	0	0	0	0	0	0	0	0	0	0	0	0	0	0	0	0	0	0	0	0	0	0	48	0	48	0	0	0	0	0	0	0	0	0	0	0	0	0	0	0	0	
0	0	0	0	0	0	0	0	0	0	0	0	0	0	0	48	0	0	0	48	48	0	0	0	0	0	48	0	0	0	0	0	0	0	0	0	0	0	0	0	0	0	0	0	0	0	0	0	0	0	0	0	0	0	0	0	0	0	0	0	
0	0	0	0	0	0	0	0	48	0	0	0	0	0	0	0	0	0	0	0	0	0	48	0	0	0	0	0	0	0	0	0	0	0	0	0	0	0	0	0	0	0	0	48	0	0	0	0	48	0	0	0	0	0	0	0	0	0	0	0	
0	0	0	0	0	0	0	0	0	0	0	0	0	0	0	0	0	0	0	0	0	0	0	0	0	0	0	0	0	0	48	0	0	0	0	0	0	0	0	0	48	0	0	48	0	0	0	0	0	0	0	0	0	0	0	48	0	0	0	0	
0	0	0	0	0	0	0	0	0	0	0	0	0	0	0	0	0	0	0	0	0	0	0	48	0	0	0	0	0	0	48	0	48	0	0	0	0	0	0	48	0	0	0	0	0	0	0	0	0	0	0	0	0	0	0	0	0	0	0	0	
0	0	0	0	0	0	0	0	0	0	0	0	0	0	0	0	48	0	0	0	0	0	48	0	48	0	0	0	0	0	0	0	0	0	0	0	48	0	0	0	0	0	0	0	0	0	0	0	0	0	0	0	0	0	0	0	0	0	0	0	
0	0	0	0	0	0	0	0	0	0	0	0	0	0	48	0	0	0	0	0	0	48	0	0	0	0	0	0	0	0	0	0	48	0	0	0	0	0	0	0	0	0	0	0	0	0	0	0	0	0	0	0	0	0	0	48	0	0	0	0	
0	0	0	0	0	0	0	0	0	0	0	0	0	0	48	0	0	0	0	0	0	0	0	0	0	0	0	0	0	0	0	0	0	0	0	0	48	0	48	48	0	0	0	0	0	0	0	0	0	0	0	0	0	0	0	0	0	0	0	0	
0	0	0	0	0	0	0	48	0	0	0	0	0	0	0	0	0	0	0	0	0	0	0	0	0	0	48	0	0	0	0	48	0	0	0	0	0	0	0	0	0	0	0	0	0	0	0	0	0	48	0	0	0	0	0	0	0	0	0	0	
0	0	0	0	0	0	0	0	0	0	48	0	48	0	0	0	0	0	0	0	0	0	0	0	0	0	0	0	0	0	0	0	0	0	0	0	0	0	0	0	0	0	0	0	0	0	0	0	0	48	0	0	0	0	0	0	0	0	48	0	
0	0	48	0	0	48	0	0	0	0	0	0	0	48	0	0	0	0	0	0	0	0	0	0	0	0	0	0	0	0	0	0	0	0	0	0	0	0	0	0	0	0	0	0	0	0	0	0	0	0	0	0	48	0	0	0	0	0	0	0	
48	0	0	0	0	0	0	0	0	0	0	0	48	0	0	0	0	48	0	0	0	0	0	0	0	0	0	48	0	0	0	0	0	0	0	0	0	0	0	0	0	0	0	0	0	0	0	0	0	0	0	0	0	0	0	0	0	0	0	0	
0	0	0	0	48	0	0	0	0	48	0	0	0	0	0	0	0	0	0	0	0	0	0	0	0	0	0	0	0	48	0	0	0	0	0	0	0	0	48	0	0	0	0	0	0	0	0	0	0	0	0	0	0	0	0	0	0	0	0	0	
0	0	0	0	0	0	0	48	0	0	48	0	0	0	0	0	0	0	0	0	0	0	0	0	0	0	0	0	0	0	0	0	0	0	0	0	0	0	0	0	0	0	0	0	48	48	0	0	0	0	0	0	0	0	0	0	0	0	0	0	
0	0	0	0	0	0	0	0	0	0	0	0	0	0	0	48	0	0	0	48	0	0	0	0	0	0	0	0	0	0	0	48	0	0	0	0	0	0	0	0	0	0	0	0	0	0	0	0	0	0	0	0	0	0	0	0	0	48	0	0	
0	0	0	0	0	0	0	0	0	0	0	0	0	0	0	0	0	0	48	0	0	0	0	0	0	0	0	0	0	0	0	0	0	0	48	48	0	0	0	0	0	0	0	0	0	0	0	0	0	0	0	0	0	0	0	0	0	48	0	0	
0	0	0	0	0	48	0	0	0	0	0	0	0	0	0	0	0	0	0	0	0	0	0	0	0	0	0	0	48	0	0	0	0	0	0	0	0	0	0	0	0	0	0	0	0	0	48	0	0	0	0	0	0	0	0	0	0	0	48	0	
0	48	48	0	0	0	0	0	0	0	0	0	0	48	0	0	0	0	0	0	0	0	0	0	0	0	0	0	0	0	0	48	0	0	0	0	0	0	0	0	0	0	0	0	0	0	0	0	0	0	0	0	0	0	0	0	0	0	0	0	
0	0	0	0	0	0	0	0	0	0	0	48	0	0	0	0	0	0	48	0	0	0	0	0	0	0	0	48	0	0	0	0	0	0	48	0	0	0	0	0	0	0	0	0	0	0	0	0	0	0	0	0	0	0	0	0	0	0	0	0	
0	0	0	48	0	0	0	0	0	0	0	0	0	0	0	0	0	0	0	0	0	0	0	0	0	0	0	0	0	48	0	0	0	0	0	0	0	0	0	48	0	0	48	0	0	0	0	0	0	0	0	0	0	0	0	0	0	0	0	0	
0	0	0	0	0	0	0	48	0	0	48	0	0	0	0	0	0	0	0	0	0	0	0	0	0	0	48	0	0	48	0	0	0	0	0	0	0	0	0	0	0	0	0	0	0	0	0	0	0	0	0	0	0	0	0	0	0	0	0	0	
0	0	0	0	0	0	0	0	0	0	0	0	0	0	0	0	0	0	0	0	48	0	0	0	0	0	0	0	0	0	0	48	0	0	0	0	0	0	0	0	0	0	0	0	0	0	0	0	0	0	48	48	0	0	0	0	0	0	0	0	
48	0	0	0	0	0	0	0	0	0	0	0	48	0	0	0	0	0	0	0	0	0	0	0	0	0	0	0	0	0	0	0	0	0	0	0	0	0	0	0	0	0	0	0	0	48	0	0	0	0	0	0	48	0	0	0	0	0	0	0	
0	0	0	0	0	0	0	0	48	0	0	0	48	0	0	0	0	0	0	0	0	0	0	0	0	0	0	0	0	0	0	0	0	0	0	0	0	0	0	0	0	0	0	0	0	0	0	0	0	0	0	0	0	0	0	0	0	0	0	0	
10	55	4	36	7	58	25	31	40	5	0	14	21	49	45	6	24	50	23	56	48	53	41	5	25	4	30	31	37	24	7	47	5	3	8	11	18	13	32	11	47	37	5	30	49	51	7	39	49	17	28	0	31	22	56	37	2	45	33	14	18	2	23	51	36	11	24	22	37	23	44	43	26	29	6	9	48	22	43	19	44	1	9	51	7	41	51	14	56	31	18	16	49	54	35	55	4	32	23	45	38	36	30	43	57	10	35	28	52	44	8	28	58	7	11	52	42	29	55	29	55	58	1	36	21	47	4	17	53	42	59	38	0	3	23	13	27	8	27	57	8	37	22	48	58	23	25	31	12	0	46	31	54	16	10	42	37	19	23	27	16	28	30	1	51	38	44	15	41	26	30	12	39	34	31	28	1	44	54	28	47	24	7	11	55	58	0	47	13	24	29	41	57	22	12	18	0	12	35	27	27	50	5	56	2	26	18	5	3	19	58	29	29	24	27	12	31	11	50	59	32	9	52	47	30	36	6	14	43	17	4	41	1	17	26	23	37	39	27	34	48	27	19	46	30	21	7	8	40	59	31	3	59	8	46	37	39	12	21	13	8	49	48	35	19	46	15	11	44	37	33	12	30	54	45	3	24	30	56	29	40	11	59	26	17	52	9	26	48	5	3	35	43	4	57	12	4	58	28	29	15	47	20	14	29	37	33	7	48	4	29	1	40	53	33	34	42	23	55	6	15	21	6	39	28	30	46	10	16	54	53	19	48	38	0	7	32	21	52	19	43	35	54	5	26	12	35	57	24	21	25	3	22	0	12	46	39	17	12	50	29	47	58	22	0	10	24	29	28	44	26	53	32	15	42	11	46	21	5	37	54	10	11	10	8	33	36	34	55	43	50	55	26	28	22	29	58	7	18	26	15	1	1	37	31	27	34	15	29	3	11	6	35	49	6	42	7	38	26	32	40	4	54	20	20	46	33	31	58	7	44	56	25	53	3	21	12	13	42	53	30	37	1	55	43	0	52	12	46	17	7	52	6	43	2	29	8	29	18	34	52	37	23	3	0	45	1	44	29	49	2	47	23	19	30	25	22	30	55	51	25	2	6	20	46	42	50	50	59	50	56	56	54	59	26	53	54	9	5	34	3	21	40	43	7	21	35	45	14	52	21	22	59	47	4	54	35	54	9	44	53	24	36	37	17	28	26	35	30	16	1	41	14	48	2	28	24	20	34	58	29	54	15	25	24	25	59	7	7	10	27	33	56	32	52	22	33	7	52	20	31	4	10	26	7	38	6	49	51	15	58	49	57	7	6	49	28	3	40	57	19	23	25	9	38	46	43	35	50	22	16	14	48	7	20	24	53	52	25	15	45	31	16	53	10	44	48	14	5	13	22	44	25	9	15	36	8	41	42	0	58	16	47	7	5	45	27	32	11	9	55	4	6	41	21	59	31	44	21	23	3	25	57	32	28	5	59	8	56	5	4	41	14	23	28	1	46	38	12	1	33	14	37	32	20	7	8	23	43	51	15	11	54	54	1	0	46	21	37	23	49	52	32	51	20	49	7	25	36	26	11	28	28	51	53	59	12	32	13	49	28	11	2	18	24	50	23	14	22	25	54	44	28	25	18	40	42	52	43	9	4	25	48	21	28	52	4	23	18	26	46	8	8	6	44	10	20	9	58	16	26	19	56	40	50	30	47	42	40	24	48	44	19	43	21	18	32	14	47	45	5	11	34	55	33	33	17	9	44	35	35	45	7	54	10	7	48	38	38	11	44	47	3	36	13	2	51	21	52	46	13	11	34	26	18	21	38	26	47	57	35	50	28	26	39	26	3	1	6	11	41	11	58	27	3	6	2	58	0	37	39	35	29	32	46	24	37	6	34	54	5	27	55	25	1	26	39	22	53	18	41	12	32	26	46	38	14	55	8	52	27	43	32	34	8	47	10	58	35	58	55	55	15	56	24	38	20	11	36	29	30	4	58	26	47	51	30	47	15	4	10	14	0	24	30	7	58	58	35	42	51	12	2	13	23	47	7	37	13	4	53	16	35	40	39	15	5	54	39	52	1	57	56	56	54	34	58	2	49	43	9	17	30	42	22	9	1	58	44	47	19	53	18	9	1	58	4	43	24	49	26	8	34	38	45	24	47	18	58	29	31	35	13	11	8	49	52	15	58	8	6	11	52	50	49	56	56	57	35	15	36	11	48	15	18	23	22	8	11	33	44	5	42	9	8	19	37	0	40	4	14	19	54	53	46	15	5	45	55	55	39	35	55	26	15	12	13	54	19	22	30	24	47	48	33	9	17	52	10	14	50	15	56	35	46	25	20	25	48	54	32	49	22	16	16	7	56	54	7	48	21	9	51	3	41	33	48	35	59	59	43	32	11	15	15	3	20	50	24	28	49	58	57	47	19	16	44	18	42	24	16	45	37	1	9	14	32	21	18	51	48	37	50	52	11	57	56	52	28	23	36	37	20	50	23	32	17	23	29	3	29	9	22	9	38	56	8	51	49	16	50	13	7	6	29	32	5	13	26	25	56	14	23	9	51	9	5	25	4	38	55	45	48	14	59	57	31	59	34	35	46	58	56	59	13	18	56	29	36	24	49	39	6	40	1	2	2	42	37	28	44	54	43	21	28	6	3	24	39	58	5	37	27	51	48	3	37	28	30	39	40	28	52	49	29	58	27	0	25	51	17	54	7	32	56	30	53	11	6	11	9	58	23	44	16	28	35	0	26	55	21	16	12	8	40	57	4	34	15	46	28	46	50	0	26	2	8	42	50	3	15	39	40	49	0	50	7	55	25	
43	47	22	38	52	4	45	20	25	2	42	53	38	46	51	43	6	1	1	39	13	20	8	37	56	21	46	4	19	14	34	35	33	36	26	34	32	5	9	40	22	35	2	11	38	10	59	20	56	39	19	20	56	35	31	59	49	32	31	39	51	9	24	40	30	41	52	21	12	24	23	37	31	24	59	38	30	48	4	8	36	47	40	21	8	46	28	16	33	40	50	47	18	6	47	10	33	10	5	44	23	56	16	15	15	17	9	59	32	51	27	39	11	28	15	26	56	55	2	39	13	19	6	55	11	14	42	2	2	52	56	57	32	8	22	37	53	37	3	16	15	46	14	46	3	6	18	32	45	55	58	12	38	45	18	1	54	4	29	39	57	30	23	12	52	10	39	42	33	56	19	53	21	57	50	13	5	39	52	40	23	53	26	3	22	16	53	55	38	16	42	52	52	5	50	3	30	51	43	41	12	22	3	42	54	52	40	58	21	0	3	26	46	50	18	41	52	14	40	51	52	41	28	38	40	26	14	43	40	51	31	55	30	47	19	7	48	24	58	12	52	56	51	15	54	28	4	17	41	36	48	24	11	24	22	42	13	39	22	53	12	9	40	3	44	45	55	22	52	44	50	4	15	57	3	42	39	58	53	22	44	5	12	39	10	16	23	19	2	48	4	19	39	12	39	37	46	34	16	52	24	4	46	52	20	28	32	9	5	27	23	41	58	55	16	1	34	40	9	47	25	2	33	36	22	22	21	7	48	29	37	16	40	13	59	35	50	33	24	22	33	11	49	2	56	32	54	49	29	3	34	11	38	46	39	57	46	39	53	0	40	38	54	40	9	8	34	59	32	4	59	35	3	10	48	22	29	29	27	34	1	18	1	52	53	7	35	36	36	9	48	32	19	9	57	51	35	43	50	58	39	6	2	4	32	8	0	50	23	44	51	33	28	37	32	7	51	18	17	26	42	7	8	14	28	28	17	15	32	2	43	25	37	50	8	14	6	1	37	57	50	35	44	36	25	53	3	10	34	37	12	37	15	40	48	0	32	43	7	2	7	6	0	29	52	23	26	43	21	32	4	12	10	47	53	22	18	8	41	36	57	29	18	31	15	4	25	30	20	39	28	45	24	1	54	27	48	59	42	49	46	30	26	45	56	51	10	27	51	16	45	0	44	37	56	1	50	30	15	2	8	21	45	2	12	58	51	2	15	27	58	31	19	43	18	55	3	17	0	13	55	34	24	37	19	41	18	53	5	28	2	17	14	21	19	49	53	20	29	9	45	26	53	27	54	1	3	43	7	49	50	13	45	5	25	26	20	7	59	37	2	42	37	49	40	41	19	48	42	40	6	36	15	54	36	35	38	18	45	41	10	9	11	18	31	41	55	56	53	35	31	26	46	49	6	39	52	15	39	44	4	10	39	38	53	35	58	50	22	25	12	26	43	6	28	58	23	9	38	36	17	8	40	56	24	20	33	5	6	0	22	2	33	42	0	28	58	42	39	9	7	11	11	0	39	31	10	18	35	27	52	31	48	37	35	17	9	45	32	28	21	3	55	55	28	40	38	33	19	14	14	3	26	39	50	2	4	0	42	54	51	57	34	15	55	14	4	24	43	56	4	30	1	4	51	33	49	19	9	23	1	42	33	1	31	32	23	14	46	25	29	43	10	43	47	50	45	36	7	27	16	33	59	31	40	38	46	27	34	11	31	24	38	33	10	46	10	27	37	15	13	6	50	10	9	13	22	42	50	57	59	16	0	1	34	46	19	58	6	35	20	51	15	54	5	5	18	33	45	55	43	19	27	40	8	11	26	2	59	31	30	33	44	49	33	15	48	47	18	13	20	26	31	33	58	47	8	5	57	40	34	26	25	28	22	34	29	41	49	56	27	56	3	15	49	52	47	30	5	31	9	6	11	45	49	54	32	51	20	3	29	36	29	42	36	40	33	23	52	24	30	0	43	36	21	8	1	34	22	34	11	45	49	54	45	40	9	35	50	16	58	54	16	44	29	40	25	49	30	32	25	45	33	42	56	30	57	22	56	18	16	59	43	19	22	5	52	15	36	55	8	51	1	18	55	50	37	31	21	32	32	23	43	40	6	5	2	54	47	1	41	0	22	51	7	17	46	17	6	10	27	7	3	54	1	10	17	26	49	10	15	4	36	46	45	58	18	14	10	47	38	9	58	40	9	17	28	32	13	32	25	5	10	46	10	32	24	36	0	11	29	4	21	2	19	35	45	28	9	43	25	0	27	11	33	31	30	53	40	16	35	36	25	41	8	11	41	48	31	53	54	44	17	22	7	58	14	42	56	5	5	9	0	59	44	3	12	14	11	4	16	16	16	12	4	26	53	33	40	36	36	7	37	15	24	29	37	31	42	53	53	28	9	48	25	26	5	35	36	44	12	36	24	9	39	46	29	33	52	35	42	27	6	25	28	54	5	27	3	34	21	10	56	49	55	45	58	7	52	10	52	11	39	23	14	37	32	22	30	25	1	58	44	40	10	19	22	0	4	34	19	8	50	37	0	43	32	52	5	6	42	52	28	57	42	26	18	33	11	55	50	35	56	18	13	29	37	38	27	38	20	48	37	13	56	40	6	1	21	10	22	55	39	34	41	55	33	28	9	19	5	22	52	41	39	16	41	52	59	5	47	17	9	34	55	25	14	16	17	21	36	30	45	52	38	37	36	55	11	52	33	38	17	58	47	27	6	14	49	55	7	23	7	10	26	43	39	39	50	35	41	9	29	30	17	34	36	46	38	41	39	11	40	8	44	19	53	38	42	9	6	38	55	6	36	41	24	52	23	
3	18	4	6	20	9	12	18	5	8	4	14	11	20	10	12	10	2	1	17	20	3	4	12	9	20	2	17	4	6	1	10	7	8	15	9	15	8	6	7	4	8	6	18	7	13	9	14	5	20	14	2	6	15	6	12	9	13	9	16	5	13	12	4	9	6	16	17	8	7	19	12	12	16	14	1	2	11	4	13	7	7	5	10	19	18	5	9	17	18	2	7	18	7	3	11	6	6	7	13	19	3	8	9	19	20	4	9	17	2	13	18	5	16	19	12	5	2	19	9	8	5	5	2	16	2	2	7	6	3	4	2	19	4	16	16	16	2	14	14	3	15	4	4	7	15	10	13	18	3	1	4	13	12	4	18	10	8	14	4	13	4	1	1	18	4	7	10	11	9	2	4	1	20	13	18	17	1	5	16	4	9	4	15	7	5	5	4	19	16	1	18	5	18	5	15	12	19	8	14	10	14	14	14	16	3	11	2	13	5	11	8	3	9	3	4	1	15	7	12	14	15	7	4	16	8	1	16	5	14	8	11	6	9	11	13	14	13	6	15	6	1	9	16	14	3	11	3	12	13	13	6	2	2	1	4	9	15	16	8	11	1	4	11	15	10	16	13	1	10	9	16	10	4	1	5	3	4	6	2	6	15	5	2	15	4	6	6	4	12	14	11	4	2	15	11	11	6	7	14	11	11	5	5	4	3	9	8	15	13	11	5	4	5	2	15	14	16	4	6	14	15	3	13	4	16	9	8	4	10	9	13	15	1	14	5	3	3	6	7	16	16	16	2	4	6	13	4	1	14	9	11	11	11	9	10	10	9	4	16	16	1	9	11	6	6	15	4	4	11	11	8	5	5	15	12	1	16	14	4	14	5	3	2	6	4	14	7	6	9	14	3	3	4	1	15	16	2	2	5	15	12	1	9	2	11	16	8	2	11	6	4	1	6	1	8	13	9	5	11	4	15	7	1	1	4	16	6	1	9	3	3	12	9	2	2	14	4	4	15	11	11	7	2	6	16	9	13	7	9	12	3	9	5	4	3	13	9	5	14	4	15	11	16	8	1	12	15	1	14	11	11	12	5	12	2	3	16	8	16	7	16	12	5	6	15	3	12	14	7	6	15	11	12	6	11	2	16	16	10	6	6	1	10	12	3	3	15	1	1	9	9	5	6	9	10	5	15	13	9	8	3	1	15	15	4	2	9	14	3	12	7	11	14	16	14	10	13	3	4	12	9	10	4	3	13	1	3	6	11	14	14	6	2	5	6	4	10	7	5	15	1	8	10	1	1	2	4	6	10	3	2	16	4	6	2	5	6	14	5	1	3	16	7	15	11	4	1	15	4	2	15	8	8	11	14	11	3	12	5	4	4	5	9	14	12	6	4	15	7	5	12	1	13	16	14	3	6	10	6	5	1	9	12	10	2	6	4	7	5	12	4	13	10	13	3	2	5	16	13	14	8	3	14	9	12	1	8	1	5	5	10	15	10	10	13	2	16	8	3	1	14	7	13	9	3	7	10	13	9	10	4	7	7	12	8	2	11	12	7	16	7	1	14	8	7	6	16	13	5	9	12	6	1	9	14	12	8	11	1	7	2	14	14	10	1	16	9	11	1	7	8	3	9	10	16	12	3	12	8	5	4	14	8	9	16	14	10	9	14	10	11	15	8	9	4	16	10	11	9	7	14	5	14	8	3	1	13	13	10	8	15	8	16	9	16	11	15	10	12	4	13	2	6	14	2	3	7	9	2	4	10	4	12	3	6	1	12	12	1	8	9	3	12	3	10	11	1	15	6	6	12	2	7	3	5	10	13	6	4	11	9	12	7	4	9	6	11	2	11	10	9	9	13	7	8	3	6	11	5	3	4	12	14	14	5	4	2	6	13	6	5	12	11	4	11	1	8	9	7	14	10	7	5	2	8	8	5	7	12	6	14	5	3	5	15	8	5	8	9	2	9	3	13	6	9	7	7	2	14	1	13	2	13	11	1	7	12	2	16	11	4	3	6	15	13	7	1	4	2	12	12	6	8	9	3	11	11	10	12	11	8	15	15	11	10	7	9	4	12	7	8	13	4	7	9	14	10	9	8	10	5	7	2	4	14	15	8	7	5	3	11	11	10	15	1	1	5	3	8	3	13	10	10	15	2	8	9	14	9	8	13	15	8	10	15	9	6	4	2	11	9	12	12	5	8	14	16	8	6	3	10	10	13	9	11	4	13	6	8	2	5	10	4	9	3	12	7	3	15	12	12	8	15	5	5	7	3	15	12	5	9	6	8	13	9	10	11	10	14	2	11	12	3	15	8	14	13	7	15	15	4	1	7	9	10	10	10	13	3	1	13	5	12	14	2	16	11	8	2	14	9	7	8	4	13	10	3	2	6	3	14	13	7	5	15	4	8	9	9	7	8	12	7	11	3	6	5	10	4	11	13	13	15	9	12	15	15	1	6	10	13	13	6	13	15	1	10	4	6	16	11	15	16	14	11	13	14	16	3	15	16	7	9	6	3	13	7	9	11	12	6	9	13	1	15	13	14	5	14	2	4	14	14	5	14	11	13	8	1	3	1	14	3	1	8	7	13	15	6	4	10	9	2	6	8	10	6	16	9	7	10	2	12	12	15	13	4	13	10	3	9	16	16	5	16	8	9	9	14	15	6	6	14	14	9	12	11	10	15	15	1	10	14	3	6	5	13	12	14	7	15	6	13	16	10	2	3	6	9	15	12	8	14	7	5	16	1	15	2	4	14	5	10	15	4	4	1	16	8	13	12	10	6	6	11	10	4	15	12	3	1	11	11	6	11	2	10	16	
130	200	190	430	270	970	390	330	320	330	240	100	500	510	520	730	780	900	720	130	890	880	320	290	300	650	620	910	910	360	810	900	740	970	570	790	920	360	250	420	480	610	710	700	830	910	220	540	350	700	510	130	300	520	570	380	790	800	870	910	920	640	400	130	570	710	310	550	530	250	230	1000	560	310	240	550	300	340	600	910	120	770	360	620	430	400	540	190	700	490	470	770	560	230	880	960	770	980	940	120	650	580	610	260	390	400	530	300	250	340	650	210	380	810	710	660	920	260	200	160	960	140	810	710	530	370	190	240	530	970	270	260	240	480	450	140	690	450	660	180	960	790	680	210	410	720	260	830	870	590	110	630	790	150	120	680	670	260	440	700	810	460	280	410	580	820	750	380	690	360	860	930	300	310	370	850	650	570	200	600	450	320	430	720	830	410	270	820	160	250	250	250	270	860	780	690	970	430	670	510	530	1000	930	700	150	360	260	720	620	850	290	940	840	730	970	190	660	890	530	250	250	890	710	630	340	130	570	640	900	200	700	460	270	910	830	760	190	700	460	260	950	970	640	640	460	410	200	920	680	180	520	850	930	810	270	850	930	600	380	600	470	150	780	770	100	670	200	170	770	440	900	560	550	320	330	200	500	810	240	940	250	190	670	510	330	710	530	270	820	580	800	470	590	320	470	600	160	510	170	730	180	140	850	590	440	790	510	870	870	750	330	520	440	880	410	340	750	120	840	760	260	340	720	860	140	210	760	300	630	540	630	640	570	400	1000	200	480	800	310	300	380	760	190	400	200	900	1000	120	840	690	840	210	800	350	220	540	630	490	330	610	710	520	690	400	920	360	950	900	310	390	390	700	360	240	550	720	310	620	260	290	680	130	830	850	800	440	460	660	650	780	120	670	190	470	800	120	460	140	830	820	280	740	940	860	890	510	550	770	720	460	780	630	470	300	220	760	370	330	770	630	490	170	320	690	170	830	270	940	320	380	610	770	440	620	810	810	540	220	700	900	360	350	980	500	130	600	650	960	370	200	570	420	410	410	390	280	320	110	970	530	440	700	810	300	560	620	650	840	520	630	370	310	710	320	410	960	610	640	440	890	220	1000	440	690	890	720	210	440	770	420	320	470	780	480	320	280	810	180	110	340	810	850	820	790	540	230	340	220	570	980	260	880	370	110	650	740	930	490	300	810	850	530	130	390	840	140	770	590	300	680	550	240	990	960	990	620	720	980	460	180	190	530	700	370	100	120	490	370	750	470	820	630	180	320	480	760	260	120	440	960	340	230	910	810	260	480	310	810	160	530	150	920	330	290	730	660	900	850	720	570	860	950	710	610	110	710	730	540	100	950	420	780	440	320	740	360	220	330	310	940	810	410	740	410	770	850	400	590	100	530	330	440	190	620	590	810	780	200	170	240	150	170	290	650	230	280	500	400	960	650	200	520	190	100	120	660	530	560	680	410	640	920	550	310	780	970	350	720	990	590	500	940	610	980	400	750	700	920	650	930	500	510	590	260	280	510	300	110	460	240	850	620	560	350	110	200	740	230	220	470	810	830	750	840	240	900	860	270	790	830	330	640	240	280	850	850	610	600	690	480	680	740	400	590	240	150	870	240	870	350	330	730	180	700	600	720	510	940	140	150	120	910	300	710	180	320	680	630	820	290	470	970	400	270	260	440	860	120	380	900	240	220	1000	200	690	870	970	290	610	810	450	910	920	340	770	810	610	1000	160	940	180	670	240	100	190	120	980	540	930	310	150	590	330	300	760	700	130	450	790	700	320	160	120	260	980	550	670	690	480	890	720	170	820	810	930	230	950	820	600	620	230	960	700	560	310	680	380	860	470	540	260	580	750	280	850	720	290	880	460	600	340	220	540	210	570	810	660	480	580	560	220	610	160	900	670	120	760	190	900	590	400	860	700	250	460	370	500	820	730	920	990	760	340	280	140	260	220	650	360	960	780	320	620	720	570	280	350	170	140	970	170	650	160	500	630	880	730	140	770	470	860	170	240	190	390	450	420	900	870	210	790	770	750	240	740	880	350	900	360	430	770	980	570	510	340	380	250	870	220	380	980	520	550	230	220	520	710	600	330	280	230	380	530	840	870	510	280	670	320	670	270	230	520	450	360	740	930	440	540	450	590	700	240	600	460	1000	660	150	700	130	740	790	640	390	130	380	970	460	510	660	440	850	100	120	450	660	600	550	390	150	500	710	550	130	770	970	140	220	390	260	640	180	740	800	190	610	660	490	830	150	150	550	820	720	110	950	450	900	900	190	510	890	170	690	260	560	850	200	140	450	120	360	770	270	580	550	430	750	860	810	600	940	380	870	900	450	250	270	970	860	670	250	190	1000	130	560	310	460	620	660	830	780	780	620	980	930	440	550	130	810	170	400	510	840	440	230	390	720	410	660	140	350	970	370	780	100	620	780	870	680	600	590	500	190	120	740	880	760	820	650	620	270	100	540	630	160	180	590	150	830	730	760	410	780	210	140	400	130	700	820	690	250	680	590	180	150	130	820	260	470	830	870	400	880	380	830	430	730	700	280	660	110	520	630	840	860	420	120	630	270	920	100	430	870	580	570	100	160	870	610	750	400	490	200	750	870	140	250	700	190	480	890	190	790	560	320	270	340	900	470	640	800	150	220	440	230	560	610	430	220	960	210	920	670	840	410	490	370	960	250	280	900	100	150	170	150	640	290	380	820	600	890	960	750	1000	510	540	750	890	830	430	160	680	630	650	810	290	920	390	890	560	630	800	490	630	140	310	720	670	810	790	160	680	120	400	690	230	950	950	420	990	580	150	950	840	690	520	220	760	
1
