1239
60
2
70
0	500	0	500	0	500	500	0	0	0	500	500	0	0	0	0	0	0	0	0	0	0	0	0	500	0	0	0	0	0	0	500	0	0	0	0	0	0	0	0	0	0	0	0	0	0	0	0	0	500	0	0	0	0	0	0	0	0	0	0	
500	0	0	0	0	0	0	0	0	0	0	0	0	0	0	0	0	0	0	0	500	0	0	0	0	0	0	0	500	0	0	0	0	0	0	0	0	0	0	0	0	0	0	0	0	0	0	0	0	0	0	0	0	0	0	0	0	0	0	0	
0	0	0	0	0	0	0	500	0	0	0	0	500	0	0	0	0	0	0	0	0	0	0	0	0	0	0	0	0	0	0	0	0	0	0	0	0	0	0	0	0	0	0	0	0	0	0	0	0	0	0	0	0	0	0	0	0	0	0	0	
500	0	0	0	0	0	0	0	0	0	0	0	0	0	0	0	0	0	0	0	0	0	0	0	0	0	500	0	0	0	0	0	0	0	0	0	0	0	0	0	0	0	0	0	0	0	0	0	0	0	0	0	0	0	500	0	0	0	0	0	
0	0	0	0	0	0	0	0	0	500	0	0	0	0	0	0	0	0	0	0	0	0	0	0	0	0	500	0	0	0	0	0	0	0	0	0	0	0	0	0	0	0	0	0	0	0	0	0	0	0	0	0	0	0	0	0	0	0	0	0	
500	0	0	0	0	0	0	0	500	0	0	0	0	0	0	0	0	0	0	0	0	0	0	0	0	0	0	0	0	0	500	0	0	0	0	0	0	0	0	0	0	0	0	0	0	0	0	0	0	0	0	0	0	0	0	0	0	0	0	0	
500	0	0	0	0	0	0	0	0	0	0	0	0	0	0	0	0	500	0	0	0	0	0	0	0	0	0	0	0	0	0	0	0	0	0	0	0	0	0	0	0	500	0	0	0	0	0	0	0	0	0	0	0	0	0	0	0	0	0	0	
0	0	500	0	0	0	0	0	0	0	0	0	0	0	0	0	0	0	0	0	0	0	0	0	0	0	0	0	0	0	0	0	0	0	0	0	0	0	0	0	0	0	0	0	0	0	0	0	0	0	0	0	0	0	0	500	0	0	0	0	
0	0	0	0	0	500	0	0	0	0	0	0	0	0	0	0	0	0	0	0	0	0	0	0	0	0	0	0	0	0	500	0	0	0	0	0	0	0	0	0	0	0	0	0	0	0	0	0	0	0	0	0	0	0	0	0	0	0	0	0	
0	0	0	0	500	0	0	0	0	0	0	0	0	0	0	0	0	0	0	0	0	0	0	0	0	0	0	0	0	500	0	0	0	0	0	0	0	0	0	0	0	0	0	0	0	0	0	0	0	0	0	0	0	0	0	0	0	0	0	0	
500	0	0	0	0	0	0	0	0	0	0	0	0	0	0	0	0	0	0	0	0	0	0	0	0	0	0	0	0	0	0	0	0	0	0	0	0	0	500	500	0	0	0	0	0	0	0	0	0	0	0	0	0	0	0	0	0	0	0	0	
500	0	0	0	0	0	0	0	0	0	0	0	0	0	0	500	0	0	0	0	0	0	0	0	0	0	0	0	0	0	0	0	0	0	0	500	0	0	0	0	0	0	0	0	0	0	0	0	0	0	0	0	0	0	0	0	0	0	0	0	
0	0	500	0	0	0	0	0	0	0	0	0	0	0	0	0	0	0	0	0	0	0	500	0	0	0	0	0	0	0	0	0	0	0	0	0	0	0	0	0	0	0	0	0	0	0	0	0	0	0	0	0	0	0	0	0	0	0	0	0	
0	0	0	0	0	0	0	0	0	0	0	0	0	0	0	0	0	0	0	0	0	0	0	0	0	500	0	0	0	500	0	0	0	0	0	0	0	0	0	0	0	0	0	0	0	0	0	0	0	0	0	0	0	0	0	0	0	0	0	0	
0	0	0	0	0	0	0	0	0	0	0	0	0	0	0	0	0	0	0	0	500	0	0	0	0	0	0	0	0	0	0	0	0	0	0	0	0	0	0	0	0	0	0	0	0	0	0	0	0	0	0	0	0	0	0	0	500	0	0	0	
0	0	0	0	0	0	0	0	0	0	0	500	0	0	0	0	0	0	0	0	0	0	0	0	0	0	0	0	0	0	0	0	0	0	0	500	0	0	0	0	0	0	0	0	0	0	0	0	0	0	0	0	0	0	0	0	0	0	0	0	
0	0	0	0	0	0	0	0	0	0	0	0	0	0	0	0	0	0	0	0	0	0	500	0	0	0	0	0	0	0	0	0	0	0	0	0	0	0	0	0	0	0	0	0	0	0	0	0	0	0	0	0	0	500	0	0	0	0	0	0	
0	0	0	0	0	0	500	0	0	0	0	0	0	0	0	0	0	0	0	0	0	0	0	0	0	0	0	0	0	0	0	0	0	0	0	0	0	0	0	0	0	500	0	0	0	0	0	0	0	0	0	0	0	0	0	0	0	0	0	0	
0	0	0	0	0	0	0	0	0	0	0	0	0	0	0	0	0	0	0	0	0	0	0	0	0	0	0	500	0	0	0	0	0	0	0	0	0	0	0	0	0	0	0	0	0	0	0	0	0	0	0	0	0	0	0	0	0	0	0	500	
0	0	0	0	0	0	0	0	0	0	0	0	0	0	0	0	0	0	0	0	0	0	0	0	0	0	0	0	0	0	0	0	0	0	0	0	0	0	0	0	0	0	0	0	0	0	0	0	0	500	0	0	0	0	0	0	0	0	500	0	
0	500	0	0	0	0	0	0	0	0	0	0	0	0	500	0	0	0	0	0	0	0	0	0	0	0	0	0	0	0	0	0	0	0	0	0	0	0	0	0	0	0	0	0	0	0	0	0	0	0	0	0	0	0	0	0	0	0	0	0	
0	0	0	0	0	0	0	0	0	0	0	0	0	0	0	0	0	0	0	0	0	0	0	0	0	0	0	0	0	0	0	0	500	0	0	0	0	0	0	0	0	0	0	0	0	0	0	0	0	0	0	0	0	0	0	0	0	500	0	0	
0	0	0	0	0	0	0	0	0	0	0	0	500	0	0	0	500	0	0	0	0	0	0	0	0	0	0	0	0	0	0	0	0	0	0	0	0	0	0	0	0	0	0	0	0	0	0	0	0	0	0	0	0	0	0	0	0	0	0	0	
0	0	0	0	0	0	0	0	0	0	0	0	0	0	0	0	0	0	0	0	0	0	0	0	0	0	0	0	0	0	0	0	0	0	0	0	0	0	0	0	0	0	0	500	0	0	0	0	0	0	0	0	0	0	0	500	0	0	0	0	
500	0	0	0	0	0	0	0	0	0	0	0	0	0	0	0	0	0	0	0	0	0	0	0	0	0	0	0	0	0	0	0	0	0	0	0	0	0	0	0	0	0	0	0	0	500	0	0	0	0	0	0	0	0	0	0	0	0	0	0	
0	0	0	0	0	0	0	0	0	0	0	0	0	500	0	0	0	0	0	0	0	0	0	0	0	0	0	0	0	0	0	0	0	0	0	0	0	0	0	0	0	0	0	0	0	0	0	0	0	0	0	500	0	0	0	0	0	0	0	0	
0	0	0	500	500	0	0	0	0	0	0	0	0	0	0	0	0	0	0	0	0	0	0	0	0	0	0	0	0	0	0	0	0	0	0	0	0	0	0	0	0	0	0	0	0	0	0	0	0	0	0	0	0	0	0	0	0	0	0	0	
0	0	0	0	0	0	0	0	0	0	0	0	0	0	0	0	0	0	500	0	0	0	0	0	0	0	0	0	0	0	0	0	0	0	0	0	0	0	0	0	0	0	0	0	0	0	0	0	0	0	0	0	0	0	0	0	0	500	0	0	
0	500	0	0	0	0	0	0	0	0	0	0	0	0	0	0	0	0	0	0	0	0	0	0	0	0	0	0	0	0	0	0	0	0	0	0	0	0	0	0	0	0	0	0	500	0	0	0	0	0	0	0	0	0	0	0	0	0	0	0	
0	0	0	0	0	0	0	0	0	500	0	0	0	500	0	0	0	0	0	0	0	0	0	0	0	0	0	0	0	0	0	0	0	0	0	0	0	0	0	0	0	0	0	0	0	0	0	0	0	0	0	0	0	0	0	0	0	0	0	0	
0	0	0	0	0	500	0	0	500	0	0	0	0	0	0	0	0	0	0	0	0	0	0	0	0	0	0	0	0	0	0	0	0	0	0	0	0	0	0	0	0	0	0	0	0	0	0	0	0	0	0	0	0	0	0	0	0	0	0	0	
500	0	0	0	0	0	0	0	0	0	0	0	0	0	0	0	0	0	0	0	0	0	0	0	0	0	0	0	0	0	0	0	0	0	0	0	500	0	0	0	0	0	0	0	0	0	0	0	0	0	500	0	0	0	0	0	0	0	0	0	
0	0	0	0	0	0	0	0	0	0	0	0	0	0	0	0	0	0	0	0	0	500	0	0	0	0	0	0	0	0	0	0	0	0	0	0	0	0	0	0	0	0	0	0	0	0	0	500	0	0	0	0	0	0	0	0	0	0	0	0	
0	0	0	0	0	0	0	0	0	0	0	0	0	0	0	0	0	0	0	0	0	0	0	0	0	0	0	0	0	0	0	0	0	0	0	0	0	500	0	0	0	0	0	0	0	0	0	0	0	0	0	0	0	500	0	0	0	0	0	0	
0	0	0	0	0	0	0	0	0	0	0	0	0	0	0	0	0	0	0	0	0	0	0	0	0	0	0	0	0	0	0	0	0	0	0	0	0	0	0	0	0	0	0	0	0	0	0	0	500	0	0	0	0	0	0	0	0	0	500	0	
0	0	0	0	0	0	0	0	0	0	0	500	0	0	0	500	0	0	0	0	0	0	0	0	0	0	0	0	0	0	0	0	0	0	0	0	0	0	0	0	0	0	0	0	0	0	0	0	0	0	0	0	0	0	0	0	0	0	0	0	
0	0	0	0	0	0	0	0	0	0	0	0	0	0	0	0	0	0	0	0	0	0	0	0	0	0	0	0	0	0	0	500	0	0	0	0	0	0	0	0	0	0	0	0	0	0	0	0	0	0	500	0	0	0	0	0	0	0	0	0	
0	0	0	0	0	0	0	0	0	0	0	0	0	0	0	0	0	0	0	0	0	0	0	0	0	0	0	0	0	0	0	0	0	500	0	0	0	0	0	0	0	0	0	0	0	0	500	0	0	0	0	0	0	0	0	0	0	0	0	0	
0	0	0	0	0	0	0	0	0	0	500	0	0	0	0	0	0	0	0	0	0	0	0	0	0	0	0	0	0	0	0	0	0	0	0	0	0	0	0	500	0	0	0	0	0	0	0	0	0	0	0	0	0	0	0	0	0	0	0	0	
0	0	0	0	0	0	0	0	0	0	500	0	0	0	0	0	0	0	0	0	0	0	0	0	0	0	0	0	0	0	0	0	0	0	0	0	0	0	500	0	0	0	0	0	0	0	0	0	0	0	0	0	0	0	0	0	0	0	0	0	
0	0	0	0	0	0	0	0	0	0	0	0	0	0	0	0	0	0	0	0	0	0	0	0	0	0	0	0	0	0	0	0	0	0	0	0	0	0	0	0	0	0	0	0	0	0	0	0	0	0	0	0	500	0	0	0	0	0	0	500	
0	0	0	0	0	0	500	0	0	0	0	0	0	0	0	0	0	500	0	0	0	0	0	0	0	0	0	0	0	0	0	0	0	0	0	0	0	0	0	0	0	0	0	0	0	0	0	0	0	0	0	0	0	0	0	0	0	0	0	0	
0	0	0	0	0	0	0	0	0	0	0	0	0	0	0	0	0	0	0	0	0	0	0	0	0	0	0	0	0	0	0	0	0	0	0	0	0	0	0	0	0	0	0	0	500	0	0	0	0	0	0	0	0	0	0	0	500	0	0	0	
0	0	0	0	0	0	0	0	0	0	0	0	0	0	0	0	0	0	0	0	0	0	0	500	0	0	0	0	0	0	0	0	0	0	0	0	0	0	0	0	0	0	0	0	0	0	0	0	500	0	0	0	0	0	0	0	0	0	0	0	
0	0	0	0	0	0	0	0	0	0	0	0	0	0	0	0	0	0	0	0	0	0	0	0	0	0	0	0	500	0	0	0	0	0	0	0	0	0	0	0	0	0	500	0	0	0	0	0	0	0	0	0	0	0	0	0	0	0	0	0	
0	0	0	0	0	0	0	0	0	0	0	0	0	0	0	0	0	0	0	0	0	0	0	0	500	0	0	0	0	0	0	0	0	0	0	0	0	0	0	0	0	0	0	0	0	0	500	0	0	0	0	0	0	0	0	0	0	0	0	0	
0	0	0	0	0	0	0	0	0	0	0	0	0	0	0	0	0	0	0	0	0	0	0	0	0	0	0	0	0	0	0	0	0	0	0	0	0	500	0	0	0	0	0	0	0	500	0	0	0	0	0	0	0	0	0	0	0	0	0	0	
0	0	0	0	0	0	0	0	0	0	0	0	0	0	0	0	0	0	0	0	0	0	0	0	0	0	0	0	0	0	0	0	500	0	0	0	0	0	0	0	0	0	0	0	0	0	0	0	0	0	0	500	0	0	0	0	0	0	0	0	
0	0	0	0	0	0	0	0	0	0	0	0	0	0	0	0	0	0	0	0	0	0	0	0	0	0	0	0	0	0	0	0	0	0	500	0	0	0	0	0	0	0	0	500	0	0	0	0	0	0	0	0	0	0	0	0	0	0	0	0	
500	0	0	0	0	0	0	0	0	0	0	0	0	0	0	0	0	0	0	500	0	0	0	0	0	0	0	0	0	0	0	0	0	0	0	0	0	0	0	0	0	0	0	0	0	0	0	0	0	0	0	0	0	0	0	0	0	0	0	0	
0	0	0	0	0	0	0	0	0	0	0	0	0	0	0	0	0	0	0	0	0	0	0	0	0	0	0	0	0	0	0	500	0	0	0	0	500	0	0	0	0	0	0	0	0	0	0	0	0	0	0	0	0	0	0	0	0	0	0	0	
0	0	0	0	0	0	0	0	0	0	0	0	0	0	0	0	0	0	0	0	0	0	0	0	0	500	0	0	0	0	0	0	0	0	0	0	0	0	0	0	0	0	0	0	0	0	0	500	0	0	0	0	0	0	0	0	0	0	0	0	
0	0	0	0	0	0	0	0	0	0	0	0	0	0	0	0	0	0	0	0	0	0	0	0	0	0	0	0	0	0	0	0	0	0	0	0	0	0	0	0	500	0	0	0	0	0	0	0	0	0	0	0	0	0	500	0	0	0	0	0	
0	0	0	0	0	0	0	0	0	0	0	0	0	0	0	0	500	0	0	0	0	0	0	0	0	0	0	0	0	0	0	0	0	500	0	0	0	0	0	0	0	0	0	0	0	0	0	0	0	0	0	0	0	0	0	0	0	0	0	0	
0	0	0	500	0	0	0	0	0	0	0	0	0	0	0	0	0	0	0	0	0	0	0	0	0	0	0	0	0	0	0	0	0	0	0	0	0	0	0	0	0	0	0	0	0	0	0	0	0	0	0	0	500	0	0	0	0	0	0	0	
0	0	0	0	0	0	0	500	0	0	0	0	0	0	0	0	0	0	0	0	0	0	0	500	0	0	0	0	0	0	0	0	0	0	0	0	0	0	0	0	0	0	0	0	0	0	0	0	0	0	0	0	0	0	0	0	0	0	0	0	
0	0	0	0	0	0	0	0	0	0	0	0	0	0	500	0	0	0	0	0	0	0	0	0	0	0	0	0	0	0	0	0	0	0	0	0	0	0	0	0	0	0	500	0	0	0	0	0	0	0	0	0	0	0	0	0	0	0	0	0	
0	0	0	0	0	0	0	0	0	0	0	0	0	0	0	0	0	0	0	0	0	500	0	0	0	0	0	500	0	0	0	0	0	0	0	0	0	0	0	0	0	0	0	0	0	0	0	0	0	0	0	0	0	0	0	0	0	0	0	0	
0	0	0	0	0	0	0	0	0	0	0	0	0	0	0	0	0	0	0	500	0	0	0	0	0	0	0	0	0	0	0	0	0	0	500	0	0	0	0	0	0	0	0	0	0	0	0	0	0	0	0	0	0	0	0	0	0	0	0	0	
0	0	0	0	0	0	0	0	0	0	0	0	0	0	0	0	0	0	500	0	0	0	0	0	0	0	0	0	0	0	0	0	0	0	0	0	0	0	0	0	500	0	0	0	0	0	0	0	0	0	0	0	0	0	0	0	0	0	0	0	
3	21	31	30	19	34	31	12	54	7	36	34	26	13	57	14	51	49	32	11	15	47	51	16	22	57	45	13	14	19	24	0	47	0	33	32	3	11	46	52	14	34	10	32	25	5	39	13	26	22	50	1	5	18	44	3	20	42	46	2	19	50	16	30	20	4	9	56	7	37	53	58	54	17	1	11	57	26	13	30	49	33	48	3	4	46	33	55	31	11	27	24	38	57	21	49	34	57	58	9	33	7	17	56	31	57	49	4	6	37	32	19	18	24	42	11	43	43	47	26	29	22	19	44	53	36	29	11	50	53	21	55	43	13	49	1	22	35	12	27	31	50	41	37	28	4	23	48	29	14	21	34	41	30	25	21	51	39	31	1	34	27	12	58	57	12	20	25	48	58	24	8	42	7	10	21	53	32	57	9	7	53	47	54	58	44	46	16	44	8	59	6	50	7	5	40	10	7	57	37	22	59	26	52	40	14	4	39	17	1	18	25	51	28	4	4	54	52	59	34	10	25	16	24	22	43	19	28	56	7	30	47	8	17	18	5	1	38	30	42	28	28	37	48	6	13	36	3	27	49	49	43	4	54	41	21	19	58	17	3	52	49	25	28	37	54	5	4	16	53	10	49	39	36	23	25	19	27	10	36	8	51	28	12	5	42	21	27	57	4	3	56	40	5	54	47	13	43	54	59	50	15	2	41	32	35	5	35	28	22	7	53	13	28	25	21	7	21	25	6	7	52	39	18	21	51	28	8	28	7	29	48	25	27	7	42	12	4	32	38	8	42	3	13	25	42	24	49	57	32	44	21	9	42	21	48	7	46	29	22	4	59	50	31	23	28	24	2	6	50	9	16	33	6	48	7	31	38	20	25	20	9	52	33	47	35	23	58	31	26	5	3	16	43	20	32	55	34	27	46	53	47	48	34	57	23	5	13	27	29	29	52	25	26	25	20	13	29	49	53	9	12	36	47	11	58	12	41	10	15	20	49	28	28	9	59	12	9	53	52	23	55	41	39	59	6	34	44	44	40	1	38	30	20	17	40	59	48	45	19	58	40	45	58	54	44	55	4	49	43	42	39	13	42	34	4	1	34	20	47	19	18	57	8	17	36	42	3	32	1	28	34	58	24	46	10	11	0	57	12	37	49	21	1	40	18	22	46	41	41	49	28	16	47	46	57	58	23	59	25	46	35	4	48	26	31	10	46	58	20	51	24	29	36	49	34	36	32	16	1	40	44	20	16	26	35	19	59	51	4	38	22	1	55	7	53	2	7	31	55	1	39	55	34	34	1	0	8	36	46	34	33	43	4	13	46	19	49	20	43	30	30	45	2	55	35	51	10	20	15	12	1	37	13	49	10	54	58	21	44	57	47	0	15	27	47	56	22	40	15	37	38	20	12	3	41	30	15	25	4	13	32	9	15	21	32	25	48	35	42	24	26	6	15	56	37	33	48	42	57	57	53	35	30	14	15	34	41	34	9	56	57	57	10	17	56	22	43	3	23	57	33	50	49	5	35	28	16	18	33	45	39	37	31	45	7	39	22	52	50	41	14	22	25	31	37	26	33	52	28	2	33	41	22	2	56	0	9	44	19	10	29	24	19	40	42	1	18	25	33	22	40	5	0	59	47	33	29	25	17	35	40	41	18	46	40	20	32	51	58	18	58	56	11	14	46	17	40	11	41	20	16	43	16	18	47	27	23	53	34	6	30	16	13	20	54	20	44	45	4	3	51	11	53	8	21	22	22	48	14	26	29	32	59	29	18	38	59	25	15	33	33	43	52	9	0	30	38	38	20	34	26	9	32	33	53	9	31	14	18	33	56	43	25	44	6	16	27	41	51	8	47	44	52	59	56	19	33	0	38	25	53	45	51	47	6	50	24	25	35	22	42	18	13	13	36	40	1	12	46	44	35	24	44	25	12	37	29	39	1	6	10	48	29	5	53	59	45	25	14	21	15	24	13	30	5	20	43	24	21	16	23	34	42	29	47	59	38	11	41	59	50	57	19	52	20	16	46	50	27	14	12	58	24	2	33	23	21	23	1	28	29	46	15	25	54	4	35	29	1	16	50	8	14	26	44	9	45	46	22	16	56	7	48	36	39	12	29	59	32	34	18	57	38	54	20	47	24	27	51	27	23	33	25	47	15	29	3	29	49	59	58	9	19	55	10	21	19	14	2	3	3	19	39	17	4	44	12	33	54	19	49	37	52	41	33	47	4	25	13	43	50	50	56	53	39	41	7	19	17	18	43	52	7	0	19	45	42	26	41	34	15	9	30	41	7	22	6	56	42	27	43	11	36	32	56	16	36	9	12	27	53	37	11	42	57	44	34	44	16	56	43	5	31	15	3	30	2	50	18	4	10	52	50	31	19	40	25	12	27	0	56	8	33	4	46	3	24	47	37	35	57	55	6	23	48	43	1	19	9	12	28	9	47	56	57	43	33	25	44	49	40	11	51	37	53	51	2	16	19	24	28	7	39	25	51	35	39	39	20	15	45	46	23	5	7	27	51	23	43	23	10	23	45	55	39	0	48	10	59	0	41	39	22	28	45	16	21	45	23	4	22	49	33	28	3	32	20	51	44	37	4	50	25	14	33	4	55	23	41	52	39	36	12	44	45	20	25	49	49	46	12	34	55	26	10	0	46	17	32	22	51	21	21	54	13	16	37	58	19	11	33	22	19	57	19	4	1	46	18	50	11	6	13	47	18	27	56	37	46	20	53	40	29	29	50	31	1	48	59	10	46	49	40	27	45	13	22	40	44	53	37	52	1	1	32	28	23	48	42	33	58	55	36	4	39	27	12	35	
43	8	52	16	4	44	11	41	50	49	10	54	55	23	42	12	19	9	12	51	20	11	18	0	39	37	59	1	44	17	26	58	17	1	58	49	39	8	6	46	26	4	54	26	28	2	47	15	58	42	46	17	52	23	29	21	12	48	11	57	22	24	3	57	0	26	17	51	39	0	30	15	0	36	55	27	39	25	49	14	1	20	22	24	9	24	1	7	58	57	29	26	49	52	30	2	41	37	33	22	53	18	15	18	2	45	43	11	51	27	8	38	31	53	51	4	41	56	16	27	26	20	57	4	11	22	27	16	49	20	6	31	33	57	27	56	8	41	36	50	19	6	30	59	16	51	9	4	2	0	7	17	40	41	26	15	58	30	33	8	9	46	58	45	4	33	30	17	38	1	45	58	21	53	14	50	55	11	19	1	50	1	15	24	39	15	18	27	25	50	6	34	38	18	6	35	3	3	32	54	29	14	58	48	36	55	7	50	59	21	59	45	45	36	46	49	10	21	42	26	35	37	24	31	3	50	13	23	6	43	34	29	5	59	30	18	59	54	21	20	15	13	50	8	14	6	45	35	49	58	30	38	27	47	29	17	22	43	5	9	2	0	51	33	2	7	48	9	22	19	4	11	45	45	14	54	52	36	25	55	11	43	15	2	23	44	58	17	2	8	36	49	16	21	8	55	16	10	36	38	47	58	45	44	35	30	8	47	41	2	52	30	35	23	7	15	14	27	50	34	42	42	10	21	20	57	12	4	2	5	38	30	48	43	46	6	6	44	5	29	32	56	16	8	13	33	11	17	25	38	47	12	53	40	18	52	37	12	54	7	32	42	29	26	2	49	45	17	54	24	19	5	58	37	30	11	30	37	59	48	18	40	58	51	45	24	4	29	16	12	28	2	10	47	21	24	5	4	53	1	38	31	20	13	6	15	39	20	56	55	0	18	18	10	46	55	20	3	33	37	23	34	46	27	58	34	55	47	3	45	40	57	40	36	19	11	56	28	18	34	53	48	31	34	15	21	49	11	43	52	4	56	37	28	50	7	34	58	28	49	13	3	25	38	24	45	26	21	29	3	46	6	44	35	45	15	31	26	47	48	0	57	13	31	39	48	22	21	9	13	20	50	45	33	35	37	50	29	49	45	14	1	20	11	39	50	32	20	56	38	34	45	32	36	33	55	42	15	6	5	49	38	57	50	54	25	21	44	19	40	32	31	57	25	14	33	37	14	25	33	39	28	30	50	14	17	23	55	9	37	49	38	36	54	12	2	9	42	4	20	26	49	41	35	26	18	2	22	50	29	44	18	35	35	4	29	44	51	54	52	15	19	55	33	36	11	40	52	4	7	27	37	14	53	2	1	27	45	20	41	14	14	14	17	41	0	51	30	25	17	21	32	44	17	56	46	5	54	57	0	43	31	21	28	20	52	14	45	52	51	39	53	31	47	16	35	46	31	18	37	39	37	7	31	55	14	28	29	11	16	41	14	10	30	42	15	44	11	31	11	49	59	22	18	6	45	0	2	39	49	52	33	57	10	55	26	50	11	31	39	18	37	36	55	38	39	57	46	56	15	20	41	51	35	50	18	15	30	37	26	9	17	9	34	36	7	20	42	17	9	17	19	21	57	46	1	35	5	2	0	11	0	24	3	36	42	25	0	53	0	33	31	12	42	39	21	10	53	17	27	15	23	55	54	10	24	4	55	59	13	3	10	55	22	48	22	58	38	15	36	47	31	39	18	51	58	40	15	8	44	53	21	41	48	13	35	6	40	26	58	15	47	59	36	15	55	39	32	10	14	2	29	20	50	30	54	53	22	20	57	29	57	32	34	20	4	48	29	35	12	5	29	23	44	23	34	53	28	26	58	59	31	44	35	2	19	5	39	10	40	9	56	51	33	6	45	10	23	13	43	53	0	35	10	12	15	16	20	20	0	24	29	57	16	57	12	34	20	24	39	8	45	4	38	51	28	58	40	30	20	35	36	57	51	4	54	9	50	51	25	17	42	2	25	51	30	7	26	13	2	8	8	37	52	16	58	10	32	0	6	59	30	38	33	55	31	43	16	27	31	21	0	30	32	12	41	31	20	30	43	19	17	19	13	29	30	51	36	16	34	8	27	16	49	40	3	36	43	25	35	31	45	21	43	26	36	28	23	57	1	2	22	19	29	5	35	10	34	40	23	48	16	25	19	37	52	0	44	42	49	45	29	20	22	32	49	16	47	3	3	38	56	54	47	5	16	33	36	25	22	21	27	32	33	32	44	30	11	23	2	3	12	59	4	57	49	48	39	10	39	13	45	1	0	45	3	40	10	31	55	29	3	20	22	49	10	32	2	41	46	20	57	35	21	46	55	53	0	35	49	44	41	51	21	39	46	33	37	18	35	25	23	53	30	18	8	12	29	56	47	22	6	45	40	10	19	39	58	57	11	9	44	52	5	43	56	36	58	22	41	10	47	51	5	12	20	35	42	58	41	15	24	18	56	3	18	36	31	34	50	5	55	8	37	17	12	39	42	35	48	48	50	57	33	42	8	51	27	23	34	48	39	11	5	5	58	51	40	51	58	39	11	3	27	13	2	21	10	16	43	31	19	3	5	55	38	18	57	53	10	9	50	14	18	47	36	55	3	25	33	56	4	39	23	9	9	1	22	28	25	45	49	26	37	30	36	39	40	24	15	43	19	34	41	52	52	38	53	35	57	1	8	40	7	16	42	33	29	36	30	32	46	20	54	34	8	0	39	38	27	41	14	6	54	42	15	1	27	34	50	9	42	46	37	34	33	24	52	50	36	3	16	59	14	28	16	57	25	9	
9	6	7	17	14	20	6	17	12	4	11	11	15	9	10	18	14	11	8	15	16	7	15	15	15	10	7	2	12	17	17	17	20	13	3	18	20	20	5	2	4	13	20	1	11	10	18	13	12	1	19	18	1	10	16	14	19	9	11	2	2	5	8	6	13	18	20	16	7	5	8	16	6	19	10	16	7	13	3	13	15	20	18	7	6	17	2	7	3	1	11	16	1	14	15	12	2	11	18	3	7	7	9	8	5	9	13	15	15	17	10	10	18	8	14	17	17	17	9	7	10	16	16	19	14	15	19	9	13	19	9	10	17	17	10	12	18	14	6	6	1	14	4	15	5	15	12	8	12	14	3	20	1	11	10	14	15	16	12	12	5	15	6	8	9	13	10	14	9	10	5	12	15	14	8	4	6	5	4	2	10	6	6	8	12	12	6	1	13	5	16	9	13	10	15	4	16	2	2	16	7	7	13	11	4	16	14	7	13	14	14	4	4	16	15	15	5	13	14	13	11	12	6	13	10	6	7	15	4	1	8	8	8	14	7	7	16	7	15	8	8	9	11	11	1	5	11	14	6	10	12	3	12	2	5	2	11	9	4	16	13	12	14	14	12	15	2	16	2	14	3	16	14	12	4	11	7	8	7	3	1	4	6	14	6	7	4	7	9	4	14	6	5	9	3	3	9	5	16	5	4	14	12	9	15	9	5	11	2	11	12	6	7	8	7	12	14	5	15	5	6	15	9	3	16	12	1	3	14	10	4	9	4	5	13	6	7	9	13	2	10	13	2	3	1	6	4	5	9	3	13	9	2	15	10	2	8	6	12	10	10	16	2	11	8	6	15	11	5	16	2	3	3	11	4	8	6	1	12	4	3	7	6	14	7	2	3	1	16	11	11	16	9	14	14	1	6	11	1	1	9	6	12	13	10	5	16	16	5	13	14	8	11	14	9	14	7	7	11	5	9	10	12	1	16	3	12	14	6	8	3	13	5	8	13	10	15	12	3	5	1	12	2	2	1	13	14	8	10	7	2	10	10	7	5	6	8	8	8	13	7	5	6	5	13	8	3	11	11	6	10	15	4	8	1	6	4	8	15	13	1	9	2	3	15	10	4	12	16	4	4	10	9	15	9	11	1	5	16	8	11	1	16	15	10	8	8	5	9	9	4	16	3	1	13	2	4	15	11	2	16	6	10	4	5	3	12	3	4	5	1	2	11	14	9	6	3	12	4	7	2	2	10	12	8	15	3	11	13	13	9	8	14	1	1	15	13	11	3	4	3	2	13	16	15	11	7	9	4	4	2	12	6	1	10	10	5	3	7	6	13	3	4	10	11	8	10	10	4	15	6	14	3	8	6	15	15	14	3	1	16	1	12	13	10	1	11	16	9	10	5	7	1	12	3	8	8	14	11	12	1	4	4	5	8	16	14	12	9	4	3	2	1	14	8	4	4	12	11	6	5	2	4	9	13	3	14	1	13	10	11	4	6	3	6	5	1	2	8	6	4	13	16	16	3	2	2	3	16	6	3	7	12	5	3	7	15	4	15	10	2	14	6	1	3	6	15	7	14	2	2	6	3	8	10	1	14	2	15	11	4	15	5	8	4	4	2	14	15	1	7	15	14	7	8	10	8	14	4	9	16	1	1	16	5	1	12	6	4	4	12	6	14	1	6	1	10	9	15	2	7	16	5	11	8	16	7	1	3	3	6	7	10	1	14	7	4	5	16	3	1	1	4	4	12	14	2	9	12	3	13	2	12	3	4	3	6	15	15	6	8	13	9	5	5	13	4	1	16	11	10	7	13	4	9	4	1	4	9	4	4	8	6	16	10	6	1	7	4	11	2	14	5	16	12	8	3	3	14	13	8	13	11	3	8	8	11	11	12	5	3	14	5	9	13	8	6	2	8	15	14	1	7	11	6	9	6	2	1	12	12	12	8	9	3	14	3	2	4	7	15	12	9	13	1	13	13	5	8	7	9	13	3	8	10	3	9	6	13	5	10	3	10	1	9	8	4	1	15	15	15	1	13	9	9	14	13	4	1	6	6	2	12	16	13	13	2	13	10	12	15	11	4	6	1	6	1	15	5	6	14	7	12	5	1	14	16	1	4	14	10	12	11	7	10	6	13	3	4	7	7	16	11	1	2	1	14	8	5	15	6	9	4	5	10	8	9	13	12	11	12	9	3	11	14	14	4	12	6	14	15	3	10	16	2	12	9	4	1	14	2	4	10	6	10	11	7	8	13	11	15	8	1	3	14	5	14	2	9	5	2	11	14	15	7	13	4	8	15	3	2	14	9	10	4	7	13	5	14	1	1	7	15	16	8	9	3	1	12	16	10	1	9	3	7	11	11	15	11	2	9	7	3	5	1	6	1	2	10	5	12	13	1	12	4	9	7	16	14	12	13	1	9	10	5	12	12	14	4	12	13	7	6	12	7	15	7	2	10	16	2	11	15	12	14	8	15	9	16	15	9	12	15	16	5	4	2	3	4	10	12	14	2	7	9	1	9	11	12	10	5	1	13	10	4	12	14	13	3	2	1	5	10	9	2	4	11	3	6	9	12	10	1	6	16	7	8	11	4	5	8	9	12	11	4	10	9	16	10	4	13	5	14	6	6	7	3	3	3	9	15	13	10	8	2	9	11	4	5	16	5	4	11	1	16	13	4	12	15	13	15	10	15	11	8	9	4	6	3	10	8	16	3	13	10	4	4	11	15	7	3	15	9	13	9	7	6	7	6	1	10	10	16	9	15	16	6	13	10	8	11	6	6	2	5	7	1	10	5	12	16	14	10	4	8	15	10	16	1	
520	550	430	960	860	820	400	780	140	600	980	370	810	260	300	510	770	980	570	590	160	530	550	490	240	370	270	670	160	230	980	240	600	680	460	860	460	660	640	720	270	190	700	690	220	920	540	130	570	170	990	890	350	910	370	680	420	440	320	530	430	980	740	170	890	980	990	840	220	860	690	460	340	130	760	380	370	260	500	600	160	920	450	800	230	220	620	250	200	540	220	350	230	130	680	670	480	700	250	110	940	460	880	960	490	590	270	880	420	770	300	220	510	390	860	410	230	770	710	430	430	770	410	390	570	200	640	740	710	230	960	220	470	240	180	480	700	950	690	130	140	440	440	280	610	830	970	790	930	630	180	790	210	840	850	470	160	830	970	1000	410	280	990	560	690	440	520	850	300	160	400	360	610	320	670	150	570	460	450	230	460	520	840	450	710	520	980	110	690	360	150	770	500	910	270	610	440	970	110	910	750	660	110	390	380	920	240	430	100	360	180	660	530	800	500	690	600	640	830	480	210	970	800	530	830	100	290	660	270	240	1000	190	590	700	290	280	530	350	520	170	700	390	970	280	720	120	350	560	270	840	400	440	550	180	170	360	460	630	850	580	290	510	910	480	710	250	900	930	880	600	930	900	600	390	570	370	300	550	400	150	570	630	680	660	850	130	310	440	620	450	500	340	250	840	110	960	140	420	940	430	870	450	300	490	840	560	280	400	210	490	770	440	630	190	230	520	180	690	720	320	630	870	530	490	1000	960	460	790	770	210	710	920	140	770	160	250	530	140	590	750	420	510	210	630	290	740	540	620	620	230	200	440	810	200	720	970	250	790	950	380	840	980	240	850	950	760	630	820	770	200	230	460	590	630	230	670	460	960	220	380	720	330	140	410	660	850	210	640	840	210	710	510	650	160	900	300	950	630	640	280	630	590	330	900	480	260	420	140	230	840	880	520	760	890	570	930	930	540	600	550	370	340	800	830	850	990	740	580	820	800	140	370	140	370	410	480	800	180	880	670	140	870	170	880	590	470	190	900	710	640	380	850	570	250	650	240	500	1000	480	300	810	650	560	920	580	850	480	520	500	480	360	930	470	700	380	630	960	970	630	980	400	720	600	300	780	140	720	200	270	570	1000	530	220	650	910	340	420	660	940	430	230	710	860	260	580	190	420	290	620	970	670	140	450	140	250	480	850	540	340	830	490	320	830	740	700	790	490	700	160	110	110	970	230	720	670	260	130	790	190	990	910	580	870	300	430	260	950	870	530	230	120	620	910	500	910	150	200	120	690	260	890	950	150	140	200	460	840	450	720	910	650	760	540	830	580	900	550	170	920	310	160	780	350	110	170	120	540	420	370	270	180	480	470	420	270	290	530	730	950	420	620	420	690	690	400	740	640	840	190	610	920	430	680	930	400	170	650	410	500	530	680	560	690	300	340	410	560	560	850	820	760	630	250	920	640	830	910	970	970	570	840	320	450	800	490	330	260	420	330	980	630	620	1000	380	890	960	810	580	130	790	310	570	210	800	670	290	860	930	910	410	690	800	990	450	830	990	330	390	790	990	970	510	840	380	780	870	890	590	170	120	360	180	400	800	750	430	440	820	700	290	430	230	750	680	140	270	800	100	650	500	930	660	270	350	140	820	620	630	470	430	600	460	850	230	170	650	570	830	240	890	100	940	900	820	780	250	640	840	260	780	740	670	960	260	770	800	350	720	320	380	170	870	710	250	330	360	960	740	800	210	270	840	700	510	700	450	410	200	620	390	240	510	600	510	270	1000	360	360	500	190	630	100	630	290	500	770	740	360	810	820	140	590	670	440	180	180	600	490	820	260	920	650	310	540	540	1000	140	700	570	430	780	530	100	510	510	140	930	150	850	480	570	120	890	380	820	190	930	770	190	270	390	190	200	610	720	790	600	720	720	310	340	1000	600	810	940	150	170	330	760	910	660	790	770	570	550	140	320	940	650	680	700	810	780	280	180	820	910	420	990	540	450	420	400	230	990	130	570	590	650	310	850	810	110	920	470	140	320	390	920	640	430	450	730	950	910	650	640	610	250	970	460	610	170	810	870	880	420	480	100	320	810	600	970	400	200	130	380	130	240	350	370	890	690	440	220	200	870	220	950	970	680	560	240	1000	840	670	180	630	140	940	700	230	620	850	230	450	660	730	350	300	310	510	320	500	900	850	310	920	850	580	470	100	170	930	810	890	930	270	150	700	520	710	550	660	370	150	600	310	780	330	460	610	240	140	350	140	910	630	790	330	810	160	340	530	330	620	220	210	640	960	820	300	760	190	230	880	620	570	520	920	670	920	280	120	310	730	270	100	570	600	600	840	280	420	470	210	340	300	710	380	1000	940	850	860	580	240	890	140	570	890	200	870	780	650	700	510	310	530	770	950	780	100	420	480	600	140	320	350	230	730	770	980	780	390	570	730	230	830	180	490	720	220	730	610	560	850	690	700	320	110	110	710	920	330	370	160	690	170	440	370	120	150	390	1000	610	320	230	470	950	720	950	840	660	110	870	890	840	530	310	200	310	600	750	840	470	830	490	930	290	500	360	720	670	440	380	990	920	940	210	940	510	640	930	450	610	430	920	450	790	480	190	570	760	710	610	370	630	580	580	350	520	760	640	180	960	820	830	810	230	300	640	430	750	700	560	800	920	100	700	250	540	860	940	690	350	860	870	490	580	840	980	850	420	100	650	680	370	380	770	240	940	620	980	880	590	850	470	960	430	490	600	930	600	450	850	910	790	760	690	290	670	570	540	850	980	620	800	110	460	910	280	810	470	990	600	710	580	410	260	200	510	350	960	920	400	390	160	900	110	
100
