885
60
4
50
0	0	0	0	0	0	0	0	0	0	0	0	0	0	0	0	0	500	0	0	0	0	0	0	0	0	0	500	0	0	0	0	0	0	0	0	0	0	0	0	0	0	0	0	0	0	0	500	0	0	0	0	0	0	0	0	0	0	500	0	
0	0	0	0	0	0	0	0	0	0	0	0	0	0	0	0	0	0	0	0	500	0	0	0	0	0	0	0	500	0	0	0	0	500	0	0	0	0	0	0	0	0	0	0	0	0	0	0	0	0	0	0	0	500	0	0	0	0	0	0	
0	0	0	0	0	500	0	0	0	0	0	0	0	500	0	0	0	0	0	0	0	0	0	0	0	0	0	0	0	0	0	0	0	0	0	0	0	0	0	0	0	0	0	0	0	0	500	0	0	0	0	0	0	500	0	0	0	0	0	0	
0	0	0	0	0	0	500	0	0	0	0	0	0	0	0	0	0	0	0	0	0	0	0	0	0	500	0	0	0	500	0	0	0	0	0	0	0	0	0	0	0	0	0	0	0	0	0	0	0	0	0	0	0	0	0	500	0	0	0	0	
0	0	0	0	0	0	500	0	0	500	0	0	0	0	0	0	0	0	0	0	0	0	0	0	0	500	0	0	0	0	0	0	0	0	0	0	0	0	0	0	0	0	0	0	0	0	0	0	500	0	0	0	0	0	0	0	0	0	0	0	
0	0	500	0	0	0	0	0	0	0	0	0	0	0	0	0	0	0	0	0	0	0	0	0	0	0	0	0	500	0	0	0	0	0	0	0	0	0	0	0	0	0	0	0	0	0	500	0	0	0	0	0	500	0	0	0	0	0	0	0	
0	0	0	500	500	0	0	0	0	500	0	0	0	0	0	0	0	0	0	0	0	0	0	0	0	500	0	0	0	0	0	0	0	0	0	0	0	0	0	0	0	0	0	0	0	0	0	0	0	0	0	0	0	0	0	0	0	0	0	0	
0	0	0	0	0	0	0	0	0	0	0	0	0	0	0	0	0	0	0	0	0	0	0	0	0	0	500	0	0	0	0	0	0	0	0	0	0	0	0	0	0	0	0	0	500	0	0	0	0	500	0	0	0	0	0	0	500	0	0	0	
0	0	0	0	0	0	0	0	0	0	0	0	0	0	0	0	0	0	0	0	0	0	500	0	500	0	0	0	0	0	0	0	0	0	0	0	0	0	500	0	0	0	0	0	0	0	0	0	0	0	0	0	0	0	0	0	0	0	0	500	
0	0	0	0	500	0	500	0	0	0	0	0	0	0	0	0	0	0	0	0	0	0	0	0	0	500	0	0	0	0	0	0	0	0	0	0	0	0	0	0	0	0	0	0	0	0	0	0	500	0	0	0	0	0	0	0	0	0	0	0	
0	0	0	0	0	0	0	0	0	0	0	0	0	0	0	0	0	500	0	0	0	0	0	0	0	0	0	0	0	0	0	0	0	0	0	0	0	0	0	0	0	0	0	0	0	500	0	0	0	500	0	0	0	0	0	0	500	0	0	0	
0	0	0	0	0	0	0	0	0	0	0	0	0	0	0	0	0	500	500	0	0	0	0	0	0	0	0	0	0	0	0	0	0	0	0	500	0	0	0	0	0	0	0	0	0	0	0	0	0	0	0	0	0	0	500	0	0	0	0	0	
0	0	0	0	0	0	0	0	0	0	0	0	0	0	0	0	0	0	0	0	0	0	0	0	0	0	0	0	0	0	0	0	0	0	0	0	0	0	0	0	0	0	0	0	0	500	0	500	0	0	0	0	0	0	0	0	0	0	500	500	
0	0	500	0	0	0	0	0	0	0	0	0	0	0	0	0	0	0	0	0	0	0	0	0	0	0	0	0	500	0	0	0	0	0	0	0	0	0	0	0	0	0	0	0	0	0	500	0	0	0	0	0	0	500	0	0	0	0	0	0	
0	0	0	0	0	0	0	0	0	0	0	0	0	0	0	0	500	0	0	0	0	0	0	0	0	0	0	0	0	0	0	0	0	0	0	0	500	0	0	0	0	0	500	500	0	0	0	0	0	0	0	0	0	0	0	0	0	0	0	0	
0	0	0	0	0	0	0	0	0	0	0	0	0	0	0	0	0	0	0	500	0	0	0	0	0	0	0	0	0	0	0	0	0	500	0	0	0	500	0	0	0	0	0	0	0	0	0	0	0	0	500	0	0	0	0	0	0	0	0	0	
0	0	0	0	0	0	0	0	0	0	0	0	0	0	500	0	0	0	0	0	0	0	0	0	500	0	0	0	0	0	0	0	0	0	0	0	500	0	0	0	0	500	0	0	0	0	0	0	0	0	0	0	0	0	0	0	0	0	0	0	
500	0	0	0	0	0	0	0	0	0	500	500	0	0	0	0	0	0	0	0	0	0	0	0	0	0	0	0	0	0	0	0	0	0	0	0	0	0	0	0	0	0	0	0	0	0	0	500	0	0	0	0	0	0	0	0	0	0	0	0	
0	0	0	0	0	0	0	0	0	0	0	500	0	0	0	0	0	0	0	0	0	0	0	0	0	0	0	0	0	0	0	0	0	0	500	0	0	0	0	0	0	0	0	0	0	0	0	0	0	0	0	500	0	0	500	0	0	0	0	0	
0	0	0	0	0	0	0	0	0	0	0	0	0	0	0	500	0	0	0	0	0	0	0	0	0	0	0	0	0	0	0	0	0	500	0	0	0	500	0	0	0	0	0	0	0	0	0	0	0	0	500	0	0	0	0	0	0	0	0	0	
0	500	0	0	0	0	0	0	0	0	0	0	0	0	0	0	0	0	0	0	0	0	0	0	0	0	0	0	0	0	0	0	0	500	0	0	0	500	0	0	0	0	0	0	0	0	0	0	0	0	0	0	0	0	0	0	0	500	0	0	
0	0	0	0	0	0	0	0	0	0	0	0	0	0	0	0	0	0	0	0	0	0	0	500	0	0	0	0	0	0	500	0	500	0	0	0	0	0	0	0	0	0	500	0	0	0	0	0	0	0	0	0	0	0	0	0	0	0	0	0	
0	0	0	0	0	0	0	0	500	0	0	0	0	0	0	0	0	0	0	0	0	0	0	0	500	0	0	0	0	0	0	0	0	0	0	0	0	0	500	0	0	500	0	0	0	0	0	0	0	0	0	0	0	0	0	0	0	0	0	0	
0	0	0	0	0	0	0	0	0	0	0	0	0	0	0	0	0	0	0	0	0	500	0	0	0	0	0	0	0	0	500	0	500	0	0	0	0	0	0	0	500	0	0	0	0	0	0	0	0	0	0	0	0	0	0	0	0	0	0	0	
0	0	0	0	0	0	0	0	500	0	0	0	0	0	0	0	500	0	0	0	0	0	500	0	0	0	0	0	0	0	0	0	0	0	0	0	0	0	0	0	0	500	0	0	0	0	0	0	0	0	0	0	0	0	0	0	0	0	0	0	
0	0	0	500	500	0	500	0	0	500	0	0	0	0	0	0	0	0	0	0	0	0	0	0	0	0	0	0	0	0	0	0	0	0	0	0	0	0	0	0	0	0	0	0	0	0	0	0	0	0	0	0	0	0	0	0	0	0	0	0	
0	0	0	0	0	0	0	500	0	0	0	0	0	0	0	0	0	0	0	0	0	0	0	0	0	0	0	0	0	0	0	0	0	0	0	0	0	500	0	0	0	0	0	0	500	0	0	0	0	0	0	0	0	0	0	0	500	0	0	0	
500	0	0	0	0	0	0	0	0	0	0	0	0	0	0	0	0	0	0	0	0	0	0	0	0	0	0	0	0	0	0	0	0	0	0	500	0	0	0	0	0	0	0	0	0	0	0	500	0	0	0	0	0	0	500	0	0	0	0	0	
0	500	0	0	0	500	0	0	0	0	0	0	0	500	0	0	0	0	0	0	0	0	0	0	0	0	0	0	0	0	0	0	0	0	0	0	0	0	0	0	0	0	0	0	0	0	0	0	0	0	0	0	500	0	0	0	0	0	0	0	
0	0	0	500	0	0	0	0	0	0	0	0	0	0	0	0	0	0	0	0	0	0	0	0	0	0	0	0	0	0	0	0	0	0	0	0	0	0	0	0	0	0	0	0	0	0	0	0	500	0	0	0	0	0	0	500	500	0	0	0	
0	0	0	0	0	0	0	0	0	0	0	0	0	0	0	0	0	0	0	0	0	500	0	500	0	0	0	0	0	0	0	0	0	0	0	0	0	0	0	500	500	0	0	0	0	0	0	0	0	0	0	0	0	0	0	0	0	0	0	0	
0	0	0	0	0	0	0	0	0	0	0	0	0	0	0	0	0	0	0	0	0	0	0	0	0	0	0	0	0	0	0	0	0	0	0	0	0	0	0	0	0	0	0	0	500	0	0	0	0	0	500	0	0	500	0	0	0	500	0	0	
0	0	0	0	0	0	0	0	0	0	0	0	0	0	0	0	0	0	0	0	0	500	0	500	0	0	0	0	0	0	0	0	0	0	0	0	0	0	0	0	500	0	500	0	0	0	0	0	0	0	0	0	0	0	0	0	0	0	0	0	
0	500	0	0	0	0	0	0	0	0	0	0	0	0	0	500	0	0	0	500	500	0	0	0	0	0	0	0	0	0	0	0	0	0	0	0	0	0	0	0	0	0	0	0	0	0	0	0	0	0	0	0	0	0	0	0	0	0	0	0	
0	0	0	0	0	0	0	0	0	0	0	0	0	0	0	0	0	0	500	0	0	0	0	0	0	0	0	0	0	0	0	0	0	0	0	500	0	0	0	0	0	0	0	0	0	0	0	0	0	0	0	500	0	0	500	0	0	0	0	0	
0	0	0	0	0	0	0	0	0	0	0	500	0	0	0	0	0	0	0	0	0	0	0	0	0	0	0	500	0	0	0	0	0	0	500	0	0	0	0	0	0	0	0	0	0	0	0	0	0	0	0	500	0	0	0	0	0	0	0	0	
0	0	0	0	0	0	0	0	0	0	0	0	0	0	500	0	500	0	0	0	0	0	0	0	0	0	0	0	0	0	0	0	0	0	0	0	0	0	0	0	0	500	0	500	0	0	0	0	0	0	0	0	0	0	0	0	0	0	0	0	
0	0	0	0	0	0	0	0	0	0	0	0	0	0	0	500	0	0	0	500	500	0	0	0	0	0	500	0	0	0	0	0	0	0	0	0	0	0	0	0	0	0	0	0	0	0	0	0	0	0	0	0	0	0	0	0	0	0	0	0	
0	0	0	0	0	0	0	0	500	0	0	0	0	0	0	0	0	0	0	0	0	0	500	0	0	0	0	0	0	0	0	0	0	0	0	0	0	0	0	0	0	0	0	500	0	0	0	0	500	0	0	0	0	0	0	0	0	0	0	0	
0	0	0	0	0	0	0	0	0	0	0	0	0	0	0	0	0	0	0	0	0	0	0	0	0	0	0	0	0	0	500	0	0	0	0	0	0	0	0	0	500	0	0	500	0	0	0	0	0	0	0	0	0	0	0	500	0	0	0	0	
0	0	0	0	0	0	0	0	0	0	0	0	0	0	0	0	0	0	0	0	0	0	0	500	0	0	0	0	0	0	500	0	500	0	0	0	0	0	0	500	0	0	0	0	0	0	0	0	0	0	0	0	0	0	0	0	0	0	0	0	
0	0	0	0	0	0	0	0	0	0	0	0	0	0	0	0	500	0	0	0	0	0	500	0	500	0	0	0	0	0	0	0	0	0	0	0	500	0	0	0	0	0	0	0	0	0	0	0	0	0	0	0	0	0	0	0	0	0	0	0	
0	0	0	0	0	0	0	0	0	0	0	0	0	0	500	0	0	0	0	0	0	500	0	0	0	0	0	0	0	0	0	0	500	0	0	0	0	0	0	0	0	0	0	0	0	0	0	0	0	0	0	0	0	0	0	500	0	0	0	0	
0	0	0	0	0	0	0	0	0	0	0	0	0	0	500	0	0	0	0	0	0	0	0	0	0	0	0	0	0	0	0	0	0	0	0	0	500	0	500	500	0	0	0	0	0	0	0	0	0	0	0	0	0	0	0	0	0	0	0	0	
0	0	0	0	0	0	0	500	0	0	0	0	0	0	0	0	0	0	0	0	0	0	0	0	0	0	500	0	0	0	0	500	0	0	0	0	0	0	0	0	0	0	0	0	0	0	0	0	0	500	0	0	0	0	0	0	0	0	0	0	
0	0	0	0	0	0	0	0	0	0	500	0	500	0	0	0	0	0	0	0	0	0	0	0	0	0	0	0	0	0	0	0	0	0	0	0	0	0	0	0	0	0	0	0	0	0	0	0	0	500	0	0	0	0	0	0	0	0	500	0	
0	0	500	0	0	500	0	0	0	0	0	0	0	500	0	0	0	0	0	0	0	0	0	0	0	0	0	0	0	0	0	0	0	0	0	0	0	0	0	0	0	0	0	0	0	0	0	0	0	0	0	0	500	0	0	0	0	0	0	0	
500	0	0	0	0	0	0	0	0	0	0	0	500	0	0	0	0	500	0	0	0	0	0	0	0	0	0	500	0	0	0	0	0	0	0	0	0	0	0	0	0	0	0	0	0	0	0	0	0	0	0	0	0	0	0	0	0	0	0	0	
0	0	0	0	500	0	0	0	0	500	0	0	0	0	0	0	0	0	0	0	0	0	0	0	0	0	0	0	0	500	0	0	0	0	0	0	0	0	500	0	0	0	0	0	0	0	0	0	0	0	0	0	0	0	0	0	0	0	0	0	
0	0	0	0	0	0	0	500	0	0	500	0	0	0	0	0	0	0	0	0	0	0	0	0	0	0	0	0	0	0	0	0	0	0	0	0	0	0	0	0	0	0	0	0	500	500	0	0	0	0	0	0	0	0	0	0	0	0	0	0	
0	0	0	0	0	0	0	0	0	0	0	0	0	0	0	500	0	0	0	500	0	0	0	0	0	0	0	0	0	0	0	500	0	0	0	0	0	0	0	0	0	0	0	0	0	0	0	0	0	0	0	0	0	0	0	0	0	500	0	0	
0	0	0	0	0	0	0	0	0	0	0	0	0	0	0	0	0	0	500	0	0	0	0	0	0	0	0	0	0	0	0	0	0	0	500	500	0	0	0	0	0	0	0	0	0	0	0	0	0	0	0	0	0	0	0	0	0	500	0	0	
0	0	0	0	0	500	0	0	0	0	0	0	0	0	0	0	0	0	0	0	0	0	0	0	0	0	0	0	500	0	0	0	0	0	0	0	0	0	0	0	0	0	0	0	0	0	500	0	0	0	0	0	0	0	0	0	0	0	500	0	
0	500	500	0	0	0	0	0	0	0	0	0	0	500	0	0	0	0	0	0	0	0	0	0	0	0	0	0	0	0	0	500	0	0	0	0	0	0	0	0	0	0	0	0	0	0	0	0	0	0	0	0	0	0	0	0	0	0	0	0	
0	0	0	0	0	0	0	0	0	0	0	500	0	0	0	0	0	0	500	0	0	0	0	0	0	0	0	500	0	0	0	0	0	0	500	0	0	0	0	0	0	0	0	0	0	0	0	0	0	0	0	0	0	0	0	0	0	0	0	0	
0	0	0	500	0	0	0	0	0	0	0	0	0	0	0	0	0	0	0	0	0	0	0	0	0	0	0	0	0	500	0	0	0	0	0	0	0	0	0	500	0	0	500	0	0	0	0	0	0	0	0	0	0	0	0	0	0	0	0	0	
0	0	0	0	0	0	0	500	0	0	500	0	0	0	0	0	0	0	0	0	0	0	0	0	0	0	500	0	0	500	0	0	0	0	0	0	0	0	0	0	0	0	0	0	0	0	0	0	0	0	0	0	0	0	0	0	0	0	0	0	
0	0	0	0	0	0	0	0	0	0	0	0	0	0	0	0	0	0	0	0	500	0	0	0	0	0	0	0	0	0	0	500	0	0	0	0	0	0	0	0	0	0	0	0	0	0	0	0	0	0	500	500	0	0	0	0	0	0	0	0	
500	0	0	0	0	0	0	0	0	0	0	0	500	0	0	0	0	0	0	0	0	0	0	0	0	0	0	0	0	0	0	0	0	0	0	0	0	0	0	0	0	0	0	0	0	500	0	0	0	0	0	0	500	0	0	0	0	0	0	0	
0	0	0	0	0	0	0	0	500	0	0	0	500	0	0	0	0	0	0	0	0	0	0	0	0	0	0	0	0	0	0	0	0	0	0	0	0	0	0	0	0	0	0	0	0	0	0	0	0	0	0	0	0	0	0	0	0	0	0	0	
9	52	16	59	29	29	23	9	3	3	13	17	34	23	32	35	52	22	2	21	17	4	9	59	55	36	49	15	7	2	23	17	26	19	1	22	48	19	46	36	31	13	5	36	12	28	6	18	11	23	10	59	43	5	26	17	58	5	32	48	52	58	16	26	40	47	51	3	44	47	34	13	21	40	54	32	31	43	13	17	28	53	2	30	41	59	36	40	46	10	52	59	21	43	33	40	7	46	54	43	47	9	8	45	42	11	28	40	32	35	9	1	31	17	50	49	47	35	37	29	49	34	58	6	43	34	4	9	17	8	58	35	20	31	59	2	5	1	50	5	26	42	45	43	39	13	4	59	30	35	10	32	55	10	2	50	11	55	15	50	36	30	16	53	25	53	47	48	22	33	40	52	29	58	58	14	49	13	16	47	10	4	28	56	58	44	43	15	4	1	6	19	8	37	22	35	44	21	52	55	3	25	52	15	29	42	32	42	23	39	9	4	11	6	44	42	45	19	14	5	29	15	8	12	42	56	35	14	10	2	40	56	48	17	1	5	49	49	50	34	36	12	21	40	56	58	43	59	36	52	8	5	35	56	10	40	1	10	46	0	23	16	19	24	8	46	37	48	59	27	21	11	28	34	20	48	5	54	31	12	55	13	32	30	22	23	22	21	0	47	16	54	13	32	45	16	51	33	36	19	39	1	40	29	53	17	20	28	2	52	44	2	49	46	9	56	52	23	40	13	31	21	26	16	1	29	40	42	19	40	19	46	47	47	56	19	50	42	5	30	40	4	25	38	59	16	27	34	28	32	2	50	59	29	9	24	5	19	12	4	6	46	34	49	58	24	18	28	10	36	10	36	44	38	5	16	48	20	25	31	27	31	38	9	42	18	55	58	31	35	14	46	22	32	33	32	46	44	11	0	35	33	39	48	49	17	48	50	24	11	10	56	23	54	58	46	10	57	10	50	18	26	57	26	27	55	35	58	5	14	39	20	35	14	19	7	57	52	2	26	24	32	20	48	8	49	48	11	16	46	0	4	48	1	26	2	58	42	12	23	30	54	16	26	47	12	3	19	53	46	45	8	35	28	8	19	25	31	55	25	53	13	10	42	35	15	1	56	47	44	20	31	53	18	47	23	54	34	30	27	45	58	44	17	35	36	21	47	4	44	40	53	40	59	26	34	14	7	6	27	28	29	30	53	17	1	30	34	6	43	22	54	10	1	46	49	25	7	29	32	12	53	51	3	6	12	15	44	36	0	38	45	30	48	46	20	54	2	24	51	47	28	51	42	43	46	48	56	17	29	1	3	44	33	19	48	4	1	49	5	30	31	55	35	26	51	13	14	53	38	27	53	32	59	41	0	6	26	37	47	25	57	35	14	19	27	46	59	12	26	41	13	28	48	51	27	10	14	46	16	11	5	10	56	39	3	14	47	29	55	27	56	45	3	55	18	49	8	7	49	19	40	52	17	13	39	41	47	13	5	47	33	7	55	33	29	4	51	33	37	33	4	3	28	39	30	48	35	12	56	4	26	48	19	10	27	7	51	8	52	13	46	28	54	0	44	30	10	6	49	50	15	13	12	29	15	14	23	9	35	43	16	14	37	26	14	36	37	9	33	48	18	43	16	7	44	53	28	50	12	28	41	8	25	51	44	26	7	46	0	37	24	17	46	37	42	31	43	48	21	27	35	38	16	38	38	50	3	43	53	37	12	28	57	34	1	25	21	6	43	0	24	17	43	57	53	47	23	36	40	28	44	24	9	39	35	16	9	8	39	40	44	50	18	18	44	7	37	36	15	52	23	9	46	40	58	45	24	10	33	58	21	5	37	15	39	47	6	0	56	31	1	10	49	25	14	22	12	19	35	17	35	4	31	17	10	49	44	25	15	34	29	8	26	5	26	26	11	23	53	15	54	46	57	5	6	49	55	29	50	15	47	50	57	13	37	54	11	58	22	54	38	22	53	6	32	42	33	59	42	31	9	58	30	32	38	46	0	20	49	26	9	20	45	59	
21	18	3	42	19	24	47	43	55	58	12	28	26	30	34	5	49	18	43	20	33	58	19	26	34	55	40	7	55	50	1	53	19	52	42	9	9	42	37	35	0	46	9	21	30	47	59	39	28	56	34	19	51	41	18	30	56	51	33	1	27	59	34	16	31	14	54	53	11	10	8	28	25	34	11	23	43	5	8	31	56	51	7	0	46	29	1	56	22	40	48	11	24	57	4	16	39	36	33	6	37	42	38	47	54	54	39	41	30	5	52	8	8	44	51	39	15	36	28	1	30	35	17	20	56	45	59	48	56	20	18	20	57	39	39	19	34	29	56	47	34	58	14	16	33	36	45	37	31	46	2	41	3	23	43	10	53	56	1	12	25	0	36	18	42	50	33	11	4	50	42	41	15	17	48	5	14	5	43	23	17	45	13	34	41	36	10	45	38	7	52	26	35	33	47	17	16	17	41	9	46	51	10	33	42	5	56	35	53	58	23	51	12	13	13	40	39	46	6	18	6	1	2	2	29	53	58	48	49	49	22	33	58	36	8	42	36	55	59	3	25	3	58	21	45	48	56	42	6	9	28	46	45	5	2	58	14	40	59	19	15	18	11	34	33	16	55	58	27	26	5	5	29	21	42	32	0	39	35	32	14	1	36	2	42	59	7	39	59	2	41	45	38	36	59	19	6	34	26	35	2	44	58	34	6	20	49	46	3	2	24	14	23	55	31	40	46	22	9	25	25	1	53	27	53	43	45	1	4	17	21	41	33	19	8	37	36	43	21	36	19	49	54	1	13	55	56	59	30	46	19	44	23	57	17	6	57	8	3	57	19	32	12	13	40	10	44	4	44	24	31	54	1	14	31	54	51	58	57	28	23	0	41	44	34	45	50	41	9	49	48	31	12	45	13	20	33	38	33	30	41	16	1	51	41	30	29	13	44	31	41	21	25	53	25	45	27	37	23	27	40	30	9	51	59	56	25	52	44	13	3	35	48	24	3	43	25	25	41	15	15	33	5	31	9	38	31	26	3	31	23	0	43	19	45	28	1	36	47	14	35	30	41	5	54	32	42	47	26	11	20	4	31	57	0	40	2	34	29	5	31	43	21	31	29	58	16	12	29	4	43	50	40	36	23	21	31	20	45	9	7	50	54	40	10	49	4	53	31	28	42	54	45	26	45	43	21	17	58	31	55	0	17	5	20	29	23	46	22	30	46	10	27	5	27	43	37	6	49	54	27	55	9	4	53	19	34	21	44	12	48	51	51	36	24	0	43	46	0	47	11	13	36	57	11	30	22	39	32	18	12	38	15	38	5	28	57	31	5	8	4	26	3	29	54	52	4	26	7	55	48	29	42	38	43	51	49	33	35	10	38	16	55	52	4	24	17	45	1	9	18	10	6	37	14	56	19	37	20	10	55	42	16	55	55	34	19	2	43	2	56	53	21	8	26	15	56	19	49	18	55	46	18	34	9	8	8	1	44	51	59	24	29	46	57	57	8	33	5	9	59	9	48	17	12	53	10	19	7	55	49	6	0	1	19	46	33	54	16	38	54	42	9	53	19	27	31	7	7	56	20	39	7	57	3	55	55	19	59	58	45	19	39	51	50	21	41	56	3	43	54	51	55	42	55	6	6	46	37	36	7	30	39	48	40	40	50	17	17	52	31	8	34	28	14	5	53	51	36	55	52	47	51	20	54	17	54	18	26	36	10	27	48	52	42	17	1	3	43	49	57	54	40	27	4	1	13	39	48	14	14	39	29	18	40	51	55	33	16	34	48	13	53	47	37	5	11	20	13	8	54	58	53	14	52	43	34	2	51	37	37	17	6	22	8	4	17	13	29	36	45	11	11	52	3	47	54	27	32	50	49	33	18	29	39	47	0	6	47	11	39	59	54	44	32	10	5	26	38	15	22	19	5	5	1	19	11	27	13	12	30	15	7	27	20	55	45	34	24	33	33	37	3	45	28	6	19	5	48	57	24	12	7	20	56	24	33	12	4	25	32	21	25	22	19	
14	20	4	4	14	16	8	2	10	7	12	11	19	2	14	15	10	16	14	12	12	4	2	15	18	19	11	13	17	5	13	11	18	7	14	14	11	18	2	18	19	12	7	5	17	17	5	16	5	2	3	20	11	17	3	18	6	2	8	6	6	6	7	11	12	11	9	16	5	13	6	11	2	13	3	5	12	4	2	2	9	12	8	5	20	10	1	17	8	5	7	20	20	16	14	3	7	17	13	18	6	4	19	11	4	13	13	2	20	4	14	19	7	2	13	4	5	15	1	1	20	2	13	15	13	3	20	4	17	6	11	8	4	14	13	1	20	10	1	4	1	1	15	16	14	14	20	5	2	7	5	1	2	6	3	4	1	18	16	8	18	5	20	16	19	16	4	1	20	20	9	3	11	18	20	11	1	3	3	7	7	8	14	15	17	10	14	13	1	10	8	17	12	17	10	17	14	12	3	9	6	12	18	11	6	5	19	19	10	14	8	14	5	14	8	18	13	16	18	3	4	17	2	2	19	10	20	7	16	3	10	12	6	11	15	18	6	10	17	18	17	6	12	1	4	3	18	16	4	7	20	3	10	9	2	12	19	4	9	13	18	14	13	4	5	4	5	16	10	4	9	14	6	4	19	17	5	11	19	20	18	20	15	1	9	11	6	9	7	6	17	8	16	16	16	20	7	20	16	2	11	2	11	14	3	7	18	14	18	5	12	3	11	3	13	18	1	20	19	3	15	16	10	16	20	20	20	1	2	13	20	5	6	17	7	15	17	16	1	17	8	15	7	7	16	19	7	15	2	9	2	10	19	19	11	5	4	9	14	16	6	13	17	3	7	9	2	20	3	12	6	18	19	11	16	2	20	18	2	1	11	2	20	16	2	13	16	8	17	7	14	4	4	16	10	3	14	5	7	5	8	14	16	8	7	15	3	8	7	3	2	9	15	3	4	14	5	8	5	3	6	16	2	10	2	9	8	4	10	1	16	4	15	6	8	13	15	16	4	1	5	14	13	14	14	13	10	2	14	16	6	6	7	9	12	5	1	6	14	6	6	16	16	14	5	9	1	16	11	3	2	7	16	4	12	7	13	5	14	16	12	9	3	14	11	2	2	4	5	12	16	10	12	5	11	12	5	6	6	6	12	2	7	13	3	2	10	7	2	8	1	16	13	7	15	9	10	10	10	16	2	13	9	8	9	9	13	13	10	11	2	13	11	7	5	10	6	3	12	14	14	10	4	14	12	10	8	13	2	3	15	13	2	14	3	3	16	13	12	14	11	7	10	9	9	9	12	16	7	14	6	12	13	4	10	16	4	7	6	4	14	11	2	11	14	12	15	11	7	1	14	6	6	14	15	7	5	16	6	3	16	10	13	2	4	8	16	6	8	14	5	10	15	3	15	14	9	16	3	7	5	7	1	10	11	8	1	10	16	14	6	5	3	2	6	14	2	9	4	4	4	3	15	7	10	10	8	16	3	2	2	2	5	9	15	12	7	8	8	6	10	11	13	11	15	7	9	14	16	6	11	2	3	9	1	10	15	2	11	1	4	2	11	16	11	9	11	12	8	12	10	10	4	1	8	8	1	8	8	8	10	15	4	2	16	12	12	10	2	7	12	5	14	15	9	4	3	2	7	7	3	12	2	1	15	12	14	3	15	13	2	8	11	16	16	13	8	1	15	6	3	7	15	10	9	16	15	2	4	4	3	4	10	9	13	2	9	2	8	2	11	11	11	9	16	6	8	11	3	10	6	7	9	9	5	1	2	16	15	11	5	6	14	8	1	12	16	7	2	12	15	8	11	8	4	3	13	4	3	9	2	12	6	1	12	16	15	14	5	10	11	3	6	15	13	5	16	5	13	12	5	12	10	11	13	6	6	11	9	13	11	5	15	6	6	16	16	2	16	15	4	8	5	9	14	13	4	14	10	12	10	7	7	1	12	14	16	16	5	3	6	5	13	7	4	10	12	6	13	4	9	14	14	4	4	4	15	16	9	4	4	13	5	13	16	
640	390	350	600	590	750	530	370	440	730	320	680	570	680	200	950	550	500	970	640	150	960	440	640	900	790	500	140	750	540	990	590	520	260	340	790	280	310	130	180	750	420	900	850	430	660	820	980	220	460	420	540	500	460	780	230	590	550	720	420	940	290	640	730	170	200	360	300	590	350	440	150	130	110	920	190	290	970	510	960	940	290	390	320	220	960	370	420	710	840	770	430	810	890	700	350	490	820	820	880	820	520	100	300	840	400	130	730	750	820	140	630	990	1000	280	910	760	930	900	980	860	510	710	590	810	510	410	950	130	970	910	770	440	660	580	320	630	280	740	1000	100	560	1000	200	730	190	240	100	540	630	370	680	830	730	610	630	990	760	490	600	760	450	480	130	850	970	520	670	440	840	520	730	640	410	820	950	110	910	790	430	220	630	270	770	980	710	690	970	570	390	490	650	250	630	660	740	270	560	770	480	510	330	480	880	690	600	620	330	170	580	220	380	770	930	600	370	540	530	200	920	300	940	1000	130	590	110	400	220	400	880	660	450	700	240	500	160	840	300	790	590	810	520	720	120	530	160	220	610	790	960	360	840	650	1000	230	370	160	480	730	380	240	430	860	720	130	670	140	780	570	650	790	990	810	760	160	650	180	420	520	780	500	290	850	1000	740	430	510	820	200	800	430	350	490	790	760	240	690	110	330	120	520	240	300	130	780	170	250	180	360	110	320	830	720	300	980	570	630	400	470	350	770	110	950	740	580	280	600	400	570	220	500	350	300	210	660	420	100	750	340	140	330	790	110	690	350	160	290	160	390	890	440	130	770	610	590	760	570	830	420	450	870	180	170	390	500	380	420	300	280	440	510	580	580	270	580	810	800	440	570	590	610	790	850	340	500	720	790	400	410	930	540	970	300	1000	370	890	200	890	270	230	400	880	140	430	650	200	420	180	460	770	270	750	750	130	270	520	130	850	590	810	910	880	420	720	200	830	660	390	570	640	310	470	850	740	630	220	780	520	370	100	510	800	390	960	570	220	870	770	950	520	980	870	490	600	470	530	310	700	880	310	640	920	610	560	410	790	400	120	260	910	850	360	170	840	100	710	640	820	620	320	900	160	120	140	340	960	950	630	190	170	1000	600	910	670	660	950	270	450	310	940	830	700	250	510	820	360	510	890	410	900	860	690	850	900	330	840	280	190	660	840	510	230	430	770	580	600	900	380	690	950	710	370	450	370	520	890	320	180	980	730	800	110	510	940	740	590	160	910	320	190	820	810	190	910	250	950	910	350	650	830	350	810	310	920	880	1000	780	380	110	990	460	350	410	540	860	310	710	140	990	400	290	430	100	320	450	200	330	820	200	660	510	780	350	640	270	760	180	930	360	130	810	830	670	720	560	120	550	250	880	960	580	530	240	910	240	340	930	620	760	900	450	410	860	310	920	800	710	920	150	410	850	860	170	640	450	820	1000	350	570	130	630	710	600	800	520	590	190	150	680	830	780	540	950	280	890	670	730	420	130	390	740	670	910	360	960	360	630	650	460	610	200	360	240	670	200	920	150	270	750	890	1000	640	890	630	440	770	470	110	990	520	130	860	680	320	360	370	190	730	350	780	710	580	720	250	220	640	250	610	870	630	200	650	590	990	240	880	260	390	350	380	790	220	540	230	510	380	620	310	910	680	420	800	560	840	480	240	520	800	650	630	570	250	180	190	370	590	730	810	410	360	220	830	510	540	700	410	600	670	670	710	100	370	880	580	700	540	470	720	320	450	620	860	690	810	960	880	930	870	570	850	110	590	380	650	620	750	770	600	350	980	670	950	880	560	830	770	270	200	320	280	930	120	870	220	200	370	980	910	870	580	680	710	380	340	360	890	210	290	840	870	210	560	400	930	520	750	990	430	570	950	370	310	150	670	570	340	690	460	610	270	360	360	270	850	150	890	390	410	690	990	250	820	880	860	100	830	210	380	830	280	950	1000	170	880	270	420	860	300	340	450	810	330	600	670	360	710	810	740	360	100	820	210	200	580	760	
100
