1239
60
3
70
0	0	0	0	0	0	0	0	0	0	0	0	0	0	0	0	0	0	0	0	0	0	0	0	0	0	0	192	0	0	0	0	0	0	0	0	0	0	0	0	0	0	0	0	0	0	0	192	0	0	0	0	0	0	0	0	0	0	192	0	
0	0	0	0	0	0	0	0	0	0	0	0	0	0	0	0	0	0	0	0	192	0	0	0	0	0	0	0	192	0	0	0	0	192	0	0	0	0	0	0	0	0	0	0	0	0	0	0	0	0	0	0	0	0	0	0	0	0	0	0	
0	0	0	0	0	0	0	0	0	0	0	0	0	192	0	0	0	0	0	0	0	0	0	0	0	0	0	0	0	0	0	0	0	0	0	0	0	0	0	0	0	0	0	0	0	0	192	0	0	0	0	0	0	192	0	0	0	0	0	0	
0	0	0	0	0	0	192	0	0	0	0	0	0	0	0	0	0	0	0	0	0	0	0	0	0	0	0	0	0	192	0	0	0	0	0	0	0	0	0	0	0	0	0	0	0	0	0	0	0	0	0	0	0	0	0	192	0	0	0	0	
0	0	0	0	0	0	0	0	0	192	0	0	0	0	0	0	0	0	0	0	0	0	0	0	0	192	0	0	0	0	0	0	0	0	0	0	0	0	0	0	0	0	0	0	0	0	0	0	192	0	0	0	0	0	0	0	0	0	0	0	
0	0	0	0	0	0	0	0	0	0	0	0	0	0	0	0	0	0	0	0	0	0	0	0	0	0	0	0	192	0	0	0	0	0	0	0	0	0	0	0	0	0	0	0	0	0	192	0	0	0	0	0	192	0	0	0	0	0	0	0	
0	0	0	192	0	0	0	0	0	192	0	0	0	0	0	0	0	0	0	0	0	0	0	0	0	192	0	0	0	0	0	0	0	0	0	0	0	0	0	0	0	0	0	0	0	0	0	0	0	0	0	0	0	0	0	0	0	0	0	0	
0	0	0	0	0	0	0	0	0	0	0	0	0	0	0	0	0	0	0	0	0	0	0	0	0	0	192	0	0	0	0	0	0	0	0	0	0	0	0	0	0	0	0	0	192	0	0	0	0	0	0	0	0	0	0	0	192	0	0	0	
0	0	0	0	0	0	0	0	0	0	0	0	0	0	0	0	0	0	0	0	0	0	192	0	192	0	0	0	0	0	0	0	0	0	0	0	0	0	0	0	0	0	0	0	0	0	0	0	0	0	0	0	0	0	0	0	0	0	0	192	
0	0	0	0	192	0	192	0	0	0	0	0	0	0	0	0	0	0	0	0	0	0	0	0	0	192	0	0	0	0	0	0	0	0	0	0	0	0	0	0	0	0	0	0	0	0	0	0	0	0	0	0	0	0	0	0	0	0	0	0	
0	0	0	0	0	0	0	0	0	0	0	0	0	0	0	0	0	0	0	0	0	0	0	0	0	0	0	0	0	0	0	0	0	0	0	0	0	0	0	0	0	0	0	0	0	192	0	0	0	192	0	0	0	0	0	0	192	0	0	0	
0	0	0	0	0	0	0	0	0	0	0	0	0	0	0	0	0	192	192	0	0	0	0	0	0	0	0	0	0	0	0	0	0	0	0	192	0	0	0	0	0	0	0	0	0	0	0	0	0	0	0	0	0	0	0	0	0	0	0	0	
0	0	0	0	0	0	0	0	0	0	0	0	0	0	0	0	0	0	0	0	0	0	0	0	0	0	0	0	0	0	0	0	0	0	0	0	0	0	0	0	0	0	0	0	0	192	0	0	0	0	0	0	0	0	0	0	0	0	192	192	
0	0	192	0	0	0	0	0	0	0	0	0	0	0	0	0	0	0	0	0	0	0	0	0	0	0	0	0	0	0	0	0	0	0	0	0	0	0	0	0	0	0	0	0	0	0	192	0	0	0	0	0	0	192	0	0	0	0	0	0	
0	0	0	0	0	0	0	0	0	0	0	0	0	0	0	0	0	0	0	0	0	0	0	0	0	0	0	0	0	0	0	0	0	0	0	0	192	0	0	0	0	0	192	192	0	0	0	0	0	0	0	0	0	0	0	0	0	0	0	0	
0	0	0	0	0	0	0	0	0	0	0	0	0	0	0	0	0	0	0	192	0	0	0	0	0	0	0	0	0	0	0	0	0	0	0	0	0	192	0	0	0	0	0	0	0	0	0	0	0	0	192	0	0	0	0	0	0	0	0	0	
0	0	0	0	0	0	0	0	0	0	0	0	0	0	0	0	0	0	0	0	0	0	0	0	192	0	0	0	0	0	0	0	0	0	0	0	192	0	0	0	0	192	0	0	0	0	0	0	0	0	0	0	0	0	0	0	0	0	0	0	
0	0	0	0	0	0	0	0	0	0	0	192	0	0	0	0	0	0	0	0	0	0	0	0	0	0	0	192	0	0	0	0	0	0	0	0	0	0	0	0	0	0	0	0	0	0	0	192	0	0	0	0	0	0	0	0	0	0	0	0	
0	0	0	0	0	0	0	0	0	0	0	192	0	0	0	0	0	0	0	0	0	0	0	0	0	0	0	0	0	0	0	0	0	0	192	0	0	0	0	0	0	0	0	0	0	0	0	0	0	0	0	0	0	0	192	0	0	0	0	0	
0	0	0	0	0	0	0	0	0	0	0	0	0	0	0	192	0	0	0	0	0	0	0	0	0	0	0	0	0	0	0	0	0	0	0	0	0	192	0	0	0	0	0	0	0	0	0	0	0	0	192	0	0	0	0	0	0	0	0	0	
0	192	0	0	0	0	0	0	0	0	0	0	0	0	0	0	0	0	0	0	0	0	0	0	0	0	0	0	0	0	0	0	0	192	0	0	0	0	0	0	0	0	0	0	0	0	0	0	0	0	0	0	0	0	0	0	0	192	0	0	
0	0	0	0	0	0	0	0	0	0	0	0	0	0	0	0	0	0	0	0	0	0	0	192	0	0	0	0	0	0	0	0	192	0	0	0	0	0	0	0	0	0	192	0	0	0	0	0	0	0	0	0	0	0	0	0	0	0	0	0	
0	0	0	0	0	0	0	0	192	0	0	0	0	0	0	0	0	0	0	0	0	0	0	0	192	0	0	0	0	0	0	0	0	0	0	0	0	0	192	0	0	0	0	0	0	0	0	0	0	0	0	0	0	0	0	0	0	0	0	0	
0	0	0	0	0	0	0	0	0	0	0	0	0	0	0	0	0	0	0	0	0	192	0	0	0	0	0	0	0	0	192	0	192	0	0	0	0	0	0	0	0	0	0	0	0	0	0	0	0	0	0	0	0	0	0	0	0	0	0	0	
0	0	0	0	0	0	0	0	192	0	0	0	0	0	0	0	192	0	0	0	0	0	192	0	0	0	0	0	0	0	0	0	0	0	0	0	0	0	0	0	0	0	0	0	0	0	0	0	0	0	0	0	0	0	0	0	0	0	0	0	
0	0	0	0	192	0	192	0	0	192	0	0	0	0	0	0	0	0	0	0	0	0	0	0	0	0	0	0	0	0	0	0	0	0	0	0	0	0	0	0	0	0	0	0	0	0	0	0	0	0	0	0	0	0	0	0	0	0	0	0	
0	0	0	0	0	0	0	192	0	0	0	0	0	0	0	0	0	0	0	0	0	0	0	0	0	0	0	0	0	0	0	0	0	0	0	0	0	0	0	0	0	0	0	0	192	0	0	0	0	0	0	0	0	0	0	0	192	0	0	0	
192	0	0	0	0	0	0	0	0	0	0	0	0	0	0	0	0	192	0	0	0	0	0	0	0	0	0	0	0	0	0	0	0	0	0	192	0	0	0	0	0	0	0	0	0	0	0	0	0	0	0	0	0	0	0	0	0	0	0	0	
0	192	0	0	0	192	0	0	0	0	0	0	0	0	0	0	0	0	0	0	0	0	0	0	0	0	0	0	0	0	0	0	0	0	0	0	0	0	0	0	0	0	0	0	0	0	0	0	0	0	0	0	192	0	0	0	0	0	0	0	
0	0	0	192	0	0	0	0	0	0	0	0	0	0	0	0	0	0	0	0	0	0	0	0	0	0	0	0	0	0	0	0	0	0	0	0	0	0	0	0	0	0	0	0	0	0	0	0	192	0	0	0	0	0	0	192	0	0	0	0	
0	0	0	0	0	0	0	0	0	0	0	0	0	0	0	0	0	0	0	0	0	0	0	192	0	0	0	0	0	0	0	0	0	0	0	0	0	0	0	192	192	0	0	0	0	0	0	0	0	0	0	0	0	0	0	0	0	0	0	0	
0	0	0	0	0	0	0	0	0	0	0	0	0	0	0	0	0	0	0	0	0	0	0	0	0	0	0	0	0	0	0	0	0	192	0	0	0	192	0	0	0	0	0	0	0	0	0	0	0	0	0	0	0	0	0	0	0	192	0	0	
0	0	0	0	0	0	0	0	0	0	0	0	0	0	0	0	0	0	0	0	0	192	0	192	0	0	0	0	0	0	0	0	0	0	0	0	0	0	0	0	0	0	192	0	0	0	0	0	0	0	0	0	0	0	0	0	0	0	0	0	
0	192	0	0	0	0	0	0	0	0	0	0	0	0	0	0	0	0	0	0	192	0	0	0	0	0	0	0	0	0	0	192	0	0	0	0	0	0	0	0	0	0	0	0	0	0	0	0	0	0	0	0	0	0	0	0	0	0	0	0	
0	0	0	0	0	0	0	0	0	0	0	0	0	0	0	0	0	0	192	0	0	0	0	0	0	0	0	0	0	0	0	0	0	0	0	0	0	0	0	0	0	0	0	0	0	0	0	0	0	0	0	192	0	0	192	0	0	0	0	0	
0	0	0	0	0	0	0	0	0	0	0	192	0	0	0	0	0	0	0	0	0	0	0	0	0	0	0	192	0	0	0	0	0	0	0	0	0	0	0	0	0	0	0	0	0	0	0	0	0	0	0	0	0	0	192	0	0	0	0	0	
0	0	0	0	0	0	0	0	0	0	0	0	0	0	192	0	192	0	0	0	0	0	0	0	0	0	0	0	0	0	0	0	0	0	0	0	0	0	0	0	0	192	0	0	0	0	0	0	0	0	0	0	0	0	0	0	0	0	0	0	
0	0	0	0	0	0	0	0	0	0	0	0	0	0	0	192	0	0	0	192	0	0	0	0	0	0	0	0	0	0	0	192	0	0	0	0	0	0	0	0	0	0	0	0	0	0	0	0	0	0	0	0	0	0	0	0	0	0	0	0	
0	0	0	0	0	0	0	0	0	0	0	0	0	0	0	0	0	0	0	0	0	0	192	0	0	0	0	0	0	0	0	0	0	0	0	0	0	0	0	0	0	192	0	0	0	0	0	0	192	0	0	0	0	0	0	0	0	0	0	0	
0	0	0	0	0	0	0	0	0	0	0	0	0	0	0	0	0	0	0	0	0	0	0	0	0	0	0	0	0	0	192	0	0	0	0	0	0	0	0	0	192	0	0	0	0	0	0	0	0	0	0	0	0	0	0	192	0	0	0	0	
0	0	0	0	0	0	0	0	0	0	0	0	0	0	0	0	0	0	0	0	0	0	0	0	0	0	0	0	0	0	192	0	0	0	0	0	0	0	0	192	0	0	0	192	0	0	0	0	0	0	0	0	0	0	0	0	0	0	0	0	
0	0	0	0	0	0	0	0	0	0	0	0	0	0	0	0	192	0	0	0	0	0	0	0	0	0	0	0	0	0	0	0	0	0	0	0	192	0	192	0	0	0	0	0	0	0	0	0	0	0	0	0	0	0	0	0	0	0	0	0	
0	0	0	0	0	0	0	0	0	0	0	0	0	0	192	0	0	0	0	0	0	192	0	0	0	0	0	0	0	0	0	0	192	0	0	0	0	0	0	0	0	0	0	0	0	0	0	0	0	0	0	0	0	0	0	0	0	0	0	0	
0	0	0	0	0	0	0	0	0	0	0	0	0	0	192	0	0	0	0	0	0	0	0	0	0	0	0	0	0	0	0	0	0	0	0	0	0	0	0	0	192	0	0	0	0	0	0	0	0	0	0	0	0	0	0	0	0	0	0	192	
0	0	0	0	0	0	0	192	0	0	0	0	0	0	0	0	0	0	0	0	0	0	0	0	0	0	192	0	0	0	0	0	0	0	0	0	0	0	0	0	0	0	0	0	0	0	0	0	0	192	0	0	0	0	0	0	0	0	0	0	
0	0	0	0	0	0	0	0	0	0	192	0	192	0	0	0	0	0	0	0	0	0	0	0	0	0	0	0	0	0	0	0	0	0	0	0	0	0	0	0	0	0	0	0	0	0	0	0	0	0	0	0	0	0	0	0	0	0	192	0	
0	0	192	0	0	192	0	0	0	0	0	0	0	192	0	0	0	0	0	0	0	0	0	0	0	0	0	0	0	0	0	0	0	0	0	0	0	0	0	0	0	0	0	0	0	0	0	0	0	0	0	0	0	0	0	0	0	0	0	0	
192	0	0	0	0	0	0	0	0	0	0	0	0	0	0	0	0	192	0	0	0	0	0	0	0	0	0	0	0	0	0	0	0	0	0	0	0	0	0	0	0	0	0	0	0	0	0	0	0	192	0	0	0	0	0	0	0	0	0	0	
0	0	0	0	192	0	0	0	0	0	0	0	0	0	0	0	0	0	0	0	0	0	0	0	0	0	0	0	0	192	0	0	0	0	0	0	0	0	192	0	0	0	0	0	0	0	0	0	0	0	0	0	0	0	0	0	0	0	0	0	
0	0	0	0	0	0	0	0	0	0	192	0	0	0	0	0	0	0	0	0	0	0	0	0	0	0	0	0	0	0	0	0	0	0	0	0	0	0	0	0	0	0	0	0	192	0	0	192	0	0	0	0	0	0	0	0	0	0	0	0	
0	0	0	0	0	0	0	0	0	0	0	0	0	0	0	192	0	0	0	192	0	0	0	0	0	0	0	0	0	0	0	0	0	0	0	0	0	0	0	0	0	0	0	0	0	0	0	0	0	0	0	0	0	192	0	0	0	0	0	0	
0	0	0	0	0	0	0	0	0	0	0	0	0	0	0	0	0	0	0	0	0	0	0	0	0	0	0	0	0	0	0	0	0	0	192	0	0	0	0	0	0	0	0	0	0	0	0	0	0	0	0	0	192	0	0	0	0	192	0	0	
0	0	0	0	0	192	0	0	0	0	0	0	0	0	0	0	0	0	0	0	0	0	0	0	0	0	0	0	192	0	0	0	0	0	0	0	0	0	0	0	0	0	0	0	0	0	0	0	0	0	0	192	0	0	0	0	0	0	0	0	
0	0	192	0	0	0	0	0	0	0	0	0	0	192	0	0	0	0	0	0	0	0	0	0	0	0	0	0	0	0	0	0	0	0	0	0	0	0	0	0	0	0	0	0	0	0	0	0	0	0	192	0	0	0	0	0	0	0	0	0	
0	0	0	0	0	0	0	0	0	0	0	0	0	0	0	0	0	0	192	0	0	0	0	0	0	0	0	0	0	0	0	0	0	0	192	192	0	0	0	0	0	0	0	0	0	0	0	0	0	0	0	0	0	0	0	0	0	0	0	0	
0	0	0	192	0	0	0	0	0	0	0	0	0	0	0	0	0	0	0	0	0	0	0	0	0	0	0	0	0	192	0	0	0	0	0	0	0	0	0	192	0	0	0	0	0	0	0	0	0	0	0	0	0	0	0	0	0	0	0	0	
0	0	0	0	0	0	0	192	0	0	192	0	0	0	0	0	0	0	0	0	0	0	0	0	0	0	192	0	0	0	0	0	0	0	0	0	0	0	0	0	0	0	0	0	0	0	0	0	0	0	0	0	0	0	0	0	0	0	0	0	
0	0	0	0	0	0	0	0	0	0	0	0	0	0	0	0	0	0	0	0	192	0	0	0	0	0	0	0	0	0	0	192	0	0	0	0	0	0	0	0	0	0	0	0	0	0	0	0	0	0	0	192	0	0	0	0	0	0	0	0	
192	0	0	0	0	0	0	0	0	0	0	0	192	0	0	0	0	0	0	0	0	0	0	0	0	0	0	0	0	0	0	0	0	0	0	0	0	0	0	0	0	0	0	0	0	192	0	0	0	0	0	0	0	0	0	0	0	0	0	0	
0	0	0	0	0	0	0	0	192	0	0	0	192	0	0	0	0	0	0	0	0	0	0	0	0	0	0	0	0	0	0	0	0	0	0	0	0	0	0	0	0	0	0	192	0	0	0	0	0	0	0	0	0	0	0	0	0	0	0	0	
1	19	10	4	43	7	51	55	12	25	49	40	2	17	47	28	37	57	43	0	46	45	45	5	59	59	12	52	23	36	39	46	14	44	32	13	10	45	16	0	14	43	4	10	10	44	5	22	7	52	39	23	15	29	21	56	30	28	58	48	1	22	14	18	29	6	17	15	14	32	23	13	5	46	42	13	51	16	42	20	45	15	17	11	48	44	55	42	33	6	52	11	22	48	12	52	24	44	0	55	14	12	18	59	54	50	59	42	17	12	11	45	56	46	43	28	48	13	13	57	26	58	21	53	47	3	17	41	56	28	29	9	9	30	27	23	9	14	47	0	20	17	14	40	2	5	22	9	10	45	24	32	8	40	44	45	20	11	7	22	1	13	47	20	30	40	40	43	37	10	16	42	0	48	8	36	32	33	8	18	28	49	32	36	25	54	1	21	56	34	20	35	35	38	36	56	40	59	25	23	36	13	58	22	5	13	8	49	13	40	52	29	7	54	21	25	14	23	6	17	15	36	53	46	40	14	38	31	16	43	44	55	58	32	40	4	23	46	4	15	21	58	40	54	16	18	46	23	2	20	18	59	36	28	8	46	47	39	35	55	57	18	6	56	49	10	49	7	28	37	58	6	25	18	12	45	46	24	23	34	45	22	40	29	22	56	21	35	9	14	34	30	27	47	52	36	26	3	44	12	49	49	42	7	33	34	33	5	20	50	35	6	36	57	18	41	15	45	37	47	39	27	7	52	21	13	53	50	0	47	14	31	18	40	41	5	26	29	45	46	54	7	20	44	10	57	34	29	48	12	5	5	28	57	18	20	0	6	22	44	3	25	52	26	33	23	50	11	1	41	5	13	58	9	8	41	26	49	39	41	27	12	6	18	11	52	30	10	43	29	46	15	18	28	12	39	27	11	49	48	43	34	3	45	54	35	25	25	37	27	15	31	57	10	26	10	2	17	9	21	59	4	47	48	27	41	15	32	47	36	55	57	57	13	48	31	55	16	10	9	33	49	7	9	34	6	15	58	39	35	33	41	12	45	49	52	3	42	42	57	1	42	48	58	14	21	50	7	21	2	48	41	48	53	48	23	55	10	5	8	48	38	50	18	52	34	27	43	53	6	23	9	44	24	35	37	38	40	44	44	53	16	46	16	23	56	28	47	45	18	53	24	47	31	38	24	12	37	57	25	41	16	35	28	9	58	45	35	50	4	57	29	53	21	14	0	47	6	57	7	20	47	45	48	54	59	36	4	32	17	44	22	29	4	17	14	25	48	33	59	6	41	21	57	57	48	52	5	33	54	56	24	43	29	50	12	25	27	13	19	38	52	13	20	4	18	14	6	17	7	28	53	23	35	5	9	49	30	19	5	47	16	34	33	28	59	54	37	8	58	15	57	22	12	45	32	12	55	30	46	19	45	49	3	35	26	42	20	50	45	37	8	56	59	24	38	2	51	58	43	13	18	22	42	2	0	59	58	22	0	54	37	44	45	9	54	30	22	0	58	45	47	40	46	47	22	39	59	0	1	57	56	45	6	39	43	2	15	12	3	15	48	35	13	18	9	0	59	42	45	55	28	34	44	2	40	17	26	48	48	54	32	56	39	29	37	57	33	34	53	20	59	51	16	16	41	27	29	24	35	30	17	35	20	3	52	4	25	42	9	46	29	19	57	38	27	12	1	18	8	9	51	8	23	49	25	27	55	54	25	30	20	11	54	13	9	2	41	36	20	54	44	32	2	33	1	1	5	55	14	45	38	56	0	47	11	56	55	40	17	22	18	58	20	27	1	13	54	51	5	22	50	20	47	58	31	43	47	9	45	5	13	34	44	54	25	58	11	11	39	45	20	15	29	0	13	34	2	12	12	50	35	56	15	12	26	35	48	23	34	50	31	39	23	30	14	40	9	47	42	25	1	9	35	18	58	12	9	56	40	29	25	14	56	54	21	25	7	53	17	6	26	17	25	19	56	31	50	48	1	56	10	17	57	31	51	21	51	47	38	15	53	44	0	27	7	36	34	12	54	51	42	18	37	32	51	56	13	14	56	13	46	35	7	1	34	55	49	7	44	22	10	31	43	57	20	53	57	59	22	14	3	22	31	25	50	13	3	17	59	30	40	19	13	42	34	21	22	47	20	59	18	11	19	56	31	48	54	12	49	35	8	45	23	32	20	32	53	36	35	43	58	50	22	5	22	5	26	38	9	11	14	30	32	54	52	1	0	34	44	23	40	6	24	53	47	36	3	14	38	35	47	0	33	33	36	59	17	4	46	12	14	32	43	24	39	0	4	56	54	28	34	13	15	38	5	20	11	56	50	0	9	58	57	33	12	12	25	16	55	11	27	15	40	34	8	26	3	41	8	55	18	26	7	45	27	46	55	39	44	49	34	10	50	46	24	28	20	55	51	35	19	54	11	47	26	46	14	8	13	0	17	29	33	27	30	13	22	2	9	44	59	6	4	48	27	36	7	32	48	21	19	1	12	58	54	50	46	38	32	58	10	30	28	7	58	0	38	30	32	23	42	23	43	39	40	44	9	11	51	6	39	23	16	24	42	20	41	57	25	36	42	3	47	45	42	50	35	50	41	58	43	38	47	30	4	48	56	12	35	7	21	22	13	48	0	14	18	38	4	33	54	3	26	6	8	34	14	18	42	31	22	12	46	29	20	28	41	39	5	43	3	32	10	31	41	55	46	35	10	36	7	50	46	12	1	59	32	6	40	41	59	33	5	36	46	51	57	10	27	49	9	0	17	36	6	34	16	27	39	39	53	54	30	35	51	47	34	5	41	6	19	33	25	19	36	27	48	48	
29	39	22	20	26	13	8	10	0	26	43	10	6	8	59	44	56	7	13	59	10	44	28	10	31	36	54	38	39	56	30	38	55	30	13	41	31	38	23	45	18	34	30	47	52	13	6	32	10	34	17	24	29	13	59	1	45	50	31	29	27	7	0	41	44	56	37	6	55	19	39	17	12	40	16	34	55	28	0	31	50	0	5	21	39	46	23	8	45	35	13	15	54	23	25	1	38	18	20	26	0	33	58	21	8	22	29	48	39	57	41	44	26	19	41	3	47	46	23	11	37	55	55	0	43	17	0	10	0	3	11	22	47	50	35	56	56	30	23	7	13	48	28	50	37	17	53	19	26	47	28	31	38	19	41	43	57	5	3	28	27	54	20	39	11	39	32	12	26	54	50	6	55	24	17	16	4	9	32	4	5	22	30	13	36	51	10	50	31	24	59	19	5	18	29	5	10	15	38	28	58	48	49	41	51	28	51	53	7	12	55	56	53	31	42	59	28	4	47	46	41	55	46	54	13	55	44	39	59	33	52	29	22	10	21	2	34	35	7	35	47	46	27	30	56	24	34	42	53	26	14	58	26	27	14	7	31	11	31	2	20	42	47	31	30	5	36	47	59	2	15	44	15	2	17	39	31	14	44	54	28	24	59	48	10	33	20	33	15	2	5	12	28	11	43	15	13	14	38	51	48	9	5	34	54	26	31	7	41	38	11	59	11	3	16	35	4	2	51	7	6	7	47	14	34	47	35	48	19	13	6	24	7	22	1	7	16	30	38	5	24	58	12	28	59	16	16	21	47	39	59	52	4	28	20	3	10	36	41	7	1	2	39	21	36	34	42	29	24	7	1	57	49	10	36	38	32	35	5	35	33	3	21	4	39	42	2	33	48	24	43	24	8	41	51	22	4	4	11	17	10	15	31	15	1	36	52	5	4	21	6	19	12	32	16	17	23	4	58	47	19	44	34	15	50	30	28	51	55	48	8	54	19	11	21	58	34	27	11	7	50	34	11	2	38	7	13	9	30	40	51	10	30	37	9	49	39	56	7	2	29	59	2	24	35	57	45	22	34	33	13	36	38	43	8	52	26	35	18	52	9	10	42	37	41	57	24	54	42	48	34	6	46	8	30	13	14	53	7	9	54	57	25	17	5	18	12	2	12	48	20	59	37	59	42	32	48	19	5	27	6	27	44	39	13	39	38	1	56	33	26	45	40	57	44	12	37	0	9	50	1	12	24	56	17	51	3	51	49	15	46	32	8	24	1	2	7	17	21	24	17	16	18	56	42	13	15	17	9	9	42	9	48	2	56	0	57	40	26	46	29	10	4	1	15	1	41	37	31	41	13	36	59	30	10	51	0	2	23	57	40	25	26	9	5	51	24	48	7	37	23	54	14	44	28	58	52	36	46	39	30	23	10	56	40	5	1	36	5	28	54	36	30	7	22	20	13	35	48	7	44	5	55	33	49	9	45	53	49	6	35	32	5	48	36	44	43	28	4	40	8	1	41	10	57	8	29	5	47	55	7	50	44	18	45	40	45	38	20	16	20	3	1	49	0	59	4	13	36	24	50	22	41	47	36	49	30	29	2	41	7	8	12	22	26	39	55	59	7	49	37	21	46	22	27	50	4	14	16	3	54	55	18	50	34	56	28	29	23	57	41	34	43	42	8	3	40	2	39	30	0	4	1	1	36	50	47	58	8	2	7	57	26	31	0	20	59	21	6	24	4	5	40	20	59	44	59	30	9	34	9	22	58	38	30	21	3	59	15	53	50	16	52	0	21	57	4	36	53	50	29	59	53	1	13	30	40	49	5	43	50	4	20	53	11	18	35	50	15	14	21	59	31	56	8	28	45	39	2	57	29	4	6	24	56	8	44	34	57	51	13	19	56	30	12	24	49	42	19	39	21	42	20	42	21	28	52	33	42	25	15	45	6	33	59	20	57	44	40	57	54	45	35	3	31	51	54	38	13	59	58	27	3	54	25	53	14	19	29	58	51	47	40	7	24	19	0	12	49	27	56	31	15	17	33	49	43	18	3	13	57	23	19	49	47	39	46	19	20	49	3	9	35	27	1	30	57	36	52	20	28	35	45	12	21	52	56	48	28	43	2	59	38	44	1	23	35	13	33	22	22	0	3	44	33	3	10	58	1	17	17	29	15	11	36	23	50	19	38	24	24	32	45	46	33	42	40	36	49	46	38	19	18	10	29	17	45	1	55	56	35	18	40	46	54	3	53	47	19	41	37	23	58	43	57	50	46	35	8	33	39	37	28	33	37	38	17	6	33	15	17	0	35	21	59	27	0	58	6	34	40	55	9	35	31	51	46	6	14	52	29	34	12	46	37	22	38	0	23	3	11	7	53	3	46	26	6	22	28	22	27	58	24	32	15	32	59	47	12	54	40	57	26	12	43	55	9	58	21	54	28	0	39	8	3	55	35	58	46	47	22	18	50	16	14	49	5	29	15	25	47	17	9	27	9	50	32	45	20	15	35	36	53	0	13	51	36	54	12	21	26	45	8	58	6	54	15	17	31	46	17	48	40	45	27	38	21	15	40	55	14	4	47	50	18	17	17	53	15	6	1	21	53	16	49	5	57	36	11	37	44	24	13	31	47	52	5	33	2	30	20	42	24	40	14	35	38	7	43	27	44	47	15	52	0	22	58	36	19	31	48	36	2	27	33	51	0	23	38	25	41	58	57	31	44	39	36	42	51	42	19	57	50	34	4	53	22	40	56	46	25	4	38	8	37	13	32	1	55	3	15	0	56	11	15	42	37	9	20	14	14	10	11	30	11	4	48	57	56	
14	14	10	1	16	18	6	8	4	11	15	6	14	7	4	15	19	15	17	12	14	12	3	19	18	16	12	9	5	6	15	5	20	11	15	15	15	6	20	18	12	3	12	7	20	15	6	19	11	3	9	17	7	12	13	15	17	10	14	18	11	19	2	9	2	2	6	6	8	3	2	15	20	14	16	1	20	12	20	8	9	18	3	14	20	1	11	8	18	15	18	18	2	13	3	6	10	14	9	17	11	12	19	10	13	16	20	5	6	14	2	3	1	3	5	20	2	10	4	19	6	14	14	4	19	8	18	12	1	14	19	9	9	9	19	6	1	17	14	9	9	4	15	8	6	6	5	14	14	1	6	18	1	9	16	7	16	4	9	8	17	3	5	1	20	10	8	15	2	15	10	11	13	1	1	12	13	3	8	7	10	4	1	4	3	13	1	4	4	2	13	2	5	5	2	8	1	6	5	9	14	13	13	2	4	14	13	5	11	9	6	2	14	11	15	7	7	5	14	12	4	3	1	7	1	4	7	10	6	7	6	10	15	7	1	5	15	15	6	8	5	1	13	2	9	11	11	7	16	1	1	15	12	13	13	7	11	16	5	5	2	3	1	10	7	15	6	8	13	15	15	6	10	6	11	9	12	8	12	10	5	3	4	6	11	4	3	11	13	15	11	6	14	6	13	10	5	8	9	10	11	7	4	2	1	16	2	7	6	2	14	6	1	5	16	11	5	12	5	13	7	1	7	15	11	15	16	9	13	7	16	9	3	15	2	2	1	16	3	15	8	12	4	8	7	11	5	9	15	8	1	3	1	10	1	3	1	14	12	13	1	6	5	4	16	10	11	16	12	1	1	10	1	15	1	8	9	15	3	13	2	14	16	12	5	11	2	11	6	8	6	7	6	3	13	16	4	16	16	7	2	9	7	1	8	2	7	1	15	12	9	2	12	8	10	10	6	13	15	4	9	7	4	15	8	15	13	1	7	16	11	5	14	3	7	11	10	15	1	14	14	9	6	1	6	2	5	11	11	8	1	11	10	14	15	10	8	9	9	5	14	1	12	13	7	13	10	10	12	3	4	5	16	10	4	11	13	1	11	13	1	7	9	14	16	14	16	11	13	2	16	12	10	14	6	10	8	14	3	4	4	8	8	15	6	16	16	2	2	9	11	16	3	13	8	4	15	15	10	3	2	3	16	6	4	5	8	16	8	3	3	1	5	3	7	6	3	5	2	4	7	16	6	7	4	1	1	4	2	10	3	4	15	11	6	1	1	8	6	11	10	14	8	2	11	16	7	5	14	11	3	9	10	13	12	6	15	4	10	11	8	2	7	2	13	3	15	10	5	5	10	8	13	10	9	6	13	7	7	9	2	4	16	15	3	7	11	9	15	9	8	14	15	5	7	13	5	11	9	13	12	11	3	8	7	9	3	12	14	1	8	10	10	15	12	7	8	16	15	14	9	6	15	8	9	7	8	7	5	1	6	5	4	6	1	15	12	16	4	5	7	15	9	2	9	5	10	3	4	3	7	15	11	10	12	10	7	5	7	6	5	3	7	15	5	6	13	12	7	10	14	7	16	3	14	10	10	5	11	1	11	2	10	14	14	7	14	7	7	2	8	6	2	14	3	1	2	3	6	12	11	9	13	3	11	10	13	11	9	12	11	2	1	13	15	12	7	13	2	10	10	1	5	1	2	3	2	14	10	15	10	13	1	14	4	8	10	7	6	5	11	5	4	13	13	1	8	5	16	4	7	9	2	15	14	12	13	1	13	9	5	3	16	4	15	1	6	11	16	6	14	9	14	4	12	2	8	13	10	7	4	2	8	11	12	3	16	9	5	9	6	4	6	14	6	3	10	16	13	15	6	16	6	3	3	1	13	5	13	12	10	13	3	12	8	14	10	4	12	1	16	12	13	16	3	6	9	9	11	4	4	1	9	7	9	10	12	9	14	3	2	11	12	5	13	6	7	9	4	14	13	13	16	11	11	1	14	2	1	14	7	6	7	16	14	9	4	4	6	16	9	4	15	16	13	14	6	8	16	13	8	15	8	7	4	4	16	3	16	14	2	12	3	12	2	16	14	2	10	6	8	5	15	4	14	9	7	6	14	11	2	7	5	5	9	11	6	7	13	13	9	15	4	9	8	2	4	4	4	11	14	4	2	15	14	7	8	4	12	11	15	13	13	12	16	1	10	3	1	6	12	5	15	1	9	7	15	10	2	11	8	13	9	4	9	1	6	8	7	10	6	10	11	16	6	2	4	7	11	13	5	7	7	15	13	4	9	12	2	12	15	1	7	15	15	9	4	14	15	3	3	11	13	4	2	4	9	10	5	5	6	3	14	16	6	2	12	2	8	2	16	14	1	14	9	4	2	11	8	5	15	7	4	7	15	4	8	15	10	11	6	9	10	4	11	3	4	14	8	9	3	8	14	11	1	12	9	8	12	6	16	14	16	9	10	8	2	11	1	7	14	5	10	7	6	2	9	12	8	3	11	15	9	12	14	1	5	1	2	10	14	3	10	12	12	5	11	12	6	12	4	6	8	10	11	4	5	8	16	11	14	8	7	7	4	2	6	4	7	7	5	4	7	14	4	9	8	10	1	13	6	16	14	7	10	12	8	7	10	11	9	11	16	4	5	8	2	15	14	1	7	5	15	8	15	8	16	4	6	16	11	2	16	11	5	10	10	14	4	15	16	5	12	10	9	14	15	3	14	8	15	5	2	16	7	8	2	7	8	9	4	10	14	12	1	6	15	5	15	4	9	10	2	2	14	13	9	10	12	10	7	1	11	2	16	1	15	4	2	
420	880	810	610	990	880	680	820	290	900	440	740	1000	680	690	690	830	340	270	350	1000	440	290	130	660	310	740	520	380	240	370	780	550	380	570	490	430	960	330	690	660	250	550	780	870	170	610	950	300	910	960	450	770	440	240	130	1000	710	120	850	820	230	790	860	680	130	510	120	340	800	960	730	710	420	640	860	670	770	940	810	850	280	1000	780	860	120	330	600	290	140	280	490	380	380	520	110	440	760	830	150	160	800	580	850	430	660	850	670	820	840	590	610	140	680	700	290	370	970	690	140	930	290	950	710	630	330	1000	660	460	750	720	670	790	810	270	600	570	130	170	310	580	870	110	690	330	190	500	860	440	280	600	870	130	340	550	950	550	810	220	460	500	920	290	520	990	570	360	740	440	930	780	600	470	830	840	450	570	180	610	440	140	790	290	860	280	580	960	800	350	290	610	690	490	520	860	730	300	990	540	310	360	430	630	170	120	830	880	340	750	730	160	1000	300	260	790	280	870	400	710	740	230	280	840	430	570	190	970	610	640	860	720	440	840	1000	510	890	410	460	550	370	700	630	900	770	400	130	150	330	560	270	350	810	980	320	300	850	550	470	630	410	230	640	820	560	950	990	450	430	790	100	370	830	530	650	630	350	750	220	570	230	280	870	970	120	330	720	1000	320	810	200	950	520	710	440	390	140	770	160	720	980	980	940	120	160	690	360	790	270	120	1000	920	650	550	800	650	720	300	330	350	230	870	320	100	690	320	720	310	160	610	920	560	360	940	690	140	310	310	310	260	800	530	820	150	670	770	510	150	900	640	360	720	480	660	790	880	670	680	620	710	970	600	120	320	500	700	390	770	280	280	270	390	450	980	440	220	270	180	260	750	800	400	440	440	570	370	980	520	820	150	130	320	670	590	970	480	100	640	170	330	300	510	710	990	400	190	730	420	850	560	500	680	110	350	130	110	620	770	240	610	100	730	820	540	990	650	870	810	430	880	730	410	270	490	830	300	780	740	380	790	910	990	990	640	500	510	690	240	670	950	750	370	610	380	500	220	610	670	910	510	950	890	630	990	430	130	420	570	570	810	730	520	150	140	590	890	500	110	320	560	430	240	790	150	340	190	110	410	210	980	730	590	630	970	240	320	410	630	110	190	560	310	580	680	620	960	370	400	950	830	350	440	340	450	380	560	130	750	960	570	480	690	350	960	350	610	900	310	560	710	180	140	360	910	160	970	720	390	720	190	180	660	870	940	930	300	450	640	410	960	980	660	910	200	1000	450	990	830	400	930	820	560	660	250	710	930	680	350	940	570	660	520	810	470	240	790	930	500	280	970	790	600	460	120	650	310	1000	550	280	850	170	730	680	400	100	540	490	990	520	250	580	650	320	170	530	530	440	760	740	150	100	140	210	610	290	170	750	840	600	660	890	410	780	410	320	900	850	150	720	690	260	660	750	900	740	190	330	750	460	590	260	730	1000	970	280	400	790	930	790	750	970	990	110	510	850	680	110	530	880	960	980	510	270	230	440	770	970	420	820	530	750	630	380	690	150	940	710	120	770	190	190	620	540	980	980	750	780	300	550	500	710	220	890	310	190	140	510	890	500	340	340	750	990	430	720	350	340	630	290	600	180	910	570	420	500	370	780	980	940	140	410	240	650	380	100	320	530	100	450	450	910	640	350	840	140	460	770	600	800	340	960	160	220	400	930	590	140	600	530	860	570	550	770	240	310	870	570	280	110	190	210	1000	720	910	980	600	410	410	320	670	860	250	380	770	550	610	720	270	230	270	750	820	630	210	930	400	800	980	700	570	980	490	820	130	300	540	900	550	590	190	370	790	400	790	870	410	630	350	200	840	290	480	690	380	480	420	530	510	630	450	350	320	210	190	390	110	880	620	550	930	230	860	300	810	410	160	780	130	160	530	630	810	310	840	260	440	320	300	470	770	640	160	740	600	270	220	580	330	710	900	200	720	960	730	360	210	430	180	790	650	790	970	160	600	910	620	160	450	1000	500	300	830	270	370	790	690	870	310	380	1000	890	900	870	510	1000	490	830	150	610	850	660	270	150	730	420	570	240	410	390	630	640	330	350	410	420	650	910	960	400	860	340	500	570	290	970	560	210	350	760	340	880	390	940	990	130	390	770	140	200	350	950	880	190	850	700	600	220	350	460	240	230	430	190	740	120	220	970	750	410	430	960	700	370	540	870	290	310	570	800	370	870	360	780	530	920	890	870	440	850	330	650	280	770	520	910	230	580	900	660	800	130	190	630	470	390	860	920	100	750	660	440	360	720	250	250	450	370	300	440	990	850	570	460	820	540	590	820	470	300	380	240	380	350	390	160	480	920	590	820	230	940	400	850	400	800	340	230	310	490	830	200	100	580	410	170	860	180	150	340	660	350	600	290	380	400	960	990	690	310	610	680	710	570	850	690	910	430	270	150	950	200	190	940	220	680	220	200	520	660	200	460	510	230	610	210	380	290	320	320	160	770	350	350	300	170	880	150	150	530	860	110	990	250	850	930	280	400	970	600	250	730	920	520	140	530	760	360	490	900	710	310	860	210	270	180	520	570	770	110	200	650	370	290	750	510	160	280	830	720	990	130	160	410	290	850	550	680	310	610	130	870	310	580	940	390	380	930	750	150	470	910	190	890	980	760	760	140	780	830	180	730	370	430	190	170	520	420	990	780	410	770	730	410	600	230	740	660	160	230	790	780	870	610	460	370	960	660	430	350	870	290	760	400	540	120	780	480	980	170	640	940	750	130	390	890	120	100	200	540	100	620	530	890	460	170	350	260	900	360	930	370	290	530	600	770	510	980	550	510	960	
1
