1593
60
4
90
0	0	0	0	0	0	0	0	0	0	0	0	0	0	0	0	0	192	0	0	0	0	0	0	0	0	0	192	0	0	0	0	0	0	0	0	0	0	0	0	0	0	0	0	0	0	0	192	0	0	0	0	0	0	0	0	0	0	192	0	
0	0	0	0	0	0	0	0	0	0	0	0	0	0	0	0	0	0	0	0	192	0	0	0	0	0	0	0	192	0	0	0	0	192	0	0	0	0	0	0	0	0	0	0	0	0	0	0	0	0	0	0	0	192	0	0	0	0	0	0	
0	0	0	0	0	192	0	0	0	0	0	0	0	192	0	0	0	0	0	0	0	0	0	0	0	0	0	0	0	0	0	0	0	0	0	0	0	0	0	0	0	0	0	0	0	0	192	0	0	0	0	0	0	192	0	0	0	0	0	0	
0	0	0	0	0	0	192	0	0	0	0	0	0	0	0	0	0	0	0	0	0	0	0	0	0	192	0	0	0	192	0	0	0	0	0	0	0	0	0	0	0	0	0	0	0	0	0	0	0	0	0	0	0	0	0	192	0	0	0	0	
0	0	0	0	0	0	192	0	0	192	0	0	0	0	0	0	0	0	0	0	0	0	0	0	0	192	0	0	0	0	0	0	0	0	0	0	0	0	0	0	0	0	0	0	0	0	0	0	192	0	0	0	0	0	0	0	0	0	0	0	
0	0	192	0	0	0	0	0	0	0	0	0	0	0	0	0	0	0	0	0	0	0	0	0	0	0	0	0	192	0	0	0	0	0	0	0	0	0	0	0	0	0	0	0	0	0	192	0	0	0	0	0	192	0	0	0	0	0	0	0	
0	0	0	192	192	0	0	0	0	192	0	0	0	0	0	0	0	0	0	0	0	0	0	0	0	192	0	0	0	0	0	0	0	0	0	0	0	0	0	0	0	0	0	0	0	0	0	0	0	0	0	0	0	0	0	0	0	0	0	0	
0	0	0	0	0	0	0	0	0	0	0	0	0	0	0	0	0	0	0	0	0	0	0	0	0	0	192	0	0	0	0	0	0	0	0	0	0	0	0	0	0	0	0	0	192	0	0	0	0	192	0	0	0	0	0	0	192	0	0	0	
0	0	0	0	0	0	0	0	0	0	0	0	0	0	0	0	0	0	0	0	0	0	192	0	192	0	0	0	0	0	0	0	0	0	0	0	0	0	192	0	0	0	0	0	0	0	0	0	0	0	0	0	0	0	0	0	0	0	0	192	
0	0	0	0	192	0	192	0	0	0	0	0	0	0	0	0	0	0	0	0	0	0	0	0	0	192	0	0	0	0	0	0	0	0	0	0	0	0	0	0	0	0	0	0	0	0	0	0	192	0	0	0	0	0	0	0	0	0	0	0	
0	0	0	0	0	0	0	0	0	0	0	0	0	0	0	0	0	192	0	0	0	0	0	0	0	0	0	0	0	0	0	0	0	0	0	0	0	0	0	0	0	0	0	0	0	192	0	0	0	192	0	0	0	0	0	0	192	0	0	0	
0	0	0	0	0	0	0	0	0	0	0	0	0	0	0	0	0	192	192	0	0	0	0	0	0	0	0	0	0	0	0	0	0	0	0	192	0	0	0	0	0	0	0	0	0	0	0	0	0	0	0	0	0	0	192	0	0	0	0	0	
0	0	0	0	0	0	0	0	0	0	0	0	0	0	0	0	0	0	0	0	0	0	0	0	0	0	0	0	0	0	0	0	0	0	0	0	0	0	0	0	0	0	0	0	0	192	0	192	0	0	0	0	0	0	0	0	0	0	192	192	
0	0	192	0	0	0	0	0	0	0	0	0	0	0	0	0	0	0	0	0	0	0	0	0	0	0	0	0	192	0	0	0	0	0	0	0	0	0	0	0	0	0	0	0	0	0	192	0	0	0	0	0	0	192	0	0	0	0	0	0	
0	0	0	0	0	0	0	0	0	0	0	0	0	0	0	0	192	0	0	0	0	0	0	0	0	0	0	0	0	0	0	0	0	0	0	0	192	0	0	0	0	0	192	192	0	0	0	0	0	0	0	0	0	0	0	0	0	0	0	0	
0	0	0	0	0	0	0	0	0	0	0	0	0	0	0	0	0	0	0	192	0	0	0	0	0	0	0	0	0	0	0	0	0	192	0	0	0	192	0	0	0	0	0	0	0	0	0	0	0	0	192	0	0	0	0	0	0	0	0	0	
0	0	0	0	0	0	0	0	0	0	0	0	0	0	192	0	0	0	0	0	0	0	0	0	192	0	0	0	0	0	0	0	0	0	0	0	192	0	0	0	0	192	0	0	0	0	0	0	0	0	0	0	0	0	0	0	0	0	0	0	
192	0	0	0	0	0	0	0	0	0	192	192	0	0	0	0	0	0	0	0	0	0	0	0	0	0	0	0	0	0	0	0	0	0	0	0	0	0	0	0	0	0	0	0	0	0	0	192	0	0	0	0	0	0	0	0	0	0	0	0	
0	0	0	0	0	0	0	0	0	0	0	192	0	0	0	0	0	0	0	0	0	0	0	0	0	0	0	0	0	0	0	0	0	0	192	0	0	0	0	0	0	0	0	0	0	0	0	0	0	0	0	192	0	0	192	0	0	0	0	0	
0	0	0	0	0	0	0	0	0	0	0	0	0	0	0	192	0	0	0	0	0	0	0	0	0	0	0	0	0	0	0	0	0	192	0	0	0	192	0	0	0	0	0	0	0	0	0	0	0	0	192	0	0	0	0	0	0	0	0	0	
0	192	0	0	0	0	0	0	0	0	0	0	0	0	0	0	0	0	0	0	0	0	0	0	0	0	0	0	0	0	0	0	0	192	0	0	0	192	0	0	0	0	0	0	0	0	0	0	0	0	0	0	0	0	0	0	0	192	0	0	
0	0	0	0	0	0	0	0	0	0	0	0	0	0	0	0	0	0	0	0	0	0	0	192	0	0	0	0	0	0	192	0	192	0	0	0	0	0	0	0	0	0	192	0	0	0	0	0	0	0	0	0	0	0	0	0	0	0	0	0	
0	0	0	0	0	0	0	0	192	0	0	0	0	0	0	0	0	0	0	0	0	0	0	0	192	0	0	0	0	0	0	0	0	0	0	0	0	0	192	0	0	192	0	0	0	0	0	0	0	0	0	0	0	0	0	0	0	0	0	0	
0	0	0	0	0	0	0	0	0	0	0	0	0	0	0	0	0	0	0	0	0	192	0	0	0	0	0	0	0	0	192	0	192	0	0	0	0	0	0	0	192	0	0	0	0	0	0	0	0	0	0	0	0	0	0	0	0	0	0	0	
0	0	0	0	0	0	0	0	192	0	0	0	0	0	0	0	192	0	0	0	0	0	192	0	0	0	0	0	0	0	0	0	0	0	0	0	0	0	0	0	0	192	0	0	0	0	0	0	0	0	0	0	0	0	0	0	0	0	0	0	
0	0	0	192	192	0	192	0	0	192	0	0	0	0	0	0	0	0	0	0	0	0	0	0	0	0	0	0	0	0	0	0	0	0	0	0	0	0	0	0	0	0	0	0	0	0	0	0	0	0	0	0	0	0	0	0	0	0	0	0	
0	0	0	0	0	0	0	192	0	0	0	0	0	0	0	0	0	0	0	0	0	0	0	0	0	0	0	0	0	0	0	0	0	0	0	0	0	192	0	0	0	0	0	0	192	0	0	0	0	0	0	0	0	0	0	0	192	0	0	0	
192	0	0	0	0	0	0	0	0	0	0	0	0	0	0	0	0	0	0	0	0	0	0	0	0	0	0	0	0	0	0	0	0	0	0	192	0	0	0	0	0	0	0	0	0	0	0	192	0	0	0	0	0	0	192	0	0	0	0	0	
0	192	0	0	0	192	0	0	0	0	0	0	0	192	0	0	0	0	0	0	0	0	0	0	0	0	0	0	0	0	0	0	0	0	0	0	0	0	0	0	0	0	0	0	0	0	0	0	0	0	0	0	192	0	0	0	0	0	0	0	
0	0	0	192	0	0	0	0	0	0	0	0	0	0	0	0	0	0	0	0	0	0	0	0	0	0	0	0	0	0	0	0	0	0	0	0	0	0	0	0	0	0	0	0	0	0	0	0	192	0	0	0	0	0	0	192	192	0	0	0	
0	0	0	0	0	0	0	0	0	0	0	0	0	0	0	0	0	0	0	0	0	192	0	192	0	0	0	0	0	0	0	0	0	0	0	0	0	0	0	192	192	0	0	0	0	0	0	0	0	0	0	0	0	0	0	0	0	0	0	0	
0	0	0	0	0	0	0	0	0	0	0	0	0	0	0	0	0	0	0	0	0	0	0	0	0	0	0	0	0	0	0	0	0	0	0	0	0	0	0	0	0	0	0	0	192	0	0	0	0	0	192	0	0	192	0	0	0	192	0	0	
0	0	0	0	0	0	0	0	0	0	0	0	0	0	0	0	0	0	0	0	0	192	0	192	0	0	0	0	0	0	0	0	0	0	0	0	0	0	0	0	192	0	192	0	0	0	0	0	0	0	0	0	0	0	0	0	0	0	0	0	
0	192	0	0	0	0	0	0	0	0	0	0	0	0	0	192	0	0	0	192	192	0	0	0	0	0	0	0	0	0	0	0	0	0	0	0	0	0	0	0	0	0	0	0	0	0	0	0	0	0	0	0	0	0	0	0	0	0	0	0	
0	0	0	0	0	0	0	0	0	0	0	0	0	0	0	0	0	0	192	0	0	0	0	0	0	0	0	0	0	0	0	0	0	0	0	192	0	0	0	0	0	0	0	0	0	0	0	0	0	0	0	192	0	0	192	0	0	0	0	0	
0	0	0	0	0	0	0	0	0	0	0	192	0	0	0	0	0	0	0	0	0	0	0	0	0	0	0	192	0	0	0	0	0	0	192	0	0	0	0	0	0	0	0	0	0	0	0	0	0	0	0	192	0	0	0	0	0	0	0	0	
0	0	0	0	0	0	0	0	0	0	0	0	0	0	192	0	192	0	0	0	0	0	0	0	0	0	0	0	0	0	0	0	0	0	0	0	0	0	0	0	0	192	0	192	0	0	0	0	0	0	0	0	0	0	0	0	0	0	0	0	
0	0	0	0	0	0	0	0	0	0	0	0	0	0	0	192	0	0	0	192	192	0	0	0	0	0	192	0	0	0	0	0	0	0	0	0	0	0	0	0	0	0	0	0	0	0	0	0	0	0	0	0	0	0	0	0	0	0	0	0	
0	0	0	0	0	0	0	0	192	0	0	0	0	0	0	0	0	0	0	0	0	0	192	0	0	0	0	0	0	0	0	0	0	0	0	0	0	0	0	0	0	0	0	192	0	0	0	0	192	0	0	0	0	0	0	0	0	0	0	0	
0	0	0	0	0	0	0	0	0	0	0	0	0	0	0	0	0	0	0	0	0	0	0	0	0	0	0	0	0	0	192	0	0	0	0	0	0	0	0	0	192	0	0	192	0	0	0	0	0	0	0	0	0	0	0	192	0	0	0	0	
0	0	0	0	0	0	0	0	0	0	0	0	0	0	0	0	0	0	0	0	0	0	0	192	0	0	0	0	0	0	192	0	192	0	0	0	0	0	0	192	0	0	0	0	0	0	0	0	0	0	0	0	0	0	0	0	0	0	0	0	
0	0	0	0	0	0	0	0	0	0	0	0	0	0	0	0	192	0	0	0	0	0	192	0	192	0	0	0	0	0	0	0	0	0	0	0	192	0	0	0	0	0	0	0	0	0	0	0	0	0	0	0	0	0	0	0	0	0	0	0	
0	0	0	0	0	0	0	0	0	0	0	0	0	0	192	0	0	0	0	0	0	192	0	0	0	0	0	0	0	0	0	0	192	0	0	0	0	0	0	0	0	0	0	0	0	0	0	0	0	0	0	0	0	0	0	192	0	0	0	0	
0	0	0	0	0	0	0	0	0	0	0	0	0	0	192	0	0	0	0	0	0	0	0	0	0	0	0	0	0	0	0	0	0	0	0	0	192	0	192	192	0	0	0	0	0	0	0	0	0	0	0	0	0	0	0	0	0	0	0	0	
0	0	0	0	0	0	0	192	0	0	0	0	0	0	0	0	0	0	0	0	0	0	0	0	0	0	192	0	0	0	0	192	0	0	0	0	0	0	0	0	0	0	0	0	0	0	0	0	0	192	0	0	0	0	0	0	0	0	0	0	
0	0	0	0	0	0	0	0	0	0	192	0	192	0	0	0	0	0	0	0	0	0	0	0	0	0	0	0	0	0	0	0	0	0	0	0	0	0	0	0	0	0	0	0	0	0	0	0	0	192	0	0	0	0	0	0	0	0	192	0	
0	0	192	0	0	192	0	0	0	0	0	0	0	192	0	0	0	0	0	0	0	0	0	0	0	0	0	0	0	0	0	0	0	0	0	0	0	0	0	0	0	0	0	0	0	0	0	0	0	0	0	0	192	0	0	0	0	0	0	0	
192	0	0	0	0	0	0	0	0	0	0	0	192	0	0	0	0	192	0	0	0	0	0	0	0	0	0	192	0	0	0	0	0	0	0	0	0	0	0	0	0	0	0	0	0	0	0	0	0	0	0	0	0	0	0	0	0	0	0	0	
0	0	0	0	192	0	0	0	0	192	0	0	0	0	0	0	0	0	0	0	0	0	0	0	0	0	0	0	0	192	0	0	0	0	0	0	0	0	192	0	0	0	0	0	0	0	0	0	0	0	0	0	0	0	0	0	0	0	0	0	
0	0	0	0	0	0	0	192	0	0	192	0	0	0	0	0	0	0	0	0	0	0	0	0	0	0	0	0	0	0	0	0	0	0	0	0	0	0	0	0	0	0	0	0	192	192	0	0	0	0	0	0	0	0	0	0	0	0	0	0	
0	0	0	0	0	0	0	0	0	0	0	0	0	0	0	192	0	0	0	192	0	0	0	0	0	0	0	0	0	0	0	192	0	0	0	0	0	0	0	0	0	0	0	0	0	0	0	0	0	0	0	0	0	0	0	0	0	192	0	0	
0	0	0	0	0	0	0	0	0	0	0	0	0	0	0	0	0	0	192	0	0	0	0	0	0	0	0	0	0	0	0	0	0	0	192	192	0	0	0	0	0	0	0	0	0	0	0	0	0	0	0	0	0	0	0	0	0	192	0	0	
0	0	0	0	0	192	0	0	0	0	0	0	0	0	0	0	0	0	0	0	0	0	0	0	0	0	0	0	192	0	0	0	0	0	0	0	0	0	0	0	0	0	0	0	0	0	192	0	0	0	0	0	0	0	0	0	0	0	192	0	
0	192	192	0	0	0	0	0	0	0	0	0	0	192	0	0	0	0	0	0	0	0	0	0	0	0	0	0	0	0	0	192	0	0	0	0	0	0	0	0	0	0	0	0	0	0	0	0	0	0	0	0	0	0	0	0	0	0	0	0	
0	0	0	0	0	0	0	0	0	0	0	192	0	0	0	0	0	0	192	0	0	0	0	0	0	0	0	192	0	0	0	0	0	0	192	0	0	0	0	0	0	0	0	0	0	0	0	0	0	0	0	0	0	0	0	0	0	0	0	0	
0	0	0	192	0	0	0	0	0	0	0	0	0	0	0	0	0	0	0	0	0	0	0	0	0	0	0	0	0	192	0	0	0	0	0	0	0	0	0	192	0	0	192	0	0	0	0	0	0	0	0	0	0	0	0	0	0	0	0	0	
0	0	0	0	0	0	0	192	0	0	192	0	0	0	0	0	0	0	0	0	0	0	0	0	0	0	192	0	0	192	0	0	0	0	0	0	0	0	0	0	0	0	0	0	0	0	0	0	0	0	0	0	0	0	0	0	0	0	0	0	
0	0	0	0	0	0	0	0	0	0	0	0	0	0	0	0	0	0	0	0	192	0	0	0	0	0	0	0	0	0	0	192	0	0	0	0	0	0	0	0	0	0	0	0	0	0	0	0	0	0	192	192	0	0	0	0	0	0	0	0	
192	0	0	0	0	0	0	0	0	0	0	0	192	0	0	0	0	0	0	0	0	0	0	0	0	0	0	0	0	0	0	0	0	0	0	0	0	0	0	0	0	0	0	0	0	192	0	0	0	0	0	0	192	0	0	0	0	0	0	0	
0	0	0	0	0	0	0	0	192	0	0	0	192	0	0	0	0	0	0	0	0	0	0	0	0	0	0	0	0	0	0	0	0	0	0	0	0	0	0	0	0	0	0	0	0	0	0	0	0	0	0	0	0	0	0	0	0	0	0	0	
21	52	46	35	7	5	15	53	53	27	26	55	33	24	18	34	43	41	10	36	17	35	20	5	23	6	46	4	46	18	43	14	56	41	29	13	40	18	57	22	18	13	4	2	32	9	22	27	46	53	10	13	9	55	36	29	59	7	4	4	49	11	25	51	51	16	6	56	58	43	50	59	24	28	12	25	25	29	26	47	19	51	22	46	34	58	55	55	25	56	7	57	14	7	26	6	58	15	59	15	9	39	46	14	17	14	21	56	35	23	43	33	2	48	56	13	17	19	8	13	3	15	55	53	10	47	34	38	38	43	33	49	4	58	51	42	41	36	9	2	57	53	6	11	6	16	5	14	45	44	18	31	34	44	18	31	47	3	18	16	49	20	8	58	24	42	31	31	10	11	46	15	28	52	8	19	41	18	42	50	34	49	2	13	18	38	14	53	53	20	6	20	1	1	59	43	8	24	37	20	0	59	23	2	38	37	47	27	1	41	50	56	42	35	34	50	36	36	0	55	55	43	47	39	15	36	53	45	38	35	25	25	38	33	55	19	47	36	54	43	18	15	55	15	27	57	8	46	6	33	39	10	7	41	25	48	34	9	12	33	33	7	21	32	28	59	39	4	22	32	28	0	59	3	47	32	52	42	2	3	18	28	37	44	46	15	39	18	40	16	53	20	12	13	44	20	22	20	56	21	55	25	24	16	14	34	59	47	55	41	25	44	39	16	26	58	10	45	24	41	44	30	27	57	14	58	56	11	19	55	38	0	26	31	38	58	5	55	9	44	55	22	56	20	57	1	11	57	5	54	9	29	49	3	56	6	40	44	46	58	47	23	19	29	30	1	47	37	13	34	50	2	32	4	19	5	32	39	27	49	39	51	23	56	39	46	44	58	0	54	7	51	50	1	51	25	3	31	36	22	3	4	23	20	23	4	11	43	33	18	9	44	20	43	13	14	7	4	4	45	52	22	59	50	45	20	29	55	42	37	5	39	46	22	31	15	42	46	4	26	56	42	13	34	9	33	30	32	4	33	39	9	47	25	7	51	45	39	43	24	25	4	9	57	36	48	8	20	21	7	52	52	47	43	47	27	9	3	37	38	1	20	9	50	33	41	19	54	30	0	51	7	41	40	46	52	21	25	13	8	19	47	28	0	13	39	15	52	1	4	59	17	51	3	13	16	27	57	10	27	11	59	54	53	44	41	9	14	44	34	15	28	16	37	45	54	57	40	44	55	12	50	45	35	27	18	22	36	41	1	48	35	25	19	17	9	56	46	37	57	15	51	6	25	9	11	5	42	14	38	11	4	27	42	36	15	9	21	3	4	56	51	20	23	13	43	16	14	2	5	26	7	51	28	12	12	47	10	52	51	9	37	7	14	53	29	56	38	29	21	54	7	44	22	52	2	34	21	8	54	49	42	57	6	34	52	54	5	21	48	8	16	28	45	38	17	7	13	7	46	10	44	12	28	32	40	58	33	9	46	5	57	43	26	22	46	32	45	9	58	26	11	18	27	19	30	31	46	21	54	31	40	40	46	8	49	0	22	53	55	26	36	26	40	3	28	15	3	32	28	10	2	48	44	55	17	45	27	37	45	35	9	7	24	27	13	6	48	54	0	32	45	13	52	39	54	36	45	30	20	11	55	1	13	7	2	42	49	24	59	1	1	43	10	26	9	1	55	15	18	37	40	5	30	42	13	43	39	13	36	40	49	19	9	40	42	9	22	9	16	33	49	36	21	38	50	33	13	29	41	9	4	53	35	14	17	43	6	24	24	56	17	4	12	48	31	29	6	23	12	58	11	42	53	19	55	33	29	12	39	54	14	22	17	5	13	2	24	51	13	22	6	20	25	6	57	20	39	21	46	55	47	49	29	42	46	15	14	30	40	48	0	49	44	49	25	26	16	28	30	32	54	10	51	5	56	34	46	27	50	8	43	43	10	40	4	41	31	5	28	6	42	14	50	4	56	34	31	25	57	3	15	40	56	38	56	26	26	54	44	54	15	52	35	51	31	41	24	12	1	38	39	25	15	16	19	0	49	58	26	45	14	12	37	12	9	36	56	52	52	23	2	16	7	46	23	3	20	38	18	14	57	2	58	35	14	24	5	1	12	48	40	55	41	37	0	13	13	21	41	40	20	30	8	8	21	29	6	32	27	29	44	0	48	52	45	10	9	57	57	27	44	50	36	53	55	49	11	31	50	0	11	1	15	54	57	49	47	56	18	8	21	50	13	55	37	32	4	57	10	2	40	12	15	22	25	3	26	44	34	8	30	5	4	53	11	27	53	49	30	19	6	13	8	30	22	4	46	11	40	54	37	41	46	2	51	44	13	55	28	39	59	42	2	56	31	11	48	44	16	37	55	34	14	19	59	13	44	17	18	33	23	51	58	54	15	22	6	20	2	40	38	59	20	0	40	50	27	56	59	14	1	6	44	52	14	49	11	53	1	49	23	21	47	34	24	6	39	14	0	10	41	40	44	48	31	59	55	31	26	12	10	6	51	29	53	27	39	25	1	51	52	10	21	13	42	39	37	9	22	57	45	53	15	40	20	49	53	28	55	33	28	46	8	23	48	16	40	54	41	54	51	25	9	5	13	32	8	30	41	28	58	22	43	55	43	5	50	11	12	28	9	1	25	8	44	21	2	0	5	17	24	32	31	59	27	22	10	45	35	25	16	35	30	16	40	2	8	38	58	41	26	35	53	4	37	17	7	40	55	20	57	46	32	21	40	5	56	55	46	56	44	11	3	18	49	36	18	56	41	27	27	37	21	2	35	34	34	10	11	50	40	57	48	11	6	53	18	32	15	5	40	9	25	42	27	11	49	20	2	12	41	31	21	6	16	0	4	3	11	17	22	22	13	36	22	32	21	0	21	15	53	36	13	56	11	19	5	45	43	37	1	41	25	10	35	16	11	17	26	2	22	15	4	51	13	56	10	28	27	25	20	58	44	1	36	45	44	15	28	10	25	5	32	56	28	25	45	58	45	29	7	13	0	19	31	44	49	19	55	27	59	17	51	33	20	20	18	27	42	38	9	1	13	25	22	49	38	28	28	4	14	44	25	3	43	37	46	7	20	10	8	34	50	10	52	54	22	33	37	9	59	38	15	20	41	37	58	15	30	0	29	16	44	41	22	41	21	2	30	58	0	16	1	46	44	17	13	16	52	13	51	52	46	42	58	34	24	9	53	54	39	2	4	47	38	5	16	22	54	55	36	59	28	6	0	45	43	20	29	1	11	34	16	1	20	32	44	50	49	13	23	13	11	35	43	28	19	33	57	7	20	52	59	35	14	56	47	43	50	17	34	17	24	0	42	52	21	14	10	1	24	40	14	42	13	50	25	46	38	55	57	8	35	8	25	19	28	53	21	49	3	10	8	49	3	24	21	39	7	2	45	1	30	1	45	52	1	31	55	17	13	0	9	36	22	51	44	9	5	18	4	37	48	33	18	6	36	59	52	39	48	28	57	5	40	18	15	19	25	1	29	22	51	26	53	58	31	25	23	18	42	12	33	37	42	34	20	26	55	23	56	50	46	15	44	16	38	38	12	39	1	12	32	15	10	10	14	55	10	28	52	12	9	21	22	8	25	32	0	43	36	21	
11	14	53	6	51	14	57	14	14	44	0	5	24	10	3	48	10	28	19	4	6	28	41	34	36	11	1	8	29	33	6	7	35	43	57	30	4	24	42	3	26	38	30	50	1	40	30	16	7	24	31	15	5	31	31	3	27	34	1	50	7	49	0	24	6	59	24	50	0	11	6	50	7	12	39	44	52	45	56	22	35	20	2	32	44	11	16	49	33	4	8	3	25	15	20	11	21	28	33	26	58	17	51	0	37	38	15	36	24	56	8	52	5	8	12	22	51	32	12	20	23	29	29	46	21	54	29	51	1	36	30	20	0	36	16	29	50	28	56	51	30	19	48	57	23	8	20	54	51	50	26	44	0	8	42	7	45	6	41	17	4	42	5	3	17	3	2	37	19	35	29	29	34	36	17	46	15	37	3	39	2	32	6	2	41	44	5	29	48	50	4	51	8	59	40	6	0	6	8	2	5	41	34	44	6	42	16	10	38	15	42	36	22	27	54	52	24	31	16	53	37	24	26	48	24	27	31	12	32	28	18	55	12	42	21	56	16	29	48	11	30	28	29	50	43	7	26	57	12	28	18	36	45	38	42	34	29	19	8	51	57	33	7	41	11	29	9	9	41	27	57	40	38	43	13	15	50	18	6	58	19	57	52	54	48	46	40	58	24	5	58	39	57	39	26	14	45	53	46	20	14	58	54	14	22	20	50	11	20	2	1	31	40	47	16	20	50	15	47	15	5	45	19	13	31	40	7	5	2	37	23	39	9	1	45	6	9	22	8	45	28	21	52	35	6	26	39	20	41	15	53	13	58	14	1	21	13	25	31	35	29	46	45	35	43	22	54	53	32	1	20	54	31	3	2	56	33	52	30	33	53	31	2	14	7	17	14	12	11	18	0	5	10	29	17	20	8	35	34	58	1	0	9	44	1	44	27	59	34	28	13	51	42	4	48	27	28	37	26	29	36	17	27	22	53	39	25	48	31	19	27	10	48	5	32	4	16	34	10	49	41	31	14	50	1	41	15	41	48	16	36	4	26	58	28	18	32	27	22	37	54	38	36	45	13	32	56	42	55	37	31	49	39	0	37	55	46	36	59	20	45	48	8	40	7	53	28	4	40	39	23	23	4	7	1	25	18	53	23	9	21	34	43	10	44	36	2	47	32	45	27	21	27	4	30	15	23	15	16	44	12	14	31	44	52	44	12	4	48	0	3	57	26	43	47	19	7	6	46	5	36	4	12	47	24	31	34	16	56	55	8	29	53	0	9	33	21	28	16	37	48	48	39	28	23	28	56	9	36	46	58	24	23	16	27	11	35	19	27	3	41	42	38	31	7	29	57	30	24	11	6	39	21	35	14	7	20	52	27	15	40	58	52	12	19	22	48	37	6	58	5	34	51	1	16	49	12	15	37	31	4	57	18	8	6	15	56	37	59	46	43	29	46	38	6	16	38	57	52	56	45	48	33	16	13	25	43	38	8	22	38	6	53	58	56	12	53	54	27	36	7	43	7	25	32	32	18	20	52	5	38	18	54	28	23	53	28	27	32	21	59	23	25	24	15	31	41	28	54	17	40	5	13	37	32	34	30	40	5	57	8	57	8	17	42	11	54	42	37	2	34	13	29	27	5	19	42	28	21	8	29	24	33	0	42	22	41	50	21	12	3	14	31	0	32	29	30	21	51	37	30	59	20	35	15	16	51	31	16	35	29	18	43	34	56	37	10	15	10	4	29	35	33	28	41	2	11	6	14	28	6	32	48	57	59	50	49	4	19	43	41	59	8	3	49	45	8	46	20	19	48	50	49	24	1	3	10	48	32	42	18	46	45	47	42	23	50	47	35	53	45	17	53	50	34	1	49	50	58	7	54	50	5	6	30	7	20	13	24	24	11	27	30	2	46	32	39	18	0	53	20	20	48	43	15	10	11	29	5	59	48	56	0	20	4	49	37	0	4	48	49	12	8	1	17	19	18	49	44	32	0	7	27	57	20	13	47	20	37	23	41	23	2	21	55	53	1	13	23	54	45	31	30	42	34	20	33	58	42	41	41	57	10	46	38	59	53	12	58	23	17	27	6	6	36	6	47	13	5	6	41	59	58	41	31	3	21	35	50	59	46	21	8	48	1	45	42	19	41	27	56	8	39	11	39	26	48	52	56	13	41	51	5	5	37	7	41	33	27	29	6	56	45	54	57	51	9	18	59	41	52	23	23	13	44	38	7	34	40	9	42	53	16	20	6	6	36	35	24	37	45	13	19	58	35	20	38	6	11	46	27	40	3	13	31	15	18	5	8	49	38	40	15	58	50	50	19	57	22	39	21	35	49	11	14	45	35	5	13	46	0	24	25	49	5	18	43	32	38	19	28	35	24	19	42	20	41	12	33	58	59	45	31	5	38	10	53	54	19	45	55	46	1	23	33	35	59	48	53	56	50	16	44	32	4	0	4	57	14	35	24	2	42	38	40	41	36	8	19	9	9	56	31	1	14	23	15	30	12	12	25	52	59	34	4	49	1	27	3	11	12	36	29	13	24	19	14	59	51	19	21	25	54	0	59	52	4	31	38	10	32	10	25	19	14	55	12	19	31	2	25	56	28	2	51	7	5	22	44	11	24	10	34	12	56	17	3	19	12	51	36	58	0	19	17	0	37	33	1	11	9	17	53	26	13	32	12	31	10	22	10	53	26	33	34	42	56	33	2	2	13	22	23	30	50	2	52	21	28	24	0	16	27	50	7	8	57	48	36	7	21	17	4	29	45	10	3	25	12	22	58	11	10	38	55	17	9	25	29	17	53	37	53	7	43	24	22	52	55	4	18	13	48	32	17	44	14	35	25	52	51	27	38	40	59	51	18	29	47	14	38	7	30	39	30	9	20	38	13	54	2	36	3	7	42	8	33	35	19	29	4	29	25	28	4	28	21	0	38	15	16	31	8	47	36	56	0	6	11	24	5	27	29	2	53	59	38	43	48	31	14	44	43	24	9	13	33	1	26	25	32	45	32	27	0	34	34	0	5	39	22	52	43	50	58	31	51	44	0	44	16	48	8	26	31	7	38	14	12	1	58	34	55	42	53	42	52	59	8	45	23	46	44	2	15	33	40	17	5	44	4	20	36	10	1	1	23	5	55	59	7	16	19	30	44	3	55	11	35	2	53	55	46	14	49	51	2	29	20	0	48	23	29	14	32	11	32	31	1	1	35	59	50	1	13	18	4	48	57	1	58	14	57	47	16	58	21	9	58	4	29	31	4	23	52	56	9	5	12	56	57	36	18	49	11	29	12	51	30	27	36	50	11	58	51	29	20	55	31	5	53	39	30	15	40	15	46	7	23	13	34	44	37	22	30	0	4	23	5	13	5	16	54	39	10	23	4	25	33	39	40	11	38	52	30	18	54	18	55	8	53	25	55	34	29	18	49	26	26	47	35	17	52	39	10	48	11	48	59	18	54	38	44	22	23	30	16	3	28	8	48	13	39	7	19	8	31	31	42	2	46	33	46	25	12	26	52	37	59	54	9	23	52	32	59	29	56	19	9	59	55	2	24	34	57	8	31	5	6	59	23	9	51	44	2	44	12	51	56	51	43	29	18	11	19	15	37	23	18	52	9	18	19	
16	18	14	13	4	10	16	20	6	2	2	7	13	13	17	2	5	10	10	6	20	14	6	4	6	11	5	19	2	1	14	5	1	8	14	12	10	7	5	5	20	9	1	8	14	14	14	7	14	15	1	11	9	13	19	8	19	6	2	15	19	13	7	15	20	20	17	2	8	1	11	16	4	7	1	4	5	17	17	19	7	11	19	3	9	19	10	9	19	11	16	3	3	13	6	18	10	20	4	7	12	3	9	11	2	7	9	11	6	3	17	17	14	11	11	18	4	19	7	2	20	17	4	14	20	7	9	17	1	3	18	6	3	2	4	19	15	5	14	17	5	10	18	1	12	13	8	12	20	7	3	2	6	10	12	18	4	18	13	11	5	1	11	11	19	3	10	10	4	5	16	15	3	12	10	14	16	15	15	14	16	3	9	9	16	13	2	16	15	11	2	14	16	6	13	6	4	7	6	7	16	8	2	16	12	1	14	7	9	3	7	16	11	3	2	14	6	5	16	5	13	9	12	11	15	15	12	2	6	14	1	15	11	14	8	7	4	4	16	6	6	16	1	15	5	10	15	10	1	8	10	3	11	16	13	8	10	16	15	14	14	1	15	4	3	10	16	10	4	14	9	10	7	9	12	12	7	8	13	8	16	6	16	4	4	7	6	4	8	10	1	9	4	15	13	6	9	13	15	9	6	2	2	15	13	13	4	7	11	9	1	3	1	7	8	14	16	13	12	6	16	14	16	13	6	1	11	15	13	15	3	15	15	3	5	9	6	12	1	2	11	11	11	11	3	2	10	9	16	3	12	12	8	5	10	5	2	5	11	1	11	8	9	16	1	1	1	14	3	3	8	15	11	4	2	8	14	2	10	13	2	6	8	11	10	11	4	13	15	6	10	9	4	15	5	8	12	4	4	13	11	9	9	13	13	7	11	2	7	14	9	14	8	8	4	12	8	9	4	1	16	6	15	4	15	15	16	6	13	6	8	11	1	4	13	15	3	15	1	7	3	10	9	16	14	16	4	11	16	1	10	5	2	4	3	10	7	13	5	14	15	4	15	4	14	5	13	16	11	4	16	3	5	16	5	11	9	9	7	16	12	5	12	4	15	8	10	1	4	4	13	8	1	11	4	14	13	14	7	4	10	8	16	5	3	8	16	5	4	13	10	3	7	7	11	9	7	3	4	7	3	12	13	4	4	9	7	9	4	3	4	6	1	4	15	11	5	11	2	15	7	16	7	7	6	6	3	11	11	4	10	9	8	15	2	5	8	9	2	9	13	1	15	15	1	8	1	4	12	5	13	1	3	14	9	3	15	4	3	9	12	15	15	15	4	15	10	5	15	11	9	16	16	11	3	8	4	6	8	5	4	15	10	15	1	16	16	5	16	14	5	10	8	4	12	13	1	9	15	9	3	2	2	6	12	15	14	9	14	13	7	12	11	6	16	3	11	4	6	16	6	6	10	16	3	5	4	6	10	2	13	14	7	1	3	6	11	13	15	6	10	7	14	15	14	4	11	12	7	2	11	5	14	5	10	16	3	3	7	12	14	16	11	16	6	3	10	3	5	12	4	12	15	14	6	6	14	5	9	15	12	12	15	4	3	14	11	12	15	5	11	2	16	9	15	12	7	4	11	14	9	11	9	10	8	16	12	3	12	16	7	4	15	14	7	7	5	15	13	11	8	15	12	10	13	6	9	15	5	11	15	10	16	14	4	5	4	7	6	10	3	7	2	16	16	2	11	16	2	1	10	2	13	3	2	11	10	8	2	7	14	9	6	2	2	14	11	3	15	12	11	11	10	14	1	10	6	2	13	13	11	10	16	16	15	11	13	8	4	13	5	2	1	16	2	14	4	2	15	6	6	2	13	14	10	2	2	11	12	13	11	12	15	1	12	12	14	13	14	3	7	7	2	15	8	6	6	11	11	14	12	1	3	12	1	1	10	6	5	10	7	8	3	8	1	8	2	10	6	9	8	5	4	12	10	9	6	6	15	15	4	3	9	15	4	16	12	4	11	14	10	1	3	4	10	4	10	10	7	16	5	1	13	3	14	6	5	11	8	8	6	5	10	5	16	12	7	2	4	2	8	4	14	8	3	1	4	14	15	12	6	11	6	13	9	14	5	14	11	16	7	6	15	7	9	11	9	16	3	16	1	12	1	4	16	4	13	4	8	4	1	4	9	10	11	8	2	5	8	10	1	16	8	12	3	4	6	15	2	10	16	9	8	8	9	7	10	7	1	1	8	15	5	15	13	14	12	12	6	16	7	12	4	15	16	13	4	13	1	6	7	9	3	2	7	15	8	14	10	5	16	15	9	1	10	8	14	16	16	4	6	15	1	1	12	10	11	12	1	13	10	12	11	2	9	14	4	10	10	2	3	8	14	10	13	11	15	14	14	1	2	6	1	15	1	1	7	15	14	6	6	10	11	1	9	9	1	5	8	9	15	9	12	8	5	11	5	11	11	11	10	7	5	11	10	8	3	3	8	3	6	3	5	1	8	16	4	7	16	3	10	16	14	15	4	9	16	16	3	16	6	7	5	2	15	10	7	15	3	12	12	6	6	3	16	15	16	9	15	10	9	2	3	16	14	5	1	6	13	11	4	14	7	13	12	16	4	5	7	3	13	14	4	16	3	7	12	3	15	12	15	7	15	1	14	10	7	16	11	7	15	13	6	16	9	16	5	12	13	9	2	9	8	2	4	3	9	11	12	12	8	15	12	2	4	9	9	10	7	2	16	8	16	9	7	9	2	9	11	13	4	14	1	11	13	4	16	2	6	15	6	12	5	14	8	2	2	14	1	10	11	3	9	3	15	5	14	15	1	5	16	1	11	1	16	3	2	12	7	6	6	8	12	11	14	7	6	11	2	2	7	1	1	12	13	13	12	13	2	6	4	14	11	5	16	8	9	15	15	2	14	12	1	10	8	6	14	12	4	7	5	10	13	8	9	5	6	11	9	12	16	5	2	14	12	7	3	16	6	2	9	8	5	3	10	5	9	5	2	2	12	2	8	7	14	8	14	6	10	10	16	12	11	9	6	13	1	3	4	2	3	12	3	9	4	14	6	12	15	3	7	2	10	15	8	4	15	8	7	15	12	3	10	13	9	8	5	6	6	10	1	8	8	8	8	5	1	9	5	5	1	6	14	12	6	3	16	5	4	5	12	14	13	2	10	3	6	2	16	11	11	9	14	3	3	10	10	7	14	7	16	3	6	12	15	5	4	15	6	1	12	12	3	9	9	13	3	7	12	11	9	11	15	13	5	8	14	14	7	8	7	1	12	15	16	3	9	3	5	15	1	9	10	16	9	7	1	14	7	16	10	11	4	10	7	7	9	5	12	15	5	14	2	1	16	1	16	1	14	6	8	14	3	15	9	6	9	7	11	4	7	7	1	13	5	8	12	13	9	8	2	1	4	10	11	7	16	5	11	8	16	3	16	4	5	1	10	13	10	8	10	8	10	8	9	15	1	6	4	2	5	9	6	13	8	9	7	1	16	2	16	16	8	15	7	3	1	8	16	14	2	8	11	14	15	8	1	11	11	16	8	3	10	12	14	15	8	11	2	14	1	1	6	9	2	3	6	16	12	5	8	4	8	
750	270	550	990	960	970	720	390	130	750	860	220	690	190	470	660	790	950	970	120	660	280	130	840	180	160	810	570	200	930	400	760	870	990	620	820	880	140	860	950	490	520	930	1000	680	880	630	520	680	690	360	400	190	790	530	320	760	750	190	340	970	460	560	230	170	880	210	340	390	930	150	590	500	680	460	410	460	400	850	880	750	990	250	650	840	670	420	130	450	340	340	650	410	910	220	120	830	250	670	640	950	600	400	220	290	260	940	460	680	180	200	560	220	530	280	520	690	980	540	310	510	330	360	650	160	770	490	320	560	620	710	590	930	910	100	670	880	150	250	690	500	120	670	400	450	910	190	490	170	180	190	540	200	560	810	770	420	280	550	550	610	740	750	660	490	700	210	140	200	450	950	460	510	310	710	890	290	430	220	710	910	430	110	480	740	140	920	310	980	170	650	300	490	580	570	980	200	190	330	120	800	750	910	290	130	860	340	620	470	770	760	220	440	890	220	530	680	870	790	530	880	940	420	360	980	820	920	690	510	330	250	890	170	330	1000	1000	790	650	820	180	270	310	250	850	590	430	430	310	800	240	280	360	450	600	200	570	860	690	720	320	600	880	150	970	810	160	780	100	670	300	680	320	570	840	610	710	550	720	550	800	610	120	750	400	290	890	260	810	370	950	550	860	110	170	300	760	650	1000	310	820	430	160	600	500	270	230	220	410	310	760	330	270	820	990	560	450	210	700	860	780	1000	100	610	150	790	430	310	720	660	270	990	540	160	250	480	670	570	240	630	870	320	810	540	230	450	450	670	150	370	140	990	260	140	630	330	470	170	670	250	150	890	580	380	440	780	260	170	290	870	760	980	270	270	490	550	990	310	960	980	350	490	770	310	120	150	950	900	530	970	520	1000	780	630	700	730	810	450	560	640	960	690	710	790	720	490	520	460	860	670	330	880	720	390	480	410	470	700	110	550	320	110	200	700	170	580	760	670	850	380	480	260	970	450	610	130	120	300	470	690	700	830	490	220	660	400	330	760	230	100	450	640	470	710	110	790	190	970	550	260	450	720	450	500	420	530	370	300	980	240	110	260	760	200	770	650	300	340	570	760	630	650	960	250	260	110	300	140	340	310	450	430	290	620	830	400	490	910	220	590	350	720	450	240	940	450	160	390	910	610	810	170	140	780	860	760	590	340	570	960	390	370	750	600	270	330	490	850	450	470	100	420	260	330	400	400	470	150	240	620	420	980	450	450	100	330	840	420	730	980	1000	150	110	840	570	930	630	960	440	910	580	780	620	150	800	620	620	140	200	210	640	350	150	330	490	810	420	800	520	150	540	900	250	820	420	500	430	670	210	570	380	850	360	680	150	410	500	210	160	520	720	500	850	540	850	390	140	320	640	270	310	240	230	660	450	610	360	160	240	600	900	210	130	580	200	770	320	750	230	950	950	660	810	780	290	300	620	160	220	310	310	490	840	470	590	740	820	110	440	450	490	960	810	720	450	280	290	250	560	920	630	880	900	190	800	190	550	210	840	600	260	270	420	700	800	920	540	780	900	850	150	330	340	120	630	850	130	650	110	260	290	330	660	270	370	800	510	270	590	930	100	680	280	520	630	290	250	410	620	890	400	740	150	120	730	930	760	660	570	680	160	810	430	210	130	980	610	400	370	710	420	210	520	290	360	550	960	430	650	940	740	370	620	610	850	930	150	200	930	410	540	820	420	610	210	700	700	350	650	740	860	150	960	700	190	220	520	980	660	310	660	200	910	680	240	320	570	400	940	790	700	690	770	370	340	150	400	800	950	690	500	980	280	780	580	470	320	320	900	970	670	810	620	560	670	710	590	810	370	340	870	920	390	670	110	320	790	110	630	700	480	580	220	490	730	740	710	700	570	450	180	410	620	290	530	450	400	930	450	540	770	300	900	230	820	380	300	640	120	480	190	560	570	370	530	390	820	260	110	350	760	330	260	200	190	990	130	130	880	910	110	320	890	1000	980	770	690	100	940	990	640	990	410	410	270	990	530	300	410	120	510	900	240	980	360	230	440	570	560	240	400	720	800	800	290	990	440	790	360	940	180	130	540	900	420	970	170	420	390	890	490	500	700	790	760	340	300	210	970	170	300	150	700	860	220	170	390	850	560	290	330	940	830	740	160	340	260	160	210	310	510	780	930	650	450	720	910	270	450	1000	860	260	450	140	190	380	860	740	890	840	290	570	620	670	1000	260	240	750	290	850	610	560	530	480	930	310	450	440	710	120	500	960	420	420	710	260	180	500	930	120	520	580	840	600	700	140	570	110	620	1000	270	570	510	180	510	1000	620	650	240	800	710	280	420	160	820	650	740	440	630	700	750	340	840	580	290	770	550	650	570	910	810	860	950	820	440	380	460	920	200	170	150	910	460	240	780	130	940	640	430	860	300	420	510	520	210	140	100	680	760	590	630	510	140	430	930	180	610	600	860	550	410	540	560	450	280	890	780	340	360	100	190	860	840	620	740	740	980	630	530	920	470	460	810	430	560	540	490	510	720	590	700	370	400	500	730	230	400	160	200	320	730	500	420	220	150	310	980	980	240	330	910	220	710	200	830	550	120	970	170	900	920	310	170	660	930	190	170	860	880	750	120	550	270	260	350	830	420	800	540	920	470	790	220	930	930	340	200	740	240	520	180	310	970	960	880	260	340	700	920	190	550	910	690	810	640	900	170	800	850	690	220	960	600	830	960	200	500	750	520	320	410	380	440	240	860	340	500	100	420	300	620	520	970	380	820	570	290	440	900	450	290	510	560	370	240	560	770	280	680	840	210	270	510	870	850	370	570	200	880	280	850	1000	860	160	320	590	730	860	100	450	180	650	730	670	230	940	680	790	640	990	250	320	790	320	310	520	630	850	900	830	870	560	670	560	240	880	340	480	210	370	980	760	740	590	850	320	530	630	100	460	890	160	540	860	140	340	370	820	220	100	820	620	610	660	920	810	730	850	570	220	570	820	270	370	190	260	350	640	390	660	670	880	130	750	820	930	550	310	550	1000	540	320	460	370	300	600	740	640	590	760	630	580	350	550	360	330	170	200	150	690	390	260	630	620	670	710	960	1000	430	440	290	990	810	900	600	330	240	420	810	920	360	570	170	960	880	520	210	590	110	220	200	330	930	510	310	450	840	120	660	670	620	350	230	970	360	740	250	240	860	720	430	760	610	480	710	880	760	860	590	990	450	810	410	560	560	580	190	210	770	180	990	740	390	130	170	900	230	700	270	940	580	270	570	220	690	170	980	930	360	400	270	620	720	300	470	270	260	910	720	810	610	780	120	180	840	950	320	480	690	680	160	950	860	990	670	660	870	640	320	610	560	670	320	660	990	530	590	410	890	600	690	120	360	410	540	390	410	800	880	880	750	570	650	420	510	520	230	950	980	180	500	100	600	490	170	290	260	680	590	860	350	650	860	570	250	410	960	270	830	800	130	830	850	110	710	640	670	160	490	390	600	580	510	980	230	900	150	550	260	140	850	760	940	800	560	880	610	400	310	260	450	270	630	750	920	240	150	420	550	390	420	690	180	780	640	280	570	670	270	290	640	400	200	120	970	930	720	570	530	1000	510	190	750	220	940	680	490	800	510	430	150	540	950	850	
1
