1239
60
3
70
0	0	0	0	0	0	0	0	0	0	0	0	0	0	0	0	0	0	0	0	0	0	0	0	0	0	0	500	0	0	0	0	0	0	0	0	0	0	0	0	0	0	0	0	0	0	0	500	0	0	0	0	0	0	0	0	0	0	500	0	
0	0	0	0	0	0	0	0	0	0	0	0	0	0	0	0	0	0	0	0	500	0	0	0	0	0	0	0	500	0	0	0	0	500	0	0	0	0	0	0	0	0	0	0	0	0	0	0	0	0	0	0	0	0	0	0	0	0	0	0	
0	0	0	0	0	0	0	0	0	0	0	0	0	500	0	0	0	0	0	0	0	0	0	0	0	0	0	0	0	0	0	0	0	0	0	0	0	0	0	0	0	0	0	0	0	0	500	0	0	0	0	0	0	500	0	0	0	0	0	0	
0	0	0	0	0	0	500	0	0	0	0	0	0	0	0	0	0	0	0	0	0	0	0	0	0	0	0	0	0	500	0	0	0	0	0	0	0	0	0	0	0	0	0	0	0	0	0	0	0	0	0	0	0	0	0	500	0	0	0	0	
0	0	0	0	0	0	0	0	0	500	0	0	0	0	0	0	0	0	0	0	0	0	0	0	0	500	0	0	0	0	0	0	0	0	0	0	0	0	0	0	0	0	0	0	0	0	0	0	500	0	0	0	0	0	0	0	0	0	0	0	
0	0	0	0	0	0	0	0	0	0	0	0	0	0	0	0	0	0	0	0	0	0	0	0	0	0	0	0	500	0	0	0	0	0	0	0	0	0	0	0	0	0	0	0	0	0	500	0	0	0	0	0	500	0	0	0	0	0	0	0	
0	0	0	500	0	0	0	0	0	500	0	0	0	0	0	0	0	0	0	0	0	0	0	0	0	500	0	0	0	0	0	0	0	0	0	0	0	0	0	0	0	0	0	0	0	0	0	0	0	0	0	0	0	0	0	0	0	0	0	0	
0	0	0	0	0	0	0	0	0	0	0	0	0	0	0	0	0	0	0	0	0	0	0	0	0	0	500	0	0	0	0	0	0	0	0	0	0	0	0	0	0	0	0	0	500	0	0	0	0	0	0	0	0	0	0	0	500	0	0	0	
0	0	0	0	0	0	0	0	0	0	0	0	0	0	0	0	0	0	0	0	0	0	500	0	500	0	0	0	0	0	0	0	0	0	0	0	0	0	0	0	0	0	0	0	0	0	0	0	0	0	0	0	0	0	0	0	0	0	0	500	
0	0	0	0	500	0	500	0	0	0	0	0	0	0	0	0	0	0	0	0	0	0	0	0	0	500	0	0	0	0	0	0	0	0	0	0	0	0	0	0	0	0	0	0	0	0	0	0	0	0	0	0	0	0	0	0	0	0	0	0	
0	0	0	0	0	0	0	0	0	0	0	0	0	0	0	0	0	0	0	0	0	0	0	0	0	0	0	0	0	0	0	0	0	0	0	0	0	0	0	0	0	0	0	0	0	500	0	0	0	500	0	0	0	0	0	0	500	0	0	0	
0	0	0	0	0	0	0	0	0	0	0	0	0	0	0	0	0	500	500	0	0	0	0	0	0	0	0	0	0	0	0	0	0	0	0	500	0	0	0	0	0	0	0	0	0	0	0	0	0	0	0	0	0	0	0	0	0	0	0	0	
0	0	0	0	0	0	0	0	0	0	0	0	0	0	0	0	0	0	0	0	0	0	0	0	0	0	0	0	0	0	0	0	0	0	0	0	0	0	0	0	0	0	0	0	0	500	0	0	0	0	0	0	0	0	0	0	0	0	500	500	
0	0	500	0	0	0	0	0	0	0	0	0	0	0	0	0	0	0	0	0	0	0	0	0	0	0	0	0	0	0	0	0	0	0	0	0	0	0	0	0	0	0	0	0	0	0	500	0	0	0	0	0	0	500	0	0	0	0	0	0	
0	0	0	0	0	0	0	0	0	0	0	0	0	0	0	0	0	0	0	0	0	0	0	0	0	0	0	0	0	0	0	0	0	0	0	0	500	0	0	0	0	0	500	500	0	0	0	0	0	0	0	0	0	0	0	0	0	0	0	0	
0	0	0	0	0	0	0	0	0	0	0	0	0	0	0	0	0	0	0	500	0	0	0	0	0	0	0	0	0	0	0	0	0	0	0	0	0	500	0	0	0	0	0	0	0	0	0	0	0	0	500	0	0	0	0	0	0	0	0	0	
0	0	0	0	0	0	0	0	0	0	0	0	0	0	0	0	0	0	0	0	0	0	0	0	500	0	0	0	0	0	0	0	0	0	0	0	500	0	0	0	0	500	0	0	0	0	0	0	0	0	0	0	0	0	0	0	0	0	0	0	
0	0	0	0	0	0	0	0	0	0	0	500	0	0	0	0	0	0	0	0	0	0	0	0	0	0	0	500	0	0	0	0	0	0	0	0	0	0	0	0	0	0	0	0	0	0	0	500	0	0	0	0	0	0	0	0	0	0	0	0	
0	0	0	0	0	0	0	0	0	0	0	500	0	0	0	0	0	0	0	0	0	0	0	0	0	0	0	0	0	0	0	0	0	0	500	0	0	0	0	0	0	0	0	0	0	0	0	0	0	0	0	0	0	0	500	0	0	0	0	0	
0	0	0	0	0	0	0	0	0	0	0	0	0	0	0	500	0	0	0	0	0	0	0	0	0	0	0	0	0	0	0	0	0	0	0	0	0	500	0	0	0	0	0	0	0	0	0	0	0	0	500	0	0	0	0	0	0	0	0	0	
0	500	0	0	0	0	0	0	0	0	0	0	0	0	0	0	0	0	0	0	0	0	0	0	0	0	0	0	0	0	0	0	0	500	0	0	0	0	0	0	0	0	0	0	0	0	0	0	0	0	0	0	0	0	0	0	0	500	0	0	
0	0	0	0	0	0	0	0	0	0	0	0	0	0	0	0	0	0	0	0	0	0	0	500	0	0	0	0	0	0	0	0	500	0	0	0	0	0	0	0	0	0	500	0	0	0	0	0	0	0	0	0	0	0	0	0	0	0	0	0	
0	0	0	0	0	0	0	0	500	0	0	0	0	0	0	0	0	0	0	0	0	0	0	0	500	0	0	0	0	0	0	0	0	0	0	0	0	0	500	0	0	0	0	0	0	0	0	0	0	0	0	0	0	0	0	0	0	0	0	0	
0	0	0	0	0	0	0	0	0	0	0	0	0	0	0	0	0	0	0	0	0	500	0	0	0	0	0	0	0	0	500	0	500	0	0	0	0	0	0	0	0	0	0	0	0	0	0	0	0	0	0	0	0	0	0	0	0	0	0	0	
0	0	0	0	0	0	0	0	500	0	0	0	0	0	0	0	500	0	0	0	0	0	500	0	0	0	0	0	0	0	0	0	0	0	0	0	0	0	0	0	0	0	0	0	0	0	0	0	0	0	0	0	0	0	0	0	0	0	0	0	
0	0	0	0	500	0	500	0	0	500	0	0	0	0	0	0	0	0	0	0	0	0	0	0	0	0	0	0	0	0	0	0	0	0	0	0	0	0	0	0	0	0	0	0	0	0	0	0	0	0	0	0	0	0	0	0	0	0	0	0	
0	0	0	0	0	0	0	500	0	0	0	0	0	0	0	0	0	0	0	0	0	0	0	0	0	0	0	0	0	0	0	0	0	0	0	0	0	0	0	0	0	0	0	0	500	0	0	0	0	0	0	0	0	0	0	0	500	0	0	0	
500	0	0	0	0	0	0	0	0	0	0	0	0	0	0	0	0	500	0	0	0	0	0	0	0	0	0	0	0	0	0	0	0	0	0	500	0	0	0	0	0	0	0	0	0	0	0	0	0	0	0	0	0	0	0	0	0	0	0	0	
0	500	0	0	0	500	0	0	0	0	0	0	0	0	0	0	0	0	0	0	0	0	0	0	0	0	0	0	0	0	0	0	0	0	0	0	0	0	0	0	0	0	0	0	0	0	0	0	0	0	0	0	500	0	0	0	0	0	0	0	
0	0	0	500	0	0	0	0	0	0	0	0	0	0	0	0	0	0	0	0	0	0	0	0	0	0	0	0	0	0	0	0	0	0	0	0	0	0	0	0	0	0	0	0	0	0	0	0	500	0	0	0	0	0	0	500	0	0	0	0	
0	0	0	0	0	0	0	0	0	0	0	0	0	0	0	0	0	0	0	0	0	0	0	500	0	0	0	0	0	0	0	0	0	0	0	0	0	0	0	500	500	0	0	0	0	0	0	0	0	0	0	0	0	0	0	0	0	0	0	0	
0	0	0	0	0	0	0	0	0	0	0	0	0	0	0	0	0	0	0	0	0	0	0	0	0	0	0	0	0	0	0	0	0	500	0	0	0	500	0	0	0	0	0	0	0	0	0	0	0	0	0	0	0	0	0	0	0	500	0	0	
0	0	0	0	0	0	0	0	0	0	0	0	0	0	0	0	0	0	0	0	0	500	0	500	0	0	0	0	0	0	0	0	0	0	0	0	0	0	0	0	0	0	500	0	0	0	0	0	0	0	0	0	0	0	0	0	0	0	0	0	
0	500	0	0	0	0	0	0	0	0	0	0	0	0	0	0	0	0	0	0	500	0	0	0	0	0	0	0	0	0	0	500	0	0	0	0	0	0	0	0	0	0	0	0	0	0	0	0	0	0	0	0	0	0	0	0	0	0	0	0	
0	0	0	0	0	0	0	0	0	0	0	0	0	0	0	0	0	0	500	0	0	0	0	0	0	0	0	0	0	0	0	0	0	0	0	0	0	0	0	0	0	0	0	0	0	0	0	0	0	0	0	500	0	0	500	0	0	0	0	0	
0	0	0	0	0	0	0	0	0	0	0	500	0	0	0	0	0	0	0	0	0	0	0	0	0	0	0	500	0	0	0	0	0	0	0	0	0	0	0	0	0	0	0	0	0	0	0	0	0	0	0	0	0	0	500	0	0	0	0	0	
0	0	0	0	0	0	0	0	0	0	0	0	0	0	500	0	500	0	0	0	0	0	0	0	0	0	0	0	0	0	0	0	0	0	0	0	0	0	0	0	0	500	0	0	0	0	0	0	0	0	0	0	0	0	0	0	0	0	0	0	
0	0	0	0	0	0	0	0	0	0	0	0	0	0	0	500	0	0	0	500	0	0	0	0	0	0	0	0	0	0	0	500	0	0	0	0	0	0	0	0	0	0	0	0	0	0	0	0	0	0	0	0	0	0	0	0	0	0	0	0	
0	0	0	0	0	0	0	0	0	0	0	0	0	0	0	0	0	0	0	0	0	0	500	0	0	0	0	0	0	0	0	0	0	0	0	0	0	0	0	0	0	500	0	0	0	0	0	0	500	0	0	0	0	0	0	0	0	0	0	0	
0	0	0	0	0	0	0	0	0	0	0	0	0	0	0	0	0	0	0	0	0	0	0	0	0	0	0	0	0	0	500	0	0	0	0	0	0	0	0	0	500	0	0	0	0	0	0	0	0	0	0	0	0	0	0	500	0	0	0	0	
0	0	0	0	0	0	0	0	0	0	0	0	0	0	0	0	0	0	0	0	0	0	0	0	0	0	0	0	0	0	500	0	0	0	0	0	0	0	0	500	0	0	0	500	0	0	0	0	0	0	0	0	0	0	0	0	0	0	0	0	
0	0	0	0	0	0	0	0	0	0	0	0	0	0	0	0	500	0	0	0	0	0	0	0	0	0	0	0	0	0	0	0	0	0	0	0	500	0	500	0	0	0	0	0	0	0	0	0	0	0	0	0	0	0	0	0	0	0	0	0	
0	0	0	0	0	0	0	0	0	0	0	0	0	0	500	0	0	0	0	0	0	500	0	0	0	0	0	0	0	0	0	0	500	0	0	0	0	0	0	0	0	0	0	0	0	0	0	0	0	0	0	0	0	0	0	0	0	0	0	0	
0	0	0	0	0	0	0	0	0	0	0	0	0	0	500	0	0	0	0	0	0	0	0	0	0	0	0	0	0	0	0	0	0	0	0	0	0	0	0	0	500	0	0	0	0	0	0	0	0	0	0	0	0	0	0	0	0	0	0	500	
0	0	0	0	0	0	0	500	0	0	0	0	0	0	0	0	0	0	0	0	0	0	0	0	0	0	500	0	0	0	0	0	0	0	0	0	0	0	0	0	0	0	0	0	0	0	0	0	0	500	0	0	0	0	0	0	0	0	0	0	
0	0	0	0	0	0	0	0	0	0	500	0	500	0	0	0	0	0	0	0	0	0	0	0	0	0	0	0	0	0	0	0	0	0	0	0	0	0	0	0	0	0	0	0	0	0	0	0	0	0	0	0	0	0	0	0	0	0	500	0	
0	0	500	0	0	500	0	0	0	0	0	0	0	500	0	0	0	0	0	0	0	0	0	0	0	0	0	0	0	0	0	0	0	0	0	0	0	0	0	0	0	0	0	0	0	0	0	0	0	0	0	0	0	0	0	0	0	0	0	0	
500	0	0	0	0	0	0	0	0	0	0	0	0	0	0	0	0	500	0	0	0	0	0	0	0	0	0	0	0	0	0	0	0	0	0	0	0	0	0	0	0	0	0	0	0	0	0	0	0	500	0	0	0	0	0	0	0	0	0	0	
0	0	0	0	500	0	0	0	0	0	0	0	0	0	0	0	0	0	0	0	0	0	0	0	0	0	0	0	0	500	0	0	0	0	0	0	0	0	500	0	0	0	0	0	0	0	0	0	0	0	0	0	0	0	0	0	0	0	0	0	
0	0	0	0	0	0	0	0	0	0	500	0	0	0	0	0	0	0	0	0	0	0	0	0	0	0	0	0	0	0	0	0	0	0	0	0	0	0	0	0	0	0	0	0	500	0	0	500	0	0	0	0	0	0	0	0	0	0	0	0	
0	0	0	0	0	0	0	0	0	0	0	0	0	0	0	500	0	0	0	500	0	0	0	0	0	0	0	0	0	0	0	0	0	0	0	0	0	0	0	0	0	0	0	0	0	0	0	0	0	0	0	0	0	500	0	0	0	0	0	0	
0	0	0	0	0	0	0	0	0	0	0	0	0	0	0	0	0	0	0	0	0	0	0	0	0	0	0	0	0	0	0	0	0	0	500	0	0	0	0	0	0	0	0	0	0	0	0	0	0	0	0	0	500	0	0	0	0	500	0	0	
0	0	0	0	0	500	0	0	0	0	0	0	0	0	0	0	0	0	0	0	0	0	0	0	0	0	0	0	500	0	0	0	0	0	0	0	0	0	0	0	0	0	0	0	0	0	0	0	0	0	0	500	0	0	0	0	0	0	0	0	
0	0	500	0	0	0	0	0	0	0	0	0	0	500	0	0	0	0	0	0	0	0	0	0	0	0	0	0	0	0	0	0	0	0	0	0	0	0	0	0	0	0	0	0	0	0	0	0	0	0	500	0	0	0	0	0	0	0	0	0	
0	0	0	0	0	0	0	0	0	0	0	0	0	0	0	0	0	0	500	0	0	0	0	0	0	0	0	0	0	0	0	0	0	0	500	500	0	0	0	0	0	0	0	0	0	0	0	0	0	0	0	0	0	0	0	0	0	0	0	0	
0	0	0	500	0	0	0	0	0	0	0	0	0	0	0	0	0	0	0	0	0	0	0	0	0	0	0	0	0	500	0	0	0	0	0	0	0	0	0	500	0	0	0	0	0	0	0	0	0	0	0	0	0	0	0	0	0	0	0	0	
0	0	0	0	0	0	0	500	0	0	500	0	0	0	0	0	0	0	0	0	0	0	0	0	0	0	500	0	0	0	0	0	0	0	0	0	0	0	0	0	0	0	0	0	0	0	0	0	0	0	0	0	0	0	0	0	0	0	0	0	
0	0	0	0	0	0	0	0	0	0	0	0	0	0	0	0	0	0	0	0	500	0	0	0	0	0	0	0	0	0	0	500	0	0	0	0	0	0	0	0	0	0	0	0	0	0	0	0	0	0	0	500	0	0	0	0	0	0	0	0	
500	0	0	0	0	0	0	0	0	0	0	0	500	0	0	0	0	0	0	0	0	0	0	0	0	0	0	0	0	0	0	0	0	0	0	0	0	0	0	0	0	0	0	0	0	500	0	0	0	0	0	0	0	0	0	0	0	0	0	0	
0	0	0	0	0	0	0	0	500	0	0	0	500	0	0	0	0	0	0	0	0	0	0	0	0	0	0	0	0	0	0	0	0	0	0	0	0	0	0	0	0	0	0	500	0	0	0	0	0	0	0	0	0	0	0	0	0	0	0	0	
8	50	36	34	22	16	10	4	29	2	30	23	8	3	5	44	56	1	48	33	55	54	17	30	26	29	43	20	2	40	13	45	35	52	51	33	43	41	22	21	18	42	47	27	14	51	19	52	12	52	0	16	8	27	41	0	36	53	21	13	41	48	12	25	51	47	27	40	32	11	43	8	49	19	9	45	14	3	7	5	49	15	20	12	27	50	59	59	36	47	0	23	41	4	36	11	53	55	0	57	55	15	57	10	37	50	18	56	58	45	5	56	25	33	33	25	8	36	24	14	0	51	10	13	29	7	11	59	54	2	29	16	31	9	45	3	39	14	58	17	21	26	23	2	31	19	52	19	37	48	47	50	49	27	3	4	38	48	35	20	31	6	8	12	6	35	28	7	59	35	10	9	39	28	48	46	51	44	14	22	3	10	42	56	8	9	6	17	21	56	6	12	23	46	4	51	58	43	28	18	7	36	49	46	44	26	16	5	58	31	1	33	35	44	2	40	47	19	51	54	47	33	41	41	16	6	12	16	34	16	32	43	24	2	3	56	10	54	38	15	3	44	10	58	44	2	13	27	17	52	3	2	56	49	51	26	31	40	44	53	36	44	31	30	17	30	26	16	24	24	49	48	45	20	56	29	2	24	18	6	3	43	8	8	9	3	52	22	20	2	31	6	55	27	27	9	11	28	11	43	7	16	59	31	34	51	2	58	0	17	2	18	13	47	24	37	14	6	36	34	39	53	44	44	33	0	36	13	22	6	48	28	56	53	14	42	59	27	10	25	2	11	34	50	45	37	23	3	50	17	45	7	41	39	45	3	0	39	52	14	6	14	7	39	51	54	56	5	19	10	42	9	10	49	8	3	20	56	53	43	38	50	25	13	13	10	50	50	19	55	45	13	44	46	33	54	18	26	54	36	3	10	19	54	31	45	30	9	5	31	8	10	39	15	7	55	23	18	49	24	15	38	11	1	52	45	42	31	57	4	1	1	47	37	6	1	34	18	4	34	13	47	12	59	12	27	17	24	47	37	50	53	44	23	26	34	48	46	31	49	39	58	51	51	18	49	34	56	9	13	41	9	57	2	38	1	37	50	35	37	58	29	36	2	30	32	38	49	23	57	26	39	40	9	39	35	27	24	31	15	53	42	3	56	55	20	57	23	3	3	21	35	55	25	32	43	57	37	5	43	48	3	32	13	34	19	51	40	20	45	1	19	48	38	49	29	19	40	46	52	56	19	43	21	29	57	19	23	2	9	50	53	39	19	55	19	44	46	15	55	20	19	40	59	20	15	41	1	37	21	8	27	26	56	24	52	31	26	39	27	13	22	11	13	13	6	59	29	12	54	51	25	16	34	46	10	29	36	9	0	42	23	30	47	47	12	22	35	20	44	29	0	6	52	50	48	21	33	52	0	47	4	38	4	29	39	0	39	16	19	51	17	11	17	35	42	56	0	28	37	31	45	3	43	16	24	0	19	7	5	46	57	38	16	2	14	55	15	24	20	26	29	9	53	47	38	57	32	18	22	40	39	28	40	52	9	46	23	52	57	19	30	10	45	0	32	55	43	3	48	2	53	32	46	17	31	27	37	55	16	45	36	11	24	3	49	24	16	14	54	51	45	5	27	17	41	56	44	7	44	7	58	46	28	47	33	39	28	34	2	54	30	42	37	15	1	52	59	22	22	17	47	37	7	33	33	44	26	43	7	4	24	44	36	47	27	45	42	2	11	32	43	58	28	27	46	17	30	44	39	8	23	12	4	52	29	59	21	20	31	27	14	45	25	48	7	24	6	7	22	6	43	15	44	28	24	18	57	50	9	1	1	17	36	20	3	6	28	14	24	53	0	47	9	55	2	3	34	44	55	23	0	29	0	4	33	43	36	3	48	9	5	52	40	55	6	22	37	32	13	3	47	32	59	25	43	32	32	17	44	19	58	23	28	4	27	1	13	43	28	50	28	53	11	37	8	35	54	6	14	18	34	44	51	38	50	6	23	42	48	43	14	38	23	13	19	20	0	21	46	35	38	45	16	4	52	12	48	58	59	51	59	32	57	11	38	4	32	34	49	25	36	45	38	18	30	10	3	30	51	19	30	14	16	11	46	0	18	5	57	24	44	44	19	20	30	56	6	55	40	19	12	12	44	34	28	29	8	51	54	29	56	0	3	22	35	30	35	45	13	23	37	48	50	32	11	12	43	41	18	22	3	49	7	54	57	44	7	25	46	29	26	13	13	4	54	14	44	29	7	48	18	6	5	36	14	54	46	54	0	26	31	53	25	41	33	3	36	29	53	47	40	39	51	25	3	50	49	10	20	10	2	42	7	26	41	4	24	25	28	9	2	3	16	27	11	23	31	11	29	16	28	46	29	17	56	50	25	48	57	23	13	0	12	4	50	19	10	41	59	24	9	44	46	48	57	47	55	19	54	8	29	53	34	42	31	45	20	10	0	44	4	55	51	9	29	53	31	0	14	52	17	29	3	47	59	3	36	52	53	46	43	29	52	57	18	5	18	13	19	10	42	38	34	33	31	45	13	50	29	29	56	0	47	3	16	51	33	59	26	55	57	20	19	57	59	25	50	46	51	2	35	48	23	30	32	23	48	43	2	43	26	10	8	55	39	2	44	6	37	29	3	22	50	25	31	3	12	18	17	13	35	52	56	54	40	34	8	51	40	16	26	56	40	42	28	5	0	54	22	29	22	6	9	37	39	20	32	29	19	46	45	44	26	59	18	13	38	56	44	52	18	1	25	6	41	3	59	12	22	2	57	6	43	40	2	8	38	18	51	5	41	26	5	42	6	59	33	22	
44	25	43	53	47	29	5	43	24	35	36	14	46	26	30	26	3	51	23	39	45	17	9	27	39	23	12	31	28	50	2	52	52	57	4	11	48	59	10	16	29	21	58	54	11	10	25	20	54	45	15	20	0	55	13	7	15	43	37	30	24	12	48	1	49	10	10	46	13	19	29	59	10	15	5	39	30	43	20	35	21	29	19	6	47	33	54	39	31	28	23	21	13	36	58	23	18	29	57	7	19	52	14	40	17	45	37	46	35	18	29	50	19	48	57	13	31	2	18	20	51	41	49	27	34	0	17	11	19	6	46	6	55	32	48	17	17	13	32	33	55	44	10	38	21	8	15	34	50	9	36	13	10	0	7	45	59	21	39	27	1	3	0	43	31	38	43	47	38	50	3	25	2	46	59	50	37	45	44	23	51	41	58	40	34	24	59	15	34	35	10	36	19	39	59	5	12	8	59	58	34	18	43	51	21	41	41	47	17	30	56	5	23	58	34	20	44	30	20	39	3	27	20	27	44	58	39	31	3	5	4	25	54	41	43	50	23	19	1	13	39	27	44	42	0	1	3	14	2	47	4	35	46	18	23	11	54	18	32	43	33	19	32	39	50	42	23	56	18	25	58	44	10	42	51	1	0	53	15	53	12	41	4	48	36	57	47	43	2	26	0	26	25	41	36	6	57	6	6	31	15	41	21	20	41	15	33	3	2	9	20	39	37	51	11	39	11	48	58	37	24	36	49	13	25	29	15	58	3	57	46	45	43	16	16	45	34	18	26	10	9	1	32	46	42	42	42	4	3	28	55	34	30	10	32	41	48	41	53	13	13	51	4	43	5	21	41	53	5	31	52	8	9	9	16	1	3	20	25	4	59	54	3	2	5	26	55	36	51	58	44	56	32	26	41	39	20	54	11	12	51	52	37	19	58	44	45	34	46	39	47	21	52	56	10	26	45	28	47	3	24	52	48	15	20	35	14	34	47	48	10	59	57	0	57	58	26	3	43	47	39	34	54	36	47	6	51	34	58	57	45	59	23	16	21	7	58	44	7	58	26	4	52	45	11	17	24	8	32	58	40	52	53	42	52	6	54	55	26	44	31	44	0	49	24	9	35	8	51	13	12	21	59	38	40	7	40	9	46	45	11	0	24	1	22	52	23	21	11	27	38	59	12	26	1	55	34	32	46	14	45	33	22	23	25	33	15	51	39	29	54	51	54	44	18	11	0	25	50	40	50	50	23	9	14	31	36	32	58	27	35	13	48	32	39	23	8	15	47	59	9	25	21	51	52	0	38	2	18	37	4	42	28	5	25	27	44	25	1	59	50	30	46	8	28	20	31	13	20	15	24	35	23	37	9	28	58	32	18	11	14	37	33	11	40	29	28	6	29	48	7	10	48	40	18	38	1	53	27	18	12	24	34	27	11	23	6	29	56	36	47	13	21	33	20	37	50	32	34	56	38	41	52	23	37	28	35	10	22	18	53	50	4	6	53	5	8	19	13	59	37	47	15	49	43	18	38	37	41	1	4	18	16	57	8	19	15	59	39	29	36	37	31	13	19	30	17	33	47	9	16	5	28	41	56	9	2	6	17	49	47	57	48	47	48	39	9	7	28	52	59	38	14	23	29	56	35	38	21	12	43	24	54	8	37	30	4	34	40	11	30	46	39	9	19	5	33	52	58	59	13	52	31	49	53	46	51	42	36	29	44	4	47	49	51	9	53	58	21	54	34	11	31	24	14	1	10	47	59	9	11	24	18	34	40	49	52	35	22	55	16	10	44	37	4	0	23	56	47	53	15	14	39	28	47	30	50	38	26	56	30	3	7	24	46	27	51	30	57	51	33	20	59	48	35	52	0	20	29	29	33	16	41	19	52	40	50	4	53	15	36	50	21	47	58	55	2	51	24	55	21	2	27	27	16	36	57	48	9	23	55	9	24	11	53	51	36	5	5	2	3	14	13	37	2	55	37	46	44	16	1	26	52	15	59	22	47	43	15	10	36	26	25	22	16	39	12	7	56	25	8	24	49	13	6	18	25	10	23	48	16	19	21	25	21	10	23	0	4	32	44	7	9	34	28	34	44	8	48	4	26	36	45	35	30	37	49	38	38	51	37	28	23	52	11	51	57	51	33	0	17	49	11	32	1	36	16	40	15	18	51	29	40	46	52	5	57	50	41	55	4	45	5	29	2	54	16	8	53	9	57	12	55	54	23	29	11	45	43	10	14	37	12	38	31	23	38	3	56	31	43	58	8	16	28	40	14	40	46	53	25	50	0	41	30	27	6	44	15	14	35	38	46	47	52	5	31	18	16	13	35	29	53	43	8	16	12	53	15	17	30	28	12	46	8	15	59	24	53	0	34	49	30	53	39	2	22	12	47	12	11	36	47	10	12	9	12	31	25	30	22	10	16	47	1	25	34	38	18	10	29	26	19	19	12	17	12	24	38	1	59	32	22	49	40	24	5	10	48	59	47	52	41	0	55	38	41	38	29	11	52	16	41	9	8	8	54	34	30	57	43	11	19	41	20	21	33	16	35	58	18	8	50	10	0	45	58	29	53	10	51	38	5	13	49	42	43	9	6	4	10	27	41	57	41	42	21	37	53	36	7	21	59	32	28	1	7	26	23	29	19	31	51	18	26	18	22	8	35	0	24	45	24	18	42	43	35	7	29	32	4	12	1	50	36	29	4	24	57	11	34	58	28	27	52	45	49	10	0	36	22	10	41	9	32	34	30	18	41	56	33	52	26	43	10	49	33	12	6	59	59	1	1	15	58	44	28	1	43	57	16	26	37	16	8	18	23	56	53	
14	16	10	16	16	8	11	5	13	14	1	6	3	5	10	3	19	11	11	17	1	17	17	10	18	7	2	17	5	8	5	1	16	11	16	3	2	13	12	6	20	1	11	17	14	18	16	4	6	14	9	17	4	2	4	11	6	19	20	9	12	13	19	7	20	14	15	15	6	15	7	20	16	17	14	5	2	5	7	14	2	3	20	1	8	5	19	2	2	4	15	18	13	12	7	18	16	11	18	12	19	2	15	12	8	20	8	20	14	1	9	7	19	1	17	15	13	6	11	12	1	15	16	20	20	9	7	15	10	13	10	9	20	19	6	15	2	8	12	12	15	1	20	2	3	12	8	6	3	13	20	17	16	10	18	19	11	5	8	14	11	12	11	10	9	1	4	15	10	13	9	11	16	2	4	12	3	6	15	11	1	11	4	2	4	6	16	9	10	10	10	14	3	2	6	15	3	9	12	7	2	3	8	8	9	15	6	7	14	13	8	14	3	8	12	2	13	2	9	5	2	12	16	1	6	9	4	2	1	5	7	8	12	15	2	16	8	6	14	7	10	8	12	14	13	12	11	6	3	12	11	6	10	12	2	11	13	4	7	2	16	13	12	2	8	12	11	5	8	15	4	10	14	1	8	12	3	2	6	1	3	7	15	14	6	3	9	11	1	16	4	13	9	8	15	13	7	12	8	3	15	8	8	16	4	14	4	4	15	1	5	6	11	11	13	6	11	7	5	6	4	5	16	4	5	13	6	15	12	5	1	4	15	1	2	6	1	14	13	16	12	7	9	12	3	2	15	7	7	1	7	1	16	3	2	2	13	6	9	15	9	13	2	15	12	16	4	12	8	15	12	16	1	9	15	14	4	8	1	5	16	5	10	3	10	1	16	5	15	9	3	13	8	15	11	4	13	2	15	4	11	13	9	8	5	15	2	6	5	1	1	12	13	11	12	4	10	5	5	15	8	1	12	14	8	5	11	9	11	8	3	7	14	15	10	2	10	14	12	12	9	9	4	3	4	9	6	1	2	15	6	3	12	5	10	13	10	14	1	9	9	7	1	5	13	12	1	12	7	4	5	16	4	13	1	3	9	13	7	6	5	15	14	5	4	16	3	13	1	4	7	9	15	9	7	3	9	16	9	14	11	11	1	2	5	4	3	2	2	6	14	13	3	2	2	10	12	14	7	9	8	14	10	5	1	12	5	16	16	4	14	11	10	5	13	2	3	2	13	15	15	9	5	11	2	16	10	12	16	3	2	16	8	1	13	12	5	8	13	5	4	6	9	16	11	12	1	4	16	2	13	11	7	14	2	14	16	9	13	2	9	1	8	8	7	1	6	9	5	2	4	4	10	8	10	12	16	10	1	9	11	15	6	1	12	3	16	1	8	3	5	16	1	4	1	3	15	1	16	4	6	14	15	16	5	2	5	8	11	2	13	7	11	7	6	9	5	6	12	7	7	7	2	2	1	9	7	1	11	15	14	7	10	9	6	15	15	13	5	10	6	4	7	5	6	14	2	8	7	9	5	15	4	8	6	3	2	8	6	5	16	1	15	4	1	11	16	12	14	3	14	9	15	13	9	15	11	1	4	3	3	14	10	15	14	2	6	16	4	14	14	15	12	11	4	9	5	13	14	9	13	16	13	10	7	10	13	7	10	8	12	8	2	8	8	16	2	1	4	14	12	7	6	8	6	1	11	7	10	8	4	6	13	6	4	4	1	6	14	9	1	5	7	6	15	8	15	10	9	5	7	1	14	12	16	16	11	3	12	6	15	14	1	12	4	12	6	6	14	16	16	16	16	12	2	13	14	11	9	14	7	14	6	8	2	7	13	2	14	16	15	10	9	1	5	8	3	7	10	10	4	16	2	8	13	15	11	4	11	12	4	15	5	8	10	11	3	15	7	3	15	13	11	6	9	5	3	15	9	9	4	8	13	16	4	9	8	10	11	6	10	6	15	7	4	2	11	8	14	8	2	8	2	6	15	9	4	10	9	12	5	14	4	16	13	11	6	14	13	5	11	15	9	14	5	2	7	12	14	16	11	15	11	1	13	6	10	11	13	2	5	15	6	11	4	4	5	11	16	15	6	7	16	9	13	3	3	3	8	5	6	13	9	2	7	2	10	2	14	7	6	15	7	9	14	1	9	11	9	3	1	4	16	2	2	12	6	10	3	2	10	16	14	7	10	16	11	15	13	10	13	9	15	5	4	8	12	16	2	16	15	15	2	14	2	10	13	7	13	8	11	3	12	12	6	3	8	8	3	15	3	1	2	12	3	4	4	5	7	11	16	16	7	4	3	11	1	3	12	9	5	16	13	5	7	13	1	15	9	8	9	12	9	12	8	8	8	16	16	16	16	3	14	8	10	14	15	2	2	8	10	4	6	6	12	9	2	12	1	13	14	1	9	4	11	6	7	3	16	1	2	5	4	9	7	16	8	13	4	16	15	15	7	3	13	2	8	9	8	8	13	15	16	10	5	14	12	16	1	3	1	7	13	16	3	6	14	10	7	7	4	14	15	13	16	14	13	8	9	8	14	9	16	3	2	16	9	8	13	1	5	12	5	6	11	6	4	5	7	10	1	14	12	7	8	5	8	4	13	4	3	8	15	3	4	7	3	10	9	3	6	3	10	12	2	3	14	6	10	1	5	1	3	4	16	14	14	5	11	9	14	4	9	4	13	9	2	13	9	7	16	10	11	12	6	14	11	8	3	4	5	1	7	4	4	6	5	15	12	6	11	13	5	11	6	9	2	4	1	2	14	15	5	13	13	14	13	6	12	7	3	14	8	15	10	6	11	9	10	
210	840	340	710	180	890	490	810	570	620	890	160	420	560	770	860	120	290	220	980	670	730	150	180	620	880	910	590	950	560	600	820	310	140	350	520	650	630	370	520	510	320	870	240	100	730	170	1000	710	490	240	840	850	770	540	580	960	740	300	470	210	180	710	270	230	530	200	610	230	270	860	710	800	430	350	960	430	800	690	830	560	290	400	420	520	980	790	750	100	260	390	250	440	970	440	630	510	760	390	750	520	290	620	990	340	870	990	690	320	390	440	870	560	960	320	760	390	530	390	740	990	110	740	620	860	590	190	380	460	990	620	260	150	360	280	780	100	770	320	390	680	860	610	190	530	460	570	830	910	760	960	390	720	380	570	260	700	1000	790	850	800	460	150	480	520	650	570	370	920	110	190	150	910	240	830	760	870	710	620	330	740	380	500	950	680	480	320	740	770	900	460	570	710	1000	100	770	230	930	940	760	230	320	990	190	390	840	550	960	600	130	950	680	470	260	870	930	990	330	810	450	210	610	850	630	440	110	360	430	700	820	560	360	460	780	980	350	970	280	550	110	480	250	910	340	440	640	640	470	230	590	1000	540	920	570	880	100	150	410	390	370	480	870	170	600	690	1000	640	880	420	550	570	710	570	990	830	930	260	620	990	750	440	350	500	730	260	360	820	990	1000	440	570	610	150	510	140	540	250	410	400	980	500	140	310	440	880	830	760	750	980	910	390	760	450	860	560	120	970	420	480	820	430	720	970	1000	970	700	850	160	550	480	620	340	330	510	750	850	300	520	650	660	790	330	350	920	270	190	630	370	460	820	210	260	1000	890	780	820	340	790	850	850	880	980	640	260	740	340	720	950	160	800	690	440	580	800	950	330	470	280	890	720	800	860	930	1000	140	280	930	940	710	620	730	880	410	640	270	590	300	930	370	120	240	510	930	300	630	510	250	880	140	460	200	260	980	170	330	860	420	720	750	320	160	490	190	570	350	250	880	250	130	1000	870	660	130	440	530	280	460	430	380	210	160	610	990	760	690	830	800	630	900	690	960	420	370	770	160	790	680	160	530	550	770	970	380	120	560	140	400	950	980	340	580	520	680	900	560	170	890	680	160	560	450	230	920	700	900	290	210	690	650	690	330	340	480	340	200	470	880	360	950	940	880	340	870	540	110	770	870	820	400	730	900	360	440	820	900	480	260	820	760	490	550	940	180	860	170	990	870	880	680	170	450	930	560	150	770	740	300	340	990	390	510	760	260	130	860	220	120	860	910	700	610	720	470	150	660	960	260	190	110	910	370	460	470	540	740	500	840	210	610	740	950	450	760	570	560	320	520	170	750	480	880	660	610	880	520	460	520	370	560	260	150	170	440	380	110	850	370	430	180	990	620	520	830	590	480	630	220	300	490	980	200	960	390	870	410	770	310	230	440	390	480	750	750	960	330	560	350	500	990	820	360	960	360	390	180	230	450	730	650	490	990	350	800	530	250	550	260	350	210	560	180	260	470	770	570	530	870	500	740	750	210	550	580	170	630	800	660	880	870	310	210	500	990	340	490	460	510	470	920	640	260	540	590	670	490	420	720	460	320	880	340	890	660	970	510	470	880	670	690	490	390	310	190	130	300	570	690	500	870	850	140	310	560	340	360	920	610	500	280	350	590	460	830	820	520	250	730	320	1000	450	410	540	670	460	410	360	340	850	210	490	410	690	880	980	170	960	510	670	670	390	150	890	310	490	580	560	570	880	140	300	660	570	520	820	890	720	640	810	180	260	410	190	780	1000	290	500	140	490	490	1000	580	260	470	370	680	350	650	720	310	850	300	170	810	410	930	650	920	420	270	660	190	340	590	840	830	340	820	510	190	170	880	390	280	170	880	170	620	700	160	880	360	540	790	250	830	870	250	140	570	330	990	410	930	480	610	140	270	140	240	270	500	570	910	840	300	480	150	370	680	930	1000	580	920	640	770	450	190	500	690	550	880	830	400	400	880	310	480	540	330	900	110	500	190	590	390	290	930	480	480	980	270	250	120	100	240	830	660	640	120	760	160	350	370	720	620	560	800	640	980	740	450	810	430	290	700	440	660	500	330	490	360	480	550	610	710	180	770	770	700	370	670	410	900	920	840	340	880	250	670	620	830	930	480	460	390	670	620	550	370	760	610	970	710	100	260	590	700	550	660	940	540	110	640	900	410	780	270	810	760	850	180	740	640	970	210	180	700	810	610	870	340	900	380	820	760	310	260	780	730	660	860	140	950	810	740	920	630	750	820	580	420	240	930	740	290	460	950	300	510	590	820	950	240	130	760	880	470	170	960	390	330	690	770	220	440	330	800	460	270	640	480	750	970	860	470	130	650	340	170	680	520	620	300	960	970	770	470	560	470	440	950	620	540	180	290	930	910	990	640	150	390	530	800	560	700	930	620	840	290	250	350	630	930	260	390	450	590	350	180	160	290	500	120	280	490	540	780	210	250	450	830	820	770	570	130	670	110	710	860	930	440	750	400	610	470	200	290	720	620	960	580	850	660	190	170	870	460	810	530	990	870	1000	360	420	460	920	880	170	760	930	160	520	870	850	670	1000	260	340	690	850	150	880	830	550	820	540	590	190	490	640	640	930	600	650	230	320	580	570	510	780	600	210	460	670	670	770	470	740	860	600	330	550	910	550	890	210	550	460	230	440	390	800	140	980	970	550	840	400	140	340	690	530	420	750	500	730	220	660	900	470	760	460	580	800	490	700	390	780	950	960	740	620	250	880	620	810	600	650	570	730	200	120	300	870	480	630	510	590	980	280	860	520	1000	430	490	750	220	870	400	290	200	680	900	510	880	460	750	170	730	
10
