1593
60
3
90
0	0	0	0	0	0	0	0	0	0	0	0	0	0	0	0	0	0	0	0	0	0	0	0	0	0	0	500	0	0	0	0	0	0	0	0	0	0	0	0	0	0	0	0	0	0	0	500	0	0	0	0	0	0	0	0	0	0	500	0	
0	0	0	0	0	0	0	0	0	0	0	0	0	0	0	0	0	0	0	0	500	0	0	0	0	0	0	0	500	0	0	0	0	500	0	0	0	0	0	0	0	0	0	0	0	0	0	0	0	0	0	0	0	0	0	0	0	0	0	0	
0	0	0	0	0	0	0	0	0	0	0	0	0	500	0	0	0	0	0	0	0	0	0	0	0	0	0	0	0	0	0	0	0	0	0	0	0	0	0	0	0	0	0	0	0	0	500	0	0	0	0	0	0	500	0	0	0	0	0	0	
0	0	0	0	0	0	500	0	0	0	0	0	0	0	0	0	0	0	0	0	0	0	0	0	0	0	0	0	0	500	0	0	0	0	0	0	0	0	0	0	0	0	0	0	0	0	0	0	0	0	0	0	0	0	0	500	0	0	0	0	
0	0	0	0	0	0	0	0	0	500	0	0	0	0	0	0	0	0	0	0	0	0	0	0	0	500	0	0	0	0	0	0	0	0	0	0	0	0	0	0	0	0	0	0	0	0	0	0	500	0	0	0	0	0	0	0	0	0	0	0	
0	0	0	0	0	0	0	0	0	0	0	0	0	0	0	0	0	0	0	0	0	0	0	0	0	0	0	0	500	0	0	0	0	0	0	0	0	0	0	0	0	0	0	0	0	0	500	0	0	0	0	0	500	0	0	0	0	0	0	0	
0	0	0	500	0	0	0	0	0	500	0	0	0	0	0	0	0	0	0	0	0	0	0	0	0	500	0	0	0	0	0	0	0	0	0	0	0	0	0	0	0	0	0	0	0	0	0	0	0	0	0	0	0	0	0	0	0	0	0	0	
0	0	0	0	0	0	0	0	0	0	0	0	0	0	0	0	0	0	0	0	0	0	0	0	0	0	500	0	0	0	0	0	0	0	0	0	0	0	0	0	0	0	0	0	500	0	0	0	0	0	0	0	0	0	0	0	500	0	0	0	
0	0	0	0	0	0	0	0	0	0	0	0	0	0	0	0	0	0	0	0	0	0	500	0	500	0	0	0	0	0	0	0	0	0	0	0	0	0	0	0	0	0	0	0	0	0	0	0	0	0	0	0	0	0	0	0	0	0	0	500	
0	0	0	0	500	0	500	0	0	0	0	0	0	0	0	0	0	0	0	0	0	0	0	0	0	500	0	0	0	0	0	0	0	0	0	0	0	0	0	0	0	0	0	0	0	0	0	0	0	0	0	0	0	0	0	0	0	0	0	0	
0	0	0	0	0	0	0	0	0	0	0	0	0	0	0	0	0	0	0	0	0	0	0	0	0	0	0	0	0	0	0	0	0	0	0	0	0	0	0	0	0	0	0	0	0	500	0	0	0	500	0	0	0	0	0	0	500	0	0	0	
0	0	0	0	0	0	0	0	0	0	0	0	0	0	0	0	0	500	500	0	0	0	0	0	0	0	0	0	0	0	0	0	0	0	0	500	0	0	0	0	0	0	0	0	0	0	0	0	0	0	0	0	0	0	0	0	0	0	0	0	
0	0	0	0	0	0	0	0	0	0	0	0	0	0	0	0	0	0	0	0	0	0	0	0	0	0	0	0	0	0	0	0	0	0	0	0	0	0	0	0	0	0	0	0	0	500	0	0	0	0	0	0	0	0	0	0	0	0	500	500	
0	0	500	0	0	0	0	0	0	0	0	0	0	0	0	0	0	0	0	0	0	0	0	0	0	0	0	0	0	0	0	0	0	0	0	0	0	0	0	0	0	0	0	0	0	0	500	0	0	0	0	0	0	500	0	0	0	0	0	0	
0	0	0	0	0	0	0	0	0	0	0	0	0	0	0	0	0	0	0	0	0	0	0	0	0	0	0	0	0	0	0	0	0	0	0	0	500	0	0	0	0	0	500	500	0	0	0	0	0	0	0	0	0	0	0	0	0	0	0	0	
0	0	0	0	0	0	0	0	0	0	0	0	0	0	0	0	0	0	0	500	0	0	0	0	0	0	0	0	0	0	0	0	0	0	0	0	0	500	0	0	0	0	0	0	0	0	0	0	0	0	500	0	0	0	0	0	0	0	0	0	
0	0	0	0	0	0	0	0	0	0	0	0	0	0	0	0	0	0	0	0	0	0	0	0	500	0	0	0	0	0	0	0	0	0	0	0	500	0	0	0	0	500	0	0	0	0	0	0	0	0	0	0	0	0	0	0	0	0	0	0	
0	0	0	0	0	0	0	0	0	0	0	500	0	0	0	0	0	0	0	0	0	0	0	0	0	0	0	500	0	0	0	0	0	0	0	0	0	0	0	0	0	0	0	0	0	0	0	500	0	0	0	0	0	0	0	0	0	0	0	0	
0	0	0	0	0	0	0	0	0	0	0	500	0	0	0	0	0	0	0	0	0	0	0	0	0	0	0	0	0	0	0	0	0	0	500	0	0	0	0	0	0	0	0	0	0	0	0	0	0	0	0	0	0	0	500	0	0	0	0	0	
0	0	0	0	0	0	0	0	0	0	0	0	0	0	0	500	0	0	0	0	0	0	0	0	0	0	0	0	0	0	0	0	0	0	0	0	0	500	0	0	0	0	0	0	0	0	0	0	0	0	500	0	0	0	0	0	0	0	0	0	
0	500	0	0	0	0	0	0	0	0	0	0	0	0	0	0	0	0	0	0	0	0	0	0	0	0	0	0	0	0	0	0	0	500	0	0	0	0	0	0	0	0	0	0	0	0	0	0	0	0	0	0	0	0	0	0	0	500	0	0	
0	0	0	0	0	0	0	0	0	0	0	0	0	0	0	0	0	0	0	0	0	0	0	500	0	0	0	0	0	0	0	0	500	0	0	0	0	0	0	0	0	0	500	0	0	0	0	0	0	0	0	0	0	0	0	0	0	0	0	0	
0	0	0	0	0	0	0	0	500	0	0	0	0	0	0	0	0	0	0	0	0	0	0	0	500	0	0	0	0	0	0	0	0	0	0	0	0	0	500	0	0	0	0	0	0	0	0	0	0	0	0	0	0	0	0	0	0	0	0	0	
0	0	0	0	0	0	0	0	0	0	0	0	0	0	0	0	0	0	0	0	0	500	0	0	0	0	0	0	0	0	500	0	500	0	0	0	0	0	0	0	0	0	0	0	0	0	0	0	0	0	0	0	0	0	0	0	0	0	0	0	
0	0	0	0	0	0	0	0	500	0	0	0	0	0	0	0	500	0	0	0	0	0	500	0	0	0	0	0	0	0	0	0	0	0	0	0	0	0	0	0	0	0	0	0	0	0	0	0	0	0	0	0	0	0	0	0	0	0	0	0	
0	0	0	0	500	0	500	0	0	500	0	0	0	0	0	0	0	0	0	0	0	0	0	0	0	0	0	0	0	0	0	0	0	0	0	0	0	0	0	0	0	0	0	0	0	0	0	0	0	0	0	0	0	0	0	0	0	0	0	0	
0	0	0	0	0	0	0	500	0	0	0	0	0	0	0	0	0	0	0	0	0	0	0	0	0	0	0	0	0	0	0	0	0	0	0	0	0	0	0	0	0	0	0	0	500	0	0	0	0	0	0	0	0	0	0	0	500	0	0	0	
500	0	0	0	0	0	0	0	0	0	0	0	0	0	0	0	0	500	0	0	0	0	0	0	0	0	0	0	0	0	0	0	0	0	0	500	0	0	0	0	0	0	0	0	0	0	0	0	0	0	0	0	0	0	0	0	0	0	0	0	
0	500	0	0	0	500	0	0	0	0	0	0	0	0	0	0	0	0	0	0	0	0	0	0	0	0	0	0	0	0	0	0	0	0	0	0	0	0	0	0	0	0	0	0	0	0	0	0	0	0	0	0	500	0	0	0	0	0	0	0	
0	0	0	500	0	0	0	0	0	0	0	0	0	0	0	0	0	0	0	0	0	0	0	0	0	0	0	0	0	0	0	0	0	0	0	0	0	0	0	0	0	0	0	0	0	0	0	0	500	0	0	0	0	0	0	500	0	0	0	0	
0	0	0	0	0	0	0	0	0	0	0	0	0	0	0	0	0	0	0	0	0	0	0	500	0	0	0	0	0	0	0	0	0	0	0	0	0	0	0	500	500	0	0	0	0	0	0	0	0	0	0	0	0	0	0	0	0	0	0	0	
0	0	0	0	0	0	0	0	0	0	0	0	0	0	0	0	0	0	0	0	0	0	0	0	0	0	0	0	0	0	0	0	0	500	0	0	0	500	0	0	0	0	0	0	0	0	0	0	0	0	0	0	0	0	0	0	0	500	0	0	
0	0	0	0	0	0	0	0	0	0	0	0	0	0	0	0	0	0	0	0	0	500	0	500	0	0	0	0	0	0	0	0	0	0	0	0	0	0	0	0	0	0	500	0	0	0	0	0	0	0	0	0	0	0	0	0	0	0	0	0	
0	500	0	0	0	0	0	0	0	0	0	0	0	0	0	0	0	0	0	0	500	0	0	0	0	0	0	0	0	0	0	500	0	0	0	0	0	0	0	0	0	0	0	0	0	0	0	0	0	0	0	0	0	0	0	0	0	0	0	0	
0	0	0	0	0	0	0	0	0	0	0	0	0	0	0	0	0	0	500	0	0	0	0	0	0	0	0	0	0	0	0	0	0	0	0	0	0	0	0	0	0	0	0	0	0	0	0	0	0	0	0	500	0	0	500	0	0	0	0	0	
0	0	0	0	0	0	0	0	0	0	0	500	0	0	0	0	0	0	0	0	0	0	0	0	0	0	0	500	0	0	0	0	0	0	0	0	0	0	0	0	0	0	0	0	0	0	0	0	0	0	0	0	0	0	500	0	0	0	0	0	
0	0	0	0	0	0	0	0	0	0	0	0	0	0	500	0	500	0	0	0	0	0	0	0	0	0	0	0	0	0	0	0	0	0	0	0	0	0	0	0	0	500	0	0	0	0	0	0	0	0	0	0	0	0	0	0	0	0	0	0	
0	0	0	0	0	0	0	0	0	0	0	0	0	0	0	500	0	0	0	500	0	0	0	0	0	0	0	0	0	0	0	500	0	0	0	0	0	0	0	0	0	0	0	0	0	0	0	0	0	0	0	0	0	0	0	0	0	0	0	0	
0	0	0	0	0	0	0	0	0	0	0	0	0	0	0	0	0	0	0	0	0	0	500	0	0	0	0	0	0	0	0	0	0	0	0	0	0	0	0	0	0	500	0	0	0	0	0	0	500	0	0	0	0	0	0	0	0	0	0	0	
0	0	0	0	0	0	0	0	0	0	0	0	0	0	0	0	0	0	0	0	0	0	0	0	0	0	0	0	0	0	500	0	0	0	0	0	0	0	0	0	500	0	0	0	0	0	0	0	0	0	0	0	0	0	0	500	0	0	0	0	
0	0	0	0	0	0	0	0	0	0	0	0	0	0	0	0	0	0	0	0	0	0	0	0	0	0	0	0	0	0	500	0	0	0	0	0	0	0	0	500	0	0	0	500	0	0	0	0	0	0	0	0	0	0	0	0	0	0	0	0	
0	0	0	0	0	0	0	0	0	0	0	0	0	0	0	0	500	0	0	0	0	0	0	0	0	0	0	0	0	0	0	0	0	0	0	0	500	0	500	0	0	0	0	0	0	0	0	0	0	0	0	0	0	0	0	0	0	0	0	0	
0	0	0	0	0	0	0	0	0	0	0	0	0	0	500	0	0	0	0	0	0	500	0	0	0	0	0	0	0	0	0	0	500	0	0	0	0	0	0	0	0	0	0	0	0	0	0	0	0	0	0	0	0	0	0	0	0	0	0	0	
0	0	0	0	0	0	0	0	0	0	0	0	0	0	500	0	0	0	0	0	0	0	0	0	0	0	0	0	0	0	0	0	0	0	0	0	0	0	0	0	500	0	0	0	0	0	0	0	0	0	0	0	0	0	0	0	0	0	0	500	
0	0	0	0	0	0	0	500	0	0	0	0	0	0	0	0	0	0	0	0	0	0	0	0	0	0	500	0	0	0	0	0	0	0	0	0	0	0	0	0	0	0	0	0	0	0	0	0	0	500	0	0	0	0	0	0	0	0	0	0	
0	0	0	0	0	0	0	0	0	0	500	0	500	0	0	0	0	0	0	0	0	0	0	0	0	0	0	0	0	0	0	0	0	0	0	0	0	0	0	0	0	0	0	0	0	0	0	0	0	0	0	0	0	0	0	0	0	0	500	0	
0	0	500	0	0	500	0	0	0	0	0	0	0	500	0	0	0	0	0	0	0	0	0	0	0	0	0	0	0	0	0	0	0	0	0	0	0	0	0	0	0	0	0	0	0	0	0	0	0	0	0	0	0	0	0	0	0	0	0	0	
500	0	0	0	0	0	0	0	0	0	0	0	0	0	0	0	0	500	0	0	0	0	0	0	0	0	0	0	0	0	0	0	0	0	0	0	0	0	0	0	0	0	0	0	0	0	0	0	0	500	0	0	0	0	0	0	0	0	0	0	
0	0	0	0	500	0	0	0	0	0	0	0	0	0	0	0	0	0	0	0	0	0	0	0	0	0	0	0	0	500	0	0	0	0	0	0	0	0	500	0	0	0	0	0	0	0	0	0	0	0	0	0	0	0	0	0	0	0	0	0	
0	0	0	0	0	0	0	0	0	0	500	0	0	0	0	0	0	0	0	0	0	0	0	0	0	0	0	0	0	0	0	0	0	0	0	0	0	0	0	0	0	0	0	0	500	0	0	500	0	0	0	0	0	0	0	0	0	0	0	0	
0	0	0	0	0	0	0	0	0	0	0	0	0	0	0	500	0	0	0	500	0	0	0	0	0	0	0	0	0	0	0	0	0	0	0	0	0	0	0	0	0	0	0	0	0	0	0	0	0	0	0	0	0	500	0	0	0	0	0	0	
0	0	0	0	0	0	0	0	0	0	0	0	0	0	0	0	0	0	0	0	0	0	0	0	0	0	0	0	0	0	0	0	0	0	500	0	0	0	0	0	0	0	0	0	0	0	0	0	0	0	0	0	500	0	0	0	0	500	0	0	
0	0	0	0	0	500	0	0	0	0	0	0	0	0	0	0	0	0	0	0	0	0	0	0	0	0	0	0	500	0	0	0	0	0	0	0	0	0	0	0	0	0	0	0	0	0	0	0	0	0	0	500	0	0	0	0	0	0	0	0	
0	0	500	0	0	0	0	0	0	0	0	0	0	500	0	0	0	0	0	0	0	0	0	0	0	0	0	0	0	0	0	0	0	0	0	0	0	0	0	0	0	0	0	0	0	0	0	0	0	0	500	0	0	0	0	0	0	0	0	0	
0	0	0	0	0	0	0	0	0	0	0	0	0	0	0	0	0	0	500	0	0	0	0	0	0	0	0	0	0	0	0	0	0	0	500	500	0	0	0	0	0	0	0	0	0	0	0	0	0	0	0	0	0	0	0	0	0	0	0	0	
0	0	0	500	0	0	0	0	0	0	0	0	0	0	0	0	0	0	0	0	0	0	0	0	0	0	0	0	0	500	0	0	0	0	0	0	0	0	0	500	0	0	0	0	0	0	0	0	0	0	0	0	0	0	0	0	0	0	0	0	
0	0	0	0	0	0	0	500	0	0	500	0	0	0	0	0	0	0	0	0	0	0	0	0	0	0	500	0	0	0	0	0	0	0	0	0	0	0	0	0	0	0	0	0	0	0	0	0	0	0	0	0	0	0	0	0	0	0	0	0	
0	0	0	0	0	0	0	0	0	0	0	0	0	0	0	0	0	0	0	0	500	0	0	0	0	0	0	0	0	0	0	500	0	0	0	0	0	0	0	0	0	0	0	0	0	0	0	0	0	0	0	500	0	0	0	0	0	0	0	0	
500	0	0	0	0	0	0	0	0	0	0	0	500	0	0	0	0	0	0	0	0	0	0	0	0	0	0	0	0	0	0	0	0	0	0	0	0	0	0	0	0	0	0	0	0	500	0	0	0	0	0	0	0	0	0	0	0	0	0	0	
0	0	0	0	0	0	0	0	500	0	0	0	500	0	0	0	0	0	0	0	0	0	0	0	0	0	0	0	0	0	0	0	0	0	0	0	0	0	0	0	0	0	0	500	0	0	0	0	0	0	0	0	0	0	0	0	0	0	0	0	
17	47	52	5	24	7	52	36	19	56	54	49	44	55	13	36	20	1	56	59	16	51	54	54	28	26	14	51	30	50	1	38	23	30	22	1	15	2	16	52	8	2	6	24	35	53	39	7	56	11	40	10	6	25	34	56	17	42	29	27	22	53	58	47	24	23	13	21	6	29	52	53	22	25	34	49	29	30	19	17	0	27	2	15	48	44	2	11	50	21	1	21	51	4	29	10	41	6	33	1	32	51	48	44	14	57	1	33	11	52	25	35	40	42	35	33	34	39	7	50	43	45	49	5	55	53	31	46	12	31	46	14	21	41	23	21	33	15	27	2	41	11	58	14	5	50	38	4	38	16	29	14	5	6	50	41	52	39	54	43	19	42	32	35	35	40	3	44	34	3	58	29	4	55	32	29	27	23	59	32	22	29	44	47	20	37	39	27	6	9	59	9	20	49	27	50	55	52	25	56	48	45	35	40	10	13	1	3	31	17	32	16	55	44	34	52	30	17	17	26	35	38	51	12	24	43	5	55	39	31	37	51	46	34	31	50	19	30	35	22	52	52	49	22	58	21	34	58	47	5	38	8	55	2	4	4	2	55	52	39	32	23	16	3	49	46	48	56	20	40	1	22	12	41	43	57	35	31	4	5	8	33	53	10	6	33	23	22	14	59	51	7	9	48	55	45	43	40	0	55	4	40	1	7	54	27	50	29	40	3	32	21	54	14	44	43	45	2	13	6	57	34	43	38	25	14	44	27	14	9	11	31	52	35	20	7	59	34	8	50	26	9	40	12	58	57	15	3	51	56	22	53	16	53	22	31	36	28	41	34	6	27	9	11	57	19	38	56	53	54	41	58	3	14	1	5	6	53	1	25	33	5	6	0	17	8	38	48	54	19	57	28	19	39	35	44	42	30	34	55	50	57	37	45	13	36	24	43	46	48	48	50	58	22	10	11	4	20	43	10	25	28	27	38	26	12	6	57	9	40	4	57	41	6	30	51	12	25	29	36	0	47	2	55	10	6	14	0	2	15	21	22	44	4	19	21	52	20	8	31	7	40	29	7	20	3	18	19	8	50	52	38	21	3	32	34	43	17	37	51	0	32	47	54	57	21	58	19	2	3	37	20	21	31	43	47	44	40	26	57	19	43	55	41	55	14	10	36	0	43	52	58	58	58	55	38	0	58	47	55	14	0	26	20	37	38	42	1	32	2	15	57	53	50	0	8	25	16	37	7	16	43	46	39	41	59	14	26	57	7	8	43	40	54	56	38	34	16	22	11	8	19	27	59	27	46	5	7	6	3	30	53	52	36	43	10	3	58	32	8	15	53	48	42	8	22	59	10	25	45	23	1	50	19	46	46	43	7	7	1	22	28	29	43	23	36	30	32	21	25	18	23	39	17	59	1	23	1	59	53	54	43	0	34	46	19	33	17	47	23	19	47	51	56	9	33	6	27	47	13	48	7	22	53	5	26	37	30	54	54	38	33	32	52	33	27	46	2	6	46	25	4	43	5	43	53	50	17	39	6	9	47	3	15	4	24	35	5	36	2	23	57	42	13	25	5	16	10	8	23	42	24	39	29	2	1	33	39	43	51	37	33	34	10	45	38	18	10	47	38	33	40	25	24	46	6	56	39	28	52	43	5	30	50	22	48	34	18	13	9	45	40	2	34	6	40	43	53	32	41	5	47	3	2	48	34	50	53	17	58	30	51	13	9	10	56	24	14	24	27	15	21	47	6	35	52	4	37	33	35	13	2	33	23	17	49	1	1	6	48	17	25	45	9	57	11	13	7	28	13	59	40	5	56	41	37	59	39	29	58	53	21	16	24	51	5	31	44	8	37	52	17	42	25	23	24	41	45	59	18	46	54	3	20	55	58	5	9	35	13	26	5	46	43	45	37	34	16	17	47	18	47	48	26	34	0	51	25	49	50	12	49	17	7	41	6	41	58	22	18	40	31	6	48	42	59	44	48	15	7	44	33	29	47	29	7	42	32	56	11	59	42	39	38	29	26	55	11	44	1	14	54	32	57	58	14	4	16	36	37	32	58	33	50	33	2	34	31	19	23	11	46	15	35	4	57	43	34	29	58	7	46	39	24	24	52	13	10	15	44	3	23	50	32	41	50	31	38	30	12	19	29	12	39	48	53	8	59	47	32	47	14	12	35	58	16	40	58	6	14	16	34	54	12	18	35	14	27	19	53	8	15	21	42	12	21	20	4	31	30	52	47	44	6	30	45	39	27	47	24	53	1	47	34	50	23	56	3	42	1	32	34	16	51	29	18	9	2	57	24	3	56	22	16	53	9	29	51	38	19	16	34	53	4	26	28	9	59	10	26	8	36	43	44	0	44	47	24	30	51	57	23	22	17	2	39	43	5	1	4	7	7	31	49	25	18	32	25	16	39	15	25	12	44	57	19	55	55	42	14	1	27	23	44	46	53	28	42	38	30	44	14	29	16	54	20	4	28	57	18	49	19	44	46	53	8	26	17	53	47	27	4	31	23	48	21	59	14	43	34	56	43	55	37	22	59	22	32	48	36	14	48	51	45	22	41	10	19	46	52	36	1	13	7	59	38	33	43	3	11	12	23	55	54	11	54	1	17	4	50	30	36	43	35	32	39	16	41	38	36	19	55	18	6	11	30	33	38	49	46	11	43	40	59	38	33	35	42	41	31	53	16	48	46	34	24	53	50	3	27	23	4	40	28	42	18	2	0	58	23	59	43	21	9	3	15	6	56	35	4	40	44	20	40	36	14	4	10	37	30	44	45	49	27	26	35	19	1	47	49	58	43	8	12	24	50	37	12	16	9	15	14	34	57	33	35	28	53	45	3	11	35	50	31	29	42	29	15	42	27	58	50	6	34	48	56	9	48	5	38	29	2	16	33	51	31	5	10	30	48	57	6	3	29	4	47	59	59	24	39	50	11	27	45	51	56	50	11	38	55	25	47	48	52	35	20	56	46	31	13	7	21	54	35	45	37	28	11	1	57	33	0	27	57	19	19	15	44	56	59	28	36	33	45	5	45	21	13	17	53	15	40	35	20	1	36	17	4	9	0	4	39	22	7	56	18	10	43	52	7	49	5	22	14	0	56	36	44	14	40	51	53	30	49	0	25	27	39	12	40	56	20	46	36	51	18	28	30	12	51	42	44	47	12	32	39	23	44	37	5	25	37	44	21	43	10	4	41	41	44	14	12	26	5	43	44	50	27	8	2	5	40	48	28	54	43	43	5	5	51	30	22	14	8	11	56	47	7	9	33	35	25	23	27	47	37	16	56	12	3	13	16	15	28	10	46	56	37	58	25	45	4	30	58	27	15	33	40	58	4	30	24	38	6	3	58	57	13	49	47	7	21	4	48	28	10	33	20	14	39	25	26	18	15	2	44	2	2	54	17	14	58	52	32	49	17	0	34	32	53	27	9	52	4	45	5	33	29	8	45	45	5	54	3	54	31	14	14	12	14	40	36	29	51	21	3	34	27	16	39	34	18	4	3	35	0	37	15	40	42	41	8	57	15	37	20	58	0	14	45	26	43	50	0	43	57	38	55	53	29	46	9	49	44	15	45	0	23	35	2	23	29	47	8	19	0	1	14	45	16	26	2	6	
9	35	37	13	29	11	33	59	7	32	58	28	16	43	16	34	24	33	49	30	22	0	33	21	29	16	17	55	0	37	11	50	54	46	11	26	1	52	22	49	14	14	46	4	38	50	55	15	10	22	7	24	46	17	54	34	45	6	51	47	8	0	4	3	8	29	26	49	36	58	57	8	3	19	56	16	25	46	26	9	24	47	21	6	39	22	52	36	7	12	15	12	21	9	51	26	6	47	20	50	54	45	27	19	36	18	3	8	4	11	38	27	59	3	15	20	38	5	11	10	53	5	34	0	23	25	22	36	52	36	55	34	29	53	3	9	55	36	6	56	47	55	34	9	30	46	0	21	21	18	51	12	49	0	43	0	23	21	27	42	24	11	12	23	1	6	28	28	31	28	31	45	31	56	31	48	2	37	5	30	13	3	57	52	17	59	44	6	27	3	16	54	4	35	22	25	53	12	10	39	5	53	11	27	34	2	47	43	12	13	20	18	31	8	3	53	10	48	42	33	27	56	3	40	22	23	7	28	17	25	25	8	26	38	26	52	50	29	47	39	6	14	51	20	5	30	30	14	12	29	50	28	20	5	34	43	43	14	43	23	13	28	9	45	17	16	13	22	12	28	6	18	52	30	21	2	16	25	35	41	29	27	37	9	44	2	6	55	31	35	4	4	39	36	51	48	42	26	28	20	26	29	58	24	7	31	43	59	19	35	21	59	7	33	30	51	22	22	22	38	23	2	28	35	50	49	55	59	18	51	4	44	12	48	58	58	10	29	22	31	30	29	21	33	42	52	53	25	7	11	47	5	13	47	40	30	41	39	22	56	35	42	0	37	48	50	29	25	2	7	22	26	41	39	52	38	49	52	4	42	39	32	25	58	1	22	13	25	13	57	35	4	28	57	1	16	24	13	41	5	55	22	59	38	46	30	2	46	32	25	36	40	8	46	9	34	55	58	33	37	9	15	1	14	24	11	55	2	54	17	28	56	16	40	52	36	44	58	34	25	34	33	43	7	4	23	3	16	8	33	14	39	47	59	34	20	49	33	23	33	41	50	21	27	37	1	46	30	32	51	18	25	1	12	52	21	41	51	39	22	13	24	39	1	21	56	43	59	55	5	17	57	4	1	15	54	11	32	21	9	32	7	40	16	35	42	24	23	47	17	21	20	12	16	43	30	27	57	23	23	51	28	37	53	4	51	10	6	55	55	52	13	58	27	48	39	32	5	27	58	25	58	25	46	8	48	50	58	5	4	41	41	11	51	22	7	6	42	42	20	45	3	49	45	9	53	12	9	41	26	11	17	1	47	40	49	33	13	56	38	34	14	24	17	33	5	45	15	7	13	4	20	57	21	44	53	33	43	48	10	4	52	15	38	46	46	32	18	22	4	42	12	25	6	29	37	52	28	22	45	36	53	20	46	30	30	19	52	16	47	21	36	23	11	1	29	56	34	14	58	26	1	4	29	19	21	36	22	17	10	25	11	41	6	52	55	52	39	54	38	34	21	20	35	28	55	56	26	16	10	37	18	39	11	27	44	13	15	44	25	35	25	18	22	51	52	49	7	29	56	46	59	51	8	51	50	26	2	42	14	5	18	7	33	14	47	49	38	6	33	25	32	1	0	34	13	45	22	11	16	22	34	45	7	11	3	42	17	14	30	55	9	6	40	24	20	55	47	52	8	23	49	15	7	42	6	26	26	56	45	26	19	58	20	19	57	35	41	20	39	32	56	44	59	31	27	19	2	22	54	3	53	53	22	16	56	22	42	10	23	18	12	56	45	53	20	26	12	44	55	27	13	34	59	0	24	46	49	54	40	9	12	59	8	0	7	50	8	16	55	51	29	19	16	32	11	9	28	1	27	49	46	31	19	26	52	51	14	6	2	39	51	18	27	1	5	11	22	5	29	20	55	16	31	23	44	21	56	38	0	9	40	57	27	15	0	59	53	28	52	48	26	48	26	57	23	58	55	50	19	0	17	30	10	31	59	0	23	13	10	24	40	30	11	56	13	42	8	7	50	32	6	21	1	46	38	27	56	27	34	44	8	11	59	47	10	14	27	45	55	12	3	33	22	31	46	23	24	28	33	53	6	50	52	39	47	2	8	8	42	28	11	8	18	27	19	47	40	25	48	5	27	53	22	5	12	0	16	54	24	11	34	53	46	25	59	4	32	27	35	26	47	17	21	52	31	59	29	37	51	56	14	9	57	16	13	4	40	44	55	42	55	12	48	31	26	18	33	28	7	42	38	33	50	51	11	3	42	37	26	40	13	21	6	39	20	44	37	47	59	38	44	46	1	49	19	58	5	4	48	24	26	1	51	57	6	59	14	12	54	59	46	38	2	9	51	28	4	50	20	58	19	56	11	53	47	44	45	18	19	32	41	51	6	4	4	46	47	32	26	2	33	30	41	2	52	0	1	27	30	15	36	33	5	16	39	52	24	0	1	13	41	20	41	12	30	40	58	54	49	14	2	3	25	34	24	39	45	30	26	58	53	56	24	58	59	53	26	58	38	45	39	31	51	41	26	32	29	21	22	32	41	9	48	37	6	28	40	9	17	45	28	48	2	29	14	2	42	26	45	42	42	3	44	3	59	9	20	40	41	13	14	20	32	40	29	47	0	22	45	22	18	57	46	33	26	40	36	42	10	49	30	30	46	36	13	38	8	20	26	58	41	25	52	46	46	54	45	16	5	57	44	53	14	59	49	9	2	8	14	50	30	25	37	51	0	29	21	19	49	56	21	18	52	18	21	45	3	29	28	3	50	14	29	7	24	5	35	34	44	14	41	38	22	7	59	56	46	57	18	45	25	0	20	42	1	26	51	43	48	54	43	44	50	3	17	55	2	37	53	24	25	42	14	39	11	58	43	6	2	32	6	5	26	5	1	54	21	59	53	38	0	20	28	41	26	40	57	53	3	21	9	37	49	35	29	57	16	56	20	44	48	3	24	38	21	34	17	10	29	20	3	29	34	17	48	30	31	19	45	1	24	17	33	36	9	39	20	39	23	49	50	3	21	0	12	58	37	14	50	37	16	19	23	32	41	12	46	6	5	47	19	52	50	3	24	6	37	41	28	43	12	33	27	14	21	28	51	7	5	50	40	24	37	40	13	55	44	1	23	25	17	19	20	45	49	43	38	26	4	7	4	25	51	27	26	31	5	32	33	44	13	23	34	38	9	5	54	20	15	0	3	6	47	49	4	11	26	21	11	58	5	47	24	53	32	36	20	17	20	9	40	5	51	42	35	41	36	34	18	11	37	13	21	55	36	19	32	33	43	27	40	24	16	59	45	40	20	2	1	20	28	24	55	24	30	3	33	17	52	13	47	1	32	56	22	15	15	10	54	29	33	17	9	5	27	4	27	18	38	30	11	36	36	36	42	0	37	25	39	32	24	17	19	22	35	12	45	41	34	51	53	15	37	49	59	18	2	12	18	57	21	47	52	34	20	37	16	7	28	29	19	12	43	56	44	55	10	19	34	30	19	49	51	54	3	8	34	14	44	45	5	48	35	26	26	36	22	18	17	8	19	25	56	49	8	31	37	11	38	29	23	51	48	19	35	47	58	22	0	48	3	5	13	24	12	6	26	21	11	39	29	9	
4	13	17	18	10	12	20	20	7	13	8	5	6	2	1	2	18	16	13	20	14	2	17	8	2	19	1	10	7	15	7	17	17	20	19	16	19	10	7	9	5	10	3	5	9	18	17	4	14	14	10	9	18	15	8	11	9	7	12	10	19	17	15	13	2	1	15	10	1	14	15	2	7	19	18	1	6	19	17	20	10	10	11	5	10	12	16	13	17	2	7	1	14	2	16	11	10	13	1	13	2	16	10	20	10	4	8	15	16	14	8	2	9	2	12	3	13	3	3	13	7	5	4	17	5	9	3	11	3	7	2	8	16	10	12	14	2	1	8	6	10	19	2	4	16	11	19	9	2	8	12	3	5	9	14	2	9	8	19	8	5	15	15	13	12	1	11	14	3	20	4	13	20	1	16	11	8	13	19	8	8	13	14	1	20	2	2	16	3	17	12	5	7	3	2	10	16	17	19	13	16	16	10	13	14	13	7	3	2	4	1	16	7	15	7	3	6	16	8	12	2	5	10	10	13	5	6	16	5	4	4	13	7	13	9	8	8	12	16	8	14	3	16	14	8	16	8	8	6	10	7	7	16	2	13	13	14	11	11	8	1	6	12	15	14	6	7	10	4	4	15	9	8	14	13	10	3	10	2	3	7	9	13	5	13	2	14	5	2	7	13	3	14	13	16	4	7	9	6	7	4	16	2	14	9	13	1	8	16	12	9	5	12	9	2	13	3	11	14	4	16	3	5	7	4	9	8	11	2	6	9	13	1	6	15	7	9	11	6	8	12	1	15	5	15	5	12	7	2	14	9	14	15	5	4	15	14	3	5	4	5	11	12	3	2	5	11	14	2	12	2	12	13	6	6	13	16	9	15	16	4	9	2	3	9	13	4	7	5	1	13	7	10	6	13	2	2	4	15	5	1	8	12	7	6	2	9	4	9	15	5	1	3	11	15	16	15	7	13	9	15	4	15	1	11	12	3	7	9	16	10	8	5	14	9	8	13	8	1	3	13	9	5	12	13	7	3	11	8	9	13	8	4	4	6	11	14	5	12	15	14	15	9	4	7	11	15	7	2	15	8	4	2	16	4	14	3	6	10	6	15	1	9	13	1	4	14	12	2	15	11	5	1	1	9	12	7	8	15	16	4	9	5	8	13	3	8	5	7	10	12	10	4	13	7	7	10	9	3	15	7	12	9	9	11	4	15	16	15	5	1	16	16	14	7	11	9	12	5	13	1	7	10	12	2	13	3	9	4	13	10	14	6	10	10	2	15	13	15	9	6	13	13	3	4	15	2	14	9	15	16	5	9	10	2	4	10	7	6	7	4	14	11	6	4	7	4	8	1	2	6	12	2	14	5	1	13	16	9	13	15	11	10	2	2	11	13	16	11	5	10	8	6	13	14	8	14	2	15	13	2	15	8	15	12	5	15	2	12	4	16	9	10	4	1	3	11	10	15	12	14	5	1	5	11	10	16	2	12	9	16	2	2	16	10	10	4	8	8	4	4	13	3	3	5	3	2	15	13	3	7	5	15	10	13	16	8	13	15	14	11	1	14	8	1	16	14	9	3	3	13	3	15	5	3	15	14	16	4	2	6	5	12	10	5	2	9	12	6	12	7	9	12	2	7	9	12	15	12	3	6	2	14	13	16	10	1	14	3	8	13	6	6	1	3	11	1	14	7	15	14	14	4	1	13	2	11	13	11	5	10	10	9	16	12	9	4	13	2	12	12	11	16	9	11	15	13	14	12	16	2	13	3	12	15	8	5	7	13	1	4	2	6	4	9	4	1	13	16	8	2	11	10	2	13	10	3	10	16	11	1	3	1	7	3	8	15	8	1	10	13	15	6	8	4	8	7	7	5	12	3	11	5	15	5	9	7	12	12	7	11	10	4	12	15	11	9	14	7	14	10	3	4	6	2	11	12	8	10	9	16	10	8	2	7	7	4	12	9	3	1	13	4	15	10	1	10	13	1	1	8	16	14	13	8	2	9	13	7	6	2	5	3	14	5	13	6	10	8	7	12	2	8	16	9	13	16	4	13	1	3	15	1	9	13	2	4	13	15	11	7	4	7	9	4	2	8	6	11	13	9	12	11	8	15	12	5	14	13	16	1	10	13	11	10	7	14	16	1	3	1	15	9	11	5	11	11	12	16	14	2	14	5	10	5	7	7	10	2	7	14	3	11	15	4	4	13	15	8	3	13	7	6	6	5	10	8	8	2	12	7	16	10	10	15	15	13	11	3	12	16	5	12	12	16	2	7	2	7	9	2	10	4	5	11	11	2	14	3	15	12	16	16	7	16	11	3	6	12	7	9	14	14	13	16	6	13	14	15	12	3	7	2	16	7	6	16	13	4	3	14	15	3	9	3	8	3	7	12	16	1	9	14	9	6	6	9	7	10	4	7	12	11	14	2	8	1	3	3	16	5	7	8	4	6	13	3	12	16	12	15	9	7	2	1	9	8	14	15	15	6	4	8	11	9	12	9	13	12	9	16	8	13	4	12	10	8	11	4	11	4	6	10	7	9	4	5	5	13	2	9	11	8	5	16	15	2	10	11	11	4	2	7	3	9	13	14	9	2	8	4	6	1	1	4	5	10	14	9	10	9	5	3	10	12	5	7	14	1	8	13	15	1	15	12	12	15	4	9	1	2	13	14	8	16	8	8	4	5	8	7	4	3	14	6	9	6	3	15	16	1	15	13	16	16	4	12	10	2	4	13	14	3	5	13	8	13	2	16	16	15	14	14	2	14	4	4	16	16	9	10	13	12	13	14	4	9	10	7	3	6	16	8	5	16	15	9	11	16	12	13	8	2	14	6	8	15	14	16	16	10	3	7	7	11	7	11	2	12	11	15	3	12	16	15	11	4	2	16	8	2	8	5	8	2	12	1	13	8	12	1	6	14	10	10	14	10	8	2	16	9	11	9	8	4	4	12	6	10	13	11	11	3	2	10	1	4	7	9	3	14	4	12	3	11	3	16	5	6	15	9	4	1	13	5	10	1	11	2	5	9	9	2	16	5	6	3	6	3	10	10	16	8	5	1	1	11	14	5	16	11	4	15	16	13	5	12	12	11	6	6	1	9	11	7	14	8	15	4	16	4	14	10	11	15	2	11	9	10	2	3	6	12	16	4	6	5	9	10	1	2	9	3	3	6	5	4	8	5	8	6	8	6	1	3	6	11	5	14	5	12	15	2	13	9	14	4	7	5	12	1	14	10	12	3	12	12	3	10	13	10	3	4	16	1	5	5	16	1	8	8	14	15	14	15	12	3	4	3	7	16	3	14	13	1	13	12	13	7	5	5	15	13	12	9	5	10	14	7	6	10	12	5	15	15	2	4	6	11	6	10	9	13	4	7	1	4	6	16	13	2	5	14	15	8	1	2	5	15	3	16	12	3	3	8	6	14	4	16	4	12	4	12	4	11	6	8	3	5	3	1	10	3	5	12	13	12	8	16	12	1	8	14	4	5	8	12	6	7	11	8	1	11	6	14	14	15	14	12	15	6	8	16	11	8	14	2	15	10	13	12	13	14	14	13	16	14	7	16	8	14	8	7	8	3	10	8	15	11	4	3	15	14	2	5	12	13	14	9	16	6	6	14	
240	220	590	150	130	320	830	360	990	750	290	750	1000	640	700	310	310	1000	800	770	110	700	750	830	530	590	160	130	140	980	230	770	230	540	820	160	350	980	580	940	110	890	330	270	210	770	670	610	380	510	840	470	470	390	290	890	160	370	580	550	900	710	850	880	490	150	990	850	740	850	190	920	350	740	510	120	460	310	660	650	260	930	650	650	670	380	410	410	720	490	840	210	890	650	430	480	400	210	620	450	440	360	200	630	160	310	700	240	400	200	350	550	620	180	370	700	180	170	310	110	880	330	560	390	400	600	260	140	100	780	360	890	910	800	950	970	740	580	820	240	820	810	420	490	530	220	660	460	520	410	640	240	390	200	660	220	490	900	200	310	650	320	750	930	590	810	510	960	730	870	410	810	100	910	650	1000	350	290	870	900	1000	250	830	1000	440	920	260	630	300	820	330	290	280	970	330	750	530	470	820	470	730	120	150	810	540	660	240	640	750	370	510	620	220	440	520	600	850	170	180	220	860	680	890	470	980	870	770	970	420	420	1000	270	490	810	310	300	620	240	960	830	810	830	710	750	1000	100	280	320	160	130	390	340	820	890	430	440	750	270	530	680	970	920	300	620	660	380	580	640	960	990	920	920	370	400	710	200	150	690	800	300	190	140	420	350	710	640	650	770	290	250	200	730	510	220	250	990	990	350	660	310	410	820	470	290	480	910	470	340	260	230	610	600	740	740	960	780	500	500	280	790	750	980	540	410	510	470	100	170	520	260	610	550	610	730	720	880	470	500	280	700	100	140	910	430	200	630	170	320	200	280	850	510	900	200	720	140	100	850	530	290	540	740	890	910	120	690	210	300	870	270	380	840	680	910	660	820	1000	640	420	510	340	560	590	500	930	150	440	540	990	770	180	280	780	110	980	680	260	720	850	970	650	210	760	320	310	130	460	140	470	400	580	660	380	170	100	210	740	310	310	400	540	980	1000	440	380	950	800	200	120	210	770	950	730	940	250	710	120	420	380	230	640	940	210	330	500	130	420	300	380	720	850	580	770	530	400	500	920	470	730	870	180	880	960	150	450	250	860	570	990	920	510	780	940	760	980	480	650	950	460	270	850	880	110	950	970	590	790	310	190	150	130	420	830	990	520	440	910	710	420	170	490	770	210	570	660	710	410	880	540	270	960	190	540	190	280	400	720	310	690	1000	170	930	140	170	730	450	710	570	400	270	460	310	330	510	610	130	290	450	360	800	110	210	640	640	420	430	500	110	220	580	690	720	1000	710	130	180	200	840	200	650	370	870	370	710	280	760	950	120	870	390	900	940	480	450	570	580	960	350	170	280	400	630	310	710	740	940	170	970	510	500	880	830	120	490	140	720	560	310	520	350	210	210	570	110	690	260	400	130	700	340	920	460	430	510	530	910	710	480	760	440	710	740	660	360	200	850	920	760	510	570	550	280	370	210	730	130	130	750	460	600	760	160	540	980	740	340	460	330	970	610	280	150	290	820	700	530	810	820	190	610	590	820	760	290	700	650	660	560	180	990	430	510	630	250	340	460	300	850	290	240	570	230	930	130	740	730	370	800	770	900	840	860	670	370	660	240	600	180	300	360	460	160	960	100	200	630	360	850	900	650	150	430	740	250	790	330	880	580	300	270	630	300	250	610	660	720	930	120	190	900	160	720	970	610	830	210	610	700	970	770	780	170	370	160	430	200	460	470	910	340	820	810	170	300	800	310	560	460	660	690	550	970	210	640	220	210	660	800	770	790	250	340	460	960	790	730	730	300	350	700	560	840	660	740	440	210	870	790	810	610	510	590	970	840	480	970	140	520	720	350	200	590	430	510	780	500	990	420	540	910	130	770	450	820	160	230	860	710	210	370	130	630	390	800	220	340	120	140	840	850	110	720	390	920	540	810	500	140	510	750	170	910	220	250	260	290	180	330	960	730	770	350	270	910	540	980	740	170	380	250	890	240	140	790	480	110	670	740	710	670	740	240	120	480	630	110	870	710	400	990	320	660	460	280	820	960	940	360	930	800	580	730	110	350	700	850	960	790	770	480	550	480	320	640	590	540	500	510	940	310	110	670	1000	990	440	610	700	320	250	800	430	700	630	890	100	350	970	220	680	500	380	560	300	750	260	340	470	410	880	880	360	340	1000	100	740	410	910	950	440	770	720	260	710	320	120	970	670	110	530	470	780	810	590	110	700	170	810	710	470	880	910	760	950	170	110	450	860	600	950	710	630	840	400	660	550	160	730	840	640	510	930	810	290	340	180	580	190	940	730	660	180	500	650	820	770	950	650	320	240	540	210	630	320	780	620	870	500	300	790	990	940	390	280	640	420	620	510	850	540	130	830	400	900	510	960	330	110	500	950	180	660	100	220	530	870	610	500	290	820	900	130	500	580	160	780	870	430	380	620	650	370	230	350	730	210	940	760	180	570	710	950	100	380	370	970	220	230	130	790	800	440	390	970	520	200	810	440	190	570	550	600	600	150	160	240	420	410	550	490	350	760	280	870	440	710	240	610	280	310	110	220	1000	740	330	920	730	230	790	470	790	180	860	700	840	280	430	880	240	180	280	430	310	110	290	650	820	320	720	100	800	470	700	680	800	770	710	380	980	640	880	130	240	680	490	650	320	800	660	130	170	300	630	470	210	250	320	140	910	800	440	880	910	230	980	940	750	460	430	440	580	720	370	120	140	710	1000	770	550	390	310	620	630	270	750	660	160	160	530	250	880	550	720	380	230	290	160	580	540	930	350	330	120	540	130	680	970	690	110	890	740	110	690	960	290	360	400	340	870	220	440	240	550	570	890	940	610	870	550	940	360	930	640	980	460	670	880	970	360	300	490	780	370	130	160	720	520	740	570	940	610	320	490	530	750	710	480	940	970	580	1000	380	780	710	780	270	730	970	810	880	590	190	860	120	900	150	600	200	880	900	850	670	530	280	170	980	770	480	580	460	740	980	1000	200	870	410	630	300	900	270	340	790	710	360	510	830	100	330	960	720	750	130	600	420	640	790	700	990	100	180	310	570	450	330	290	710	940	720	180	550	270	590	120	620	830	100	1000	610	740	720	450	910	590	490	620	230	380	560	960	760	320	560	990	620	280	370	940	260	910	920	640	170	140	800	480	970	740	860	280	870	660	360	1000	510	270	740	630	490	480	600	160	590	910	250	140	250	360	320	790	350	650	250	700	460	660	550	210	470	790	100	330	730	270	660	190	240	250	720	140	170	410	160	150	670	980	390	760	370	860	790	730	850	850	770	840	580	170	930	210	800	980	840	510	750	630	360	200	180	610	300	330	390	860	960	760	490	390	300	160	880	300	920	540	250	440	240	400	570	670	560	720	910	880	290	710	880	190	490	810	170	110	200	830	310	870	250	230	360	460	580	190	590	590	270	200	190	350	230	310	380	100	720	370	600	320	970	190	790	130	460	830	810	600	730	150	480	870	890	140	160	470	880	570	850	990	760	360	120	340	140	800	480	540	940	920	790	760	960	890	130	180	170	420	830	770	380	330	170	540	330	620	380	220	520	670	280	120	330	270	800	690	790	630	870	630	380	330	890	100	800	780	200	480	860	830	740	660	170	970	690	920	560	390	620	870	930	410	640	440	880	660	650	810	880	
1
