885
60
3
50
0	0	0	0	0	0	0	0	0	0	0	0	0	0	0	0	0	0	0	0	0	0	0	0	500	0	0	0	0	0	0	0	0	0	0	0	0	0	0	0	0	0	0	0	0	500	0	0	0	500	0	0	0	0	0	0	0	0	0	0	
0	0	0	0	0	0	0	0	0	0	0	0	0	0	500	0	0	0	0	0	500	0	0	0	0	0	0	0	500	0	0	0	0	0	0	0	0	0	0	0	0	0	0	0	0	0	0	0	0	0	0	0	0	0	0	0	0	0	0	0	
0	0	0	0	0	0	0	500	0	0	0	0	500	0	0	0	0	0	0	0	0	0	500	0	0	0	0	0	0	0	0	0	0	0	0	0	0	0	0	0	0	0	0	0	0	0	0	0	0	0	0	0	0	0	0	0	0	0	0	0	
0	0	0	0	500	0	0	0	0	0	0	0	0	0	0	0	0	0	0	0	0	0	0	0	0	0	500	0	0	0	0	0	0	0	0	0	0	0	0	0	0	0	0	0	0	0	0	0	0	0	0	0	0	0	500	0	0	0	0	0	
0	0	0	500	0	0	0	0	0	500	0	0	0	0	0	0	0	0	0	0	0	0	0	0	0	0	500	0	0	0	0	0	0	0	0	0	0	0	0	0	0	0	0	0	0	0	0	0	0	0	0	0	0	0	0	0	0	0	0	0	
0	0	0	0	0	0	0	0	500	0	0	0	0	0	0	0	0	0	0	0	0	0	0	0	0	0	0	0	0	0	500	0	0	0	0	0	0	500	0	0	0	0	0	0	0	0	0	0	0	0	0	0	0	0	0	0	0	0	0	0	
0	0	0	0	0	0	0	0	0	0	0	0	0	0	0	0	0	500	0	0	0	0	0	0	0	0	0	0	0	0	0	0	0	0	0	0	0	0	0	0	0	500	0	0	0	0	0	0	0	0	0	0	0	0	0	0	0	0	0	500	
0	0	500	0	0	0	0	0	0	0	0	0	0	0	0	0	0	0	0	0	0	0	0	0	0	0	0	0	0	0	0	0	0	0	0	0	0	0	0	0	0	0	0	0	0	0	0	0	500	0	0	0	0	0	0	500	0	0	0	0	
0	0	0	0	0	500	0	0	0	0	0	0	0	0	0	0	0	0	0	0	0	0	0	0	0	0	0	0	0	0	500	0	0	0	0	0	0	0	0	0	0	0	0	0	0	0	0	0	0	0	500	0	0	0	0	0	0	0	0	0	
0	0	0	0	500	0	0	0	0	0	0	0	0	0	0	0	0	0	0	0	0	0	0	0	0	0	500	0	0	500	0	0	0	0	0	0	0	0	0	0	0	0	0	0	0	0	0	0	0	0	0	0	0	0	0	0	0	0	0	0	
0	0	0	0	0	0	0	0	0	0	0	0	0	0	0	0	0	0	0	500	0	0	0	0	0	0	0	0	0	0	0	0	0	0	0	0	0	0	500	500	0	0	0	0	0	0	0	0	0	0	0	0	0	0	0	0	0	0	0	0	
0	0	0	0	0	0	0	0	0	0	0	0	0	0	0	500	0	0	0	0	0	0	0	0	0	0	0	0	0	0	0	500	0	0	0	500	0	0	0	0	0	0	0	0	0	0	0	0	0	0	0	0	0	0	0	0	0	0	0	0	
0	0	500	0	0	0	0	0	0	0	0	0	0	0	0	0	0	0	0	0	0	0	500	500	0	0	0	0	0	0	0	0	0	0	0	0	0	0	0	0	0	0	0	0	0	0	0	0	0	0	0	0	0	0	0	0	0	0	0	0	
0	0	0	0	0	0	0	0	0	0	0	0	0	0	0	0	0	0	0	0	0	0	0	0	0	500	0	0	0	500	0	0	0	0	0	0	0	0	0	0	0	0	0	0	0	0	0	0	0	0	0	0	500	0	0	0	0	0	0	0	
0	500	0	0	0	0	0	0	0	0	0	0	0	0	0	0	0	0	0	0	500	0	0	0	0	0	0	0	0	0	0	0	0	0	0	0	0	0	0	0	0	0	0	0	0	0	0	0	0	0	0	0	0	0	0	0	500	0	0	0	
0	0	0	0	0	0	0	0	0	0	0	500	0	0	0	0	0	0	0	0	0	0	0	0	0	0	0	0	0	0	0	0	0	0	0	500	0	0	0	0	0	0	0	0	0	500	0	0	0	0	0	0	0	0	0	0	0	0	0	0	
0	0	0	0	0	0	0	0	0	0	0	0	0	0	0	0	0	0	0	0	0	0	500	0	0	0	0	0	0	0	0	0	0	500	0	0	0	0	0	0	0	0	0	0	0	0	0	0	0	0	0	0	0	500	0	0	0	0	0	0	
0	0	0	0	0	0	500	0	0	0	0	0	0	0	0	0	0	0	0	0	0	0	0	0	0	0	0	0	0	0	0	0	0	0	0	0	0	0	0	0	0	500	0	0	0	0	0	0	0	0	0	0	0	0	0	0	0	0	0	500	
0	0	0	0	0	0	0	0	0	0	0	0	0	0	0	0	0	0	0	0	0	0	0	0	0	0	0	500	0	0	0	0	0	0	0	0	0	0	0	0	0	500	0	0	0	0	0	0	0	0	0	0	0	0	0	0	0	0	0	500	
0	0	0	0	0	0	0	0	0	0	500	0	0	0	0	0	0	0	0	0	0	0	0	0	0	0	0	0	0	0	0	0	0	0	0	0	0	0	0	0	0	0	0	0	0	0	0	0	0	500	0	0	0	0	0	0	0	0	500	0	
0	500	0	0	0	0	0	0	0	0	0	0	0	0	500	0	0	0	0	0	0	0	0	0	0	0	0	0	500	0	0	0	0	0	0	0	0	0	0	0	0	0	0	0	0	0	0	0	0	0	0	0	0	0	0	0	0	0	0	0	
0	0	0	0	0	0	0	0	0	0	0	0	0	0	0	0	0	0	0	0	0	0	0	0	0	0	0	0	0	0	0	0	500	0	0	0	0	0	0	0	0	0	0	0	0	0	0	0	0	0	0	500	0	0	0	0	0	500	0	0	
0	0	500	0	0	0	0	0	0	0	0	0	500	0	0	0	500	0	0	0	0	0	0	0	0	0	0	0	0	0	0	0	0	0	0	0	0	0	0	0	0	0	0	0	0	0	0	0	0	0	0	0	0	0	0	0	0	0	0	0	
0	0	0	0	0	0	0	0	0	0	0	0	500	0	0	0	0	0	0	0	0	0	0	0	0	0	0	0	0	0	0	0	0	0	0	0	0	0	0	0	0	0	0	500	0	0	0	0	0	0	0	0	0	0	0	500	0	0	0	0	
500	0	0	0	0	0	0	0	0	0	0	0	0	0	0	0	0	0	0	0	0	0	0	0	0	0	0	0	0	0	0	0	0	0	0	500	0	0	0	0	0	0	0	0	0	500	0	0	0	0	0	0	0	0	0	0	0	0	0	0	
0	0	0	0	0	0	0	0	0	0	0	0	0	500	0	0	0	0	0	0	0	0	0	0	0	0	0	0	0	500	0	0	0	0	0	0	0	0	0	0	0	0	0	0	0	0	0	0	0	0	0	500	0	0	0	0	0	0	0	0	
0	0	0	500	500	0	0	0	0	500	0	0	0	0	0	0	0	0	0	0	0	0	0	0	0	0	0	0	0	0	0	0	0	0	0	0	0	0	0	0	0	0	0	0	0	0	0	0	0	0	0	0	0	0	0	0	0	0	0	0	
0	0	0	0	0	0	0	0	0	0	0	0	0	0	0	0	0	0	500	0	0	0	0	0	0	0	0	0	0	0	0	0	0	0	0	0	0	0	0	0	0	0	0	0	0	0	0	0	0	0	0	0	0	0	0	500	0	500	0	0	
0	500	0	0	0	0	0	0	0	0	0	0	0	0	0	0	0	0	0	0	500	0	0	0	0	0	0	0	0	0	0	0	0	0	0	0	0	0	0	0	0	0	0	0	500	0	0	0	0	0	0	0	0	0	0	0	0	0	0	0	
0	0	0	0	0	0	0	0	0	500	0	0	0	500	0	0	0	0	0	0	0	0	0	0	0	500	0	0	0	0	0	0	0	0	0	0	0	0	0	0	0	0	0	0	0	0	0	0	0	0	0	0	0	0	0	0	0	0	0	0	
0	0	0	0	0	500	0	0	500	0	0	0	0	0	0	0	0	0	0	0	0	0	0	0	0	0	0	0	0	0	0	0	0	0	0	0	0	500	0	0	0	0	0	0	0	0	0	0	0	0	0	0	0	0	0	0	0	0	0	0	
0	0	0	0	0	0	0	0	0	0	0	500	0	0	0	0	0	0	0	0	0	0	0	0	0	0	0	0	0	0	0	0	0	0	0	0	500	0	0	0	0	0	0	0	0	0	0	0	0	0	500	0	0	0	0	0	0	0	0	0	
0	0	0	0	0	0	0	0	0	0	0	0	0	0	0	0	0	0	0	0	0	500	0	0	0	0	0	0	0	0	0	0	0	0	0	0	0	0	0	0	0	0	0	0	0	0	0	500	0	0	0	0	0	0	0	0	0	500	0	0	
0	0	0	0	0	0	0	0	0	0	0	0	0	0	0	0	500	0	0	0	0	0	0	0	0	0	0	0	0	0	0	0	0	0	0	0	0	500	0	0	0	0	0	0	0	0	0	0	0	0	0	0	0	500	0	0	0	0	0	0	
0	0	0	0	0	0	0	0	0	0	0	0	0	0	0	0	0	0	0	0	0	0	0	0	0	0	0	0	0	0	0	0	0	0	0	0	0	0	0	0	0	0	0	0	0	0	0	0	500	0	0	0	0	0	0	0	500	0	500	0	
0	0	0	0	0	0	0	0	0	0	0	500	0	0	0	500	0	0	0	0	0	0	0	0	500	0	0	0	0	0	0	0	0	0	0	0	0	0	0	0	0	0	0	0	0	0	0	0	0	0	0	0	0	0	0	0	0	0	0	0	
0	0	0	0	0	0	0	0	0	0	0	0	0	0	0	0	0	0	0	0	0	0	0	0	0	0	0	0	0	0	0	500	0	0	0	0	0	0	0	0	0	0	0	0	0	0	500	0	0	0	500	0	0	0	0	0	0	0	0	0	
0	0	0	0	0	500	0	0	0	0	0	0	0	0	0	0	0	0	0	0	0	0	0	0	0	0	0	0	0	0	500	0	0	500	0	0	0	0	0	0	0	0	0	0	0	0	0	0	0	0	0	0	0	0	0	0	0	0	0	0	
0	0	0	0	0	0	0	0	0	0	500	0	0	0	0	0	0	0	0	0	0	0	0	0	0	0	0	0	0	0	0	0	0	0	0	0	0	0	0	500	0	0	0	0	0	0	0	0	0	0	0	0	0	0	0	0	500	0	0	0	
0	0	0	0	0	0	0	0	0	0	500	0	0	0	0	0	0	0	0	0	0	0	0	0	0	0	0	0	0	0	0	0	0	0	0	0	0	0	500	0	0	0	0	0	0	0	0	0	0	500	0	0	0	0	0	0	0	0	0	0	
0	0	0	0	0	0	0	0	0	0	0	0	0	0	0	0	0	0	0	0	0	0	0	0	0	0	0	0	0	0	0	0	0	0	0	0	0	0	0	0	0	0	0	0	0	0	0	500	0	0	0	500	500	0	0	0	0	0	0	0	
0	0	0	0	0	0	500	0	0	0	0	0	0	0	0	0	0	500	500	0	0	0	0	0	0	0	0	0	0	0	0	0	0	0	0	0	0	0	0	0	0	0	0	0	0	0	0	0	0	0	0	0	0	0	0	0	0	0	0	0	
0	0	0	0	0	0	0	0	0	0	0	0	0	0	0	0	0	0	0	0	0	0	0	0	0	0	0	0	0	0	0	0	0	0	0	0	0	0	0	0	0	0	0	0	500	0	0	0	0	0	0	0	0	0	500	0	0	0	500	0	
0	0	0	0	0	0	0	0	0	0	0	0	0	0	0	0	0	0	0	0	0	0	0	500	0	0	0	0	0	0	0	0	0	0	0	0	0	0	0	0	0	0	0	0	0	0	0	0	500	0	0	0	0	500	0	0	0	0	0	0	
0	0	0	0	0	0	0	0	0	0	0	0	0	0	0	0	0	0	0	0	0	0	0	0	0	0	0	0	500	0	0	0	0	0	0	0	0	0	0	0	0	0	500	0	0	0	0	0	0	0	0	0	0	0	500	0	0	0	0	0	
500	0	0	0	0	0	0	0	0	0	0	0	0	0	0	500	0	0	0	0	0	0	0	0	500	0	0	0	0	0	0	0	0	0	0	0	0	0	0	0	0	0	0	0	0	0	0	0	0	0	0	0	0	0	0	0	0	0	0	0	
0	0	0	0	0	0	0	0	0	0	0	0	0	0	0	0	0	0	0	0	0	0	0	0	0	0	0	0	0	0	0	0	0	0	0	0	500	0	0	0	0	0	0	0	0	0	0	500	0	0	0	0	500	0	0	0	0	0	0	0	
0	0	0	0	0	0	0	0	0	0	0	0	0	0	0	0	0	0	0	0	0	0	0	0	0	0	0	0	0	0	0	0	500	0	0	0	0	0	0	0	500	0	0	0	0	0	500	0	0	0	0	0	0	0	0	0	0	0	0	0	
0	0	0	0	0	0	0	500	0	0	0	0	0	0	0	0	0	0	0	0	0	0	0	0	0	0	0	0	0	0	0	0	0	0	500	0	0	0	0	0	0	0	0	500	0	0	0	0	0	0	0	0	0	0	0	0	0	0	0	0	
500	0	0	0	0	0	0	0	0	0	0	0	0	0	0	0	0	0	0	500	0	0	0	0	0	0	0	0	0	0	0	0	0	0	0	0	0	0	0	500	0	0	0	0	0	0	0	0	0	0	0	0	0	0	0	0	0	0	0	0	
0	0	0	0	0	0	0	0	500	0	0	0	0	0	0	0	0	0	0	0	0	0	0	0	0	0	0	0	0	0	0	500	0	0	0	0	500	0	0	0	0	0	0	0	0	0	0	0	0	0	0	0	0	0	0	0	0	0	0	0	
0	0	0	0	0	0	0	0	0	0	0	0	0	0	0	0	0	0	0	0	0	500	0	0	0	500	0	0	0	0	0	0	0	0	0	0	0	0	0	0	500	0	0	0	0	0	0	0	0	0	0	0	0	0	0	0	0	0	0	0	
0	0	0	0	0	0	0	0	0	0	0	0	0	500	0	0	0	0	0	0	0	0	0	0	0	0	0	0	0	0	0	0	0	0	0	0	0	0	0	0	500	0	0	0	0	0	500	0	0	0	0	0	0	0	0	0	0	0	0	0	
0	0	0	0	0	0	0	0	0	0	0	0	0	0	0	0	500	0	0	0	0	0	0	0	0	0	0	0	0	0	0	0	0	500	0	0	0	0	0	0	0	0	0	500	0	0	0	0	0	0	0	0	0	0	0	0	0	0	0	0	
0	0	0	500	0	0	0	0	0	0	0	0	0	0	0	0	0	0	0	0	0	0	0	0	0	0	0	0	0	0	0	0	0	0	0	0	0	0	0	0	0	0	500	0	500	0	0	0	0	0	0	0	0	0	0	0	0	0	0	0	
0	0	0	0	0	0	0	500	0	0	0	0	0	0	0	0	0	0	0	0	0	0	0	500	0	0	0	500	0	0	0	0	0	0	0	0	0	0	0	0	0	0	0	0	0	0	0	0	0	0	0	0	0	0	0	0	0	0	0	0	
0	0	0	0	0	0	0	0	0	0	0	0	0	0	500	0	0	0	0	0	0	0	0	0	0	0	0	0	0	0	0	0	0	0	500	0	0	0	500	0	0	0	0	0	0	0	0	0	0	0	0	0	0	0	0	0	0	0	0	0	
0	0	0	0	0	0	0	0	0	0	0	0	0	0	0	0	0	0	0	0	0	500	0	0	0	0	0	500	0	0	0	0	500	0	0	0	0	0	0	0	0	0	0	0	0	0	0	0	0	0	0	0	0	0	0	0	0	0	0	0	
0	0	0	0	0	0	0	0	0	0	0	0	0	0	0	0	0	0	0	500	0	0	0	0	0	0	0	0	0	0	0	0	0	0	500	0	0	0	0	0	0	0	500	0	0	0	0	0	0	0	0	0	0	0	0	0	0	0	0	0	
0	0	0	0	0	0	500	0	0	0	0	0	0	0	0	0	0	500	500	0	0	0	0	0	0	0	0	0	0	0	0	0	0	0	0	0	0	0	0	0	0	0	0	0	0	0	0	0	0	0	0	0	0	0	0	0	0	0	0	0	
50	39	12	41	31	8	0	55	52	38	56	14	45	8	5	26	1	8	45	1	19	47	56	11	29	6	47	45	11	34	43	9	23	48	49	55	6	33	35	1	53	50	57	3	36	44	40	11	29	0	21	1	12	43	21	15	52	25	46	17	8	17	28	8	22	35	20	14	26	43	11	0	10	24	54	46	43	21	51	25	18	53	26	11	59	51	20	12	44	29	42	46	30	29	29	29	45	54	47	31	39	34	52	52	9	6	25	21	24	47	59	52	0	34	20	57	55	8	51	43	11	30	20	1	55	39	9	52	6	35	32	46	8	2	24	35	34	47	39	31	21	38	25	24	30	25	16	35	57	47	16	33	1	27	7	14	50	29	45	0	53	3	32	56	27	25	52	19	33	52	35	18	16	29	21	27	45	30	6	9	50	57	50	11	47	56	38	54	33	21	4	26	58	7	21	13	49	37	17	44	52	23	1	39	0	10	59	52	34	19	55	8	50	48	55	48	35	49	39	52	25	34	25	6	41	59	41	6	45	17	35	25	29	27	55	51	3	21	31	15	34	4	44	59	37	54	54	24	28	19	7	34	4	33	19	24	38	4	28	46	59	57	51	0	57	30	20	52	51	59	57	59	0	2	7	11	40	11	22	15	24	51	20	44	9	40	18	17	28	29	5	14	32	11	44	53	23	50	12	38	19	29	25	2	29	19	12	7	37	50	14	8	1	39	20	25	50	31	7	24	32	23	44	20	21	35	17	41	1	57	1	5	10	46	6	48	20	47	2	55	1	45	25	28	29	41	15	54	39	59	35	57	49	45	45	39	30	44	46	35	55	25	51	57	57	13	49	23	0	25	13	17	9	9	44	8	50	51	56	53	48	20	0	34	31	5	7	43	57	15	12	14	27	42	26	46	53	17	32	11	24	47	53	35	7	38	57	49	16	39	29	53	39	10	30	48	27	50	57	56	37	34	43	1	39	24	2	49	54	41	17	51	38	22	54	31	49	39	19	55	12	33	18	6	57	57	4	10	57	59	36	57	27	24	21	59	30	52	56	22	4	49	57	46	44	57	0	28	30	25	20	23	43	7	9	25	17	26	37	1	0	9	14	57	43	3	52	20	11	1	57	52	39	4	32	43	16	17	15	32	4	55	15	9	14	28	22	40	42	7	54	37	55	54	18	44	59	46	58	59	45	50	17	51	31	30	6	42	15	46	20	18	56	12	49	59	30	50	14	18	59	30	45	23	0	14	53	38	48	30	20	44	46	32	25	22	30	1	41	44	50	12	44	15	49	19	6	27	50	30	11	17	8	47	21	28	59	1	29	52	4	49	49	21	20	27	42	0	50	20	20	39	1	48	32	22	18	37	8	24	42	32	25	29	5	26	57	29	15	57	5	46	42	31	15	53	41	42	28	47	37	15	39	53	13	7	23	39	55	20	38	53	36	6	34	13	29	21	16	41	3	20	30	6	20	6	19	28	26	54	18	7	51	27	19	12	42	28	5	17	5	37	51	10	8	0	47	41	23	28	17	1	33	27	5	20	19	7	0	15	52	19	35	39	53	4	36	1	45	45	58	35	31	8	0	16	5	9	54	44	12	58	57	42	46	8	46	13	3	55	31	53	24	6	33	51	50	51	22	57	45	9	21	53	44	38	18	11	54	42	26	57	32	0	16	40	34	52	28	30	40	55	18	46	45	17	53	27	35	4	27	43	18	3	21	53	12	19	40	39	56	43	22	55	41	54	3	41	2	17	21	31	51	20	29	55	25	25	43	3	57	38	9	18	38	46	36	15	41	20	35	18	57	31	29	16	53	31	56	58	14	50	22	38	44	28	0	40	15	12	58	29	27	6	31	58	20	23	45	32	27	5	17	23	11	13	19	22	5	0	26	46	56	12	19	7	5	39	17	48	18	25	50	47	38	40	47	20	36	16	23	38	54	39	11	18	28	1	2	12	28	12	47	52	39	23	23	55	56	55	5	43	18	1	15	17	18	51	33	38	38	9	53	18	0	
58	4	54	46	47	29	50	35	28	17	18	4	48	19	26	48	50	26	44	56	16	57	19	47	39	0	23	48	32	24	6	0	0	6	32	17	15	32	59	20	44	37	54	6	30	4	49	7	39	9	46	53	5	9	33	20	3	57	43	18	27	38	18	44	58	10	26	18	17	48	17	2	32	39	39	41	18	31	45	7	6	41	9	30	19	18	55	15	48	31	33	50	55	17	11	17	5	34	54	28	19	46	0	13	22	5	5	45	14	14	38	28	6	29	1	44	53	42	12	37	27	51	31	12	57	8	54	6	18	47	20	18	54	58	4	5	46	41	33	1	50	24	16	35	1	14	21	16	7	52	41	8	56	57	38	41	23	36	17	32	43	33	42	21	23	49	38	14	2	53	15	36	19	27	30	56	54	1	20	2	38	36	12	13	27	59	46	29	25	27	9	25	37	15	23	4	44	35	24	36	43	29	11	42	39	20	30	55	42	32	53	0	23	43	46	42	1	5	46	45	24	11	9	28	45	53	33	33	25	29	31	39	47	32	50	18	30	13	49	41	59	58	27	37	58	36	32	41	16	39	16	24	56	22	10	11	32	28	38	49	52	55	9	45	23	36	8	47	22	44	45	33	23	32	43	3	55	57	56	46	38	3	26	8	42	28	44	55	10	10	19	41	24	55	39	28	11	18	46	31	57	57	53	17	50	32	3	53	35	9	59	34	54	56	3	23	47	7	0	39	51	55	19	33	59	36	40	56	49	51	45	47	45	22	59	33	28	30	43	6	51	59	1	14	52	2	27	48	3	41	6	12	1	41	39	6	4	6	58	13	3	41	22	25	49	32	26	50	3	56	35	7	8	33	24	56	11	17	28	50	0	48	21	49	44	48	4	44	41	9	42	51	7	9	43	47	59	56	5	33	30	36	33	30	22	21	52	3	39	1	14	44	42	4	54	12	48	44	34	59	39	57	42	14	47	49	42	18	17	8	6	4	55	40	36	37	21	41	41	6	26	25	42	57	33	35	28	34	10	23	31	6	19	30	53	2	9	23	41	38	9	24	31	52	2	22	42	2	17	31	15	57	57	33	51	18	39	45	20	29	16	48	1	19	27	16	58	24	50	12	58	10	24	58	22	39	53	13	38	20	11	51	22	45	30	22	9	27	26	55	7	54	41	30	54	23	37	26	20	0	16	30	3	10	30	15	54	19	9	14	4	46	19	15	15	0	8	10	43	7	56	34	50	3	36	35	42	12	50	42	44	43	18	10	23	55	59	50	57	56	23	3	15	46	35	22	27	43	2	12	9	58	34	49	33	33	10	51	44	43	33	48	56	55	18	35	20	32	23	0	0	0	51	31	44	23	11	10	55	26	39	23	44	3	33	9	44	45	21	18	2	32	38	10	32	49	5	39	22	18	51	37	37	8	41	18	26	6	21	47	59	23	34	39	54	29	22	43	22	28	40	23	27	45	48	36	33	48	28	31	20	45	40	44	29	15	11	43	4	1	51	17	47	17	36	9	0	15	2	5	32	34	49	41	55	48	10	20	12	0	42	14	20	16	42	1	47	59	48	12	40	44	29	36	25	50	31	42	26	38	46	14	32	48	53	9	33	45	45	49	37	19	54	9	22	5	41	58	28	33	2	11	24	54	3	15	8	59	52	23	19	49	16	40	36	54	0	28	18	16	22	52	13	49	38	31	20	1	57	52	38	41	35	8	12	38	51	20	49	35	24	34	16	13	18	36	30	59	36	25	40	17	9	57	50	2	30	8	20	35	48	37	58	56	18	22	39	58	51	7	14	24	42	51	40	25	8	9	29	16	10	13	53	0	5	17	19	17	31	35	28	58	52	28	0	21	11	47	24	27	51	54	20	17	46	7	29	33	36	11	8	56	41	52	57	19	41	24	6	14	25	29	43	58	22	52	8	43	6	0	40	41	10	12	56	5	2	15	12	27	47	0	5	14	51	0	34	46	45	37	50	16	11	36	41	21	1	54	35	26	16	12	39	29	44	
12	5	19	8	19	14	6	6	9	5	16	18	7	15	18	1	18	19	14	4	19	20	1	19	20	14	19	8	20	7	10	1	2	11	15	1	17	11	6	1	12	17	16	8	3	5	7	13	6	20	12	7	20	20	7	5	5	5	14	17	6	4	18	12	12	2	11	2	1	5	6	10	4	6	10	19	15	4	1	11	8	2	7	3	6	16	7	8	16	16	10	2	10	10	14	4	12	3	4	5	9	4	4	7	17	3	20	3	5	12	17	14	6	17	7	12	17	2	14	7	3	19	20	17	14	7	9	7	6	12	8	8	19	5	9	10	9	2	17	3	13	20	18	4	20	20	20	9	2	4	20	11	6	11	4	1	19	12	12	14	11	6	18	16	16	12	18	15	13	2	5	1	16	14	9	14	6	13	5	11	12	11	2	10	11	12	17	14	13	14	2	6	6	18	7	9	7	20	9	3	2	2	17	17	19	12	11	16	3	20	2	13	12	2	5	9	10	4	18	13	15	15	10	14	14	11	12	13	1	13	20	8	19	20	3	7	11	18	6	18	16	7	17	7	12	12	14	11	12	14	17	15	6	3	4	20	17	10	11	2	15	11	19	3	13	20	11	20	5	12	13	18	10	2	1	5	3	14	9	7	7	6	17	13	4	17	7	8	3	17	13	9	13	16	16	20	11	3	15	1	6	19	8	3	3	17	3	15	7	18	13	12	2	8	16	1	11	15	1	3	10	16	8	5	7	16	18	14	1	8	9	4	3	6	2	8	8	2	12	10	11	5	7	12	6	8	9	11	15	5	5	15	17	15	16	6	6	17	2	13	7	3	13	17	5	14	5	14	9	4	3	10	12	20	5	13	19	13	11	18	3	7	11	12	13	8	1	12	14	19	19	17	7	11	9	14	20	8	12	17	12	3	6	2	7	9	20	12	1	7	2	10	5	15	9	9	6	1	19	20	15	2	16	2	7	11	2	20	9	14	5	5	8	19	19	20	18	19	4	3	4	1	16	15	16	9	12	4	7	10	7	3	7	5	1	5	5	16	14	14	16	14	13	3	13	8	9	11	2	12	7	7	13	7	14	12	6	1	7	3	13	4	9	7	11	4	12	12	8	6	6	12	5	12	7	6	2	11	11	2	2	3	15	4	15	6	1	8	11	15	7	13	16	6	10	7	10	2	16	12	11	13	8	3	7	10	14	10	15	14	11	16	7	1	13	15	13	11	14	11	10	4	16	2	3	12	1	3	9	7	8	14	2	10	11	14	10	5	14	7	4	8	2	9	12	12	15	9	10	11	7	10	4	6	10	4	16	14	9	11	11	2	2	8	6	5	4	11	6	5	8	3	16	1	8	16	16	6	14	8	15	16	15	15	16	16	16	15	4	16	15	13	11	16	15	12	4	14	15	4	5	13	6	8	3	10	3	14	6	5	11	5	13	6	1	1	14	14	16	6	14	10	7	8	1	6	6	9	7	8	2	16	2	14	9	11	14	2	1	1	5	1	2	3	4	9	1	4	8	14	9	7	1	16	4	7	4	3	13	13	4	8	14	8	3	9	5	11	11	15	14	14	12	8	4	2	1	1	6	11	7	7	14	15	6	9	10	16	8	1	10	16	8	12	5	12	6	10	11	11	16	5	15	14	16	9	1	13	8	16	10	6	1	8	3	13	8	1	9	11	9	4	2	4	15	5	14	12	10	13	7	5	3	6	16	9	6	12	7	12	11	9	15	14	5	5	9	4	9	2	3	5	10	11	10	13	7	2	1	6	3	8	12	4	4	2	4	2	8	1	5	2	11	15	8	15	7	6	2	9	16	1	9	2	3	5	12	13	13	4	10	1	7	13	7	9	8	8	5	16	11	1	13	8	14	4	11	10	9	9	16	13	1	14	8	12	15	14	5	10	2	15	7	7	7	16	10	7	9	1	5	1	6	8	3	1	11	10	9	9	2	14	8	8	4	6	6	3	6	8	7	12	6	9	5	2	4	2	13	10	14	1	6	6	11	
720	550	300	410	550	350	860	530	250	100	750	330	400	240	180	440	780	320	520	700	250	400	310	680	710	770	200	600	110	180	520	830	430	430	390	270	790	850	210	720	590	300	130	950	910	450	900	430	230	770	740	410	850	750	650	210	450	510	850	640	560	130	490	570	790	340	990	640	950	860	750	420	930	340	450	1000	620	910	360	690	840	850	320	420	910	240	830	820	780	610	990	630	760	890	600	230	150	380	570	840	190	570	850	690	540	340	790	640	630	830	450	470	950	650	160	620	510	740	360	450	230	970	450	940	830	360	560	170	430	670	640	600	400	800	820	370	510	800	100	430	170	860	630	370	750	510	270	610	550	970	830	1000	600	270	140	360	170	840	760	660	880	790	960	860	740	200	630	640	500	130	500	880	570	120	210	100	130	510	570	880	780	120	420	510	620	210	580	920	290	260	510	420	880	310	290	130	930	150	800	300	280	820	1000	550	710	420	440	320	930	220	540	990	540	130	620	460	570	760	680	350	520	260	840	400	960	350	720	330	470	590	600	290	680	360	900	910	630	520	340	290	480	450	740	940	440	510	760	390	620	390	460	690	210	980	290	100	380	650	470	110	400	890	480	230	510	500	500	840	830	390	150	120	840	820	510	600	690	570	410	970	630	280	810	590	110	170	580	540	240	620	990	500	750	270	270	530	590	470	410	240	950	990	520	170	850	910	140	700	360	450	880	330	480	890	410	600	140	820	320	220	300	130	880	420	590	640	870	240	150	670	420	250	530	650	150	890	400	120	990	310	540	890	700	110	600	100	100	890	970	690	550	880	430	390	990	1000	240	550	880	740	810	270	780	400	710	320	160	1000	220	150	390	400	520	890	860	810	880	580	210	470	590	750	280	120	800	530	600	300	510	260	340	210	770	280	620	740	760	270	520	710	250	1000	260	280	290	770	580	500	570	600	680	230	160	100	450	740	580	800	680	290	740	700	270	670	250	880	970	490	750	520	520	930	800	210	650	1000	940	490	790	390	900	620	640	650	840	210	150	770	630	470	710	430	920	460	260	270	970	640	750	360	180	960	130	330	850	620	370	1000	900	570	770	810	180	250	170	270	840	750	590	550	640	150	460	450	860	370	880	480	110	660	680	770	310	700	510	920	550	1000	820	610	630	420	520	230	960	670	190	680	250	410	290	990	610	960	470	410	870	980	660	780	490	570	440	610	760	290	180	890	540	580	470	630	920	580	970	620	930	560	290	190	880	210	280	180	460	980	770	560	450	440	640	420	320	880	840	850	790	990	410	100	800	850	240	510	210	450	890	390	800	1000	540	980	450	590	200	610	640	190	380	380	780	710	920	850	630	540	630	200	400	910	460	630	480	690	610	570	500	520	230	480	290	970	800	920	130	760	680	320	810	210	530	520	470	850	160	870	930	300	160	350	640	600	250	830	800	620	710	610	900	400	750	360	150	390	750	620	550	820	910	350	940	650	510	520	950	380	200	630	730	980	790	430	830	460	370	890	320	910	650	800	330	350	170	320	620	880	270	410	590	750	360	680	140	680	440	530	690	960	950	830	780	810	640	580	260	350	630	320	460	930	990	850	780	130	580	420	480	120	290	430	310	240	930	640	410	570	720	840	590	390	990	110	980	860	860	220	840	170	220	150	230	650	950	160	110	180	260	490	540	310	630	850	990	340	450	540	400	640	690	110	730	210	930	210	270	800	600	890	130	190	800	160	740	860	550	630	890	790	820	720	770	920	160	900	210	580	580	460	940	270	240	990	200	630	630	240	770	630	670	500	740	160	540	510	590	740	250	560	980	100	990	690	870	200	410	630	720	290	170	1000	240	380	730	710	950	990	250	570	400	470	390	250	450	870	120	400	490	780	300	370	680	550	510	820	700	210	620	740	530	250	720	850	370	120	150	650	430	740	170	420	560	790	480	490	450	560	910	380	190	620	890	920	520	650	440	340	500	780	440	140	570	470	780	630	670	730	150	800	940	580	170	530	500	510	500	990	570	590	920	940	950	300	520	510	360	
100
