885
60
4
50
0	0	0	0	0	0	0	0	0	0	0	0	0	0	0	0	0	0	0	0	0	0	0	0	48	0	0	0	0	0	0	0	0	0	0	48	0	0	0	0	0	0	0	0	0	48	0	0	0	48	0	0	0	0	0	0	0	0	0	0	
0	0	0	0	0	0	0	0	0	0	0	0	0	0	48	0	0	0	0	0	48	0	0	0	0	0	0	0	48	0	0	0	0	0	0	0	0	0	0	0	0	0	0	0	48	0	0	0	0	0	0	0	0	0	0	0	0	0	0	0	
0	0	0	0	0	0	0	48	0	0	0	0	48	0	0	0	0	0	0	0	0	0	48	0	0	0	0	0	0	0	0	0	0	0	0	0	0	0	0	0	0	0	0	0	0	0	0	0	0	0	0	0	0	0	0	48	0	0	0	0	
0	0	0	0	48	0	0	0	0	0	0	0	0	0	0	0	0	0	0	0	0	0	0	0	0	0	48	0	0	0	0	0	0	0	0	0	0	0	0	0	0	0	0	0	0	0	0	48	0	0	0	0	0	0	48	0	0	0	0	0	
0	0	0	48	0	0	0	0	0	48	0	0	0	0	0	0	0	0	0	0	0	0	0	0	0	0	48	0	0	0	0	0	0	0	0	0	0	0	0	0	0	0	0	0	0	0	0	48	0	0	0	0	0	0	0	0	0	0	0	0	
0	0	0	0	0	0	0	0	48	0	0	0	0	0	0	0	0	0	0	0	0	0	0	0	0	0	0	0	0	0	48	0	0	0	0	0	0	48	0	0	0	0	0	0	0	0	0	0	0	0	48	0	0	0	0	0	0	0	0	0	
0	0	0	0	0	0	0	0	0	0	0	0	0	0	0	0	0	48	0	0	0	0	0	0	0	0	0	0	0	0	0	0	0	0	0	0	0	0	0	0	48	48	0	0	0	0	0	0	0	0	0	0	0	0	0	0	0	0	0	48	
0	0	48	0	0	0	0	0	0	0	0	0	48	0	0	0	0	0	0	0	0	0	0	0	0	0	0	0	0	0	0	0	0	0	0	0	0	0	0	0	0	0	0	0	0	0	0	0	48	0	0	0	0	0	0	48	0	0	0	0	
0	0	0	0	0	48	0	0	0	0	0	0	0	0	0	0	0	0	0	0	0	0	0	0	0	0	0	0	0	0	48	0	0	0	0	0	0	48	0	0	0	0	0	0	0	0	0	0	0	0	48	0	0	0	0	0	0	0	0	0	
0	0	0	0	48	0	0	0	0	0	0	0	0	0	0	0	0	0	0	0	0	0	0	0	0	0	48	0	0	48	0	0	0	0	0	0	0	0	0	0	0	0	0	0	0	0	0	0	0	0	0	0	0	0	48	0	0	0	0	0	
0	0	0	0	0	0	0	0	0	0	0	0	0	0	0	0	0	0	0	48	0	0	0	0	0	0	0	0	0	0	0	0	0	0	0	0	0	0	48	48	0	0	0	0	0	0	0	0	0	0	0	0	0	0	0	0	48	0	0	0	
0	0	0	0	0	0	0	0	0	0	0	0	0	0	0	48	0	0	0	0	0	0	0	0	0	0	0	0	0	0	0	48	0	0	0	48	48	0	0	0	0	0	0	0	0	0	0	0	0	0	0	0	0	0	0	0	0	0	0	0	
0	0	48	0	0	0	0	48	0	0	0	0	0	0	0	0	0	0	0	0	0	0	48	48	0	0	0	0	0	0	0	0	0	0	0	0	0	0	0	0	0	0	0	0	0	0	0	0	0	0	0	0	0	0	0	0	0	0	0	0	
0	0	0	0	0	0	0	0	0	0	0	0	0	0	0	0	0	0	0	0	0	0	0	0	0	48	0	0	0	48	0	0	0	0	0	0	0	0	0	0	0	0	0	0	0	0	0	0	0	0	0	48	48	0	0	0	0	0	0	0	
0	48	0	0	0	0	0	0	0	0	0	0	0	0	0	0	0	0	0	0	48	0	0	0	0	0	0	0	48	0	0	0	0	0	0	0	0	0	0	0	0	0	0	0	0	0	0	0	0	0	0	0	0	0	0	0	48	0	0	0	
0	0	0	0	0	0	0	0	0	0	0	48	0	0	0	0	0	0	0	0	0	0	0	0	48	0	0	0	0	0	0	0	0	0	0	48	0	0	0	0	0	0	0	0	0	48	0	0	0	0	0	0	0	0	0	0	0	0	0	0	
0	0	0	0	0	0	0	0	0	0	0	0	0	0	0	0	0	0	0	0	0	0	48	48	0	0	0	0	0	0	0	0	0	48	0	0	0	0	0	0	0	0	0	0	0	0	0	0	0	0	0	0	0	48	0	0	0	0	0	0	
0	0	0	0	0	0	48	0	0	0	0	0	0	0	0	0	0	0	0	0	0	0	0	0	0	0	0	0	0	0	0	0	0	0	0	0	0	0	0	0	48	48	0	0	0	0	0	0	0	0	0	0	0	0	0	0	0	0	0	48	
0	0	0	0	0	0	0	0	0	0	0	0	0	0	0	0	0	0	0	0	0	48	0	0	0	0	0	48	0	0	0	0	0	0	0	0	0	0	0	0	0	48	0	0	0	0	0	0	0	0	0	0	0	0	0	0	0	0	0	48	
0	0	0	0	0	0	0	0	0	0	48	0	0	0	0	0	0	0	0	0	0	0	0	0	0	0	0	0	0	0	0	0	0	0	48	0	0	0	0	0	0	0	0	0	0	0	0	0	0	48	0	0	0	0	0	0	0	0	48	0	
0	48	0	0	0	0	0	0	0	0	0	0	0	0	48	0	0	0	0	0	0	0	0	0	0	0	0	0	48	0	0	0	0	0	0	0	0	0	0	0	0	0	0	0	0	0	0	0	0	0	0	0	0	0	0	0	48	0	0	0	
0	0	0	0	0	0	0	0	0	0	0	0	0	0	0	0	0	0	48	0	0	0	0	0	0	0	0	0	0	0	0	0	48	0	0	0	0	0	0	0	0	0	0	0	0	0	0	0	0	0	0	0	0	0	0	0	0	48	0	48	
0	0	48	0	0	0	0	0	0	0	0	0	48	0	0	0	48	0	0	0	0	0	0	0	0	0	0	0	0	0	0	0	0	48	0	0	0	0	0	0	0	0	0	0	0	0	0	0	0	0	0	0	0	0	0	0	0	0	0	0	
0	0	0	0	0	0	0	0	0	0	0	0	48	0	0	0	48	0	0	0	0	0	0	0	0	0	0	0	0	0	0	0	0	0	0	0	0	0	0	0	0	0	0	48	0	0	0	0	0	0	0	0	0	0	0	48	0	0	0	0	
48	0	0	0	0	0	0	0	0	0	0	0	0	0	0	48	0	0	0	0	0	0	0	0	0	0	0	0	0	0	0	0	0	0	0	48	0	0	0	0	0	0	0	0	0	48	0	0	0	0	0	0	0	0	0	0	0	0	0	0	
0	0	0	0	0	0	0	0	0	0	0	0	0	48	0	0	0	0	0	0	0	0	0	0	0	0	0	0	0	48	0	0	0	0	0	0	0	0	0	0	0	0	0	0	0	0	0	48	0	0	0	48	0	0	0	0	0	0	0	0	
0	0	0	48	48	0	0	0	0	48	0	0	0	0	0	0	0	0	0	0	0	0	0	0	0	0	0	0	0	0	0	0	0	0	0	0	0	0	0	0	0	0	0	0	0	0	0	0	0	0	0	0	0	0	48	0	0	0	0	0	
0	0	0	0	0	0	0	0	0	0	0	0	0	0	0	0	0	0	48	0	0	0	0	0	0	0	0	0	0	0	0	0	0	0	0	0	0	0	0	0	0	0	0	0	0	0	0	0	48	0	0	0	0	0	0	48	0	48	0	0	
0	48	0	0	0	0	0	0	0	0	0	0	0	0	48	0	0	0	0	0	48	0	0	0	0	0	0	0	0	0	0	0	0	0	0	0	0	0	0	0	0	0	0	0	48	0	0	0	0	0	0	0	0	0	0	0	0	0	0	0	
0	0	0	0	0	0	0	0	0	48	0	0	0	48	0	0	0	0	0	0	0	0	0	0	0	48	0	0	0	0	0	0	0	0	0	0	0	0	0	0	0	0	0	0	0	0	0	48	0	0	0	0	0	0	0	0	0	0	0	0	
0	0	0	0	0	48	0	0	48	0	0	0	0	0	0	0	0	0	0	0	0	0	0	0	0	0	0	0	0	0	0	0	0	0	0	0	0	48	0	0	0	0	0	0	0	0	0	0	0	0	48	0	0	0	0	0	0	0	0	0	
0	0	0	0	0	0	0	0	0	0	0	48	0	0	0	0	0	0	0	0	0	0	0	0	0	0	0	0	0	0	0	0	0	0	0	0	48	0	0	0	0	0	0	0	0	0	48	0	0	0	48	0	0	0	0	0	0	0	0	0	
0	0	0	0	0	0	0	0	0	0	0	0	0	0	0	0	0	0	0	0	0	48	0	0	0	0	0	0	0	0	0	0	0	0	0	0	0	0	0	0	0	0	0	0	0	0	0	0	0	0	0	48	0	0	48	0	0	48	0	0	
0	0	0	0	0	0	0	0	0	0	0	0	0	0	0	0	48	0	0	0	0	0	48	0	0	0	0	0	0	0	0	0	0	0	0	0	0	48	0	0	0	0	0	0	0	0	0	0	0	0	0	0	0	48	0	0	0	0	0	0	
0	0	0	0	0	0	0	0	0	0	0	0	0	0	0	0	0	0	0	48	0	0	0	0	0	0	0	0	0	0	0	0	0	0	0	0	0	0	0	0	0	0	0	0	0	0	0	0	48	0	0	0	0	0	0	0	0	48	48	0	
48	0	0	0	0	0	0	0	0	0	0	48	0	0	0	48	0	0	0	0	0	0	0	0	48	0	0	0	0	0	0	0	0	0	0	0	0	0	0	0	0	0	0	0	0	0	0	0	0	0	0	0	0	0	0	0	0	0	0	0	
0	0	0	0	0	0	0	0	0	0	0	48	0	0	0	0	0	0	0	0	0	0	0	0	0	0	0	0	0	0	0	48	0	0	0	0	0	0	0	0	0	0	0	0	0	48	48	0	0	0	0	0	0	0	0	0	0	0	0	0	
0	0	0	0	0	48	0	0	48	0	0	0	0	0	0	0	0	0	0	0	0	0	0	0	0	0	0	0	0	0	48	0	0	48	0	0	0	0	0	0	0	0	0	0	0	0	0	0	0	0	0	0	0	0	0	0	0	0	0	0	
0	0	0	0	0	0	0	0	0	0	48	0	0	0	0	0	0	0	0	0	0	0	0	0	0	0	0	0	0	0	0	0	0	0	0	0	0	0	0	48	0	0	0	0	48	0	0	0	0	0	0	0	0	0	0	0	48	0	0	0	
0	0	0	0	0	0	0	0	0	0	48	0	0	0	0	0	0	0	0	0	0	0	0	0	0	0	0	0	0	0	0	0	0	0	0	0	0	0	48	0	0	0	0	0	48	0	0	0	0	48	0	0	0	0	0	0	0	0	0	0	
0	0	0	0	0	0	48	0	0	0	0	0	0	0	0	0	0	48	0	0	0	0	0	0	0	0	0	0	0	0	0	0	0	0	0	0	0	0	0	0	0	48	0	0	0	0	0	0	0	0	0	0	48	0	0	0	0	0	0	0	
0	0	0	0	0	0	48	0	0	0	0	0	0	0	0	0	0	48	48	0	0	0	0	0	0	0	0	0	0	0	0	0	0	0	0	0	0	0	0	0	48	0	0	0	0	0	0	0	0	0	0	0	0	0	0	0	0	0	0	0	
0	0	0	0	0	0	0	0	0	0	0	0	0	0	0	0	0	0	0	0	0	0	0	0	0	0	0	0	0	0	0	0	0	0	0	0	0	0	0	0	0	0	0	0	0	0	0	0	48	48	0	48	0	0	0	0	0	0	48	0	
0	0	0	0	0	0	0	0	0	0	0	0	0	0	0	0	0	0	0	0	0	0	0	48	0	0	0	0	0	0	0	0	0	0	0	0	0	0	0	0	0	0	0	0	0	0	0	0	0	0	0	0	48	48	0	0	0	0	48	0	
0	48	0	0	0	0	0	0	0	0	0	0	0	0	0	0	0	0	0	0	0	0	0	0	0	0	0	0	48	0	0	0	0	0	0	0	0	0	48	48	0	0	0	0	0	0	0	0	0	0	0	0	0	0	0	0	0	0	0	0	
48	0	0	0	0	0	0	0	0	0	0	0	0	0	0	48	0	0	0	0	0	0	0	0	48	0	0	0	0	0	0	0	0	0	0	0	48	0	0	0	0	0	0	0	0	0	0	0	0	0	0	0	0	0	0	0	0	0	0	0	
0	0	0	0	0	0	0	0	0	0	0	0	0	0	0	0	0	0	0	0	0	0	0	0	0	0	0	0	0	0	0	48	0	0	0	0	48	0	0	0	0	0	0	0	0	0	0	0	0	0	0	0	48	48	0	0	0	0	0	0	
0	0	0	48	48	0	0	0	0	0	0	0	0	0	0	0	0	0	0	0	0	0	0	0	0	48	0	0	0	48	0	0	0	0	0	0	0	0	0	0	0	0	0	0	0	0	0	0	0	0	0	0	0	0	0	0	0	0	0	0	
0	0	0	0	0	0	0	48	0	0	0	0	0	0	0	0	0	0	0	0	0	0	0	0	0	0	0	48	0	0	0	0	0	0	48	0	0	0	0	0	0	0	48	0	0	0	0	0	0	0	0	0	0	0	0	0	0	0	0	0	
48	0	0	0	0	0	0	0	0	0	0	0	0	0	0	0	0	0	0	48	0	0	0	0	0	0	0	0	0	0	0	0	0	0	0	0	0	0	0	48	0	0	48	0	0	0	0	0	0	0	0	0	0	0	0	0	0	0	0	0	
0	0	0	0	0	48	0	0	48	0	0	0	0	0	0	0	0	0	0	0	0	0	0	0	0	0	0	0	0	0	48	48	0	0	0	0	0	0	0	0	0	0	0	0	0	0	0	0	0	0	0	0	0	0	0	0	0	0	0	0	
0	0	0	0	0	0	0	0	0	0	0	0	0	48	0	0	0	0	0	0	0	0	0	0	0	48	0	0	0	0	0	0	48	0	0	0	0	0	0	0	0	0	48	0	0	0	0	0	0	0	0	0	0	0	0	0	0	0	0	0	
0	0	0	0	0	0	0	0	0	0	0	0	0	48	0	0	0	0	0	0	0	0	0	0	0	0	0	0	0	0	0	0	0	0	0	0	0	0	0	0	48	0	0	48	0	0	48	0	0	0	0	0	0	0	0	0	0	0	0	0	
0	0	0	0	0	0	0	0	0	0	0	0	0	0	0	0	48	0	0	0	0	0	0	0	0	0	0	0	0	0	0	0	0	48	0	0	0	0	0	0	0	0	0	48	0	0	48	0	0	0	0	0	0	0	0	0	0	0	0	0	
0	0	0	48	0	0	0	0	0	48	0	0	0	0	0	0	0	0	0	0	0	0	0	0	0	0	48	0	0	0	0	0	48	0	0	0	0	0	0	0	0	0	0	0	0	0	0	0	0	0	0	0	0	0	0	0	0	0	0	0	
0	0	48	0	0	0	0	48	0	0	0	0	0	0	0	0	0	0	0	0	0	0	0	48	0	0	0	48	0	0	0	0	0	0	0	0	0	0	0	0	0	0	0	0	0	0	0	0	0	0	0	0	0	0	0	0	0	0	0	0	
0	0	0	0	0	0	0	0	0	0	48	0	0	0	48	0	0	0	0	0	48	0	0	0	0	0	0	0	0	0	0	0	0	0	0	0	0	0	48	0	0	0	0	0	0	0	0	0	0	0	0	0	0	0	0	0	0	0	0	0	
0	0	0	0	0	0	0	0	0	0	0	0	0	0	0	0	0	0	0	0	0	48	0	0	0	0	0	48	0	0	0	0	48	0	48	0	0	0	0	0	0	0	0	0	0	0	0	0	0	0	0	0	0	0	0	0	0	0	0	0	
0	0	0	0	0	0	0	0	0	0	0	0	0	0	0	0	0	0	0	48	0	0	0	0	0	0	0	0	0	0	0	0	0	0	48	0	0	0	0	0	0	0	48	48	0	0	0	0	0	0	0	0	0	0	0	0	0	0	0	0	
0	0	0	0	0	0	48	0	0	0	0	0	0	0	0	0	0	48	48	0	0	48	0	0	0	0	0	0	0	0	0	0	0	0	0	0	0	0	0	0	0	0	0	0	0	0	0	0	0	0	0	0	0	0	0	0	0	0	0	0	
48	16	41	20	44	27	33	6	17	31	0	56	20	40	12	58	3	23	8	33	6	58	58	55	31	44	13	29	13	53	34	19	37	51	14	22	33	0	2	15	14	15	44	44	0	9	35	37	41	17	6	47	53	18	24	12	42	11	12	48	41	55	42	45	22	4	10	42	19	39	15	30	44	44	45	22	59	34	37	41	44	48	32	27	21	40	28	10	55	39	44	9	58	1	46	0	56	45	48	52	13	14	57	47	55	7	49	21	49	18	58	40	57	57	53	3	39	39	15	7	22	1	55	18	49	59	32	47	12	23	0	56	5	53	20	39	11	27	9	35	17	33	35	2	43	13	21	42	23	47	53	46	0	33	31	49	33	15	23	38	23	15	25	12	33	33	51	30	58	31	38	51	46	26	30	14	26	13	57	14	16	56	12	54	15	30	28	25	31	44	22	26	54	40	54	40	38	59	54	6	53	49	23	31	4	23	26	47	56	0	48	54	32	21	46	33	30	52	52	53	49	27	26	37	47	48	5	49	8	16	50	2	22	16	57	41	33	39	47	20	21	41	49	1	14	23	54	5	50	31	29	52	10	0	26	4	27	29	23	53	5	53	59	34	42	39	42	21	48	11	21	6	42	22	34	47	1	45	9	48	24	17	48	3	47	35	47	32	38	12	15	9	31	9	1	19	51	39	27	50	15	48	9	28	27	47	36	26	38	51	50	44	47	51	18	3	1	41	53	45	57	12	8	15	9	39	4	26	19	57	2	24	55	48	11	20	3	44	24	21	31	28	17	39	37	2	13	7	1	15	48	34	25	35	10	38	17	52	18	58	2	15	56	17	2	28	0	44	49	25	57	34	49	43	2	14	2	39	25	47	38	9	16	0	25	59	22	41	5	57	21	0	54	38	38	24	49	37	42	24	0	4	55	42	35	4	28	47	33	36	36	17	59	49	58	49	51	31	41	5	22	10	56	2	12	44	2	55	6	31	31	43	35	2	48	15	18	35	43	39	37	51	43	28	36	54	30	7	17	3	18	34	49	6	11	26	20	59	26	15	8	13	44	46	45	55	30	20	21	51	45	13	5	11	31	38	32	41	19	8	1	42	23	0	45	6	52	13	45	35	2	9	58	33	17	33	45	15	10	30	47	58	3	8	23	45	13	32	17	22	24	9	24	8	41	43	51	28	40	28	45	21	52	55	32	28	10	48	10	22	5	45	50	36	34	11	10	17	20	21	2	59	41	18	21	47	59	11	22	18	23	9	38	35	3	14	25	17	59	17	34	5	10	3	5	20	30	59	44	0	20	47	5	44	15	56	27	2	51	41	39	17	0	4	28	50	41	57	32	14	46	25	4	48	39	10	54	30	41	18	11	18	10	11	23	6	1	25	31	35	47	27	2	34	27	4	56	27	38	43	3	8	25	27	45	1	16	0	1	52	39	26	41	30	52	8	5	25	28	9	24	2	37	12	46	43	26	3	33	21	24	45	54	16	12	0	34	16	29	18	59	52	59	23	58	55	47	57	15	27	54	8	36	9	37	1	21	14	21	33	56	42	43	10	7	18	44	14	50	26	30	19	40	12	32	13	32	2	31	31	53	37	45	33	21	33	15	38	12	15	18	26	40	28	27	41	19	12	2	31	0	20	27	39	53	21	21	21	50	13	14	36	7	41	24	22	37	14	24	16	12	25	36	32	55	40	27	10	16	50	41	32	4	48	21	19	20	41	1	12	16	8	37	1	53	23	40	39	49	21	14	1	4	54	28	28	59	59	48	16	45	1	8	25	46	56	17	37	13	52	35	20	19	13	45	6	10	30	37	39	54	50	11	34	1	35	8	8	54	38	29	3	27	23	27	52	45	53	0	13	58	42	1	37	55	33	29	38	44	43	29	0	25	51	46	53	7	11	44	39	53	21	39	10	51	10	51	25	41	23	24	44	18	56	5	14	4	42	35	20	54	9	53	19	12	58	0	34	15	51	48	57	26	57	10	31	15	39	38	27	39	21	23	22	50	
45	24	59	18	1	42	11	21	13	54	19	51	22	2	22	2	10	52	23	29	33	6	15	49	38	35	29	39	27	17	52	52	59	29	33	29	25	42	35	3	26	24	41	55	5	54	25	46	33	41	20	29	10	43	18	33	37	0	46	3	12	2	43	52	27	54	31	29	23	56	38	19	21	13	3	35	19	11	29	42	13	51	50	10	16	13	26	26	33	34	40	28	46	44	59	45	27	20	5	30	17	30	39	0	38	30	54	6	50	33	26	25	7	20	30	45	5	47	39	9	3	51	58	27	48	14	11	37	44	32	28	14	36	22	50	36	58	34	13	48	29	45	11	31	4	15	33	15	51	29	59	51	31	9	35	41	37	56	14	30	11	29	29	34	37	28	12	44	12	15	37	52	17	14	41	3	13	11	56	42	14	25	28	5	56	5	30	31	20	35	2	15	23	20	47	16	58	34	52	53	11	17	30	49	42	35	55	9	50	10	51	56	56	39	31	48	21	34	32	37	42	39	58	34	56	26	32	45	48	14	54	46	39	40	42	32	46	23	56	27	50	46	12	13	44	13	13	21	38	46	35	28	21	7	53	44	5	16	7	16	16	24	46	40	38	13	19	58	1	4	7	29	21	42	27	8	4	55	11	3	38	50	6	4	9	54	20	2	1	0	46	41	4	43	37	22	59	2	22	19	21	47	50	3	58	39	10	49	9	46	15	58	28	34	4	7	15	51	11	54	19	27	30	32	30	1	58	23	41	58	1	59	9	3	3	50	26	9	4	16	9	53	19	43	29	31	52	14	33	29	24	25	2	25	53	50	18	42	38	16	10	22	34	56	51	38	20	49	5	51	15	51	26	14	15	56	6	31	33	35	11	45	43	1	42	7	4	13	39	24	43	46	4	11	39	17	14	18	35	2	49	42	41	13	32	34	0	38	46	55	18	43	11	52	54	33	55	51	26	33	26	44	54	19	51	28	43	37	50	57	40	33	12	27	0	50	46	15	36	13	53	43	14	41	59	18	7	33	59	24	51	40	27	35	4	17	17	2	34	2	56	5	27	55	3	30	16	51	46	53	0	58	55	9	38	23	53	13	31	48	18	29	52	38	47	51	53	7	27	23	42	35	0	55	3	2	33	9	30	2	33	59	26	6	41	33	26	30	2	31	28	44	50	44	16	8	13	1	23	9	3	3	22	9	41	59	1	29	52	0	30	11	39	10	20	20	34	15	9	51	49	11	32	7	4	49	4	43	38	58	12	37	47	23	57	54	36	29	39	23	22	35	34	35	20	57	59	47	2	36	19	58	31	36	45	24	35	16	25	23	18	44	44	54	39	33	54	42	36	15	51	26	34	56	15	48	18	36	6	1	10	13	19	33	51	59	33	6	21	23	11	12	13	7	52	55	15	44	52	1	37	47	16	0	9	7	47	3	7	25	22	40	34	28	5	15	34	15	0	30	7	1	54	51	59	29	44	56	37	26	51	42	20	29	53	54	10	27	39	59	35	5	24	29	37	25	42	31	7	23	36	24	55	39	41	31	41	43	50	31	2	40	58	39	40	27	4	36	29	55	59	55	3	41	41	4	21	19	37	56	27	50	46	57	39	26	59	24	35	24	53	49	52	29	56	21	14	34	20	20	27	46	28	6	36	28	28	56	15	59	19	20	35	44	5	21	24	5	54	24	55	37	13	37	57	55	7	8	56	3	35	29	27	25	5	30	48	54	49	1	12	20	23	44	41	0	20	55	39	29	34	52	42	25	32	44	51	27	28	1	53	13	41	19	1	49	53	32	51	31	46	56	21	56	56	48	23	44	25	37	24	3	57	19	45	11	50	39	34	34	50	54	0	4	49	17	30	24	22	38	0	28	34	52	19	38	23	28	29	42	59	6	10	34	56	59	15	28	40	9	3	46	45	16	21	41	8	22	59	25	17	24	6	16	6	20	1	20	40	14	33	31	59	37	5	55	37	6	25	35	51	46	15	47	48	45	53	24	5	11	59	8	25	10	33	
2	6	2	6	19	10	19	1	9	4	12	13	16	17	18	7	15	17	1	18	2	9	9	18	7	11	11	8	7	7	18	12	9	2	18	20	7	17	17	17	3	2	3	16	4	16	2	13	20	10	5	6	1	4	1	15	6	8	2	19	1	9	17	13	11	6	8	10	5	19	20	13	20	13	13	5	17	1	8	8	5	13	11	18	13	17	6	13	9	9	10	10	4	13	1	10	2	19	4	17	7	1	15	9	2	9	6	13	5	15	9	12	2	19	3	8	16	15	2	14	3	8	2	15	4	14	14	7	5	14	12	5	17	10	8	20	7	2	20	10	10	20	9	12	5	20	7	3	16	15	8	20	16	11	8	20	7	8	6	11	20	11	1	12	14	18	6	2	8	9	7	4	1	18	5	17	1	1	4	7	17	4	14	7	19	6	12	2	10	7	19	9	8	17	6	8	19	11	5	2	11	18	15	6	13	5	2	7	1	2	14	2	15	7	17	16	5	9	19	11	14	15	15	4	3	11	18	14	10	2	4	17	7	20	19	13	15	11	12	2	4	20	7	12	12	5	10	18	5	16	15	11	1	9	11	19	19	9	14	7	10	11	18	4	14	13	20	14	16	14	1	16	17	7	5	10	18	12	2	4	1	6	5	1	18	11	2	4	14	15	3	11	18	8	13	12	16	6	16	2	4	19	3	15	7	7	8	17	14	7	15	15	6	9	5	4	17	3	1	10	11	13	20	16	3	3	17	10	5	6	14	10	8	7	10	13	7	7	20	15	20	3	9	5	8	17	16	9	8	4	20	12	8	14	14	18	7	9	14	17	20	16	1	10	9	10	8	13	7	11	5	4	3	20	16	15	13	17	2	12	20	17	16	3	11	20	12	10	12	12	19	18	12	8	12	7	7	14	2	14	4	15	14	11	18	15	18	6	17	17	1	16	16	18	7	18	1	1	14	6	4	12	5	15	11	8	15	16	2	9	11	10	3	17	12	12	3	18	9	1	2	14	1	13	17	5	19	1	14	2	2	15	1	15	14	7	12	9	15	10	8	5	4	5	13	19	5	10	8	6	11	5	6	11	13	13	15	2	5	2	13	15	9	2	4	8	16	16	6	7	4	16	1	10	15	14	6	1	15	8	11	7	7	12	12	9	9	14	11	3	9	3	3	5	10	1	8	4	7	4	6	15	5	12	1	10	7	1	3	2	9	13	12	14	13	4	7	4	13	15	5	11	15	8	13	14	11	11	9	9	14	14	16	11	14	16	16	15	15	15	4	5	16	6	11	15	6	11	5	8	10	10	7	15	8	14	3	3	1	15	7	5	6	1	12	9	4	7	2	15	2	3	14	1	12	3	11	12	14	9	15	9	12	14	3	4	1	15	3	4	10	5	16	16	16	11	7	9	6	9	1	4	12	16	3	5	6	13	3	5	5	3	12	3	11	13	2	16	10	1	7	15	8	2	5	9	2	5	7	3	5	2	1	1	2	8	15	2	6	9	7	9	11	16	13	5	16	9	2	11	15	3	3	10	15	5	16	13	9	9	12	3	5	11	14	4	13	16	11	12	14	15	14	10	5	2	5	11	8	4	2	6	7	15	1	3	4	15	3	2	7	1	7	15	5	4	5	16	3	9	3	16	5	5	9	16	10	10	16	2	9	3	16	4	12	7	6	4	15	9	11	8	8	2	16	16	13	2	13	1	14	14	7	14	2	1	12	3	12	7	2	12	3	10	5	9	4	10	13	15	4	8	12	1	3	15	15	11	14	1	16	12	10	2	1	11	7	12	7	16	12	15	11	5	8	2	8	16	13	5	5	13	9	10	15	3	8	3	7	1	3	10	13	14	14	13	10	14	15	16	7	4	6	4	1	12	6	2	15	3	15	12	1	9	15	9	16	4	12	10	1	13	1	8	1	15	5	5	8	14	13	11	4	9	3	6	4	14	10	15	12	9	10	15	9	5	15	6	8	9	8	3	4	10	12	16	2	1	13	11	14	13	6	3	16	
190	590	790	950	310	270	470	610	500	660	700	500	520	540	280	770	250	900	540	790	820	120	760	770	280	470	730	410	900	890	630	680	480	270	870	620	600	500	660	640	890	900	370	990	150	140	830	740	560	630	670	550	810	540	660	620	370	710	110	160	620	620	540	830	820	680	440	310	450	510	370	510	610	250	470	480	550	720	230	640	440	440	640	550	430	780	330	910	540	580	1000	640	880	670	300	120	350	170	790	260	890	460	890	880	400	990	940	420	470	600	260	950	700	660	550	110	520	540	860	140	240	690	860	410	990	560	760	160	370	310	490	300	860	140	460	880	320	950	820	850	430	900	560	970	340	680	180	830	100	190	430	830	1000	620	380	670	650	890	190	480	420	190	930	480	170	880	400	730	520	940	780	400	700	760	950	160	760	840	540	810	870	500	850	190	620	150	580	710	500	550	360	740	170	990	300	750	480	320	170	850	390	330	360	380	980	550	890	970	630	180	970	360	820	990	920	720	860	290	480	850	940	810	390	680	970	720	610	670	110	540	660	530	620	180	230	850	430	900	600	860	480	700	970	190	950	170	130	870	990	980	730	450	710	910	400	680	280	850	230	770	110	280	270	720	780	890	170	530	480	170	130	930	900	670	240	150	480	830	300	520	720	290	700	230	250	900	570	810	780	640	790	960	650	340	870	400	930	460	160	590	220	900	540	160	200	330	650	460	690	280	820	220	800	520	520	690	830	230	420	590	630	650	920	750	240	420	980	860	310	880	900	500	350	600	580	600	510	370	890	530	120	660	440	660	880	460	700	580	700	580	910	640	230	960	470	650	650	680	930	150	430	900	480	980	520	670	330	960	820	360	390	270	230	310	460	430	130	830	980	920	910	550	660	760	990	1000	510	370	230	920	800	720	500	960	340	540	580	890	810	120	960	730	890	420	300	220	860	480	1000	920	660	260	540	180	780	310	560	450	730	660	230	190	710	440	420	600	300	980	380	560	600	120	840	810	320	690	180	840	760	930	170	790	400	450	120	740	700	790	910	440	170	130	880	280	320	700	970	720	480	110	610	660	430	950	590	180	600	590	380	550	700	810	360	910	350	200	690	520	490	620	680	870	460	360	670	770	490	710	310	370	770	120	120	970	920	570	530	730	520	220	860	400	810	640	610	400	260	560	330	650	320	530	620	790	370	470	170	450	720	200	670	630	390	740	570	360	280	310	950	510	890	580	850	730	270	460	760	910	520	370	210	730	860	420	460	510	810	480	500	660	430	300	530	490	440	260	380	420	580	500	530	770	610	570	750	230	580	670	420	380	1000	370	870	650	560	940	980	700	640	230	510	170	360	700	230	100	630	550	810	540	640	830	290	800	900	370	790	640	220	660	680	480	670	920	860	470	210	930	320	260	690	800	600	100	800	240	700	970	460	720	500	850	820	280	390	460	800	870	1000	960	960	250	390	430	370	620	430	520	290	390	370	910	220	130	860	960	620	560	900	440	580	850	660	930	110	210	960	630	1000	660	610	320	250	550	280	590	500	210	840	960	870	790	250	790	720	140	500	670	740	780	420	410	190	130	710	320	930	510	480	820	970	840	630	190	1000	570	190	850	670	550	590	490	910	710	110	420	960	1000	510	390	990	110	930	430	470	540	950	390	160	320	740	500	480	110	950	640	190	540	310	690	920	910	870	780	690	640	320	360	160	930	620	850	280	590	850	470	650	970	540	760	480	500	710	740	180	550	150	180	820	430	380	140	100	680	600	620	430	540	1000	380	380	130	170	120	970	220	670	970	850	190	480	960	910	240	260	610	730	490	110	670	790	410	180	750	130	560	930	210	940	970	720	460	620	920	410	860	270	830	710	900	570	380	950	680	880	170	240	220	980	230	430	250	580	950	550	110	680	870	250	800	970	100	730	710	410	890	460	870	740	890	500	140	490	460	140	100	840	740	290	310	280	830	560	670	830	120	710	510	410	640	600	400	530	950	210	410	780	350	110	350	470	400	530	870	890	360	880	650	560	320	260	580	560	890	200	
10
