1239
60
2
70
0	48	0	48	0	48	48	0	0	0	48	48	0	0	0	0	0	0	0	0	0	0	0	0	48	0	0	0	0	0	0	48	0	0	0	0	0	0	0	0	0	0	0	0	0	0	0	0	0	48	0	0	0	0	0	0	0	0	0	0	
48	0	0	0	0	0	0	0	0	0	0	0	0	0	0	0	0	0	0	0	48	0	0	0	0	0	0	0	48	0	0	0	0	0	0	0	0	0	0	0	0	0	0	0	0	0	0	0	0	0	0	0	0	0	0	0	0	0	0	0	
0	0	0	0	0	0	0	48	0	0	0	0	48	0	0	0	0	0	0	0	0	0	0	0	0	0	0	0	0	0	0	0	0	0	0	0	0	0	0	0	0	0	0	0	0	0	0	0	0	0	0	0	0	0	0	0	0	0	0	0	
48	0	0	0	0	0	0	0	0	0	0	0	0	0	0	0	0	0	0	0	0	0	0	0	0	0	48	0	0	0	0	0	0	0	0	0	0	0	0	0	0	0	0	0	0	0	0	0	0	0	0	0	0	0	48	0	0	0	0	0	
0	0	0	0	0	0	0	0	0	48	0	0	0	0	0	0	0	0	0	0	0	0	0	0	0	0	48	0	0	0	0	0	0	0	0	0	0	0	0	0	0	0	0	0	0	0	0	0	0	0	0	0	0	0	0	0	0	0	0	0	
48	0	0	0	0	0	0	0	48	0	0	0	0	0	0	0	0	0	0	0	0	0	0	0	0	0	0	0	0	0	48	0	0	0	0	0	0	0	0	0	0	0	0	0	0	0	0	0	0	0	0	0	0	0	0	0	0	0	0	0	
48	0	0	0	0	0	0	0	0	0	0	0	0	0	0	0	0	48	0	0	0	0	0	0	0	0	0	0	0	0	0	0	0	0	0	0	0	0	0	0	0	48	0	0	0	0	0	0	0	0	0	0	0	0	0	0	0	0	0	0	
0	0	48	0	0	0	0	0	0	0	0	0	0	0	0	0	0	0	0	0	0	0	0	0	0	0	0	0	0	0	0	0	0	0	0	0	0	0	0	0	0	0	0	0	0	0	0	0	0	0	0	0	0	0	0	48	0	0	0	0	
0	0	0	0	0	48	0	0	0	0	0	0	0	0	0	0	0	0	0	0	0	0	0	0	0	0	0	0	0	0	48	0	0	0	0	0	0	0	0	0	0	0	0	0	0	0	0	0	0	0	0	0	0	0	0	0	0	0	0	0	
0	0	0	0	48	0	0	0	0	0	0	0	0	0	0	0	0	0	0	0	0	0	0	0	0	0	0	0	0	48	0	0	0	0	0	0	0	0	0	0	0	0	0	0	0	0	0	0	0	0	0	0	0	0	0	0	0	0	0	0	
48	0	0	0	0	0	0	0	0	0	0	0	0	0	0	0	0	0	0	0	0	0	0	0	0	0	0	0	0	0	0	0	0	0	0	0	0	0	48	48	0	0	0	0	0	0	0	0	0	0	0	0	0	0	0	0	0	0	0	0	
48	0	0	0	0	0	0	0	0	0	0	0	0	0	0	48	0	0	0	0	0	0	0	0	0	0	0	0	0	0	0	0	0	0	0	48	0	0	0	0	0	0	0	0	0	0	0	0	0	0	0	0	0	0	0	0	0	0	0	0	
0	0	48	0	0	0	0	0	0	0	0	0	0	0	0	0	0	0	0	0	0	0	48	0	0	0	0	0	0	0	0	0	0	0	0	0	0	0	0	0	0	0	0	0	0	0	0	0	0	0	0	0	0	0	0	0	0	0	0	0	
0	0	0	0	0	0	0	0	0	0	0	0	0	0	0	0	0	0	0	0	0	0	0	0	0	48	0	0	0	48	0	0	0	0	0	0	0	0	0	0	0	0	0	0	0	0	0	0	0	0	0	0	0	0	0	0	0	0	0	0	
0	0	0	0	0	0	0	0	0	0	0	0	0	0	0	0	0	0	0	0	48	0	0	0	0	0	0	0	0	0	0	0	0	0	0	0	0	0	0	0	0	0	0	0	0	0	0	0	0	0	0	0	0	0	0	0	48	0	0	0	
0	0	0	0	0	0	0	0	0	0	0	48	0	0	0	0	0	0	0	0	0	0	0	0	0	0	0	0	0	0	0	0	0	0	0	48	0	0	0	0	0	0	0	0	0	0	0	0	0	0	0	0	0	0	0	0	0	0	0	0	
0	0	0	0	0	0	0	0	0	0	0	0	0	0	0	0	0	0	0	0	0	0	48	0	0	0	0	0	0	0	0	0	0	0	0	0	0	0	0	0	0	0	0	0	0	0	0	0	0	0	0	0	0	48	0	0	0	0	0	0	
0	0	0	0	0	0	48	0	0	0	0	0	0	0	0	0	0	0	0	0	0	0	0	0	0	0	0	0	0	0	0	0	0	0	0	0	0	0	0	0	0	48	0	0	0	0	0	0	0	0	0	0	0	0	0	0	0	0	0	0	
0	0	0	0	0	0	0	0	0	0	0	0	0	0	0	0	0	0	0	0	0	0	0	0	0	0	0	48	0	0	0	0	0	0	0	0	0	0	0	0	0	0	0	0	0	0	0	0	0	0	0	0	0	0	0	0	0	0	0	48	
0	0	0	0	0	0	0	0	0	0	0	0	0	0	0	0	0	0	0	0	0	0	0	0	0	0	0	0	0	0	0	0	0	0	0	0	0	0	0	0	0	0	0	0	0	0	0	0	0	48	0	0	0	0	0	0	0	0	48	0	
0	48	0	0	0	0	0	0	0	0	0	0	0	0	48	0	0	0	0	0	0	0	0	0	0	0	0	0	0	0	0	0	0	0	0	0	0	0	0	0	0	0	0	0	0	0	0	0	0	0	0	0	0	0	0	0	0	0	0	0	
0	0	0	0	0	0	0	0	0	0	0	0	0	0	0	0	0	0	0	0	0	0	0	0	0	0	0	0	0	0	0	0	48	0	0	0	0	0	0	0	0	0	0	0	0	0	0	0	0	0	0	0	0	0	0	0	0	48	0	0	
0	0	0	0	0	0	0	0	0	0	0	0	48	0	0	0	48	0	0	0	0	0	0	0	0	0	0	0	0	0	0	0	0	0	0	0	0	0	0	0	0	0	0	0	0	0	0	0	0	0	0	0	0	0	0	0	0	0	0	0	
0	0	0	0	0	0	0	0	0	0	0	0	0	0	0	0	0	0	0	0	0	0	0	0	0	0	0	0	0	0	0	0	0	0	0	0	0	0	0	0	0	0	0	48	0	0	0	0	0	0	0	0	0	0	0	48	0	0	0	0	
48	0	0	0	0	0	0	0	0	0	0	0	0	0	0	0	0	0	0	0	0	0	0	0	0	0	0	0	0	0	0	0	0	0	0	0	0	0	0	0	0	0	0	0	0	48	0	0	0	0	0	0	0	0	0	0	0	0	0	0	
0	0	0	0	0	0	0	0	0	0	0	0	0	48	0	0	0	0	0	0	0	0	0	0	0	0	0	0	0	0	0	0	0	0	0	0	0	0	0	0	0	0	0	0	0	0	0	0	0	0	0	48	0	0	0	0	0	0	0	0	
0	0	0	48	48	0	0	0	0	0	0	0	0	0	0	0	0	0	0	0	0	0	0	0	0	0	0	0	0	0	0	0	0	0	0	0	0	0	0	0	0	0	0	0	0	0	0	0	0	0	0	0	0	0	0	0	0	0	0	0	
0	0	0	0	0	0	0	0	0	0	0	0	0	0	0	0	0	0	48	0	0	0	0	0	0	0	0	0	0	0	0	0	0	0	0	0	0	0	0	0	0	0	0	0	0	0	0	0	0	0	0	0	0	0	0	0	0	48	0	0	
0	48	0	0	0	0	0	0	0	0	0	0	0	0	0	0	0	0	0	0	0	0	0	0	0	0	0	0	0	0	0	0	0	0	0	0	0	0	0	0	0	0	0	0	48	0	0	0	0	0	0	0	0	0	0	0	0	0	0	0	
0	0	0	0	0	0	0	0	0	48	0	0	0	48	0	0	0	0	0	0	0	0	0	0	0	0	0	0	0	0	0	0	0	0	0	0	0	0	0	0	0	0	0	0	0	0	0	0	0	0	0	0	0	0	0	0	0	0	0	0	
0	0	0	0	0	48	0	0	48	0	0	0	0	0	0	0	0	0	0	0	0	0	0	0	0	0	0	0	0	0	0	0	0	0	0	0	0	0	0	0	0	0	0	0	0	0	0	0	0	0	0	0	0	0	0	0	0	0	0	0	
48	0	0	0	0	0	0	0	0	0	0	0	0	0	0	0	0	0	0	0	0	0	0	0	0	0	0	0	0	0	0	0	0	0	0	0	48	0	0	0	0	0	0	0	0	0	0	0	0	0	48	0	0	0	0	0	0	0	0	0	
0	0	0	0	0	0	0	0	0	0	0	0	0	0	0	0	0	0	0	0	0	48	0	0	0	0	0	0	0	0	0	0	0	0	0	0	0	0	0	0	0	0	0	0	0	0	0	48	0	0	0	0	0	0	0	0	0	0	0	0	
0	0	0	0	0	0	0	0	0	0	0	0	0	0	0	0	0	0	0	0	0	0	0	0	0	0	0	0	0	0	0	0	0	0	0	0	0	48	0	0	0	0	0	0	0	0	0	0	0	0	0	0	0	48	0	0	0	0	0	0	
0	0	0	0	0	0	0	0	0	0	0	0	0	0	0	0	0	0	0	0	0	0	0	0	0	0	0	0	0	0	0	0	0	0	0	0	0	0	0	0	0	0	0	0	0	0	0	0	48	0	0	0	0	0	0	0	0	0	48	0	
0	0	0	0	0	0	0	0	0	0	0	48	0	0	0	48	0	0	0	0	0	0	0	0	0	0	0	0	0	0	0	0	0	0	0	0	0	0	0	0	0	0	0	0	0	0	0	0	0	0	0	0	0	0	0	0	0	0	0	0	
0	0	0	0	0	0	0	0	0	0	0	0	0	0	0	0	0	0	0	0	0	0	0	0	0	0	0	0	0	0	0	48	0	0	0	0	0	0	0	0	0	0	0	0	0	0	0	0	0	0	48	0	0	0	0	0	0	0	0	0	
0	0	0	0	0	0	0	0	0	0	0	0	0	0	0	0	0	0	0	0	0	0	0	0	0	0	0	0	0	0	0	0	0	48	0	0	0	0	0	0	0	0	0	0	0	0	48	0	0	0	0	0	0	0	0	0	0	0	0	0	
0	0	0	0	0	0	0	0	0	0	48	0	0	0	0	0	0	0	0	0	0	0	0	0	0	0	0	0	0	0	0	0	0	0	0	0	0	0	0	48	0	0	0	0	0	0	0	0	0	0	0	0	0	0	0	0	0	0	0	0	
0	0	0	0	0	0	0	0	0	0	48	0	0	0	0	0	0	0	0	0	0	0	0	0	0	0	0	0	0	0	0	0	0	0	0	0	0	0	48	0	0	0	0	0	0	0	0	0	0	0	0	0	0	0	0	0	0	0	0	0	
0	0	0	0	0	0	0	0	0	0	0	0	0	0	0	0	0	0	0	0	0	0	0	0	0	0	0	0	0	0	0	0	0	0	0	0	0	0	0	0	0	0	0	0	0	0	0	0	0	0	0	0	48	0	0	0	0	0	0	48	
0	0	0	0	0	0	48	0	0	0	0	0	0	0	0	0	0	48	0	0	0	0	0	0	0	0	0	0	0	0	0	0	0	0	0	0	0	0	0	0	0	0	0	0	0	0	0	0	0	0	0	0	0	0	0	0	0	0	0	0	
0	0	0	0	0	0	0	0	0	0	0	0	0	0	0	0	0	0	0	0	0	0	0	0	0	0	0	0	0	0	0	0	0	0	0	0	0	0	0	0	0	0	0	0	48	0	0	0	0	0	0	0	0	0	0	0	48	0	0	0	
0	0	0	0	0	0	0	0	0	0	0	0	0	0	0	0	0	0	0	0	0	0	0	48	0	0	0	0	0	0	0	0	0	0	0	0	0	0	0	0	0	0	0	0	0	0	0	0	48	0	0	0	0	0	0	0	0	0	0	0	
0	0	0	0	0	0	0	0	0	0	0	0	0	0	0	0	0	0	0	0	0	0	0	0	0	0	0	0	48	0	0	0	0	0	0	0	0	0	0	0	0	0	48	0	0	0	0	0	0	0	0	0	0	0	0	0	0	0	0	0	
0	0	0	0	0	0	0	0	0	0	0	0	0	0	0	0	0	0	0	0	0	0	0	0	48	0	0	0	0	0	0	0	0	0	0	0	0	0	0	0	0	0	0	0	0	0	48	0	0	0	0	0	0	0	0	0	0	0	0	0	
0	0	0	0	0	0	0	0	0	0	0	0	0	0	0	0	0	0	0	0	0	0	0	0	0	0	0	0	0	0	0	0	0	0	0	0	0	48	0	0	0	0	0	0	0	48	0	0	0	0	0	0	0	0	0	0	0	0	0	0	
0	0	0	0	0	0	0	0	0	0	0	0	0	0	0	0	0	0	0	0	0	0	0	0	0	0	0	0	0	0	0	0	48	0	0	0	0	0	0	0	0	0	0	0	0	0	0	0	0	0	0	48	0	0	0	0	0	0	0	0	
0	0	0	0	0	0	0	0	0	0	0	0	0	0	0	0	0	0	0	0	0	0	0	0	0	0	0	0	0	0	0	0	0	0	48	0	0	0	0	0	0	0	0	48	0	0	0	0	0	0	0	0	0	0	0	0	0	0	0	0	
48	0	0	0	0	0	0	0	0	0	0	0	0	0	0	0	0	0	0	48	0	0	0	0	0	0	0	0	0	0	0	0	0	0	0	0	0	0	0	0	0	0	0	0	0	0	0	0	0	0	0	0	0	0	0	0	0	0	0	0	
0	0	0	0	0	0	0	0	0	0	0	0	0	0	0	0	0	0	0	0	0	0	0	0	0	0	0	0	0	0	0	48	0	0	0	0	48	0	0	0	0	0	0	0	0	0	0	0	0	0	0	0	0	0	0	0	0	0	0	0	
0	0	0	0	0	0	0	0	0	0	0	0	0	0	0	0	0	0	0	0	0	0	0	0	0	48	0	0	0	0	0	0	0	0	0	0	0	0	0	0	0	0	0	0	0	0	0	48	0	0	0	0	0	0	0	0	0	0	0	0	
0	0	0	0	0	0	0	0	0	0	0	0	0	0	0	0	0	0	0	0	0	0	0	0	0	0	0	0	0	0	0	0	0	0	0	0	0	0	0	0	48	0	0	0	0	0	0	0	0	0	0	0	0	0	48	0	0	0	0	0	
0	0	0	0	0	0	0	0	0	0	0	0	0	0	0	0	48	0	0	0	0	0	0	0	0	0	0	0	0	0	0	0	0	48	0	0	0	0	0	0	0	0	0	0	0	0	0	0	0	0	0	0	0	0	0	0	0	0	0	0	
0	0	0	48	0	0	0	0	0	0	0	0	0	0	0	0	0	0	0	0	0	0	0	0	0	0	0	0	0	0	0	0	0	0	0	0	0	0	0	0	0	0	0	0	0	0	0	0	0	0	0	0	48	0	0	0	0	0	0	0	
0	0	0	0	0	0	0	48	0	0	0	0	0	0	0	0	0	0	0	0	0	0	0	48	0	0	0	0	0	0	0	0	0	0	0	0	0	0	0	0	0	0	0	0	0	0	0	0	0	0	0	0	0	0	0	0	0	0	0	0	
0	0	0	0	0	0	0	0	0	0	0	0	0	0	48	0	0	0	0	0	0	0	0	0	0	0	0	0	0	0	0	0	0	0	0	0	0	0	0	0	0	0	48	0	0	0	0	0	0	0	0	0	0	0	0	0	0	0	0	0	
0	0	0	0	0	0	0	0	0	0	0	0	0	0	0	0	0	0	0	0	0	48	0	0	0	0	0	48	0	0	0	0	0	0	0	0	0	0	0	0	0	0	0	0	0	0	0	0	0	0	0	0	0	0	0	0	0	0	0	0	
0	0	0	0	0	0	0	0	0	0	0	0	0	0	0	0	0	0	0	48	0	0	0	0	0	0	0	0	0	0	0	0	0	0	48	0	0	0	0	0	0	0	0	0	0	0	0	0	0	0	0	0	0	0	0	0	0	0	0	0	
0	0	0	0	0	0	0	0	0	0	0	0	0	0	0	0	0	0	48	0	0	0	0	0	0	0	0	0	0	0	0	0	0	0	0	0	0	0	0	0	48	0	0	0	0	0	0	0	0	0	0	0	0	0	0	0	0	0	0	0	
44	21	17	13	50	48	44	17	1	35	16	25	23	20	20	42	54	59	45	10	12	52	54	46	25	22	54	46	53	21	58	4	44	14	53	40	4	54	14	20	54	2	22	29	59	56	52	3	32	43	19	40	53	25	4	24	17	20	2	25	43	15	32	27	29	49	50	32	11	17	14	17	16	26	0	58	52	44	29	17	43	0	27	14	19	3	50	15	33	22	47	44	34	26	19	19	26	48	48	53	48	50	59	46	43	3	43	32	45	45	35	35	47	50	47	33	58	2	23	40	40	31	51	18	41	3	29	55	51	3	43	59	2	44	5	34	47	34	8	53	17	4	21	22	19	53	6	26	5	13	44	57	42	19	57	40	17	20	18	17	16	16	3	43	7	36	50	44	29	8	47	40	32	7	28	40	21	21	37	19	53	19	54	43	32	54	31	28	1	55	18	29	59	15	2	23	19	7	27	44	40	28	14	40	45	59	57	9	44	21	43	31	2	47	31	44	7	2	54	1	10	39	43	6	2	23	25	32	11	10	50	22	50	47	1	25	21	0	58	28	35	49	47	14	11	45	22	21	14	54	13	41	40	12	24	48	30	35	56	55	50	9	7	51	22	32	29	53	1	51	44	53	44	31	0	31	8	51	42	34	2	16	53	24	42	16	48	51	50	16	3	55	48	9	18	22	3	41	4	38	17	22	23	28	40	32	42	7	45	42	43	8	54	29	38	51	6	31	21	35	39	40	47	6	3	37	25	22	4	16	42	15	52	16	19	8	13	43	20	30	24	55	29	55	43	8	38	43	48	26	34	46	45	17	42	49	30	42	28	45	27	36	1	33	22	34	23	10	46	30	55	31	34	38	3	6	31	20	13	46	26	33	5	31	50	6	39	49	17	32	40	25	30	55	12	0	32	13	21	11	26	47	51	52	50	48	46	38	43	41	20	2	6	12	35	51	11	26	20	43	7	28	19	30	19	5	39	46	17	18	31	44	52	13	24	5	26	20	25	47	37	36	49	4	23	58	4	37	25	23	51	32	45	9	28	16	26	6	28	12	18	45	24	33	54	28	5	54	23	30	29	3	2	44	57	3	39	19	46	10	33	16	32	41	37	55	52	14	29	41	47	48	51	25	39	55	10	9	49	57	53	17	4	25	5	54	40	23	56	35	40	4	54	43	7	25	49	27	14	25	21	48	40	7	41	32	36	59	47	46	0	41	58	35	10	29	54	19	18	36	37	8	21	14	4	11	16	3	21	59	11	36	19	26	50	3	15	28	32	37	1	7	11	4	16	12	19	54	30	40	33	0	52	30	15	59	44	44	2	55	45	33	32	7	39	50	6	6	10	55	1	48	20	24	52	31	19	3	49	32	49	37	42	27	7	57	31	34	5	51	32	33	28	59	44	49	1	25	35	9	0	5	46	39	47	23	9	8	15	20	5	10	37	5	22	21	16	55	15	16	18	48	52	32	48	9	9	7	53	0	14	0	7	18	39	28	46	46	10	52	1	50	11	1	27	41	56	48	37	30	58	52	8	7	0	12	33	25	41	28	35	58	19	25	40	1	58	53	46	37	8	30	57	33	43	52	14	23	18	19	2	2	2	25	27	53	42	38	10	39	51	6	29	8	48	9	57	19	36	14	7	20	22	58	21	41	9	29	28	5	17	24	12	31	46	6	13	27	31	14	15	9	19	58	42	20	48	5	57	22	43	10	48	25	26	25	4	24	23	59	3	39	2	45	44	47	56	46	19	25	5	37	12	28	43	46	11	9	53	22	47	36	7	16	46	11	13	57	5	27	23	34	0	39	53	53	19	22	54	33	49	27	25	13	53	17	45	58	29	51	52	33	50	17	40	55	2	27	53	31	53	57	49	41	53	10	36	3	36	30	7	33	22	15	44	18	50	7	19	7	14	27	22	52	41	34	33	36	55	2	19	44	8	24	7	13	41	28	23	22	1	49	20	13	58	26	39	18	16	32	15	7	42	48	58	18	31	32	3	11	39	30	28	26	46	26	3	24	58	54	34	55	59	30	17	2	32	51	3	56	37	55	10	0	0	5	54	23	3	21	37	33	22	52	1	45	22	27	55	7	58	20	54	59	14	47	31	38	30	28	41	55	13	44	45	41	40	28	41	14	47	1	34	16	52	14	39	29	43	42	2	42	15	11	50	49	8	37	59	5	47	47	50	51	28	53	33	15	26	27	1	5	7	57	59	48	56	34	13	33	38	42	20	41	30	7	58	15	10	20	44	52	7	28	58	18	2	34	22	49	1	32	57	5	13	58	51	5	13	1	35	4	35	24	3	16	18	2	2	21	36	8	46	14	55	46	49	28	16	57	17	36	36	2	45	33	33	33	48	27	34	36	2	17	47	44	49	52	18	49	54	23	19	43	6	48	24	34	59	17	38	31	12	37	6	5	48	26	20	28	33	26	31	18	43	42	54	19	5	35	17	15	43	39	39	31	52	23	16	1	40	52	50	47	5	0	14	36	4	46	19	40	40	16	26	16	47	51	44	14	1	47	46	29	51	38	25	28	38	57	29	42	46	38	23	45	0	24	12	36	44	15	25	41	10	31	25	15	25	59	25	16	0	24	59	6	36	27	0	21	35	32	53	24	3	1	4	47	29	57	36	52	30	41	14	9	15	24	26	26	10	49	4	18	43	51	9	4	35	16	32	48	16	36	13	43	7	47	49	49	13	55	1	49	24	4	44	6	35	20	15	0	37	52	17	57	1	9	25	52	37	58	3	39	56	12	21	49	35	31	27	36	25	58	17	21	47	20	18	37	47	13	57	55	8	52	46	18	18	
52	36	7	35	49	8	39	31	37	48	7	10	37	4	33	35	13	47	58	13	7	36	4	17	19	8	38	34	39	6	42	31	55	45	14	32	0	3	37	55	45	53	37	51	0	12	16	43	1	44	9	3	22	39	50	21	47	54	53	4	58	22	17	23	19	32	29	23	44	48	44	35	37	16	48	14	37	5	19	12	1	27	36	18	51	28	6	18	51	49	13	39	19	27	25	13	40	55	17	10	22	21	48	20	34	39	13	21	2	42	7	5	27	39	53	54	53	20	44	14	16	57	49	10	54	52	45	57	29	11	39	21	31	8	9	43	45	55	23	52	0	42	47	20	13	23	39	55	13	56	31	56	2	18	52	18	37	5	6	29	35	51	18	36	44	5	23	31	51	27	1	4	58	4	53	7	5	28	16	53	51	39	20	20	14	32	28	53	19	26	3	19	6	24	41	54	25	41	12	57	17	23	51	17	55	24	17	7	15	55	42	25	15	38	43	52	59	58	49	36	57	4	26	55	54	30	29	44	26	2	29	36	34	46	57	19	19	18	46	20	45	47	53	24	51	17	10	19	26	7	54	42	48	54	50	27	52	10	37	40	38	31	8	52	36	54	28	40	13	25	16	18	50	23	16	9	50	21	4	31	26	30	37	59	50	49	52	44	19	24	6	41	36	38	11	47	41	54	55	34	55	56	39	20	16	8	26	0	43	23	35	13	42	34	57	57	53	27	37	32	28	49	58	22	54	11	10	53	38	11	17	9	41	7	13	29	5	27	38	20	6	27	33	5	0	28	6	24	50	56	36	31	3	42	53	47	23	47	46	34	14	17	51	10	31	46	0	16	20	2	49	4	1	21	6	13	45	23	51	4	21	39	20	12	8	57	13	42	30	45	13	48	27	2	26	6	19	47	55	26	34	19	37	30	29	18	10	21	38	8	5	13	13	49	17	28	54	45	3	59	11	53	30	50	53	36	47	47	41	26	48	3	18	28	21	24	8	53	53	51	51	59	56	28	28	15	24	7	27	37	31	25	28	15	22	0	16	58	55	27	14	57	45	28	59	58	58	42	26	26	38	8	56	46	8	26	32	50	11	8	37	23	37	25	20	12	1	57	48	54	50	6	46	45	34	40	19	31	29	44	58	43	41	49	1	14	4	8	40	1	46	0	10	9	55	5	9	22	8	1	40	0	16	43	55	37	23	13	57	20	44	39	5	42	19	55	59	42	25	40	11	58	42	48	45	24	47	33	46	22	4	20	38	17	25	49	26	48	1	40	6	36	28	17	43	46	11	19	55	48	26	43	37	27	21	45	7	19	3	1	1	36	20	5	54	8	17	53	24	32	52	31	18	15	19	32	40	54	19	31	28	39	57	53	47	13	38	55	6	20	54	49	43	54	35	41	22	34	6	58	39	19	27	41	1	24	28	56	35	48	33	15	8	12	51	39	2	59	43	15	24	55	49	40	53	42	14	19	33	49	29	41	52	28	47	44	37	26	29	44	42	2	13	34	22	56	16	57	30	12	6	8	51	1	29	53	38	47	8	13	4	20	20	12	31	28	7	54	6	35	58	26	21	42	31	20	4	44	49	10	57	38	43	50	52	41	11	20	14	46	53	41	8	17	34	10	55	55	12	38	45	57	53	24	31	1	59	5	12	4	2	53	55	21	41	23	26	59	44	9	50	2	40	54	34	41	45	53	40	11	40	45	41	8	7	43	40	41	24	21	26	55	19	9	45	16	34	23	4	28	10	25	5	20	49	41	57	51	32	21	29	15	32	10	26	21	43	28	39	31	6	18	11	54	21	33	30	24	19	19	37	56	45	9	1	43	28	42	19	52	8	19	22	31	21	36	7	7	48	46	49	39	43	27	5	59	21	4	37	56	28	36	50	50	13	37	1	40	4	32	4	7	15	56	52	35	51	59	59	38	47	32	0	4	55	57	58	20	19	25	47	35	5	10	21	3	37	38	56	57	9	50	45	56	20	58	44	23	17	15	41	44	17	50	56	2	7	28	32	41	25	4	28	41	48	33	42	33	36	44	8	25	20	24	57	27	24	36	46	6	38	49	16	15	53	40	17	11	7	12	8	46	6	38	30	35	6	19	40	54	49	52	27	57	32	44	28	11	30	5	42	27	23	32	22	51	32	17	35	14	59	8	1	37	11	28	47	48	29	44	19	15	18	23	55	46	31	54	19	23	13	39	42	52	17	49	55	56	32	29	31	7	35	47	29	28	26	32	16	0	8	59	12	42	1	53	53	26	13	2	45	40	34	3	50	34	44	23	45	53	6	42	42	52	48	31	42	23	10	7	6	52	8	18	56	42	20	7	35	33	40	7	24	5	37	15	48	54	5	29	4	59	9	18	56	37	15	26	8	6	26	51	58	47	48	20	49	10	51	33	36	10	0	51	32	39	1	15	25	31	31	5	25	43	36	48	12	20	58	11	29	33	3	27	36	37	40	53	55	9	29	36	49	26	42	58	8	8	24	21	46	1	54	41	11	27	16	55	3	57	49	28	28	57	13	2	26	31	9	1	39	38	35	18	38	15	58	0	44	43	20	28	9	54	17	46	49	24	21	31	34	42	32	2	5	8	26	40	1	37	15	4	15	44	7	54	16	10	40	6	2	26	2	48	29	22	48	35	41	53	22	45	7	20	34	7	2	7	54	29	33	39	19	47	9	34	44	46	37	20	44	53	24	43	48	38	28	24	21	36	55	54	44	35	14	30	29	46	16	42	39	42	30	1	46	2	38	34	20	16	19	49	39	19	11	16	33	25	59	24	36	45	35	25	13	53	9	55	53	
11	15	3	10	11	20	8	6	20	13	14	15	1	7	18	1	5	8	8	19	16	4	7	12	8	9	13	3	20	19	2	7	7	8	9	6	17	4	12	10	15	1	20	10	11	15	9	8	4	8	13	5	13	4	9	6	14	12	13	12	8	10	11	12	5	18	12	7	4	14	5	2	12	2	2	14	13	8	13	4	8	4	3	4	18	12	12	5	5	4	2	11	1	5	14	2	3	13	9	17	20	5	11	4	2	5	10	7	8	18	14	8	9	10	6	1	5	1	15	4	15	10	14	16	2	6	7	16	11	16	3	11	13	9	10	8	13	13	15	15	17	10	2	13	14	1	6	5	3	2	18	18	6	9	20	20	8	12	16	5	14	3	10	8	3	15	17	18	17	1	9	1	12	10	4	13	3	6	13	15	20	20	14	13	19	3	1	15	18	13	18	11	6	19	14	5	8	3	10	18	16	19	3	8	7	7	18	11	11	11	17	4	17	4	7	13	10	14	11	19	14	20	1	1	3	5	6	18	5	12	13	14	16	2	7	4	5	5	3	2	10	4	1	12	8	3	8	2	6	2	9	13	4	6	10	10	5	12	12	6	10	3	7	3	9	6	11	14	11	16	4	16	3	4	11	10	6	5	16	14	6	2	11	2	16	6	8	14	11	15	11	7	10	9	1	16	14	9	4	2	4	6	9	4	14	15	15	1	16	10	8	1	4	15	14	14	12	8	6	2	16	14	12	16	14	9	9	8	13	6	12	6	5	12	5	2	6	1	6	3	11	11	3	8	14	8	12	10	2	8	11	11	13	12	14	5	15	14	16	16	12	9	1	14	5	16	8	7	1	9	10	16	14	6	12	7	1	14	16	14	15	8	2	11	4	11	9	3	2	11	8	14	5	5	6	8	5	3	5	10	13	14	6	15	13	14	10	7	12	5	13	8	3	12	1	9	8	6	11	10	4	15	10	13	4	7	9	15	2	15	3	9	1	14	4	2	11	6	14	10	7	2	15	13	12	3	9	2	3	10	11	1	2	7	9	4	8	16	8	5	7	15	14	12	9	5	6	11	13	11	13	16	11	11	15	13	15	6	15	8	11	5	7	7	9	12	2	7	5	8	4	11	4	7	2	9	4	8	7	6	1	2	9	8	5	8	11	7	13	13	10	5	10	5	5	3	13	2	8	4	1	13	10	7	7	6	7	10	3	7	5	14	13	14	8	5	16	15	4	9	1	11	5	9	7	14	1	3	12	2	13	13	15	12	12	11	6	13	7	3	14	10	15	10	8	9	11	2	14	3	2	2	15	3	6	13	4	15	10	5	8	12	10	5	11	13	16	8	12	12	11	9	12	11	7	10	14	5	15	12	7	8	3	10	13	8	14	1	10	1	5	3	10	6	12	11	16	2	15	14	5	3	5	9	4	10	4	1	8	12	7	10	4	11	8	8	6	8	16	14	1	10	10	8	8	7	6	14	5	3	2	6	11	9	12	9	12	16	7	1	14	10	13	12	12	1	14	8	6	14	5	12	15	15	10	16	14	7	3	9	13	2	6	11	10	15	8	8	9	6	16	7	14	4	12	5	12	2	9	1	9	9	15	9	3	16	3	4	10	12	10	3	6	7	14	15	1	3	5	4	11	7	10	3	10	12	13	7	3	10	4	11	13	12	5	5	10	15	8	6	5	2	8	10	13	12	9	9	3	16	16	5	1	10	3	11	14	15	7	13	12	13	8	14	2	6	11	11	1	6	14	12	7	2	15	1	16	5	3	1	12	5	8	11	2	13	7	6	11	14	3	3	7	16	2	9	7	6	1	5	12	7	12	7	14	4	10	12	6	9	5	13	15	10	2	4	10	10	12	7	1	5	3	13	3	1	16	12	13	4	15	10	2	3	11	16	13	5	10	6	7	3	11	2	7	2	6	9	4	10	6	16	7	15	2	10	8	2	2	12	6	5	7	13	8	9	3	4	10	14	6	15	11	4	14	9	14	3	1	1	8	2	1	14	6	11	8	1	3	10	3	8	9	2	10	11	16	10	11	11	8	14	12	16	6	9	10	14	10	6	14	14	15	10	9	12	5	14	13	14	12	2	9	13	10	16	11	7	6	15	8	14	10	1	3	4	6	13	7	12	7	16	4	9	8	8	7	7	3	12	7	5	15	4	16	7	4	9	5	2	11	12	9	7	11	8	6	11	10	13	13	14	2	13	9	5	9	10	4	12	14	5	8	11	14	4	8	14	3	8	15	1	9	6	11	11	16	4	5	9	10	12	11	3	6	9	9	2	14	1	4	5	2	10	8	14	3	10	4	12	13	11	15	14	12	3	14	16	8	6	2	5	15	6	11	5	16	4	13	14	8	7	10	3	5	9	4	2	11	10	12	14	1	16	8	11	15	2	4	7	7	5	13	14	14	12	1	4	14	8	11	12	1	5	7	13	7	8	16	1	2	7	15	5	16	1	4	3	2	2	4	8	13	5	7	10	8	2	4	6	14	13	1	14	15	8	10	7	15	13	13	6	12	16	3	8	12	11	1	14	9	11	8	5	9	11	14	3	1	7	7	4	7	14	16	2	5	6	1	16	12	12	6	11	4	9	15	1	5	6	15	9	10	15	1	1	10	10	4	1	7	11	12	11	9	11	13	5	4	1	15	11	2	11	10	11	15	10	15	8	16	6	9	14	13	8	8	13	8	14	10	7	15	12	3	9	10	16	9	13	7	2	12	3	2	1	2	10	13	8	9	1	14	7	11	15	5	7	5	10	8	14	4	2	6	6	6	9	12	11	1	14	2	2	10	13	5	13	12	
230	150	390	560	1000	160	100	640	680	310	490	260	680	400	960	300	880	580	870	440	110	570	110	550	530	410	140	330	470	550	390	350	460	200	840	200	260	590	340	440	810	710	220	680	370	950	540	350	140	230	290	680	670	520	800	350	900	790	500	440	690	190	260	330	190	240	670	240	770	120	210	220	980	240	790	570	720	670	300	360	860	760	990	480	680	590	310	160	520	370	790	100	840	910	360	400	580	470	940	690	730	690	740	950	460	840	380	990	250	520	240	430	470	640	300	850	220	880	290	710	980	1000	340	880	610	990	860	440	140	630	540	820	350	530	820	330	910	270	550	300	860	350	160	300	620	860	950	320	610	580	130	520	380	120	900	590	770	710	850	150	830	780	160	670	610	100	670	300	260	790	750	180	260	480	900	130	870	260	390	950	340	390	990	450	100	790	520	340	290	500	820	770	840	370	130	540	410	840	380	520	870	790	100	250	440	640	730	400	140	720	950	370	280	360	550	590	420	640	430	130	100	570	520	260	200	260	240	700	170	980	770	250	840	1000	240	480	770	200	680	750	910	830	750	900	430	220	900	460	990	140	100	300	490	800	380	870	940	180	240	200	980	430	840	820	760	890	630	310	460	140	600	960	960	970	220	900	900	430	800	300	800	110	200	470	310	740	980	470	780	640	360	720	400	870	490	370	780	820	190	790	320	890	660	800	700	140	270	400	560	980	770	520	260	900	590	170	630	670	970	290	800	150	830	920	750	230	960	420	550	330	720	350	170	300	870	410	330	530	630	520	230	260	710	420	150	430	670	230	590	470	560	920	840	160	750	620	210	200	790	160	220	440	730	650	200	480	280	390	250	500	280	280	760	210	620	460	310	1000	100	820	170	640	920	940	190	250	900	490	450	400	900	610	490	100	720	800	320	510	420	560	970	860	930	560	950	930	880	930	830	510	440	150	130	650	700	350	630	220	470	400	690	610	740	920	940	350	870	640	140	780	230	1000	210	620	260	770	380	280	580	520	210	910	770	550	110	190	730	650	490	710	230	810	150	110	450	210	1000	870	730	180	930	880	420	780	780	120	520	360	280	250	860	960	950	520	930	380	590	800	460	790	800	230	230	120	350	770	470	740	970	630	670	160	310	790	660	540	670	890	780	470	340	400	770	270	520	310	440	910	310	730	250	290	510	120	840	240	120	260	100	960	440	190	350	560	680	150	390	470	410	520	570	850	770	580	950	500	460	100	500	950	270	410	780	690	950	680	220	570	330	580	220	900	540	520	780	470	770	570	760	270	540	480	230	400	900	880	530	810	170	120	490	970	760	320	580	120	840	820	130	950	630	690	610	850	620	540	840	870	230	860	110	870	680	960	230	380	960	120	350	770	720	570	500	960	760	150	850	790	180	410	580	820	600	910	360	130	140	280	950	970	680	700	770	110	100	750	460	970	190	570	790	230	500	550	420	670	910	210	360	110	390	640	870	260	360	660	120	130	120	140	760	490	170	650	780	260	380	890	980	150	100	270	980	160	800	100	860	160	200	100	160	440	430	460	910	430	660	300	120	360	920	820	670	520	680	830	280	210	180	880	750	160	100	210	960	850	790	100	560	1000	760	110	750	880	590	370	360	220	860	740	160	570	490	720	620	700	470	570	560	610	650	360	140	830	620	430	930	220	220	700	700	870	410	340	480	480	570	920	170	830	490	420	500	490	920	280	660	250	310	510	700	750	530	310	180	680	770	820	900	880	340	420	800	800	450	790	150	550	260	900	340	220	990	190	770	710	580	630	1000	920	320	700	720	190	360	200	450	220	330	830	850	450	990	270	550	350	380	840	780	660	360	200	960	440	110	700	900	970	140	900	400	680	690	820	410	520	440	860	740	590	400	240	990	410	510	940	320	470	120	370	790	990	600	240	260	840	760	400	150	340	100	820	800	500	330	460	620	200	280	890	210	210	860	790	250	960	870	610	270	340	910	100	120	380	730	750	430	520	400	990	200	770	1000	970	250	960	220	320	160	820	480	190	930	730	350	750	780	880	720	780	670	710	540	470	460	650	520	560	750	110	730	140	180	950	910	990	440	880	180	180	850	260	480	550	800	920	980	890	480	640	670	460	860	900	800	560	270	710	940	550	900	220	100	650	420	450	130	710	780	710	720	670	650	600	160	740	900	590	460	760	180	600	260	1000	990	810	760	820	780	680	1000	570	520	780	570	990	230	300	220	650	960	130	220	390	130	960	430	300	360	770	370	650	790	380	810	170	870	620	390	430	980	410	700	740	550	340	150	420	630	730	660	190	1000	640	660	930	450	640	210	970	570	370	880	870	180	830	220	620	910	920	990	110	700	720	160	500	830	300	710	550	420	860	790	850	180	210	140	740	290	760	750	880	120	200	130	210	460	980	430	560	740	830	570	470	890	660	660	430	570	410	100	870	230	960	150	240	960	480	330	590	880	530	900	1000	530	930	590	980	130	410	430	940	700	680	900	750	140	500	650	410	660	870	930	400	440	510	520	530	590	1000	390	170	550	660	240	860	280	450	700	810	640	590	920	550	270	200	320	830	280	250	1000	880	890	170	380	220	320	720	370	580	560	580	220	350	800	610	320	920	110	980	940	160	280	890	860	270	570	250	940	830	900	870	860	860	520	960	480	630	690	910	280	580	860	260	590	1000	530	480	300	280	220	160	600	910	730	330	230	850	240	910	220	120	580	530	200	590	270	440	440	740	780	110	690	930	630	890	660	860	390	810	700	750	330	170	720	410	320	420	160	960	620	640	860	540	570	770	440	910	530	220	720	200	910	560	380	210	210	180	450	460	480	810	770	810	980	950	750	910	560	
100
