1593
60
4
90
0	0	0	0	0	0	0	0	0	0	0	0	0	0	0	0	0	0	0	0	0	0	0	0	192	0	0	0	0	0	0	0	0	0	0	192	0	0	0	0	0	0	0	0	0	192	0	0	0	192	0	0	0	0	0	0	0	0	0	0	
0	0	0	0	0	0	0	0	0	0	0	0	0	0	192	0	0	0	0	0	192	0	0	0	0	0	0	0	192	0	0	0	0	0	0	0	0	0	0	0	0	0	0	0	192	0	0	0	0	0	0	0	0	0	0	0	0	0	0	0	
0	0	0	0	0	0	0	192	0	0	0	0	192	0	0	0	0	0	0	0	0	0	192	0	0	0	0	0	0	0	0	0	0	0	0	0	0	0	0	0	0	0	0	0	0	0	0	0	0	0	0	0	0	0	0	192	0	0	0	0	
0	0	0	0	192	0	0	0	0	0	0	0	0	0	0	0	0	0	0	0	0	0	0	0	0	0	192	0	0	0	0	0	0	0	0	0	0	0	0	0	0	0	0	0	0	0	0	192	0	0	0	0	0	0	192	0	0	0	0	0	
0	0	0	192	0	0	0	0	0	192	0	0	0	0	0	0	0	0	0	0	0	0	0	0	0	0	192	0	0	0	0	0	0	0	0	0	0	0	0	0	0	0	0	0	0	0	0	192	0	0	0	0	0	0	0	0	0	0	0	0	
0	0	0	0	0	0	0	0	192	0	0	0	0	0	0	0	0	0	0	0	0	0	0	0	0	0	0	0	0	0	192	0	0	0	0	0	0	192	0	0	0	0	0	0	0	0	0	0	0	0	192	0	0	0	0	0	0	0	0	0	
0	0	0	0	0	0	0	0	0	0	0	0	0	0	0	0	0	192	0	0	0	0	0	0	0	0	0	0	0	0	0	0	0	0	0	0	0	0	0	0	192	192	0	0	0	0	0	0	0	0	0	0	0	0	0	0	0	0	0	192	
0	0	192	0	0	0	0	0	0	0	0	0	192	0	0	0	0	0	0	0	0	0	0	0	0	0	0	0	0	0	0	0	0	0	0	0	0	0	0	0	0	0	0	0	0	0	0	0	192	0	0	0	0	0	0	192	0	0	0	0	
0	0	0	0	0	192	0	0	0	0	0	0	0	0	0	0	0	0	0	0	0	0	0	0	0	0	0	0	0	0	192	0	0	0	0	0	0	192	0	0	0	0	0	0	0	0	0	0	0	0	192	0	0	0	0	0	0	0	0	0	
0	0	0	0	192	0	0	0	0	0	0	0	0	0	0	0	0	0	0	0	0	0	0	0	0	0	192	0	0	192	0	0	0	0	0	0	0	0	0	0	0	0	0	0	0	0	0	0	0	0	0	0	0	0	192	0	0	0	0	0	
0	0	0	0	0	0	0	0	0	0	0	0	0	0	0	0	0	0	0	192	0	0	0	0	0	0	0	0	0	0	0	0	0	0	0	0	0	0	192	192	0	0	0	0	0	0	0	0	0	0	0	0	0	0	0	0	192	0	0	0	
0	0	0	0	0	0	0	0	0	0	0	0	0	0	0	192	0	0	0	0	0	0	0	0	0	0	0	0	0	0	0	192	0	0	0	192	192	0	0	0	0	0	0	0	0	0	0	0	0	0	0	0	0	0	0	0	0	0	0	0	
0	0	192	0	0	0	0	192	0	0	0	0	0	0	0	0	0	0	0	0	0	0	192	192	0	0	0	0	0	0	0	0	0	0	0	0	0	0	0	0	0	0	0	0	0	0	0	0	0	0	0	0	0	0	0	0	0	0	0	0	
0	0	0	0	0	0	0	0	0	0	0	0	0	0	0	0	0	0	0	0	0	0	0	0	0	192	0	0	0	192	0	0	0	0	0	0	0	0	0	0	0	0	0	0	0	0	0	0	0	0	0	192	192	0	0	0	0	0	0	0	
0	192	0	0	0	0	0	0	0	0	0	0	0	0	0	0	0	0	0	0	192	0	0	0	0	0	0	0	192	0	0	0	0	0	0	0	0	0	0	0	0	0	0	0	0	0	0	0	0	0	0	0	0	0	0	0	192	0	0	0	
0	0	0	0	0	0	0	0	0	0	0	192	0	0	0	0	0	0	0	0	0	0	0	0	192	0	0	0	0	0	0	0	0	0	0	192	0	0	0	0	0	0	0	0	0	192	0	0	0	0	0	0	0	0	0	0	0	0	0	0	
0	0	0	0	0	0	0	0	0	0	0	0	0	0	0	0	0	0	0	0	0	0	192	192	0	0	0	0	0	0	0	0	0	192	0	0	0	0	0	0	0	0	0	0	0	0	0	0	0	0	0	0	0	192	0	0	0	0	0	0	
0	0	0	0	0	0	192	0	0	0	0	0	0	0	0	0	0	0	0	0	0	0	0	0	0	0	0	0	0	0	0	0	0	0	0	0	0	0	0	0	192	192	0	0	0	0	0	0	0	0	0	0	0	0	0	0	0	0	0	192	
0	0	0	0	0	0	0	0	0	0	0	0	0	0	0	0	0	0	0	0	0	192	0	0	0	0	0	192	0	0	0	0	0	0	0	0	0	0	0	0	0	192	0	0	0	0	0	0	0	0	0	0	0	0	0	0	0	0	0	192	
0	0	0	0	0	0	0	0	0	0	192	0	0	0	0	0	0	0	0	0	0	0	0	0	0	0	0	0	0	0	0	0	0	0	192	0	0	0	0	0	0	0	0	0	0	0	0	0	0	192	0	0	0	0	0	0	0	0	192	0	
0	192	0	0	0	0	0	0	0	0	0	0	0	0	192	0	0	0	0	0	0	0	0	0	0	0	0	0	192	0	0	0	0	0	0	0	0	0	0	0	0	0	0	0	0	0	0	0	0	0	0	0	0	0	0	0	192	0	0	0	
0	0	0	0	0	0	0	0	0	0	0	0	0	0	0	0	0	0	192	0	0	0	0	0	0	0	0	0	0	0	0	0	192	0	0	0	0	0	0	0	0	0	0	0	0	0	0	0	0	0	0	0	0	0	0	0	0	192	0	192	
0	0	192	0	0	0	0	0	0	0	0	0	192	0	0	0	192	0	0	0	0	0	0	0	0	0	0	0	0	0	0	0	0	192	0	0	0	0	0	0	0	0	0	0	0	0	0	0	0	0	0	0	0	0	0	0	0	0	0	0	
0	0	0	0	0	0	0	0	0	0	0	0	192	0	0	0	192	0	0	0	0	0	0	0	0	0	0	0	0	0	0	0	0	0	0	0	0	0	0	0	0	0	0	192	0	0	0	0	0	0	0	0	0	0	0	192	0	0	0	0	
192	0	0	0	0	0	0	0	0	0	0	0	0	0	0	192	0	0	0	0	0	0	0	0	0	0	0	0	0	0	0	0	0	0	0	192	0	0	0	0	0	0	0	0	0	192	0	0	0	0	0	0	0	0	0	0	0	0	0	0	
0	0	0	0	0	0	0	0	0	0	0	0	0	192	0	0	0	0	0	0	0	0	0	0	0	0	0	0	0	192	0	0	0	0	0	0	0	0	0	0	0	0	0	0	0	0	0	192	0	0	0	192	0	0	0	0	0	0	0	0	
0	0	0	192	192	0	0	0	0	192	0	0	0	0	0	0	0	0	0	0	0	0	0	0	0	0	0	0	0	0	0	0	0	0	0	0	0	0	0	0	0	0	0	0	0	0	0	0	0	0	0	0	0	0	192	0	0	0	0	0	
0	0	0	0	0	0	0	0	0	0	0	0	0	0	0	0	0	0	192	0	0	0	0	0	0	0	0	0	0	0	0	0	0	0	0	0	0	0	0	0	0	0	0	0	0	0	0	0	192	0	0	0	0	0	0	192	0	192	0	0	
0	192	0	0	0	0	0	0	0	0	0	0	0	0	192	0	0	0	0	0	192	0	0	0	0	0	0	0	0	0	0	0	0	0	0	0	0	0	0	0	0	0	0	0	192	0	0	0	0	0	0	0	0	0	0	0	0	0	0	0	
0	0	0	0	0	0	0	0	0	192	0	0	0	192	0	0	0	0	0	0	0	0	0	0	0	192	0	0	0	0	0	0	0	0	0	0	0	0	0	0	0	0	0	0	0	0	0	192	0	0	0	0	0	0	0	0	0	0	0	0	
0	0	0	0	0	192	0	0	192	0	0	0	0	0	0	0	0	0	0	0	0	0	0	0	0	0	0	0	0	0	0	0	0	0	0	0	0	192	0	0	0	0	0	0	0	0	0	0	0	0	192	0	0	0	0	0	0	0	0	0	
0	0	0	0	0	0	0	0	0	0	0	192	0	0	0	0	0	0	0	0	0	0	0	0	0	0	0	0	0	0	0	0	0	0	0	0	192	0	0	0	0	0	0	0	0	0	192	0	0	0	192	0	0	0	0	0	0	0	0	0	
0	0	0	0	0	0	0	0	0	0	0	0	0	0	0	0	0	0	0	0	0	192	0	0	0	0	0	0	0	0	0	0	0	0	0	0	0	0	0	0	0	0	0	0	0	0	0	0	0	0	0	192	0	0	192	0	0	192	0	0	
0	0	0	0	0	0	0	0	0	0	0	0	0	0	0	0	192	0	0	0	0	0	192	0	0	0	0	0	0	0	0	0	0	0	0	0	0	192	0	0	0	0	0	0	0	0	0	0	0	0	0	0	0	192	0	0	0	0	0	0	
0	0	0	0	0	0	0	0	0	0	0	0	0	0	0	0	0	0	0	192	0	0	0	0	0	0	0	0	0	0	0	0	0	0	0	0	0	0	0	0	0	0	0	0	0	0	0	0	192	0	0	0	0	0	0	0	0	192	192	0	
192	0	0	0	0	0	0	0	0	0	0	192	0	0	0	192	0	0	0	0	0	0	0	0	192	0	0	0	0	0	0	0	0	0	0	0	0	0	0	0	0	0	0	0	0	0	0	0	0	0	0	0	0	0	0	0	0	0	0	0	
0	0	0	0	0	0	0	0	0	0	0	192	0	0	0	0	0	0	0	0	0	0	0	0	0	0	0	0	0	0	0	192	0	0	0	0	0	0	0	0	0	0	0	0	0	192	192	0	0	0	0	0	0	0	0	0	0	0	0	0	
0	0	0	0	0	192	0	0	192	0	0	0	0	0	0	0	0	0	0	0	0	0	0	0	0	0	0	0	0	0	192	0	0	192	0	0	0	0	0	0	0	0	0	0	0	0	0	0	0	0	0	0	0	0	0	0	0	0	0	0	
0	0	0	0	0	0	0	0	0	0	192	0	0	0	0	0	0	0	0	0	0	0	0	0	0	0	0	0	0	0	0	0	0	0	0	0	0	0	0	192	0	0	0	0	192	0	0	0	0	0	0	0	0	0	0	0	192	0	0	0	
0	0	0	0	0	0	0	0	0	0	192	0	0	0	0	0	0	0	0	0	0	0	0	0	0	0	0	0	0	0	0	0	0	0	0	0	0	0	192	0	0	0	0	0	192	0	0	0	0	192	0	0	0	0	0	0	0	0	0	0	
0	0	0	0	0	0	192	0	0	0	0	0	0	0	0	0	0	192	0	0	0	0	0	0	0	0	0	0	0	0	0	0	0	0	0	0	0	0	0	0	0	192	0	0	0	0	0	0	0	0	0	0	192	0	0	0	0	0	0	0	
0	0	0	0	0	0	192	0	0	0	0	0	0	0	0	0	0	192	192	0	0	0	0	0	0	0	0	0	0	0	0	0	0	0	0	0	0	0	0	0	192	0	0	0	0	0	0	0	0	0	0	0	0	0	0	0	0	0	0	0	
0	0	0	0	0	0	0	0	0	0	0	0	0	0	0	0	0	0	0	0	0	0	0	0	0	0	0	0	0	0	0	0	0	0	0	0	0	0	0	0	0	0	0	0	0	0	0	0	192	192	0	192	0	0	0	0	0	0	192	0	
0	0	0	0	0	0	0	0	0	0	0	0	0	0	0	0	0	0	0	0	0	0	0	192	0	0	0	0	0	0	0	0	0	0	0	0	0	0	0	0	0	0	0	0	0	0	0	0	0	0	0	0	192	192	0	0	0	0	192	0	
0	192	0	0	0	0	0	0	0	0	0	0	0	0	0	0	0	0	0	0	0	0	0	0	0	0	0	0	192	0	0	0	0	0	0	0	0	0	192	192	0	0	0	0	0	0	0	0	0	0	0	0	0	0	0	0	0	0	0	0	
192	0	0	0	0	0	0	0	0	0	0	0	0	0	0	192	0	0	0	0	0	0	0	0	192	0	0	0	0	0	0	0	0	0	0	0	192	0	0	0	0	0	0	0	0	0	0	0	0	0	0	0	0	0	0	0	0	0	0	0	
0	0	0	0	0	0	0	0	0	0	0	0	0	0	0	0	0	0	0	0	0	0	0	0	0	0	0	0	0	0	0	192	0	0	0	0	192	0	0	0	0	0	0	0	0	0	0	0	0	0	0	0	192	192	0	0	0	0	0	0	
0	0	0	192	192	0	0	0	0	0	0	0	0	0	0	0	0	0	0	0	0	0	0	0	0	192	0	0	0	192	0	0	0	0	0	0	0	0	0	0	0	0	0	0	0	0	0	0	0	0	0	0	0	0	0	0	0	0	0	0	
0	0	0	0	0	0	0	192	0	0	0	0	0	0	0	0	0	0	0	0	0	0	0	0	0	0	0	192	0	0	0	0	0	0	192	0	0	0	0	0	0	0	192	0	0	0	0	0	0	0	0	0	0	0	0	0	0	0	0	0	
192	0	0	0	0	0	0	0	0	0	0	0	0	0	0	0	0	0	0	192	0	0	0	0	0	0	0	0	0	0	0	0	0	0	0	0	0	0	0	192	0	0	192	0	0	0	0	0	0	0	0	0	0	0	0	0	0	0	0	0	
0	0	0	0	0	192	0	0	192	0	0	0	0	0	0	0	0	0	0	0	0	0	0	0	0	0	0	0	0	0	192	192	0	0	0	0	0	0	0	0	0	0	0	0	0	0	0	0	0	0	0	0	0	0	0	0	0	0	0	0	
0	0	0	0	0	0	0	0	0	0	0	0	0	192	0	0	0	0	0	0	0	0	0	0	0	192	0	0	0	0	0	0	192	0	0	0	0	0	0	0	0	0	192	0	0	0	0	0	0	0	0	0	0	0	0	0	0	0	0	0	
0	0	0	0	0	0	0	0	0	0	0	0	0	192	0	0	0	0	0	0	0	0	0	0	0	0	0	0	0	0	0	0	0	0	0	0	0	0	0	0	192	0	0	192	0	0	192	0	0	0	0	0	0	0	0	0	0	0	0	0	
0	0	0	0	0	0	0	0	0	0	0	0	0	0	0	0	192	0	0	0	0	0	0	0	0	0	0	0	0	0	0	0	0	192	0	0	0	0	0	0	0	0	0	192	0	0	192	0	0	0	0	0	0	0	0	0	0	0	0	0	
0	0	0	192	0	0	0	0	0	192	0	0	0	0	0	0	0	0	0	0	0	0	0	0	0	0	192	0	0	0	0	0	192	0	0	0	0	0	0	0	0	0	0	0	0	0	0	0	0	0	0	0	0	0	0	0	0	0	0	0	
0	0	192	0	0	0	0	192	0	0	0	0	0	0	0	0	0	0	0	0	0	0	0	192	0	0	0	192	0	0	0	0	0	0	0	0	0	0	0	0	0	0	0	0	0	0	0	0	0	0	0	0	0	0	0	0	0	0	0	0	
0	0	0	0	0	0	0	0	0	0	192	0	0	0	192	0	0	0	0	0	192	0	0	0	0	0	0	0	0	0	0	0	0	0	0	0	0	0	192	0	0	0	0	0	0	0	0	0	0	0	0	0	0	0	0	0	0	0	0	0	
0	0	0	0	0	0	0	0	0	0	0	0	0	0	0	0	0	0	0	0	0	192	0	0	0	0	0	192	0	0	0	0	192	0	192	0	0	0	0	0	0	0	0	0	0	0	0	0	0	0	0	0	0	0	0	0	0	0	0	0	
0	0	0	0	0	0	0	0	0	0	0	0	0	0	0	0	0	0	0	192	0	0	0	0	0	0	0	0	0	0	0	0	0	0	192	0	0	0	0	0	0	0	192	192	0	0	0	0	0	0	0	0	0	0	0	0	0	0	0	0	
0	0	0	0	0	0	192	0	0	0	0	0	0	0	0	0	0	192	192	0	0	192	0	0	0	0	0	0	0	0	0	0	0	0	0	0	0	0	0	0	0	0	0	0	0	0	0	0	0	0	0	0	0	0	0	0	0	0	0	0	
36	48	22	6	6	0	39	7	10	10	32	39	34	18	48	41	26	54	46	4	8	15	44	15	56	37	39	14	59	22	40	50	39	46	0	1	32	20	59	2	23	58	56	8	22	40	2	58	9	57	16	35	54	3	29	23	9	18	7	23	43	16	55	32	14	2	42	40	14	8	1	18	45	44	0	25	35	43	14	57	49	33	22	55	1	40	39	3	26	41	10	3	37	18	36	3	30	5	41	5	8	10	47	17	2	6	38	49	13	2	51	12	23	56	4	28	21	16	24	9	34	56	16	18	52	15	57	14	26	23	19	6	49	57	41	53	37	10	27	30	8	6	34	45	50	19	3	36	57	26	51	18	10	27	49	56	59	23	23	39	17	14	44	39	17	55	41	37	24	4	28	32	14	31	59	24	44	38	37	8	53	29	6	39	53	24	27	12	25	49	22	18	38	18	41	56	23	34	24	58	34	0	37	31	27	30	54	8	51	35	2	35	6	53	50	30	5	47	51	21	25	33	8	21	37	33	11	40	29	26	14	44	9	29	2	44	2	10	36	41	4	13	34	46	49	13	8	40	40	38	58	22	41	13	32	11	10	42	51	40	36	58	37	9	29	39	35	19	8	55	46	52	49	0	28	52	45	49	27	27	54	43	36	14	13	42	19	13	9	41	51	14	5	17	46	30	4	30	59	43	51	34	20	46	25	37	53	21	47	47	45	20	13	26	29	27	57	16	31	5	19	12	52	32	15	31	50	56	9	4	17	26	56	55	29	40	55	49	39	15	15	35	50	10	50	55	49	26	36	42	57	56	38	5	55	24	55	38	51	51	41	1	45	22	46	27	23	25	35	5	47	14	54	41	2	14	26	40	18	5	16	32	40	46	0	8	10	24	9	52	7	23	53	8	46	48	10	47	15	25	12	16	8	47	35	0	3	28	52	17	41	25	50	47	46	26	24	28	33	8	50	12	43	34	4	41	4	17	10	11	1	6	21	1	58	55	16	0	40	20	53	11	27	42	47	28	14	14	51	15	57	25	49	6	27	53	14	19	42	11	33	7	32	30	50	39	48	54	1	56	20	48	55	2	38	54	33	34	46	10	3	41	24	53	4	17	5	5	28	35	22	17	41	9	48	34	4	39	1	13	23	34	14	29	24	24	39	45	6	43	59	50	31	20	36	50	21	10	58	37	34	19	35	32	11	17	44	42	38	46	44	45	48	25	23	14	0	39	24	58	3	13	16	48	2	27	51	24	25	11	52	51	36	14	32	41	40	19	10	35	28	44	3	32	0	24	41	35	44	4	6	10	24	32	9	40	9	15	1	32	4	26	57	22	57	59	35	41	59	42	42	2	31	40	17	42	50	35	15	5	57	35	10	16	44	34	1	6	14	1	35	23	30	21	7	25	34	27	8	5	22	16	58	39	52	16	13	17	24	37	21	10	30	55	18	0	34	17	58	1	23	14	5	8	1	44	5	39	24	42	40	0	36	12	16	26	58	52	30	11	59	28	52	8	40	58	31	21	55	29	24	42	52	45	26	37	27	47	37	11	5	35	5	1	35	41	50	25	12	23	58	37	56	45	27	54	18	48	29	12	6	53	48	34	0	18	0	40	7	22	3	50	40	38	24	40	8	47	11	51	40	30	11	53	35	23	35	18	21	57	59	40	24	54	15	33	0	34	15	12	40	25	20	4	20	15	34	11	47	39	3	33	14	33	37	15	33	41	24	27	32	45	27	4	12	53	32	43	38	52	41	22	33	14	26	3	58	37	47	0	32	23	6	36	59	8	12	41	36	54	14	25	11	16	45	34	22	6	27	43	32	23	32	58	18	56	0	55	58	53	7	24	53	52	58	5	13	59	5	45	16	18	10	41	45	13	45	41	14	57	48	11	43	9	28	46	54	31	5	38	23	33	17	57	29	20	7	5	39	15	8	44	43	23	27	0	38	49	35	4	11	17	14	25	20	30	8	40	48	3	36	21	32	1	0	32	1	8	38	42	53	20	16	20	8	41	9	33	26	31	44	45	29	37	35	43	50	13	10	43	3	6	52	7	26	15	49	55	29	43	21	41	26	5	42	31	9	6	37	33	34	23	20	28	10	25	12	37	4	58	55	5	7	20	27	35	56	47	5	25	17	5	53	45	14	11	18	58	58	47	59	31	7	59	56	51	24	27	48	29	27	40	14	26	35	24	31	7	43	38	5	59	14	40	14	12	25	44	50	27	6	43	43	45	12	22	55	18	14	8	0	56	36	20	33	49	40	23	56	50	26	43	48	37	8	14	40	31	4	14	55	0	19	18	49	48	18	44	41	24	1	48	24	34	55	10	46	6	48	22	31	40	49	12	28	43	0	14	14	53	27	43	21	52	57	0	50	20	42	2	49	57	41	39	45	28	29	9	19	52	18	1	2	48	43	47	19	49	58	9	9	51	13	4	55	12	50	57	53	51	53	26	41	18	48	34	8	54	7	22	17	15	23	21	11	1	44	9	2	57	7	3	33	51	45	51	34	26	46	34	28	11	51	13	56	24	29	12	46	32	31	30	53	23	51	3	23	29	33	3	49	48	43	24	13	53	27	23	6	1	26	44	22	31	7	31	12	18	26	28	38	34	35	14	2	55	0	8	30	35	2	41	21	22	41	20	2	29	56	29	15	11	32	56	45	36	24	11	1	10	19	31	11	18	22	17	48	8	58	49	9	28	13	26	21	59	36	57	0	0	40	40	10	59	44	14	26	13	4	16	2	21	59	38	49	43	30	39	44	25	19	9	11	1	25	21	10	25	32	32	13	13	31	34	30	45	16	25	15	40	31	2	37	4	49	35	6	24	41	51	43	0	1	17	47	32	9	39	41	31	43	17	32	6	34	15	38	57	53	25	11	55	58	44	58	54	2	6	54	57	17	2	58	11	54	49	18	37	54	37	18	34	10	49	28	39	30	23	50	12	41	20	8	34	25	0	53	42	27	12	57	4	32	41	25	3	48	50	35	29	14	0	44	7	22	44	35	17	4	29	26	41	26	23	59	24	48	24	1	25	52	30	49	46	56	4	22	17	7	44	47	22	42	22	14	48	37	5	10	57	27	43	1	3	17	13	57	37	44	31	24	49	15	32	55	47	30	56	10	20	50	18	23	48	42	47	10	13	45	18	9	39	5	15	35	18	59	41	4	50	53	45	55	24	8	59	5	42	9	27	19	48	36	16	3	46	33	33	11	2	52	19	35	56	29	24	34	29	20	19	33	18	43	41	57	11	35	33	12	56	16	19	14	8	5	22	33	10	26	22	24	28	30	31	34	0	20	34	5	17	40	33	11	32	39	29	7	20	26	15	41	14	37	58	0	25	36	24	25	19	30	36	5	49	43	38	27	22	37	51	33	41	52	27	35	29	33	16	43	40	46	5	46	48	32	29	18	36	30	49	11	59	18	21	24	45	48	41	36	15	38	6	21	11	12	6	48	22	49	52	40	2	19	28	52	47	8	36	0	4	5	12	27	3	18	0	11	39	7	44	17	50	46	54	5	9	49	13	44	59	47	13	7	2	22	51	0	38	10	47	0	8	50	21	4	1	43	15	54	1	37	31	27	2	34	37	17	3	45	1	23	15	49	
33	0	39	4	23	43	37	10	29	29	16	20	33	47	13	59	36	11	30	43	30	36	19	50	54	12	25	40	47	5	26	55	27	18	10	59	51	10	10	18	52	20	8	53	43	15	23	40	56	39	11	53	33	1	2	40	52	34	27	31	59	19	6	50	54	25	17	3	49	33	0	19	8	53	24	46	30	20	3	6	26	44	53	31	2	23	6	44	59	57	22	19	45	10	3	21	35	44	45	11	6	56	19	40	14	30	9	27	21	21	12	54	1	15	11	46	2	34	49	10	35	52	35	6	24	16	22	11	59	21	31	58	48	24	47	32	53	48	18	11	46	24	47	15	33	14	22	41	46	30	41	11	45	17	12	51	22	2	49	51	55	50	28	49	38	28	28	23	51	40	1	12	25	54	2	52	39	20	50	10	32	9	56	27	51	0	10	7	59	40	19	10	47	40	27	38	28	48	57	33	22	57	32	20	51	52	44	31	4	41	35	16	46	59	44	38	55	36	17	55	55	26	15	58	1	42	28	47	45	55	45	4	44	14	38	51	46	32	32	14	35	38	44	41	14	40	58	14	52	24	45	33	27	11	21	24	52	10	37	14	30	20	26	5	2	3	55	40	2	30	59	50	13	19	44	22	9	7	33	22	5	6	31	38	31	44	43	48	4	14	29	10	59	22	13	46	26	4	44	9	26	50	47	40	8	40	58	37	10	40	10	51	17	20	28	48	23	52	25	16	25	51	59	41	35	19	24	27	19	19	26	41	30	38	9	1	0	22	14	59	27	18	3	27	29	12	22	9	40	36	3	33	21	31	15	0	6	8	23	20	53	9	50	40	10	22	17	45	28	27	44	6	33	24	4	17	0	56	9	52	10	39	1	36	15	40	41	43	44	46	10	45	14	57	53	1	46	39	19	56	35	22	5	57	57	12	41	3	1	13	43	11	44	41	41	47	4	49	49	45	33	52	40	24	28	58	9	10	24	14	40	54	27	24	4	27	18	13	35	11	10	32	8	32	58	47	37	2	15	45	9	14	30	42	21	46	2	9	29	57	46	25	28	13	21	18	39	31	35	16	19	14	45	34	12	27	17	4	5	11	39	4	34	7	18	20	23	28	14	52	16	38	59	50	52	1	2	46	9	57	14	15	2	33	51	0	23	56	17	51	49	2	33	45	12	42	29	39	50	9	20	40	24	58	21	11	33	20	47	49	11	53	54	11	35	10	30	37	53	1	44	3	25	26	52	13	40	58	39	40	13	6	44	22	7	25	0	3	21	45	59	1	55	53	54	55	27	1	58	14	0	12	42	33	35	35	49	5	52	47	31	15	25	34	47	29	31	27	20	29	55	57	32	48	36	59	47	36	29	13	27	2	13	23	26	17	52	47	56	0	4	21	42	22	20	31	18	29	19	11	38	0	7	22	42	26	30	35	3	17	8	11	35	35	13	3	4	53	34	3	36	48	55	52	26	59	21	40	29	52	37	35	17	53	38	48	35	16	59	41	20	25	49	4	17	38	28	18	13	18	59	40	33	8	37	59	49	1	11	57	31	9	32	54	36	46	42	56	50	48	17	52	16	32	9	42	32	11	36	34	3	44	53	30	49	11	28	53	41	57	38	20	8	20	48	26	19	53	37	52	29	16	24	17	10	30	54	11	23	10	37	57	31	15	53	55	47	51	25	1	41	42	0	19	53	26	58	28	42	52	33	24	27	54	59	9	20	33	26	38	7	49	22	1	48	3	25	34	19	40	54	45	7	23	32	6	9	28	30	39	19	46	29	12	1	2	5	21	25	7	58	34	5	51	41	55	58	48	58	8	34	2	23	6	19	14	18	20	32	29	24	5	22	6	25	34	18	55	51	25	7	0	20	40	40	41	24	56	55	11	58	10	27	51	6	44	10	13	7	37	27	57	21	54	13	56	6	9	33	50	10	26	19	44	52	36	5	32	36	55	50	41	15	38	26	4	56	38	2	32	45	50	41	30	52	24	45	57	33	49	26	51	35	28	4	31	53	22	20	19	57	6	11	32	52	28	20	48	31	12	27	24	17	14	0	27	8	20	34	33	44	32	39	44	15	59	34	37	3	23	45	15	0	51	49	4	17	22	46	43	18	50	24	1	8	24	17	44	6	53	9	43	27	11	36	16	50	37	47	46	16	55	25	6	2	41	7	5	17	13	45	0	46	4	47	49	2	55	54	56	51	34	31	13	21	4	6	41	31	11	34	23	5	29	9	17	47	47	22	30	1	23	29	38	6	21	50	26	54	22	44	28	36	13	36	39	20	3	58	23	0	45	42	16	57	18	27	56	8	21	10	49	8	47	47	47	5	14	6	44	8	44	52	17	1	13	44	0	36	42	49	51	30	57	37	4	39	26	43	43	56	45	21	43	33	11	43	47	26	55	22	36	1	28	5	40	58	22	16	45	27	36	21	15	3	27	16	1	4	0	10	36	47	12	12	16	7	17	41	47	28	8	16	48	40	16	55	31	57	45	20	19	1	33	41	3	21	13	40	14	24	37	24	21	53	17	6	49	21	3	46	34	29	26	48	59	11	50	7	4	39	29	50	39	9	38	59	6	48	16	14	1	4	51	2	57	7	26	16	33	16	52	55	23	24	41	29	43	34	11	41	29	23	41	4	46	42	17	57	59	53	2	13	0	37	30	10	55	32	0	42	57	21	40	8	45	46	29	23	35	54	19	4	6	47	34	59	24	27	39	23	47	6	26	22	48	56	46	58	36	36	49	39	46	39	24	43	37	57	7	57	6	31	23	54	50	3	3	9	37	31	16	48	10	48	27	58	40	4	16	24	20	16	40	31	33	36	15	46	28	5	36	35	6	10	43	17	34	3	5	31	14	33	50	32	9	39	37	46	35	55	7	14	51	27	32	37	57	18	22	20	40	30	59	42	11	24	23	57	29	53	44	17	23	58	2	58	50	51	56	25	42	19	19	8	10	39	18	45	10	36	49	41	34	24	13	2	43	34	1	3	1	54	43	47	31	36	29	50	48	14	46	57	46	30	44	35	55	7	27	37	5	33	13	1	35	41	41	59	0	52	47	12	13	10	52	28	37	39	43	7	39	22	23	43	53	17	30	24	27	39	53	6	23	33	41	38	30	23	19	30	42	32	2	32	15	8	36	54	23	7	1	14	53	8	33	39	53	51	52	57	39	19	48	17	14	47	52	6	5	17	8	0	2	35	21	18	14	33	7	6	51	43	16	13	22	35	18	51	56	39	35	5	28	28	36	30	29	35	28	0	36	0	30	56	12	24	7	21	9	40	46	22	36	47	20	18	21	12	0	15	0	19	39	7	15	24	40	28	33	30	29	15	10	34	9	43	4	40	33	52	2	15	4	0	31	41	7	56	42	21	33	8	19	50	21	31	10	35	23	15	40	12	10	33	28	27	29	17	8	51	17	32	42	33	29	56	12	4	47	34	53	34	51	30	23	15	15	37	22	11	8	21	3	9	39	46	57	8	33	55	7	46	45	50	28	22	53	58	13	9	5	57	17	32	25	14	14	34	45	15	52	36	21	54	14	19	50	6	31	45	42	58	48	17	46	51	25	9	31	44	43	37	55	0	10	21	34	54	12	27	47	2	
13	6	6	11	20	16	7	16	3	12	15	5	3	6	19	8	18	4	8	16	20	10	14	19	10	6	7	15	6	12	20	7	19	10	2	10	4	8	13	11	17	20	12	16	20	10	14	19	5	4	12	15	13	2	1	19	1	10	8	6	11	9	19	19	18	7	3	13	1	13	1	11	1	5	9	9	1	7	1	15	20	9	14	20	14	20	9	17	7	2	12	11	18	3	18	6	9	3	13	19	15	16	15	8	11	5	13	20	20	19	3	5	12	3	3	5	6	7	11	11	16	17	19	17	4	1	13	9	18	17	2	18	20	2	7	15	5	8	13	20	5	17	5	14	6	14	16	2	16	15	2	10	8	18	5	3	4	1	4	12	18	13	2	15	2	1	1	9	2	15	3	12	1	10	14	9	15	10	10	8	11	2	7	10	13	14	2	12	13	14	7	7	10	9	10	13	6	5	6	4	6	15	6	15	13	15	9	5	14	12	8	5	14	16	14	10	5	12	9	4	1	11	14	8	6	14	7	10	8	12	15	12	6	10	7	1	8	8	2	2	13	6	10	7	2	13	11	14	14	4	5	8	10	13	6	3	15	10	1	11	7	7	5	8	11	2	8	10	7	11	5	11	4	13	16	5	7	8	15	3	7	6	15	11	5	1	3	3	15	9	12	6	2	5	14	13	8	11	7	15	15	5	7	14	12	14	13	3	5	11	7	11	13	1	7	14	16	15	4	5	12	3	16	1	12	16	6	13	4	15	2	5	11	15	2	10	9	6	5	9	16	12	4	2	16	6	1	12	14	1	1	9	7	9	14	5	14	7	5	5	15	8	12	16	10	1	12	8	10	12	15	14	11	7	4	13	6	2	7	7	15	7	3	7	1	12	6	11	4	5	3	7	8	5	10	14	13	1	14	7	13	15	11	6	16	11	7	11	5	6	2	11	11	3	5	3	16	16	1	4	9	2	6	5	10	4	4	10	4	6	2	3	16	2	5	12	15	8	7	16	13	1	12	12	11	1	1	9	4	2	6	12	3	16	3	12	12	10	3	13	8	6	2	6	2	14	7	15	12	5	15	3	8	15	10	11	9	6	16	3	3	7	13	10	16	10	16	8	13	8	7	1	5	4	5	11	2	14	3	12	10	10	3	9	3	15	12	7	2	6	4	13	1	12	15	5	14	16	4	7	1	4	11	10	15	13	7	4	8	6	1	8	3	16	5	14	15	2	16	1	4	9	13	16	1	10	7	15	7	1	7	13	1	3	14	15	2	14	3	4	1	1	15	16	16	9	16	9	6	1	9	12	8	13	7	3	6	12	7	13	14	1	2	13	1	4	3	16	1	15	12	1	1	1	5	13	14	5	5	3	3	10	14	2	15	16	4	7	6	3	7	4	1	8	2	4	16	8	12	9	9	12	16	3	11	8	8	2	15	13	4	9	4	11	6	4	3	7	2	14	7	7	5	14	3	3	15	11	4	2	7	5	8	10	10	7	11	8	13	8	11	16	1	16	3	4	8	2	3	11	9	13	10	16	8	8	6	14	10	14	5	14	7	1	7	15	4	4	1	9	14	10	3	1	15	11	9	7	11	13	3	5	7	12	11	4	3	8	4	16	3	5	4	15	9	5	5	12	5	1	8	14	16	3	15	3	8	1	16	14	7	15	7	16	2	8	4	7	7	12	4	7	2	13	2	11	3	8	16	12	7	7	4	8	12	9	9	2	2	14	6	4	3	16	11	10	16	8	15	12	15	12	5	12	11	2	10	13	14	11	10	11	2	8	6	9	13	5	2	10	3	14	4	10	2	4	8	14	3	2	11	3	12	13	16	4	10	4	1	16	2	1	16	16	10	15	8	3	15	5	15	10	12	7	16	16	1	13	7	4	4	13	14	15	10	4	6	11	14	9	8	15	4	15	8	16	10	14	8	1	6	11	14	5	5	16	9	12	7	7	14	8	2	9	10	3	6	7	14	1	5	6	7	10	5	3	7	11	7	4	15	11	16	3	14	7	6	5	16	13	8	12	10	2	4	5	12	12	9	16	11	5	1	16	9	8	5	16	2	1	6	8	9	6	10	7	16	7	9	5	7	10	10	10	16	9	16	7	16	3	7	14	13	10	8	11	12	7	2	11	11	7	5	14	12	2	11	16	1	1	7	12	3	2	1	11	9	4	3	16	10	14	8	5	8	5	16	3	15	13	8	6	4	9	14	3	2	15	5	7	7	5	15	16	13	11	15	15	15	12	15	14	16	5	8	14	9	7	6	7	3	9	10	3	3	8	10	1	1	3	4	13	6	9	14	14	14	7	12	14	5	3	2	5	9	8	3	16	7	4	5	9	8	2	16	14	10	6	1	10	5	2	6	8	9	4	12	9	10	12	11	9	9	7	9	3	6	9	5	7	12	16	10	11	7	13	1	3	15	13	2	7	11	1	1	12	16	1	4	2	11	11	5	10	14	9	1	10	5	13	6	10	12	10	13	13	4	2	10	7	7	8	4	14	5	11	8	11	1	11	3	3	7	9	3	2	4	7	9	14	3	13	12	9	8	8	13	10	10	10	7	1	8	14	13	5	7	11	3	11	4	3	7	4	1	15	13	9	11	10	10	3	14	9	1	11	2	13	8	5	9	16	10	8	14	7	11	9	1	1	14	9	6	14	12	1	4	10	6	3	6	3	15	16	7	8	3	15	5	13	9	5	7	10	8	12	3	1	10	15	7	6	16	15	15	14	3	4	5	9	16	8	6	3	9	7	16	1	2	6	12	10	9	2	13	9	6	15	2	6	12	9	2	15	9	2	10	8	9	16	14	12	11	13	1	13	6	8	15	11	4	8	1	4	1	13	6	9	9	5	15	4	6	7	4	8	13	9	15	6	15	11	8	9	10	3	3	4	4	1	16	13	10	9	10	15	14	12	2	11	7	14	4	6	3	5	8	6	5	13	1	8	5	3	6	13	10	15	11	13	8	11	9	15	7	6	8	10	5	7	11	8	1	10	3	2	3	16	5	1	13	9	6	12	12	10	15	11	6	14	3	12	15	13	14	13	2	16	3	5	6	6	6	12	14	8	4	6	10	8	2	13	14	2	1	15	5	2	1	14	10	13	13	13	3	14	10	13	10	8	7	16	13	15	9	8	3	1	7	12	2	13	4	4	13	1	15	5	7	4	7	7	4	1	11	10	12	13	1	14	3	13	10	12	1	15	10	2	4	9	4	6	16	9	11	6	14	16	12	9	7	1	10	3	3	6	2	15	7	13	4	8	2	1	2	12	11	10	3	5	1	13	3	15	4	6	4	4	4	1	3	16	7	4	16	8	8	12	11	15	15	2	1	14	14	16	15	12	11	11	2	12	15	11	8	11	4	15	11	13	5	7	7	8	13	7	7	13	3	12	15	13	3	12	3	9	10	16	4	15	8	2	12	4	6	4	10	13	5	12	1	14	16	15	11	4	13	13	8	7	5	15	6	13	5	10	16	7	16	15	13	13	7	6	3	13	7	2	12	13	4	11	5	6	10	2	3	15	1	10	4	14	16	4	5	6	5	8	4	8	7	5	8	8	7	6	14	11	2	1	7	2	8	2	3	16	9	8	3	3	16	16	15	
600	320	170	880	140	170	330	850	640	270	720	800	930	510	570	750	260	780	160	180	690	210	890	190	860	230	680	150	610	250	790	370	110	750	200	130	540	150	840	820	660	120	470	760	290	690	330	480	650	940	570	100	210	900	270	260	480	580	920	200	520	130	260	430	580	280	320	420	140	450	100	630	850	550	420	550	920	870	720	610	470	480	420	450	110	470	510	760	930	710	810	380	550	950	800	890	940	570	880	120	730	310	880	260	430	390	450	800	950	690	760	580	450	320	280	700	800	330	530	890	820	820	980	530	730	630	690	360	330	600	290	150	600	560	520	810	150	890	1000	480	840	690	250	440	980	620	460	970	380	800	100	540	200	330	470	110	440	610	210	420	650	440	870	760	880	520	740	660	610	540	420	250	930	830	820	700	270	520	730	220	780	780	400	290	650	730	550	760	610	400	510	480	840	330	600	540	210	230	880	960	720	850	140	570	770	990	1000	520	590	250	730	960	570	840	310	320	310	450	390	410	250	190	660	300	390	440	600	820	960	460	880	220	380	720	880	140	130	830	1000	990	590	200	500	280	200	950	340	890	810	180	830	520	280	380	770	400	970	430	950	230	460	660	530	550	520	200	660	980	270	720	150	330	110	160	890	240	980	750	650	1000	860	600	120	720	520	690	160	410	790	950	300	480	680	790	370	620	680	150	360	230	950	980	100	880	450	800	400	580	290	300	760	770	350	250	690	600	780	220	710	200	150	990	770	850	710	340	170	560	590	940	820	770	320	990	570	380	190	570	830	660	650	440	670	690	660	520	360	430	1000	790	200	830	930	850	190	340	780	730	360	460	340	140	600	590	700	910	310	300	390	640	100	890	700	150	390	250	920	670	750	430	120	580	720	750	560	450	540	460	970	220	330	790	790	640	180	640	300	380	450	710	150	490	960	390	800	560	580	280	140	340	580	470	330	120	870	630	740	240	760	630	520	350	970	330	120	240	930	780	190	880	510	680	550	150	860	800	450	420	120	570	250	920	710	440	200	280	180	750	570	960	760	820	780	840	330	610	950	970	990	550	160	820	890	710	160	990	500	610	430	140	580	690	540	770	730	610	200	290	640	820	920	680	650	840	860	270	320	630	540	860	240	760	900	870	900	850	670	790	100	620	850	650	540	380	900	390	220	150	830	580	240	140	250	840	690	290	260	590	850	490	870	810	330	760	380	130	730	850	530	790	150	620	490	720	210	850	350	330	430	400	470	160	910	490	500	810	440	970	130	300	290	990	760	570	370	190	230	900	900	950	890	160	880	120	540	750	970	630	310	610	660	430	200	820	420	440	370	850	420	460	970	570	950	610	520	250	780	740	600	460	440	710	670	160	560	840	140	730	930	550	630	280	510	210	560	350	730	540	1000	960	690	370	270	910	490	990	800	320	800	950	740	190	700	240	840	700	990	440	470	280	310	870	640	770	250	140	400	220	790	170	840	560	810	890	950	450	850	670	900	840	680	160	240	170	650	470	830	370	840	950	320	210	260	950	390	870	930	390	750	700	220	780	830	820	430	440	460	990	230	140	860	740	510	240	560	150	130	170	350	960	180	340	680	810	310	230	180	750	190	500	670	810	950	700	830	900	460	220	540	190	190	900	970	430	440	620	830	270	880	510	450	420	100	870	650	880	910	950	880	800	930	380	500	860	240	990	180	850	700	990	680	230	220	630	460	820	140	510	460	660	440	780	650	740	980	870	870	870	960	660	650	1000	330	690	930	190	610	690	270	650	480	670	730	800	230	810	340	850	750	490	240	800	290	790	230	540	340	1000	290	240	580	990	220	390	550	360	980	890	250	470	640	100	490	310	260	920	530	410	950	880	140	200	910	370	490	990	820	390	200	310	880	480	890	610	520	840	800	490	210	280	190	890	230	870	150	230	130	910	760	410	890	460	620	440	540	950	240	610	840	980	400	980	400	510	160	910	310	170	370	720	460	300	660	110	710	380	610	330	550	730	790	520	990	140	770	740	610	550	180	690	820	270	800	650	790	820	810	640	570	790	160	360	760	650	210	880	130	570	270	170	320	400	580	780	280	510	110	640	650	480	660	920	700	100	110	160	420	210	780	690	480	310	820	180	750	300	100	510	690	690	550	340	830	660	710	480	100	570	320	330	940	500	310	460	340	940	430	420	830	940	120	810	480	120	380	230	580	420	820	340	120	560	160	260	790	990	370	490	200	100	700	190	630	930	360	980	310	860	1000	440	890	330	500	660	550	810	370	600	210	620	860	420	410	770	640	380	110	260	700	610	940	590	610	310	800	530	140	490	300	420	650	910	580	850	880	350	960	360	470	600	580	1000	800	320	350	960	570	670	820	660	580	410	900	810	310	680	180	470	110	990	280	440	390	490	440	500	580	540	390	720	690	110	310	750	260	880	140	160	430	820	950	470	970	760	820	500	740	130	210	400	870	710	990	760	310	500	230	740	780	660	560	890	400	500	560	430	170	600	370	450	780	560	150	110	120	470	570	760	400	780	960	950	560	260	870	520	120	370	220	980	930	510	760	710	780	880	220	390	340	920	760	740	830	200	280	710	350	480	790	100	1000	510	620	170	870	680	540	410	1000	490	850	520	830	640	130	790	940	870	730	400	440	450	820	150	950	370	380	440	250	780	210	310	410	750	620	750	670	380	440	500	800	330	610	250	530	470	260	760	110	970	900	780	190	610	420	350	940	120	870	820	570	460	110	930	690	350	980	530	180	940	220	750	540	550	390	290	730	110	420	900	550	570	560	500	400	790	480	190	490	850	210	570	800	290	220	380	280	240	940	720	400	460	400	340	310	700	390	370	570	610	480	290	860	420	430	360	620	680	310	540	700	560	850	950	690	450	390	950	230	670	620	740	960	960	990	590	910	970	490	760	330	940	190	940	540	530	740	700	700	920	870	790	410	300	860	450	1000	100	120	890	100	920	690	420	590	340	210	480	840	850	450	400	240	710	870	290	890	900	470	570	360	520	430	760	920	560	720	250	460	860	610	770	940	330	550	780	740	390	150	320	580	290	640	640	130	180	930	350	290	440	250	680	850	470	800	780	640	430	840	260	240	680	170	870	640	430	700	160	530	130	370	940	750	920	510	660	100	100	370	830	100	850	930	800	570	510	690	600	630	760	510	490	470	330	510	890	250	600	210	680	270	230	450	270	950	710	110	630	600	550	490	200	390	300	480	620	740	190	670	500	760	590	860	610	910	950	430	240	370	350	370	120	320	780	520	320	550	610	400	490	470	840	800	690	480	180	980	110	830	750	280	500	680	110	140	590	330	140	100	970	310	110	510	410	790	330	380	660	230	970	610	530	390	630	970	450	840	790	540	840	170	410	320	860	630	450	300	350	680	280	340	740	480	330	630	530	310	870	1000	170	310	700	170	290	100	580	580	170	270	970	690	100	350	780	970	250	370	550	120	800	710	810	820	530	900	280	760	820	1000	180	760	720	880	550	720	790	550	650	620	310	870	460	540	320	560	790	530	150	540	540	540	630	640	590	420	660	880	310	520	260	660	820	140	670	730	560	180	220	710	920	460	340	290	210	500	830	260	830	270	720	860	760	450	640	720	740	110	470	750	900	660	160	250	310	670	480	890	900	410	760	480	110	160	
100
