1593
60
2
90
0	48	0	48	0	48	48	0	0	0	48	48	0	0	0	0	0	0	0	0	0	0	0	0	48	0	0	0	0	0	0	48	0	0	0	0	0	0	0	0	0	0	0	0	0	0	0	0	0	48	0	0	0	0	0	0	0	0	0	0	
48	0	0	0	0	0	0	0	0	0	0	0	0	0	0	0	0	0	0	0	48	0	0	0	0	0	0	0	48	0	0	0	0	0	0	0	0	0	0	0	0	0	0	0	0	0	0	0	0	0	0	0	0	0	0	0	0	0	0	0	
0	0	0	0	0	0	0	48	0	0	0	0	48	0	0	0	0	0	0	0	0	0	0	0	0	0	0	0	0	0	0	0	0	0	0	0	0	0	0	0	0	0	0	0	0	0	0	0	0	0	0	0	0	0	0	0	0	0	0	0	
48	0	0	0	0	0	0	0	0	0	0	0	0	0	0	0	0	0	0	0	0	0	0	0	0	0	48	0	0	0	0	0	0	0	0	0	0	0	0	0	0	0	0	0	0	0	0	0	0	0	0	0	0	0	48	0	0	0	0	0	
0	0	0	0	0	0	0	0	0	48	0	0	0	0	0	0	0	0	0	0	0	0	0	0	0	0	48	0	0	0	0	0	0	0	0	0	0	0	0	0	0	0	0	0	0	0	0	0	0	0	0	0	0	0	0	0	0	0	0	0	
48	0	0	0	0	0	0	0	48	0	0	0	0	0	0	0	0	0	0	0	0	0	0	0	0	0	0	0	0	0	48	0	0	0	0	0	0	0	0	0	0	0	0	0	0	0	0	0	0	0	0	0	0	0	0	0	0	0	0	0	
48	0	0	0	0	0	0	0	0	0	0	0	0	0	0	0	0	48	0	0	0	0	0	0	0	0	0	0	0	0	0	0	0	0	0	0	0	0	0	0	0	48	0	0	0	0	0	0	0	0	0	0	0	0	0	0	0	0	0	0	
0	0	48	0	0	0	0	0	0	0	0	0	0	0	0	0	0	0	0	0	0	0	0	0	0	0	0	0	0	0	0	0	0	0	0	0	0	0	0	0	0	0	0	0	0	0	0	0	0	0	0	0	0	0	0	48	0	0	0	0	
0	0	0	0	0	48	0	0	0	0	0	0	0	0	0	0	0	0	0	0	0	0	0	0	0	0	0	0	0	0	48	0	0	0	0	0	0	0	0	0	0	0	0	0	0	0	0	0	0	0	0	0	0	0	0	0	0	0	0	0	
0	0	0	0	48	0	0	0	0	0	0	0	0	0	0	0	0	0	0	0	0	0	0	0	0	0	0	0	0	48	0	0	0	0	0	0	0	0	0	0	0	0	0	0	0	0	0	0	0	0	0	0	0	0	0	0	0	0	0	0	
48	0	0	0	0	0	0	0	0	0	0	0	0	0	0	0	0	0	0	0	0	0	0	0	0	0	0	0	0	0	0	0	0	0	0	0	0	0	48	48	0	0	0	0	0	0	0	0	0	0	0	0	0	0	0	0	0	0	0	0	
48	0	0	0	0	0	0	0	0	0	0	0	0	0	0	48	0	0	0	0	0	0	0	0	0	0	0	0	0	0	0	0	0	0	0	48	0	0	0	0	0	0	0	0	0	0	0	0	0	0	0	0	0	0	0	0	0	0	0	0	
0	0	48	0	0	0	0	0	0	0	0	0	0	0	0	0	0	0	0	0	0	0	48	0	0	0	0	0	0	0	0	0	0	0	0	0	0	0	0	0	0	0	0	0	0	0	0	0	0	0	0	0	0	0	0	0	0	0	0	0	
0	0	0	0	0	0	0	0	0	0	0	0	0	0	0	0	0	0	0	0	0	0	0	0	0	48	0	0	0	48	0	0	0	0	0	0	0	0	0	0	0	0	0	0	0	0	0	0	0	0	0	0	0	0	0	0	0	0	0	0	
0	0	0	0	0	0	0	0	0	0	0	0	0	0	0	0	0	0	0	0	48	0	0	0	0	0	0	0	0	0	0	0	0	0	0	0	0	0	0	0	0	0	0	0	0	0	0	0	0	0	0	0	0	0	0	0	48	0	0	0	
0	0	0	0	0	0	0	0	0	0	0	48	0	0	0	0	0	0	0	0	0	0	0	0	0	0	0	0	0	0	0	0	0	0	0	48	0	0	0	0	0	0	0	0	0	0	0	0	0	0	0	0	0	0	0	0	0	0	0	0	
0	0	0	0	0	0	0	0	0	0	0	0	0	0	0	0	0	0	0	0	0	0	48	0	0	0	0	0	0	0	0	0	0	0	0	0	0	0	0	0	0	0	0	0	0	0	0	0	0	0	0	0	0	48	0	0	0	0	0	0	
0	0	0	0	0	0	48	0	0	0	0	0	0	0	0	0	0	0	0	0	0	0	0	0	0	0	0	0	0	0	0	0	0	0	0	0	0	0	0	0	0	48	0	0	0	0	0	0	0	0	0	0	0	0	0	0	0	0	0	0	
0	0	0	0	0	0	0	0	0	0	0	0	0	0	0	0	0	0	0	0	0	0	0	0	0	0	0	48	0	0	0	0	0	0	0	0	0	0	0	0	0	0	0	0	0	0	0	0	0	0	0	0	0	0	0	0	0	0	0	48	
0	0	0	0	0	0	0	0	0	0	0	0	0	0	0	0	0	0	0	0	0	0	0	0	0	0	0	0	0	0	0	0	0	0	0	0	0	0	0	0	0	0	0	0	0	0	0	0	0	48	0	0	0	0	0	0	0	0	48	0	
0	48	0	0	0	0	0	0	0	0	0	0	0	0	48	0	0	0	0	0	0	0	0	0	0	0	0	0	0	0	0	0	0	0	0	0	0	0	0	0	0	0	0	0	0	0	0	0	0	0	0	0	0	0	0	0	0	0	0	0	
0	0	0	0	0	0	0	0	0	0	0	0	0	0	0	0	0	0	0	0	0	0	0	0	0	0	0	0	0	0	0	0	48	0	0	0	0	0	0	0	0	0	0	0	0	0	0	0	0	0	0	0	0	0	0	0	0	48	0	0	
0	0	0	0	0	0	0	0	0	0	0	0	48	0	0	0	48	0	0	0	0	0	0	0	0	0	0	0	0	0	0	0	0	0	0	0	0	0	0	0	0	0	0	0	0	0	0	0	0	0	0	0	0	0	0	0	0	0	0	0	
0	0	0	0	0	0	0	0	0	0	0	0	0	0	0	0	0	0	0	0	0	0	0	0	0	0	0	0	0	0	0	0	0	0	0	0	0	0	0	0	0	0	0	48	0	0	0	0	0	0	0	0	0	0	0	48	0	0	0	0	
48	0	0	0	0	0	0	0	0	0	0	0	0	0	0	0	0	0	0	0	0	0	0	0	0	0	0	0	0	0	0	0	0	0	0	0	0	0	0	0	0	0	0	0	0	48	0	0	0	0	0	0	0	0	0	0	0	0	0	0	
0	0	0	0	0	0	0	0	0	0	0	0	0	48	0	0	0	0	0	0	0	0	0	0	0	0	0	0	0	0	0	0	0	0	0	0	0	0	0	0	0	0	0	0	0	0	0	0	0	0	0	48	0	0	0	0	0	0	0	0	
0	0	0	48	48	0	0	0	0	0	0	0	0	0	0	0	0	0	0	0	0	0	0	0	0	0	0	0	0	0	0	0	0	0	0	0	0	0	0	0	0	0	0	0	0	0	0	0	0	0	0	0	0	0	0	0	0	0	0	0	
0	0	0	0	0	0	0	0	0	0	0	0	0	0	0	0	0	0	48	0	0	0	0	0	0	0	0	0	0	0	0	0	0	0	0	0	0	0	0	0	0	0	0	0	0	0	0	0	0	0	0	0	0	0	0	0	0	48	0	0	
0	48	0	0	0	0	0	0	0	0	0	0	0	0	0	0	0	0	0	0	0	0	0	0	0	0	0	0	0	0	0	0	0	0	0	0	0	0	0	0	0	0	0	0	48	0	0	0	0	0	0	0	0	0	0	0	0	0	0	0	
0	0	0	0	0	0	0	0	0	48	0	0	0	48	0	0	0	0	0	0	0	0	0	0	0	0	0	0	0	0	0	0	0	0	0	0	0	0	0	0	0	0	0	0	0	0	0	0	0	0	0	0	0	0	0	0	0	0	0	0	
0	0	0	0	0	48	0	0	48	0	0	0	0	0	0	0	0	0	0	0	0	0	0	0	0	0	0	0	0	0	0	0	0	0	0	0	0	0	0	0	0	0	0	0	0	0	0	0	0	0	0	0	0	0	0	0	0	0	0	0	
48	0	0	0	0	0	0	0	0	0	0	0	0	0	0	0	0	0	0	0	0	0	0	0	0	0	0	0	0	0	0	0	0	0	0	0	48	0	0	0	0	0	0	0	0	0	0	0	0	0	48	0	0	0	0	0	0	0	0	0	
0	0	0	0	0	0	0	0	0	0	0	0	0	0	0	0	0	0	0	0	0	48	0	0	0	0	0	0	0	0	0	0	0	0	0	0	0	0	0	0	0	0	0	0	0	0	0	48	0	0	0	0	0	0	0	0	0	0	0	0	
0	0	0	0	0	0	0	0	0	0	0	0	0	0	0	0	0	0	0	0	0	0	0	0	0	0	0	0	0	0	0	0	0	0	0	0	0	48	0	0	0	0	0	0	0	0	0	0	0	0	0	0	0	48	0	0	0	0	0	0	
0	0	0	0	0	0	0	0	0	0	0	0	0	0	0	0	0	0	0	0	0	0	0	0	0	0	0	0	0	0	0	0	0	0	0	0	0	0	0	0	0	0	0	0	0	0	0	0	48	0	0	0	0	0	0	0	0	0	48	0	
0	0	0	0	0	0	0	0	0	0	0	48	0	0	0	48	0	0	0	0	0	0	0	0	0	0	0	0	0	0	0	0	0	0	0	0	0	0	0	0	0	0	0	0	0	0	0	0	0	0	0	0	0	0	0	0	0	0	0	0	
0	0	0	0	0	0	0	0	0	0	0	0	0	0	0	0	0	0	0	0	0	0	0	0	0	0	0	0	0	0	0	48	0	0	0	0	0	0	0	0	0	0	0	0	0	0	0	0	0	0	48	0	0	0	0	0	0	0	0	0	
0	0	0	0	0	0	0	0	0	0	0	0	0	0	0	0	0	0	0	0	0	0	0	0	0	0	0	0	0	0	0	0	0	48	0	0	0	0	0	0	0	0	0	0	0	0	48	0	0	0	0	0	0	0	0	0	0	0	0	0	
0	0	0	0	0	0	0	0	0	0	48	0	0	0	0	0	0	0	0	0	0	0	0	0	0	0	0	0	0	0	0	0	0	0	0	0	0	0	0	48	0	0	0	0	0	0	0	0	0	0	0	0	0	0	0	0	0	0	0	0	
0	0	0	0	0	0	0	0	0	0	48	0	0	0	0	0	0	0	0	0	0	0	0	0	0	0	0	0	0	0	0	0	0	0	0	0	0	0	48	0	0	0	0	0	0	0	0	0	0	0	0	0	0	0	0	0	0	0	0	0	
0	0	0	0	0	0	0	0	0	0	0	0	0	0	0	0	0	0	0	0	0	0	0	0	0	0	0	0	0	0	0	0	0	0	0	0	0	0	0	0	0	0	0	0	0	0	0	0	0	0	0	0	48	0	0	0	0	0	0	48	
0	0	0	0	0	0	48	0	0	0	0	0	0	0	0	0	0	48	0	0	0	0	0	0	0	0	0	0	0	0	0	0	0	0	0	0	0	0	0	0	0	0	0	0	0	0	0	0	0	0	0	0	0	0	0	0	0	0	0	0	
0	0	0	0	0	0	0	0	0	0	0	0	0	0	0	0	0	0	0	0	0	0	0	0	0	0	0	0	0	0	0	0	0	0	0	0	0	0	0	0	0	0	0	0	48	0	0	0	0	0	0	0	0	0	0	0	48	0	0	0	
0	0	0	0	0	0	0	0	0	0	0	0	0	0	0	0	0	0	0	0	0	0	0	48	0	0	0	0	0	0	0	0	0	0	0	0	0	0	0	0	0	0	0	0	0	0	0	0	48	0	0	0	0	0	0	0	0	0	0	0	
0	0	0	0	0	0	0	0	0	0	0	0	0	0	0	0	0	0	0	0	0	0	0	0	0	0	0	0	48	0	0	0	0	0	0	0	0	0	0	0	0	0	48	0	0	0	0	0	0	0	0	0	0	0	0	0	0	0	0	0	
0	0	0	0	0	0	0	0	0	0	0	0	0	0	0	0	0	0	0	0	0	0	0	0	48	0	0	0	0	0	0	0	0	0	0	0	0	0	0	0	0	0	0	0	0	0	48	0	0	0	0	0	0	0	0	0	0	0	0	0	
0	0	0	0	0	0	0	0	0	0	0	0	0	0	0	0	0	0	0	0	0	0	0	0	0	0	0	0	0	0	0	0	0	0	0	0	0	48	0	0	0	0	0	0	0	48	0	0	0	0	0	0	0	0	0	0	0	0	0	0	
0	0	0	0	0	0	0	0	0	0	0	0	0	0	0	0	0	0	0	0	0	0	0	0	0	0	0	0	0	0	0	0	48	0	0	0	0	0	0	0	0	0	0	0	0	0	0	0	0	0	0	48	0	0	0	0	0	0	0	0	
0	0	0	0	0	0	0	0	0	0	0	0	0	0	0	0	0	0	0	0	0	0	0	0	0	0	0	0	0	0	0	0	0	0	48	0	0	0	0	0	0	0	0	48	0	0	0	0	0	0	0	0	0	0	0	0	0	0	0	0	
48	0	0	0	0	0	0	0	0	0	0	0	0	0	0	0	0	0	0	48	0	0	0	0	0	0	0	0	0	0	0	0	0	0	0	0	0	0	0	0	0	0	0	0	0	0	0	0	0	0	0	0	0	0	0	0	0	0	0	0	
0	0	0	0	0	0	0	0	0	0	0	0	0	0	0	0	0	0	0	0	0	0	0	0	0	0	0	0	0	0	0	48	0	0	0	0	48	0	0	0	0	0	0	0	0	0	0	0	0	0	0	0	0	0	0	0	0	0	0	0	
0	0	0	0	0	0	0	0	0	0	0	0	0	0	0	0	0	0	0	0	0	0	0	0	0	48	0	0	0	0	0	0	0	0	0	0	0	0	0	0	0	0	0	0	0	0	0	48	0	0	0	0	0	0	0	0	0	0	0	0	
0	0	0	0	0	0	0	0	0	0	0	0	0	0	0	0	0	0	0	0	0	0	0	0	0	0	0	0	0	0	0	0	0	0	0	0	0	0	0	0	48	0	0	0	0	0	0	0	0	0	0	0	0	0	48	0	0	0	0	0	
0	0	0	0	0	0	0	0	0	0	0	0	0	0	0	0	48	0	0	0	0	0	0	0	0	0	0	0	0	0	0	0	0	48	0	0	0	0	0	0	0	0	0	0	0	0	0	0	0	0	0	0	0	0	0	0	0	0	0	0	
0	0	0	48	0	0	0	0	0	0	0	0	0	0	0	0	0	0	0	0	0	0	0	0	0	0	0	0	0	0	0	0	0	0	0	0	0	0	0	0	0	0	0	0	0	0	0	0	0	0	0	0	48	0	0	0	0	0	0	0	
0	0	0	0	0	0	0	48	0	0	0	0	0	0	0	0	0	0	0	0	0	0	0	48	0	0	0	0	0	0	0	0	0	0	0	0	0	0	0	0	0	0	0	0	0	0	0	0	0	0	0	0	0	0	0	0	0	0	0	0	
0	0	0	0	0	0	0	0	0	0	0	0	0	0	48	0	0	0	0	0	0	0	0	0	0	0	0	0	0	0	0	0	0	0	0	0	0	0	0	0	0	0	48	0	0	0	0	0	0	0	0	0	0	0	0	0	0	0	0	0	
0	0	0	0	0	0	0	0	0	0	0	0	0	0	0	0	0	0	0	0	0	48	0	0	0	0	0	48	0	0	0	0	0	0	0	0	0	0	0	0	0	0	0	0	0	0	0	0	0	0	0	0	0	0	0	0	0	0	0	0	
0	0	0	0	0	0	0	0	0	0	0	0	0	0	0	0	0	0	0	48	0	0	0	0	0	0	0	0	0	0	0	0	0	0	48	0	0	0	0	0	0	0	0	0	0	0	0	0	0	0	0	0	0	0	0	0	0	0	0	0	
0	0	0	0	0	0	0	0	0	0	0	0	0	0	0	0	0	0	48	0	0	0	0	0	0	0	0	0	0	0	0	0	0	0	0	0	0	0	0	0	48	0	0	0	0	0	0	0	0	0	0	0	0	0	0	0	0	0	0	0	
29	28	36	49	20	11	9	1	46	32	59	43	25	48	23	50	15	4	58	16	44	28	53	4	14	46	14	5	21	35	45	8	38	58	0	35	26	7	6	14	23	20	33	11	36	34	28	58	29	41	26	52	39	25	2	35	54	53	31	58	19	32	24	8	16	12	32	1	38	37	7	1	12	5	36	59	4	50	59	41	18	12	31	50	47	6	18	17	7	14	13	47	18	38	57	3	8	48	43	1	3	15	36	30	56	22	25	45	15	47	4	41	46	56	0	11	14	12	52	7	49	51	1	13	53	34	53	57	30	20	3	41	32	11	51	22	10	50	28	33	33	26	2	50	6	15	50	40	49	24	51	7	47	25	17	57	4	19	37	22	30	15	8	48	35	50	4	47	45	1	25	21	0	13	21	11	39	43	47	13	48	12	14	12	52	5	2	42	8	8	20	7	47	48	52	41	52	43	35	50	41	53	56	3	38	34	41	58	17	45	8	47	56	16	38	45	58	47	28	55	38	50	38	23	58	27	12	29	32	18	19	2	55	27	40	29	20	3	20	14	49	11	13	18	57	32	51	13	35	35	43	37	43	15	50	48	28	8	27	25	45	56	40	13	29	25	8	45	5	58	55	57	30	56	52	8	14	51	43	20	8	16	40	30	46	11	25	55	40	21	26	6	20	21	22	13	15	56	59	49	3	0	12	11	23	43	57	11	53	27	22	35	40	20	55	30	12	36	18	51	35	54	37	37	12	1	35	21	2	25	50	46	43	41	16	41	17	4	45	16	58	36	49	48	23	14	56	59	51	13	36	5	39	28	25	41	37	16	21	33	37	14	18	24	10	51	20	51	14	28	14	2	30	12	49	49	23	42	34	22	7	40	28	31	17	1	32	58	19	36	15	42	39	22	34	3	34	12	37	19	43	4	40	11	25	11	58	16	11	22	33	56	30	13	20	27	41	12	55	9	20	10	57	38	1	57	10	20	19	32	21	16	41	11	53	12	35	18	52	25	58	54	34	0	5	42	38	13	44	41	20	44	27	58	47	35	32	0	33	41	41	56	2	23	13	7	8	28	1	11	32	30	22	56	37	52	53	22	21	23	19	57	9	42	28	23	39	33	11	7	15	5	1	41	44	30	27	21	24	36	25	34	58	12	49	12	29	20	13	17	38	38	57	9	20	0	37	59	21	31	24	1	28	16	26	41	27	56	38	30	53	25	49	22	37	31	25	7	59	15	26	59	14	35	36	41	41	22	19	7	56	25	41	30	13	6	31	51	19	26	32	14	40	45	14	14	18	27	51	17	15	46	5	46	26	30	34	20	8	42	45	23	33	1	24	33	31	54	40	25	29	26	37	10	0	16	36	6	46	0	20	40	38	40	18	45	33	16	27	57	53	8	33	21	56	48	2	45	39	57	9	32	41	5	24	44	21	4	34	59	20	22	15	33	32	56	47	24	41	48	58	6	53	54	43	58	18	4	11	15	51	39	6	15	22	0	3	48	55	49	33	51	49	37	2	37	59	57	49	2	47	51	29	15	33	26	14	16	50	28	12	57	57	29	9	26	26	24	33	0	44	56	34	14	18	35	12	15	1	24	34	14	56	14	2	41	3	51	48	1	43	45	36	52	30	9	56	22	25	51	56	23	9	52	6	31	10	9	25	54	45	49	49	33	3	14	16	5	13	44	4	31	57	0	19	14	47	29	22	36	57	2	23	46	44	33	18	34	54	15	52	46	52	44	25	52	6	36	25	40	27	21	37	23	6	37	53	6	38	29	19	44	3	52	43	36	57	59	27	37	35	11	8	20	56	30	4	19	1	17	47	7	16	44	53	32	39	26	40	39	29	58	55	51	30	19	26	53	31	45	15	47	50	44	1	28	9	44	4	43	5	32	28	8	25	52	3	59	47	48	38	25	13	19	21	54	8	36	28	57	33	51	23	59	9	22	34	59	1	54	13	51	56	16	22	58	7	9	23	35	4	46	39	25	4	0	55	58	15	53	56	8	50	22	33	20	22	22	22	31	5	4	52	0	15	30	23	33	8	0	28	52	4	42	31	0	46	33	5	7	12	35	23	42	29	42	59	9	24	22	49	4	4	54	59	6	30	59	18	48	58	23	58	7	51	2	53	44	57	52	10	0	31	21	52	52	40	26	21	14	15	37	38	22	28	42	50	50	53	47	3	48	50	14	37	41	52	50	2	44	52	44	39	42	21	30	49	17	59	25	13	41	8	36	58	59	49	55	56	15	2	38	33	26	16	52	47	33	45	47	41	57	23	35	14	18	12	49	37	55	27	50	3	32	5	15	25	16	30	14	23	10	30	23	56	29	16	13	26	6	17	4	42	27	31	7	34	49	3	19	17	27	57	21	20	11	46	47	31	17	38	0	6	58	29	41	22	41	16	29	2	28	27	50	45	40	26	58	25	28	7	42	6	35	30	49	17	2	46	7	8	6	3	59	36	23	46	54	8	53	17	15	10	49	6	3	11	42	2	42	45	3	23	3	19	26	33	45	21	10	0	46	18	18	6	31	44	25	45	39	11	13	21	48	44	13	19	44	20	11	44	6	32	37	53	10	31	40	5	43	32	34	24	11	7	34	26	36	31	51	20	42	34	52	35	43	33	2	53	18	59	54	31	44	27	32	41	39	47	35	42	35	35	43	11	18	37	45	38	27	41	37	55	13	25	22	28	36	42	52	18	44	45	49	11	53	7	39	45	58	3	26	16	14	38	25	42	56	13	45	55	11	21	36	55	59	45	39	10	41	31	36	26	54	52	28	12	56	4	39	42	28	14	41	26	43	23	33	50	3	13	20	3	12	17	3	42	30	20	13	10	20	37	36	8	41	2	13	18	14	50	28	3	6	44	48	16	56	9	13	3	18	14	48	10	21	36	32	53	19	12	20	38	43	28	42	59	42	29	21	57	18	35	28	48	56	43	53	46	54	41	11	31	36	7	16	15	46	32	3	43	7	57	36	23	6	56	2	4	7	17	42	23	29	10	30	7	46	24	30	42	4	17	55	48	51	10	14	36	4	59	25	39	49	50	33	0	16	0	15	31	12	36	0	43	9	29	14	16	20	48	4	36	59	47	46	12	55	43	10	30	40	10	5	57	55	15	52	10	28	31	57	25	7	8	22	48	41	16	8	18	26	22	41	35	9	17	21	57	22	48	51	32	41	33	52	59	11	25	16	16	54	47	21	39	1	12	7	34	55	28	40	16	8	43	5	24	37	47	44	20	9	39	55	38	57	31	11	51	36	55	19	2	33	25	46	51	34	30	42	33	5	9	23	36	41	34	21	10	35	38	30	55	19	21	3	57	10	47	37	37	35	41	12	18	48	30	22	15	37	0	54	0	9	9	1	49	51	31	34	6	53	58	58	0	21	59	45	50	3	31	59	34	3	7	2	36	31	16	31	1	53	20	46	6	43	49	11	30	51	54	38	55	11	37	19	37	32	13	21	43	57	28	16	24	38	25	55	32	45	29	45	21	23	11	16	24	21	19	50	38	49	18	27	2	35	43	25	59	26	13	0	35	10	2	56	13	29	1	13	36	23	25	43	38	11	59	56	24	6	37	58	1	4	1	37	39	45	53	46	5	32	33	
59	44	32	23	39	14	15	55	41	49	4	25	33	41	56	38	17	9	23	38	40	0	6	32	27	55	47	41	22	4	16	1	51	6	56	32	4	17	34	39	58	45	4	38	11	24	7	27	34	9	36	30	59	28	31	20	43	12	43	27	52	55	23	54	2	53	34	0	3	4	54	6	36	24	6	43	55	34	56	52	44	15	23	2	39	40	34	43	59	21	37	4	2	13	29	14	46	56	10	51	16	36	41	38	21	57	37	38	23	37	20	49	13	8	38	20	10	19	13	47	30	26	20	17	10	28	30	34	2	48	24	32	24	19	5	47	16	31	34	53	25	21	20	10	35	12	3	18	27	59	3	29	59	29	22	45	28	40	10	38	22	6	29	2	56	58	55	1	28	14	21	33	58	27	24	46	25	27	38	45	51	37	31	4	45	27	56	27	7	42	46	14	31	13	7	19	5	13	43	34	27	11	5	38	52	37	14	6	11	48	0	53	44	21	37	26	52	56	33	21	58	11	33	9	56	15	56	5	20	22	11	21	35	50	42	10	43	1	48	50	48	4	48	56	5	30	41	24	50	44	5	50	57	34	18	39	40	3	1	49	55	58	28	47	5	9	29	58	44	23	14	26	0	29	54	11	55	33	58	30	55	25	3	0	30	1	15	34	15	58	6	50	40	16	41	20	23	43	6	5	9	26	3	9	36	11	5	34	42	9	27	19	13	37	37	47	37	19	6	52	29	14	21	25	1	49	15	18	35	38	1	24	15	0	2	13	22	26	24	57	53	49	6	28	56	52	41	25	37	48	2	55	48	47	40	18	15	10	30	20	20	50	11	4	54	6	57	7	33	1	38	33	56	49	23	34	53	20	30	34	15	19	23	37	22	43	35	38	57	7	20	26	50	49	36	28	20	10	5	33	27	47	47	54	54	40	37	4	33	54	44	55	43	28	6	53	45	27	18	56	3	7	8	36	36	0	37	24	15	11	46	50	11	50	12	33	12	36	4	57	18	42	56	20	36	0	56	22	55	42	51	30	33	5	8	53	29	7	58	21	15	38	56	51	59	59	7	30	59	49	46	35	8	38	14	7	54	21	8	5	10	44	55	4	7	39	14	14	25	42	5	12	46	7	17	25	33	44	38	14	9	38	34	40	57	44	30	58	48	21	18	0	8	46	31	11	19	42	1	35	40	10	52	44	36	44	0	44	32	52	8	42	42	55	12	6	11	33	32	52	10	8	22	41	50	45	12	33	27	40	58	43	51	32	58	25	20	44	48	35	29	7	5	18	33	47	48	13	8	46	10	8	4	24	23	52	6	37	57	45	27	46	36	45	3	35	21	36	0	11	7	12	48	28	41	21	12	46	53	13	21	29	16	35	3	52	21	39	13	20	7	28	9	3	8	12	44	18	59	27	29	15	36	21	25	52	14	43	29	11	25	39	49	43	51	13	34	21	54	22	4	5	45	51	33	15	13	53	19	42	20	17	36	22	43	37	43	35	28	35	17	19	43	30	39	58	33	38	58	12	38	22	40	59	12	22	22	48	41	17	17	27	22	32	56	22	2	10	31	52	6	39	6	55	48	22	39	27	34	36	11	24	52	46	33	28	29	54	41	58	47	12	1	25	11	57	18	51	5	30	0	15	18	18	0	51	18	43	36	5	25	46	20	47	2	42	30	50	21	3	27	49	26	47	56	42	39	50	19	9	28	35	3	18	13	36	14	23	27	34	54	12	43	54	12	20	10	17	26	30	59	3	8	7	12	6	59	52	26	8	40	15	40	1	46	26	44	38	53	43	41	43	16	27	23	0	53	5	57	40	7	56	31	5	59	53	20	56	29	11	50	39	49	44	10	0	42	7	54	31	1	8	53	26	27	47	46	26	45	23	2	19	11	59	34	42	17	38	39	4	28	15	4	53	27	8	18	30	34	41	54	45	24	56	28	39	42	51	24	3	58	12	22	15	5	21	53	32	49	7	56	54	33	18	37	57	51	46	27	57	10	32	34	42	21	10	23	45	9	25	21	57	10	23	6	25	4	1	0	19	18	55	9	40	41	34	53	24	37	47	52	50	3	36	54	3	39	16	38	48	15	5	43	23	21	38	9	58	12	12	10	42	15	22	55	52	10	27	52	12	32	48	5	29	32	56	59	4	19	25	46	27	21	2	10	46	11	45	29	27	12	27	46	24	30	7	26	14	10	2	20	21	1	37	38	59	8	47	40	3	16	19	58	21	48	43	9	49	54	39	22	51	16	28	42	4	50	37	16	29	33	56	4	15	33	43	31	54	45	7	38	14	47	40	10	45	42	29	3	24	44	56	57	16	54	7	32	58	5	31	26	22	50	40	34	54	25	19	9	41	41	20	35	16	8	2	55	6	54	15	44	22	59	28	17	21	23	55	52	22	37	54	6	24	55	3	19	43	22	55	23	3	0	26	25	41	23	29	32	23	43	42	39	0	20	41	47	55	56	32	24	38	1	12	23	53	10	33	27	51	40	39	59	9	3	3	47	37	39	11	7	16	47	11	42	10	38	11	15	43	38	51	17	56	22	30	8	23	27	46	39	4	43	31	27	4	9	43	18	13	30	35	16	40	30	6	4	35	15	11	8	12	46	38	26	44	41	10	20	3	28	1	42	59	29	55	46	51	16	25	52	58	33	7	43	3	29	57	9	17	26	51	13	18	53	16	20	9	35	31	12	23	44	45	4	55	48	48	50	32	10	12	17	13	59	32	54	41	30	7	37	16	16	44	13	36	53	52	21	11	1	7	0	26	38	40	50	29	35	31	51	48	15	24	10	29	59	5	25	13	35	51	0	16	50	16	20	17	49	58	19	17	57	49	41	44	56	20	17	57	36	27	53	17	32	10	48	29	54	43	4	1	36	19	8	28	53	59	54	4	17	16	9	48	3	20	19	50	45	5	21	50	49	35	33	21	33	45	2	45	6	37	59	25	44	2	54	6	4	9	24	2	12	41	32	3	42	35	29	28	7	14	17	34	9	29	21	36	23	23	3	0	49	39	46	12	53	19	4	52	52	39	27	13	0	53	16	37	58	43	29	57	16	34	20	28	48	50	14	55	55	26	35	55	42	16	30	51	21	54	35	57	2	18	11	45	19	41	21	4	48	26	12	40	49	12	36	8	59	38	14	41	42	35	18	42	24	2	46	29	47	6	14	11	59	54	4	36	38	53	8	25	6	55	41	8	21	5	16	20	22	11	3	50	50	44	22	15	25	30	18	59	46	9	54	27	26	45	15	5	49	2	21	55	59	3	42	57	27	2	32	57	5	2	8	9	39	28	24	22	31	46	20	9	6	21	58	14	27	54	34	0	18	35	48	47	27	16	50	4	23	24	24	28	8	9	34	48	15	25	36	41	27	37	2	16	30	55	37	9	23	1	24	16	24	8	12	2	36	24	28	28	26	8	20	12	44	14	27	4	20	53	48	40	49	7	46	28	23	15	56	20	36	50	26	32	12	17	46	32	10	14	16	47	58	15	23	4	25	49	43	43	42	8	20	30	57	21	11	3	59	1	26	4	56	54	40	39	18	51	0	39	27	34	57	29	2	28	33	22	55	34	43	22	57	21	36	20	3	2	58	29	2	
11	10	7	12	11	1	12	12	17	3	20	18	20	9	12	1	4	18	16	19	16	7	3	11	12	18	11	18	14	3	9	3	16	2	1	2	8	7	20	8	4	3	4	5	2	20	3	10	4	5	1	4	19	18	19	13	9	1	14	3	2	3	10	10	7	12	18	3	18	2	4	6	11	19	18	5	8	7	3	8	9	1	15	16	13	17	12	16	2	8	17	14	14	17	19	18	8	19	10	1	13	3	5	13	4	14	16	1	6	8	8	8	3	15	2	15	9	8	2	17	9	11	6	6	9	10	1	13	10	19	7	18	14	15	16	2	10	2	14	6	14	3	14	1	10	18	20	6	2	17	5	5	1	17	2	11	18	15	16	6	10	12	16	14	20	17	16	4	15	2	11	14	4	2	16	5	13	20	7	8	3	14	13	15	11	6	19	16	1	19	8	8	1	3	3	15	4	2	7	11	3	8	3	16	12	11	15	7	15	6	13	2	1	9	3	12	15	16	1	5	3	8	3	1	9	3	1	14	14	8	5	4	10	7	3	14	12	7	6	7	16	12	13	14	13	5	12	7	2	9	6	14	11	1	1	10	13	8	3	15	7	12	6	2	7	12	4	12	13	7	5	6	7	9	6	9	9	3	14	3	4	16	10	9	1	7	1	13	9	5	11	13	4	1	11	2	7	12	2	8	4	12	1	9	4	16	11	16	13	13	9	8	15	11	2	1	9	4	4	8	1	5	9	7	9	6	9	1	7	13	10	10	12	15	12	3	11	3	8	15	13	8	8	6	4	10	6	3	13	9	2	12	3	6	14	5	8	6	11	8	5	10	13	15	11	16	2	8	12	14	4	7	10	13	8	16	8	10	7	12	8	14	12	13	8	12	4	4	5	2	3	5	10	14	11	10	10	16	14	11	11	16	14	2	3	2	2	8	1	7	9	8	14	10	3	14	14	5	8	6	1	7	11	7	16	10	10	5	5	14	7	5	9	9	12	9	1	15	2	2	7	14	14	16	4	3	14	4	13	15	10	14	9	1	8	4	1	12	13	12	5	16	2	10	1	15	3	11	3	11	8	14	11	7	3	9	1	10	9	12	15	2	6	7	12	16	12	2	5	14	13	15	4	12	14	9	3	7	9	3	2	11	16	6	15	10	6	5	8	13	1	1	13	15	6	11	3	9	13	15	13	13	6	5	10	16	12	3	13	12	7	9	12	6	10	2	3	16	5	10	1	4	16	15	14	3	11	8	16	2	16	1	7	1	3	1	10	14	14	7	5	7	9	5	7	13	2	5	6	12	8	8	13	14	12	2	8	6	7	2	6	9	2	11	8	6	2	9	12	8	8	3	7	2	9	6	1	14	6	4	15	14	15	16	9	11	11	4	10	12	1	9	3	16	9	9	13	8	10	11	2	10	7	8	16	2	11	3	1	5	13	10	11	13	5	15	4	14	4	7	5	9	3	15	5	2	11	7	2	15	10	1	13	6	12	13	12	4	3	2	15	15	10	2	11	6	5	12	7	5	8	4	16	7	4	6	1	8	8	15	13	6	10	5	9	13	16	5	15	10	13	10	9	1	4	13	15	3	8	13	16	15	4	2	16	7	5	8	9	11	8	12	4	4	8	3	13	13	3	15	16	10	8	15	2	1	3	8	10	2	4	4	15	9	8	9	10	9	8	16	8	5	16	1	10	10	7	16	8	9	16	9	5	5	16	15	9	7	1	5	4	4	13	6	6	2	14	5	15	4	9	7	15	5	15	2	13	15	9	1	16	3	5	15	1	5	7	9	1	5	16	14	14	15	5	13	9	9	8	15	15	3	4	4	10	10	1	16	7	2	7	7	14	10	7	1	11	12	6	7	6	15	13	10	7	1	14	5	15	12	12	10	9	3	5	10	10	3	11	3	1	3	8	2	8	3	6	14	7	14	15	2	12	10	9	9	14	2	15	11	10	14	3	4	12	6	9	4	1	9	1	2	13	1	11	9	9	1	15	16	15	10	9	1	10	3	4	6	6	4	13	13	14	13	7	12	2	12	4	10	1	12	11	15	11	14	2	16	4	2	3	14	14	3	1	7	2	5	12	4	11	5	9	8	15	7	12	3	13	2	14	6	15	16	9	2	16	2	12	5	15	9	1	8	5	5	5	7	10	13	5	10	15	15	14	1	14	16	16	1	10	1	14	8	9	5	10	12	8	12	12	15	14	1	1	15	10	5	6	1	3	4	10	9	10	4	3	8	6	13	5	3	6	10	15	11	1	12	11	16	9	6	4	16	4	8	14	5	2	13	8	10	8	13	3	16	4	5	14	5	6	1	16	11	3	9	13	9	9	2	16	6	4	5	14	10	6	11	13	14	14	13	8	13	10	12	6	13	15	16	15	7	11	8	2	9	4	9	1	16	6	3	1	12	16	11	16	11	14	7	10	10	7	11	5	10	7	9	13	11	8	5	5	9	10	15	12	9	10	8	13	14	3	13	10	9	15	12	5	4	3	11	9	16	6	4	1	6	15	7	13	8	7	1	4	1	15	3	10	16	6	5	9	6	5	15	6	9	13	8	5	2	1	15	12	15	8	16	2	7	5	12	8	7	10	13	9	14	5	7	10	4	6	11	11	7	2	10	16	2	4	14	16	13	12	10	2	1	14	13	12	10	5	7	10	1	14	14	10	13	16	2	9	4	14	3	14	8	15	8	12	16	7	14	4	2	10	4	16	3	11	11	3	7	1	3	16	5	15	8	9	15	2	5	15	8	12	9	15	10	13	5	2	4	1	2	5	5	9	8	12	4	6	15	7	5	3	7	13	6	3	1	5	13	15	9	2	9	1	1	5	12	3	6	14	2	13	15	8	4	16	13	5	10	13	5	7	13	16	15	3	11	6	16	13	10	15	4	6	11	11	16	10	14	3	16	5	6	15	11	3	14	4	1	7	8	14	13	13	12	2	12	14	16	11	14	15	13	13	10	8	15	7	7	7	4	1	7	11	11	1	11	15	14	10	13	10	13	15	16	12	6	8	7	1	4	7	16	15	7	13	13	2	10	13	14	13	6	9	7	7	6	8	9	13	1	5	1	2	4	14	15	16	10	1	13	16	6	7	4	14	3	14	8	13	8	11	4	3	1	11	16	5	8	10	6	11	8	4	14	16	3	6	15	14	10	6	13	13	13	7	12	12	3	5	5	12	7	11	10	4	3	15	16	3	6	13	3	10	10	4	12	4	7	2	16	1	13	15	4	3	15	3	13	4	14	6	4	4	3	12	9	13	16	14	16	14	4	15	12	5	7	6	8	6	15	13	1	5	2	4	7	1	7	12	3	9	7	8	1	6	11	11	4	16	3	7	5	15	16	13	9	11	5	10	1	1	15	15	1	16	9	9	14	2	7	7	5	10	16	11	11	14	16	5	13	15	10	12	14	11	11	13	10	5	9	4	14	14	15	12	13	13	12	8	2	3	16	5	12	6	7	4	12	4	12	15	2	15	6	16	13	3	8	1	5	13	15	15	14	5	15	7	13	10	16	10	8	4	9	12	10	7	14	6	11	13	15	8	11	2	5	3	2	12	7	14	5	1	7	7	11	15	7	3	16	1	1	3	16	10	1	7	
750	580	180	710	960	570	260	960	390	690	530	120	980	520	490	530	320	680	440	870	570	360	980	380	480	360	350	870	470	780	830	110	860	980	1000	670	170	440	430	810	300	990	350	600	700	850	120	730	920	710	250	960	720	960	170	100	400	930	340	730	510	300	790	970	190	470	750	980	700	580	180	890	170	900	370	310	750	760	200	200	240	850	580	920	720	450	270	280	530	490	510	830	860	560	810	260	260	400	860	560	600	120	120	860	950	580	290	340	870	590	130	410	500	670	180	750	380	970	360	560	400	600	700	840	620	840	230	400	260	840	200	300	580	830	540	360	510	980	300	350	710	570	100	670	520	730	430	630	830	390	440	860	470	450	350	500	420	310	440	760	460	580	230	580	150	600	340	120	310	710	570	890	910	980	740	150	270	540	130	840	270	260	650	120	620	870	780	820	680	340	850	880	360	600	980	460	440	610	340	660	560	820	720	450	950	330	1000	480	330	560	150	610	690	280	620	460	520	360	960	900	160	640	140	830	430	120	750	220	850	300	390	930	530	310	250	880	500	770	500	580	1000	890	160	210	310	240	520	580	630	390	990	590	360	180	180	510	310	100	610	280	300	560	730	290	570	140	690	950	980	850	720	330	840	470	300	460	260	110	740	130	240	430	260	620	530	1000	700	980	890	540	400	520	920	710	410	280	160	630	240	500	320	280	680	870	590	600	870	530	400	120	320	820	750	810	150	120	280	480	610	290	550	250	1000	250	330	280	420	840	170	230	880	770	820	420	860	280	350	780	350	480	390	750	590	370	910	910	690	120	240	890	130	590	280	320	840	520	490	1000	280	910	740	400	270	370	310	770	310	700	780	300	800	350	560	680	500	870	720	820	950	150	930	540	630	480	340	700	260	100	600	770	280	1000	180	550	520	510	670	990	460	880	810	650	520	160	900	370	950	820	790	510	830	650	1000	200	350	690	140	720	580	900	780	720	520	340	870	720	120	880	680	710	210	690	340	450	300	530	780	910	920	920	420	820	920	410	710	560	990	480	890	900	310	560	270	960	890	160	410	670	950	340	260	810	690	350	750	200	850	490	620	540	130	320	540	320	650	420	550	530	320	330	640	560	670	140	950	420	550	520	990	380	100	660	420	240	710	550	790	140	920	620	400	790	900	500	900	120	130	640	150	200	680	720	170	150	530	690	300	180	510	210	420	110	910	640	810	160	810	640	700	120	780	110	480	620	550	260	180	680	660	430	290	810	240	630	880	590	350	890	110	390	710	430	490	300	460	380	520	950	430	880	360	770	520	500	530	350	150	570	480	1000	900	280	610	740	240	460	780	940	340	780	100	380	540	740	940	710	920	250	740	170	710	210	430	440	370	950	250	690	730	1000	670	750	750	650	410	870	870	770	180	140	400	410	940	590	590	920	170	690	870	550	1000	1000	750	160	560	250	340	990	200	400	580	380	600	730	870	730	680	410	400	910	140	700	980	760	780	960	260	730	800	600	850	730	220	130	120	670	530	180	850	760	880	350	570	500	470	710	980	640	370	620	380	640	460	550	800	260	240	560	510	980	110	130	430	240	460	830	960	670	950	280	150	780	890	930	360	410	370	870	540	980	850	930	590	730	980	410	320	390	990	470	690	390	950	420	750	770	180	150	460	510	980	670	600	750	1000	100	660	250	230	940	510	720	390	960	810	820	980	210	950	740	300	580	700	420	910	810	540	680	490	110	750	960	310	910	370	620	870	300	930	260	230	570	500	370	520	990	780	310	500	180	790	800	980	880	150	690	850	180	220	810	620	950	860	570	810	230	520	690	910	760	300	990	510	720	750	690	520	730	360	910	850	670	630	240	680	480	350	500	310	470	680	950	510	610	920	400	680	320	140	940	410	910	940	110	500	560	900	700	730	750	540	350	650	120	850	660	570	240	970	680	730	430	670	790	700	260	400	590	460	990	940	880	370	120	460	440	600	740	610	280	830	520	330	130	240	980	820	460	160	720	880	530	360	210	870	130	420	440	610	390	790	630	590	210	190	130	470	120	450	910	250	810	150	240	720	600	260	760	480	310	390	400	790	720	720	230	500	250	870	130	110	150	690	630	510	640	730	340	260	180	490	910	510	910	590	100	980	300	180	290	950	590	550	170	510	530	990	770	730	190	950	280	730	950	910	240	300	930	460	840	800	360	540	310	620	410	450	400	910	180	890	550	810	260	110	770	260	820	700	670	160	570	900	1000	590	390	890	510	550	230	220	750	900	390	700	500	470	500	640	620	790	310	990	480	1000	200	520	890	520	750	440	530	980	660	360	540	740	850	740	300	410	380	400	890	380	620	520	540	910	260	270	220	200	910	890	420	800	450	940	910	480	590	960	500	610	480	370	190	700	220	400	270	640	850	890	920	310	620	320	970	930	550	380	720	330	230	340	250	450	880	730	460	230	470	640	940	890	490	830	680	860	220	880	200	930	380	110	990	250	440	710	710	320	590	900	210	500	830	590	440	520	450	520	310	440	940	350	540	620	960	240	460	320	530	850	660	220	730	750	730	160	930	880	250	1000	800	350	970	150	440	370	770	480	560	360	690	620	280	810	930	510	970	110	950	870	980	340	320	680	660	390	160	960	490	160	110	230	320	270	290	470	530	830	770	200	110	110	290	490	810	900	690	290	520	920	700	800	790	600	550	270	360	580	360	710	600	160	340	940	880	590	150	500	700	530	530	510	890	840	140	340	450	830	790	940	1000	100	390	720	720	410	930	580	870	650	950	550	730	600	180	480	770	620	340	280	300	380	200	340	370	130	700	650	540	360	410	910	860	950	280	350	280	660	940	200	840	480	640	420	990	650	600	990	990	700	130	840	230	820	470	630	670	870	120	160	590	850	590	490	170	400	960	700	720	670	360	440	960	310	690	160	860	820	460	870	390	340	650	930	130	850	140	690	640	390	900	340	180	620	310	520	540	1000	290	700	610	240	700	740	740	690	740	310	260	350	810	390	560	750	520	820	380	950	120	440	540	460	200	240	550	470	320	890	550	130	280	640	810	800	890	160	530	470	230	970	910	400	590	800	200	760	940	590	880	520	300	420	330	250	840	970	350	180	150	870	640	580	760	930	390	470	120	760	710	520	420	310	990	250	200	640	420	380	820	390	930	360	720	820	750	940	470	460	600	590	740	310	840	450	460	920	680	740	730	760	730	230	990	240	260	800	750	850	580	870	950	360	710	990	170	740	650	560	820	120	710	350	750	970	520	240	260	440	610	310	220	710	110	750	650	800	350	740	180	400	840	990	940	240	780	740	400	770	480	680	560	730	980	350	430	770	880	100	210	530	790	460	460	750	540	100	310	930	390	110	210	410	670	750	480	130	170	610	650	460	840	300	600	360	310	830	140	690	700	940	500	300	370	960	850	620	950	110	240	130	200	720	260	140	820	420	570	590	130	890	520	270	710	430	530	920	890	250	700	660	820	670	840	510	950	110	570	710	260	590	230	1000	380	420	850	490	580	960	780	870	690	520	590	280	890	800	550	430	860	130	590	110	450	840	400	610	840	320	300	120	570	150	950	640	640	110	970	550	560	540	610	520	670	380	940	690	790	920	360	570	160	780	740	590	500	960	170	630	340	840	830	830	690	130	170	860	180	900	
1
