1239
60
4
70
0	0	0	0	0	0	0	0	0	0	0	0	0	0	0	0	0	0	0	0	0	0	0	0	500	0	0	0	0	0	0	0	0	0	0	500	0	0	0	0	0	0	0	0	0	500	0	0	0	500	0	0	0	0	0	0	0	0	0	0	
0	0	0	0	0	0	0	0	0	0	0	0	0	0	500	0	0	0	0	0	500	0	0	0	0	0	0	0	500	0	0	0	0	0	0	0	0	0	0	0	0	0	0	0	500	0	0	0	0	0	0	0	0	0	0	0	0	0	0	0	
0	0	0	0	0	0	0	500	0	0	0	0	500	0	0	0	0	0	0	0	0	0	500	0	0	0	0	0	0	0	0	0	0	0	0	0	0	0	0	0	0	0	0	0	0	0	0	0	0	0	0	0	0	0	0	500	0	0	0	0	
0	0	0	0	500	0	0	0	0	0	0	0	0	0	0	0	0	0	0	0	0	0	0	0	0	0	500	0	0	0	0	0	0	0	0	0	0	0	0	0	0	0	0	0	0	0	0	500	0	0	0	0	0	0	500	0	0	0	0	0	
0	0	0	500	0	0	0	0	0	500	0	0	0	0	0	0	0	0	0	0	0	0	0	0	0	0	500	0	0	0	0	0	0	0	0	0	0	0	0	0	0	0	0	0	0	0	0	500	0	0	0	0	0	0	0	0	0	0	0	0	
0	0	0	0	0	0	0	0	500	0	0	0	0	0	0	0	0	0	0	0	0	0	0	0	0	0	0	0	0	0	500	0	0	0	0	0	0	500	0	0	0	0	0	0	0	0	0	0	0	0	500	0	0	0	0	0	0	0	0	0	
0	0	0	0	0	0	0	0	0	0	0	0	0	0	0	0	0	500	0	0	0	0	0	0	0	0	0	0	0	0	0	0	0	0	0	0	0	0	0	0	500	500	0	0	0	0	0	0	0	0	0	0	0	0	0	0	0	0	0	500	
0	0	500	0	0	0	0	0	0	0	0	0	500	0	0	0	0	0	0	0	0	0	0	0	0	0	0	0	0	0	0	0	0	0	0	0	0	0	0	0	0	0	0	0	0	0	0	0	500	0	0	0	0	0	0	500	0	0	0	0	
0	0	0	0	0	500	0	0	0	0	0	0	0	0	0	0	0	0	0	0	0	0	0	0	0	0	0	0	0	0	500	0	0	0	0	0	0	500	0	0	0	0	0	0	0	0	0	0	0	0	500	0	0	0	0	0	0	0	0	0	
0	0	0	0	500	0	0	0	0	0	0	0	0	0	0	0	0	0	0	0	0	0	0	0	0	0	500	0	0	500	0	0	0	0	0	0	0	0	0	0	0	0	0	0	0	0	0	0	0	0	0	0	0	0	500	0	0	0	0	0	
0	0	0	0	0	0	0	0	0	0	0	0	0	0	0	0	0	0	0	500	0	0	0	0	0	0	0	0	0	0	0	0	0	0	0	0	0	0	500	500	0	0	0	0	0	0	0	0	0	0	0	0	0	0	0	0	500	0	0	0	
0	0	0	0	0	0	0	0	0	0	0	0	0	0	0	500	0	0	0	0	0	0	0	0	0	0	0	0	0	0	0	500	0	0	0	500	500	0	0	0	0	0	0	0	0	0	0	0	0	0	0	0	0	0	0	0	0	0	0	0	
0	0	500	0	0	0	0	500	0	0	0	0	0	0	0	0	0	0	0	0	0	0	500	500	0	0	0	0	0	0	0	0	0	0	0	0	0	0	0	0	0	0	0	0	0	0	0	0	0	0	0	0	0	0	0	0	0	0	0	0	
0	0	0	0	0	0	0	0	0	0	0	0	0	0	0	0	0	0	0	0	0	0	0	0	0	500	0	0	0	500	0	0	0	0	0	0	0	0	0	0	0	0	0	0	0	0	0	0	0	0	0	500	500	0	0	0	0	0	0	0	
0	500	0	0	0	0	0	0	0	0	0	0	0	0	0	0	0	0	0	0	500	0	0	0	0	0	0	0	500	0	0	0	0	0	0	0	0	0	0	0	0	0	0	0	0	0	0	0	0	0	0	0	0	0	0	0	500	0	0	0	
0	0	0	0	0	0	0	0	0	0	0	500	0	0	0	0	0	0	0	0	0	0	0	0	500	0	0	0	0	0	0	0	0	0	0	500	0	0	0	0	0	0	0	0	0	500	0	0	0	0	0	0	0	0	0	0	0	0	0	0	
0	0	0	0	0	0	0	0	0	0	0	0	0	0	0	0	0	0	0	0	0	0	500	500	0	0	0	0	0	0	0	0	0	500	0	0	0	0	0	0	0	0	0	0	0	0	0	0	0	0	0	0	0	500	0	0	0	0	0	0	
0	0	0	0	0	0	500	0	0	0	0	0	0	0	0	0	0	0	0	0	0	0	0	0	0	0	0	0	0	0	0	0	0	0	0	0	0	0	0	0	500	500	0	0	0	0	0	0	0	0	0	0	0	0	0	0	0	0	0	500	
0	0	0	0	0	0	0	0	0	0	0	0	0	0	0	0	0	0	0	0	0	500	0	0	0	0	0	500	0	0	0	0	0	0	0	0	0	0	0	0	0	500	0	0	0	0	0	0	0	0	0	0	0	0	0	0	0	0	0	500	
0	0	0	0	0	0	0	0	0	0	500	0	0	0	0	0	0	0	0	0	0	0	0	0	0	0	0	0	0	0	0	0	0	0	500	0	0	0	0	0	0	0	0	0	0	0	0	0	0	500	0	0	0	0	0	0	0	0	500	0	
0	500	0	0	0	0	0	0	0	0	0	0	0	0	500	0	0	0	0	0	0	0	0	0	0	0	0	0	500	0	0	0	0	0	0	0	0	0	0	0	0	0	0	0	0	0	0	0	0	0	0	0	0	0	0	0	500	0	0	0	
0	0	0	0	0	0	0	0	0	0	0	0	0	0	0	0	0	0	500	0	0	0	0	0	0	0	0	0	0	0	0	0	500	0	0	0	0	0	0	0	0	0	0	0	0	0	0	0	0	0	0	0	0	0	0	0	0	500	0	500	
0	0	500	0	0	0	0	0	0	0	0	0	500	0	0	0	500	0	0	0	0	0	0	0	0	0	0	0	0	0	0	0	0	500	0	0	0	0	0	0	0	0	0	0	0	0	0	0	0	0	0	0	0	0	0	0	0	0	0	0	
0	0	0	0	0	0	0	0	0	0	0	0	500	0	0	0	500	0	0	0	0	0	0	0	0	0	0	0	0	0	0	0	0	0	0	0	0	0	0	0	0	0	0	500	0	0	0	0	0	0	0	0	0	0	0	500	0	0	0	0	
500	0	0	0	0	0	0	0	0	0	0	0	0	0	0	500	0	0	0	0	0	0	0	0	0	0	0	0	0	0	0	0	0	0	0	500	0	0	0	0	0	0	0	0	0	500	0	0	0	0	0	0	0	0	0	0	0	0	0	0	
0	0	0	0	0	0	0	0	0	0	0	0	0	500	0	0	0	0	0	0	0	0	0	0	0	0	0	0	0	500	0	0	0	0	0	0	0	0	0	0	0	0	0	0	0	0	0	500	0	0	0	500	0	0	0	0	0	0	0	0	
0	0	0	500	500	0	0	0	0	500	0	0	0	0	0	0	0	0	0	0	0	0	0	0	0	0	0	0	0	0	0	0	0	0	0	0	0	0	0	0	0	0	0	0	0	0	0	0	0	0	0	0	0	0	500	0	0	0	0	0	
0	0	0	0	0	0	0	0	0	0	0	0	0	0	0	0	0	0	500	0	0	0	0	0	0	0	0	0	0	0	0	0	0	0	0	0	0	0	0	0	0	0	0	0	0	0	0	0	500	0	0	0	0	0	0	500	0	500	0	0	
0	500	0	0	0	0	0	0	0	0	0	0	0	0	500	0	0	0	0	0	500	0	0	0	0	0	0	0	0	0	0	0	0	0	0	0	0	0	0	0	0	0	0	0	500	0	0	0	0	0	0	0	0	0	0	0	0	0	0	0	
0	0	0	0	0	0	0	0	0	500	0	0	0	500	0	0	0	0	0	0	0	0	0	0	0	500	0	0	0	0	0	0	0	0	0	0	0	0	0	0	0	0	0	0	0	0	0	500	0	0	0	0	0	0	0	0	0	0	0	0	
0	0	0	0	0	500	0	0	500	0	0	0	0	0	0	0	0	0	0	0	0	0	0	0	0	0	0	0	0	0	0	0	0	0	0	0	0	500	0	0	0	0	0	0	0	0	0	0	0	0	500	0	0	0	0	0	0	0	0	0	
0	0	0	0	0	0	0	0	0	0	0	500	0	0	0	0	0	0	0	0	0	0	0	0	0	0	0	0	0	0	0	0	0	0	0	0	500	0	0	0	0	0	0	0	0	0	500	0	0	0	500	0	0	0	0	0	0	0	0	0	
0	0	0	0	0	0	0	0	0	0	0	0	0	0	0	0	0	0	0	0	0	500	0	0	0	0	0	0	0	0	0	0	0	0	0	0	0	0	0	0	0	0	0	0	0	0	0	0	0	0	0	500	0	0	500	0	0	500	0	0	
0	0	0	0	0	0	0	0	0	0	0	0	0	0	0	0	500	0	0	0	0	0	500	0	0	0	0	0	0	0	0	0	0	0	0	0	0	500	0	0	0	0	0	0	0	0	0	0	0	0	0	0	0	500	0	0	0	0	0	0	
0	0	0	0	0	0	0	0	0	0	0	0	0	0	0	0	0	0	0	500	0	0	0	0	0	0	0	0	0	0	0	0	0	0	0	0	0	0	0	0	0	0	0	0	0	0	0	0	500	0	0	0	0	0	0	0	0	500	500	0	
500	0	0	0	0	0	0	0	0	0	0	500	0	0	0	500	0	0	0	0	0	0	0	0	500	0	0	0	0	0	0	0	0	0	0	0	0	0	0	0	0	0	0	0	0	0	0	0	0	0	0	0	0	0	0	0	0	0	0	0	
0	0	0	0	0	0	0	0	0	0	0	500	0	0	0	0	0	0	0	0	0	0	0	0	0	0	0	0	0	0	0	500	0	0	0	0	0	0	0	0	0	0	0	0	0	500	500	0	0	0	0	0	0	0	0	0	0	0	0	0	
0	0	0	0	0	500	0	0	500	0	0	0	0	0	0	0	0	0	0	0	0	0	0	0	0	0	0	0	0	0	500	0	0	500	0	0	0	0	0	0	0	0	0	0	0	0	0	0	0	0	0	0	0	0	0	0	0	0	0	0	
0	0	0	0	0	0	0	0	0	0	500	0	0	0	0	0	0	0	0	0	0	0	0	0	0	0	0	0	0	0	0	0	0	0	0	0	0	0	0	500	0	0	0	0	500	0	0	0	0	0	0	0	0	0	0	0	500	0	0	0	
0	0	0	0	0	0	0	0	0	0	500	0	0	0	0	0	0	0	0	0	0	0	0	0	0	0	0	0	0	0	0	0	0	0	0	0	0	0	500	0	0	0	0	0	500	0	0	0	0	500	0	0	0	0	0	0	0	0	0	0	
0	0	0	0	0	0	500	0	0	0	0	0	0	0	0	0	0	500	0	0	0	0	0	0	0	0	0	0	0	0	0	0	0	0	0	0	0	0	0	0	0	500	0	0	0	0	0	0	0	0	0	0	500	0	0	0	0	0	0	0	
0	0	0	0	0	0	500	0	0	0	0	0	0	0	0	0	0	500	500	0	0	0	0	0	0	0	0	0	0	0	0	0	0	0	0	0	0	0	0	0	500	0	0	0	0	0	0	0	0	0	0	0	0	0	0	0	0	0	0	0	
0	0	0	0	0	0	0	0	0	0	0	0	0	0	0	0	0	0	0	0	0	0	0	0	0	0	0	0	0	0	0	0	0	0	0	0	0	0	0	0	0	0	0	0	0	0	0	0	500	500	0	500	0	0	0	0	0	0	500	0	
0	0	0	0	0	0	0	0	0	0	0	0	0	0	0	0	0	0	0	0	0	0	0	500	0	0	0	0	0	0	0	0	0	0	0	0	0	0	0	0	0	0	0	0	0	0	0	0	0	0	0	0	500	500	0	0	0	0	500	0	
0	500	0	0	0	0	0	0	0	0	0	0	0	0	0	0	0	0	0	0	0	0	0	0	0	0	0	0	500	0	0	0	0	0	0	0	0	0	500	500	0	0	0	0	0	0	0	0	0	0	0	0	0	0	0	0	0	0	0	0	
500	0	0	0	0	0	0	0	0	0	0	0	0	0	0	500	0	0	0	0	0	0	0	0	500	0	0	0	0	0	0	0	0	0	0	0	500	0	0	0	0	0	0	0	0	0	0	0	0	0	0	0	0	0	0	0	0	0	0	0	
0	0	0	0	0	0	0	0	0	0	0	0	0	0	0	0	0	0	0	0	0	0	0	0	0	0	0	0	0	0	0	500	0	0	0	0	500	0	0	0	0	0	0	0	0	0	0	0	0	0	0	0	500	500	0	0	0	0	0	0	
0	0	0	500	500	0	0	0	0	0	0	0	0	0	0	0	0	0	0	0	0	0	0	0	0	500	0	0	0	500	0	0	0	0	0	0	0	0	0	0	0	0	0	0	0	0	0	0	0	0	0	0	0	0	0	0	0	0	0	0	
0	0	0	0	0	0	0	500	0	0	0	0	0	0	0	0	0	0	0	0	0	0	0	0	0	0	0	500	0	0	0	0	0	0	500	0	0	0	0	0	0	0	500	0	0	0	0	0	0	0	0	0	0	0	0	0	0	0	0	0	
500	0	0	0	0	0	0	0	0	0	0	0	0	0	0	0	0	0	0	500	0	0	0	0	0	0	0	0	0	0	0	0	0	0	0	0	0	0	0	500	0	0	500	0	0	0	0	0	0	0	0	0	0	0	0	0	0	0	0	0	
0	0	0	0	0	500	0	0	500	0	0	0	0	0	0	0	0	0	0	0	0	0	0	0	0	0	0	0	0	0	500	500	0	0	0	0	0	0	0	0	0	0	0	0	0	0	0	0	0	0	0	0	0	0	0	0	0	0	0	0	
0	0	0	0	0	0	0	0	0	0	0	0	0	500	0	0	0	0	0	0	0	0	0	0	0	500	0	0	0	0	0	0	500	0	0	0	0	0	0	0	0	0	500	0	0	0	0	0	0	0	0	0	0	0	0	0	0	0	0	0	
0	0	0	0	0	0	0	0	0	0	0	0	0	500	0	0	0	0	0	0	0	0	0	0	0	0	0	0	0	0	0	0	0	0	0	0	0	0	0	0	500	0	0	500	0	0	500	0	0	0	0	0	0	0	0	0	0	0	0	0	
0	0	0	0	0	0	0	0	0	0	0	0	0	0	0	0	500	0	0	0	0	0	0	0	0	0	0	0	0	0	0	0	0	500	0	0	0	0	0	0	0	0	0	500	0	0	500	0	0	0	0	0	0	0	0	0	0	0	0	0	
0	0	0	500	0	0	0	0	0	500	0	0	0	0	0	0	0	0	0	0	0	0	0	0	0	0	500	0	0	0	0	0	500	0	0	0	0	0	0	0	0	0	0	0	0	0	0	0	0	0	0	0	0	0	0	0	0	0	0	0	
0	0	500	0	0	0	0	500	0	0	0	0	0	0	0	0	0	0	0	0	0	0	0	500	0	0	0	500	0	0	0	0	0	0	0	0	0	0	0	0	0	0	0	0	0	0	0	0	0	0	0	0	0	0	0	0	0	0	0	0	
0	0	0	0	0	0	0	0	0	0	500	0	0	0	500	0	0	0	0	0	500	0	0	0	0	0	0	0	0	0	0	0	0	0	0	0	0	0	500	0	0	0	0	0	0	0	0	0	0	0	0	0	0	0	0	0	0	0	0	0	
0	0	0	0	0	0	0	0	0	0	0	0	0	0	0	0	0	0	0	0	0	500	0	0	0	0	0	500	0	0	0	0	500	0	500	0	0	0	0	0	0	0	0	0	0	0	0	0	0	0	0	0	0	0	0	0	0	0	0	0	
0	0	0	0	0	0	0	0	0	0	0	0	0	0	0	0	0	0	0	500	0	0	0	0	0	0	0	0	0	0	0	0	0	0	500	0	0	0	0	0	0	0	500	500	0	0	0	0	0	0	0	0	0	0	0	0	0	0	0	0	
0	0	0	0	0	0	500	0	0	0	0	0	0	0	0	0	0	500	500	0	0	500	0	0	0	0	0	0	0	0	0	0	0	0	0	0	0	0	0	0	0	0	0	0	0	0	0	0	0	0	0	0	0	0	0	0	0	0	0	0	
16	23	11	16	59	6	7	12	35	43	34	0	8	13	1	35	56	51	8	55	36	34	44	16	18	51	7	59	47	39	24	30	32	15	30	57	9	40	5	22	56	3	51	53	34	25	31	48	39	34	48	11	10	45	42	48	57	22	34	35	12	54	11	47	2	0	33	11	33	6	3	38	0	51	43	49	22	11	49	7	37	51	18	59	38	4	24	38	45	48	47	7	49	50	57	9	30	53	58	57	28	16	31	17	58	54	18	30	19	43	15	1	13	21	35	30	1	15	20	15	40	59	34	4	19	55	3	55	31	27	55	56	32	17	33	16	18	2	19	11	42	31	40	33	51	1	38	28	57	17	8	20	48	55	34	30	45	54	58	22	51	59	38	9	29	32	48	34	18	20	13	16	56	58	24	43	47	7	23	14	57	42	10	23	10	0	28	16	40	16	11	4	4	21	56	46	3	44	10	49	50	6	52	9	26	16	48	32	16	48	3	47	10	10	3	36	36	8	32	11	5	56	51	23	29	10	45	2	10	51	37	4	49	15	37	53	56	2	23	56	17	43	47	5	3	18	0	53	13	6	26	2	58	8	4	35	0	30	3	27	15	44	23	56	23	21	12	30	50	25	47	27	23	42	1	27	6	4	22	8	42	52	48	26	17	25	33	30	28	30	34	40	54	58	20	3	58	46	58	43	35	16	37	46	20	25	15	21	7	40	53	52	23	49	42	39	49	42	28	6	44	23	8	26	42	16	24	1	43	6	13	58	43	33	31	58	36	17	9	14	38	29	56	26	43	31	42	10	45	49	25	31	55	42	22	31	12	10	49	38	46	42	31	19	35	2	54	44	29	23	57	3	28	49	24	53	22	40	34	46	33	12	19	57	43	53	4	53	57	44	50	11	59	44	20	43	13	18	6	12	10	22	47	24	45	29	56	58	34	9	41	53	21	15	30	0	38	12	12	23	30	20	11	20	4	15	27	21	56	39	21	47	25	52	45	21	20	42	38	58	8	49	45	6	17	9	15	20	28	59	44	47	59	22	6	43	4	23	5	0	33	2	53	39	33	21	29	56	5	52	46	24	24	7	39	46	4	34	31	31	6	34	12	40	21	38	9	1	52	13	2	28	2	58	31	24	19	41	58	11	38	15	47	5	33	0	13	0	43	49	9	49	8	5	42	4	12	33	32	18	31	45	2	33	12	43	59	23	6	0	44	14	27	31	57	41	43	30	16	54	21	14	45	26	58	43	47	28	27	7	47	14	43	53	39	18	43	2	18	6	21	0	20	3	10	16	0	29	24	43	19	53	21	50	50	34	49	29	38	36	34	29	49	14	40	23	35	24	56	17	4	18	51	24	53	6	45	41	33	8	45	56	47	42	54	18	25	38	33	36	42	14	45	27	19	20	30	30	23	22	59	7	56	0	14	8	34	6	8	23	45	52	9	37	32	20	51	14	56	51	33	52	23	56	14	49	12	10	21	29	38	10	30	57	54	31	35	8	52	5	2	41	14	25	22	59	3	23	54	9	15	26	19	20	5	29	23	56	4	21	47	54	20	49	22	8	15	47	8	1	4	27	39	36	6	56	39	32	55	58	53	41	4	24	57	3	41	36	8	10	14	15	21	31	12	54	38	37	25	44	25	2	46	9	53	25	21	50	27	32	11	7	12	27	55	38	1	38	59	42	10	46	43	40	42	43	9	37	12	36	20	9	42	8	58	30	1	44	56	17	56	7	48	29	35	36	22	12	28	39	29	4	24	40	25	28	56	37	7	58	14	46	52	7	10	19	36	39	58	57	31	59	19	36	7	30	5	15	0	40	43	28	43	35	19	57	50	36	26	11	58	6	24	31	0	1	27	33	7	7	24	20	32	3	36	20	31	0	12	56	23	43	2	29	17	40	21	47	23	8	53	41	22	31	57	44	42	55	2	58	16	20	8	20	19	40	46	34	37	11	10	25	40	15	18	15	9	35	17	36	15	37	40	38	23	56	4	56	15	28	56	9	45	15	16	38	21	57	59	8	26	50	23	42	10	40	50	17	9	26	23	23	22	38	4	18	12	21	37	30	1	13	10	35	37	59	14	19	37	55	47	24	6	29	31	58	25	37	27	48	2	27	11	7	14	15	5	18	23	26	26	3	8	30	8	6	5	40	12	42	21	12	34	39	6	34	36	35	17	4	35	28	33	58	59	31	55	5	27	27	4	41	12	41	24	4	22	54	31	21	2	27	14	29	55	24	17	26	39	39	44	52	3	35	2	15	28	17	47	28	39	15	12	51	57	21	25	7	41	14	38	15	13	7	10	9	18	14	15	11	3	9	27	37	12	5	18	56	30	51	13	24	1	29	12	42	7	40	15	59	38	51	15	57	49	43	41	46	3	37	13	22	13	18	22	19	10	53	16	52	39	48	17	45	20	17	49	23	35	42	40	33	23	57	29	16	28	14	43	13	51	6	17	51	40	13	24	0	12	14	54	15	45	6	50	12	14	36	23	42	12	51	36	18	43	0	58	44	5	53	21	44	9	0	16	39	58	16	35	26	29	4	26	45	9	22	22	29	43	13	47	54	0	9	46	17	39	45	50	5	58	9	9	56	25	30	37	20	11	29	42	5	49	51	45	37	14	34	2	49	50	43	29	41	42	26	26	10	39	50	7	48	40	56	0	30	3	50	14	44	22	5	40	4	34	53	27	27	36	8	34	37	31	30	43	40	18	0	20	29	12	30	22	19	21	55	35	12	52	21	2	47	7	48	27	27	21	0	16	7	28	28	55	15	22	42	55	57	46	36	41	59	54	39	27	28	14	55	50	
6	50	25	52	18	27	11	5	48	52	28	51	46	21	36	42	51	47	47	32	5	30	55	1	47	3	44	19	49	23	39	11	47	12	41	41	11	41	21	27	10	37	29	50	17	56	36	14	53	7	22	13	23	47	21	47	32	21	41	2	40	1	59	21	4	23	5	38	2	59	53	8	38	20	38	0	51	35	11	20	21	26	2	39	29	42	36	35	53	43	26	54	57	55	33	11	27	30	29	13	2	26	12	15	17	8	3	24	13	52	27	40	14	56	17	16	53	0	22	9	23	34	30	44	22	46	31	26	2	58	59	9	39	16	40	1	47	37	24	13	17	10	44	55	27	37	34	46	38	40	59	58	30	15	11	35	47	15	0	54	36	41	55	59	36	13	55	54	17	23	26	49	53	39	22	20	30	43	52	23	10	36	43	36	14	58	58	14	43	47	49	59	38	10	10	42	50	32	47	1	25	18	38	6	6	5	34	12	22	38	35	51	41	28	37	31	38	16	33	52	8	47	32	4	8	53	1	22	25	52	19	24	46	25	36	35	33	0	34	28	5	31	40	17	17	25	29	59	49	17	3	5	59	10	31	29	1	36	24	29	16	57	1	58	27	51	43	16	34	38	52	9	45	28	23	52	53	47	54	30	28	0	25	29	12	36	19	3	14	10	42	18	26	53	34	1	48	16	11	23	1	19	21	10	15	2	50	57	30	28	6	2	20	19	39	7	22	50	54	53	34	2	38	29	9	35	59	46	15	56	38	46	23	15	45	3	17	50	13	20	56	27	28	48	49	58	30	48	30	24	18	42	0	29	20	46	17	57	34	6	49	16	25	25	53	23	41	34	16	3	36	11	26	14	25	28	46	4	27	18	34	19	40	5	0	48	38	35	11	14	55	55	15	12	49	34	51	51	27	6	26	10	15	15	6	6	57	34	16	7	32	48	52	14	37	41	47	32	54	59	10	39	2	13	27	56	42	9	16	20	32	34	53	21	44	37	4	7	0	37	43	18	0	27	48	35	4	0	45	48	18	38	5	4	31	41	8	44	11	52	15	50	41	26	51	6	51	20	54	4	5	32	26	12	15	17	50	47	9	49	35	52	33	3	33	59	47	51	9	24	34	36	5	35	46	30	57	3	43	44	4	52	53	19	16	55	28	32	42	13	41	25	7	21	10	49	38	46	37	34	21	57	26	51	28	23	45	26	59	2	43	7	58	50	6	50	22	17	51	28	25	21	27	29	53	0	42	8	15	4	21	54	31	13	24	51	26	14	49	16	15	42	29	57	15	35	48	7	13	37	14	36	3	36	30	23	11	15	2	46	8	20	40	2	48	13	30	11	11	21	41	38	42	47	38	5	41	34	7	14	26	15	44	39	49	16	21	53	47	32	25	13	22	8	24	29	56	21	59	16	11	45	29	41	21	36	48	51	26	16	5	20	20	26	42	14	31	19	6	52	17	20	37	32	8	39	28	15	48	25	51	41	21	3	45	26	0	27	44	15	39	31	26	15	47	7	48	38	28	49	26	48	3	54	12	11	26	19	41	18	7	15	9	32	36	28	11	53	21	45	27	2	14	57	26	48	37	50	53	32	9	47	34	3	56	7	38	20	28	42	17	52	59	45	55	6	35	6	51	1	58	1	43	46	5	59	53	29	56	30	17	20	50	13	6	26	56	0	49	4	39	25	3	50	57	49	2	10	25	28	49	30	14	30	39	49	44	35	8	37	47	6	11	14	44	57	16	27	19	6	57	17	33	26	42	56	2	36	55	49	57	49	45	16	2	6	56	47	4	14	50	1	2	43	14	41	56	3	31	0	28	23	12	6	42	26	31	3	31	14	15	1	25	46	54	50	55	34	38	11	28	16	26	27	48	51	21	28	48	43	40	46	36	51	37	49	34	42	37	40	39	51	28	3	50	1	55	51	11	38	36	24	55	17	38	31	26	5	9	50	23	20	42	44	35	14	2	49	37	52	41	1	4	44	21	38	28	8	53	11	44	0	57	10	3	3	14	40	54	57	24	36	29	20	46	33	27	22	51	13	56	57	52	39	14	28	55	16	44	35	42	27	5	12	12	27	32	55	49	14	48	4	38	38	39	7	17	46	33	12	13	21	32	53	11	36	37	34	28	0	33	53	38	6	27	50	40	45	8	29	49	37	58	22	1	45	37	56	43	30	42	34	54	26	30	1	11	52	31	47	35	35	6	35	37	58	17	59	15	41	5	20	22	19	34	19	2	31	6	9	57	41	47	10	57	14	24	40	2	57	5	25	6	3	40	51	9	41	14	12	29	5	38	38	0	38	55	49	19	22	46	11	49	33	42	46	20	42	12	55	46	43	32	31	8	59	22	25	0	11	35	17	16	8	37	16	16	11	4	20	36	28	54	46	9	57	6	57	56	35	22	35	50	16	53	55	54	45	27	29	22	48	3	22	42	20	59	39	53	26	33	21	24	33	3	39	20	45	55	11	22	38	6	44	37	6	13	21	39	38	24	33	17	32	28	28	19	21	51	31	54	41	27	50	38	17	39	35	53	5	34	5	30	44	19	42	50	56	7	35	8	49	53	31	12	53	18	30	18	0	14	48	21	9	57	51	52	7	50	27	33	27	42	31	36	25	29	40	28	31	27	23	31	35	23	13	29	18	59	43	23	28	20	26	36	37	43	39	1	15	15	8	58	54	52	11	47	35	28	16	50	55	17	2	15	15	24	40	55	2	18	5	9	15	49	4	56	9	32	27	21	57	32	11	57	51	2	6	11	56	23	8	5	3	10	50	23	27	31	39	18	57	49	30	23	4	37	49	35	
8	14	14	12	5	11	2	16	6	19	19	2	1	15	1	19	11	4	19	12	13	19	10	17	8	17	6	10	17	16	4	3	10	12	2	2	14	19	5	8	15	5	17	10	15	7	20	17	9	14	19	17	12	16	10	17	8	5	2	20	18	19	5	6	16	5	11	3	7	8	15	15	15	12	11	8	1	16	19	3	14	16	3	15	11	9	19	4	16	4	17	17	11	14	4	11	17	20	20	20	18	19	6	8	16	12	8	1	1	16	18	12	3	9	13	1	10	18	6	9	17	1	19	18	19	19	12	9	6	9	14	10	13	13	13	4	7	2	15	6	13	7	14	14	4	7	10	11	6	15	3	8	14	14	1	7	16	9	2	16	14	15	15	2	8	3	7	1	1	14	15	2	8	7	7	6	16	5	16	7	8	1	16	16	6	6	2	8	1	7	2	12	9	10	1	3	6	8	3	8	7	10	9	3	8	2	9	13	9	16	3	13	6	1	8	2	1	11	14	1	3	14	13	14	8	3	2	10	12	8	16	7	16	12	11	9	16	10	10	12	6	10	5	10	8	9	9	2	4	1	9	7	8	2	5	16	5	7	15	2	6	1	12	14	5	3	14	3	16	8	8	4	2	11	9	10	11	6	5	4	1	3	10	9	3	7	12	3	13	13	4	10	2	12	3	2	14	1	4	3	9	10	4	15	14	2	16	14	2	11	12	8	10	4	7	12	13	1	9	7	5	2	11	12	16	6	7	9	10	1	8	13	16	8	9	13	14	7	2	10	1	4	1	11	14	14	2	16	10	10	6	15	7	14	7	13	15	13	5	13	7	2	5	6	1	12	1	14	11	5	2	5	10	16	9	14	14	8	11	16	5	5	5	11	14	14	7	13	9	1	6	11	7	14	3	2	4	3	2	10	2	11	9	4	3	6	14	4	7	14	8	1	13	2	13	12	7	8	7	3	3	5	13	11	1	1	13	5	1	15	1	6	10	2	11	2	1	5	4	8	16	11	11	14	8	14	7	3	6	16	8	1	2	9	15	4	7	2	16	11	8	14	10	15	13	14	14	5	4	1	6	15	11	7	3	4	1	2	6	3	4	10	7	6	11	3	8	9	10	6	16	10	14	4	4	3	6	11	12	9	5	12	5	10	5	15	6	4	11	8	10	15	7	5	11	7	6	4	8	11	2	10	9	4	7	3	6	14	15	8	12	8	9	1	16	4	16	12	7	10	9	14	5	6	4	4	1	3	5	15	6	12	9	5	8	8	11	12	12	9	8	9	6	4	4	16	10	4	7	13	5	3	15	3	4	15	11	4	9	7	2	5	14	14	4	16	1	14	6	1	12	9	1	3	1	11	14	15	13	6	14	11	3	12	13	10	9	8	4	13	12	13	7	5	6	15	15	12	4	3	11	15	4	4	6	11	9	8	1	13	2	6	6	9	5	9	7	3	13	11	12	2	13	14	10	16	13	7	15	8	16	2	7	14	14	2	4	11	13	5	12	11	4	8	4	11	7	5	3	7	8	4	10	11	14	12	11	8	16	16	3	5	4	10	14	15	13	16	8	7	12	8	16	16	5	10	12	10	12	1	16	8	3	16	11	2	16	9	6	6	8	12	16	4	8	15	13	7	6	16	3	9	8	15	6	8	2	11	2	16	7	6	8	3	11	15	7	1	16	5	10	9	6	7	2	5	4	2	3	12	15	1	13	2	14	13	1	8	7	2	3	6	6	2	13	2	5	1	3	8	8	6	5	12	5	12	4	11	6	15	3	15	9	9	5	13	6	12	3	2	6	10	14	7	6	3	6	1	16	1	16	8	2	8	11	14	4	7	14	1	5	5	14	8	16	10	13	3	7	7	11	11	9	15	9	10	14	1	5	8	6	14	12	8	5	1	16	2	5	4	4	15	8	5	1	5	16	15	4	11	11	1	11	16	12	16	4	2	16	3	16	13	6	6	5	14	7	10	7	15	15	5	11	3	14	7	3	13	10	5	15	15	14	11	14	3	7	13	9	3	9	4	4	16	11	3	14	10	15	7	11	2	15	12	2	13	8	10	16	13	9	8	3	14	12	10	8	5	12	7	1	15	1	12	8	10	15	12	6	3	9	10	15	13	9	2	8	12	2	2	10	8	13	14	8	5	9	8	7	15	1	6	4	8	5	2	8	2	4	10	13	10	13	14	9	15	2	6	5	16	6	4	6	14	10	10	6	9	11	4	9	12	14	10	11	6	16	5	10	15	12	3	13	8	16	4	4	11	2	6	6	8	6	8	9	10	6	15	3	16	4	3	12	14	6	8	2	15	5	12	11	13	6	14	16	11	9	5	12	4	12	11	13	4	4	3	13	2	3	13	12	1	10	10	3	11	11	2	13	1	9	16	10	6	6	1	3	16	8	5	9	8	6	3	15	5	8	3	12	6	12	4	9	9	4	4	4	15	7	8	1	2	11	11	13	3	12	4	1	5	1	15	13	16	4	11	11	13	4	16	12	1	7	7	11	14	3	8	4	2	15	16	11	2	11	11	2	2	5	6	4	13	9	1	9	12	16	13	13	16	3	2	6	2	14	2	10	15	11	7	9	14	12	12	14	11	8	9	5	6	8	2	14	14	11	6	5	1	4	8	9	15	15	8	7	2	10	8	12	16	14	15	5	5	2	12	4	4	14	6	1	7	13	13	13	4	16	16	2	10	2	13	12	13	16	2	1	2	13	11	14	13	9	9	8	3	16	12	13	3	8	14	4	1	6	4	9	10	13	2	12	7	13	15	16	13	9	15	11	11	8	4	14	9	2	10	11	9	7	
830	970	720	120	780	300	920	630	650	110	930	200	910	120	640	690	910	1000	910	780	640	300	910	350	720	420	160	780	900	290	560	570	960	980	830	960	730	330	490	960	140	780	140	540	140	710	280	300	780	740	790	860	420	510	400	620	120	320	190	710	180	450	370	130	590	110	400	100	120	290	970	350	250	990	370	530	500	160	360	930	890	480	490	480	420	850	360	120	720	330	910	760	240	610	500	700	210	620	290	760	430	460	180	180	660	940	160	770	610	190	410	980	390	950	450	760	910	490	1000	260	290	550	350	500	670	310	620	840	620	790	400	1000	630	170	340	880	480	540	120	630	350	760	960	440	640	800	310	320	380	300	840	200	320	370	930	160	380	440	550	220	880	700	410	210	180	890	250	350	350	130	950	370	370	970	340	390	280	310	740	570	190	290	280	300	850	870	720	350	430	590	150	190	190	130	400	680	400	450	810	920	990	290	630	320	860	640	740	300	300	540	950	770	720	850	750	100	790	510	480	700	760	880	860	240	800	250	340	510	360	120	620	140	240	970	900	190	560	170	820	950	410	650	660	680	520	520	870	290	320	280	380	130	770	620	1000	520	840	470	660	220	960	240	730	920	720	260	850	370	160	950	860	260	820	780	620	1000	270	980	390	170	400	530	740	780	230	640	990	290	700	270	370	960	780	170	260	990	630	670	490	200	240	190	890	380	570	430	640	610	910	130	110	820	800	510	510	840	840	390	580	330	200	790	300	800	580	710	590	120	630	700	620	770	730	570	200	930	650	240	570	840	860	730	490	830	780	420	610	240	570	670	310	960	660	480	420	680	150	770	170	190	960	970	310	970	540	950	380	600	970	500	550	380	790	900	880	800	790	340	330	120	790	530	360	740	200	920	660	380	460	330	520	820	350	890	340	770	690	570	120	140	790	840	770	660	680	660	460	770	330	590	900	250	370	730	580	460	820	740	430	640	720	180	480	480	600	120	420	600	910	400	510	470	770	860	240	560	390	720	230	540	440	940	190	470	800	400	360	310	930	340	450	870	960	770	920	560	760	670	560	680	340	290	700	220	980	640	550	100	360	360	100	480	960	580	800	400	630	350	870	580	160	370	140	800	200	650	290	290	780	160	450	780	1000	270	200	360	590	370	740	330	660	180	130	680	810	530	960	150	530	970	610	800	200	240	420	860	430	590	270	660	1000	330	610	840	630	150	970	310	750	550	600	190	260	900	470	970	920	540	870	190	660	430	710	630	100	980	670	230	530	850	920	870	380	480	940	930	360	870	150	730	730	400	990	530	990	750	640	840	420	510	490	980	310	130	390	730	550	460	780	790	700	870	990	760	910	610	870	580	880	530	930	570	440	570	190	940	660	380	860	750	300	260	900	320	240	360	110	950	850	900	550	930	680	710	550	950	140	190	360	600	130	300	940	860	360	600	340	250	950	760	790	410	230	720	680	630	660	650	100	360	720	750	130	450	570	750	710	520	710	360	890	770	600	720	130	110	410	230	570	920	100	260	720	880	830	570	340	800	560	220	350	540	180	200	950	970	920	840	950	810	640	540	310	380	740	490	390	870	390	740	620	720	340	390	950	570	500	570	740	760	250	880	770	910	650	680	130	230	170	120	700	920	370	510	870	430	500	610	440	160	150	870	740	190	150	250	820	450	440	550	950	360	610	310	470	120	260	600	720	930	930	580	750	330	780	300	870	970	520	820	220	350	460	450	180	940	100	320	320	580	130	560	110	410	250	750	570	560	250	210	960	920	550	160	300	730	120	800	820	690	840	590	720	260	650	230	580	230	460	460	680	160	510	230	950	290	670	230	120	390	700	750	990	290	990	240	100	190	220	250	490	120	710	630	300	960	260	520	560	880	1000	920	460	890	370	460	280	910	640	980	120	550	640	970	100	390	270	660	140	140	280	720	780	590	870	600	410	850	770	760	130	670	740	890	190	930	280	210	680	180	320	870	680	230	350	330	710	510	360	390	520	650	410	520	540	270	960	270	600	570	590	960	300	130	630	500	340	340	510	160	820	400	290	740	100	630	100	940	130	620	790	1000	770	380	410	850	560	200	940	550	710	630	450	880	760	540	550	150	630	350	430	340	840	720	650	210	340	470	630	1000	700	370	680	300	990	710	490	490	340	380	120	110	440	500	350	460	440	540	930	970	150	730	410	390	380	100	550	830	640	850	140	740	390	100	670	360	370	320	840	650	620	360	650	200	800	1000	330	300	450	450	790	200	500	870	140	850	690	660	440	720	570	240	770	270	480	620	330	880	580	690	930	190	280	490	680	640	310	910	830	260	780	220	170	770	200	950	650	660	890	320	230	170	380	970	860	120	180	920	480	980	710	960	520	920	380	540	680	210	740	480	660	930	660	340	710	280	900	760	450	840	510	820	140	810	170	440	460	740	970	510	470	480	550	670	180	590	620	730	970	880	870	130	490	270	960	390	380	900	140	810	510	710	830	780	690	410	690	460	120	460	690	600	410	840	240	840	570	530	260	560	650	790	830	190	550	670	190	170	280	570	570	510	160	790	430	220	860	130	160	750	360	240	230	580	430	970	490	760	330	750	620	690	290	400	440	810	920	360	850	230	670	320	170	600	900	730	120	320	700	420	900	420	860	670	440	630	160	130	760	450	950	420	750	690	430	110	290	340	640	330	650	590	120	470	540	470	650	500	230	810	540	950	940	790	580	650	310	400	160	240	250	780	130	890	460	400	280	890	770	1000	510	840	520	300	450	680	610	130	350	560	640	160	950	470	930	170	330	400	910	620	410	370	460	440	790	370	160	770	110	980	310	280	670	480	490	800	910	330	870	
100
