1239
60
2
70
0	48	0	0	0	48	0	48	0	0	0	0	0	0	48	0	0	0	0	0	0	48	48	0	0	0	0	0	0	0	0	0	0	0	0	0	0	0	0	0	0	48	0	48	0	0	0	0	0	0	0	0	0	0	0	0	0	0	0	0	
48	0	0	0	0	0	0	0	0	0	0	0	0	0	0	0	0	0	0	0	0	0	0	0	0	0	0	0	0	0	0	0	0	0	0	0	0	0	0	0	0	0	0	0	0	0	48	0	0	0	0	0	0	0	0	0	0	0	0	0	
0	0	0	48	0	0	0	0	0	0	0	0	0	0	0	0	0	0	0	0	0	0	0	0	0	0	0	0	0	0	0	0	0	0	0	0	0	0	0	0	0	0	0	0	0	0	0	0	0	0	0	48	0	0	0	0	0	0	0	0	
0	0	48	0	0	0	0	0	0	0	0	0	0	0	0	0	48	0	0	0	0	0	0	0	0	0	0	0	0	0	0	0	0	0	0	0	0	0	0	0	0	0	0	0	0	0	0	0	0	0	0	0	0	0	0	0	0	0	0	0	
0	0	0	0	0	0	0	0	0	0	0	0	0	0	0	0	48	0	0	0	0	0	0	0	0	0	0	0	0	48	0	0	0	0	0	0	0	0	0	0	0	0	0	0	0	0	0	0	0	0	0	0	0	0	0	0	0	0	0	0	
48	0	0	0	0	0	0	0	0	0	0	48	0	0	0	0	0	0	0	0	0	0	0	0	0	0	0	0	0	0	0	0	0	0	0	0	0	0	0	0	0	0	0	0	0	0	0	0	0	48	0	0	0	0	0	0	0	0	0	0	
0	0	0	0	0	0	0	0	0	0	0	0	0	0	0	0	0	0	0	0	0	0	0	0	0	0	0	48	0	0	0	0	0	0	0	0	0	48	0	0	0	0	0	0	0	0	0	0	0	0	0	0	0	0	0	0	0	0	0	0	
48	0	0	0	0	0	0	0	0	0	0	0	0	0	0	0	0	0	0	0	0	0	0	0	0	0	0	0	0	0	0	48	0	0	0	0	0	0	0	0	0	0	0	0	0	0	0	48	0	0	0	0	0	0	0	0	0	0	0	0	
0	0	0	0	0	0	0	0	0	0	0	48	0	0	0	0	0	0	0	0	0	0	0	0	0	0	0	0	0	0	0	0	0	0	0	0	0	0	0	0	0	0	0	0	0	0	0	0	0	48	0	0	0	0	0	0	0	0	0	0	
0	0	0	0	0	0	0	0	0	0	0	0	0	0	0	0	0	0	0	0	0	0	0	0	0	0	0	0	0	0	0	0	0	48	0	0	0	0	0	0	0	0	0	0	0	0	0	0	0	0	0	0	0	0	0	0	0	48	0	0	
0	0	0	0	0	0	0	0	0	0	0	0	0	0	0	0	0	0	0	0	0	0	0	0	0	0	0	0	0	48	0	0	0	48	0	0	0	0	0	0	0	0	0	0	0	0	0	0	0	0	0	0	0	0	0	0	0	0	0	0	
0	0	0	0	0	48	0	0	48	0	0	0	0	0	0	0	0	0	0	0	0	0	0	0	0	0	0	0	0	0	0	0	0	0	0	0	0	0	0	0	0	0	0	0	0	0	0	0	0	0	0	0	0	0	0	0	0	0	0	0	
0	0	0	0	0	0	0	0	0	0	0	0	0	0	0	0	0	0	0	0	0	0	0	48	0	0	0	0	0	0	0	0	0	0	0	0	0	0	0	0	0	48	0	0	0	0	0	0	0	0	0	0	0	0	0	0	0	0	0	0	
0	0	0	0	0	0	0	0	0	0	0	0	0	0	0	0	0	0	48	0	0	0	0	0	0	0	0	0	0	0	0	0	0	0	0	0	0	0	0	0	0	0	0	0	0	0	48	0	0	0	0	0	0	0	0	0	0	0	0	0	
48	0	0	0	0	0	0	0	0	0	0	0	0	0	0	48	0	0	0	0	0	0	0	0	0	0	0	0	0	0	0	0	0	0	0	0	0	0	0	0	0	0	0	0	0	0	0	0	0	0	0	0	0	0	48	0	0	0	0	0	
0	0	0	0	0	0	0	0	0	0	0	0	0	0	48	0	0	0	0	0	0	0	0	0	0	48	0	0	0	0	0	0	0	0	0	0	0	0	0	0	0	0	0	0	0	0	0	0	0	0	0	0	0	0	0	0	0	0	0	0	
0	0	0	48	48	0	0	0	0	0	0	0	0	0	0	0	0	0	0	0	0	0	0	0	0	0	0	0	0	0	0	0	0	0	0	0	0	0	0	0	0	0	0	0	0	0	0	0	0	0	0	0	0	0	0	0	0	0	0	0	
0	0	0	0	0	0	0	0	0	0	0	0	0	0	0	0	0	0	0	0	0	0	0	0	0	0	0	0	0	0	0	0	0	0	0	0	0	0	0	0	0	0	0	0	0	0	0	0	0	0	0	0	0	48	48	0	0	0	0	0	
0	0	0	0	0	0	0	0	0	0	0	0	0	48	0	0	0	0	0	0	0	0	0	0	0	0	0	0	0	0	0	0	0	0	0	0	0	0	0	0	0	0	0	0	0	0	0	0	0	0	0	0	0	0	0	0	0	48	0	0	
0	0	0	0	0	0	0	0	0	0	0	0	0	0	0	0	0	0	0	0	0	0	0	0	0	0	0	0	48	0	0	0	0	0	0	0	0	0	0	0	0	0	0	0	0	0	0	0	0	0	0	48	0	0	0	0	0	0	0	0	
0	0	0	0	0	0	0	0	0	0	0	0	0	0	0	0	0	0	0	0	0	0	0	0	0	0	0	0	0	0	0	48	0	0	0	0	0	0	0	0	0	0	0	0	0	0	0	48	0	0	0	0	0	0	0	0	0	0	0	0	
48	0	0	0	0	0	0	0	0	0	0	0	0	0	0	0	0	0	0	0	0	0	0	0	0	0	0	0	0	0	0	0	0	0	48	0	0	0	0	0	0	0	0	0	48	0	0	0	0	0	0	0	0	0	0	0	0	0	0	0	
48	0	0	0	0	0	0	0	0	0	0	0	0	0	0	0	0	0	0	0	0	0	0	0	0	0	0	0	0	0	48	0	0	0	0	0	0	0	48	0	0	0	0	0	0	0	0	0	0	0	0	0	0	0	0	0	0	0	0	0	
0	0	0	0	0	0	0	0	0	0	0	0	48	0	0	0	0	0	0	0	0	0	0	0	0	0	0	0	0	0	0	0	0	0	0	0	0	0	0	0	0	0	0	0	0	0	0	0	0	0	0	0	0	0	0	0	0	0	0	48	
0	0	0	0	0	0	0	0	0	0	0	0	0	0	0	0	0	0	0	0	0	0	0	0	0	0	0	0	0	0	0	0	0	0	0	0	0	0	0	48	0	0	0	0	0	0	0	0	0	0	0	0	48	0	0	0	0	0	0	0	
0	0	0	0	0	0	0	0	0	0	0	0	0	0	0	48	0	0	0	0	0	0	0	0	0	0	0	0	0	0	0	0	0	0	0	0	0	0	0	0	0	0	0	0	0	0	0	0	0	0	0	0	0	48	0	0	0	0	0	0	
0	0	0	0	0	0	0	0	0	0	0	0	0	0	0	0	0	0	0	0	0	0	0	0	0	0	0	0	0	0	0	0	0	0	0	0	0	0	0	0	0	0	0	0	48	0	0	0	48	0	0	0	0	0	0	0	0	0	0	0	
0	0	0	0	0	0	48	0	0	0	0	0	0	0	0	0	0	0	0	0	0	0	0	0	0	0	0	0	0	0	0	0	0	0	0	0	0	0	0	0	0	0	0	0	0	0	0	0	0	0	0	0	0	0	0	0	48	0	0	0	
0	0	0	0	0	0	0	0	0	0	0	0	0	0	0	0	0	0	0	48	0	0	0	0	0	0	0	0	0	0	0	0	0	0	0	0	0	0	0	0	0	0	0	0	0	0	0	0	0	0	0	0	0	0	0	0	48	0	0	0	
0	0	0	0	48	0	0	0	0	0	48	0	0	0	0	0	0	0	0	0	0	0	0	0	0	0	0	0	0	0	0	0	0	0	0	0	0	0	0	0	0	0	0	0	0	0	0	0	0	0	0	0	0	0	0	0	0	0	0	0	
0	0	0	0	0	0	0	0	0	0	0	0	0	0	0	0	0	0	0	0	0	0	48	0	0	0	0	0	0	0	0	0	0	0	0	0	0	0	48	0	0	0	0	0	0	0	0	0	0	0	0	0	0	0	0	0	0	0	0	0	
0	0	0	0	0	0	0	48	0	0	0	0	0	0	0	0	0	0	0	0	48	0	0	0	0	0	0	0	0	0	0	0	0	0	0	0	0	0	0	0	0	0	0	0	0	0	0	0	0	0	0	0	0	0	0	0	0	0	0	0	
0	0	0	0	0	0	0	0	0	0	0	0	0	0	0	0	0	0	0	0	0	0	0	0	0	0	0	0	0	0	0	0	0	0	0	0	0	0	0	0	0	0	48	0	0	0	0	0	0	0	0	0	48	0	0	0	0	0	0	0	
0	0	0	0	0	0	0	0	0	48	48	0	0	0	0	0	0	0	0	0	0	0	0	0	0	0	0	0	0	0	0	0	0	0	0	0	0	0	0	0	0	0	0	0	0	0	0	0	0	0	0	0	0	0	0	0	0	0	0	0	
0	0	0	0	0	0	0	0	0	0	0	0	0	0	0	0	0	0	0	0	0	48	0	0	0	0	0	0	0	0	0	0	0	0	0	0	0	0	0	0	0	0	0	0	0	0	0	0	48	0	0	0	0	0	0	0	0	0	0	0	
0	0	0	0	0	0	0	0	0	0	0	0	0	0	0	0	0	0	0	0	0	0	0	0	0	0	0	0	0	0	0	0	0	0	0	0	0	48	0	0	48	0	0	0	0	0	0	0	0	0	0	0	0	0	0	0	0	0	0	0	
0	0	0	0	0	0	0	0	0	0	0	0	0	0	0	0	0	0	0	0	0	0	0	0	0	0	0	0	0	0	0	0	0	0	0	0	0	0	0	0	0	0	48	0	0	48	0	0	0	0	0	0	0	0	0	0	0	0	0	0	
0	0	0	0	0	0	48	0	0	0	0	0	0	0	0	0	0	0	0	0	0	0	0	0	0	0	0	0	0	0	0	0	0	0	0	48	0	0	0	0	0	0	0	0	0	0	0	0	0	0	0	0	0	0	0	0	0	0	0	0	
0	0	0	0	0	0	0	0	0	0	0	0	0	0	0	0	0	0	0	0	0	0	48	0	0	0	0	0	0	0	48	0	0	0	0	0	0	0	0	0	0	0	0	0	0	0	0	0	0	0	0	0	0	0	0	0	0	0	0	0	
0	0	0	0	0	0	0	0	0	0	0	0	0	0	0	0	0	0	0	0	0	0	0	0	48	0	0	0	0	0	0	0	0	0	0	0	0	0	0	0	0	0	0	0	0	0	0	0	0	0	0	0	0	0	0	0	0	0	0	48	
0	0	0	0	0	0	0	0	0	0	0	0	0	0	0	0	0	0	0	0	0	0	0	0	0	0	0	0	0	0	0	0	0	0	0	48	0	0	0	0	0	0	0	0	0	48	0	0	0	0	0	0	0	0	0	0	0	0	0	0	
48	0	0	0	0	0	0	0	0	0	0	0	48	0	0	0	0	0	0	0	0	0	0	0	0	0	0	0	0	0	0	0	0	0	0	0	0	0	0	0	0	0	0	0	0	0	0	0	0	0	0	0	0	0	0	0	0	0	0	0	
0	0	0	0	0	0	0	0	0	0	0	0	0	0	0	0	0	0	0	0	0	0	0	0	0	0	0	0	0	0	0	0	48	0	0	0	48	0	0	0	0	0	0	0	0	0	0	0	0	0	0	0	0	0	0	0	0	0	0	0	
48	0	0	0	0	0	0	0	0	0	0	0	0	0	0	0	0	0	0	0	0	0	0	0	0	0	0	0	0	0	0	0	0	0	0	0	0	0	0	0	0	0	0	0	0	0	0	0	0	0	0	0	0	0	0	48	0	0	48	0	
0	0	0	0	0	0	0	0	0	0	0	0	0	0	0	0	0	0	0	0	0	48	0	0	0	0	48	0	0	0	0	0	0	0	0	0	0	0	0	0	0	0	0	0	0	0	0	0	0	0	0	0	0	0	0	0	0	0	0	0	
0	0	0	0	0	0	0	0	0	0	0	0	0	0	0	0	0	0	0	0	0	0	0	0	0	0	0	0	0	0	0	0	0	0	0	0	48	0	0	0	48	0	0	0	0	0	0	0	0	0	0	0	0	0	0	0	0	0	0	0	
0	48	0	0	0	0	0	0	0	0	0	0	0	48	0	0	0	0	0	0	0	0	0	0	0	0	0	0	0	0	0	0	0	0	0	0	0	0	0	0	0	0	0	0	0	0	0	0	0	0	0	0	0	0	0	0	0	0	0	0	
0	0	0	0	0	0	0	48	0	0	0	0	0	0	0	0	0	0	0	0	48	0	0	0	0	0	0	0	0	0	0	0	0	0	0	0	0	0	0	0	0	0	0	0	0	0	0	0	0	0	0	0	0	0	0	0	0	0	0	0	
0	0	0	0	0	0	0	0	0	0	0	0	0	0	0	0	0	0	0	0	0	0	0	0	0	0	48	0	0	0	0	0	0	0	48	0	0	0	0	0	0	0	0	0	0	0	0	0	0	0	0	0	0	0	0	0	0	0	0	0	
0	0	0	0	0	48	0	0	48	0	0	0	0	0	0	0	0	0	0	0	0	0	0	0	0	0	0	0	0	0	0	0	0	0	0	0	0	0	0	0	0	0	0	0	0	0	0	0	0	0	0	0	0	0	0	0	0	0	0	0	
0	0	0	0	0	0	0	0	0	0	0	0	0	0	0	0	0	0	0	0	0	0	0	0	0	0	0	0	0	0	0	0	0	0	0	0	0	0	0	0	0	0	0	0	0	0	0	0	0	0	0	0	0	0	0	48	0	0	48	0	
0	0	48	0	0	0	0	0	0	0	0	0	0	0	0	0	0	0	0	48	0	0	0	0	0	0	0	0	0	0	0	0	0	0	0	0	0	0	0	0	0	0	0	0	0	0	0	0	0	0	0	0	0	0	0	0	0	0	0	0	
0	0	0	0	0	0	0	0	0	0	0	0	0	0	0	0	0	0	0	0	0	0	0	0	48	0	0	0	0	0	0	0	48	0	0	0	0	0	0	0	0	0	0	0	0	0	0	0	0	0	0	0	0	0	0	0	0	0	0	0	
0	0	0	0	0	0	0	0	0	0	0	0	0	0	0	0	0	48	0	0	0	0	0	0	0	48	0	0	0	0	0	0	0	0	0	0	0	0	0	0	0	0	0	0	0	0	0	0	0	0	0	0	0	0	0	0	0	0	0	0	
0	0	0	0	0	0	0	0	0	0	0	0	0	0	48	0	0	48	0	0	0	0	0	0	0	0	0	0	0	0	0	0	0	0	0	0	0	0	0	0	0	0	0	0	0	0	0	0	0	0	0	0	0	0	0	0	0	0	0	0	
0	0	0	0	0	0	0	0	0	0	0	0	0	0	0	0	0	0	0	0	0	0	0	0	0	0	0	0	0	0	0	0	0	0	0	0	0	0	0	0	0	0	0	48	0	0	0	0	0	0	48	0	0	0	0	0	0	0	0	0	
0	0	0	0	0	0	0	0	0	0	0	0	0	0	0	0	0	0	0	0	0	0	0	0	0	0	0	48	48	0	0	0	0	0	0	0	0	0	0	0	0	0	0	0	0	0	0	0	0	0	0	0	0	0	0	0	0	0	0	0	
0	0	0	0	0	0	0	0	0	48	0	0	0	0	0	0	0	0	48	0	0	0	0	0	0	0	0	0	0	0	0	0	0	0	0	0	0	0	0	0	0	0	0	0	0	0	0	0	0	0	0	0	0	0	0	0	0	0	0	0	
0	0	0	0	0	0	0	0	0	0	0	0	0	0	0	0	0	0	0	0	0	0	0	0	0	0	0	0	0	0	0	0	0	0	0	0	0	0	0	0	0	0	0	48	0	0	0	0	0	0	48	0	0	0	0	0	0	0	0	0	
0	0	0	0	0	0	0	0	0	0	0	0	0	0	0	0	0	0	0	0	0	0	0	48	0	0	0	0	0	0	0	0	0	0	0	0	0	0	0	48	0	0	0	0	0	0	0	0	0	0	0	0	0	0	0	0	0	0	0	0	
15	58	45	14	2	28	5	33	28	8	2	3	9	7	13	31	12	33	35	34	51	57	22	27	34	26	28	58	17	9	19	26	4	0	23	32	19	32	28	23	21	31	52	5	49	25	27	59	30	19	0	38	39	2	56	21	3	6	27	41	11	49	1	57	14	26	39	15	27	20	3	15	12	50	44	27	38	47	21	4	14	15	19	38	12	34	13	22	22	55	54	58	33	57	10	10	14	51	27	52	37	33	24	41	40	23	16	29	40	23	27	21	52	1	37	20	4	23	0	39	48	26	25	36	7	31	7	23	43	43	17	42	8	19	1	24	42	12	32	38	10	52	48	49	1	7	27	21	45	42	53	48	38	50	56	10	35	20	36	34	40	9	50	38	21	51	20	49	0	25	17	3	46	18	49	41	34	9	26	43	20	5	49	8	55	4	12	41	50	53	27	43	34	46	28	36	0	26	18	0	58	42	34	53	54	56	5	45	13	2	54	55	15	35	55	3	41	9	34	26	0	36	45	37	22	20	0	25	0	2	53	15	45	56	47	39	33	52	19	44	15	1	3	49	24	58	9	0	11	21	13	43	9	57	47	51	5	59	42	17	30	47	48	29	30	46	53	53	3	25	43	42	6	19	41	32	41	0	25	7	47	35	37	50	5	56	49	9	26	28	32	13	13	39	15	23	55	4	15	3	25	23	55	33	0	22	13	19	29	55	23	26	51	50	41	29	26	7	10	35	23	28	7	41	29	16	16	50	5	19	37	18	56	20	17	29	16	15	17	6	31	20	2	3	26	21	35	7	5	33	58	0	26	13	2	46	43	27	45	6	43	42	44	28	21	5	41	32	38	15	14	9	59	18	51	57	5	26	6	0	32	16	2	10	55	53	30	43	35	53	0	57	2	38	28	50	4	38	2	17	22	34	23	34	24	39	7	44	45	11	17	25	8	20	12	17	44	40	25	8	35	42	5	46	9	51	20	9	47	38	9	31	42	14	26	43	5	27	24	35	23	27	57	33	3	10	49	31	38	28	22	2	8	13	12	34	4	36	10	25	16	53	44	40	10	5	29	36	3	19	42	37	35	56	2	11	10	45	20	39	5	50	3	9	10	34	5	51	6	57	33	41	15	12	48	46	32	2	36	11	53	6	59	49	39	44	40	8	37	38	33	28	27	16	35	40	33	36	17	59	37	54	10	27	15	11	51	50	56	23	25	30	57	9	43	38	52	5	34	18	49	17	16	44	17	10	27	12	48	51	6	45	23	50	57	47	10	11	7	18	7	1	47	16	8	9	48	10	16	35	46	38	30	31	17	30	19	37	27	35	40	45	29	44	6	55	6	31	31	41	10	24	44	57	13	54	35	8	52	20	44	11	0	48	8	15	37	44	53	31	4	14	17	40	21	22	6	20	22	28	2	51	24	35	29	43	51	44	25	27	10	11	46	0	4	48	56	26	49	48	17	43	57	57	11	57	40	58	26	40	57	12	39	29	51	37	19	2	47	22	3	25	53	10	47	37	59	55	21	11	11	27	52	23	8	40	6	18	3	33	10	26	47	32	0	31	18	10	36	21	2	11	52	7	3	52	50	41	22	11	29	37	7	56	21	56	26	27	57	6	12	27	15	6	57	34	10	52	15	46	35	39	50	10	3	6	40	31	26	18	6	16	57	33	52	42	53	13	25	52	53	10	26	50	4	39	0	26	13	31	38	16	43	31	3	2	7	28	2	21	45	53	13	0	12	15	49	49	52	25	45	45	32	14	36	5	54	48	26	13	50	15	34	17	11	16	31	0	55	15	54	49	58	12	24	54	41	4	56	8	26	18	52	34	35	28	51	34	21	7	38	1	23	48	19	3	43	12	58	11	33	11	4	20	49	59	46	40	43	27	6	43	15	29	53	5	1	37	33	37	19	56	16	45	3	1	54	9	3	51	39	47	30	59	32	37	24	49	39	56	54	34	29	56	9	44	43	4	30	7	13	28	50	12	9	33	46	37	56	51	29	56	7	27	0	33	11	15	38	0	31	2	6	11	59	30	0	20	23	46	20	1	14	8	18	11	31	14	15	47	40	5	36	11	53	16	6	47	13	3	1	10	27	39	13	31	50	33	56	48	51	8	6	13	25	59	41	31	10	20	49	20	28	5	14	9	13	31	58	57	27	7	49	6	55	9	32	43	24	33	4	11	9	26	37	23	43	4	26	8	33	14	14	33	21	18	42	15	14	50	25	27	24	31	6	5	27	48	57	31	36	15	56	30	37	38	57	21	56	26	49	3	15	36	35	42	19	16	30	48	15	27	54	32	23	11	29	45	39	14	25	40	14	44	45	57	42	17	22	48	41	14	58	33	6	9	42	37	49	20	6	59	34	43	51	31	28	49	38	47	28	31	18	6	58	28	19	20	3	57	16	56	7	34	36	7	57	54	13	25	14	19	30	55	13	24	7	52	56	58	59	40	35	38	18	38	15	39	20	42	20	23	43	19	1	17	32	21	5	32	47	27	54	10	34	49	6	29	44	58	16	33	3	54	41	7	32	56	43	13	16	3	53	23	51	58	46	23	17	5	6	51	0	38	42	40	59	21	39	36	58	56	2	11	42	16	52	24	21	33	38	4	57	20	53	34	31	13	41	32	48	51	5	25	47	17	46	45	25	6	58	42	18	15	36	50	25	33	18	47	30	2	23	56	47	47	15	45	2	40	38	57	53	51	42	28	44	32	40	3	32	2	35	27	57	34	22	20	15	45	29	7	22	42	7	15	11	43	8	23	54	45	9	6	38	52	2	36	36	46	33	30	22	21	47	4	24	54	52	
56	13	10	15	58	39	49	40	12	23	50	7	19	26	24	43	4	34	4	35	0	31	4	41	0	27	40	8	31	21	20	12	55	47	16	14	58	56	10	51	49	43	9	42	17	47	52	31	39	47	55	0	23	19	32	53	32	23	1	31	3	53	0	51	25	10	23	23	50	26	45	47	40	16	25	53	48	36	47	20	47	58	20	8	41	1	22	8	4	44	28	45	56	6	1	29	40	14	41	24	51	54	33	4	50	28	59	49	13	19	23	50	1	21	39	33	42	38	58	11	49	25	46	4	46	22	31	58	20	35	30	38	6	40	31	11	32	22	54	45	38	55	7	8	24	57	50	55	4	56	59	9	37	55	42	13	6	24	1	23	0	39	41	36	3	26	43	11	12	12	7	40	10	20	3	1	57	55	18	33	56	28	19	30	48	37	6	46	26	16	34	41	24	57	20	5	32	4	23	5	56	25	9	40	12	46	13	34	11	56	23	47	34	51	27	10	27	30	13	10	7	17	10	58	50	15	39	33	20	23	4	51	54	30	22	46	22	16	11	35	43	59	12	4	42	5	28	28	36	58	50	44	21	13	8	25	31	52	23	52	51	13	2	24	26	45	47	52	54	15	2	27	34	54	48	33	18	27	41	9	41	48	42	27	23	2	19	22	1	6	26	6	38	9	35	26	39	33	40	32	36	39	15	12	19	28	32	2	51	23	27	19	45	4	9	31	32	33	26	54	13	53	37	4	34	40	26	28	37	43	49	41	32	25	34	24	25	25	12	30	48	47	28	50	13	36	5	49	38	25	52	47	18	50	6	5	57	57	38	56	3	9	5	13	36	39	58	24	32	44	16	5	57	32	26	7	2	2	43	43	18	50	52	4	14	26	32	31	24	18	57	9	10	14	23	4	18	15	49	44	23	41	51	43	56	48	40	1	52	24	1	17	44	57	10	11	50	23	0	27	17	38	36	57	13	11	27	56	44	58	8	30	34	58	35	11	22	56	10	57	11	57	5	46	53	21	56	2	55	3	21	15	29	18	30	47	27	59	20	50	2	23	25	35	47	44	50	52	31	17	54	44	38	50	57	45	47	26	50	1	38	26	52	24	16	3	9	1	52	25	23	55	57	48	38	10	41	8	0	59	49	28	54	51	22	25	1	29	35	57	9	13	7	0	47	16	2	50	41	43	41	4	19	34	52	2	27	10	31	2	5	24	37	59	44	37	26	53	19	38	43	38	52	47	27	8	22	29	7	38	7	1	7	2	45	16	30	49	46	38	8	51	1	25	6	29	26	28	30	57	18	22	27	5	29	12	48	38	47	43	32	1	46	54	15	0	45	51	25	10	43	43	58	59	41	11	11	4	58	51	19	37	33	50	15	17	28	17	30	13	47	7	26	42	35	33	42	59	33	19	18	1	38	36	28	38	42	41	12	16	54	33	40	28	12	41	43	45	41	5	59	57	7	18	35	44	2	39	23	57	6	20	30	1	37	15	7	43	2	24	58	50	39	41	29	47	43	33	49	19	36	42	53	50	39	23	55	48	1	1	20	29	8	14	46	38	19	31	1	3	48	0	14	22	27	16	41	34	57	28	56	26	8	20	38	26	17	36	26	37	16	10	41	17	6	17	27	24	43	37	14	12	32	46	57	15	2	20	38	8	32	56	31	37	55	10	6	51	50	53	28	55	27	20	33	5	54	7	41	52	33	19	1	46	9	17	25	33	20	55	8	13	29	14	29	19	43	47	8	34	55	50	51	37	0	58	57	59	11	19	33	50	2	29	49	51	24	1	56	7	44	10	52	47	58	22	36	18	34	51	59	19	23	4	44	51	45	55	33	14	28	53	4	11	42	57	14	46	25	40	34	56	21	40	18	30	12	36	39	24	35	12	41	3	43	19	36	25	22	32	23	51	4	16	28	6	39	22	34	3	40	7	57	16	54	36	3	5	16	2	52	13	5	3	22	23	4	31	46	21	37	24	4	52	29	29	37	12	21	21	32	19	16	34	42	32	29	39	29	11	58	21	59	5	21	56	49	55	40	16	33	23	46	33	10	49	48	40	22	44	57	35	15	49	25	57	55	24	14	44	48	51	30	55	26	21	42	54	23	21	32	12	32	3	4	25	21	55	59	35	16	7	10	24	3	23	11	4	40	5	37	54	58	56	21	13	56	16	13	58	30	46	34	33	58	44	37	1	6	59	40	2	41	19	24	28	36	35	50	53	31	58	14	55	4	54	48	35	39	6	4	20	2	48	4	28	20	50	26	4	28	2	53	21	30	19	6	8	57	19	42	55	17	12	35	14	8	40	37	57	32	2	44	33	22	38	2	53	30	51	57	50	22	32	12	59	5	16	5	49	48	7	0	33	35	12	1	45	13	7	9	22	23	37	3	46	17	43	19	2	41	41	6	46	8	49	25	31	45	46	47	17	5	7	57	21	25	48	32	52	31	34	43	35	34	56	1	19	2	46	2	56	7	0	47	36	44	39	19	44	45	31	33	32	16	25	0	43	20	42	28	15	49	31	19	47	14	50	6	32	35	11	41	53	17	44	34	58	10	50	21	10	55	59	31	19	14	9	59	33	2	47	3	0	59	3	13	34	11	27	27	9	29	16	36	3	4	33	13	10	11	42	59	20	57	47	15	49	49	18	55	16	51	20	6	11	44	15	1	34	53	30	6	32	56	44	9	5	31	13	25	30	10	7	17	3	57	52	16	24	55	39	22	39	2	57	21	45	3	5	53	5	24	18	32	50	46	37	35	58	52	52	8	55	44	3	3	37	21	36	51	27	8	38	33	5	44	34	2	
17	18	9	3	16	20	15	7	4	20	9	12	3	2	5	9	12	17	8	6	13	11	16	8	18	9	16	12	11	4	6	9	8	20	11	2	20	4	8	19	8	9	6	1	2	11	6	6	14	8	17	1	14	13	15	4	9	2	8	6	20	5	3	12	16	16	9	9	1	4	19	18	5	6	14	7	1	15	12	13	13	12	20	9	7	10	9	9	8	5	7	6	16	4	19	7	17	18	2	16	3	13	17	19	13	2	17	15	9	10	17	5	20	13	8	5	17	10	1	15	7	17	16	19	19	20	8	8	16	6	10	9	4	19	20	1	18	6	11	13	4	15	20	10	4	11	9	20	11	2	12	8	9	3	13	17	12	6	10	1	1	20	10	16	17	14	4	5	10	11	1	9	10	4	10	15	6	3	3	5	16	2	14	1	5	12	11	14	16	7	11	5	4	6	10	2	8	8	8	10	4	16	16	15	15	5	13	9	7	6	10	3	1	16	2	9	1	7	16	13	4	11	9	9	2	5	6	16	3	7	3	4	6	4	4	13	14	16	10	11	13	2	9	11	6	16	15	10	10	6	10	13	1	15	12	16	10	4	5	16	2	11	1	13	3	8	6	3	9	1	13	8	6	14	11	13	4	5	2	2	16	15	11	4	6	1	15	16	4	6	3	16	5	11	9	4	5	7	16	13	6	13	15	13	7	5	10	3	4	10	15	2	16	11	11	15	16	14	13	14	3	4	11	3	10	10	6	8	6	16	3	9	8	6	16	1	16	10	3	3	11	16	15	7	6	14	13	8	14	15	4	1	11	1	11	6	16	7	16	7	12	16	10	11	8	6	11	14	4	4	2	10	12	2	2	9	2	2	2	2	9	2	13	1	13	9	3	9	10	2	7	13	9	7	13	11	16	1	16	12	2	15	4	10	12	9	12	11	9	1	4	14	12	12	4	12	7	16	9	5	4	14	9	6	1	5	5	16	12	10	1	14	4	7	3	9	1	2	6	7	12	4	8	10	16	5	13	8	2	2	8	1	12	5	10	7	11	14	10	7	10	2	13	9	14	5	2	12	12	3	12	8	1	10	16	11	14	9	12	15	13	2	10	5	7	2	5	9	6	14	10	6	16	15	11	15	13	9	10	2	3	7	13	5	7	1	4	4	16	9	8	3	4	6	4	9	3	6	3	16	10	6	7	12	13	16	10	12	7	8	6	14	12	13	11	3	6	9	1	4	10	1	9	6	15	4	13	7	5	11	1	13	9	7	7	9	15	13	5	2	13	16	12	7	6	2	7	7	16	4	13	4	13	15	15	11	5	7	12	1	5	16	6	4	15	14	8	2	8	9	4	16	15	11	13	6	7	12	1	5	5	7	1	11	3	9	10	2	10	7	16	10	16	2	15	11	14	6	1	10	14	13	9	16	11	10	13	10	16	6	14	16	3	15	6	7	13	10	3	16	9	15	15	7	5	14	2	9	5	15	9	14	9	15	1	16	12	11	9	5	6	1	8	3	5	10	6	16	3	8	5	1	2	10	14	3	2	6	10	4	14	12	14	15	16	13	14	3	8	5	11	1	8	14	3	1	3	6	5	2	3	8	7	10	13	1	3	2	9	3	11	5	16	10	16	16	16	1	5	14	7	2	2	9	9	10	15	9	2	2	9	13	4	12	16	13	7	12	11	5	1	12	3	1	16	7	6	3	16	3	9	11	4	9	8	1	13	3	11	4	8	9	6	3	4	9	14	6	15	8	8	13	10	13	15	1	2	12	9	8	12	14	10	12	11	5	10	12	3	4	10	6	14	5	9	16	13	10	3	11	13	3	2	5	11	5	6	11	3	5	15	13	11	14	16	4	15	4	11	12	7	2	1	15	2	14	6	4	14	7	16	9	16	1	14	6	16	6	16	2	2	8	15	2	3	15	2	3	1	8	13	4	1	1	5	11	12	5	2	4	2	3	10	9	14	7	9	8	16	15	13	8	1	2	3	4	2	6	8	8	5	11	2	9	1	5	14	10	15	6	1	10	11	2	8	6	12	12	3	6	10	10	4	4	11	3	1	10	11	11	12	7	6	3	4	11	8	5	14	8	11	11	11	3	6	1	7	14	8	13	7	7	8	3	12	15	5	13	2	5	12	4	8	12	5	9	1	6	6	11	2	9	11	2	12	7	2	5	13	5	4	6	15	5	7	9	4	14	14	11	12	3	13	8	15	10	3	11	9	13	11	8	15	5	6	4	1	1	15	10	10	14	14	1	10	8	7	16	2	8	10	2	16	16	12	7	6	13	4	8	11	12	15	5	11	13	10	1	13	11	8	1	16	11	8	16	3	6	12	14	13	16	11	15	13	1	16	15	3	2	11	1	14	16	15	8	9	10	4	4	3	15	11	13	15	5	6	7	8	1	10	2	4	1	6	6	1	9	13	5	6	8	14	7	9	12	7	3	11	7	16	9	5	16	7	16	11	2	13	8	13	13	4	1	1	9	10	16	13	7	7	3	16	11	16	10	5	12	12	1	7	12	1	14	9	5	7	5	3	3	12	1	6	15	4	9	3	2	11	5	3	4	1	16	15	16	4	16	1	4	13	8	3	6	2	5	9	14	13	6	15	10	2	12	11	9	14	11	12	12	4	16	2	4	4	14	4	3	1	5	11	7	15	14	14	3	8	16	4	6	10	12	11	2	3	4	9	15	14	4	14	14	3	4	14	6	13	1	5	7	4	9	1	8	5	5	5	1	1	7	6	3	7	13	5	11	1	16	13	1	6	15	14	5	4	4	4	6	13	12	5	8	1	8	2	1	5	4	15	
560	250	210	640	860	950	380	290	190	750	330	230	360	610	210	820	690	160	170	580	750	970	580	170	650	470	890	620	680	920	530	420	550	680	300	230	740	600	340	690	980	650	940	980	620	170	690	260	1000	360	530	800	500	200	130	360	640	880	120	170	1000	120	430	770	940	580	300	990	110	210	920	850	420	590	800	850	830	320	560	800	1000	710	620	990	980	260	110	140	560	180	740	200	150	400	800	490	700	1000	510	120	980	980	340	140	560	100	620	160	300	880	160	960	930	750	850	750	140	970	630	350	320	750	240	490	190	750	270	800	360	620	730	770	650	710	260	640	400	230	870	960	750	590	120	390	910	390	550	820	870	150	750	160	510	690	240	310	230	800	580	890	410	320	980	260	980	850	890	290	190	850	110	940	820	420	570	250	780	130	430	1000	540	890	460	480	280	250	260	690	240	980	550	980	460	340	210	880	870	550	230	900	770	770	280	940	300	980	590	260	900	660	770	330	700	850	590	170	780	170	620	760	130	440	590	430	630	1000	100	610	530	530	900	270	820	750	460	430	330	320	1000	620	300	600	460	370	290	630	190	910	920	810	410	430	290	500	120	110	180	300	810	480	130	380	110	990	700	770	1000	380	990	920	710	170	640	450	510	130	940	710	330	210	520	710	690	650	370	290	940	240	460	840	810	1000	260	760	180	440	340	680	350	930	580	260	430	860	920	130	450	470	650	670	320	460	710	470	300	780	960	850	940	790	240	720	150	240	100	470	560	930	960	750	380	610	780	510	660	290	350	190	860	130	610	840	790	150	350	680	820	880	510	660	580	580	750	310	510	500	190	760	690	800	810	450	160	380	190	640	470	370	670	220	300	730	420	140	300	800	330	530	510	230	770	420	620	250	360	120	240	220	610	430	570	1000	870	930	370	480	800	120	600	430	550	530	550	660	840	250	370	230	580	730	600	280	180	440	250	680	580	370	690	400	900	170	660	870	470	430	340	110	930	150	200	290	390	900	120	620	990	150	540	570	580	240	680	520	600	690	980	930	470	590	690	940	120	330	300	910	760	370	780	630	770	430	490	790	450	710	580	130	400	190	990	140	250	610	890	110	470	960	490	110	710	610	350	770	510	950	610	450	890	540	340	330	390	980	540	970	480	740	830	500	930	300	530	150	880	620	550	680	420	210	430	180	330	420	210	260	510	940	320	630	190	760	760	960	260	600	690	730	290	490	470	330	140	280	290	680	790	280	100	310	920	410	190	520	570	430	610	860	970	180	150	190	870	470	380	480	340	320	770	930	300	390	780	350	930	650	730	310	630	460	920	880	300	550	830	950	1000	960	460	410	880	440	780	560	280	720	1000	710	760	400	940	580	350	920	720	660	800	1000	210	530	360	780	230	150	640	450	850	150	750	590	310	270	100	470	460	760	710	120	960	550	810	430	340	740	960	180	810	860	420	800	800	330	530	970	990	160	640	790	300	940	140	750	760	220	100	150	140	660	560	670	310	480	800	940	670	140	750	170	120	580	970	330	620	680	140	660	200	900	950	650	530	110	260	840	570	370	670	710	740	690	380	520	110	360	290	230	790	160	140	370	860	410	890	380	120	660	520	880	960	350	160	410	840	770	520	150	470	760	430	990	770	560	390	120	400	400	980	130	790	420	650	220	200	770	930	720	1000	810	900	940	740	780	230	920	230	620	990	880	690	300	210	800	250	730	910	980	720	610	690	260	590	150	600	800	220	100	510	290	560	880	580	370	850	850	600	870	210	870	710	840	950	510	920	490	430	620	490	820	190	950	510	110	120	180	540	650	630	640	990	560	260	910	610	630	710	410	1000	210	220	130	440	990	740	680	440	800	830	840	170	860	550	520	350	550	130	920	260	220	610	330	870	410	470	700	480	510	100	140	540	860	430	860	860	220	730	820	670	800	850	700	980	290	420	370	290	180	840	540	430	470	240	500	220	940	1000	500	270	540	570	540	340	510	300	400	250	440	350	630	680	140	410	530	470	630	690	470	490	560	800	740	950	500	690	200	530	800	960	860	940	370	430	530	680	760	710	460	690	340	640	260	600	900	170	940	240	470	640	520	920	600	800	470	640	680	480	290	220	290	720	220	100	580	800	290	780	830	980	500	500	580	690	420	550	340	120	770	1000	170	900	100	560	670	640	870	160	830	740	790	550	440	110	820	270	160	670	730	990	370	350	870	440	750	970	410	160	720	160	640	860	810	860	530	960	920	890	890	730	630	980	140	760	230	810	170	850	550	580	100	980	110	340	210	630	860	260	430	910	720	560	860	360	250	660	840	720	690	840	980	360	650	540	440	360	960	250	340	640	820	860	680	530	750	600	560	290	830	210	690	260	610	390	230	810	920	500	490	410	630	450	740	360	660	210	880	950	840	740	320	400	470	940	550	750	220	160	940	700	720	280	600	510	870	230	920	830	820	150	610	100	720	860	330	310	500	990	900	780	260	510	240	230	380	930	200	440	460	650	770	280	940	340	980	170	580	810	610	240	610	730	120	210	980	250	760	420	960	810	250	760	390	420	890	890	520	570	110	210	490	240	880	900	200	140	100	700	1000	150	380	520	500	300	810	380	500	900	150	840	770	300	680	230	870	410	880	270	420	340	750	390	550	660	120	690	680	930	980	770	840	110	290	310	520	250	800	500	700	920	460	900	330	290	550	400	960	700	580	330	740	390	630	230	530	350	300	580	360	430	790	510	640	140	830	670	640	430	470	620	180	650	870	360	130	960	760	890	840	590	300	660	410	380	870	140	720	640	1000	390	210	240	390	650	270	480	850	200	440	150	850	720	940	940	230	990	510	690	310	310	330	600	
10
