1593
60
4
90
0	0	0	0	0	0	0	0	0	0	0	0	0	0	0	0	0	0	0	0	0	0	0	0	500	0	0	0	0	0	0	0	0	0	0	500	0	0	0	0	0	0	0	0	0	500	0	0	0	500	0	0	0	0	0	0	0	0	0	0	
0	0	0	0	0	0	0	0	0	0	0	0	0	0	500	0	0	0	0	0	500	0	0	0	0	0	0	0	500	0	0	0	0	0	0	0	0	0	0	0	0	0	0	0	500	0	0	0	0	0	0	0	0	0	0	0	0	0	0	0	
0	0	0	0	0	0	0	500	0	0	0	0	500	0	0	0	0	0	0	0	0	0	500	0	0	0	0	0	0	0	0	0	0	0	0	0	0	0	0	0	0	0	0	0	0	0	0	0	0	0	0	0	0	0	0	500	0	0	0	0	
0	0	0	0	500	0	0	0	0	0	0	0	0	0	0	0	0	0	0	0	0	0	0	0	0	0	500	0	0	0	0	0	0	0	0	0	0	0	0	0	0	0	0	0	0	0	0	500	0	0	0	0	0	0	500	0	0	0	0	0	
0	0	0	500	0	0	0	0	0	500	0	0	0	0	0	0	0	0	0	0	0	0	0	0	0	0	500	0	0	0	0	0	0	0	0	0	0	0	0	0	0	0	0	0	0	0	0	500	0	0	0	0	0	0	0	0	0	0	0	0	
0	0	0	0	0	0	0	0	500	0	0	0	0	0	0	0	0	0	0	0	0	0	0	0	0	0	0	0	0	0	500	0	0	0	0	0	0	500	0	0	0	0	0	0	0	0	0	0	0	0	500	0	0	0	0	0	0	0	0	0	
0	0	0	0	0	0	0	0	0	0	0	0	0	0	0	0	0	500	0	0	0	0	0	0	0	0	0	0	0	0	0	0	0	0	0	0	0	0	0	0	500	500	0	0	0	0	0	0	0	0	0	0	0	0	0	0	0	0	0	500	
0	0	500	0	0	0	0	0	0	0	0	0	500	0	0	0	0	0	0	0	0	0	0	0	0	0	0	0	0	0	0	0	0	0	0	0	0	0	0	0	0	0	0	0	0	0	0	0	500	0	0	0	0	0	0	500	0	0	0	0	
0	0	0	0	0	500	0	0	0	0	0	0	0	0	0	0	0	0	0	0	0	0	0	0	0	0	0	0	0	0	500	0	0	0	0	0	0	500	0	0	0	0	0	0	0	0	0	0	0	0	500	0	0	0	0	0	0	0	0	0	
0	0	0	0	500	0	0	0	0	0	0	0	0	0	0	0	0	0	0	0	0	0	0	0	0	0	500	0	0	500	0	0	0	0	0	0	0	0	0	0	0	0	0	0	0	0	0	0	0	0	0	0	0	0	500	0	0	0	0	0	
0	0	0	0	0	0	0	0	0	0	0	0	0	0	0	0	0	0	0	500	0	0	0	0	0	0	0	0	0	0	0	0	0	0	0	0	0	0	500	500	0	0	0	0	0	0	0	0	0	0	0	0	0	0	0	0	500	0	0	0	
0	0	0	0	0	0	0	0	0	0	0	0	0	0	0	500	0	0	0	0	0	0	0	0	0	0	0	0	0	0	0	500	0	0	0	500	500	0	0	0	0	0	0	0	0	0	0	0	0	0	0	0	0	0	0	0	0	0	0	0	
0	0	500	0	0	0	0	500	0	0	0	0	0	0	0	0	0	0	0	0	0	0	500	500	0	0	0	0	0	0	0	0	0	0	0	0	0	0	0	0	0	0	0	0	0	0	0	0	0	0	0	0	0	0	0	0	0	0	0	0	
0	0	0	0	0	0	0	0	0	0	0	0	0	0	0	0	0	0	0	0	0	0	0	0	0	500	0	0	0	500	0	0	0	0	0	0	0	0	0	0	0	0	0	0	0	0	0	0	0	0	0	500	500	0	0	0	0	0	0	0	
0	500	0	0	0	0	0	0	0	0	0	0	0	0	0	0	0	0	0	0	500	0	0	0	0	0	0	0	500	0	0	0	0	0	0	0	0	0	0	0	0	0	0	0	0	0	0	0	0	0	0	0	0	0	0	0	500	0	0	0	
0	0	0	0	0	0	0	0	0	0	0	500	0	0	0	0	0	0	0	0	0	0	0	0	500	0	0	0	0	0	0	0	0	0	0	500	0	0	0	0	0	0	0	0	0	500	0	0	0	0	0	0	0	0	0	0	0	0	0	0	
0	0	0	0	0	0	0	0	0	0	0	0	0	0	0	0	0	0	0	0	0	0	500	500	0	0	0	0	0	0	0	0	0	500	0	0	0	0	0	0	0	0	0	0	0	0	0	0	0	0	0	0	0	500	0	0	0	0	0	0	
0	0	0	0	0	0	500	0	0	0	0	0	0	0	0	0	0	0	0	0	0	0	0	0	0	0	0	0	0	0	0	0	0	0	0	0	0	0	0	0	500	500	0	0	0	0	0	0	0	0	0	0	0	0	0	0	0	0	0	500	
0	0	0	0	0	0	0	0	0	0	0	0	0	0	0	0	0	0	0	0	0	500	0	0	0	0	0	500	0	0	0	0	0	0	0	0	0	0	0	0	0	500	0	0	0	0	0	0	0	0	0	0	0	0	0	0	0	0	0	500	
0	0	0	0	0	0	0	0	0	0	500	0	0	0	0	0	0	0	0	0	0	0	0	0	0	0	0	0	0	0	0	0	0	0	500	0	0	0	0	0	0	0	0	0	0	0	0	0	0	500	0	0	0	0	0	0	0	0	500	0	
0	500	0	0	0	0	0	0	0	0	0	0	0	0	500	0	0	0	0	0	0	0	0	0	0	0	0	0	500	0	0	0	0	0	0	0	0	0	0	0	0	0	0	0	0	0	0	0	0	0	0	0	0	0	0	0	500	0	0	0	
0	0	0	0	0	0	0	0	0	0	0	0	0	0	0	0	0	0	500	0	0	0	0	0	0	0	0	0	0	0	0	0	500	0	0	0	0	0	0	0	0	0	0	0	0	0	0	0	0	0	0	0	0	0	0	0	0	500	0	500	
0	0	500	0	0	0	0	0	0	0	0	0	500	0	0	0	500	0	0	0	0	0	0	0	0	0	0	0	0	0	0	0	0	500	0	0	0	0	0	0	0	0	0	0	0	0	0	0	0	0	0	0	0	0	0	0	0	0	0	0	
0	0	0	0	0	0	0	0	0	0	0	0	500	0	0	0	500	0	0	0	0	0	0	0	0	0	0	0	0	0	0	0	0	0	0	0	0	0	0	0	0	0	0	500	0	0	0	0	0	0	0	0	0	0	0	500	0	0	0	0	
500	0	0	0	0	0	0	0	0	0	0	0	0	0	0	500	0	0	0	0	0	0	0	0	0	0	0	0	0	0	0	0	0	0	0	500	0	0	0	0	0	0	0	0	0	500	0	0	0	0	0	0	0	0	0	0	0	0	0	0	
0	0	0	0	0	0	0	0	0	0	0	0	0	500	0	0	0	0	0	0	0	0	0	0	0	0	0	0	0	500	0	0	0	0	0	0	0	0	0	0	0	0	0	0	0	0	0	500	0	0	0	500	0	0	0	0	0	0	0	0	
0	0	0	500	500	0	0	0	0	500	0	0	0	0	0	0	0	0	0	0	0	0	0	0	0	0	0	0	0	0	0	0	0	0	0	0	0	0	0	0	0	0	0	0	0	0	0	0	0	0	0	0	0	0	500	0	0	0	0	0	
0	0	0	0	0	0	0	0	0	0	0	0	0	0	0	0	0	0	500	0	0	0	0	0	0	0	0	0	0	0	0	0	0	0	0	0	0	0	0	0	0	0	0	0	0	0	0	0	500	0	0	0	0	0	0	500	0	500	0	0	
0	500	0	0	0	0	0	0	0	0	0	0	0	0	500	0	0	0	0	0	500	0	0	0	0	0	0	0	0	0	0	0	0	0	0	0	0	0	0	0	0	0	0	0	500	0	0	0	0	0	0	0	0	0	0	0	0	0	0	0	
0	0	0	0	0	0	0	0	0	500	0	0	0	500	0	0	0	0	0	0	0	0	0	0	0	500	0	0	0	0	0	0	0	0	0	0	0	0	0	0	0	0	0	0	0	0	0	500	0	0	0	0	0	0	0	0	0	0	0	0	
0	0	0	0	0	500	0	0	500	0	0	0	0	0	0	0	0	0	0	0	0	0	0	0	0	0	0	0	0	0	0	0	0	0	0	0	0	500	0	0	0	0	0	0	0	0	0	0	0	0	500	0	0	0	0	0	0	0	0	0	
0	0	0	0	0	0	0	0	0	0	0	500	0	0	0	0	0	0	0	0	0	0	0	0	0	0	0	0	0	0	0	0	0	0	0	0	500	0	0	0	0	0	0	0	0	0	500	0	0	0	500	0	0	0	0	0	0	0	0	0	
0	0	0	0	0	0	0	0	0	0	0	0	0	0	0	0	0	0	0	0	0	500	0	0	0	0	0	0	0	0	0	0	0	0	0	0	0	0	0	0	0	0	0	0	0	0	0	0	0	0	0	500	0	0	500	0	0	500	0	0	
0	0	0	0	0	0	0	0	0	0	0	0	0	0	0	0	500	0	0	0	0	0	500	0	0	0	0	0	0	0	0	0	0	0	0	0	0	500	0	0	0	0	0	0	0	0	0	0	0	0	0	0	0	500	0	0	0	0	0	0	
0	0	0	0	0	0	0	0	0	0	0	0	0	0	0	0	0	0	0	500	0	0	0	0	0	0	0	0	0	0	0	0	0	0	0	0	0	0	0	0	0	0	0	0	0	0	0	0	500	0	0	0	0	0	0	0	0	500	500	0	
500	0	0	0	0	0	0	0	0	0	0	500	0	0	0	500	0	0	0	0	0	0	0	0	500	0	0	0	0	0	0	0	0	0	0	0	0	0	0	0	0	0	0	0	0	0	0	0	0	0	0	0	0	0	0	0	0	0	0	0	
0	0	0	0	0	0	0	0	0	0	0	500	0	0	0	0	0	0	0	0	0	0	0	0	0	0	0	0	0	0	0	500	0	0	0	0	0	0	0	0	0	0	0	0	0	500	500	0	0	0	0	0	0	0	0	0	0	0	0	0	
0	0	0	0	0	500	0	0	500	0	0	0	0	0	0	0	0	0	0	0	0	0	0	0	0	0	0	0	0	0	500	0	0	500	0	0	0	0	0	0	0	0	0	0	0	0	0	0	0	0	0	0	0	0	0	0	0	0	0	0	
0	0	0	0	0	0	0	0	0	0	500	0	0	0	0	0	0	0	0	0	0	0	0	0	0	0	0	0	0	0	0	0	0	0	0	0	0	0	0	500	0	0	0	0	500	0	0	0	0	0	0	0	0	0	0	0	500	0	0	0	
0	0	0	0	0	0	0	0	0	0	500	0	0	0	0	0	0	0	0	0	0	0	0	0	0	0	0	0	0	0	0	0	0	0	0	0	0	0	500	0	0	0	0	0	500	0	0	0	0	500	0	0	0	0	0	0	0	0	0	0	
0	0	0	0	0	0	500	0	0	0	0	0	0	0	0	0	0	500	0	0	0	0	0	0	0	0	0	0	0	0	0	0	0	0	0	0	0	0	0	0	0	500	0	0	0	0	0	0	0	0	0	0	500	0	0	0	0	0	0	0	
0	0	0	0	0	0	500	0	0	0	0	0	0	0	0	0	0	500	500	0	0	0	0	0	0	0	0	0	0	0	0	0	0	0	0	0	0	0	0	0	500	0	0	0	0	0	0	0	0	0	0	0	0	0	0	0	0	0	0	0	
0	0	0	0	0	0	0	0	0	0	0	0	0	0	0	0	0	0	0	0	0	0	0	0	0	0	0	0	0	0	0	0	0	0	0	0	0	0	0	0	0	0	0	0	0	0	0	0	500	500	0	500	0	0	0	0	0	0	500	0	
0	0	0	0	0	0	0	0	0	0	0	0	0	0	0	0	0	0	0	0	0	0	0	500	0	0	0	0	0	0	0	0	0	0	0	0	0	0	0	0	0	0	0	0	0	0	0	0	0	0	0	0	500	500	0	0	0	0	500	0	
0	500	0	0	0	0	0	0	0	0	0	0	0	0	0	0	0	0	0	0	0	0	0	0	0	0	0	0	500	0	0	0	0	0	0	0	0	0	500	500	0	0	0	0	0	0	0	0	0	0	0	0	0	0	0	0	0	0	0	0	
500	0	0	0	0	0	0	0	0	0	0	0	0	0	0	500	0	0	0	0	0	0	0	0	500	0	0	0	0	0	0	0	0	0	0	0	500	0	0	0	0	0	0	0	0	0	0	0	0	0	0	0	0	0	0	0	0	0	0	0	
0	0	0	0	0	0	0	0	0	0	0	0	0	0	0	0	0	0	0	0	0	0	0	0	0	0	0	0	0	0	0	500	0	0	0	0	500	0	0	0	0	0	0	0	0	0	0	0	0	0	0	0	500	500	0	0	0	0	0	0	
0	0	0	500	500	0	0	0	0	0	0	0	0	0	0	0	0	0	0	0	0	0	0	0	0	500	0	0	0	500	0	0	0	0	0	0	0	0	0	0	0	0	0	0	0	0	0	0	0	0	0	0	0	0	0	0	0	0	0	0	
0	0	0	0	0	0	0	500	0	0	0	0	0	0	0	0	0	0	0	0	0	0	0	0	0	0	0	500	0	0	0	0	0	0	500	0	0	0	0	0	0	0	500	0	0	0	0	0	0	0	0	0	0	0	0	0	0	0	0	0	
500	0	0	0	0	0	0	0	0	0	0	0	0	0	0	0	0	0	0	500	0	0	0	0	0	0	0	0	0	0	0	0	0	0	0	0	0	0	0	500	0	0	500	0	0	0	0	0	0	0	0	0	0	0	0	0	0	0	0	0	
0	0	0	0	0	500	0	0	500	0	0	0	0	0	0	0	0	0	0	0	0	0	0	0	0	0	0	0	0	0	500	500	0	0	0	0	0	0	0	0	0	0	0	0	0	0	0	0	0	0	0	0	0	0	0	0	0	0	0	0	
0	0	0	0	0	0	0	0	0	0	0	0	0	500	0	0	0	0	0	0	0	0	0	0	0	500	0	0	0	0	0	0	500	0	0	0	0	0	0	0	0	0	500	0	0	0	0	0	0	0	0	0	0	0	0	0	0	0	0	0	
0	0	0	0	0	0	0	0	0	0	0	0	0	500	0	0	0	0	0	0	0	0	0	0	0	0	0	0	0	0	0	0	0	0	0	0	0	0	0	0	500	0	0	500	0	0	500	0	0	0	0	0	0	0	0	0	0	0	0	0	
0	0	0	0	0	0	0	0	0	0	0	0	0	0	0	0	500	0	0	0	0	0	0	0	0	0	0	0	0	0	0	0	0	500	0	0	0	0	0	0	0	0	0	500	0	0	500	0	0	0	0	0	0	0	0	0	0	0	0	0	
0	0	0	500	0	0	0	0	0	500	0	0	0	0	0	0	0	0	0	0	0	0	0	0	0	0	500	0	0	0	0	0	500	0	0	0	0	0	0	0	0	0	0	0	0	0	0	0	0	0	0	0	0	0	0	0	0	0	0	0	
0	0	500	0	0	0	0	500	0	0	0	0	0	0	0	0	0	0	0	0	0	0	0	500	0	0	0	500	0	0	0	0	0	0	0	0	0	0	0	0	0	0	0	0	0	0	0	0	0	0	0	0	0	0	0	0	0	0	0	0	
0	0	0	0	0	0	0	0	0	0	500	0	0	0	500	0	0	0	0	0	500	0	0	0	0	0	0	0	0	0	0	0	0	0	0	0	0	0	500	0	0	0	0	0	0	0	0	0	0	0	0	0	0	0	0	0	0	0	0	0	
0	0	0	0	0	0	0	0	0	0	0	0	0	0	0	0	0	0	0	0	0	500	0	0	0	0	0	500	0	0	0	0	500	0	500	0	0	0	0	0	0	0	0	0	0	0	0	0	0	0	0	0	0	0	0	0	0	0	0	0	
0	0	0	0	0	0	0	0	0	0	0	0	0	0	0	0	0	0	0	500	0	0	0	0	0	0	0	0	0	0	0	0	0	0	500	0	0	0	0	0	0	0	500	500	0	0	0	0	0	0	0	0	0	0	0	0	0	0	0	0	
0	0	0	0	0	0	500	0	0	0	0	0	0	0	0	0	0	500	500	0	0	500	0	0	0	0	0	0	0	0	0	0	0	0	0	0	0	0	0	0	0	0	0	0	0	0	0	0	0	0	0	0	0	0	0	0	0	0	0	0	
0	15	16	34	3	51	3	11	39	14	36	35	24	35	14	53	3	8	36	7	46	9	1	51	45	37	16	1	38	10	27	54	45	12	15	11	23	57	21	49	58	42	42	33	30	31	3	41	33	46	32	4	39	35	4	33	33	5	2	56	25	54	9	22	7	34	24	4	20	12	5	28	26	18	37	41	25	44	29	54	47	56	9	6	20	23	8	0	30	49	25	40	56	8	11	16	6	53	45	35	18	16	17	43	3	27	40	34	18	46	43	8	46	36	39	41	59	11	25	4	51	31	22	58	37	39	30	54	5	57	32	42	17	33	11	17	10	13	24	20	50	54	8	10	46	8	11	54	32	45	47	0	26	54	14	32	20	46	44	30	43	14	59	22	2	2	40	31	58	17	51	9	54	42	44	23	51	21	16	51	35	19	19	2	14	1	29	40	16	47	22	49	20	58	41	12	4	7	15	58	32	29	57	21	40	38	46	45	19	13	25	28	46	16	47	49	37	26	39	7	36	42	16	30	14	29	1	44	13	49	9	43	58	5	2	7	1	12	29	49	46	28	28	41	29	23	2	51	58	7	58	48	50	19	23	23	19	35	41	24	33	6	28	40	32	38	37	20	12	37	43	33	38	23	50	32	56	40	38	21	31	49	3	47	17	43	58	42	36	19	12	45	9	12	39	54	8	15	4	41	30	50	22	20	1	0	44	36	16	40	19	37	22	38	58	3	26	35	23	32	41	54	37	16	11	3	40	35	54	27	9	51	14	18	4	43	5	55	7	32	52	1	42	23	45	15	30	56	24	45	2	7	22	7	27	56	9	12	26	3	16	30	12	36	34	46	35	56	45	19	59	44	36	58	51	43	32	27	39	14	11	59	43	8	48	30	53	4	46	45	11	12	7	41	28	8	45	27	30	0	27	14	54	57	8	40	23	19	45	55	41	32	26	0	18	4	43	55	31	23	27	4	41	56	4	4	14	36	6	57	50	10	34	21	37	7	4	44	36	36	17	46	10	24	4	56	59	28	31	1	43	33	57	2	54	42	33	19	15	3	45	3	4	51	36	13	51	53	18	3	40	35	37	49	57	18	13	22	38	29	47	11	50	20	20	20	29	34	20	28	52	14	40	11	15	48	58	5	50	41	3	43	36	2	38	59	8	57	18	5	24	27	5	12	35	30	1	8	57	7	29	54	56	12	15	27	5	17	35	5	15	52	58	11	21	46	59	23	2	30	39	4	48	45	34	14	41	34	43	33	32	24	35	33	5	10	44	0	13	18	20	45	26	20	44	1	47	32	25	17	58	39	15	14	6	14	18	56	34	46	39	18	18	0	34	19	9	44	59	21	23	52	4	6	52	47	31	47	48	31	8	51	18	12	25	28	10	22	7	55	51	57	6	31	15	45	7	20	15	29	23	28	4	50	22	12	34	48	37	49	27	15	26	12	27	47	7	7	35	23	42	4	16	32	15	35	59	54	51	38	56	40	44	37	54	38	1	46	48	27	23	9	24	48	42	28	22	53	58	37	27	21	47	28	41	50	42	41	20	32	37	13	49	4	11	13	29	21	50	41	26	5	43	58	2	50	20	36	35	5	35	5	31	50	45	7	44	2	9	13	10	20	55	45	34	43	31	24	40	5	55	23	43	52	21	16	16	25	16	26	14	2	10	14	43	12	3	34	53	49	57	11	52	41	27	15	26	18	2	15	32	10	27	40	39	44	12	45	30	6	20	16	57	24	30	44	16	20	56	44	48	23	38	43	18	13	23	20	28	39	37	16	21	44	25	41	2	35	44	8	29	3	18	18	11	42	26	22	42	56	58	14	20	7	55	32	43	19	20	23	8	51	37	39	49	28	44	37	0	54	47	48	6	14	37	28	9	46	46	5	57	42	29	6	46	19	35	39	21	3	21	38	37	36	43	52	41	32	29	53	37	10	8	49	55	29	54	13	40	27	55	53	24	38	38	32	18	37	56	16	39	15	41	47	36	42	49	24	27	44	37	16	53	10	27	13	58	33	40	7	33	28	7	36	22	6	2	59	16	27	2	23	38	6	58	15	41	47	24	4	51	18	25	18	52	57	31	12	2	49	45	50	0	53	25	12	3	38	40	55	47	33	13	49	36	12	7	14	35	58	44	3	23	1	41	46	46	35	9	25	48	41	2	10	8	39	16	49	41	42	19	24	52	17	50	53	13	44	52	52	9	27	51	8	32	56	8	21	8	0	5	57	1	47	21	35	0	19	33	3	56	40	0	47	4	26	12	5	28	7	40	15	40	23	51	12	35	45	0	7	21	15	13	10	51	57	38	33	37	36	52	6	9	1	52	54	4	28	19	14	34	24	53	10	0	46	19	16	48	9	2	47	6	50	40	31	44	52	22	6	0	41	16	50	54	32	2	15	39	44	10	5	11	46	36	53	8	21	54	12	23	9	3	46	26	50	27	30	28	51	23	20	14	14	3	37	53	33	28	48	51	45	55	47	19	18	7	18	33	24	55	52	34	2	50	22	32	3	2	23	37	45	24	2	10	1	48	21	31	50	43	42	1	26	58	14	40	9	2	37	1	13	41	21	5	13	38	50	21	9	48	8	27	58	2	34	5	40	30	49	12	51	7	3	39	53	16	3	8	39	42	1	22	56	51	11	18	35	55	32	53	37	47	29	36	47	3	55	53	59	27	21	22	37	50	36	11	54	23	27	55	40	36	32	5	3	37	34	54	31	31	52	7	6	13	57	19	43	26	28	24	45	55	52	31	43	27	25	32	11	29	10	6	2	20	49	55	7	13	27	52	1	18	29	12	21	52	18	1	59	8	31	28	31	46	5	3	0	14	25	54	18	0	3	40	0	23	16	22	17	41	40	36	33	0	18	6	21	24	12	22	3	48	40	2	26	42	28	7	27	42	1	16	32	20	31	43	9	17	35	45	31	27	7	58	56	1	21	49	37	40	13	6	40	27	18	54	38	15	33	35	26	15	25	18	34	9	9	12	51	36	51	25	37	43	38	8	16	22	36	23	16	33	11	58	13	27	26	49	33	42	23	48	35	20	24	43	29	43	29	14	31	58	30	59	10	15	56	22	43	6	41	15	12	27	45	11	3	45	51	37	56	45	48	37	8	28	33	33	19	4	53	36	30	3	31	47	28	34	52	10	6	15	27	57	42	51	49	53	57	10	51	53	47	29	50	12	30	3	5	19	39	51	6	35	21	2	49	25	58	6	25	58	27	10	19	55	0	30	3	48	33	26	44	48	47	57	33	26	33	18	47	20	29	10	54	4	7	37	19	3	52	13	1	59	44	32	5	23	13	7	29	27	57	25	28	1	47	26	46	59	32	59	39	11	5	56	18	22	15	29	48	49	0	10	29	46	4	43	23	41	31	31	43	50	36	7	33	6	36	58	57	39	38	21	52	35	20	19	15	55	42	22	26	44	56	2	26	53	7	2	34	21	26	32	24	33	38	9	16	28	40	33	26	45	55	7	41	18	5	49	25	52	23	46	40	36	37	31	29	12	34	22	48	43	53	21	11	16	10	5	52	48	46	39	3	26	46	53	11	42	38	38	39	40	29	1	58	32	51	8	21	40	2	51	28	52	32	13	34	9	57	22	
12	33	42	58	25	20	9	30	2	13	43	12	18	8	37	36	23	54	33	28	26	44	51	52	15	23	8	46	13	16	14	27	35	36	13	51	43	4	43	4	42	49	28	42	57	37	25	19	9	27	11	39	50	14	52	40	6	38	24	3	50	51	56	12	35	12	2	56	30	17	46	14	32	55	13	33	53	11	41	18	31	30	14	23	23	5	34	21	58	18	40	8	33	16	27	54	13	21	40	11	6	51	42	57	14	45	16	40	42	42	59	46	59	18	22	44	34	34	28	22	19	38	38	6	49	53	11	21	39	11	30	30	23	2	4	14	32	28	45	4	14	18	40	50	36	39	35	13	54	34	15	38	18	58	9	8	44	53	2	44	24	49	16	24	31	49	20	53	19	0	29	43	49	11	49	18	1	34	11	6	54	25	21	47	54	47	21	30	23	1	53	30	24	21	7	44	54	46	20	27	4	13	32	15	33	47	4	12	15	14	19	30	14	44	59	38	44	13	13	40	52	51	4	22	47	56	26	21	47	51	38	26	22	45	50	3	33	30	44	56	54	39	3	1	15	2	20	29	3	45	29	7	7	29	0	11	27	41	50	6	45	30	47	24	55	6	55	53	28	35	44	28	39	18	18	47	54	36	26	38	19	27	43	11	31	42	15	51	2	48	50	17	49	20	21	56	40	35	1	22	57	31	29	19	8	15	36	13	32	37	7	44	4	24	5	47	48	31	0	58	36	59	16	34	39	4	22	45	33	10	8	48	27	37	28	46	17	26	55	17	20	33	23	52	28	0	7	3	4	7	50	14	30	11	6	49	18	43	7	18	49	7	46	34	44	58	49	14	1	23	0	17	40	50	34	15	7	42	29	0	46	25	34	52	52	25	10	10	56	25	53	34	4	48	44	48	20	30	35	49	16	34	14	26	22	13	52	59	56	16	36	35	16	50	3	44	55	1	17	11	2	7	57	7	19	38	30	44	25	6	1	22	15	28	6	38	28	38	31	23	58	11	32	47	19	22	46	25	37	9	51	39	5	48	40	3	39	31	49	53	44	54	9	38	9	39	36	58	43	51	28	16	50	40	31	40	35	52	40	6	42	24	47	44	58	4	41	54	38	11	51	18	3	15	54	15	32	43	0	51	11	2	22	22	59	49	10	15	54	44	7	39	19	1	10	34	8	28	53	13	42	12	54	48	45	57	51	21	32	24	50	23	21	19	35	3	2	10	54	53	16	15	25	21	30	36	0	32	55	1	20	17	17	7	36	27	50	51	45	55	19	57	24	28	13	46	23	39	43	50	51	10	32	34	16	31	26	26	13	45	27	30	54	59	27	25	54	24	17	20	10	42	42	3	0	20	5	49	22	46	39	45	16	36	59	25	6	1	49	46	47	29	12	57	23	2	5	27	2	28	51	14	12	12	36	41	36	15	7	50	20	39	20	47	18	36	23	9	38	28	10	5	20	46	40	43	53	39	25	24	6	5	59	20	1	17	29	24	2	36	35	0	39	3	31	58	27	23	17	34	41	28	9	6	34	49	54	44	14	10	40	37	59	5	15	35	49	41	39	47	54	35	58	11	15	22	25	9	39	33	31	26	51	30	54	34	29	13	22	45	33	35	11	22	37	4	5	5	0	38	15	42	48	53	14	26	51	59	6	30	30	45	48	21	47	14	27	18	36	2	29	5	53	26	50	40	34	17	0	47	1	8	12	23	5	31	10	4	59	36	53	41	30	44	12	6	41	38	40	16	13	29	57	47	53	48	9	35	49	45	5	18	58	31	22	3	25	31	45	25	52	59	43	40	24	1	38	32	58	57	3	46	11	16	23	7	44	50	58	59	17	10	33	34	50	55	24	31	38	12	36	42	59	21	13	10	27	20	23	7	33	25	33	55	7	54	38	4	10	30	56	56	23	56	44	39	38	49	18	27	1	15	56	52	33	19	7	46	29	7	1	28	45	52	4	8	29	51	45	53	27	36	6	14	56	18	46	58	17	29	26	0	24	26	48	44	17	49	54	2	52	59	14	2	23	26	0	17	9	34	42	26	28	43	4	50	23	58	35	12	6	8	49	13	36	2	30	10	9	13	34	17	21	23	41	55	43	27	26	24	15	31	50	57	3	53	49	42	0	43	51	19	20	41	38	51	48	14	2	14	45	51	34	57	15	34	3	51	40	12	56	31	10	43	42	41	3	1	22	40	18	51	3	3	46	48	1	42	33	11	58	34	26	2	18	59	25	30	46	32	36	45	53	59	21	34	13	50	34	59	32	20	26	59	42	38	17	52	33	28	59	58	36	28	27	48	17	42	0	23	47	44	0	41	26	30	51	46	24	57	48	1	27	23	25	44	32	48	24	55	43	51	24	20	36	21	59	22	34	43	28	13	19	10	56	37	10	39	33	32	58	52	36	24	49	17	29	59	52	24	54	14	10	22	47	1	36	59	46	27	24	2	55	58	41	44	48	30	50	47	15	5	1	23	31	11	56	16	46	7	56	34	23	4	46	54	21	1	50	38	58	2	40	19	7	51	25	52	49	30	54	20	25	25	13	59	5	22	46	4	51	18	37	39	57	19	49	13	39	21	47	39	30	46	8	1	25	53	27	39	38	16	58	31	30	18	56	38	39	27	17	48	53	40	35	4	8	31	50	20	52	9	39	17	32	39	21	41	23	30	25	28	39	3	35	12	49	32	56	22	10	20	39	51	32	43	5	28	7	15	29	20	55	38	21	38	52	19	52	11	36	31	9	34	21	44	13	5	38	55	56	55	17	9	24	44	58	33	36	24	48	54	33	32	52	2	47	14	19	52	35	34	41	18	40	43	35	9	25	44	16	57	33	46	46	37	2	23	38	47	36	54	38	44	17	37	23	38	21	52	30	19	12	43	5	37	45	0	36	39	4	0	51	47	50	30	0	58	59	33	11	44	43	29	4	22	13	16	4	52	24	4	10	56	32	19	3	44	20	11	29	13	6	52	43	9	57	28	46	59	42	12	15	1	24	5	19	26	3	48	15	14	8	22	59	2	11	6	7	23	12	52	19	47	38	19	17	12	55	49	10	40	30	42	52	51	21	46	49	17	20	55	24	33	42	24	15	29	41	29	15	48	42	4	7	44	17	10	40	34	34	56	38	36	43	20	17	54	6	35	2	52	24	34	31	5	45	13	40	12	25	54	29	36	34	34	14	44	29	28	22	53	16	50	22	55	52	52	15	16	31	8	34	38	52	10	15	9	52	35	45	13	53	30	49	17	27	9	41	26	32	51	53	38	31	34	18	44	4	10	46	29	2	39	52	24	24	58	58	10	15	24	30	18	41	21	31	23	40	30	40	48	35	12	53	32	46	44	37	57	37	41	48	41	23	41	5	25	37	31	9	21	52	17	17	7	43	8	17	1	36	21	53	25	55	4	38	46	46	43	51	3	2	29	0	4	40	42	18	18	57	27	20	35	22	48	7	11	19	27	40	15	35	5	24	58	20	33	31	7	14	46	43	30	37	58	59	19	28	13	55	20	10	24	9	55	28	51	59	50	25	14	42	36	52	43	41	5	19	20	17	45	21	29	17	59	2	0	2	6	21	13	56	31	31	24	25	13	12	28	14	6	11	
17	11	5	4	13	16	12	6	19	14	13	2	20	7	2	20	2	15	3	11	5	16	16	11	2	18	5	9	15	3	12	18	11	7	13	3	17	5	15	13	18	6	5	1	9	12	1	16	1	7	4	15	14	1	19	3	9	18	10	5	4	12	15	18	3	20	11	19	11	14	2	1	17	15	19	9	3	5	13	9	17	1	18	16	4	3	19	12	13	16	20	14	14	14	15	11	3	14	5	16	13	12	19	15	18	2	17	3	14	20	10	2	18	19	5	9	19	6	8	2	2	19	3	8	1	1	20	13	20	17	9	19	1	19	16	6	1	12	13	1	16	19	12	7	20	9	7	2	3	14	12	7	7	19	12	5	20	12	15	3	15	4	8	6	12	7	3	10	1	10	3	4	8	1	13	3	15	8	5	7	5	14	2	10	12	7	1	7	6	10	2	10	10	8	3	7	11	11	6	14	6	13	15	12	8	1	2	2	16	2	11	2	2	8	12	13	12	14	9	12	16	6	16	9	3	3	5	7	3	6	8	10	3	6	7	4	1	8	16	1	8	4	13	13	6	10	3	5	3	10	12	3	13	13	10	4	9	5	1	3	6	15	10	6	1	15	9	9	8	15	6	10	13	11	7	12	13	11	2	6	10	7	8	5	2	2	6	8	2	8	15	4	11	3	8	10	5	8	3	15	5	2	9	11	11	15	11	9	6	3	7	4	2	3	5	14	8	13	11	13	4	6	3	9	1	16	9	16	7	2	15	6	15	2	7	2	13	6	14	15	4	15	14	1	7	16	7	2	15	8	16	14	12	16	5	10	10	11	11	8	9	4	10	7	7	16	16	1	8	4	11	6	15	5	10	16	13	8	4	15	8	10	12	12	7	4	8	14	9	8	4	12	12	14	16	10	11	10	4	4	9	5	13	8	4	10	5	14	12	4	7	13	2	7	6	14	5	16	12	15	13	10	7	13	4	14	12	8	4	9	7	12	3	14	13	8	4	2	14	7	7	2	2	1	10	14	9	16	8	10	2	5	9	15	8	11	16	15	8	3	6	8	11	9	3	9	5	13	8	16	9	16	9	15	1	4	16	11	10	14	2	7	15	4	8	13	14	15	9	12	5	1	2	10	8	9	14	16	16	11	12	6	2	2	8	3	16	16	7	16	13	1	4	8	9	15	8	15	4	14	8	4	3	9	9	14	9	14	9	10	11	1	16	7	10	7	5	6	16	3	9	10	14	8	3	10	8	8	13	1	11	2	13	9	8	6	3	6	11	16	11	10	6	13	14	3	4	4	6	8	6	4	16	2	16	6	16	4	1	1	15	9	14	6	4	4	14	8	5	7	3	11	3	1	14	16	10	12	8	4	5	11	11	15	5	3	1	5	6	8	4	16	6	3	6	3	10	3	1	14	5	10	6	5	10	12	1	1	16	11	15	12	4	11	15	9	7	11	10	14	11	4	16	15	2	4	9	11	2	16	13	5	14	3	8	2	5	14	11	4	3	1	14	12	5	6	4	14	7	14	15	8	14	7	8	9	14	7	7	13	2	5	7	9	4	1	1	15	14	7	10	9	16	2	10	6	8	13	8	11	9	11	11	13	16	9	1	6	12	9	5	3	15	4	12	6	16	4	15	10	12	11	16	5	11	7	4	4	12	13	3	13	12	4	8	5	8	6	16	14	4	3	15	15	14	3	11	5	3	11	12	14	7	8	15	14	1	4	14	11	16	11	3	13	16	5	13	15	10	4	8	1	15	5	16	13	7	14	14	12	6	5	4	11	16	2	8	3	16	5	3	8	2	12	1	12	5	15	12	2	13	6	7	14	9	8	3	4	2	4	16	15	8	3	16	8	11	5	3	1	3	1	14	10	6	12	8	14	14	14	7	8	11	1	7	10	12	8	4	16	8	8	13	5	8	7	11	4	15	2	12	16	1	15	15	16	7	14	15	1	9	5	4	15	11	7	12	15	12	13	8	12	9	7	12	7	4	14	6	9	5	2	11	4	14	6	15	9	11	11	1	11	10	16	5	2	5	12	14	5	7	6	5	14	16	1	1	4	10	10	1	8	15	14	5	1	2	11	7	14	3	4	14	14	15	6	3	9	10	7	16	14	13	11	13	10	7	7	4	2	12	14	11	16	4	15	16	12	15	1	7	7	7	14	12	10	15	16	9	12	12	9	11	7	8	13	2	16	12	4	10	16	16	9	16	3	8	16	10	3	15	15	12	6	11	8	12	4	5	6	8	12	16	3	16	8	13	3	6	12	8	4	12	9	14	1	5	4	8	5	3	9	13	6	8	7	10	13	13	3	15	2	6	10	6	8	6	6	8	16	4	9	10	13	5	4	8	16	15	16	4	3	14	3	3	15	4	9	7	11	6	9	9	5	8	15	2	7	16	15	1	10	5	1	13	6	7	5	5	13	2	14	8	13	12	15	11	5	2	6	6	16	10	2	1	11	15	13	15	6	4	5	7	9	10	6	14	14	6	2	4	5	7	4	15	14	13	4	9	9	2	12	14	11	13	13	16	9	13	2	7	5	1	14	1	5	8	8	13	14	11	10	10	3	12	13	5	11	15	14	2	15	7	10	13	7	6	12	11	7	1	12	4	8	2	14	12	5	1	1	16	2	12	10	5	13	13	14	11	8	16	7	4	11	7	3	16	8	16	7	2	14	8	13	12	1	2	4	9	2	15	13	14	15	5	14	8	10	4	2	13	10	15	15	7	14	10	4	9	9	6	6	10	2	10	14	14	4	9	11	5	13	2	5	1	16	11	14	9	15	8	6	12	12	5	16	12	6	7	9	5	15	12	8	1	4	6	9	3	10	2	7	13	9	13	11	4	12	9	7	13	16	3	5	5	13	11	15	11	10	11	4	9	16	5	16	2	9	15	11	5	3	10	11	2	13	9	2	14	14	11	11	2	7	2	16	12	9	6	14	13	3	12	5	13	4	13	7	9	12	3	16	12	10	13	6	2	14	9	4	10	4	4	12	16	15	1	6	8	3	11	4	9	5	15	4	3	1	9	15	4	13	15	7	5	2	5	15	15	1	3	7	12	7	15	15	7	3	7	13	7	2	14	16	8	4	2	14	16	3	15	11	6	10	5	4	8	16	5	10	11	4	15	13	1	2	10	2	13	15	9	3	8	9	5	1	6	14	16	10	1	8	5	5	13	1	12	4	4	3	16	13	12	10	15	7	10	12	2	14	15	11	7	4	12	11	1	9	15	3	11	9	11	9	8	4	5	10	8	4	12	1	10	2	13	15	7	2	6	12	8	3	8	8	3	3	8	7	15	6	12	7	1	15	10	14	15	10	4	9	1	11	8	16	14	8	9	15	14	10	5	11	8	14	7	6	6	14	4	1	13	16	8	6	13	16	1	5	6	7	2	13	4	5	5	3	8	16	15	2	8	8	8	4	11	14	15	10	7	5	2	5	9	5	14	7	2	8	11	5	16	10	12	7	10	1	5	10	6	3	3	3	1	12	5	13	8	6	7	14	7	5	11	1	6	16	11	2	10	8	2	3	11	4	7	2	2	10	3	10	7	14	15	6	13	14	12	13	4	14	15	15	7	10	8	3	9	11	3	2	7	10	9	
460	280	1000	730	430	230	580	820	240	850	380	850	630	960	720	670	740	670	770	900	940	640	330	640	750	960	880	410	100	490	960	230	950	400	600	890	880	340	710	310	460	710	120	370	590	170	920	870	540	130	570	830	730	200	110	280	830	860	870	870	930	880	760	910	210	620	810	240	180	940	200	780	610	360	530	630	590	490	500	740	460	940	480	310	710	550	370	240	230	890	120	640	150	800	290	670	800	720	450	410	850	760	540	970	360	420	510	490	240	580	170	120	960	910	800	910	410	430	760	260	450	690	990	280	360	790	200	190	520	320	830	180	750	400	370	590	590	800	670	580	730	520	230	560	400	210	900	520	770	730	110	770	410	120	100	810	880	400	840	780	300	200	680	690	990	710	330	360	150	730	670	630	360	220	100	760	440	540	770	230	500	200	830	780	750	840	220	620	340	840	320	610	480	820	480	590	260	260	400	980	220	240	200	120	180	780	330	250	740	740	990	420	700	660	170	650	770	280	590	430	900	520	150	350	920	290	810	650	760	410	300	750	710	920	170	760	110	590	800	870	540	520	760	600	260	680	700	600	760	990	320	860	240	620	870	810	660	750	150	250	570	750	360	990	780	320	200	670	100	610	280	970	180	780	700	760	250	460	800	910	520	330	630	400	650	530	820	250	1000	230	940	210	750	480	350	370	100	390	290	890	320	800	190	860	200	590	750	420	1000	920	260	650	890	230	610	900	750	150	960	190	820	910	770	320	360	110	500	300	610	180	170	560	740	490	350	950	570	180	960	570	310	960	970	510	580	540	910	590	610	560	720	480	930	650	960	750	770	670	420	310	370	730	360	140	760	790	790	830	740	460	450	540	610	510	540	580	110	440	940	600	960	640	280	920	890	980	490	210	310	390	160	360	610	390	840	480	840	130	950	910	120	260	520	710	1000	540	280	340	560	270	280	130	160	550	840	260	230	640	520	690	450	660	130	1000	910	440	780	440	770	640	230	640	600	550	610	440	190	220	480	180	110	210	920	860	900	100	660	180	340	130	490	920	560	530	240	820	310	180	170	720	870	780	230	420	350	340	660	770	330	100	470	630	750	460	590	820	790	450	250	430	980	710	450	130	900	500	130	690	920	420	880	780	500	840	590	820	800	210	620	800	440	670	590	700	280	870	990	240	900	610	470	730	120	470	500	120	500	390	540	820	970	470	650	330	590	940	710	750	810	120	760	190	550	390	390	150	550	350	490	260	920	290	570	630	750	940	800	250	730	260	460	690	800	730	630	580	410	500	760	230	160	700	840	790	360	130	990	920	540	390	430	280	830	660	660	470	620	890	580	150	760	680	340	350	560	220	660	450	210	380	920	190	590	840	560	300	820	970	330	510	260	550	740	360	1000	670	460	270	770	580	460	130	270	200	560	640	840	440	330	910	700	540	310	160	790	320	450	630	900	220	170	240	630	770	930	940	480	870	990	300	140	720	460	420	530	1000	410	270	350	510	680	190	610	980	700	820	930	550	400	280	410	180	270	500	270	560	570	500	750	870	170	150	230	220	620	100	340	910	300	840	360	500	160	370	820	180	630	590	150	500	730	740	920	910	930	100	460	900	540	660	780	170	910	950	1000	440	260	810	200	400	840	410	650	240	1000	480	850	360	900	830	290	870	370	180	980	510	920	680	400	580	560	810	700	440	410	560	160	670	860	660	610	920	370	530	350	940	240	310	870	790	780	550	260	440	370	660	580	700	270	570	500	790	230	930	970	200	250	110	230	160	790	690	770	330	250	220	880	380	690	960	940	160	720	490	110	450	260	770	620	570	710	140	170	890	980	930	280	590	980	180	240	560	860	840	670	840	900	890	430	810	480	410	740	740	740	690	810	100	410	950	460	240	330	890	960	810	470	450	320	710	970	670	850	650	530	510	500	640	180	490	830	940	420	530	620	960	990	130	990	750	410	120	200	490	600	130	380	320	420	290	890	240	520	690	620	170	620	560	650	820	990	400	620	540	930	880	170	360	610	750	800	340	910	180	890	710	260	250	440	750	580	530	130	800	200	250	830	720	770	220	460	660	680	940	840	350	280	860	200	650	760	510	760	810	580	620	660	630	490	650	630	520	550	610	620	650	760	1000	510	860	420	370	750	840	330	980	810	130	360	740	830	650	480	480	780	340	890	300	700	500	440	560	950	300	540	470	220	320	830	480	700	440	890	800	410	700	510	510	940	900	720	950	810	720	870	830	600	450	280	790	590	400	560	650	920	300	720	220	600	380	110	660	870	850	910	920	450	960	910	730	460	650	280	340	840	830	250	540	900	1000	390	630	780	110	900	520	880	710	290	210	170	720	890	990	750	440	420	840	930	990	540	970	630	470	650	520	700	630	700	1000	110	460	580	170	710	670	120	880	440	620	270	480	930	430	550	520	140	960	560	610	920	640	220	320	320	660	340	700	880	710	240	210	220	970	820	820	240	830	280	520	100	660	210	360	510	320	930	330	920	890	660	180	590	370	390	540	640	530	580	390	550	990	190	240	710	150	910	590	430	400	400	220	150	580	940	450	110	410	920	930	570	820	970	350	870	750	880	510	560	730	950	620	620	520	720	310	410	720	620	510	140	590	650	280	360	870	590	100	930	950	710	880	260	220	470	1000	930	690	630	950	790	640	630	480	380	460	990	830	830	390	980	910	910	840	330	850	990	960	370	380	530	730	570	260	480	250	120	520	730	620	710	120	350	150	150	140	610	390	780	590	360	130	690	150	860	470	230	710	240	830	110	640	1000	400	160	580	660	760	800	790	400	820	730	890	120	990	440	630	740	330	640	350	760	900	900	150	450	210	100	150	620	110	300	720	890	980	580	850	520	980	170	270	320	720	820	290	500	550	150	180	410	520	610	290	230	740	220	660	840	930	360	290	360	410	440	440	380	710	710	510	240	620	510	740	340	780	110	620	680	800	510	890	150	570	570	930	390	170	390	610	340	910	340	380	330	900	280	690	260	280	150	450	970	890	970	240	660	400	290	960	200	560	180	370	150	930	700	670	890	540	320	320	740	630	300	680	660	800	490	260	330	390	810	740	630	290	740	570	900	750	290	330	780	150	110	180	900	660	740	480	120	440	470	630	730	700	1000	930	840	830	370	190	770	510	410	300	800	660	310	850	100	740	990	420	740	680	470	260	520	450	910	330	610	840	760	300	870	160	310	900	770	790	570	330	910	230	670	720	320	960	790	770	750	650	800	390	790	660	680	800	770	460	240	700	820	470	710	290	810	720	830	280	960	840	980	290	740	740	220	460	180	1000	460	740	800	130	840	580	540	540	710	700	640	960	750	940	360	460	560	660	330	200	770	870	940	380	480	760	150	510	850	400	610	930	560	590	520	390	870	220	710	900	580	940	170	680	160	520	680	380	900	850	800	220	820	800	990	490	880	560	670	500	510	590	330	490	140	610	980	350	470	880	760	330	650	510	460	230	700	690	470	240	260	960	840	560	810	720	290	100	110	830	290	570	560	890	180	670	400	530	320	330	260	350	560	810	450	570	360	980	810	900	440	950	820	720	570	320	940	130	440	910	400	360	560	930	930	470	280	490	880	470	870	770	300	330	810	460	360	800	100	500	330	110	450	930	200	370	620	340	670	390	280	
100
