885
60
2
50
0	192	0	0	0	192	0	192	0	0	0	0	0	0	192	0	0	0	0	0	0	192	192	0	0	0	0	0	0	0	0	0	0	0	0	0	0	0	0	0	0	192	0	192	0	0	0	0	0	0	0	0	0	0	0	0	0	0	0	0	
192	0	0	0	0	0	0	0	0	0	0	0	0	0	0	0	0	0	0	0	0	0	0	0	0	0	0	0	0	0	0	0	0	0	0	0	0	0	0	0	0	0	0	0	0	0	192	0	0	0	0	0	0	0	0	0	0	0	0	0	
0	0	0	192	0	0	0	0	0	0	0	0	0	0	0	0	0	0	0	0	0	0	0	0	0	0	0	0	0	0	0	0	0	0	0	0	0	0	0	0	0	0	0	0	0	0	0	0	0	0	0	192	0	0	0	0	0	0	0	0	
0	0	192	0	0	0	0	0	0	0	0	0	0	0	0	0	192	0	0	0	0	0	0	0	0	0	0	0	0	0	0	0	0	0	0	0	0	0	0	0	0	0	0	0	0	0	0	0	0	0	0	0	0	0	0	0	0	0	0	0	
0	0	0	0	0	0	0	0	0	0	0	0	0	0	0	0	192	0	0	0	0	0	0	0	0	0	0	0	0	192	0	0	0	0	0	0	0	0	0	0	0	0	0	0	0	0	0	0	0	0	0	0	0	0	0	0	0	0	0	0	
192	0	0	0	0	0	0	0	0	0	0	192	0	0	0	0	0	0	0	0	0	0	0	0	0	0	0	0	0	0	0	0	0	0	0	0	0	0	0	0	0	0	0	0	0	0	0	0	0	192	0	0	0	0	0	0	0	0	0	0	
0	0	0	0	0	0	0	0	0	0	0	0	0	0	0	0	0	0	0	0	0	0	0	0	0	0	0	192	0	0	0	0	0	0	0	0	0	192	0	0	0	0	0	0	0	0	0	0	0	0	0	0	0	0	0	0	0	0	0	0	
192	0	0	0	0	0	0	0	0	0	0	0	0	0	0	0	0	0	0	0	0	0	0	0	0	0	0	0	0	0	0	192	0	0	0	0	0	0	0	0	0	0	0	0	0	0	0	192	0	0	0	0	0	0	0	0	0	0	0	0	
0	0	0	0	0	0	0	0	0	0	0	192	0	0	0	0	0	0	0	0	0	0	0	0	0	0	0	0	0	0	0	0	0	0	0	0	0	0	0	0	0	0	0	0	0	0	0	0	0	192	0	0	0	0	0	0	0	0	0	0	
0	0	0	0	0	0	0	0	0	0	0	0	0	0	0	0	0	0	0	0	0	0	0	0	0	0	0	0	0	0	0	0	0	192	0	0	0	0	0	0	0	0	0	0	0	0	0	0	0	0	0	0	0	0	0	0	0	192	0	0	
0	0	0	0	0	0	0	0	0	0	0	0	0	0	0	0	0	0	0	0	0	0	0	0	0	0	0	0	0	192	0	0	0	192	0	0	0	0	0	0	0	0	0	0	0	0	0	0	0	0	0	0	0	0	0	0	0	0	0	0	
0	0	0	0	0	192	0	0	192	0	0	0	0	0	0	0	0	0	0	0	0	0	0	0	0	0	0	0	0	0	0	0	0	0	0	0	0	0	0	0	0	0	0	0	0	0	0	0	0	0	0	0	0	0	0	0	0	0	0	0	
0	0	0	0	0	0	0	0	0	0	0	0	0	0	0	0	0	0	0	0	0	0	0	192	0	0	0	0	0	0	0	0	0	0	0	0	0	0	0	0	0	192	0	0	0	0	0	0	0	0	0	0	0	0	0	0	0	0	0	0	
0	0	0	0	0	0	0	0	0	0	0	0	0	0	0	0	0	0	192	0	0	0	0	0	0	0	0	0	0	0	0	0	0	0	0	0	0	0	0	0	0	0	0	0	0	0	192	0	0	0	0	0	0	0	0	0	0	0	0	0	
192	0	0	0	0	0	0	0	0	0	0	0	0	0	0	192	0	0	0	0	0	0	0	0	0	0	0	0	0	0	0	0	0	0	0	0	0	0	0	0	0	0	0	0	0	0	0	0	0	0	0	0	0	0	192	0	0	0	0	0	
0	0	0	0	0	0	0	0	0	0	0	0	0	0	192	0	0	0	0	0	0	0	0	0	0	192	0	0	0	0	0	0	0	0	0	0	0	0	0	0	0	0	0	0	0	0	0	0	0	0	0	0	0	0	0	0	0	0	0	0	
0	0	0	192	192	0	0	0	0	0	0	0	0	0	0	0	0	0	0	0	0	0	0	0	0	0	0	0	0	0	0	0	0	0	0	0	0	0	0	0	0	0	0	0	0	0	0	0	0	0	0	0	0	0	0	0	0	0	0	0	
0	0	0	0	0	0	0	0	0	0	0	0	0	0	0	0	0	0	0	0	0	0	0	0	0	0	0	0	0	0	0	0	0	0	0	0	0	0	0	0	0	0	0	0	0	0	0	0	0	0	0	0	0	192	192	0	0	0	0	0	
0	0	0	0	0	0	0	0	0	0	0	0	0	192	0	0	0	0	0	0	0	0	0	0	0	0	0	0	0	0	0	0	0	0	0	0	0	0	0	0	0	0	0	0	0	0	0	0	0	0	0	0	0	0	0	0	0	192	0	0	
0	0	0	0	0	0	0	0	0	0	0	0	0	0	0	0	0	0	0	0	0	0	0	0	0	0	0	0	192	0	0	0	0	0	0	0	0	0	0	0	0	0	0	0	0	0	0	0	0	0	0	192	0	0	0	0	0	0	0	0	
0	0	0	0	0	0	0	0	0	0	0	0	0	0	0	0	0	0	0	0	0	0	0	0	0	0	0	0	0	0	0	192	0	0	0	0	0	0	0	0	0	0	0	0	0	0	0	192	0	0	0	0	0	0	0	0	0	0	0	0	
192	0	0	0	0	0	0	0	0	0	0	0	0	0	0	0	0	0	0	0	0	0	0	0	0	0	0	0	0	0	0	0	0	0	192	0	0	0	0	0	0	0	0	0	192	0	0	0	0	0	0	0	0	0	0	0	0	0	0	0	
192	0	0	0	0	0	0	0	0	0	0	0	0	0	0	0	0	0	0	0	0	0	0	0	0	0	0	0	0	0	192	0	0	0	0	0	0	0	192	0	0	0	0	0	0	0	0	0	0	0	0	0	0	0	0	0	0	0	0	0	
0	0	0	0	0	0	0	0	0	0	0	0	192	0	0	0	0	0	0	0	0	0	0	0	0	0	0	0	0	0	0	0	0	0	0	0	0	0	0	0	0	0	0	0	0	0	0	0	0	0	0	0	0	0	0	0	0	0	0	192	
0	0	0	0	0	0	0	0	0	0	0	0	0	0	0	0	0	0	0	0	0	0	0	0	0	0	0	0	0	0	0	0	0	0	0	0	0	0	0	192	0	0	0	0	0	0	0	0	0	0	0	0	192	0	0	0	0	0	0	0	
0	0	0	0	0	0	0	0	0	0	0	0	0	0	0	192	0	0	0	0	0	0	0	0	0	0	0	0	0	0	0	0	0	0	0	0	0	0	0	0	0	0	0	0	0	0	0	0	0	0	0	0	0	192	0	0	0	0	0	0	
0	0	0	0	0	0	0	0	0	0	0	0	0	0	0	0	0	0	0	0	0	0	0	0	0	0	0	0	0	0	0	0	0	0	0	0	0	0	0	0	0	0	0	0	192	0	0	0	192	0	0	0	0	0	0	0	0	0	0	0	
0	0	0	0	0	0	192	0	0	0	0	0	0	0	0	0	0	0	0	0	0	0	0	0	0	0	0	0	0	0	0	0	0	0	0	0	0	0	0	0	0	0	0	0	0	0	0	0	0	0	0	0	0	0	0	0	192	0	0	0	
0	0	0	0	0	0	0	0	0	0	0	0	0	0	0	0	0	0	0	192	0	0	0	0	0	0	0	0	0	0	0	0	0	0	0	0	0	0	0	0	0	0	0	0	0	0	0	0	0	0	0	0	0	0	0	0	192	0	0	0	
0	0	0	0	192	0	0	0	0	0	192	0	0	0	0	0	0	0	0	0	0	0	0	0	0	0	0	0	0	0	0	0	0	0	0	0	0	0	0	0	0	0	0	0	0	0	0	0	0	0	0	0	0	0	0	0	0	0	0	0	
0	0	0	0	0	0	0	0	0	0	0	0	0	0	0	0	0	0	0	0	0	0	192	0	0	0	0	0	0	0	0	0	0	0	0	0	0	0	192	0	0	0	0	0	0	0	0	0	0	0	0	0	0	0	0	0	0	0	0	0	
0	0	0	0	0	0	0	192	0	0	0	0	0	0	0	0	0	0	0	0	192	0	0	0	0	0	0	0	0	0	0	0	0	0	0	0	0	0	0	0	0	0	0	0	0	0	0	0	0	0	0	0	0	0	0	0	0	0	0	0	
0	0	0	0	0	0	0	0	0	0	0	0	0	0	0	0	0	0	0	0	0	0	0	0	0	0	0	0	0	0	0	0	0	0	0	0	0	0	0	0	0	0	192	0	0	0	0	0	0	0	0	0	192	0	0	0	0	0	0	0	
0	0	0	0	0	0	0	0	0	192	192	0	0	0	0	0	0	0	0	0	0	0	0	0	0	0	0	0	0	0	0	0	0	0	0	0	0	0	0	0	0	0	0	0	0	0	0	0	0	0	0	0	0	0	0	0	0	0	0	0	
0	0	0	0	0	0	0	0	0	0	0	0	0	0	0	0	0	0	0	0	0	192	0	0	0	0	0	0	0	0	0	0	0	0	0	0	0	0	0	0	0	0	0	0	0	0	0	0	192	0	0	0	0	0	0	0	0	0	0	0	
0	0	0	0	0	0	0	0	0	0	0	0	0	0	0	0	0	0	0	0	0	0	0	0	0	0	0	0	0	0	0	0	0	0	0	0	0	192	0	0	192	0	0	0	0	0	0	0	0	0	0	0	0	0	0	0	0	0	0	0	
0	0	0	0	0	0	0	0	0	0	0	0	0	0	0	0	0	0	0	0	0	0	0	0	0	0	0	0	0	0	0	0	0	0	0	0	0	0	0	0	0	0	192	0	0	192	0	0	0	0	0	0	0	0	0	0	0	0	0	0	
0	0	0	0	0	0	192	0	0	0	0	0	0	0	0	0	0	0	0	0	0	0	0	0	0	0	0	0	0	0	0	0	0	0	0	192	0	0	0	0	0	0	0	0	0	0	0	0	0	0	0	0	0	0	0	0	0	0	0	0	
0	0	0	0	0	0	0	0	0	0	0	0	0	0	0	0	0	0	0	0	0	0	192	0	0	0	0	0	0	0	192	0	0	0	0	0	0	0	0	0	0	0	0	0	0	0	0	0	0	0	0	0	0	0	0	0	0	0	0	0	
0	0	0	0	0	0	0	0	0	0	0	0	0	0	0	0	0	0	0	0	0	0	0	0	192	0	0	0	0	0	0	0	0	0	0	0	0	0	0	0	0	0	0	0	0	0	0	0	0	0	0	0	0	0	0	0	0	0	0	192	
0	0	0	0	0	0	0	0	0	0	0	0	0	0	0	0	0	0	0	0	0	0	0	0	0	0	0	0	0	0	0	0	0	0	0	192	0	0	0	0	0	0	0	0	0	192	0	0	0	0	0	0	0	0	0	0	0	0	0	0	
192	0	0	0	0	0	0	0	0	0	0	0	192	0	0	0	0	0	0	0	0	0	0	0	0	0	0	0	0	0	0	0	0	0	0	0	0	0	0	0	0	0	0	0	0	0	0	0	0	0	0	0	0	0	0	0	0	0	0	0	
0	0	0	0	0	0	0	0	0	0	0	0	0	0	0	0	0	0	0	0	0	0	0	0	0	0	0	0	0	0	0	0	192	0	0	0	192	0	0	0	0	0	0	0	0	0	0	0	0	0	0	0	0	0	0	0	0	0	0	0	
192	0	0	0	0	0	0	0	0	0	0	0	0	0	0	0	0	0	0	0	0	0	0	0	0	0	0	0	0	0	0	0	0	0	0	0	0	0	0	0	0	0	0	0	0	0	0	0	0	0	0	0	0	0	0	192	0	0	192	0	
0	0	0	0	0	0	0	0	0	0	0	0	0	0	0	0	0	0	0	0	0	192	0	0	0	0	192	0	0	0	0	0	0	0	0	0	0	0	0	0	0	0	0	0	0	0	0	0	0	0	0	0	0	0	0	0	0	0	0	0	
0	0	0	0	0	0	0	0	0	0	0	0	0	0	0	0	0	0	0	0	0	0	0	0	0	0	0	0	0	0	0	0	0	0	0	0	192	0	0	0	192	0	0	0	0	0	0	0	0	0	0	0	0	0	0	0	0	0	0	0	
0	192	0	0	0	0	0	0	0	0	0	0	0	192	0	0	0	0	0	0	0	0	0	0	0	0	0	0	0	0	0	0	0	0	0	0	0	0	0	0	0	0	0	0	0	0	0	0	0	0	0	0	0	0	0	0	0	0	0	0	
0	0	0	0	0	0	0	192	0	0	0	0	0	0	0	0	0	0	0	0	192	0	0	0	0	0	0	0	0	0	0	0	0	0	0	0	0	0	0	0	0	0	0	0	0	0	0	0	0	0	0	0	0	0	0	0	0	0	0	0	
0	0	0	0	0	0	0	0	0	0	0	0	0	0	0	0	0	0	0	0	0	0	0	0	0	0	192	0	0	0	0	0	0	0	192	0	0	0	0	0	0	0	0	0	0	0	0	0	0	0	0	0	0	0	0	0	0	0	0	0	
0	0	0	0	0	192	0	0	192	0	0	0	0	0	0	0	0	0	0	0	0	0	0	0	0	0	0	0	0	0	0	0	0	0	0	0	0	0	0	0	0	0	0	0	0	0	0	0	0	0	0	0	0	0	0	0	0	0	0	0	
0	0	0	0	0	0	0	0	0	0	0	0	0	0	0	0	0	0	0	0	0	0	0	0	0	0	0	0	0	0	0	0	0	0	0	0	0	0	0	0	0	0	0	0	0	0	0	0	0	0	0	0	0	0	0	192	0	0	192	0	
0	0	192	0	0	0	0	0	0	0	0	0	0	0	0	0	0	0	0	192	0	0	0	0	0	0	0	0	0	0	0	0	0	0	0	0	0	0	0	0	0	0	0	0	0	0	0	0	0	0	0	0	0	0	0	0	0	0	0	0	
0	0	0	0	0	0	0	0	0	0	0	0	0	0	0	0	0	0	0	0	0	0	0	0	192	0	0	0	0	0	0	0	192	0	0	0	0	0	0	0	0	0	0	0	0	0	0	0	0	0	0	0	0	0	0	0	0	0	0	0	
0	0	0	0	0	0	0	0	0	0	0	0	0	0	0	0	0	192	0	0	0	0	0	0	0	192	0	0	0	0	0	0	0	0	0	0	0	0	0	0	0	0	0	0	0	0	0	0	0	0	0	0	0	0	0	0	0	0	0	0	
0	0	0	0	0	0	0	0	0	0	0	0	0	0	192	0	0	192	0	0	0	0	0	0	0	0	0	0	0	0	0	0	0	0	0	0	0	0	0	0	0	0	0	0	0	0	0	0	0	0	0	0	0	0	0	0	0	0	0	0	
0	0	0	0	0	0	0	0	0	0	0	0	0	0	0	0	0	0	0	0	0	0	0	0	0	0	0	0	0	0	0	0	0	0	0	0	0	0	0	0	0	0	0	192	0	0	0	0	0	0	192	0	0	0	0	0	0	0	0	0	
0	0	0	0	0	0	0	0	0	0	0	0	0	0	0	0	0	0	0	0	0	0	0	0	0	0	0	192	192	0	0	0	0	0	0	0	0	0	0	0	0	0	0	0	0	0	0	0	0	0	0	0	0	0	0	0	0	0	0	0	
0	0	0	0	0	0	0	0	0	192	0	0	0	0	0	0	0	0	192	0	0	0	0	0	0	0	0	0	0	0	0	0	0	0	0	0	0	0	0	0	0	0	0	0	0	0	0	0	0	0	0	0	0	0	0	0	0	0	0	0	
0	0	0	0	0	0	0	0	0	0	0	0	0	0	0	0	0	0	0	0	0	0	0	0	0	0	0	0	0	0	0	0	0	0	0	0	0	0	0	0	0	0	0	192	0	0	0	0	0	0	192	0	0	0	0	0	0	0	0	0	
0	0	0	0	0	0	0	0	0	0	0	0	0	0	0	0	0	0	0	0	0	0	0	192	0	0	0	0	0	0	0	0	0	0	0	0	0	0	0	192	0	0	0	0	0	0	0	0	0	0	0	0	0	0	0	0	0	0	0	0	
26	17	26	35	38	20	2	12	33	35	31	48	9	55	23	40	17	9	15	24	15	23	23	50	56	1	37	31	54	17	49	12	4	6	48	34	28	47	33	37	55	44	54	51	7	11	18	11	15	54	12	12	41	40	37	28	42	56	57	16	0	3	3	47	51	28	46	32	39	59	41	22	18	33	22	17	14	2	13	57	58	35	16	32	45	42	20	40	35	39	6	12	57	35	42	30	17	0	41	35	58	30	14	43	11	35	48	33	3	47	44	55	9	9	23	6	45	50	55	39	51	37	15	4	16	2	23	52	2	21	7	15	46	12	34	27	4	36	8	8	42	10	26	55	25	27	25	41	9	8	54	52	15	57	25	46	22	54	6	41	24	22	0	6	18	30	36	2	3	9	11	5	54	1	33	14	15	22	52	25	32	42	5	27	28	29	17	13	38	41	44	4	35	54	17	13	46	2	34	17	14	53	23	45	27	50	28	18	11	59	55	58	21	47	17	21	46	37	50	23	43	38	32	47	41	22	49	5	31	15	7	26	52	45	53	15	25	38	41	14	42	51	24	58	8	33	7	30	25	36	18	25	29	13	12	26	13	3	17	5	19	33	49	31	47	16	38	18	43	47	54	5	19	20	56	23	32	3	26	27	36	43	36	56	51	38	40	53	44	22	16	7	33	28	49	33	34	53	27	14	17	38	19	55	23	13	31	38	40	5	47	36	19	28	48	41	15	0	35	31	18	32	2	19	21	55	22	53	5	0	2	26	21	48	41	2	5	58	0	37	35	37	43	33	14	7	29	41	47	25	45	56	4	36	30	6	37	45	19	40	12	52	27	44	14	31	41	22	19	6	48	4	12	47	33	21	8	7	51	18	57	7	17	40	55	58	29	13	59	19	12	45	7	12	51	1	48	9	16	14	26	52	18	50	30	58	19	12	50	20	36	39	6	28	13	47	45	48	45	33	21	44	45	45	38	5	53	0	22	35	58	12	53	13	45	57	29	31	24	56	29	54	54	3	20	47	43	31	20	31	11	1	53	56	58	2	6	26	31	44	36	43	45	37	42	46	57	17	9	51	55	19	23	23	25	45	37	53	16	17	29	56	20	0	15	34	18	27	56	47	6	14	45	45	13	44	42	29	29	35	22	11	50	59	9	16	2	15	40	9	35	33	31	1	2	41	43	14	34	27	11	53	30	10	30	4	50	32	16	3	44	10	55	41	18	21	53	46	31	20	10	14	37	48	27	15	2	1	18	6	47	20	2	58	4	32	34	28	48	20	34	16	3	48	7	39	44	2	57	34	22	8	11	15	52	47	48	2	55	2	16	42	40	13	55	43	58	49	34	34	11	24	29	42	25	46	2	24	29	22	16	49	33	21	14	41	18	6	55	51	35	17	24	19	21	1	26	22	16	51	55	23	47	51	14	48	57	8	29	41	8	17	19	24	42	35	38	2	30	12	35	4	54	33	54	57	19	32	59	27	1	52	25	8	14	24	51	9	12	43	18	5	32	58	7	43	55	55	8	46	54	30	0	46	9	57	14	39	22	28	25	13	12	14	1	8	34	55	36	19	19	20	42	8	23	29	12	5	27	32	55	1	13	56	53	58	42	2	26	46	5	5	46	43	18	19	21	1	56	9	20	45	32	21	36	58	25	48	3	5	56	21	32	5	18	8	13	11	34	20	39	3	34	45	59	43	35	24	57	30	44	7	21	31	43	13	40	59	20	24	39	17	21	6	32	56	26	35	11	32	7	25	32	5	18	55	17	56	24	43	14	50	14	59	37	24	35	10	32	13	58	58	25	24	50	13	25	18	36	48	9	39	19	15	15	45	31	17	45	35	52	35	40	8	14	9	39	40	37	5	27	51	29	25	45	9	17	55	37	54	14	54	15	38	52	35	42	50	44	47	32	13	38	20	44	36	47	29	40	39	42	13	51	20	6	23	27	22	50	29	46	33	51	7	26	15	12	52	26	40	28	52	39	24	37	52	8	23	30	58	15	28	58	58	48	
11	57	23	1	24	58	48	14	44	58	49	44	43	51	10	34	12	33	24	1	27	1	9	24	40	32	22	34	26	47	35	25	16	20	13	45	36	30	34	24	52	28	26	31	49	2	51	6	33	40	17	27	19	51	40	27	35	29	36	23	57	4	13	22	42	46	53	0	4	0	50	34	5	15	15	13	22	55	8	31	11	19	33	33	14	54	29	2	31	26	0	5	28	40	19	58	30	45	55	19	13	46	22	44	22	27	7	58	36	46	7	43	21	32	42	21	13	48	35	35	14	46	18	9	31	51	21	27	59	7	9	0	27	56	51	40	30	26	23	27	15	26	24	28	34	46	33	3	44	39	35	16	36	4	5	44	38	0	3	28	29	9	6	39	10	36	51	45	7	42	17	15	19	30	51	34	21	46	47	10	9	17	9	14	36	32	32	10	0	11	43	18	9	47	3	33	44	18	27	38	54	32	42	51	20	15	49	47	2	51	33	15	25	48	50	11	20	25	44	22	20	43	43	18	27	17	10	44	6	2	18	44	46	2	18	40	0	34	49	16	5	15	52	50	29	50	23	50	58	40	31	18	17	38	13	15	59	37	35	37	37	51	1	46	20	19	20	2	4	0	22	55	15	33	51	42	54	41	56	35	26	23	59	51	44	44	14	43	55	3	27	57	0	55	40	15	43	42	24	18	52	33	57	36	37	25	21	29	42	34	27	2	37	18	14	52	34	50	21	37	19	19	6	57	44	22	3	57	55	47	59	13	6	21	48	11	9	57	51	43	30	28	33	58	55	30	15	50	20	49	53	43	50	10	18	34	15	38	41	44	4	33	49	2	8	37	26	52	50	1	11	19	40	40	47	56	51	16	7	49	2	54	53	14	47	43	44	36	46	36	51	5	38	54	10	9	5	38	22	9	31	16	4	55	2	55	33	56	51	22	42	52	54	45	25	15	40	7	22	17	8	55	38	1	0	43	10	15	36	50	2	31	32	32	59	7	31	27	44	25	52	26	5	17	30	58	22	40	57	24	15	0	41	26	46	40	47	45	45	17	15	22	35	44	4	18	6	7	27	59	22	25	17	46	8	47	46	35	57	31	31	28	5	47	24	1	4	48	8	44	42	23	42	36	27	39	45	6	39	55	33	38	9	1	5	2	26	38	16	58	38	7	59	26	26	48	38	55	43	26	55	50	52	1	55	10	3	22	42	54	49	30	23	6	0	49	56	32	45	9	45	47	23	21	34	16	58	58	40	49	20	37	16	47	44	51	20	56	24	19	40	21	25	15	40	31	52	46	31	42	13	37	53	29	16	26	29	18	29	17	1	1	32	27	5	52	30	39	35	58	34	26	56	14	16	11	19	14	46	40	52	1	12	47	36	39	4	36	31	43	11	35	42	31	59	53	6	43	56	48	41	29	42	26	6	13	11	7	41	14	34	46	57	42	0	6	42	58	38	51	44	11	18	35	56	53	22	59	40	28	42	8	14	50	38	40	35	39	30	52	55	46	33	8	6	10	35	0	53	17	16	44	45	21	47	26	17	3	39	21	35	45	39	58	28	13	36	48	30	0	14	44	55	27	5	36	0	1	23	31	40	23	17	4	48	24	0	0	11	0	0	31	6	32	13	15	24	14	39	41	32	24	8	43	3	56	35	27	23	25	44	6	58	56	26	54	1	54	35	22	42	23	43	15	51	5	31	51	31	21	10	52	9	27	33	38	7	22	33	23	28	29	37	34	28	13	44	32	33	37	15	10	50	42	44	40	32	52	15	14	50	12	3	21	41	4	13	1	57	53	32	42	29	49	34	28	46	3	50	52	0	6	18	23	17	11	4	36	21	56	34	31	10	57	27	48	33	0	11	44	56	36	30	58	16	16	49	39	48	51	22	33	57	34	35	48	7	9	16	23	15	17	30	57	21	11	17	2	52	42	27	17	30	43	13	3	24	34	1	43	9	34	26	33	38	32	4	8	32	34	31	4	16	57	6	51	34	2	37	27	22	59	44	51	56	
20	14	5	18	16	8	14	11	19	9	1	10	4	11	8	7	18	9	15	16	15	6	11	5	8	6	18	9	18	5	12	2	1	2	7	16	4	2	15	14	7	16	9	10	18	11	11	17	6	19	15	18	9	9	12	5	20	6	2	8	17	10	9	7	8	1	5	3	8	8	6	8	7	7	3	17	3	12	8	5	15	15	16	17	18	9	20	4	19	11	18	13	17	10	6	10	7	20	10	20	16	5	19	16	11	7	4	10	19	13	1	6	13	5	12	19	19	5	4	10	3	9	7	5	16	6	11	17	5	3	8	2	4	3	16	6	18	2	3	6	12	5	14	6	12	5	3	5	9	15	19	10	5	17	12	4	11	20	7	12	13	3	9	19	9	8	11	14	3	7	7	2	14	9	14	4	10	19	5	8	9	3	12	13	18	14	1	15	7	16	4	14	2	18	19	12	11	17	15	6	19	11	20	17	7	1	12	6	15	4	18	3	5	16	1	8	4	10	3	18	16	7	20	1	3	4	19	10	8	20	15	2	10	7	14	10	9	8	16	11	14	20	16	14	11	17	17	4	16	20	9	6	2	13	8	13	7	17	17	7	10	10	19	19	14	17	8	15	8	2	1	16	3	11	18	3	14	16	18	10	9	14	8	8	1	4	17	10	3	9	15	3	19	11	7	8	14	20	15	8	1	18	8	1	9	5	14	20	4	6	7	18	14	11	8	9	16	5	13	16	3	4	17	17	4	5	2	17	1	10	20	12	7	11	3	8	1	11	7	4	1	8	15	11	11	2	4	14	4	19	15	3	18	16	9	17	13	9	3	19	7	16	18	4	16	18	2	12	10	19	2	20	9	17	16	7	17	6	2	13	10	18	11	12	3	8	7	13	7	16	20	20	4	11	13	15	3	14	2	19	4	18	17	4	2	16	5	11	4	9	18	14	8	15	4	18	6	2	14	8	11	3	3	19	7	15	12	7	12	10	10	17	17	14	13	18	15	12	20	14	6	14	15	16	13	5	9	6	7	15	3	13	1	10	7	16	13	3	13	1	7	13	16	1	5	15	7	11	1	16	11	2	8	13	10	12	1	6	9	4	9	10	4	9	14	8	6	10	14	6	13	13	6	2	4	11	14	6	3	10	8	3	7	12	10	4	14	6	7	2	6	7	12	3	5	1	9	6	6	4	6	13	7	16	8	9	12	12	2	1	8	7	5	5	14	8	5	14	10	14	8	7	1	13	13	12	13	2	14	11	9	10	9	4	6	14	8	3	6	13	8	9	7	7	10	12	13	15	5	15	15	11	11	9	14	16	9	7	14	8	15	15	12	5	12	1	4	14	3	1	12	6	4	6	12	8	10	7	5	7	12	11	4	5	9	5	2	10	9	12	14	3	4	6	6	8	12	15	8	2	11	13	8	6	10	10	12	12	1	6	12	6	15	1	13	9	12	12	2	15	2	15	15	15	8	4	2	12	4	10	15	2	9	10	6	10	4	10	10	13	3	1	11	6	9	6	12	6	15	15	13	7	4	6	3	6	5	13	1	9	8	16	16	12	9	13	4	2	5	7	6	15	6	13	15	5	4	5	4	11	11	16	1	7	16	10	8	14	15	4	6	1	14	12	11	12	1	7	4	11	5	8	3	14	4	7	9	3	1	6	16	7	13	10	1	1	5	1	1	15	7	3	16	6	11	14	1	1	10	15	7	6	2	10	3	3	15	12	7	5	16	8	12	9	9	5	16	6	6	15	13	2	7	9	14	14	4	12	12	14	15	7	12	16	3	4	13	16	14	16	10	12	12	5	12	1	9	2	16	11	1	1	12	9	5	10	8	8	13	8	5	11	6	4	4	13	13	10	4	8	1	10	15	1	5	6	10	8	4	9	3	1	4	2	13	13	6	3	15	12	15	5	14	12	10	4	1	8	13	15	5	4	9	15	12	9	2	13	15	3	13	2	15	8	13	5	4	9	8	13	6	10	3	3	14	6	14	15	13	3	12	2	12	11	9	
920	680	320	190	930	730	490	450	360	740	940	350	120	360	930	400	180	990	140	580	140	610	490	580	660	800	490	810	340	860	120	150	490	760	400	150	540	890	1000	170	540	700	170	120	710	520	160	710	590	140	750	180	620	740	900	540	150	680	240	860	720	910	520	170	240	680	720	120	630	390	320	220	520	680	780	190	130	520	570	430	790	950	370	140	950	580	470	120	140	900	500	130	560	120	940	660	710	130	600	860	230	630	680	930	270	370	250	440	580	320	410	150	540	200	450	530	440	300	340	630	670	250	580	200	100	890	310	690	1000	580	780	330	190	660	970	830	910	790	260	150	730	790	300	300	900	720	460	370	930	690	260	1000	970	200	100	430	710	860	890	950	570	910	340	300	610	560	910	860	810	140	200	490	290	500	960	500	130	170	190	330	750	600	940	170	770	940	310	170	720	740	740	370	490	710	620	680	910	360	790	920	140	940	670	910	290	780	610	200	350	180	740	920	340	160	850	570	900	640	550	400	200	470	690	100	510	850	220	610	210	660	400	100	330	270	630	280	520	420	870	360	470	570	100	220	240	700	530	900	120	210	810	650	680	860	820	310	870	290	500	870	770	340	480	690	740	410	160	760	390	720	530	190	640	560	740	120	690	170	290	630	880	750	660	110	120	680	680	490	520	770	320	810	300	760	260	470	430	520	310	880	950	880	780	590	210	320	110	190	260	420	690	830	800	700	460	230	570	690	430	380	580	730	580	760	910	360	580	510	960	590	740	770	310	900	300	710	860	820	920	830	130	220	130	890	360	500	500	220	910	930	810	150	320	560	530	140	200	640	200	950	970	490	990	570	410	710	390	230	610	530	330	710	770	720	220	840	530	390	500	810	600	750	170	220	260	180	260	220	880	820	430	510	540	430	540	660	160	380	730	500	420	270	670	590	100	760	300	130	320	730	510	550	280	940	710	290	560	520	350	520	720	870	520	630	720	170	1000	860	270	960	650	900	460	920	140	520	840	360	180	520	260	930	730	710	420	920	750	870	970	570	310	140	410	720	350	100	630	900	610	430	810	520	750	520	800	950	780	320	450	860	150	140	860	160	460	970	320	870	240	490	780	640	170	420	970	980	800	490	390	470	810	330	180	270	610	720	950	660	650	780	630	940	100	620	840	870	730	550	350	950	830	820	560	560	980	540	590	590	300	760	640	420	910	580	940	790	270	210	170	870	200	360	760	770	710	510	470	340	960	730	600	830	890	910	310	470	750	310	100	390	580	710	780	610	580	130	340	610	600	500	880	980	500	730	790	120	350	960	380	100	760	950	900	970	640	410	770	830	210	270	1000	280	780	120	300	260	440	550	620	540	580	830	940	780	630	310	900	780	680	310	410	110	300	320	910	780	220	710	890	790	430	530	940	580	330	320	690	280	700	480	780	790	930	590	970	940	920	230	660	600	750	280	460	980	140	630	990	270	880	390	360	970	130	780	260	710	870	580	650	980	320	960	840	530	380	900	240	990	980	890	210	860	590	530	430	450	480	290	350	160	910	800	940	760	100	220	930	890	420	790	830	680	130	580	700	780	410	310	540	250	670	660	240	680	610	840	330	290	860	720	910	520	920	190	630	190	800	880	620	590	320	680	900	620	330	680	560	740	260	310	410	120	950	430	400	490	770	480	610	810	290	350	660	1000	670	790	120	270	800	270	800	730	960	880	530	650	450	970	230	960	310	430	370	350	350	170	480	950	340	200	880	310	540	140	740	860	700	480	430	390	310	240	230	480	180	350	420	750	420	610	170	140	480	470	890	620	950	870	930	960	110	450	430	420	360	900	880	210	960	140	500	890	170	670	210	550	310	740	690	440	510	590	810	220	330	480	220	640	160	370	870	460	650	570	960	140	950	550	500	780	110	320	550	580	620	510	850	400	750	810	680	970	1000	830	520	120	740	400	960	560	100	740	860	570	340	820	800	400	960	950	530	890	460	480	990	940	990	230	250	200	290	930	620	880	1000	410	570	280	890	370	830	170	240	930	730	
1
