2212
80
3
70
0	0	0	0	0	0	0	0	0	0	0	0	0	0	0	0	0	0	0	0	0	0	0	0	0	0	0	0	0	0	192	0	0	192	0	0	0	0	0	0	0	0	0	0	0	0	0	0	0	0	0	0	0	0	0	0	0	0	0	0	0	192	0	0	0	0	0	0	0	0	0	0	0	0	0	0	0	0	0	0	
0	0	0	0	0	0	0	0	192	0	0	0	0	0	0	0	0	0	0	0	0	0	0	0	0	0	0	0	0	0	0	0	0	0	0	0	0	0	0	0	192	0	0	0	0	0	0	0	0	192	0	0	0	0	0	0	0	0	0	0	0	0	0	0	0	0	0	0	0	0	0	0	0	0	0	0	0	0	0	0	
0	0	0	0	0	0	192	0	0	0	0	0	0	0	192	0	0	0	0	0	0	0	0	0	0	0	0	0	0	0	0	0	0	0	0	0	0	0	0	0	0	0	0	0	0	0	0	0	0	0	0	0	192	0	0	0	0	0	0	0	0	0	0	0	0	0	0	0	0	0	0	0	0	0	0	0	0	0	0	0	
0	0	0	0	0	0	0	0	0	0	0	0	192	0	0	0	0	0	0	0	0	0	0	0	0	0	0	0	0	0	0	0	0	0	0	0	0	0	0	0	0	0	0	0	0	0	0	0	0	0	0	0	0	0	0	0	192	0	192	0	0	0	0	0	0	0	0	0	0	0	0	0	0	0	0	0	0	0	0	0	
0	0	0	0	0	0	0	0	0	0	0	0	0	0	0	0	0	0	0	0	0	0	0	0	0	0	0	0	0	0	0	192	0	0	0	0	0	0	0	0	0	0	192	0	0	0	0	0	0	0	192	0	0	0	0	0	0	0	0	0	0	0	0	0	0	0	0	0	0	0	0	0	0	0	0	0	0	0	0	0	
0	0	0	0	0	0	0	0	192	0	0	0	0	0	0	0	0	0	0	0	0	0	0	0	0	0	0	0	0	0	0	0	0	0	0	0	0	0	0	0	192	0	0	192	0	0	0	0	0	0	0	0	0	0	0	0	0	0	0	0	0	0	0	0	0	0	0	0	0	0	0	0	0	0	0	0	0	0	0	0	
0	0	192	0	0	0	0	0	0	0	0	0	192	0	192	0	0	0	0	0	0	0	0	0	0	0	0	0	0	0	0	0	0	0	0	0	0	0	0	0	0	0	0	0	0	0	0	0	0	0	0	0	0	0	0	0	0	0	0	0	0	0	0	0	0	0	0	0	0	0	0	0	0	0	0	0	0	0	0	0	
0	0	0	0	0	0	0	0	0	192	0	0	0	0	0	0	0	0	0	0	0	0	0	0	0	0	0	0	0	0	0	0	0	0	0	0	0	0	0	0	0	0	0	0	0	192	0	0	0	0	0	0	0	0	0	192	0	0	0	0	0	0	0	0	0	0	0	0	0	0	0	0	0	0	0	0	0	0	0	0	
0	192	0	0	0	192	0	0	0	0	0	0	0	0	0	0	0	0	0	0	0	0	0	0	0	0	0	0	0	0	0	0	0	0	0	0	192	0	0	0	0	0	0	0	0	0	0	0	0	0	0	0	0	0	0	0	0	0	0	0	0	0	0	0	0	0	0	0	0	0	0	0	0	0	0	0	0	0	0	0	
0	0	0	0	0	0	0	192	0	0	0	0	0	0	0	0	0	0	0	0	0	0	0	0	0	0	0	0	0	0	0	0	0	0	0	0	0	0	0	0	0	192	0	0	0	192	0	0	0	0	0	0	0	0	0	0	0	0	0	0	0	0	0	0	0	0	0	0	0	0	0	0	0	0	0	0	0	0	0	0	
0	0	0	0	0	0	0	0	0	0	0	0	0	0	0	0	192	0	0	0	0	0	0	0	0	0	0	0	0	0	0	0	0	0	0	0	0	0	0	0	0	0	0	0	0	0	0	0	0	0	0	0	0	0	0	0	0	0	0	0	192	0	0	0	0	0	0	0	0	0	0	0	0	0	192	0	0	0	0	0	
0	0	0	0	0	0	0	0	0	0	0	0	0	0	0	0	0	0	0	0	0	0	0	0	192	0	0	0	0	0	0	0	0	0	0	0	0	0	0	0	0	0	0	0	0	0	192	0	0	0	0	0	0	0	0	0	0	0	0	0	0	0	0	0	0	0	0	0	0	192	0	0	0	0	0	0	0	0	0	0	
0	0	0	192	0	0	192	0	0	0	0	0	0	0	0	0	0	0	0	0	0	0	0	0	0	0	0	0	0	0	0	0	0	0	0	0	0	0	0	0	0	0	0	0	0	0	0	0	0	0	0	0	0	0	0	0	192	0	0	0	0	0	0	0	0	0	0	0	0	0	0	0	0	0	0	0	0	0	0	0	
0	0	0	0	0	0	0	0	0	0	0	0	0	0	0	0	0	0	192	0	0	0	0	0	0	0	0	0	0	0	0	0	0	0	0	0	0	0	0	0	0	0	0	0	192	0	0	0	0	0	0	0	0	192	0	0	0	0	0	0	0	0	0	0	0	0	0	0	0	0	0	0	0	0	0	0	0	0	0	0	
0	0	192	0	0	0	192	0	0	0	0	0	0	0	0	0	0	0	0	0	0	0	0	0	0	0	0	0	0	0	0	0	0	0	0	0	0	0	0	0	0	0	0	0	0	0	0	0	0	0	0	0	0	0	0	0	0	0	0	0	0	0	0	0	0	0	0	192	0	0	0	0	0	0	0	0	0	0	0	0	
0	0	0	0	0	0	0	0	0	0	0	0	0	0	0	0	0	192	0	0	0	0	0	0	0	0	0	192	0	0	0	0	0	0	0	0	0	0	0	0	0	0	0	0	0	0	0	0	0	0	0	0	0	0	0	0	0	0	0	0	0	0	0	0	0	0	0	0	0	0	0	0	0	0	0	192	0	0	0	0	
0	0	0	0	0	0	0	0	0	0	192	0	0	0	0	0	0	0	0	192	0	0	0	0	0	0	0	0	0	0	0	0	0	0	0	0	0	0	0	0	0	0	0	0	0	0	0	0	0	192	0	0	0	0	0	0	0	0	0	0	0	0	0	0	0	0	0	0	0	0	0	0	0	0	0	0	0	0	0	0	
0	0	0	0	0	0	0	0	0	0	0	0	0	0	0	192	0	0	0	0	0	0	0	0	0	0	0	192	0	192	0	0	0	0	0	0	0	0	0	0	0	0	0	0	0	0	0	0	0	0	0	0	0	0	0	0	0	0	0	0	0	0	0	0	0	0	0	0	0	0	0	0	0	0	0	0	0	0	0	0	
0	0	0	0	0	0	0	0	0	0	0	0	0	192	0	0	0	0	0	0	0	0	0	0	0	0	0	0	0	0	0	0	0	0	0	0	0	0	0	0	0	0	0	0	192	0	0	0	0	0	0	0	0	192	0	0	0	0	0	0	0	0	0	0	0	0	0	0	0	0	0	0	0	0	0	0	0	0	0	0	
0	0	0	0	0	0	0	0	0	0	0	0	0	0	0	0	192	0	0	0	0	0	0	0	0	0	0	0	0	0	0	0	0	0	0	0	0	0	0	192	0	0	0	0	0	0	0	0	0	0	0	0	0	0	0	0	0	0	0	0	0	0	0	0	0	0	0	0	0	0	0	0	0	0	0	0	0	0	0	192	
0	0	0	0	0	0	0	0	0	0	0	0	0	0	0	0	0	0	0	0	0	0	0	0	0	0	192	0	0	0	0	0	0	0	0	0	0	0	0	0	0	0	0	0	0	0	0	0	0	0	192	0	0	192	0	0	0	0	0	0	0	0	0	0	0	0	0	0	0	0	0	0	0	0	0	0	0	0	0	0	
0	0	0	0	0	0	0	0	0	0	0	0	0	0	0	0	0	0	0	0	0	0	0	0	0	0	0	0	0	0	0	0	192	0	0	0	0	0	0	0	0	0	0	0	0	0	192	0	0	0	0	0	0	0	0	0	0	0	0	0	0	0	0	0	0	0	0	0	192	0	0	0	0	0	0	0	0	0	0	0	
0	0	0	0	0	0	0	0	0	0	0	0	0	0	0	0	0	0	0	0	0	0	0	0	0	0	0	0	0	0	0	0	192	0	0	0	0	0	0	0	0	0	0	0	0	0	0	0	0	0	0	0	0	0	0	0	0	0	0	0	0	0	0	0	0	192	0	0	0	0	0	192	0	0	0	0	0	0	0	0	
0	0	0	0	0	0	0	0	0	0	0	0	0	0	0	0	0	0	0	0	0	0	0	0	0	0	0	0	0	0	0	0	0	0	0	0	192	0	0	0	192	0	0	0	0	0	0	0	0	0	0	0	0	0	0	0	0	0	0	0	0	0	0	0	0	0	0	0	0	0	0	0	0	192	0	0	0	0	0	0	
0	0	0	0	0	0	0	0	0	0	0	192	0	0	0	0	0	0	0	0	0	0	0	0	0	0	0	0	0	0	0	0	0	0	192	0	0	0	0	0	0	0	0	0	0	0	0	0	0	0	0	0	0	0	0	0	0	0	0	0	0	0	0	0	0	0	192	0	0	0	0	0	0	0	0	0	0	0	0	0	
0	0	0	0	0	0	0	0	0	0	0	0	0	0	0	0	0	0	0	0	0	0	0	0	0	0	0	0	0	0	0	0	0	0	0	192	0	0	192	0	0	0	0	0	0	0	0	0	0	0	0	0	0	0	0	0	0	0	0	0	0	0	0	0	0	192	0	0	0	0	0	0	0	0	0	0	0	0	0	0	
0	0	0	0	0	0	0	0	0	0	0	0	0	0	0	0	0	0	0	0	192	0	0	0	0	0	0	0	0	0	0	192	0	0	0	0	0	0	0	0	0	0	0	0	0	0	0	0	0	0	192	0	0	0	0	0	0	0	0	0	0	0	0	0	0	0	0	0	0	0	0	0	0	0	0	0	0	0	0	0	
0	0	0	0	0	0	0	0	0	0	0	0	0	0	0	192	0	192	0	0	0	0	0	0	0	0	0	0	0	0	0	0	0	0	0	0	0	0	0	0	0	0	0	0	0	0	0	0	0	0	0	0	0	0	0	0	0	0	0	0	0	0	0	0	0	0	0	0	0	0	0	0	0	0	0	192	0	0	0	0	
0	0	0	0	0	0	0	0	0	0	0	0	0	0	0	0	0	0	0	0	0	0	0	0	0	0	0	0	0	0	0	0	0	0	0	0	0	0	0	192	0	0	0	0	192	0	0	0	0	0	0	0	0	0	0	0	0	0	0	0	192	0	0	0	0	0	0	0	0	0	0	0	0	0	0	0	0	0	0	0	
0	0	0	0	0	0	0	0	0	0	0	0	0	0	0	0	0	192	0	0	0	0	0	0	0	0	0	0	0	0	0	0	0	0	0	0	0	192	0	0	0	0	0	0	0	0	0	0	0	0	0	0	0	0	0	0	0	0	0	0	0	0	0	0	0	0	0	192	0	0	0	0	0	0	0	0	0	0	0	0	
192	0	0	0	0	0	0	0	0	0	0	0	0	0	0	0	0	0	0	0	0	0	0	0	0	0	0	0	0	0	0	0	0	0	0	0	0	0	0	0	0	0	0	0	0	0	0	0	0	0	0	0	0	0	0	0	0	0	0	0	0	192	0	0	0	0	0	0	0	0	0	0	192	0	0	0	0	0	0	0	
0	0	0	0	192	0	0	0	0	0	0	0	0	0	0	0	0	0	0	0	0	0	0	0	0	0	192	0	0	0	0	0	0	0	0	0	0	0	0	0	0	0	192	0	0	0	0	0	0	0	0	0	0	0	0	0	0	0	0	0	0	0	0	0	0	0	0	0	0	0	0	0	0	0	0	0	0	0	0	0	
0	0	0	0	0	0	0	0	0	0	0	0	0	0	0	0	0	0	0	0	0	192	192	0	0	0	0	0	0	0	0	0	0	0	0	0	0	0	0	0	0	0	0	0	0	0	0	0	0	0	0	0	0	0	0	0	0	0	0	0	0	0	0	0	0	192	0	0	0	0	0	0	0	0	0	0	0	0	0	0	
192	0	0	0	0	0	0	0	0	0	0	0	0	0	0	0	0	0	0	0	0	0	0	0	0	0	0	0	0	0	0	0	0	0	0	0	0	0	0	0	0	0	0	0	0	0	0	0	0	0	0	0	0	0	0	0	0	0	0	0	0	0	0	0	0	0	0	0	0	0	192	0	0	0	0	0	0	192	0	0	
0	0	0	0	0	0	0	0	0	0	0	0	0	0	0	0	0	0	0	0	0	0	0	0	192	0	0	0	0	0	0	0	0	0	0	0	0	0	0	0	0	192	0	0	0	0	0	0	0	0	0	0	0	0	0	0	0	0	0	0	0	0	0	0	0	0	192	0	0	0	0	0	0	0	0	0	0	0	0	0	
0	0	0	0	0	0	0	0	0	0	0	0	0	0	0	0	0	0	0	0	0	0	0	0	0	192	0	0	0	0	0	0	0	0	0	0	0	0	0	0	0	0	0	0	0	0	0	0	0	0	0	0	0	0	0	0	0	0	0	0	0	0	0	0	192	0	0	0	0	0	0	192	0	0	0	0	0	0	0	0	
0	0	0	0	0	0	0	0	192	0	0	0	0	0	0	0	0	0	0	0	0	0	0	192	0	0	0	0	0	0	0	0	0	0	0	0	0	0	0	0	0	0	0	0	0	0	0	0	0	0	0	0	0	0	0	0	0	0	0	0	0	0	0	0	0	0	0	0	0	0	0	0	0	192	0	0	0	0	0	0	
0	0	0	0	0	0	0	0	0	0	0	0	0	0	0	0	0	0	0	0	0	0	0	0	0	0	0	0	0	192	0	0	0	0	0	0	0	0	0	0	0	0	0	0	0	0	0	0	0	192	0	0	0	0	0	0	0	0	0	0	0	0	0	0	0	0	0	192	0	0	0	0	0	0	0	0	0	0	0	0	
0	0	0	0	0	0	0	0	0	0	0	0	0	0	0	0	0	0	0	0	0	0	0	0	0	192	0	0	0	0	0	0	0	0	0	0	0	0	0	0	0	0	0	0	0	0	0	0	0	0	0	0	0	0	0	0	0	0	0	0	0	192	0	0	0	0	0	0	0	0	0	0	192	0	0	0	0	0	0	0	
0	0	0	0	0	0	0	0	0	0	0	0	0	0	0	0	0	0	0	192	0	0	0	0	0	0	0	0	192	0	0	0	0	0	0	0	0	0	0	0	0	0	0	0	0	0	0	0	0	0	0	0	0	0	0	0	0	0	0	0	192	0	0	0	0	0	0	0	0	0	0	0	0	0	0	0	0	0	0	0	
0	192	0	0	0	192	0	0	0	0	0	0	0	0	0	0	0	0	0	0	0	0	0	192	0	0	0	0	0	0	0	0	0	0	0	0	0	0	0	0	0	0	0	0	0	0	0	0	0	0	0	0	0	0	0	0	0	0	0	0	0	0	0	0	0	0	0	0	0	0	0	0	0	0	0	0	0	0	0	0	
0	0	0	0	0	0	0	0	0	192	0	0	0	0	0	0	0	0	0	0	0	0	0	0	0	0	0	0	0	0	0	0	0	0	192	0	0	0	0	0	0	0	0	0	0	0	0	0	0	0	0	0	0	0	0	0	0	0	0	0	0	0	192	0	0	0	0	0	0	0	0	0	0	0	0	0	0	0	0	0	
0	0	0	0	192	0	0	0	0	0	0	0	0	0	0	0	0	0	0	0	0	0	0	0	0	0	0	0	0	0	0	192	0	0	0	0	0	0	0	0	0	0	0	0	0	0	0	0	192	0	0	0	0	0	0	0	0	0	0	0	0	0	0	0	0	0	0	0	0	0	0	0	0	0	0	0	0	0	0	0	
0	0	0	0	0	192	0	0	0	0	0	0	0	0	0	0	0	0	0	0	0	0	0	0	0	0	0	0	0	0	0	0	0	0	0	0	0	0	0	0	0	0	0	0	0	0	0	0	0	0	0	0	0	0	0	0	0	0	0	0	0	0	0	0	0	0	0	0	0	0	0	0	0	192	192	0	0	0	0	0	
0	0	0	0	0	0	0	0	0	0	0	0	0	192	0	0	0	0	192	0	0	0	0	0	0	0	0	0	192	0	0	0	0	0	0	0	0	0	0	0	0	0	0	0	0	0	0	0	0	0	0	0	0	0	0	0	0	0	0	0	0	0	0	0	0	0	0	0	0	0	0	0	0	0	0	0	0	0	0	0	
0	0	0	0	0	0	0	192	0	192	0	0	0	0	0	0	0	0	0	0	0	0	0	0	0	0	0	0	0	0	0	0	0	0	0	0	0	0	0	0	0	0	0	0	0	0	0	0	0	0	0	0	0	0	0	192	0	0	0	0	0	0	0	0	0	0	0	0	0	0	0	0	0	0	0	0	0	0	0	0	
0	0	0	0	0	0	0	0	0	0	0	192	0	0	0	0	0	0	0	0	0	192	0	0	0	0	0	0	0	0	0	0	0	0	0	0	0	0	0	0	0	0	0	0	0	0	0	0	0	0	0	0	0	0	0	0	0	0	0	0	0	0	0	0	0	0	192	0	0	0	0	0	0	0	0	0	0	0	0	0	
0	0	0	0	0	0	0	0	0	0	0	0	0	0	0	0	0	0	0	0	0	0	0	0	0	0	0	0	0	0	0	0	0	0	0	0	0	0	0	0	0	0	0	0	0	0	0	0	0	0	0	0	192	0	0	0	0	0	0	192	0	0	0	0	0	0	0	0	0	0	0	0	0	0	0	192	0	0	0	0	
0	0	0	0	0	0	0	0	0	0	0	0	0	0	0	0	0	0	0	0	0	0	0	0	0	0	0	0	0	0	0	0	0	0	0	0	0	0	0	0	0	0	192	0	0	0	0	0	0	0	0	0	0	0	0	0	192	0	0	0	0	0	0	0	0	0	0	0	0	0	0	0	0	0	192	0	0	0	0	0	
0	192	0	0	0	0	0	0	0	0	0	0	0	0	0	0	192	0	0	0	0	0	0	0	0	0	0	0	0	0	0	0	0	0	0	0	0	192	0	0	0	0	0	0	0	0	0	0	0	0	0	0	0	0	0	0	0	0	0	0	0	0	0	0	0	0	0	0	0	0	0	0	0	0	0	0	0	0	0	0	
0	0	0	0	192	0	0	0	0	0	0	0	0	0	0	0	0	0	0	0	192	0	0	0	0	0	192	0	0	0	0	0	0	0	0	0	0	0	0	0	0	0	0	0	0	0	0	0	0	0	0	0	0	0	0	0	0	0	0	0	0	0	0	0	0	0	0	0	0	0	0	0	0	0	0	0	0	0	0	0	
0	0	0	0	0	0	0	0	0	0	0	0	0	0	0	0	0	0	0	0	0	0	0	0	0	0	0	0	0	0	0	0	0	0	0	0	0	0	0	0	0	0	0	0	0	0	0	0	0	0	0	0	0	0	0	0	0	0	0	0	0	0	0	192	0	0	0	0	0	0	0	0	0	0	0	0	192	192	0	0	
0	0	192	0	0	0	0	0	0	0	0	0	0	0	0	0	0	0	0	0	0	0	0	0	0	0	0	0	0	0	0	0	0	0	0	0	0	0	0	0	0	0	0	0	0	0	0	192	0	0	0	0	0	0	0	0	0	0	0	192	0	0	0	0	0	0	0	0	0	0	0	0	0	0	0	0	0	0	0	0	
0	0	0	0	0	0	0	0	0	0	0	0	0	192	0	0	0	0	192	0	192	0	0	0	0	0	0	0	0	0	0	0	0	0	0	0	0	0	0	0	0	0	0	0	0	0	0	0	0	0	0	0	0	0	0	0	0	0	0	0	0	0	0	0	0	0	0	0	0	0	0	0	0	0	0	0	0	0	0	0	
0	0	0	0	0	0	0	0	0	0	0	0	0	0	0	0	0	0	0	0	0	0	0	0	0	0	0	0	0	0	0	0	0	0	0	0	0	0	0	0	0	0	0	0	0	0	0	0	0	0	0	0	0	0	0	0	0	192	192	192	0	0	0	0	0	0	0	0	0	0	0	0	0	0	0	0	0	0	0	0	
0	0	0	0	0	0	0	192	0	0	0	0	0	0	0	0	0	0	0	0	0	0	0	0	0	0	0	0	0	0	0	0	0	0	0	0	0	0	0	0	0	0	0	0	0	192	0	0	0	0	0	0	0	0	0	0	0	0	0	0	0	0	0	0	0	0	0	0	0	0	0	0	0	0	0	0	0	0	192	0	
0	0	0	192	0	0	0	0	0	0	0	0	192	0	0	0	0	0	0	0	0	0	0	0	0	0	0	0	0	0	0	0	0	0	0	0	0	0	0	0	0	0	0	0	0	0	0	0	192	0	0	0	0	0	0	0	0	0	0	0	0	0	0	0	0	0	0	0	0	0	0	0	0	0	0	0	0	0	0	0	
0	0	0	0	0	0	0	0	0	0	0	0	0	0	0	0	0	0	0	0	0	0	0	0	0	0	0	0	0	0	0	0	0	0	0	0	0	0	0	0	0	0	0	0	0	0	0	0	0	0	0	0	0	0	192	0	0	0	0	0	0	0	0	192	0	0	0	0	0	0	0	0	0	0	0	0	192	0	0	0	
0	0	0	192	0	0	0	0	0	0	0	0	0	0	0	0	0	0	0	0	0	0	0	0	0	0	0	0	0	0	0	0	0	0	0	0	0	0	0	0	0	0	0	0	0	0	0	0	0	0	0	0	0	0	192	0	0	0	0	0	0	0	0	0	0	0	0	0	0	0	0	0	0	0	0	0	0	0	192	0	
0	0	0	0	0	0	0	0	0	0	0	0	0	0	0	0	0	0	0	0	0	0	0	0	0	0	0	0	0	0	0	0	0	0	0	0	0	0	0	0	0	0	0	0	0	0	0	192	0	0	0	0	192	0	192	0	0	0	0	0	0	0	0	0	0	0	0	0	0	0	0	0	0	0	0	0	0	0	0	0	
0	0	0	0	0	0	0	0	0	0	192	0	0	0	0	0	0	0	0	0	0	0	0	0	0	0	0	0	192	0	0	0	0	0	0	0	0	0	0	192	0	0	0	0	0	0	0	0	0	0	0	0	0	0	0	0	0	0	0	0	0	0	0	0	0	0	0	0	0	0	0	0	0	0	0	0	0	0	0	0	
192	0	0	0	0	0	0	0	0	0	0	0	0	0	0	0	0	0	0	0	0	0	0	0	0	0	0	0	0	0	192	0	0	0	0	0	0	0	192	0	0	0	0	0	0	0	0	0	0	0	0	0	0	0	0	0	0	0	0	0	0	0	0	0	0	0	0	0	0	0	0	0	0	0	0	0	0	0	0	0	
0	0	0	0	0	0	0	0	0	0	0	0	0	0	0	0	0	0	0	0	0	0	0	0	0	0	0	0	0	0	0	0	0	0	0	0	0	0	0	0	0	192	0	0	0	0	0	0	0	0	0	0	0	0	0	0	0	0	0	0	0	0	0	0	192	0	0	0	0	0	0	192	0	0	0	0	0	0	0	0	
0	0	0	0	0	0	0	0	0	0	0	0	0	0	0	0	0	0	0	0	0	0	0	0	0	0	0	0	0	0	0	0	0	0	0	0	0	0	0	0	0	0	0	0	0	0	0	0	0	0	0	192	0	0	0	0	0	192	0	0	0	0	0	0	0	0	0	0	0	0	0	0	0	0	0	0	192	0	0	0	
0	0	0	0	0	0	0	0	0	0	0	0	0	0	0	0	0	0	0	0	0	0	0	0	0	0	0	0	0	0	0	0	0	0	0	192	0	0	0	0	0	0	0	0	0	0	0	0	0	0	0	0	0	0	0	0	0	0	0	0	0	0	192	0	0	0	0	0	192	0	0	0	0	0	0	0	0	0	0	0	
0	0	0	0	0	0	0	0	0	0	0	0	0	0	0	0	0	0	0	0	0	0	192	0	0	192	0	0	0	0	0	0	192	0	0	0	0	0	0	0	0	0	0	0	0	0	0	0	0	0	0	0	0	0	0	0	0	0	0	0	0	0	0	0	0	0	0	0	0	0	0	0	0	0	0	0	0	0	0	0	
0	0	0	0	0	0	0	0	0	0	0	0	0	0	0	0	0	0	0	0	0	0	0	0	192	0	0	0	0	0	0	0	0	0	192	0	0	0	0	0	0	0	0	0	0	0	192	0	0	0	0	0	0	0	0	0	0	0	0	0	0	0	0	0	0	0	0	0	0	0	0	0	0	0	0	0	0	0	0	0	
0	0	0	0	0	0	0	0	0	0	0	0	0	0	192	0	0	0	0	0	0	0	0	0	0	0	0	0	0	192	0	0	0	0	0	0	0	192	0	0	0	0	0	0	0	0	0	0	0	0	0	0	0	0	0	0	0	0	0	0	0	0	0	0	0	0	0	0	0	0	0	0	0	0	0	0	0	0	0	0	
0	0	0	0	0	0	0	0	0	0	0	0	0	0	0	0	0	0	0	0	0	192	0	0	0	0	0	0	0	0	0	0	0	0	0	0	0	0	0	0	0	0	0	0	0	0	0	0	0	0	0	0	0	0	0	0	0	0	0	0	0	0	0	0	192	0	0	0	0	192	0	0	0	0	0	0	0	0	0	0	
0	0	0	0	0	0	0	0	0	0	0	192	0	0	0	0	0	0	0	0	0	0	0	0	0	0	0	0	0	0	0	0	0	0	0	0	0	0	0	0	0	0	0	0	0	0	0	0	0	0	0	0	0	0	0	0	0	0	0	0	0	0	0	0	0	0	0	0	192	0	0	0	0	0	0	0	0	0	0	192	
0	0	0	0	0	0	0	0	0	0	0	0	0	0	0	0	0	0	0	0	0	0	0	0	0	0	0	0	0	0	0	0	0	192	0	0	0	0	0	0	0	0	0	0	0	0	0	0	0	0	0	0	0	0	0	0	0	0	0	0	0	0	0	0	0	0	0	0	0	0	0	0	0	0	0	0	0	192	192	0	
0	0	0	0	0	0	0	0	0	0	0	0	0	0	0	0	0	0	0	0	0	0	192	0	0	0	0	0	0	0	0	0	0	0	0	192	0	0	0	0	0	0	0	0	0	0	0	0	0	0	0	0	0	0	0	0	0	0	0	0	0	0	192	0	0	0	0	0	0	0	0	0	0	0	0	0	0	0	0	0	
0	0	0	0	0	0	0	0	0	0	0	0	0	0	0	0	0	0	0	0	0	0	0	0	0	0	0	0	0	0	192	0	0	0	0	0	0	0	192	0	0	0	0	0	0	0	0	0	0	0	0	0	0	0	0	0	0	0	0	0	0	0	0	0	0	0	0	0	0	0	0	0	0	0	0	0	0	0	0	192	
0	0	0	0	0	0	0	0	0	0	0	0	0	0	0	0	0	0	0	0	0	0	0	192	0	0	0	0	0	0	0	0	0	0	0	0	192	0	0	0	0	0	0	192	0	0	0	0	0	0	0	0	0	0	0	0	0	0	0	0	0	0	0	0	0	0	0	0	0	0	0	0	0	0	0	0	0	0	0	0	
0	0	0	0	0	0	0	0	0	0	192	0	0	0	0	0	0	0	0	0	0	0	0	0	0	0	0	0	0	0	0	0	0	0	0	0	0	0	0	0	0	0	0	192	0	0	0	0	192	0	0	0	0	0	0	0	0	0	0	0	0	0	0	0	0	0	0	0	0	0	0	0	0	0	0	0	0	0	0	0	
0	0	0	0	0	0	0	0	0	0	0	0	0	0	0	192	0	0	0	0	0	0	0	0	0	0	0	192	0	0	0	0	0	0	0	0	0	0	0	0	0	0	0	0	0	0	0	192	0	0	0	0	0	0	0	0	0	0	0	0	0	0	0	0	0	0	0	0	0	0	0	0	0	0	0	0	0	0	0	0	
0	0	0	0	0	0	0	0	0	0	0	0	0	0	0	0	0	0	0	0	0	0	0	0	0	0	0	0	0	0	0	0	0	0	0	0	0	0	0	0	0	0	0	0	0	0	0	0	0	0	0	192	0	0	0	0	0	192	0	0	0	0	0	192	0	0	0	0	0	0	0	0	0	0	0	0	0	0	0	0	
0	0	0	0	0	0	0	0	0	0	0	0	0	0	0	0	0	0	0	0	0	0	0	0	0	0	0	0	0	0	0	0	0	192	0	0	0	0	0	0	0	0	0	0	0	0	0	0	0	0	0	192	0	0	0	0	0	0	0	0	0	0	0	0	0	0	0	0	0	0	192	0	0	0	0	0	0	0	0	0	
0	0	0	0	0	0	0	0	0	0	0	0	0	0	0	0	0	0	0	0	0	0	0	0	0	0	0	0	0	0	0	0	0	0	0	0	0	0	0	0	0	0	0	0	0	0	0	0	0	0	0	0	0	0	0	192	0	0	192	0	0	0	0	0	0	0	0	0	0	0	192	0	0	0	0	0	0	0	0	0	
0	0	0	0	0	0	0	0	0	0	0	0	0	0	0	0	0	0	0	192	0	0	0	0	0	0	0	0	0	0	0	0	0	0	0	0	0	0	0	0	0	0	0	0	0	0	0	0	0	0	0	0	0	0	0	0	0	0	0	0	0	0	0	0	0	0	0	0	0	192	0	0	192	0	0	0	0	0	0	0	
70	21	1	19	9	41	7	73	25	42	78	7	77	16	79	24	0	53	2	19	42	17	49	18	68	62	52	14	7	36	38	1	29	60	62	18	14	16	54	27	67	57	70	5	21	79	56	25	29	43	21	32	25	56	28	68	42	63	13	72	39	18	12	19	38	6	15	25	43	79	76	15	43	67	6	11	12	55	50	16	50	79	23	4	19	49	57	29	3	11	27	44	37	65	3	71	11	30	71	41	38	1	41	3	54	45	24	37	62	18	40	0	45	17	39	71	69	11	40	24	55	17	43	23	51	20	2	67	60	21	29	77	49	69	45	24	37	21	19	18	23	55	1	79	8	58	39	46	59	33	55	16	16	75	0	23	23	27	6	68	66	33	71	23	18	30	54	50	40	51	3	53	53	49	63	2	57	41	76	73	38	44	58	13	14	59	27	60	0	8	14	9	77	18	54	53	40	43	36	49	16	53	40	77	72	32	35	10	79	44	6	10	55	60	35	78	64	48	10	6	77	57	28	4	78	72	11	25	3	46	7	53	46	60	1	73	16	68	11	71	57	69	37	48	76	33	64	5	56	58	46	69	64	79	63	20	35	35	20	49	3	22	47	78	64	9	0	59	61	61	40	58	73	3	73	11	38	44	19	0	5	9	71	42	55	11	7	9	29	19	30	27	52	11	60	49	37	27	16	30	50	32	37	30	23	54	42	62	2	60	42	75	47	29	36	19	60	54	51	34	70	38	54	53	40	8	8	58	34	26	56	45	31	25	49	27	76	18	2	65	55	17	6	77	29	20	76	43	74	24	79	72	43	26	78	1	30	22	69	20	48	26	48	29	45	51	30	9	50	62	59	5	29	39	67	54	43	15	15	77	18	73	67	58	68	26	74	9	74	68	30	59	26	62	28	30	60	72	73	75	69	27	36	37	50	44	48	71	32	40	75	75	38	29	45	20	74	77	61	22	23	65	21	78	25	36	70	0	67	17	8	13	44	54	31	72	54	26	42	75	6	15	66	43	31	54	28	74	29	57	13	24	60	34	14	20	43	34	32	16	13	26	69	61	34	60	62	60	27	56	67	24	53	30	51	13	35	40	45	56	20	57	1	52	14	71	6	18	22	19	57	41	20	38	62	28	12	13	20	3	43	79	61	19	69	59	40	21	39	20	26	40	15	75	28	49	32	4	78	14	77	73	66	20	54	50	50	30	21	79	2	14	68	12	15	64	63	18	60	9	48	7	57	70	27	51	78	18	31	71	14	78	78	39	3	55	39	40	75	16	28	51	47	69	13	0	27	16	32	3	39	75	55	6	78	2	62	51	73	61	4	75	64	64	12	60	18	14	17	17	17	26	35	49	48	35	40	15	69	66	11	69	42	0	59	25	21	29	38	20	7	76	50	42	9	13	38	23	49	68	19	55	72	41	40	40	25	46	16	68	74	8	36	4	49	68	31	27	75	43	73	41	17	62	7	66	8	38	7	59	45	43	37	11	6	25	37	45	40	58	14	64	49	47	53	78	0	22	78	69	0	11	76	3	17	23	44	31	14	0	18	60	53	78	50	73	9	15	34	31	50	43	15	64	7	16	71	22	71	48	71	34	16	70	28	57	28	61	52	40	67	22	46	44	3	29	31	75	11	57	2	72	42	25	53	76	55	41	37	36	49	61	41	39	44	25	51	25	9	13	5	45	29	70	56	70	2	20	77	16	65	14	14	1	37	6	61	43	24	28	7	65	32	35	30	46	3	4	56	10	38	58	45	51	61	28	54	70	36	73	35	52	7	56	58	12	9	79	33	42	42	12	74	75	61	58	56	75	65	39	39	66	54	43	69	13	14	34	12	30	9	47	28	32	26	10	62	8	70	55	10	25	6	37	11	21	27	70	48	14	59	75	79	39	5	14	47	31	52	25	46	64	75	77	12	13	12	38	63	55	71	45	23	40	30	38	45	44	27	76	67	57	26	53	70	50	3	31	73	22	27	35	77	44	67	47	78	61	18	40	5	12	20	9	48	74	76	44	14	64	2	11	40	5	16	23	63	73	48	66	76	18	67	35	37	36	8	53	77	53	8	35	28	36	41	14	31	64	38	8	11	40	32	51	63	2	68	39	30	72	21	20	22	60	51	5	14	45	77	30	7	30	62	33	33	57	25	62	51	54	50	75	62	49	60	8	55	53	77	79	32	2	70	79	9	42	39	42	51	61	35	18	49	65	41	64	74	43	25	36	6	26	27	62	50	38	29	14	62	55	31	0	61	7	9	47	11	39	12	66	58	7	25	15	24	10	64	39	13	33	27	28	55	79	51	24	11	69	73	62	29	43	65	26	16	49	60	54	21	27	73	17	18	47	47	8	67	43	52	78	54	21	67	57	58	47	47	10	68	35	24	9	56	27	73	18	33	61	16	66	55	16	53	2	48	70	0	62	48	0	32	55	25	65	15	49	47	39	76	43	36	22	16	56	2	19	55	73	76	13	27	23	6	30	34	38	11	43	57	29	25	62	47	6	54	68	13	27	0	67	54	22	3	1	13	36	49	53	28	77	50	58	43	75	1	7	0	14	57	39	19	7	51	44	62	13	70	52	7	66	79	24	10	3	41	75	33	4	54	6	71	69	38	50	49	17	70	74	66	35	21	15	58	79	71	53	42	76	69	72	8	62	58	62	6	23	60	78	56	48	43	77	62	70	7	35	13	51	11	11	5	12	17	45	48	70	49	77	37	71	37	30	29	40	5	61	38	72	68	53	22	36	22	58	1	10	27	0	45	26	57	11	4	12	23	55	38	9	56	46	27	36	72	51	52	36	38	1	15	50	58	30	35	32	31	37	38	3	21	74	24	48	17	15	64	15	7	75	38	0	25	54	10	35	56	34	56	79	49	62	17	21	77	29	69	42	15	72	5	46	71	32	44	21	45	66	43	68	47	74	45	46	12	68	65	50	57	63	45	64	48	0	37	71	12	61	78	10	2	79	44	1	66	26	34	61	41	38	70	68	42	7	12	60	44	15	17	12	35	11	69	1	25	13	42	42	0	12	43	6	11	63	56	59	65	64	22	35	36	41	54	63	15	61	27	53	11	61	3	65	9	33	73	31	57	4	54	29	17	6	70	46	22	22	53	44	14	34	55	63	72	49	76	73	50	46	63	19	23	47	24	56	62	73	46	72	5	1	3	31	21	40	34	36	75	66	12	25	2	39	18	61	58	32	26	50	25	61	54	11	3	60	0	69	20	77	8	64	77	28	12	2	4	55	68	56	53	61	67	60	72	27	39	14	37	51	35	13	27	28	7	28	39	74	67	42	26	21	60	46	27	26	32	49	8	18	69	45	53	41	17	24	0	38	40	51	10	1	2	12	21	67	56	37	76	52	40	59	75	72	23	50	18	56	63	38	47	16	6	44	28	53	78	27	78	15	45	65	29	69	25	59	22	18	29	4	20	34	71	33	38	10	18	73	20	18	54	7	55	67	68	30	48	3	8	42	43	68	39	55	75	78	27	20	61	4	43	26	22	52	18	37	19	54	73	31	4	52	11	13	23	27	16	42	44	57	9	77	15	30	73	41	52	47	52	69	79	18	65	44	12	31	10	73	31	24	2	24	53	40	63	63	6	26	20	47	51	75	68	27	20	54	25	41	23	65	50	13	16	20	34	40	76	56	24	49	5	36	5	73	7	65	77	45	2	69	43	35	13	23	61	11	70	76	4	62	62	63	0	49	77	23	66	16	61	76	18	66	41	59	78	7	27	5	41	47	17	24	67	40	61	56	70	74	22	30	75	78	54	19	43	14	69	0	64	50	29	46	2	51	39	6	58	11	61	59	62	31	60	51	48	67	6	13	14	19	14	12	29	36	52	12	49	64	28	7	61	65	27	66	39	76	34	3	45	21	62	63	40	1	74	25	48	28	79	71	12	48	50	70	48	46	26	5	32	52	62	25	3	14	43	72	11	53	45	27	8	74	17	18	9	62	33	1	63	40	28	36	70	28	37	67	48	8	54	40	64	72	53	60	19	70	31	27	44	43	48	27	51	29	63	37	13	11	62	6	0	17	21	35	48	50	68	6	72	23	40	42	45	18	16	43	42	12	7	18	29	52	35	30	25	25	56	55	47	79	50	1	31	13	56	36	43	18	53	48	37	74	63	18	76	8	24	5	17	63	55	5	48	64	5	55	32	72	17	52	43	49	64	16	9	54	19	43	28	41	21	27	5	31	31	75	18	31	42	72	62	15	58	23	11	8	11	26	54	39	9	40	54	4	9	63	63	29	70	15	59	49	45	54	64	57	36	72	20	62	13	5	7	0	75	10	16	42	20	43	76	68	21	77	60	35	63	36	64	13	59	45	67	56	37	31	47	26	56	30	10	21	43	35	64	60	20	3	67	1	1	35	4	39	5	3	4	19	72	26	41	17	12	77	39	19	75	57	57	14	42	8	59	72	16	50	24	13	26	12	59	77	57	72	18	46	36	75	4	0	18	53	17	10	10	51	43	35	51	16	0	14	17	27	53	37	33	52	27	65	43	71	63	72	37	43	53	56	42	15	4	16	23	65	43	28	42	73	77	76	51	55	57	31	70	71	19	10	9	14	64	20	76	55	9	61	32	55	13	41	66	65	73	47	64	44	31	70	50	27	22	58	15	24	67	63	61	58	76	20	18	36	19	66	54	23	10	51	7	28	62	51	33	30	72	39	75	17	64	48	58	24	29	53	45	54	60	46	2	74	50	4	27	26	54	72	11	66	36	23	79	64	49	31	21	69	39	0	51	5	70	75	8	7	70	78	27	73	59	66	60	42	55	54	75	29	42	59	10	2	69	31	2	10	60	77	3	55	49	25	69	41	29	26	66	70	11	78	54	73	65	54	71	2	25	27	51	15	68	79	31	38	42	19	40	28	39	47	8	46	65	16	42	72	4	58	38	72	28	0	33	72	60	56	26	24	49	37	18	51	37	6	42	33	64	23	36	40	3	41	27	18	4	19	44	62	32	3	13	67	63	19	11	2	72	64	
66	38	79	18	73	62	21	46	43	31	56	63	14	33	31	10	21	55	62	21	24	39	9	3	42	53	38	11	32	55	58	32	31	50	11	73	13	10	44	10	78	5	2	72	72	23	4	73	79	55	54	40	23	45	10	24	4	10	48	54	11	52	73	16	79	12	71	42	15	35	57	35	61	74	19	76	25	18	3	39	38	76	44	53	4	73	62	22	15	68	22	74	59	71	40	22	59	72	70	79	61	51	43	16	62	6	38	8	42	46	3	51	46	56	30	15	72	16	70	72	69	53	39	75	17	34	46	5	58	36	39	35	44	74	33	67	69	15	8	49	65	33	57	11	13	13	64	60	72	48	44	35	44	38	57	76	24	45	4	5	25	2	26	57	43	66	72	23	60	25	27	11	25	5	16	67	77	19	3	43	40	32	51	64	20	9	60	63	17	26	27	21	26	1	45	48	76	59	15	12	37	20	78	54	1	43	39	76	14	59	40	58	9	65	44	61	46	44	33	2	26	7	20	39	43	1	50	56	14	53	8	18	79	32	35	3	43	17	64	6	64	51	61	74	43	4	5	75	40	17	38	71	21	22	45	74	30	17	23	17	0	79	2	9	41	61	73	32	70	40	26	1	67	60	35	28	46	71	79	11	51	38	12	45	0	70	8	13	1	8	9	54	62	12	15	24	19	58	54	71	6	9	71	13	47	67	59	1	24	32	27	46	74	59	32	60	76	59	34	36	25	25	28	0	26	0	38	7	55	71	57	68	10	24	45	31	27	43	45	1	35	26	16	52	60	14	33	63	78	64	7	61	67	40	45	22	67	32	58	35	72	1	24	46	10	35	48	46	67	16	28	78	75	17	40	73	51	30	32	44	28	78	3	48	63	23	0	53	18	63	22	56	21	4	39	60	49	43	40	19	72	24	15	5	27	43	22	78	44	7	62	40	29	23	71	26	48	45	35	11	62	77	53	48	59	26	75	24	1	41	64	65	33	4	56	17	30	1	25	72	31	9	76	50	27	78	75	37	22	33	24	79	0	65	35	60	8	59	10	26	73	60	40	54	49	17	45	44	12	71	14	23	15	9	11	35	74	74	63	40	17	54	61	27	57	46	23	44	28	36	23	32	54	79	49	77	14	41	4	16	75	44	18	77	38	69	11	57	10	3	21	35	41	73	50	63	26	70	74	12	27	67	14	78	56	19	65	67	35	13	27	10	3	2	8	59	46	69	46	38	21	55	31	10	66	37	69	1	51	43	60	22	4	42	27	3	66	79	50	44	67	79	2	60	50	27	79	57	14	67	75	44	22	26	9	26	1	8	40	0	54	32	68	77	48	53	11	78	38	22	32	25	43	6	23	71	39	42	73	30	39	65	46	7	54	8	41	63	39	46	71	26	76	33	39	17	21	19	28	63	52	28	6	66	22	25	10	47	44	39	47	44	0	69	31	30	79	22	5	73	11	28	73	56	34	23	30	28	9	29	53	11	8	77	58	23	78	42	79	45	24	75	63	63	59	9	18	44	3	78	31	21	13	44	68	48	28	74	19	61	0	46	56	27	6	36	61	65	32	41	12	67	16	71	5	46	2	53	20	25	40	57	6	24	29	14	62	20	13	43	47	44	56	31	23	26	7	10	16	59	40	30	70	39	47	57	52	23	50	31	50	17	62	4	31	33	58	16	0	15	60	16	30	38	0	26	74	48	18	52	9	68	13	38	20	65	22	10	3	26	1	71	53	64	60	54	41	14	46	40	13	24	28	15	32	54	33	79	56	8	33	24	12	69	43	51	75	9	29	66	22	37	0	39	10	59	78	59	58	37	5	10	74	0	62	71	51	52	45	76	31	15	53	72	70	68	14	58	46	65	15	65	44	56	68	25	44	23	74	43	36	20	15	38	48	44	7	75	3	18	37	70	66	37	2	52	41	11	16	16	35	43	17	60	79	52	27	77	35	24	35	6	27	35	23	43	63	71	66	42	14	33	1	23	45	8	30	58	59	36	73	57	18	66	10	20	39	41	4	28	64	46	60	76	30	38	5	26	73	17	5	42	23	7	32	51	2	5	11	6	6	1	71	9	69	37	41	66	33	47	75	31	28	28	32	13	66	28	56	52	54	17	67	14	34	12	58	79	44	12	36	39	54	62	56	53	7	38	27	48	48	62	20	45	36	44	50	48	20	48	66	23	76	21	2	14	73	25	61	66	9	57	35	31	18	11	6	69	48	24	32	59	1	54	44	7	65	16	21	62	18	50	46	49	24	65	21	4	72	3	40	57	17	9	44	57	46	50	17	57	39	2	38	21	8	28	35	37	28	13	61	75	64	8	63	22	52	49	68	13	34	21	16	12	44	50	37	73	45	68	55	0	59	76	31	12	21	8	62	1	77	47	48	28	63	44	13	78	30	38	60	38	68	63	28	38	59	21	77	43	69	34	63	60	20	38	51	61	4	73	29	64	51	41	14	48	0	51	47	65	11	48	8	34	5	48	47	29	19	9	55	42	42	42	15	32	61	58	46	35	7	1	33	27	22	16	36	62	46	60	59	64	69	41	11	9	10	65	60	24	42	27	68	47	28	37	66	16	72	27	50	2	59	42	47	28	3	35	51	51	15	75	25	70	17	44	46	25	44	73	41	57	56	29	11	40	62	16	32	9	6	60	79	46	41	20	76	76	45	34	74	24	39	63	8	56	61	42	9	3	50	65	40	24	70	29	38	44	46	20	70	74	12	59	78	53	14	0	42	42	31	49	79	25	16	27	56	38	47	58	79	74	21	17	37	75	74	72	15	1	28	56	36	3	63	18	15	17	47	3	39	19	74	39	26	34	43	42	54	22	18	75	33	73	2	69	37	73	32	29	4	19	20	39	47	59	40	69	72	31	26	55	58	4	72	11	64	49	75	16	40	49	48	27	6	73	27	65	77	24	27	53	21	31	0	67	67	75	55	28	4	21	13	21	3	15	26	21	31	25	7	57	11	1	67	38	2	50	51	56	27	47	50	38	8	14	46	45	55	10	68	73	70	35	47	49	28	58	10	3	76	3	25	0	24	22	53	72	21	33	27	13	40	35	6	5	24	43	23	17	65	70	46	70	67	41	45	24	46	51	32	33	70	9	37	78	3	33	32	36	6	59	44	3	57	30	64	31	53	2	65	68	26	67	23	44	19	16	25	72	57	3	74	25	32	18	11	22	42	58	61	73	38	17	77	19	54	15	56	33	49	29	11	23	38	9	20	19	27	76	6	16	15	44	11	71	10	55	70	6	25	66	47	54	76	4	6	69	77	25	9	62	50	7	79	58	42	24	79	20	20	10	43	6	28	26	18	65	59	71	3	53	14	67	53	11	27	7	67	35	16	59	25	53	59	72	74	26	26	75	67	29	32	67	29	47	69	13	29	8	45	48	55	31	74	38	19	12	2	18	46	54	67	70	31	43	77	48	27	22	12	2	55	44	70	34	24	67	64	5	76	39	40	39	10	7	76	49	59	50	5	12	30	48	16	64	74	20	8	78	55	50	30	62	60	4	77	25	64	7	39	53	68	14	41	27	76	45	25	59	64	47	54	22	65	19	48	60	33	25	64	28	41	15	50	35	23	69	42	12	13	32	43	39	78	21	27	49	63	55	47	64	65	52	48	46	8	63	2	48	56	3	74	4	59	14	44	63	55	20	68	36	24	7	13	57	28	55	65	57	69	47	45	26	38	57	13	7	25	40	25	16	40	5	8	34	12	23	32	6	47	59	47	58	71	72	3	77	74	19	41	73	33	2	70	68	1	73	63	49	48	30	25	23	66	54	8	58	76	69	19	15	20	49	44	19	50	35	38	5	45	10	17	20	18	77	16	49	67	31	41	48	53	2	26	31	68	22	7	11	45	7	28	61	64	46	61	29	31	72	38	23	27	61	46	46	51	23	30	57	22	12	4	38	66	48	28	69	74	4	34	47	24	21	57	39	45	16	57	1	42	79	19	64	41	49	35	58	62	78	44	72	45	51	63	18	23	28	17	27	22	46	53	41	26	63	29	40	9	65	78	27	63	7	1	35	7	8	9	77	41	75	67	14	43	50	74	3	79	45	10	29	74	62	65	14	51	43	71	1	49	66	26	61	60	14	58	7	58	52	9	46	28	23	44	2	11	2	64	15	2	33	57	18	64	77	75	72	50	14	14	20	57	64	39	62	60	30	3	2	48	50	37	70	31	54	74	40	78	10	73	41	54	55	33	0	36	8	10	77	23	56	32	23	48	10	58	8	61	74	19	43	23	70	41	76	6	4	1	40	45	11	11	77	38	15	74	50	6	39	18	14	18	60	71	54	52	11	18	65	15	36	59	24	36	26	64	74	75	78	58	44	59	52	12	39	20	38	25	29	36	72	26	59	78	13	59	58	46	50	25	40	2	21	26	23	10	43	17	18	33	65	21	19	41	49	40	45	17	55	48	76	42	16	12	57	10	64	0	1	62	22	51	5	5	34	17	16	28	20	45	42	15	31	79	47	78	1	35	23	58	54	67	18	64	26	52	9	73	24	28	22	5	71	18	2	19	34	47	54	14	16	28	22	50	7	65	34	53	24	54	3	54	34	20	60	70	45	33	75	31	62	47	25	19	47	21	23	32	24	56	15	58	34	22	10	64	71	33	41	20	7	42	12	7	66	19	60	23	10	60	4	9	59	78	47	75	61	38	50	24	66	27	39	44	65	79	54	47	1	24	51	37	36	11	39	69	55	26	22	47	6	3	20	14	75	19	42	50	62	41	16	10	69	55	66	38	66	56	1	48	37	67	3	74	73	20	37	33	11	24	3	18	9	45	75	26	33	63	21	37	28	2	66	77	19	52	26	65	21	45	20	61	35	79	77	69	32	39	18	9	34	9	36	72	38	10	6	12	70	4	47	13	79	67	13	38	5	62	66	42	53	71	76	69	69	27	59	4	16	64	59	68	8	8	20	41	9	26	72	18	18	43	63	56	50	18	47	24	50	8	42	20	7	62	68	44	66	34	73	25	23	
15	18	3	10	3	1	13	7	7	10	19	7	15	17	2	7	17	13	15	10	17	13	7	3	9	3	15	14	17	12	4	5	20	12	8	4	4	6	14	4	5	13	20	3	9	7	16	13	4	5	9	7	8	10	2	2	9	15	18	14	8	2	6	13	14	15	5	14	20	5	6	20	15	13	3	2	5	9	1	11	2	17	13	18	20	7	19	14	6	2	15	9	14	12	8	2	19	19	15	19	7	7	2	19	11	14	2	16	16	4	11	7	4	3	16	18	3	10	11	12	6	10	4	15	18	15	10	20	9	14	11	8	6	5	8	20	12	4	1	5	19	13	8	16	8	20	2	18	13	15	3	15	6	10	9	6	15	3	1	11	8	6	8	2	7	12	10	2	2	3	5	6	19	19	18	1	18	18	9	10	4	9	8	12	10	7	16	18	10	15	5	14	15	14	13	2	12	20	5	1	13	7	10	9	4	3	16	15	20	13	1	20	12	7	18	9	8	6	11	3	1	1	2	19	20	16	12	2	11	13	2	5	14	20	20	5	6	11	16	14	8	5	18	19	13	19	1	8	11	1	20	5	9	12	12	13	18	2	4	15	14	12	11	14	3	13	11	5	4	5	4	7	12	10	1	11	19	12	1	15	10	1	17	17	15	8	8	16	17	18	14	1	5	6	8	19	4	14	8	10	14	14	3	4	2	2	18	20	5	12	13	1	7	20	15	6	17	9	15	10	9	1	7	5	15	4	16	4	4	13	15	8	10	18	1	19	13	3	7	4	3	14	18	14	4	8	18	1	9	13	18	18	12	11	17	14	1	14	5	14	2	12	15	12	3	18	8	11	9	1	9	6	14	13	15	6	3	16	2	12	16	10	2	2	6	13	2	5	6	8	16	9	16	12	12	4	9	16	14	8	5	8	10	3	16	12	15	11	4	10	10	6	11	5	15	12	15	10	10	2	12	10	13	11	13	3	2	15	9	15	11	9	15	3	8	8	3	14	4	16	13	12	4	7	7	7	5	5	2	8	9	3	9	14	6	6	10	9	13	4	10	3	7	4	1	5	13	1	4	15	1	6	6	9	8	12	10	9	15	15	16	9	14	9	6	6	7	13	4	11	14	2	16	13	16	7	4	11	12	14	13	13	2	16	11	8	10	7	13	6	10	4	12	11	14	5	5	12	13	8	12	10	3	6	6	13	7	14	13	2	16	12	12	4	10	10	7	11	8	12	8	14	3	3	4	2	7	15	14	13	5	14	11	8	15	1	14	12	15	2	11	13	16	9	7	12	7	13	13	12	2	5	7	8	15	3	3	8	7	8	14	1	10	9	13	2	7	1	11	4	5	6	12	14	16	1	11	9	2	12	15	14	7	16	6	3	5	7	15	11	8	9	13	9	4	12	3	7	1	7	2	4	13	2	3	15	15	8	9	11	9	8	16	2	11	15	6	12	3	13	15	7	13	8	9	12	13	9	9	6	5	8	12	5	2	15	8	4	6	10	13	4	15	7	6	12	4	15	5	10	10	1	1	8	16	5	14	5	14	4	4	11	1	2	14	3	14	3	6	16	8	13	3	8	10	14	16	13	3	9	3	4	7	9	14	14	14	11	10	5	13	11	13	1	5	10	4	13	15	12	14	5	6	1	14	12	12	5	7	6	12	2	10	3	14	12	2	12	5	15	6	6	10	15	8	8	3	10	6	15	16	14	3	2	13	6	1	5	15	14	2	5	10	3	3	6	9	15	15	11	7	6	14	4	4	4	14	3	4	16	7	10	8	1	5	2	16	7	11	8	13	11	13	11	1	10	2	3	14	3	12	11	14	11	3	5	9	12	4	7	13	3	5	6	6	10	1	4	16	3	15	13	1	3	2	7	8	1	10	5	10	16	13	4	8	15	11	15	7	10	9	15	7	13	5	16	6	3	4	16	16	15	11	2	1	13	9	5	12	8	1	3	5	7	9	1	10	14	7	2	13	8	10	14	3	15	6	12	6	5	3	12	3	7	1	11	15	3	7	8	4	5	14	12	5	15	7	12	1	6	10	1	1	2	11	5	11	1	4	12	10	7	3	1	5	2	8	16	1	8	11	1	5	10	10	13	10	14	1	6	16	16	2	11	2	6	3	4	14	5	6	1	13	1	8	12	12	12	5	15	16	14	6	9	13	7	11	8	12	6	6	4	14	15	12	4	2	3	5	8	6	12	13	7	15	3	7	8	8	13	12	3	8	3	2	15	9	2	4	11	8	14	13	10	13	10	10	2	14	11	11	14	7	8	5	11	10	2	11	11	2	7	4	11	2	16	12	11	11	14	9	10	12	4	8	2	12	11	10	14	4	11	5	16	15	14	3	6	15	16	4	6	16	6	14	8	11	13	15	10	4	13	16	9	9	13	7	15	9	4	1	12	4	10	9	7	6	7	14	12	14	1	3	11	1	12	2	5	5	1	6	6	11	13	5	5	15	11	3	3	10	13	4	16	4	6	2	12	7	8	4	5	2	8	2	5	7	5	12	8	5	6	10	8	11	14	8	3	6	12	7	14	14	3	1	12	1	11	10	4	16	7	6	12	12	1	1	16	6	7	7	7	3	2	14	4	5	3	13	8	7	11	5	11	10	3	6	12	15	5	16	5	15	8	10	1	10	13	10	10	2	15	7	5	16	16	10	6	3	8	7	16	2	10	10	1	3	5	2	15	6	12	4	6	8	14	14	12	13	11	11	4	16	7	13	15	6	9	4	8	4	11	15	1	6	9	11	1	10	16	5	14	6	12	8	3	15	16	7	13	3	15	9	13	4	4	16	5	11	4	2	4	8	16	15	14	10	16	2	1	16	8	6	4	12	16	1	14	15	13	1	9	8	3	11	3	8	7	3	4	16	8	14	9	2	3	11	6	6	7	6	9	16	6	7	5	10	7	4	15	7	8	3	13	15	13	8	2	5	4	11	14	6	5	15	8	2	1	1	16	10	2	12	8	3	4	16	3	8	9	7	14	4	10	12	3	2	16	5	10	9	10	12	6	4	8	7	12	13	13	10	2	14	2	1	11	13	12	13	4	16	6	9	7	11	9	6	14	13	15	12	3	15	9	16	5	1	16	9	12	16	8	4	14	1	4	5	13	4	8	13	6	5	5	10	4	13	12	7	5	16	11	3	5	5	11	11	1	2	7	6	7	5	13	6	2	15	14	15	15	5	13	5	4	2	15	9	13	8	2	7	16	5	1	5	13	9	12	13	8	7	14	4	6	12	7	6	8	14	14	15	15	1	9	10	12	4	4	16	10	1	3	2	5	3	5	15	12	15	9	2	16	15	9	7	12	7	14	3	9	6	13	8	1	15	12	3	13	4	2	11	11	3	12	13	10	1	3	1	4	9	12	13	11	5	16	6	5	10	3	15	3	5	11	11	5	16	8	8	7	8	13	3	3	3	10	4	16	15	6	10	13	16	12	2	15	3	8	9	1	7	12	2	13	5	7	4	9	1	15	1	2	7	15	16	10	2	7	6	13	13	12	12	10	11	3	11	12	5	2	1	6	2	1	9	11	10	8	15	2	13	10	2	15	11	5	7	7	1	2	16	14	12	13	9	11	3	2	14	14	11	13	14	10	11	6	16	5	13	5	8	16	5	16	10	11	11	1	1	14	5	5	13	6	4	7	6	16	11	14	13	9	1	10	10	3	15	4	4	2	12	15	16	3	12	15	5	10	13	2	5	5	10	5	7	5	12	9	2	9	4	16	13	6	6	10	7	1	16	10	5	10	6	8	4	11	6	3	9	7	12	10	13	1	11	11	13	10	13	11	14	1	9	15	16	16	11	5	11	10	6	12	14	5	15	7	6	14	16	6	6	10	4	5	8	6	6	13	13	7	10	7	15	4	14	6	16	8	13	15	14	4	10	3	10	13	3	14	12	5	7	2	14	12	9	13	4	16	6	13	1	15	7	10	10	3	16	3	12	4	9	2	15	15	13	12	9	9	3	2	8	1	8	7	7	14	5	10	7	11	6	10	12	12	5	14	10	8	8	2	1	5	8	11	16	13	1	8	5	2	7	8	4	12	13	13	12	15	11	6	7	2	13	3	12	14	15	2	14	10	7	14	5	2	4	5	16	15	7	12	9	14	1	7	10	5	10	11	8	6	15	3	5	7	7	14	7	5	3	4	9	16	8	11	3	12	4	8	6	1	9	1	15	7	10	11	7	5	6	13	3	10	10	13	7	6	14	2	4	2	7	1	2	6	10	11	2	12	1	10	12	10	1	6	3	2	14	8	11	2	6	16	9	6	8	5	4	4	15	12	13	12	2	15	8	12	3	14	3	11	6	16	6	8	9	6	15	13	13	15	14	2	16	7	2	14	13	9	10	11	9	2	16	13	8	2	2	6	8	15	9	8	12	5	10	2	12	8	2	8	12	5	13	5	4	4	6	13	13	1	6	2	1	10	12	7	15	6	15	13	2	8	16	15	6	16	16	4	13	4	16	12	1	5	14	13	16	1	5	10	3	1	1	12	7	16	16	6	12	12	11	2	16	1	13	9	16	6	1	1	2	16	2	3	9	7	2	1	7	8	4	11	13	5	13	15	12	7	3	8	12	14	3	8	12	3	5	3	7	5	4	2	2	5	13	2	10	8	13	11	13	3	1	2	15	4	9	2	6	7	14	9	14	12	2	9	5	16	9	8	13	15	4	6	3	14	14	3	15	15	6	14	7	7	15	6	16	13	9	14	15	11	11	16	1	9	15	12	10	3	9	16	2	4	8	12	3	15	10	14	12	10	14	16	11	9	4	15	8	13	14	3	2	3	10	9	3	13	3	10	7	5	11	12	5	1	7	11	16	10	6	5	6	12	13	12	8	11	1	8	5	11	4	14	7	8	2	16	12	16	1	16	2	6	1	4	8	13	15	2	10	12	1	6	3	12	16	11	13	5	1	2	11	7	6	10	9	14	3	15	12	2	7	16	15	9	7	7	13	13	10	4	7	3	12	11	4	13	15	6	3	9	
910	420	170	760	190	910	480	390	550	660	430	860	910	230	550	490	640	760	250	860	550	790	200	220	200	230	880	710	530	840	310	950	320	540	140	180	740	700	190	450	680	770	450	520	450	860	150	430	970	170	210	370	180	380	900	610	700	870	380	540	830	310	140	740	1000	770	150	840	790	330	970	140	260	970	310	950	440	720	210	980	960	890	600	510	640	300	500	160	310	580	320	740	110	640	450	380	540	890	620	820	200	100	590	690	1000	970	900	600	220	120	690	100	220	330	840	450	630	890	140	370	290	670	520	950	170	910	320	790	620	230	180	950	910	800	300	930	790	320	950	740	180	600	110	560	920	310	940	540	480	400	950	700	120	250	1000	110	520	620	710	490	630	960	370	140	460	990	920	510	230	950	440	750	440	540	920	530	760	840	910	530	170	400	940	500	470	270	820	970	270	890	710	650	760	400	500	130	750	850	840	580	230	430	260	790	180	240	610	980	770	970	740	560	700	100	270	820	610	100	220	110	440	930	450	510	180	410	630	240	240	520	950	310	990	600	550	940	350	640	910	180	130	980	710	800	430	610	800	930	560	610	980	360	200	780	970	900	900	370	810	490	670	850	480	690	690	610	540	370	210	860	280	940	840	900	810	350	290	980	790	730	500	100	690	880	650	560	610	310	210	220	540	240	420	540	350	190	990	970	540	160	400	500	570	600	170	390	760	280	510	590	480	670	1000	830	540	730	640	500	150	590	600	430	990	130	580	190	110	740	760	870	840	850	590	610	960	930	850	750	880	820	890	500	930	330	390	570	350	270	270	420	980	840	1000	140	260	450	560	290	760	330	900	340	430	900	900	290	860	230	400	630	670	730	740	790	290	420	530	200	640	450	100	920	270	970	850	140	260	160	830	350	260	820	730	130	950	910	660	810	410	520	540	520	840	530	340	870	580	220	860	630	720	120	420	210	880	350	290	630	480	360	910	200	690	550	960	140	130	360	350	250	580	400	630	790	450	610	440	620	990	120	820	230	550	190	500	950	220	600	490	710	830	610	950	270	200	470	360	510	540	330	240	440	280	670	740	380	640	310	760	450	190	770	890	630	980	770	610	580	530	490	530	930	450	480	520	490	640	790	270	550	620	130	790	860	160	870	490	270	590	450	770	500	720	470	410	380	220	620	220	650	740	540	200	220	760	500	730	200	1000	740	320	380	190	240	430	270	170	630	480	1000	860	330	750	940	370	240	860	910	960	300	500	890	600	630	110	710	160	310	340	500	140	830	260	380	130	890	880	960	240	120	600	100	710	240	140	230	860	830	610	800	420	430	280	990	880	120	340	750	420	910	710	430	360	450	980	640	550	370	260	700	530	640	160	410	600	740	240	890	960	650	940	270	130	270	380	540	380	360	710	250	360	520	190	520	720	900	140	640	960	100	640	600	130	910	380	810	740	450	560	880	920	460	700	200	480	680	550	240	770	450	190	920	990	810	210	220	330	260	990	780	790	820	450	320	220	460	970	930	590	520	910	790	650	570	450	1000	960	100	390	180	320	130	570	980	540	810	320	140	950	450	780	230	970	930	670	960	650	900	860	620	490	370	840	420	300	560	770	130	880	900	940	680	760	400	590	900	590	330	290	470	760	160	580	710	500	960	470	610	740	810	900	240	420	810	220	440	900	690	690	350	410	290	290	600	300	200	810	110	540	660	380	660	770	950	320	130	660	980	330	960	290	460	590	140	830	790	100	600	560	620	860	380	840	850	250	280	400	410	800	390	270	670	860	510	500	140	480	170	300	310	240	800	350	460	840	630	300	450	340	540	730	150	890	110	400	350	370	760	880	310	990	160	440	550	440	930	840	950	960	470	490	860	410	240	210	320	770	550	580	200	970	910	660	220	460	310	260	810	690	820	370	550	780	590	180	200	800	680	780	870	460	780	580	350	360	670	720	580	750	300	230	710	370	180	560	310	640	660	760	780	590	580	970	560	570	890	360	380	860	520	940	620	530	760	170	700	640	200	440	970	720	490	1000	710	910	250	690	330	140	610	770	550	960	350	930	660	850	490	200	690	580	870	200	920	320	130	120	320	150	220	580	910	210	880	860	900	560	780	740	310	550	180	270	760	820	710	260	610	370	760	810	800	920	450	890	970	790	590	730	300	130	270	900	190	290	390	580	970	830	420	970	800	740	250	160	310	220	610	550	280	700	570	240	120	810	120	280	580	680	140	830	210	380	690	610	290	960	590	590	670	580	230	400	220	900	850	730	460	590	140	940	680	210	610	250	640	540	360	400	950	390	240	810	920	290	540	920	830	190	210	690	190	680	790	160	450	820	690	220	390	1000	980	460	420	740	860	470	890	360	780	210	1000	910	140	100	410	120	290	370	840	140	280	680	930	380	270	850	520	840	390	180	940	260	920	440	230	990	560	720	720	760	810	740	800	990	880	980	810	440	330	680	240	870	470	880	380	900	830	200	300	480	250	650	910	390	930	770	1000	760	500	640	720	420	830	580	920	1000	510	320	710	190	690	640	110	920	820	110	580	710	850	950	820	640	850	450	680	900	280	920	150	110	960	180	230	800	570	750	790	180	840	570	800	350	790	900	710	740	890	980	190	730	110	410	120	810	180	220	140	760	400	760	750	190	460	750	840	610	680	770	870	850	770	930	440	340	320	930	760	720	170	340	170	660	560	790	170	940	720	800	870	350	510	790	740	410	610	240	990	830	140	750	130	710	330	650	650	200	560	710	750	470	630	190	380	730	520	910	620	190	750	500	330	760	500	480	230	790	220	470	840	370	100	990	810	460	330	990	370	740	610	190	680	810	670	540	270	840	880	120	480	170	600	900	300	580	720	600	340	220	270	470	690	150	710	210	210	660	100	920	560	790	570	670	100	970	410	240	630	340	750	690	960	820	120	890	720	440	520	200	560	900	930	660	630	420	630	740	770	900	930	220	610	900	110	720	420	530	400	680	290	810	370	180	500	830	740	800	270	520	100	750	690	530	480	210	780	200	480	730	770	940	730	380	300	880	170	390	840	660	240	540	400	560	310	950	260	900	470	930	380	280	140	680	550	410	600	220	920	120	410	750	280	800	890	870	170	280	400	800	800	240	310	550	720	310	960	130	250	650	510	350	640	130	880	670	870	580	390	340	120	710	220	400	990	430	170	440	590	300	570	270	850	150	530	160	280	190	720	200	990	220	440	730	230	660	230	220	630	780	190	350	170	140	920	740	100	520	920	440	830	210	970	170	580	730	450	930	330	140	310	490	660	170	760	520	880	410	390	420	400	300	440	290	340	150	580	630	500	180	160	340	610	800	700	740	420	490	640	330	610	360	830	690	460	990	760	570	200	480	150	510	390	610	110	1000	770	420	280	670	970	370	360	980	590	980	480	930	510	790	380	910	640	530	210	460	410	920	340	810	880	1000	510	380	530	130	840	620	440	970	410	730	390	100	690	970	470	160	230	290	680	200	710	390	460	160	940	520	800	710	570	190	400	400	250	930	200	710	520	980	740	770	990	640	390	510	510	630	110	670	250	210	560	350	720	780	700	580	510	950	880	200	160	550	190	740	750	450	390	680	500	300	720	730	830	190	680	470	610	660	200	680	630	250	630	610	960	730	790	250	160	640	770	280	340	560	200	390	680	340	220	840	390	150	490	850	620	170	860	520	860	650	500	530	440	860	560	400	260	460	610	370	810	610	870	120	240	410	680	740	190	820	780	820	720	590	930	570	140	510	740	670	770	390	810	610	210	850	180	540	180	340	730	350	660	480	410	350	1000	590	810	440	790	610	610	310	520	990	380	340	820	800	230	280	690	610	340	730	680	320	550	610	480	820	810	850	700	160	300	230	940	450	500	630	490	630	150	270	340	950	220	250	640	940	290	580	970	310	320	130	800	780	610	260	510	360	490	310	760	100	510	530	540	920	280	480	790	720	120	760	710	710	530	460	780	150	670	570	100	150	270	870	750	280	700	880	530	400	660	760	180	460	560	960	350	680	760	480	400	350	200	210	830	240	270	280	150	350	110	450	280	940	340	400	940	580	900	880	510	800	970	740	460	120	800	920	320	110	540	270	220	440	530	510	850	520	490	760	120	620	390	260	180	860	860	880	860	900	800	890	930	100	310	420	550	400	670	600	530	310	610	300	140	360	740	590	930	750	110	380	910	840	270	460	340	430	100	260	720	520	850	170	830	600	210	690	830	550	750	560	110	980	290	760	770	810	160	200	880	920	890	410	450	280	470	870	920	790	830	530	890	540	740	770	650	670	760	510	100	130	390	360	770	100	540	940	390	230	210	930	280	390	110	970	210	800	360	200	430	100	170	680	140	810	800	110	570	600	840	350	440	520	120	830	730	930	920	250	620	270	350	960	560	350	360	840	930	940	810	290	420	220	840	210	350	370	540	290	980	620	860	1000	270	250	240	200	880	600	940	810	250	880	230	620	260	110	390	720	370	550	550	560	320	890	490	720	610	170	130	370	840	810	690	930	550	140	780	380	520	230	770	430	870	1000	860	140	950	270	810	820	960	830	320	560	230	670	820	840	820	860	850	690	840	300	970	190	710	240	820	120	800	930	760	240	470	860	690	400	930	470	510	590	990	940	670	940	600	700	700	410	300	390	480	880	210	290	830	140	340	500	150	500	960	120	450	140	330	440	670	350	360	120	300	800	240	670	350	230	510	970	390	190	730	220	490	120	500	370	1000	530	680	580	1000	350	420	460	510	540	410	870	610	530	430	890	690	310	880	410	490	280	950	440	840	860	200	830	910	990	360	580	240	320	330	600	120	790	500	940	150	290	640	690	220	320	930	240	610	840	380	740	750	110	270	410	120	120	210	980	120	1000	210	890	170	890	940	400	940	220	270	510	860	600	320	340	360	650	260	260	690	590	130	890	230	870	780	560	400	640	560	380	250	550	630	880	1000	540	610	530	790	790	240	260	280	370	110	280	560	980	370	670	970	600	200	510	230	750	590	1000	380	810	160	120	570	740	390	600	260	110	230	560	420	330	870	870	980	940	770	990	120	120	570	710	150	
1
