2212
80
2
70
0	192	192	0	0	0	0	192	0	0	0	0	0	0	192	0	0	0	0	0	0	0	0	0	0	0	0	0	0	0	192	0	0	192	0	0	0	0	0	0	0	0	0	0	0	0	0	0	0	0	0	192	0	0	0	0	0	0	0	0	0	192	0	0	0	0	0	0	0	0	0	0	0	0	0	0	0	0	0	0	
192	0	0	0	0	0	0	0	0	0	0	0	0	0	0	0	0	0	0	0	0	0	0	0	0	0	0	0	0	0	0	0	0	0	0	0	0	0	0	0	192	0	0	0	0	0	0	0	0	192	0	0	0	0	0	0	0	0	0	0	0	0	0	0	0	0	0	0	0	0	0	0	0	0	0	0	0	0	0	0	
192	0	0	0	0	0	192	0	0	0	0	0	0	0	0	0	0	0	0	0	0	0	0	0	0	0	0	0	0	0	0	0	0	0	0	0	0	0	0	0	0	0	0	0	0	0	0	0	0	0	0	0	192	0	0	0	0	0	0	0	0	0	0	0	0	0	0	0	0	0	0	0	0	0	0	0	0	0	0	0	
0	0	0	0	0	0	0	0	0	0	0	0	0	0	0	0	0	0	0	0	0	0	0	0	0	0	0	0	0	0	0	0	0	0	0	0	0	0	0	0	0	0	0	0	0	0	0	0	0	0	0	0	0	0	0	0	192	0	192	0	0	0	0	0	0	0	0	0	0	0	0	0	0	0	0	0	0	0	0	0	
0	0	0	0	0	0	0	0	0	0	0	0	0	0	0	0	0	0	0	0	0	0	0	0	0	0	0	0	0	0	0	192	0	0	0	0	0	0	0	0	0	0	0	0	0	0	0	0	0	0	192	0	0	0	0	0	0	0	0	0	0	0	0	0	0	0	0	0	0	0	0	0	0	0	0	0	0	0	0	0	
0	0	0	0	0	0	0	0	192	0	0	0	0	0	0	0	0	0	0	0	0	0	0	0	0	0	0	0	0	0	0	0	0	0	0	0	0	0	0	0	192	0	0	0	0	0	0	0	0	0	0	0	0	0	0	0	0	0	0	0	0	0	0	0	0	0	0	0	0	0	0	0	0	0	0	0	0	0	0	0	
0	0	192	0	0	0	0	0	0	0	0	0	192	0	0	0	0	0	0	0	0	0	0	0	0	0	0	0	0	0	0	0	0	0	0	0	0	0	0	0	0	0	0	0	0	0	0	0	0	0	0	0	0	0	0	0	0	0	0	0	0	0	0	0	0	0	0	0	0	0	0	0	0	0	0	0	0	0	0	0	
192	0	0	0	0	0	0	0	0	192	0	0	0	0	0	0	0	0	0	0	0	0	0	0	0	0	0	0	0	0	0	0	0	0	0	0	0	0	0	0	0	0	0	0	0	192	0	0	0	0	0	0	0	0	0	0	0	0	0	0	0	0	0	0	0	0	0	0	0	0	0	0	0	0	0	0	0	0	0	0	
0	0	0	0	0	192	0	0	0	0	0	0	0	0	0	0	0	0	0	0	0	0	0	0	0	0	0	0	0	0	0	0	0	0	0	0	192	0	0	0	0	0	0	0	0	0	0	0	0	0	0	0	0	0	0	0	0	0	0	0	0	0	0	0	0	0	0	0	0	0	0	0	0	0	0	0	0	0	0	0	
0	0	0	0	0	0	0	192	0	0	0	0	0	0	0	0	0	0	0	0	0	0	0	0	0	0	0	0	0	0	0	0	0	0	0	0	0	0	0	0	0	192	0	0	0	0	0	0	0	0	0	0	0	0	0	0	0	0	0	0	0	0	0	0	0	0	0	0	0	0	0	0	0	0	0	0	0	0	0	0	
0	0	0	0	0	0	0	0	0	0	0	0	0	0	0	0	192	0	0	0	0	0	0	0	0	0	0	0	0	0	0	0	0	0	0	0	0	0	0	0	0	0	0	0	0	0	0	0	0	0	0	0	0	0	0	0	0	0	0	0	192	0	0	0	0	0	0	0	0	0	0	0	0	0	0	0	0	0	0	0	
0	0	0	0	0	0	0	0	0	0	0	0	0	0	0	0	0	0	0	0	0	0	0	0	192	0	0	0	0	0	0	0	0	0	0	0	0	0	0	0	0	0	0	0	0	0	0	0	0	0	0	0	0	0	0	0	0	0	0	0	0	0	0	0	0	0	0	0	0	192	0	0	0	0	0	0	0	0	0	0	
0	0	0	0	0	0	192	0	0	0	0	0	0	0	0	0	0	0	0	0	0	0	0	0	0	0	0	0	0	0	0	0	0	0	0	0	0	0	0	0	0	0	0	0	0	0	0	0	0	0	0	0	0	0	0	0	192	0	0	0	0	0	0	0	0	0	0	0	0	0	0	0	0	0	0	0	0	0	0	0	
0	0	0	0	0	0	0	0	0	0	0	0	0	0	0	0	0	0	192	0	0	0	0	0	0	0	0	0	0	0	0	0	0	0	0	0	0	0	0	0	0	0	0	0	0	0	0	0	0	0	0	0	0	192	0	0	0	0	0	0	0	0	0	0	0	0	0	0	0	0	0	0	0	0	0	0	0	0	0	0	
192	0	0	0	0	0	0	0	0	0	0	0	0	0	0	192	0	0	0	0	0	0	0	0	0	0	0	0	0	0	0	0	0	0	0	0	0	0	0	0	0	0	0	0	0	0	0	0	0	0	0	0	0	0	0	0	0	0	0	0	0	0	0	0	0	0	0	192	0	0	0	0	0	0	0	0	0	0	0	0	
0	0	0	0	0	0	0	0	0	0	0	0	0	0	192	0	0	0	0	0	0	0	0	0	0	0	0	192	0	0	0	0	0	0	0	0	0	0	0	0	0	0	0	0	0	0	0	0	0	0	0	0	0	0	0	0	0	0	0	0	0	0	0	0	0	0	0	0	0	0	0	0	0	0	0	0	0	0	0	0	
0	0	0	0	0	0	0	0	0	0	192	0	0	0	0	0	0	0	0	0	0	0	0	0	0	0	0	0	0	0	0	0	0	0	0	0	0	0	0	0	0	0	0	0	0	0	0	0	0	192	0	0	0	0	0	0	0	0	0	0	0	0	0	0	0	0	0	0	0	0	0	0	0	0	0	0	0	0	0	0	
0	0	0	0	0	0	0	0	0	0	0	0	0	0	0	0	0	0	0	0	0	0	0	0	0	0	0	192	0	192	0	0	0	0	0	0	0	0	0	0	0	0	0	0	0	0	0	0	0	0	0	0	0	0	0	0	0	0	0	0	0	0	0	0	0	0	0	0	0	0	0	0	0	0	0	0	0	0	0	0	
0	0	0	0	0	0	0	0	0	0	0	0	0	192	0	0	0	0	0	0	0	0	0	0	0	0	0	0	0	0	0	0	0	0	0	0	0	0	0	0	0	0	0	0	192	0	0	0	0	0	0	0	0	0	0	0	0	0	0	0	0	0	0	0	0	0	0	0	0	0	0	0	0	0	0	0	0	0	0	0	
0	0	0	0	0	0	0	0	0	0	0	0	0	0	0	0	0	0	0	0	0	0	0	0	0	0	0	0	0	0	0	0	0	0	0	0	0	0	0	192	0	0	0	0	0	0	0	0	0	0	0	0	0	0	0	0	0	0	0	0	0	0	0	0	0	0	0	0	0	0	0	0	0	0	0	0	0	0	0	192	
0	0	0	0	0	0	0	0	0	0	0	0	0	0	0	0	0	0	0	0	0	0	0	0	0	0	192	0	0	0	0	0	0	0	0	0	0	0	0	0	0	0	0	0	0	0	0	0	0	0	0	0	0	192	0	0	0	0	0	0	0	0	0	0	0	0	0	0	0	0	0	0	0	0	0	0	0	0	0	0	
0	0	0	0	0	0	0	0	0	0	0	0	0	0	0	0	0	0	0	0	0	0	0	0	0	0	0	0	0	0	0	0	0	0	0	0	0	0	0	0	0	0	0	0	0	0	192	0	0	0	0	0	0	0	0	0	0	0	0	0	0	0	0	0	0	0	0	0	192	0	0	0	0	0	0	0	0	0	0	0	
0	0	0	0	0	0	0	0	0	0	0	0	0	0	0	0	0	0	0	0	0	0	0	0	0	0	0	0	0	0	0	0	192	0	0	0	0	0	0	0	0	0	0	0	0	0	0	0	0	0	0	0	0	0	0	0	0	0	0	0	0	0	0	0	0	0	0	0	0	0	0	192	0	0	0	0	0	0	0	0	
0	0	0	0	0	0	0	0	0	0	0	0	0	0	0	0	0	0	0	0	0	0	0	0	0	0	0	0	0	0	0	0	0	0	0	0	192	0	0	0	0	0	0	0	0	0	0	0	0	0	0	0	0	0	0	0	0	0	0	0	0	0	0	0	0	0	0	0	0	0	0	0	0	192	0	0	0	0	0	0	
0	0	0	0	0	0	0	0	0	0	0	192	0	0	0	0	0	0	0	0	0	0	0	0	0	0	0	0	0	0	0	0	0	0	0	0	0	0	0	0	0	0	0	0	0	0	0	0	0	0	0	0	0	0	0	0	0	0	0	0	0	0	0	0	0	0	192	0	0	0	0	0	0	0	0	0	0	0	0	0	
0	0	0	0	0	0	0	0	0	0	0	0	0	0	0	0	0	0	0	0	0	0	0	0	0	0	0	0	0	0	0	0	0	0	0	192	0	0	192	0	0	0	0	0	0	0	0	0	0	0	0	0	0	0	0	0	0	0	0	0	0	0	0	0	0	0	0	0	0	0	0	0	0	0	0	0	0	0	0	0	
0	0	0	0	0	0	0	0	0	0	0	0	0	0	0	0	0	0	0	0	192	0	0	0	0	0	0	0	0	0	0	192	0	0	0	0	0	0	0	0	0	0	0	0	0	0	0	0	0	0	0	0	0	0	0	0	0	0	0	0	0	0	0	0	0	0	0	0	0	0	0	0	0	0	0	0	0	0	0	0	
0	0	0	0	0	0	0	0	0	0	0	0	0	0	0	192	0	192	0	0	0	0	0	0	0	0	0	0	0	0	0	0	0	0	0	0	0	0	0	0	0	0	0	0	0	0	0	0	0	0	0	0	0	0	0	0	0	0	0	0	0	0	0	0	0	0	0	0	0	0	0	0	0	0	0	0	0	0	0	0	
0	0	0	0	0	0	0	0	0	0	0	0	0	0	0	0	0	0	0	0	0	0	0	0	0	0	0	0	0	0	0	0	0	0	0	0	0	0	0	192	0	0	0	0	192	0	0	0	0	0	0	0	0	0	0	0	0	0	0	0	0	0	0	0	0	0	0	0	0	0	0	0	0	0	0	0	0	0	0	0	
0	0	0	0	0	0	0	0	0	0	0	0	0	0	0	0	0	192	0	0	0	0	0	0	0	0	0	0	0	0	0	0	0	0	0	0	0	192	0	0	0	0	0	0	0	0	0	0	0	0	0	0	0	0	0	0	0	0	0	0	0	0	0	0	0	0	0	0	0	0	0	0	0	0	0	0	0	0	0	0	
192	0	0	0	0	0	0	0	0	0	0	0	0	0	0	0	0	0	0	0	0	0	0	0	0	0	0	0	0	0	0	0	0	0	0	0	0	0	0	0	0	0	0	0	0	0	0	0	0	0	0	0	0	0	0	0	0	0	0	0	0	192	0	0	0	0	0	0	0	0	0	0	0	0	0	0	0	0	0	0	
0	0	0	0	192	0	0	0	0	0	0	0	0	0	0	0	0	0	0	0	0	0	0	0	0	0	192	0	0	0	0	0	0	0	0	0	0	0	0	0	0	0	0	0	0	0	0	0	0	0	0	0	0	0	0	0	0	0	0	0	0	0	0	0	0	0	0	0	0	0	0	0	0	0	0	0	0	0	0	0	
0	0	0	0	0	0	0	0	0	0	0	0	0	0	0	0	0	0	0	0	0	0	192	0	0	0	0	0	0	0	0	0	0	0	0	0	0	0	0	0	0	0	0	0	0	0	0	0	0	0	0	0	0	0	0	0	0	0	0	0	0	0	0	0	0	192	0	0	0	0	0	0	0	0	0	0	0	0	0	0	
192	0	0	0	0	0	0	0	0	0	0	0	0	0	0	0	0	0	0	0	0	0	0	0	0	0	0	0	0	0	0	0	0	0	0	0	0	0	0	0	0	0	0	0	0	0	0	0	0	0	0	0	0	0	0	0	0	0	0	0	0	0	0	0	0	0	0	0	0	0	192	0	0	0	0	0	0	192	0	0	
0	0	0	0	0	0	0	0	0	0	0	0	0	0	0	0	0	0	0	0	0	0	0	0	0	0	0	0	0	0	0	0	0	0	0	0	0	0	0	0	0	192	0	0	0	0	0	0	0	0	0	0	0	0	0	0	0	0	0	0	0	0	0	0	0	0	192	0	0	0	0	0	0	0	0	0	0	0	0	0	
0	0	0	0	0	0	0	0	0	0	0	0	0	0	0	0	0	0	0	0	0	0	0	0	0	192	0	0	0	0	0	0	0	0	0	0	0	0	0	0	0	0	0	0	0	0	0	0	0	0	0	0	0	0	0	0	0	0	0	0	0	0	0	0	0	0	0	0	0	0	0	192	0	0	0	0	0	0	0	0	
0	0	0	0	0	0	0	0	192	0	0	0	0	0	0	0	0	0	0	0	0	0	0	192	0	0	0	0	0	0	0	0	0	0	0	0	0	0	0	0	0	0	0	0	0	0	0	0	0	0	0	0	0	0	0	0	0	0	0	0	0	0	0	0	0	0	0	0	0	0	0	0	0	0	0	0	0	0	0	0	
0	0	0	0	0	0	0	0	0	0	0	0	0	0	0	0	0	0	0	0	0	0	0	0	0	0	0	0	0	192	0	0	0	0	0	0	0	0	0	0	0	0	0	0	0	0	0	0	0	0	0	0	0	0	0	0	0	0	0	0	0	0	0	0	0	0	0	192	0	0	0	0	0	0	0	0	0	0	0	0	
0	0	0	0	0	0	0	0	0	0	0	0	0	0	0	0	0	0	0	0	0	0	0	0	0	192	0	0	0	0	0	0	0	0	0	0	0	0	0	0	0	0	0	0	0	0	0	0	0	0	0	0	0	0	0	0	0	0	0	0	0	0	0	0	0	0	0	0	0	0	0	0	192	0	0	0	0	0	0	0	
0	0	0	0	0	0	0	0	0	0	0	0	0	0	0	0	0	0	0	192	0	0	0	0	0	0	0	0	192	0	0	0	0	0	0	0	0	0	0	0	0	0	0	0	0	0	0	0	0	0	0	0	0	0	0	0	0	0	0	0	0	0	0	0	0	0	0	0	0	0	0	0	0	0	0	0	0	0	0	0	
0	192	0	0	0	192	0	0	0	0	0	0	0	0	0	0	0	0	0	0	0	0	0	0	0	0	0	0	0	0	0	0	0	0	0	0	0	0	0	0	0	0	0	0	0	0	0	0	0	0	0	0	0	0	0	0	0	0	0	0	0	0	0	0	0	0	0	0	0	0	0	0	0	0	0	0	0	0	0	0	
0	0	0	0	0	0	0	0	0	192	0	0	0	0	0	0	0	0	0	0	0	0	0	0	0	0	0	0	0	0	0	0	0	0	192	0	0	0	0	0	0	0	0	0	0	0	0	0	0	0	0	0	0	0	0	0	0	0	0	0	0	0	0	0	0	0	0	0	0	0	0	0	0	0	0	0	0	0	0	0	
0	0	0	0	0	0	0	0	0	0	0	0	0	0	0	0	0	0	0	0	0	0	0	0	0	0	0	0	0	0	0	0	0	0	0	0	0	0	0	0	0	0	0	0	0	0	0	0	192	0	192	0	0	0	0	0	0	0	0	0	0	0	0	0	0	0	0	0	0	0	0	0	0	0	0	0	0	0	0	0	
0	0	0	0	0	0	0	0	0	0	0	0	0	0	0	0	0	0	0	0	0	0	0	0	0	0	0	0	0	0	0	0	0	0	0	0	0	0	0	0	0	0	0	0	0	0	0	0	0	0	0	0	0	0	0	0	0	0	0	0	0	0	0	0	0	0	0	0	0	0	0	0	0	192	192	0	0	0	0	0	
0	0	0	0	0	0	0	0	0	0	0	0	0	0	0	0	0	0	192	0	0	0	0	0	0	0	0	0	192	0	0	0	0	0	0	0	0	0	0	0	0	0	0	0	0	0	0	0	0	0	0	0	0	0	0	0	0	0	0	0	0	0	0	0	0	0	0	0	0	0	0	0	0	0	0	0	0	0	0	0	
0	0	0	0	0	0	0	192	0	0	0	0	0	0	0	0	0	0	0	0	0	0	0	0	0	0	0	0	0	0	0	0	0	0	0	0	0	0	0	0	0	0	0	0	0	0	0	0	0	0	0	0	0	0	0	192	0	0	0	0	0	0	0	0	0	0	0	0	0	0	0	0	0	0	0	0	0	0	0	0	
0	0	0	0	0	0	0	0	0	0	0	0	0	0	0	0	0	0	0	0	0	192	0	0	0	0	0	0	0	0	0	0	0	0	0	0	0	0	0	0	0	0	0	0	0	0	0	0	0	0	0	0	0	0	0	0	0	0	0	0	0	0	0	0	192	0	0	0	0	0	0	0	0	0	0	0	0	0	0	0	
0	0	0	0	0	0	0	0	0	0	0	0	0	0	0	0	0	0	0	0	0	0	0	0	0	0	0	0	0	0	0	0	0	0	0	0	0	0	0	0	0	0	0	0	0	0	0	0	0	0	0	0	192	0	0	0	0	0	0	0	0	0	0	0	0	0	0	0	0	0	0	0	0	0	0	192	0	0	0	0	
0	0	0	0	0	0	0	0	0	0	0	0	0	0	0	0	0	0	0	0	0	0	0	0	0	0	0	0	0	0	0	0	0	0	0	0	0	0	0	0	0	0	192	0	0	0	0	0	0	0	0	0	0	0	0	0	0	0	0	0	0	0	0	0	0	0	0	0	0	0	0	0	0	0	192	0	0	0	0	0	
0	192	0	0	0	0	0	0	0	0	0	0	0	0	0	0	192	0	0	0	0	0	0	0	0	0	0	0	0	0	0	0	0	0	0	0	0	0	0	0	0	0	0	0	0	0	0	0	0	0	0	0	0	0	0	0	0	0	0	0	0	0	0	0	0	0	0	0	0	0	0	0	0	0	0	0	0	0	0	0	
0	0	0	0	192	0	0	0	0	0	0	0	0	0	0	0	0	0	0	0	0	0	0	0	0	0	0	0	0	0	0	0	0	0	0	0	0	0	0	0	0	0	192	0	0	0	0	0	0	0	0	0	0	0	0	0	0	0	0	0	0	0	0	0	0	0	0	0	0	0	0	0	0	0	0	0	0	0	0	0	
192	0	0	0	0	0	0	0	0	0	0	0	0	0	0	0	0	0	0	0	0	0	0	0	0	0	0	0	0	0	0	0	0	0	0	0	0	0	0	0	0	0	0	0	0	0	0	0	0	0	0	0	0	0	0	0	0	0	0	0	0	0	0	192	0	0	0	0	0	0	0	0	0	0	0	0	192	0	0	0	
0	0	192	0	0	0	0	0	0	0	0	0	0	0	0	0	0	0	0	0	0	0	0	0	0	0	0	0	0	0	0	0	0	0	0	0	0	0	0	0	0	0	0	0	0	0	0	192	0	0	0	0	0	0	0	0	0	0	0	0	0	0	0	0	0	0	0	0	0	0	0	0	0	0	0	0	0	0	0	0	
0	0	0	0	0	0	0	0	0	0	0	0	0	192	0	0	0	0	0	0	192	0	0	0	0	0	0	0	0	0	0	0	0	0	0	0	0	0	0	0	0	0	0	0	0	0	0	0	0	0	0	0	0	0	0	0	0	0	0	0	0	0	0	0	0	0	0	0	0	0	0	0	0	0	0	0	0	0	0	0	
0	0	0	0	0	0	0	0	0	0	0	0	0	0	0	0	0	0	0	0	0	0	0	0	0	0	0	0	0	0	0	0	0	0	0	0	0	0	0	0	0	0	0	0	0	0	0	0	0	0	0	0	0	0	0	0	0	0	192	192	0	0	0	0	0	0	0	0	0	0	0	0	0	0	0	0	0	0	0	0	
0	0	0	0	0	0	0	0	0	0	0	0	0	0	0	0	0	0	0	0	0	0	0	0	0	0	0	0	0	0	0	0	0	0	0	0	0	0	0	0	0	0	0	0	0	192	0	0	0	0	0	0	0	0	0	0	0	0	0	0	0	0	0	0	0	0	0	0	0	0	0	0	0	0	0	0	0	0	192	0	
0	0	0	192	0	0	0	0	0	0	0	0	192	0	0	0	0	0	0	0	0	0	0	0	0	0	0	0	0	0	0	0	0	0	0	0	0	0	0	0	0	0	0	0	0	0	0	0	0	0	0	0	0	0	0	0	0	0	0	0	0	0	0	0	0	0	0	0	0	0	0	0	0	0	0	0	0	0	0	0	
0	0	0	0	0	0	0	0	0	0	0	0	0	0	0	0	0	0	0	0	0	0	0	0	0	0	0	0	0	0	0	0	0	0	0	0	0	0	0	0	0	0	0	0	0	0	0	0	0	0	0	0	0	0	0	0	0	0	0	0	0	0	0	192	0	0	0	0	0	0	0	0	0	0	0	0	192	0	0	0	
0	0	0	192	0	0	0	0	0	0	0	0	0	0	0	0	0	0	0	0	0	0	0	0	0	0	0	0	0	0	0	0	0	0	0	0	0	0	0	0	0	0	0	0	0	0	0	0	0	0	0	0	0	0	192	0	0	0	0	0	0	0	0	0	0	0	0	0	0	0	0	0	0	0	0	0	0	0	0	0	
0	0	0	0	0	0	0	0	0	0	0	0	0	0	0	0	0	0	0	0	0	0	0	0	0	0	0	0	0	0	0	0	0	0	0	0	0	0	0	0	0	0	0	0	0	0	0	0	0	0	0	0	0	0	192	0	0	0	0	0	0	0	0	0	0	0	0	0	0	0	0	0	0	0	0	192	0	0	0	0	
0	0	0	0	0	0	0	0	0	0	192	0	0	0	0	0	0	0	0	0	0	0	0	0	0	0	0	0	0	0	0	0	0	0	0	0	0	0	0	0	0	0	0	0	0	0	0	0	0	0	0	0	0	0	0	0	0	0	0	0	0	0	0	0	0	0	0	0	0	0	0	0	0	0	0	0	0	0	0	192	
192	0	0	0	0	0	0	0	0	0	0	0	0	0	0	0	0	0	0	0	0	0	0	0	0	0	0	0	0	0	192	0	0	0	0	0	0	0	0	0	0	0	0	0	0	0	0	0	0	0	0	0	0	0	0	0	0	0	0	0	0	0	0	0	0	0	0	0	0	0	0	0	0	0	0	0	0	0	0	0	
0	0	0	0	0	0	0	0	0	0	0	0	0	0	0	0	0	0	0	0	0	0	0	0	0	0	0	0	0	0	0	0	0	0	0	0	0	0	0	0	0	0	0	0	0	0	0	0	0	0	0	0	0	0	0	0	0	0	0	0	0	0	0	0	192	192	0	0	0	0	0	0	0	0	0	0	0	0	0	0	
0	0	0	0	0	0	0	0	0	0	0	0	0	0	0	0	0	0	0	0	0	0	0	0	0	0	0	0	0	0	0	0	0	0	0	0	0	0	0	0	0	0	0	0	0	0	0	0	0	0	0	192	0	0	0	0	0	192	0	0	0	0	0	0	0	0	0	0	0	0	0	0	0	0	0	0	0	0	0	0	
0	0	0	0	0	0	0	0	0	0	0	0	0	0	0	0	0	0	0	0	0	0	0	0	0	0	0	0	0	0	0	0	0	0	0	0	0	0	0	0	0	0	0	0	0	0	192	0	0	0	0	0	0	0	0	0	0	0	0	0	0	0	192	0	0	0	0	0	0	0	0	0	0	0	0	0	0	0	0	0	
0	0	0	0	0	0	0	0	0	0	0	0	0	0	0	0	0	0	0	0	0	0	0	0	0	0	0	0	0	0	0	0	192	0	0	0	0	0	0	0	0	0	0	0	0	0	0	0	0	0	0	0	0	0	0	0	0	0	0	0	0	0	192	0	0	0	0	0	0	0	0	0	0	0	0	0	0	0	0	0	
0	0	0	0	0	0	0	0	0	0	0	0	0	0	0	0	0	0	0	0	0	0	0	0	192	0	0	0	0	0	0	0	0	0	192	0	0	0	0	0	0	0	0	0	0	0	0	0	0	0	0	0	0	0	0	0	0	0	0	0	0	0	0	0	0	0	0	0	0	0	0	0	0	0	0	0	0	0	0	0	
0	0	0	0	0	0	0	0	0	0	0	0	0	0	192	0	0	0	0	0	0	0	0	0	0	0	0	0	0	0	0	0	0	0	0	0	0	192	0	0	0	0	0	0	0	0	0	0	0	0	0	0	0	0	0	0	0	0	0	0	0	0	0	0	0	0	0	0	0	0	0	0	0	0	0	0	0	0	0	0	
0	0	0	0	0	0	0	0	0	0	0	0	0	0	0	0	0	0	0	0	0	192	0	0	0	0	0	0	0	0	0	0	0	0	0	0	0	0	0	0	0	0	0	0	0	0	0	0	0	0	0	0	0	0	0	0	0	0	0	0	0	0	0	0	0	0	0	0	0	192	0	0	0	0	0	0	0	0	0	0	
0	0	0	0	0	0	0	0	0	0	0	192	0	0	0	0	0	0	0	0	0	0	0	0	0	0	0	0	0	0	0	0	0	0	0	0	0	0	0	0	0	0	0	0	0	0	0	0	0	0	0	0	0	0	0	0	0	0	0	0	0	0	0	0	0	0	0	0	192	0	0	0	0	0	0	0	0	0	0	0	
0	0	0	0	0	0	0	0	0	0	0	0	0	0	0	0	0	0	0	0	0	0	0	0	0	0	0	0	0	0	0	0	0	192	0	0	0	0	0	0	0	0	0	0	0	0	0	0	0	0	0	0	0	0	0	0	0	0	0	0	0	0	0	0	0	0	0	0	0	0	0	0	0	0	0	0	0	192	0	0	
0	0	0	0	0	0	0	0	0	0	0	0	0	0	0	0	0	0	0	0	0	0	192	0	0	0	0	0	0	0	0	0	0	0	0	192	0	0	0	0	0	0	0	0	0	0	0	0	0	0	0	0	0	0	0	0	0	0	0	0	0	0	0	0	0	0	0	0	0	0	0	0	0	0	0	0	0	0	0	0	
0	0	0	0	0	0	0	0	0	0	0	0	0	0	0	0	0	0	0	0	0	0	0	0	0	0	0	0	0	0	0	0	0	0	0	0	0	0	192	0	0	0	0	0	0	0	0	0	0	0	0	0	0	0	0	0	0	0	0	0	0	0	0	0	0	0	0	0	0	0	0	0	0	0	0	0	0	0	192	0	
0	0	0	0	0	0	0	0	0	0	0	0	0	0	0	0	0	0	0	0	0	0	0	192	0	0	0	0	0	0	0	0	0	0	0	0	0	0	0	0	0	0	0	192	0	0	0	0	0	0	0	0	0	0	0	0	0	0	0	0	0	0	0	0	0	0	0	0	0	0	0	0	0	0	0	0	0	0	0	0	
0	0	0	0	0	0	0	0	0	0	0	0	0	0	0	0	0	0	0	0	0	0	0	0	0	0	0	0	0	0	0	0	0	0	0	0	0	0	0	0	0	0	0	192	0	0	0	0	192	0	0	0	0	0	0	0	0	0	0	0	0	0	0	0	0	0	0	0	0	0	0	0	0	0	0	0	0	0	0	0	
0	0	0	0	0	0	0	0	0	0	0	0	0	0	0	0	0	0	0	0	0	0	0	0	0	0	0	0	0	0	0	0	0	0	0	0	0	0	0	0	0	0	0	0	0	0	0	192	0	0	0	0	0	0	0	0	0	0	0	192	0	0	0	0	0	0	0	0	0	0	0	0	0	0	0	0	0	0	0	0	
0	0	0	0	0	0	0	0	0	0	0	0	0	0	0	0	0	0	0	0	0	0	0	0	0	0	0	0	0	0	0	0	0	0	0	0	0	0	0	0	0	0	0	0	0	0	0	0	0	0	0	192	0	0	0	0	0	192	0	0	0	0	0	0	0	0	0	0	0	0	0	0	0	0	0	0	0	0	0	0	
0	0	0	0	0	0	0	0	0	0	0	0	0	0	0	0	0	0	0	0	0	0	0	0	0	0	0	0	0	0	0	0	0	192	0	0	0	0	0	0	0	0	0	0	0	0	0	0	0	0	0	0	0	0	0	0	0	0	0	0	0	0	0	0	0	0	0	0	0	0	192	0	0	0	0	0	0	0	0	0	
0	0	0	0	0	0	0	0	0	0	0	0	0	0	0	0	0	0	0	0	0	0	0	0	0	0	0	0	0	0	0	0	0	0	0	0	0	0	0	0	0	0	0	0	0	0	0	0	0	0	0	0	0	0	0	192	0	0	0	0	0	0	0	0	0	0	0	0	0	0	0	0	192	0	0	0	0	0	0	0	
0	0	0	0	0	0	0	0	0	0	0	0	0	0	0	0	0	0	0	192	0	0	0	0	0	0	0	0	0	0	0	0	0	0	0	0	0	0	0	0	0	0	0	0	0	0	0	0	0	0	0	0	0	0	0	0	0	0	0	0	192	0	0	0	0	0	0	0	0	0	0	0	0	0	0	0	0	0	0	0	
36	0	0	39	77	12	76	65	3	31	76	16	4	54	13	2	29	25	41	37	47	23	12	36	77	20	39	70	63	27	34	22	63	66	40	76	53	21	33	18	43	59	69	15	73	46	15	30	56	39	71	7	66	79	53	19	31	62	52	43	57	14	43	9	40	70	4	55	19	73	20	78	34	40	52	57	27	73	58	38	9	68	37	72	77	28	23	63	41	65	0	11	28	37	50	14	9	24	45	25	47	59	35	77	1	0	69	10	15	55	3	51	74	33	63	71	34	48	57	56	26	68	35	23	3	30	61	69	44	15	73	67	71	25	40	65	69	76	26	49	40	74	33	36	15	19	45	75	45	40	64	23	49	11	59	73	14	11	78	33	68	12	59	1	67	28	50	42	46	78	21	61	69	2	52	75	57	26	49	21	28	22	29	11	45	55	8	15	30	30	4	2	49	29	33	37	37	36	49	25	13	69	36	46	56	79	44	71	57	38	42	3	64	40	14	68	14	24	74	75	52	54	46	72	51	3	12	46	60	17	53	76	48	0	57	68	48	2	74	23	77	6	24	70	73	0	37	18	35	33	75	69	0	64	59	18	20	47	8	13	58	9	77	0	27	71	2	68	34	18	64	49	6	67	16	16	1	67	28	75	59	27	60	26	14	67	25	44	31	13	64	55	73	24	73	4	7	47	42	71	31	40	23	5	39	2	27	26	62	48	12	46	73	14	75	2	11	12	8	6	4	76	54	29	54	62	52	23	1	4	52	38	54	15	55	73	39	47	29	18	36	6	41	2	62	36	42	59	23	43	18	76	31	75	18	30	74	11	47	65	61	46	62	30	4	51	49	35	41	21	18	7	11	17	65	58	46	20	68	57	0	47	8	13	22	13	19	55	75	21	64	17	34	40	79	58	44	8	38	40	46	54	24	65	79	43	24	8	7	17	18	30	66	26	36	26	9	4	29	36	67	60	33	11	16	70	4	15	20	48	40	21	64	24	13	68	46	47	1	57	74	57	12	23	70	43	14	49	60	11	23	38	62	48	50	13	37	29	40	79	66	2	13	62	71	37	2	54	75	44	20	1	69	15	73	67	11	46	69	67	56	5	49	28	2	50	15	38	4	72	70	18	13	24	14	34	41	8	12	9	69	66	60	5	0	42	47	70	14	8	77	49	40	27	27	5	71	34	0	24	3	12	4	47	47	27	77	25	50	20	59	37	45	64	71	48	70	47	78	33	38	66	22	62	25	11	47	33	43	76	12	60	35	12	50	8	53	29	5	50	0	75	56	23	42	26	29	58	29	32	37	61	16	29	31	44	51	71	42	16	58	8	26	62	32	70	15	15	64	54	29	16	23	57	74	44	66	5	65	4	29	58	76	36	33	44	43	50	53	76	59	5	44	60	41	5	23	25	64	43	72	2	21	35	55	71	15	60	6	65	5	77	30	41	2	33	41	39	45	50	65	29	16	47	48	26	27	32	48	56	4	32	62	46	18	78	69	18	20	3	9	32	38	63	11	68	21	3	2	61	39	67	66	43	15	76	15	24	77	78	69	78	24	54	37	28	32	41	13	55	6	66	37	55	10	55	8	56	13	48	35	18	7	27	14	58	3	46	9	50	76	11	54	44	75	63	41	13	36	72	3	44	65	66	51	18	8	20	27	47	11	71	76	35	10	71	61	61	46	32	77	1	67	44	70	34	53	52	72	47	23	39	65	36	1	44	38	41	35	70	15	63	3	76	79	43	9	4	73	66	18	14	48	40	17	32	64	74	17	65	13	7	38	67	45	47	17	49	67	38	74	11	38	61	13	23	78	69	67	37	69	49	19	51	37	67	16	60	8	24	77	62	31	59	65	24	22	3	14	78	1	74	60	8	19	76	8	5	73	31	45	56	10	35	13	27	21	10	28	16	66	37	60	22	27	45	29	23	57	37	11	30	62	12	51	74	28	39	73	37	10	72	58	31	50	78	52	17	54	14	44	24	41	49	36	57	28	28	37	9	68	16	22	6	57	5	49	58	53	53	54	5	48	54	19	3	13	76	79	75	35	7	23	78	13	5	58	1	46	58	74	63	75	5	31	2	13	50	72	32	34	28	73	34	31	40	15	27	2	5	63	53	62	78	32	44	3	26	15	9	31	44	58	24	59	31	64	44	41	27	6	57	19	65	30	56	13	61	5	37	76	40	45	63	26	41	13	65	39	19	32	49	31	4	77	30	28	20	61	28	39	43	17	39	17	9	75	27	60	28	28	30	38	67	52	79	55	59	9	58	70	63	40	40	47	55	14	62	69	61	46	73	73	9	39	39	42	32	12	40	41	51	11	45	2	30	41	39	27	19	45	47	18	6	26	12	47	77	66	27	22	40	39	54	13	31	55	53	24	64	13	62	64	12	60	66	53	66	8	39	45	6	48	39	68	22	16	31	32	64	69	0	29	29	22	9	21	74	48	73	63	32	12	27	26	27	71	79	21	29	53	14	77	19	7	17	78	12	60	42	12	15	42	62	34	76	55	67	22	8	26	27	43	49	42	35	9	30	47	52	71	72	65	63	74	7	40	48	7	59	1	9	1	9	54	27	26	52	53	40	19	60	55	75	15	51	26	25	61	41	22	9	56	2	75	72	36	77	50	9	55	49	30	31	36	8	24	70	28	51	30	77	48	4	59	13	76	23	43	66	41	68	49	42	79	4	15	26	56	41	14	17	18	14	73	44	2	65	79	5	42	18	20	34	51	48	63	31	5	10	53	49	58	67	58	46	15	71	7	30	61	69	55	66	65	74	25	40	47	29	33	70	59	49	15	8	29	62	50	22	5	57	33	10	24	27	69	8	37	44	69	28	27	45	55	45	7	48	68	59	40	16	14	38	26	29	48	79	2	21	75	0	45	76	57	48	10	1	49	7	16	72	23	51	56	19	31	15	73	34	54	34	53	9	0	20	51	63	54	37	57	6	12	38	21	76	61	53	15	5	46	49	57	23	25	26	34	15	45	63	29	15	39	73	48	0	75	71	67	50	33	78	4	47	64	3	64	65	59	39	22	69	65	29	1	64	38	52	64	76	29	51	52	57	15	40	32	11	8	23	61	24	62	17	37	21	3	55	25	30	14	73	78	47	25	58	41	50	49	62	47	69	63	17	25	64	13	57	76	40	8	25	57	57	77	68	54	32	6	28	0	19	57	75	2	17	40	23	64	8	15	78	11	5	22	28	53	75	46	33	77	76	8	21	34	37	45	15	59	1	36	32	21	10	42	60	40	27	70	78	54	27	77	14	16	79	61	77	60	22	58	52	44	8	18	62	53	35	8	44	41	79	56	78	61	47	1	0	78	61	31	34	24	29	51	38	27	74	57	59	10	0	28	19	5	17	4	5	23	4	40	70	58	18	24	68	17	39	21	28	56	0	1	38	27	49	61	14	69	13	11	31	15	59	18	76	57	5	30	54	1	32	61	70	61	63	10	57	69	36	66	59	61	60	72	45	73	20	43	76	25	72	35	26	71	24	30	63	68	39	32	19	3	19	13	47	34	30	59	75	48	32	31	25	39	62	38	30	14	12	12	10	46	11	30	73	33	38	77	6	55	53	48	39	38	20	52	13	66	64	35	38	68	23	8	7	59	71	53	31	9	12	16	46	63	57	44	17	2	6	68	66	6	54	61	41	12	52	79	14	42	53	35	32	34	0	45	58	39	37	35	33	37	56	60	51	7	79	15	59	47	14	71	69	42	16	53	36	47	17	56	52	59	45	26	67	63	63	7	21	9	8	67	47	79	43	15	29	54	64	12	55	39	64	79	74	59	72	17	45	53	64	0	38	22	34	63	52	35	27	45	61	44	52	51	65	32	66	39	72	10	23	65	34	29	56	5	79	67	63	73	66	55	41	79	19	43	18	5	8	55	7	53	75	70	49	69	78	38	14	29	65	34	15	33	68	31	54	1	27	25	40	60	46	14	35	17	20	35	42	34	10	8	24	77	57	35	4	8	12	30	41	66	27	56	52	28	21	13	41	36	75	63	30	11	79	11	25	70	6	40	11	33	3	21	76	10	33	21	77	22	5	41	6	21	1	19	32	55	39	60	40	5	58	49	45	31	62	7	59	24	20	12	29	32	29	28	78	3	10	69	11	6	52	35	37	12	48	6	21	69	41	63	70	79	71	67	45	79	13	8	48	61	3	60	67	40	21	59	18	71	63	69	68	35	51	49	16	32	2	74	42	61	7	46	31	21	13	40	19	23	65	19	10	31	50	67	35	75	78	30	32	79	28	41	54	41	31	60	48	18	8	46	13	71	19	36	67	52	46	55	56	37	54	6	26	9	59	5	28	46	76	10	51	79	71	26	0	15	20	49	34	52	23	67	65	1	3	2	3	9	75	8	43	73	40	39	57	19	73	68	36	61	26	39	1	78	15	34	59	3	17	9	18	79	45	1	21	29	41	78	23	40	59	21	35	15	74	49	75	56	33	7	38	47	50	43	57	30	3	46	38	6	64	20	49	43	57	17	58	28	61	6	2	32	42	74	79	31	29	53	30	10	14	33	48	65	73	49	44	41	52	56	13	49	58	46	53	55	72	25	43	24	78	29	68	55	35	53	11	2	62	39	75	12	45	41	47	51	38	14	55	19	29	5	15	7	60	53	52	31	49	47	73	71	38	9	11	64	29	60	53	38	24	43	17	45	78	39	65	34	32	17	53	70	78	59	77	15	35	37	25	34	5	28	24	67	44	22	36	12	3	31	44	61	50	40	12	65	61	27	78	21	23	77	75	72	19	71	52	20	52	73	14	48	3	12	43	12	55	18	40	69	43	40	61	14	28	55	35	58	45	3	54	25	62	72	77	30	10	31	66	2	72	65	47	29	1	39	44	40	16	53	66	7	62	17	8	53	65	71	16	78	38	46	28	12	59	20	47	68	1	59	0	61	65	65	77	67	75	4	28	22	0	2	41	52	63	71	40	52	22	48	79	70	71	42	69	27	68	60	77	33	50	78	22	60	44	15	27	6	0	
67	11	73	1	65	36	22	25	71	25	55	17	77	50	53	45	39	61	20	35	68	28	23	72	63	59	35	16	61	1	12	16	50	17	23	62	20	50	73	14	56	55	56	38	34	54	71	74	40	4	61	63	63	38	77	27	75	33	14	2	18	58	68	58	75	6	6	36	29	18	19	72	53	79	14	26	16	41	76	18	59	32	9	16	69	50	50	30	9	29	36	28	53	12	77	20	69	46	9	6	56	30	53	13	57	27	31	38	54	32	35	47	44	75	14	4	39	74	45	19	70	9	13	56	36	36	12	17	79	74	70	27	67	38	41	34	46	71	48	51	78	24	26	12	77	56	51	42	75	35	25	57	52	37	71	70	36	29	12	31	57	54	68	33	63	79	61	24	5	4	3	1	38	50	19	74	16	53	58	48	64	44	69	31	18	19	2	37	5	71	77	30	4	20	36	72	77	57	66	79	60	34	70	1	0	12	76	10	20	36	18	71	70	39	3	23	18	65	14	37	23	17	79	62	0	67	36	32	27	4	57	23	69	1	59	17	10	55	55	58	8	51	10	32	44	50	34	31	55	19	62	10	30	50	1	39	76	1	40	57	2	47	58	5	5	33	12	31	74	12	50	28	22	54	1	3	62	50	79	7	55	7	48	46	70	41	19	53	15	18	14	72	42	60	34	37	55	1	63	63	21	35	62	21	21	15	36	13	12	51	20	56	3	56	26	67	56	28	51	58	54	26	46	76	43	18	5	20	69	62	23	16	79	13	65	76	55	10	79	71	59	69	47	60	54	40	61	57	71	50	39	10	57	63	74	60	41	1	64	56	22	76	22	15	76	1	12	1	37	63	79	0	76	54	75	47	9	24	31	65	71	78	32	36	56	26	55	78	78	12	27	63	67	1	12	39	43	47	8	66	64	48	18	11	5	46	63	24	4	50	10	20	5	75	44	28	56	31	25	55	61	49	24	24	65	67	49	69	35	34	10	60	36	48	52	22	47	5	71	9	0	64	40	17	19	20	45	22	10	31	1	45	75	13	57	40	27	44	17	50	72	70	29	40	5	75	46	56	67	74	12	50	18	51	49	55	44	29	32	74	13	3	59	52	56	43	67	26	39	43	16	61	2	19	22	15	54	3	10	39	18	25	2	31	18	52	1	73	11	46	74	51	10	8	39	33	77	54	15	21	9	70	55	69	42	79	33	36	10	38	34	9	22	61	6	64	42	10	63	23	23	62	59	56	41	36	19	72	32	25	39	45	72	6	34	79	26	8	14	23	66	23	78	10	64	34	3	33	13	7	16	36	71	12	5	76	15	32	50	70	78	59	72	26	25	25	20	39	16	57	76	17	67	2	54	7	37	14	17	6	20	41	32	66	40	11	13	42	70	21	29	71	25	50	37	42	33	41	0	24	33	0	1	63	58	73	1	22	1	52	26	66	61	5	49	6	65	50	75	4	4	35	7	65	69	5	35	43	43	19	55	10	37	6	27	48	53	4	33	12	18	68	77	5	5	49	50	43	60	55	31	2	73	13	44	11	13	56	6	60	39	21	74	13	14	1	31	63	59	9	58	18	26	3	28	37	68	26	45	4	6	32	8	62	19	14	45	0	77	73	43	73	75	34	25	27	69	4	72	40	60	61	48	65	60	27	11	41	37	26	43	54	48	76	17	77	25	30	72	11	68	65	60	23	14	38	16	61	71	26	58	77	0	68	72	29	6	46	15	64	31	56	53	28	77	45	30	33	39	22	53	4	71	45	22	36	33	61	72	53	20	18	68	33	61	8	53	46	22	15	77	17	35	65	46	50	56	56	47	78	63	47	18	79	29	68	7	61	47	30	38	8	35	1	29	13	38	8	44	57	40	27	61	75	36	77	74	49	10	51	73	43	46	19	6	7	40	44	3	55	25	26	40	58	76	10	75	68	35	43	15	61	33	74	63	28	47	46	61	67	20	16	1	49	52	23	11	44	41	17	46	60	25	65	38	17	26	76	49	64	7	57	25	24	28	17	20	14	29	41	27	54	23	33	29	58	57	68	56	0	54	42	72	21	74	4	27	62	24	31	39	46	78	30	77	74	35	73	39	54	14	5	5	17	63	15	78	28	40	8	14	8	19	28	0	43	73	28	29	56	35	16	13	29	24	71	10	54	69	14	23	10	57	49	18	50	1	16	20	71	14	46	15	19	50	58	61	53	17	2	52	8	49	30	65	62	67	43	34	42	77	36	7	20	61	71	49	45	68	73	14	21	4	77	68	42	51	16	79	4	16	69	48	20	28	26	18	50	60	9	62	27	29	70	74	44	9	66	16	3	43	11	6	33	20	37	9	52	17	68	61	8	78	62	12	76	10	63	56	39	24	12	37	22	37	16	62	24	40	77	63	79	77	52	1	37	79	30	67	21	6	79	16	10	11	31	70	26	60	63	67	58	9	16	45	14	39	3	77	17	75	40	34	16	58	65	39	3	64	68	29	31	0	42	76	22	30	63	38	49	15	30	19	65	0	26	69	8	37	35	45	40	65	56	49	24	37	0	55	14	54	1	37	39	35	16	51	74	25	49	36	34	49	50	1	78	77	29	52	49	58	46	69	9	36	79	56	49	44	37	0	78	15	15	55	37	59	51	70	24	33	60	11	79	17	69	36	23	8	18	24	43	77	63	23	61	7	14	77	19	25	20	13	63	48	64	26	65	44	76	75	75	25	25	37	29	64	48	68	79	41	57	74	65	29	31	44	64	36	64	27	40	18	50	42	35	10	1	61	17	38	25	79	41	75	13	66	25	30	76	21	6	23	62	56	12	55	21	20	11	26	52	10	79	35	45	65	46	78	33	2	25	20	35	14	31	60	28	7	40	20	58	75	28	19	1	26	37	64	49	45	4	40	13	11	25	33	2	26	63	36	28	65	21	17	47	20	3	59	21	11	38	5	48	22	36	4	77	52	55	43	51	37	72	1	46	66	18	68	70	69	61	64	55	61	27	74	60	66	38	33	17	79	16	37	48	41	0	38	48	70	32	60	22	25	52	0	75	10	61	31	27	54	51	77	75	25	37	12	70	55	10	45	35	73	23	72	43	78	29	16	18	34	39	35	44	7	10	42	48	9	35	48	74	38	59	72	43	53	65	39	74	25	38	60	43	72	0	67	19	63	27	79	8	49	34	5	47	29	9	55	68	45	14	71	32	26	56	62	64	0	34	2	14	21	32	22	27	21	55	34	20	4	52	16	78	66	31	66	28	38	18	73	40	31	24	77	75	8	21	2	77	59	7	31	8	71	59	61	76	52	73	23	55	38	19	69	38	69	57	18	65	22	28	50	11	13	54	72	36	44	61	19	70	73	75	9	18	60	69	76	33	59	24	42	48	46	41	77	56	32	31	76	43	4	70	50	17	17	24	40	68	18	1	29	36	20	31	60	61	0	52	29	5	15	61	58	25	26	30	51	76	54	58	63	2	23	22	60	29	2	6	79	1	0	4	66	73	42	75	45	63	30	54	41	56	20	76	12	8	77	44	73	73	4	63	45	8	18	8	34	20	13	35	31	65	32	48	58	66	60	73	63	10	13	71	38	64	17	76	27	72	64	59	64	42	71	68	37	15	52	0	79	49	69	8	24	11	30	21	23	21	72	25	7	52	17	49	21	28	17	22	8	37	63	33	35	26	44	71	18	68	3	14	51	52	76	27	57	16	52	19	78	39	37	4	31	6	79	72	24	38	73	13	19	29	40	75	62	46	32	37	41	75	62	16	41	70	27	16	21	15	24	73	24	69	39	22	0	79	24	3	68	9	28	27	61	60	7	9	75	47	50	49	77	65	2	70	26	46	20	26	4	61	79	13	37	0	25	49	1	61	34	78	56	39	12	66	7	19	23	58	41	49	40	14	33	27	26	26	11	78	59	64	58	18	34	14	49	46	69	25	30	16	39	74	67	49	50	68	55	35	4	14	19	61	68	29	18	14	79	2	29	64	61	34	40	32	43	66	20	51	78	3	66	20	29	23	32	27	31	61	78	53	14	76	55	33	35	18	14	29	72	68	36	77	37	46	15	23	31	20	63	75	47	75	17	2	11	5	71	44	7	4	72	10	77	48	37	5	32	3	73	62	67	44	70	12	27	76	75	46	14	37	46	5	8	43	16	38	15	38	0	18	68	5	31	44	72	73	45	35	73	71	69	34	5	28	79	58	15	56	73	70	39	68	18	14	47	71	43	22	65	8	48	49	62	12	15	4	45	7	58	16	74	79	6	7	29	5	52	23	3	79	59	67	52	19	75	54	10	62	40	26	30	42	8	55	57	44	65	8	44	56	75	58	1	73	75	29	31	38	51	45	19	6	64	54	35	6	71	79	56	19	25	13	27	7	0	33	71	36	74	46	15	39	31	56	39	33	24	37	64	76	29	27	53	43	30	52	32	18	27	19	61	37	11	20	68	22	29	28	19	51	20	29	40	71	79	76	17	71	53	52	0	24	67	25	22	75	70	35	51	59	64	34	22	55	40	4	50	11	17	38	15	46	4	52	26	33	13	19	63	54	4	54	28	22	71	24	16	18	35	23	27	55	22	15	4	9	77	23	66	26	39	25	69	48	56	49	52	2	20	29	18	14	59	51	45	79	28	34	23	10	10	30	34	4	57	67	27	18	43	22	34	41	41	43	11	14	77	46	79	0	7	20	55	33	41	0	39	79	16	31	74	70	11	10	60	39	58	8	56	60	34	67	37	74	19	65	45	11	69	9	45	15	22	42	38	30	78	6	6	73	71	6	76	33	46	33	44	39	7	69	28	72	59	38	14	18	67	52	17	79	43	14	41	74	5	54	8	64	29	0	14	19	10	42	3	42	48	42	13	8	38	20	32	3	65	30	18	8	71	77	28	19	74	4	31	75	30	39	33	1	1	75	33	3	57	38	22	30	65	68	0	56	44	14	12	26	5	16	17	65	36	22	23	41	45	57	63	11	62	53	56	3	26	32	74	3	49	39	60	60	4	30	65	4	1	6	12	6	
16	3	3	20	15	4	9	5	20	14	11	10	9	7	19	4	1	4	10	13	14	19	17	6	11	1	17	18	2	12	8	2	20	3	1	13	18	4	7	1	12	17	3	14	5	5	16	11	16	19	1	5	19	6	3	18	7	9	13	19	16	12	10	12	1	6	4	6	11	7	12	20	8	8	6	8	14	17	11	12	17	11	14	7	19	16	1	13	4	9	11	15	1	3	6	10	4	6	7	19	9	16	3	16	10	17	6	9	19	7	7	7	2	15	6	11	7	10	20	6	4	8	6	10	5	19	16	15	3	20	13	10	16	16	4	20	5	19	4	14	14	15	12	6	16	16	19	4	5	17	20	13	17	5	6	6	18	9	16	12	12	16	12	13	20	17	7	9	12	10	10	1	9	11	15	10	3	3	9	14	7	20	10	4	15	14	7	19	7	20	1	19	17	8	4	9	13	3	19	11	17	10	14	13	1	9	14	11	15	10	15	5	15	9	8	17	2	12	9	13	10	16	10	11	8	6	18	11	11	2	16	6	3	10	2	1	14	7	6	10	16	2	15	4	3	7	19	6	2	7	6	4	19	12	11	4	18	4	10	20	16	8	7	9	9	6	7	16	14	10	17	10	12	13	16	11	4	13	1	1	19	18	18	13	18	13	8	6	12	5	20	16	15	10	1	3	13	16	7	5	7	18	8	9	9	2	11	3	5	17	20	10	1	1	18	17	2	13	12	17	1	7	13	4	6	13	17	14	11	6	9	16	13	16	3	17	12	4	6	3	18	8	17	5	4	7	8	11	18	15	8	11	6	13	2	15	5	8	15	16	14	14	11	16	1	7	14	16	12	5	2	11	10	13	5	12	15	13	11	6	5	1	2	5	7	6	7	8	2	14	14	11	3	5	7	6	12	3	1	14	6	5	13	3	12	6	9	7	5	16	3	14	15	5	10	5	5	2	6	9	2	15	12	7	9	4	2	10	6	13	8	14	7	7	7	4	13	11	11	10	9	8	9	10	13	4	4	7	4	14	2	16	8	15	14	7	8	10	9	5	13	13	16	9	4	3	1	15	5	8	2	15	6	16	4	1	1	10	1	11	10	14	10	1	4	13	12	9	9	1	1	8	9	13	1	11	2	15	13	14	12	9	2	3	8	14	5	2	3	2	2	12	9	9	7	11	8	11	16	4	9	9	11	11	9	12	8	13	1	7	9	12	1	5	4	3	14	8	5	16	4	14	7	14	12	9	13	2	7	5	5	16	10	15	9	3	6	10	15	16	2	9	6	11	8	5	7	6	4	1	10	15	15	2	14	7	8	4	9	14	12	12	8	9	16	2	6	11	11	9	5	14	9	13	4	5	11	15	7	8	5	6	9	6	14	4	5	3	8	1	9	16	12	12	2	6	15	2	5	11	6	1	10	7	15	13	3	16	9	10	7	8	14	15	14	11	7	3	5	15	15	5	11	9	14	9	3	7	1	2	1	13	16	3	9	6	1	12	11	1	2	4	1	1	10	16	13	9	10	5	15	4	3	7	4	7	16	8	12	6	11	4	12	11	10	4	4	15	11	14	5	6	8	13	7	2	1	2	10	11	15	10	6	11	2	6	7	8	16	16	2	7	10	16	13	3	13	11	4	6	16	3	7	8	3	16	7	4	1	11	14	15	15	9	5	8	7	1	1	7	2	2	8	14	9	14	10	11	6	7	7	16	6	5	13	7	6	14	12	2	8	15	16	1	11	2	4	11	8	7	7	12	16	13	3	13	3	10	1	12	6	6	6	4	9	7	1	9	11	1	4	16	12	6	10	13	6	7	10	9	7	6	5	9	2	2	6	3	15	8	10	1	4	6	9	1	10	3	14	4	2	6	8	8	2	2	5	13	11	9	8	1	11	1	3	16	7	10	5	16	14	4	14	11	12	2	3	16	7	4	10	3	16	3	15	11	11	15	6	1	2	15	7	12	8	10	7	16	1	10	15	16	2	8	9	11	11	7	14	12	16	3	14	10	3	8	13	14	3	6	1	14	15	3	13	16	2	15	13	16	3	4	6	14	1	13	5	7	2	1	2	15	9	8	12	16	11	5	8	1	12	4	13	2	2	9	5	8	11	3	12	15	7	16	10	9	6	3	13	5	10	12	13	15	12	10	2	16	10	14	5	11	7	3	5	6	15	10	16	9	10	4	4	16	8	11	1	10	3	4	13	12	5	5	2	12	4	1	7	13	13	8	6	14	2	12	4	7	7	7	10	10	3	13	7	12	9	6	12	6	7	3	2	15	15	9	7	9	6	4	10	15	15	9	12	2	8	8	11	7	12	1	14	6	10	5	14	13	7	2	2	6	13	15	6	10	4	6	3	10	5	2	10	10	2	5	11	15	15	14	6	12	5	3	13	9	14	8	16	3	10	2	11	14	5	11	6	13	12	9	4	13	12	7	12	14	6	5	16	7	4	14	10	12	7	7	3	3	7	15	7	8	14	1	5	13	6	6	10	8	13	2	4	7	10	5	13	15	15	7	14	4	1	2	10	1	15	16	3	1	16	8	4	2	9	10	16	1	6	13	13	7	16	2	15	15	14	6	9	14	9	16	1	10	13	13	13	15	8	5	3	8	4	12	6	15	14	8	9	1	13	10	1	12	14	9	12	2	1	12	15	9	3	8	4	13	4	14	14	9	7	2	6	14	7	11	14	2	3	3	13	1	11	14	11	6	1	3	12	16	16	10	8	3	7	7	10	5	7	6	16	2	5	10	14	11	11	9	12	14	2	5	12	11	6	3	15	2	13	2	15	10	14	4	7	3	4	2	5	12	14	15	7	11	9	16	2	15	12	8	2	10	10	10	12	10	14	2	14	7	13	10	8	1	12	10	11	8	8	11	2	14	8	15	11	6	5	14	14	5	5	8	15	15	12	15	7	1	11	7	14	11	16	11	1	7	15	7	8	9	16	12	4	7	16	7	13	4	4	5	5	2	2	10	12	11	10	11	7	14	15	4	4	8	5	16	1	15	15	3	9	11	7	2	9	2	10	6	3	13	15	9	2	7	16	1	8	11	14	11	12	9	5	14	10	1	4	9	12	3	3	10	13	12	1	11	7	3	4	6	4	15	9	2	1	13	15	8	3	3	3	11	12	9	6	5	2	2	14	16	8	10	12	1	9	12	13	9	14	8	13	14	1	15	4	1	1	5	4	14	13	16	7	7	6	16	2	3	8	8	11	10	12	8	15	12	11	10	3	5	1	5	3	12	12	5	8	14	2	16	4	16	5	5	2	1	6	4	3	3	10	13	9	5	1	2	12	13	12	1	9	8	13	5	7	3	12	9	10	11	8	4	5	5	9	1	4	12	5	1	7	16	9	10	2	5	16	12	4	12	6	13	8	7	9	8	2	15	15	2	12	16	6	6	3	11	2	13	10	16	5	5	2	8	4	12	7	5	10	16	14	14	8	4	14	12	9	16	1	13	10	7	7	7	7	14	15	11	8	8	7	3	3	14	8	16	10	1	6	8	3	4	13	1	7	13	4	4	1	11	4	2	9	9	13	14	12	16	11	8	14	1	7	1	13	16	12	5	12	9	12	14	13	10	3	7	5	1	14	1	6	7	14	16	15	16	10	12	2	4	16	13	7	10	1	10	12	8	15	7	12	4	9	16	5	8	10	13	4	14	10	14	8	1	10	7	16	4	8	8	9	4	10	9	6	1	1	7	12	10	9	5	1	10	15	8	14	5	4	4	4	13	7	4	12	2	10	11	14	7	2	4	12	13	2	8	10	9	7	1	13	15	2	2	9	11	16	6	13	14	6	10	9	8	12	2	3	4	15	4	4	4	8	5	3	4	3	7	9	4	13	16	12	12	5	8	8	4	1	15	2	3	15	14	6	4	15	7	15	7	10	1	5	2	8	12	12	10	15	13	1	7	1	2	3	10	5	10	15	15	14	13	4	14	10	5	10	11	9	1	10	4	16	7	10	1	14	6	1	1	12	8	2	6	16	4	7	6	13	16	15	12	8	2	7	6	1	16	6	8	14	15	10	14	15	6	2	2	8	4	6	9	3	15	14	13	10	1	15	2	7	9	14	8	7	16	5	16	15	14	2	15	5	6	12	4	1	2	16	12	1	10	12	15	10	5	3	8	11	8	7	9	10	6	4	11	7	1	2	5	13	4	1	3	8	3	8	5	8	11	4	8	1	16	5	4	9	14	2	5	10	15	8	6	11	2	7	14	16	9	1	12	8	16	3	10	11	3	12	4	1	9	16	2	4	12	15	3	8	4	12	3	13	1	2	8	8	12	11	8	5	7	11	7	4	12	14	13	4	6	11	15	10	8	4	2	1	6	1	10	8	2	8	9	2	9	2	3	4	5	9	11	4	11	16	16	14	13	13	14	7	9	15	7	6	6	14	8	9	1	14	8	6	7	5	6	6	8	4	15	9	14	5	5	12	11	4	8	11	15	1	8	15	4	13	1	16	14	14	9	8	6	7	2	10	8	6	3	7	8	10	4	11	4	3	1	11	1	9	13	1	15	4	16	5	12	4	8	14	13	7	11	7	2	1	7	5	16	13	3	5	14	12	5	10	7	4	15	1	10	2	1	12	4	12	6	9	4	2	13	15	9	5	2	10	12	9	2	14	6	2	11	9	2	4	13	16	5	15	15	16	16	15	3	9	13	11	16	11	9	13	16	7	15	10	10	11	2	1	5	7	7	3	13	10	9	3	3	6	15	9	7	2	4	12	9	12	10	1	8	16	11	15	11	9	2	12	4	4	1	4	16	16	16	14	6	2	5	12	12	12	2	14	8	14	10	15	11	4	3	2	1	14	11	11	4	15	8	11	16	11	11	15	9	11	4	8	2	5	8	7	15	15	12	1	1	14	8	8	1	15	13	12	11	5	15	1	5	5	6	6	15	8	7	5	16	8	13	11	7	1	9	5	11	7	15	12	7	3	4	12	7	12	13	4	9	16	13	10	5	7	4	3	12	15	15	8	4	4	8	8	12	
330	650	850	260	440	550	830	480	680	330	120	340	270	980	270	190	220	880	950	760	140	540	120	560	890	350	730	630	910	140	240	100	850	550	390	590	700	700	280	490	880	380	150	670	870	670	760	560	980	620	240	190	180	580	870	210	460	650	440	660	500	270	770	430	790	190	830	590	100	960	650	600	620	910	410	110	380	1000	100	730	220	790	520	420	850	140	320	610	650	510	710	210	300	220	1000	870	980	200	630	130	380	990	600	190	460	210	270	530	690	600	650	120	370	150	890	710	610	170	990	720	500	830	980	460	290	980	880	440	690	420	440	480	220	140	620	710	360	200	180	190	340	280	770	360	720	760	330	730	640	720	330	290	500	950	520	920	420	910	410	950	700	850	430	700	380	710	310	790	600	920	240	180	210	950	600	640	410	690	900	670	880	860	400	510	950	930	240	920	990	980	560	670	160	810	680	810	890	950	640	690	230	700	510	600	480	830	320	310	550	180	850	550	710	810	290	550	800	910	300	420	130	340	670	710	1000	340	370	990	900	150	950	340	440	520	340	640	370	160	830	230	270	190	280	560	180	620	160	440	340	870	790	280	260	980	320	450	830	810	370	850	880	920	810	580	760	190	810	370	720	590	400	700	440	550	800	230	290	830	960	130	920	590	610	490	270	130	740	860	850	280	470	700	690	370	340	820	580	260	760	170	610	220	720	840	580	920	490	210	430	230	340	640	430	830	290	480	280	570	710	170	300	990	290	620	530	760	510	470	710	480	550	460	250	580	470	180	260	540	630	110	540	760	550	730	740	640	140	720	930	410	180	360	230	510	840	980	950	690	990	150	290	230	350	960	200	580	650	640	440	510	700	420	250	590	380	820	670	710	190	950	150	460	100	480	970	240	790	380	790	230	200	910	170	210	800	220	860	240	710	830	320	460	110	130	310	540	500	150	310	550	260	650	460	110	730	150	590	310	520	810	570	950	750	240	660	590	400	740	660	530	880	870	160	180	170	780	270	330	720	730	450	110	520	610	490	440	970	490	290	460	550	390	110	850	680	460	950	770	1000	500	550	290	280	760	360	750	940	790	250	650	760	360	330	340	110	570	980	350	790	320	870	920	170	490	470	290	690	730	470	980	300	590	600	190	800	710	290	710	510	720	140	540	220	290	880	1000	900	980	960	360	420	730	100	250	520	260	280	1000	970	500	740	850	970	250	660	510	580	460	860	600	450	960	520	350	580	360	460	300	320	980	950	140	240	490	670	570	960	880	100	730	890	320	910	240	630	300	340	700	680	660	430	370	990	790	790	590	160	610	430	270	150	580	730	290	260	290	740	880	1000	630	760	820	110	350	470	540	760	980	550	890	750	350	530	830	880	530	170	550	420	740	440	890	430	490	410	450	820	840	910	900	790	280	530	600	970	950	1000	120	780	190	270	160	740	790	530	820	650	340	810	630	550	900	520	630	350	620	320	690	340	510	320	190	330	580	650	340	670	570	410	900	130	270	400	610	940	690	610	490	380	500	690	120	220	210	150	950	900	830	510	230	150	430	550	410	610	860	370	820	830	670	590	850	510	420	360	120	740	850	490	320	500	190	450	860	140	440	490	730	440	580	300	1000	810	750	410	640	470	840	440	510	270	900	930	280	310	330	460	300	610	420	840	230	980	740	930	790	720	930	510	570	730	210	880	890	170	230	140	550	770	490	340	680	880	590	310	640	600	460	310	730	750	550	120	120	510	670	940	560	400	480	150	140	780	310	400	720	390	530	320	630	680	310	290	440	950	780	840	200	610	280	120	570	720	690	550	480	730	670	820	800	550	780	840	530	470	990	500	410	640	230	160	370	580	520	640	800	420	120	580	470	430	670	530	960	370	240	570	610	710	270	410	220	150	250	820	790	380	250	120	650	880	680	800	210	210	350	900	280	830	880	940	320	590	570	170	320	370	680	450	260	550	540	800	140	430	590	260	500	170	710	330	750	380	750	130	700	340	550	170	580	710	960	730	790	790	700	200	360	180	630	420	360	880	990	100	790	500	860	360	220	630	910	710	250	250	280	360	120	300	960	720	380	470	280	680	440	600	330	350	760	450	990	870	400	370	680	900	950	160	660	170	880	120	780	230	470	350	460	410	810	780	810	350	750	620	940	970	890	490	190	690	900	420	330	270	590	100	1000	560	620	990	110	160	290	740	790	700	580	150	130	500	640	560	940	730	530	930	130	290	550	950	150	890	920	620	410	940	570	520	830	950	840	340	340	160	570	110	420	550	930	880	800	500	470	850	540	360	370	300	450	720	680	270	620	300	700	160	920	530	540	670	360	140	330	530	630	760	370	350	380	360	230	700	720	180	840	160	540	320	890	750	620	490	920	450	280	640	550	300	110	170	730	340	550	940	520	320	110	560	230	360	650	790	470	940	340	600	300	460	170	680	640	410	350	810	300	200	800	910	210	190	560	920	740	840	590	420	160	740	850	590	370	680	290	140	900	870	220	510	970	640	410	680	320	910	480	970	690	510	550	430	470	320	420	710	730	960	270	660	300	730	850	130	500	490	130	850	530	640	120	190	980	560	650	510	910	180	320	170	120	920	110	590	190	290	740	470	930	660	1000	170	430	450	570	680	580	910	800	590	600	580	790	240	260	860	580	940	760	500	170	160	990	890	370	220	710	460	290	560	800	660	470	780	890	560	310	460	990	660	860	690	500	980	700	180	210	460	420	520	620	280	960	290	680	950	910	340	270	110	460	790	110	130	960	670	590	350	140	620	480	560	940	230	240	930	300	890	800	410	470	920	1000	440	480	200	690	160	720	860	180	600	930	920	880	890	120	190	560	480	210	970	170	160	410	720	300	580	710	970	510	560	100	820	990	970	920	100	660	850	870	230	280	870	530	320	900	600	160	860	300	450	940	720	700	150	940	550	170	100	390	140	130	160	970	630	240	820	210	190	910	690	590	780	690	450	670	310	940	530	980	240	890	270	210	750	430	800	790	280	160	320	260	610	450	770	720	350	800	860	760	840	820	770	790	960	840	640	380	630	380	460	370	610	210	310	420	770	690	400	990	570	160	210	700	760	980	940	480	930	660	360	810	900	930	270	710	460	120	390	120	460	700	980	140	780	150	260	550	940	560	650	940	410	810	650	760	920	140	210	530	540	130	430	660	990	920	160	680	760	780	440	130	610	560	180	740	710	460	860	730	450	740	520	840	400	270	690	800	300	600	380	870	380	570	290	920	260	620	230	590	580	790	960	590	850	750	590	670	710	630	740	340	210	350	970	860	530	920	920	960	400	250	470	880	110	180	920	600	830	600	550	190	1000	580	990	700	640	530	330	200	630	800	150	770	820	350	720	620	680	420	350	1000	320	290	1000	860	260	580	990	380	440	160	270	380	700	310	450	210	550	790	830	830	770	990	390	740	320	270	220	100	850	560	180	630	630	330	550	860	770	660	450	690	750	340	130	130	620	340	620	590	530	420	910	450	160	280	260	540	700	240	700	600	290	170	530	470	550	200	850	730	180	110	320	1000	860	650	940	280	310	530	950	720	100	700	560	710	850	200	590	450	870	190	780	760	910	650	620	480	400	720	720	850	720	940	880	570	750	140	300	430	780	280	160	470	880	380	300	650	750	200	340	990	300	450	100	100	830	970	900	920	230	560	390	480	810	260	550	610	560	390	970	570	240	220	380	910	970	540	300	920	850	890	880	450	950	710	910	360	430	890	360	210	140	300	420	590	610	240	270	660	570	830	330	850	820	180	600	350	360	200	420	800	870	280	160	170	210	840	610	750	760	840	150	290	820	710	380	230	690	450	740	920	160	710	990	470	460	200	100	980	950	490	910	440	970	770	700	560	230	200	210	480	200	220	400	580	770	530	110	410	830	690	830	300	460	350	120	170	850	410	790	180	630	850	640	960	580	960	450	590	630	660	130	790	390	550	200	270	830	240	750	600	560	110	310	630	900	290	600	590	220	790	180	880	990	130	200	820	630	910	380	570	640	170	540	920	770	880	800	240	410	600	540	470	630	560	670	680	560	840	960	710	570	720	450	680	890	450	120	540	220	200	290	370	460	980	420	480	470	130	600	360	600	700	150	720	230	860	380	210	480	640	970	750	500	940	790	850	980	100	570	600	840	430	360	970	310	110	640	730	840	640	780	260	170	420	610	460	190	280	350	330	880	1000	640	500	150	670	660	860	400	400	690	900	650	570	190	100	190	130	620	380	590	130	620	120	200	800	270	760	610	700	700	970	780	1000	520	300	650	360	680	460	590	660	980	370	370	640	570	650	390	830	650	480	460	860	390	640	320	170	460	610	720	240	470	390	580	610	710	490	770	520	540	860	490	760	450	600	290	820	840	190	520	590	250	110	260	750	360	810	170	810	140	960	800	380	590	490	350	840	950	440	550	200	870	500	940	460	530	340	880	930	690	910	210	280	360	850	590	780	490	760	890	580	860	960	690	110	150	820	740	820	960	830	290	480	200	790	880	180	870	530	450	990	230	500	540	650	140	100	780	830	320	110	410	300	510	570	100	630	620	960	430	870	680	620	590	170	500	530	130	260	320	280	1000	910	740	810	710	280	200	940	680	170	530	850	340	880	210	390	300	980	380	470	610	750	370	240	280	500	280	350	930	620	430	930	580	130	950	160	830	400	800	380	970	680	870	590	560	480	410	920	780	400	650	620	490	270	620	470	650	740	940	950	630	430	820	320	500	900	780	180	670	180	940	100	230	210	770	740	100	910	470	530	330	940	720	290	610	200	460	780	130	440	120	550	280	350	290	460	120	610	280	170	660	240	370	650	430	830	500	490	320	660	250	730	1000	660	280	280	950	770	390	130	990	730	800	920	800	970	310	570	540	380	560	290	230	500	180	320	830	490	110	820	990	920	360	330	420	210	810	990	810	910	880	440	640	820	220	280	850	640	240	880	950	800	830	860	880	310	910	330	120	330	370	640	290	630	700	590	120	610	190	840	690	850	640	780	440	280	940	630	960	630	220	220	990	320	880	910	440	850	810	590	430	400	110	360	760	820	350	930	
1
