2212
80
2
70
0	48	48	0	0	0	0	48	0	0	0	0	0	0	48	0	0	0	0	0	0	0	0	0	0	0	0	0	0	0	48	0	0	48	0	0	0	0	0	0	0	0	0	0	0	0	0	0	0	0	0	48	0	0	0	0	0	0	0	0	0	48	0	0	0	0	0	0	0	0	0	0	0	0	0	0	0	0	0	0	
48	0	0	0	0	0	0	0	0	0	0	0	0	0	0	0	0	0	0	0	0	0	0	0	0	0	0	0	0	0	0	0	0	0	0	0	0	0	0	0	48	0	0	0	0	0	0	0	0	48	0	0	0	0	0	0	0	0	0	0	0	0	0	0	0	0	0	0	0	0	0	0	0	0	0	0	0	0	0	0	
48	0	0	0	0	0	48	0	0	0	0	0	0	0	0	0	0	0	0	0	0	0	0	0	0	0	0	0	0	0	0	0	0	0	0	0	0	0	0	0	0	0	0	0	0	0	0	0	0	0	0	0	48	0	0	0	0	0	0	0	0	0	0	0	0	0	0	0	0	0	0	0	0	0	0	0	0	0	0	0	
0	0	0	0	0	0	0	0	0	0	0	0	0	0	0	0	0	0	0	0	0	0	0	0	0	0	0	0	0	0	0	0	0	0	0	0	0	0	0	0	0	0	0	0	0	0	0	0	0	0	0	0	0	0	0	0	48	0	48	0	0	0	0	0	0	0	0	0	0	0	0	0	0	0	0	0	0	0	0	0	
0	0	0	0	0	0	0	0	0	0	0	0	0	0	0	0	0	0	0	0	0	0	0	0	0	0	0	0	0	0	0	48	0	0	0	0	0	0	0	0	0	0	0	0	0	0	0	0	0	0	48	0	0	0	0	0	0	0	0	0	0	0	0	0	0	0	0	0	0	0	0	0	0	0	0	0	0	0	0	0	
0	0	0	0	0	0	0	0	48	0	0	0	0	0	0	0	0	0	0	0	0	0	0	0	0	0	0	0	0	0	0	0	0	0	0	0	0	0	0	0	48	0	0	0	0	0	0	0	0	0	0	0	0	0	0	0	0	0	0	0	0	0	0	0	0	0	0	0	0	0	0	0	0	0	0	0	0	0	0	0	
0	0	48	0	0	0	0	0	0	0	0	0	48	0	0	0	0	0	0	0	0	0	0	0	0	0	0	0	0	0	0	0	0	0	0	0	0	0	0	0	0	0	0	0	0	0	0	0	0	0	0	0	0	0	0	0	0	0	0	0	0	0	0	0	0	0	0	0	0	0	0	0	0	0	0	0	0	0	0	0	
48	0	0	0	0	0	0	0	0	48	0	0	0	0	0	0	0	0	0	0	0	0	0	0	0	0	0	0	0	0	0	0	0	0	0	0	0	0	0	0	0	0	0	0	0	48	0	0	0	0	0	0	0	0	0	0	0	0	0	0	0	0	0	0	0	0	0	0	0	0	0	0	0	0	0	0	0	0	0	0	
0	0	0	0	0	48	0	0	0	0	0	0	0	0	0	0	0	0	0	0	0	0	0	0	0	0	0	0	0	0	0	0	0	0	0	0	48	0	0	0	0	0	0	0	0	0	0	0	0	0	0	0	0	0	0	0	0	0	0	0	0	0	0	0	0	0	0	0	0	0	0	0	0	0	0	0	0	0	0	0	
0	0	0	0	0	0	0	48	0	0	0	0	0	0	0	0	0	0	0	0	0	0	0	0	0	0	0	0	0	0	0	0	0	0	0	0	0	0	0	0	0	48	0	0	0	0	0	0	0	0	0	0	0	0	0	0	0	0	0	0	0	0	0	0	0	0	0	0	0	0	0	0	0	0	0	0	0	0	0	0	
0	0	0	0	0	0	0	0	0	0	0	0	0	0	0	0	48	0	0	0	0	0	0	0	0	0	0	0	0	0	0	0	0	0	0	0	0	0	0	0	0	0	0	0	0	0	0	0	0	0	0	0	0	0	0	0	0	0	0	0	48	0	0	0	0	0	0	0	0	0	0	0	0	0	0	0	0	0	0	0	
0	0	0	0	0	0	0	0	0	0	0	0	0	0	0	0	0	0	0	0	0	0	0	0	48	0	0	0	0	0	0	0	0	0	0	0	0	0	0	0	0	0	0	0	0	0	0	0	0	0	0	0	0	0	0	0	0	0	0	0	0	0	0	0	0	0	0	0	0	48	0	0	0	0	0	0	0	0	0	0	
0	0	0	0	0	0	48	0	0	0	0	0	0	0	0	0	0	0	0	0	0	0	0	0	0	0	0	0	0	0	0	0	0	0	0	0	0	0	0	0	0	0	0	0	0	0	0	0	0	0	0	0	0	0	0	0	48	0	0	0	0	0	0	0	0	0	0	0	0	0	0	0	0	0	0	0	0	0	0	0	
0	0	0	0	0	0	0	0	0	0	0	0	0	0	0	0	0	0	48	0	0	0	0	0	0	0	0	0	0	0	0	0	0	0	0	0	0	0	0	0	0	0	0	0	0	0	0	0	0	0	0	0	0	48	0	0	0	0	0	0	0	0	0	0	0	0	0	0	0	0	0	0	0	0	0	0	0	0	0	0	
48	0	0	0	0	0	0	0	0	0	0	0	0	0	0	48	0	0	0	0	0	0	0	0	0	0	0	0	0	0	0	0	0	0	0	0	0	0	0	0	0	0	0	0	0	0	0	0	0	0	0	0	0	0	0	0	0	0	0	0	0	0	0	0	0	0	0	48	0	0	0	0	0	0	0	0	0	0	0	0	
0	0	0	0	0	0	0	0	0	0	0	0	0	0	48	0	0	0	0	0	0	0	0	0	0	0	0	48	0	0	0	0	0	0	0	0	0	0	0	0	0	0	0	0	0	0	0	0	0	0	0	0	0	0	0	0	0	0	0	0	0	0	0	0	0	0	0	0	0	0	0	0	0	0	0	0	0	0	0	0	
0	0	0	0	0	0	0	0	0	0	48	0	0	0	0	0	0	0	0	0	0	0	0	0	0	0	0	0	0	0	0	0	0	0	0	0	0	0	0	0	0	0	0	0	0	0	0	0	0	48	0	0	0	0	0	0	0	0	0	0	0	0	0	0	0	0	0	0	0	0	0	0	0	0	0	0	0	0	0	0	
0	0	0	0	0	0	0	0	0	0	0	0	0	0	0	0	0	0	0	0	0	0	0	0	0	0	0	48	0	48	0	0	0	0	0	0	0	0	0	0	0	0	0	0	0	0	0	0	0	0	0	0	0	0	0	0	0	0	0	0	0	0	0	0	0	0	0	0	0	0	0	0	0	0	0	0	0	0	0	0	
0	0	0	0	0	0	0	0	0	0	0	0	0	48	0	0	0	0	0	0	0	0	0	0	0	0	0	0	0	0	0	0	0	0	0	0	0	0	0	0	0	0	0	0	48	0	0	0	0	0	0	0	0	0	0	0	0	0	0	0	0	0	0	0	0	0	0	0	0	0	0	0	0	0	0	0	0	0	0	0	
0	0	0	0	0	0	0	0	0	0	0	0	0	0	0	0	0	0	0	0	0	0	0	0	0	0	0	0	0	0	0	0	0	0	0	0	0	0	0	48	0	0	0	0	0	0	0	0	0	0	0	0	0	0	0	0	0	0	0	0	0	0	0	0	0	0	0	0	0	0	0	0	0	0	0	0	0	0	0	48	
0	0	0	0	0	0	0	0	0	0	0	0	0	0	0	0	0	0	0	0	0	0	0	0	0	0	48	0	0	0	0	0	0	0	0	0	0	0	0	0	0	0	0	0	0	0	0	0	0	0	0	0	0	48	0	0	0	0	0	0	0	0	0	0	0	0	0	0	0	0	0	0	0	0	0	0	0	0	0	0	
0	0	0	0	0	0	0	0	0	0	0	0	0	0	0	0	0	0	0	0	0	0	0	0	0	0	0	0	0	0	0	0	0	0	0	0	0	0	0	0	0	0	0	0	0	0	48	0	0	0	0	0	0	0	0	0	0	0	0	0	0	0	0	0	0	0	0	0	48	0	0	0	0	0	0	0	0	0	0	0	
0	0	0	0	0	0	0	0	0	0	0	0	0	0	0	0	0	0	0	0	0	0	0	0	0	0	0	0	0	0	0	0	48	0	0	0	0	0	0	0	0	0	0	0	0	0	0	0	0	0	0	0	0	0	0	0	0	0	0	0	0	0	0	0	0	0	0	0	0	0	0	48	0	0	0	0	0	0	0	0	
0	0	0	0	0	0	0	0	0	0	0	0	0	0	0	0	0	0	0	0	0	0	0	0	0	0	0	0	0	0	0	0	0	0	0	0	48	0	0	0	0	0	0	0	0	0	0	0	0	0	0	0	0	0	0	0	0	0	0	0	0	0	0	0	0	0	0	0	0	0	0	0	0	48	0	0	0	0	0	0	
0	0	0	0	0	0	0	0	0	0	0	48	0	0	0	0	0	0	0	0	0	0	0	0	0	0	0	0	0	0	0	0	0	0	0	0	0	0	0	0	0	0	0	0	0	0	0	0	0	0	0	0	0	0	0	0	0	0	0	0	0	0	0	0	0	0	48	0	0	0	0	0	0	0	0	0	0	0	0	0	
0	0	0	0	0	0	0	0	0	0	0	0	0	0	0	0	0	0	0	0	0	0	0	0	0	0	0	0	0	0	0	0	0	0	0	48	0	0	48	0	0	0	0	0	0	0	0	0	0	0	0	0	0	0	0	0	0	0	0	0	0	0	0	0	0	0	0	0	0	0	0	0	0	0	0	0	0	0	0	0	
0	0	0	0	0	0	0	0	0	0	0	0	0	0	0	0	0	0	0	0	48	0	0	0	0	0	0	0	0	0	0	48	0	0	0	0	0	0	0	0	0	0	0	0	0	0	0	0	0	0	0	0	0	0	0	0	0	0	0	0	0	0	0	0	0	0	0	0	0	0	0	0	0	0	0	0	0	0	0	0	
0	0	0	0	0	0	0	0	0	0	0	0	0	0	0	48	0	48	0	0	0	0	0	0	0	0	0	0	0	0	0	0	0	0	0	0	0	0	0	0	0	0	0	0	0	0	0	0	0	0	0	0	0	0	0	0	0	0	0	0	0	0	0	0	0	0	0	0	0	0	0	0	0	0	0	0	0	0	0	0	
0	0	0	0	0	0	0	0	0	0	0	0	0	0	0	0	0	0	0	0	0	0	0	0	0	0	0	0	0	0	0	0	0	0	0	0	0	0	0	48	0	0	0	0	48	0	0	0	0	0	0	0	0	0	0	0	0	0	0	0	0	0	0	0	0	0	0	0	0	0	0	0	0	0	0	0	0	0	0	0	
0	0	0	0	0	0	0	0	0	0	0	0	0	0	0	0	0	48	0	0	0	0	0	0	0	0	0	0	0	0	0	0	0	0	0	0	0	48	0	0	0	0	0	0	0	0	0	0	0	0	0	0	0	0	0	0	0	0	0	0	0	0	0	0	0	0	0	0	0	0	0	0	0	0	0	0	0	0	0	0	
48	0	0	0	0	0	0	0	0	0	0	0	0	0	0	0	0	0	0	0	0	0	0	0	0	0	0	0	0	0	0	0	0	0	0	0	0	0	0	0	0	0	0	0	0	0	0	0	0	0	0	0	0	0	0	0	0	0	0	0	0	48	0	0	0	0	0	0	0	0	0	0	0	0	0	0	0	0	0	0	
0	0	0	0	48	0	0	0	0	0	0	0	0	0	0	0	0	0	0	0	0	0	0	0	0	0	48	0	0	0	0	0	0	0	0	0	0	0	0	0	0	0	0	0	0	0	0	0	0	0	0	0	0	0	0	0	0	0	0	0	0	0	0	0	0	0	0	0	0	0	0	0	0	0	0	0	0	0	0	0	
0	0	0	0	0	0	0	0	0	0	0	0	0	0	0	0	0	0	0	0	0	0	48	0	0	0	0	0	0	0	0	0	0	0	0	0	0	0	0	0	0	0	0	0	0	0	0	0	0	0	0	0	0	0	0	0	0	0	0	0	0	0	0	0	0	48	0	0	0	0	0	0	0	0	0	0	0	0	0	0	
48	0	0	0	0	0	0	0	0	0	0	0	0	0	0	0	0	0	0	0	0	0	0	0	0	0	0	0	0	0	0	0	0	0	0	0	0	0	0	0	0	0	0	0	0	0	0	0	0	0	0	0	0	0	0	0	0	0	0	0	0	0	0	0	0	0	0	0	0	0	48	0	0	0	0	0	0	48	0	0	
0	0	0	0	0	0	0	0	0	0	0	0	0	0	0	0	0	0	0	0	0	0	0	0	0	0	0	0	0	0	0	0	0	0	0	0	0	0	0	0	0	48	0	0	0	0	0	0	0	0	0	0	0	0	0	0	0	0	0	0	0	0	0	0	0	0	48	0	0	0	0	0	0	0	0	0	0	0	0	0	
0	0	0	0	0	0	0	0	0	0	0	0	0	0	0	0	0	0	0	0	0	0	0	0	0	48	0	0	0	0	0	0	0	0	0	0	0	0	0	0	0	0	0	0	0	0	0	0	0	0	0	0	0	0	0	0	0	0	0	0	0	0	0	0	0	0	0	0	0	0	0	48	0	0	0	0	0	0	0	0	
0	0	0	0	0	0	0	0	48	0	0	0	0	0	0	0	0	0	0	0	0	0	0	48	0	0	0	0	0	0	0	0	0	0	0	0	0	0	0	0	0	0	0	0	0	0	0	0	0	0	0	0	0	0	0	0	0	0	0	0	0	0	0	0	0	0	0	0	0	0	0	0	0	0	0	0	0	0	0	0	
0	0	0	0	0	0	0	0	0	0	0	0	0	0	0	0	0	0	0	0	0	0	0	0	0	0	0	0	0	48	0	0	0	0	0	0	0	0	0	0	0	0	0	0	0	0	0	0	0	0	0	0	0	0	0	0	0	0	0	0	0	0	0	0	0	0	0	48	0	0	0	0	0	0	0	0	0	0	0	0	
0	0	0	0	0	0	0	0	0	0	0	0	0	0	0	0	0	0	0	0	0	0	0	0	0	48	0	0	0	0	0	0	0	0	0	0	0	0	0	0	0	0	0	0	0	0	0	0	0	0	0	0	0	0	0	0	0	0	0	0	0	0	0	0	0	0	0	0	0	0	0	0	48	0	0	0	0	0	0	0	
0	0	0	0	0	0	0	0	0	0	0	0	0	0	0	0	0	0	0	48	0	0	0	0	0	0	0	0	48	0	0	0	0	0	0	0	0	0	0	0	0	0	0	0	0	0	0	0	0	0	0	0	0	0	0	0	0	0	0	0	0	0	0	0	0	0	0	0	0	0	0	0	0	0	0	0	0	0	0	0	
0	48	0	0	0	48	0	0	0	0	0	0	0	0	0	0	0	0	0	0	0	0	0	0	0	0	0	0	0	0	0	0	0	0	0	0	0	0	0	0	0	0	0	0	0	0	0	0	0	0	0	0	0	0	0	0	0	0	0	0	0	0	0	0	0	0	0	0	0	0	0	0	0	0	0	0	0	0	0	0	
0	0	0	0	0	0	0	0	0	48	0	0	0	0	0	0	0	0	0	0	0	0	0	0	0	0	0	0	0	0	0	0	0	0	48	0	0	0	0	0	0	0	0	0	0	0	0	0	0	0	0	0	0	0	0	0	0	0	0	0	0	0	0	0	0	0	0	0	0	0	0	0	0	0	0	0	0	0	0	0	
0	0	0	0	0	0	0	0	0	0	0	0	0	0	0	0	0	0	0	0	0	0	0	0	0	0	0	0	0	0	0	0	0	0	0	0	0	0	0	0	0	0	0	0	0	0	0	0	48	0	48	0	0	0	0	0	0	0	0	0	0	0	0	0	0	0	0	0	0	0	0	0	0	0	0	0	0	0	0	0	
0	0	0	0	0	0	0	0	0	0	0	0	0	0	0	0	0	0	0	0	0	0	0	0	0	0	0	0	0	0	0	0	0	0	0	0	0	0	0	0	0	0	0	0	0	0	0	0	0	0	0	0	0	0	0	0	0	0	0	0	0	0	0	0	0	0	0	0	0	0	0	0	0	48	48	0	0	0	0	0	
0	0	0	0	0	0	0	0	0	0	0	0	0	0	0	0	0	0	48	0	0	0	0	0	0	0	0	0	48	0	0	0	0	0	0	0	0	0	0	0	0	0	0	0	0	0	0	0	0	0	0	0	0	0	0	0	0	0	0	0	0	0	0	0	0	0	0	0	0	0	0	0	0	0	0	0	0	0	0	0	
0	0	0	0	0	0	0	48	0	0	0	0	0	0	0	0	0	0	0	0	0	0	0	0	0	0	0	0	0	0	0	0	0	0	0	0	0	0	0	0	0	0	0	0	0	0	0	0	0	0	0	0	0	0	0	48	0	0	0	0	0	0	0	0	0	0	0	0	0	0	0	0	0	0	0	0	0	0	0	0	
0	0	0	0	0	0	0	0	0	0	0	0	0	0	0	0	0	0	0	0	0	48	0	0	0	0	0	0	0	0	0	0	0	0	0	0	0	0	0	0	0	0	0	0	0	0	0	0	0	0	0	0	0	0	0	0	0	0	0	0	0	0	0	0	48	0	0	0	0	0	0	0	0	0	0	0	0	0	0	0	
0	0	0	0	0	0	0	0	0	0	0	0	0	0	0	0	0	0	0	0	0	0	0	0	0	0	0	0	0	0	0	0	0	0	0	0	0	0	0	0	0	0	0	0	0	0	0	0	0	0	0	0	48	0	0	0	0	0	0	0	0	0	0	0	0	0	0	0	0	0	0	0	0	0	0	48	0	0	0	0	
0	0	0	0	0	0	0	0	0	0	0	0	0	0	0	0	0	0	0	0	0	0	0	0	0	0	0	0	0	0	0	0	0	0	0	0	0	0	0	0	0	0	48	0	0	0	0	0	0	0	0	0	0	0	0	0	0	0	0	0	0	0	0	0	0	0	0	0	0	0	0	0	0	0	48	0	0	0	0	0	
0	48	0	0	0	0	0	0	0	0	0	0	0	0	0	0	48	0	0	0	0	0	0	0	0	0	0	0	0	0	0	0	0	0	0	0	0	0	0	0	0	0	0	0	0	0	0	0	0	0	0	0	0	0	0	0	0	0	0	0	0	0	0	0	0	0	0	0	0	0	0	0	0	0	0	0	0	0	0	0	
0	0	0	0	48	0	0	0	0	0	0	0	0	0	0	0	0	0	0	0	0	0	0	0	0	0	0	0	0	0	0	0	0	0	0	0	0	0	0	0	0	0	48	0	0	0	0	0	0	0	0	0	0	0	0	0	0	0	0	0	0	0	0	0	0	0	0	0	0	0	0	0	0	0	0	0	0	0	0	0	
48	0	0	0	0	0	0	0	0	0	0	0	0	0	0	0	0	0	0	0	0	0	0	0	0	0	0	0	0	0	0	0	0	0	0	0	0	0	0	0	0	0	0	0	0	0	0	0	0	0	0	0	0	0	0	0	0	0	0	0	0	0	0	48	0	0	0	0	0	0	0	0	0	0	0	0	48	0	0	0	
0	0	48	0	0	0	0	0	0	0	0	0	0	0	0	0	0	0	0	0	0	0	0	0	0	0	0	0	0	0	0	0	0	0	0	0	0	0	0	0	0	0	0	0	0	0	0	48	0	0	0	0	0	0	0	0	0	0	0	0	0	0	0	0	0	0	0	0	0	0	0	0	0	0	0	0	0	0	0	0	
0	0	0	0	0	0	0	0	0	0	0	0	0	48	0	0	0	0	0	0	48	0	0	0	0	0	0	0	0	0	0	0	0	0	0	0	0	0	0	0	0	0	0	0	0	0	0	0	0	0	0	0	0	0	0	0	0	0	0	0	0	0	0	0	0	0	0	0	0	0	0	0	0	0	0	0	0	0	0	0	
0	0	0	0	0	0	0	0	0	0	0	0	0	0	0	0	0	0	0	0	0	0	0	0	0	0	0	0	0	0	0	0	0	0	0	0	0	0	0	0	0	0	0	0	0	0	0	0	0	0	0	0	0	0	0	0	0	0	48	48	0	0	0	0	0	0	0	0	0	0	0	0	0	0	0	0	0	0	0	0	
0	0	0	0	0	0	0	0	0	0	0	0	0	0	0	0	0	0	0	0	0	0	0	0	0	0	0	0	0	0	0	0	0	0	0	0	0	0	0	0	0	0	0	0	0	48	0	0	0	0	0	0	0	0	0	0	0	0	0	0	0	0	0	0	0	0	0	0	0	0	0	0	0	0	0	0	0	0	48	0	
0	0	0	48	0	0	0	0	0	0	0	0	48	0	0	0	0	0	0	0	0	0	0	0	0	0	0	0	0	0	0	0	0	0	0	0	0	0	0	0	0	0	0	0	0	0	0	0	0	0	0	0	0	0	0	0	0	0	0	0	0	0	0	0	0	0	0	0	0	0	0	0	0	0	0	0	0	0	0	0	
0	0	0	0	0	0	0	0	0	0	0	0	0	0	0	0	0	0	0	0	0	0	0	0	0	0	0	0	0	0	0	0	0	0	0	0	0	0	0	0	0	0	0	0	0	0	0	0	0	0	0	0	0	0	0	0	0	0	0	0	0	0	0	48	0	0	0	0	0	0	0	0	0	0	0	0	48	0	0	0	
0	0	0	48	0	0	0	0	0	0	0	0	0	0	0	0	0	0	0	0	0	0	0	0	0	0	0	0	0	0	0	0	0	0	0	0	0	0	0	0	0	0	0	0	0	0	0	0	0	0	0	0	0	0	48	0	0	0	0	0	0	0	0	0	0	0	0	0	0	0	0	0	0	0	0	0	0	0	0	0	
0	0	0	0	0	0	0	0	0	0	0	0	0	0	0	0	0	0	0	0	0	0	0	0	0	0	0	0	0	0	0	0	0	0	0	0	0	0	0	0	0	0	0	0	0	0	0	0	0	0	0	0	0	0	48	0	0	0	0	0	0	0	0	0	0	0	0	0	0	0	0	0	0	0	0	48	0	0	0	0	
0	0	0	0	0	0	0	0	0	0	48	0	0	0	0	0	0	0	0	0	0	0	0	0	0	0	0	0	0	0	0	0	0	0	0	0	0	0	0	0	0	0	0	0	0	0	0	0	0	0	0	0	0	0	0	0	0	0	0	0	0	0	0	0	0	0	0	0	0	0	0	0	0	0	0	0	0	0	0	48	
48	0	0	0	0	0	0	0	0	0	0	0	0	0	0	0	0	0	0	0	0	0	0	0	0	0	0	0	0	0	48	0	0	0	0	0	0	0	0	0	0	0	0	0	0	0	0	0	0	0	0	0	0	0	0	0	0	0	0	0	0	0	0	0	0	0	0	0	0	0	0	0	0	0	0	0	0	0	0	0	
0	0	0	0	0	0	0	0	0	0	0	0	0	0	0	0	0	0	0	0	0	0	0	0	0	0	0	0	0	0	0	0	0	0	0	0	0	0	0	0	0	0	0	0	0	0	0	0	0	0	0	0	0	0	0	0	0	0	0	0	0	0	0	0	48	48	0	0	0	0	0	0	0	0	0	0	0	0	0	0	
0	0	0	0	0	0	0	0	0	0	0	0	0	0	0	0	0	0	0	0	0	0	0	0	0	0	0	0	0	0	0	0	0	0	0	0	0	0	0	0	0	0	0	0	0	0	0	0	0	0	0	48	0	0	0	0	0	48	0	0	0	0	0	0	0	0	0	0	0	0	0	0	0	0	0	0	0	0	0	0	
0	0	0	0	0	0	0	0	0	0	0	0	0	0	0	0	0	0	0	0	0	0	0	0	0	0	0	0	0	0	0	0	0	0	0	0	0	0	0	0	0	0	0	0	0	0	48	0	0	0	0	0	0	0	0	0	0	0	0	0	0	0	48	0	0	0	0	0	0	0	0	0	0	0	0	0	0	0	0	0	
0	0	0	0	0	0	0	0	0	0	0	0	0	0	0	0	0	0	0	0	0	0	0	0	0	0	0	0	0	0	0	0	48	0	0	0	0	0	0	0	0	0	0	0	0	0	0	0	0	0	0	0	0	0	0	0	0	0	0	0	0	0	48	0	0	0	0	0	0	0	0	0	0	0	0	0	0	0	0	0	
0	0	0	0	0	0	0	0	0	0	0	0	0	0	0	0	0	0	0	0	0	0	0	0	48	0	0	0	0	0	0	0	0	0	48	0	0	0	0	0	0	0	0	0	0	0	0	0	0	0	0	0	0	0	0	0	0	0	0	0	0	0	0	0	0	0	0	0	0	0	0	0	0	0	0	0	0	0	0	0	
0	0	0	0	0	0	0	0	0	0	0	0	0	0	48	0	0	0	0	0	0	0	0	0	0	0	0	0	0	0	0	0	0	0	0	0	0	48	0	0	0	0	0	0	0	0	0	0	0	0	0	0	0	0	0	0	0	0	0	0	0	0	0	0	0	0	0	0	0	0	0	0	0	0	0	0	0	0	0	0	
0	0	0	0	0	0	0	0	0	0	0	0	0	0	0	0	0	0	0	0	0	48	0	0	0	0	0	0	0	0	0	0	0	0	0	0	0	0	0	0	0	0	0	0	0	0	0	0	0	0	0	0	0	0	0	0	0	0	0	0	0	0	0	0	0	0	0	0	0	48	0	0	0	0	0	0	0	0	0	0	
0	0	0	0	0	0	0	0	0	0	0	48	0	0	0	0	0	0	0	0	0	0	0	0	0	0	0	0	0	0	0	0	0	0	0	0	0	0	0	0	0	0	0	0	0	0	0	0	0	0	0	0	0	0	0	0	0	0	0	0	0	0	0	0	0	0	0	0	48	0	0	0	0	0	0	0	0	0	0	0	
0	0	0	0	0	0	0	0	0	0	0	0	0	0	0	0	0	0	0	0	0	0	0	0	0	0	0	0	0	0	0	0	0	48	0	0	0	0	0	0	0	0	0	0	0	0	0	0	0	0	0	0	0	0	0	0	0	0	0	0	0	0	0	0	0	0	0	0	0	0	0	0	0	0	0	0	0	48	0	0	
0	0	0	0	0	0	0	0	0	0	0	0	0	0	0	0	0	0	0	0	0	0	48	0	0	0	0	0	0	0	0	0	0	0	0	48	0	0	0	0	0	0	0	0	0	0	0	0	0	0	0	0	0	0	0	0	0	0	0	0	0	0	0	0	0	0	0	0	0	0	0	0	0	0	0	0	0	0	0	0	
0	0	0	0	0	0	0	0	0	0	0	0	0	0	0	0	0	0	0	0	0	0	0	0	0	0	0	0	0	0	0	0	0	0	0	0	0	0	48	0	0	0	0	0	0	0	0	0	0	0	0	0	0	0	0	0	0	0	0	0	0	0	0	0	0	0	0	0	0	0	0	0	0	0	0	0	0	0	48	0	
0	0	0	0	0	0	0	0	0	0	0	0	0	0	0	0	0	0	0	0	0	0	0	48	0	0	0	0	0	0	0	0	0	0	0	0	0	0	0	0	0	0	0	48	0	0	0	0	0	0	0	0	0	0	0	0	0	0	0	0	0	0	0	0	0	0	0	0	0	0	0	0	0	0	0	0	0	0	0	0	
0	0	0	0	0	0	0	0	0	0	0	0	0	0	0	0	0	0	0	0	0	0	0	0	0	0	0	0	0	0	0	0	0	0	0	0	0	0	0	0	0	0	0	48	0	0	0	0	48	0	0	0	0	0	0	0	0	0	0	0	0	0	0	0	0	0	0	0	0	0	0	0	0	0	0	0	0	0	0	0	
0	0	0	0	0	0	0	0	0	0	0	0	0	0	0	0	0	0	0	0	0	0	0	0	0	0	0	0	0	0	0	0	0	0	0	0	0	0	0	0	0	0	0	0	0	0	0	48	0	0	0	0	0	0	0	0	0	0	0	48	0	0	0	0	0	0	0	0	0	0	0	0	0	0	0	0	0	0	0	0	
0	0	0	0	0	0	0	0	0	0	0	0	0	0	0	0	0	0	0	0	0	0	0	0	0	0	0	0	0	0	0	0	0	0	0	0	0	0	0	0	0	0	0	0	0	0	0	0	0	0	0	48	0	0	0	0	0	48	0	0	0	0	0	0	0	0	0	0	0	0	0	0	0	0	0	0	0	0	0	0	
0	0	0	0	0	0	0	0	0	0	0	0	0	0	0	0	0	0	0	0	0	0	0	0	0	0	0	0	0	0	0	0	0	48	0	0	0	0	0	0	0	0	0	0	0	0	0	0	0	0	0	0	0	0	0	0	0	0	0	0	0	0	0	0	0	0	0	0	0	0	48	0	0	0	0	0	0	0	0	0	
0	0	0	0	0	0	0	0	0	0	0	0	0	0	0	0	0	0	0	0	0	0	0	0	0	0	0	0	0	0	0	0	0	0	0	0	0	0	0	0	0	0	0	0	0	0	0	0	0	0	0	0	0	0	0	48	0	0	0	0	0	0	0	0	0	0	0	0	0	0	0	0	48	0	0	0	0	0	0	0	
0	0	0	0	0	0	0	0	0	0	0	0	0	0	0	0	0	0	0	48	0	0	0	0	0	0	0	0	0	0	0	0	0	0	0	0	0	0	0	0	0	0	0	0	0	0	0	0	0	0	0	0	0	0	0	0	0	0	0	0	48	0	0	0	0	0	0	0	0	0	0	0	0	0	0	0	0	0	0	0	
42	11	19	19	41	33	75	63	63	76	75	8	12	28	50	64	2	67	67	39	1	18	77	62	75	74	67	71	17	44	53	2	19	72	36	0	19	16	65	51	33	53	61	43	15	40	25	73	45	74	6	78	46	76	69	28	48	30	55	52	6	34	30	69	33	42	41	66	18	68	75	27	72	52	3	2	55	74	20	23	78	6	78	59	31	10	18	47	42	39	48	53	17	62	59	29	52	0	68	9	5	46	42	57	21	24	47	78	52	32	36	9	68	55	43	44	21	30	3	7	9	70	63	28	64	47	78	75	28	60	51	53	46	44	78	11	38	1	48	15	70	28	74	1	78	13	13	2	48	71	58	4	77	25	2	39	21	5	38	29	58	12	23	6	62	21	18	25	58	3	57	18	72	15	23	51	11	32	46	70	45	31	8	69	70	6	46	55	78	29	72	54	17	62	48	42	21	17	15	62	68	32	14	58	72	3	37	7	73	36	14	46	0	43	33	71	7	50	73	61	37	65	29	72	37	33	70	16	79	28	79	32	12	74	31	79	69	69	48	56	68	53	26	2	49	52	24	71	5	26	33	33	57	33	30	23	22	49	10	35	54	20	76	46	16	34	45	17	15	68	24	69	28	36	52	35	30	42	75	36	48	64	53	17	9	46	13	67	20	30	26	67	58	72	69	25	34	54	73	64	39	48	77	32	32	47	43	17	24	77	11	14	72	3	39	63	7	73	72	60	48	72	39	79	11	26	76	18	65	7	49	76	43	57	47	55	34	72	46	13	32	61	8	53	21	57	63	5	70	52	24	54	52	12	63	77	51	36	43	63	72	65	47	49	9	26	49	73	42	18	71	11	26	3	75	12	36	37	65	43	25	8	18	28	3	8	40	1	50	67	69	59	42	1	43	25	75	4	33	44	61	78	50	48	0	71	64	8	45	57	57	19	71	69	63	64	30	60	35	41	37	17	8	9	3	20	14	63	26	60	73	4	44	78	3	20	0	1	79	28	25	35	43	17	78	9	62	44	78	60	35	50	38	17	64	35	27	13	29	60	21	78	64	39	24	9	37	40	79	70	32	37	32	7	60	49	13	35	21	21	45	16	79	40	44	1	10	34	1	6	64	76	77	34	77	53	25	71	10	27	73	37	9	60	44	69	15	9	9	10	7	44	43	54	49	49	31	27	43	2	7	30	9	58	62	52	56	27	10	30	5	41	1	49	74	75	55	60	20	50	41	25	75	9	53	47	74	49	65	37	41	49	9	76	4	75	27	65	57	63	21	26	70	51	51	51	10	71	74	48	69	54	21	48	3	29	33	79	18	26	45	9	46	58	52	45	52	74	54	43	57	10	21	34	7	5	33	57	65	26	21	27	61	56	25	58	57	50	18	57	37	49	30	54	42	23	11	2	42	57	12	0	14	48	78	48	31	15	20	69	65	70	68	16	45	10	77	36	10	37	73	53	12	8	19	72	25	17	54	52	34	14	65	33	59	34	70	41	30	35	64	21	25	29	68	69	28	32	21	73	67	7	49	74	56	20	10	31	74	51	64	30	47	70	22	67	42	28	55	4	77	67	47	3	22	26	63	13	7	74	12	13	29	15	60	27	47	17	48	7	78	51	10	2	11	72	28	68	71	31	45	67	77	50	10	65	76	65	61	73	29	2	44	55	17	41	2	1	21	44	47	25	68	55	33	22	75	60	12	14	7	34	37	21	44	28	68	25	76	62	32	75	2	36	38	38	4	5	3	26	68	10	42	27	16	32	55	72	50	65	5	34	11	57	79	49	27	40	59	28	62	7	66	40	20	39	44	78	30	38	58	55	55	32	41	30	38	36	59	28	47	62	68	45	73	24	78	39	51	65	31	49	48	21	31	36	12	40	54	24	39	71	44	62	1	2	65	74	73	16	77	17	1	54	15	42	10	33	20	26	53	0	16	47	65	22	5	70	9	16	43	40	40	8	12	32	37	49	51	8	15	28	11	54	53	43	72	9	66	51	54	32	38	74	78	58	46	77	68	57	4	67	17	74	30	19	79	40	8	60	48	41	39	42	27	1	27	29	2	20	11	50	48	48	59	64	72	41	26	65	18	33	64	32	21	67	8	75	25	51	18	6	47	16	65	68	74	7	19	50	7	20	51	45	3	51	64	3	67	61	53	8	36	59	0	14	46	33	0	3	4	51	43	20	10	66	45	9	77	56	47	68	74	44	36	32	41	56	41	63	25	69	58	36	34	23	17	72	25	19	34	70	29	32	42	15	16	45	11	6	25	11	44	20	1	14	11	79	32	31	43	46	17	65	11	68	56	13	27	69	58	53	49	42	34	43	25	14	47	67	50	11	4	2	39	75	78	13	51	18	66	41	23	38	47	18	34	5	36	61	38	35	57	68	6	49	71	16	12	9	71	74	16	68	20	44	10	65	13	56	69	44	72	45	62	62	21	53	78	15	29	57	29	23	26	69	62	19	31	43	46	25	28	73	44	27	35	43	69	67	33	4	73	54	46	51	4	68	11	26	8	14	9	79	29	75	36	50	57	73	78	49	44	58	22	52	28	53	40	3	55	44	56	45	44	2	4	62	8	11	35	21	34	60	57	74	46	13	24	5	74	6	78	3	49	56	64	9	65	62	5	76	14	54	73	45	7	76	75	25	2	30	1	79	0	54	69	2	74	68	20	64	28	56	44	30	23	31	63	45	11	3	22	28	16	34	36	51	55	25	27	42	32	35	71	11	43	76	66	48	1	6	64	0	32	12	22	13	66	29	11	55	42	1	32	79	73	35	12	77	74	26	51	40	78	74	70	63	65	51	15	67	0	55	75	3	55	61	39	10	56	72	23	67	77	37	45	47	32	47	57	41	6	77	21	73	13	68	22	25	66	17	68	11	28	24	77	29	31	5	78	12	40	51	45	75	36	49	28	4	73	37	53	55	68	56	57	21	32	50	28	32	8	51	32	6	62	17	27	45	38	5	38	45	16	9	1	33	21	58	54	13	59	63	68	56	31	73	33	47	20	21	38	67	26	27	71	55	66	22	34	0	4	36	51	17	3	4	40	33	70	0	55	45	78	5	36	27	22	12	23	69	0	74	62	26	47	75	32	45	68	79	7	70	0	46	18	8	72	12	36	10	36	36	13	46	46	32	72	75	48	40	30	24	33	36	59	78	58	79	33	27	61	22	25	11	24	18	75	5	39	51	70	1	38	45	38	11	8	38	69	33	78	17	23	57	14	33	21	70	67	55	33	26	53	47	69	9	5	69	72	2	39	37	72	8	69	54	62	0	21	12	34	64	53	53	50	78	73	62	26	0	12	51	14	41	56	40	37	16	20	20	68	60	24	76	54	24	13	29	55	48	66	39	77	24	37	7	51	33	61	61	69	58	75	40	32	78	58	77	34	79	43	63	54	32	50	48	46	2	74	34	51	11	65	67	2	33	52	71	36	66	69	25	11	61	45	28	37	75	18	32	5	42	35	39	10	50	5	64	29	31	16	62	22	53	36	45	36	75	65	79	9	20	31	28	13	21	56	18	44	5	47	53	69	40	29	25	60	42	22	0	56	4	26	35	61	28	41	77	78	73	17	6	8	48	26	62	32	77	10	42	58	79	41	24	76	29	15	4	19	7	27	52	54	2	17	30	35	16	26	45	50	20	78	76	47	5	8	59	47	26	53	72	48	61	13	61	56	11	38	42	70	17	76	21	52	64	35	72	26	30	19	56	31	2	35	40	59	45	0	41	58	73	62	56	24	68	22	77	40	67	48	73	21	71	54	24	77	38	41	79	19	57	53	11	48	67	52	36	74	18	1	15	67	61	16	59	28	19	14	19	40	48	7	18	63	55	17	40	70	68	62	53	33	71	39	56	50	59	75	38	68	34	39	41	24	22	53	28	7	54	73	58	27	34	66	77	39	28	52	38	62	68	44	55	75	63	0	32	39	6	76	55	36	23	44	5	30	20	29	37	60	58	59	1	35	78	16	41	20	19	47	12	14	44	20	48	40	56	50	23	67	16	2	65	39	30	64	41	53	18	62	66	48	10	66	14	35	78	49	9	79	34	5	37	79	63	27	65	14	18	32	41	11	77	7	36	5	50	12	61	3	18	68	0	61	40	20	18	48	44	66	51	41	68	60	18	62	45	77	39	2	54	57	16	20	47	6	20	39	74	67	61	72	15	30	79	13	38	59	68	3	25	8	3	32	57	75	26	14	69	4	53	22	38	3	11	65	75	50	69	14	16	34	59	54	23	15	64	70	59	11	68	77	75	64	68	68	46	33	6	1	5	54	35	67	63	16	10	41	3	43	60	14	62	43	66	61	39	51	30	34	28	16	75	42	73	13	50	28	11	0	55	33	36	28	59	17	34	22	18	58	9	42	34	48	20	18	69	65	9	41	23	39	78	19	19	54	69	75	15	26	15	52	63	35	40	69	20	77	34	44	5	40	6	11	48	66	62	18	60	36	47	59	37	15	78	36	41	77	18	41	17	60	29	19	33	67	15	68	44	34	14	9	69	75	51	40	57	58	60	15	55	23	74	12	56	29	35	32	55	33	78	61	74	24	32	72	39	56	10	63	20	45	6	23	48	37	19	68	69	42	28	49	68	42	23	4	42	51	76	51	55	33	7	63	5	29	13	74	12	18	38	66	18	12	14	55	41	13	55	27	65	21	18	0	65	45	40	66	52	71	73	33	54	30	51	79	68	32	50	40	23	79	18	13	24	12	37	40	60	11	22	50	40	15	64	16	25	30	13	16	38	46	31	28	47	47	18	63	23	67	54	79	23	21	31	47	49	41	22	65	62	43	1	17	38	63	71	38	39	49	67	69	44	31	45	11	77	36	19	61	20	65	47	52	49	10	72	70	45	30	64	63	41	47	44	10	11	18	23	75	56	61	9	37	23	36	22	78	44	77	34	66	1	75	35	16	33	36	75	1	33	3	45	65	49	69	44	79	44	58	33	33	45	70	68	50	36	13	0	53	14	58	21	50	42	54	45	66	12	
12	19	77	3	61	20	58	9	74	23	3	56	16	56	2	27	29	53	39	16	29	74	46	5	61	69	35	5	27	3	68	63	2	31	78	78	49	41	45	17	69	76	31	51	57	69	65	35	76	34	48	60	42	31	9	29	64	26	24	66	60	32	11	71	10	45	63	59	23	46	33	25	48	33	45	0	51	3	18	76	76	48	10	41	40	37	69	70	53	17	47	63	14	46	68	48	2	27	18	56	62	37	70	19	13	72	60	14	46	34	35	53	13	31	6	23	71	12	2	64	74	40	54	77	18	61	29	59	76	11	54	39	69	28	27	61	75	32	44	60	58	1	5	0	15	15	18	70	40	4	17	43	64	32	46	76	6	30	56	6	7	43	58	2	40	52	28	10	35	76	10	46	73	61	26	55	63	31	28	10	11	4	23	28	33	68	30	18	6	34	55	50	0	52	23	15	3	78	3	32	37	6	63	40	10	1	66	62	24	67	79	54	18	50	13	6	48	19	47	49	52	10	43	77	53	61	22	0	24	32	53	46	32	58	61	75	5	61	51	30	73	49	12	44	67	73	60	24	23	75	10	8	59	59	73	66	51	63	47	26	69	76	17	36	21	22	4	39	56	3	13	72	36	40	49	10	45	25	53	51	72	60	61	73	43	69	16	31	11	58	17	76	75	16	54	68	18	28	36	12	37	66	64	42	39	55	31	1	48	66	6	24	18	70	42	66	4	40	15	38	43	63	76	40	74	77	68	45	73	26	29	74	10	9	28	37	52	48	54	49	27	3	64	61	6	78	70	9	18	78	3	1	56	27	68	23	27	38	41	76	26	33	35	32	40	59	51	69	36	70	43	43	62	68	68	20	5	50	2	27	45	49	29	25	55	14	55	60	14	6	30	0	12	58	35	74	62	29	48	32	46	64	2	55	23	53	53	25	46	19	64	20	79	34	19	5	72	45	60	57	58	41	40	35	60	3	12	54	15	71	60	37	47	21	33	40	71	18	75	13	3	15	50	61	20	0	66	57	21	61	30	68	30	70	41	56	17	3	37	20	48	6	2	67	19	52	9	19	39	14	71	61	11	50	50	5	49	79	12	32	46	43	35	6	64	35	58	28	18	76	14	0	55	72	35	33	26	72	63	20	28	2	41	61	4	63	58	15	36	69	69	31	44	69	21	16	37	47	70	10	31	49	32	51	13	68	64	40	72	51	61	17	55	56	18	59	24	40	77	10	45	31	9	29	60	26	12	37	79	75	19	69	44	24	41	78	43	20	73	62	70	25	25	36	40	32	64	35	19	40	4	31	79	43	79	50	38	16	41	68	65	17	75	78	40	39	62	9	65	39	56	19	8	51	13	3	13	1	34	62	30	59	67	60	65	17	52	63	63	40	69	64	22	52	54	55	28	24	53	31	68	42	1	13	57	38	69	64	7	5	72	4	28	77	51	76	40	21	17	29	23	38	25	0	42	70	31	67	75	74	64	66	59	51	25	63	37	43	65	18	43	15	0	18	59	24	36	43	62	11	77	34	15	27	0	70	35	48	17	3	2	62	22	15	3	21	79	67	8	12	57	38	11	58	59	19	56	33	45	0	44	48	76	41	70	6	8	39	4	0	30	72	49	59	42	15	22	24	49	8	78	26	22	69	26	57	16	62	11	46	0	64	57	17	20	17	28	35	72	47	72	10	62	6	13	48	30	34	14	54	32	58	49	68	8	17	69	51	71	16	57	25	8	19	49	60	51	31	77	70	17	79	41	22	3	67	3	42	60	54	45	15	26	70	74	44	73	18	65	49	59	48	32	33	66	31	20	21	58	22	31	39	19	18	77	16	24	78	51	51	41	24	15	13	79	12	41	10	73	76	22	32	40	10	18	61	66	65	63	7	60	3	79	13	65	64	35	70	46	51	49	60	34	27	32	32	77	15	14	48	64	35	68	16	29	72	33	36	55	10	42	33	22	68	0	20	53	30	0	69	18	44	60	37	66	23	77	34	42	68	2	49	55	16	70	2	67	59	3	73	39	34	23	21	27	28	27	65	9	43	67	5	30	51	71	69	17	45	23	21	48	47	21	35	64	25	8	19	48	49	45	10	71	69	25	28	4	55	24	4	53	70	73	22	52	77	13	59	75	3	13	45	9	16	21	35	51	39	6	12	31	53	69	73	49	46	12	16	1	24	53	41	35	9	42	23	67	16	67	20	5	33	35	26	24	48	30	55	69	70	33	72	67	74	50	66	51	38	58	62	3	66	30	79	35	46	32	70	67	48	18	28	4	59	44	39	20	0	49	34	57	40	77	6	8	45	46	73	57	48	21	24	59	72	74	60	0	12	70	55	48	36	15	71	1	7	41	33	60	22	21	37	65	15	27	53	23	43	24	38	32	10	53	33	35	39	8	77	22	8	52	47	14	16	60	79	37	64	70	79	27	41	70	66	25	0	15	78	19	75	6	56	77	29	33	4	57	66	74	70	3	14	4	35	59	35	45	1	53	5	24	47	50	6	26	42	5	22	68	70	43	62	42	46	5	35	58	67	35	63	40	36	65	4	7	7	58	58	28	14	39	45	55	79	69	27	23	36	26	47	62	39	23	42	62	4	49	7	9	19	40	56	20	77	74	75	12	12	62	43	8	0	10	64	37	3	22	52	18	30	1	32	78	20	29	42	78	6	15	3	22	58	53	30	11	45	43	47	53	6	1	46	38	39	74	16	75	41	17	9	71	63	36	66	40	18	70	67	31	63	69	74	12	14	40	28	71	61	12	72	36	20	58	2	37	49	21	10	3	54	30	78	75	77	22	25	73	59	48	40	30	3	76	74	21	60	64	57	6	2	0	19	34	51	50	61	12	12	59	32	44	28	0	2	20	57	52	49	46	24	65	73	23	58	32	22	65	77	52	65	21	58	55	43	21	47	53	26	53	27	12	69	71	8	11	61	42	55	46	75	72	17	50	46	10	63	5	75	56	48	77	35	34	5	64	47	43	73	67	68	38	14	31	50	3	39	1	38	79	71	28	78	6	16	30	2	78	14	76	69	59	47	79	19	30	42	27	50	16	31	61	42	21	1	73	64	15	65	5	36	2	51	24	41	5	36	5	61	61	20	32	49	30	68	10	44	59	19	25	15	70	51	33	77	38	1	25	19	39	22	69	67	73	52	2	39	48	31	18	39	55	32	28	55	0	55	14	24	51	39	79	72	56	63	70	31	61	30	49	41	26	72	25	78	45	15	12	35	15	46	54	28	43	57	75	31	59	8	74	27	73	13	57	48	6	58	17	70	78	16	53	69	8	54	36	37	22	65	49	32	49	28	2	76	36	54	43	79	32	58	33	71	67	15	32	45	60	47	42	18	41	73	39	3	76	29	12	38	39	19	44	13	52	13	47	15	73	29	34	22	65	36	20	68	51	37	71	61	29	57	47	76	65	52	38	70	52	72	35	25	67	57	66	63	54	36	61	59	35	73	48	20	27	9	57	63	40	68	47	16	49	48	53	5	43	64	77	22	43	28	27	21	79	79	20	38	45	59	32	32	42	9	43	15	49	27	32	33	45	17	24	12	42	5	23	73	79	35	66	23	61	31	2	28	61	62	41	41	45	51	75	40	67	46	31	70	50	28	73	66	20	24	54	5	77	7	70	39	57	7	1	5	42	43	27	58	35	59	11	45	78	5	14	48	11	73	61	77	21	32	51	68	14	72	19	72	79	21	42	65	20	70	9	49	57	69	39	5	15	22	76	79	4	18	11	14	65	9	59	53	78	78	1	71	16	67	17	6	51	58	31	25	54	29	50	66	28	55	68	37	24	59	75	7	36	35	33	21	43	1	74	11	66	46	73	3	4	56	10	4	54	55	3	4	46	12	68	73	24	78	0	1	60	8	63	15	76	3	14	53	71	78	50	45	63	4	3	23	19	49	12	32	37	46	32	30	57	27	40	59	63	40	45	13	9	71	63	16	67	76	10	9	24	34	56	71	41	42	7	47	22	39	70	21	27	1	15	23	79	5	78	48	33	35	65	11	19	2	61	10	32	43	10	56	77	5	65	35	74	32	64	4	74	29	65	46	1	48	60	44	55	66	75	5	38	50	40	6	48	61	66	75	29	31	66	31	31	65	7	66	39	41	42	23	5	38	44	62	74	49	68	62	33	65	71	11	39	65	20	7	26	65	36	37	68	76	39	26	65	36	45	58	29	51	71	47	41	34	66	5	60	76	61	40	66	57	40	4	34	37	18	38	32	0	26	26	43	66	63	11	53	7	50	28	75	9	20	0	31	56	23	5	23	37	62	26	0	26	70	30	21	23	32	15	10	0	61	29	52	78	34	76	44	9	57	5	25	26	56	5	75	33	41	74	20	67	7	70	70	68	14	67	9	18	56	62	22	1	47	79	40	12	24	28	43	21	61	24	9	78	63	18	14	51	10	68	17	48	54	73	45	32	3	26	6	64	72	44	60	15	5	2	54	11	22	55	78	19	27	46	12	75	77	21	35	71	50	27	71	46	65	38	75	28	53	43	64	16	11	50	12	62	12	56	56	54	50	9	12	51	34	26	51	74	22	15	0	60	47	23	51	48	32	70	5	71	55	43	52	37	29	36	2	22	61	67	31	3	76	31	62	38	64	27	76	35	50	3	1	75	51	3	12	15	15	54	23	20	49	40	31	71	6	7	49	53	12	54	20	42	64	75	50	24	70	44	25	10	46	19	68	42	46	49	37	61	71	26	45	8	47	43	40	52	62	10	38	34	61	2	36	53	46	75	58	66	3	37	77	16	73	16	29	24	46	21	43	11	70	45	5	37	59	5	36	75	40	50	48	1	54	55	24	45	31	15	10	79	0	29	43	40	74	22	3	30	2	7	26	23	67	47	13	3	53	17	55	43	9	24	27	30	31	10	74	61	23	57	67	72	2	54	9	72	4	68	34	15	44	22	69	6	72	42	62	36	5	72	43	15	36	24	32	47	22	28	37	30	68	58	9	56	28	49	34	1	34	25	4	72	8	48	
3	9	3	6	14	7	4	15	4	1	13	8	2	15	3	9	5	6	1	16	10	12	3	10	2	12	12	20	6	9	5	18	3	11	19	10	10	7	13	9	3	19	13	3	5	14	14	2	12	11	5	15	20	18	2	10	16	12	6	2	16	7	19	13	16	2	1	7	18	20	6	7	8	13	18	11	17	15	7	12	11	5	5	18	20	14	14	8	7	1	10	8	18	13	10	14	10	3	20	13	20	6	9	11	17	5	5	9	6	20	5	7	12	8	15	15	16	18	11	6	19	7	7	16	2	17	3	7	17	16	20	16	11	5	12	12	8	17	16	19	20	18	20	3	14	4	5	9	17	11	5	1	4	14	16	1	14	14	8	18	13	10	13	8	16	13	14	2	8	8	18	14	10	13	1	15	3	5	5	11	2	9	10	7	19	14	15	9	3	5	8	5	5	11	14	4	20	20	2	8	1	2	5	17	18	18	16	17	8	9	9	15	3	12	19	18	17	4	20	7	14	9	6	9	4	5	20	7	11	1	9	14	5	18	9	5	15	17	13	11	5	10	5	13	5	8	12	10	8	10	14	17	9	18	13	10	8	1	4	15	4	11	1	12	15	7	9	10	1	20	6	11	12	16	3	3	4	12	3	7	15	1	2	13	2	8	16	17	13	13	12	16	10	19	18	16	13	13	15	16	4	1	16	8	12	16	2	18	17	14	19	17	16	14	10	1	8	15	9	20	3	15	18	6	17	3	12	4	17	4	6	4	16	10	16	5	20	4	2	3	14	9	19	4	12	10	15	1	11	1	13	8	16	7	4	20	8	10	13	12	9	6	8	16	15	20	8	1	11	11	4	16	12	5	9	4	8	15	2	6	9	7	2	10	12	1	9	8	9	6	11	2	12	3	11	4	8	15	5	9	10	2	5	12	11	11	14	12	10	11	7	14	14	9	5	9	13	4	5	8	15	15	4	7	6	3	16	5	1	1	11	12	11	15	4	15	12	10	12	1	8	4	2	10	5	2	7	10	6	16	5	11	4	14	14	8	5	9	11	3	6	13	9	9	4	3	3	3	8	14	2	12	7	5	15	3	16	5	10	1	2	6	12	4	3	1	9	8	14	13	13	14	2	3	7	6	9	5	15	13	6	10	12	7	14	5	10	9	15	5	4	1	12	5	14	10	1	15	15	16	5	3	5	6	8	7	3	14	6	16	3	2	8	2	12	15	9	1	8	12	15	2	13	1	7	8	12	7	5	11	1	15	9	14	1	4	9	9	2	7	13	8	13	5	10	6	15	15	11	6	11	10	14	1	8	7	11	16	13	13	13	12	14	16	2	5	4	14	16	8	10	9	15	1	15	11	13	13	8	11	2	3	13	11	15	12	5	4	14	4	15	15	14	10	7	4	2	11	14	6	3	6	10	14	11	12	2	15	2	14	4	16	4	6	5	2	14	16	12	10	11	14	16	1	6	6	11	12	12	2	9	3	15	8	11	8	4	15	15	1	6	2	10	5	3	16	2	13	11	7	2	3	8	16	9	8	8	11	7	6	4	7	4	9	10	12	4	1	11	3	8	14	12	14	6	14	9	2	9	7	9	7	10	9	9	5	2	6	3	15	9	10	2	12	13	12	6	3	15	1	7	10	6	13	11	2	12	3	7	2	12	9	8	16	13	2	12	1	15	13	1	16	7	16	15	16	15	7	12	6	4	3	7	5	8	10	6	10	1	13	5	2	8	3	6	2	4	13	4	7	11	15	12	1	2	16	11	8	1	10	6	14	7	10	9	7	13	12	1	1	12	15	2	16	16	10	2	3	1	13	9	3	4	6	16	2	8	8	8	13	8	1	2	2	9	8	9	5	14	7	3	9	5	1	6	13	1	10	11	12	10	7	3	5	3	16	6	12	8	3	2	9	6	11	5	13	10	11	6	9	5	15	7	4	3	3	6	15	10	4	6	4	16	2	1	12	15	6	12	11	7	6	6	15	5	8	1	13	8	13	13	6	3	9	8	2	14	7	5	3	14	11	9	8	8	11	4	4	8	14	5	5	14	3	9	11	6	13	5	6	9	2	5	3	7	11	8	1	12	11	10	1	7	6	6	2	4	2	13	2	10	1	7	11	13	11	3	11	5	13	4	2	4	15	4	1	10	13	7	7	2	5	6	6	10	11	16	9	5	12	9	8	6	14	11	14	5	12	1	16	8	10	8	15	16	7	15	2	3	7	3	10	6	16	2	9	15	7	1	8	11	10	11	16	16	1	6	16	9	3	1	7	14	11	10	15	5	5	11	4	4	16	13	5	3	12	6	12	15	7	5	5	7	4	16	3	8	9	12	8	8	6	2	4	8	5	12	9	2	6	1	11	16	5	9	3	16	1	9	10	15	2	14	6	3	8	14	5	14	6	9	15	13	7	1	12	14	16	14	6	2	7	10	10	7	9	12	2	1	8	16	3	7	3	4	14	14	6	5	7	4	9	4	10	9	9	5	12	2	3	6	1	16	14	14	4	16	2	16	13	12	6	2	6	13	10	10	3	6	4	2	13	10	11	16	5	11	6	10	4	9	11	15	15	4	9	2	8	7	4	8	5	3	6	14	14	7	10	6	9	6	1	2	15	6	6	1	3	6	8	2	8	7	4	5	14	13	7	12	7	8	16	9	6	4	11	8	9	8	4	13	9	1	5	13	14	13	15	2	2	11	1	13	14	16	16	8	7	15	11	7	16	14	14	10	14	1	6	10	7	16	7	16	2	13	12	11	4	4	3	12	2	12	5	11	7	13	13	1	1	15	1	5	10	13	6	1	12	4	16	2	8	3	8	9	16	11	11	16	4	9	9	6	4	10	6	9	9	1	7	12	12	3	10	6	14	4	16	6	3	3	11	6	12	7	16	11	10	7	7	14	13	15	13	14	9	3	10	12	12	9	11	4	7	6	6	9	4	2	1	10	4	7	15	6	2	15	14	12	3	8	11	4	13	5	12	12	5	11	10	11	6	15	8	10	12	13	4	12	14	15	12	5	5	1	10	6	1	1	15	14	10	16	2	2	11	11	13	2	9	2	11	6	1	12	9	3	2	6	15	13	4	13	9	7	2	1	16	10	7	7	13	3	6	9	10	11	7	5	6	9	7	7	5	8	16	12	11	10	10	3	6	14	9	11	10	15	7	14	6	9	10	5	10	1	6	4	2	10	13	11	12	8	7	7	10	9	5	15	15	3	14	12	11	10	13	2	4	10	2	13	5	16	7	15	10	11	15	12	8	2	13	15	7	5	3	14	11	4	10	11	16	2	1	16	1	5	1	1	11	16	9	7	16	13	10	16	5	14	5	1	10	13	10	11	12	12	10	9	12	16	4	2	14	2	8	6	11	4	7	6	3	7	12	16	13	5	4	12	3	1	10	2	6	3	13	7	13	15	3	13	10	13	14	12	12	16	9	5	4	11	9	1	2	5	2	3	8	2	6	13	8	16	16	8	4	14	15	10	7	13	5	3	5	11	12	7	5	8	8	14	3	1	14	10	14	11	12	13	6	13	1	11	7	2	14	7	12	16	1	15	4	11	13	6	7	9	5	16	8	6	6	16	1	13	1	15	2	7	16	15	7	6	9	16	4	8	11	8	3	1	4	5	15	2	14	14	15	9	7	14	7	11	16	1	4	11	2	7	11	9	11	9	12	16	13	6	11	1	2	5	7	12	6	13	3	12	11	7	7	4	1	8	6	5	11	3	2	15	7	4	1	8	2	2	1	12	8	4	3	1	13	12	10	7	16	1	15	1	11	12	6	9	4	8	6	6	16	12	7	6	6	11	6	10	3	6	5	1	5	2	12	11	5	5	5	7	7	9	10	5	11	16	15	3	13	16	3	2	9	3	14	7	7	9	11	1	8	7	10	14	12	1	7	14	16	9	15	1	15	1	7	13	6	8	10	8	14	6	11	12	13	13	13	2	1	12	9	5	16	10	2	1	9	1	6	8	15	12	14	13	15	1	3	16	7	16	2	5	15	14	4	5	2	13	2	15	16	1	6	13	4	4	16	13	11	16	5	6	14	7	5	1	5	2	7	6	12	2	5	9	10	11	16	5	2	10	7	7	8	11	2	6	9	10	8	9	7	16	14	6	10	4	7	8	7	6	9	13	15	10	15	10	14	3	13	14	13	9	13	3	8	14	4	4	7	3	15	5	3	15	6	5	10	3	6	15	12	12	9	11	15	16	13	3	13	4	2	4	7	3	3	5	10	2	6	11	8	13	11	12	15	13	1	1	14	1	9	13	15	6	13	6	11	16	10	7	7	11	12	16	9	14	5	6	12	11	15	12	11	11	7	11	1	7	10	9	13	16	1	16	13	12	9	2	13	7	9	12	14	13	15	8	1	5	1	1	3	10	2	5	5	6	8	12	4	15	16	14	14	5	12	6	4	13	10	8	6	5	15	11	16	4	3	16	7	16	7	2	6	4	6	16	7	1	5	3	10	10	16	4	2	16	11	16	6	9	8	12	7	2	8	3	16	6	5	2	2	15	14	7	9	8	7	8	4	8	16	7	12	8	4	5	3	2	14	6	15	6	3	16	6	12	15	8	13	4	15	3	9	14	2	12	7	10	15	16	16	10	11	4	12	8	13	2	6	16	9	10	11	3	13	12	7	9	12	8	3	3	12	6	12	2	13	9	16	16	9	14	12	9	4	4	9	12	13	8	6	12	13	16	10	4	13	7	1	8	4	3	15	1	12	8	4	2	7	11	12	1	2	7	4	5	4	13	8	9	12	10	13	8	10	5	4	10	13	10	16	16	14	2	2	7	3	6	11	14	2	9	5	13	4	16	11	5	2	10	2	10	8	4	8	16	12	13	11	7	9	6	15	11	10	5	12	10	3	4	14	13	1	5	6	12	6	16	12	2	13	13	6	12	9	5	13	8	15	13	16	12	1	12	13	5	2	13	15	15	13	3	1	1	5	16	4	5	2	10	15	12	6	11	9	2	14	5	1	5	4	16	4	15	14	
890	620	560	990	820	640	870	490	500	800	860	670	460	880	390	640	800	700	440	560	970	620	660	840	220	820	230	960	590	920	650	970	410	830	750	560	500	440	300	330	100	860	800	250	180	620	910	290	570	270	300	930	280	500	180	580	110	410	250	240	800	170	780	300	350	110	280	430	290	930	850	580	230	510	950	590	870	690	720	880	850	750	430	730	560	220	890	880	600	510	570	210	290	620	250	740	970	470	100	580	260	400	750	460	140	690	500	750	950	190	830	660	890	490	860	830	240	780	100	950	870	310	320	200	940	550	170	440	510	1000	330	310	570	750	210	190	820	650	490	120	340	120	550	680	850	490	820	550	290	460	740	780	100	900	610	250	120	970	580	360	970	900	190	530	520	630	940	590	320	490	590	280	280	820	750	440	720	380	140	520	940	230	890	120	720	340	580	730	180	550	480	720	140	560	180	290	950	650	970	270	770	210	740	660	950	360	280	900	770	890	120	790	900	790	340	310	690	530	700	820	820	530	510	1000	940	920	680	980	120	130	490	230	650	620	220	140	880	480	120	850	730	960	570	860	360	810	270	700	670	920	660	460	340	550	470	400	220	490	340	230	130	420	190	870	180	820	860	750	200	250	360	390	580	740	670	840	360	280	940	490	880	750	450	810	590	920	390	780	860	180	230	820	220	780	260	460	340	120	100	610	780	910	260	560	430	220	510	920	880	420	600	700	520	170	330	1000	810	650	500	510	240	150	350	190	590	430	700	120	500	400	750	890	850	620	820	550	500	460	270	220	450	310	180	450	670	690	600	110	760	170	420	1000	530	520	590	650	550	360	480	590	790	770	870	470	440	240	610	880	920	900	200	710	100	850	560	880	350	360	500	620	940	480	1000	810	440	110	960	550	220	450	250	700	970	510	610	820	800	800	900	690	120	570	500	1000	540	630	530	510	590	340	410	760	510	150	420	780	850	480	380	720	710	700	560	110	950	830	590	870	230	530	160	820	650	310	590	380	350	830	230	700	410	340	720	420	820	800	660	690	920	970	320	900	280	980	860	890	820	330	660	110	230	120	170	630	690	830	920	590	640	730	820	220	430	920	830	490	840	970	840	760	870	440	660	780	260	570	740	240	530	330	330	850	410	250	520	150	410	900	790	810	210	460	510	690	320	820	170	720	210	370	260	430	490	880	880	560	650	340	440	110	290	990	570	240	290	110	150	880	870	280	690	130	820	340	810	230	970	580	240	800	100	860	980	740	160	760	1000	180	440	170	380	630	100	660	720	610	170	280	690	380	920	720	210	540	240	750	920	520	540	490	740	670	880	720	320	100	910	910	350	920	840	680	770	230	530	250	750	100	730	100	950	930	310	920	290	540	190	660	770	800	480	170	570	150	430	240	270	850	440	770	310	570	860	370	930	360	490	470	100	590	780	370	320	760	250	110	340	960	320	940	960	690	810	460	370	820	190	950	920	580	860	380	210	820	510	170	140	570	670	170	800	660	690	500	270	1000	720	190	460	290	970	800	260	480	400	710	450	310	900	480	410	260	680	340	400	700	950	100	420	520	390	610	940	640	340	400	890	810	430	410	530	840	730	370	310	690	280	130	340	110	730	790	550	720	480	840	930	560	650	310	510	330	260	630	260	330	570	450	600	980	110	630	550	590	530	110	660	890	130	880	910	230	140	120	430	570	950	840	850	390	190	400	510	590	200	380	550	560	220	210	790	790	940	760	170	530	960	420	760	250	430	840	150	760	690	350	870	310	720	770	250	250	680	430	420	830	520	610	260	610	210	790	740	640	370	570	350	560	790	860	150	310	100	300	710	540	270	190	100	650	570	330	510	320	940	950	730	860	780	420	240	660	110	540	330	170	650	100	660	670	590	890	710	240	780	880	850	850	420	500	470	500	790	330	970	800	620	760	940	900	880	820	120	190	370	400	550	120	470	950	490	860	260	880	440	110	540	860	210	330	670	140	690	330	750	480	340	510	350	150	220	100	950	710	420	780	650	760	640	490	820	650	740	920	480	890	330	390	710	200	590	600	140	940	360	910	890	370	780	620	750	170	540	1000	130	360	920	410	510	140	500	460	250	640	110	730	100	620	960	440	360	770	550	860	140	610	1000	260	910	430	530	300	820	620	250	630	330	690	420	690	450	400	100	150	590	900	630	1000	510	670	620	750	550	750	290	250	460	310	470	640	620	360	210	620	270	460	680	460	480	460	740	960	850	810	150	720	650	290	490	450	490	860	850	900	840	870	880	640	890	250	560	830	520	320	950	110	520	160	250	220	940	960	890	820	430	740	200	410	820	340	880	590	230	600	240	550	140	920	400	200	410	630	320	110	510	240	720	370	950	820	360	970	260	950	530	520	180	500	560	480	340	900	110	290	900	420	260	440	970	800	650	500	120	490	210	110	590	630	820	950	440	160	600	340	490	130	150	960	230	880	600	170	470	350	830	230	170	670	330	760	950	930	360	660	370	970	850	450	310	200	660	780	500	710	540	120	360	750	970	650	780	330	170	330	950	380	500	620	210	970	490	770	880	520	180	380	560	250	570	960	130	510	590	530	320	180	130	380	770	830	960	800	260	750	150	150	770	720	900	200	900	110	500	790	940	340	810	140	850	180	300	640	110	340	740	960	670	100	280	780	110	680	870	460	630	520	230	250	510	410	260	840	320	160	980	330	590	250	740	170	210	740	330	870	940	690	150	470	900	550	490	640	420	770	980	280	430	960	430	630	110	320	230	830	250	620	420	770	690	220	130	570	1000	460	860	780	850	530	520	120	930	780	890	920	970	850	980	440	160	790	940	700	580	460	780	500	100	970	680	450	460	230	300	710	360	410	130	230	560	880	120	180	570	890	510	810	740	680	560	680	600	380	1000	620	230	440	310	620	440	310	390	430	500	360	720	200	990	510	790	120	170	360	770	860	460	680	700	360	950	770	440	850	940	240	190	340	830	660	600	310	720	640	750	540	680	300	830	350	430	660	130	450	860	920	340	860	260	100	500	560	460	810	710	550	590	490	320	450	420	800	370	790	900	880	970	880	900	570	220	550	620	340	330	150	940	430	940	560	680	160	240	240	250	810	690	250	920	980	180	480	250	510	850	500	180	810	700	210	880	400	230	370	470	980	250	950	840	630	390	180	340	200	720	640	660	330	800	830	270	570	730	750	580	870	260	940	580	150	380	200	730	950	640	660	550	990	500	100	710	280	560	250	720	990	150	670	630	280	420	460	290	720	540	560	190	820	430	370	940	420	140	370	670	220	650	200	260	140	740	600	590	970	240	550	780	200	840	380	860	190	390	620	440	620	460	110	490	770	340	450	930	570	690	490	720	410	480	800	190	900	460	950	240	320	630	860	360	920	310	190	260	950	680	950	480	970	990	410	910	880	420	470	720	810	610	340	230	630	590	500	770	850	500	340	510	770	330	450	540	100	460	110	640	720	920	640	100	730	960	660	720	990	350	770	640	690	960	620	860	850	300	140	170	490	390	190	340	800	370	270	700	480	710	280	650	400	640	920	390	220	240	610	860	950	570	280	730	150	270	730	220	530	470	430	160	680	170	560	250	480	870	750	160	210	180	720	530	500	140	910	970	290	260	460	920	540	590	450	870	850	640	920	240	740	510	860	450	130	980	830	860	750	830	770	180	670	940	440	200	200	140	430	990	880	630	560	730	130	360	250	890	230	460	420	670	500	850	300	860	960	390	120	530	540	740	570	820	210	920	590	470	250	720	950	960	360	310	880	640	840	830	440	750	480	890	240	530	570	870	970	770	870	260	110	610	580	640	160	450	190	960	900	860	910	560	830	850	860	130	960	960	910	890	890	860	790	410	970	880	770	560	510	300	120	340	490	830	730	470	230	950	250	230	730	530	1000	830	910	390	290	150	520	830	240	940	490	340	980	170	430	250	540	870	460	850	380	850	910	750	410	640	950	350	570	760	360	790	990	320	590	760	780	400	560	400	150	170	900	280	670	130	110	900	770	110	990	870	240	110	650	350	310	310	750	330	130	170	250	110	640	280	210	910	450	840	390	150	850	730	720	480	460	490	110	560	150	170	770	340	670	620	250	430	390	270	560	930	230	950	570	990	890	170	970	800	970	660	590	480	820	940	930	710	930	740	200	530	290	870	130	650	990	180	570	300	750	950	630	200	710	850	820	120	990	650	700	940	630	580	290	780	880	100	370	110	500	570	990	970	470	150	500	470	430	940	250	440	640	530	950	110	950	930	250	900	690	190	220	170	230	820	180	810	190	190	430	310	950	720	150	580	690	820	270	400	700	210	940	880	660	470	560	750	680	190	340	690	920	600	540	800	750	490	460	290	350	580	980	390	190	730	900	530	610	860	540	990	470	350	620	730	750	190	810	980	270	440	800	690	870	820	870	510	710	220	860	400	490	890	300	130	450	350	980	260	680	100	410	1000	280	580	840	540	450	110	820	350	260	980	100	680	820	240	990	570	850	520	170	860	900	740	800	450	790	260	150	990	460	230	670	470	540	870	300	690	810	520	650	230	340	910	710	240	500	220	540	270	500	290	210	860	190	100	600	110	170	230	890	840	830	850	210	890	900	400	750	430	860	490	670	930	930	270	240	390	920	660	470	990	960	430	990	790	780	960	290	160	780	780	630	330	190	900	680	940	910	220	350	510	320	350	130	520	310	610	770	400	820	910	420	310	460	430	180	410	460	230	180	690	410	610	640	470	980	570	350	730	290	150	780	930	700	590	450	370	210	920	310	410	450	830	860	900	810	380	830	680	230	610	280	290	810	880	760	460	230	360	760	790	960	620	690	580	530	270	690	390	450	630	870	260	300	130	540	850	280	640	600	730	310	630	630	580	940	940	190	810	330	680	630	560	920	360	420	170	540	570	720	840	740	330	180	110	520	330	1000	770	790	400	790	280	710	180	680	950	300	970	210	450	300	280	500	810	730	340	650	680	900	310	410	590	650	140	210	290	570	320	170	620	710	560	210	930	210	460	480	150	350	190	750	760	370	950	970	250	350	670	420	240	450	780	910	
10
