2844
80
3
90
0	0	0	0	0	0	0	0	0	0	0	0	0	0	0	0	0	0	0	0	0	0	0	0	0	0	0	0	0	0	500	0	0	500	0	0	0	0	0	0	0	0	0	0	0	0	0	0	0	0	0	0	0	0	0	0	0	0	0	0	0	500	0	0	0	0	0	0	0	0	0	0	0	0	0	0	0	0	0	0	
0	0	0	0	0	0	0	0	500	0	0	0	0	0	0	0	0	0	0	0	0	0	0	0	0	0	0	0	0	0	0	0	0	0	0	0	0	0	0	0	500	0	0	0	0	0	0	0	0	500	0	0	0	0	0	0	0	0	0	0	0	0	0	0	0	0	0	0	0	0	0	0	0	0	0	0	0	0	0	0	
0	0	0	0	0	0	500	0	0	0	0	0	0	0	500	0	0	0	0	0	0	0	0	0	0	0	0	0	0	0	0	0	0	0	0	0	0	0	0	0	0	0	0	0	0	0	0	0	0	0	0	0	500	0	0	0	0	0	0	0	0	0	0	0	0	0	0	0	0	0	0	0	0	0	0	0	0	0	0	0	
0	0	0	0	0	0	0	0	0	0	0	0	500	0	0	0	0	0	0	0	0	0	0	0	0	0	0	0	0	0	0	0	0	0	0	0	0	0	0	0	0	0	0	0	0	0	0	0	0	0	0	0	0	0	0	0	500	0	500	0	0	0	0	0	0	0	0	0	0	0	0	0	0	0	0	0	0	0	0	0	
0	0	0	0	0	0	0	0	0	0	0	0	0	0	0	0	0	0	0	0	0	0	0	0	0	0	0	0	0	0	0	500	0	0	0	0	0	0	0	0	0	0	500	0	0	0	0	0	0	0	500	0	0	0	0	0	0	0	0	0	0	0	0	0	0	0	0	0	0	0	0	0	0	0	0	0	0	0	0	0	
0	0	0	0	0	0	0	0	500	0	0	0	0	0	0	0	0	0	0	0	0	0	0	0	0	0	0	0	0	0	0	0	0	0	0	0	0	0	0	0	500	0	0	500	0	0	0	0	0	0	0	0	0	0	0	0	0	0	0	0	0	0	0	0	0	0	0	0	0	0	0	0	0	0	0	0	0	0	0	0	
0	0	500	0	0	0	0	0	0	0	0	0	500	0	500	0	0	0	0	0	0	0	0	0	0	0	0	0	0	0	0	0	0	0	0	0	0	0	0	0	0	0	0	0	0	0	0	0	0	0	0	0	0	0	0	0	0	0	0	0	0	0	0	0	0	0	0	0	0	0	0	0	0	0	0	0	0	0	0	0	
0	0	0	0	0	0	0	0	0	500	0	0	0	0	0	0	0	0	0	0	0	0	0	0	0	0	0	0	0	0	0	0	0	0	0	0	0	0	0	0	0	0	0	0	0	500	0	0	0	0	0	0	0	0	0	500	0	0	0	0	0	0	0	0	0	0	0	0	0	0	0	0	0	0	0	0	0	0	0	0	
0	500	0	0	0	500	0	0	0	0	0	0	0	0	0	0	0	0	0	0	0	0	0	0	0	0	0	0	0	0	0	0	0	0	0	0	500	0	0	0	0	0	0	0	0	0	0	0	0	0	0	0	0	0	0	0	0	0	0	0	0	0	0	0	0	0	0	0	0	0	0	0	0	0	0	0	0	0	0	0	
0	0	0	0	0	0	0	500	0	0	0	0	0	0	0	0	0	0	0	0	0	0	0	0	0	0	0	0	0	0	0	0	0	0	0	0	0	0	0	0	0	500	0	0	0	500	0	0	0	0	0	0	0	0	0	0	0	0	0	0	0	0	0	0	0	0	0	0	0	0	0	0	0	0	0	0	0	0	0	0	
0	0	0	0	0	0	0	0	0	0	0	0	0	0	0	0	500	0	0	0	0	0	0	0	0	0	0	0	0	0	0	0	0	0	0	0	0	0	0	0	0	0	0	0	0	0	0	0	0	0	0	0	0	0	0	0	0	0	0	0	500	0	0	0	0	0	0	0	0	0	0	0	0	0	500	0	0	0	0	0	
0	0	0	0	0	0	0	0	0	0	0	0	0	0	0	0	0	0	0	0	0	0	0	0	500	0	0	0	0	0	0	0	0	0	0	0	0	0	0	0	0	0	0	0	0	0	500	0	0	0	0	0	0	0	0	0	0	0	0	0	0	0	0	0	0	0	0	0	0	500	0	0	0	0	0	0	0	0	0	0	
0	0	0	500	0	0	500	0	0	0	0	0	0	0	0	0	0	0	0	0	0	0	0	0	0	0	0	0	0	0	0	0	0	0	0	0	0	0	0	0	0	0	0	0	0	0	0	0	0	0	0	0	0	0	0	0	500	0	0	0	0	0	0	0	0	0	0	0	0	0	0	0	0	0	0	0	0	0	0	0	
0	0	0	0	0	0	0	0	0	0	0	0	0	0	0	0	0	0	500	0	0	0	0	0	0	0	0	0	0	0	0	0	0	0	0	0	0	0	0	0	0	0	0	0	500	0	0	0	0	0	0	0	0	500	0	0	0	0	0	0	0	0	0	0	0	0	0	0	0	0	0	0	0	0	0	0	0	0	0	0	
0	0	500	0	0	0	500	0	0	0	0	0	0	0	0	0	0	0	0	0	0	0	0	0	0	0	0	0	0	0	0	0	0	0	0	0	0	0	0	0	0	0	0	0	0	0	0	0	0	0	0	0	0	0	0	0	0	0	0	0	0	0	0	0	0	0	0	500	0	0	0	0	0	0	0	0	0	0	0	0	
0	0	0	0	0	0	0	0	0	0	0	0	0	0	0	0	0	500	0	0	0	0	0	0	0	0	0	500	0	0	0	0	0	0	0	0	0	0	0	0	0	0	0	0	0	0	0	0	0	0	0	0	0	0	0	0	0	0	0	0	0	0	0	0	0	0	0	0	0	0	0	0	0	0	0	500	0	0	0	0	
0	0	0	0	0	0	0	0	0	0	500	0	0	0	0	0	0	0	0	500	0	0	0	0	0	0	0	0	0	0	0	0	0	0	0	0	0	0	0	0	0	0	0	0	0	0	0	0	0	500	0	0	0	0	0	0	0	0	0	0	0	0	0	0	0	0	0	0	0	0	0	0	0	0	0	0	0	0	0	0	
0	0	0	0	0	0	0	0	0	0	0	0	0	0	0	500	0	0	0	0	0	0	0	0	0	0	0	500	0	500	0	0	0	0	0	0	0	0	0	0	0	0	0	0	0	0	0	0	0	0	0	0	0	0	0	0	0	0	0	0	0	0	0	0	0	0	0	0	0	0	0	0	0	0	0	0	0	0	0	0	
0	0	0	0	0	0	0	0	0	0	0	0	0	500	0	0	0	0	0	0	0	0	0	0	0	0	0	0	0	0	0	0	0	0	0	0	0	0	0	0	0	0	0	0	500	0	0	0	0	0	0	0	0	500	0	0	0	0	0	0	0	0	0	0	0	0	0	0	0	0	0	0	0	0	0	0	0	0	0	0	
0	0	0	0	0	0	0	0	0	0	0	0	0	0	0	0	500	0	0	0	0	0	0	0	0	0	0	0	0	0	0	0	0	0	0	0	0	0	0	500	0	0	0	0	0	0	0	0	0	0	0	0	0	0	0	0	0	0	0	0	0	0	0	0	0	0	0	0	0	0	0	0	0	0	0	0	0	0	0	500	
0	0	0	0	0	0	0	0	0	0	0	0	0	0	0	0	0	0	0	0	0	0	0	0	0	0	500	0	0	0	0	0	0	0	0	0	0	0	0	0	0	0	0	0	0	0	0	0	0	0	500	0	0	500	0	0	0	0	0	0	0	0	0	0	0	0	0	0	0	0	0	0	0	0	0	0	0	0	0	0	
0	0	0	0	0	0	0	0	0	0	0	0	0	0	0	0	0	0	0	0	0	0	0	0	0	0	0	0	0	0	0	0	500	0	0	0	0	0	0	0	0	0	0	0	0	0	500	0	0	0	0	0	0	0	0	0	0	0	0	0	0	0	0	0	0	0	0	0	500	0	0	0	0	0	0	0	0	0	0	0	
0	0	0	0	0	0	0	0	0	0	0	0	0	0	0	0	0	0	0	0	0	0	0	0	0	0	0	0	0	0	0	0	500	0	0	0	0	0	0	0	0	0	0	0	0	0	0	0	0	0	0	0	0	0	0	0	0	0	0	0	0	0	0	0	0	500	0	0	0	0	0	500	0	0	0	0	0	0	0	0	
0	0	0	0	0	0	0	0	0	0	0	0	0	0	0	0	0	0	0	0	0	0	0	0	0	0	0	0	0	0	0	0	0	0	0	0	500	0	0	0	500	0	0	0	0	0	0	0	0	0	0	0	0	0	0	0	0	0	0	0	0	0	0	0	0	0	0	0	0	0	0	0	0	500	0	0	0	0	0	0	
0	0	0	0	0	0	0	0	0	0	0	500	0	0	0	0	0	0	0	0	0	0	0	0	0	0	0	0	0	0	0	0	0	0	500	0	0	0	0	0	0	0	0	0	0	0	0	0	0	0	0	0	0	0	0	0	0	0	0	0	0	0	0	0	0	0	500	0	0	0	0	0	0	0	0	0	0	0	0	0	
0	0	0	0	0	0	0	0	0	0	0	0	0	0	0	0	0	0	0	0	0	0	0	0	0	0	0	0	0	0	0	0	0	0	0	500	0	0	500	0	0	0	0	0	0	0	0	0	0	0	0	0	0	0	0	0	0	0	0	0	0	0	0	0	0	500	0	0	0	0	0	0	0	0	0	0	0	0	0	0	
0	0	0	0	0	0	0	0	0	0	0	0	0	0	0	0	0	0	0	0	500	0	0	0	0	0	0	0	0	0	0	500	0	0	0	0	0	0	0	0	0	0	0	0	0	0	0	0	0	0	500	0	0	0	0	0	0	0	0	0	0	0	0	0	0	0	0	0	0	0	0	0	0	0	0	0	0	0	0	0	
0	0	0	0	0	0	0	0	0	0	0	0	0	0	0	500	0	500	0	0	0	0	0	0	0	0	0	0	0	0	0	0	0	0	0	0	0	0	0	0	0	0	0	0	0	0	0	0	0	0	0	0	0	0	0	0	0	0	0	0	0	0	0	0	0	0	0	0	0	0	0	0	0	0	0	500	0	0	0	0	
0	0	0	0	0	0	0	0	0	0	0	0	0	0	0	0	0	0	0	0	0	0	0	0	0	0	0	0	0	0	0	0	0	0	0	0	0	0	0	500	0	0	0	0	500	0	0	0	0	0	0	0	0	0	0	0	0	0	0	0	500	0	0	0	0	0	0	0	0	0	0	0	0	0	0	0	0	0	0	0	
0	0	0	0	0	0	0	0	0	0	0	0	0	0	0	0	0	500	0	0	0	0	0	0	0	0	0	0	0	0	0	0	0	0	0	0	0	500	0	0	0	0	0	0	0	0	0	0	0	0	0	0	0	0	0	0	0	0	0	0	0	0	0	0	0	0	0	500	0	0	0	0	0	0	0	0	0	0	0	0	
500	0	0	0	0	0	0	0	0	0	0	0	0	0	0	0	0	0	0	0	0	0	0	0	0	0	0	0	0	0	0	0	0	0	0	0	0	0	0	0	0	0	0	0	0	0	0	0	0	0	0	0	0	0	0	0	0	0	0	0	0	500	0	0	0	0	0	0	0	0	0	0	500	0	0	0	0	0	0	0	
0	0	0	0	500	0	0	0	0	0	0	0	0	0	0	0	0	0	0	0	0	0	0	0	0	0	500	0	0	0	0	0	0	0	0	0	0	0	0	0	0	0	500	0	0	0	0	0	0	0	0	0	0	0	0	0	0	0	0	0	0	0	0	0	0	0	0	0	0	0	0	0	0	0	0	0	0	0	0	0	
0	0	0	0	0	0	0	0	0	0	0	0	0	0	0	0	0	0	0	0	0	500	500	0	0	0	0	0	0	0	0	0	0	0	0	0	0	0	0	0	0	0	0	0	0	0	0	0	0	0	0	0	0	0	0	0	0	0	0	0	0	0	0	0	0	500	0	0	0	0	0	0	0	0	0	0	0	0	0	0	
500	0	0	0	0	0	0	0	0	0	0	0	0	0	0	0	0	0	0	0	0	0	0	0	0	0	0	0	0	0	0	0	0	0	0	0	0	0	0	0	0	0	0	0	0	0	0	0	0	0	0	0	0	0	0	0	0	0	0	0	0	0	0	0	0	0	0	0	0	0	500	0	0	0	0	0	0	500	0	0	
0	0	0	0	0	0	0	0	0	0	0	0	0	0	0	0	0	0	0	0	0	0	0	0	500	0	0	0	0	0	0	0	0	0	0	0	0	0	0	0	0	500	0	0	0	0	0	0	0	0	0	0	0	0	0	0	0	0	0	0	0	0	0	0	0	0	500	0	0	0	0	0	0	0	0	0	0	0	0	0	
0	0	0	0	0	0	0	0	0	0	0	0	0	0	0	0	0	0	0	0	0	0	0	0	0	500	0	0	0	0	0	0	0	0	0	0	0	0	0	0	0	0	0	0	0	0	0	0	0	0	0	0	0	0	0	0	0	0	0	0	0	0	0	0	500	0	0	0	0	0	0	500	0	0	0	0	0	0	0	0	
0	0	0	0	0	0	0	0	500	0	0	0	0	0	0	0	0	0	0	0	0	0	0	500	0	0	0	0	0	0	0	0	0	0	0	0	0	0	0	0	0	0	0	0	0	0	0	0	0	0	0	0	0	0	0	0	0	0	0	0	0	0	0	0	0	0	0	0	0	0	0	0	0	500	0	0	0	0	0	0	
0	0	0	0	0	0	0	0	0	0	0	0	0	0	0	0	0	0	0	0	0	0	0	0	0	0	0	0	0	500	0	0	0	0	0	0	0	0	0	0	0	0	0	0	0	0	0	0	0	500	0	0	0	0	0	0	0	0	0	0	0	0	0	0	0	0	0	500	0	0	0	0	0	0	0	0	0	0	0	0	
0	0	0	0	0	0	0	0	0	0	0	0	0	0	0	0	0	0	0	0	0	0	0	0	0	500	0	0	0	0	0	0	0	0	0	0	0	0	0	0	0	0	0	0	0	0	0	0	0	0	0	0	0	0	0	0	0	0	0	0	0	500	0	0	0	0	0	0	0	0	0	0	500	0	0	0	0	0	0	0	
0	0	0	0	0	0	0	0	0	0	0	0	0	0	0	0	0	0	0	500	0	0	0	0	0	0	0	0	500	0	0	0	0	0	0	0	0	0	0	0	0	0	0	0	0	0	0	0	0	0	0	0	0	0	0	0	0	0	0	0	500	0	0	0	0	0	0	0	0	0	0	0	0	0	0	0	0	0	0	0	
0	500	0	0	0	500	0	0	0	0	0	0	0	0	0	0	0	0	0	0	0	0	0	500	0	0	0	0	0	0	0	0	0	0	0	0	0	0	0	0	0	0	0	0	0	0	0	0	0	0	0	0	0	0	0	0	0	0	0	0	0	0	0	0	0	0	0	0	0	0	0	0	0	0	0	0	0	0	0	0	
0	0	0	0	0	0	0	0	0	500	0	0	0	0	0	0	0	0	0	0	0	0	0	0	0	0	0	0	0	0	0	0	0	0	500	0	0	0	0	0	0	0	0	0	0	0	0	0	0	0	0	0	0	0	0	0	0	0	0	0	0	0	500	0	0	0	0	0	0	0	0	0	0	0	0	0	0	0	0	0	
0	0	0	0	500	0	0	0	0	0	0	0	0	0	0	0	0	0	0	0	0	0	0	0	0	0	0	0	0	0	0	500	0	0	0	0	0	0	0	0	0	0	0	0	0	0	0	0	500	0	0	0	0	0	0	0	0	0	0	0	0	0	0	0	0	0	0	0	0	0	0	0	0	0	0	0	0	0	0	0	
0	0	0	0	0	500	0	0	0	0	0	0	0	0	0	0	0	0	0	0	0	0	0	0	0	0	0	0	0	0	0	0	0	0	0	0	0	0	0	0	0	0	0	0	0	0	0	0	0	0	0	0	0	0	0	0	0	0	0	0	0	0	0	0	0	0	0	0	0	0	0	0	0	500	500	0	0	0	0	0	
0	0	0	0	0	0	0	0	0	0	0	0	0	500	0	0	0	0	500	0	0	0	0	0	0	0	0	0	500	0	0	0	0	0	0	0	0	0	0	0	0	0	0	0	0	0	0	0	0	0	0	0	0	0	0	0	0	0	0	0	0	0	0	0	0	0	0	0	0	0	0	0	0	0	0	0	0	0	0	0	
0	0	0	0	0	0	0	500	0	500	0	0	0	0	0	0	0	0	0	0	0	0	0	0	0	0	0	0	0	0	0	0	0	0	0	0	0	0	0	0	0	0	0	0	0	0	0	0	0	0	0	0	0	0	0	500	0	0	0	0	0	0	0	0	0	0	0	0	0	0	0	0	0	0	0	0	0	0	0	0	
0	0	0	0	0	0	0	0	0	0	0	500	0	0	0	0	0	0	0	0	0	500	0	0	0	0	0	0	0	0	0	0	0	0	0	0	0	0	0	0	0	0	0	0	0	0	0	0	0	0	0	0	0	0	0	0	0	0	0	0	0	0	0	0	0	0	500	0	0	0	0	0	0	0	0	0	0	0	0	0	
0	0	0	0	0	0	0	0	0	0	0	0	0	0	0	0	0	0	0	0	0	0	0	0	0	0	0	0	0	0	0	0	0	0	0	0	0	0	0	0	0	0	0	0	0	0	0	0	0	0	0	0	500	0	0	0	0	0	0	500	0	0	0	0	0	0	0	0	0	0	0	0	0	0	0	500	0	0	0	0	
0	0	0	0	0	0	0	0	0	0	0	0	0	0	0	0	0	0	0	0	0	0	0	0	0	0	0	0	0	0	0	0	0	0	0	0	0	0	0	0	0	0	500	0	0	0	0	0	0	0	0	0	0	0	0	0	500	0	0	0	0	0	0	0	0	0	0	0	0	0	0	0	0	0	500	0	0	0	0	0	
0	500	0	0	0	0	0	0	0	0	0	0	0	0	0	0	500	0	0	0	0	0	0	0	0	0	0	0	0	0	0	0	0	0	0	0	0	500	0	0	0	0	0	0	0	0	0	0	0	0	0	0	0	0	0	0	0	0	0	0	0	0	0	0	0	0	0	0	0	0	0	0	0	0	0	0	0	0	0	0	
0	0	0	0	500	0	0	0	0	0	0	0	0	0	0	0	0	0	0	0	500	0	0	0	0	0	500	0	0	0	0	0	0	0	0	0	0	0	0	0	0	0	0	0	0	0	0	0	0	0	0	0	0	0	0	0	0	0	0	0	0	0	0	0	0	0	0	0	0	0	0	0	0	0	0	0	0	0	0	0	
0	0	0	0	0	0	0	0	0	0	0	0	0	0	0	0	0	0	0	0	0	0	0	0	0	0	0	0	0	0	0	0	0	0	0	0	0	0	0	0	0	0	0	0	0	0	0	0	0	0	0	0	0	0	0	0	0	0	0	0	0	0	0	500	0	0	0	0	0	0	0	0	0	0	0	0	500	500	0	0	
0	0	500	0	0	0	0	0	0	0	0	0	0	0	0	0	0	0	0	0	0	0	0	0	0	0	0	0	0	0	0	0	0	0	0	0	0	0	0	0	0	0	0	0	0	0	0	500	0	0	0	0	0	0	0	0	0	0	0	500	0	0	0	0	0	0	0	0	0	0	0	0	0	0	0	0	0	0	0	0	
0	0	0	0	0	0	0	0	0	0	0	0	0	500	0	0	0	0	500	0	500	0	0	0	0	0	0	0	0	0	0	0	0	0	0	0	0	0	0	0	0	0	0	0	0	0	0	0	0	0	0	0	0	0	0	0	0	0	0	0	0	0	0	0	0	0	0	0	0	0	0	0	0	0	0	0	0	0	0	0	
0	0	0	0	0	0	0	0	0	0	0	0	0	0	0	0	0	0	0	0	0	0	0	0	0	0	0	0	0	0	0	0	0	0	0	0	0	0	0	0	0	0	0	0	0	0	0	0	0	0	0	0	0	0	0	0	0	500	500	500	0	0	0	0	0	0	0	0	0	0	0	0	0	0	0	0	0	0	0	0	
0	0	0	0	0	0	0	500	0	0	0	0	0	0	0	0	0	0	0	0	0	0	0	0	0	0	0	0	0	0	0	0	0	0	0	0	0	0	0	0	0	0	0	0	0	500	0	0	0	0	0	0	0	0	0	0	0	0	0	0	0	0	0	0	0	0	0	0	0	0	0	0	0	0	0	0	0	0	500	0	
0	0	0	500	0	0	0	0	0	0	0	0	500	0	0	0	0	0	0	0	0	0	0	0	0	0	0	0	0	0	0	0	0	0	0	0	0	0	0	0	0	0	0	0	0	0	0	0	500	0	0	0	0	0	0	0	0	0	0	0	0	0	0	0	0	0	0	0	0	0	0	0	0	0	0	0	0	0	0	0	
0	0	0	0	0	0	0	0	0	0	0	0	0	0	0	0	0	0	0	0	0	0	0	0	0	0	0	0	0	0	0	0	0	0	0	0	0	0	0	0	0	0	0	0	0	0	0	0	0	0	0	0	0	0	500	0	0	0	0	0	0	0	0	500	0	0	0	0	0	0	0	0	0	0	0	0	500	0	0	0	
0	0	0	500	0	0	0	0	0	0	0	0	0	0	0	0	0	0	0	0	0	0	0	0	0	0	0	0	0	0	0	0	0	0	0	0	0	0	0	0	0	0	0	0	0	0	0	0	0	0	0	0	0	0	500	0	0	0	0	0	0	0	0	0	0	0	0	0	0	0	0	0	0	0	0	0	0	0	500	0	
0	0	0	0	0	0	0	0	0	0	0	0	0	0	0	0	0	0	0	0	0	0	0	0	0	0	0	0	0	0	0	0	0	0	0	0	0	0	0	0	0	0	0	0	0	0	0	500	0	0	0	0	500	0	500	0	0	0	0	0	0	0	0	0	0	0	0	0	0	0	0	0	0	0	0	0	0	0	0	0	
0	0	0	0	0	0	0	0	0	0	500	0	0	0	0	0	0	0	0	0	0	0	0	0	0	0	0	0	500	0	0	0	0	0	0	0	0	0	0	500	0	0	0	0	0	0	0	0	0	0	0	0	0	0	0	0	0	0	0	0	0	0	0	0	0	0	0	0	0	0	0	0	0	0	0	0	0	0	0	0	
500	0	0	0	0	0	0	0	0	0	0	0	0	0	0	0	0	0	0	0	0	0	0	0	0	0	0	0	0	0	500	0	0	0	0	0	0	0	500	0	0	0	0	0	0	0	0	0	0	0	0	0	0	0	0	0	0	0	0	0	0	0	0	0	0	0	0	0	0	0	0	0	0	0	0	0	0	0	0	0	
0	0	0	0	0	0	0	0	0	0	0	0	0	0	0	0	0	0	0	0	0	0	0	0	0	0	0	0	0	0	0	0	0	0	0	0	0	0	0	0	0	500	0	0	0	0	0	0	0	0	0	0	0	0	0	0	0	0	0	0	0	0	0	0	500	0	0	0	0	0	0	500	0	0	0	0	0	0	0	0	
0	0	0	0	0	0	0	0	0	0	0	0	0	0	0	0	0	0	0	0	0	0	0	0	0	0	0	0	0	0	0	0	0	0	0	0	0	0	0	0	0	0	0	0	0	0	0	0	0	0	0	500	0	0	0	0	0	500	0	0	0	0	0	0	0	0	0	0	0	0	0	0	0	0	0	0	500	0	0	0	
0	0	0	0	0	0	0	0	0	0	0	0	0	0	0	0	0	0	0	0	0	0	0	0	0	0	0	0	0	0	0	0	0	0	0	500	0	0	0	0	0	0	0	0	0	0	0	0	0	0	0	0	0	0	0	0	0	0	0	0	0	0	500	0	0	0	0	0	500	0	0	0	0	0	0	0	0	0	0	0	
0	0	0	0	0	0	0	0	0	0	0	0	0	0	0	0	0	0	0	0	0	0	500	0	0	500	0	0	0	0	0	0	500	0	0	0	0	0	0	0	0	0	0	0	0	0	0	0	0	0	0	0	0	0	0	0	0	0	0	0	0	0	0	0	0	0	0	0	0	0	0	0	0	0	0	0	0	0	0	0	
0	0	0	0	0	0	0	0	0	0	0	0	0	0	0	0	0	0	0	0	0	0	0	0	500	0	0	0	0	0	0	0	0	0	500	0	0	0	0	0	0	0	0	0	0	0	500	0	0	0	0	0	0	0	0	0	0	0	0	0	0	0	0	0	0	0	0	0	0	0	0	0	0	0	0	0	0	0	0	0	
0	0	0	0	0	0	0	0	0	0	0	0	0	0	500	0	0	0	0	0	0	0	0	0	0	0	0	0	0	500	0	0	0	0	0	0	0	500	0	0	0	0	0	0	0	0	0	0	0	0	0	0	0	0	0	0	0	0	0	0	0	0	0	0	0	0	0	0	0	0	0	0	0	0	0	0	0	0	0	0	
0	0	0	0	0	0	0	0	0	0	0	0	0	0	0	0	0	0	0	0	0	500	0	0	0	0	0	0	0	0	0	0	0	0	0	0	0	0	0	0	0	0	0	0	0	0	0	0	0	0	0	0	0	0	0	0	0	0	0	0	0	0	0	0	500	0	0	0	0	500	0	0	0	0	0	0	0	0	0	0	
0	0	0	0	0	0	0	0	0	0	0	500	0	0	0	0	0	0	0	0	0	0	0	0	0	0	0	0	0	0	0	0	0	0	0	0	0	0	0	0	0	0	0	0	0	0	0	0	0	0	0	0	0	0	0	0	0	0	0	0	0	0	0	0	0	0	0	0	500	0	0	0	0	0	0	0	0	0	0	500	
0	0	0	0	0	0	0	0	0	0	0	0	0	0	0	0	0	0	0	0	0	0	0	0	0	0	0	0	0	0	0	0	0	500	0	0	0	0	0	0	0	0	0	0	0	0	0	0	0	0	0	0	0	0	0	0	0	0	0	0	0	0	0	0	0	0	0	0	0	0	0	0	0	0	0	0	0	500	500	0	
0	0	0	0	0	0	0	0	0	0	0	0	0	0	0	0	0	0	0	0	0	0	500	0	0	0	0	0	0	0	0	0	0	0	0	500	0	0	0	0	0	0	0	0	0	0	0	0	0	0	0	0	0	0	0	0	0	0	0	0	0	0	500	0	0	0	0	0	0	0	0	0	0	0	0	0	0	0	0	0	
0	0	0	0	0	0	0	0	0	0	0	0	0	0	0	0	0	0	0	0	0	0	0	0	0	0	0	0	0	0	500	0	0	0	0	0	0	0	500	0	0	0	0	0	0	0	0	0	0	0	0	0	0	0	0	0	0	0	0	0	0	0	0	0	0	0	0	0	0	0	0	0	0	0	0	0	0	0	0	500	
0	0	0	0	0	0	0	0	0	0	0	0	0	0	0	0	0	0	0	0	0	0	0	500	0	0	0	0	0	0	0	0	0	0	0	0	500	0	0	0	0	0	0	500	0	0	0	0	0	0	0	0	0	0	0	0	0	0	0	0	0	0	0	0	0	0	0	0	0	0	0	0	0	0	0	0	0	0	0	0	
0	0	0	0	0	0	0	0	0	0	500	0	0	0	0	0	0	0	0	0	0	0	0	0	0	0	0	0	0	0	0	0	0	0	0	0	0	0	0	0	0	0	0	500	0	0	0	0	500	0	0	0	0	0	0	0	0	0	0	0	0	0	0	0	0	0	0	0	0	0	0	0	0	0	0	0	0	0	0	0	
0	0	0	0	0	0	0	0	0	0	0	0	0	0	0	500	0	0	0	0	0	0	0	0	0	0	0	500	0	0	0	0	0	0	0	0	0	0	0	0	0	0	0	0	0	0	0	500	0	0	0	0	0	0	0	0	0	0	0	0	0	0	0	0	0	0	0	0	0	0	0	0	0	0	0	0	0	0	0	0	
0	0	0	0	0	0	0	0	0	0	0	0	0	0	0	0	0	0	0	0	0	0	0	0	0	0	0	0	0	0	0	0	0	0	0	0	0	0	0	0	0	0	0	0	0	0	0	0	0	0	0	500	0	0	0	0	0	500	0	0	0	0	0	500	0	0	0	0	0	0	0	0	0	0	0	0	0	0	0	0	
0	0	0	0	0	0	0	0	0	0	0	0	0	0	0	0	0	0	0	0	0	0	0	0	0	0	0	0	0	0	0	0	0	500	0	0	0	0	0	0	0	0	0	0	0	0	0	0	0	0	0	500	0	0	0	0	0	0	0	0	0	0	0	0	0	0	0	0	0	0	500	0	0	0	0	0	0	0	0	0	
0	0	0	0	0	0	0	0	0	0	0	0	0	0	0	0	0	0	0	0	0	0	0	0	0	0	0	0	0	0	0	0	0	0	0	0	0	0	0	0	0	0	0	0	0	0	0	0	0	0	0	0	0	0	0	500	0	0	500	0	0	0	0	0	0	0	0	0	0	0	500	0	0	0	0	0	0	0	0	0	
0	0	0	0	0	0	0	0	0	0	0	0	0	0	0	0	0	0	0	500	0	0	0	0	0	0	0	0	0	0	0	0	0	0	0	0	0	0	0	0	0	0	0	0	0	0	0	0	0	0	0	0	0	0	0	0	0	0	0	0	0	0	0	0	0	0	0	0	0	500	0	0	500	0	0	0	0	0	0	0	
78	6	30	54	70	33	13	66	64	70	48	17	2	57	13	72	63	15	56	14	29	29	54	54	32	72	29	5	47	53	1	1	46	73	39	47	49	42	21	52	63	44	31	4	11	67	75	37	75	38	29	59	21	58	43	76	60	2	8	29	21	4	12	66	7	70	73	1	22	43	38	63	70	10	40	48	14	14	50	73	43	41	70	70	38	12	48	11	46	23	32	72	55	76	8	64	47	75	73	67	57	54	4	18	69	29	42	46	53	55	75	25	3	11	19	20	34	16	16	15	57	22	54	7	57	0	10	2	20	2	22	25	19	35	34	36	47	14	24	29	0	43	0	44	1	52	51	11	41	64	75	3	22	33	10	30	72	2	27	73	1	69	45	41	70	47	38	19	12	6	27	28	40	30	48	9	32	61	75	14	40	23	32	34	36	49	38	56	43	1	63	39	65	27	3	18	75	52	21	63	47	66	75	35	16	41	57	51	37	63	21	19	66	56	52	10	59	58	74	76	7	8	13	61	75	74	50	51	10	34	29	19	10	39	20	19	1	14	28	37	35	26	25	65	68	51	17	75	28	59	24	72	61	41	36	44	61	50	10	14	49	41	14	33	63	53	70	59	43	75	23	49	25	15	53	40	64	54	6	53	5	70	47	77	75	51	4	69	40	2	43	17	50	73	56	24	45	13	49	29	45	17	43	22	41	28	1	35	32	6	70	27	71	64	76	25	0	59	68	34	77	67	78	43	66	43	7	35	29	6	24	25	33	24	4	66	35	16	34	48	31	41	64	38	69	63	1	23	0	78	19	36	3	79	46	68	55	56	71	71	34	14	73	53	8	13	28	19	23	53	13	66	31	76	34	55	79	79	59	21	62	13	23	35	42	67	44	45	57	24	60	42	62	59	60	33	30	74	30	31	43	0	11	59	69	59	30	1	0	49	9	2	62	19	42	12	35	24	46	66	52	6	7	65	25	18	4	74	63	55	36	13	11	39	71	8	35	38	49	0	25	35	33	33	40	62	31	56	56	21	64	46	60	1	2	39	25	41	53	7	78	49	17	46	13	9	72	79	40	79	11	69	50	29	53	13	61	69	49	22	45	20	16	23	62	46	41	24	6	25	3	46	59	23	5	53	13	3	5	60	43	58	20	60	21	58	74	4	31	46	34	16	31	73	11	38	40	44	13	49	76	53	6	75	7	78	70	76	38	24	32	4	9	32	16	63	0	13	65	28	12	49	15	63	71	6	47	74	71	53	18	3	70	38	31	67	45	69	59	58	5	44	34	19	68	35	29	35	75	48	21	49	3	27	7	16	15	24	52	61	77	52	5	79	79	37	4	46	47	56	54	45	78	68	63	23	23	65	16	39	54	47	53	38	11	45	26	8	74	31	3	21	44	60	12	3	24	41	48	27	62	2	14	56	45	77	42	34	8	58	62	14	39	28	32	36	29	67	40	53	61	19	65	11	79	15	51	56	59	61	27	76	48	34	17	69	6	59	58	22	31	71	33	25	41	27	4	23	53	20	52	15	0	72	78	52	77	47	24	47	60	50	18	53	20	66	7	12	28	37	53	14	77	74	47	13	11	71	3	13	34	26	8	48	41	19	10	75	70	37	44	18	15	56	39	29	48	32	56	48	22	78	29	9	20	36	10	12	38	76	51	17	1	75	20	2	78	58	50	19	67	50	64	69	59	42	4	35	15	4	51	8	45	60	26	78	31	27	23	74	7	9	66	63	67	52	3	71	64	10	19	48	13	17	62	8	28	63	75	42	48	13	68	67	78	10	73	51	23	26	2	35	27	35	13	70	12	74	69	60	76	23	66	61	29	53	41	24	21	35	17	31	71	9	67	70	47	14	30	4	54	42	11	43	16	17	29	51	68	78	69	57	36	62	8	59	17	5	38	66	24	3	68	62	24	53	59	14	33	62	34	58	49	25	56	5	35	45	2	4	75	64	38	43	64	37	25	0	54	66	79	12	15	35	74	17	37	34	74	11	14	30	44	58	7	44	3	13	31	14	41	2	4	19	18	35	72	13	56	38	14	55	69	69	10	41	37	54	54	34	72	6	62	38	60	71	69	20	45	75	16	74	5	34	7	70	66	32	59	58	24	67	64	31	67	1	34	17	37	48	23	59	35	36	26	48	20	26	35	31	49	50	9	7	5	37	8	49	59	71	8	1	0	41	34	12	41	79	33	60	5	73	54	13	39	22	45	2	51	39	23	45	27	62	68	29	63	28	5	54	2	75	40	64	47	34	19	24	8	31	20	57	4	20	77	0	74	72	7	25	9	35	55	78	0	21	26	35	61	73	27	45	37	22	47	38	19	31	54	44	46	26	65	59	44	22	23	9	66	27	78	72	48	52	12	67	56	61	41	76	45	5	70	11	2	14	3	8	7	55	20	25	23	18	38	13	50	26	41	16	42	54	30	10	61	16	8	24	14	14	77	15	41	17	17	14	18	50	60	4	35	25	28	3	35	55	22	37	17	37	57	19	0	64	7	49	38	63	40	38	28	25	54	47	71	62	52	42	72	6	32	39	24	31	57	78	0	46	9	36	18	57	77	39	7	2	5	11	36	29	69	22	40	23	6	24	49	17	20	52	68	19	73	61	74	35	4	27	6	23	2	64	51	7	37	69	47	64	36	25	38	59	29	76	38	79	8	13	47	53	44	1	39	60	27	51	79	58	59	46	55	55	48	36	35	57	6	51	50	48	51	78	24	13	4	49	12	65	72	57	16	20	32	34	4	30	58	72	3	25	56	18	36	48	40	8	56	16	70	44	78	63	56	9	16	50	58	10	26	0	33	18	27	39	18	20	42	12	13	19	39	38	59	75	30	63	4	1	19	35	7	69	75	1	71	39	53	54	8	46	59	18	43	34	34	69	74	54	35	71	75	75	50	27	46	47	46	79	23	63	37	9	11	75	66	73	45	75	73	66	22	2	73	6	32	58	10	58	12	3	66	15	32	18	17	35	5	59	65	24	30	76	65	67	50	64	22	41	12	34	20	66	13	4	45	23	77	30	42	16	26	39	47	41	51	70	77	55	48	13	19	9	7	62	52	69	48	72	42	0	6	44	59	14	63	57	40	65	35	32	60	55	77	48	25	36	70	79	74	77	62	20	27	43	16	51	66	43	12	54	67	42	16	11	6	53	71	51	4	67	4	43	69	3	34	22	12	1	49	34	34	46	38	13	37	47	30	33	71	19	19	75	51	69	70	69	53	6	66	0	12	11	59	11	69	21	74	60	58	21	33	58	56	3	38	44	37	12	63	44	11	16	10	10	44	55	5	25	72	53	29	24	65	52	67	76	19	72	22	31	2	56	58	35	59	33	66	67	64	35	23	13	63	51	35	27	57	64	64	31	54	25	45	22	62	13	69	13	1	7	53	2	74	1	25	46	52	19	70	66	56	76	38	41	34	19	33	59	44	35	64	2	63	51	29	6	58	51	35	13	65	74	42	5	19	43	45	43	24	24	54	36	0	24	47	64	65	8	28	79	50	50	35	12	19	27	43	56	19	30	29	30	19	53	70	41	21	6	37	38	60	47	8	34	27	64	40	44	32	33	11	73	71	71	14	50	28	15	9	11	32	49	7	33	43	15	45	40	33	24	0	19	5	74	50	55	8	11	29	35	2	14	2	8	46	67	18	59	56	61	41	26	58	17	59	16	31	17	43	72	54	65	12	49	47	71	13	50	32	5	67	7	25	3	49	64	19	72	21	56	63	69	10	15	8	60	25	64	23	72	51	32	18	35	64	4	57	28	75	43	16	37	13	60	56	26	32	60	32	40	38	4	58	67	44	28	74	5	37	71	5	61	58	12	22	73	34	39	78	29	11	44	35	44	19	1	18	41	49	50	48	60	71	65	10	9	7	9	11	24	62	54	37	50	56	23	46	57	50	78	6	11	48	19	21	51	78	32	57	54	76	56	63	30	46	7	70	6	33	9	60	10	73	54	71	27	57	31	65	39	15	50	39	15	74	45	66	64	51	63	79	12	53	30	73	69	20	32	58	18	32	16	53	23	60	33	5	35	14	56	39	32	29	38	6	34	8	36	71	71	65	61	42	48	70	21	70	22	10	19	64	2	62	18	11	70	21	37	20	23	69	53	34	40	22	79	2	76	66	37	55	65	65	64	3	66	25	72	62	75	62	69	1	20	27	71	53	24	37	16	46	29	59	3	35	6	8	75	59	40	75	58	25	14	9	27	34	43	4	38	3	60	12	35	16	65	29	20	40	65	27	70	55	44	3	56	18	17	50	48	60	65	8	17	54	32	57	20	33	39	37	33	11	56	44	29	3	9	67	71	61	55	12	8	65	77	2	15	41	75	13	59	44	72	75	6	39	42	15	30	73	65	11	23	30	6	48	67	43	1	11	64	28	70	1	0	61	27	26	75	6	24	64	3	41	32	67	65	78	1	4	7	29	9	39	15	70	28	5	40	68	57	38	31	65	25	49	61	70	52	1	43	27	12	50	41	65	7	20	78	7	47	53	13	35	79	58	29	0	35	54	64	57	78	0	14	24	65	38	66	7	4	20	58	63	20	10	33	47	41	44	76	64	24	50	57	68	46	14	14	50	55	67	36	9	37	74	17	62	57	12	41	29	2	74	16	17	44	27	24	31	49	59	41	8	42	45	62	26	5	78	19	33	15	43	21	59	36	1	11	45	79	28	48	4	46	39	9	61	59	53	63	68	39	28	9	39	29	31	51	52	75	79	66	61	41	4	22	36	52	18	35	56	69	66	34	3	44	54	32	44	19	49	8	52	49	8	21	55	42	60	78	36	71	45	48	9	72	54	6	22	30	59	12	60	6	69	23	30	34	52	61	50	6	10	34	28	62	21	18	69	43	57	19	22	22	8	72	33	9	54	65	68	41	65	37	15	57	54	32	66	71	51	1	52	14	65	45	20	58	4	54	59	26	66	0	3	31	50	16	31	55	33	49	2	61	46	42	33	40	62	30	35	74	16	46	0	11	20	33	79	39	1	61	49	68	26	69	41	57	8	10	0	56	42	3	17	79	16	17	10	25	72	56	28	68	62	63	70	78	71	70	27	70	27	21	67	69	19	7	21	4	10	70	26	66	23	78	8	41	11	19	68	51	43	66	27	61	5	79	40	44	33	19	63	77	18	52	15	39	38	17	52	20	0	14	77	56	58	16	58	45	75	68	47	25	45	6	17	70	71	26	68	55	29	21	30	18	5	50	7	67	26	57	78	6	55	69	15	25	32	10	57	3	4	17	77	14	2	31	8	39	32	9	21	76	35	17	16	54	37	50	25	75	59	1	36	50	69	55	19	4	22	13	16	39	66	25	50	36	41	57	41	58	8	52	4	73	50	47	19	13	48	37	52	69	70	44	47	78	14	55	79	0	41	43	42	37	18	33	44	76	15	36	23	64	57	18	38	55	60	11	53	25	46	7	69	62	13	26	57	7	27	0	4	26	28	23	74	65	31	28	30	4	55	3	6	69	47	22	40	36	10	49	37	28	72	39	79	41	75	4	51	4	75	62	32	50	42	35	16	64	7	11	42	72	79	37	52	75	36	67	43	60	65	62	70	38	21	9	54	43	54	20	22	53	45	50	74	22	50	32	48	20	16	31	46	43	77	61	54	17	7	23	37	11	5	22	0	45	5	64	14	72	53	9	25	67	44	41	66	36	73	77	29	8	28	7	26	31	32	65	30	7	6	68	23	14	0	10	18	8	45	40	3	27	34	31	75	45	75	77	70	20	38	20	70	26	79	30	14	67	20	1	17	27	3	30	44	67	76	44	1	67	65	71	71	56	29	70	35	5	53	41	24	48	58	14	51	26	9	73	51	14	64	75	51	69	7	49	12	42	26	0	71	52	78	6	64	48	74	66	58	19	56	12	7	10	37	33	62	12	30	43	39	50	63	24	26	5	65	1	49	19	46	71	16	79	18	37	5	39	29	77	20	11	58	26	64	56	57	69	6	16	56	74	73	75	43	21	69	39	6	22	57	60	72	46	50	45	30	65	19	41	10	76	14	50	36	7	1	0	5	55	38	59	39	13	16	40	6	24	4	71	14	18	75	13	55	24	21	70	51	72	14	46	11	79	64	40	16	51	9	9	58	70	68	2	2	51	24	23	19	48	31	74	0	77	46	68	7	28	58	73	60	65	79	20	7	63	4	30	65	47	28	3	29	55	76	71	12	2	23	22	47	60	79	36	58	25	27	46	25	62	55	5	23	62	15	40	22	70	26	47	23	69	7	50	5	57	28	72	23	16	41	4	19	59	76	76	76	43	57	46	27	1	1	53	29	52	64	7	43	17	45	46	19	26	30	5	17	34	8	46	9	43	11	41	37	48	48	62	50	43	36	68	29	14	39	66	75	65	11	44	31	50	50	57	1	24	7	15	37	0	16	33	1	25	41	51	76	42	77	69	
69	60	12	23	67	37	31	72	27	67	37	14	31	38	79	74	79	63	45	62	76	17	34	57	8	43	13	30	3	62	16	60	30	12	44	22	43	6	49	44	58	28	18	46	28	32	14	31	2	50	7	63	46	20	78	31	33	54	4	17	10	26	26	20	76	65	16	10	71	27	24	52	13	74	35	4	71	17	69	20	58	78	12	69	69	5	1	45	36	66	18	58	38	18	12	9	7	18	27	54	35	48	13	15	9	56	46	49	34	56	44	51	39	67	64	65	11	58	4	29	1	43	55	77	30	44	63	53	73	24	48	42	57	3	0	17	66	19	3	14	10	76	64	8	20	19	73	2	55	46	70	73	23	71	71	78	77	69	8	36	14	11	69	27	74	11	13	5	2	38	50	65	73	45	6	66	13	16	72	25	66	50	11	22	7	34	62	74	77	50	20	38	55	35	61	76	35	22	74	28	21	44	12	23	11	37	20	15	41	35	51	20	78	71	10	7	75	34	10	42	3	53	53	13	68	32	10	17	2	38	28	40	44	6	74	2	51	66	23	48	41	75	3	4	31	2	14	30	53	39	75	47	45	61	58	25	39	3	76	28	37	11	34	9	40	38	30	2	16	52	47	7	15	8	55	41	21	1	40	42	4	33	17	10	60	25	53	74	63	74	67	76	46	21	46	0	41	42	6	7	18	11	12	66	9	26	34	9	70	14	41	46	78	79	13	12	33	66	27	28	63	37	16	11	52	79	43	63	68	52	17	56	72	78	67	24	64	8	30	56	19	49	47	34	64	16	39	51	74	0	58	63	72	67	30	56	5	19	38	67	75	52	57	35	68	53	75	47	4	27	42	26	0	6	0	31	40	7	21	70	63	59	67	53	73	65	59	8	77	35	21	47	17	67	42	44	32	63	65	52	67	25	68	6	30	71	63	42	56	53	79	77	34	78	0	61	46	74	28	59	58	18	3	60	58	17	65	21	32	19	5	55	72	9	11	26	53	24	62	54	53	61	43	9	46	60	18	26	40	7	56	13	10	75	42	4	75	28	1	71	2	79	10	2	26	49	52	2	65	23	74	19	60	10	49	52	75	36	50	64	22	74	72	21	32	27	53	40	46	71	53	37	51	9	16	52	69	49	38	27	66	8	75	13	62	73	27	2	26	61	51	77	24	0	51	73	61	77	20	6	49	67	13	38	50	40	49	21	27	13	50	30	74	50	15	39	55	34	34	0	58	60	1	59	77	53	28	75	48	49	64	32	23	37	68	64	24	57	29	35	40	52	20	49	6	36	5	73	7	26	32	45	7	40	77	9	31	8	32	37	66	30	27	14	0	20	42	67	54	19	72	52	3	23	22	70	20	47	69	75	49	69	72	69	15	26	29	70	30	27	66	10	25	78	3	38	31	51	25	13	29	54	47	36	70	27	53	71	6	45	35	16	14	29	41	0	63	68	6	64	7	15	11	68	9	38	56	31	33	5	40	2	76	59	61	46	38	53	75	35	26	33	72	9	49	24	7	10	21	53	62	13	45	14	11	45	25	63	39	73	76	59	9	63	15	72	43	44	68	75	73	25	5	35	69	44	77	72	79	72	70	5	11	13	5	3	2	29	33	52	6	55	57	35	15	79	42	20	45	9	79	54	43	47	21	32	56	13	77	24	2	26	24	44	52	14	63	71	71	23	34	0	68	17	48	49	52	26	56	77	4	28	5	61	61	63	24	34	72	71	60	54	2	57	18	49	50	66	1	25	30	55	12	70	22	5	18	23	46	4	45	40	1	33	34	71	21	39	19	62	70	56	18	27	22	65	53	20	57	37	7	0	27	77	34	7	51	39	46	46	39	1	2	36	32	41	26	43	70	8	77	54	21	75	13	48	65	37	64	69	67	68	19	39	52	11	61	45	48	23	62	67	0	70	76	46	64	20	3	59	27	34	42	6	71	53	12	53	71	29	73	9	74	59	3	68	18	15	9	23	48	28	72	49	39	47	33	8	66	13	78	6	47	72	46	76	69	70	42	47	53	65	37	10	59	55	29	38	5	75	42	24	51	39	65	6	16	71	46	69	33	42	61	65	78	5	46	57	27	67	25	22	4	20	47	31	31	48	77	65	55	62	0	37	39	5	25	15	21	33	7	76	79	42	43	49	52	35	30	54	33	17	28	66	58	27	36	75	53	38	72	74	65	42	63	62	44	65	28	15	16	35	15	66	4	26	44	9	41	68	33	65	61	29	26	54	27	34	26	11	16	71	7	3	11	49	11	38	13	74	43	9	53	53	76	30	70	15	36	10	66	11	68	31	38	2	71	14	23	10	28	13	17	48	52	70	10	21	21	31	56	40	12	43	28	16	5	25	10	75	69	47	43	12	11	38	16	65	74	19	41	45	78	36	78	66	33	33	6	52	39	49	26	60	70	32	40	42	42	32	28	27	50	75	18	19	32	76	31	0	5	31	58	33	50	9	16	67	14	57	9	4	50	51	70	40	9	60	67	47	79	75	68	76	25	54	11	79	27	16	55	44	0	64	11	20	13	72	79	42	9	4	11	2	63	44	52	40	68	28	41	9	28	18	63	37	61	10	29	3	64	25	67	28	9	61	35	47	76	5	79	36	74	26	52	16	56	36	22	25	29	71	18	45	42	55	43	14	31	1	65	33	25	30	34	6	16	34	10	35	73	18	13	71	73	9	39	37	64	6	5	41	40	63	47	76	72	60	28	15	52	65	19	36	66	61	17	37	42	27	49	79	55	78	69	6	18	24	72	28	51	7	32	71	34	49	24	56	35	15	39	4	47	74	31	62	18	25	7	62	44	56	10	37	17	37	57	8	23	21	20	1	2	44	66	2	26	60	71	72	64	25	60	43	51	61	10	71	50	11	78	17	57	33	68	11	64	4	15	59	55	71	38	43	45	31	64	44	53	54	12	21	50	30	69	15	39	52	69	59	61	62	56	8	41	11	73	60	74	58	2	7	39	68	69	78	28	22	1	34	73	19	26	78	4	47	45	47	15	35	3	8	53	27	23	63	45	58	47	40	66	21	61	74	65	20	36	36	73	47	50	31	78	4	44	63	65	8	14	53	58	29	32	18	49	60	16	33	79	39	31	0	23	56	48	51	52	42	26	18	34	38	53	41	49	79	1	14	77	42	54	62	68	72	32	20	16	54	0	40	59	37	18	36	18	35	30	32	14	12	29	59	58	8	7	7	51	31	31	25	55	9	14	38	41	73	38	70	52	28	71	32	48	48	77	77	70	40	6	32	2	43	52	65	36	40	79	34	40	51	15	65	50	66	79	1	74	67	36	71	40	13	21	39	53	49	24	61	21	26	36	69	59	78	79	67	1	47	69	5	31	48	59	44	40	72	12	79	20	65	69	19	3	5	72	42	16	24	77	59	68	67	62	43	15	26	75	64	71	49	24	3	56	33	50	9	23	62	28	23	9	30	28	67	36	22	77	63	32	18	10	49	17	18	54	9	46	40	76	44	60	6	63	28	68	56	58	39	38	58	37	43	39	28	30	50	20	61	12	75	47	63	40	17	65	79	73	25	4	61	41	76	15	35	7	59	69	38	41	0	42	42	41	41	67	16	66	77	60	54	21	39	32	49	5	31	68	5	48	54	48	30	17	67	75	51	20	21	79	56	35	17	78	76	52	7	52	43	72	34	45	0	8	41	17	41	52	42	5	12	30	28	79	64	35	22	42	2	26	41	41	55	54	73	13	75	7	70	51	73	56	23	43	58	75	24	40	11	72	44	16	70	62	19	38	72	44	44	42	0	41	4	68	65	27	64	22	3	20	23	5	79	60	65	19	41	69	55	56	75	3	33	67	2	75	42	65	30	59	52	28	66	41	25	28	13	76	12	60	57	2	79	51	76	26	12	34	76	18	7	1	72	38	59	40	11	33	28	40	50	28	33	16	55	11	78	6	77	50	27	27	47	23	28	68	53	53	53	54	47	4	20	78	26	64	57	59	65	76	66	54	78	37	25	55	35	29	14	40	33	5	21	24	45	52	78	1	64	31	24	43	6	29	61	32	39	34	18	25	45	1	11	16	54	9	15	46	28	76	35	12	48	2	26	50	48	2	39	79	53	75	1	6	14	4	18	16	9	70	5	53	18	57	5	44	66	74	79	61	7	30	13	37	46	14	49	8	46	24	18	12	79	33	50	42	58	68	55	25	2	21	48	13	8	57	30	18	49	68	10	20	22	76	71	71	54	44	36	28	32	25	2	54	9	56	23	27	54	58	60	10	28	57	32	26	21	26	24	27	46	62	76	16	58	41	57	9	25	48	7	69	69	6	68	5	49	63	59	10	9	54	39	40	53	11	26	77	77	19	36	58	67	38	12	5	42	35	26	31	76	44	56	19	48	64	66	6	15	22	33	13	21	18	53	4	1	1	75	63	42	71	23	5	21	69	60	37	40	16	39	1	59	61	2	25	12	32	1	9	66	9	35	36	77	22	13	61	3	45	36	11	40	2	60	51	76	28	47	77	63	74	34	57	51	61	61	59	23	6	9	51	25	16	79	67	12	48	0	7	15	48	76	56	36	66	35	32	38	57	76	71	78	65	48	16	38	72	61	25	26	78	48	28	2	22	64	58	22	22	20	8	76	37	48	1	13	31	33	26	74	47	1	43	44	77	51	7	52	32	79	5	75	20	31	31	58	79	76	31	32	70	58	72	8	11	50	12	79	9	5	61	55	2	34	77	36	70	65	42	63	28	73	52	63	47	43	54	73	68	38	44	38	48	48	59	13	72	2	35	15	29	78	60	48	5	27	38	41	68	64	71	2	20	66	31	27	49	25	2	17	32	32	65	15	15	74	68	4	63	59	78	27	38	5	52	5	12	43	56	56	0	70	14	63	72	17	10	57	7	11	49	29	51	36	15	5	10	46	45	36	21	60	35	68	1	68	51	57	52	24	11	57	44	69	67	22	24	40	69	34	65	70	75	52	65	70	59	4	51	59	42	17	3	9	7	54	62	47	4	49	64	27	59	20	47	45	43	76	46	42	2	12	10	10	28	69	79	19	58	16	31	43	28	54	71	13	14	12	75	70	15	6	29	35	26	10	53	59	3	47	46	50	52	46	38	2	54	24	1	39	57	75	34	18	54	63	2	43	38	72	5	31	63	25	49	16	55	3	2	5	10	76	50	0	7	4	61	12	64	12	36	26	73	15	56	28	28	25	70	79	58	44	63	19	19	58	5	26	41	27	11	60	23	17	23	34	72	60	17	58	14	11	39	4	62	55	66	44	49	78	3	76	23	11	66	53	53	63	17	76	58	39	69	14	22	79	74	20	65	35	22	52	64	12	63	8	39	48	42	57	28	16	3	8	4	8	48	59	61	33	2	74	38	70	54	29	35	4	46	8	48	45	24	54	53	5	68	73	0	76	12	28	77	51	79	78	39	16	4	74	73	54	25	67	13	49	26	57	25	6	23	39	69	15	64	60	32	30	19	37	27	64	33	79	56	27	32	23	46	54	38	79	73	53	79	60	54	74	65	61	49	27	2	48	21	47	24	55	57	9	0	21	41	49	25	51	23	15	0	79	11	32	24	42	24	4	68	2	56	20	14	55	9	28	46	8	37	53	13	17	4	79	0	21	42	13	48	33	46	75	23	58	78	45	22	39	53	50	34	71	36	61	1	31	37	73	39	76	34	76	37	39	7	7	64	61	41	73	42	61	15	53	35	66	27	35	36	20	11	19	44	19	51	60	20	9	1	17	71	64	55	37	16	61	77	44	34	18	21	12	7	74	27	13	68	10	38	77	40	28	74	20	13	52	79	59	0	26	3	39	68	70	6	54	3	35	46	31	74	33	68	39	74	62	17	69	53	30	58	21	16	41	47	7	69	67	19	27	68	20	0	1	71	48	26	56	0	19	13	23	79	3	45	70	20	6	66	44	12	60	21	54	79	3	35	8	45	30	71	28	9	55	45	74	22	40	9	24	1	58	5	3	20	75	60	35	31	33	59	70	34	61	15	74	71	59	33	47	42	28	5	15	71	24	5	22	29	49	35	68	70	44	46	12	77	77	5	25	39	3	28	46	44	69	74	7	25	41	62	67	5	30	3	9	29	31	57	50	48	5	7	75	12	38	66	56	24	27	23	14	0	31	50	61	72	41	3	63	25	63	70	78	54	18	44	26	33	24	60	22	77	67	64	76	12	65	40	56	28	21	75	25	2	68	54	19	65	58	49	78	60	79	41	31	24	79	38	29	19	43	67	66	16	59	62	60	23	63	74	15	5	23	35	6	15	16	40	70	59	4	14	30	63	77	66	47	14	15	32	4	21	15	71	67	68	66	66	9	62	1	2	27	33	33	1	5	25	8	73	67	11	77	29	78	51	22	47	70	13	56	78	54	52	3	66	2	70	14	44	4	16	23	31	16	75	59	11	68	54	73	72	76	17	70	
12	19	13	13	7	12	1	18	10	1	18	7	6	4	3	12	7	15	4	19	19	13	15	4	7	17	7	5	8	6	7	14	10	18	4	9	19	19	1	14	16	8	9	7	14	4	20	12	2	14	7	7	4	17	12	1	14	12	19	10	1	6	13	11	13	7	7	14	9	3	11	19	8	9	4	4	16	5	8	15	5	14	17	15	9	3	10	11	5	10	20	2	12	10	13	6	17	1	5	2	14	4	5	3	15	12	2	9	2	9	20	13	17	2	4	2	16	8	16	16	10	2	6	18	17	15	13	11	8	3	9	14	13	2	14	18	15	18	18	3	17	12	15	18	12	20	20	15	12	20	2	17	2	18	14	6	4	6	4	5	13	15	15	19	18	1	5	12	4	9	6	7	16	1	12	19	19	16	8	6	18	18	2	20	10	13	7	7	16	11	1	5	17	18	16	8	6	18	10	12	20	1	8	20	12	2	18	19	7	20	9	15	2	11	19	12	10	1	1	2	5	2	7	13	18	19	2	11	19	17	9	16	17	5	2	11	17	17	8	7	1	13	4	14	16	14	18	1	8	18	4	9	14	5	14	14	12	20	2	18	13	16	12	2	19	3	18	15	8	13	12	1	15	11	12	14	11	6	2	3	15	8	20	13	9	17	6	8	3	2	2	11	20	9	16	17	7	9	10	7	15	5	16	16	11	2	7	11	3	15	9	11	3	9	1	5	9	13	15	11	10	11	12	4	14	1	16	7	9	11	5	12	11	14	8	15	10	8	3	11	7	2	13	7	7	4	7	7	11	14	4	15	13	2	2	9	7	4	11	11	11	5	6	10	6	15	8	10	5	16	4	8	3	9	2	8	13	7	1	8	11	1	7	14	8	13	9	7	5	3	7	10	4	2	11	12	4	15	12	15	8	13	13	13	15	10	10	2	12	9	14	6	15	5	15	3	10	13	8	3	2	16	3	10	8	3	8	8	14	12	10	7	4	6	5	1	14	11	11	15	3	2	4	13	13	8	7	16	6	13	11	1	15	15	10	2	7	3	15	16	1	13	15	8	13	10	10	7	8	4	11	7	11	16	11	3	10	2	1	8	13	13	10	13	6	4	4	5	16	3	11	4	6	12	9	6	15	6	10	15	10	4	6	16	13	16	1	13	4	4	13	2	13	9	3	16	7	15	12	5	14	7	14	10	7	9	11	3	16	3	14	1	3	3	3	15	13	10	10	3	1	8	5	13	2	6	9	14	2	9	13	8	5	6	1	8	14	11	14	12	7	5	6	1	2	5	2	8	8	13	12	10	12	13	3	1	3	4	5	5	5	13	14	8	2	15	12	8	11	10	5	10	12	1	11	11	9	1	13	7	10	4	9	7	16	5	12	16	11	16	4	16	3	4	6	14	5	6	3	5	12	4	15	3	16	4	12	7	5	3	1	12	13	1	2	3	16	13	14	4	3	5	1	9	1	10	7	11	14	15	1	7	12	10	9	16	3	2	13	8	4	9	9	1	5	12	2	14	3	9	9	9	10	6	2	14	13	16	14	15	5	7	3	9	11	11	1	8	1	3	15	7	15	8	12	7	4	16	15	9	3	13	10	8	16	5	2	8	8	9	2	14	4	6	4	10	2	9	13	1	11	3	5	12	14	5	6	15	4	16	6	3	14	15	16	13	16	10	3	15	6	13	6	4	4	4	1	8	4	10	5	5	9	4	4	7	7	11	2	9	4	14	16	6	8	8	6	3	4	13	4	8	12	14	5	12	12	7	11	6	5	13	5	2	7	13	9	8	14	5	7	16	7	5	5	14	8	3	5	12	10	6	12	2	6	5	16	8	9	7	2	4	2	6	15	7	6	2	9	7	5	11	4	11	15	3	3	8	2	7	13	9	3	3	6	1	9	4	16	3	13	8	16	13	2	11	15	7	5	15	12	10	4	14	11	2	6	7	4	15	1	14	1	15	14	16	9	6	2	10	15	16	4	6	6	7	4	7	10	11	9	8	3	7	7	15	3	13	3	15	12	4	3	6	8	14	15	13	16	2	4	11	16	7	16	11	6	7	2	4	13	3	8	1	4	2	14	16	16	6	13	8	3	12	3	11	14	6	8	14	10	2	5	4	8	2	8	6	2	8	14	2	16	3	8	9	6	14	2	12	5	1	4	13	12	3	4	13	8	13	13	5	11	5	6	16	12	15	7	7	11	16	2	4	15	16	5	14	4	5	5	9	6	4	8	2	7	6	13	5	16	14	12	9	4	8	7	9	7	8	6	4	7	2	12	4	4	14	9	16	10	16	13	5	7	7	3	2	16	14	16	11	11	16	7	7	3	3	4	15	10	5	1	14	10	4	10	2	3	5	3	10	16	13	10	16	13	5	12	12	11	6	12	2	5	16	16	9	3	16	4	16	12	16	2	9	7	7	2	6	1	8	6	8	2	6	7	11	11	7	2	10	2	1	2	10	9	2	6	5	8	3	8	13	15	11	4	6	5	10	3	4	4	16	6	1	15	7	16	9	4	8	8	11	15	7	6	14	3	15	11	6	11	13	4	1	8	13	9	11	7	15	10	11	12	1	4	7	13	7	4	6	2	2	2	9	4	1	10	4	9	6	13	2	14	6	10	2	13	2	14	9	12	7	10	3	6	6	10	7	7	13	10	8	5	14	7	2	6	15	12	7	3	13	10	7	1	9	10	6	15	3	7	5	5	5	5	8	13	11	8	9	3	3	16	14	11	1	6	1	1	4	7	5	7	11	13	10	9	8	14	7	2	10	5	7	16	15	10	3	13	11	5	13	15	6	11	3	1	12	16	15	10	2	4	11	7	12	9	12	13	6	10	8	1	8	10	4	12	6	1	2	7	1	13	10	7	11	5	6	11	9	2	9	5	9	2	2	13	16	10	13	13	10	3	10	7	7	13	12	4	2	12	10	11	11	4	8	13	12	10	12	4	1	14	9	8	15	10	3	7	2	9	12	4	6	2	4	16	4	14	11	6	7	11	9	8	8	13	16	3	10	5	3	8	12	16	4	9	11	1	1	13	8	16	16	2	15	15	5	7	11	9	7	5	3	7	5	1	1	1	4	1	9	16	9	12	1	12	11	12	4	12	7	2	16	6	9	5	5	9	16	9	13	5	3	4	15	4	2	6	1	14	9	6	1	14	1	2	14	3	3	15	9	1	7	13	10	16	15	7	10	7	12	15	7	8	14	7	2	5	4	6	3	4	4	6	16	12	3	16	7	6	8	8	16	5	7	6	1	16	12	5	1	14	5	2	11	6	12	9	13	3	16	16	9	5	12	15	7	15	10	4	3	3	2	9	7	13	15	16	5	9	8	3	12	6	12	1	5	14	9	7	12	11	6	13	12	6	5	16	9	13	5	11	5	1	6	2	16	4	5	11	10	13	2	9	5	2	15	7	16	12	4	6	7	13	5	1	8	14	9	8	11	3	11	4	13	10	12	11	2	1	10	3	4	14	9	16	9	12	13	6	10	7	3	14	2	10	11	13	15	8	7	16	9	8	8	10	6	7	12	12	2	4	16	6	11	9	15	1	2	10	10	3	5	11	5	1	15	12	2	8	11	14	6	12	8	3	1	8	7	10	7	8	1	3	14	10	7	3	6	1	8	5	3	13	15	11	16	15	5	12	12	16	1	2	1	15	13	2	15	9	5	12	6	13	16	9	6	9	2	5	2	13	15	9	11	2	14	4	1	7	16	8	6	5	13	7	13	6	1	10	4	12	11	12	7	13	16	9	8	15	16	8	13	2	5	9	1	9	16	12	6	7	14	3	14	11	9	7	14	7	10	7	4	11	9	10	3	5	6	1	16	7	10	8	12	13	3	2	10	15	2	11	3	2	3	4	2	10	8	4	11	4	3	4	13	2	9	10	7	5	15	13	1	10	4	7	4	6	16	10	15	4	9	8	13	12	10	2	15	5	13	9	9	11	3	6	9	3	3	8	11	11	15	3	3	15	1	12	10	13	8	8	10	5	9	1	13	4	2	12	2	4	14	13	3	15	3	11	1	13	4	14	15	9	8	7	15	12	14	16	8	15	7	2	5	13	9	6	10	12	11	14	12	16	6	15	4	6	11	2	8	15	14	5	2	6	7	7	1	15	15	6	5	13	15	1	1	6	12	12	1	4	9	6	6	15	15	9	9	8	11	11	10	1	5	16	16	6	13	11	9	1	2	6	10	6	14	3	7	16	5	4	16	12	4	14	14	11	3	2	6	2	16	10	6	4	10	13	3	11	3	8	13	8	8	12	2	1	9	6	9	3	11	7	5	4	1	8	5	12	5	15	16	9	7	13	7	1	11	14	6	8	7	13	7	5	2	12	11	9	10	7	5	8	9	1	2	15	3	14	7	5	1	7	16	5	5	8	15	4	4	6	6	10	8	4	3	16	13	14	3	6	6	1	8	2	1	2	3	8	9	3	6	6	2	5	4	16	11	2	12	2	10	8	15	12	12	3	13	8	9	7	11	2	15	6	1	14	10	8	12	11	12	2	11	2	2	6	11	12	6	15	8	7	4	11	10	16	5	3	6	16	13	1	7	1	10	14	2	13	8	4	10	1	16	4	2	15	3	8	16	13	5	11	15	12	1	3	3	1	1	7	2	2	10	9	11	13	15	13	11	12	15	5	1	1	11	16	1	7	10	4	11	10	3	14	5	14	4	1	13	3	3	13	7	11	5	8	5	1	9	9	4	6	7	16	7	4	10	13	15	3	4	5	14	4	8	7	4	10	3	10	13	14	14	7	2	14	6	3	13	1	16	2	12	11	14	2	11	9	3	2	6	10	14	16	6	14	4	6	9	6	12	11	3	9	1	1	9	2	16	7	5	3	7	1	11	10	9	8	1	12	7	6	11	6	13	15	6	7	2	11	8	6	2	6	15	9	1	3	16	14	1	4	3	4	12	3	5	5	3	8	4	16	13	14	15	2	4	6	14	13	8	15	9	4	9	7	5	4	3	15	11	8	5	13	9	14	10	12	13	4	5	3	11	6	6	7	8	8	11	15	9	6	11	2	11	3	6	5	4	13	3	4	15	11	7	14	16	6	13	6	9	14	14	8	9	1	11	6	1	5	9	1	10	3	13	9	16	7	10	5	9	12	9	10	3	11	2	1	5	3	5	10	4	9	14	4	11	7	3	3	4	9	6	10	13	1	6	11	15	12	4	14	12	2	4	16	14	7	15	2	1	6	1	13	10	9	8	15	1	8	1	10	1	14	9	6	9	10	13	4	5	10	9	11	8	1	1	1	5	2	13	11	2	16	4	5	10	1	16	1	5	1	13	14	10	7	3	9	15	3	3	3	2	13	6	2	15	10	10	2	1	2	3	16	15	12	5	15	16	2	8	7	6	8	13	9	11	12	16	16	1	12	15	4	9	15	15	1	16	10	14	3	11	3	7	11	16	15	10	14	13	3	13	5	9	1	15	13	6	6	9	9	11	16	15	2	6	7	9	9	1	10	1	11	5	3	9	6	1	3	9	4	13	16	10	5	7	8	4	14	4	15	12	7	9	4	2	5	4	7	12	15	1	9	5	8	9	13	14	12	3	6	4	16	14	1	8	7	13	10	4	6	15	4	11	3	10	1	7	16	4	13	13	3	12	3	16	14	10	16	16	15	4	8	6	13	4	8	3	7	2	15	16	5	8	13	8	8	8	11	7	16	16	10	5	9	3	8	7	3	15	3	7	8	3	14	5	16	14	14	8	11	2	4	4	10	1	11	14	10	4	6	12	13	5	13	9	14	4	2	6	2	4	16	14	6	14	7	11	14	13	11	3	12	2	12	10	8	12	3	7	15	13	7	6	1	14	16	15	8	7	9	12	14	13	14	9	2	7	12	4	1	5	2	9	12	6	15	5	10	7	15	13	8	16	9	1	9	1	6	1	4	4	10	6	16	8	1	7	8	2	13	16	2	3	15	12	2	15	10	8	1	6	1	3	10	4	8	15	10	11	1	1	16	13	3	11	16	15	13	12	1	6	8	6	13	14	13	5	13	12	15	10	8	14	11	13	2	12	10	9	2	8	9	6	5	11	15	10	15	9	11	6	13	13	7	10	2	9	11	7	7	8	15	12	11	3	16	4	14	8	12	11	3	11	12	7	9	15	16	13	9	15	12	6	5	8	3	2	6	14	13	7	4	15	11	8	5	11	6	2	11	10	6	1	11	14	6	13	3	8	14	2	14	5	15	3	3	13	11	10	5	15	3	14	5	14	5	12	2	7	4	1	2	4	15	3	6	3	13	12	3	10	2	8	16	12	12	16	8	11	3	16	10	5	8	3	4	9	10	13	10	5	4	16	5	15	15	16	1	12	16	16	15	11	12	14	12	12	11	16	11	1	10	14	6	6	12	9	15	4	13	9	11	5	12	1	11	16	5	6	8	2	4	14	10	9	2	11	
320	870	330	480	830	840	770	300	650	480	480	950	800	860	600	720	100	410	650	280	930	390	550	610	810	200	300	520	880	910	390	320	880	100	270	520	500	970	940	550	190	150	590	150	930	730	650	410	880	270	690	340	610	140	790	990	650	700	990	510	160	660	120	960	160	200	570	350	400	900	510	830	390	330	250	580	440	490	360	960	810	430	950	830	230	430	710	490	160	960	620	410	940	580	170	530	450	830	890	110	340	990	670	880	690	700	620	240	800	480	230	140	970	530	310	480	720	550	400	440	840	800	260	950	830	110	320	290	580	290	370	180	610	440	890	970	680	250	530	920	930	610	190	340	980	530	110	500	640	110	900	940	400	330	810	360	500	690	450	700	220	240	920	300	260	320	140	860	640	660	250	270	280	180	150	720	870	950	840	550	550	610	460	750	230	780	200	900	750	410	770	660	140	810	670	190	360	480	730	480	390	190	390	410	280	920	430	470	1000	240	230	980	720	470	820	160	480	490	670	640	260	480	660	300	100	780	350	300	250	130	560	810	740	280	910	910	820	440	500	180	580	210	710	960	150	100	660	730	680	990	960	240	520	490	660	270	760	750	330	360	610	800	100	770	530	460	600	590	490	170	1000	590	950	410	930	310	250	990	590	130	570	140	680	160	300	970	410	220	630	490	390	930	180	270	970	820	180	510	990	920	960	710	550	270	130	590	210	200	750	540	210	950	880	790	330	540	670	400	790	470	940	760	750	470	950	960	620	350	930	720	640	820	760	780	840	340	380	930	110	560	420	260	800	850	890	800	880	600	130	420	370	600	950	460	970	730	620	830	890	600	430	650	1000	170	600	1000	900	240	840	520	740	720	840	740	490	560	330	920	440	410	590	750	610	1000	840	110	370	480	760	570	190	960	850	330	930	890	340	240	560	700	980	170	590	640	680	400	710	970	670	480	960	220	810	620	290	450	150	410	990	870	330	870	120	200	960	980	570	100	280	940	490	280	570	310	350	930	660	410	480	900	400	290	1000	680	290	540	620	690	230	870	100	410	220	920	330	390	570	890	390	910	580	830	530	100	570	260	780	780	260	350	380	750	450	330	940	870	350	440	120	500	520	820	890	360	190	970	860	560	380	690	720	780	160	370	400	900	340	480	240	270	560	710	690	640	180	850	410	510	680	500	250	950	670	1000	550	400	570	770	220	1000	950	850	840	180	110	760	630	850	390	480	260	540	880	800	990	120	860	460	310	720	220	370	140	580	710	530	790	300	870	200	550	750	320	980	380	290	400	810	970	830	1000	250	850	950	930	160	790	120	690	540	900	240	630	560	470	810	610	270	210	600	1000	260	480	950	370	830	680	910	260	860	600	860	720	370	300	460	610	670	230	260	900	610	980	690	810	590	460	610	920	560	900	970	680	680	330	440	780	300	480	670	990	800	190	730	230	780	430	630	230	190	430	250	740	710	900	230	830	700	410	550	240	210	400	550	560	540	380	990	420	640	420	470	960	720	380	620	120	110	190	470	730	450	580	700	500	770	110	360	160	560	200	480	280	420	410	570	670	430	580	930	330	410	670	140	620	670	800	940	1000	830	150	460	410	820	220	200	830	290	110	320	300	480	930	100	920	300	700	910	910	820	540	860	660	610	170	380	930	330	920	580	830	690	320	280	350	940	720	160	870	610	480	400	540	190	790	990	490	480	770	600	950	430	270	320	450	220	140	690	710	310	700	450	900	630	350	960	660	730	510	430	840	720	760	130	290	830	840	350	480	300	520	480	450	180	400	120	860	300	750	270	920	780	310	340	950	500	480	450	440	650	650	960	750	910	280	240	320	580	440	880	190	480	440	270	460	260	170	990	180	830	350	780	480	640	1000	330	590	930	310	990	700	410	690	780	230	240	780	590	510	620	100	530	420	260	620	430	760	670	330	190	890	890	130	820	320	550	330	170	730	580	190	540	960	710	580	680	800	560	260	600	690	990	660	900	890	680	280	890	630	440	110	680	640	990	100	890	220	960	890	890	890	950	280	500	640	830	780	830	270	490	840	280	260	980	750	710	420	180	500	570	130	170	490	480	680	180	100	330	860	250	160	750	440	590	530	650	900	770	480	1000	370	210	630	840	250	470	690	820	970	860	620	840	600	160	190	470	600	100	600	290	800	380	970	540	800	690	140	270	630	170	970	260	700	110	950	960	720	980	730	600	560	540	880	970	290	350	680	620	200	970	960	140	160	610	860	370	550	730	310	850	470	880	320	270	390	900	790	770	500	990	830	580	940	470	940	330	790	400	460	650	760	980	560	870	360	210	830	390	410	620	590	330	290	560	900	300	970	230	470	600	170	230	280	580	310	940	510	240	340	110	690	730	860	560	250	800	190	990	950	340	460	430	310	470	290	710	330	540	230	860	170	610	290	420	160	490	240	930	430	350	140	640	380	360	840	550	620	740	270	620	360	690	730	500	570	710	750	100	440	390	550	300	710	850	440	840	1000	920	390	400	870	520	350	130	570	890	800	240	690	750	980	680	830	940	950	660	360	150	120	130	860	750	150	930	130	570	120	410	280	850	470	420	160	250	320	480	330	160	910	150	330	810	940	460	760	360	250	170	230	450	890	960	910	180	930	270	480	840	990	630	300	450	810	260	480	730	500	550	330	640	750	960	730	120	440	720	490	470	170	600	570	440	710	720	510	700	210	760	790	340	800	930	870	550	400	890	470	460	140	700	870	260	950	800	350	350	560	530	910	120	640	410	210	540	220	790	190	760	710	360	670	830	530	400	460	110	780	700	450	270	830	370	300	280	510	590	100	650	300	350	610	390	180	760	270	590	620	790	900	170	430	840	980	950	950	990	650	900	150	520	910	820	770	110	490	260	720	370	430	140	800	210	860	110	590	490	500	830	750	810	790	1000	410	150	980	690	150	960	350	740	170	240	540	150	620	240	380	420	620	100	890	310	680	570	990	810	260	580	370	320	440	950	400	520	440	600	680	640	180	260	460	260	200	220	580	750	260	250	450	190	420	530	870	440	950	160	930	850	690	640	660	460	110	380	520	150	450	150	810	740	250	970	580	390	130	190	950	250	610	710	840	410	950	670	990	890	570	980	440	160	820	660	290	560	500	710	120	190	190	660	550	260	900	210	520	100	380	660	110	640	180	590	490	620	210	850	710	100	310	250	750	670	830	640	600	880	230	820	400	730	300	910	270	170	510	960	250	190	320	240	630	950	960	510	570	210	200	950	800	450	890	410	310	690	190	320	790	400	460	280	680	670	250	870	420	910	120	840	490	630	680	590	220	1000	760	880	810	960	570	960	240	430	540	310	390	300	660	890	430	820	690	800	160	250	550	620	620	970	710	340	650	710	850	570	830	730	900	290	600	990	260	470	540	530	420	970	130	800	210	520	690	290	330	480	360	570	560	460	340	210	600	700	930	690	200	250	290	380	170	360	680	340	500	100	660	930	860	190	430	770	390	370	240	620	450	870	860	860	570	420	600	850	370	680	400	890	220	640	1000	900	820	860	360	760	360	720	420	760	330	620	210	590	570	990	520	200	800	250	580	160	300	290	110	590	910	460	400	940	240	460	920	650	640	380	580	310	260	780	600	700	270	1000	590	490	150	800	400	450	890	500	360	100	790	440	240	370	600	1000	280	390	330	500	210	300	830	920	550	800	500	740	720	380	600	510	750	290	220	920	150	770	370	740	360	430	500	240	120	500	620	620	290	410	520	420	210	740	730	710	930	670	170	670	180	640	570	710	700	920	250	260	560	880	430	460	960	740	740	760	760	980	850	730	320	540	110	870	960	240	270	340	750	790	180	290	720	420	790	210	260	770	500	880	570	830	100	300	880	370	380	410	680	220	520	780	420	780	410	310	650	110	150	940	540	430	450	850	460	860	500	940	850	770	590	820	490	170	810	240	400	370	710	240	550	580	800	370	760	810	840	490	980	100	720	120	610	1000	740	350	860	990	960	960	150	560	630	330	110	360	520	830	720	650	830	300	130	360	760	560	900	840	600	360	930	890	690	910	600	310	650	860	380	140	230	280	620	220	840	250	200	380	650	920	400	150	840	250	150	700	220	720	380	260	690	220	930	190	490	910	870	820	880	300	700	840	230	810	570	780	770	950	930	490	1000	150	570	880	960	990	470	630	290	170	340	860	780	190	510	270	380	890	230	350	460	380	130	760	150	360	760	920	590	760	580	950	940	900	380	230	640	210	670	400	790	860	520	620	720	380	630	270	560	520	190	870	650	400	380	970	700	290	580	120	520	710	760	960	780	730	470	400	490	230	310	730	580	120	540	990	940	1000	330	480	300	980	420	300	190	690	680	810	100	350	320	710	970	390	160	670	980	320	970	790	230	120	830	390	760	950	400	740	880	500	640	570	370	460	760	400	670	830	280	750	160	280	950	270	980	940	630	350	620	850	420	920	510	920	860	120	790	830	230	400	940	240	650	290	110	390	160	880	890	220	470	820	260	930	660	430	920	270	740	400	190	230	550	400	750	900	340	370	1000	340	410	410	340	920	720	730	110	400	110	490	510	780	830	150	820	560	130	900	980	640	830	280	190	420	960	880	870	190	320	250	850	320	130	120	570	140	900	630	240	320	190	760	990	150	830	320	630	630	810	230	630	520	960	360	910	340	870	160	650	610	510	540	600	180	300	670	310	780	170	990	910	400	250	100	310	400	890	590	980	930	620	140	930	290	590	870	720	1000	590	450	180	450	920	140	300	590	570	760	840	330	540	440	860	220	130	180	870	620	260	990	770	640	910	680	760	740	830	450	280	570	450	790	550	450	220	770	860	550	780	360	440	980	510	340	720	540	980	920	200	990	830	510	320	140	610	670	540	620	500	380	800	600	840	450	130	660	470	840	130	220	880	170	250	390	310	950	130	200	350	270	290	990	450	210	980	760	230	330	850	970	560	340	230	990	900	380	100	500	970	900	610	210	560	160	480	440	530	570	230	240	230	680	170	100	560	870	950	570	200	580	220	260	830	620	680	900	170	690	740	790	960	920	810	200	260	330	990	970	290	960	720	720	720	210	160	630	140	500	470	150	260	200	670	730	190	740	380	620	910	690	780	270	630	410	840	700	400	130	920	370	580	980	230	620	560	890	550	710	380	860	480	770	630	900	920	210	770	670	600	620	1000	1000	490	960	140	100	300	200	670	950	840	530	800	850	170	100	730	300	390	720	330	610	360	370	990	590	430	130	360	270	560	780	800	980	370	750	460	530	680	160	520	860	420	240	640	910	410	630	140	480	880	860	150	600	890	760	610	590	410	930	550	930	640	230	450	230	930	190	300	770	350	280	300	270	190	430	810	320	340	120	230	510	1000	580	380	970	620	890	570	630	140	860	230	1000	710	700	340	970	740	380	720	980	490	230	380	330	900	690	270	590	1000	200	760	320	120	140	690	210	200	580	590	290	210	550	380	110	210	940	210	170	910	340	150	670	400	270	820	660	460	100	370	960	920	430	230	220	970	420	860	190	840	960	720	600	800	750	700	860	710	670	620	680	710	390	540	510	900	690	260	170	440	860	180	930	810	660	890	380	570	970	680	400	370	570	920	640	650	130	230	650	510	120	620	830	610	420	700	590	620	400	490	350	100	650	920	490	370	990	370	140	340	250	500	490	800	280	420	460	530	640	980	700	860	520	300	770	760	420	340	540	250	510	330	570	920	410	650	550	490	920	950	250	170	680	480	860	120	270	410	470	540	800	530	680	840	1000	550	710	690	460	240	380	420	670	700	640	850	530	580	880	420	600	810	740	400	560	890	130	250	500	850	860	240	220	460	520	430	920	690	310	780	820	510	670	240	1000	540	100	690	280	110	130	470	500	700	400	250	380	500	320	660	670	930	860	140	680	780	320	120	340	300	340	160	300	830	190	150	120	330	680	490	670	570	430	940	450	1000	840	550	810	550	630	670	410	1000	590	880	540	140	820	210	150	450	490	750	510	560	920	800	340	260	530	140	230	450	680	240	440	840	570	860	650	460	160	400	600	420	450	180	930	500	310	890	400	240	130	180	340	750	410	820	340	870	650	620	240	130	510	730	390	470	250	210	140	940	350	800	710	560	860	460	350	700	340	500	360	980	490	110	940	720	410	710	220	150	270	580	150	100	690	980	690	500	260	200	890	660	890	480	200	720	540	520	970	130	130	810	370	530	310	570	140	630	410	310	480	340	260	460	660	830	980	430	370	730	820	710	950	450	790	550	460	360	520	670	120	500	840	760	280	520	900	310	310	240	800	190	760	410	700	760	610	430	440	150	970	450	680	360	730	680	240	580	210	260	810	350	750	140	870	240	410	490	500	940	700	840	680	680	330	590	240	690	380	290	550	340	810	720	770	910	930	580	290	600	640	290	350	920	470	480	640	580	810	350	780	100	450	410	440	290	400	850	160	830	570	720	430	260	430	360	200	120	360	230	980	220	940	710	780	950	460	590	470	260	780	830	270	360	340	630	820	
10
