2212
80
3
70
0	0	0	0	0	0	0	0	0	0	0	0	0	0	0	0	0	0	0	0	0	0	0	0	0	0	0	0	0	0	48	0	0	48	0	0	0	0	0	0	0	0	0	0	0	0	0	0	0	0	0	0	0	0	0	0	0	0	0	0	0	48	0	0	0	0	0	0	0	0	0	0	0	0	0	0	0	0	0	0	
0	0	0	0	0	0	0	0	48	0	0	0	0	0	0	0	0	0	0	0	0	0	0	0	0	0	0	0	0	0	0	0	0	0	0	0	0	0	0	0	48	0	0	0	0	0	0	0	0	48	0	0	0	0	0	0	0	0	0	0	0	0	0	0	0	0	0	0	0	0	0	0	0	0	0	0	0	0	0	0	
0	0	0	0	0	0	48	0	0	0	0	0	0	0	48	0	0	0	0	0	0	0	0	0	0	0	0	0	0	0	0	0	0	0	0	0	0	0	0	0	0	0	0	0	0	0	0	0	0	0	0	0	48	0	0	0	0	0	0	0	0	0	0	0	0	0	0	0	0	0	0	0	0	0	0	0	0	0	0	0	
0	0	0	0	0	0	0	0	0	0	0	0	48	0	0	0	0	0	0	0	0	0	0	0	0	0	0	0	0	0	0	0	0	0	0	0	0	0	0	0	0	0	0	0	0	0	0	0	0	0	0	0	0	0	0	0	48	0	48	0	0	0	0	0	0	0	0	0	0	0	0	0	0	0	0	0	0	0	0	0	
0	0	0	0	0	0	0	0	0	0	0	0	0	0	0	0	0	0	0	0	0	0	0	0	0	0	0	0	0	0	0	48	0	0	0	0	0	0	0	0	0	0	48	0	0	0	0	0	0	0	48	0	0	0	0	0	0	0	0	0	0	0	0	0	0	0	0	0	0	0	0	0	0	0	0	0	0	0	0	0	
0	0	0	0	0	0	0	0	48	0	0	0	0	0	0	0	0	0	0	0	0	0	0	0	0	0	0	0	0	0	0	0	0	0	0	0	0	0	0	0	48	0	0	48	0	0	0	0	0	0	0	0	0	0	0	0	0	0	0	0	0	0	0	0	0	0	0	0	0	0	0	0	0	0	0	0	0	0	0	0	
0	0	48	0	0	0	0	0	0	0	0	0	48	0	48	0	0	0	0	0	0	0	0	0	0	0	0	0	0	0	0	0	0	0	0	0	0	0	0	0	0	0	0	0	0	0	0	0	0	0	0	0	0	0	0	0	0	0	0	0	0	0	0	0	0	0	0	0	0	0	0	0	0	0	0	0	0	0	0	0	
0	0	0	0	0	0	0	0	0	48	0	0	0	0	0	0	0	0	0	0	0	0	0	0	0	0	0	0	0	0	0	0	0	0	0	0	0	0	0	0	0	0	0	0	0	48	0	0	0	0	0	0	0	0	0	48	0	0	0	0	0	0	0	0	0	0	0	0	0	0	0	0	0	0	0	0	0	0	0	0	
0	48	0	0	0	48	0	0	0	0	0	0	0	0	0	0	0	0	0	0	0	0	0	0	0	0	0	0	0	0	0	0	0	0	0	0	48	0	0	0	0	0	0	0	0	0	0	0	0	0	0	0	0	0	0	0	0	0	0	0	0	0	0	0	0	0	0	0	0	0	0	0	0	0	0	0	0	0	0	0	
0	0	0	0	0	0	0	48	0	0	0	0	0	0	0	0	0	0	0	0	0	0	0	0	0	0	0	0	0	0	0	0	0	0	0	0	0	0	0	0	0	48	0	0	0	48	0	0	0	0	0	0	0	0	0	0	0	0	0	0	0	0	0	0	0	0	0	0	0	0	0	0	0	0	0	0	0	0	0	0	
0	0	0	0	0	0	0	0	0	0	0	0	0	0	0	0	48	0	0	0	0	0	0	0	0	0	0	0	0	0	0	0	0	0	0	0	0	0	0	0	0	0	0	0	0	0	0	0	0	0	0	0	0	0	0	0	0	0	0	0	48	0	0	0	0	0	0	0	0	0	0	0	0	0	48	0	0	0	0	0	
0	0	0	0	0	0	0	0	0	0	0	0	0	0	0	0	0	0	0	0	0	0	0	0	48	0	0	0	0	0	0	0	0	0	0	0	0	0	0	0	0	0	0	0	0	0	48	0	0	0	0	0	0	0	0	0	0	0	0	0	0	0	0	0	0	0	0	0	0	48	0	0	0	0	0	0	0	0	0	0	
0	0	0	48	0	0	48	0	0	0	0	0	0	0	0	0	0	0	0	0	0	0	0	0	0	0	0	0	0	0	0	0	0	0	0	0	0	0	0	0	0	0	0	0	0	0	0	0	0	0	0	0	0	0	0	0	48	0	0	0	0	0	0	0	0	0	0	0	0	0	0	0	0	0	0	0	0	0	0	0	
0	0	0	0	0	0	0	0	0	0	0	0	0	0	0	0	0	0	48	0	0	0	0	0	0	0	0	0	0	0	0	0	0	0	0	0	0	0	0	0	0	0	0	0	48	0	0	0	0	0	0	0	0	48	0	0	0	0	0	0	0	0	0	0	0	0	0	0	0	0	0	0	0	0	0	0	0	0	0	0	
0	0	48	0	0	0	48	0	0	0	0	0	0	0	0	0	0	0	0	0	0	0	0	0	0	0	0	0	0	0	0	0	0	0	0	0	0	0	0	0	0	0	0	0	0	0	0	0	0	0	0	0	0	0	0	0	0	0	0	0	0	0	0	0	0	0	0	48	0	0	0	0	0	0	0	0	0	0	0	0	
0	0	0	0	0	0	0	0	0	0	0	0	0	0	0	0	0	48	0	0	0	0	0	0	0	0	0	48	0	0	0	0	0	0	0	0	0	0	0	0	0	0	0	0	0	0	0	0	0	0	0	0	0	0	0	0	0	0	0	0	0	0	0	0	0	0	0	0	0	0	0	0	0	0	0	48	0	0	0	0	
0	0	0	0	0	0	0	0	0	0	48	0	0	0	0	0	0	0	0	48	0	0	0	0	0	0	0	0	0	0	0	0	0	0	0	0	0	0	0	0	0	0	0	0	0	0	0	0	0	48	0	0	0	0	0	0	0	0	0	0	0	0	0	0	0	0	0	0	0	0	0	0	0	0	0	0	0	0	0	0	
0	0	0	0	0	0	0	0	0	0	0	0	0	0	0	48	0	0	0	0	0	0	0	0	0	0	0	48	0	48	0	0	0	0	0	0	0	0	0	0	0	0	0	0	0	0	0	0	0	0	0	0	0	0	0	0	0	0	0	0	0	0	0	0	0	0	0	0	0	0	0	0	0	0	0	0	0	0	0	0	
0	0	0	0	0	0	0	0	0	0	0	0	0	48	0	0	0	0	0	0	0	0	0	0	0	0	0	0	0	0	0	0	0	0	0	0	0	0	0	0	0	0	0	0	48	0	0	0	0	0	0	0	0	48	0	0	0	0	0	0	0	0	0	0	0	0	0	0	0	0	0	0	0	0	0	0	0	0	0	0	
0	0	0	0	0	0	0	0	0	0	0	0	0	0	0	0	48	0	0	0	0	0	0	0	0	0	0	0	0	0	0	0	0	0	0	0	0	0	0	48	0	0	0	0	0	0	0	0	0	0	0	0	0	0	0	0	0	0	0	0	0	0	0	0	0	0	0	0	0	0	0	0	0	0	0	0	0	0	0	48	
0	0	0	0	0	0	0	0	0	0	0	0	0	0	0	0	0	0	0	0	0	0	0	0	0	0	48	0	0	0	0	0	0	0	0	0	0	0	0	0	0	0	0	0	0	0	0	0	0	0	48	0	0	48	0	0	0	0	0	0	0	0	0	0	0	0	0	0	0	0	0	0	0	0	0	0	0	0	0	0	
0	0	0	0	0	0	0	0	0	0	0	0	0	0	0	0	0	0	0	0	0	0	0	0	0	0	0	0	0	0	0	0	48	0	0	0	0	0	0	0	0	0	0	0	0	0	48	0	0	0	0	0	0	0	0	0	0	0	0	0	0	0	0	0	0	0	0	0	48	0	0	0	0	0	0	0	0	0	0	0	
0	0	0	0	0	0	0	0	0	0	0	0	0	0	0	0	0	0	0	0	0	0	0	0	0	0	0	0	0	0	0	0	48	0	0	0	0	0	0	0	0	0	0	0	0	0	0	0	0	0	0	0	0	0	0	0	0	0	0	0	0	0	0	0	0	48	0	0	0	0	0	48	0	0	0	0	0	0	0	0	
0	0	0	0	0	0	0	0	0	0	0	0	0	0	0	0	0	0	0	0	0	0	0	0	0	0	0	0	0	0	0	0	0	0	0	0	48	0	0	0	48	0	0	0	0	0	0	0	0	0	0	0	0	0	0	0	0	0	0	0	0	0	0	0	0	0	0	0	0	0	0	0	0	48	0	0	0	0	0	0	
0	0	0	0	0	0	0	0	0	0	0	48	0	0	0	0	0	0	0	0	0	0	0	0	0	0	0	0	0	0	0	0	0	0	48	0	0	0	0	0	0	0	0	0	0	0	0	0	0	0	0	0	0	0	0	0	0	0	0	0	0	0	0	0	0	0	48	0	0	0	0	0	0	0	0	0	0	0	0	0	
0	0	0	0	0	0	0	0	0	0	0	0	0	0	0	0	0	0	0	0	0	0	0	0	0	0	0	0	0	0	0	0	0	0	0	48	0	0	48	0	0	0	0	0	0	0	0	0	0	0	0	0	0	0	0	0	0	0	0	0	0	0	0	0	0	48	0	0	0	0	0	0	0	0	0	0	0	0	0	0	
0	0	0	0	0	0	0	0	0	0	0	0	0	0	0	0	0	0	0	0	48	0	0	0	0	0	0	0	0	0	0	48	0	0	0	0	0	0	0	0	0	0	0	0	0	0	0	0	0	0	48	0	0	0	0	0	0	0	0	0	0	0	0	0	0	0	0	0	0	0	0	0	0	0	0	0	0	0	0	0	
0	0	0	0	0	0	0	0	0	0	0	0	0	0	0	48	0	48	0	0	0	0	0	0	0	0	0	0	0	0	0	0	0	0	0	0	0	0	0	0	0	0	0	0	0	0	0	0	0	0	0	0	0	0	0	0	0	0	0	0	0	0	0	0	0	0	0	0	0	0	0	0	0	0	0	48	0	0	0	0	
0	0	0	0	0	0	0	0	0	0	0	0	0	0	0	0	0	0	0	0	0	0	0	0	0	0	0	0	0	0	0	0	0	0	0	0	0	0	0	48	0	0	0	0	48	0	0	0	0	0	0	0	0	0	0	0	0	0	0	0	48	0	0	0	0	0	0	0	0	0	0	0	0	0	0	0	0	0	0	0	
0	0	0	0	0	0	0	0	0	0	0	0	0	0	0	0	0	48	0	0	0	0	0	0	0	0	0	0	0	0	0	0	0	0	0	0	0	48	0	0	0	0	0	0	0	0	0	0	0	0	0	0	0	0	0	0	0	0	0	0	0	0	0	0	0	0	0	48	0	0	0	0	0	0	0	0	0	0	0	0	
48	0	0	0	0	0	0	0	0	0	0	0	0	0	0	0	0	0	0	0	0	0	0	0	0	0	0	0	0	0	0	0	0	0	0	0	0	0	0	0	0	0	0	0	0	0	0	0	0	0	0	0	0	0	0	0	0	0	0	0	0	48	0	0	0	0	0	0	0	0	0	0	48	0	0	0	0	0	0	0	
0	0	0	0	48	0	0	0	0	0	0	0	0	0	0	0	0	0	0	0	0	0	0	0	0	0	48	0	0	0	0	0	0	0	0	0	0	0	0	0	0	0	48	0	0	0	0	0	0	0	0	0	0	0	0	0	0	0	0	0	0	0	0	0	0	0	0	0	0	0	0	0	0	0	0	0	0	0	0	0	
0	0	0	0	0	0	0	0	0	0	0	0	0	0	0	0	0	0	0	0	0	48	48	0	0	0	0	0	0	0	0	0	0	0	0	0	0	0	0	0	0	0	0	0	0	0	0	0	0	0	0	0	0	0	0	0	0	0	0	0	0	0	0	0	0	48	0	0	0	0	0	0	0	0	0	0	0	0	0	0	
48	0	0	0	0	0	0	0	0	0	0	0	0	0	0	0	0	0	0	0	0	0	0	0	0	0	0	0	0	0	0	0	0	0	0	0	0	0	0	0	0	0	0	0	0	0	0	0	0	0	0	0	0	0	0	0	0	0	0	0	0	0	0	0	0	0	0	0	0	0	48	0	0	0	0	0	0	48	0	0	
0	0	0	0	0	0	0	0	0	0	0	0	0	0	0	0	0	0	0	0	0	0	0	0	48	0	0	0	0	0	0	0	0	0	0	0	0	0	0	0	0	48	0	0	0	0	0	0	0	0	0	0	0	0	0	0	0	0	0	0	0	0	0	0	0	0	48	0	0	0	0	0	0	0	0	0	0	0	0	0	
0	0	0	0	0	0	0	0	0	0	0	0	0	0	0	0	0	0	0	0	0	0	0	0	0	48	0	0	0	0	0	0	0	0	0	0	0	0	0	0	0	0	0	0	0	0	0	0	0	0	0	0	0	0	0	0	0	0	0	0	0	0	0	0	48	0	0	0	0	0	0	48	0	0	0	0	0	0	0	0	
0	0	0	0	0	0	0	0	48	0	0	0	0	0	0	0	0	0	0	0	0	0	0	48	0	0	0	0	0	0	0	0	0	0	0	0	0	0	0	0	0	0	0	0	0	0	0	0	0	0	0	0	0	0	0	0	0	0	0	0	0	0	0	0	0	0	0	0	0	0	0	0	0	48	0	0	0	0	0	0	
0	0	0	0	0	0	0	0	0	0	0	0	0	0	0	0	0	0	0	0	0	0	0	0	0	0	0	0	0	48	0	0	0	0	0	0	0	0	0	0	0	0	0	0	0	0	0	0	0	48	0	0	0	0	0	0	0	0	0	0	0	0	0	0	0	0	0	48	0	0	0	0	0	0	0	0	0	0	0	0	
0	0	0	0	0	0	0	0	0	0	0	0	0	0	0	0	0	0	0	0	0	0	0	0	0	48	0	0	0	0	0	0	0	0	0	0	0	0	0	0	0	0	0	0	0	0	0	0	0	0	0	0	0	0	0	0	0	0	0	0	0	48	0	0	0	0	0	0	0	0	0	0	48	0	0	0	0	0	0	0	
0	0	0	0	0	0	0	0	0	0	0	0	0	0	0	0	0	0	0	48	0	0	0	0	0	0	0	0	48	0	0	0	0	0	0	0	0	0	0	0	0	0	0	0	0	0	0	0	0	0	0	0	0	0	0	0	0	0	0	0	48	0	0	0	0	0	0	0	0	0	0	0	0	0	0	0	0	0	0	0	
0	48	0	0	0	48	0	0	0	0	0	0	0	0	0	0	0	0	0	0	0	0	0	48	0	0	0	0	0	0	0	0	0	0	0	0	0	0	0	0	0	0	0	0	0	0	0	0	0	0	0	0	0	0	0	0	0	0	0	0	0	0	0	0	0	0	0	0	0	0	0	0	0	0	0	0	0	0	0	0	
0	0	0	0	0	0	0	0	0	48	0	0	0	0	0	0	0	0	0	0	0	0	0	0	0	0	0	0	0	0	0	0	0	0	48	0	0	0	0	0	0	0	0	0	0	0	0	0	0	0	0	0	0	0	0	0	0	0	0	0	0	0	48	0	0	0	0	0	0	0	0	0	0	0	0	0	0	0	0	0	
0	0	0	0	48	0	0	0	0	0	0	0	0	0	0	0	0	0	0	0	0	0	0	0	0	0	0	0	0	0	0	48	0	0	0	0	0	0	0	0	0	0	0	0	0	0	0	0	48	0	0	0	0	0	0	0	0	0	0	0	0	0	0	0	0	0	0	0	0	0	0	0	0	0	0	0	0	0	0	0	
0	0	0	0	0	48	0	0	0	0	0	0	0	0	0	0	0	0	0	0	0	0	0	0	0	0	0	0	0	0	0	0	0	0	0	0	0	0	0	0	0	0	0	0	0	0	0	0	0	0	0	0	0	0	0	0	0	0	0	0	0	0	0	0	0	0	0	0	0	0	0	0	0	48	48	0	0	0	0	0	
0	0	0	0	0	0	0	0	0	0	0	0	0	48	0	0	0	0	48	0	0	0	0	0	0	0	0	0	48	0	0	0	0	0	0	0	0	0	0	0	0	0	0	0	0	0	0	0	0	0	0	0	0	0	0	0	0	0	0	0	0	0	0	0	0	0	0	0	0	0	0	0	0	0	0	0	0	0	0	0	
0	0	0	0	0	0	0	48	0	48	0	0	0	0	0	0	0	0	0	0	0	0	0	0	0	0	0	0	0	0	0	0	0	0	0	0	0	0	0	0	0	0	0	0	0	0	0	0	0	0	0	0	0	0	0	48	0	0	0	0	0	0	0	0	0	0	0	0	0	0	0	0	0	0	0	0	0	0	0	0	
0	0	0	0	0	0	0	0	0	0	0	48	0	0	0	0	0	0	0	0	0	48	0	0	0	0	0	0	0	0	0	0	0	0	0	0	0	0	0	0	0	0	0	0	0	0	0	0	0	0	0	0	0	0	0	0	0	0	0	0	0	0	0	0	0	0	48	0	0	0	0	0	0	0	0	0	0	0	0	0	
0	0	0	0	0	0	0	0	0	0	0	0	0	0	0	0	0	0	0	0	0	0	0	0	0	0	0	0	0	0	0	0	0	0	0	0	0	0	0	0	0	0	0	0	0	0	0	0	0	0	0	0	48	0	0	0	0	0	0	48	0	0	0	0	0	0	0	0	0	0	0	0	0	0	0	48	0	0	0	0	
0	0	0	0	0	0	0	0	0	0	0	0	0	0	0	0	0	0	0	0	0	0	0	0	0	0	0	0	0	0	0	0	0	0	0	0	0	0	0	0	0	0	48	0	0	0	0	0	0	0	0	0	0	0	0	0	48	0	0	0	0	0	0	0	0	0	0	0	0	0	0	0	0	0	48	0	0	0	0	0	
0	48	0	0	0	0	0	0	0	0	0	0	0	0	0	0	48	0	0	0	0	0	0	0	0	0	0	0	0	0	0	0	0	0	0	0	0	48	0	0	0	0	0	0	0	0	0	0	0	0	0	0	0	0	0	0	0	0	0	0	0	0	0	0	0	0	0	0	0	0	0	0	0	0	0	0	0	0	0	0	
0	0	0	0	48	0	0	0	0	0	0	0	0	0	0	0	0	0	0	0	48	0	0	0	0	0	48	0	0	0	0	0	0	0	0	0	0	0	0	0	0	0	0	0	0	0	0	0	0	0	0	0	0	0	0	0	0	0	0	0	0	0	0	0	0	0	0	0	0	0	0	0	0	0	0	0	0	0	0	0	
0	0	0	0	0	0	0	0	0	0	0	0	0	0	0	0	0	0	0	0	0	0	0	0	0	0	0	0	0	0	0	0	0	0	0	0	0	0	0	0	0	0	0	0	0	0	0	0	0	0	0	0	0	0	0	0	0	0	0	0	0	0	0	48	0	0	0	0	0	0	0	0	0	0	0	0	48	48	0	0	
0	0	48	0	0	0	0	0	0	0	0	0	0	0	0	0	0	0	0	0	0	0	0	0	0	0	0	0	0	0	0	0	0	0	0	0	0	0	0	0	0	0	0	0	0	0	0	48	0	0	0	0	0	0	0	0	0	0	0	48	0	0	0	0	0	0	0	0	0	0	0	0	0	0	0	0	0	0	0	0	
0	0	0	0	0	0	0	0	0	0	0	0	0	48	0	0	0	0	48	0	48	0	0	0	0	0	0	0	0	0	0	0	0	0	0	0	0	0	0	0	0	0	0	0	0	0	0	0	0	0	0	0	0	0	0	0	0	0	0	0	0	0	0	0	0	0	0	0	0	0	0	0	0	0	0	0	0	0	0	0	
0	0	0	0	0	0	0	0	0	0	0	0	0	0	0	0	0	0	0	0	0	0	0	0	0	0	0	0	0	0	0	0	0	0	0	0	0	0	0	0	0	0	0	0	0	0	0	0	0	0	0	0	0	0	0	0	0	48	48	48	0	0	0	0	0	0	0	0	0	0	0	0	0	0	0	0	0	0	0	0	
0	0	0	0	0	0	0	48	0	0	0	0	0	0	0	0	0	0	0	0	0	0	0	0	0	0	0	0	0	0	0	0	0	0	0	0	0	0	0	0	0	0	0	0	0	48	0	0	0	0	0	0	0	0	0	0	0	0	0	0	0	0	0	0	0	0	0	0	0	0	0	0	0	0	0	0	0	0	48	0	
0	0	0	48	0	0	0	0	0	0	0	0	48	0	0	0	0	0	0	0	0	0	0	0	0	0	0	0	0	0	0	0	0	0	0	0	0	0	0	0	0	0	0	0	0	0	0	0	48	0	0	0	0	0	0	0	0	0	0	0	0	0	0	0	0	0	0	0	0	0	0	0	0	0	0	0	0	0	0	0	
0	0	0	0	0	0	0	0	0	0	0	0	0	0	0	0	0	0	0	0	0	0	0	0	0	0	0	0	0	0	0	0	0	0	0	0	0	0	0	0	0	0	0	0	0	0	0	0	0	0	0	0	0	0	48	0	0	0	0	0	0	0	0	48	0	0	0	0	0	0	0	0	0	0	0	0	48	0	0	0	
0	0	0	48	0	0	0	0	0	0	0	0	0	0	0	0	0	0	0	0	0	0	0	0	0	0	0	0	0	0	0	0	0	0	0	0	0	0	0	0	0	0	0	0	0	0	0	0	0	0	0	0	0	0	48	0	0	0	0	0	0	0	0	0	0	0	0	0	0	0	0	0	0	0	0	0	0	0	48	0	
0	0	0	0	0	0	0	0	0	0	0	0	0	0	0	0	0	0	0	0	0	0	0	0	0	0	0	0	0	0	0	0	0	0	0	0	0	0	0	0	0	0	0	0	0	0	0	48	0	0	0	0	48	0	48	0	0	0	0	0	0	0	0	0	0	0	0	0	0	0	0	0	0	0	0	0	0	0	0	0	
0	0	0	0	0	0	0	0	0	0	48	0	0	0	0	0	0	0	0	0	0	0	0	0	0	0	0	0	48	0	0	0	0	0	0	0	0	0	0	48	0	0	0	0	0	0	0	0	0	0	0	0	0	0	0	0	0	0	0	0	0	0	0	0	0	0	0	0	0	0	0	0	0	0	0	0	0	0	0	0	
48	0	0	0	0	0	0	0	0	0	0	0	0	0	0	0	0	0	0	0	0	0	0	0	0	0	0	0	0	0	48	0	0	0	0	0	0	0	48	0	0	0	0	0	0	0	0	0	0	0	0	0	0	0	0	0	0	0	0	0	0	0	0	0	0	0	0	0	0	0	0	0	0	0	0	0	0	0	0	0	
0	0	0	0	0	0	0	0	0	0	0	0	0	0	0	0	0	0	0	0	0	0	0	0	0	0	0	0	0	0	0	0	0	0	0	0	0	0	0	0	0	48	0	0	0	0	0	0	0	0	0	0	0	0	0	0	0	0	0	0	0	0	0	0	48	0	0	0	0	0	0	48	0	0	0	0	0	0	0	0	
0	0	0	0	0	0	0	0	0	0	0	0	0	0	0	0	0	0	0	0	0	0	0	0	0	0	0	0	0	0	0	0	0	0	0	0	0	0	0	0	0	0	0	0	0	0	0	0	0	0	0	48	0	0	0	0	0	48	0	0	0	0	0	0	0	0	0	0	0	0	0	0	0	0	0	0	48	0	0	0	
0	0	0	0	0	0	0	0	0	0	0	0	0	0	0	0	0	0	0	0	0	0	0	0	0	0	0	0	0	0	0	0	0	0	0	48	0	0	0	0	0	0	0	0	0	0	0	0	0	0	0	0	0	0	0	0	0	0	0	0	0	0	48	0	0	0	0	0	48	0	0	0	0	0	0	0	0	0	0	0	
0	0	0	0	0	0	0	0	0	0	0	0	0	0	0	0	0	0	0	0	0	0	48	0	0	48	0	0	0	0	0	0	48	0	0	0	0	0	0	0	0	0	0	0	0	0	0	0	0	0	0	0	0	0	0	0	0	0	0	0	0	0	0	0	0	0	0	0	0	0	0	0	0	0	0	0	0	0	0	0	
0	0	0	0	0	0	0	0	0	0	0	0	0	0	0	0	0	0	0	0	0	0	0	0	48	0	0	0	0	0	0	0	0	0	48	0	0	0	0	0	0	0	0	0	0	0	48	0	0	0	0	0	0	0	0	0	0	0	0	0	0	0	0	0	0	0	0	0	0	0	0	0	0	0	0	0	0	0	0	0	
0	0	0	0	0	0	0	0	0	0	0	0	0	0	48	0	0	0	0	0	0	0	0	0	0	0	0	0	0	48	0	0	0	0	0	0	0	48	0	0	0	0	0	0	0	0	0	0	0	0	0	0	0	0	0	0	0	0	0	0	0	0	0	0	0	0	0	0	0	0	0	0	0	0	0	0	0	0	0	0	
0	0	0	0	0	0	0	0	0	0	0	0	0	0	0	0	0	0	0	0	0	48	0	0	0	0	0	0	0	0	0	0	0	0	0	0	0	0	0	0	0	0	0	0	0	0	0	0	0	0	0	0	0	0	0	0	0	0	0	0	0	0	0	0	48	0	0	0	0	48	0	0	0	0	0	0	0	0	0	0	
0	0	0	0	0	0	0	0	0	0	0	48	0	0	0	0	0	0	0	0	0	0	0	0	0	0	0	0	0	0	0	0	0	0	0	0	0	0	0	0	0	0	0	0	0	0	0	0	0	0	0	0	0	0	0	0	0	0	0	0	0	0	0	0	0	0	0	0	48	0	0	0	0	0	0	0	0	0	0	48	
0	0	0	0	0	0	0	0	0	0	0	0	0	0	0	0	0	0	0	0	0	0	0	0	0	0	0	0	0	0	0	0	0	48	0	0	0	0	0	0	0	0	0	0	0	0	0	0	0	0	0	0	0	0	0	0	0	0	0	0	0	0	0	0	0	0	0	0	0	0	0	0	0	0	0	0	0	48	48	0	
0	0	0	0	0	0	0	0	0	0	0	0	0	0	0	0	0	0	0	0	0	0	48	0	0	0	0	0	0	0	0	0	0	0	0	48	0	0	0	0	0	0	0	0	0	0	0	0	0	0	0	0	0	0	0	0	0	0	0	0	0	0	48	0	0	0	0	0	0	0	0	0	0	0	0	0	0	0	0	0	
0	0	0	0	0	0	0	0	0	0	0	0	0	0	0	0	0	0	0	0	0	0	0	0	0	0	0	0	0	0	48	0	0	0	0	0	0	0	48	0	0	0	0	0	0	0	0	0	0	0	0	0	0	0	0	0	0	0	0	0	0	0	0	0	0	0	0	0	0	0	0	0	0	0	0	0	0	0	0	48	
0	0	0	0	0	0	0	0	0	0	0	0	0	0	0	0	0	0	0	0	0	0	0	48	0	0	0	0	0	0	0	0	0	0	0	0	48	0	0	0	0	0	0	48	0	0	0	0	0	0	0	0	0	0	0	0	0	0	0	0	0	0	0	0	0	0	0	0	0	0	0	0	0	0	0	0	0	0	0	0	
0	0	0	0	0	0	0	0	0	0	48	0	0	0	0	0	0	0	0	0	0	0	0	0	0	0	0	0	0	0	0	0	0	0	0	0	0	0	0	0	0	0	0	48	0	0	0	0	48	0	0	0	0	0	0	0	0	0	0	0	0	0	0	0	0	0	0	0	0	0	0	0	0	0	0	0	0	0	0	0	
0	0	0	0	0	0	0	0	0	0	0	0	0	0	0	48	0	0	0	0	0	0	0	0	0	0	0	48	0	0	0	0	0	0	0	0	0	0	0	0	0	0	0	0	0	0	0	48	0	0	0	0	0	0	0	0	0	0	0	0	0	0	0	0	0	0	0	0	0	0	0	0	0	0	0	0	0	0	0	0	
0	0	0	0	0	0	0	0	0	0	0	0	0	0	0	0	0	0	0	0	0	0	0	0	0	0	0	0	0	0	0	0	0	0	0	0	0	0	0	0	0	0	0	0	0	0	0	0	0	0	0	48	0	0	0	0	0	48	0	0	0	0	0	48	0	0	0	0	0	0	0	0	0	0	0	0	0	0	0	0	
0	0	0	0	0	0	0	0	0	0	0	0	0	0	0	0	0	0	0	0	0	0	0	0	0	0	0	0	0	0	0	0	0	48	0	0	0	0	0	0	0	0	0	0	0	0	0	0	0	0	0	48	0	0	0	0	0	0	0	0	0	0	0	0	0	0	0	0	0	0	48	0	0	0	0	0	0	0	0	0	
0	0	0	0	0	0	0	0	0	0	0	0	0	0	0	0	0	0	0	0	0	0	0	0	0	0	0	0	0	0	0	0	0	0	0	0	0	0	0	0	0	0	0	0	0	0	0	0	0	0	0	0	0	0	0	48	0	0	48	0	0	0	0	0	0	0	0	0	0	0	48	0	0	0	0	0	0	0	0	0	
0	0	0	0	0	0	0	0	0	0	0	0	0	0	0	0	0	0	0	48	0	0	0	0	0	0	0	0	0	0	0	0	0	0	0	0	0	0	0	0	0	0	0	0	0	0	0	0	0	0	0	0	0	0	0	0	0	0	0	0	0	0	0	0	0	0	0	0	0	48	0	0	48	0	0	0	0	0	0	0	
20	15	38	14	40	48	6	50	68	42	6	47	55	60	19	2	60	3	72	23	2	42	53	60	36	48	37	46	65	49	69	73	52	10	19	12	60	41	44	34	4	26	44	73	11	58	32	29	45	70	59	60	37	27	71	20	75	23	7	26	73	48	77	70	31	2	45	47	53	56	55	38	39	40	14	49	55	5	35	64	38	78	7	52	20	6	27	14	18	12	33	0	19	34	24	26	54	40	19	46	76	49	17	43	23	28	37	53	24	59	47	10	63	47	0	77	30	41	73	78	21	10	27	14	70	2	39	31	65	51	14	1	9	63	49	54	60	53	18	45	29	70	64	74	61	5	30	43	77	17	27	51	77	29	42	66	14	8	58	73	18	68	30	10	74	34	70	53	22	34	3	11	72	39	38	9	16	38	14	35	46	76	78	18	18	12	2	3	58	21	57	19	66	4	14	48	23	69	30	53	7	37	56	0	78	66	71	46	50	68	73	52	34	54	32	36	24	13	34	21	28	35	54	34	71	16	54	2	18	46	43	47	38	5	77	18	45	14	22	2	59	49	64	72	57	64	63	29	35	50	40	55	51	38	78	36	13	72	35	18	3	26	22	46	38	9	41	49	18	3	70	79	77	37	11	8	17	17	49	11	51	8	39	65	65	57	73	2	16	2	60	0	7	24	62	21	25	35	75	63	71	63	30	29	20	15	7	7	64	20	34	51	5	21	2	48	24	45	7	38	43	47	29	17	25	9	16	29	2	46	12	0	15	76	46	49	35	49	37	40	18	66	49	3	14	45	55	60	47	15	75	32	51	2	74	24	63	10	34	34	25	79	12	43	60	79	55	41	69	65	14	47	42	77	38	40	0	72	75	49	5	64	34	66	19	34	66	51	25	26	23	31	48	47	26	29	18	44	37	70	56	73	49	21	34	69	30	22	19	52	24	2	56	70	21	13	65	28	23	27	14	7	43	44	4	75	7	33	40	73	45	67	47	35	61	65	9	74	73	78	63	3	66	71	48	64	57	60	76	34	23	64	3	15	15	30	10	19	19	54	14	27	60	4	56	58	30	30	58	68	76	31	40	76	72	15	25	34	22	36	29	16	22	63	17	53	14	20	5	60	75	11	48	64	4	0	64	20	67	41	48	26	13	68	33	25	4	47	17	46	27	7	47	24	65	30	53	38	34	38	59	59	13	37	16	21	70	76	4	12	55	37	9	10	53	37	53	34	3	29	34	46	42	76	67	45	23	38	38	65	3	43	4	68	55	19	58	79	70	21	10	1	47	61	14	55	28	7	51	37	62	15	12	23	4	53	61	7	1	37	76	14	76	1	38	38	34	28	52	69	6	35	43	7	13	65	39	48	35	67	35	25	65	22	29	31	55	5	33	61	78	25	23	22	63	29	53	70	68	31	18	69	58	17	44	62	13	40	11	49	9	28	42	56	59	28	35	25	59	69	14	32	59	57	69	56	21	54	56	33	69	29	42	35	60	48	69	52	0	47	22	63	58	38	18	1	34	41	4	60	76	20	0	69	44	19	79	22	29	45	75	43	35	47	62	37	64	64	62	34	32	32	12	34	20	27	74	11	30	63	72	16	44	56	7	7	73	32	39	73	10	29	5	2	11	30	20	40	41	14	58	33	25	36	77	15	51	49	77	21	25	43	26	27	15	46	45	47	20	78	48	40	64	36	47	27	58	53	5	62	34	76	50	16	67	75	43	63	69	62	20	14	50	42	10	16	18	70	75	37	0	4	38	67	63	8	24	45	74	76	77	70	57	26	51	75	12	54	79	46	30	24	25	74	4	67	26	57	34	8	73	46	32	61	43	37	6	29	20	32	23	61	50	37	28	37	39	13	68	29	13	30	62	78	21	27	68	26	55	37	52	34	22	68	23	46	59	31	54	63	15	6	50	3	79	70	7	49	79	17	64	49	73	46	45	25	33	24	15	16	0	2	45	62	17	60	12	27	29	40	9	54	72	30	4	69	59	9	57	39	23	68	54	14	15	62	60	60	8	22	40	79	64	22	15	29	44	66	4	76	74	78	54	71	48	48	58	19	14	42	42	53	31	24	68	26	65	8	62	36	63	7	28	12	39	49	25	38	51	61	62	20	53	42	5	4	63	3	16	63	71	74	2	32	39	51	11	58	10	37	61	1	0	63	79	67	61	25	73	34	67	18	38	31	57	2	15	15	20	29	61	76	13	61	64	63	42	59	25	53	4	47	4	74	65	21	2	5	21	54	5	71	19	50	11	27	6	17	29	35	38	68	61	55	27	76	78	69	78	43	41	20	26	34	13	75	65	74	27	59	51	51	53	5	49	62	28	10	76	44	16	59	53	15	19	31	28	79	49	38	55	77	49	58	37	63	66	33	21	77	20	61	78	60	35	44	46	68	64	64	49	50	58	75	15	53	63	58	62	69	48	70	46	0	55	57	32	49	41	2	59	75	39	5	54	0	12	15	62	63	38	18	19	46	24	26	18	39	57	62	17	72	38	48	14	75	71	64	76	14	79	65	76	52	64	39	34	39	25	57	72	74	72	2	70	75	21	56	58	72	54	40	21	67	74	75	12	31	14	38	43	43	50	19	18	57	62	11	10	26	74	79	11	65	34	66	53	29	73	70	59	69	78	23	56	45	52	9	42	63	76	12	72	56	37	17	70	13	32	33	45	11	73	54	22	14	21	24	11	53	59	20	62	74	73	25	21	18	42	30	23	2	53	8	61	25	43	3	17	63	18	45	54	17	21	32	0	74	3	51	23	54	39	33	20	72	57	58	29	71	79	71	31	22	43	2	16	35	68	40	25	15	38	17	16	0	38	70	3	24	22	69	57	20	8	13	73	50	51	31	62	37	78	73	33	27	1	34	57	3	8	40	32	12	27	19	56	8	12	12	39	21	65	1	46	3	19	10	22	70	18	27	35	64	45	50	6	18	55	51	64	33	59	6	77	39	8	73	13	51	46	4	25	51	62	3	19	10	13	39	79	76	38	35	73	22	28	68	18	27	4	43	47	64	43	36	52	46	11	43	26	32	68	1	10	27	15	49	24	60	70	21	4	60	60	22	25	74	12	50	49	78	36	24	65	8	44	2	9	17	31	45	60	60	58	40	3	1	58	42	19	55	6	48	29	17	45	59	46	41	51	24	15	28	59	0	36	45	67	7	70	78	35	52	16	53	51	30	79	55	1	67	15	1	67	79	19	55	39	38	63	65	1	35	59	1	22	61	73	35	10	44	35	13	20	25	78	14	73	11	76	72	71	41	57	34	28	19	44	62	62	66	40	43	0	70	6	36	21	55	77	17	52	44	72	73	28	65	13	77	60	17	74	73	62	16	60	61	13	43	78	9	15	5	28	51	12	62	52	36	43	8	54	27	17	35	59	58	55	59	28	57	37	24	67	18	70	4	23	65	54	20	67	12	35	1	79	6	2	27	33	35	17	28	19	28	34	16	45	5	49	25	44	68	38	70	72	57	5	67	69	78	23	17	25	27	75	2	42	19	45	19	70	18	75	20	22	78	51	62	4	7	0	75	55	55	35	37	10	32	31	43	5	54	36	53	79	36	47	52	35	17	40	44	57	53	31	27	45	19	64	11	61	13	25	9	37	69	74	6	18	50	76	26	0	69	28	4	32	36	9	7	51	47	14	14	55	20	76	49	7	14	25	4	48	9	39	50	25	15	38	73	10	14	38	11	37	17	67	6	61	54	39	26	8	42	8	46	10	19	58	79	39	74	61	7	20	37	47	59	40	70	38	79	66	28	30	18	2	58	75	14	20	79	50	38	73	63	26	27	61	13	0	72	13	3	67	10	20	27	70	59	20	5	59	75	7	10	60	67	74	33	53	57	10	51	0	14	21	40	26	20	37	41	32	41	31	19	3	35	76	60	53	65	32	21	2	17	53	0	22	21	14	19	34	66	20	75	5	22	42	78	8	2	10	72	49	76	67	44	12	31	49	31	33	25	72	51	39	59	5	63	11	21	40	68	47	73	77	36	49	49	48	73	62	7	1	12	4	56	14	9	60	37	45	54	18	67	50	20	9	39	31	7	68	3	20	75	5	50	46	65	23	24	16	35	22	39	21	1	10	70	39	41	13	69	29	76	59	73	28	20	7	74	31	64	35	74	0	53	63	77	28	78	55	57	3	30	19	6	21	58	46	55	9	35	24	31	53	29	16	51	73	5	68	68	11	68	8	41	17	11	15	4	59	9	8	29	24	57	67	65	53	78	61	5	18	43	10	44	52	53	0	57	49	76	17	34	68	16	2	66	37	22	22	31	69	79	5	58	54	3	50	31	7	79	0	60	65	58	29	21	2	57	57	62	20	58	55	24	59	48	48	41	19	3	63	52	52	20	53	9	18	23	7	17	9	42	78	76	18	4	67	6	73	46	22	1	68	9	56	53	26	38	22	51	44	21	16	76	43	24	24	16	72	63	63	34	52	27	28	16	62	41	22	40	12	6	59	29	25	73	55	34	18	60	40	5	59	17	16	21	25	18	47	65	41	1	23	31	4	46	64	48	64	77	19	1	42	61	71	55	35	41	72	48	71	41	51	0	41	73	77	48	73	45	41	25	8	79	67	6	56	60	55	9	79	35	32	40	12	39	43	17	27	41	59	54	3	68	58	1	64	1	41	68	37	45	46	59	58	63	69	71	64	62	77	33	47	22	75	21	36	69	3	63	24	79	8	7	53	41	71	38	71	66	35	53	45	59	44	4	42	74	69	51	33	4	16	6	17	11	37	17	45	66	4	66	17	71	3	50	17	47	39	25	4	66	10	25	33	74	65	10	52	16	24	69	72	55	76	6	62	0	20	75	15	59	47	6	27	26	67	31	54	16	10	10	53	28	15	28	7	6	62	36	31	43	0	24	32	70	46	76	21	56	3	28	68	15	79	74	39	1	10	18	24	0	26	59	57	66	49	36	14	43	57	6	47	25	28	74	18	13	25	64	28	37	20	10	71	46	53	33	58	20	71	11	3	11	69	44	
27	77	76	8	2	1	53	73	46	22	78	64	56	21	18	70	25	56	42	36	73	6	78	18	51	26	72	73	79	76	48	36	21	69	15	26	64	79	47	69	55	33	8	30	21	54	36	13	1	23	61	61	47	11	62	14	5	51	12	39	4	6	15	26	7	49	74	17	67	50	2	54	58	34	3	0	41	63	42	78	59	37	4	28	15	1	45	7	33	49	51	59	30	2	19	7	36	32	26	39	47	73	20	8	44	57	15	55	8	30	40	65	17	36	28	67	19	73	39	25	75	9	7	66	7	66	9	26	18	32	58	46	75	1	6	43	63	34	12	30	57	31	55	36	72	21	68	74	40	66	2	61	70	50	44	26	0	19	48	30	50	18	59	54	9	43	74	64	18	11	25	71	11	48	74	53	34	50	15	7	13	44	77	27	5	4	61	25	35	18	40	42	49	63	54	54	54	53	17	8	61	61	66	40	46	63	33	51	62	60	49	12	77	59	17	58	77	26	53	50	2	61	17	57	17	25	25	4	16	5	3	57	35	52	5	60	64	43	18	38	20	37	51	77	18	25	74	56	36	36	47	44	44	74	34	2	29	24	58	67	60	7	55	5	12	28	45	16	2	37	68	65	31	77	32	43	68	47	65	7	25	57	48	43	48	0	37	69	27	79	34	21	52	74	29	45	29	67	55	66	13	21	49	35	15	45	14	71	15	38	9	35	38	42	53	76	37	12	73	34	64	14	22	78	15	45	75	11	57	21	69	70	40	47	9	8	60	59	67	61	44	54	67	52	69	54	6	33	29	33	59	23	38	44	5	74	65	25	6	41	52	77	1	52	6	64	28	24	39	40	57	18	41	38	79	9	46	31	11	65	7	0	62	49	59	74	3	69	7	68	9	11	46	68	34	42	68	30	54	37	14	71	40	66	76	35	3	14	50	70	64	74	26	59	65	39	61	62	77	13	15	42	28	79	16	57	72	37	13	31	59	22	35	63	60	17	79	7	74	49	45	66	58	20	71	38	20	30	2	61	27	11	28	71	64	34	4	64	15	35	20	4	2	24	9	14	23	11	22	14	38	46	22	32	52	45	11	10	43	64	14	54	55	24	27	33	10	35	37	12	5	23	32	1	77	78	41	2	70	29	24	21	49	33	1	19	25	61	35	0	6	77	61	39	71	18	27	34	17	43	9	56	36	11	71	47	71	39	73	79	23	39	27	19	4	17	57	64	34	21	27	6	65	23	58	19	54	57	6	14	65	44	66	14	52	70	79	70	6	2	28	73	31	31	15	57	58	18	12	58	24	66	46	37	34	59	44	58	40	41	6	63	37	7	59	48	65	77	33	9	27	22	61	70	31	34	69	40	55	24	48	56	73	69	71	65	0	79	46	21	71	73	25	28	42	1	5	69	28	50	44	38	17	0	43	11	12	33	41	65	42	49	24	54	10	24	13	9	61	30	34	61	13	35	35	45	45	0	11	55	2	27	22	39	72	40	45	37	12	15	45	76	38	25	37	63	78	71	36	7	62	55	21	51	25	45	27	40	19	78	28	15	77	59	36	36	42	44	50	56	15	19	40	36	9	62	53	68	13	52	44	65	1	59	6	69	57	24	55	40	13	19	4	61	28	40	1	74	52	13	25	79	72	3	6	72	76	13	74	58	69	57	76	52	39	3	10	63	19	4	20	59	22	5	21	49	50	74	40	39	19	75	8	14	50	65	16	75	11	58	27	10	20	10	66	63	57	64	23	0	47	14	19	39	15	4	65	4	30	56	32	47	18	69	2	69	71	50	54	53	50	73	63	27	54	60	18	56	76	47	44	6	65	68	29	71	18	13	9	73	56	12	28	63	65	11	78	38	34	67	17	32	15	45	62	77	47	14	47	19	56	46	77	66	7	68	44	66	64	74	30	78	34	39	29	32	41	50	15	14	32	25	3	76	66	74	75	47	38	4	76	35	52	36	57	71	43	72	20	8	60	72	27	33	19	68	48	2	4	23	31	77	50	55	73	21	77	29	30	18	21	50	57	59	49	27	56	54	34	19	24	2	17	57	39	32	63	32	46	40	40	23	11	67	21	21	25	58	4	7	8	49	46	6	28	65	76	11	43	20	16	29	41	63	44	9	20	66	18	26	47	14	52	36	18	10	36	55	28	30	43	11	33	74	34	56	30	21	14	37	68	53	21	68	28	1	74	44	68	3	2	42	21	25	13	19	48	6	10	37	49	16	58	46	20	53	43	17	71	37	48	4	73	4	8	74	19	30	48	0	8	76	75	20	26	67	15	34	20	30	58	6	36	51	30	67	22	39	33	53	38	6	2	41	51	63	77	45	72	78	47	14	50	51	51	50	46	69	38	70	3	20	1	75	78	65	68	18	50	73	1	29	64	52	1	46	5	35	52	15	61	16	66	43	9	5	50	10	52	16	16	73	26	77	75	53	31	30	29	5	21	47	68	37	13	70	49	68	25	54	36	33	44	29	62	34	71	36	8	69	9	18	5	18	6	57	45	21	61	11	50	42	9	58	14	19	25	76	63	61	47	57	64	28	40	36	46	22	28	4	1	69	12	7	58	69	0	32	60	2	47	74	1	17	4	23	6	57	30	66	51	46	63	8	33	27	76	74	27	67	60	0	77	52	46	37	39	68	68	15	19	48	10	10	0	29	48	16	25	26	47	74	7	72	48	35	53	30	19	24	23	0	3	61	38	13	24	55	40	31	11	57	72	5	46	40	68	22	40	48	15	27	79	29	17	62	49	36	59	47	56	0	37	63	12	17	15	73	56	18	78	3	18	77	39	20	21	78	44	70	48	23	22	62	71	59	73	7	10	20	13	19	77	41	68	52	25	4	23	34	8	18	31	0	69	33	16	11	77	32	32	51	40	72	44	30	45	17	42	13	42	7	24	47	19	4	27	48	13	50	58	14	24	11	49	37	18	75	61	34	39	15	62	62	71	7	48	37	78	11	9	67	35	78	63	24	24	25	79	41	1	65	12	33	66	67	30	9	5	8	14	56	30	74	68	74	38	11	16	42	31	21	37	63	43	67	47	11	36	31	0	31	37	21	2	54	32	57	1	6	24	39	1	19	44	1	34	61	39	39	47	16	69	67	79	48	71	61	12	48	31	6	70	23	19	46	11	78	35	0	34	51	49	17	74	71	45	47	36	24	51	59	45	79	41	17	55	55	24	54	10	3	74	27	43	27	46	71	12	28	70	14	62	23	35	9	72	57	60	56	12	68	42	39	72	77	17	67	28	27	42	55	58	40	70	28	69	24	27	54	7	47	69	47	14	22	32	45	10	5	78	51	72	4	58	31	54	59	79	46	68	43	15	12	45	66	32	41	62	35	66	34	40	1	37	60	60	31	28	69	9	69	12	73	35	66	33	53	77	75	34	47	77	52	2	12	6	18	14	2	59	68	51	61	21	65	78	48	24	34	54	70	43	72	30	10	42	42	7	68	79	39	55	26	48	60	53	66	14	47	64	73	51	39	49	34	57	15	21	75	42	10	50	76	23	8	29	77	42	75	2	19	43	14	64	14	16	73	15	22	38	70	76	22	23	36	31	3	31	6	62	27	74	43	58	56	0	63	68	23	12	76	59	76	42	78	29	1	30	16	77	36	23	71	76	55	33	28	8	73	18	68	19	62	71	39	66	44	40	57	55	27	57	67	21	46	7	68	73	36	65	16	58	10	62	16	17	2	33	51	78	1	33	69	50	77	57	20	48	76	35	35	49	25	35	23	19	18	42	48	65	50	63	34	54	51	78	15	11	27	32	51	68	2	30	16	40	28	18	48	2	39	78	50	61	14	0	29	41	38	2	10	44	1	72	76	50	8	5	71	17	61	8	53	7	71	56	75	61	37	7	44	69	78	43	75	74	7	2	19	29	59	30	61	0	20	0	57	19	41	14	44	34	37	67	8	62	53	36	53	14	72	59	44	47	46	72	75	21	55	9	35	13	22	75	67	42	17	52	12	22	36	2	11	45	75	50	62	54	19	30	75	53	11	73	43	68	42	69	47	55	74	78	18	27	49	66	3	26	28	18	1	5	11	49	62	34	1	65	68	64	1	35	14	1	17	70	42	51	61	16	75	5	75	41	68	56	78	24	59	9	4	54	50	65	34	8	71	54	42	34	14	23	11	40	27	73	72	48	16	70	21	9	75	0	23	22	6	27	32	8	23	19	15	47	15	43	15	71	53	35	9	2	43	76	72	62	42	10	52	60	34	45	64	13	72	46	5	4	7	12	34	51	18	50	19	22	16	37	57	76	72	38	64	53	10	63	52	11	79	25	49	4	65	10	54	42	26	7	5	39	53	75	70	75	54	36	2	61	35	76	47	46	15	41	78	76	31	25	5	24	63	49	57	74	38	1	55	64	66	72	67	78	65	57	64	52	18	78	24	59	40	3	12	64	64	67	56	63	41	12	59	53	29	59	65	64	11	60	39	6	49	1	24	45	66	36	50	34	52	58	31	72	43	34	75	63	49	73	1	79	74	34	56	62	20	2	61	68	64	24	72	73	20	1	8	36	43	33	57	62	33	52	70	32	32	35	54	37	60	43	1	18	69	71	50	74	11	14	35	31	78	42	48	69	69	44	34	49	49	6	8	36	33	21	78	35	0	26	0	18	73	18	11	13	10	19	55	24	23	64	28	67	13	15	65	7	72	55	33	76	1	47	50	5	53	71	59	12	65	59	42	17	24	49	61	32	66	23	33	21	28	60	55	4	15	15	77	6	27	76	39	59	20	67	47	53	30	24	1	34	43	1	22	69	48	40	14	2	73	17	15	66	73	18	33	38	34	56	52	26	2	25	74	37	55	8	70	28	35	60	6	32	27	20	1	49	3	45	76	0	57	41	65	54	72	21	30	9	48	16	74	51	48	58	10	79	69	13	72	28	6	52	38	17	9	64	74	34	22	5	52	16	68	20	24	29	72	54	49	75	20	73	37	26	43	61	20	66	19	26	53	16	14	68	75	38	65	35	23	23	61	
3	10	16	20	10	6	1	3	6	11	10	2	14	5	9	2	5	19	6	4	9	18	18	8	11	9	11	19	8	2	1	20	1	15	6	18	10	7	14	14	14	17	10	3	16	9	12	8	11	12	12	12	17	20	4	12	16	1	12	17	11	8	20	15	18	19	20	10	19	7	7	2	6	15	4	13	19	9	4	6	20	3	18	2	19	1	18	16	20	4	3	15	15	5	14	12	13	14	16	2	3	10	8	4	6	4	8	8	6	8	11	6	18	11	10	17	13	19	1	20	14	16	9	12	20	6	12	16	14	17	18	11	3	11	9	14	2	14	5	4	2	8	20	12	17	9	6	20	20	18	20	8	13	20	8	3	19	17	7	20	4	9	5	8	13	12	7	6	3	18	19	5	15	5	17	16	10	20	10	16	18	8	12	1	18	12	9	2	5	18	15	6	20	14	18	4	14	2	17	11	5	10	3	1	7	11	17	19	14	5	9	3	11	18	8	16	20	19	16	12	11	19	18	9	12	12	19	19	17	3	4	15	3	17	6	19	18	19	2	2	7	10	14	7	14	14	13	16	13	5	11	10	14	9	16	14	6	12	12	7	4	10	7	7	4	9	13	1	11	13	2	15	7	7	13	16	15	6	16	5	7	9	11	10	6	7	10	15	2	14	11	10	1	7	2	12	5	5	1	13	15	5	15	16	16	16	11	3	9	3	1	6	12	10	9	1	14	5	13	3	11	15	15	3	4	1	7	14	12	1	3	15	5	10	12	3	7	6	16	9	4	9	5	9	2	13	5	14	12	11	13	11	3	3	10	7	15	13	12	9	3	15	3	11	6	3	13	13	5	1	7	6	15	5	9	14	10	2	9	4	5	13	12	16	9	6	14	7	6	11	2	14	2	9	14	12	14	7	7	5	12	3	10	14	11	12	15	15	15	16	2	7	8	2	12	16	6	7	3	14	2	6	5	15	7	10	10	2	14	7	16	1	10	14	4	13	16	7	14	4	1	7	14	7	12	11	2	10	4	7	12	16	5	9	13	14	4	7	6	5	1	6	5	16	6	2	7	8	11	4	6	8	13	11	11	8	13	1	6	9	10	4	5	5	10	1	9	10	11	4	3	16	2	8	5	14	2	16	12	3	8	4	7	4	13	3	1	15	7	1	10	16	13	14	11	3	5	1	9	2	15	12	4	16	14	2	9	9	8	7	13	15	6	1	11	5	7	12	11	11	16	5	2	2	4	5	11	10	14	2	4	16	13	9	4	11	4	15	2	7	2	7	14	5	3	12	15	4	1	6	3	3	15	5	16	5	7	8	13	8	4	6	14	15	11	6	9	16	7	5	7	7	8	15	11	2	7	11	14	4	5	9	6	12	14	8	4	3	16	14	11	11	12	10	6	16	8	10	9	13	7	12	13	11	10	4	8	6	4	12	16	14	1	3	4	12	4	7	8	12	6	8	12	5	16	14	1	7	6	15	1	9	1	15	2	7	3	12	13	1	2	15	11	6	13	10	6	5	14	2	5	5	16	3	12	12	9	16	13	11	5	12	5	10	13	4	3	15	15	7	8	1	6	5	5	14	9	9	6	11	11	6	5	11	10	2	13	11	2	5	15	6	4	16	1	1	12	14	13	1	6	12	2	1	5	2	16	4	13	14	12	11	3	1	6	15	4	9	3	14	3	9	11	14	3	5	8	16	5	12	7	5	1	1	15	2	15	12	5	9	1	6	8	5	1	15	8	8	11	7	5	13	7	11	16	16	8	11	2	15	15	12	11	14	9	4	5	7	4	1	2	11	1	8	8	12	10	9	3	12	14	3	12	7	7	13	9	8	2	11	6	1	5	9	4	7	1	15	3	10	2	12	1	15	10	16	5	10	7	16	7	4	13	14	8	2	8	3	3	3	12	1	14	4	3	1	15	14	11	9	8	14	6	1	16	3	13	10	8	8	12	15	15	5	9	7	8	12	15	5	6	5	7	1	7	4	11	12	14	10	3	3	8	15	8	9	8	6	10	11	6	13	2	12	14	8	6	16	6	5	8	10	11	14	13	12	10	7	2	5	10	12	11	13	5	16	1	4	8	12	2	3	4	11	13	9	7	2	2	4	8	15	6	6	13	3	14	5	12	4	10	4	15	11	8	7	8	1	8	5	14	15	15	7	6	8	12	4	10	15	7	1	2	15	12	15	15	3	9	9	11	6	8	3	10	16	5	8	13	5	10	11	5	15	15	6	10	3	15	15	15	3	3	4	11	13	5	11	6	13	6	11	11	11	6	14	13	1	14	16	12	2	7	5	7	6	3	13	5	9	14	5	3	12	9	5	7	12	10	12	16	10	6	12	15	5	11	12	14	10	4	13	12	1	16	8	8	2	7	13	11	15	11	6	11	6	1	6	15	6	1	5	5	5	15	1	15	8	16	7	3	16	14	15	12	5	2	9	6	13	7	2	7	5	7	11	5	6	5	15	5	9	16	13	16	14	2	4	3	9	14	9	13	14	2	6	9	2	9	13	14	9	5	6	5	3	4	10	7	15	2	12	7	10	5	11	12	10	12	1	5	8	3	15	11	10	7	3	10	3	3	1	2	1	15	9	1	12	13	1	14	8	2	13	10	11	10	12	7	4	15	4	3	11	6	15	8	1	3	10	9	3	8	13	6	2	9	6	12	4	7	4	11	8	3	7	16	13	2	7	9	9	8	14	6	5	16	5	3	12	13	7	1	6	3	10	3	14	16	5	9	11	14	16	4	8	12	10	10	14	15	1	3	11	11	16	11	9	10	5	11	16	5	15	12	3	15	15	6	10	6	9	6	11	2	12	14	11	11	7	11	7	9	6	16	4	2	14	14	2	2	7	2	11	12	8	12	10	15	6	1	7	15	14	1	6	10	10	2	11	2	3	7	7	3	6	8	4	12	6	11	5	13	9	6	2	13	9	14	11	15	16	13	6	2	15	16	14	12	3	3	10	8	4	3	5	9	2	15	2	3	2	13	14	13	8	1	11	2	4	10	11	9	5	8	7	4	10	7	12	5	16	5	1	9	13	2	3	2	1	1	15	7	1	6	9	3	6	12	12	5	1	10	2	3	12	9	15	8	5	3	16	2	14	2	7	3	5	2	10	2	4	12	8	8	6	16	2	7	8	14	14	3	13	12	9	13	10	10	1	8	11	15	2	5	12	9	12	5	13	6	1	9	15	6	1	8	2	8	2	10	4	7	3	8	10	14	2	2	14	10	6	8	5	6	10	5	5	10	3	8	11	5	13	5	6	3	2	3	7	1	4	12	10	12	4	1	2	6	16	13	4	4	5	8	4	12	9	13	9	15	7	13	16	9	13	3	7	6	7	7	4	7	11	10	1	3	11	12	5	11	9	14	8	4	5	14	6	2	6	3	12	15	14	11	8	14	13	3	2	1	16	9	16	13	5	2	4	9	8	15	14	13	16	14	15	10	15	4	6	8	2	4	1	5	11	10	13	12	8	5	3	10	4	9	4	12	2	5	10	5	16	10	13	7	16	13	2	11	7	7	6	1	11	6	15	10	10	14	10	9	5	10	11	4	15	12	11	14	13	15	2	16	16	3	15	13	7	10	7	6	4	14	14	1	4	1	1	10	13	8	16	7	15	8	9	10	8	7	9	15	13	6	7	2	9	11	8	7	16	14	8	9	4	11	3	12	4	10	8	6	14	15	9	4	8	6	10	4	3	3	1	12	11	13	4	9	10	6	1	16	6	9	10	11	2	4	14	14	7	3	13	7	13	5	4	2	11	10	9	7	5	12	16	15	6	8	12	9	3	4	12	9	4	1	12	2	15	4	5	11	6	8	13	3	9	11	16	7	8	10	11	15	7	4	2	15	7	1	5	14	12	13	11	15	1	1	10	15	9	4	12	16	11	16	7	2	6	2	14	16	3	12	7	11	16	8	12	2	9	15	2	7	9	2	5	5	6	12	4	16	8	11	7	11	15	1	8	16	2	12	2	6	9	7	14	6	7	15	9	13	12	13	15	5	7	11	9	8	8	2	16	8	7	15	9	2	4	8	13	11	8	13	6	16	16	15	2	15	4	10	1	15	1	11	8	11	1	5	16	9	16	13	4	11	13	9	9	7	7	7	15	5	16	8	14	4	5	8	5	11	5	14	7	4	12	8	12	16	3	8	6	3	16	8	12	1	6	12	13	4	12	1	1	14	8	10	3	4	3	9	7	12	1	7	14	8	16	4	3	13	2	13	12	9	15	8	6	11	4	7	8	15	15	11	9	2	5	9	10	2	4	3	13	10	12	12	16	10	13	1	5	2	14	15	4	11	14	9	16	13	4	9	9	1	6	7	3	10	15	1	6	2	16	4	15	14	14	6	13	14	12	16	15	4	16	14	14	14	14	10	2	16	7	13	8	7	3	9	4	9	10	16	12	7	1	7	1	15	13	12	15	8	3	4	8	4	1	3	8	6	16	11	2	12	7	1	13	7	2	6	10	14	8	16	9	5	3	2	13	3	13	6	3	5	2	11	8	1	2	1	5	1	2	4	2	2	1	8	16	10	11	13	7	6	9	5	2	6	1	12	10	15	6	10	1	9	16	11	11	6	13	3	4	9	1	7	7	15	2	16	11	13	3	5	14	12	9	13	15	3	14	8	16	8	4	9	3	13	9	2	7	15	14	1	4	6	5	6	3	8	15	11	3	1	8	12	1	8	14	1	5	13	4	1	3	9	9	12	2	13	7	16	9	15	3	9	11	12	4	9	9	2	9	3	9	3	14	10	6	7	14	7	2	11	4	8	9	10	4	4	5	2	12	2	7	12	11	4	2	16	9	3	11	6	15	5	1	13	1	4	11	9	1	8	2	7	5	16	15	15	14	4	1	12	5	3	4	5	1	11	11	2	8	15	12	6	4	8	10	15	6	9	12	5	13	11	11	1	10	11	5	9	7	9	14	4	13	6	4	8	4	16	11	15	4	4	13	8	14	3	15	8	6	1	1	9	9	10	3	15	1	
970	530	780	420	760	130	950	560	750	650	360	890	730	220	210	470	720	960	160	610	470	180	390	730	570	190	420	700	550	540	940	850	880	980	460	560	140	400	390	370	130	670	890	770	190	990	520	970	320	590	240	120	350	740	430	670	680	520	710	270	530	780	200	360	460	670	350	730	790	180	230	730	810	390	990	660	520	700	530	200	270	510	830	590	200	490	590	130	570	390	700	510	490	340	850	450	200	510	890	900	590	430	300	940	720	700	790	320	580	280	880	170	170	960	240	520	180	290	890	280	430	620	830	680	820	600	110	980	990	220	140	150	730	330	920	540	610	440	280	520	210	830	810	950	910	380	120	620	530	770	910	720	280	300	600	530	610	140	830	640	880	730	870	580	440	890	320	570	500	550	410	430	340	720	530	520	190	430	160	100	360	410	470	670	170	660	280	540	860	610	630	750	700	200	330	240	300	670	730	810	960	670	920	250	760	360	650	230	630	880	520	450	880	460	780	320	360	190	890	270	250	480	390	930	570	680	670	520	780	670	600	160	100	440	740	580	790	530	970	960	570	220	660	930	360	930	950	960	370	100	530	830	440	620	460	680	650	700	750	580	860	780	570	110	140	590	660	560	730	890	810	610	900	410	530	430	970	630	360	1000	830	390	980	290	880	330	900	930	360	990	270	870	860	620	980	170	320	730	740	680	190	310	120	100	810	830	550	110	810	940	250	410	190	890	440	930	400	590	790	110	860	420	550	970	570	960	360	340	940	310	280	510	570	600	180	830	320	500	530	830	140	280	480	650	940	580	330	650	130	410	150	890	940	420	340	380	110	600	840	390	810	500	210	370	970	600	220	980	330	980	280	420	560	940	210	100	630	740	400	570	500	850	270	610	730	330	770	800	980	300	390	1000	150	830	980	650	450	690	800	740	680	940	580	960	970	640	370	600	480	540	810	450	500	920	120	230	110	900	440	560	320	270	710	100	700	280	300	740	370	400	120	930	530	490	100	530	720	340	100	420	850	460	260	650	390	970	680	680	750	940	360	370	250	850	700	380	200	200	720	710	900	430	510	810	140	480	470	700	870	440	540	260	210	280	690	730	890	640	340	400	130	640	520	850	960	830	820	230	800	890	620	810	350	570	680	840	750	200	940	950	690	280	420	180	470	160	170	950	540	440	930	380	650	540	790	900	610	550	940	370	200	470	730	390	260	620	150	920	550	200	270	210	590	770	880	730	160	590	650	620	800	660	470	560	630	230	740	890	1000	700	130	100	460	960	610	1000	200	970	450	500	980	350	430	520	660	660	230	170	940	350	290	250	500	210	560	940	710	790	630	890	620	520	470	510	920	680	880	820	870	200	260	610	190	570	460	130	940	940	250	150	840	140	910	880	330	450	430	270	140	450	300	230	670	550	730	730	310	280	590	510	150	580	860	500	420	570	690	300	730	890	610	910	960	460	220	920	150	460	710	940	260	940	1000	720	910	340	340	700	880	520	990	820	490	450	830	810	990	580	280	780	640	920	720	600	320	290	490	890	880	760	560	420	380	390	530	440	510	360	940	180	960	260	410	430	530	760	240	280	340	860	970	840	440	530	520	300	760	770	820	430	990	930	460	490	630	100	240	980	260	920	170	650	580	700	450	470	820	850	170	470	130	220	180	250	740	950	210	290	660	770	500	690	320	750	230	440	130	560	430	610	800	440	360	950	910	190	740	460	900	330	750	770	900	260	520	900	440	340	810	820	280	270	870	960	330	570	240	310	890	390	820	870	600	410	390	1000	840	930	830	530	890	580	800	910	770	980	760	610	490	130	810	310	210	730	260	770	610	780	520	780	860	280	810	340	670	390	540	370	780	150	220	970	810	840	580	960	860	820	910	960	850	740	280	960	1000	700	950	930	670	270	700	290	550	300	140	520	740	260	210	650	170	220	290	750	150	750	290	960	480	960	860	990	290	430	590	560	660	260	640	500	740	500	830	1000	560	790	190	190	320	530	870	120	910	480	800	470	590	580	290	930	500	520	520	620	950	760	110	340	710	160	990	820	370	970	490	830	880	700	670	860	660	800	300	960	460	580	200	760	670	210	360	330	560	440	200	990	550	490	630	710	450	110	100	680	360	950	330	710	670	580	960	550	120	520	1000	610	970	300	380	660	590	400	390	290	560	650	700	680	840	660	520	600	580	760	360	160	260	870	790	350	450	310	110	880	850	720	650	600	870	840	740	190	850	950	820	570	440	940	760	100	750	590	540	320	820	420	430	530	790	680	830	170	260	800	510	680	560	490	830	310	260	280	250	370	740	980	990	250	510	980	660	660	540	880	770	540	280	720	500	380	930	200	310	160	500	580	540	770	180	870	540	500	480	140	750	510	960	170	110	670	790	890	520	520	410	330	1000	220	200	580	800	660	220	560	840	560	370	380	970	290	760	720	790	310	870	890	480	880	320	230	680	370	440	260	400	260	400	790	800	270	710	960	440	700	370	610	970	720	160	890	340	550	490	790	450	890	960	400	590	170	840	350	810	370	210	800	230	950	310	730	340	380	450	490	700	980	840	290	190	470	290	730	850	460	410	150	140	350	140	460	120	540	890	230	700	930	630	510	840	520	500	580	350	180	750	140	570	810	640	980	790	220	720	430	790	870	230	540	750	410	470	690	790	630	970	850	690	520	480	160	340	990	260	830	100	200	640	520	450	450	970	110	210	950	310	640	450	300	140	390	310	710	110	300	540	370	760	720	290	870	370	250	920	150	740	300	460	310	880	420	600	790	710	140	630	120	270	130	530	690	590	280	180	790	210	540	110	640	420	730	480	380	880	1000	940	720	480	760	710	420	350	580	690	460	130	360	930	530	410	570	280	320	260	450	670	1000	100	560	930	980	460	330	410	280	390	330	990	760	750	160	280	220	440	220	430	910	600	730	130	780	480	490	690	620	470	520	610	270	880	720	920	580	880	760	600	520	800	820	470	750	980	600	230	190	840	200	460	170	800	950	380	460	290	610	900	230	360	610	170	580	220	910	520	820	970	770	270	780	390	770	430	570	550	780	960	330	450	410	140	250	900	820	540	150	640	580	560	820	390	840	600	220	470	560	400	620	890	890	920	270	980	1000	400	510	390	380	310	750	620	370	410	890	750	880	770	690	360	440	990	420	840	140	710	400	210	980	450	670	480	580	870	140	640	460	960	990	390	900	800	750	840	950	950	140	710	520	200	840	690	720	620	450	690	480	750	680	1000	370	940	780	360	860	480	450	200	940	690	330	790	390	930	610	710	680	450	640	120	470	880	260	760	450	640	850	550	360	380	140	830	700	360	310	830	970	810	650	260	480	360	390	870	550	820	960	600	790	450	810	570	640	310	410	380	530	380	580	900	720	530	270	900	570	590	980	140	190	330	1000	530	390	200	820	900	160	570	190	500	940	630	720	230	750	850	690	380	410	160	910	920	300	820	130	910	610	970	590	690	960	380	450	700	550	530	860	320	960	910	650	800	290	930	950	120	280	910	870	440	580	810	580	650	100	560	630	760	110	880	590	570	420	390	670	710	960	450	290	660	880	760	110	200	820	490	280	230	380	590	580	950	150	160	180	280	790	330	280	900	810	100	420	160	800	970	830	360	180	930	660	610	220	810	230	820	310	810	960	110	480	690	770	340	790	180	230	290	990	330	590	880	450	510	980	560	160	870	900	510	110	630	1000	980	940	560	850	460	320	360	100	270	590	480	310	900	260	870	550	310	200	740	160	370	420	870	810	400	940	790	410	640	940	190	570	550	650	270	990	780	990	600	940	350	580	410	320	720	300	530	270	240	360	570	730	580	570	900	370	650	620	930	940	480	350	470	250	1000	260	840	890	230	900	230	370	780	100	530	230	840	850	960	410	850	880	250	330	790	770	920	150	190	160	800	190	740	930	450	680	740	520	780	830	570	160	710	680	970	100	290	610	630	630	960	180	760	890	120	150	120	530	510	310	140	800	790	760	550	320	980	570	350	950	680	250	810	350	420	510	370	960	620	360	310	810	550	640	170	440	520	140	210	150	660	140	370	170	160	240	130	220	750	140	830	980	930	400	800	160	930	890	880	170	760	230	890	700	390	240	430	700	460	670	300	160	970	870	230	580	910	100	710	450	330	820	160	140	150	350	150	470	790	310	750	520	130	390	730	160	870	270	690	620	480	430	820	440	870	650	790	830	770	650	630	950	310	280	720	620	160	330	840	260	730	170	130	870	560	500	670	300	750	560	290	260	780	590	280	200	750	380	710	910	210	590	100	630	730	400	630	970	220	950	720	420	610	300	740	420	430	220	670	190	210	360	280	370	570	380	250	830	290	180	780	310	370	200	280	770	220	670	510	520	320	460	750	170	810	110	330	160	290	470	910	100	780	820	940	380	130	900	110	890	710	770	280	1000	560	200	980	640	260	790	420	320	170	180	190	120	200	200	450	150	100	290	760	880	990	350	110	640	520	370	440	380	730	590	600	700	230	400	710	260	890	870	780	710	340	850	680	340	750	840	1000	240	320	910	640	610	100	680	390	350	790	900	640	170	750	410	480	130	180	270	870	600	190	220	180	450	450	920	990	370	350	630	600	780	950	340	840	990	460	220	920	490	240	580	700	800	410	980	930	420	810	120	220	240	110	780	210	860	540	440	730	130	810	890	620	670	250	230	610	420	190	290	590	220	590	410	570	210	180	170	970	890	200	970	210	270	940	790	390	840	690	250	440	840	940	170	340	610	620	990	250	670	160	480	690	410	340	560	610	520	480	410	690	750	530	580	410	440	600	560	500	990	530	130	880	840	630	710	880	510	210	320	690	580	120	430	490	820	920	520	410	980	140	630	710	300	780	960	220	630	830	520	820	170	650	850	530	650	260	160	770	130	310	390	650	180	530	260	670	570	900	440	740	120	270	650	160	570	710	260	720	400	550	700	260	950	190	980	310	650	650	460	430	100	740	740	250	500	940	990	760	220	670	880	530	980	660	310	500	300	900	260	300	890	940	450	630	910	390	630	480	560	310	180	260	240	370	630	230	500	270	470	
10
