1580
80
2
50
0	500	500	0	0	0	0	500	0	0	0	0	0	0	500	0	0	0	0	0	0	0	0	0	0	0	0	0	0	0	500	0	0	500	0	0	0	0	0	0	0	0	0	0	0	0	0	0	0	0	0	500	0	0	0	0	0	0	0	0	0	500	0	0	0	0	0	0	0	0	0	0	0	0	0	0	0	0	0	0	
500	0	0	0	0	0	0	0	0	0	0	0	0	0	0	0	0	0	0	0	0	0	0	0	0	0	0	0	0	0	0	0	0	0	0	0	0	0	0	0	500	0	0	0	0	0	0	0	0	500	0	0	0	0	0	0	0	0	0	0	0	0	0	0	0	0	0	0	0	0	0	0	0	0	0	0	0	0	0	0	
500	0	0	0	0	0	500	0	0	0	0	0	0	0	0	0	0	0	0	0	0	0	0	0	0	0	0	0	0	0	0	0	0	0	0	0	0	0	0	0	0	0	0	0	0	0	0	0	0	0	0	0	500	0	0	0	0	0	0	0	0	0	0	0	0	0	0	0	0	0	0	0	0	0	0	0	0	0	0	0	
0	0	0	0	0	0	0	0	0	0	0	0	0	0	0	0	0	0	0	0	0	0	0	0	0	0	0	0	0	0	0	0	0	0	0	0	0	0	0	0	0	0	0	0	0	0	0	0	0	0	0	0	0	0	0	0	500	0	500	0	0	0	0	0	0	0	0	0	0	0	0	0	0	0	0	0	0	0	0	0	
0	0	0	0	0	0	0	0	0	0	0	0	0	0	0	0	0	0	0	0	0	0	0	0	0	0	0	0	0	0	0	500	0	0	0	0	0	0	0	0	0	0	0	0	0	0	0	0	0	0	500	0	0	0	0	0	0	0	0	0	0	0	0	0	0	0	0	0	0	0	0	0	0	0	0	0	0	0	0	0	
0	0	0	0	0	0	0	0	500	0	0	0	0	0	0	0	0	0	0	0	0	0	0	0	0	0	0	0	0	0	0	0	0	0	0	0	0	0	0	0	500	0	0	0	0	0	0	0	0	0	0	0	0	0	0	0	0	0	0	0	0	0	0	0	0	0	0	0	0	0	0	0	0	0	0	0	0	0	0	0	
0	0	500	0	0	0	0	0	0	0	0	0	500	0	0	0	0	0	0	0	0	0	0	0	0	0	0	0	0	0	0	0	0	0	0	0	0	0	0	0	0	0	0	0	0	0	0	0	0	0	0	0	0	0	0	0	0	0	0	0	0	0	0	0	0	0	0	0	0	0	0	0	0	0	0	0	0	0	0	0	
500	0	0	0	0	0	0	0	0	500	0	0	0	0	0	0	0	0	0	0	0	0	0	0	0	0	0	0	0	0	0	0	0	0	0	0	0	0	0	0	0	0	0	0	0	500	0	0	0	0	0	0	0	0	0	0	0	0	0	0	0	0	0	0	0	0	0	0	0	0	0	0	0	0	0	0	0	0	0	0	
0	0	0	0	0	500	0	0	0	0	0	0	0	0	0	0	0	0	0	0	0	0	0	0	0	0	0	0	0	0	0	0	0	0	0	0	500	0	0	0	0	0	0	0	0	0	0	0	0	0	0	0	0	0	0	0	0	0	0	0	0	0	0	0	0	0	0	0	0	0	0	0	0	0	0	0	0	0	0	0	
0	0	0	0	0	0	0	500	0	0	0	0	0	0	0	0	0	0	0	0	0	0	0	0	0	0	0	0	0	0	0	0	0	0	0	0	0	0	0	0	0	500	0	0	0	0	0	0	0	0	0	0	0	0	0	0	0	0	0	0	0	0	0	0	0	0	0	0	0	0	0	0	0	0	0	0	0	0	0	0	
0	0	0	0	0	0	0	0	0	0	0	0	0	0	0	0	500	0	0	0	0	0	0	0	0	0	0	0	0	0	0	0	0	0	0	0	0	0	0	0	0	0	0	0	0	0	0	0	0	0	0	0	0	0	0	0	0	0	0	0	500	0	0	0	0	0	0	0	0	0	0	0	0	0	0	0	0	0	0	0	
0	0	0	0	0	0	0	0	0	0	0	0	0	0	0	0	0	0	0	0	0	0	0	0	500	0	0	0	0	0	0	0	0	0	0	0	0	0	0	0	0	0	0	0	0	0	0	0	0	0	0	0	0	0	0	0	0	0	0	0	0	0	0	0	0	0	0	0	0	500	0	0	0	0	0	0	0	0	0	0	
0	0	0	0	0	0	500	0	0	0	0	0	0	0	0	0	0	0	0	0	0	0	0	0	0	0	0	0	0	0	0	0	0	0	0	0	0	0	0	0	0	0	0	0	0	0	0	0	0	0	0	0	0	0	0	0	500	0	0	0	0	0	0	0	0	0	0	0	0	0	0	0	0	0	0	0	0	0	0	0	
0	0	0	0	0	0	0	0	0	0	0	0	0	0	0	0	0	0	500	0	0	0	0	0	0	0	0	0	0	0	0	0	0	0	0	0	0	0	0	0	0	0	0	0	0	0	0	0	0	0	0	0	0	500	0	0	0	0	0	0	0	0	0	0	0	0	0	0	0	0	0	0	0	0	0	0	0	0	0	0	
500	0	0	0	0	0	0	0	0	0	0	0	0	0	0	500	0	0	0	0	0	0	0	0	0	0	0	0	0	0	0	0	0	0	0	0	0	0	0	0	0	0	0	0	0	0	0	0	0	0	0	0	0	0	0	0	0	0	0	0	0	0	0	0	0	0	0	500	0	0	0	0	0	0	0	0	0	0	0	0	
0	0	0	0	0	0	0	0	0	0	0	0	0	0	500	0	0	0	0	0	0	0	0	0	0	0	0	500	0	0	0	0	0	0	0	0	0	0	0	0	0	0	0	0	0	0	0	0	0	0	0	0	0	0	0	0	0	0	0	0	0	0	0	0	0	0	0	0	0	0	0	0	0	0	0	0	0	0	0	0	
0	0	0	0	0	0	0	0	0	0	500	0	0	0	0	0	0	0	0	0	0	0	0	0	0	0	0	0	0	0	0	0	0	0	0	0	0	0	0	0	0	0	0	0	0	0	0	0	0	500	0	0	0	0	0	0	0	0	0	0	0	0	0	0	0	0	0	0	0	0	0	0	0	0	0	0	0	0	0	0	
0	0	0	0	0	0	0	0	0	0	0	0	0	0	0	0	0	0	0	0	0	0	0	0	0	0	0	500	0	500	0	0	0	0	0	0	0	0	0	0	0	0	0	0	0	0	0	0	0	0	0	0	0	0	0	0	0	0	0	0	0	0	0	0	0	0	0	0	0	0	0	0	0	0	0	0	0	0	0	0	
0	0	0	0	0	0	0	0	0	0	0	0	0	500	0	0	0	0	0	0	0	0	0	0	0	0	0	0	0	0	0	0	0	0	0	0	0	0	0	0	0	0	0	0	500	0	0	0	0	0	0	0	0	0	0	0	0	0	0	0	0	0	0	0	0	0	0	0	0	0	0	0	0	0	0	0	0	0	0	0	
0	0	0	0	0	0	0	0	0	0	0	0	0	0	0	0	0	0	0	0	0	0	0	0	0	0	0	0	0	0	0	0	0	0	0	0	0	0	0	500	0	0	0	0	0	0	0	0	0	0	0	0	0	0	0	0	0	0	0	0	0	0	0	0	0	0	0	0	0	0	0	0	0	0	0	0	0	0	0	500	
0	0	0	0	0	0	0	0	0	0	0	0	0	0	0	0	0	0	0	0	0	0	0	0	0	0	500	0	0	0	0	0	0	0	0	0	0	0	0	0	0	0	0	0	0	0	0	0	0	0	0	0	0	500	0	0	0	0	0	0	0	0	0	0	0	0	0	0	0	0	0	0	0	0	0	0	0	0	0	0	
0	0	0	0	0	0	0	0	0	0	0	0	0	0	0	0	0	0	0	0	0	0	0	0	0	0	0	0	0	0	0	0	0	0	0	0	0	0	0	0	0	0	0	0	0	0	500	0	0	0	0	0	0	0	0	0	0	0	0	0	0	0	0	0	0	0	0	0	500	0	0	0	0	0	0	0	0	0	0	0	
0	0	0	0	0	0	0	0	0	0	0	0	0	0	0	0	0	0	0	0	0	0	0	0	0	0	0	0	0	0	0	0	500	0	0	0	0	0	0	0	0	0	0	0	0	0	0	0	0	0	0	0	0	0	0	0	0	0	0	0	0	0	0	0	0	0	0	0	0	0	0	500	0	0	0	0	0	0	0	0	
0	0	0	0	0	0	0	0	0	0	0	0	0	0	0	0	0	0	0	0	0	0	0	0	0	0	0	0	0	0	0	0	0	0	0	0	500	0	0	0	0	0	0	0	0	0	0	0	0	0	0	0	0	0	0	0	0	0	0	0	0	0	0	0	0	0	0	0	0	0	0	0	0	500	0	0	0	0	0	0	
0	0	0	0	0	0	0	0	0	0	0	500	0	0	0	0	0	0	0	0	0	0	0	0	0	0	0	0	0	0	0	0	0	0	0	0	0	0	0	0	0	0	0	0	0	0	0	0	0	0	0	0	0	0	0	0	0	0	0	0	0	0	0	0	0	0	500	0	0	0	0	0	0	0	0	0	0	0	0	0	
0	0	0	0	0	0	0	0	0	0	0	0	0	0	0	0	0	0	0	0	0	0	0	0	0	0	0	0	0	0	0	0	0	0	0	500	0	0	500	0	0	0	0	0	0	0	0	0	0	0	0	0	0	0	0	0	0	0	0	0	0	0	0	0	0	0	0	0	0	0	0	0	0	0	0	0	0	0	0	0	
0	0	0	0	0	0	0	0	0	0	0	0	0	0	0	0	0	0	0	0	500	0	0	0	0	0	0	0	0	0	0	500	0	0	0	0	0	0	0	0	0	0	0	0	0	0	0	0	0	0	0	0	0	0	0	0	0	0	0	0	0	0	0	0	0	0	0	0	0	0	0	0	0	0	0	0	0	0	0	0	
0	0	0	0	0	0	0	0	0	0	0	0	0	0	0	500	0	500	0	0	0	0	0	0	0	0	0	0	0	0	0	0	0	0	0	0	0	0	0	0	0	0	0	0	0	0	0	0	0	0	0	0	0	0	0	0	0	0	0	0	0	0	0	0	0	0	0	0	0	0	0	0	0	0	0	0	0	0	0	0	
0	0	0	0	0	0	0	0	0	0	0	0	0	0	0	0	0	0	0	0	0	0	0	0	0	0	0	0	0	0	0	0	0	0	0	0	0	0	0	500	0	0	0	0	500	0	0	0	0	0	0	0	0	0	0	0	0	0	0	0	0	0	0	0	0	0	0	0	0	0	0	0	0	0	0	0	0	0	0	0	
0	0	0	0	0	0	0	0	0	0	0	0	0	0	0	0	0	500	0	0	0	0	0	0	0	0	0	0	0	0	0	0	0	0	0	0	0	500	0	0	0	0	0	0	0	0	0	0	0	0	0	0	0	0	0	0	0	0	0	0	0	0	0	0	0	0	0	0	0	0	0	0	0	0	0	0	0	0	0	0	
500	0	0	0	0	0	0	0	0	0	0	0	0	0	0	0	0	0	0	0	0	0	0	0	0	0	0	0	0	0	0	0	0	0	0	0	0	0	0	0	0	0	0	0	0	0	0	0	0	0	0	0	0	0	0	0	0	0	0	0	0	500	0	0	0	0	0	0	0	0	0	0	0	0	0	0	0	0	0	0	
0	0	0	0	500	0	0	0	0	0	0	0	0	0	0	0	0	0	0	0	0	0	0	0	0	0	500	0	0	0	0	0	0	0	0	0	0	0	0	0	0	0	0	0	0	0	0	0	0	0	0	0	0	0	0	0	0	0	0	0	0	0	0	0	0	0	0	0	0	0	0	0	0	0	0	0	0	0	0	0	
0	0	0	0	0	0	0	0	0	0	0	0	0	0	0	0	0	0	0	0	0	0	500	0	0	0	0	0	0	0	0	0	0	0	0	0	0	0	0	0	0	0	0	0	0	0	0	0	0	0	0	0	0	0	0	0	0	0	0	0	0	0	0	0	0	500	0	0	0	0	0	0	0	0	0	0	0	0	0	0	
500	0	0	0	0	0	0	0	0	0	0	0	0	0	0	0	0	0	0	0	0	0	0	0	0	0	0	0	0	0	0	0	0	0	0	0	0	0	0	0	0	0	0	0	0	0	0	0	0	0	0	0	0	0	0	0	0	0	0	0	0	0	0	0	0	0	0	0	0	0	500	0	0	0	0	0	0	500	0	0	
0	0	0	0	0	0	0	0	0	0	0	0	0	0	0	0	0	0	0	0	0	0	0	0	0	0	0	0	0	0	0	0	0	0	0	0	0	0	0	0	0	500	0	0	0	0	0	0	0	0	0	0	0	0	0	0	0	0	0	0	0	0	0	0	0	0	500	0	0	0	0	0	0	0	0	0	0	0	0	0	
0	0	0	0	0	0	0	0	0	0	0	0	0	0	0	0	0	0	0	0	0	0	0	0	0	500	0	0	0	0	0	0	0	0	0	0	0	0	0	0	0	0	0	0	0	0	0	0	0	0	0	0	0	0	0	0	0	0	0	0	0	0	0	0	0	0	0	0	0	0	0	500	0	0	0	0	0	0	0	0	
0	0	0	0	0	0	0	0	500	0	0	0	0	0	0	0	0	0	0	0	0	0	0	500	0	0	0	0	0	0	0	0	0	0	0	0	0	0	0	0	0	0	0	0	0	0	0	0	0	0	0	0	0	0	0	0	0	0	0	0	0	0	0	0	0	0	0	0	0	0	0	0	0	0	0	0	0	0	0	0	
0	0	0	0	0	0	0	0	0	0	0	0	0	0	0	0	0	0	0	0	0	0	0	0	0	0	0	0	0	500	0	0	0	0	0	0	0	0	0	0	0	0	0	0	0	0	0	0	0	0	0	0	0	0	0	0	0	0	0	0	0	0	0	0	0	0	0	500	0	0	0	0	0	0	0	0	0	0	0	0	
0	0	0	0	0	0	0	0	0	0	0	0	0	0	0	0	0	0	0	0	0	0	0	0	0	500	0	0	0	0	0	0	0	0	0	0	0	0	0	0	0	0	0	0	0	0	0	0	0	0	0	0	0	0	0	0	0	0	0	0	0	0	0	0	0	0	0	0	0	0	0	0	500	0	0	0	0	0	0	0	
0	0	0	0	0	0	0	0	0	0	0	0	0	0	0	0	0	0	0	500	0	0	0	0	0	0	0	0	500	0	0	0	0	0	0	0	0	0	0	0	0	0	0	0	0	0	0	0	0	0	0	0	0	0	0	0	0	0	0	0	0	0	0	0	0	0	0	0	0	0	0	0	0	0	0	0	0	0	0	0	
0	500	0	0	0	500	0	0	0	0	0	0	0	0	0	0	0	0	0	0	0	0	0	0	0	0	0	0	0	0	0	0	0	0	0	0	0	0	0	0	0	0	0	0	0	0	0	0	0	0	0	0	0	0	0	0	0	0	0	0	0	0	0	0	0	0	0	0	0	0	0	0	0	0	0	0	0	0	0	0	
0	0	0	0	0	0	0	0	0	500	0	0	0	0	0	0	0	0	0	0	0	0	0	0	0	0	0	0	0	0	0	0	0	0	500	0	0	0	0	0	0	0	0	0	0	0	0	0	0	0	0	0	0	0	0	0	0	0	0	0	0	0	0	0	0	0	0	0	0	0	0	0	0	0	0	0	0	0	0	0	
0	0	0	0	0	0	0	0	0	0	0	0	0	0	0	0	0	0	0	0	0	0	0	0	0	0	0	0	0	0	0	0	0	0	0	0	0	0	0	0	0	0	0	0	0	0	0	0	500	0	500	0	0	0	0	0	0	0	0	0	0	0	0	0	0	0	0	0	0	0	0	0	0	0	0	0	0	0	0	0	
0	0	0	0	0	0	0	0	0	0	0	0	0	0	0	0	0	0	0	0	0	0	0	0	0	0	0	0	0	0	0	0	0	0	0	0	0	0	0	0	0	0	0	0	0	0	0	0	0	0	0	0	0	0	0	0	0	0	0	0	0	0	0	0	0	0	0	0	0	0	0	0	0	500	500	0	0	0	0	0	
0	0	0	0	0	0	0	0	0	0	0	0	0	0	0	0	0	0	500	0	0	0	0	0	0	0	0	0	500	0	0	0	0	0	0	0	0	0	0	0	0	0	0	0	0	0	0	0	0	0	0	0	0	0	0	0	0	0	0	0	0	0	0	0	0	0	0	0	0	0	0	0	0	0	0	0	0	0	0	0	
0	0	0	0	0	0	0	500	0	0	0	0	0	0	0	0	0	0	0	0	0	0	0	0	0	0	0	0	0	0	0	0	0	0	0	0	0	0	0	0	0	0	0	0	0	0	0	0	0	0	0	0	0	0	0	500	0	0	0	0	0	0	0	0	0	0	0	0	0	0	0	0	0	0	0	0	0	0	0	0	
0	0	0	0	0	0	0	0	0	0	0	0	0	0	0	0	0	0	0	0	0	500	0	0	0	0	0	0	0	0	0	0	0	0	0	0	0	0	0	0	0	0	0	0	0	0	0	0	0	0	0	0	0	0	0	0	0	0	0	0	0	0	0	0	500	0	0	0	0	0	0	0	0	0	0	0	0	0	0	0	
0	0	0	0	0	0	0	0	0	0	0	0	0	0	0	0	0	0	0	0	0	0	0	0	0	0	0	0	0	0	0	0	0	0	0	0	0	0	0	0	0	0	0	0	0	0	0	0	0	0	0	0	500	0	0	0	0	0	0	0	0	0	0	0	0	0	0	0	0	0	0	0	0	0	0	500	0	0	0	0	
0	0	0	0	0	0	0	0	0	0	0	0	0	0	0	0	0	0	0	0	0	0	0	0	0	0	0	0	0	0	0	0	0	0	0	0	0	0	0	0	0	0	500	0	0	0	0	0	0	0	0	0	0	0	0	0	0	0	0	0	0	0	0	0	0	0	0	0	0	0	0	0	0	0	500	0	0	0	0	0	
0	500	0	0	0	0	0	0	0	0	0	0	0	0	0	0	500	0	0	0	0	0	0	0	0	0	0	0	0	0	0	0	0	0	0	0	0	0	0	0	0	0	0	0	0	0	0	0	0	0	0	0	0	0	0	0	0	0	0	0	0	0	0	0	0	0	0	0	0	0	0	0	0	0	0	0	0	0	0	0	
0	0	0	0	500	0	0	0	0	0	0	0	0	0	0	0	0	0	0	0	0	0	0	0	0	0	0	0	0	0	0	0	0	0	0	0	0	0	0	0	0	0	500	0	0	0	0	0	0	0	0	0	0	0	0	0	0	0	0	0	0	0	0	0	0	0	0	0	0	0	0	0	0	0	0	0	0	0	0	0	
500	0	0	0	0	0	0	0	0	0	0	0	0	0	0	0	0	0	0	0	0	0	0	0	0	0	0	0	0	0	0	0	0	0	0	0	0	0	0	0	0	0	0	0	0	0	0	0	0	0	0	0	0	0	0	0	0	0	0	0	0	0	0	500	0	0	0	0	0	0	0	0	0	0	0	0	500	0	0	0	
0	0	500	0	0	0	0	0	0	0	0	0	0	0	0	0	0	0	0	0	0	0	0	0	0	0	0	0	0	0	0	0	0	0	0	0	0	0	0	0	0	0	0	0	0	0	0	500	0	0	0	0	0	0	0	0	0	0	0	0	0	0	0	0	0	0	0	0	0	0	0	0	0	0	0	0	0	0	0	0	
0	0	0	0	0	0	0	0	0	0	0	0	0	500	0	0	0	0	0	0	500	0	0	0	0	0	0	0	0	0	0	0	0	0	0	0	0	0	0	0	0	0	0	0	0	0	0	0	0	0	0	0	0	0	0	0	0	0	0	0	0	0	0	0	0	0	0	0	0	0	0	0	0	0	0	0	0	0	0	0	
0	0	0	0	0	0	0	0	0	0	0	0	0	0	0	0	0	0	0	0	0	0	0	0	0	0	0	0	0	0	0	0	0	0	0	0	0	0	0	0	0	0	0	0	0	0	0	0	0	0	0	0	0	0	0	0	0	0	500	500	0	0	0	0	0	0	0	0	0	0	0	0	0	0	0	0	0	0	0	0	
0	0	0	0	0	0	0	0	0	0	0	0	0	0	0	0	0	0	0	0	0	0	0	0	0	0	0	0	0	0	0	0	0	0	0	0	0	0	0	0	0	0	0	0	0	500	0	0	0	0	0	0	0	0	0	0	0	0	0	0	0	0	0	0	0	0	0	0	0	0	0	0	0	0	0	0	0	0	500	0	
0	0	0	500	0	0	0	0	0	0	0	0	500	0	0	0	0	0	0	0	0	0	0	0	0	0	0	0	0	0	0	0	0	0	0	0	0	0	0	0	0	0	0	0	0	0	0	0	0	0	0	0	0	0	0	0	0	0	0	0	0	0	0	0	0	0	0	0	0	0	0	0	0	0	0	0	0	0	0	0	
0	0	0	0	0	0	0	0	0	0	0	0	0	0	0	0	0	0	0	0	0	0	0	0	0	0	0	0	0	0	0	0	0	0	0	0	0	0	0	0	0	0	0	0	0	0	0	0	0	0	0	0	0	0	0	0	0	0	0	0	0	0	0	500	0	0	0	0	0	0	0	0	0	0	0	0	500	0	0	0	
0	0	0	500	0	0	0	0	0	0	0	0	0	0	0	0	0	0	0	0	0	0	0	0	0	0	0	0	0	0	0	0	0	0	0	0	0	0	0	0	0	0	0	0	0	0	0	0	0	0	0	0	0	0	500	0	0	0	0	0	0	0	0	0	0	0	0	0	0	0	0	0	0	0	0	0	0	0	0	0	
0	0	0	0	0	0	0	0	0	0	0	0	0	0	0	0	0	0	0	0	0	0	0	0	0	0	0	0	0	0	0	0	0	0	0	0	0	0	0	0	0	0	0	0	0	0	0	0	0	0	0	0	0	0	500	0	0	0	0	0	0	0	0	0	0	0	0	0	0	0	0	0	0	0	0	500	0	0	0	0	
0	0	0	0	0	0	0	0	0	0	500	0	0	0	0	0	0	0	0	0	0	0	0	0	0	0	0	0	0	0	0	0	0	0	0	0	0	0	0	0	0	0	0	0	0	0	0	0	0	0	0	0	0	0	0	0	0	0	0	0	0	0	0	0	0	0	0	0	0	0	0	0	0	0	0	0	0	0	0	500	
500	0	0	0	0	0	0	0	0	0	0	0	0	0	0	0	0	0	0	0	0	0	0	0	0	0	0	0	0	0	500	0	0	0	0	0	0	0	0	0	0	0	0	0	0	0	0	0	0	0	0	0	0	0	0	0	0	0	0	0	0	0	0	0	0	0	0	0	0	0	0	0	0	0	0	0	0	0	0	0	
0	0	0	0	0	0	0	0	0	0	0	0	0	0	0	0	0	0	0	0	0	0	0	0	0	0	0	0	0	0	0	0	0	0	0	0	0	0	0	0	0	0	0	0	0	0	0	0	0	0	0	0	0	0	0	0	0	0	0	0	0	0	0	0	500	500	0	0	0	0	0	0	0	0	0	0	0	0	0	0	
0	0	0	0	0	0	0	0	0	0	0	0	0	0	0	0	0	0	0	0	0	0	0	0	0	0	0	0	0	0	0	0	0	0	0	0	0	0	0	0	0	0	0	0	0	0	0	0	0	0	0	500	0	0	0	0	0	500	0	0	0	0	0	0	0	0	0	0	0	0	0	0	0	0	0	0	0	0	0	0	
0	0	0	0	0	0	0	0	0	0	0	0	0	0	0	0	0	0	0	0	0	0	0	0	0	0	0	0	0	0	0	0	0	0	0	0	0	0	0	0	0	0	0	0	0	0	500	0	0	0	0	0	0	0	0	0	0	0	0	0	0	0	500	0	0	0	0	0	0	0	0	0	0	0	0	0	0	0	0	0	
0	0	0	0	0	0	0	0	0	0	0	0	0	0	0	0	0	0	0	0	0	0	0	0	0	0	0	0	0	0	0	0	500	0	0	0	0	0	0	0	0	0	0	0	0	0	0	0	0	0	0	0	0	0	0	0	0	0	0	0	0	0	500	0	0	0	0	0	0	0	0	0	0	0	0	0	0	0	0	0	
0	0	0	0	0	0	0	0	0	0	0	0	0	0	0	0	0	0	0	0	0	0	0	0	500	0	0	0	0	0	0	0	0	0	500	0	0	0	0	0	0	0	0	0	0	0	0	0	0	0	0	0	0	0	0	0	0	0	0	0	0	0	0	0	0	0	0	0	0	0	0	0	0	0	0	0	0	0	0	0	
0	0	0	0	0	0	0	0	0	0	0	0	0	0	500	0	0	0	0	0	0	0	0	0	0	0	0	0	0	0	0	0	0	0	0	0	0	500	0	0	0	0	0	0	0	0	0	0	0	0	0	0	0	0	0	0	0	0	0	0	0	0	0	0	0	0	0	0	0	0	0	0	0	0	0	0	0	0	0	0	
0	0	0	0	0	0	0	0	0	0	0	0	0	0	0	0	0	0	0	0	0	500	0	0	0	0	0	0	0	0	0	0	0	0	0	0	0	0	0	0	0	0	0	0	0	0	0	0	0	0	0	0	0	0	0	0	0	0	0	0	0	0	0	0	0	0	0	0	0	500	0	0	0	0	0	0	0	0	0	0	
0	0	0	0	0	0	0	0	0	0	0	500	0	0	0	0	0	0	0	0	0	0	0	0	0	0	0	0	0	0	0	0	0	0	0	0	0	0	0	0	0	0	0	0	0	0	0	0	0	0	0	0	0	0	0	0	0	0	0	0	0	0	0	0	0	0	0	0	500	0	0	0	0	0	0	0	0	0	0	0	
0	0	0	0	0	0	0	0	0	0	0	0	0	0	0	0	0	0	0	0	0	0	0	0	0	0	0	0	0	0	0	0	0	500	0	0	0	0	0	0	0	0	0	0	0	0	0	0	0	0	0	0	0	0	0	0	0	0	0	0	0	0	0	0	0	0	0	0	0	0	0	0	0	0	0	0	0	500	0	0	
0	0	0	0	0	0	0	0	0	0	0	0	0	0	0	0	0	0	0	0	0	0	500	0	0	0	0	0	0	0	0	0	0	0	0	500	0	0	0	0	0	0	0	0	0	0	0	0	0	0	0	0	0	0	0	0	0	0	0	0	0	0	0	0	0	0	0	0	0	0	0	0	0	0	0	0	0	0	0	0	
0	0	0	0	0	0	0	0	0	0	0	0	0	0	0	0	0	0	0	0	0	0	0	0	0	0	0	0	0	0	0	0	0	0	0	0	0	0	500	0	0	0	0	0	0	0	0	0	0	0	0	0	0	0	0	0	0	0	0	0	0	0	0	0	0	0	0	0	0	0	0	0	0	0	0	0	0	0	500	0	
0	0	0	0	0	0	0	0	0	0	0	0	0	0	0	0	0	0	0	0	0	0	0	500	0	0	0	0	0	0	0	0	0	0	0	0	0	0	0	0	0	0	0	500	0	0	0	0	0	0	0	0	0	0	0	0	0	0	0	0	0	0	0	0	0	0	0	0	0	0	0	0	0	0	0	0	0	0	0	0	
0	0	0	0	0	0	0	0	0	0	0	0	0	0	0	0	0	0	0	0	0	0	0	0	0	0	0	0	0	0	0	0	0	0	0	0	0	0	0	0	0	0	0	500	0	0	0	0	500	0	0	0	0	0	0	0	0	0	0	0	0	0	0	0	0	0	0	0	0	0	0	0	0	0	0	0	0	0	0	0	
0	0	0	0	0	0	0	0	0	0	0	0	0	0	0	0	0	0	0	0	0	0	0	0	0	0	0	0	0	0	0	0	0	0	0	0	0	0	0	0	0	0	0	0	0	0	0	500	0	0	0	0	0	0	0	0	0	0	0	500	0	0	0	0	0	0	0	0	0	0	0	0	0	0	0	0	0	0	0	0	
0	0	0	0	0	0	0	0	0	0	0	0	0	0	0	0	0	0	0	0	0	0	0	0	0	0	0	0	0	0	0	0	0	0	0	0	0	0	0	0	0	0	0	0	0	0	0	0	0	0	0	500	0	0	0	0	0	500	0	0	0	0	0	0	0	0	0	0	0	0	0	0	0	0	0	0	0	0	0	0	
0	0	0	0	0	0	0	0	0	0	0	0	0	0	0	0	0	0	0	0	0	0	0	0	0	0	0	0	0	0	0	0	0	500	0	0	0	0	0	0	0	0	0	0	0	0	0	0	0	0	0	0	0	0	0	0	0	0	0	0	0	0	0	0	0	0	0	0	0	0	500	0	0	0	0	0	0	0	0	0	
0	0	0	0	0	0	0	0	0	0	0	0	0	0	0	0	0	0	0	0	0	0	0	0	0	0	0	0	0	0	0	0	0	0	0	0	0	0	0	0	0	0	0	0	0	0	0	0	0	0	0	0	0	0	0	500	0	0	0	0	0	0	0	0	0	0	0	0	0	0	0	0	500	0	0	0	0	0	0	0	
0	0	0	0	0	0	0	0	0	0	0	0	0	0	0	0	0	0	0	500	0	0	0	0	0	0	0	0	0	0	0	0	0	0	0	0	0	0	0	0	0	0	0	0	0	0	0	0	0	0	0	0	0	0	0	0	0	0	0	0	500	0	0	0	0	0	0	0	0	0	0	0	0	0	0	0	0	0	0	0	
22	26	67	56	67	10	14	68	66	28	0	47	77	26	66	18	12	77	13	6	24	61	3	56	7	47	54	1	2	1	15	55	37	43	49	77	4	64	35	10	5	38	24	66	76	33	22	10	14	7	34	7	49	13	49	15	57	39	8	37	12	11	43	32	78	62	33	36	4	4	45	70	68	19	38	59	34	32	63	56	36	79	62	35	30	70	24	31	21	41	22	68	73	77	49	16	36	61	46	24	27	74	46	78	62	53	67	51	77	15	61	55	10	26	30	76	6	5	38	2	66	66	70	27	31	35	47	39	29	56	19	24	1	10	78	67	36	65	6	41	8	35	5	9	11	60	74	16	57	43	17	9	32	75	7	35	28	25	41	74	75	20	68	27	73	39	5	19	20	64	57	64	73	12	61	30	20	23	14	43	34	0	9	18	17	66	27	34	61	43	65	55	4	23	40	63	3	53	13	37	38	48	78	24	58	22	6	52	45	3	51	39	28	6	2	28	24	4	51	32	12	56	38	11	56	9	45	8	53	16	35	15	45	69	15	9	41	3	69	7	12	17	49	68	40	19	23	7	9	29	29	20	20	19	38	17	77	43	73	2	58	11	73	61	48	70	61	70	19	18	57	50	25	68	2	55	55	48	30	9	49	29	64	13	13	31	47	57	79	74	30	17	78	4	4	43	76	67	21	11	65	74	6	7	0	79	76	2	47	55	61	20	18	22	12	15	63	35	16	42	42	34	61	74	10	7	8	18	66	8	6	42	23	43	44	36	79	3	16	71	15	54	21	55	76	41	2	74	74	64	10	4	31	2	20	11	15	51	69	51	64	23	16	49	7	37	27	43	40	64	76	69	73	46	6	52	14	4	16	78	62	39	78	39	60	44	5	53	13	71	42	12	23	31	51	49	63	40	67	26	73	54	33	11	12	15	1	42	74	8	39	43	59	54	10	3	34	30	47	40	36	69	73	78	24	16	78	11	32	52	52	35	20	5	63	27	55	41	52	41	15	6	40	1	65	31	16	56	49	26	33	20	52	28	17	26	65	58	35	61	27	8	14	4	40	61	6	36	60	61	32	17	45	28	49	64	47	32	46	6	9	31	77	9	62	28	17	14	35	13	33	9	14	70	33	63	4	46	54	21	74	25	37	33	68	27	4	24	71	43	70	77	42	60	18	56	16	4	11	59	78	40	40	61	27	13	29	50	42	8	47	32	16	14	3	75	51	68	79	9	24	62	38	29	68	35	47	47	75	38	14	1	3	45	72	74	32	45	50	31	72	43	33	68	48	44	27	14	44	69	19	2	66	43	0	22	39	18	70	31	79	65	10	65	16	59	49	17	63	51	58	0	17	26	3	0	36	73	59	63	73	76	34	62	32	74	49	70	5	61	1	63	63	30	28	66	72	22	9	73	41	62	3	60	42	79	66	69	37	18	48	12	35	71	33	1	47	62	51	40	12	62	58	19	49	12	74	22	66	14	25	38	67	23	10	58	11	14	37	53	77	70	44	77	63	70	6	22	22	50	56	54	39	0	37	66	23	19	52	62	75	17	42	64	23	64	59	76	2	68	44	73	31	18	67	58	4	47	20	4	71	32	69	61	75	42	9	58	38	51	56	63	12	30	52	34	52	66	68	8	18	51	45	5	58	6	67	31	28	68	45	47	11	44	61	27	61	1	8	53	2	68	47	61	36	38	63	7	2	2	76	9	45	45	76	39	3	35	30	15	79	78	16	46	33	57	61	13	26	45	0	10	40	57	29	57	0	34	51	35	12	12	50	77	8	13	17	26	47	41	63	70	24	69	40	18	72	40	20	9	77	40	57	25	66	11	7	26	69	11	32	21	12	28	55	42	36	59	76	17	40	49	22	50	14	3	39	71	12	14	22	41	15	78	60	24	50	36	74	45	41	9	10	59	17	14	67	51	71	59	60	67	72	47	69	32	16	20	33	15	69	28	26	53	26	30	44	35	75	9	41	54	12	24	4	74	51	30	1	48	35	70	2	76	28	17	36	74	14	62	20	18	78	30	33	75	28	49	4	64	9	73	29	66	58	19	74	43	8	43	79	38	65	0	77	12	31	47	15	67	64	12	14	58	32	35	61	17	17	33	11	73	61	10	68	64	4	12	8	62	52	8	49	70	30	7	10	47	47	47	21	15	15	11	78	37	78	15	51	16	66	68	20	23	74	70	41	79	54	22	16	78	47	18	67	66	14	5	37	16	15	4	26	9	63	48	7	21	24	44	50	11	26	31	67	52	2	30	21	4	19	18	60	76	8	72	63	31	49	33	49	70	22	1	39	60	74	17	75	60	12	8	69	55	65	45	15	46	22	54	45	4	49	37	33	28	35	3	17	54	0	53	57	1	40	9	37	10	64	69	13	18	56	2	5	34	55	15	57	11	28	49	22	63	20	43	66	1	13	57	29	16	46	33	68	67	70	47	15	40	60	51	5	48	50	19	49	16	35	0	39	46	71	8	50	21	40	3	31	12	7	36	68	10	67	65	72	61	11	8	46	21	15	30	62	24	59	66	75	77	32	32	78	72	57	68	77	25	71	79	26	17	75	34	39	4	51	47	47	12	52	61	13	70	66	64	63	72	66	32	77	10	39	17	43	48	71	28	8	31	71	20	55	33	27	38	31	21	30	6	10	20	58	27	15	70	44	23	68	60	78	9	59	27	69	40	47	18	15	59	79	65	76	61	47	38	37	25	52	32	74	73	41	48	64	2	72	49	1	54	49	31	48	7	61	26	54	29	66	53	23	77	52	69	57	78	74	47	0	23	62	51	70	18	31	14	15	17	48	15	29	11	43	59	37	20	41	79	49	65	63	75	36	29	7	29	13	48	64	37	3	68	21	36	0	8	77	0	16	75	12	68	70	45	3	6	69	35	79	39	31	15	59	75	51	32	23	62	33	55	74	75	34	0	59	60	29	68	2	59	18	43	66	54	38	21	57	76	5	49	22	67	76	69	45	45	32	37	3	65	65	53	72	17	76	60	4	33	29	12	49	36	19	6	5	2	37	79	36	51	15	42	63	11	57	22	25	67	12	69	1	12	62	58	55	49	61	13	35	56	79	38	61	14	45	7	38	75	64	23	60	42	65	71	44	34	44	6	6	2	18	60	0	72	76	60	12	10	76	1	7	49	43	40	45	2	61	75	26	36	76	69	8	18	54	44	40	33	75	14	6	71	67	77	76	52	67	35	73	66	43	5	15	18	73	40	6	70	56	71	78	58	79	43	41	63	25	45	29	13	14	5	71	5	46	47	24	9	8	30	59	74	52	60	72	2	22	33	42	43	53	56	59	1	74	12	13	44	6	33	77	65	2	70	60	47	2	35	43	29	3	8	69	60	73	37	23	24	25	33	77	56	38	46	50	27	5	70	77	78	22	6	67	67	17	29	22	74	77	8	4	55	30	44	50	48	26	62	44	68	54	22	18	21	14	29	28	69	72	44	75	50	56	18	9	26	45	25	64	53	32	5	73	47	69	8	70	70	25	15	3	12	63	42	68	44	9	29	36	26	77	50	6	2	32	45	62	27	9	59	0	18	31	52	59	64	10	60	7	35	
21	17	43	32	45	5	33	39	31	34	67	18	47	28	22	21	2	57	47	5	78	53	73	22	46	69	69	69	27	79	3	48	50	54	34	71	3	58	54	76	16	28	77	15	43	45	42	18	34	46	13	5	73	16	72	26	0	36	43	50	71	28	71	13	65	55	46	77	29	7	0	66	13	14	78	78	33	28	9	50	60	1	35	30	77	32	60	20	39	63	2	71	77	73	76	50	44	64	14	23	10	63	7	51	4	19	19	4	25	11	79	53	19	34	40	69	1	22	26	17	64	36	36	4	76	57	66	13	19	33	17	74	28	29	33	48	61	53	42	1	57	46	60	55	74	78	62	26	8	33	59	66	61	79	74	11	34	64	70	43	30	13	22	28	13	33	36	8	37	19	10	71	17	45	63	50	58	55	45	66	8	76	77	49	68	19	56	7	8	21	7	12	45	29	3	44	10	50	5	29	27	14	70	25	54	25	63	58	71	61	73	8	4	35	76	46	10	5	34	21	4	65	55	18	68	38	12	60	64	74	40	24	29	50	14	57	15	16	77	38	77	59	20	61	75	29	61	3	11	56	56	58	78	76	23	3	69	42	43	47	65	52	36	47	67	42	68	35	61	77	75	61	78	79	75	79	73	16	36	8	13	1	56	9	29	35	56	53	41	56	4	12	2	33	14	62	25	61	6	29	31	15	14	10	5	71	38	54	76	71	49	65	37	15	45	30	17	64	77	76	66	44	66	45	71	2	29	50	35	54	46	76	21	70	70	11	32	69	55	66	68	51	34	32	2	34	55	23	42	18	40	72	63	68	5	20	34	41	32	27	34	19	58	0	33	34	35	34	64	56	61	19	17	37	56	36	67	58	22	37	73	8	23	25	34	1	13	31	65	21	41	57	6	54	11	8	34	3	37	13	70	32	39	73	51	11	19	44	42	71	42	73	60	68	28	63	58	3	59	64	37	6	39	61	15	13	18	70	7	26	60	46	48	76	55	4	10	54	20	42	37	41	67	33	52	36	21	74	23	11	13	37	31	76	10	53	45	26	61	41	50	53	56	19	15	78	44	68	54	39	9	77	22	64	1	46	17	26	4	74	41	39	20	48	13	23	49	2	64	59	29	49	34	21	41	29	36	53	37	41	70	28	35	68	75	60	52	0	20	53	55	31	48	56	16	63	65	71	30	4	40	18	3	30	54	58	31	77	77	65	4	35	12	22	50	1	6	61	11	40	75	4	16	72	27	30	17	20	25	12	48	75	37	61	29	31	64	36	58	65	59	17	24	2	39	54	71	51	6	19	56	4	23	25	14	23	76	25	55	13	23	53	7	55	39	46	13	70	58	60	34	54	11	76	16	41	35	59	10	30	79	33	53	69	0	50	40	3	75	53	56	76	52	14	41	54	66	3	48	38	56	7	19	64	13	1	22	42	4	20	30	9	78	65	44	46	17	40	4	13	47	3	48	33	40	19	15	26	46	26	19	43	0	73	13	52	1	17	61	22	50	49	38	34	51	29	23	42	5	20	18	61	25	72	8	13	49	41	58	28	77	57	73	73	78	8	21	71	22	24	48	37	53	42	75	70	61	46	23	58	29	54	53	66	72	66	6	31	47	52	26	18	34	60	3	28	50	12	34	46	32	21	24	73	46	39	54	22	73	0	41	75	53	53	58	44	74	20	11	21	54	27	8	5	62	25	36	48	68	26	69	8	67	15	13	73	37	67	66	46	49	43	27	50	54	74	38	22	69	0	21	32	31	75	54	74	6	35	22	10	7	55	20	75	19	62	31	50	42	70	35	32	67	58	37	67	9	51	12	56	40	18	64	31	55	16	63	65	62	55	1	40	38	5	1	66	73	40	23	20	58	22	61	39	70	31	79	0	24	64	55	31	28	21	44	38	32	14	34	6	5	10	3	19	38	58	29	33	7	78	0	68	41	45	24	73	65	62	10	21	32	59	77	6	47	38	28	11	49	14	60	15	2	78	8	55	73	57	51	72	68	47	1	42	17	26	61	21	54	67	47	72	4	79	74	18	18	24	39	58	10	66	64	47	67	5	48	79	22	21	1	66	62	39	42	5	5	2	79	27	66	15	56	71	40	34	57	3	26	69	78	57	29	49	67	11	42	36	49	51	69	46	55	32	48	12	67	6	78	18	78	37	9	64	61	31	50	26	38	9	76	79	27	60	21	66	72	23	59	61	12	68	64	78	41	40	78	73	25	55	27	77	7	61	78	9	47	1	25	28	52	33	6	25	25	33	14	0	65	59	20	62	67	50	75	28	66	59	25	51	50	61	34	19	27	2	73	34	19	73	31	31	56	1	61	79	38	22	16	63	65	10	11	22	9	18	78	48	51	30	57	47	37	10	79	57	5	71	6	50	42	50	33	75	57	9	42	48	15	16	68	8	25	58	75	11	69	63	35	78	22	17	77	13	43	49	19	70	40	18	0	27	19	1	32	6	58	20	19	68	7	66	24	26	71	35	76	20	78	52	6	22	30	33	66	49	71	36	23	46	35	46	13	72	35	28	10	34	26	59	28	79	59	25	19	58	23	52	11	63	75	24	34	61	6	8	66	65	34	74	67	68	21	71	4	25	50	37	34	41	28	71	61	53	5	29	43	39	63	72	27	29	75	46	31	76	27	78	7	46	2	13	20	37	39	69	60	40	50	49	25	21	29	74	77	21	2	58	50	31	69	25	43	45	17	22	2	39	16	35	61	19	67	6	19	38	9	16	41	36	23	40	10	54	11	19	8	55	3	14	68	40	2	57	78	25	73	22	40	56	71	2	56	33	64	66	75	68	39	63	34	79	65	2	39	14	20	6	7	27	6	54	76	23	27	42	41	22	79	64	26	65	58	42	1	61	66	22	3	60	22	67	43	35	64	24	38	43	26	72	78	65	35	22	43	48	42	5	13	62	76	77	4	62	10	16	14	30	0	30	16	72	19	66	5	12	42	71	25	11	45	12	19	50	79	26	22	4	49	69	45	62	77	16	5	40	32	5	10	57	12	70	37	41	41	21	34	11	10	15	17	68	56	68	43	27	58	61	7	22	46	40	29	47	73	26	67	62	34	5	17	10	14	2	56	4	59	36	33	46	54	7	52	10	53	51	73	21	68	4	61	14	25	7	36	15	29	36	50	79	50	2	5	24	46	29	40	21	68	26	10	40	33	58	37	51	32	55	76	72	35	64	73	50	45	5	9	7	50	58	64	73	10	62	21	52	4	59	32	78	3	74	39	35	9	39	7	13	56	72	13	43	28	70	71	79	50	74	45	55	29	21	44	21	65	0	62	28	67	29	62	13	73	40	79	58	11	69	74	22	30	76	15	53	17	8	6	70	79	59	57	47	43	59	42	76	3	3	22	42	21	27	20	13	31	40	17	1	8	54	38	38	54	5	8	23	8	49	8	77	74	41	55	24	75	15	22	73	16	6	16	56	27	66	12	70	55	59	57	69	10	4	65	79	45	3	19	46	79	71	11	24	66	4	56	59	50	56	27	72	0	8	51	52	75	58	31	48	49	13	2	59	59	30	65	19	67	77	46	23	27	49	41	34	1	75	79	23	59	54	
8	1	3	1	11	4	15	2	7	6	8	3	6	6	20	9	8	15	9	10	11	19	1	5	19	15	4	14	20	3	7	11	7	1	1	10	8	19	11	6	16	1	8	2	20	9	7	17	6	4	2	10	17	10	14	8	4	16	4	14	4	4	8	16	16	14	20	18	3	8	9	11	17	15	8	2	12	7	9	14	3	17	6	7	9	15	20	13	15	6	10	3	14	4	8	19	3	10	10	16	18	5	3	15	10	18	10	5	10	11	4	19	2	8	4	14	3	19	13	19	14	4	8	11	20	13	16	6	11	10	20	7	5	5	3	17	19	2	5	17	3	5	1	8	3	6	18	13	19	19	14	4	5	13	19	1	17	8	12	16	8	6	19	19	20	12	12	12	1	2	6	9	17	10	1	17	12	13	1	15	3	19	5	7	20	14	12	14	7	18	8	13	1	1	14	17	16	12	3	8	12	11	4	5	11	16	6	3	1	12	17	2	7	7	16	19	4	2	1	3	9	17	10	9	3	15	2	20	20	11	17	8	13	12	4	7	7	17	4	12	17	5	14	1	12	14	17	9	15	20	19	13	8	17	14	2	3	2	17	18	18	16	6	1	13	11	7	20	10	1	11	4	1	7	12	3	8	14	20	13	15	7	6	7	8	10	17	18	11	9	8	8	6	9	14	17	17	2	2	7	10	2	19	5	10	2	20	14	20	7	8	18	16	2	10	2	5	3	13	4	4	8	17	8	11	10	10	15	19	14	3	6	8	4	3	3	19	2	13	6	14	5	17	20	10	10	15	7	19	14	6	14	7	13	18	16	18	13	8	10	17	19	20	19	10	15	9	14	10	7	15	19	13	20	19	19	5	3	13	4	6	1	12	14	14	2	4	18	17	16	10	5	1	8	19	9	18	11	16	14	10	9	18	1	13	13	18	8	9	10	20	2	18	5	3	2	14	1	7	9	5	5	1	10	17	3	2	4	19	20	11	19	18	20	17	4	2	14	17	1	10	13	9	18	11	11	4	4	7	20	16	16	15	19	6	20	7	15	15	8	20	2	8	5	4	20	18	16	12	16	2	11	20	13	6	18	17	5	9	14	13	9	1	5	13	17	15	10	9	4	20	8	15	13	2	20	7	1	12	5	19	11	16	18	15	2	20	7	12	4	11	2	1	18	7	14	8	5	18	10	1	13	3	2	18	13	12	20	15	15	3	15	2	19	3	2	7	13	19	2	9	5	2	2	17	13	19	9	1	2	5	3	1	16	7	17	19	9	8	1	15	14	7	6	3	12	15	20	20	4	7	1	2	2	10	12	10	20	19	16	10	19	1	9	11	20	15	17	9	20	10	5	17	4	5	11	8	7	9	10	3	19	19	10	13	16	1	12	7	15	15	5	10	5	3	10	19	20	18	15	20	12	4	18	12	11	11	8	9	13	11	10	5	18	3	19	8	18	5	4	18	10	11	8	2	13	15	13	10	3	20	7	6	1	2	8	10	8	2	8	14	5	1	17	8	13	17	19	20	5	2	8	9	10	1	4	18	9	20	1	9	19	6	3	15	17	10	4	9	8	1	1	11	13	2	6	11	9	20	4	2	13	11	17	20	14	9	13	12	17	13	2	9	15	14	1	13	17	12	2	9	9	9	15	9	10	9	4	8	18	5	8	7	15	7	10	10	8	17	13	19	4	14	11	4	9	9	11	11	2	12	6	4	8	16	8	4	12	4	7	11	4	12	6	15	1	15	10	10	3	13	6	15	9	3	3	16	1	11	7	1	9	1	6	14	16	15	10	6	6	15	14	14	3	7	11	1	12	11	1	6	8	1	14	5	8	7	11	2	11	2	11	12	6	15	4	2	14	1	3	4	4	2	5	8	13	14	5	9	8	4	9	2	2	3	10	14	10	12	2	16	8	3	12	2	13	15	5	11	5	10	8	7	11	13	2	3	13	11	13	1	8	8	4	9	13	5	12	1	10	4	3	2	2	2	3	2	12	10	7	13	2	7	7	1	5	10	12	12	9	4	14	9	1	2	1	11	8	8	8	11	8	12	3	15	4	9	16	16	4	5	2	15	3	13	8	5	14	5	14	2	8	5	2	13	14	12	4	5	4	10	14	13	4	7	12	6	13	8	15	12	4	7	1	6	15	11	13	8	13	12	16	11	8	11	8	7	3	14	13	8	5	7	10	2	16	9	2	11	3	11	11	13	9	6	5	14	16	10	7	5	3	1	7	10	16	6	7	10	11	3	15	16	8	10	9	3	3	15	11	15	2	13	3	9	7	12	9	3	16	16	3	10	8	9	3	5	15	5	5	9	12	5	8	14	3	2	15	5	1	5	9	3	2	2	14	13	15	11	10	5	5	16	7	11	3	3	10	15	4	9	16	2	15	6	14	7	4	7	11	15	10	11	15	9	13	5	2	9	16	8	3	11	9	6	5	12	9	8	11	7	13	5	11	16	6	9	15	6	5	15	6	2	12	10	10	8	5	13	8	2	13	12	4	2	11	15	13	6	4	12	1	14	1	10	2	4	8	3	11	4	15	1	6	2	8	9	7	7	16	2	5	13	1	15	7	1	3	13	4	13	6	9	3	7	1	3	1	6	10	14	16	11	3	13	9	15	5	16	1	10	1	5	7	15	6	13	8	7	7	12	9	5	6	9	4	7	8	5	4	1	14	2	16	13	9	7	1	6	1	14	6	8	9	6	13	4	12	3	7	16	6	3	8	5	1	10	5	6	10	5	9	11	5	6	9	16	1	6	14	7	8	10	3	7	15	6	2	7	10	1	1	7	16	6	15	14	11	12	15	3	11	11	14	6	8	10	14	2	4	2	15	16	11	10	7	16	3	13	9	11	1	10	3	8	8	13	14	14	9	15	16	5	6	2	1	15	8	6	3	6	1	7	4	13	14	14	13	13	2	3	4	11	6	10	4	1	8	8	3	7	13	6	2	1	11	13	9	5	15	7	14	4	10	14	14	10	1	10	4	8	6	11	10	11	8	15	14	5	1	15	9	14	8	3	5	8	4	4	4	16	9	5	6	6	3	1	6	4	16	5	13	3	10	10	15	2	5	6	7	16	1	6	7	1	16	9	10	12	10	9	10	3	14	14	12	13	16	2	9	2	2	3	1	12	10	16	13	1	7	4	13	12	7	5	16	4	1	15	7	11	7	6	9	5	11	2	1	5	11	11	9	3	8	11	11	2	15	11	2	2	11	12	4	3	16	11	14	6	13	7	1	3	16	14	11	13	15	12	9	11	3	6	6	6	15	1	5	8	4	8	11	15	13	5	3	2	2	7	3	12	5	10	7	14	7	8	11	3	1	1	9	7	1	1	4	16	4	9	13	16	9	15	14	5	14	9	16	16	2	4	11	16	16	6	8	8	16	13	2	8	1	4	3	4	2	6	13	12	12	8	11	2	6	13	3	3	15	16	16	10	11	7	2	15	2	10	5	6	8	14	5	12	11	7	14	8	6	12	8	14	1	13	7	11	14	7	5	15	1	5	15	1	15	8	12	3	9	11	12	3	13	4	14	8	13	3	15	4	5	11	7	12	14	14	3	6	11	15	12	
560	800	740	750	330	690	900	1000	740	480	670	810	170	490	130	620	350	110	120	920	510	620	240	410	1000	880	770	770	610	950	320	490	670	820	960	770	500	240	270	150	390	390	810	850	190	210	510	530	620	840	670	450	110	200	590	160	120	600	340	950	320	880	580	570	660	420	830	360	670	110	430	790	720	290	450	480	620	910	600	920	510	440	600	770	740	710	700	460	880	350	750	820	990	130	480	440	300	870	110	800	350	260	440	470	330	600	390	580	880	360	320	420	500	870	200	180	990	430	940	890	610	380	250	820	370	680	130	1000	840	740	470	360	980	640	970	450	190	470	810	130	430	590	210	500	440	630	940	470	950	910	230	910	340	230	720	910	950	160	110	600	220	700	110	430	270	810	110	870	880	810	450	540	490	940	490	160	430	780	310	650	890	720	120	220	190	750	640	800	940	500	870	930	440	350	530	190	270	150	140	830	220	420	210	860	680	370	230	240	430	890	290	730	440	480	740	710	800	400	150	780	630	980	190	220	800	330	640	440	690	520	490	470	340	600	960	940	560	940	850	890	240	200	460	840	200	810	790	990	490	360	170	780	870	220	660	990	410	660	590	780	660	700	240	280	720	290	840	970	470	720	740	840	870	640	220	140	730	930	590	810	340	640	240	870	160	350	430	980	630	330	590	460	440	790	220	560	850	700	520	990	760	850	940	900	370	600	220	390	470	160	370	840	430	530	160	230	140	530	870	350	850	640	170	500	600	240	480	400	720	240	390	750	100	450	370	660	110	560	950	470	770	900	790	700	560	650	590	370	430	650	680	520	790	470	900	650	770	520	760	390	780	210	100	590	930	220	360	570	790	330	360	810	360	960	700	970	280	660	210	150	570	190	500	420	920	240	470	450	500	530	730	160	810	280	240	380	160	570	580	480	140	310	750	270	860	1000	500	370	290	130	580	920	450	640	930	510	100	650	450	590	490	680	960	220	460	250	490	460	210	410	780	910	590	310	900	200	970	570	780	390	140	610	400	550	360	890	630	390	620	380	510	660	290	680	150	340	250	510	500	700	720	280	630	480	880	810	550	440	260	250	380	660	450	930	240	550	240	430	200	730	370	880	320	280	600	190	770	960	740	890	780	690	490	670	550	790	710	550	110	540	240	590	720	930	850	560	680	610	410	890	200	330	890	910	390	960	890	680	590	940	710	950	180	890	890	330	290	600	620	170	340	180	640	480	620	740	140	230	480	340	730	930	240	450	800	180	370	500	120	970	180	880	800	340	920	220	730	870	430	440	240	150	740	790	160	340	510	780	600	420	140	260	750	200	130	100	730	170	850	550	570	550	970	230	550	600	120	960	610	300	560	250	410	520	300	410	210	810	540	360	710	770	910	850	420	660	960	850	740	760	520	180	390	580	180	290	890	100	860	590	240	310	430	430	130	810	990	690	460	550	640	390	280	690	420	380	640	430	630	250	840	170	260	1000	380	570	950	510	400	480	840	780	970	620	280	500	140	800	780	890	370	870	360	720	940	750	870	250	210	260	950	910	820	170	280	320	680	460	550	970	140	920	190	410	260	640	470	210	200	550	190	760	520	390	340	980	780	350	190	230	420	280	250	200	190	260	250	440	850	210	210	690	260	220	540	510	520	320	790	750	770	570	760	790	870	990	660	800	770	460	790	310	620	940	290	700	620	810	210	360	450	810	240	400	910	730	170	430	780	570	430	710	490	800	360	800	390	990	510	150	700	910	490	320	470	470	650	880	980	310	830	890	250	630	590	120	250	240	710	150	750	210	980	360	1000	870	300	720	750	160	920	300	690	970	630	190	280	950	960	650	270	950	670	860	330	410	470	430	990	220	520	770	670	1000	270	880	240	790	930	540	440	820	720	190	530	880	390	370	570	410	430	660	680	640	740	960	1000	740	180	280	210	690	840	670	120	110	790	740	970	220	650	240	560	640	680	350	450	450	540	510	500	280	380	860	290	230	640	490	710	720	410	410	370	590	290	940	310	350	620	310	670	490	400	530	810	360	960	870	150	610	760	940	820	900	370	880	410	660	740	980	490	960	500	300	990	850	560	710	110	450	960	930	380	110	280	960	330	470	270	350	640	800	100	850	210	760	620	260	580	680	480	950	370	960	440	230	240	100	980	790	790	670	920	270	670	820	960	820	900	770	160	480	670	770	900	580	200	870	420	160	670	960	830	310	270	370	620	490	270	370	890	110	130	240	540	130	400	290	700	520	630	230	820	380	700	310	130	970	320	830	550	480	320	660	920	910	520	500	540	770	490	490	830	700	220	600	880	730	640	460	440	890	110	980	680	880	230	180	420	160	520	960	440	600	270	950	130	250	620	780	360	890	480	730	400	960	270	200	850	990	950	510	450	840	320	210	220	970	320	690	160	320	850	320	150	950	880	380	240	200	530	150	160	490	310	130	420	890	520	980	780	760	280	590	750	310	850	690	140	770	250	620	300	480	990	150	300	670	660	880	740	390	570	340	120	830	900	480	330	440	700	820	340	400	190	980	670	840	620	940	540	200	780	430	700	550	1000	370	620	600	670	440	170	900	580	480	140	470	800	310	740	100	640	110	480	950	640	670	270	620	830	340	840	170	510	520	840	260	240	940	120	670	930	760	360	820	570	100	510	910	140	670	640	110	410	540	440	250	970	420	650	160	860	980	990	430	650	660	630	890	750	580	430	830	870	870	550	340	640	100	330	710	350	950	960	320	560	640	660	410	280	110	530	870	780	110	660	180	980	920	400	380	730	270	490	360	930	470	850	850	550	770	640	400	310	680	770	840	570	360	390	990	850	700	730	780	950	1000	350	640	220	800	320	180	470	290	700	500	640	880	980	250	460	490	680	190	660	810	200	910	790	600	1000	640	710	110	770	230	970	450	400	670	750	830	380	150	570	760	220	490	100	930	190	590	410	910	200	480	600	830	490	120	920	100	120	630	790	130	720	440	360	610	570	880	560	480	280	670	450	730	970	710	500	870	350	270	440	490	290	300	170	420	400	900	160	290	670	810	390	900	550	610	440	790	380	290	600	940	700	980	890	500	510	470	320	260	860	670	490	330	610	330	110	650	690	220	490	850	330	510	350	360	900	360	940	480	810	850	200	510	280	520	110	930	220	150	260	280	650	510	420	100	460	560	1000	880	590	1000	570	1000	570	630	710	480	860	650	210	140	310	900	410	290	330	230	660	260	710	1000	240	690	780	400	430	610	580	440	230	420	560	710	530	340	600	100	580	120	740	710	170	680	880	490	510	850	960	720	490	340	440	960	400	960	520	520	480	950	880	690	390	890	170	560	340	440	280	210	810	580	260	680	260	950	730	140	380	470	400	920	140	130	870	390	580	660	220	720	270	660	320	750	390	140	720	910	650	170	620	170	850	290	600	570	680	870	240	440	360	890	120	400	490	190	190	390	480	180	830	560	280	970	930	940	550	390	890	680	750	780	640	190	200	490	620	240	950	790	240	170	260	780	240	970	600	250	920	620	450	750	710	260	500	270	650	840	770	880	470	450	490	230	940	520	630	830	420	990	320	920	700	970	160	340	660	500	360	710	640	350	150	130	660	930	350	180	320	530	410	400	330	550	
100
