2844
80
3
90
0	0	0	0	0	0	0	0	0	0	0	0	0	0	0	0	0	0	0	0	0	0	0	0	0	0	0	0	0	0	48	0	0	48	0	0	0	0	0	0	0	0	0	0	0	0	0	0	0	0	0	0	0	0	0	0	0	0	0	0	0	48	0	0	0	0	0	0	0	0	0	0	0	0	0	0	0	0	0	0	
0	0	0	0	0	0	0	0	48	0	0	0	0	0	0	0	0	0	0	0	0	0	0	0	0	0	0	0	0	0	0	0	0	0	0	0	0	0	0	0	48	0	0	0	0	0	0	0	0	48	0	0	0	0	0	0	0	0	0	0	0	0	0	0	0	0	0	0	0	0	0	0	0	0	0	0	0	0	0	0	
0	0	0	0	0	0	48	0	0	0	0	0	0	0	48	0	0	0	0	0	0	0	0	0	0	0	0	0	0	0	0	0	0	0	0	0	0	0	0	0	0	0	0	0	0	0	0	0	0	0	0	0	48	0	0	0	0	0	0	0	0	0	0	0	0	0	0	0	0	0	0	0	0	0	0	0	0	0	0	0	
0	0	0	0	0	0	0	0	0	0	0	0	48	0	0	0	0	0	0	0	0	0	0	0	0	0	0	0	0	0	0	0	0	0	0	0	0	0	0	0	0	0	0	0	0	0	0	0	0	0	0	0	0	0	0	0	48	0	48	0	0	0	0	0	0	0	0	0	0	0	0	0	0	0	0	0	0	0	0	0	
0	0	0	0	0	0	0	0	0	0	0	0	0	0	0	0	0	0	0	0	0	0	0	0	0	0	0	0	0	0	0	48	0	0	0	0	0	0	0	0	0	0	48	0	0	0	0	0	0	0	48	0	0	0	0	0	0	0	0	0	0	0	0	0	0	0	0	0	0	0	0	0	0	0	0	0	0	0	0	0	
0	0	0	0	0	0	0	0	48	0	0	0	0	0	0	0	0	0	0	0	0	0	0	0	0	0	0	0	0	0	0	0	0	0	0	0	0	0	0	0	48	0	0	48	0	0	0	0	0	0	0	0	0	0	0	0	0	0	0	0	0	0	0	0	0	0	0	0	0	0	0	0	0	0	0	0	0	0	0	0	
0	0	48	0	0	0	0	0	0	0	0	0	48	0	48	0	0	0	0	0	0	0	0	0	0	0	0	0	0	0	0	0	0	0	0	0	0	0	0	0	0	0	0	0	0	0	0	0	0	0	0	0	0	0	0	0	0	0	0	0	0	0	0	0	0	0	0	0	0	0	0	0	0	0	0	0	0	0	0	0	
0	0	0	0	0	0	0	0	0	48	0	0	0	0	0	0	0	0	0	0	0	0	0	0	0	0	0	0	0	0	0	0	0	0	0	0	0	0	0	0	0	0	0	0	0	48	0	0	0	0	0	0	0	0	0	48	0	0	0	0	0	0	0	0	0	0	0	0	0	0	0	0	0	0	0	0	0	0	0	0	
0	48	0	0	0	48	0	0	0	0	0	0	0	0	0	0	0	0	0	0	0	0	0	0	0	0	0	0	0	0	0	0	0	0	0	0	48	0	0	0	0	0	0	0	0	0	0	0	0	0	0	0	0	0	0	0	0	0	0	0	0	0	0	0	0	0	0	0	0	0	0	0	0	0	0	0	0	0	0	0	
0	0	0	0	0	0	0	48	0	0	0	0	0	0	0	0	0	0	0	0	0	0	0	0	0	0	0	0	0	0	0	0	0	0	0	0	0	0	0	0	0	48	0	0	0	48	0	0	0	0	0	0	0	0	0	0	0	0	0	0	0	0	0	0	0	0	0	0	0	0	0	0	0	0	0	0	0	0	0	0	
0	0	0	0	0	0	0	0	0	0	0	0	0	0	0	0	48	0	0	0	0	0	0	0	0	0	0	0	0	0	0	0	0	0	0	0	0	0	0	0	0	0	0	0	0	0	0	0	0	0	0	0	0	0	0	0	0	0	0	0	48	0	0	0	0	0	0	0	0	0	0	0	0	0	48	0	0	0	0	0	
0	0	0	0	0	0	0	0	0	0	0	0	0	0	0	0	0	0	0	0	0	0	0	0	48	0	0	0	0	0	0	0	0	0	0	0	0	0	0	0	0	0	0	0	0	0	48	0	0	0	0	0	0	0	0	0	0	0	0	0	0	0	0	0	0	0	0	0	0	48	0	0	0	0	0	0	0	0	0	0	
0	0	0	48	0	0	48	0	0	0	0	0	0	0	0	0	0	0	0	0	0	0	0	0	0	0	0	0	0	0	0	0	0	0	0	0	0	0	0	0	0	0	0	0	0	0	0	0	0	0	0	0	0	0	0	0	48	0	0	0	0	0	0	0	0	0	0	0	0	0	0	0	0	0	0	0	0	0	0	0	
0	0	0	0	0	0	0	0	0	0	0	0	0	0	0	0	0	0	48	0	0	0	0	0	0	0	0	0	0	0	0	0	0	0	0	0	0	0	0	0	0	0	0	0	48	0	0	0	0	0	0	0	0	48	0	0	0	0	0	0	0	0	0	0	0	0	0	0	0	0	0	0	0	0	0	0	0	0	0	0	
0	0	48	0	0	0	48	0	0	0	0	0	0	0	0	0	0	0	0	0	0	0	0	0	0	0	0	0	0	0	0	0	0	0	0	0	0	0	0	0	0	0	0	0	0	0	0	0	0	0	0	0	0	0	0	0	0	0	0	0	0	0	0	0	0	0	0	48	0	0	0	0	0	0	0	0	0	0	0	0	
0	0	0	0	0	0	0	0	0	0	0	0	0	0	0	0	0	48	0	0	0	0	0	0	0	0	0	48	0	0	0	0	0	0	0	0	0	0	0	0	0	0	0	0	0	0	0	0	0	0	0	0	0	0	0	0	0	0	0	0	0	0	0	0	0	0	0	0	0	0	0	0	0	0	0	48	0	0	0	0	
0	0	0	0	0	0	0	0	0	0	48	0	0	0	0	0	0	0	0	48	0	0	0	0	0	0	0	0	0	0	0	0	0	0	0	0	0	0	0	0	0	0	0	0	0	0	0	0	0	48	0	0	0	0	0	0	0	0	0	0	0	0	0	0	0	0	0	0	0	0	0	0	0	0	0	0	0	0	0	0	
0	0	0	0	0	0	0	0	0	0	0	0	0	0	0	48	0	0	0	0	0	0	0	0	0	0	0	48	0	48	0	0	0	0	0	0	0	0	0	0	0	0	0	0	0	0	0	0	0	0	0	0	0	0	0	0	0	0	0	0	0	0	0	0	0	0	0	0	0	0	0	0	0	0	0	0	0	0	0	0	
0	0	0	0	0	0	0	0	0	0	0	0	0	48	0	0	0	0	0	0	0	0	0	0	0	0	0	0	0	0	0	0	0	0	0	0	0	0	0	0	0	0	0	0	48	0	0	0	0	0	0	0	0	48	0	0	0	0	0	0	0	0	0	0	0	0	0	0	0	0	0	0	0	0	0	0	0	0	0	0	
0	0	0	0	0	0	0	0	0	0	0	0	0	0	0	0	48	0	0	0	0	0	0	0	0	0	0	0	0	0	0	0	0	0	0	0	0	0	0	48	0	0	0	0	0	0	0	0	0	0	0	0	0	0	0	0	0	0	0	0	0	0	0	0	0	0	0	0	0	0	0	0	0	0	0	0	0	0	0	48	
0	0	0	0	0	0	0	0	0	0	0	0	0	0	0	0	0	0	0	0	0	0	0	0	0	0	48	0	0	0	0	0	0	0	0	0	0	0	0	0	0	0	0	0	0	0	0	0	0	0	48	0	0	48	0	0	0	0	0	0	0	0	0	0	0	0	0	0	0	0	0	0	0	0	0	0	0	0	0	0	
0	0	0	0	0	0	0	0	0	0	0	0	0	0	0	0	0	0	0	0	0	0	0	0	0	0	0	0	0	0	0	0	48	0	0	0	0	0	0	0	0	0	0	0	0	0	48	0	0	0	0	0	0	0	0	0	0	0	0	0	0	0	0	0	0	0	0	0	48	0	0	0	0	0	0	0	0	0	0	0	
0	0	0	0	0	0	0	0	0	0	0	0	0	0	0	0	0	0	0	0	0	0	0	0	0	0	0	0	0	0	0	0	48	0	0	0	0	0	0	0	0	0	0	0	0	0	0	0	0	0	0	0	0	0	0	0	0	0	0	0	0	0	0	0	0	48	0	0	0	0	0	48	0	0	0	0	0	0	0	0	
0	0	0	0	0	0	0	0	0	0	0	0	0	0	0	0	0	0	0	0	0	0	0	0	0	0	0	0	0	0	0	0	0	0	0	0	48	0	0	0	48	0	0	0	0	0	0	0	0	0	0	0	0	0	0	0	0	0	0	0	0	0	0	0	0	0	0	0	0	0	0	0	0	48	0	0	0	0	0	0	
0	0	0	0	0	0	0	0	0	0	0	48	0	0	0	0	0	0	0	0	0	0	0	0	0	0	0	0	0	0	0	0	0	0	48	0	0	0	0	0	0	0	0	0	0	0	0	0	0	0	0	0	0	0	0	0	0	0	0	0	0	0	0	0	0	0	48	0	0	0	0	0	0	0	0	0	0	0	0	0	
0	0	0	0	0	0	0	0	0	0	0	0	0	0	0	0	0	0	0	0	0	0	0	0	0	0	0	0	0	0	0	0	0	0	0	48	0	0	48	0	0	0	0	0	0	0	0	0	0	0	0	0	0	0	0	0	0	0	0	0	0	0	0	0	0	48	0	0	0	0	0	0	0	0	0	0	0	0	0	0	
0	0	0	0	0	0	0	0	0	0	0	0	0	0	0	0	0	0	0	0	48	0	0	0	0	0	0	0	0	0	0	48	0	0	0	0	0	0	0	0	0	0	0	0	0	0	0	0	0	0	48	0	0	0	0	0	0	0	0	0	0	0	0	0	0	0	0	0	0	0	0	0	0	0	0	0	0	0	0	0	
0	0	0	0	0	0	0	0	0	0	0	0	0	0	0	48	0	48	0	0	0	0	0	0	0	0	0	0	0	0	0	0	0	0	0	0	0	0	0	0	0	0	0	0	0	0	0	0	0	0	0	0	0	0	0	0	0	0	0	0	0	0	0	0	0	0	0	0	0	0	0	0	0	0	0	48	0	0	0	0	
0	0	0	0	0	0	0	0	0	0	0	0	0	0	0	0	0	0	0	0	0	0	0	0	0	0	0	0	0	0	0	0	0	0	0	0	0	0	0	48	0	0	0	0	48	0	0	0	0	0	0	0	0	0	0	0	0	0	0	0	48	0	0	0	0	0	0	0	0	0	0	0	0	0	0	0	0	0	0	0	
0	0	0	0	0	0	0	0	0	0	0	0	0	0	0	0	0	48	0	0	0	0	0	0	0	0	0	0	0	0	0	0	0	0	0	0	0	48	0	0	0	0	0	0	0	0	0	0	0	0	0	0	0	0	0	0	0	0	0	0	0	0	0	0	0	0	0	48	0	0	0	0	0	0	0	0	0	0	0	0	
48	0	0	0	0	0	0	0	0	0	0	0	0	0	0	0	0	0	0	0	0	0	0	0	0	0	0	0	0	0	0	0	0	0	0	0	0	0	0	0	0	0	0	0	0	0	0	0	0	0	0	0	0	0	0	0	0	0	0	0	0	48	0	0	0	0	0	0	0	0	0	0	48	0	0	0	0	0	0	0	
0	0	0	0	48	0	0	0	0	0	0	0	0	0	0	0	0	0	0	0	0	0	0	0	0	0	48	0	0	0	0	0	0	0	0	0	0	0	0	0	0	0	48	0	0	0	0	0	0	0	0	0	0	0	0	0	0	0	0	0	0	0	0	0	0	0	0	0	0	0	0	0	0	0	0	0	0	0	0	0	
0	0	0	0	0	0	0	0	0	0	0	0	0	0	0	0	0	0	0	0	0	48	48	0	0	0	0	0	0	0	0	0	0	0	0	0	0	0	0	0	0	0	0	0	0	0	0	0	0	0	0	0	0	0	0	0	0	0	0	0	0	0	0	0	0	48	0	0	0	0	0	0	0	0	0	0	0	0	0	0	
48	0	0	0	0	0	0	0	0	0	0	0	0	0	0	0	0	0	0	0	0	0	0	0	0	0	0	0	0	0	0	0	0	0	0	0	0	0	0	0	0	0	0	0	0	0	0	0	0	0	0	0	0	0	0	0	0	0	0	0	0	0	0	0	0	0	0	0	0	0	48	0	0	0	0	0	0	48	0	0	
0	0	0	0	0	0	0	0	0	0	0	0	0	0	0	0	0	0	0	0	0	0	0	0	48	0	0	0	0	0	0	0	0	0	0	0	0	0	0	0	0	48	0	0	0	0	0	0	0	0	0	0	0	0	0	0	0	0	0	0	0	0	0	0	0	0	48	0	0	0	0	0	0	0	0	0	0	0	0	0	
0	0	0	0	0	0	0	0	0	0	0	0	0	0	0	0	0	0	0	0	0	0	0	0	0	48	0	0	0	0	0	0	0	0	0	0	0	0	0	0	0	0	0	0	0	0	0	0	0	0	0	0	0	0	0	0	0	0	0	0	0	0	0	0	48	0	0	0	0	0	0	48	0	0	0	0	0	0	0	0	
0	0	0	0	0	0	0	0	48	0	0	0	0	0	0	0	0	0	0	0	0	0	0	48	0	0	0	0	0	0	0	0	0	0	0	0	0	0	0	0	0	0	0	0	0	0	0	0	0	0	0	0	0	0	0	0	0	0	0	0	0	0	0	0	0	0	0	0	0	0	0	0	0	48	0	0	0	0	0	0	
0	0	0	0	0	0	0	0	0	0	0	0	0	0	0	0	0	0	0	0	0	0	0	0	0	0	0	0	0	48	0	0	0	0	0	0	0	0	0	0	0	0	0	0	0	0	0	0	0	48	0	0	0	0	0	0	0	0	0	0	0	0	0	0	0	0	0	48	0	0	0	0	0	0	0	0	0	0	0	0	
0	0	0	0	0	0	0	0	0	0	0	0	0	0	0	0	0	0	0	0	0	0	0	0	0	48	0	0	0	0	0	0	0	0	0	0	0	0	0	0	0	0	0	0	0	0	0	0	0	0	0	0	0	0	0	0	0	0	0	0	0	48	0	0	0	0	0	0	0	0	0	0	48	0	0	0	0	0	0	0	
0	0	0	0	0	0	0	0	0	0	0	0	0	0	0	0	0	0	0	48	0	0	0	0	0	0	0	0	48	0	0	0	0	0	0	0	0	0	0	0	0	0	0	0	0	0	0	0	0	0	0	0	0	0	0	0	0	0	0	0	48	0	0	0	0	0	0	0	0	0	0	0	0	0	0	0	0	0	0	0	
0	48	0	0	0	48	0	0	0	0	0	0	0	0	0	0	0	0	0	0	0	0	0	48	0	0	0	0	0	0	0	0	0	0	0	0	0	0	0	0	0	0	0	0	0	0	0	0	0	0	0	0	0	0	0	0	0	0	0	0	0	0	0	0	0	0	0	0	0	0	0	0	0	0	0	0	0	0	0	0	
0	0	0	0	0	0	0	0	0	48	0	0	0	0	0	0	0	0	0	0	0	0	0	0	0	0	0	0	0	0	0	0	0	0	48	0	0	0	0	0	0	0	0	0	0	0	0	0	0	0	0	0	0	0	0	0	0	0	0	0	0	0	48	0	0	0	0	0	0	0	0	0	0	0	0	0	0	0	0	0	
0	0	0	0	48	0	0	0	0	0	0	0	0	0	0	0	0	0	0	0	0	0	0	0	0	0	0	0	0	0	0	48	0	0	0	0	0	0	0	0	0	0	0	0	0	0	0	0	48	0	0	0	0	0	0	0	0	0	0	0	0	0	0	0	0	0	0	0	0	0	0	0	0	0	0	0	0	0	0	0	
0	0	0	0	0	48	0	0	0	0	0	0	0	0	0	0	0	0	0	0	0	0	0	0	0	0	0	0	0	0	0	0	0	0	0	0	0	0	0	0	0	0	0	0	0	0	0	0	0	0	0	0	0	0	0	0	0	0	0	0	0	0	0	0	0	0	0	0	0	0	0	0	0	48	48	0	0	0	0	0	
0	0	0	0	0	0	0	0	0	0	0	0	0	48	0	0	0	0	48	0	0	0	0	0	0	0	0	0	48	0	0	0	0	0	0	0	0	0	0	0	0	0	0	0	0	0	0	0	0	0	0	0	0	0	0	0	0	0	0	0	0	0	0	0	0	0	0	0	0	0	0	0	0	0	0	0	0	0	0	0	
0	0	0	0	0	0	0	48	0	48	0	0	0	0	0	0	0	0	0	0	0	0	0	0	0	0	0	0	0	0	0	0	0	0	0	0	0	0	0	0	0	0	0	0	0	0	0	0	0	0	0	0	0	0	0	48	0	0	0	0	0	0	0	0	0	0	0	0	0	0	0	0	0	0	0	0	0	0	0	0	
0	0	0	0	0	0	0	0	0	0	0	48	0	0	0	0	0	0	0	0	0	48	0	0	0	0	0	0	0	0	0	0	0	0	0	0	0	0	0	0	0	0	0	0	0	0	0	0	0	0	0	0	0	0	0	0	0	0	0	0	0	0	0	0	0	0	48	0	0	0	0	0	0	0	0	0	0	0	0	0	
0	0	0	0	0	0	0	0	0	0	0	0	0	0	0	0	0	0	0	0	0	0	0	0	0	0	0	0	0	0	0	0	0	0	0	0	0	0	0	0	0	0	0	0	0	0	0	0	0	0	0	0	48	0	0	0	0	0	0	48	0	0	0	0	0	0	0	0	0	0	0	0	0	0	0	48	0	0	0	0	
0	0	0	0	0	0	0	0	0	0	0	0	0	0	0	0	0	0	0	0	0	0	0	0	0	0	0	0	0	0	0	0	0	0	0	0	0	0	0	0	0	0	48	0	0	0	0	0	0	0	0	0	0	0	0	0	48	0	0	0	0	0	0	0	0	0	0	0	0	0	0	0	0	0	48	0	0	0	0	0	
0	48	0	0	0	0	0	0	0	0	0	0	0	0	0	0	48	0	0	0	0	0	0	0	0	0	0	0	0	0	0	0	0	0	0	0	0	48	0	0	0	0	0	0	0	0	0	0	0	0	0	0	0	0	0	0	0	0	0	0	0	0	0	0	0	0	0	0	0	0	0	0	0	0	0	0	0	0	0	0	
0	0	0	0	48	0	0	0	0	0	0	0	0	0	0	0	0	0	0	0	48	0	0	0	0	0	48	0	0	0	0	0	0	0	0	0	0	0	0	0	0	0	0	0	0	0	0	0	0	0	0	0	0	0	0	0	0	0	0	0	0	0	0	0	0	0	0	0	0	0	0	0	0	0	0	0	0	0	0	0	
0	0	0	0	0	0	0	0	0	0	0	0	0	0	0	0	0	0	0	0	0	0	0	0	0	0	0	0	0	0	0	0	0	0	0	0	0	0	0	0	0	0	0	0	0	0	0	0	0	0	0	0	0	0	0	0	0	0	0	0	0	0	0	48	0	0	0	0	0	0	0	0	0	0	0	0	48	48	0	0	
0	0	48	0	0	0	0	0	0	0	0	0	0	0	0	0	0	0	0	0	0	0	0	0	0	0	0	0	0	0	0	0	0	0	0	0	0	0	0	0	0	0	0	0	0	0	0	48	0	0	0	0	0	0	0	0	0	0	0	48	0	0	0	0	0	0	0	0	0	0	0	0	0	0	0	0	0	0	0	0	
0	0	0	0	0	0	0	0	0	0	0	0	0	48	0	0	0	0	48	0	48	0	0	0	0	0	0	0	0	0	0	0	0	0	0	0	0	0	0	0	0	0	0	0	0	0	0	0	0	0	0	0	0	0	0	0	0	0	0	0	0	0	0	0	0	0	0	0	0	0	0	0	0	0	0	0	0	0	0	0	
0	0	0	0	0	0	0	0	0	0	0	0	0	0	0	0	0	0	0	0	0	0	0	0	0	0	0	0	0	0	0	0	0	0	0	0	0	0	0	0	0	0	0	0	0	0	0	0	0	0	0	0	0	0	0	0	0	48	48	48	0	0	0	0	0	0	0	0	0	0	0	0	0	0	0	0	0	0	0	0	
0	0	0	0	0	0	0	48	0	0	0	0	0	0	0	0	0	0	0	0	0	0	0	0	0	0	0	0	0	0	0	0	0	0	0	0	0	0	0	0	0	0	0	0	0	48	0	0	0	0	0	0	0	0	0	0	0	0	0	0	0	0	0	0	0	0	0	0	0	0	0	0	0	0	0	0	0	0	48	0	
0	0	0	48	0	0	0	0	0	0	0	0	48	0	0	0	0	0	0	0	0	0	0	0	0	0	0	0	0	0	0	0	0	0	0	0	0	0	0	0	0	0	0	0	0	0	0	0	48	0	0	0	0	0	0	0	0	0	0	0	0	0	0	0	0	0	0	0	0	0	0	0	0	0	0	0	0	0	0	0	
0	0	0	0	0	0	0	0	0	0	0	0	0	0	0	0	0	0	0	0	0	0	0	0	0	0	0	0	0	0	0	0	0	0	0	0	0	0	0	0	0	0	0	0	0	0	0	0	0	0	0	0	0	0	48	0	0	0	0	0	0	0	0	48	0	0	0	0	0	0	0	0	0	0	0	0	48	0	0	0	
0	0	0	48	0	0	0	0	0	0	0	0	0	0	0	0	0	0	0	0	0	0	0	0	0	0	0	0	0	0	0	0	0	0	0	0	0	0	0	0	0	0	0	0	0	0	0	0	0	0	0	0	0	0	48	0	0	0	0	0	0	0	0	0	0	0	0	0	0	0	0	0	0	0	0	0	0	0	48	0	
0	0	0	0	0	0	0	0	0	0	0	0	0	0	0	0	0	0	0	0	0	0	0	0	0	0	0	0	0	0	0	0	0	0	0	0	0	0	0	0	0	0	0	0	0	0	0	48	0	0	0	0	48	0	48	0	0	0	0	0	0	0	0	0	0	0	0	0	0	0	0	0	0	0	0	0	0	0	0	0	
0	0	0	0	0	0	0	0	0	0	48	0	0	0	0	0	0	0	0	0	0	0	0	0	0	0	0	0	48	0	0	0	0	0	0	0	0	0	0	48	0	0	0	0	0	0	0	0	0	0	0	0	0	0	0	0	0	0	0	0	0	0	0	0	0	0	0	0	0	0	0	0	0	0	0	0	0	0	0	0	
48	0	0	0	0	0	0	0	0	0	0	0	0	0	0	0	0	0	0	0	0	0	0	0	0	0	0	0	0	0	48	0	0	0	0	0	0	0	48	0	0	0	0	0	0	0	0	0	0	0	0	0	0	0	0	0	0	0	0	0	0	0	0	0	0	0	0	0	0	0	0	0	0	0	0	0	0	0	0	0	
0	0	0	0	0	0	0	0	0	0	0	0	0	0	0	0	0	0	0	0	0	0	0	0	0	0	0	0	0	0	0	0	0	0	0	0	0	0	0	0	0	48	0	0	0	0	0	0	0	0	0	0	0	0	0	0	0	0	0	0	0	0	0	0	48	0	0	0	0	0	0	48	0	0	0	0	0	0	0	0	
0	0	0	0	0	0	0	0	0	0	0	0	0	0	0	0	0	0	0	0	0	0	0	0	0	0	0	0	0	0	0	0	0	0	0	0	0	0	0	0	0	0	0	0	0	0	0	0	0	0	0	48	0	0	0	0	0	48	0	0	0	0	0	0	0	0	0	0	0	0	0	0	0	0	0	0	48	0	0	0	
0	0	0	0	0	0	0	0	0	0	0	0	0	0	0	0	0	0	0	0	0	0	0	0	0	0	0	0	0	0	0	0	0	0	0	48	0	0	0	0	0	0	0	0	0	0	0	0	0	0	0	0	0	0	0	0	0	0	0	0	0	0	48	0	0	0	0	0	48	0	0	0	0	0	0	0	0	0	0	0	
0	0	0	0	0	0	0	0	0	0	0	0	0	0	0	0	0	0	0	0	0	0	48	0	0	48	0	0	0	0	0	0	48	0	0	0	0	0	0	0	0	0	0	0	0	0	0	0	0	0	0	0	0	0	0	0	0	0	0	0	0	0	0	0	0	0	0	0	0	0	0	0	0	0	0	0	0	0	0	0	
0	0	0	0	0	0	0	0	0	0	0	0	0	0	0	0	0	0	0	0	0	0	0	0	48	0	0	0	0	0	0	0	0	0	48	0	0	0	0	0	0	0	0	0	0	0	48	0	0	0	0	0	0	0	0	0	0	0	0	0	0	0	0	0	0	0	0	0	0	0	0	0	0	0	0	0	0	0	0	0	
0	0	0	0	0	0	0	0	0	0	0	0	0	0	48	0	0	0	0	0	0	0	0	0	0	0	0	0	0	48	0	0	0	0	0	0	0	48	0	0	0	0	0	0	0	0	0	0	0	0	0	0	0	0	0	0	0	0	0	0	0	0	0	0	0	0	0	0	0	0	0	0	0	0	0	0	0	0	0	0	
0	0	0	0	0	0	0	0	0	0	0	0	0	0	0	0	0	0	0	0	0	48	0	0	0	0	0	0	0	0	0	0	0	0	0	0	0	0	0	0	0	0	0	0	0	0	0	0	0	0	0	0	0	0	0	0	0	0	0	0	0	0	0	0	48	0	0	0	0	48	0	0	0	0	0	0	0	0	0	0	
0	0	0	0	0	0	0	0	0	0	0	48	0	0	0	0	0	0	0	0	0	0	0	0	0	0	0	0	0	0	0	0	0	0	0	0	0	0	0	0	0	0	0	0	0	0	0	0	0	0	0	0	0	0	0	0	0	0	0	0	0	0	0	0	0	0	0	0	48	0	0	0	0	0	0	0	0	0	0	48	
0	0	0	0	0	0	0	0	0	0	0	0	0	0	0	0	0	0	0	0	0	0	0	0	0	0	0	0	0	0	0	0	0	48	0	0	0	0	0	0	0	0	0	0	0	0	0	0	0	0	0	0	0	0	0	0	0	0	0	0	0	0	0	0	0	0	0	0	0	0	0	0	0	0	0	0	0	48	48	0	
0	0	0	0	0	0	0	0	0	0	0	0	0	0	0	0	0	0	0	0	0	0	48	0	0	0	0	0	0	0	0	0	0	0	0	48	0	0	0	0	0	0	0	0	0	0	0	0	0	0	0	0	0	0	0	0	0	0	0	0	0	0	48	0	0	0	0	0	0	0	0	0	0	0	0	0	0	0	0	0	
0	0	0	0	0	0	0	0	0	0	0	0	0	0	0	0	0	0	0	0	0	0	0	0	0	0	0	0	0	0	48	0	0	0	0	0	0	0	48	0	0	0	0	0	0	0	0	0	0	0	0	0	0	0	0	0	0	0	0	0	0	0	0	0	0	0	0	0	0	0	0	0	0	0	0	0	0	0	0	48	
0	0	0	0	0	0	0	0	0	0	0	0	0	0	0	0	0	0	0	0	0	0	0	48	0	0	0	0	0	0	0	0	0	0	0	0	48	0	0	0	0	0	0	48	0	0	0	0	0	0	0	0	0	0	0	0	0	0	0	0	0	0	0	0	0	0	0	0	0	0	0	0	0	0	0	0	0	0	0	0	
0	0	0	0	0	0	0	0	0	0	48	0	0	0	0	0	0	0	0	0	0	0	0	0	0	0	0	0	0	0	0	0	0	0	0	0	0	0	0	0	0	0	0	48	0	0	0	0	48	0	0	0	0	0	0	0	0	0	0	0	0	0	0	0	0	0	0	0	0	0	0	0	0	0	0	0	0	0	0	0	
0	0	0	0	0	0	0	0	0	0	0	0	0	0	0	48	0	0	0	0	0	0	0	0	0	0	0	48	0	0	0	0	0	0	0	0	0	0	0	0	0	0	0	0	0	0	0	48	0	0	0	0	0	0	0	0	0	0	0	0	0	0	0	0	0	0	0	0	0	0	0	0	0	0	0	0	0	0	0	0	
0	0	0	0	0	0	0	0	0	0	0	0	0	0	0	0	0	0	0	0	0	0	0	0	0	0	0	0	0	0	0	0	0	0	0	0	0	0	0	0	0	0	0	0	0	0	0	0	0	0	0	48	0	0	0	0	0	48	0	0	0	0	0	48	0	0	0	0	0	0	0	0	0	0	0	0	0	0	0	0	
0	0	0	0	0	0	0	0	0	0	0	0	0	0	0	0	0	0	0	0	0	0	0	0	0	0	0	0	0	0	0	0	0	48	0	0	0	0	0	0	0	0	0	0	0	0	0	0	0	0	0	48	0	0	0	0	0	0	0	0	0	0	0	0	0	0	0	0	0	0	48	0	0	0	0	0	0	0	0	0	
0	0	0	0	0	0	0	0	0	0	0	0	0	0	0	0	0	0	0	0	0	0	0	0	0	0	0	0	0	0	0	0	0	0	0	0	0	0	0	0	0	0	0	0	0	0	0	0	0	0	0	0	0	0	0	48	0	0	48	0	0	0	0	0	0	0	0	0	0	0	48	0	0	0	0	0	0	0	0	0	
0	0	0	0	0	0	0	0	0	0	0	0	0	0	0	0	0	0	0	48	0	0	0	0	0	0	0	0	0	0	0	0	0	0	0	0	0	0	0	0	0	0	0	0	0	0	0	0	0	0	0	0	0	0	0	0	0	0	0	0	0	0	0	0	0	0	0	0	0	48	0	0	48	0	0	0	0	0	0	0	
23	54	30	0	33	69	30	36	37	15	42	76	56	23	25	45	47	2	31	12	16	6	65	31	0	40	51	57	51	29	43	49	30	41	15	11	7	69	10	46	37	73	73	66	45	57	59	3	64	6	63	1	79	18	25	78	43	60	39	42	68	71	28	7	52	34	72	58	78	79	37	21	21	51	22	53	71	75	56	71	64	19	9	25	14	57	68	71	14	74	39	14	12	19	47	44	6	16	41	76	56	47	50	61	31	13	40	43	73	39	38	20	3	26	10	4	41	2	49	40	57	77	40	45	79	24	13	17	40	31	43	79	3	49	16	23	42	73	26	3	60	69	52	50	22	49	76	63	20	28	48	42	52	1	43	13	2	14	60	55	44	63	78	20	47	51	79	33	54	5	77	27	49	3	35	48	11	26	48	60	33	38	31	76	49	38	63	14	71	69	11	14	17	65	34	25	27	70	63	60	19	19	65	53	38	35	9	16	43	61	25	23	25	63	55	73	18	32	46	15	0	73	53	67	38	19	53	6	69	73	37	12	70	36	48	25	30	56	29	51	65	76	17	45	53	51	79	31	79	52	61	75	19	18	17	24	55	19	14	59	0	76	43	24	2	18	76	4	35	74	70	21	72	41	14	79	21	35	26	7	16	79	29	51	45	0	78	71	66	60	0	57	36	73	74	13	55	74	32	24	17	53	24	0	55	78	53	9	13	28	77	9	9	19	54	51	48	39	4	15	70	63	44	47	65	16	2	52	23	19	76	35	49	0	58	6	15	56	14	12	69	13	24	40	65	31	42	41	37	47	21	49	50	4	34	31	50	4	52	52	23	35	55	79	42	60	64	66	28	31	36	73	32	6	39	6	19	75	65	46	13	19	44	46	45	0	5	37	7	40	63	14	63	8	17	39	58	54	18	60	0	53	30	60	53	36	49	35	2	2	59	31	75	11	26	61	12	2	67	53	11	46	6	43	50	57	33	51	47	38	57	64	0	23	42	33	16	67	54	23	60	35	37	30	77	55	55	50	22	36	68	35	54	46	15	58	19	50	58	79	56	39	61	13	67	27	50	73	68	66	48	77	1	77	31	6	63	61	3	53	79	14	12	58	52	44	30	68	25	57	74	46	45	68	51	76	64	41	28	69	42	75	2	75	22	26	76	16	32	11	64	48	1	4	39	71	50	1	53	50	26	27	11	50	42	67	78	72	47	34	17	8	26	42	18	38	68	47	44	12	27	24	29	32	55	34	21	6	45	67	9	69	12	71	11	41	67	0	71	68	42	26	65	20	50	63	65	44	47	43	37	73	73	71	7	74	21	50	61	7	10	76	77	76	44	32	41	44	54	7	42	66	27	75	57	47	5	7	39	78	14	16	15	44	6	29	17	9	31	50	2	64	26	39	11	49	1	40	71	20	9	21	50	64	69	65	3	76	74	0	73	4	18	2	10	47	75	14	39	25	53	0	22	17	78	66	8	14	48	19	72	75	12	19	26	49	72	10	48	2	31	20	10	39	72	27	37	43	77	32	23	39	27	73	52	51	34	42	41	17	43	48	47	75	65	32	68	47	12	48	2	19	9	39	15	55	26	0	32	19	33	55	26	54	66	59	70	70	67	18	45	67	64	49	7	58	31	45	57	19	65	22	43	14	11	11	75	78	5	46	11	5	48	64	12	35	17	64	12	0	78	54	2	47	5	20	67	11	76	47	11	60	70	61	30	55	21	37	41	78	44	13	50	18	52	32	1	77	56	69	51	46	57	26	71	49	28	74	41	13	64	23	12	16	40	51	41	10	19	40	73	77	4	9	50	51	20	12	51	11	44	74	46	45	18	26	12	28	31	14	14	31	9	33	74	39	48	45	60	33	61	50	21	21	12	68	75	55	46	22	7	34	66	34	47	33	30	7	69	40	21	69	30	38	28	62	44	64	12	12	4	6	71	57	51	57	75	22	10	67	21	4	15	30	73	39	51	52	66	5	11	21	49	64	31	27	48	54	52	21	63	32	36	10	37	75	17	52	75	74	49	78	31	24	52	46	2	16	1	31	31	27	71	22	3	47	39	48	26	19	20	43	65	18	34	62	20	37	73	4	52	50	33	59	6	36	23	57	75	28	28	2	59	52	18	45	20	75	73	18	39	0	42	28	45	58	50	5	67	66	51	18	63	26	58	1	46	16	55	14	34	61	12	35	50	6	50	31	65	61	77	39	54	31	22	39	77	49	46	5	44	48	58	65	16	42	76	33	19	45	6	52	28	2	47	30	52	62	72	52	24	27	40	63	70	15	46	30	66	39	18	50	5	22	52	74	56	65	8	4	43	62	0	16	5	2	49	67	78	42	51	28	51	39	26	14	42	61	52	31	74	43	23	50	5	22	33	22	60	46	12	21	10	11	47	67	66	6	78	3	33	68	21	29	58	49	71	57	46	67	0	66	56	60	41	25	4	53	1	39	72	9	55	10	45	28	57	46	4	25	79	65	78	53	63	65	4	40	61	55	43	67	69	8	7	53	48	8	18	8	78	65	14	3	23	19	4	37	76	36	38	41	66	63	52	47	33	19	59	62	6	68	8	47	44	58	0	12	5	57	13	68	76	28	69	63	79	27	14	17	23	39	15	22	67	29	19	61	2	43	8	66	64	14	54	41	12	21	1	70	78	64	21	72	18	71	30	31	56	65	59	27	61	44	14	3	58	52	49	64	58	43	50	26	57	11	28	61	72	65	75	38	55	33	63	70	4	26	23	55	21	32	49	76	53	5	7	23	20	1	1	13	69	26	11	78	2	34	77	36	15	35	37	23	46	1	21	56	62	23	62	68	61	73	72	71	50	7	25	75	69	63	12	20	9	76	64	34	64	31	3	78	38	58	3	9	78	41	38	27	46	69	78	49	41	69	34	20	8	35	55	6	74	3	34	55	6	31	79	11	5	7	35	66	4	26	29	73	65	25	68	60	53	45	7	40	65	62	47	20	7	36	16	52	67	22	65	55	13	60	41	37	2	24	35	78	55	6	47	13	39	30	18	24	69	30	38	64	46	26	70	31	23	34	33	78	55	76	63	21	0	65	8	26	59	42	44	77	37	51	16	12	19	69	28	12	59	19	22	2	21	2	56	1	61	29	62	13	68	23	50	35	61	43	26	19	57	21	37	46	36	0	51	75	35	15	77	35	53	33	48	4	46	68	17	29	14	47	32	78	49	72	28	73	67	0	33	74	36	57	5	32	18	25	8	28	79	13	37	2	41	61	43	13	74	4	66	42	30	52	71	60	5	8	50	45	56	19	25	76	65	1	12	68	18	32	16	32	27	53	25	49	32	36	78	12	74	44	4	70	37	16	56	72	29	71	32	12	66	20	65	78	63	62	73	23	41	43	14	44	69	56	23	73	32	41	66	2	53	55	54	27	70	1	28	74	43	78	75	73	39	32	39	44	70	22	51	69	44	54	11	61	39	38	41	75	42	67	46	79	74	5	50	11	76	72	2	43	3	44	2	77	31	44	79	54	71	6	3	74	0	75	79	37	19	75	41	45	42	3	35	58	0	47	37	58	37	63	72	72	25	54	57	30	43	17	15	54	77	59	59	54	14	34	5	21	48	60	34	5	52	35	37	45	38	24	17	72	23	30	79	54	68	22	15	32	36	26	60	46	37	31	54	10	66	11	73	4	0	13	1	66	9	3	26	19	21	16	45	45	63	18	75	62	59	21	24	37	26	17	8	73	42	72	52	72	48	31	27	70	45	47	14	30	71	68	28	35	44	68	70	18	10	5	44	54	44	74	47	36	66	40	67	24	40	30	13	60	7	12	74	57	71	64	44	34	75	9	22	10	42	43	32	79	51	44	55	23	23	56	78	47	68	32	28	0	5	31	24	64	8	31	77	35	18	79	11	9	4	69	63	8	41	56	51	34	70	14	64	65	62	37	71	53	42	24	24	30	48	3	73	40	29	12	68	21	55	26	38	64	37	61	11	44	52	8	51	2	10	41	43	1	15	39	10	14	78	48	17	63	9	78	47	73	50	6	58	50	14	35	44	61	57	70	62	1	69	59	58	53	10	72	8	46	61	37	32	42	29	0	43	67	67	29	33	46	40	75	47	44	32	61	39	64	19	69	9	78	76	46	26	0	60	11	78	31	37	31	48	43	31	40	77	66	70	15	67	40	47	44	57	76	73	71	79	8	20	54	57	45	73	48	60	41	50	35	33	21	3	53	77	33	56	35	17	31	42	68	42	4	55	67	40	19	47	22	59	39	43	2	3	55	61	53	52	47	32	58	11	4	5	68	54	39	76	75	45	24	27	35	33	50	11	48	50	25	19	28	30	26	5	62	18	54	36	66	47	24	16	47	75	14	61	42	71	9	52	48	17	24	24	20	44	29	36	77	19	43	23	56	72	37	64	33	19	52	71	18	26	23	8	23	46	57	62	11	15	15	53	60	10	75	3	23	44	16	24	58	8	45	41	1	33	8	77	44	53	34	53	4	18	64	51	17	59	27	51	66	16	12	73	36	57	22	32	37	33	9	13	79	4	28	53	45	71	17	35	26	69	32	47	77	65	51	64	40	31	16	35	46	36	38	60	17	56	79	24	14	33	48	43	53	7	41	17	54	29	28	7	32	59	25	18	3	16	16	11	62	67	33	45	9	62	19	24	23	30	39	8	31	20	6	5	33	67	42	41	28	54	71	13	61	45	34	5	63	39	41	48	45	45	63	33	76	44	66	74	12	48	70	52	33	66	50	56	35	25	65	3	18	52	73	19	15	22	46	38	35	52	28	33	19	3	47	58	32	45	42	49	71	53	6	16	35	16	39	20	5	43	16	38	73	5	12	46	11	67	16	39	43	66	44	17	43	32	5	26	7	73	7	23	2	37	58	70	68	18	75	69	59	61	39	65	59	44	29	45	18	19	31	47	41	68	76	39	14	40	0	79	10	40	59	41	18	17	52	71	36	69	50	5	0	6	69	35	69	33	28	76	11	1	4	36	26	39	43	70	33	35	1	72	46	27	79	47	8	60	19	71	7	22	59	20	7	46	30	11	27	53	22	3	0	16	77	11	17	36	61	60	42	14	75	18	79	77	69	54	58	18	35	35	17	67	22	67	19	20	76	77	26	57	25	6	43	19	74	15	51	14	12	39	60	27	14	62	53	11	17	44	77	63	77	35	66	25	32	38	77	36	6	65	73	13	6	57	21	28	36	34	27	31	48	31	23	29	70	42	72	73	41	52	59	34	1	64	63	67	22	48	67	6	21	70	47	68	15	30	27	17	47	65	27	64	3	28	49	37	33	38	44	66	79	63	41	23	63	44	4	54	59	53	11	65	61	16	79	38	55	54	9	31	0	32	67	51	29	68	60	6	3	24	79	36	45	35	20	55	18	62	20	73	66	14	7	15	73	12	0	7	3	51	50	5	76	69	22	4	62	62	66	79	34	59	42	33	31	44	50	19	15	35	38	66	67	40	1	63	51	6	38	21	54	11	44	33	47	58	32	42	51	66	67	79	67	6	61	9	12	1	38	78	51	42	76	34	9	13	46	55	33	22	25	36	66	62	76	54	41	66	35	10	37	8	78	27	26	76	51	28	33	34	5	58	7	20	3	4	71	71	5	39	13	33	73	14	49	68	27	20	9	8	6	45	60	24	75	34	56	65	17	51	38	43	29	29	12	41	12	54	10	60	24	22	45	6	3	31	39	26	57	46	19	24	3	43	64	23	59	21	51	36	21	57	76	77	10	66	17	68	14	0	57	0	64	19	61	35	67	14	28	66	45	25	22	43	14	17	30	71	39	77	59	9	70	48	9	40	74	71	58	33	4	25	47	79	9	38	76	1	76	46	28	26	44	73	33	0	51	11	15	39	7	72	45	20	43	32	45	68	37	17	31	69	31	33	34	68	54	44	26	1	56	63	49	56	37	79	47	78	53	54	24	34	53	57	56	75	69	5	47	26	20	21	21	33	47	79	3	17	16	27	17	22	29	1	3	23	43	54	72	42	74	26	1	33	7	30	23	12	53	14	45	32	5	16	57	2	75	18	77	9	56	21	61	58	27	13	15	69	15	13	42	28	69	51	66	32	15	3	23	71	40	55	30	9	16	50	42	61	65	15	47	74	34	31	65	52	21	37	12	15	37	39	22	1	23	57	68	78	46	65	59	45	43	29	70	27	79	79	48	69	37	12	48	71	23	63	20	46	16	6	44	27	33	0	24	2	46	20	21	13	19	18	4	23	59	61	73	10	19	79	48	54	19	66	11	51	47	47	17	28	72	26	36	64	30	26	73	71	40	46	23	7	46	9	59	21	24	56	0	7	78	30	77	36	76	73	19	21	51	32	42	56	34	36	63	48	30	10	53	31	26	51	18	79	56	1	43	40	46	71	29	11	36	4	1	0	43	50	48	47	62	34	11	9	62	34	66	35	46	37	9	30	28	
11	58	6	42	78	46	77	58	66	70	78	29	55	65	24	69	64	34	63	3	76	9	1	39	45	39	1	19	4	45	79	39	49	28	44	5	69	0	41	78	28	42	22	64	22	63	44	28	15	13	56	31	21	33	23	23	4	8	6	64	74	79	66	12	3	69	0	25	14	43	42	62	33	44	72	3	69	51	51	17	18	7	68	65	65	2	52	13	44	28	44	45	59	47	52	26	7	20	71	45	27	4	13	15	29	7	46	10	8	55	69	37	5	29	26	75	11	17	5	68	6	29	1	58	77	74	69	68	9	33	27	61	52	74	45	45	54	79	2	13	56	41	36	7	21	16	12	18	19	30	20	73	61	44	51	4	11	50	35	60	39	58	77	26	74	29	26	72	43	68	66	14	6	71	0	37	49	0	76	54	40	8	15	74	1	7	34	43	55	71	77	33	35	49	27	21	45	46	35	48	30	6	64	44	0	16	46	41	68	8	76	5	79	77	45	63	40	18	6	13	51	77	76	79	0	76	66	36	5	33	46	50	5	8	70	42	65	17	26	44	10	14	44	59	65	62	77	70	8	69	29	16	14	65	46	40	37	53	64	63	63	1	69	8	43	23	29	3	28	38	43	0	50	33	77	33	77	9	6	71	48	14	7	3	59	49	0	38	47	35	3	64	29	54	33	51	6	26	10	49	44	49	32	9	78	58	51	28	78	40	37	61	46	60	22	11	77	22	40	73	62	7	28	22	13	26	35	50	50	12	5	37	75	15	72	31	36	16	59	62	75	76	10	79	61	48	66	78	7	41	32	40	21	53	76	38	44	43	31	2	36	11	40	5	38	1	32	37	13	57	41	6	65	24	40	39	73	25	52	31	63	8	10	17	68	37	0	65	79	18	2	42	33	74	19	64	65	35	65	68	14	8	60	5	20	20	17	52	34	22	30	55	27	3	10	58	60	39	75	76	74	35	68	79	5	11	61	21	46	9	32	74	30	27	55	54	78	14	73	12	14	31	14	1	26	59	64	56	32	77	55	18	7	31	26	66	14	19	14	33	8	69	31	2	52	19	40	41	24	18	5	65	9	37	1	31	3	13	65	14	0	15	78	47	72	62	50	64	38	46	42	30	8	47	38	26	57	52	6	1	47	53	0	46	33	15	62	46	23	36	34	76	75	71	26	60	31	28	45	45	77	73	10	29	52	11	15	75	4	70	11	6	15	9	40	51	73	40	76	22	45	9	19	71	31	11	20	50	16	72	56	6	50	60	24	36	57	53	58	54	66	71	11	62	22	4	18	68	19	66	61	46	68	59	8	34	1	37	74	35	27	30	24	35	49	78	53	38	64	71	31	44	75	26	0	60	53	29	22	49	46	39	25	54	50	53	70	12	63	24	13	8	62	9	18	11	58	13	41	38	79	78	68	6	8	14	12	0	63	65	12	74	63	10	7	7	18	17	4	6	4	77	69	63	6	15	16	49	63	25	35	32	3	39	25	36	43	65	52	8	17	8	23	41	40	65	54	12	47	31	5	18	19	71	19	22	25	21	15	42	78	46	29	16	45	26	63	7	37	21	5	38	49	5	64	34	38	7	1	69	55	21	25	14	1	43	26	9	4	63	32	42	22	0	70	45	5	20	0	24	28	28	67	50	74	47	57	28	58	55	14	51	8	67	0	19	63	67	17	30	73	50	60	9	32	61	74	61	24	45	54	20	9	64	70	46	70	5	67	14	26	40	58	37	8	28	45	57	70	24	48	66	44	54	23	23	71	70	52	73	54	12	61	68	12	23	68	8	4	78	25	75	66	63	2	31	37	43	49	49	34	37	76	42	26	52	46	58	66	35	2	35	48	45	52	41	34	8	2	19	7	41	9	61	37	35	11	39	49	46	3	32	34	59	62	68	40	71	11	48	53	54	54	79	67	42	5	2	4	30	0	19	75	42	60	10	33	12	24	65	5	46	38	5	23	19	31	70	26	9	34	28	17	76	25	1	26	43	67	46	13	39	40	7	55	32	79	49	44	59	60	74	10	1	8	3	78	40	69	8	28	50	51	12	48	37	46	27	48	72	28	66	47	32	76	24	10	48	1	31	39	18	9	41	53	53	34	0	58	53	30	69	46	5	4	79	17	60	46	2	44	71	77	63	37	61	57	35	56	54	59	19	32	54	1	30	19	67	45	34	37	23	68	29	54	33	10	5	53	46	16	16	26	15	24	64	44	28	73	13	69	74	52	74	45	54	61	60	16	52	13	44	41	46	14	5	51	58	38	33	53	0	11	25	42	72	53	20	69	14	10	65	19	17	5	70	59	51	5	35	20	1	9	13	51	14	54	6	16	29	7	23	15	72	54	32	74	9	39	78	1	44	13	33	37	17	66	23	36	39	65	69	32	78	45	52	35	13	35	4	72	50	26	15	31	18	22	41	41	40	58	75	43	22	6	38	79	45	6	72	65	5	28	74	19	30	24	6	18	41	2	46	76	42	66	50	34	76	77	1	48	60	65	76	30	29	11	59	66	11	75	58	30	72	77	68	67	45	52	72	15	28	39	17	70	36	69	77	14	6	9	48	18	51	43	24	22	34	20	12	61	72	48	65	68	3	50	79	69	32	1	68	33	48	1	42	18	14	41	25	16	1	68	11	71	37	20	74	52	9	47	61	57	12	41	24	61	73	19	2	67	53	32	75	11	1	43	17	55	39	35	72	54	31	62	42	64	62	14	53	64	23	14	74	77	57	5	17	65	50	66	50	10	78	0	22	26	25	29	32	70	8	15	78	37	36	13	62	61	65	22	8	11	17	62	60	63	22	51	43	23	58	20	7	9	35	23	43	69	22	37	37	46	56	74	68	58	50	22	4	17	14	15	17	16	30	30	77	55	73	3	1	10	40	22	58	43	54	25	37	36	77	53	8	73	70	0	25	19	16	79	18	41	53	13	40	40	8	32	39	64	14	42	34	4	60	42	72	69	55	36	44	22	42	48	51	5	4	35	32	1	67	47	30	65	34	23	44	34	52	20	33	41	13	22	76	16	76	71	55	22	39	59	16	9	67	66	16	77	57	18	33	41	39	48	18	33	33	23	44	46	79	56	56	35	59	30	64	43	37	33	71	49	28	77	49	68	64	6	48	77	25	9	56	24	42	48	32	75	68	47	16	70	57	32	38	25	50	29	61	41	29	67	59	50	50	70	65	10	49	53	24	19	49	17	10	47	5	26	51	30	4	4	34	69	37	52	34	60	6	78	49	2	48	13	5	67	55	37	30	33	52	62	68	54	78	8	7	19	14	12	53	7	5	8	63	69	2	11	32	30	76	20	23	32	4	62	11	17	37	43	75	47	67	49	73	62	49	40	36	36	9	20	46	57	52	64	32	44	12	26	71	77	69	77	27	42	13	52	36	74	36	67	15	34	44	17	49	7	7	37	66	29	70	78	62	29	58	31	55	6	10	55	37	46	14	31	69	11	39	49	64	5	9	44	40	12	7	44	48	54	31	57	78	15	66	4	8	73	76	65	20	76	43	26	55	74	38	78	7	64	18	69	0	39	18	60	10	13	8	54	20	74	38	71	53	53	66	59	26	2	45	79	1	6	57	53	61	2	62	32	36	39	58	4	7	8	38	38	64	72	20	18	63	31	49	34	77	57	41	18	70	63	64	56	0	22	10	23	22	64	3	23	17	24	22	74	48	19	28	9	65	57	72	70	31	63	0	43	16	46	69	57	19	9	26	31	71	53	27	46	78	67	50	18	70	25	11	61	62	58	28	34	54	47	46	48	47	62	10	5	63	20	45	77	14	59	62	70	5	45	5	43	59	37	35	70	78	73	63	77	24	12	70	72	47	20	64	15	4	54	2	36	10	8	20	74	68	50	1	70	76	31	25	59	36	76	15	20	54	41	30	53	50	33	31	67	20	48	57	32	66	4	27	47	61	60	72	43	37	75	72	75	10	16	76	30	24	12	19	57	15	55	60	74	57	72	74	4	10	69	24	3	20	20	35	25	59	36	44	74	2	43	22	11	54	37	69	23	78	29	36	76	17	64	32	40	35	31	29	20	2	15	48	70	7	63	38	75	68	31	76	44	20	9	59	47	50	58	31	42	36	76	60	0	23	60	60	5	9	39	64	15	31	13	72	12	42	41	26	77	51	20	40	60	40	47	70	8	9	10	68	15	18	41	56	13	21	56	65	36	78	37	54	0	36	56	27	24	22	29	67	58	34	28	52	50	30	54	78	48	29	58	28	37	21	40	77	74	48	24	54	52	58	54	23	48	21	12	19	31	22	73	75	62	33	53	79	22	70	46	39	45	11	9	3	60	51	21	51	50	56	68	53	62	57	14	77	12	66	39	16	55	20	33	36	15	50	30	48	36	57	4	72	5	40	23	24	6	0	67	8	62	10	70	54	19	60	20	34	26	76	43	1	65	29	25	63	73	62	63	11	64	3	3	57	18	32	46	11	79	13	46	57	12	19	22	45	10	70	44	37	2	76	71	47	29	77	60	36	58	7	55	79	2	29	32	28	49	76	73	71	66	77	14	14	65	67	68	54	68	21	72	68	41	10	29	72	63	21	63	44	71	40	43	33	64	65	4	71	13	55	12	60	0	73	61	65	17	12	69	79	23	62	64	19	71	28	25	43	61	7	22	15	53	29	74	35	56	10	21	56	39	30	22	28	48	53	52	44	51	37	7	72	9	55	48	33	62	73	27	12	71	20	15	35	15	28	78	73	22	69	69	19	64	6	43	71	31	8	18	30	49	24	41	44	11	70	57	2	13	65	44	24	43	67	7	50	15	60	43	4	24	53	77	55	35	15	60	57	54	36	75	52	79	34	38	1	4	36	14	23	51	23	51	6	9	23	55	18	56	48	63	75	16	18	37	58	10	7	65	17	42	29	21	8	49	70	21	17	30	74	32	42	50	5	6	19	7	17	33	31	12	43	34	54	11	76	78	0	43	35	7	6	11	39	57	37	78	13	65	70	31	75	72	69	40	46	63	78	10	25	13	59	39	29	26	66	29	46	59	14	28	17	11	41	46	71	64	49	42	34	76	11	8	56	35	71	31	3	34	44	4	10	63	45	36	7	5	78	20	70	22	29	0	1	72	4	44	75	12	50	60	6	32	42	47	9	5	45	23	4	35	7	56	14	35	67	39	57	7	51	26	20	76	48	27	49	43	4	2	10	10	4	48	63	15	53	28	4	29	72	60	74	2	23	49	50	28	16	73	14	49	65	78	77	78	0	65	54	45	17	15	22	2	4	69	34	38	78	40	5	48	61	5	68	32	39	28	27	10	31	71	14	22	75	62	43	74	35	12	58	67	64	62	51	25	6	65	8	32	52	63	3	10	20	23	66	10	41	5	74	10	24	55	78	27	39	4	9	9	36	24	76	23	32	37	72	30	70	17	52	79	63	4	36	1	53	68	2	55	70	77	11	69	5	34	11	27	64	64	43	40	63	45	47	37	56	65	56	33	4	4	50	77	44	63	66	56	55	77	50	71	33	55	21	58	40	16	56	29	72	5	30	2	2	6	3	26	16	19	48	4	17	36	21	15	0	51	28	35	3	28	25	75	54	19	49	75	58	40	7	4	24	29	30	12	33	67	27	47	34	7	47	9	0	47	52	69	33	59	36	4	59	78	41	4	63	9	42	59	52	78	70	79	35	48	67	3	44	32	8	33	5	7	35	68	24	18	34	41	71	8	79	76	15	27	55	71	17	13	64	0	7	50	39	17	12	38	50	1	50	53	68	12	30	73	71	0	55	45	76	32	60	39	69	56	54	60	19	34	36	60	58	77	7	51	12	10	3	38	15	39	12	30	15	36	48	79	18	12	72	62	66	45	65	23	28	43	28	14	32	39	75	66	65	68	53	31	72	73	21	77	8	20	73	3	42	42	14	13	69	8	4	40	20	66	54	13	14	37	28	41	46	46	0	56	78	71	79	17	47	17	13	14	52	28	34	20	28	63	76	76	16	45	58	51	35	14	65	69	15	42	18	57	18	29	59	75	69	2	5	48	70	20	28	13	14	69	18	70	73	59	43	72	7	61	37	75	11	46	4	79	57	42	45	45	1	8	0	37	48	31	16	6	68	59	49	51	60	0	70	71	9	20	73	19	29	69	79	12	13	66	8	35	72	30	5	24	79	73	72	12	72	60	72	5	36	33	46	61	13	42	14	44	62	77	66	11	14	17	0	68	46	29	1	67	3	27	6	18	22	31	30	47	76	14	69	21	20	32	51	0	71	73	44	42	75	4	69	13	50	10	46	13	49	33	19	51	33	66	32	45	61	3	42	32	2	45	17	61	69	70	64	23	7	50	48	32	78	68	25	38	51	47	5	43	13	64	47	13	62	62	6	42	71	27	53	15	56	3	76	4	77	40	17	39	63	41	19	12	60	67	31	33	34	73	9	21	38	50	71	29	55	
19	12	10	14	10	2	3	3	4	9	6	4	4	11	14	18	6	20	6	10	16	5	20	1	9	1	12	7	20	19	13	19	5	12	18	1	14	12	15	5	15	16	15	7	14	7	12	3	15	5	11	12	9	4	8	12	3	11	13	13	13	3	2	14	3	17	2	19	14	15	20	5	16	15	7	3	14	13	12	6	8	14	16	12	7	5	4	4	1	5	5	17	2	20	20	19	19	6	13	19	18	17	7	2	11	18	5	17	16	17	5	2	1	16	4	1	11	3	7	6	16	16	19	4	20	4	17	11	5	8	9	8	19	4	2	17	15	9	11	17	3	6	3	3	15	14	1	14	5	14	7	17	9	13	14	4	8	14	15	4	20	18	7	11	5	12	18	12	16	14	11	13	3	12	9	16	6	17	19	17	7	11	16	17	6	18	14	9	4	20	18	10	11	14	5	10	11	4	4	8	18	12	3	7	16	3	14	12	3	1	4	14	11	3	14	18	16	9	18	17	6	18	11	5	8	4	4	4	6	3	2	18	15	10	15	8	9	8	10	13	11	11	11	10	18	16	6	10	10	3	14	12	1	7	15	12	15	11	18	19	5	5	16	15	6	1	9	8	8	18	8	15	11	3	9	5	9	18	13	20	14	15	13	12	4	1	2	14	7	11	5	7	9	15	3	5	6	6	5	8	5	20	20	17	15	19	20	2	18	16	8	19	14	4	12	13	1	8	10	1	11	4	5	9	6	13	14	7	12	4	9	9	4	19	5	4	6	5	7	10	10	4	8	14	6	20	17	19	10	12	18	1	4	3	5	9	10	1	10	13	13	3	12	15	5	10	10	11	12	6	11	9	3	3	10	9	15	16	16	11	4	6	5	11	2	9	9	4	14	5	7	15	1	2	14	15	2	11	15	10	1	9	8	6	16	12	4	2	3	3	5	9	6	16	3	15	16	10	9	6	4	8	7	4	6	5	7	14	4	3	1	9	10	16	9	14	2	10	8	11	15	6	15	8	1	3	9	8	3	11	4	3	8	13	3	16	7	4	4	13	9	8	13	15	7	5	2	15	12	14	9	5	5	1	1	8	12	8	13	16	13	10	11	2	11	10	1	9	6	15	9	6	9	9	8	16	5	4	1	5	5	3	8	13	6	12	7	3	10	10	1	13	3	8	4	16	9	10	7	2	10	11	10	9	16	9	16	13	12	11	3	14	11	11	9	7	5	8	7	9	11	11	10	13	13	16	12	4	5	9	4	13	2	11	16	1	4	2	2	5	4	6	13	3	7	11	13	5	2	2	6	16	15	10	8	5	2	2	16	11	3	14	14	5	16	13	10	16	7	12	16	9	16	16	14	10	4	10	3	6	5	3	15	5	14	8	11	12	12	8	9	14	7	5	11	4	13	10	11	2	15	9	5	15	7	4	15	14	6	15	1	6	9	14	16	1	9	3	15	1	13	11	13	2	10	12	2	2	10	5	10	9	15	1	10	4	2	10	8	8	10	12	1	15	15	14	1	9	1	11	16	10	5	4	14	16	5	7	12	14	8	9	1	3	12	13	14	7	3	4	2	3	7	10	11	14	6	3	3	10	3	7	16	1	2	11	12	4	14	15	4	16	10	15	5	12	7	10	2	10	8	8	10	3	12	14	13	11	16	8	4	5	13	11	1	8	3	12	14	16	6	8	5	13	1	12	13	16	3	13	3	4	8	10	14	13	16	5	16	11	9	14	16	3	11	10	1	16	8	7	6	3	4	12	2	3	8	14	10	11	5	6	2	11	11	12	1	15	15	9	6	11	6	2	15	9	2	15	5	13	1	5	11	13	15	5	13	8	10	14	10	11	6	8	9	16	4	6	10	16	11	2	3	8	12	6	16	10	7	9	15	8	12	10	2	3	13	13	12	5	3	9	9	3	6	11	6	4	1	14	15	14	16	8	4	8	9	12	6	10	3	7	14	13	9	8	11	14	2	8	14	2	2	1	4	5	8	7	7	3	15	8	4	11	3	5	10	10	5	7	2	3	4	10	14	10	15	5	7	14	9	4	1	1	9	11	14	11	12	14	12	10	8	7	4	6	6	16	7	5	9	16	4	8	16	8	8	4	15	13	2	3	7	2	12	4	3	2	5	1	12	1	5	6	10	9	2	11	16	3	13	10	8	7	16	2	1	6	6	9	15	10	10	2	16	9	14	16	14	13	9	1	4	13	6	2	4	6	11	3	12	9	7	2	2	10	8	15	9	16	5	3	7	10	4	8	9	15	14	4	8	2	12	7	6	10	11	2	7	7	12	12	1	16	1	1	1	11	15	12	3	15	11	14	12	11	14	5	5	3	10	11	3	12	16	11	8	15	11	5	8	7	16	12	6	9	14	3	11	13	8	16	5	11	14	1	7	8	12	12	2	13	16	8	5	13	7	15	9	15	6	13	5	1	11	8	7	9	14	15	8	3	13	3	16	1	9	8	7	7	10	4	4	7	2	1	12	10	14	1	2	15	7	7	13	5	2	5	12	2	4	14	11	6	10	5	13	12	6	1	1	9	11	15	7	3	9	12	6	7	11	7	14	7	1	8	6	8	11	11	7	10	10	7	16	12	6	12	10	6	8	11	10	10	15	9	9	8	11	11	3	12	9	7	2	10	8	15	9	10	15	7	1	5	13	8	4	10	12	15	7	15	9	8	1	15	13	14	12	3	6	2	10	2	5	12	16	1	13	14	1	2	10	13	14	15	2	9	5	9	5	1	14	7	2	4	15	8	7	1	10	15	12	1	10	8	10	4	10	9	12	1	8	15	14	12	9	7	11	4	11	14	6	9	8	3	11	9	5	14	14	14	15	8	8	6	14	1	4	16	2	3	1	1	1	14	1	5	11	6	8	16	16	2	9	10	4	8	15	13	15	1	7	7	16	9	10	2	10	1	15	6	3	8	13	13	8	6	3	9	12	9	16	11	13	4	10	14	3	3	1	10	10	11	1	2	6	4	16	1	6	9	11	8	6	6	4	11	7	14	10	3	12	9	6	3	3	13	8	16	2	11	5	15	7	1	7	4	13	7	12	3	6	11	4	8	5	12	8	9	14	5	14	11	9	16	4	2	12	13	5	9	14	16	2	15	3	6	6	13	9	13	12	5	13	15	10	5	7	13	12	12	4	4	16	7	6	4	8	13	4	3	11	11	6	15	11	2	5	3	13	15	3	6	16	9	14	1	13	3	4	12	3	4	13	3	5	1	4	3	10	4	7	4	8	12	11	3	10	15	16	12	12	11	7	2	12	10	13	4	10	9	16	13	10	9	3	7	13	14	7	7	10	12	5	10	7	9	1	15	6	10	9	7	10	6	1	11	8	14	7	16	9	11	3	9	14	3	6	16	13	4	12	3	8	1	9	9	6	1	12	9	11	2	5	15	7	13	12	3	12	13	10	13	4	10	16	10	4	1	14	4	13	6	1	6	7	16	13	1	14	5	9	8	6	4	15	16	16	7	3	8	2	16	15	5	4	2	16	14	15	1	1	14	12	2	3	14	16	16	10	6	13	16	5	15	8	6	15	7	2	16	16	5	3	14	16	4	1	10	6	11	15	5	6	2	10	12	3	16	10	12	12	12	3	13	8	13	5	7	8	6	1	15	13	16	16	7	7	8	3	11	7	5	9	15	8	10	1	5	1	3	1	6	13	13	9	11	6	3	15	14	4	8	1	7	7	11	2	7	14	7	14	12	5	6	7	16	16	15	5	11	5	14	4	13	15	11	13	4	1	14	14	14	13	14	15	3	13	13	3	5	2	13	13	2	1	13	6	12	8	6	1	5	8	7	5	4	9	16	2	1	2	15	1	16	2	15	2	6	9	13	13	9	15	7	13	6	13	6	6	8	8	14	2	6	7	5	13	4	13	2	16	5	8	15	1	8	11	7	1	15	16	8	5	13	5	11	3	6	7	2	7	12	1	5	8	15	5	13	14	5	11	9	12	1	9	9	2	5	15	6	2	7	4	1	11	1	16	2	6	12	5	1	9	7	1	13	16	6	15	14	6	9	14	11	7	12	7	11	16	9	3	15	11	1	12	1	7	6	13	15	12	3	3	5	15	3	9	15	12	2	11	4	4	12	14	2	7	12	9	16	11	5	2	7	4	14	7	10	7	14	8	3	2	16	6	12	13	2	7	11	9	6	3	11	12	10	14	16	8	14	3	4	10	14	9	13	4	14	14	1	1	16	12	16	4	6	10	1	9	7	4	11	7	7	11	13	5	3	11	16	14	13	6	9	7	6	2	6	8	3	12	8	8	8	3	12	7	15	8	7	6	9	10	12	11	2	13	3	9	15	8	14	16	8	4	8	7	9	7	7	3	9	1	6	5	13	1	6	6	2	11	11	15	11	5	11	4	7	14	13	13	5	1	1	13	8	12	4	10	9	13	8	3	5	4	4	13	8	4	13	8	6	16	11	6	8	10	1	12	4	8	9	7	10	1	4	6	13	13	16	9	7	13	3	15	5	11	5	6	15	3	8	9	11	15	15	8	4	8	8	2	10	6	16	16	8	9	12	5	7	1	16	11	14	5	10	9	10	7	11	16	16	12	12	8	7	6	5	1	9	16	14	12	16	4	10	15	9	1	6	2	11	3	6	12	2	16	3	8	5	10	5	7	15	2	4	9	13	4	3	12	12	5	12	5	2	10	1	15	4	15	14	14	15	10	7	3	12	10	7	9	7	14	14	1	14	2	2	10	9	5	5	10	10	11	3	10	4	11	2	6	5	11	2	9	10	8	11	3	16	11	7	2	14	9	10	3	8	13	4	2	1	12	3	15	5	4	15	13	16	14	8	8	4	3	11	15	1	14	4	12	12	1	11	4	10	11	13	13	3	12	1	11	3	16	3	3	9	5	14	8	4	12	3	3	5	13	15	14	5	7	14	16	12	15	8	1	15	2	13	2	6	10	2	15	5	15	15	1	5	3	1	16	8	15	9	5	7	9	1	11	5	13	14	9	7	8	11	12	14	15	11	3	4	15	1	2	10	6	13	13	8	7	15	5	4	11	3	1	8	11	6	13	6	12	1	7	9	16	10	13	13	2	5	10	5	5	2	5	14	4	9	15	15	11	10	14	3	2	12	12	7	8	5	3	10	8	16	3	6	11	12	4	9	11	12	13	8	11	8	14	14	9	13	6	15	2	16	16	4	4	13	15	7	10	1	1	2	6	10	10	4	15	12	1	5	3	2	16	11	14	8	12	15	2	3	8	11	11	10	12	15	7	16	14	5	16	11	2	6	13	6	9	10	2	3	1	16	6	14	13	4	3	11	2	3	2	5	2	16	5	6	2	12	2	5	3	2	11	11	14	7	5	7	14	9	3	10	11	9	3	4	9	8	9	16	8	2	14	11	13	6	11	14	15	13	8	12	14	5	5	8	4	16	9	9	15	7	11	14	8	8	1	14	15	7	8	7	5	14	5	4	1	11	12	6	12	12	14	11	10	9	12	7	1	10	2	5	6	1	9	1	1	6	2	16	11	15	4	5	13	10	7	3	1	1	11	10	1	15	2	1	12	8	3	1	11	8	2	5	10	4	11	5	12	12	2	8	2	4	3	5	10	9	8	1	4	10	2	14	16	16	9	1	8	6	2	1	3	3	16	13	14	4	4	8	4	14	4	12	3	5	6	16	13	9	15	5	13	4	8	10	14	1	10	16	4	12	8	2	12	16	5	13	1	5	10	10	13	8	12	9	9	4	16	15	6	9	1	3	10	7	12	7	13	10	7	7	16	4	11	13	10	15	6	1	16	16	6	5	15	14	5	11	5	11	16	15	12	7	8	13	10	13	15	14	1	16	9	12	5	11	11	9	16	16	3	9	5	11	12	14	8	13	6	1	4	8	11	7	3	6	8	2	2	3	14	11	3	8	9	15	13	10	13	3	3	13	10	9	10	15	15	7	6	5	1	14	14	6	14	12	11	2	9	12	7	5	10	7	9	2	13	8	4	16	3	11	5	2	1	6	16	14	12	5	2	2	16	11	5	3	3	12	2	8	5	9	14	9	6	6	1	8	14	9	8	8	3	7	5	12	3	2	12	2	9	12	14	9	5	12	12	15	1	14	15	5	3	3	7	15	13	16	11	16	2	9	8	7	7	2	16	10	8	6	10	5	7	4	10	11	13	4	14	6	8	16	2	11	7	4	13	6	7	16	16	11	5	15	5	2	13	8	7	2	14	2	16	3	15	8	14	7	7	11	13	10	8	6	14	6	8	7	8	4	5	9	13	3	15	3	11	5	14	4	4	9	10	7	7	15	6	12	10	5	4	2	4	11	4	1	8	14	6	1	9	6	1	13	2	2	7	15	4	13	2	8	14	12	2	7	4	2	7	11	9	3	2	13	5	15	7	9	13	4	16	8	5	8	6	4	6	14	8	11	7	9	6	12	7	6	
550	960	240	860	290	610	260	290	280	440	450	310	720	120	580	570	270	620	270	120	570	780	540	540	770	670	700	670	210	100	580	370	450	110	790	400	390	710	820	770	260	430	800	900	570	670	930	280	300	930	590	570	660	180	620	190	620	720	760	680	800	420	310	560	990	880	180	330	690	970	600	890	620	380	950	970	960	210	930	960	450	470	220	620	700	760	150	570	340	280	200	710	810	730	690	130	490	780	730	920	600	480	420	610	310	560	660	410	570	450	380	120	320	270	340	270	460	520	110	910	550	760	140	120	400	760	920	790	230	300	700	570	560	480	820	620	490	270	250	680	510	210	900	390	250	390	700	690	950	680	430	570	320	540	710	170	160	120	110	670	740	900	910	700	100	630	630	700	120	980	310	410	400	860	180	700	830	530	130	480	890	720	940	950	180	270	660	460	640	280	730	350	810	480	760	1000	760	560	340	440	560	570	480	250	850	400	640	290	120	870	820	590	490	250	330	430	430	290	620	640	540	160	690	950	690	270	100	170	170	500	820	240	220	370	250	510	490	430	710	710	930	170	100	390	120	650	830	370	980	960	690	950	150	870	470	640	630	630	670	240	120	680	210	550	570	860	610	860	630	190	660	870	560	870	370	340	850	530	220	240	710	990	1000	870	890	320	800	920	500	920	270	280	310	350	230	970	430	550	520	500	680	540	140	390	400	900	790	690	240	180	570	530	390	460	330	340	870	730	920	790	860	770	450	990	370	650	260	410	790	150	480	610	850	230	340	890	520	810	160	460	490	630	870	460	810	780	810	490	830	430	100	270	560	110	460	870	720	560	500	380	330	260	590	650	310	120	110	990	800	980	460	270	270	930	850	820	110	600	300	740	350	100	220	540	130	730	100	240	520	550	570	370	700	600	970	860	450	440	870	360	160	970	470	220	860	540	590	740	600	800	540	300	860	570	150	940	580	170	320	120	880	630	210	610	540	140	850	620	700	410	350	720	500	390	210	550	770	760	730	880	970	270	590	740	620	310	610	720	980	390	180	150	990	320	430	570	940	510	900	960	960	600	480	770	290	420	920	570	790	530	890	220	750	610	820	890	340	560	200	480	730	560	760	520	710	600	700	150	400	270	660	800	220	910	400	300	980	800	330	220	880	730	900	870	140	1000	780	230	670	350	730	290	140	100	130	590	340	310	250	140	470	570	950	160	680	530	100	920	210	650	870	120	920	830	480	900	970	230	160	460	390	890	950	680	990	830	980	680	270	910	880	750	450	950	310	980	280	850	590	350	320	130	690	820	550	780	610	340	860	690	330	570	760	510	550	980	520	770	470	800	930	140	230	330	240	730	400	890	610	740	700	320	620	690	950	760	790	120	660	310	390	970	140	960	780	300	320	190	910	650	940	710	750	390	870	340	310	730	580	810	920	700	490	270	830	130	970	920	590	840	870	720	430	940	520	690	850	290	580	320	600	620	220	780	490	290	770	150	900	920	930	110	300	800	610	360	280	970	980	810	550	780	480	990	490	770	160	610	890	410	680	940	640	500	220	370	140	930	190	450	480	110	490	390	380	500	400	780	510	100	930	440	580	560	660	940	460	710	180	960	650	220	780	640	890	600	760	630	800	770	600	320	780	760	580	330	670	690	960	1000	330	810	960	890	1000	250	990	910	330	820	620	260	160	620	860	670	890	470	160	180	520	810	430	560	210	270	340	690	270	870	330	320	920	930	830	130	250	440	730	900	830	470	680	700	340	470	380	160	370	240	200	910	290	800	700	210	890	480	930	720	130	860	380	460	410	600	630	880	820	470	170	890	190	160	610	940	390	950	740	910	170	480	550	750	620	570	990	800	790	880	890	610	680	710	1000	190	100	750	280	400	980	890	730	880	640	460	550	920	550	620	940	880	900	580	620	740	940	910	920	510	700	740	160	610	320	580	260	120	410	230	250	240	770	100	640	760	150	150	600	570	500	590	370	1000	240	360	970	180	420	470	590	490	800	540	200	930	730	750	290	670	820	490	430	740	750	190	230	880	420	560	420	410	950	960	150	630	130	820	360	210	450	940	690	910	480	870	550	800	320	110	850	780	830	850	870	390	840	560	350	420	840	250	750	400	580	310	360	210	340	810	860	770	820	970	120	350	750	250	300	340	140	570	100	600	680	300	830	240	290	500	800	240	860	860	220	500	200	930	440	170	410	580	670	390	410	650	960	590	220	150	200	930	870	660	300	650	290	170	480	520	280	770	740	220	910	550	940	430	460	650	820	180	230	670	200	440	550	250	340	960	280	710	850	260	830	370	290	910	670	170	980	910	380	770	900	690	320	310	260	720	910	640	230	830	180	400	150	580	150	470	620	600	380	780	810	510	130	180	110	940	930	860	330	360	710	400	740	260	540	390	570	240	160	670	990	440	450	810	520	340	750	390	320	330	740	190	720	420	800	140	400	290	940	790	470	590	360	260	700	340	1000	360	610	980	760	740	740	140	110	590	350	950	200	400	310	120	690	140	730	500	170	820	520	630	330	690	770	250	870	280	350	870	520	620	460	880	550	810	610	730	590	750	200	630	760	860	700	960	110	160	960	570	240	310	800	300	530	910	1000	350	810	580	170	400	850	230	350	900	650	450	820	460	290	350	660	390	450	870	650	660	530	440	130	800	610	540	390	110	720	320	940	690	800	700	430	600	870	980	160	540	260	960	890	650	200	720	890	650	770	370	340	960	190	710	100	320	940	820	750	820	890	640	280	130	800	710	220	890	790	630	880	950	160	750	930	970	570	170	710	840	340	790	590	300	430	770	570	800	610	290	130	560	930	840	600	590	730	450	320	960	640	930	890	170	360	370	940	160	460	380	730	700	810	480	980	320	230	500	320	280	470	160	470	530	790	130	120	800	860	590	670	490	490	530	170	480	520	450	920	660	130	140	320	920	220	580	180	580	110	760	320	790	640	640	680	680	920	610	760	560	510	960	140	880	500	500	530	750	420	380	720	940	760	410	670	140	610	340	470	340	510	720	660	570	440	360	530	520	680	840	970	310	180	880	690	610	320	100	780	200	650	410	280	630	460	590	140	460	360	470	570	100	450	340	450	800	470	140	340	510	390	450	960	250	950	670	820	910	800	970	260	100	750	160	140	890	270	490	450	120	250	690	890	240	860	490	240	850	550	270	100	800	220	610	760	460	940	400	270	480	940	490	830	370	870	860	250	270	170	260	960	270	890	710	100	500	730	990	600	860	480	890	150	160	150	400	740	490	340	1000	990	230	930	320	710	910	830	290	210	600	230	860	570	820	200	750	810	140	760	560	860	590	130	130	340	1000	280	680	500	780	200	390	300	310	200	330	380	180	770	580	550	200	200	370	800	100	710	870	420	970	260	240	910	930	490	260	510	400	350	190	940	540	810	530	810	450	760	790	830	140	830	960	530	270	230	470	810	200	750	900	960	820	530	110	390	830	560	630	110	850	790	730	720	320	670	800	940	510	290	980	830	670	620	360	140	940	920	770	480	230	530	970	280	660	110	800	190	750	230	750	230	410	470	470	360	120	360	760	320	650	590	890	370	840	550	740	700	170	540	930	470	990	900	410	960	900	300	710	870	280	420	970	440	900	190	890	290	600	840	210	580	470	560	310	170	720	340	770	420	930	310	180	530	160	670	860	910	510	950	600	880	130	860	560	600	350	660	610	980	250	310	900	180	580	230	330	810	710	630	370	910	750	680	140	430	440	290	480	980	940	190	980	720	1000	630	700	400	670	750	810	920	400	360	320	590	610	300	760	210	980	580	350	600	610	520	170	900	230	870	490	600	650	920	640	440	810	560	320	1000	730	800	700	860	110	350	240	640	380	690	480	590	970	460	460	240	140	710	440	200	930	730	410	620	290	730	670	750	950	560	110	160	770	740	600	730	770	520	690	780	840	280	680	190	640	880	420	170	650	220	720	680	170	240	500	380	770	370	180	110	670	770	940	260	930	790	240	440	540	560	460	540	290	950	860	810	560	960	870	260	110	520	430	170	770	430	340	920	890	300	490	170	890	200	520	920	510	490	740	660	420	310	870	360	180	390	890	880	530	950	260	230	260	620	700	930	300	610	820	560	120	830	250	480	210	850	380	490	290	550	480	670	550	830	940	690	350	860	630	860	580	610	840	510	520	470	310	170	940	910	570	240	520	430	740	140	130	250	640	520	350	580	660	890	370	320	200	990	420	960	220	960	200	230	440	580	270	460	780	520	520	100	300	790	280	230	390	230	150	700	460	630	390	580	700	640	260	110	470	580	420	570	380	970	130	530	240	270	180	740	240	470	280	740	600	780	640	560	650	210	320	460	170	1000	980	390	400	650	330	160	440	210	640	400	580	180	890	150	240	100	750	420	280	350	340	110	710	600	630	250	100	430	610	290	860	500	970	560	160	640	300	380	490	690	350	970	640	100	130	350	510	110	420	270	820	200	770	580	390	570	840	680	810	980	940	160	390	150	850	210	640	540	590	990	980	570	570	960	820	130	540	360	320	550	390	650	540	320	330	150	380	250	370	620	440	360	610	750	550	230	470	730	930	350	160	720	890	790	630	650	590	120	370	940	590	440	780	740	210	470	310	510	180	270	610	200	1000	230	580	1000	630	170	490	220	800	490	620	140	130	470	910	610	950	100	830	530	630	670	180	290	120	460	540	170	720	720	750	200	390	450	290	710	180	310	460	730	620	250	460	160	220	750	270	430	950	180	250	120	650	240	660	720	570	700	760	310	380	380	260	490	880	780	280	960	640	220	930	580	450	140	580	320	660	950	910	140	240	780	210	320	240	580	960	230	340	460	120	520	380	380	710	410	500	660	330	380	760	960	530	840	940	110	310	390	340	120	320	390	120	180	1000	220	510	190	530	810	170	450	300	990	220	710	910	280	640	900	610	130	650	270	940	910	540	780	140	550	240	690	740	730	750	790	740	460	130	560	500	920	910	560	320	160	930	150	280	150	450	390	610	570	210	180	570	430	920	930	130	420	500	110	450	540	100	810	580	940	410	140	150	750	570	600	660	300	960	580	320	560	720	420	630	940	880	530	770	770	840	520	560	750	520	870	740	350	890	500	960	250	640	210	930	370	760	710	400	620	940	790	590	370	210	860	230	830	580	470	440	670	1000	730	860	950	480	1000	160	820	560	430	800	930	740	620	660	560	430	930	620	580	510	820	390	600	380	430	330	100	700	700	670	340	160	480	860	280	280	170	280	210	630	730	630	850	900	130	290	710	760	290	960	580	630	200	450	940	550	250	690	600	830	340	490	560	230	200	470	240	920	400	950	470	900	440	150	270	350	970	810	650	420	330	740	590	290	460	500	650	750	980	170	620	240	290	370	870	550	510	560	540	910	870	180	460	740	340	840	430	240	250	730	240	390	260	590	360	460	110	140	900	400	900	880	800	210	150	230	680	680	680	850	970	780	390	920	870	870	470	840	980	900	150	380	530	230	270	970	780	620	600	920	280	370	890	990	180	810	150	780	840	160	100	270	880	340	790	1000	600	820	700	630	250	700	680	430	840	560	640	180	440	190	310	890	360	380	740	670	460	380	380	300	760	340	340	250	180	960	440	790	780	520	500	510	190	670	410	420	780	140	570	950	580	890	630	860	190	750	630	270	110	660	210	420	360	200	450	430	110	530	290	710	790	910	790	480	440	350	120	300	350	350	830	300	750	530	120	1000	340	340	150	520	970	880	600	790	520	630	570	880	230	630	280	600	900	900	880	670	550	750	310	390	730	430	170	690	880	350	670	930	180	410	880	260	400	840	290	270	590	880	780	660	810	550	140	880	660	680	840	870	870	770	720	810	920	700	330	930	760	170	560	740	1000	160	300	190	100	810	1000	420	740	610	630	620	210	710	370	870	570	510	920	330	390	360	900	410	680	500	900	600	630	980	550	740	940	800	480	850	430	330	550	640	780	450	800	340	240	990	690	370	300	710	520	750	800	280	330	280	930	310	340	1000	820	340	560	350	930	440	630	620	490	750	530	700	360	900	690	470	700	680	750	230	680	690	370	220	390	570	700	340	510	420	870	290	860	550	650	540	480	700	340	190	370	850	370	420	570	880	730	250	260	700	430	390	910	260	530	990	730	100	430	580	520	260	140	750	720	260	230	230	370	500	710	890	890	990	160	360	710	820	940	290	810	740	350	150	880	570	550	960	760	150	620	330	150	710	140	700	630	870	650	110	880	150	310	220	910	200	820	230	510	380	760	190	920	690	260	170	110	870	860	490	820	1000	460	810	230	750	460	170	960	690	710	270	780	310	460	710	890	380	210	920	330	840	640	430	360	110	220	630	720	750	680	890	740	470	520	970	260	450	600	410	500	300	690	860	860	780	150	220	940	400	440	980	280	670	140	860	760	450	840	420	730	530	330	490	400	780	900	980	970	490	620	820	740	830	670	850	770	800	630	380	490	120	960	480	180	130	750	330	670	710	270	410	250	810	980	370	
100
