2212
80
3
70
0	0	0	0	0	0	0	0	0	0	0	0	0	0	0	0	0	0	0	0	0	0	0	0	0	0	0	0	0	0	500	0	0	500	0	0	0	0	0	0	0	0	0	0	0	0	0	0	0	0	0	0	0	0	0	0	0	0	0	0	0	500	0	0	0	0	0	0	0	0	0	0	0	0	0	0	0	0	0	0	
0	0	0	0	0	0	0	0	500	0	0	0	0	0	0	0	0	0	0	0	0	0	0	0	0	0	0	0	0	0	0	0	0	0	0	0	0	0	0	0	500	0	0	0	0	0	0	0	0	500	0	0	0	0	0	0	0	0	0	0	0	0	0	0	0	0	0	0	0	0	0	0	0	0	0	0	0	0	0	0	
0	0	0	0	0	0	500	0	0	0	0	0	0	0	500	0	0	0	0	0	0	0	0	0	0	0	0	0	0	0	0	0	0	0	0	0	0	0	0	0	0	0	0	0	0	0	0	0	0	0	0	0	500	0	0	0	0	0	0	0	0	0	0	0	0	0	0	0	0	0	0	0	0	0	0	0	0	0	0	0	
0	0	0	0	0	0	0	0	0	0	0	0	500	0	0	0	0	0	0	0	0	0	0	0	0	0	0	0	0	0	0	0	0	0	0	0	0	0	0	0	0	0	0	0	0	0	0	0	0	0	0	0	0	0	0	0	500	0	500	0	0	0	0	0	0	0	0	0	0	0	0	0	0	0	0	0	0	0	0	0	
0	0	0	0	0	0	0	0	0	0	0	0	0	0	0	0	0	0	0	0	0	0	0	0	0	0	0	0	0	0	0	500	0	0	0	0	0	0	0	0	0	0	500	0	0	0	0	0	0	0	500	0	0	0	0	0	0	0	0	0	0	0	0	0	0	0	0	0	0	0	0	0	0	0	0	0	0	0	0	0	
0	0	0	0	0	0	0	0	500	0	0	0	0	0	0	0	0	0	0	0	0	0	0	0	0	0	0	0	0	0	0	0	0	0	0	0	0	0	0	0	500	0	0	500	0	0	0	0	0	0	0	0	0	0	0	0	0	0	0	0	0	0	0	0	0	0	0	0	0	0	0	0	0	0	0	0	0	0	0	0	
0	0	500	0	0	0	0	0	0	0	0	0	500	0	500	0	0	0	0	0	0	0	0	0	0	0	0	0	0	0	0	0	0	0	0	0	0	0	0	0	0	0	0	0	0	0	0	0	0	0	0	0	0	0	0	0	0	0	0	0	0	0	0	0	0	0	0	0	0	0	0	0	0	0	0	0	0	0	0	0	
0	0	0	0	0	0	0	0	0	500	0	0	0	0	0	0	0	0	0	0	0	0	0	0	0	0	0	0	0	0	0	0	0	0	0	0	0	0	0	0	0	0	0	0	0	500	0	0	0	0	0	0	0	0	0	500	0	0	0	0	0	0	0	0	0	0	0	0	0	0	0	0	0	0	0	0	0	0	0	0	
0	500	0	0	0	500	0	0	0	0	0	0	0	0	0	0	0	0	0	0	0	0	0	0	0	0	0	0	0	0	0	0	0	0	0	0	500	0	0	0	0	0	0	0	0	0	0	0	0	0	0	0	0	0	0	0	0	0	0	0	0	0	0	0	0	0	0	0	0	0	0	0	0	0	0	0	0	0	0	0	
0	0	0	0	0	0	0	500	0	0	0	0	0	0	0	0	0	0	0	0	0	0	0	0	0	0	0	0	0	0	0	0	0	0	0	0	0	0	0	0	0	500	0	0	0	500	0	0	0	0	0	0	0	0	0	0	0	0	0	0	0	0	0	0	0	0	0	0	0	0	0	0	0	0	0	0	0	0	0	0	
0	0	0	0	0	0	0	0	0	0	0	0	0	0	0	0	500	0	0	0	0	0	0	0	0	0	0	0	0	0	0	0	0	0	0	0	0	0	0	0	0	0	0	0	0	0	0	0	0	0	0	0	0	0	0	0	0	0	0	0	500	0	0	0	0	0	0	0	0	0	0	0	0	0	500	0	0	0	0	0	
0	0	0	0	0	0	0	0	0	0	0	0	0	0	0	0	0	0	0	0	0	0	0	0	500	0	0	0	0	0	0	0	0	0	0	0	0	0	0	0	0	0	0	0	0	0	500	0	0	0	0	0	0	0	0	0	0	0	0	0	0	0	0	0	0	0	0	0	0	500	0	0	0	0	0	0	0	0	0	0	
0	0	0	500	0	0	500	0	0	0	0	0	0	0	0	0	0	0	0	0	0	0	0	0	0	0	0	0	0	0	0	0	0	0	0	0	0	0	0	0	0	0	0	0	0	0	0	0	0	0	0	0	0	0	0	0	500	0	0	0	0	0	0	0	0	0	0	0	0	0	0	0	0	0	0	0	0	0	0	0	
0	0	0	0	0	0	0	0	0	0	0	0	0	0	0	0	0	0	500	0	0	0	0	0	0	0	0	0	0	0	0	0	0	0	0	0	0	0	0	0	0	0	0	0	500	0	0	0	0	0	0	0	0	500	0	0	0	0	0	0	0	0	0	0	0	0	0	0	0	0	0	0	0	0	0	0	0	0	0	0	
0	0	500	0	0	0	500	0	0	0	0	0	0	0	0	0	0	0	0	0	0	0	0	0	0	0	0	0	0	0	0	0	0	0	0	0	0	0	0	0	0	0	0	0	0	0	0	0	0	0	0	0	0	0	0	0	0	0	0	0	0	0	0	0	0	0	0	500	0	0	0	0	0	0	0	0	0	0	0	0	
0	0	0	0	0	0	0	0	0	0	0	0	0	0	0	0	0	500	0	0	0	0	0	0	0	0	0	500	0	0	0	0	0	0	0	0	0	0	0	0	0	0	0	0	0	0	0	0	0	0	0	0	0	0	0	0	0	0	0	0	0	0	0	0	0	0	0	0	0	0	0	0	0	0	0	500	0	0	0	0	
0	0	0	0	0	0	0	0	0	0	500	0	0	0	0	0	0	0	0	500	0	0	0	0	0	0	0	0	0	0	0	0	0	0	0	0	0	0	0	0	0	0	0	0	0	0	0	0	0	500	0	0	0	0	0	0	0	0	0	0	0	0	0	0	0	0	0	0	0	0	0	0	0	0	0	0	0	0	0	0	
0	0	0	0	0	0	0	0	0	0	0	0	0	0	0	500	0	0	0	0	0	0	0	0	0	0	0	500	0	500	0	0	0	0	0	0	0	0	0	0	0	0	0	0	0	0	0	0	0	0	0	0	0	0	0	0	0	0	0	0	0	0	0	0	0	0	0	0	0	0	0	0	0	0	0	0	0	0	0	0	
0	0	0	0	0	0	0	0	0	0	0	0	0	500	0	0	0	0	0	0	0	0	0	0	0	0	0	0	0	0	0	0	0	0	0	0	0	0	0	0	0	0	0	0	500	0	0	0	0	0	0	0	0	500	0	0	0	0	0	0	0	0	0	0	0	0	0	0	0	0	0	0	0	0	0	0	0	0	0	0	
0	0	0	0	0	0	0	0	0	0	0	0	0	0	0	0	500	0	0	0	0	0	0	0	0	0	0	0	0	0	0	0	0	0	0	0	0	0	0	500	0	0	0	0	0	0	0	0	0	0	0	0	0	0	0	0	0	0	0	0	0	0	0	0	0	0	0	0	0	0	0	0	0	0	0	0	0	0	0	500	
0	0	0	0	0	0	0	0	0	0	0	0	0	0	0	0	0	0	0	0	0	0	0	0	0	0	500	0	0	0	0	0	0	0	0	0	0	0	0	0	0	0	0	0	0	0	0	0	0	0	500	0	0	500	0	0	0	0	0	0	0	0	0	0	0	0	0	0	0	0	0	0	0	0	0	0	0	0	0	0	
0	0	0	0	0	0	0	0	0	0	0	0	0	0	0	0	0	0	0	0	0	0	0	0	0	0	0	0	0	0	0	0	500	0	0	0	0	0	0	0	0	0	0	0	0	0	500	0	0	0	0	0	0	0	0	0	0	0	0	0	0	0	0	0	0	0	0	0	500	0	0	0	0	0	0	0	0	0	0	0	
0	0	0	0	0	0	0	0	0	0	0	0	0	0	0	0	0	0	0	0	0	0	0	0	0	0	0	0	0	0	0	0	500	0	0	0	0	0	0	0	0	0	0	0	0	0	0	0	0	0	0	0	0	0	0	0	0	0	0	0	0	0	0	0	0	500	0	0	0	0	0	500	0	0	0	0	0	0	0	0	
0	0	0	0	0	0	0	0	0	0	0	0	0	0	0	0	0	0	0	0	0	0	0	0	0	0	0	0	0	0	0	0	0	0	0	0	500	0	0	0	500	0	0	0	0	0	0	0	0	0	0	0	0	0	0	0	0	0	0	0	0	0	0	0	0	0	0	0	0	0	0	0	0	500	0	0	0	0	0	0	
0	0	0	0	0	0	0	0	0	0	0	500	0	0	0	0	0	0	0	0	0	0	0	0	0	0	0	0	0	0	0	0	0	0	500	0	0	0	0	0	0	0	0	0	0	0	0	0	0	0	0	0	0	0	0	0	0	0	0	0	0	0	0	0	0	0	500	0	0	0	0	0	0	0	0	0	0	0	0	0	
0	0	0	0	0	0	0	0	0	0	0	0	0	0	0	0	0	0	0	0	0	0	0	0	0	0	0	0	0	0	0	0	0	0	0	500	0	0	500	0	0	0	0	0	0	0	0	0	0	0	0	0	0	0	0	0	0	0	0	0	0	0	0	0	0	500	0	0	0	0	0	0	0	0	0	0	0	0	0	0	
0	0	0	0	0	0	0	0	0	0	0	0	0	0	0	0	0	0	0	0	500	0	0	0	0	0	0	0	0	0	0	500	0	0	0	0	0	0	0	0	0	0	0	0	0	0	0	0	0	0	500	0	0	0	0	0	0	0	0	0	0	0	0	0	0	0	0	0	0	0	0	0	0	0	0	0	0	0	0	0	
0	0	0	0	0	0	0	0	0	0	0	0	0	0	0	500	0	500	0	0	0	0	0	0	0	0	0	0	0	0	0	0	0	0	0	0	0	0	0	0	0	0	0	0	0	0	0	0	0	0	0	0	0	0	0	0	0	0	0	0	0	0	0	0	0	0	0	0	0	0	0	0	0	0	0	500	0	0	0	0	
0	0	0	0	0	0	0	0	0	0	0	0	0	0	0	0	0	0	0	0	0	0	0	0	0	0	0	0	0	0	0	0	0	0	0	0	0	0	0	500	0	0	0	0	500	0	0	0	0	0	0	0	0	0	0	0	0	0	0	0	500	0	0	0	0	0	0	0	0	0	0	0	0	0	0	0	0	0	0	0	
0	0	0	0	0	0	0	0	0	0	0	0	0	0	0	0	0	500	0	0	0	0	0	0	0	0	0	0	0	0	0	0	0	0	0	0	0	500	0	0	0	0	0	0	0	0	0	0	0	0	0	0	0	0	0	0	0	0	0	0	0	0	0	0	0	0	0	500	0	0	0	0	0	0	0	0	0	0	0	0	
500	0	0	0	0	0	0	0	0	0	0	0	0	0	0	0	0	0	0	0	0	0	0	0	0	0	0	0	0	0	0	0	0	0	0	0	0	0	0	0	0	0	0	0	0	0	0	0	0	0	0	0	0	0	0	0	0	0	0	0	0	500	0	0	0	0	0	0	0	0	0	0	500	0	0	0	0	0	0	0	
0	0	0	0	500	0	0	0	0	0	0	0	0	0	0	0	0	0	0	0	0	0	0	0	0	0	500	0	0	0	0	0	0	0	0	0	0	0	0	0	0	0	500	0	0	0	0	0	0	0	0	0	0	0	0	0	0	0	0	0	0	0	0	0	0	0	0	0	0	0	0	0	0	0	0	0	0	0	0	0	
0	0	0	0	0	0	0	0	0	0	0	0	0	0	0	0	0	0	0	0	0	500	500	0	0	0	0	0	0	0	0	0	0	0	0	0	0	0	0	0	0	0	0	0	0	0	0	0	0	0	0	0	0	0	0	0	0	0	0	0	0	0	0	0	0	500	0	0	0	0	0	0	0	0	0	0	0	0	0	0	
500	0	0	0	0	0	0	0	0	0	0	0	0	0	0	0	0	0	0	0	0	0	0	0	0	0	0	0	0	0	0	0	0	0	0	0	0	0	0	0	0	0	0	0	0	0	0	0	0	0	0	0	0	0	0	0	0	0	0	0	0	0	0	0	0	0	0	0	0	0	500	0	0	0	0	0	0	500	0	0	
0	0	0	0	0	0	0	0	0	0	0	0	0	0	0	0	0	0	0	0	0	0	0	0	500	0	0	0	0	0	0	0	0	0	0	0	0	0	0	0	0	500	0	0	0	0	0	0	0	0	0	0	0	0	0	0	0	0	0	0	0	0	0	0	0	0	500	0	0	0	0	0	0	0	0	0	0	0	0	0	
0	0	0	0	0	0	0	0	0	0	0	0	0	0	0	0	0	0	0	0	0	0	0	0	0	500	0	0	0	0	0	0	0	0	0	0	0	0	0	0	0	0	0	0	0	0	0	0	0	0	0	0	0	0	0	0	0	0	0	0	0	0	0	0	500	0	0	0	0	0	0	500	0	0	0	0	0	0	0	0	
0	0	0	0	0	0	0	0	500	0	0	0	0	0	0	0	0	0	0	0	0	0	0	500	0	0	0	0	0	0	0	0	0	0	0	0	0	0	0	0	0	0	0	0	0	0	0	0	0	0	0	0	0	0	0	0	0	0	0	0	0	0	0	0	0	0	0	0	0	0	0	0	0	500	0	0	0	0	0	0	
0	0	0	0	0	0	0	0	0	0	0	0	0	0	0	0	0	0	0	0	0	0	0	0	0	0	0	0	0	500	0	0	0	0	0	0	0	0	0	0	0	0	0	0	0	0	0	0	0	500	0	0	0	0	0	0	0	0	0	0	0	0	0	0	0	0	0	500	0	0	0	0	0	0	0	0	0	0	0	0	
0	0	0	0	0	0	0	0	0	0	0	0	0	0	0	0	0	0	0	0	0	0	0	0	0	500	0	0	0	0	0	0	0	0	0	0	0	0	0	0	0	0	0	0	0	0	0	0	0	0	0	0	0	0	0	0	0	0	0	0	0	500	0	0	0	0	0	0	0	0	0	0	500	0	0	0	0	0	0	0	
0	0	0	0	0	0	0	0	0	0	0	0	0	0	0	0	0	0	0	500	0	0	0	0	0	0	0	0	500	0	0	0	0	0	0	0	0	0	0	0	0	0	0	0	0	0	0	0	0	0	0	0	0	0	0	0	0	0	0	0	500	0	0	0	0	0	0	0	0	0	0	0	0	0	0	0	0	0	0	0	
0	500	0	0	0	500	0	0	0	0	0	0	0	0	0	0	0	0	0	0	0	0	0	500	0	0	0	0	0	0	0	0	0	0	0	0	0	0	0	0	0	0	0	0	0	0	0	0	0	0	0	0	0	0	0	0	0	0	0	0	0	0	0	0	0	0	0	0	0	0	0	0	0	0	0	0	0	0	0	0	
0	0	0	0	0	0	0	0	0	500	0	0	0	0	0	0	0	0	0	0	0	0	0	0	0	0	0	0	0	0	0	0	0	0	500	0	0	0	0	0	0	0	0	0	0	0	0	0	0	0	0	0	0	0	0	0	0	0	0	0	0	0	500	0	0	0	0	0	0	0	0	0	0	0	0	0	0	0	0	0	
0	0	0	0	500	0	0	0	0	0	0	0	0	0	0	0	0	0	0	0	0	0	0	0	0	0	0	0	0	0	0	500	0	0	0	0	0	0	0	0	0	0	0	0	0	0	0	0	500	0	0	0	0	0	0	0	0	0	0	0	0	0	0	0	0	0	0	0	0	0	0	0	0	0	0	0	0	0	0	0	
0	0	0	0	0	500	0	0	0	0	0	0	0	0	0	0	0	0	0	0	0	0	0	0	0	0	0	0	0	0	0	0	0	0	0	0	0	0	0	0	0	0	0	0	0	0	0	0	0	0	0	0	0	0	0	0	0	0	0	0	0	0	0	0	0	0	0	0	0	0	0	0	0	500	500	0	0	0	0	0	
0	0	0	0	0	0	0	0	0	0	0	0	0	500	0	0	0	0	500	0	0	0	0	0	0	0	0	0	500	0	0	0	0	0	0	0	0	0	0	0	0	0	0	0	0	0	0	0	0	0	0	0	0	0	0	0	0	0	0	0	0	0	0	0	0	0	0	0	0	0	0	0	0	0	0	0	0	0	0	0	
0	0	0	0	0	0	0	500	0	500	0	0	0	0	0	0	0	0	0	0	0	0	0	0	0	0	0	0	0	0	0	0	0	0	0	0	0	0	0	0	0	0	0	0	0	0	0	0	0	0	0	0	0	0	0	500	0	0	0	0	0	0	0	0	0	0	0	0	0	0	0	0	0	0	0	0	0	0	0	0	
0	0	0	0	0	0	0	0	0	0	0	500	0	0	0	0	0	0	0	0	0	500	0	0	0	0	0	0	0	0	0	0	0	0	0	0	0	0	0	0	0	0	0	0	0	0	0	0	0	0	0	0	0	0	0	0	0	0	0	0	0	0	0	0	0	0	500	0	0	0	0	0	0	0	0	0	0	0	0	0	
0	0	0	0	0	0	0	0	0	0	0	0	0	0	0	0	0	0	0	0	0	0	0	0	0	0	0	0	0	0	0	0	0	0	0	0	0	0	0	0	0	0	0	0	0	0	0	0	0	0	0	0	500	0	0	0	0	0	0	500	0	0	0	0	0	0	0	0	0	0	0	0	0	0	0	500	0	0	0	0	
0	0	0	0	0	0	0	0	0	0	0	0	0	0	0	0	0	0	0	0	0	0	0	0	0	0	0	0	0	0	0	0	0	0	0	0	0	0	0	0	0	0	500	0	0	0	0	0	0	0	0	0	0	0	0	0	500	0	0	0	0	0	0	0	0	0	0	0	0	0	0	0	0	0	500	0	0	0	0	0	
0	500	0	0	0	0	0	0	0	0	0	0	0	0	0	0	500	0	0	0	0	0	0	0	0	0	0	0	0	0	0	0	0	0	0	0	0	500	0	0	0	0	0	0	0	0	0	0	0	0	0	0	0	0	0	0	0	0	0	0	0	0	0	0	0	0	0	0	0	0	0	0	0	0	0	0	0	0	0	0	
0	0	0	0	500	0	0	0	0	0	0	0	0	0	0	0	0	0	0	0	500	0	0	0	0	0	500	0	0	0	0	0	0	0	0	0	0	0	0	0	0	0	0	0	0	0	0	0	0	0	0	0	0	0	0	0	0	0	0	0	0	0	0	0	0	0	0	0	0	0	0	0	0	0	0	0	0	0	0	0	
0	0	0	0	0	0	0	0	0	0	0	0	0	0	0	0	0	0	0	0	0	0	0	0	0	0	0	0	0	0	0	0	0	0	0	0	0	0	0	0	0	0	0	0	0	0	0	0	0	0	0	0	0	0	0	0	0	0	0	0	0	0	0	500	0	0	0	0	0	0	0	0	0	0	0	0	500	500	0	0	
0	0	500	0	0	0	0	0	0	0	0	0	0	0	0	0	0	0	0	0	0	0	0	0	0	0	0	0	0	0	0	0	0	0	0	0	0	0	0	0	0	0	0	0	0	0	0	500	0	0	0	0	0	0	0	0	0	0	0	500	0	0	0	0	0	0	0	0	0	0	0	0	0	0	0	0	0	0	0	0	
0	0	0	0	0	0	0	0	0	0	0	0	0	500	0	0	0	0	500	0	500	0	0	0	0	0	0	0	0	0	0	0	0	0	0	0	0	0	0	0	0	0	0	0	0	0	0	0	0	0	0	0	0	0	0	0	0	0	0	0	0	0	0	0	0	0	0	0	0	0	0	0	0	0	0	0	0	0	0	0	
0	0	0	0	0	0	0	0	0	0	0	0	0	0	0	0	0	0	0	0	0	0	0	0	0	0	0	0	0	0	0	0	0	0	0	0	0	0	0	0	0	0	0	0	0	0	0	0	0	0	0	0	0	0	0	0	0	500	500	500	0	0	0	0	0	0	0	0	0	0	0	0	0	0	0	0	0	0	0	0	
0	0	0	0	0	0	0	500	0	0	0	0	0	0	0	0	0	0	0	0	0	0	0	0	0	0	0	0	0	0	0	0	0	0	0	0	0	0	0	0	0	0	0	0	0	500	0	0	0	0	0	0	0	0	0	0	0	0	0	0	0	0	0	0	0	0	0	0	0	0	0	0	0	0	0	0	0	0	500	0	
0	0	0	500	0	0	0	0	0	0	0	0	500	0	0	0	0	0	0	0	0	0	0	0	0	0	0	0	0	0	0	0	0	0	0	0	0	0	0	0	0	0	0	0	0	0	0	0	500	0	0	0	0	0	0	0	0	0	0	0	0	0	0	0	0	0	0	0	0	0	0	0	0	0	0	0	0	0	0	0	
0	0	0	0	0	0	0	0	0	0	0	0	0	0	0	0	0	0	0	0	0	0	0	0	0	0	0	0	0	0	0	0	0	0	0	0	0	0	0	0	0	0	0	0	0	0	0	0	0	0	0	0	0	0	500	0	0	0	0	0	0	0	0	500	0	0	0	0	0	0	0	0	0	0	0	0	500	0	0	0	
0	0	0	500	0	0	0	0	0	0	0	0	0	0	0	0	0	0	0	0	0	0	0	0	0	0	0	0	0	0	0	0	0	0	0	0	0	0	0	0	0	0	0	0	0	0	0	0	0	0	0	0	0	0	500	0	0	0	0	0	0	0	0	0	0	0	0	0	0	0	0	0	0	0	0	0	0	0	500	0	
0	0	0	0	0	0	0	0	0	0	0	0	0	0	0	0	0	0	0	0	0	0	0	0	0	0	0	0	0	0	0	0	0	0	0	0	0	0	0	0	0	0	0	0	0	0	0	500	0	0	0	0	500	0	500	0	0	0	0	0	0	0	0	0	0	0	0	0	0	0	0	0	0	0	0	0	0	0	0	0	
0	0	0	0	0	0	0	0	0	0	500	0	0	0	0	0	0	0	0	0	0	0	0	0	0	0	0	0	500	0	0	0	0	0	0	0	0	0	0	500	0	0	0	0	0	0	0	0	0	0	0	0	0	0	0	0	0	0	0	0	0	0	0	0	0	0	0	0	0	0	0	0	0	0	0	0	0	0	0	0	
500	0	0	0	0	0	0	0	0	0	0	0	0	0	0	0	0	0	0	0	0	0	0	0	0	0	0	0	0	0	500	0	0	0	0	0	0	0	500	0	0	0	0	0	0	0	0	0	0	0	0	0	0	0	0	0	0	0	0	0	0	0	0	0	0	0	0	0	0	0	0	0	0	0	0	0	0	0	0	0	
0	0	0	0	0	0	0	0	0	0	0	0	0	0	0	0	0	0	0	0	0	0	0	0	0	0	0	0	0	0	0	0	0	0	0	0	0	0	0	0	0	500	0	0	0	0	0	0	0	0	0	0	0	0	0	0	0	0	0	0	0	0	0	0	500	0	0	0	0	0	0	500	0	0	0	0	0	0	0	0	
0	0	0	0	0	0	0	0	0	0	0	0	0	0	0	0	0	0	0	0	0	0	0	0	0	0	0	0	0	0	0	0	0	0	0	0	0	0	0	0	0	0	0	0	0	0	0	0	0	0	0	500	0	0	0	0	0	500	0	0	0	0	0	0	0	0	0	0	0	0	0	0	0	0	0	0	500	0	0	0	
0	0	0	0	0	0	0	0	0	0	0	0	0	0	0	0	0	0	0	0	0	0	0	0	0	0	0	0	0	0	0	0	0	0	0	500	0	0	0	0	0	0	0	0	0	0	0	0	0	0	0	0	0	0	0	0	0	0	0	0	0	0	500	0	0	0	0	0	500	0	0	0	0	0	0	0	0	0	0	0	
0	0	0	0	0	0	0	0	0	0	0	0	0	0	0	0	0	0	0	0	0	0	500	0	0	500	0	0	0	0	0	0	500	0	0	0	0	0	0	0	0	0	0	0	0	0	0	0	0	0	0	0	0	0	0	0	0	0	0	0	0	0	0	0	0	0	0	0	0	0	0	0	0	0	0	0	0	0	0	0	
0	0	0	0	0	0	0	0	0	0	0	0	0	0	0	0	0	0	0	0	0	0	0	0	500	0	0	0	0	0	0	0	0	0	500	0	0	0	0	0	0	0	0	0	0	0	500	0	0	0	0	0	0	0	0	0	0	0	0	0	0	0	0	0	0	0	0	0	0	0	0	0	0	0	0	0	0	0	0	0	
0	0	0	0	0	0	0	0	0	0	0	0	0	0	500	0	0	0	0	0	0	0	0	0	0	0	0	0	0	500	0	0	0	0	0	0	0	500	0	0	0	0	0	0	0	0	0	0	0	0	0	0	0	0	0	0	0	0	0	0	0	0	0	0	0	0	0	0	0	0	0	0	0	0	0	0	0	0	0	0	
0	0	0	0	0	0	0	0	0	0	0	0	0	0	0	0	0	0	0	0	0	500	0	0	0	0	0	0	0	0	0	0	0	0	0	0	0	0	0	0	0	0	0	0	0	0	0	0	0	0	0	0	0	0	0	0	0	0	0	0	0	0	0	0	500	0	0	0	0	500	0	0	0	0	0	0	0	0	0	0	
0	0	0	0	0	0	0	0	0	0	0	500	0	0	0	0	0	0	0	0	0	0	0	0	0	0	0	0	0	0	0	0	0	0	0	0	0	0	0	0	0	0	0	0	0	0	0	0	0	0	0	0	0	0	0	0	0	0	0	0	0	0	0	0	0	0	0	0	500	0	0	0	0	0	0	0	0	0	0	500	
0	0	0	0	0	0	0	0	0	0	0	0	0	0	0	0	0	0	0	0	0	0	0	0	0	0	0	0	0	0	0	0	0	500	0	0	0	0	0	0	0	0	0	0	0	0	0	0	0	0	0	0	0	0	0	0	0	0	0	0	0	0	0	0	0	0	0	0	0	0	0	0	0	0	0	0	0	500	500	0	
0	0	0	0	0	0	0	0	0	0	0	0	0	0	0	0	0	0	0	0	0	0	500	0	0	0	0	0	0	0	0	0	0	0	0	500	0	0	0	0	0	0	0	0	0	0	0	0	0	0	0	0	0	0	0	0	0	0	0	0	0	0	500	0	0	0	0	0	0	0	0	0	0	0	0	0	0	0	0	0	
0	0	0	0	0	0	0	0	0	0	0	0	0	0	0	0	0	0	0	0	0	0	0	0	0	0	0	0	0	0	500	0	0	0	0	0	0	0	500	0	0	0	0	0	0	0	0	0	0	0	0	0	0	0	0	0	0	0	0	0	0	0	0	0	0	0	0	0	0	0	0	0	0	0	0	0	0	0	0	500	
0	0	0	0	0	0	0	0	0	0	0	0	0	0	0	0	0	0	0	0	0	0	0	500	0	0	0	0	0	0	0	0	0	0	0	0	500	0	0	0	0	0	0	500	0	0	0	0	0	0	0	0	0	0	0	0	0	0	0	0	0	0	0	0	0	0	0	0	0	0	0	0	0	0	0	0	0	0	0	0	
0	0	0	0	0	0	0	0	0	0	500	0	0	0	0	0	0	0	0	0	0	0	0	0	0	0	0	0	0	0	0	0	0	0	0	0	0	0	0	0	0	0	0	500	0	0	0	0	500	0	0	0	0	0	0	0	0	0	0	0	0	0	0	0	0	0	0	0	0	0	0	0	0	0	0	0	0	0	0	0	
0	0	0	0	0	0	0	0	0	0	0	0	0	0	0	500	0	0	0	0	0	0	0	0	0	0	0	500	0	0	0	0	0	0	0	0	0	0	0	0	0	0	0	0	0	0	0	500	0	0	0	0	0	0	0	0	0	0	0	0	0	0	0	0	0	0	0	0	0	0	0	0	0	0	0	0	0	0	0	0	
0	0	0	0	0	0	0	0	0	0	0	0	0	0	0	0	0	0	0	0	0	0	0	0	0	0	0	0	0	0	0	0	0	0	0	0	0	0	0	0	0	0	0	0	0	0	0	0	0	0	0	500	0	0	0	0	0	500	0	0	0	0	0	500	0	0	0	0	0	0	0	0	0	0	0	0	0	0	0	0	
0	0	0	0	0	0	0	0	0	0	0	0	0	0	0	0	0	0	0	0	0	0	0	0	0	0	0	0	0	0	0	0	0	500	0	0	0	0	0	0	0	0	0	0	0	0	0	0	0	0	0	500	0	0	0	0	0	0	0	0	0	0	0	0	0	0	0	0	0	0	500	0	0	0	0	0	0	0	0	0	
0	0	0	0	0	0	0	0	0	0	0	0	0	0	0	0	0	0	0	0	0	0	0	0	0	0	0	0	0	0	0	0	0	0	0	0	0	0	0	0	0	0	0	0	0	0	0	0	0	0	0	0	0	0	0	500	0	0	500	0	0	0	0	0	0	0	0	0	0	0	500	0	0	0	0	0	0	0	0	0	
0	0	0	0	0	0	0	0	0	0	0	0	0	0	0	0	0	0	0	500	0	0	0	0	0	0	0	0	0	0	0	0	0	0	0	0	0	0	0	0	0	0	0	0	0	0	0	0	0	0	0	0	0	0	0	0	0	0	0	0	0	0	0	0	0	0	0	0	0	500	0	0	500	0	0	0	0	0	0	0	
18	3	31	54	73	15	41	8	77	17	54	46	26	22	19	5	14	58	13	74	54	44	33	27	46	20	69	2	71	76	57	13	65	40	58	65	51	2	13	11	73	72	23	55	27	46	74	70	63	75	42	46	60	18	28	66	53	10	5	1	34	24	48	20	1	29	24	2	14	37	62	12	40	17	50	3	50	19	21	56	28	11	26	75	23	58	32	47	52	66	8	3	36	67	68	73	40	62	68	34	33	69	59	78	64	40	71	16	7	8	34	55	9	39	57	30	73	39	68	47	75	39	15	20	11	2	72	65	76	71	53	51	11	73	28	63	41	34	23	63	30	10	61	59	68	44	73	13	20	64	51	44	39	30	36	68	37	33	54	12	8	32	0	45	24	6	61	1	16	58	21	64	71	38	49	68	70	36	27	69	24	43	11	45	4	5	79	37	22	62	58	27	73	73	34	76	58	10	59	14	16	39	74	70	30	51	5	8	10	68	64	10	74	0	0	1	49	59	75	1	21	74	21	32	58	66	20	50	55	56	12	46	32	49	2	38	41	6	7	45	56	21	40	24	64	68	77	74	25	10	67	32	45	75	14	47	0	14	58	78	52	2	17	63	18	30	24	44	76	58	9	62	60	65	62	53	42	67	46	52	44	44	7	72	55	31	7	15	27	35	7	58	33	38	12	16	54	50	48	52	20	57	56	74	26	63	49	40	31	58	10	0	59	67	23	7	4	64	16	41	76	49	57	71	6	39	57	3	3	77	71	27	9	54	0	5	1	19	41	59	30	56	55	53	68	9	43	41	45	45	2	47	16	55	20	41	66	74	64	21	69	7	47	67	73	62	27	49	20	79	33	21	30	19	74	47	14	48	62	61	30	78	48	53	30	71	38	74	41	29	14	0	61	12	53	59	65	19	46	68	64	56	55	4	49	45	78	46	16	68	70	63	46	29	11	47	74	61	66	0	38	37	6	54	79	29	6	3	39	0	25	29	23	37	40	35	2	45	59	62	74	65	9	58	11	12	48	68	76	10	42	32	3	12	50	1	57	58	62	71	60	62	47	5	76	26	22	43	26	0	75	25	8	5	76	51	53	23	59	35	31	6	55	0	15	54	36	24	75	77	69	7	35	60	76	70	44	34	34	18	72	38	56	38	71	21	33	0	69	18	43	5	61	75	24	39	72	37	70	54	5	26	68	33	28	22	69	54	79	14	8	71	26	61	29	58	17	27	22	25	67	51	77	42	63	17	22	1	4	48	33	8	41	38	43	70	33	66	74	45	8	32	55	37	24	62	37	52	32	13	26	47	67	37	61	9	58	56	70	53	26	2	36	26	2	75	46	52	62	63	18	50	74	69	4	36	66	8	37	34	5	19	54	47	30	0	23	3	0	22	36	28	63	63	25	75	42	25	36	34	69	67	58	63	56	11	70	17	24	9	7	3	10	10	10	31	53	46	11	57	67	11	15	4	52	49	71	1	47	70	57	22	52	28	69	5	20	70	3	52	65	31	41	8	7	59	21	12	9	58	39	77	79	61	74	78	25	26	79	64	67	15	20	67	4	20	5	27	65	65	3	16	44	52	68	12	4	23	15	24	14	38	10	32	5	44	72	4	47	13	1	48	67	61	21	35	19	27	26	16	14	10	62	36	5	5	31	31	13	11	32	22	49	2	59	3	27	48	25	41	70	64	17	52	27	76	76	68	23	1	28	62	40	47	54	4	0	24	29	17	17	17	12	20	74	76	32	57	36	30	56	42	78	60	59	75	9	78	25	31	32	27	53	40	16	1	52	23	49	40	50	45	64	74	23	18	51	70	27	18	40	66	20	71	60	16	19	32	62	57	47	33	8	8	45	72	52	44	60	38	52	11	56	64	1	20	3	22	0	52	43	53	21	77	12	22	13	31	49	11	64	36	31	67	49	11	62	37	67	40	55	72	11	63	34	79	56	68	23	40	69	70	26	47	39	23	11	40	79	52	15	67	60	78	72	2	77	31	6	21	70	2	69	50	71	0	60	40	40	3	17	68	35	26	47	67	21	69	27	41	62	9	12	18	47	74	69	6	48	39	64	23	16	32	44	2	39	48	37	51	65	54	73	56	29	30	36	79	7	6	61	1	39	8	25	47	13	41	43	25	0	51	50	62	33	79	75	63	24	11	57	55	19	73	25	21	19	7	62	60	57	56	72	62	18	28	20	20	38	39	58	29	38	71	3	1	46	7	72	43	54	2	2	10	40	54	70	41	7	40	11	10	19	4	41	45	74	23	33	30	14	66	36	33	46	77	65	6	38	13	53	34	60	21	33	59	35	64	58	36	18	71	38	26	36	33	38	49	71	72	40	53	52	35	18	9	19	12	3	22	25	3	64	17	51	44	36	64	58	30	27	78	32	62	26	48	76	10	29	68	11	78	67	12	4	7	7	22	52	23	32	29	64	0	78	27	40	78	16	13	74	26	2	69	0	35	30	62	56	0	43	38	72	37	53	16	17	27	38	71	68	73	69	61	60	55	50	48	1	24	53	6	71	78	6	36	79	46	64	15	68	37	4	59	49	79	20	45	64	15	61	55	18	46	7	8	11	50	39	68	73	44	79	18	66	51	72	44	24	41	43	59	71	40	47	35	74	38	66	29	22	73	24	46	32	69	55	58	27	63	66	18	10	39	47	25	3	8	26	21	24	76	38	45	20	71	49	16	23	60	28	38	56	4	3	72	3	71	29	42	33	70	50	59	27	78	60	37	78	11	13	78	55	41	41	19	49	71	59	73	53	18	35	48	1	55	45	15	23	35	69	41	15	43	60	40	56	25	59	21	55	41	54	47	62	18	3	5	69	16	0	16	18	14	75	4	14	75	63	41	42	38	60	35	69	33	53	52	46	15	77	78	72	26	73	61	14	9	23	47	42	72	2	16	12	6	73	13	14	62	39	35	48	46	74	32	12	2	39	53	24	3	62	42	33	51	38	66	44	8	59	46	68	60	34	11	65	43	30	57	43	3	49	50	63	73	76	76	61	23	45	36	50	4	33	31	39	39	38	29	4	27	72	70	35	1	75	47	52	55	27	66	64	7	2	78	42	57	76	29	0	37	8	72	37	37	55	24	46	9	8	48	76	10	31	25	9	31	54	27	5	22	32	5	61	56	20	49	51	47	56	77	79	1	12	69	21	53	27	37	33	54	14	6	77	56	6	28	68	7	20	54	17	51	70	57	3	21	79	70	36	17	1	62	72	73	77	48	40	1	69	21	33	5	35	19	33	31	72	56	70	79	63	0	28	48	14	44	5	27	6	75	32	44	9	37	72	12	48	10	29	8	65	63	72	57	2	7	48	77	39	40	26	41	8	6	38	27	51	29	76	55	63	75	59	11	58	75	75	69	18	53	6	11	29	17	76	64	30	30	12	6	31	20	55	8	41	11	73	6	24	69	13	57	45	64	25	41	73	1	75	56	17	32	47	65	64	55	78	65	41	38	3	58	26	42	3	17	13	8	29	7	39	44	75	72	40	30	68	28	40	29	9	38	2	3	5	3	10	9	20	29	3	27	16	13	41	77	11	70	53	51	43	2	5	53	32	2	14	33	6	25	12	9	58	60	33	53	20	58	27	68	49	65	38	34	47	61	33	27	73	27	23	4	46	9	79	27	15	51	32	16	67	3	78	45	71	3	25	44	3	59	15	16	1	27	37	25	0	3	32	46	68	72	68	77	70	66	74	14	16	35	14	19	47	59	13	37	35	71	73	76	12	79	8	28	4	27	42	14	35	9	25	59	25	14	22	1	39	28	75	0	35	38	0	28	11	65	15	28	57	39	49	34	16	42	76	1	57	1	79	20	15	56	6	76	75	71	54	76	59	20	73	31	0	38	24	3	12	69	37	29	2	25	66	73	45	18	18	38	68	6	27	45	75	38	31	72	17	52	12	8	15	51	24	72	40	11	70	36	75	47	5	75	70	27	18	34	51	48	18	47	68	6	38	52	49	31	17	41	10	51	72	70	47	25	34	45	22	27	57	71	17	34	60	46	11	73	23	19	42	65	52	29	64	15	22	35	68	66	60	37	68	16	69	23	56	31	38	34	40	78	16	37	1	27	66	75	14	3	55	35	78	50	61	57	61	37	59	59	33	51	12	62	46	1	27	59	10	4	29	66	62	53	36	54	40	74	22	64	62	42	70	30	33	31	3	70	1	62	32	71	62	61	42	8	14	10	70	41	40	35	43	38	71	68	0	36	1	72	73	75	44	19	27	29	52	72	46	62	36	6	76	17	21	1	11	10	11	19	54	39	48	21	36	63	46	46	63	13	76	64	25	53	34	19	3	79	44	69	30	17	77	29	8	6	57	45	66	71	45	68	19	34	11	44	76	61	13	72	60	17	39	37	41	53	75	5	41	20	73	35	75	59	4	45	30	76	4	24	0	45	67	15	0	33	52	27	59	3	50	46	6	44	55	1	0	51	64	11	9	38	68	22	76	31	47	42	65	53	31	47	31	43	51	62	49	17	29	30	65	66	33	57	58	44	64	67	36	63	78	5	42	73	41	66	50	3	79	55	58	12	40	77	18	70	42	47	71	68	44	17	24	55	49	8	61	5	10	18	57	7	21	40	69	11	65	51	40	63	8	49	49	78	33	23	9	79	9	63	6	7	28	31	44	60	44	25	24	27	43	72	36	68	7	70	13	3	72	27	63	38	8	55	71	11	15	71	72	53	37	18	5	78	4	2	28	19	38	60	55	43	69	10	57	34	20	67	29	50	41	7	68	32	64	38	32	79	34	74	59	38	21	69	27	37	78	25	8	0	23	63	11	16	24	26	60	39	10	66	8	58	79	20	55	1	58	40	28	73	45	58	73	31	13	39	55	1	32	19	27	23	65	67	66	56	32	3	67	59	47	30	15	48	14	43	13	45	75	5	67	32	30	72	11	21	2	30	39	24	79	74	57	60	14	44	64	26	2	57	2	63	42	45	21	51	32	34	63	51	53	42	53	74	8	68	4	28	31	2	45	58	
42	32	69	26	29	25	8	75	27	0	66	79	76	63	60	15	26	31	79	52	77	40	53	71	71	68	28	59	16	21	28	10	9	24	53	62	20	74	6	79	5	0	17	11	2	19	20	61	24	4	48	70	22	21	5	7	46	22	76	29	3	61	72	37	75	57	63	29	11	27	76	33	49	32	46	15	27	54	18	3	67	40	35	26	25	52	0	35	8	55	21	40	30	31	79	25	8	55	76	48	67	45	56	60	59	63	32	58	78	59	54	79	16	33	36	1	62	33	57	25	7	20	44	33	67	3	47	28	17	19	25	75	60	74	3	43	75	44	4	16	51	14	65	32	25	53	30	16	2	71	16	20	3	55	60	2	1	44	40	15	0	26	73	79	7	38	34	72	73	5	11	46	76	60	54	8	69	64	26	73	41	7	75	54	61	47	56	40	33	12	54	42	48	71	30	42	67	15	67	23	73	21	20	67	38	12	19	79	72	2	34	13	2	75	63	28	20	53	78	63	64	52	63	69	37	7	18	33	38	48	25	35	4	47	69	76	79	11	15	75	28	12	61	2	46	21	41	49	47	22	25	36	40	56	58	32	9	61	31	38	70	24	5	52	32	45	28	77	52	16	24	54	73	37	70	70	50	66	74	26	60	34	5	57	14	51	42	27	79	42	10	40	48	69	75	29	68	57	16	7	55	69	0	34	69	23	34	66	2	1	23	45	66	68	33	44	34	58	54	44	68	39	65	57	35	37	41	4	25	31	64	35	71	30	46	25	72	18	27	46	11	46	34	33	8	37	37	57	39	78	33	69	5	24	45	49	46	33	46	61	50	1	3	70	35	52	58	35	67	43	37	64	46	49	48	17	39	68	77	70	27	57	6	10	28	61	69	42	15	18	8	61	7	42	13	79	78	49	48	39	23	13	54	41	64	34	38	40	75	3	60	66	13	44	33	59	53	33	68	35	42	1	34	21	73	79	70	47	32	29	69	70	60	59	59	48	76	49	1	4	12	47	14	33	77	34	62	4	56	20	29	56	33	45	54	44	40	18	20	14	59	4	67	59	70	15	1	79	6	40	4	39	6	0	40	68	57	59	17	28	6	62	50	62	4	76	79	28	1	60	36	64	63	39	45	20	57	63	22	61	71	41	1	31	60	27	11	55	70	17	31	62	40	35	10	44	5	14	10	45	45	21	10	22	34	36	20	64	29	19	50	42	48	71	17	39	39	49	43	22	64	27	34	74	8	36	54	6	65	79	34	1	70	37	31	4	18	44	24	76	33	69	74	30	48	15	57	63	20	40	36	45	78	5	27	73	31	16	21	60	69	43	73	36	7	19	20	51	77	23	64	31	1	57	79	4	13	42	9	48	64	55	73	16	33	9	42	63	72	25	73	63	26	64	76	14	14	28	6	60	2	70	18	52	77	7	10	44	1	56	66	65	6	74	39	77	41	4	47	61	63	3	12	5	65	44	50	79	38	39	75	33	14	64	20	73	21	75	76	16	60	46	34	57	62	16	25	20	5	54	27	5	57	36	46	50	45	21	28	3	74	73	66	56	49	70	27	8	55	62	37	78	32	36	4	16	0	58	78	48	35	19	68	76	74	40	14	62	34	9	42	40	6	21	51	15	54	24	36	29	64	7	51	51	35	46	43	2	15	52	68	61	69	57	66	9	45	65	50	9	32	27	41	38	69	14	34	78	58	48	78	37	79	34	63	67	72	79	10	31	42	45	54	27	9	57	24	74	38	73	73	78	0	44	24	69	31	23	67	20	72	65	22	13	24	16	77	50	74	21	9	57	75	64	46	9	70	50	70	53	62	20	27	8	8	36	29	54	67	61	76	77	27	30	67	55	71	22	31	27	10	53	29	29	57	24	40	39	73	5	20	58	47	14	79	33	20	73	71	15	57	46	79	55	15	62	34	73	41	47	20	49	36	51	57	66	8	23	65	16	61	17	13	4	2	37	8	47	4	75	29	78	56	15	55	75	2	33	3	18	7	22	67	77	32	69	20	13	11	78	44	3	60	15	72	5	11	39	49	5	53	32	47	24	52	10	49	9	67	8	73	67	5	37	79	79	2	24	13	24	51	12	59	53	64	41	19	0	68	40	41	56	66	4	49	50	21	24	45	76	35	56	20	53	28	1	23	18	51	38	74	9	32	41	19	27	60	16	72	13	7	46	16	66	58	64	5	46	10	64	8	73	48	41	74	32	47	68	77	53	33	16	42	15	37	20	33	5	41	5	35	2	62	37	73	23	5	11	2	12	21	72	62	0	3	55	31	27	26	24	60	13	27	50	79	72	15	5	69	65	26	43	16	58	7	56	20	47	6	73	76	70	2	20	53	15	18	0	35	32	30	28	39	43	30	45	54	66	38	17	30	11	11	73	15	37	77	15	49	9	54	11	78	10	8	46	67	29	44	27	75	14	17	62	65	57	49	16	78	72	5	78	65	50	16	2	27	71	72	48	15	46	26	5	10	79	12	41	17	3	29	30	6	79	41	38	10	70	38	54	50	54	39	73	56	25	10	38	68	5	9	58	41	49	19	3	49	10	13	12	43	64	40	56	23	25	9	34	30	74	76	22	68	20	60	5	16	16	35	21	15	36	2	72	53	51	21	28	48	13	12	51	48	34	40	79	53	35	44	22	68	21	70	44	21	14	11	73	32	13	6	72	78	35	64	30	66	75	14	75	1	34	27	6	73	77	16	72	25	8	78	38	36	17	20	52	63	63	59	1	67	31	18	43	28	23	23	11	66	40	0	66	38	66	61	60	26	8	21	40	25	51	2	62	28	67	59	71	1	18	31	21	38	55	66	12	72	38	53	49	74	31	15	11	16	38	31	26	12	50	77	13	77	15	57	10	21	48	34	16	23	39	27	76	51	30	53	29	28	14	8	75	27	49	77	16	41	14	46	5	63	64	52	18	70	16	7	17	29	40	10	31	0	2	47	39	36	1	66	7	16	64	16	71	9	77	35	53	51	59	67	76	76	57	60	26	64	62	23	11	44	52	51	35	65	76	60	7	17	40	47	72	15	10	0	6	45	60	31	50	70	74	13	59	15	55	22	33	23	51	9	76	55	75	62	66	37	47	32	6	66	45	42	6	70	50	17	58	33	31	62	19	10	13	54	65	6	38	70	30	63	17	32	45	3	46	8	62	79	30	9	8	67	74	43	11	25	76	31	58	25	64	47	18	6	45	53	75	28	12	74	4	55	42	75	58	53	77	62	4	4	6	32	55	29	40	45	77	32	1	20	64	78	34	49	16	69	19	41	22	71	44	21	19	28	67	35	52	21	4	43	19	31	33	31	60	10	12	12	24	19	57	63	62	76	64	48	48	58	45	52	68	58	65	75	65	55	18	78	44	41	21	66	65	78	68	29	30	23	47	46	26	10	50	74	13	33	29	53	57	63	45	43	28	9	12	75	56	69	12	46	74	64	55	28	60	51	70	68	32	19	46	52	20	66	16	23	33	5	66	5	32	27	21	56	44	38	0	27	30	31	42	64	31	56	11	67	51	41	68	58	21	50	48	66	30	67	54	63	37	55	61	78	3	44	65	28	69	74	4	39	49	79	62	65	3	13	42	72	18	60	47	38	40	55	55	19	13	52	75	24	26	31	47	33	77	37	22	64	37	25	11	72	5	23	18	26	55	13	49	78	26	8	21	73	53	30	6	35	10	47	11	79	8	3	3	65	68	33	52	67	74	19	6	76	78	3	4	58	51	74	38	59	51	53	52	67	76	8	1	17	69	35	18	46	26	11	76	77	73	39	15	13	3	4	14	39	28	69	61	17	77	27	78	66	26	69	48	44	17	54	78	22	21	37	10	54	74	79	62	71	27	36	22	13	49	57	62	34	48	75	61	78	50	29	24	64	52	25	60	3	61	65	23	74	20	8	63	51	24	26	12	61	25	50	26	51	20	15	33	42	30	59	12	13	79	14	39	18	69	25	64	24	20	63	59	74	25	34	32	20	26	59	74	72	68	54	3	51	68	77	48	75	49	72	66	74	29	43	77	58	37	57	56	75	67	29	1	13	69	1	30	58	45	7	11	17	57	66	74	54	4	31	3	50	23	72	1	79	73	70	43	68	70	18	60	28	20	57	25	42	31	34	54	61	22	43	11	75	28	20	29	77	8	55	69	45	77	41	35	57	31	15	52	76	53	40	19	53	3	35	77	22	73	58	76	59	61	54	59	15	74	9	31	3	65	37	31	27	21	15	52	53	15	57	35	35	24	30	1	54	53	41	44	63	39	35	76	77	22	12	51	14	38	74	70	71	45	18	74	5	67	28	20	50	12	41	66	49	14	44	9	14	73	26	47	35	76	28	50	3	36	44	58	51	47	4	64	10	11	77	4	62	29	49	31	65	70	44	10	8	51	17	33	39	39	48	12	2	51	53	62	36	44	7	69	40	11	4	40	41	31	61	1	31	48	61	28	58	10	45	18	0	50	34	41	53	44	1	10	41	33	65	22	65	42	21	68	41	74	41	75	72	23	54	7	53	65	23	51	32	3	46	57	53	20	1	15	68	18	9	13	3	51	1	31	6	75	66	17	25	38	51	23	10	25	43	1	78	71	65	25	5	10	67	6	56	62	57	38	0	27	17	64	32	38	40	18	27	68	37	36	53	3	10	27	50	43	16	44	44	46	60	69	64	77	79	42	12	54	10	43	75	71	62	14	75	64	57	47	12	28	41	47	55	32	13	29	15	20	60	38	54	72	64	75	1	76	44	55	69	26	74	4	21	24	78	1	5	41	76	2	55	3	62	66	23	62	35	4	55	28	55	78	47	55	21	15	51	16	70	43	64	18	53	52	78	8	0	25	65	62	4	40	54	32	56	31	22	33	47	37	56	5	51	45	55	11	14	0	79	37	39	35	53	46	43	43	48	67	78	8	10	24	19	7	55	49	30	42	68	35	22	1	66	19	69	12	42	67	58	44	46	67	73	31	53	59	16	27	73	78	73	58	72	61	9	62	35	22	31	26	
18	6	1	16	19	13	4	2	5	8	3	7	2	5	2	5	6	13	8	8	10	20	4	17	20	3	12	20	20	9	8	7	13	16	14	18	17	16	3	19	16	10	8	3	1	13	9	8	5	19	19	7	13	19	19	10	17	4	18	20	4	19	4	9	13	9	9	3	19	17	7	6	16	8	9	14	17	18	18	9	17	5	17	10	20	13	13	20	4	16	16	10	13	7	16	8	5	7	12	4	11	12	2	17	20	4	3	10	20	12	18	9	19	19	20	15	9	17	16	14	16	11	8	19	17	5	11	12	9	14	19	15	3	15	5	7	19	20	15	3	14	11	8	5	1	1	1	17	17	17	12	10	15	6	14	3	20	16	7	19	6	5	5	17	20	13	12	19	17	17	2	13	8	6	12	14	16	14	6	5	9	10	13	17	4	13	16	9	12	12	1	17	16	13	8	1	1	12	2	2	16	1	17	20	1	7	4	5	18	10	19	9	20	15	16	6	20	3	17	20	3	10	20	16	1	3	1	1	20	2	6	13	9	20	10	4	1	2	6	9	10	11	7	1	7	5	3	10	11	15	13	12	6	3	14	9	16	2	12	6	5	5	8	14	16	2	2	6	16	8	10	14	16	7	2	9	7	2	11	9	5	10	16	11	8	7	1	8	6	5	7	8	15	14	16	3	15	3	7	11	14	12	7	9	12	9	2	12	12	16	15	15	13	14	2	3	9	6	9	15	6	6	1	15	15	1	3	4	16	14	16	14	14	3	16	5	15	1	1	1	12	9	6	16	9	14	9	6	1	15	16	14	16	4	11	4	7	16	10	3	13	7	5	12	7	2	13	2	2	16	12	5	4	13	1	7	4	16	9	16	7	4	3	3	16	14	4	10	3	4	8	10	6	8	2	5	11	14	8	10	15	6	5	7	13	9	16	2	15	8	3	11	10	6	9	6	14	3	4	5	15	7	15	6	4	15	5	11	4	7	6	11	14	13	3	12	2	10	4	14	3	9	2	13	9	9	2	5	10	8	2	11	11	15	13	16	3	5	10	5	15	2	7	4	10	2	7	12	6	12	1	15	5	13	1	12	14	2	9	9	13	6	1	13	6	14	16	15	14	2	1	16	13	4	16	2	1	10	14	11	3	7	4	1	8	6	7	15	6	2	5	3	8	5	15	8	10	10	9	8	5	1	9	3	14	9	13	11	6	5	14	5	4	9	7	1	4	11	6	1	7	11	10	2	6	9	9	9	4	2	2	13	6	6	10	4	9	13	16	12	16	11	13	1	7	11	13	4	3	6	14	6	8	16	16	12	13	12	9	11	11	2	8	6	7	1	14	1	12	16	11	1	8	3	16	10	10	12	5	4	8	5	11	11	13	16	1	2	1	4	7	5	15	2	2	8	16	13	12	15	16	1	10	5	14	4	6	2	3	14	7	8	1	4	13	15	11	11	9	13	12	1	3	9	14	7	3	4	13	10	12	2	15	16	8	15	12	6	14	5	1	14	8	1	13	6	16	14	10	7	4	9	3	6	13	10	7	9	13	2	3	9	5	4	13	8	4	9	2	8	15	4	4	15	6	1	14	16	2	9	14	12	14	15	8	1	15	11	3	8	13	14	1	1	3	11	3	4	15	6	7	13	2	11	8	6	8	12	1	6	12	10	15	5	1	8	12	16	12	4	6	2	2	16	15	3	12	15	12	12	6	10	3	16	7	11	12	9	14	16	6	5	12	11	1	14	6	9	1	3	13	11	6	5	12	4	12	5	16	5	4	13	14	11	7	12	15	13	15	7	1	4	16	2	3	3	10	2	10	16	13	16	15	3	1	3	3	10	15	8	7	7	7	10	13	14	11	14	14	4	14	9	4	13	2	10	15	2	8	8	12	16	16	9	6	1	3	9	15	7	15	11	4	6	15	14	6	8	3	9	14	16	7	16	1	11	5	16	5	11	2	13	15	9	14	7	16	10	3	1	2	7	14	16	15	2	4	9	12	10	8	1	6	9	6	9	3	14	7	3	1	9	7	12	9	4	5	6	14	16	1	6	10	12	8	12	2	3	2	8	8	8	8	3	16	13	2	1	2	16	9	3	7	10	13	2	5	8	9	11	2	6	13	6	11	10	11	1	8	5	3	6	2	1	13	14	6	16	14	1	8	14	8	4	11	12	11	15	14	10	6	14	11	10	3	8	10	15	8	12	1	14	5	4	10	10	16	3	7	2	16	2	11	8	12	3	16	3	6	5	14	13	13	5	12	1	14	10	12	4	4	9	16	4	1	1	13	5	11	2	4	6	7	8	14	9	10	9	2	6	12	5	10	6	3	16	7	14	2	7	13	1	2	10	9	15	4	1	1	10	12	1	1	11	6	15	5	14	5	9	13	7	6	2	8	14	12	16	3	8	16	15	14	1	2	7	16	11	9	7	12	4	10	2	16	7	1	13	11	1	10	3	12	10	1	2	11	3	2	7	6	11	11	16	2	15	8	11	8	12	8	9	2	14	3	3	12	13	2	8	13	4	12	4	15	2	8	5	10	14	11	12	4	10	3	15	16	12	16	14	10	2	9	15	16	1	12	15	7	3	16	4	7	7	6	4	4	16	8	2	9	1	12	4	7	3	4	7	4	2	5	12	4	9	15	8	13	2	7	15	1	9	16	7	1	7	12	12	11	11	4	2	6	14	3	13	16	4	9	6	12	9	12	4	1	8	6	6	7	1	6	2	4	10	14	9	6	3	4	6	14	11	16	2	4	8	14	10	15	12	15	11	2	14	7	1	3	15	1	2	15	8	10	15	10	4	12	3	6	14	16	6	11	10	11	10	12	16	3	13	1	1	1	16	1	11	16	4	11	9	13	9	5	9	7	6	13	8	15	1	12	15	7	2	16	3	5	9	2	11	12	8	4	14	1	8	1	4	12	1	3	6	10	9	3	1	1	8	16	6	15	6	9	1	10	15	14	15	4	3	11	4	6	7	10	5	1	13	9	16	5	3	13	14	3	1	8	16	13	12	13	2	5	4	4	1	6	14	13	7	8	15	7	15	2	16	6	13	2	14	3	13	13	2	6	7	12	11	6	16	7	12	4	4	7	4	4	5	4	12	5	3	4	2	1	5	7	11	4	7	1	1	5	15	13	16	4	1	10	5	8	13	4	11	8	11	7	16	4	6	7	13	15	5	12	14	15	8	8	1	16	10	13	16	10	11	15	3	2	7	15	2	13	15	15	12	12	8	14	7	7	2	2	14	15	16	9	13	7	8	11	6	4	4	15	16	9	4	5	15	13	14	3	15	9	12	1	4	13	4	1	11	16	3	2	6	6	6	13	9	3	8	13	6	10	10	7	16	11	5	16	1	7	10	1	10	9	16	14	1	4	4	2	11	7	15	10	2	6	7	16	5	13	13	12	7	11	3	4	14	8	12	16	5	7	8	2	5	13	4	3	6	3	11	15	4	6	14	1	6	8	9	4	3	15	10	11	3	11	13	12	9	7	14	13	6	5	11	14	8	5	5	11	1	5	7	14	9	8	15	7	12	16	3	1	15	10	3	14	14	16	3	3	3	11	2	7	10	12	10	7	15	8	15	13	16	11	15	3	10	10	9	4	6	2	2	11	15	11	5	11	1	7	8	3	14	12	1	5	8	12	10	11	8	13	8	6	9	11	4	12	2	16	14	1	16	9	5	10	10	14	8	14	14	7	13	12	13	13	10	10	6	2	1	7	10	10	7	1	16	3	7	12	1	8	9	5	5	2	2	10	12	8	5	15	11	14	15	10	13	4	1	2	12	11	6	9	8	1	16	6	4	14	15	9	14	4	7	2	4	9	1	1	10	9	11	6	4	2	2	12	2	9	3	2	14	5	2	8	3	15	15	3	15	11	12	6	10	7	6	10	12	16	1	13	10	4	12	4	6	10	11	3	14	3	8	2	10	1	1	12	4	8	14	9	9	1	4	6	10	10	2	8	5	5	8	11	5	8	16	10	15	4	6	12	15	11	3	13	6	1	4	15	3	12	16	14	10	16	15	11	11	6	12	9	9	12	10	12	10	11	2	15	7	16	11	1	7	15	15	5	12	10	11	9	8	15	16	12	7	3	6	13	2	10	4	16	11	5	4	4	12	7	1	5	6	12	6	4	8	4	8	6	6	5	14	2	14	4	13	8	13	4	2	3	12	16	4	5	3	1	16	4	13	16	15	4	15	10	11	15	7	10	16	7	10	16	5	8	1	16	8	15	16	16	12	11	2	8	8	8	8	4	10	14	15	9	14	14	7	12	13	8	11	6	2	2	1	5	6	5	13	5	9	6	9	7	3	6	13	4	1	7	6	11	14	6	13	10	8	7	5	3	10	11	11	7	16	7	4	12	1	2	14	5	6	8	15	13	11	3	5	10	5	14	2	4	1	6	7	9	13	5	12	10	4	15	13	7	1	2	4	5	8	4	3	6	8	15	16	7	16	4	6	15	12	7	1	12	2	2	2	15	7	8	12	2	5	1	5	14	10	15	1	12	1	7	12	4	2	10	7	2	1	3	5	11	5	14	16	2	13	6	7	3	15	14	9	4	3	11	14	2	7	10	4	7	7	3	16	16	12	5	4	10	7	7	2	6	4	3	7	11	16	15	7	11	10	4	5	12	9	6	15	7	8	1	2	2	5	14	3	2	1	6	4	1	15	2	4	10	13	3	5	15	3	6	8	5	13	13	13	16	12	5	11	2	2	1	11	1	1	13	8	12	8	16	13	6	4	13	5	7	10	15	7	6	9	1	12	9	13	6	11	16	11	13	11	5	11	9	9	15	1	9	3	6	11	16	8	16	2	7	8	14	14	3	15	6	3	10	10	8	4	13	11	1	9	15	1	12	12	2	8	5	12	4	5	2	13	8	11	4	2	6	1	14	5	12	7	10	2	5	4	6	7	1	15	14	7	6	15	5	5	12	5	4	8	12	15	3	14	11	4	2	16	14	11	10	15	14	14	16	11	12	6	2	15	16	3	8	2	
910	610	460	400	660	740	970	890	990	250	520	510	380	100	300	850	320	830	400	980	620	230	970	910	880	180	410	120	930	940	670	600	930	410	210	120	680	100	240	870	980	590	260	910	640	380	830	300	810	900	290	600	900	100	350	980	870	500	360	940	140	140	640	580	840	470	460	760	720	240	820	250	960	510	560	860	110	300	490	950	220	120	190	750	870	360	270	780	250	930	440	840	510	760	240	810	800	190	200	920	370	180	650	510	990	740	200	150	980	430	470	800	500	300	920	980	410	510	660	150	920	950	240	410	150	820	290	430	320	220	750	980	750	360	750	170	920	940	930	580	350	160	870	620	510	890	460	940	200	120	340	220	910	530	580	760	810	480	970	200	720	460	970	350	490	500	360	250	290	730	570	650	170	770	720	310	460	560	470	520	400	280	920	550	420	420	720	320	560	610	270	970	350	860	140	110	320	140	980	840	650	750	970	460	440	700	150	460	340	600	870	820	740	940	110	330	990	760	650	880	1000	660	920	220	730	310	440	410	500	480	850	160	690	930	370	480	400	230	410	390	840	370	750	580	170	130	810	720	300	960	170	550	850	720	290	960	690	660	870	850	930	960	200	850	520	390	450	640	350	820	300	630	570	660	960	580	970	130	550	390	850	110	780	560	450	560	720	760	750	660	840	740	620	850	400	300	200	390	910	340	600	800	650	150	140	180	440	870	640	770	380	150	120	460	330	870	220	950	130	320	980	540	330	760	860	910	270	520	470	700	310	1000	190	900	770	910	650	500	900	370	740	110	670	290	670	850	860	320	300	680	640	200	320	600	570	790	370	120	760	480	620	520	430	570	380	250	450	200	110	280	930	760	900	310	580	700	320	920	680	480	950	510	850	380	730	670	750	620	750	120	890	890	160	190	460	760	420	370	140	980	990	190	440	290	860	230	880	780	600	680	840	750	810	350	750	220	420	510	110	290	880	790	200	490	750	390	310	230	820	400	980	800	450	200	800	650	520	910	930	160	850	450	270	550	140	900	970	400	570	760	480	320	290	660	750	870	1000	700	460	450	980	330	500	650	190	250	300	690	360	390	510	310	100	990	450	590	430	880	990	830	810	820	400	120	620	650	410	670	220	360	600	960	710	930	130	900	910	510	490	980	280	280	390	460	210	750	920	450	460	570	400	820	520	180	330	410	690	770	510	790	660	470	970	230	560	960	860	980	340	850	420	990	710	860	630	870	190	120	810	900	540	470	150	460	590	860	570	170	150	730	520	850	910	220	140	190	640	130	790	790	850	320	310	140	370	730	730	520	750	690	140	340	320	500	560	500	230	170	160	890	880	300	930	450	490	830	970	900	900	170	900	130	280	810	750	300	180	190	240	370	860	380	670	1000	910	700	780	760	720	680	650	430	360	560	720	200	720	200	240	400	620	140	360	830	880	700	170	640	540	180	950	690	140	190	840	850	130	350	940	120	710	250	770	790	990	760	170	940	100	740	410	840	600	220	200	210	150	340	980	980	740	520	240	870	890	220	780	180	980	780	540	250	190	660	810	380	940	700	470	800	310	600	930	130	780	700	480	110	330	140	530	100	820	120	190	380	540	250	880	670	540	810	760	390	470	450	860	270	760	700	800	160	900	480	490	910	920	530	150	310	690	440	310	250	790	320	700	920	230	270	840	590	570	530	500	760	150	430	570	730	370	770	370	870	910	460	770	110	300	230	370	440	680	110	220	750	790	190	960	190	350	290	460	120	600	100	960	760	650	490	800	180	470	610	210	330	430	740	490	740	130	220	520	700	690	690	730	250	170	800	890	910	260	420	990	300	590	570	870	780	310	960	860	730	510	950	330	370	820	770	390	220	890	890	640	550	820	880	200	740	890	310	840	530	710	990	950	460	480	160	560	940	900	490	320	400	210	380	330	160	630	720	510	550	310	180	300	790	950	940	250	660	780	280	890	950	130	740	480	140	960	130	700	510	250	580	610	830	370	980	430	390	300	960	360	640	990	180	630	820	450	330	920	570	690	840	390	130	340	260	960	470	120	430	860	160	890	330	990	520	170	440	890	860	820	730	190	380	410	490	300	890	960	790	980	640	560	730	1000	940	740	280	950	730	110	730	340	790	790	390	540	130	770	890	990	100	610	740	700	500	760	1000	160	130	360	500	580	920	790	1000	710	580	230	190	850	660	100	520	530	720	960	530	960	540	220	220	480	930	250	890	100	620	710	270	580	780	310	440	350	600	260	490	840	170	690	430	730	470	200	190	330	200	820	600	450	930	570	820	720	150	260	470	590	430	380	230	530	160	460	590	580	860	960	650	1000	750	940	840	290	270	490	800	170	110	100	400	490	610	930	280	530	170	890	190	420	160	690	940	210	340	850	880	700	320	150	310	150	500	850	430	170	460	700	190	490	550	260	920	870	360	750	530	660	160	590	880	150	520	870	300	370	370	240	940	880	360	150	900	590	720	410	430	650	510	340	680	700	840	590	220	200	400	450	960	660	300	660	850	950	970	340	420	440	210	990	650	100	400	950	120	160	820	500	240	840	760	660	380	340	690	950	960	170	740	910	780	570	950	990	920	180	550	390	880	740	180	500	200	490	220	950	280	780	760	770	850	690	510	860	860	940	1000	150	840	190	200	760	850	480	190	430	450	860	660	100	250	160	800	290	260	880	450	440	570	180	340	330	170	670	870	520	600	680	490	540	190	750	180	960	740	280	980	270	810	540	530	680	750	480	760	390	590	950	440	970	440	610	730	540	640	390	290	830	510	300	640	150	820	740	890	920	500	240	320	320	880	980	560	200	430	410	540	310	260	750	910	670	140	250	410	390	930	750	970	480	550	620	470	600	140	320	260	900	810	570	790	540	790	900	270	830	430	260	970	350	260	320	760	270	970	420	860	590	250	940	600	290	630	640	520	220	470	400	660	380	540	850	900	450	350	700	540	400	800	540	750	650	790	470	840	830	980	780	920	980	140	770	610	790	890	540	410	470	610	690	680	860	900	910	310	690	500	130	950	660	890	970	330	570	600	490	140	530	360	930	850	400	430	890	1000	190	720	800	590	130	140	980	670	990	220	240	550	540	310	760	380	910	210	770	240	990	610	610	440	760	520	640	550	850	890	230	120	240	790	280	450	970	980	350	320	320	380	680	370	570	440	150	390	840	560	690	710	580	100	990	930	360	180	950	700	230	910	930	170	500	390	110	340	850	800	780	230	930	640	800	290	660	770	720	180	890	780	420	280	580	270	880	340	710	310	730	490	380	890	930	480	250	280	890	950	720	860	520	740	140	610	410	720	310	500	410	360	740	950	700	680	900	530	140	340	400	910	700	160	830	120	240	120	620	700	580	950	580	820	410	710	340	300	650	100	730	260	430	570	560	400	610	220	110	280	760	960	540	240	840	800	560	110	840	100	980	670	970	290	550	300	710	770	760	370	690	170	520	530	900	790	680	230	210	820	670	550	890	960	760	920	790	480	770	680	480	970	330	110	430	530	810	390	880	750	200	950	630	640	400	600	100	750	900	940	630	870	990	440	850	830	460	480	420	440	390	760	790	970	370	400	710	520	230	700	340	880	960	890	620	330	490	450	1000	710	530	560	680	620	250	800	160	770	250	340	480	980	140	110	170	690	800	360	560	530	380	120	620	730	130	340	960	490	990	490	790	360	290	960	100	170	600	570	850	250	560	320	830	270	1000	120	290	450	790	320	150	300	450	880	150	840	320	1000	430	490	780	330	720	660	480	520	180	200	790	860	120	110	550	370	260	120	740	140	290	880	250	940	710	500	920	970	560	470	1000	370	300	470	930	400	260	930	430	340	250	580	700	410	450	820	570	580	720	490	730	880	840	680	260	640	750	250	970	250	320	330	740	450	310	600	620	180	990	980	720	770	240	910	920	190	690	270	530	820	660	360	600	810	360	780	740	590	980	840	610	380	610	530	970	400	900	730	520	300	870	440	310	540	290	820	590	640	950	580	280	640	780	430	100	890	960	290	630	420	920	160	640	400	240	950	850	990	760	190	800	740	150	880	560	950	450	230	480	320	670	890	310	720	540	360	850	840	440	670	110	680	160	660	540	410	110	680	630	100	710	990	240	260	310	940	890	980	740	890	590	170	960	150	250	590	460	610	840	800	350	670	800	900	680	600	440	670	830	400	1000	150	770	940	180	580	280	170	820	380	280	450	880	220	100	330	800	660	130	580	620	930	180	270	370	730	330	580	620	190	240	620	240	730	710	440	400	740	760	230	730	430	550	740	210	990	210	660	950	500	990	830	100	360	570	560	550	810	990	770	590	750	730	280	570	530	270	970	890	160	540	530	920	230	600	510	300	560	370	430	500	830	460	560	460	580	180	850	540	320	420	150	230	930	460	600	130	700	310	210	190	860	470	500	500	730	140	360	390	610	910	850	100	380	830	110	870	620	650	780	280	600	610	770	150	320	920	500	960	700	370	760	660	540	140	910	520	950	330	610	960	770	410	650	670	420	370	660	200	230	960	250	730	910	920	860	170	940	110	960	230	700	480	620	270	830	840	190	200	290	450	820	270	760	790	180	170	590	500	180	590	270	420	250	850	680	980	200	690	550	900	540	210	230	590	120	410	520	380	720	110	650	350	290	560	520	440	100	490	860	310	580	650	280	120	510	470	150	380	310	210	270	920	930	130	200	200	180	510	390	750	890	680	710	180	770	960	390	970	960	710	370	880	240	650	250	400	760	620	460	830	430	860	720	600	710	190	120	990	740	250	450	1000	960	500	500	970	960	940	470	710	490	170	130	890	820	910	920	270	750	320	160	920	760	830	800	260	590	950	860	130	860	790	770	470	740	730	800	130	120	420	370	330	380	470	350	160	800	440	380	680	860	490	250	910	560	240	990	340	770	190	570	290	230	530	180	950	550	940	500	660	500	400	980	600	400	670	960	160	730	860	310	820	460	630	490	950	580	670	440	590	630	520	670	440	1000	900	770	850	700	600	150	340	300	160	380	410	580	840	690	330	160	410	580	590	340	860	920	580	960	500	690	1000	940	
10
