2212
80
4
70
0	0	0	0	0	0	0	0	0	0	0	0	0	0	0	0	0	0	0	0	0	0	0	0	0	0	0	0	0	0	48	0	0	48	0	0	0	0	0	0	0	0	0	0	0	0	0	0	0	0	0	0	0	0	0	0	0	0	0	0	0	48	0	0	0	0	0	0	0	0	0	0	0	0	0	0	0	48	0	0	
0	0	0	0	0	48	0	0	48	0	0	0	0	0	0	0	0	0	0	0	0	0	0	0	0	0	0	0	0	0	0	0	0	0	0	0	0	0	0	0	48	0	0	0	0	0	0	0	0	48	0	0	0	0	0	0	0	0	0	0	0	0	0	0	0	0	0	0	0	0	0	0	0	0	0	0	0	0	0	0	
0	0	0	0	0	0	48	0	0	0	0	0	0	0	48	0	0	0	0	0	0	0	0	0	0	0	0	0	0	0	0	0	0	0	0	0	0	0	0	0	0	0	0	0	0	0	0	0	0	0	0	0	48	0	0	0	0	0	0	48	0	0	0	0	0	0	0	0	0	0	0	0	0	0	0	0	0	0	0	0	
0	0	0	0	0	0	0	0	0	0	0	0	48	0	0	0	0	0	0	0	0	0	0	0	0	0	0	0	0	0	0	0	0	0	0	0	0	0	0	0	0	0	0	0	0	0	0	0	0	0	0	0	0	0	0	0	48	0	48	0	0	0	0	0	0	0	0	48	0	0	0	0	0	0	0	0	0	0	0	0	
0	0	0	0	0	0	0	0	0	0	0	0	0	0	0	0	0	0	0	0	0	0	0	0	0	0	48	0	0	0	0	48	0	0	0	0	0	0	0	0	0	0	48	0	0	0	0	0	0	0	48	0	0	0	0	0	0	0	0	0	0	0	0	0	0	0	0	0	0	0	0	0	0	0	0	0	0	0	0	0	
0	48	0	0	0	0	0	0	48	0	0	0	0	0	0	0	0	0	0	0	0	0	0	0	0	0	0	0	0	0	0	0	0	0	0	0	0	0	0	0	48	0	0	48	0	0	0	0	0	0	0	0	0	0	0	0	0	0	0	0	0	0	0	0	0	0	0	0	0	0	0	0	0	0	0	0	0	0	0	0	
0	0	48	0	0	0	0	0	0	0	0	0	48	0	48	0	0	0	0	0	0	0	0	0	0	0	0	0	0	0	0	0	0	0	0	0	0	0	0	0	0	0	0	0	0	0	0	0	0	0	0	0	0	0	0	0	48	0	0	0	0	0	0	0	0	0	0	0	0	0	0	0	0	0	0	0	0	0	0	0	
0	0	0	0	0	0	0	0	0	48	0	0	0	0	0	0	0	0	0	0	0	0	0	0	0	0	0	0	0	0	0	0	0	0	0	0	0	0	48	0	0	0	0	0	0	48	0	0	0	0	0	0	0	0	0	48	0	0	0	0	0	0	0	0	0	0	0	0	0	0	0	0	0	0	0	0	0	0	0	0	
0	48	0	0	0	48	0	0	0	0	0	0	0	0	0	0	0	0	0	0	0	0	0	0	0	0	0	0	0	0	0	0	0	0	0	0	48	0	0	0	48	0	0	0	0	0	0	0	0	0	0	0	0	0	0	0	0	0	0	0	0	0	0	0	0	0	0	0	0	0	0	0	0	0	0	0	0	0	0	0	
0	0	0	0	0	0	0	48	0	0	0	0	0	0	0	0	0	0	0	0	0	0	0	0	0	0	0	0	0	0	0	0	0	0	0	0	0	0	0	0	0	48	0	0	0	48	0	0	0	0	0	0	0	0	0	0	0	0	0	0	0	0	48	0	0	0	0	0	0	0	0	0	0	0	0	0	0	0	0	0	
0	0	0	0	0	0	0	0	0	0	0	0	0	0	0	0	48	0	0	0	0	0	0	0	0	0	0	0	0	0	0	0	0	0	0	0	0	0	0	48	0	0	0	0	0	0	0	0	0	0	0	0	0	0	0	0	0	0	0	0	48	0	0	0	0	0	0	0	0	0	0	0	0	0	48	0	0	0	0	0	
0	0	0	0	0	0	0	0	0	0	0	0	0	0	0	0	0	0	0	0	0	0	0	0	48	0	0	0	0	0	0	0	0	0	0	0	0	0	0	0	0	0	0	0	0	0	48	0	0	0	0	0	0	0	0	0	0	0	0	0	0	0	0	0	0	0	48	0	0	48	0	0	0	0	0	0	0	0	0	0	
0	0	0	48	0	0	48	0	0	0	0	0	0	0	0	0	0	0	0	0	0	0	0	0	0	0	0	0	0	0	0	0	0	0	0	0	0	0	0	0	0	0	0	0	0	0	0	0	0	0	0	0	0	0	0	0	48	0	0	0	0	0	0	0	0	0	0	48	0	0	0	0	0	0	0	0	0	0	0	0	
0	0	0	0	0	0	0	0	0	0	0	0	0	0	0	0	0	0	48	0	0	0	0	0	0	0	48	0	0	0	0	0	0	0	0	0	0	0	0	0	0	0	0	0	48	0	0	0	0	0	0	0	0	48	0	0	0	0	0	0	0	0	0	0	0	0	0	0	0	0	0	0	0	0	0	0	0	0	0	0	
0	0	48	0	0	0	48	0	0	0	0	0	0	0	0	0	0	0	0	0	0	0	0	0	0	0	0	0	0	0	0	0	0	0	0	0	0	0	0	0	0	0	0	0	0	0	0	0	0	0	0	0	0	0	0	0	48	0	0	0	0	0	0	0	0	0	0	48	0	0	0	0	0	0	0	0	0	0	0	0	
0	0	0	0	0	0	0	0	0	0	0	0	0	0	0	0	0	48	0	0	0	0	0	0	0	0	0	48	0	0	0	0	0	0	0	0	0	0	0	0	0	0	0	0	0	0	0	0	0	0	0	0	48	0	0	0	0	0	0	0	0	0	0	0	0	0	0	0	0	0	0	0	0	0	0	48	0	0	0	0	
0	0	0	0	0	0	0	0	0	0	48	0	0	0	0	0	0	0	0	48	0	0	0	0	0	0	0	0	0	0	0	0	0	0	0	0	0	0	0	0	48	0	0	0	0	0	0	0	0	48	0	0	0	0	0	0	0	0	0	0	0	0	0	0	0	0	0	0	0	0	0	0	0	0	0	0	0	0	0	0	
0	0	0	0	0	0	0	0	0	0	0	0	0	0	0	48	0	0	0	0	0	0	0	0	0	0	0	48	0	48	0	0	0	0	0	0	0	0	0	0	0	0	0	0	0	0	0	0	0	0	0	0	0	0	0	0	0	0	0	0	0	0	0	0	0	0	0	0	0	0	0	0	0	0	0	48	0	0	0	0	
0	0	0	0	0	0	0	0	0	0	0	0	0	48	0	0	0	0	0	0	48	0	0	0	0	0	0	0	0	0	0	0	0	0	0	0	0	0	0	0	0	0	0	0	48	0	0	0	0	0	0	0	0	48	0	0	0	0	0	0	0	0	0	0	0	0	0	0	0	0	0	0	0	0	0	0	0	0	0	0	
0	0	0	0	0	0	0	0	0	0	0	0	0	0	0	0	48	0	0	0	0	0	0	0	0	0	0	0	48	0	0	0	0	0	0	0	0	0	0	48	0	0	0	0	0	0	0	0	0	0	0	0	0	0	0	0	0	0	0	0	0	0	0	0	0	0	0	0	0	0	0	0	0	0	0	0	0	0	0	48	
0	0	0	0	0	0	0	0	0	0	0	0	0	0	0	0	0	0	48	0	0	0	0	0	0	0	48	0	0	0	0	0	0	0	0	0	0	0	0	0	0	0	0	0	0	0	0	0	0	0	48	0	0	48	0	0	0	0	0	0	0	0	0	0	0	0	0	0	0	0	0	0	0	0	0	0	0	0	0	0	
0	0	0	0	0	0	0	0	0	0	0	0	0	0	0	0	0	0	0	0	0	0	0	0	0	0	0	0	0	0	0	0	48	0	0	0	0	0	0	0	0	0	0	0	0	0	48	0	0	0	0	0	0	0	0	0	0	0	0	0	0	0	0	0	0	0	48	0	48	0	0	0	0	0	0	0	0	0	0	0	
0	0	0	0	0	0	0	0	0	0	0	0	0	0	0	0	0	0	0	0	0	0	0	0	0	0	0	0	0	0	0	0	48	0	0	48	0	0	0	0	0	0	0	0	0	0	0	0	0	0	0	0	0	0	0	0	0	0	0	0	0	0	0	0	0	48	0	0	0	0	0	48	0	0	0	0	0	0	0	0	
0	0	0	0	0	0	0	0	0	0	0	0	0	0	0	0	0	0	0	0	0	0	0	0	0	0	0	0	0	0	0	0	0	0	0	0	48	0	0	0	0	0	0	48	0	0	0	0	48	0	0	0	0	0	0	0	0	0	0	0	0	0	0	0	0	0	0	0	0	0	0	0	0	48	0	0	0	0	0	0	
0	0	0	0	0	0	0	0	0	0	0	48	0	0	0	0	0	0	0	0	0	0	0	0	0	0	0	0	0	0	0	0	0	0	48	0	0	0	0	0	0	0	0	0	0	0	48	0	0	0	0	0	0	0	0	0	0	0	0	0	0	0	0	0	0	0	48	0	0	0	0	0	0	0	0	0	0	0	0	0	
0	0	0	0	0	0	0	0	0	0	0	0	0	0	0	0	0	0	0	0	0	0	0	0	0	0	0	0	0	0	0	0	0	0	0	48	0	0	48	0	0	0	0	0	0	0	0	0	0	0	0	0	0	0	0	0	0	0	0	0	0	0	0	0	48	48	0	0	0	0	0	0	0	0	0	0	0	0	0	0	
0	0	0	0	48	0	0	0	0	0	0	0	0	48	0	0	0	0	0	0	48	0	0	0	0	0	0	0	0	0	0	0	0	0	0	0	0	0	0	0	0	0	0	0	0	0	0	0	0	0	0	0	0	48	0	0	0	0	0	0	0	0	0	0	0	0	0	0	0	0	0	0	0	0	0	0	0	0	0	0	
0	0	0	0	0	0	0	0	0	0	0	0	0	0	0	48	0	48	0	0	0	0	0	0	0	0	0	0	0	48	0	0	0	0	0	0	0	0	0	0	0	0	0	0	0	0	0	0	0	0	0	0	0	0	0	0	0	0	0	0	0	0	0	0	0	0	0	0	0	0	0	0	0	0	0	48	0	0	0	0	
0	0	0	0	0	0	0	0	0	0	0	0	0	0	0	0	0	0	0	48	0	0	0	0	0	0	0	0	0	0	0	0	0	0	0	0	0	0	0	48	0	0	0	0	48	0	0	0	0	0	0	0	0	0	0	0	0	0	0	0	48	0	0	0	0	0	0	0	0	0	0	0	0	0	0	0	0	0	0	0	
0	0	0	0	0	0	0	0	0	0	0	0	0	0	0	0	0	48	0	0	0	0	0	0	0	0	0	48	0	0	0	0	0	0	0	0	0	48	0	0	0	0	0	0	0	0	0	0	0	0	0	0	0	0	0	0	0	0	0	0	0	0	0	0	0	0	0	48	0	0	0	0	0	0	0	0	0	0	0	0	
48	0	0	0	0	0	0	0	0	0	0	0	0	0	0	0	0	0	0	0	0	0	0	0	0	0	0	0	0	0	0	0	0	0	0	0	0	0	48	0	0	0	0	0	0	0	0	0	0	0	0	0	0	0	0	0	0	0	0	0	0	48	0	0	0	0	0	0	0	0	0	0	48	0	0	0	0	0	0	0	
0	0	0	0	48	0	0	0	0	0	0	0	0	0	0	0	0	0	0	0	0	0	0	0	0	0	0	0	0	0	0	0	0	0	0	0	0	0	0	0	0	0	48	0	48	0	0	0	0	0	48	0	0	0	0	0	0	0	0	0	0	0	0	0	0	0	0	0	0	0	0	0	0	0	0	0	0	0	0	0	
0	0	0	0	0	0	0	0	0	0	0	0	0	0	0	0	0	0	0	0	0	48	48	0	0	0	0	0	0	0	0	0	0	0	0	0	0	0	0	0	0	0	0	0	0	0	0	0	0	0	0	0	0	0	0	0	0	0	0	0	0	0	0	0	48	48	0	0	0	0	0	0	0	0	0	0	0	0	0	0	
48	0	0	0	0	0	0	0	0	0	0	0	0	0	0	0	0	0	0	0	0	0	0	0	0	0	0	0	0	0	0	0	0	0	0	0	0	0	0	0	0	0	0	0	0	0	0	0	0	0	0	48	0	0	0	0	0	0	0	0	0	0	0	0	0	0	0	0	0	0	48	0	0	0	0	0	0	48	0	0	
0	0	0	0	0	0	0	0	0	0	0	0	0	0	0	0	0	0	0	0	0	0	0	0	48	0	0	0	0	0	0	0	0	0	0	0	0	0	0	0	0	48	0	0	0	0	0	0	0	0	0	0	0	0	0	0	0	0	0	0	0	0	48	0	0	0	48	0	0	0	0	0	0	0	0	0	0	0	0	0	
0	0	0	0	0	0	0	0	0	0	0	0	0	0	0	0	0	0	0	0	0	0	48	0	0	48	0	0	0	0	0	0	0	0	0	0	0	0	0	0	0	0	0	0	0	0	0	0	0	0	0	0	0	0	0	0	0	0	0	0	0	0	0	0	0	48	0	0	0	0	0	48	0	0	0	0	0	0	0	0	
0	0	0	0	0	0	0	0	48	0	0	0	0	0	0	0	0	0	0	0	0	0	0	48	0	0	0	0	0	0	0	0	0	0	0	0	0	0	0	0	0	0	0	48	0	0	0	0	0	0	0	0	0	0	0	0	0	0	0	0	0	0	0	0	0	0	0	0	0	0	0	0	0	48	0	0	0	0	0	0	
0	0	0	0	0	0	0	0	0	0	0	0	0	0	0	0	0	0	0	0	0	0	0	0	0	0	0	0	0	48	0	0	0	0	0	0	0	0	0	0	0	0	0	0	0	0	0	0	0	48	0	0	0	0	0	0	0	0	0	0	0	0	0	0	0	0	0	0	0	0	0	0	0	0	0	0	0	0	48	48	
0	0	0	0	0	0	0	48	0	0	0	0	0	0	0	0	0	0	0	0	0	0	0	0	0	48	0	0	0	0	48	0	0	0	0	0	0	0	0	0	0	0	0	0	0	0	0	0	0	0	0	0	0	0	0	0	0	0	0	0	0	0	0	0	0	0	0	0	0	0	0	0	48	0	0	0	0	0	0	0	
0	0	0	0	0	0	0	0	0	0	48	0	0	0	0	0	0	0	0	48	0	0	0	0	0	0	0	0	48	0	0	0	0	0	0	0	0	0	0	0	0	0	0	0	0	0	0	0	0	0	0	0	0	0	0	0	0	0	0	0	48	0	0	0	0	0	0	0	0	0	0	0	0	0	0	0	0	0	0	0	
0	48	0	0	0	48	0	0	48	0	0	0	0	0	0	0	48	0	0	0	0	0	0	0	0	0	0	0	0	0	0	0	0	0	0	0	0	0	0	0	0	0	0	0	0	0	0	0	0	0	0	0	0	0	0	0	0	0	0	0	0	0	0	0	0	0	0	0	0	0	0	0	0	0	0	0	0	0	0	0	
0	0	0	0	0	0	0	0	0	48	0	0	0	0	0	0	0	0	0	0	0	0	0	0	0	0	0	0	0	0	0	0	0	0	48	0	0	0	0	0	0	0	0	0	0	0	0	0	0	0	0	0	0	0	0	0	0	0	0	0	0	0	48	0	48	0	0	0	0	0	0	0	0	0	0	0	0	0	0	0	
0	0	0	0	48	0	0	0	0	0	0	0	0	0	0	0	0	0	0	0	0	0	0	0	0	0	0	0	0	0	0	48	0	0	0	0	0	0	0	0	0	0	0	0	0	0	0	0	48	0	48	0	0	0	0	0	0	0	0	0	0	0	0	0	0	0	0	0	0	0	0	0	0	0	0	0	0	0	0	0	
0	0	0	0	0	48	0	0	0	0	0	0	0	0	0	0	0	0	0	0	0	0	0	48	0	0	0	0	0	0	0	0	0	0	0	0	48	0	0	0	0	0	0	0	0	0	0	0	0	0	0	0	0	0	0	0	0	0	0	0	0	0	0	0	0	0	0	0	0	0	0	0	0	0	48	0	0	0	0	0	
0	0	0	0	0	0	0	0	0	0	0	0	0	48	0	0	0	0	48	0	0	0	0	0	0	0	0	0	48	0	0	48	0	0	0	0	0	0	0	0	0	0	0	0	0	0	0	0	0	0	0	0	0	0	0	0	0	0	0	0	0	0	0	0	0	0	0	0	0	0	0	0	0	0	0	0	0	0	0	0	
0	0	0	0	0	0	0	48	0	48	0	0	0	0	0	0	0	0	0	0	0	0	0	0	0	0	0	0	0	0	0	0	0	0	0	0	0	0	0	0	0	0	0	0	0	0	0	0	0	0	0	0	0	0	0	48	0	0	0	0	0	0	0	0	0	0	0	0	0	0	0	0	0	0	0	0	0	0	0	48	
0	0	0	0	0	0	0	0	0	0	0	48	0	0	0	0	0	0	0	0	0	48	0	0	48	0	0	0	0	0	0	0	0	0	0	0	0	0	0	0	0	0	0	0	0	0	0	0	0	0	0	0	0	0	0	0	0	0	0	0	0	0	0	0	48	0	0	0	0	0	0	0	0	0	0	0	0	0	0	0	
0	0	0	0	0	0	0	0	0	0	0	0	0	0	0	0	0	0	0	0	0	0	0	0	0	0	0	0	0	0	0	0	0	0	0	0	0	0	0	0	0	0	0	0	0	0	0	0	0	0	0	48	48	0	0	0	0	0	0	48	0	0	0	0	0	0	0	0	0	0	0	0	0	0	0	48	0	0	0	0	
0	0	0	0	0	0	0	0	0	0	0	0	0	0	0	0	0	0	0	0	0	0	0	48	0	0	0	0	0	0	0	0	0	0	0	0	0	0	0	0	0	0	48	0	0	0	0	0	0	0	0	0	0	0	0	0	0	0	0	0	0	0	0	0	0	0	0	0	0	0	0	0	0	48	48	0	0	0	0	0	
0	48	0	0	0	0	0	0	0	0	0	0	0	0	0	0	48	0	0	0	0	0	0	0	0	0	0	0	0	0	0	0	0	0	0	0	0	48	0	0	0	0	0	0	0	0	0	0	0	0	0	0	0	0	0	0	0	0	0	0	48	0	0	0	0	0	0	0	0	0	0	0	0	0	0	0	0	0	0	0	
0	0	0	0	48	0	0	0	0	0	0	0	0	0	0	0	0	0	0	0	48	0	0	0	0	0	0	0	0	0	0	48	0	0	0	0	0	0	0	0	0	0	48	0	0	0	0	0	0	0	0	0	0	0	0	0	0	0	0	0	0	0	0	0	0	0	0	0	0	0	0	0	0	0	0	0	0	0	0	0	
0	0	0	0	0	0	0	0	0	0	0	0	0	0	0	0	0	0	0	0	0	0	0	0	0	0	0	0	0	0	0	0	0	48	0	0	0	0	0	0	0	0	0	0	0	0	0	48	0	0	0	0	0	0	0	0	0	0	0	0	0	0	0	48	0	0	0	0	0	0	0	0	0	0	0	0	48	0	0	0	
0	0	48	0	0	0	0	0	0	0	0	0	0	0	0	48	0	0	0	0	0	0	0	0	0	0	0	0	0	0	0	0	0	0	0	0	0	0	0	0	0	0	0	0	0	0	0	48	0	0	0	0	0	0	0	0	0	0	0	48	0	0	0	0	0	0	0	0	0	0	0	0	0	0	0	0	0	0	0	0	
0	0	0	0	0	0	0	0	0	0	0	0	0	48	0	0	0	0	48	0	48	0	0	0	0	0	48	0	0	0	0	0	0	0	0	0	0	0	0	0	0	0	0	0	0	0	0	0	0	0	0	0	0	0	0	0	0	0	0	0	0	0	0	0	0	0	0	0	0	0	0	0	0	0	0	0	0	0	0	0	
0	0	0	0	0	0	0	0	0	0	0	0	0	0	0	0	0	0	0	0	0	0	0	0	0	0	0	0	0	0	0	0	0	0	0	0	0	0	0	0	0	0	0	0	0	0	0	0	0	0	0	0	0	0	0	0	0	48	48	48	0	0	0	0	0	0	0	0	0	0	0	0	0	48	0	0	0	0	0	0	
0	0	0	0	0	0	0	48	0	0	0	0	0	0	0	0	0	0	0	0	0	0	0	0	0	0	0	0	0	0	0	0	0	0	0	0	0	0	0	0	0	0	0	0	0	48	0	0	0	0	0	0	0	0	0	0	0	0	0	0	0	0	0	0	0	0	0	0	0	0	0	0	0	0	0	0	0	0	48	48	
0	0	0	48	0	0	48	0	0	0	0	0	48	0	48	0	0	0	0	0	0	0	0	0	0	0	0	0	0	0	0	0	0	0	0	0	0	0	0	0	0	0	0	0	0	0	0	0	0	0	0	0	0	0	0	0	0	0	0	0	0	0	0	0	0	0	0	0	0	0	0	0	0	0	0	0	0	0	0	0	
0	0	0	0	0	0	0	0	0	0	0	0	0	0	0	0	0	0	0	0	0	0	0	0	0	0	0	0	0	0	0	0	0	0	0	0	0	0	0	0	0	0	0	0	0	0	0	0	0	0	0	0	0	0	48	0	0	0	0	0	0	0	0	48	0	0	0	0	0	0	0	0	0	0	0	0	48	0	48	0	
0	0	0	48	0	0	0	0	0	0	0	0	0	0	0	0	0	0	0	0	0	0	0	0	0	0	0	0	0	0	0	0	0	0	0	0	0	0	0	0	0	0	0	0	0	0	0	0	0	0	0	0	0	0	48	0	0	0	0	0	0	0	0	0	0	0	0	0	0	0	0	0	0	0	48	0	0	0	48	0	
0	0	48	0	0	0	0	0	0	0	0	0	0	0	0	0	0	0	0	0	0	0	0	0	0	0	0	0	0	0	0	0	0	0	0	0	0	0	0	0	0	0	0	0	0	0	0	48	0	0	0	0	48	0	48	0	0	0	0	0	0	0	0	0	0	0	0	0	0	0	0	0	0	0	0	0	0	0	0	0	
0	0	0	0	0	0	0	0	0	0	48	0	0	0	0	0	0	0	0	0	0	0	0	0	0	0	0	0	48	0	0	0	0	0	0	0	0	0	0	48	0	0	0	0	0	0	0	0	0	48	0	0	0	0	0	0	0	0	0	0	0	0	0	0	0	0	0	0	0	0	0	0	0	0	0	0	0	0	0	0	
48	0	0	0	0	0	0	0	0	0	0	0	0	0	0	0	0	0	0	0	0	0	0	0	0	0	0	0	0	0	48	0	0	0	0	0	0	0	0	0	0	0	0	0	0	0	0	0	0	0	0	0	0	0	0	0	0	0	0	0	0	0	0	0	0	0	0	0	0	0	0	0	48	0	0	0	48	0	0	0	
0	0	0	0	0	0	0	0	0	48	0	0	0	0	0	0	0	0	0	0	0	0	0	0	0	0	0	0	0	0	0	0	0	0	48	0	0	0	0	0	0	48	0	0	0	0	0	0	0	0	0	0	0	0	0	0	0	0	0	0	0	0	0	0	0	0	0	0	0	0	0	48	0	0	0	0	0	0	0	0	
0	0	0	0	0	0	0	0	0	0	0	0	0	0	0	0	0	0	0	0	0	0	0	0	0	0	0	0	0	0	0	0	0	0	0	0	0	0	0	0	0	0	0	0	0	0	0	0	0	0	0	48	0	0	0	0	0	48	0	0	0	0	0	0	0	0	0	0	0	0	0	0	0	0	0	0	48	48	0	0	
0	0	0	0	0	0	0	0	0	0	0	0	0	0	0	0	0	0	0	0	0	0	0	0	0	48	0	0	0	0	0	0	48	0	0	0	0	0	0	0	0	48	0	0	0	0	48	0	0	0	0	0	0	0	0	0	0	0	0	0	0	0	0	0	0	0	0	0	0	0	0	0	0	0	0	0	0	0	0	0	
0	0	0	0	0	0	0	0	0	0	0	0	0	0	0	0	0	0	0	0	0	0	48	0	0	48	0	0	0	0	0	0	48	0	0	48	0	0	0	0	0	0	0	0	0	0	0	0	0	0	0	0	0	0	0	0	0	0	0	0	0	0	0	0	0	0	0	0	0	0	0	0	0	0	0	0	0	0	0	0	
0	0	0	0	0	0	0	0	0	0	0	48	0	0	0	0	0	0	0	0	0	48	0	0	48	0	0	0	0	0	0	0	0	0	48	0	0	0	0	0	0	0	0	0	0	0	0	0	0	0	0	0	0	0	0	0	0	0	0	0	0	0	0	0	0	0	0	0	0	0	0	0	0	0	0	0	0	0	0	0	
0	0	0	48	0	0	0	0	0	0	0	0	48	0	48	0	0	0	0	0	0	0	0	0	0	0	0	0	0	48	0	0	0	0	0	0	0	0	0	0	0	0	0	0	0	0	0	0	0	0	0	0	0	0	0	0	0	0	0	0	0	0	0	0	0	0	0	0	0	0	0	0	0	0	0	0	0	0	0	0	
0	0	0	0	0	0	0	0	0	0	0	0	0	0	0	0	0	0	0	0	0	48	0	0	0	0	0	0	0	0	0	0	0	0	0	0	0	0	0	0	0	0	0	0	0	0	0	0	0	0	0	0	0	0	0	0	0	0	0	0	0	0	0	0	0	0	0	0	0	48	0	48	48	0	0	0	0	0	0	0	
0	0	0	0	0	0	0	0	0	0	0	48	0	0	0	0	0	0	0	0	0	0	0	0	0	0	0	0	0	0	0	0	0	0	0	0	0	0	0	0	0	0	0	0	0	0	0	0	0	0	0	0	0	0	0	0	0	0	0	0	0	0	0	0	0	0	0	0	48	0	48	0	0	0	0	0	0	48	0	0	
0	0	0	0	0	0	0	0	0	0	0	0	0	0	0	0	0	0	0	0	0	0	0	0	0	0	0	0	0	0	0	0	0	48	0	0	0	0	0	0	0	0	0	0	0	0	0	0	0	0	0	0	0	0	0	0	0	0	0	0	0	0	0	0	0	0	0	0	0	48	0	0	0	0	0	0	0	0	0	0	
0	0	0	0	0	0	0	0	0	0	0	0	0	0	0	0	0	0	0	0	0	0	48	0	0	0	0	0	0	0	0	0	0	0	0	48	0	0	0	0	0	0	0	0	0	0	0	0	0	0	0	0	0	0	0	0	0	0	0	0	0	0	48	0	0	0	0	0	48	0	0	0	0	0	0	0	0	0	0	0	
0	0	0	0	0	0	0	0	0	0	0	0	0	0	0	0	0	0	0	0	0	0	0	0	0	0	0	0	0	0	48	0	0	0	0	0	0	0	48	0	0	0	0	0	0	0	0	0	0	0	0	0	0	0	0	0	0	0	0	0	0	48	0	0	0	0	0	0	48	0	0	0	0	0	0	0	0	0	0	0	
0	0	0	0	0	0	0	0	0	0	0	0	0	0	0	0	0	0	0	0	0	0	0	48	0	0	0	0	0	0	0	0	0	0	0	0	48	0	0	0	0	0	0	0	0	0	0	0	48	0	0	0	0	0	48	0	0	0	0	0	0	0	0	0	0	0	0	0	0	0	0	0	0	0	0	0	0	0	0	0	
0	0	0	0	0	0	0	0	0	0	48	0	0	0	0	0	0	0	0	0	0	0	0	0	0	0	0	0	0	0	0	0	0	0	0	0	0	0	0	0	0	0	0	48	0	0	0	0	48	0	0	0	0	0	0	0	0	0	48	0	0	0	0	0	0	0	0	0	0	0	0	0	0	0	0	0	0	0	0	0	
0	0	0	0	0	0	0	0	0	0	0	0	0	0	0	48	0	48	0	0	0	0	0	0	0	0	0	48	0	0	0	0	0	0	0	0	0	0	0	0	0	0	0	0	0	0	0	48	0	0	0	0	0	0	0	0	0	0	0	0	0	0	0	0	0	0	0	0	0	0	0	0	0	0	0	0	0	0	0	0	
0	0	0	0	0	0	0	0	0	0	0	0	0	0	0	0	0	0	0	0	0	0	0	0	0	0	0	0	0	0	0	0	0	0	0	0	0	0	0	0	0	0	0	0	0	0	0	0	0	0	0	48	0	0	0	0	0	48	0	0	0	48	0	48	0	0	0	0	0	0	0	0	0	0	0	0	0	0	0	0	
48	0	0	0	0	0	0	0	0	0	0	0	0	0	0	0	0	0	0	0	0	0	0	0	0	0	0	0	0	0	0	0	0	48	0	0	0	0	0	0	0	0	0	0	0	0	0	0	0	0	0	0	0	0	0	0	0	0	0	0	0	0	0	48	0	0	0	0	0	48	0	0	0	0	0	0	0	0	0	0	
0	0	0	0	0	0	0	0	0	0	0	0	0	0	0	0	0	0	0	0	0	0	0	0	0	0	0	0	0	0	0	0	0	0	0	0	0	48	0	0	0	0	0	0	0	0	0	0	0	0	0	0	0	0	0	48	0	48	48	0	0	0	0	0	0	0	0	0	0	0	0	0	0	0	0	0	0	0	0	0	
0	0	0	0	0	0	0	0	0	0	0	0	0	0	0	0	0	0	0	48	0	0	0	0	0	0	0	0	0	0	0	0	0	0	0	0	0	48	0	0	0	0	0	0	0	48	0	0	0	0	0	0	0	0	0	48	0	0	0	0	0	0	0	0	0	0	0	0	0	0	0	0	0	0	0	0	0	0	0	0	
38	30	52	21	69	66	22	49	38	20	9	50	54	51	72	54	1	59	66	41	21	25	36	40	31	41	41	33	43	26	32	65	23	24	53	52	17	32	69	40	35	46	30	57	29	49	28	53	74	69	28	56	40	55	43	64	68	20	55	73	59	57	60	1	41	35	55	20	77	31	22	16	34	58	4	33	69	16	23	1	10	17	9	64	46	16	22	41	18	23	70	7	60	29	2	32	8	28	3	15	61	45	19	61	69	25	74	66	25	41	1	23	49	70	17	70	39	9	35	7	68	43	33	68	49	53	2	21	54	32	33	36	61	36	22	41	47	28	11	61	52	32	7	74	6	24	37	73	62	47	61	34	52	60	72	62	66	26	47	55	65	48	76	53	74	73	7	66	5	12	25	70	12	3	43	59	55	71	6	9	1	66	52	41	65	11	13	21	48	44	58	6	57	14	20	36	35	26	52	40	72	41	20	76	49	36	60	56	54	68	21	38	1	65	8	46	74	70	62	57	60	27	65	17	46	8	57	63	10	72	79	27	72	19	76	78	18	17	57	2	17	61	16	64	78	62	41	47	33	62	45	75	20	23	37	26	48	0	58	39	45	51	6	59	21	58	33	46	17	76	68	10	42	51	56	22	8	56	23	62	21	52	56	57	10	0	38	0	47	69	73	29	78	12	58	8	16	61	51	59	61	19	11	45	62	13	22	11	23	15	26	50	65	7	40	46	2	64	51	11	38	5	15	11	49	44	61	54	11	22	76	27	45	79	15	31	54	6	62	0	21	6	46	32	21	57	46	57	1	71	0	71	2	10	9	59	76	7	78	6	37	61	33	19	31	25	36	67	46	72	30	50	25	33	24	9	72	47	26	33	40	78	45	47	39	73	63	48	18	29	34	12	78	69	8	7	35	65	76	49	74	1	31	44	44	49	16	34	27	51	72	58	34	7	22	67	75	28	4	25	35	49	39	68	68	44	4	1	27	23	77	27	7	12	74	15	14	49	53	22	61	41	46	59	44	62	64	40	36	69	61	9	7	49	13	11	71	70	2	1	55	64	0	71	18	68	70	29	60	21	28	54	39	62	38	73	54	32	26	41	17	74	62	35	43	24	68	0	59	5	5	40	59	43	58	21	62	72	5	59	55	38	20	61	77	13	64	12	20	61	8	2	8	49	2	28	7	51	42	14	35	17	29	35	3	43	14	3	60	39	34	48	27	5	56	21	52	56	71	25	31	54	11	23	17	79	13	25	33	3	74	9	77	39	55	71	44	79	30	60	47	44	11	67	37	19	47	11	22	55	24	4	42	65	47	28	48	73	75	48	69	5	51	35	27	4	5	49	38	1	31	18	53	15	26	24	30	77	50	10	24	17	38	17	39	73	47	58	77	49	76	29	24	46	18	55	30	62	65	17	59	17	78	55	21	74	48	7	1	48	5	8	74	13	76	56	75	71	61	45	24	79	19	5	57	71	43	0	72	3	61	31	3	7	27	5	29	48	26	22	74	24	7	21	31	26	66	8	77	4	29	3	3	49	75	12	17	3	63	28	64	27	1	41	3	53	0	46	31	4	13	44	12	4	60	16	2	37	55	78	32	14	8	69	35	43	71	65	30	11	22	17	34	5	63	17	71	12	23	65	50	39	32	48	35	67	78	38	39	5	4	39	28	72	9	76	16	27	75	63	1	65	77	33	12	29	31	72	34	66	20	24	8	17	71	65	5	21	8	42	78	43	46	4	46	56	26	56	68	11	56	14	33	26	3	54	30	65	5	13	77	5	47	24	50	72	19	20	47	6	27	22	59	48	3	30	69	66	20	64	16	45	8	36	17	16	9	16	54	12	16	31	59	39	66	17	25	32	76	75	35	23	33	12	1	69	74	33	59	36	68	20	16	6	21	21	13	78	7	21	18	53	17	67	56	26	63	52	74	3	72	8	56	19	11	4	64	54	59	55	53	20	26	73	25	63	46	62	47	34	54	20	43	32	40	53	65	61	46	41	19	71	40	74	66	13	4	12	4	17	27	46	16	5	14	37	72	73	5	55	7	22	6	70	33	53	65	34	24	50	62	51	35	77	19	7	72	31	7	18	7	48	71	76	67	10	79	1	33	10	54	51	68	10	52	48	43	22	63	60	43	20	63	41	59	28	10	68	44	42	17	13	24	74	70	55	38	45	75	51	65	62	32	29	52	25	13	4	70	18	4	64	55	23	75	61	63	63	11	22	76	18	78	70	29	36	57	13	11	38	50	6	32	57	58	0	45	47	68	25	71	58	76	43	30	62	21	53	53	64	19	41	65	12	29	19	38	25	76	10	28	27	66	33	29	42	27	9	31	45	22	69	74	25	52	17	52	19	12	25	33	75	15	16	78	43	74	57	49	43	38	70	78	49	34	7	6	78	43	70	4	78	65	38	4	53	7	4	64	71	14	54	72	55	14	31	37	20	26	74	73	10	9	35	51	42	13	22	37	37	64	61	51	17	23	14	22	15	20	11	72	25	45	0	52	77	70	78	8	75	15	51	61	75	66	24	12	55	64	38	32	25	14	22	2	79	43	21	57	19	21	49	60	59	16	77	45	66	17	49	35	72	3	48	34	47	45	44	42	55	9	33	45	15	30	41	74	57	18	26	11	63	58	44	55	31	36	17	17	44	17	40	54	35	36	44	32	1	9	78	65	52	30	52	59	30	49	47	23	58	20	63	20	19	53	16	5	18	36	68	67	54	68	61	73	36	73	55	33	53	27	64	52	48	60	48	73	15	49	27	23	49	55	62	1	46	79	67	74	25	66	0	76	26	42	59	37	38	56	2	55	62	12	29	50	25	48	11	58	51	1	68	62	34	15	73	41	4	46	25	57	51	6	50	17	42	25	73	38	74	13	20	79	2	71	14	9	9	28	70	70	77	9	59	39	43	25	33	22	15	56	70	11	49	76	5	36	39	11	59	26	53	62	26	49	1	60	45	14	22	37	77	68	39	24	70	48	0	69	29	61	68	66	16	10	18	21	41	45	48	76	39	40	60	55	71	63	35	63	47	20	23	38	58	41	18	59	62	22	26	3	17	59	38	24	46	42	1	4	51	79	69	21	65	69	43	59	1	65	63	26	56	40	17	33	28	27	7	53	29	48	73	13	33	61	52	31	41	27	56	8	51	1	15	5	38	40	32	15	35	31	8	10	22	35	73	5	50	70	20	31	74	11	42	55	65	52	19	55	18	68	73	18	12	48	31	59	31	31	33	12	25	78	59	68	71	28	0	63	16	19	50	2	1	76	39	32	67	67	39	3	1	65	51	56	76	71	26	14	8	10	29	45	39	47	12	60	8	19	35	72	8	59	66	9	0	38	7	57	75	28	72	34	60	10	40	78	67	34	48	15	23	55	72	49	73	52	64	28	76	38	58	37	11	12	58	45	60	17	72	24	69	53	50	11	3	59	76	38	15	49	68	3	35	67	39	57	25	40	16	48	22	15	14	12	63	70	3	76	5	48	16	17	44	14	77	6	15	1	50	40	18	4	49	78	4	22	60	41	39	8	36	1	52	74	11	0	21	31	70	10	31	11	66	49	62	7	63	43	22	69	62	5	23	27	34	61	71	25	76	34	62	60	30	77	46	71	76	43	5	14	38	25	68	9	21	0	59	19	41	15	32	75	20	39	75	35	27	1	17	35	73	30	78	77	16	74	26	67	61	58	11	58	20	35	32	49	5	47	38	1	36	20	58	7	3	49	23	22	56	74	13	27	38	76	41	77	32	36	58	39	30	46	15	38	38	8	36	2	1	35	72	72	25	33	8	31	61	62	9	63	30	44	53	4	26	65	31	46	26	51	12	41	44	56	10	29	25	28	11	11	59	20	72	68	51	23	39	25	70	43	65	19	12	65	43	63	25	64	2	22	33	26	5	78	70	11	39	24	32	78	13	11	44	32	11	13	55	24	72	6	48	36	32	75	66	62	28	18	32	32	31	41	49	31	4	45	66	1	69	6	54	60	19	4	7	52	34	10	69	12	64	63	20	67	53	1	12	33	22	40	33	19	26	0	0	29	20	33	24	34	44	16	11	69	67	6	43	63	1	65	28	11	33	68	50	41	1	51	28	65	20	73	30	12	40	67	7	9	12	70	9	40	73	44	27	34	41	42	73	24	43	69	10	17	42	8	19	45	53	60	70	52	29	3	11	49	75	24	44	75	68	0	10	1	12	46	66	9	50	1	25	17	44	55	20	25	23	74	23	26	53	44	39	42	40	35	71	24	32	58	79	53	52	49	19	70	77	49	19	48	0	8	36	56	7	10	20	66	40	67	3	37	23	17	71	65	25	28	35	5	65	75	6	16	31	6	5	77	39	62	51	36	53	51	64	71	79	61	10	63	49	4	19	18	7	74	27	57	26	34	32	8	50	59	74	23	57	3	59	8	1	35	40	5	64	29	42	39	59	51	43	66	41	50	45	55	65	0	66	67	75	42	72	6	72	39	50	13	35	34	46	24	0	41	76	48	9	14	0	55	45	15	30	54	36	6	59	77	61	22	37	75	8	57	32	3	18	41	67	18	31	35	60	12	51	18	7	8	45	32	36	44	9	32	64	50	77	11	15	71	13	25	37	62	64	49	17	64	49	45	43	11	44	76	27	10	40	26	8	60	53	60	59	30	60	29	49	27	14	57	57	15	3	48	74	59	75	65	54	74	69	46	29	47	3	63	65	7	44	36	10	58	78	4	64	15	78	4	63	17	16	74	34	25	79	10	42	32	58	2	57	14	35	33	58	48	37	34	60	40	32	35	24	9	20	72	25	12	36	17	10	9	66	68	73	43	63	28	36	16	29	75	79	71	58	71	31	75	43	13	15	51	72	8	67	61	51	36	13	37	27	30	78	8	59	77	65	59	28	37	30	22	70	42	30	22	17	62	78	44	59	64	48	74	72	65	50	39	29	51	19	6	66	45	4	79	39	52	46	43	42	48	32	27	39	13	76	1	62	48	16	62	50	24	22	5	54	68	17	76	40	
44	15	72	64	13	69	23	22	40	62	53	45	6	52	43	75	2	78	34	75	67	54	19	21	35	21	40	51	27	20	73	46	19	12	63	13	37	6	3	76	26	42	47	1	42	35	74	71	63	9	63	23	18	37	54	9	76	47	56	70	5	34	15	24	23	37	3	24	59	35	12	14	57	19	6	51	75	37	59	38	32	61	52	13	59	12	30	20	73	53	78	49	1	15	42	25	55	13	55	32	63	6	56	28	79	46	52	17	28	11	32	69	27	16	0	13	65	51	57	61	3	74	65	43	22	41	76	12	63	69	15	52	34	67	0	73	70	24	35	64	78	57	78	29	48	75	53	70	49	36	77	0	38	72	12	15	4	76	22	9	64	53	17	66	62	56	33	32	53	10	27	24	40	1	21	46	78	64	19	8	74	46	11	43	34	15	1	75	11	56	74	62	10	78	12	73	4	22	75	0	13	53	60	9	76	17	21	72	68	46	26	4	44	1	65	31	39	15	14	65	43	45	54	77	13	0	63	57	50	29	29	73	79	58	6	67	40	59	14	27	52	68	10	40	6	44	16	29	21	7	4	15	4	11	12	68	57	43	44	33	73	62	25	11	57	7	57	70	46	13	48	72	12	36	20	5	10	1	24	51	59	41	36	55	38	34	74	69	62	15	17	35	25	55	62	37	28	78	69	18	12	57	62	79	74	7	45	55	71	12	64	53	60	26	58	28	6	36	67	44	28	32	62	50	25	39	40	62	34	20	6	31	34	22	64	75	51	34	57	2	19	40	62	55	6	5	59	36	21	62	31	22	35	3	38	62	53	75	28	73	50	18	60	57	37	50	75	21	39	28	70	69	40	3	34	77	60	77	3	57	38	15	27	63	71	23	47	75	9	16	63	20	57	46	45	27	20	72	18	20	43	72	35	49	54	61	57	77	64	36	52	37	10	74	33	21	76	47	62	67	28	11	14	73	56	62	9	54	8	8	64	37	23	52	38	46	50	46	16	76	16	70	28	38	36	48	29	27	60	41	16	47	10	39	6	10	26	28	0	65	7	21	34	18	8	47	10	61	29	66	14	8	67	13	65	48	11	57	58	72	69	61	0	45	0	46	62	43	23	18	76	55	32	79	12	0	52	30	40	49	32	1	73	66	5	68	49	45	69	20	44	5	21	18	7	46	56	39	19	40	14	24	76	3	29	75	68	19	4	63	53	47	69	57	23	50	49	8	73	58	40	44	13	11	70	62	15	67	79	13	22	66	79	57	25	55	64	24	32	69	18	66	27	45	77	15	18	31	46	72	30	31	41	50	48	11	3	34	27	29	21	0	14	8	78	15	41	13	1	77	12	27	72	12	38	26	79	18	75	3	21	6	49	40	8	32	19	4	6	33	59	63	61	18	42	51	20	61	10	77	2	3	48	73	75	52	61	50	31	65	44	14	78	36	14	28	7	64	66	26	9	44	63	36	72	37	5	18	22	41	3	19	13	24	55	33	67	51	61	18	23	12	21	29	40	8	75	77	75	48	48	72	67	53	38	35	21	75	35	3	68	29	11	28	73	4	28	79	65	61	39	25	0	72	73	50	69	67	9	43	44	10	24	35	31	33	62	20	40	64	66	12	54	12	20	69	6	5	35	18	15	20	77	38	16	72	67	13	18	31	15	20	20	33	16	57	17	23	12	22	6	28	46	61	37	37	0	65	63	44	44	14	3	63	60	79	27	44	63	72	73	17	59	74	0	58	33	59	46	31	32	26	38	45	64	11	75	29	31	60	52	46	2	47	38	54	45	60	33	10	30	78	16	9	27	8	23	7	45	43	76	2	45	6	32	67	71	68	55	55	12	24	45	28	26	40	63	73	66	39	18	38	14	17	73	52	75	62	16	6	38	13	35	33	9	64	41	44	21	65	12	30	77	27	27	49	59	28	14	24	45	47	65	75	67	69	24	17	53	54	23	59	9	65	58	77	15	32	77	10	62	13	58	14	75	45	71	38	53	6	66	68	50	53	59	43	14	51	39	48	38	26	48	6	66	78	52	26	32	65	27	74	21	52	34	71	68	17	10	6	47	71	70	46	17	2	60	17	14	36	3	71	31	57	11	37	25	12	23	15	39	13	35	71	12	72	2	31	11	27	17	77	38	49	52	59	8	19	34	59	8	73	22	59	74	65	23	2	7	34	71	30	18	31	32	2	21	32	69	50	69	29	23	62	2	22	4	33	50	47	54	51	37	71	63	62	56	24	65	55	48	37	13	76	7	44	0	40	12	5	35	31	65	63	13	40	27	4	42	47	61	21	42	29	6	4	58	19	12	71	22	36	3	23	58	35	55	33	70	79	60	9	5	2	78	33	40	55	14	4	75	53	76	36	45	68	13	47	64	51	14	1	20	56	73	69	59	72	4	41	6	1	0	58	10	36	43	17	2	42	13	64	15	10	5	78	49	8	36	10	2	26	4	73	52	78	8	37	23	59	16	5	28	14	55	17	23	58	58	17	68	9	61	42	36	1	48	70	21	13	17	68	20	12	40	42	22	16	8	37	29	79	11	37	40	27	71	78	39	62	75	76	39	52	10	51	28	41	76	34	71	57	45	65	37	18	28	68	17	50	5	8	62	68	52	8	18	18	16	22	62	5	63	11	40	40	33	35	78	29	37	44	1	44	30	45	39	8	47	46	13	56	33	8	51	1	29	3	10	77	70	44	79	49	23	5	33	16	71	65	3	52	77	29	65	9	63	40	72	11	33	73	1	61	54	69	1	68	32	64	52	53	20	26	18	32	73	74	71	58	59	51	35	33	56	46	10	75	1	78	7	35	44	22	64	2	58	39	46	58	30	70	46	61	57	49	21	35	19	74	65	24	21	9	59	2	54	16	51	61	33	56	0	11	62	3	31	3	35	41	1	23	75	28	27	16	48	55	26	26	27	20	8	0	39	72	55	66	29	64	70	17	65	37	65	60	13	73	43	35	78	71	14	40	53	47	19	67	72	37	26	40	38	66	52	41	26	6	28	42	14	45	18	72	5	70	12	7	50	18	16	8	34	16	48	46	45	75	25	31	32	66	29	17	13	61	52	10	8	42	76	27	7	5	66	68	3	56	37	6	22	53	45	28	29	67	77	57	68	20	42	66	16	45	50	60	7	36	18	0	16	12	77	74	46	45	71	48	41	22	12	13	38	51	16	77	24	77	25	17	13	79	26	20	58	69	77	27	67	38	49	38	34	70	78	38	78	77	55	12	50	70	76	15	10	32	30	30	6	7	36	37	62	8	9	6	56	58	5	13	24	6	25	6	71	6	28	16	54	33	37	63	20	63	7	70	16	5	41	21	41	22	52	16	49	47	21	54	78	31	17	6	7	30	46	1	17	44	14	69	43	1	54	6	52	60	78	0	24	5	63	31	30	37	7	67	43	74	23	74	62	71	70	43	10	35	50	22	56	34	8	32	21	16	19	75	74	74	57	25	25	48	37	35	45	39	17	79	14	2	69	25	77	34	20	27	34	70	29	4	6	77	56	62	1	55	21	23	5	23	27	69	7	79	59	48	35	54	70	74	71	60	10	3	54	8	38	42	18	78	45	34	77	39	30	78	4	17	17	79	27	21	18	25	36	10	16	2	2	16	12	56	49	15	11	1	54	31	43	70	24	2	33	73	58	79	73	59	39	58	15	4	50	26	75	29	45	75	65	69	48	16	77	33	52	8	48	25	62	54	52	14	39	37	56	22	10	37	46	78	30	66	10	14	56	33	24	10	78	33	18	79	68	57	21	73	3	58	59	29	28	49	59	39	52	71	0	75	1	8	1	67	54	20	77	46	74	76	59	31	59	60	8	79	17	72	73	7	8	76	75	15	18	13	76	36	78	3	67	21	78	20	21	37	41	24	0	49	78	73	15	36	14	68	66	1	76	2	76	16	5	23	29	57	7	29	11	18	45	56	53	77	27	8	49	34	39	47	66	34	64	61	52	50	20	17	15	11	76	59	71	38	20	14	78	59	73	10	71	3	52	55	69	53	3	15	73	17	73	60	26	18	32	49	23	31	16	71	64	23	6	20	48	77	70	18	24	47	8	8	16	45	2	1	73	36	60	51	2	21	42	21	14	31	0	68	57	50	29	14	4	54	47	26	58	78	67	30	41	49	29	70	50	24	15	46	75	78	16	5	27	51	31	75	76	34	70	41	40	31	12	54	46	20	61	51	70	61	34	36	28	46	76	55	64	6	34	68	11	71	63	32	32	51	79	30	67	32	19	56	61	10	30	74	14	73	19	8	65	50	35	9	67	31	14	58	38	62	27	34	49	65	71	66	52	26	7	10	19	25	23	25	60	24	29	25	62	57	76	65	61	39	31	29	6	13	9	33	78	30	3	16	69	52	16	50	26	25	27	6	45	15	51	78	62	68	76	52	27	46	33	26	17	11	12	29	7	46	49	31	59	67	45	3	29	58	69	25	6	1	29	73	73	41	47	33	78	59	29	52	6	19	27	31	54	1	49	71	12	34	59	35	8	46	12	53	64	13	57	67	71	34	72	16	1	71	75	30	30	9	25	34	19	36	47	26	0	20	26	23	71	8	57	4	57	77	54	5	66	22	11	2	60	41	23	14	29	51	19	18	3	5	22	66	20	42	43	18	27	34	75	63	3	9	42	67	73	60	67	51	2	6	77	79	5	15	53	47	24	53	23	2	28	79	56	54	10	55	9	39	43	18	38	6	32	73	74	76	21	66	60	66	39	36	6	60	20	44	7	66	7	17	18	34	25	78	16	76	25	28	70	3	60	5	2	59	29	79	69	53	46	62	54	67	22	79	69	34	19	52	35	15	23	62	59	2	26	62	30	56	12	4	19	3	64	79	20	2	51	10	7	12	34	11	66	60	28	13	35	74	31	25	76	24	1	47	70	56	42	52	77	38	54	38	78	64	2	32	65	23	74	56	29	32	36	0	48	20	15	45	11	39	47	30	0	18	54	78	71	57	14	39	75	64	70	45	46	53	51	18	17	77	
13	13	3	4	17	12	9	20	9	15	9	11	3	11	2	13	12	9	4	7	12	9	20	15	5	14	15	10	12	11	19	7	5	2	11	9	14	1	18	13	8	15	16	19	7	9	18	8	17	10	17	9	15	18	10	5	5	18	6	6	17	18	3	15	7	4	20	4	17	10	12	3	20	19	7	4	16	1	1	5	17	8	12	18	5	14	12	19	18	1	7	8	19	10	5	16	15	5	16	2	17	3	1	12	13	17	8	11	19	9	11	12	10	3	10	4	18	8	11	7	4	2	18	11	5	13	1	17	3	6	1	10	5	15	2	7	17	12	2	1	1	6	17	4	8	15	17	10	9	15	15	8	15	19	15	7	5	1	2	12	15	17	7	3	2	4	4	3	15	4	5	15	11	5	17	17	11	20	17	18	20	7	15	18	19	18	4	20	10	14	12	7	16	1	17	9	8	7	12	15	5	9	13	10	2	5	1	7	11	19	6	10	9	16	17	2	9	17	11	10	8	4	15	20	11	10	9	16	3	10	8	1	9	15	10	14	10	17	15	14	16	14	9	16	18	14	16	18	19	2	10	20	18	3	15	5	10	15	18	8	15	10	9	16	6	6	20	16	15	7	5	14	5	14	8	2	1	13	16	3	10	19	2	12	2	4	8	11	14	18	3	5	16	16	8	11	3	2	18	18	10	1	5	16	7	20	2	4	19	19	2	9	11	7	14	16	6	3	11	4	2	14	4	14	10	12	3	6	6	11	12	9	8	6	15	6	7	1	15	9	16	1	13	3	4	2	4	10	4	11	9	2	14	7	2	13	5	9	10	9	3	7	9	5	3	4	2	3	9	16	13	10	6	14	15	14	14	9	9	11	12	3	7	7	15	6	13	4	12	8	12	13	3	11	14	5	15	7	10	5	14	8	8	3	13	1	12	6	14	7	14	11	12	15	15	16	12	3	12	9	1	4	10	6	10	14	11	9	4	3	3	11	15	16	6	13	6	12	7	16	9	9	14	12	9	1	4	5	1	9	11	4	12	16	12	6	11	9	3	13	7	16	4	8	3	5	7	2	16	11	1	6	14	14	7	7	15	10	11	1	6	16	6	16	10	9	6	15	3	6	9	11	4	8	8	15	12	4	10	4	1	2	6	4	12	11	2	5	12	2	5	8	12	1	11	16	7	2	3	5	12	7	7	1	11	5	8	8	2	3	7	13	13	16	8	12	8	9	12	13	16	3	6	15	15	14	2	15	15	8	10	15	14	6	15	8	1	2	2	1	11	10	15	1	8	9	10	11	6	11	8	4	4	5	16	10	12	11	3	8	4	10	5	16	2	12	3	5	11	2	13	14	4	3	4	14	7	6	10	8	8	2	6	10	11	2	8	2	5	5	15	12	10	13	12	5	7	11	2	3	12	7	7	4	1	15	12	2	15	3	1	12	5	13	9	15	2	7	8	13	16	3	14	16	8	13	13	12	14	10	10	1	13	10	8	16	15	14	7	1	12	4	7	6	11	12	4	9	7	4	12	5	15	13	12	11	16	3	9	3	10	12	3	7	14	2	7	2	5	14	9	13	1	9	9	13	13	5	11	11	14	7	14	11	16	5	6	5	13	10	1	2	13	7	12	9	14	3	9	3	13	9	14	7	5	12	4	12	15	5	1	10	7	9	3	2	4	2	10	10	6	14	15	12	2	4	2	15	11	14	5	8	5	10	2	3	12	15	3	14	12	7	11	4	8	15	4	4	11	10	8	7	3	5	14	13	3	2	9	6	4	1	3	10	9	6	2	3	2	14	7	13	4	1	12	16	1	4	1	2	1	12	14	9	14	5	12	7	7	1	14	8	15	10	4	1	5	9	16	12	8	12	11	8	1	3	10	2	5	4	5	3	16	2	6	11	12	11	3	10	10	11	14	12	4	3	12	2	5	14	7	14	1	14	3	2	12	1	12	9	7	9	4	7	4	10	14	16	6	12	11	5	8	1	9	11	4	13	2	6	7	9	12	8	11	12	11	8	14	4	3	5	2	2	7	15	5	5	1	1	6	4	14	14	9	15	16	14	2	5	2	6	1	3	16	2	15	8	4	8	2	14	2	4	15	5	8	10	6	6	4	8	2	15	2	1	3	13	1	14	8	15	16	2	7	16	1	5	14	10	2	7	6	16	15	6	7	4	2	13	13	2	6	11	12	16	11	3	15	5	6	6	14	9	10	9	2	7	11	5	16	8	10	14	3	9	15	9	11	9	5	12	13	7	5	11	6	3	1	13	16	5	5	7	9	4	3	3	5	4	12	8	10	7	15	11	7	7	9	4	2	5	1	8	11	8	16	10	3	9	13	9	16	6	5	8	11	1	12	1	10	9	14	13	15	4	14	14	5	14	1	15	5	2	16	11	3	6	16	12	11	6	4	11	1	6	12	9	11	6	8	4	15	11	2	3	1	10	14	7	9	2	16	11	7	1	5	8	8	5	5	12	8	12	15	9	9	9	10	14	3	15	6	12	8	16	8	5	6	1	2	9	11	11	9	7	8	13	14	11	16	16	4	4	13	7	2	12	14	11	10	2	6	1	14	9	3	2	15	3	7	10	3	12	14	2	16	8	14	3	7	4	7	4	6	3	12	4	6	6	2	2	11	15	10	15	6	6	7	2	2	13	14	6	15	16	14	13	5	13	9	5	3	14	13	11	10	1	7	8	11	12	15	10	10	12	3	7	13	14	3	11	11	6	2	15	8	10	12	4	11	8	12	8	4	3	7	10	10	7	3	9	6	3	12	2	9	4	4	6	8	2	5	13	9	7	14	4	15	3	16	9	7	12	5	5	3	8	3	2	10	15	13	10	8	2	3	14	8	12	1	7	2	5	11	5	10	16	11	5	13	4	11	3	16	7	7	10	13	14	15	12	15	13	12	7	16	8	4	6	8	10	10	13	8	14	7	16	15	10	6	7	13	10	12	14	5	14	1	6	8	14	6	14	7	12	11	8	11	4	14	5	2	2	2	4	7	10	5	4	7	16	4	3	13	14	5	4	11	2	4	12	10	4	13	10	12	1	3	11	9	2	6	12	6	7	16	2	1	12	13	11	14	15	1	5	9	4	1	16	5	5	6	5	1	11	14	5	14	16	7	9	15	8	8	12	4	3	10	4	4	16	1	6	14	4	1	8	7	1	14	14	1	5	11	16	8	10	13	2	11	11	4	11	10	5	2	8	14	13	14	15	15	15	9	5	8	12	6	16	5	15	13	15	9	9	7	3	10	16	9	10	15	15	7	9	4	16	6	2	16	16	8	7	7	9	5	14	15	3	1	7	15	6	6	2	13	6	15	12	2	6	5	4	16	16	10	4	8	3	1	3	10	7	5	3	7	8	2	5	14	16	4	2	13	2	12	15	7	13	1	4	16	7	16	13	11	6	9	2	15	13	15	14	9	6	1	6	9	3	14	11	13	1	5	13	3	6	16	2	10	16	11	8	6	12	16	15	16	1	9	13	1	13	2	14	10	8	1	11	12	3	11	9	7	9	15	1	7	15	4	6	13	15	7	16	16	9	15	11	2	13	3	14	13	12	1	3	1	4	14	5	15	16	10	16	13	8	12	15	3	3	16	8	10	8	12	11	15	13	15	2	12	12	9	4	12	11	10	6	13	11	9	8	16	4	2	10	2	9	11	12	5	8	14	13	3	1	15	3	16	5	16	1	14	8	12	14	5	8	12	4	9	1	5	16	15	12	5	13	4	2	6	7	3	13	11	5	10	7	9	3	15	10	10	11	8	7	9	2	11	11	13	9	3	16	11	6	6	11	10	3	5	2	10	5	15	10	7	5	16	14	4	10	7	5	9	2	13	9	16	13	4	7	16	1	11	7	5	13	4	15	15	1	5	7	3	16	1	5	15	5	4	14	8	2	1	7	16	11	2	6	14	1	2	13	16	11	14	14	1	4	14	12	5	13	11	10	6	7	9	6	6	12	6	15	3	9	12	15	16	9	1	14	7	10	8	13	7	16	8	6	6	15	15	7	11	11	12	3	4	8	13	1	13	10	12	13	1	5	13	16	13	11	9	14	3	1	1	6	4	3	8	13	5	16	14	1	14	6	5	12	13	3	15	7	9	6	16	2	12	6	4	2	10	16	4	2	16	12	1	11	4	5	12	14	15	10	4	4	13	2	13	7	16	4	4	1	13	11	6	16	1	16	2	4	15	3	11	13	10	11	9	10	9	16	3	16	8	14	7	8	9	14	10	13	5	13	3	5	9	8	14	12	6	9	3	2	11	7	1	14	7	1	10	4	15	7	12	3	13	10	9	4	2	1	3	15	13	8	7	4	5	2	16	8	10	15	6	13	9	3	5	12	11	4	1	9	3	8	9	1	10	9	15	13	1	15	14	10	9	1	16	13	4	13	13	12	13	13	8	8	5	9	9	8	3	14	5	2	10	10	11	15	4	7	2	1	12	6	10	11	16	7	1	14	9	14	9	6	6	1	2	1	1	2	1	9	11	5	8	1	2	12	12	16	5	13	7	10	2	10	8	2	9	15	16	3	10	7	11	16	2	16	3	12	7	7	13	5	7	14	3	8	6	6	15	10	15	14	2	2	3	13	6	15	9	1	16	6	13	8	4	4	9	12	2	2	4	11	6	11	1	5	5	1	10	14	3	4	5	4	11	3	13	8	15	8	13	14	9	16	5	5	5	9	13	15	3	13	14	14	16	10	10	13	10	1	1	3	2	7	10	10	6	8	9	11	14	1	16	6	13	16	8	5	7	9	5	13	4	2	12	7	6	6	1	13	2	6	7	6	3	15	1	12	6	5	7	7	11	5	11	11	4	11	15	13	9	4	12	14	2	12	6	4	7	12	4	12	14	8	6	1	11	9	9	11	11	1	14	11	12	5	15	10	5	9	1	13	14	10	4	2	9	5	5	7	7	3	15	9	14	10	9	11	14	14	11	6	11	11	9	3	12	12	11	6	13	7	3	5	7	3	10	3	15	14	11	4	14	4	
100	850	740	460	430	260	830	190	630	930	740	730	200	540	530	880	780	180	160	970	110	180	810	400	310	660	950	150	130	630	310	580	990	110	220	360	340	680	620	720	510	350	450	120	230	340	760	350	270	380	920	870	390	730	150	300	960	660	910	680	930	310	1000	520	770	700	290	670	890	810	380	320	100	400	610	250	730	230	570	130	460	290	360	710	810	830	390	960	560	950	1000	580	610	940	300	760	140	740	470	100	130	350	850	550	950	160	960	150	910	900	230	640	510	840	290	710	230	240	560	840	430	810	170	240	880	730	530	940	450	400	820	140	720	430	780	350	680	950	730	280	230	390	420	270	480	300	390	660	420	810	680	450	380	380	750	590	460	600	990	780	220	440	980	710	850	380	270	580	120	930	490	680	360	390	380	1000	280	690	850	640	740	850	710	950	410	670	130	770	350	490	740	420	370	970	170	800	610	220	280	320	200	370	540	490	300	100	220	150	180	310	830	730	200	370	880	650	870	820	120	950	630	690	820	750	240	360	270	740	170	140	870	630	240	130	830	780	230	540	920	610	170	990	440	230	940	490	320	470	690	1000	920	280	580	390	530	120	670	370	560	510	460	250	410	670	180	480	670	710	330	990	770	630	520	200	740	140	180	310	140	620	200	350	920	720	200	520	830	570	170	300	270	260	800	580	780	670	350	540	950	510	750	660	820	140	190	890	700	980	820	870	640	630	600	700	120	660	630	370	510	490	330	280	140	300	410	570	270	330	430	470	850	580	790	1000	220	470	740	620	390	560	1000	840	680	320	150	580	800	880	570	460	400	600	760	890	750	520	230	800	240	550	170	150	430	800	400	460	620	530	960	190	170	380	1000	540	520	360	940	740	550	810	630	920	460	890	320	940	310	240	190	630	370	800	660	210	450	220	810	270	410	620	110	570	550	160	320	250	420	990	720	690	570	280	160	130	680	900	970	230	910	1000	640	180	740	420	780	200	940	950	890	400	710	710	320	930	920	870	550	800	480	600	230	240	770	640	220	280	480	730	850	890	150	320	950	410	290	830	310	940	680	420	460	390	620	410	110	640	780	400	150	930	250	930	910	960	540	830	650	350	910	250	310	430	150	550	240	620	760	900	690	850	420	280	840	740	950	140	650	930	210	810	930	500	220	370	280	200	660	610	670	980	950	400	790	820	230	440	940	310	150	620	420	280	790	990	730	770	130	770	770	270	820	210	700	100	450	740	370	750	700	960	710	780	940	400	870	390	920	590	720	330	160	890	680	450	660	110	220	820	1000	160	170	600	100	590	790	380	640	320	850	620	420	280	220	550	940	530	590	220	370	610	800	420	530	320	100	790	310	900	200	490	980	840	650	250	160	830	720	760	650	790	520	730	190	820	450	600	850	550	470	660	100	970	760	150	510	390	1000	980	150	260	120	260	340	830	820	980	560	900	400	150	780	340	200	870	580	190	770	240	590	670	510	950	880	590	410	810	340	860	180	530	570	860	390	540	920	200	910	820	780	990	530	910	590	290	800	200	930	660	190	810	250	160	380	1000	840	150	690	110	720	130	650	660	640	470	250	210	280	190	990	840	200	970	830	100	820	730	200	430	660	870	280	270	140	780	170	800	140	690	370	140	630	880	830	300	980	780	500	640	110	800	490	440	260	680	260	480	230	320	990	410	570	940	950	580	330	630	700	440	930	930	700	810	260	830	270	900	770	580	920	370	900	550	180	740	270	440	530	300	850	120	670	990	860	290	920	450	480	650	900	340	670	470	920	930	760	440	350	390	470	760	690	490	790	330	810	180	800	420	360	470	590	570	630	700	980	250	600	830	620	170	290	420	320	720	600	300	370	460	390	410	730	340	880	960	350	570	490	930	950	190	940	420	830	820	460	650	780	470	390	410	980	500	150	780	370	770	990	530	920	470	910	920	230	190	320	410	100	800	540	320	530	380	880	970	300	490	710	860	800	390	160	870	630	740	250	750	240	600	580	370	540	670	990	760	600	580	220	930	670	580	130	460	330	240	750	190	640	360	390	110	830	340	760	360	440	580	660	480	890	130	120	890	360	170	860	240	820	970	930	100	810	300	280	350	470	470	660	370	560	560	530	840	510	680	910	340	310	750	310	800	710	170	280	160	860	200	300	630	970	390	410	480	390	880	370	780	810	930	1000	500	480	730	730	480	440	600	450	630	230	160	490	580	860	170	420	790	110	220	290	240	140	340	440	330	910	270	470	280	290	960	350	810	290	790	700	550	340	910	540	840	450	350	790	130	670	540	160	310	320	890	520	750	620	380	960	630	510	460	540	900	340	890	690	480	530	770	750	220	410	190	810	840	330	710	690	850	420	450	690	580	830	610	270	430	660	320	930	920	550	930	930	510	210	450	1000	330	890	350	340	300	140	900	620	450	250	250	870	670	850	550	860	790	150	480	230	740	130	370	120	880	560	750	850	100	290	310	720	840	440	260	270	550	890	610	580	580	990	750	420	130	230	380	110	600	250	580	450	240	240	200	910	530	920	600	740	220	420	130	520	720	160	310	450	140	800	440	740	970	690	850	450	750	900	170	800	670	990	470	590	150	360	990	730	300	550	970	760	700	960	370	730	300	870	310	450	500	450	320	310	670	870	260	140	950	420	310	390	130	220	900	630	160	340	980	260	1000	430	970	770	120	140	770	270	570	720	980	250	660	710	740	490	940	320	550	610	220	340	610	320	130	750	870	230	980	350	320	720	370	750	170	770	260	240	610	320	420	740	210	460	250	390	920	520	720	900	340	640	440	770	610	560	680	480	270	110	600	580	630	130	180	630	350	270	570	120	870	990	160	260	900	550	800	460	270	290	650	990	750	870	680	890	570	750	780	580	370	160	460	340	410	470	980	120	1000	210	660	750	940	120	140	530	770	390	890	580	150	690	830	500	170	730	850	100	600	760	650	870	850	230	420	620	150	150	780	920	190	400	110	800	370	650	560	370	250	160	120	720	220	770	360	180	870	660	820	940	640	340	590	620	400	440	230	490	730	240	820	900	750	890	640	960	790	770	310	530	910	410	620	710	880	630	260	220	800	110	900	330	1000	560	140	510	340	350	180	210	810	340	900	990	430	460	690	320	180	290	850	120	570	950	590	580	510	730	590	770	1000	520	680	910	400	950	650	280	780	440	690	950	970	820	130	780	800	200	400	140	960	210	860	250	850	540	180	100	650	720	220	640	320	340	920	130	360	650	120	440	360	560	270	680	190	120	740	490	920	920	120	540	400	510	530	970	570	680	740	320	700	980	640	210	320	270	370	550	480	620	350	300	140	230	840	600	200	230	400	290	380	220	730	820	440	680	660	480	910	780	430	570	870	380	700	210	950	600	510	290	320	990	100	760	670	680	250	970	780	940	680	400	160	120	100	460	500	290	420	250	720	770	100	540	440	630	610	730	850	520	500	1000	340	910	950	820	930	710	940	350	510	960	850	850	870	110	170	990	670	990	370	610	160	390	650	210	950	320	690	280	370	700	950	640	700	340	110	220	290	770	110	300	400	500	380	490	560	810	270	490	490	190	610	110	350	640	520	150	750	590	100	580	790	770	420	240	710	980	870	990	330	580	240	970	580	730	800	840	750	450	960	930	620	340	620	320	480	490	800	490	740	610	540	260	320	160	800	940	110	820	300	680	380	730	380	900	740	790	170	840	400	810	300	210	870	980	220	280	300	720	570	580	100	230	820	1000	630	870	370	550	450	350	310	290	490	900	240	240	190	470	730	760	490	610	950	590	300	240	790	690	350	660	960	550	170	890	140	890	150	720	350	930	530	500	610	180	380	370	410	480	930	960	160	610	720	630	480	490	760	540	960	570	920	500	240	240	370	460	820	970	820	920	350	380	590	170	830	880	160	380	360	660	850	160	850	590	430	420	220	940	290	720	660	920	800	310	100	520	860	100	570	220	860	520	410	460	510	920	530	170	140	450	350	510	720	410	320	910	180	880	570	890	720	590	660	890	450	850	850	440	580	490	820	560	690	180	970	410	970	450	750	990	200	770	260	840	170	370	940	480	620	950	890	600	640	900	790	810	260	150	260	750	280	320	330	850	880	100	430	790	920	120	140	500	620	180	660	520	960	540	650	690	370	900	630	630	920	530	410	590	390	790	1000	230	210	110	990	500	960	140	670	250	650	510	910	950	180	850	110	590	540	240	770	120	730	210	990	710	420	150	890	700	880	1000	1000	850	610	530	540	330	310	460	250	100	390	460	130	170	970	940	980	870	830	900	120	810	370	410	130	920	610	650	390	480	930	200	170	670	140	820	880	430	620	980	660	120	330	340	820	790	840	650	830	490	840	190	380	400	180	180	790	630	940	550	250	770	750	820	180	910	120	430	640	930	940	750	620	820	250	360	710	960	600	170	870	740	350	280	300	790	350	330	730	400	330	540	510	180	510	160	460	890	1000	170	740	750	560	650	840	370	350	980	230	870	350	620	980	130	600	180	310	830	880	270	350	630	660	550	430	570	650	360	450	550	560	750	780	780	560	350	380	310	960	150	140	390	690	250	290	450	230	850	370	350	450	280	180	580	690	800	920	190	360	480	140	290	620	590	520	310	760	550	460	800	560	130	650	240	470	600	420	190	800	220	810	130	240	190	410	530	420	700	350	170	250	130	420	450	960	340	120	390	490	560	150	450	410	160	260	650	280	380	680	740	800	960	530	440	650	190	920	510	200	410	200	120	450	860	900	730	750	810	790	750	280	170	560	160	450	770	690	1000	440	580	790	780	280	280	590	550	390	570	490	590	530	710	150	380	780	790	380	940	920	580	1000	970	1000	760	400	840	670	270	940	690	450	650	560	810	980	360	280	110	340	580	220	700	270	290	630	630	900	480	830	190	820	790	550	300	840	590	880	360	600	710	980	750	480	150	350	330	440	160	630	540	780	460	1000	830	840	830	880	600	610	840	670	950	260	330	360	610	880	150	980	720	380	330	310	220	300	500	100	580	720	840	840	220	450	750	530	980	320	600	640	120	200	610	170	310	220	190	450	180	650	140	550	510	810	
100
