2212
80
4
70
0	48	0	0	0	0	0	0	0	0	0	0	0	0	0	0	0	0	0	0	0	0	0	0	0	0	0	0	0	0	0	0	0	0	0	0	0	0	0	0	0	0	0	0	0	0	0	0	0	0	0	0	0	0	0	0	0	0	0	48	48	0	0	0	0	0	48	0	0	0	0	0	0	0	0	0	0	0	0	0	
48	0	0	0	0	0	0	0	0	0	0	0	0	0	0	0	0	0	0	0	0	0	0	0	48	0	0	0	0	0	0	0	48	0	0	0	0	0	0	0	0	0	0	0	0	0	0	0	0	0	0	0	0	0	0	0	0	0	0	0	0	0	0	0	0	0	48	0	0	0	0	0	0	0	0	0	0	0	0	0	
0	0	0	0	0	0	0	0	0	0	0	0	0	0	48	0	48	0	0	0	0	0	0	0	0	0	0	0	0	0	0	0	0	0	0	0	0	0	0	0	0	0	0	0	0	0	48	0	0	0	0	48	0	0	0	0	0	0	0	0	0	0	0	0	0	0	0	0	0	0	0	0	0	0	0	0	0	0	0	0	
0	0	0	0	0	0	48	0	0	0	0	0	0	0	0	0	0	0	0	0	0	0	0	0	0	0	0	0	48	0	0	0	0	0	0	0	0	0	0	0	0	0	0	0	0	0	0	0	0	0	0	0	0	0	0	0	0	0	0	0	0	0	0	0	0	0	0	0	0	0	0	48	0	0	0	0	0	0	0	48	
0	0	0	0	0	0	0	0	0	0	0	0	0	0	0	0	0	0	48	0	0	0	0	0	0	0	0	0	0	0	0	0	0	0	0	0	0	0	0	0	0	0	0	0	0	0	0	0	0	0	0	0	0	0	0	0	0	0	0	48	0	0	0	0	0	0	0	0	0	48	0	0	0	0	48	0	0	0	0	0	
0	0	0	0	0	0	0	0	48	0	0	0	48	0	0	0	0	48	0	0	0	0	0	0	0	0	0	0	0	0	0	0	0	0	0	0	0	0	0	0	0	0	0	0	0	0	0	0	0	0	0	0	0	48	0	0	0	0	0	0	0	0	0	0	0	0	0	0	0	0	0	0	0	0	0	0	0	0	0	0	
0	0	0	48	0	0	0	0	0	0	0	0	0	0	0	0	0	0	0	0	0	0	0	48	0	0	0	0	0	0	0	0	0	0	0	0	0	48	0	0	0	0	0	0	0	0	0	48	0	0	0	0	0	0	0	0	0	0	0	0	0	0	0	0	0	0	0	0	0	0	0	0	0	0	0	0	0	0	0	0	
0	0	0	0	0	0	0	0	0	0	0	0	0	0	0	0	0	0	0	0	0	0	0	0	0	0	0	0	0	0	0	0	0	0	48	0	0	0	0	0	0	0	0	0	0	0	0	0	0	0	0	0	0	0	0	0	0	0	0	0	0	0	0	0	0	0	0	0	0	0	0	0	0	0	48	0	48	48	0	0	
0	0	0	0	0	48	0	0	0	0	0	0	48	0	0	0	0	0	0	0	0	0	0	0	0	0	0	0	0	0	0	0	0	0	0	0	0	0	0	0	0	0	0	0	0	0	48	0	0	0	0	0	0	0	0	0	0	0	0	0	0	0	48	0	0	0	0	0	0	0	0	0	0	0	0	0	0	0	0	0	
0	0	0	0	0	0	0	0	0	0	0	0	0	48	0	0	0	0	0	0	0	48	0	0	0	0	48	0	0	0	0	0	0	0	0	0	0	0	0	0	0	0	0	0	0	0	0	0	0	0	0	0	0	48	0	0	0	0	0	0	0	0	0	0	0	0	0	0	0	0	0	0	0	0	0	0	0	0	0	0	
0	0	0	0	0	0	0	0	0	0	0	0	0	0	48	48	0	0	0	0	0	0	0	0	0	0	0	0	0	0	0	0	0	0	0	0	0	0	0	0	0	0	0	0	0	0	0	0	0	0	0	0	0	0	0	0	0	0	48	0	0	0	0	0	0	48	0	0	0	0	0	0	0	0	0	0	0	0	0	0	
0	0	0	0	0	0	0	0	0	0	0	0	0	0	0	0	0	0	0	0	0	0	0	48	0	0	0	0	0	0	0	0	0	0	48	0	0	0	0	0	0	0	0	0	0	0	0	48	0	0	0	0	0	0	0	0	0	0	0	0	0	0	0	0	0	0	0	0	0	0	0	48	0	0	0	0	0	0	0	0	
0	0	0	0	0	48	0	0	48	0	0	0	0	0	0	0	0	0	0	0	0	0	0	0	0	0	0	0	0	0	0	0	0	0	0	0	0	0	0	0	0	0	0	0	0	0	48	0	0	0	0	0	0	0	0	0	0	0	0	0	0	0	48	0	0	0	0	0	0	0	0	0	0	0	0	0	0	0	0	0	
0	0	0	0	0	0	0	0	0	48	0	0	0	0	0	0	0	0	0	0	0	48	0	0	0	48	48	0	0	0	0	0	0	0	0	0	0	0	0	0	0	0	0	0	0	0	0	0	0	0	0	0	0	0	0	0	0	0	0	0	0	0	0	0	0	0	0	0	0	0	0	0	0	0	0	0	0	0	0	0	
0	0	48	0	0	0	0	0	0	0	48	0	0	0	0	0	48	0	0	0	0	0	0	0	0	0	0	0	0	0	0	0	0	0	0	0	0	0	0	0	0	0	0	0	0	0	0	0	0	0	0	48	0	0	0	0	0	0	0	0	0	0	0	0	0	0	0	0	0	0	0	0	0	0	0	0	0	0	0	0	
0	0	0	0	0	0	0	0	0	0	48	0	0	0	0	0	48	0	0	0	0	0	0	0	0	0	0	0	0	0	0	0	0	0	0	0	0	0	0	0	0	0	0	0	0	0	48	0	0	0	0	48	0	0	0	0	0	0	0	0	0	0	0	0	0	0	0	0	0	0	0	0	0	0	0	0	0	0	0	0	
0	0	48	0	0	0	0	0	0	0	0	0	0	0	48	48	0	0	0	0	0	0	0	0	0	0	0	0	0	0	0	0	0	0	0	0	0	0	0	0	0	0	0	0	0	0	0	0	0	0	0	48	0	0	0	0	0	0	0	0	0	0	0	0	0	0	0	0	0	0	0	0	0	0	0	0	0	0	0	0	
0	0	0	0	0	48	0	0	0	0	0	0	0	0	0	0	0	0	0	0	0	0	0	0	0	0	0	0	0	0	0	0	0	0	0	0	0	0	48	0	0	0	0	48	0	0	0	0	0	0	0	0	0	48	0	0	0	0	0	0	0	0	0	0	0	0	0	0	0	0	0	0	0	0	0	0	0	0	0	0	
0	0	0	0	48	0	0	0	0	0	0	0	0	0	0	0	0	0	0	0	0	0	0	0	0	0	0	0	0	0	0	0	0	0	0	0	0	0	0	0	0	0	0	0	0	0	0	0	0	0	0	0	0	0	0	0	0	0	0	0	0	0	0	0	0	0	0	0	0	48	0	0	48	0	48	0	0	0	0	0	
0	0	0	0	0	0	0	0	0	0	0	0	0	0	0	0	0	0	0	0	0	48	0	0	0	0	0	0	0	0	0	0	0	0	0	0	0	0	0	0	0	0	0	0	0	0	0	0	0	0	0	0	0	0	0	0	0	0	0	0	0	48	0	0	0	0	0	0	0	0	48	0	0	48	0	0	0	0	0	0	
0	0	0	0	0	0	0	0	0	0	0	0	0	0	0	0	0	0	0	0	0	0	0	0	0	0	0	0	0	0	0	0	0	0	0	48	0	0	0	0	0	0	0	0	0	0	0	0	0	0	48	0	48	0	0	0	0	0	0	0	48	0	0	0	0	0	0	0	0	0	0	0	0	0	0	0	0	0	0	0	
0	0	0	0	0	0	0	0	0	48	0	0	0	48	0	0	0	0	0	48	0	0	0	0	0	0	0	0	0	0	0	0	0	0	0	0	0	0	0	0	0	0	0	0	0	0	0	0	0	0	0	0	0	0	0	0	0	0	0	0	0	0	0	0	0	0	0	0	0	0	0	0	0	48	0	0	0	0	0	0	
0	0	0	0	0	0	0	0	0	0	0	0	0	0	0	0	0	0	0	0	0	0	0	0	0	0	0	0	0	0	0	0	0	0	0	0	0	0	0	0	0	0	0	0	0	0	0	0	0	0	48	0	48	0	48	0	48	0	0	0	0	0	0	0	0	0	0	0	0	0	0	0	0	0	0	0	0	0	0	0	
0	0	0	0	0	0	48	0	0	0	0	48	0	0	0	0	0	0	0	0	0	0	0	0	0	0	0	0	0	0	0	0	0	0	0	0	0	0	0	0	0	0	0	0	0	0	0	48	0	0	0	0	0	0	0	0	0	0	0	0	0	0	0	0	0	0	0	0	0	0	0	48	0	0	0	0	0	0	0	0	
0	48	0	0	0	0	0	0	0	0	0	0	0	0	0	0	0	0	0	0	0	0	0	0	0	0	0	0	0	0	0	0	48	0	0	0	0	0	0	0	0	48	0	0	0	48	0	0	0	0	0	0	0	0	0	0	0	0	0	0	0	0	0	0	0	0	0	0	0	0	0	0	0	0	0	0	0	0	0	0	
0	0	0	0	0	0	0	0	0	0	0	0	0	48	0	0	0	0	0	0	0	0	0	0	0	0	48	0	0	0	0	0	0	0	0	0	0	0	0	0	0	0	0	0	0	0	0	0	0	0	0	0	0	0	0	0	0	0	0	0	0	0	0	0	0	0	0	0	0	0	48	0	0	48	0	0	0	0	0	0	
0	0	0	0	0	0	0	0	0	48	0	0	0	48	0	0	0	0	0	0	0	0	0	0	0	48	0	0	0	0	0	0	0	0	0	0	0	0	0	0	0	0	0	0	0	0	0	0	0	0	0	0	0	0	0	0	0	0	0	0	0	0	0	0	0	0	0	0	0	0	0	0	0	48	0	0	0	0	0	0	
0	0	0	0	0	0	0	0	0	0	0	0	0	0	0	0	0	0	0	0	0	0	0	0	0	0	0	0	0	0	0	48	0	0	0	0	0	48	0	0	0	0	0	0	0	0	0	0	0	0	0	0	0	0	0	0	48	0	0	48	0	0	0	0	0	0	0	0	0	0	0	0	0	0	0	0	0	0	0	0	
0	0	0	48	0	0	0	0	0	0	0	0	0	0	0	0	0	0	0	0	0	0	0	0	0	0	0	0	0	0	0	0	0	0	0	0	0	48	0	0	0	0	0	0	0	0	0	0	0	0	0	0	0	0	0	0	48	0	0	0	0	0	0	0	0	0	0	0	0	0	0	0	0	0	0	0	0	0	0	48	
0	0	0	0	0	0	0	0	0	0	0	0	0	0	0	0	0	0	0	0	0	0	0	0	0	0	0	0	0	0	0	0	0	0	0	0	0	0	0	0	0	0	48	0	0	0	0	0	0	0	0	0	0	0	0	0	0	0	0	0	0	48	0	0	0	0	0	0	0	0	48	0	48	0	0	0	0	0	0	0	
0	0	0	0	0	0	0	0	0	0	0	0	0	0	0	0	0	0	0	0	0	0	0	0	0	0	0	0	0	0	0	0	0	0	0	48	0	0	0	0	0	0	0	0	0	0	0	0	48	0	0	0	0	0	0	0	0	0	0	0	0	0	0	0	0	0	0	0	48	0	0	0	0	0	0	0	0	0	48	0	
0	0	0	0	0	0	0	0	0	0	0	0	0	0	0	0	0	0	0	0	0	0	0	0	0	0	0	48	0	0	0	0	0	0	0	0	0	48	0	0	0	0	0	0	0	0	0	0	0	0	0	0	0	0	0	0	0	0	0	48	48	0	0	0	0	0	0	0	0	0	0	0	0	0	0	0	0	0	0	0	
0	48	0	0	0	0	0	0	0	0	0	0	0	0	0	0	0	0	0	0	0	0	0	0	48	0	0	0	0	0	0	0	0	0	0	0	0	0	0	0	0	48	0	0	0	48	0	0	0	0	0	0	0	0	0	0	0	0	0	0	0	0	0	0	0	0	0	0	0	0	0	0	0	0	0	0	0	0	0	0	
0	0	0	0	0	0	0	0	0	0	0	0	0	0	0	0	0	0	0	0	0	0	0	0	0	0	0	0	0	0	0	0	0	0	0	0	0	0	0	0	0	0	0	0	0	0	0	0	48	0	0	0	0	0	0	0	0	48	0	0	0	0	0	0	48	0	0	0	48	0	0	0	0	0	0	0	0	0	0	0	
0	0	0	0	0	0	0	48	0	0	0	48	0	0	0	0	0	0	0	0	0	0	0	0	0	0	0	0	0	0	0	0	0	0	0	0	48	0	0	0	0	0	0	0	0	0	0	0	0	0	0	0	0	0	0	0	0	0	0	0	0	0	0	0	0	0	0	0	0	0	0	0	0	0	0	0	48	0	0	0	
0	0	0	0	0	0	0	0	0	0	0	0	0	0	0	0	0	0	0	0	48	0	0	0	0	0	0	0	0	0	48	0	0	0	0	0	0	0	0	0	0	0	0	0	0	0	0	0	48	0	0	0	0	0	0	0	0	0	0	0	0	0	0	0	0	0	0	0	0	0	0	0	0	0	0	0	0	0	48	0	
0	0	0	0	0	0	0	0	0	0	0	0	0	0	0	0	0	0	0	0	0	0	0	0	0	0	0	0	0	0	0	0	0	0	48	0	0	0	0	0	0	0	0	0	0	0	0	48	0	0	0	0	0	0	0	0	0	0	0	0	0	0	0	0	0	0	0	0	0	0	0	48	0	0	0	0	48	0	0	0	
0	0	0	0	0	0	48	0	0	0	0	0	0	0	0	0	0	0	0	0	0	0	0	0	0	0	0	48	48	0	0	48	0	0	0	0	0	0	0	0	0	0	0	0	0	0	0	0	0	0	0	0	0	0	0	0	0	0	0	0	0	0	0	0	0	0	0	0	0	0	0	0	0	0	0	0	0	0	0	0	
0	0	0	0	0	0	0	0	0	0	0	0	0	0	0	0	0	48	0	0	0	0	0	0	0	0	0	0	0	0	0	0	0	0	0	0	0	0	0	0	0	0	0	48	0	0	0	0	0	0	0	0	0	48	0	0	0	0	0	0	0	48	0	0	0	0	0	0	0	0	0	0	0	0	0	0	0	0	0	0	
0	0	0	0	0	0	0	0	0	0	0	0	0	0	0	0	0	0	0	0	0	0	0	0	0	0	0	0	0	0	0	0	0	0	0	0	0	0	0	0	0	0	0	0	0	0	0	0	0	0	0	0	0	0	0	0	0	0	48	0	0	0	48	0	0	48	0	0	0	0	0	0	0	0	0	48	0	0	0	0	
0	0	0	0	0	0	0	0	0	0	0	0	0	0	0	0	0	0	0	0	0	0	0	0	0	0	0	0	0	0	0	0	0	0	0	0	0	0	0	0	0	0	0	0	0	0	0	0	0	0	0	0	0	0	0	0	0	0	48	0	0	0	48	0	0	48	0	0	0	0	0	0	0	0	0	48	0	0	0	0	
0	0	0	0	0	0	0	0	0	0	0	0	0	0	0	0	0	0	0	0	0	0	0	0	48	0	0	0	0	0	0	0	48	0	0	0	0	0	0	0	0	0	0	0	0	48	0	0	0	48	0	0	0	0	0	0	0	0	0	0	0	0	0	0	0	0	0	0	0	0	0	0	0	0	0	0	0	0	0	0	
0	0	0	0	0	0	0	0	0	0	0	0	0	0	0	0	0	0	0	0	0	0	0	0	0	0	0	0	0	48	0	0	0	0	0	0	0	0	0	0	0	0	0	0	48	0	0	0	0	48	0	0	0	0	0	0	0	0	0	0	0	48	0	0	0	0	0	0	0	0	0	0	0	0	0	0	0	0	0	0	
0	0	0	0	0	0	0	0	0	0	0	0	0	0	0	0	0	48	0	0	0	0	0	0	0	0	0	0	0	0	0	0	0	0	0	0	0	0	48	0	0	0	0	0	48	0	0	0	0	0	0	0	0	0	0	0	0	0	0	0	0	0	0	0	0	0	0	0	0	0	48	0	0	0	0	0	0	0	0	0	
0	0	0	0	0	0	0	0	0	0	0	0	0	0	0	0	0	0	0	0	0	0	0	0	0	0	0	0	0	0	0	0	0	0	0	0	0	0	0	0	0	0	48	48	0	0	0	0	0	48	0	0	0	0	0	0	0	0	0	0	0	0	0	48	0	0	0	0	0	0	0	0	0	0	0	0	0	0	0	0	
0	0	0	0	0	0	0	0	0	0	0	0	0	0	0	0	0	0	0	0	0	0	0	0	48	0	0	0	0	0	0	0	48	0	0	0	0	0	0	0	0	48	0	0	0	0	0	0	0	48	0	0	0	0	0	0	0	0	0	0	0	0	0	0	0	0	0	0	0	0	0	0	0	0	0	0	0	0	0	0	
0	0	48	0	0	0	0	0	48	0	0	0	48	0	0	48	0	0	0	0	0	0	0	0	0	0	0	0	0	0	0	0	0	0	0	0	0	0	0	0	0	0	0	0	0	0	0	0	0	0	0	0	0	0	0	0	0	0	0	0	0	0	0	0	0	0	0	0	0	0	0	0	0	0	0	0	0	0	0	0	
0	0	0	0	0	0	48	0	0	0	0	48	0	0	0	0	0	0	0	0	0	0	0	48	0	0	0	0	0	0	0	0	0	0	0	0	48	0	0	0	0	0	0	0	0	0	0	0	0	0	0	0	0	0	0	0	0	0	0	0	0	0	0	0	0	0	0	0	0	0	0	0	0	0	0	0	0	0	0	0	
0	0	0	0	0	0	0	0	0	0	0	0	0	0	0	0	0	0	0	0	0	0	0	0	0	0	0	0	0	0	48	0	0	48	0	48	0	0	0	0	0	0	0	0	0	0	0	0	0	0	0	0	0	0	0	0	0	0	0	0	0	0	0	0	0	0	0	0	48	0	0	0	0	0	0	0	0	0	0	0	
0	0	0	0	0	0	0	0	0	0	0	0	0	0	0	0	0	0	0	0	0	0	0	0	0	0	0	0	0	0	0	0	0	0	0	0	0	0	0	0	0	48	48	0	48	48	0	0	0	0	0	0	0	0	0	0	0	0	0	0	0	0	0	0	0	0	0	0	0	0	0	0	0	0	0	0	0	0	0	0	
0	0	0	0	0	0	0	0	0	0	0	0	0	0	0	0	0	0	0	0	48	0	48	0	0	0	0	0	0	0	0	0	0	0	0	0	0	0	0	0	0	0	0	0	0	0	0	0	0	0	0	0	48	0	0	0	48	0	0	0	0	0	0	0	0	0	0	0	0	0	0	0	0	0	0	0	0	0	0	0	
0	0	48	0	0	0	0	0	0	0	0	0	0	0	48	48	48	0	0	0	0	0	0	0	0	0	0	0	0	0	0	0	0	0	0	0	0	0	0	0	0	0	0	0	0	0	0	0	0	0	0	0	0	0	0	0	0	0	0	0	0	0	0	0	0	0	0	0	0	0	0	0	0	0	0	0	0	0	0	0	
0	0	0	0	0	0	0	0	0	0	0	0	0	0	0	0	0	0	0	0	48	0	48	0	0	0	0	0	0	0	0	0	0	0	0	0	0	0	0	0	0	0	0	0	0	0	0	0	0	0	48	0	0	0	48	0	0	0	0	0	0	0	0	0	0	0	0	0	0	0	0	0	0	0	0	0	0	0	0	0	
0	0	0	0	0	48	0	0	0	48	0	0	0	0	0	0	0	48	0	0	0	0	0	0	0	0	0	0	0	0	0	0	0	0	0	0	0	0	48	0	0	0	0	0	0	0	0	0	0	0	0	0	0	0	0	0	0	0	0	0	0	0	0	0	0	0	0	0	0	0	0	0	0	0	0	0	0	0	0	0	
0	0	0	0	0	0	0	0	0	0	0	0	0	0	0	0	0	0	0	0	0	0	48	0	0	0	0	0	0	0	0	0	0	0	0	0	0	0	0	0	0	0	0	0	0	0	0	0	0	0	0	0	48	0	0	0	0	48	0	0	0	0	0	0	48	0	0	0	0	0	0	0	0	0	0	0	0	0	0	0	
0	0	0	0	0	0	0	0	0	0	0	0	0	0	0	0	0	0	0	0	0	0	0	0	0	0	0	0	0	0	0	0	0	0	0	0	0	0	0	0	0	0	0	0	0	0	0	0	0	0	0	0	0	0	0	0	0	0	0	0	0	0	0	48	0	0	48	0	0	0	0	0	48	0	0	0	0	0	48	0	
0	0	0	0	0	0	0	0	0	0	0	0	0	0	0	0	0	0	0	0	0	0	48	0	0	0	0	48	48	0	0	0	0	0	0	0	0	0	0	0	0	0	0	0	0	0	0	0	0	0	48	0	0	0	0	0	0	0	0	0	0	0	0	0	0	0	0	0	0	0	0	0	0	0	0	0	0	0	0	0	
0	0	0	0	0	0	0	0	0	0	0	0	0	0	0	0	0	0	0	0	0	0	0	0	0	0	0	0	0	0	0	0	0	48	0	0	0	0	0	0	0	0	0	0	0	0	0	0	0	0	0	0	0	0	48	0	0	0	0	0	0	0	0	0	48	0	0	48	0	0	0	0	0	0	0	0	0	0	0	0	
0	0	0	0	0	0	0	0	0	0	48	0	0	0	0	0	0	0	0	0	0	0	0	0	0	0	0	0	0	0	0	0	0	0	0	0	0	0	0	48	48	0	0	0	0	0	0	0	0	0	0	0	0	0	0	0	0	0	0	0	0	0	0	0	0	0	0	0	0	0	0	0	0	0	0	48	0	0	0	0	
48	0	0	0	48	0	0	0	0	0	0	0	0	0	0	0	0	0	0	0	0	0	0	0	0	0	0	48	0	0	0	48	0	0	0	0	0	0	0	0	0	0	0	0	0	0	0	0	0	0	0	0	0	0	0	0	0	0	0	0	0	0	0	0	0	0	0	0	0	0	0	0	0	0	0	0	0	0	0	0	
48	0	0	0	0	0	0	0	0	0	0	0	0	0	0	0	0	0	0	0	48	0	0	0	0	0	0	0	0	0	0	48	0	0	0	0	0	0	0	0	0	0	0	0	0	0	0	0	0	0	0	0	0	0	0	0	0	0	0	0	0	0	0	0	0	0	48	0	0	0	0	0	0	0	0	0	0	0	0	0	
0	0	0	0	0	0	0	0	0	0	0	0	0	0	0	0	0	0	0	48	0	0	0	0	0	0	0	0	0	48	0	0	0	0	0	0	0	0	48	0	0	0	48	0	0	0	0	0	0	0	0	0	0	0	0	0	0	0	0	0	0	0	0	0	0	0	0	0	0	0	0	0	0	0	0	0	0	0	0	0	
0	0	0	0	0	0	0	0	48	0	0	0	48	0	0	0	0	0	0	0	0	0	0	0	0	0	0	0	0	0	0	0	0	0	0	0	0	0	0	48	48	0	0	0	0	0	0	0	0	0	0	0	0	0	0	0	0	0	0	0	0	0	0	0	0	0	0	0	0	0	0	0	0	0	0	0	0	0	0	0	
0	0	0	0	0	0	0	0	0	0	0	0	0	0	0	0	0	0	0	0	0	0	0	0	0	0	0	0	0	0	0	0	0	0	0	0	0	0	0	0	0	0	0	0	48	0	0	0	0	0	0	0	0	0	0	48	0	0	0	0	0	0	0	0	0	0	0	0	0	0	0	0	48	0	0	0	0	0	48	0	
0	0	0	0	0	0	0	0	0	0	0	0	0	0	0	0	0	0	0	0	0	0	0	0	0	0	0	0	0	0	0	0	0	48	0	0	0	0	0	0	0	0	0	0	0	0	0	0	0	0	0	0	0	0	48	0	0	48	0	0	0	0	0	0	0	0	0	48	0	0	0	0	0	0	0	0	0	0	0	0	
0	0	0	0	0	0	0	0	0	0	48	0	0	0	0	0	0	0	0	0	0	0	0	0	0	0	0	0	0	0	0	0	0	0	0	0	0	0	0	48	48	0	0	0	0	0	0	0	0	0	0	0	0	0	0	0	0	0	0	0	0	0	0	0	0	0	0	0	0	0	0	0	0	0	0	48	0	0	0	0	
48	48	0	0	0	0	0	0	0	0	0	0	0	0	0	0	0	0	0	0	0	0	0	0	0	0	0	0	0	0	0	0	0	0	0	0	0	0	0	0	0	0	0	0	0	0	0	0	0	0	0	0	0	0	0	48	0	0	0	0	48	0	0	0	0	0	0	0	0	0	0	0	0	0	0	0	0	0	0	0	
0	0	0	0	0	0	0	0	0	0	0	0	0	0	0	0	0	0	0	0	0	0	0	0	0	0	0	0	0	0	0	0	0	0	0	0	0	0	0	0	0	0	0	0	0	0	0	0	0	0	0	0	0	0	0	0	0	48	0	0	0	0	0	0	48	0	0	0	48	0	0	0	0	0	0	0	0	0	0	48	
0	0	0	0	0	0	0	0	0	0	0	0	0	0	0	0	0	0	0	0	0	0	0	0	0	0	0	0	0	0	48	0	0	48	0	0	0	0	0	0	0	0	0	0	0	0	0	0	48	0	0	0	0	0	0	0	0	0	0	0	0	0	0	0	0	0	0	48	0	0	0	0	0	0	0	0	0	0	0	0	
0	0	0	0	48	0	0	0	0	0	0	0	0	0	0	0	0	0	48	0	0	0	0	0	0	0	0	0	0	0	0	0	0	0	0	0	0	0	0	0	0	0	0	0	0	0	0	0	0	0	0	0	0	0	0	0	0	0	0	0	0	0	0	0	0	0	0	0	0	0	0	0	0	0	48	0	0	48	0	0	
0	0	0	0	0	0	0	0	0	0	0	0	0	0	0	0	0	0	0	48	0	0	0	0	0	48	0	0	0	48	0	0	0	0	0	0	0	0	0	0	0	0	0	48	0	0	0	0	0	0	0	0	0	0	0	0	0	0	0	0	0	0	0	0	0	0	0	0	0	0	0	0	0	0	0	0	0	0	0	0	
0	0	0	48	0	0	0	0	0	0	0	48	0	0	0	0	0	0	0	0	0	0	0	48	0	0	0	0	0	0	0	0	0	0	0	0	48	0	0	0	0	0	0	0	0	0	0	0	0	0	0	0	0	0	0	0	0	0	0	0	0	0	0	0	0	0	0	0	0	0	0	0	0	0	0	0	0	0	0	0	
0	0	0	0	0	0	0	0	0	0	0	0	0	0	0	0	0	0	48	0	0	0	0	0	0	0	0	0	0	48	0	0	0	0	0	0	0	0	0	0	0	0	0	0	0	0	0	0	0	0	0	0	0	0	0	48	0	0	0	0	0	0	0	48	0	0	0	0	0	0	0	0	0	0	0	0	0	0	0	0	
0	0	0	0	0	0	0	0	0	0	0	0	0	0	0	0	0	0	0	48	0	48	0	0	0	48	48	0	0	0	0	0	0	0	0	0	0	0	0	0	0	0	0	0	0	0	0	0	0	0	0	0	0	0	0	0	0	0	0	0	0	0	0	0	0	0	0	0	0	0	0	0	0	0	0	0	0	0	0	0	
0	0	0	0	48	0	0	48	0	0	0	0	0	0	0	0	0	0	48	0	0	0	0	0	0	0	0	0	0	0	0	0	0	0	0	0	0	0	0	0	0	0	0	0	0	0	0	0	0	0	0	0	0	0	0	0	0	0	0	0	0	0	0	0	0	0	0	0	0	48	0	0	0	0	0	0	0	0	0	0	
0	0	0	0	0	0	0	0	0	0	0	0	0	0	0	0	0	0	0	0	0	0	0	0	0	0	0	0	0	0	0	0	0	0	0	0	0	0	0	48	48	0	0	0	0	0	0	0	0	0	0	0	0	0	0	0	0	0	48	0	0	0	0	0	0	48	0	0	0	0	0	0	0	0	0	0	0	0	0	0	
0	0	0	0	0	0	0	48	0	0	0	0	0	0	0	0	0	0	0	0	0	0	0	0	0	0	0	0	0	0	0	0	0	0	48	0	48	0	0	0	0	0	0	0	0	0	0	0	0	0	0	0	0	0	0	0	0	0	0	0	0	0	0	0	0	0	0	0	0	0	0	0	0	0	0	0	0	48	0	0	
0	0	0	0	0	0	0	48	0	0	0	0	0	0	0	0	0	0	0	0	0	0	0	0	0	0	0	0	0	0	0	0	0	0	0	0	0	0	0	0	0	0	0	0	0	0	0	0	0	0	0	0	0	0	0	0	0	0	0	0	0	0	0	0	0	0	0	0	0	48	0	0	0	0	0	0	48	0	0	48	
0	0	0	0	0	0	0	0	0	0	0	0	0	0	0	0	0	0	0	0	0	0	0	0	0	0	0	0	0	0	48	0	0	0	0	48	0	0	0	0	0	0	0	0	0	0	0	0	0	0	0	0	0	0	0	48	0	0	0	0	0	0	0	48	0	0	0	0	0	0	0	0	0	0	0	0	0	0	0	0	
0	0	0	48	0	0	0	0	0	0	0	0	0	0	0	0	0	0	0	0	0	0	0	0	0	0	0	0	48	0	0	0	0	0	0	0	0	0	0	0	0	0	0	0	0	0	0	0	0	0	0	0	0	0	0	0	0	0	0	0	0	0	0	0	0	0	0	48	0	0	0	0	0	0	0	0	0	48	0	0	
21	53	45	47	66	32	78	17	31	4	6	75	74	63	67	75	63	30	64	76	76	45	43	29	77	11	18	58	48	35	0	1	49	35	36	45	78	56	73	61	35	30	13	14	78	67	30	11	43	4	55	51	56	62	23	21	54	66	33	48	71	72	43	40	20	64	77	53	70	48	66	48	55	68	50	50	48	51	69	52	41	7	70	48	75	25	12	46	32	1	33	39	64	41	15	52	37	58	13	62	7	60	5	15	79	9	64	15	39	26	72	71	56	71	20	16	42	11	14	52	6	29	79	58	70	6	64	77	66	16	10	53	4	37	21	59	68	11	44	9	44	14	55	39	20	69	63	14	38	42	76	55	74	53	25	27	57	17	30	19	13	36	35	57	63	10	3	37	6	10	53	32	14	47	68	35	30	15	23	56	79	54	40	70	74	75	64	24	74	56	9	54	21	21	10	42	38	77	77	11	6	71	75	36	60	44	29	13	36	55	60	79	69	63	49	3	56	46	21	3	71	60	49	7	74	19	29	40	11	44	4	79	50	32	14	69	72	39	68	52	71	43	62	67	8	5	55	13	67	13	6	42	1	78	70	36	44	46	46	50	76	57	40	56	54	49	52	60	7	30	37	48	72	61	62	72	44	52	70	9	72	6	17	41	3	25	52	13	16	66	36	56	52	69	54	49	37	41	64	77	8	34	21	48	2	52	12	63	55	53	41	64	24	26	0	13	75	29	53	7	46	30	25	53	30	56	7	36	42	68	23	71	47	49	32	51	69	49	44	35	55	70	60	42	22	34	17	23	33	6	44	45	43	34	13	60	4	71	38	53	46	56	24	41	57	71	76	60	71	60	59	27	0	55	63	14	46	27	44	53	78	61	37	38	63	6	1	78	6	49	1	31	77	70	64	7	40	11	62	43	79	45	74	8	37	31	0	35	23	14	46	28	41	51	36	38	11	1	36	11	36	55	10	10	59	40	27	67	21	33	58	68	78	72	37	29	15	9	15	71	23	53	69	58	74	71	10	15	49	56	16	13	11	58	26	42	12	37	55	41	61	8	5	78	38	20	25	50	62	52	46	41	62	64	28	27	13	35	43	62	33	40	33	47	59	35	69	54	51	43	55	17	61	27	47	5	20	6	5	67	56	76	23	53	60	71	32	47	40	67	77	45	42	27	30	79	25	0	58	63	59	52	79	33	41	61	42	24	7	67	55	56	7	25	38	42	24	31	13	4	70	13	45	43	61	24	5	55	69	36	38	42	7	2	58	16	32	70	16	11	68	17	33	7	33	61	73	69	71	17	51	6	13	67	42	43	70	38	2	54	59	6	7	79	10	33	79	51	70	57	20	61	42	59	55	54	31	69	37	51	70	38	37	4	59	13	11	30	63	77	74	55	65	44	16	55	77	0	22	35	29	71	63	63	48	18	49	30	32	46	65	40	77	75	50	49	76	54	75	18	77	77	77	9	13	3	7	60	29	60	14	2	29	31	30	6	11	62	63	1	45	7	66	16	66	4	65	1	74	45	60	62	37	78	41	74	15	8	71	33	16	44	73	35	54	32	15	59	36	61	70	47	63	19	66	11	77	79	14	16	5	62	51	47	63	76	66	72	4	65	1	66	21	1	37	64	37	9	15	22	17	51	17	48	62	61	29	77	79	20	53	34	58	52	78	52	66	20	44	52	53	21	56	43	64	68	15	45	33	2	44	17	11	50	19	57	64	40	16	30	30	35	24	59	14	74	5	65	44	9	40	26	59	69	14	36	21	35	68	41	28	58	49	55	64	0	27	46	48	62	23	46	57	35	42	60	20	54	58	11	50	28	61	59	5	79	74	16	33	30	38	0	53	57	15	10	58	63	4	70	26	20	10	73	40	19	41	24	4	15	59	46	33	54	28	37	44	22	72	26	12	27	7	18	68	46	39	31	31	31	8	74	33	8	21	5	27	26	73	11	68	41	70	72	48	32	74	56	76	21	12	67	61	6	6	21	16	73	20	29	18	74	5	5	78	10	65	55	52	77	50	57	65	44	40	22	76	59	53	64	30	25	58	26	63	37	2	14	41	24	23	73	50	59	23	50	56	22	37	75	17	36	62	52	1	53	47	21	10	43	42	60	79	64	61	38	63	69	50	8	76	61	37	6	42	35	40	44	59	35	0	45	71	35	9	28	2	46	48	60	35	51	67	47	49	9	53	70	6	65	68	27	55	62	76	24	32	29	7	55	43	75	44	36	31	2	30	40	38	76	39	66	17	0	68	46	26	66	31	17	32	37	52	50	51	12	79	59	1	13	28	26	17	37	55	54	31	18	8	26	4	70	52	61	18	7	35	29	62	66	1	2	78	7	58	56	42	59	16	44	57	13	17	52	17	78	70	74	51	43	38	4	47	41	15	73	17	52	71	57	18	34	15	0	32	76	11	72	44	34	38	21	0	17	7	24	54	71	13	24	20	73	27	45	61	76	4	2	67	28	65	22	48	73	32	34	32	50	59	15	62	13	55	68	13	44	52	20	5	59	5	50	33	76	53	50	34	29	77	3	15	7	68	5	11	42	37	40	78	59	49	77	57	32	20	19	52	22	62	56	44	9	40	29	12	77	12	36	60	66	56	13	45	37	58	43	46	22	16	72	67	2	25	64	74	69	49	36	45	23	49	79	47	41	63	65	22	28	73	47	57	46	27	31	47	59	41	65	33	34	66	11	62	57	65	76	66	76	39	9	8	26	12	10	31	1	42	34	67	23	8	75	46	61	27	61	9	36	28	63	54	67	64	33	76	49	29	38	0	56	20	13	1	4	74	74	12	14	20	3	44	53	54	16	21	49	68	2	79	20	52	73	56	38	74	37	31	64	55	34	36	16	72	10	49	58	58	69	22	33	1	4	64	29	63	74	23	6	38	68	33	23	15	2	76	37	31	43	46	69	54	25	38	18	10	12	0	27	11	6	32	77	71	67	50	33	60	35	47	22	13	46	11	17	32	26	10	76	66	64	28	16	15	43	23	73	50	64	36	48	67	72	11	30	76	76	23	13	69	35	15	7	42	79	63	41	21	44	71	26	35	44	35	25	56	50	25	71	68	48	0	33	2	64	2	7	45	19	1	22	18	22	56	27	79	20	69	19	31	29	69	37	41	2	64	71	45	4	61	60	50	3	28	24	65	74	10	28	4	58	22	12	28	69	37	23	8	55	14	62	53	0	32	14	76	74	44	67	71	73	51	61	60	41	2	37	30	13	43	79	25	20	29	30	45	31	41	1	3	20	1	51	77	11	11	10	37	23	51	24	48	35	0	39	60	16	46	54	64	60	39	23	28	71	68	8	44	78	76	72	31	9	1	21	16	6	16	19	55	5	43	46	64	54	64	65	1	26	14	59	15	61	32	48	70	1	26	66	7	43	23	79	39	70	26	12	15	30	68	7	3	37	47	54	67	55	79	41	54	49	9	39	62	36	0	1	60	11	64	40	52	39	46	23	58	37	26	72	61	45	61	12	7	24	55	74	11	60	29	48	64	58	61	55	63	40	13	18	39	32	19	17	25	10	71	16	78	11	27	36	44	22	9	16	32	76	44	75	47	4	0	19	12	10	57	2	54	50	43	19	75	24	25	39	62	27	30	72	53	41	52	4	5	78	21	56	49	47	16	2	24	61	9	2	69	53	67	14	13	27	17	11	4	3	48	63	20	0	51	46	3	53	10	75	31	68	42	11	13	55	27	72	47	69	18	44	0	70	45	68	5	6	71	18	4	55	65	24	61	70	0	60	26	28	73	42	53	56	65	20	42	76	64	20	64	26	58	29	71	30	27	27	38	9	30	31	76	32	60	76	70	7	56	35	5	50	63	47	57	19	39	25	37	67	10	3	32	76	36	55	42	20	46	9	68	76	16	0	4	38	50	46	25	56	62	2	53	56	46	10	66	45	0	31	69	53	50	12	77	51	62	1	65	45	51	62	26	57	36	50	5	67	41	48	47	65	25	67	54	0	28	33	79	24	30	56	79	12	61	12	31	60	31	13	75	79	1	36	68	15	45	13	63	20	50	12	33	52	29	30	56	78	10	79	0	31	8	62	70	3	18	71	23	56	52	1	39	47	65	71	47	66	19	58	58	75	75	64	4	58	48	30	30	34	38	56	39	31	64	20	34	22	29	75	65	26	15	24	26	44	20	63	61	18	53	46	64	69	4	41	68	4	62	63	77	19	7	71	38	28	16	25	70	17	67	30	78	11	2	74	9	24	21	23	67	13	72	25	59	0	26	73	14	61	33	48	52	15	61	58	67	65	51	27	59	59	3	16	34	5	54	22	45	32	70	24	21	4	78	10	47	63	6	69	10	4	38	31	68	40	24	41	62	2	63	51	65	67	20	53	59	45	44	2	56	4	13	1	50	1	66	18	72	58	68	22	66	31	8	44	1	29	48	4	65	79	32	25	26	34	29	63	21	49	63	59	64	36	37	59	41	22	22	24	46	21	39	2	22	18	10	59	2	70	28	41	5	46	44	21	63	1	76	61	69	66	36	6	0	6	47	62	41	40	66	12	36	44	37	19	4	42	56	5	49	9	24	0	15	72	6	59	34	33	43	41	58	24	46	55	23	11	55	31	34	39	32	27	6	54	73	73	68	11	56	4	27	14	76	32	58	15	74	29	58	70	71	9	18	25	73	19	2	51	4	60	53	44	34	6	63	73	1	4	50	45	63	26	11	60	72	49	31	68	47	7	54	47	1	25	20	59	77	75	7	33	25	35	61	71	72	21	52	49	33	42	69	5	44	45	21	19	50	5	63	51	33	6	64	18	18	37	5	79	55	36	43	32	79	27	69	1	51	37	9	28	62	56	34	60	63	39	74	17	32	76	22	4	73	14	40	44	11	75	58	7	49	2	55	43	59	21	7	52	78	26	46	78	8	77	65	68	51	55	47	39	19	70	67	41	12	66	62	35	70	31	64	73	2	53	65	14	72	49	0	32	72	16	68	6	23	45	63	0	14	28	72	65	8	8	45	56	
57	35	69	72	28	64	34	8	78	64	27	63	39	28	55	22	33	61	16	22	20	75	79	41	42	0	30	23	75	37	20	41	64	67	75	24	67	50	44	29	12	12	0	2	5	9	0	63	54	67	20	61	25	67	79	25	70	32	62	56	41	21	45	49	54	24	49	11	50	14	16	42	20	76	13	68	15	22	31	29	24	19	42	74	6	54	19	49	43	54	31	38	63	70	3	30	53	60	36	15	67	77	40	46	13	78	35	46	26	68	25	23	60	68	17	43	27	2	31	17	58	53	9	13	46	32	2	69	62	41	0	77	61	21	57	11	16	57	17	18	14	10	29	58	57	77	34	37	9	23	5	42	17	12	11	30	71	19	26	21	31	47	70	20	79	39	51	32	76	14	56	79	58	58	73	70	15	0	76	24	64	69	4	29	65	77	55	55	56	63	43	45	42	14	68	3	75	33	7	31	33	59	9	37	48	66	79	27	63	27	30	21	48	11	12	56	43	7	12	58	35	20	5	47	61	22	59	76	48	4	51	23	79	65	50	52	15	36	29	57	23	64	10	74	25	75	76	60	29	26	42	53	22	50	40	57	74	56	11	14	77	0	11	65	38	60	65	19	4	27	75	23	22	4	26	30	29	73	62	41	59	26	56	40	63	56	43	14	43	4	21	26	1	0	74	14	65	13	73	11	43	74	51	49	34	58	11	3	70	13	31	25	52	0	49	44	7	7	69	38	43	22	79	6	41	14	68	78	51	70	16	24	15	60	6	60	54	27	68	49	75	25	55	3	10	52	43	65	66	7	61	6	14	1	27	0	45	30	34	28	11	28	14	6	37	32	70	47	25	6	53	31	9	7	16	63	44	13	46	68	27	10	31	48	26	2	35	67	35	59	8	40	22	49	2	77	6	54	43	60	18	55	22	50	42	47	22	53	14	2	25	56	72	68	75	25	52	41	35	79	35	10	61	22	18	14	28	64	13	32	74	59	42	58	51	77	42	6	56	51	20	22	68	71	47	51	76	2	39	34	79	68	55	46	7	29	78	74	60	23	74	38	1	67	31	45	22	29	27	66	5	12	52	7	14	58	18	77	18	25	57	76	17	16	63	17	48	11	9	24	62	64	17	19	37	45	14	28	24	17	73	71	74	62	6	7	76	33	7	42	34	71	57	14	29	61	59	53	19	56	7	24	39	22	35	69	27	13	60	50	32	25	75	58	70	24	20	65	76	5	37	32	40	22	64	53	43	35	53	74	77	70	14	1	17	26	47	25	5	66	22	64	54	46	78	35	6	47	5	29	76	60	35	18	66	68	1	20	79	39	14	61	27	31	6	53	62	2	63	27	22	2	55	50	67	13	56	75	76	25	51	13	49	17	45	42	44	35	34	67	57	22	78	11	35	10	67	6	17	74	53	50	74	68	71	41	33	68	41	74	77	67	55	78	29	79	72	29	55	14	66	44	53	14	78	37	3	21	6	27	25	17	4	36	50	25	75	40	33	61	11	63	62	9	5	5	19	13	11	56	78	54	46	28	51	35	70	33	23	59	22	63	59	65	29	49	21	66	78	59	9	49	35	24	2	60	28	19	11	38	63	20	1	46	77	24	13	21	46	29	4	70	68	59	72	16	47	79	27	52	52	12	48	39	24	25	12	67	25	32	7	43	12	68	28	10	46	50	34	14	46	27	78	46	3	78	40	49	29	75	59	14	3	64	34	16	12	13	32	27	8	6	71	6	43	42	54	14	42	1	37	72	71	70	21	60	57	37	79	0	23	78	37	76	12	10	47	9	11	66	67	79	34	49	66	45	41	75	69	24	12	22	69	74	22	35	72	75	55	78	64	28	75	59	78	33	46	51	10	17	46	15	13	45	66	49	68	28	74	0	72	77	52	45	56	78	15	27	69	68	33	75	45	27	6	41	19	41	2	24	45	39	49	58	38	22	55	4	37	17	31	14	45	5	73	52	27	53	54	5	62	34	55	72	13	44	65	72	77	64	33	49	57	24	67	25	37	39	79	12	8	1	9	1	56	20	14	0	68	77	64	53	23	54	12	8	28	59	57	53	71	79	17	64	4	20	73	37	29	1	39	38	19	58	31	72	33	34	6	63	45	79	9	71	49	79	58	56	9	40	21	5	75	11	3	66	36	58	24	30	74	59	25	77	54	26	67	77	7	0	42	40	31	35	11	23	60	21	41	1	67	59	37	16	23	71	38	50	21	37	36	77	0	41	39	60	1	60	52	36	46	54	9	76	32	29	17	16	75	20	76	22	42	78	61	61	38	68	29	44	12	53	56	6	79	26	23	2	32	56	17	78	49	74	72	78	69	31	22	58	13	50	23	11	6	37	79	73	67	70	26	73	25	28	4	75	50	24	45	8	29	53	19	63	23	47	72	42	63	63	31	77	62	60	16	45	5	9	7	46	23	51	36	29	62	69	13	62	43	27	76	17	0	50	64	3	35	27	20	58	8	68	11	74	69	3	35	27	17	61	4	3	74	63	62	4	76	12	71	61	1	53	57	1	68	71	50	53	49	78	28	57	59	60	42	68	56	33	66	63	45	38	11	76	21	68	27	38	43	6	50	56	30	21	19	20	60	48	21	41	49	51	69	7	77	50	16	14	18	73	6	66	35	49	53	2	8	54	65	51	37	66	72	42	18	76	41	13	2	63	7	74	54	30	18	36	42	72	34	44	22	24	79	42	5	20	54	18	4	17	5	28	29	0	43	72	49	47	21	74	42	76	36	58	42	55	60	66	64	46	38	11	2	50	66	25	21	2	6	59	43	27	38	28	52	79	76	2	22	13	43	62	50	14	68	63	12	15	62	10	44	35	34	73	16	27	74	34	18	7	42	52	29	62	43	42	27	7	56	21	0	33	78	66	2	14	29	13	21	78	66	3	63	54	44	27	30	30	77	23	22	69	28	21	45	34	18	70	73	74	77	4	50	63	44	36	18	19	77	16	45	68	50	74	3	19	7	25	60	34	30	30	56	41	57	3	4	34	79	78	37	51	52	34	31	1	29	71	56	32	21	68	7	15	1	31	64	72	28	28	66	30	2	39	22	38	12	73	65	45	15	44	13	69	68	44	50	22	22	16	39	24	62	2	39	5	36	28	42	5	2	71	54	52	14	44	25	18	43	26	30	7	69	1	12	25	67	52	38	29	63	74	76	44	6	21	24	28	42	30	73	33	23	75	11	17	23	8	55	67	59	30	57	54	69	64	20	76	48	42	73	29	1	59	61	19	71	56	66	59	14	0	57	59	38	53	29	30	11	35	29	24	41	51	40	34	44	14	44	68	76	77	13	43	40	61	8	35	56	30	2	73	21	6	35	42	68	78	66	27	62	26	13	53	8	28	45	44	20	74	35	23	5	6	25	50	52	15	25	26	73	56	76	31	57	43	2	70	71	55	36	59	34	57	72	75	74	62	17	54	33	54	75	75	24	44	18	42	9	70	50	35	25	54	75	26	44	50	9	10	71	44	22	3	62	53	44	13	72	44	19	77	60	43	38	74	54	16	37	78	36	69	24	61	40	31	18	6	33	5	48	57	30	9	51	75	38	9	74	77	13	77	57	52	79	9	10	60	31	16	26	61	62	0	50	40	46	74	39	79	20	11	10	4	49	17	48	41	19	34	45	68	50	63	74	21	16	27	22	44	63	37	20	58	27	77	5	10	0	70	45	61	5	25	58	37	1	5	39	61	49	23	62	53	53	27	55	69	15	18	11	10	21	55	5	7	24	1	8	36	75	62	36	79	1	24	74	14	55	14	18	78	74	53	79	59	37	20	64	9	14	53	20	19	68	26	38	72	72	48	46	44	16	13	62	74	73	38	44	60	69	73	33	10	78	16	76	61	49	11	72	56	28	12	13	40	13	64	0	20	77	12	63	58	69	5	76	2	11	3	2	37	79	1	58	17	49	36	51	61	22	19	72	68	10	25	77	34	15	74	25	44	44	46	77	71	55	45	19	21	66	24	19	46	45	46	36	20	62	43	33	64	73	21	19	59	5	32	40	78	14	7	44	42	28	76	11	50	25	72	12	77	62	36	42	68	3	73	13	49	50	0	78	44	16	50	25	22	16	45	63	49	66	33	49	46	2	49	45	10	42	53	72	16	26	54	18	0	57	31	33	69	30	56	60	66	6	59	24	1	67	19	9	48	57	71	52	50	70	23	58	26	48	9	79	54	21	54	17	18	27	38	8	9	47	16	18	15	32	77	38	17	0	13	9	54	31	0	47	16	73	45	37	22	14	9	9	26	7	46	1	31	19	49	16	11	6	1	6	0	10	66	28	9	26	31	50	40	74	53	15	76	16	16	37	45	33	61	58	73	54	3	18	31	40	69	18	47	44	39	50	13	1	11	45	5	31	4	63	70	60	75	61	48	17	3	74	54	5	16	64	31	72	75	24	0	61	29	1	17	51	59	11	42	46	30	14	60	74	19	47	75	50	57	14	57	20	30	76	47	28	7	1	68	26	4	78	30	61	31	76	56	62	52	36	31	25	9	28	79	3	16	36	23	17	79	34	69	57	17	49	62	61	56	47	13	60	43	28	56	42	11	11	59	28	39	46	34	55	21	33	55	1	63	56	7	40	35	9	60	4	79	41	76	9	40	29	63	54	49	66	16	13	57	0	31	37	31	71	8	22	75	68	62	43	25	79	27	57	77	47	72	63	29	19	53	19	50	28	18	35	14	21	25	11	6	30	57	15	77	68	34	14	24	57	53	28	16	46	28	34	33	22	46	12	17	78	60	29	52	35	30	33	37	27	61	52	11	7	2	1	62	17	63	21	34	29	4	14	42	66	54	34	7	16	34	66	20	46	32	59	59	17	78	46	29	19	71	72	13	44	41	19	45	30	45	39	3	49	76	67	22	2	55	17	22	43	28	43	57	35	14	65	68	39	32	56	43	41	22	28	57	73	10	40	66	41	58	20	73	34	51	1	27	45	20	28	13	38	73	18	38	15	78	1	66	13	54	18	64	60	64	
6	7	4	3	9	13	3	15	10	16	11	10	10	9	11	10	13	4	2	14	8	15	7	1	12	3	8	19	11	8	14	5	17	16	10	8	16	8	1	9	4	16	15	2	15	10	7	2	9	10	8	4	11	14	9	2	4	12	14	9	1	20	14	6	12	12	16	5	18	17	2	13	7	8	16	8	2	11	19	14	14	5	1	13	5	5	1	17	20	18	19	4	8	15	5	18	9	3	6	18	18	9	14	2	6	13	11	10	11	4	13	8	18	11	9	20	12	19	16	9	1	13	16	12	11	18	5	8	16	16	9	15	19	6	12	5	10	7	11	4	1	2	19	8	7	6	2	4	3	14	12	2	15	13	7	18	8	11	2	2	3	9	9	14	17	16	2	16	14	17	4	20	17	1	3	8	1	2	4	13	4	7	17	11	10	2	2	4	14	1	5	13	4	11	17	18	8	19	1	12	8	5	14	9	5	14	15	2	12	6	16	7	13	8	7	10	11	8	7	8	17	20	8	5	13	15	7	10	20	15	10	5	15	9	1	7	14	19	5	16	12	20	8	14	16	7	2	6	16	12	20	20	13	3	20	14	7	15	18	16	1	12	19	20	20	19	4	19	16	7	17	3	14	3	7	10	7	20	16	12	2	6	3	14	1	3	14	5	4	12	7	15	2	6	5	16	4	9	3	9	4	15	20	4	2	5	7	8	12	20	11	4	8	12	2	20	17	2	6	10	11	6	11	1	17	17	11	1	17	19	1	18	15	10	19	20	12	8	7	19	2	19	2	13	4	17	16	6	5	20	14	20	18	11	18	7	14	12	19	13	4	8	8	10	2	2	16	10	5	3	13	1	3	15	3	6	16	16	2	4	4	3	2	1	8	4	5	6	12	10	3	11	12	12	12	8	16	10	15	15	13	14	11	8	6	14	11	9	3	16	11	2	13	9	16	5	12	5	2	16	8	5	13	12	14	9	6	1	4	9	7	7	15	3	16	5	6	7	12	2	11	4	1	6	16	9	7	6	12	16	11	5	3	5	11	3	4	4	13	5	8	2	14	15	3	5	12	5	8	13	13	14	8	15	4	9	10	6	7	11	1	8	10	4	13	3	12	3	3	11	15	8	11	9	8	4	15	7	2	15	4	10	8	3	15	7	13	12	16	16	12	7	10	1	5	11	6	10	14	9	3	16	1	10	15	12	2	11	14	11	12	13	1	2	13	9	6	10	10	15	16	2	9	14	13	6	8	3	7	11	15	3	3	16	3	6	6	12	2	10	3	15	5	4	9	7	10	13	2	1	7	13	1	3	7	12	2	13	12	2	12	6	7	15	8	5	10	8	14	14	5	13	6	3	12	7	3	3	6	7	13	10	6	7	11	16	5	10	4	2	13	1	5	4	13	7	12	1	2	6	12	4	10	10	11	10	11	3	12	9	5	9	14	2	13	8	14	15	3	11	2	1	2	16	7	5	8	12	2	4	15	3	2	2	15	16	4	10	5	7	10	7	4	6	7	12	10	9	10	5	9	16	13	14	3	8	11	14	13	6	5	11	10	16	12	4	13	11	13	14	9	9	13	14	14	7	13	2	5	9	7	13	8	5	7	10	4	8	13	15	12	14	10	12	10	1	5	1	7	1	6	6	5	16	13	4	11	15	10	2	6	1	7	13	4	9	12	12	12	9	16	4	10	10	1	16	14	8	4	15	11	10	12	12	10	15	11	4	2	10	12	16	6	14	15	14	7	9	16	4	1	5	6	6	3	8	5	3	6	13	3	5	14	12	6	15	6	7	3	3	4	4	4	12	14	16	16	2	10	4	10	15	6	12	6	7	6	7	8	12	14	5	13	12	1	9	9	6	9	6	16	15	11	13	2	3	4	5	1	12	8	12	4	12	12	13	14	5	14	5	2	6	11	3	12	6	1	12	10	9	16	3	12	14	10	6	11	2	15	12	11	1	8	3	16	9	9	8	9	3	16	12	8	3	6	14	6	5	7	13	2	9	10	16	9	9	3	10	6	6	12	2	16	7	16	13	7	15	12	12	2	10	9	12	13	15	6	14	16	8	4	15	9	16	12	9	12	4	10	16	4	1	14	14	1	7	12	1	15	14	14	1	8	4	10	13	7	5	1	14	7	6	6	14	16	14	12	15	10	13	1	12	8	15	10	6	7	13	15	8	1	16	12	6	11	7	1	8	7	11	11	6	3	3	2	6	11	12	10	2	8	15	11	15	10	4	1	10	9	10	14	16	1	5	16	4	9	12	15	10	6	14	1	13	15	13	1	14	1	8	10	13	3	4	9	10	15	15	9	12	8	13	1	14	13	10	4	10	7	10	4	14	4	7	4	15	15	4	10	3	15	2	4	16	6	3	7	14	2	16	9	5	5	3	3	10	6	12	10	8	14	5	6	2	15	16	8	12	5	7	6	11	10	12	7	7	10	5	8	9	11	5	12	15	5	4	12	13	4	15	6	2	7	7	13	15	7	14	4	9	8	9	9	5	1	14	8	12	6	7	8	6	7	1	10	7	6	6	11	8	3	14	10	6	1	14	2	14	8	12	14	9	6	9	4	12	14	13	7	10	13	16	5	15	4	13	1	14	9	5	7	8	2	15	10	16	5	13	3	12	7	3	14	15	8	7	2	8	14	10	11	9	9	1	4	2	6	16	5	1	14	5	3	10	10	15	1	1	8	3	4	4	7	5	10	8	16	4	10	2	13	12	15	10	1	12	15	1	14	1	2	10	15	13	12	10	6	14	10	15	2	6	15	11	16	2	4	8	9	7	16	4	11	12	1	9	6	7	11	12	5	4	7	16	9	14	1	3	6	9	4	16	2	6	2	4	9	13	15	9	2	1	3	4	16	14	11	15	10	8	7	7	16	5	2	7	7	9	16	14	4	6	7	15	3	15	13	13	5	8	8	7	8	16	3	12	3	13	1	9	9	13	3	14	4	7	10	13	10	2	7	15	9	14	15	5	12	4	15	3	2	16	1	5	6	1	1	16	2	11	1	2	6	16	9	2	16	1	8	6	4	5	13	11	16	5	15	5	9	2	14	3	15	3	6	8	9	12	10	8	13	4	12	8	9	5	6	8	11	12	5	3	16	6	15	9	11	12	3	8	7	1	9	12	13	15	15	2	2	16	14	9	5	7	2	14	8	5	14	12	16	16	15	13	1	4	10	8	11	16	12	16	2	9	2	7	1	9	7	16	4	7	6	1	7	1	2	16	14	5	12	6	16	13	7	15	2	1	6	3	11	7	9	8	5	3	14	6	10	11	11	12	1	14	16	7	11	14	12	10	9	13	9	6	12	9	9	16	9	12	16	14	3	4	5	16	8	7	16	8	10	14	16	5	10	14	7	10	10	8	16	5	15	8	15	5	6	12	8	12	11	4	3	12	14	16	4	15	3	1	9	8	15	7	4	9	15	15	7	15	13	14	15	15	13	10	1	9	2	7	9	1	13	6	1	4	1	15	1	2	11	5	11	10	12	3	14	6	11	4	14	16	15	2	16	15	16	4	8	16	2	9	4	1	5	2	14	7	14	3	4	7	12	16	1	1	7	2	2	13	13	2	5	15	13	10	9	10	6	12	8	5	10	16	15	1	14	15	8	8	13	14	13	5	4	16	5	2	7	9	13	12	12	7	7	5	13	6	7	6	11	7	6	3	2	16	14	2	10	9	14	5	12	12	13	14	4	14	8	11	15	12	10	10	4	10	11	10	11	9	6	1	12	7	10	16	9	4	13	7	2	15	16	3	12	5	6	9	6	5	1	15	4	11	15	3	14	5	14	10	15	4	15	3	10	6	9	5	16	8	12	12	12	4	13	16	13	13	2	4	2	14	13	13	7	7	6	3	5	9	12	3	8	1	2	6	14	2	13	1	5	7	5	3	13	5	10	10	9	9	7	10	16	8	11	4	11	14	1	4	11	9	7	16	5	13	16	7	11	10	14	7	14	14	9	1	3	7	5	10	6	6	12	6	4	1	1	6	4	5	2	16	3	9	2	14	3	7	10	9	13	5	13	13	10	7	14	5	4	16	6	1	4	11	7	7	6	15	8	2	16	14	16	15	15	10	14	14	10	13	1	15	12	15	2	11	4	12	6	7	16	5	5	16	2	15	15	16	10	5	12	11	7	1	3	12	10	9	1	9	5	16	6	4	4	16	11	7	5	16	9	13	7	16	15	6	15	6	10	8	12	7	16	15	15	7	2	1	10	9	7	5	1	5	7	8	2	3	12	15	6	13	10	13	2	5	12	7	6	12	4	7	3	15	5	12	4	2	1	12	1	3	6	9	12	16	2	1	2	4	15	10	8	14	11	16	6	1	3	15	5	1	7	4	7	8	16	13	2	4	14	16	2	7	3	7	7	3	7	10	16	8	13	4	8	4	12	14	15	14	11	13	3	4	8	16	10	9	2	1	8	4	12	12	2	11	11	9	14	15	9	4	14	11	13	11	6	13	2	13	2	14	10	6	9	4	2	11	16	11	11	16	4	5	7	8	12	15	1	4	8	8	12	13	2	6	4	16	8	1	7	10	7	1	9	3	5	6	11	1	7	15	14	15	11	3	8	4	1	11	1	15	3	1	8	4	14	7	11	14	1	4	2	10	4	15	12	13	4	4	12	6	1	4	14	2	14	16	11	6	14	4	16	8	12	9	8	11	9	4	11	7	10	14	4	7	15	14	11	4	4	8	6	16	12	10	13	13	2	11	9	16	16	15	4	2	16	7	15	3	15	8	15	4	4	14	4	14	14	2	1	8	1	13	2	11	11	3	7	8	11	6	11	7	3	12	12	6	14	15	2	4	5	3	9	8	5	12	1	3	14	6	13	13	15	4	9	13	16	6	1	6	8	5	7	14	14	10	9	10	16	12	4	14	3	13	12	13	13	2	14	1	10	13	5	11	6	12	9	14	4	16	9	9	12	10	10	4	2	1	15	8	14	13	5	9	13	9	1	5	4	8	11	11	7	11	4	4	16	6	7	8	
830	290	910	730	780	740	380	330	950	380	180	100	300	910	420	650	290	870	940	780	620	610	810	370	550	710	640	370	640	790	210	910	890	830	890	350	650	640	240	130	580	610	480	660	810	660	810	760	950	520	480	410	950	440	360	980	390	700	580	280	780	410	150	180	940	470	140	620	560	320	990	400	350	900	950	520	700	970	120	700	950	460	990	410	230	350	600	510	530	610	200	380	490	540	280	140	820	330	780	380	980	190	830	430	280	520	220	890	580	810	580	370	990	630	310	650	370	480	720	310	890	190	840	480	450	470	910	660	850	970	390	430	450	920	110	350	970	330	170	920	300	960	220	290	780	230	970	760	860	320	700	610	810	430	810	630	670	130	240	130	180	740	980	830	100	940	600	370	830	270	890	640	840	500	980	440	320	320	350	780	200	700	660	620	340	510	200	200	380	750	350	410	700	560	760	800	830	180	750	540	760	670	600	270	450	520	140	180	750	180	390	110	290	870	720	380	480	510	130	1000	630	460	300	740	810	600	900	550	970	630	580	170	910	560	400	780	270	290	710	410	250	630	350	440	350	110	140	870	450	540	540	500	600	410	350	250	520	950	460	960	670	730	220	230	240	280	530	320	330	140	330	150	390	330	950	420	260	730	740	750	860	330	880	540	900	530	800	620	700	840	660	170	810	270	890	530	510	630	740	220	450	710	670	210	910	730	880	650	730	100	100	1000	540	130	280	810	820	480	990	450	980	140	930	620	290	530	700	220	520	870	370	290	730	290	790	900	800	300	820	600	260	290	380	430	840	870	410	750	650	690	860	750	920	290	110	670	140	180	270	460	870	770	190	470	940	380	450	760	350	830	180	740	460	520	950	960	430	700	160	770	760	460	490	560	880	630	860	240	660	400	960	800	900	430	770	150	940	530	440	740	470	980	900	100	420	350	890	630	530	460	840	750	660	1000	760	600	620	900	680	330	620	120	860	380	430	470	550	870	880	280	820	930	270	320	460	200	840	710	350	500	500	180	470	690	990	770	820	180	480	400	110	680	140	620	270	990	490	190	270	230	470	760	280	770	490	660	810	450	850	940	870	950	180	350	780	510	350	230	830	480	900	780	190	850	100	970	1000	340	600	550	980	230	770	650	620	440	500	860	570	960	700	170	920	360	510	470	720	920	360	230	110	500	880	910	760	800	490	970	740	240	540	860	980	150	150	480	900	680	170	240	480	620	330	560	250	750	950	320	370	320	470	810	540	130	210	260	260	530	160	700	640	800	790	370	630	540	550	260	620	610	320	190	580	920	320	490	320	790	280	700	990	550	110	840	810	250	680	820	890	830	790	360	930	620	910	200	440	360	710	750	970	810	440	420	750	980	780	560	860	760	570	900	100	580	680	710	700	980	780	120	150	920	990	560	980	230	440	800	230	330	160	690	770	770	440	460	380	350	110	840	550	330	160	290	100	350	350	290	640	970	450	500	680	280	100	780	430	960	160	710	240	980	860	480	890	980	830	580	980	530	580	460	420	370	870	180	350	390	520	290	500	970	880	900	930	250	900	630	870	490	280	820	370	960	780	340	870	360	360	200	720	930	860	350	190	500	900	330	630	460	800	950	300	840	440	940	240	220	200	940	870	200	660	270	370	340	990	180	290	730	970	460	840	340	290	740	610	170	510	190	310	550	210	270	710	780	490	210	290	890	240	880	790	100	860	290	300	550	360	790	180	840	990	360	560	590	720	450	300	400	500	120	280	680	830	870	840	660	410	960	590	220	410	460	990	590	170	540	230	550	550	990	390	720	560	130	100	200	880	750	140	150	200	700	570	530	610	750	370	460	260	230	460	150	620	720	460	540	260	340	110	280	540	170	710	940	690	390	810	230	300	210	700	160	700	990	860	540	940	500	140	600	580	970	280	170	920	100	720	600	800	240	170	780	700	760	590	900	100	400	310	170	870	670	150	230	170	650	620	400	650	550	950	700	680	280	340	730	520	850	350	620	680	130	710	910	580	840	260	900	200	870	930	130	390	990	800	950	870	600	810	980	840	330	800	400	240	290	920	690	380	720	900	840	740	460	320	720	320	110	520	460	260	330	600	470	980	960	780	730	270	590	460	270	750	550	180	380	510	780	960	440	680	480	530	870	170	220	590	150	670	350	800	870	300	800	320	780	510	920	1000	480	120	920	100	560	920	800	770	580	120	270	750	820	900	440	460	250	660	850	840	230	680	980	160	770	680	140	640	490	520	940	780	700	590	920	490	940	540	540	480	990	390	780	940	600	720	360	650	900	640	570	510	300	320	260	690	430	930	450	810	880	970	250	810	660	590	730	640	170	530	850	970	640	990	850	490	1000	240	310	500	300	250	1000	340	690	340	560	980	970	780	760	680	380	990	230	770	150	330	130	850	910	540	940	810	760	830	360	310	890	780	690	940	720	490	500	620	760	210	120	160	610	910	260	220	780	350	400	890	560	660	600	340	550	920	1000	300	920	910	600	920	190	210	740	310	960	650	550	460	930	690	700	230	990	520	550	660	480	510	970	470	840	710	450	730	370	990	420	590	810	680	790	980	900	490	520	110	620	370	350	780	850	660	450	290	910	860	540	100	350	900	920	810	350	250	860	940	170	430	150	590	200	860	940	310	860	180	410	750	440	570	640	400	990	290	230	390	500	430	750	940	640	130	490	290	380	480	790	120	450	970	530	640	770	290	410	210	730	390	760	410	280	160	730	700	660	270	410	950	430	310	900	240	800	760	480	550	480	720	830	230	680	660	170	250	310	910	850	850	790	250	500	930	160	350	910	800	680	460	170	750	690	450	100	220	980	420	820	860	210	120	100	570	670	830	350	480	340	910	330	620	430	390	910	1000	910	750	850	390	850	670	790	690	370	480	980	160	900	780	520	510	790	600	290	380	850	740	310	250	610	990	630	950	800	790	870	470	810	620	650	230	410	430	700	960	700	940	620	800	360	990	400	430	980	710	240	430	590	240	810	860	960	140	870	410	750	530	560	860	690	990	880	540	990	500	330	260	940	600	720	790	440	630	540	980	550	960	670	490	260	240	550	240	590	870	520	680	130	840	770	1000	570	110	110	370	330	170	590	500	950	760	670	600	590	540	260	940	260	640	880	110	310	760	190	330	550	430	430	370	230	650	570	960	190	660	360	500	550	860	590	570	180	420	270	840	890	150	360	300	440	910	170	500	660	980	660	290	880	790	440	150	940	410	460	820	790	340	780	550	490	200	720	250	310	840	850	720	200	520	920	900	180	260	590	310	900	580	640	690	810	990	730	950	210	920	420	340	970	350	610	660	100	540	400	740	910	580	590	460	230	990	370	950	720	340	160	720	500	490	790	400	510	590	980	650	230	440	710	780	420	360	910	940	700	270	790	640	550	940	130	110	170	320	150	120	530	660	500	660	180	860	560	260	690	800	810	960	670	590	100	230	580	910	820	510	420	330	760	860	710	250	150	400	790	370	770	620	180	470	590	110	190	490	880	640	530	980	410	650	300	640	310	160	960	970	870	230	360	320	230	350	120	190	580	310	760	220	300	790	780	970	350	590	460	850	770	500	140	230	510	520	400	490	780	400	910	390	800	680	490	530	980	560	710	120	320	400	860	100	740	980	580	740	800	190	820	350	410	670	180	720	920	410	140	540	920	210	120	610	790	310	850	790	460	410	460	880	330	140	750	820	130	740	530	260	330	910	280	520	660	520	700	320	550	260	390	450	250	800	970	370	290	350	440	670	900	360	720	870	530	700	470	550	250	480	240	740	730	700	920	890	540	170	560	660	660	160	250	710	990	240	880	750	460	760	530	580	110	600	870	980	420	800	630	300	710	470	920	170	260	650	530	540	700	140	420	260	600	990	740	230	770	260	470	390	430	190	210	730	750	830	550	590	570	850	750	1000	970	760	610	510	790	350	280	800	890	360	330	210	750	780	780	760	470	470	370	210	860	610	190	850	880	420	540	220	510	380	560	600	500	190	530	980	610	870	650	240	790	480	350	740	300	570	260	830	730	480	210	230	660	720	430	430	410	630	680	720	100	860	490	660	480	410	130	660	980	900	240	970	700	850	820	480	600	870	410	570	670	520	610	350	640	550	480	880	710	980	580	170	600	670	230	400	530	870	350	590	590	140	570	690	460	270	820	800	980	440	850	140	900	900	360	570	100	140	300	270	700	480	870	610	820	340	370	860	320	390	550	200	610	270	360	130	270	620	580	900	940	660	370	340	580	740	620	580	780	680	750	960	490	550	530	610	640	120	240	680	440	710	600	140	710	580	700	640	240	430	900	480	650	110	910	620	480	570	800	200	300	640	650	390	820	270	920	400	370	690	520	850	450	400	950	300	290	880	210	690	700	230	420	100	190	440	110	350	430	690	730	380	690	930	900	170	250	860	890	530	350	820	520	980	350	940	670	830	420	750	200	120	420	250	350	770	380	640	140	750	230	410	190	550	310	780	650	480	410	350	280	720	250	210	850	530	950	280	850	470	900	520	770	140	190	530	320	180	260	940	710	320	800	680	900	380	750	220	750	370	650	500	400	110	110	190	350	110	630	470	750	970	320	560	570	390	930	440	810	360	240	210	880	680	600	680	110	420	580	720	550	330	320	870	340	400	710	600	170	270	1000	230	100	300	840	320	630	200	160	330	880	960	800	300	560	760	530	710	870	220	330	440	450	690	430	850	580	300	370	590	960	990	500	530	270	940	910	170	680	570	980	810	890	380	230	870	330	450	900	720	130	250	600	230	500	790	810	870	930	690	630	820	870	740	920	350	210	170	160	660	980	210	970	180	450	310	960	730	800	210	680	410	140	480	350	180	190	990	100	250	520	830	450	600	860	370	470	220	970	370	850	730	400	510	930	770	820	710	470	500	510	260	360	500	500	970	340	190	560	290	350	780	570	870	570	260	570	810	650	950	510	430	170	520	660	340	530	570	720	830	890	710	710	820	640	390	500	680	230	970	840	310	510	990	690	530	340	860	800	280	550	300	690	340	730	370	460	570	840	760	210	660	780	800	660	
1
