2844
80
4
90
0	192	0	0	0	0	0	0	0	0	0	0	0	0	0	0	0	0	0	0	0	0	0	0	0	0	0	0	0	0	0	0	0	0	0	0	0	0	0	0	0	0	0	0	0	0	0	0	0	0	0	0	0	0	0	0	0	0	0	192	192	0	0	0	0	0	192	0	0	0	0	0	0	0	0	0	0	0	0	0	
192	0	0	0	0	0	0	0	0	0	0	0	0	0	0	0	0	0	0	0	0	0	0	0	192	0	0	0	0	0	0	0	192	0	0	0	0	0	0	0	0	0	0	0	0	0	0	0	0	0	0	0	0	0	0	0	0	0	0	0	0	0	0	0	0	0	192	0	0	0	0	0	0	0	0	0	0	0	0	0	
0	0	0	0	0	0	0	0	0	0	0	0	0	0	192	0	192	0	0	0	0	0	0	0	0	0	0	0	0	0	0	0	0	0	0	0	0	0	0	0	0	0	0	0	0	0	192	0	0	0	0	192	0	0	0	0	0	0	0	0	0	0	0	0	0	0	0	0	0	0	0	0	0	0	0	0	0	0	0	0	
0	0	0	0	0	0	192	0	0	0	0	0	0	0	0	0	0	0	0	0	0	0	0	0	0	0	0	0	192	0	0	0	0	0	0	0	0	0	0	0	0	0	0	0	0	0	0	0	0	0	0	0	0	0	0	0	0	0	0	0	0	0	0	0	0	0	0	0	0	0	0	192	0	0	0	0	0	0	0	192	
0	0	0	0	0	0	0	0	0	0	0	0	0	0	0	0	0	0	192	0	0	0	0	0	0	0	0	0	0	0	0	0	0	0	0	0	0	0	0	0	0	0	0	0	0	0	0	0	0	0	0	0	0	0	0	0	0	0	0	192	0	0	0	0	0	0	0	0	0	192	0	0	0	0	192	0	0	0	0	0	
0	0	0	0	0	0	0	0	192	0	0	0	192	0	0	0	0	192	0	0	0	0	0	0	0	0	0	0	0	0	0	0	0	0	0	0	0	0	0	0	0	0	0	0	0	0	0	0	0	0	0	0	0	192	0	0	0	0	0	0	0	0	0	0	0	0	0	0	0	0	0	0	0	0	0	0	0	0	0	0	
0	0	0	192	0	0	0	0	0	0	0	0	0	0	0	0	0	0	0	0	0	0	0	192	0	0	0	0	0	0	0	0	0	0	0	0	0	192	0	0	0	0	0	0	0	0	0	192	0	0	0	0	0	0	0	0	0	0	0	0	0	0	0	0	0	0	0	0	0	0	0	0	0	0	0	0	0	0	0	0	
0	0	0	0	0	0	0	0	0	0	0	0	0	0	0	0	0	0	0	0	0	0	0	0	0	0	0	0	0	0	0	0	0	0	192	0	0	0	0	0	0	0	0	0	0	0	0	0	0	0	0	0	0	0	0	0	0	0	0	0	0	0	0	0	0	0	0	0	0	0	0	0	0	0	192	0	192	192	0	0	
0	0	0	0	0	192	0	0	0	0	0	0	192	0	0	0	0	0	0	0	0	0	0	0	0	0	0	0	0	0	0	0	0	0	0	0	0	0	0	0	0	0	0	0	0	0	192	0	0	0	0	0	0	0	0	0	0	0	0	0	0	0	192	0	0	0	0	0	0	0	0	0	0	0	0	0	0	0	0	0	
0	0	0	0	0	0	0	0	0	0	0	0	0	192	0	0	0	0	0	0	0	192	0	0	0	0	192	0	0	0	0	0	0	0	0	0	0	0	0	0	0	0	0	0	0	0	0	0	0	0	0	0	0	192	0	0	0	0	0	0	0	0	0	0	0	0	0	0	0	0	0	0	0	0	0	0	0	0	0	0	
0	0	0	0	0	0	0	0	0	0	0	0	0	0	192	192	0	0	0	0	0	0	0	0	0	0	0	0	0	0	0	0	0	0	0	0	0	0	0	0	0	0	0	0	0	0	0	0	0	0	0	0	0	0	0	0	0	0	192	0	0	0	0	0	0	192	0	0	0	0	0	0	0	0	0	0	0	0	0	0	
0	0	0	0	0	0	0	0	0	0	0	0	0	0	0	0	0	0	0	0	0	0	0	192	0	0	0	0	0	0	0	0	0	0	192	0	0	0	0	0	0	0	0	0	0	0	0	192	0	0	0	0	0	0	0	0	0	0	0	0	0	0	0	0	0	0	0	0	0	0	0	192	0	0	0	0	0	0	0	0	
0	0	0	0	0	192	0	0	192	0	0	0	0	0	0	0	0	0	0	0	0	0	0	0	0	0	0	0	0	0	0	0	0	0	0	0	0	0	0	0	0	0	0	0	0	0	192	0	0	0	0	0	0	0	0	0	0	0	0	0	0	0	192	0	0	0	0	0	0	0	0	0	0	0	0	0	0	0	0	0	
0	0	0	0	0	0	0	0	0	192	0	0	0	0	0	0	0	0	0	0	0	192	0	0	0	192	192	0	0	0	0	0	0	0	0	0	0	0	0	0	0	0	0	0	0	0	0	0	0	0	0	0	0	0	0	0	0	0	0	0	0	0	0	0	0	0	0	0	0	0	0	0	0	0	0	0	0	0	0	0	
0	0	192	0	0	0	0	0	0	0	192	0	0	0	0	0	192	0	0	0	0	0	0	0	0	0	0	0	0	0	0	0	0	0	0	0	0	0	0	0	0	0	0	0	0	0	0	0	0	0	0	192	0	0	0	0	0	0	0	0	0	0	0	0	0	0	0	0	0	0	0	0	0	0	0	0	0	0	0	0	
0	0	0	0	0	0	0	0	0	0	192	0	0	0	0	0	192	0	0	0	0	0	0	0	0	0	0	0	0	0	0	0	0	0	0	0	0	0	0	0	0	0	0	0	0	0	192	0	0	0	0	192	0	0	0	0	0	0	0	0	0	0	0	0	0	0	0	0	0	0	0	0	0	0	0	0	0	0	0	0	
0	0	192	0	0	0	0	0	0	0	0	0	0	0	192	192	0	0	0	0	0	0	0	0	0	0	0	0	0	0	0	0	0	0	0	0	0	0	0	0	0	0	0	0	0	0	0	0	0	0	0	192	0	0	0	0	0	0	0	0	0	0	0	0	0	0	0	0	0	0	0	0	0	0	0	0	0	0	0	0	
0	0	0	0	0	192	0	0	0	0	0	0	0	0	0	0	0	0	0	0	0	0	0	0	0	0	0	0	0	0	0	0	0	0	0	0	0	0	192	0	0	0	0	192	0	0	0	0	0	0	0	0	0	192	0	0	0	0	0	0	0	0	0	0	0	0	0	0	0	0	0	0	0	0	0	0	0	0	0	0	
0	0	0	0	192	0	0	0	0	0	0	0	0	0	0	0	0	0	0	0	0	0	0	0	0	0	0	0	0	0	0	0	0	0	0	0	0	0	0	0	0	0	0	0	0	0	0	0	0	0	0	0	0	0	0	0	0	0	0	0	0	0	0	0	0	0	0	0	0	192	0	0	192	0	192	0	0	0	0	0	
0	0	0	0	0	0	0	0	0	0	0	0	0	0	0	0	0	0	0	0	0	192	0	0	0	0	0	0	0	0	0	0	0	0	0	0	0	0	0	0	0	0	0	0	0	0	0	0	0	0	0	0	0	0	0	0	0	0	0	0	0	192	0	0	0	0	0	0	0	0	192	0	0	192	0	0	0	0	0	0	
0	0	0	0	0	0	0	0	0	0	0	0	0	0	0	0	0	0	0	0	0	0	0	0	0	0	0	0	0	0	0	0	0	0	0	192	0	0	0	0	0	0	0	0	0	0	0	0	0	0	192	0	192	0	0	0	0	0	0	0	192	0	0	0	0	0	0	0	0	0	0	0	0	0	0	0	0	0	0	0	
0	0	0	0	0	0	0	0	0	192	0	0	0	192	0	0	0	0	0	192	0	0	0	0	0	0	0	0	0	0	0	0	0	0	0	0	0	0	0	0	0	0	0	0	0	0	0	0	0	0	0	0	0	0	0	0	0	0	0	0	0	0	0	0	0	0	0	0	0	0	0	0	0	192	0	0	0	0	0	0	
0	0	0	0	0	0	0	0	0	0	0	0	0	0	0	0	0	0	0	0	0	0	0	0	0	0	0	0	0	0	0	0	0	0	0	0	0	0	0	0	0	0	0	0	0	0	0	0	0	0	192	0	192	0	192	0	192	0	0	0	0	0	0	0	0	0	0	0	0	0	0	0	0	0	0	0	0	0	0	0	
0	0	0	0	0	0	192	0	0	0	0	192	0	0	0	0	0	0	0	0	0	0	0	0	0	0	0	0	0	0	0	0	0	0	0	0	0	0	0	0	0	0	0	0	0	0	0	192	0	0	0	0	0	0	0	0	0	0	0	0	0	0	0	0	0	0	0	0	0	0	0	192	0	0	0	0	0	0	0	0	
0	192	0	0	0	0	0	0	0	0	0	0	0	0	0	0	0	0	0	0	0	0	0	0	0	0	0	0	0	0	0	0	192	0	0	0	0	0	0	0	0	192	0	0	0	192	0	0	0	0	0	0	0	0	0	0	0	0	0	0	0	0	0	0	0	0	0	0	0	0	0	0	0	0	0	0	0	0	0	0	
0	0	0	0	0	0	0	0	0	0	0	0	0	192	0	0	0	0	0	0	0	0	0	0	0	0	192	0	0	0	0	0	0	0	0	0	0	0	0	0	0	0	0	0	0	0	0	0	0	0	0	0	0	0	0	0	0	0	0	0	0	0	0	0	0	0	0	0	0	0	192	0	0	192	0	0	0	0	0	0	
0	0	0	0	0	0	0	0	0	192	0	0	0	192	0	0	0	0	0	0	0	0	0	0	0	192	0	0	0	0	0	0	0	0	0	0	0	0	0	0	0	0	0	0	0	0	0	0	0	0	0	0	0	0	0	0	0	0	0	0	0	0	0	0	0	0	0	0	0	0	0	0	0	192	0	0	0	0	0	0	
0	0	0	0	0	0	0	0	0	0	0	0	0	0	0	0	0	0	0	0	0	0	0	0	0	0	0	0	0	0	0	192	0	0	0	0	0	192	0	0	0	0	0	0	0	0	0	0	0	0	0	0	0	0	0	0	192	0	0	192	0	0	0	0	0	0	0	0	0	0	0	0	0	0	0	0	0	0	0	0	
0	0	0	192	0	0	0	0	0	0	0	0	0	0	0	0	0	0	0	0	0	0	0	0	0	0	0	0	0	0	0	0	0	0	0	0	0	192	0	0	0	0	0	0	0	0	0	0	0	0	0	0	0	0	0	0	192	0	0	0	0	0	0	0	0	0	0	0	0	0	0	0	0	0	0	0	0	0	0	192	
0	0	0	0	0	0	0	0	0	0	0	0	0	0	0	0	0	0	0	0	0	0	0	0	0	0	0	0	0	0	0	0	0	0	0	0	0	0	0	0	0	0	192	0	0	0	0	0	0	0	0	0	0	0	0	0	0	0	0	0	0	192	0	0	0	0	0	0	0	0	192	0	192	0	0	0	0	0	0	0	
0	0	0	0	0	0	0	0	0	0	0	0	0	0	0	0	0	0	0	0	0	0	0	0	0	0	0	0	0	0	0	0	0	0	0	192	0	0	0	0	0	0	0	0	0	0	0	0	192	0	0	0	0	0	0	0	0	0	0	0	0	0	0	0	0	0	0	0	192	0	0	0	0	0	0	0	0	0	192	0	
0	0	0	0	0	0	0	0	0	0	0	0	0	0	0	0	0	0	0	0	0	0	0	0	0	0	0	192	0	0	0	0	0	0	0	0	0	192	0	0	0	0	0	0	0	0	0	0	0	0	0	0	0	0	0	0	0	0	0	192	192	0	0	0	0	0	0	0	0	0	0	0	0	0	0	0	0	0	0	0	
0	192	0	0	0	0	0	0	0	0	0	0	0	0	0	0	0	0	0	0	0	0	0	0	192	0	0	0	0	0	0	0	0	0	0	0	0	0	0	0	0	192	0	0	0	192	0	0	0	0	0	0	0	0	0	0	0	0	0	0	0	0	0	0	0	0	0	0	0	0	0	0	0	0	0	0	0	0	0	0	
0	0	0	0	0	0	0	0	0	0	0	0	0	0	0	0	0	0	0	0	0	0	0	0	0	0	0	0	0	0	0	0	0	0	0	0	0	0	0	0	0	0	0	0	0	0	0	0	192	0	0	0	0	0	0	0	0	192	0	0	0	0	0	0	192	0	0	0	192	0	0	0	0	0	0	0	0	0	0	0	
0	0	0	0	0	0	0	192	0	0	0	192	0	0	0	0	0	0	0	0	0	0	0	0	0	0	0	0	0	0	0	0	0	0	0	0	192	0	0	0	0	0	0	0	0	0	0	0	0	0	0	0	0	0	0	0	0	0	0	0	0	0	0	0	0	0	0	0	0	0	0	0	0	0	0	0	192	0	0	0	
0	0	0	0	0	0	0	0	0	0	0	0	0	0	0	0	0	0	0	0	192	0	0	0	0	0	0	0	0	0	192	0	0	0	0	0	0	0	0	0	0	0	0	0	0	0	0	0	192	0	0	0	0	0	0	0	0	0	0	0	0	0	0	0	0	0	0	0	0	0	0	0	0	0	0	0	0	0	192	0	
0	0	0	0	0	0	0	0	0	0	0	0	0	0	0	0	0	0	0	0	0	0	0	0	0	0	0	0	0	0	0	0	0	0	192	0	0	0	0	0	0	0	0	0	0	0	0	192	0	0	0	0	0	0	0	0	0	0	0	0	0	0	0	0	0	0	0	0	0	0	0	192	0	0	0	0	192	0	0	0	
0	0	0	0	0	0	192	0	0	0	0	0	0	0	0	0	0	0	0	0	0	0	0	0	0	0	0	192	192	0	0	192	0	0	0	0	0	0	0	0	0	0	0	0	0	0	0	0	0	0	0	0	0	0	0	0	0	0	0	0	0	0	0	0	0	0	0	0	0	0	0	0	0	0	0	0	0	0	0	0	
0	0	0	0	0	0	0	0	0	0	0	0	0	0	0	0	0	192	0	0	0	0	0	0	0	0	0	0	0	0	0	0	0	0	0	0	0	0	0	0	0	0	0	192	0	0	0	0	0	0	0	0	0	192	0	0	0	0	0	0	0	192	0	0	0	0	0	0	0	0	0	0	0	0	0	0	0	0	0	0	
0	0	0	0	0	0	0	0	0	0	0	0	0	0	0	0	0	0	0	0	0	0	0	0	0	0	0	0	0	0	0	0	0	0	0	0	0	0	0	0	0	0	0	0	0	0	0	0	0	0	0	0	0	0	0	0	0	0	192	0	0	0	192	0	0	192	0	0	0	0	0	0	0	0	0	192	0	0	0	0	
0	0	0	0	0	0	0	0	0	0	0	0	0	0	0	0	0	0	0	0	0	0	0	0	0	0	0	0	0	0	0	0	0	0	0	0	0	0	0	0	0	0	0	0	0	0	0	0	0	0	0	0	0	0	0	0	0	0	192	0	0	0	192	0	0	192	0	0	0	0	0	0	0	0	0	192	0	0	0	0	
0	0	0	0	0	0	0	0	0	0	0	0	0	0	0	0	0	0	0	0	0	0	0	0	192	0	0	0	0	0	0	0	192	0	0	0	0	0	0	0	0	0	0	0	0	192	0	0	0	192	0	0	0	0	0	0	0	0	0	0	0	0	0	0	0	0	0	0	0	0	0	0	0	0	0	0	0	0	0	0	
0	0	0	0	0	0	0	0	0	0	0	0	0	0	0	0	0	0	0	0	0	0	0	0	0	0	0	0	0	192	0	0	0	0	0	0	0	0	0	0	0	0	0	0	192	0	0	0	0	192	0	0	0	0	0	0	0	0	0	0	0	192	0	0	0	0	0	0	0	0	0	0	0	0	0	0	0	0	0	0	
0	0	0	0	0	0	0	0	0	0	0	0	0	0	0	0	0	192	0	0	0	0	0	0	0	0	0	0	0	0	0	0	0	0	0	0	0	0	192	0	0	0	0	0	192	0	0	0	0	0	0	0	0	0	0	0	0	0	0	0	0	0	0	0	0	0	0	0	0	0	192	0	0	0	0	0	0	0	0	0	
0	0	0	0	0	0	0	0	0	0	0	0	0	0	0	0	0	0	0	0	0	0	0	0	0	0	0	0	0	0	0	0	0	0	0	0	0	0	0	0	0	0	192	192	0	0	0	0	0	192	0	0	0	0	0	0	0	0	0	0	0	0	0	192	0	0	0	0	0	0	0	0	0	0	0	0	0	0	0	0	
0	0	0	0	0	0	0	0	0	0	0	0	0	0	0	0	0	0	0	0	0	0	0	0	192	0	0	0	0	0	0	0	192	0	0	0	0	0	0	0	0	192	0	0	0	0	0	0	0	192	0	0	0	0	0	0	0	0	0	0	0	0	0	0	0	0	0	0	0	0	0	0	0	0	0	0	0	0	0	0	
0	0	192	0	0	0	0	0	192	0	0	0	192	0	0	192	0	0	0	0	0	0	0	0	0	0	0	0	0	0	0	0	0	0	0	0	0	0	0	0	0	0	0	0	0	0	0	0	0	0	0	0	0	0	0	0	0	0	0	0	0	0	0	0	0	0	0	0	0	0	0	0	0	0	0	0	0	0	0	0	
0	0	0	0	0	0	192	0	0	0	0	192	0	0	0	0	0	0	0	0	0	0	0	192	0	0	0	0	0	0	0	0	0	0	0	0	192	0	0	0	0	0	0	0	0	0	0	0	0	0	0	0	0	0	0	0	0	0	0	0	0	0	0	0	0	0	0	0	0	0	0	0	0	0	0	0	0	0	0	0	
0	0	0	0	0	0	0	0	0	0	0	0	0	0	0	0	0	0	0	0	0	0	0	0	0	0	0	0	0	0	192	0	0	192	0	192	0	0	0	0	0	0	0	0	0	0	0	0	0	0	0	0	0	0	0	0	0	0	0	0	0	0	0	0	0	0	0	0	192	0	0	0	0	0	0	0	0	0	0	0	
0	0	0	0	0	0	0	0	0	0	0	0	0	0	0	0	0	0	0	0	0	0	0	0	0	0	0	0	0	0	0	0	0	0	0	0	0	0	0	0	0	192	192	0	192	192	0	0	0	0	0	0	0	0	0	0	0	0	0	0	0	0	0	0	0	0	0	0	0	0	0	0	0	0	0	0	0	0	0	0	
0	0	0	0	0	0	0	0	0	0	0	0	0	0	0	0	0	0	0	0	192	0	192	0	0	0	0	0	0	0	0	0	0	0	0	0	0	0	0	0	0	0	0	0	0	0	0	0	0	0	0	0	192	0	0	0	192	0	0	0	0	0	0	0	0	0	0	0	0	0	0	0	0	0	0	0	0	0	0	0	
0	0	192	0	0	0	0	0	0	0	0	0	0	0	192	192	192	0	0	0	0	0	0	0	0	0	0	0	0	0	0	0	0	0	0	0	0	0	0	0	0	0	0	0	0	0	0	0	0	0	0	0	0	0	0	0	0	0	0	0	0	0	0	0	0	0	0	0	0	0	0	0	0	0	0	0	0	0	0	0	
0	0	0	0	0	0	0	0	0	0	0	0	0	0	0	0	0	0	0	0	192	0	192	0	0	0	0	0	0	0	0	0	0	0	0	0	0	0	0	0	0	0	0	0	0	0	0	0	0	0	192	0	0	0	192	0	0	0	0	0	0	0	0	0	0	0	0	0	0	0	0	0	0	0	0	0	0	0	0	0	
0	0	0	0	0	192	0	0	0	192	0	0	0	0	0	0	0	192	0	0	0	0	0	0	0	0	0	0	0	0	0	0	0	0	0	0	0	0	192	0	0	0	0	0	0	0	0	0	0	0	0	0	0	0	0	0	0	0	0	0	0	0	0	0	0	0	0	0	0	0	0	0	0	0	0	0	0	0	0	0	
0	0	0	0	0	0	0	0	0	0	0	0	0	0	0	0	0	0	0	0	0	0	192	0	0	0	0	0	0	0	0	0	0	0	0	0	0	0	0	0	0	0	0	0	0	0	0	0	0	0	0	0	192	0	0	0	0	192	0	0	0	0	0	0	192	0	0	0	0	0	0	0	0	0	0	0	0	0	0	0	
0	0	0	0	0	0	0	0	0	0	0	0	0	0	0	0	0	0	0	0	0	0	0	0	0	0	0	0	0	0	0	0	0	0	0	0	0	0	0	0	0	0	0	0	0	0	0	0	0	0	0	0	0	0	0	0	0	0	0	0	0	0	0	192	0	0	192	0	0	0	0	0	192	0	0	0	0	0	192	0	
0	0	0	0	0	0	0	0	0	0	0	0	0	0	0	0	0	0	0	0	0	0	192	0	0	0	0	192	192	0	0	0	0	0	0	0	0	0	0	0	0	0	0	0	0	0	0	0	0	0	192	0	0	0	0	0	0	0	0	0	0	0	0	0	0	0	0	0	0	0	0	0	0	0	0	0	0	0	0	0	
0	0	0	0	0	0	0	0	0	0	0	0	0	0	0	0	0	0	0	0	0	0	0	0	0	0	0	0	0	0	0	0	0	192	0	0	0	0	0	0	0	0	0	0	0	0	0	0	0	0	0	0	0	0	192	0	0	0	0	0	0	0	0	0	192	0	0	192	0	0	0	0	0	0	0	0	0	0	0	0	
0	0	0	0	0	0	0	0	0	0	192	0	0	0	0	0	0	0	0	0	0	0	0	0	0	0	0	0	0	0	0	0	0	0	0	0	0	0	0	192	192	0	0	0	0	0	0	0	0	0	0	0	0	0	0	0	0	0	0	0	0	0	0	0	0	0	0	0	0	0	0	0	0	0	0	192	0	0	0	0	
192	0	0	0	192	0	0	0	0	0	0	0	0	0	0	0	0	0	0	0	0	0	0	0	0	0	0	192	0	0	0	192	0	0	0	0	0	0	0	0	0	0	0	0	0	0	0	0	0	0	0	0	0	0	0	0	0	0	0	0	0	0	0	0	0	0	0	0	0	0	0	0	0	0	0	0	0	0	0	0	
192	0	0	0	0	0	0	0	0	0	0	0	0	0	0	0	0	0	0	0	192	0	0	0	0	0	0	0	0	0	0	192	0	0	0	0	0	0	0	0	0	0	0	0	0	0	0	0	0	0	0	0	0	0	0	0	0	0	0	0	0	0	0	0	0	0	192	0	0	0	0	0	0	0	0	0	0	0	0	0	
0	0	0	0	0	0	0	0	0	0	0	0	0	0	0	0	0	0	0	192	0	0	0	0	0	0	0	0	0	192	0	0	0	0	0	0	0	0	192	0	0	0	192	0	0	0	0	0	0	0	0	0	0	0	0	0	0	0	0	0	0	0	0	0	0	0	0	0	0	0	0	0	0	0	0	0	0	0	0	0	
0	0	0	0	0	0	0	0	192	0	0	0	192	0	0	0	0	0	0	0	0	0	0	0	0	0	0	0	0	0	0	0	0	0	0	0	0	0	0	192	192	0	0	0	0	0	0	0	0	0	0	0	0	0	0	0	0	0	0	0	0	0	0	0	0	0	0	0	0	0	0	0	0	0	0	0	0	0	0	0	
0	0	0	0	0	0	0	0	0	0	0	0	0	0	0	0	0	0	0	0	0	0	0	0	0	0	0	0	0	0	0	0	0	0	0	0	0	0	0	0	0	0	0	0	192	0	0	0	0	0	0	0	0	0	0	192	0	0	0	0	0	0	0	0	0	0	0	0	0	0	0	0	192	0	0	0	0	0	192	0	
0	0	0	0	0	0	0	0	0	0	0	0	0	0	0	0	0	0	0	0	0	0	0	0	0	0	0	0	0	0	0	0	0	192	0	0	0	0	0	0	0	0	0	0	0	0	0	0	0	0	0	0	0	0	192	0	0	192	0	0	0	0	0	0	0	0	0	192	0	0	0	0	0	0	0	0	0	0	0	0	
0	0	0	0	0	0	0	0	0	0	192	0	0	0	0	0	0	0	0	0	0	0	0	0	0	0	0	0	0	0	0	0	0	0	0	0	0	0	0	192	192	0	0	0	0	0	0	0	0	0	0	0	0	0	0	0	0	0	0	0	0	0	0	0	0	0	0	0	0	0	0	0	0	0	0	192	0	0	0	0	
192	192	0	0	0	0	0	0	0	0	0	0	0	0	0	0	0	0	0	0	0	0	0	0	0	0	0	0	0	0	0	0	0	0	0	0	0	0	0	0	0	0	0	0	0	0	0	0	0	0	0	0	0	0	0	192	0	0	0	0	192	0	0	0	0	0	0	0	0	0	0	0	0	0	0	0	0	0	0	0	
0	0	0	0	0	0	0	0	0	0	0	0	0	0	0	0	0	0	0	0	0	0	0	0	0	0	0	0	0	0	0	0	0	0	0	0	0	0	0	0	0	0	0	0	0	0	0	0	0	0	0	0	0	0	0	0	0	192	0	0	0	0	0	0	192	0	0	0	192	0	0	0	0	0	0	0	0	0	0	192	
0	0	0	0	0	0	0	0	0	0	0	0	0	0	0	0	0	0	0	0	0	0	0	0	0	0	0	0	0	0	192	0	0	192	0	0	0	0	0	0	0	0	0	0	0	0	0	0	192	0	0	0	0	0	0	0	0	0	0	0	0	0	0	0	0	0	0	192	0	0	0	0	0	0	0	0	0	0	0	0	
0	0	0	0	192	0	0	0	0	0	0	0	0	0	0	0	0	0	192	0	0	0	0	0	0	0	0	0	0	0	0	0	0	0	0	0	0	0	0	0	0	0	0	0	0	0	0	0	0	0	0	0	0	0	0	0	0	0	0	0	0	0	0	0	0	0	0	0	0	0	0	0	0	0	192	0	0	192	0	0	
0	0	0	0	0	0	0	0	0	0	0	0	0	0	0	0	0	0	0	192	0	0	0	0	0	192	0	0	0	192	0	0	0	0	0	0	0	0	0	0	0	0	0	192	0	0	0	0	0	0	0	0	0	0	0	0	0	0	0	0	0	0	0	0	0	0	0	0	0	0	0	0	0	0	0	0	0	0	0	0	
0	0	0	192	0	0	0	0	0	0	0	192	0	0	0	0	0	0	0	0	0	0	0	192	0	0	0	0	0	0	0	0	0	0	0	0	192	0	0	0	0	0	0	0	0	0	0	0	0	0	0	0	0	0	0	0	0	0	0	0	0	0	0	0	0	0	0	0	0	0	0	0	0	0	0	0	0	0	0	0	
0	0	0	0	0	0	0	0	0	0	0	0	0	0	0	0	0	0	192	0	0	0	0	0	0	0	0	0	0	192	0	0	0	0	0	0	0	0	0	0	0	0	0	0	0	0	0	0	0	0	0	0	0	0	0	192	0	0	0	0	0	0	0	192	0	0	0	0	0	0	0	0	0	0	0	0	0	0	0	0	
0	0	0	0	0	0	0	0	0	0	0	0	0	0	0	0	0	0	0	192	0	192	0	0	0	192	192	0	0	0	0	0	0	0	0	0	0	0	0	0	0	0	0	0	0	0	0	0	0	0	0	0	0	0	0	0	0	0	0	0	0	0	0	0	0	0	0	0	0	0	0	0	0	0	0	0	0	0	0	0	
0	0	0	0	192	0	0	192	0	0	0	0	0	0	0	0	0	0	192	0	0	0	0	0	0	0	0	0	0	0	0	0	0	0	0	0	0	0	0	0	0	0	0	0	0	0	0	0	0	0	0	0	0	0	0	0	0	0	0	0	0	0	0	0	0	0	0	0	0	192	0	0	0	0	0	0	0	0	0	0	
0	0	0	0	0	0	0	0	0	0	0	0	0	0	0	0	0	0	0	0	0	0	0	0	0	0	0	0	0	0	0	0	0	0	0	0	0	0	0	192	192	0	0	0	0	0	0	0	0	0	0	0	0	0	0	0	0	0	192	0	0	0	0	0	0	192	0	0	0	0	0	0	0	0	0	0	0	0	0	0	
0	0	0	0	0	0	0	192	0	0	0	0	0	0	0	0	0	0	0	0	0	0	0	0	0	0	0	0	0	0	0	0	0	0	192	0	192	0	0	0	0	0	0	0	0	0	0	0	0	0	0	0	0	0	0	0	0	0	0	0	0	0	0	0	0	0	0	0	0	0	0	0	0	0	0	0	0	192	0	0	
0	0	0	0	0	0	0	192	0	0	0	0	0	0	0	0	0	0	0	0	0	0	0	0	0	0	0	0	0	0	0	0	0	0	0	0	0	0	0	0	0	0	0	0	0	0	0	0	0	0	0	0	0	0	0	0	0	0	0	0	0	0	0	0	0	0	0	0	0	192	0	0	0	0	0	0	192	0	0	192	
0	0	0	0	0	0	0	0	0	0	0	0	0	0	0	0	0	0	0	0	0	0	0	0	0	0	0	0	0	0	192	0	0	0	0	192	0	0	0	0	0	0	0	0	0	0	0	0	0	0	0	0	0	0	0	192	0	0	0	0	0	0	0	192	0	0	0	0	0	0	0	0	0	0	0	0	0	0	0	0	
0	0	0	192	0	0	0	0	0	0	0	0	0	0	0	0	0	0	0	0	0	0	0	0	0	0	0	0	192	0	0	0	0	0	0	0	0	0	0	0	0	0	0	0	0	0	0	0	0	0	0	0	0	0	0	0	0	0	0	0	0	0	0	0	0	0	0	192	0	0	0	0	0	0	0	0	0	192	0	0	
67	49	6	1	54	6	3	4	11	36	33	5	45	54	74	13	7	3	40	37	66	68	2	54	54	68	50	74	45	58	33	41	47	15	72	12	5	46	16	12	9	30	50	66	35	25	55	56	77	7	24	37	15	19	78	52	35	52	18	30	49	35	13	74	3	11	39	3	65	51	75	48	52	5	49	77	6	28	30	42	30	51	13	32	5	77	21	74	31	61	59	78	2	10	68	0	67	23	53	70	70	42	36	68	17	24	20	47	56	38	12	45	49	9	64	66	49	70	69	4	13	17	0	7	25	1	70	32	10	9	60	53	71	31	56	42	2	8	77	52	19	41	50	25	61	39	59	29	70	71	13	54	51	62	77	56	40	48	33	20	15	62	10	40	66	73	75	66	30	4	54	21	68	79	44	16	69	59	13	5	50	9	42	53	29	59	22	49	21	65	63	42	29	76	9	0	20	62	19	53	13	55	62	74	23	41	28	0	37	51	46	8	39	72	36	67	78	41	16	1	75	22	51	20	63	64	29	29	75	56	63	13	49	16	60	5	16	24	2	6	58	17	69	0	17	61	36	69	69	60	16	38	6	79	11	36	55	8	38	48	72	23	1	42	58	29	30	69	78	28	29	32	53	4	48	77	64	22	72	13	16	68	37	16	30	4	21	20	6	30	1	30	32	79	0	33	24	55	25	27	0	31	30	59	19	27	79	57	4	65	59	39	14	57	21	55	7	35	24	58	71	50	30	8	51	27	42	70	36	29	22	47	62	65	14	41	26	51	20	76	65	18	58	39	44	52	73	4	5	36	9	74	3	75	52	3	49	65	3	24	50	42	0	18	1	0	9	33	77	21	55	47	37	24	26	12	76	75	52	10	35	71	14	12	38	70	73	12	49	47	43	25	3	56	54	59	40	40	47	75	25	9	32	14	40	27	78	71	64	59	52	7	19	13	44	14	56	24	11	32	44	79	55	4	27	31	13	36	59	53	51	20	72	28	62	75	65	68	50	56	77	15	49	66	78	22	68	71	46	3	2	38	26	3	30	44	42	38	16	29	34	15	9	76	49	29	42	58	21	53	73	69	75	41	20	27	19	64	4	56	0	3	1	14	44	70	65	49	37	18	47	30	28	59	29	5	8	53	76	4	6	14	16	8	70	42	29	48	56	26	20	61	45	64	6	31	38	12	47	9	58	45	0	4	17	20	64	54	59	54	35	24	75	62	62	58	71	70	19	62	47	6	49	34	48	22	27	50	75	75	51	53	79	17	38	77	4	49	63	77	11	15	5	60	33	37	38	38	7	46	71	21	22	37	40	25	10	17	49	44	6	43	35	53	73	71	63	39	17	44	18	77	67	26	51	40	72	16	11	42	23	54	78	71	52	68	79	49	40	5	45	6	4	3	55	41	75	29	59	35	79	34	24	33	51	52	51	21	40	34	12	26	58	79	44	67	30	14	54	7	23	58	59	52	54	52	60	2	5	21	40	55	35	79	20	41	14	47	42	77	35	49	54	28	65	10	28	78	33	62	73	46	72	11	74	48	73	26	3	19	40	39	78	72	58	48	24	14	46	66	46	27	31	77	15	54	0	59	51	63	11	36	61	22	79	78	4	6	24	9	21	50	41	44	51	19	43	44	29	6	40	78	70	68	33	36	65	31	29	70	74	17	14	41	44	61	49	19	10	3	78	52	57	30	59	35	20	69	61	19	45	42	64	28	14	7	54	65	14	69	32	42	70	17	53	48	32	60	64	33	50	23	18	23	22	1	22	73	32	75	58	48	12	49	74	9	74	59	3	41	15	71	5	6	15	3	58	60	74	35	68	73	42	54	77	18	35	41	60	37	56	34	79	63	57	40	75	7	33	7	71	72	9	3	1	40	23	41	44	42	36	40	39	31	62	32	39	75	48	54	6	75	19	7	56	59	78	35	23	2	32	33	3	22	78	41	18	5	20	57	78	1	57	50	25	37	46	49	68	57	15	19	51	41	72	10	42	67	24	54	23	72	25	51	6	68	33	59	10	13	52	70	34	12	34	41	26	9	18	69	52	9	61	7	43	13	70	8	12	70	58	32	52	8	77	36	47	25	11	13	35	33	23	20	53	26	31	26	65	9	61	16	36	60	70	73	44	55	65	60	58	8	22	33	74	75	60	77	62	52	70	41	12	64	42	20	15	58	36	47	70	33	75	60	54	58	22	44	52	67	62	40	7	14	52	37	38	56	57	51	69	8	54	72	17	64	61	26	53	61	50	21	69	73	66	40	9	34	48	71	39	9	51	19	72	40	20	48	50	15	23	33	53	40	65	17	16	74	58	33	32	17	74	46	24	76	60	58	46	3	39	41	3	7	24	44	17	62	76	53	27	40	16	23	1	10	1	6	27	67	41	55	25	7	4	33	25	45	56	42	47	72	35	27	6	76	23	64	42	67	53	2	13	61	25	64	18	31	17	33	3	62	24	21	10	56	62	22	11	70	59	78	40	58	1	30	34	60	55	62	65	59	53	10	43	10	69	28	29	38	67	56	55	59	33	49	29	75	64	78	79	18	77	17	63	39	59	55	30	54	72	33	28	67	51	48	61	52	71	47	69	71	43	3	49	77	70	38	25	62	14	77	47	45	24	45	10	32	4	57	48	16	68	22	33	18	39	71	48	7	14	37	51	38	39	17	35	23	14	1	69	56	9	24	60	28	23	1	23	41	16	9	77	63	72	13	47	3	65	16	71	69	79	41	12	28	1	63	27	23	1	42	58	26	69	74	27	79	34	5	21	67	58	8	4	69	2	44	62	29	37	8	36	29	35	66	69	77	64	28	24	57	35	28	30	27	49	14	5	65	26	70	66	65	23	13	13	1	22	17	69	25	9	43	21	48	26	77	35	23	63	36	44	4	46	42	48	25	0	77	45	63	32	26	8	13	22	29	31	0	46	19	47	21	52	26	20	78	55	55	71	49	57	38	32	26	58	38	77	25	26	3	78	30	5	39	14	0	14	62	43	18	71	41	61	71	69	6	68	1	64	72	68	31	18	2	49	16	63	79	48	6	1	77	64	77	59	19	25	72	64	54	29	51	55	27	40	73	47	21	38	28	24	47	66	78	29	0	0	37	3	53	28	78	7	20	68	54	7	2	77	17	27	69	39	12	7	5	43	36	78	51	11	16	66	28	39	13	1	9	20	4	34	72	1	19	17	32	79	66	13	8	32	39	27	57	34	26	69	15	27	18	75	41	74	73	55	72	52	15	27	76	77	73	50	24	48	16	40	10	56	67	24	2	65	70	5	11	1	25	44	6	33	53	52	27	42	64	24	0	75	36	5	70	41	50	64	46	78	44	25	17	70	24	51	32	61	34	4	58	7	71	9	51	59	32	47	0	12	37	76	4	25	1	78	18	25	69	40	21	52	8	45	19	50	45	63	34	61	57	3	61	75	66	6	37	63	26	69	60	27	6	25	38	33	11	42	26	40	60	23	30	5	53	78	25	67	16	17	36	73	41	52	64	36	49	24	11	32	67	9	64	44	69	31	79	58	32	15	18	76	60	2	13	1	44	50	18	52	63	30	35	61	6	65	18	3	71	58	19	52	10	5	21	1	29	79	8	22	28	72	47	44	26	66	29	25	73	49	34	11	46	20	48	33	55	67	61	78	69	1	57	39	3	2	63	29	43	53	29	13	55	70	26	47	4	43	28	77	33	55	51	28	47	13	73	30	69	25	24	54	1	3	38	56	2	21	27	70	3	29	33	32	16	29	13	19	31	18	25	60	70	14	33	42	10	53	2	56	5	64	38	67	71	6	71	45	72	15	65	54	38	79	45	72	25	16	46	72	63	51	2	61	52	49	22	55	26	55	59	19	67	57	52	46	40	35	48	20	73	1	48	73	15	37	74	32	38	60	25	34	75	26	58	7	27	59	79	46	50	54	17	58	4	58	25	15	70	4	38	58	5	77	38	78	70	66	19	51	63	60	35	79	42	50	33	14	78	22	23	69	43	66	55	39	32	32	18	59	16	43	77	21	2	32	22	22	51	32	8	35	15	48	43	21	62	27	28	21	62	49	33	53	65	39	29	32	73	31	53	69	6	29	51	77	60	36	31	8	42	24	63	9	68	34	75	1	72	26	28	69	15	68	55	21	36	43	64	47	5	47	46	48	65	26	40	15	62	4	19	19	44	36	15	70	48	29	68	26	6	48	47	74	24	7	17	12	65	64	65	62	79	11	42	47	27	7	19	24	18	5	31	76	47	9	72	11	24	20	33	42	23	30	40	51	79	25	52	70	35	72	26	79	43	6	52	23	70	66	30	70	21	3	77	17	63	49	8	22	25	79	33	67	61	1	13	24	18	42	2	20	1	72	25	75	59	28	17	67	75	52	11	13	60	71	56	47	48	40	54	7	66	38	45	45	68	70	45	17	68	0	49	79	17	7	13	37	65	64	65	36	63	20	53	74	17	70	52	26	17	77	62	44	63	1	23	47	9	55	24	45	43	48	41	21	46	26	53	75	72	63	48	52	26	39	32	23	61	54	15	68	69	27	60	45	8	47	79	24	28	6	70	51	12	17	36	3	31	51	62	38	45	22	39	47	41	24	55	30	1	18	8	30	14	78	39	57	18	17	45	37	31	58	33	12	30	52	3	60	50	25	79	31	67	42	53	40	50	44	79	35	72	40	35	72	10	34	71	28	74	48	54	42	68	10	59	73	77	40	32	7	60	50	73	74	35	37	12	13	77	32	15	11	33	63	22	0	33	12	16	5	0	58	41	54	15	68	18	46	25	45	15	32	21	71	21	65	70	29	65	42	15	2	0	34	13	26	70	62	8	66	61	35	10	4	57	55	54	78	26	37	67	77	28	40	48	45	50	33	34	49	8	30	25	67	15	14	61	34	55	69	36	16	59	32	5	22	38	5	37	4	6	27	72	48	25	18	44	71	60	62	56	64	43	49	32	68	10	62	73	14	66	78	22	79	13	10	46	11	56	65	45	16	37	2	70	15	4	12	28	16	45	36	41	20	52	2	71	21	73	69	72	79	71	31	64	15	74	51	62	50	50	34	8	72	33	36	13	10	0	60	64	73	46	51	49	56	24	58	3	67	38	78	72	29	14	1	62	1	14	61	23	1	18	17	38	55	29	72	32	79	45	73	57	49	38	34	15	30	1	50	59	2	13	5	25	2	42	24	2	64	26	51	18	28	2	2	78	49	53	13	50	60	35	37	23	15	65	73	9	3	73	66	64	55	72	52	61	28	71	50	21	13	60	11	60	26	52	27	35	76	65	6	68	18	40	47	57	34	35	42	69	28	48	22	50	7	56	27	46	3	48	22	25	4	57	6	73	38	46	75	13	60	30	18	63	32	27	10	50	10	63	11	47	56	47	22	32	3	65	4	14	74	71	70	34	0	23	65	34	41	37	25	25	9	14	20	58	18	68	22	78	27	0	19	69	18	12	67	8	2	33	0	48	35	54	19	70	46	21	71	9	34	47	19	20	54	75	44	60	71	71	17	57	4	47	49	62	46	29	20	41	2	0	57	6	14	2	44	18	15	3	25	42	3	2	24	26	9	37	48	31	65	34	22	2	33	28	76	10	3	25	52	47	39	61	28	29	71	64	48	7	41	44	36	55	75	1	38	56	28	54	49	26	72	9	32	36	75	39	3	46	7	0	61	47	69	76	2	32	24	79	77	43	67	0	21	62	7	60	49	21	34	15	73	23	46	21	12	79	43	49	4	62	9	37	7	32	51	32	39	49	29	19	40	24	33	62	17	65	60	28	56	78	64	12	64	62	15	56	49	56	24	39	43	7	35	25	79	23	66	42	63	8	67	3	12	45	12	57	4	30	32	38	62	63	8	55	11	40	74	54	65	73	5	17	61	59	60	36	43	5	37	77	25	29	27	26	35	62	45	7	40	54	71	17	19	34	67	74	14	19	76	76	16	42	54	53	44	48	65	4	70	12	41	39	59	21	28	41	46	71	7	77	15	28	20	7	79	79	32	66	23	46	47	7	50	44	36	44	5	5	6	14	37	56	60	63	17	46	53	15	24	40	70	17	53	66	63	36	3	67	79	54	76	16	14	31	49	29	46	62	75	32	18	37	24	62	49	12	64	47	8	36	49	76	68	45	3	15	61	43	64	6	42	56	48	6	26	68	43	78	7	20	57	22	77	7	72	70	24	42	5	46	78	66	62	33	44	18	18	61	32	54	23	16	21	24	14	5	65	19	29	53	56	1	42	18	47	70	57	59	5	67	79	57	66	70	70	2	54	7	79	69	33	62	33	25	39	32	16	14	45	27	66	10	68	15	39	51	5	64	15	76	29	30	70	45	9	18	16	9	74	23	35	69	17	36	72	62	20	51	17	65	79	10	37	68	17	27	79	14	13	20	2	27	0	79	65	78	55	13	54	7	0	71	5	79	72	4	32	33	75	67	
7	39	22	48	10	49	13	9	34	13	78	23	78	66	15	63	20	35	67	39	56	7	49	35	32	65	44	73	49	71	27	29	31	46	2	36	0	75	54	20	72	35	45	1	30	74	74	32	5	71	4	55	18	45	46	26	59	3	79	63	53	44	11	58	20	46	71	0	46	14	40	7	24	17	20	20	55	63	23	61	2	15	22	42	34	58	58	42	70	63	67	30	49	2	3	23	34	65	27	38	60	79	43	11	47	76	68	24	44	58	57	14	36	57	41	14	8	74	21	73	73	46	47	0	8	7	24	19	70	53	32	20	52	42	8	4	20	22	51	68	21	26	16	37	26	55	16	71	34	47	5	77	16	2	32	54	4	18	59	55	78	30	79	29	12	71	9	16	62	2	39	75	50	44	20	75	37	66	47	30	35	65	69	48	59	38	1	79	72	14	66	23	39	22	4	70	7	27	68	73	51	26	48	28	41	48	36	44	22	10	45	23	55	5	8	41	24	14	51	16	7	18	26	9	49	78	74	32	35	15	32	50	73	51	74	62	34	21	20	78	41	51	27	1	27	26	77	36	71	71	37	19	56	8	18	28	60	24	17	75	0	53	13	13	1	77	21	64	59	27	37	17	76	13	59	44	17	32	66	63	38	2	73	6	56	72	35	57	48	2	19	61	18	16	3	51	16	49	45	63	28	43	38	54	47	24	73	36	57	21	11	17	43	19	69	30	34	7	67	75	23	33	35	32	58	68	9	60	6	68	48	78	0	37	39	61	76	33	44	63	72	10	19	25	70	6	15	17	45	74	22	42	49	27	77	59	56	45	9	17	52	71	9	57	71	75	23	58	23	69	8	48	48	66	41	23	64	62	6	60	66	2	74	64	64	40	27	59	31	16	0	19	45	13	10	29	64	21	74	46	11	50	78	56	50	71	2	31	32	1	78	19	7	55	41	66	22	56	50	71	24	52	19	37	22	5	38	31	21	62	40	17	6	48	2	11	24	33	19	0	50	67	30	58	49	63	27	28	12	21	71	59	25	40	25	5	20	0	73	42	12	10	36	24	45	34	23	52	62	8	77	10	62	72	49	71	34	40	12	35	36	57	53	27	7	18	17	26	7	49	62	14	49	27	58	71	11	46	48	51	60	41	15	4	62	59	50	58	58	65	71	67	46	24	57	11	62	29	65	11	30	69	26	7	8	76	65	1	78	35	71	44	52	45	48	16	13	24	72	44	50	56	33	10	29	51	29	56	33	24	23	28	3	27	41	70	71	35	70	0	24	43	73	29	58	62	29	73	62	37	36	43	10	17	69	16	34	71	54	42	70	36	63	19	33	21	23	44	42	8	4	61	2	79	43	79	10	57	53	77	70	63	74	24	6	3	18	70	44	62	9	0	52	5	34	30	40	78	4	18	10	29	60	50	31	31	26	24	38	79	9	79	0	46	33	1	20	21	65	63	41	66	72	34	33	23	43	65	20	12	70	44	67	66	61	64	77	45	76	72	37	69	78	29	4	20	79	60	78	23	65	40	29	76	55	14	53	34	68	63	7	61	9	1	66	39	47	61	39	52	7	15	67	74	61	43	12	43	70	5	70	60	31	76	57	28	34	56	68	23	2	30	71	57	57	62	72	19	23	75	39	62	65	25	70	57	3	44	9	9	50	59	52	39	51	3	11	8	70	77	3	35	77	16	69	32	56	49	41	49	17	78	50	35	76	79	28	66	4	36	59	53	41	35	3	53	76	47	23	53	62	51	76	79	61	42	20	39	4	58	57	57	72	7	75	60	68	72	67	1	25	40	54	7	27	44	19	6	56	24	0	19	79	12	50	63	45	34	22	43	24	23	32	69	47	49	77	42	23	36	40	69	64	13	7	18	68	16	57	31	68	43	49	8	64	43	60	66	46	30	41	28	33	15	21	0	32	39	21	55	45	7	9	55	3	66	69	39	35	40	18	66	79	17	32	68	20	72	77	18	60	50	37	22	15	30	54	18	59	76	68	75	43	33	75	17	46	31	37	14	71	78	66	27	66	46	20	44	28	73	59	65	69	1	26	39	68	43	50	10	9	58	46	78	23	31	53	11	38	47	58	23	66	4	36	13	34	31	0	14	11	17	11	58	10	53	21	31	11	26	44	36	27	9	52	10	8	21	38	59	17	9	78	11	78	43	28	70	30	44	47	2	6	61	28	3	40	68	28	61	9	8	25	2	63	61	75	61	78	74	7	62	31	12	70	49	39	9	77	75	64	12	74	69	71	49	58	79	21	16	19	45	50	38	3	73	76	38	72	66	2	11	59	50	43	55	55	62	38	42	3	33	60	13	51	52	7	75	55	71	65	3	20	11	31	79	35	18	5	44	64	28	37	17	64	61	57	69	6	38	52	63	29	61	28	72	50	17	37	8	10	12	67	35	8	50	14	7	15	2	43	36	10	67	77	73	61	66	61	42	48	28	12	53	6	68	12	62	0	59	65	69	45	71	10	67	37	7	36	15	22	25	78	51	70	29	53	63	25	61	19	15	47	10	6	30	72	58	60	30	29	35	52	42	7	27	79	3	39	30	32	79	60	11	52	75	78	47	38	23	23	43	51	23	48	74	24	73	74	28	55	47	70	2	0	41	52	77	27	49	77	62	61	1	52	20	77	11	22	32	52	63	47	11	52	27	42	6	60	38	17	60	15	26	58	17	7	67	69	28	54	46	69	51	59	18	36	69	0	22	31	48	20	26	18	11	10	25	24	66	9	20	65	35	30	56	51	4	48	29	71	34	36	24	39	62	18	30	36	18	56	78	10	30	30	53	78	69	27	76	30	76	69	75	15	28	23	37	30	17	71	12	12	42	0	24	52	18	0	47	17	37	54	16	58	79	11	23	61	31	9	35	36	61	55	7	69	11	72	34	72	69	55	65	30	56	24	62	66	60	66	16	61	75	31	2	71	39	33	15	21	7	39	3	63	53	17	44	39	37	69	62	18	24	10	76	63	36	52	16	37	19	27	66	46	63	59	64	37	17	59	49	29	69	25	46	23	79	64	14	23	76	48	14	78	21	32	10	48	46	56	26	66	79	26	21	51	56	36	69	43	53	26	63	2	44	22	17	64	63	67	15	1	52	79	0	40	51	37	58	68	39	32	74	60	6	77	47	54	40	23	70	13	46	8	27	46	30	72	75	55	64	28	43	6	60	77	35	54	43	54	75	15	37	29	49	78	2	40	22	52	68	53	58	8	13	22	57	74	78	49	69	13	59	64	58	71	52	13	31	37	16	17	64	40	34	17	0	37	27	64	62	29	16	71	45	24	60	20	42	21	3	39	4	59	19	38	30	12	51	20	51	57	5	41	16	65	66	35	35	4	58	78	66	63	39	44	4	51	79	34	0	26	70	79	49	19	24	17	43	54	26	3	20	36	23	75	31	64	3	2	24	55	67	73	58	70	44	15	45	29	55	68	26	66	21	53	22	25	33	32	65	73	0	68	37	33	5	11	78	57	40	68	44	31	22	18	49	57	47	32	17	42	34	43	25	8	52	66	17	18	75	28	74	48	56	49	19	53	49	36	42	74	13	17	60	66	41	60	4	24	68	15	10	18	38	77	39	63	31	79	77	79	74	52	71	72	78	3	15	19	41	55	38	4	1	30	34	28	12	42	42	48	50	16	35	36	79	71	25	15	12	71	76	3	21	44	58	44	79	36	46	35	59	79	39	49	1	40	72	23	73	48	29	20	31	11	41	39	21	36	28	0	1	23	18	45	74	1	54	73	35	47	5	31	12	32	51	73	30	79	48	7	21	78	22	72	14	16	67	29	58	38	37	74	12	6	74	19	7	30	11	78	65	38	74	76	14	3	68	77	31	25	67	79	69	53	59	51	74	37	23	14	34	11	0	23	16	36	33	56	16	0	71	79	58	22	43	48	19	79	58	48	6	76	39	29	34	63	5	33	25	2	7	61	1	19	39	9	65	55	9	75	14	36	3	56	47	25	37	52	3	67	47	50	70	74	51	65	4	30	58	30	77	2	74	18	7	69	27	22	36	7	20	6	50	46	42	71	12	5	78	16	32	70	65	10	38	63	11	43	59	52	41	11	44	26	14	43	44	10	0	29	9	12	9	54	37	18	69	22	20	59	12	63	37	77	50	39	36	6	62	32	12	69	69	63	21	59	27	11	13	17	30	77	36	76	46	32	31	54	30	69	35	76	25	35	31	17	10	35	55	46	46	22	35	26	58	9	31	40	64	38	0	63	39	77	11	8	10	58	16	0	26	36	75	55	34	23	47	61	9	27	76	34	14	37	43	36	70	28	25	17	43	46	73	33	39	43	45	28	66	1	13	18	26	61	12	79	44	74	4	77	35	22	71	31	66	25	28	8	30	53	20	66	44	23	39	31	74	25	30	8	44	69	75	7	57	77	35	8	60	0	12	55	50	34	68	27	26	60	15	60	29	12	14	64	32	32	6	71	57	3	45	41	59	59	64	6	63	28	42	78	53	17	62	51	11	4	73	62	76	14	59	68	35	18	65	32	58	41	77	9	46	60	70	53	64	75	13	38	62	47	50	24	52	34	47	55	17	61	52	31	74	57	11	65	61	5	63	52	49	64	7	20	56	15	57	75	38	24	50	6	34	59	35	7	73	36	37	43	11	71	64	25	41	7	30	66	46	32	71	3	73	71	19	32	46	14	72	0	4	32	32	64	37	24	16	26	28	33	74	58	71	33	18	35	66	11	47	35	76	72	46	54	43	57	63	15	72	53	39	29	53	68	67	13	75	26	78	71	77	44	18	55	28	44	12	0	13	14	43	49	3	31	60	15	1	68	63	55	22	22	66	54	51	12	35	60	22	61	60	35	25	19	5	72	61	17	0	45	75	6	44	43	45	66	44	1	12	43	20	21	17	64	49	50	62	19	70	74	37	76	36	11	13	26	3	10	50	0	8	74	25	61	8	44	4	0	51	10	8	45	60	29	32	36	71	46	23	29	44	38	62	73	13	46	37	19	38	9	48	53	28	14	11	25	27	32	27	22	38	56	20	39	22	19	4	77	57	53	37	0	78	23	8	57	20	45	10	70	0	34	40	26	38	52	23	29	72	47	19	2	68	68	16	27	61	68	30	60	74	47	16	42	69	62	72	21	25	29	34	21	2	14	26	38	38	65	34	57	74	63	18	9	29	73	43	63	22	37	20	78	57	37	46	72	16	51	30	26	58	58	63	18	15	25	49	70	15	7	24	27	62	29	22	55	24	39	40	63	19	63	79	39	69	19	6	43	32	17	63	13	18	10	64	56	12	25	33	46	43	26	14	51	15	10	38	20	58	9	2	58	33	25	14	3	79	72	75	50	22	20	35	50	68	74	79	79	70	61	61	26	69	20	9	71	4	1	19	16	67	22	0	13	46	16	49	32	37	1	22	42	23	48	36	10	40	16	55	60	40	55	54	61	48	16	23	20	67	17	63	52	24	78	66	36	67	13	13	48	43	24	36	26	74	76	42	9	23	16	60	61	53	68	3	15	74	79	5	6	32	11	12	9	46	64	64	35	63	72	76	59	59	46	31	16	63	34	22	71	19	54	31	2	35	18	47	20	0	74	2	61	14	72	75	19	37	9	28	51	40	69	46	57	46	55	9	64	61	48	1	44	60	31	5	2	64	34	73	13	10	73	28	41	39	32	29	30	45	21	69	14	74	75	75	53	35	36	64	14	11	8	58	70	43	16	13	68	78	7	13	64	42	4	6	8	23	60	49	12	64	38	61	70	75	50	18	69	54	43	40	66	54	27	53	44	77	78	72	70	28	62	78	67	8	37	38	15	12	1	10	70	55	30	59	43	73	53	34	6	71	36	6	31	49	12	71	17	57	7	57	50	65	39	67	48	24	7	4	20	58	51	18	7	70	53	37	5	35	37	55	37	28	12	32	17	56	61	1	1	75	1	65	59	9	69	15	2	70	23	23	64	37	69	79	21	41	0	52	50	59	18	48	70	23	30	59	3	73	34	40	24	50	60	66	12	48	45	43	37	29	52	15	31	31	37	70	64	13	66	77	36	8	29	38	50	22	29	13	13	27	72	7	26	41	8	33	24	11	30	2	9	9	38	76	51	16	64	8	79	22	55	64	50	5	47	69	64	20	71	19	35	59	7	79	11	16	63	29	71	21	12	26	79	36	13	16	77	38	5	66	8	3	77	42	8	43	58	31	35	3	74	26	8	34	12	71	65	51	46	16	67	6	64	18	44	51	17	78	78	3	68	0	60	75	49	33	19	61	4	32	16	62	20	31	2	30	33	61	43	48	19	30	53	78	75	44	9	60	68	40	61	29	44	23	58	73	16	28	30	12	25	34	49	17	3	35	8	41	22	70	6	12	36	60	28	51	54	70	16	52	40	75	47	42	55	10	23	59	71	58	66	54	33	68	67	31	79	69	14	25	76	3	
5	19	16	3	13	6	2	13	3	7	19	9	4	10	1	7	3	20	8	1	15	14	9	12	1	17	18	8	16	3	19	10	16	3	5	13	1	11	14	12	13	5	17	16	1	9	14	3	14	3	15	18	12	14	7	1	2	18	7	5	19	12	10	17	5	9	7	12	5	10	14	7	20	8	5	12	11	3	15	5	11	12	8	2	17	20	19	1	15	17	15	11	1	11	15	1	1	9	7	13	16	18	7	15	6	16	14	20	17	20	12	18	17	10	13	8	7	4	12	1	13	11	13	14	16	20	1	10	4	16	20	16	11	11	17	16	5	19	12	3	4	1	18	7	4	17	15	8	14	10	2	19	9	11	19	1	19	6	3	10	2	12	11	11	11	1	2	2	18	19	18	7	19	9	6	15	19	18	13	3	20	12	17	9	6	11	16	16	10	1	1	3	3	7	10	6	19	10	16	11	17	10	17	9	10	13	20	7	6	4	11	5	2	11	3	20	16	20	5	1	20	20	17	18	12	20	2	18	12	4	20	20	18	2	8	5	18	6	14	4	5	3	5	19	5	12	5	16	19	10	10	3	11	8	15	13	18	13	15	8	14	7	1	7	3	18	20	13	15	4	6	2	2	14	17	19	14	9	20	9	15	1	1	6	15	13	15	9	5	5	15	1	9	1	8	2	14	5	3	5	8	6	8	13	13	10	6	1	5	4	8	6	7	8	9	3	12	6	15	7	11	12	8	12	12	6	10	15	12	2	5	15	4	8	3	15	2	1	14	2	15	3	5	15	8	2	4	10	5	9	12	8	4	3	9	15	9	10	10	6	12	13	11	3	15	8	9	7	1	7	5	10	9	9	12	13	6	3	1	1	8	13	11	4	7	15	2	10	1	16	13	15	4	10	5	4	4	4	3	4	10	5	5	10	8	7	11	8	6	5	3	16	4	12	11	1	6	1	1	6	7	11	5	2	2	15	9	15	5	3	9	3	15	7	4	13	16	1	9	9	6	5	9	1	6	9	14	6	3	6	8	3	16	10	3	9	11	12	9	10	16	2	5	2	14	4	2	2	12	11	5	3	5	14	4	15	15	16	15	16	8	11	10	2	5	9	4	12	11	16	2	2	15	4	3	2	15	1	3	2	4	15	6	1	10	3	1	1	16	12	13	13	8	2	2	11	2	7	10	9	4	6	3	13	5	11	11	1	1	1	7	6	16	1	9	8	8	11	5	8	4	16	13	10	11	12	4	8	2	3	6	13	13	6	15	15	2	7	4	7	16	13	1	11	10	8	6	15	14	4	15	2	9	3	12	14	9	3	4	10	4	10	16	14	8	9	15	15	1	1	5	8	16	8	11	10	12	12	12	15	8	1	7	15	9	5	16	10	8	3	1	10	12	13	10	7	6	3	14	11	1	5	9	4	5	12	9	12	9	11	9	4	4	2	12	1	13	14	14	4	13	5	2	10	10	2	8	16	12	7	15	12	2	5	10	6	16	13	3	2	16	2	13	9	5	12	7	8	1	11	1	8	16	14	14	6	15	14	3	13	10	8	2	9	4	6	14	10	11	16	9	15	2	11	6	13	11	11	1	4	15	16	14	2	9	12	9	5	13	3	8	13	14	8	2	15	7	8	3	6	3	11	5	6	4	2	10	16	1	5	13	10	6	10	11	7	6	4	11	9	8	4	11	4	15	1	14	15	14	9	8	8	14	14	4	5	6	12	6	2	11	14	6	14	6	10	12	6	2	5	6	12	2	4	11	9	2	4	15	10	16	3	9	10	3	14	2	14	9	16	16	2	1	16	3	1	15	15	10	4	1	1	15	11	8	6	7	11	12	9	8	6	1	1	8	2	3	16	11	12	9	2	11	5	3	7	3	9	11	15	7	14	5	15	5	9	3	15	3	15	10	13	11	16	10	5	13	2	1	16	5	10	4	3	6	9	16	14	2	13	11	9	6	10	12	8	13	16	4	7	12	10	15	3	2	16	1	10	10	8	1	1	2	10	5	3	7	6	16	11	10	2	8	1	1	7	6	15	9	3	15	7	8	7	11	6	2	11	13	7	5	4	12	6	2	1	15	12	3	3	8	5	12	9	11	15	12	9	7	14	1	6	7	16	4	14	6	4	3	3	4	10	2	10	7	8	16	13	10	9	2	4	1	2	3	1	3	14	15	7	15	16	6	7	5	11	7	5	2	14	11	9	9	15	13	13	12	5	6	5	4	5	13	11	12	3	6	15	5	2	4	8	8	7	5	15	15	5	3	12	10	8	11	14	3	7	3	9	8	8	10	16	15	16	4	11	2	12	2	1	6	2	12	4	14	14	4	5	5	14	6	15	5	11	5	9	6	8	14	8	13	12	12	1	14	13	5	13	8	9	13	12	1	13	5	2	3	15	9	12	12	6	6	1	3	9	7	15	13	10	15	14	2	13	5	1	14	11	16	5	7	5	8	14	6	5	7	5	3	6	9	6	6	6	12	3	2	2	14	6	7	4	6	2	1	3	12	7	10	1	1	11	16	10	7	15	10	16	15	2	12	11	2	7	6	6	8	10	16	13	5	4	5	12	5	14	11	3	16	1	3	5	9	16	15	8	11	6	15	8	16	4	16	11	16	7	11	6	3	13	15	16	6	4	11	7	13	1	8	12	6	4	3	15	1	1	4	13	8	12	10	16	12	10	6	1	16	4	5	10	7	2	4	5	9	7	15	6	15	15	11	10	10	3	3	12	5	13	12	9	9	12	16	11	14	14	4	14	2	15	5	7	3	6	1	15	7	2	16	5	12	11	5	3	9	14	14	11	12	10	13	13	10	8	4	16	4	13	15	14	12	2	12	2	8	7	10	14	8	6	7	4	8	10	10	7	3	3	10	3	10	1	8	8	14	2	10	15	4	4	9	1	2	10	16	1	3	1	7	1	10	11	15	2	9	8	10	5	4	14	8	9	12	12	11	9	11	7	6	3	6	1	8	4	9	15	10	16	1	9	11	9	3	11	2	4	13	5	3	13	13	3	16	6	1	15	2	11	10	12	10	2	5	16	2	6	12	12	3	1	11	3	16	11	5	9	16	14	16	9	13	11	2	5	16	16	14	1	5	9	8	10	15	6	7	2	7	4	3	6	11	13	16	2	9	4	3	14	15	4	10	4	7	9	7	10	13	13	13	1	10	7	6	14	16	14	11	7	13	4	4	11	3	1	7	10	3	14	6	4	12	14	8	7	1	8	15	16	4	2	11	15	10	5	12	9	3	10	1	10	9	7	10	16	1	13	14	8	1	7	10	12	9	7	4	2	9	2	9	6	6	5	7	13	6	14	14	13	1	12	5	6	4	13	8	6	7	13	12	1	5	13	3	2	5	7	8	14	2	1	12	3	2	10	6	6	2	6	1	10	8	5	13	12	10	4	16	10	14	10	11	5	14	13	4	10	14	3	14	9	11	13	3	6	9	14	3	2	14	6	4	8	11	10	2	1	6	13	7	3	16	10	4	13	9	1	14	6	4	14	13	1	12	7	6	4	8	14	1	1	16	14	1	2	5	14	1	12	15	8	2	4	4	16	2	13	3	5	6	11	7	14	7	12	8	16	13	10	15	4	14	4	1	10	11	2	4	13	16	15	13	4	12	6	15	1	7	7	2	14	12	2	13	2	11	8	13	12	10	6	7	15	11	4	16	9	11	8	5	9	11	13	12	10	14	11	15	4	16	5	4	9	4	4	9	3	4	3	1	8	10	8	10	8	6	9	1	1	16	7	3	11	15	4	1	3	15	13	3	1	8	11	4	11	12	7	6	8	9	4	9	12	4	3	10	3	2	3	1	5	9	16	13	13	4	9	2	1	4	8	3	7	1	1	1	15	11	10	2	12	9	1	9	3	6	8	12	13	7	10	8	1	8	11	6	11	9	15	8	9	15	11	15	6	6	3	9	11	9	14	1	1	11	5	6	6	6	13	11	8	1	14	12	13	4	15	5	3	8	9	14	4	10	4	3	13	16	13	16	13	5	11	12	13	14	7	10	9	2	14	14	7	3	2	4	11	2	14	2	2	14	8	16	5	3	4	8	8	2	6	11	8	14	8	5	4	12	3	9	6	4	11	13	14	8	9	7	9	7	15	13	6	4	4	10	7	11	9	15	14	11	6	6	14	13	5	11	6	7	1	4	15	9	16	9	12	3	1	8	11	13	10	14	13	11	15	5	11	1	3	15	16	1	10	2	12	12	9	16	6	14	11	8	10	11	2	5	5	4	15	8	6	1	8	3	12	13	8	14	3	11	2	14	15	2	6	3	2	3	4	1	7	2	2	10	6	11	14	6	16	12	15	15	12	13	13	13	1	6	13	13	3	12	10	12	11	7	9	3	4	14	15	2	1	13	9	7	2	5	7	3	13	10	6	3	4	12	11	10	14	11	12	8	2	2	1	16	7	13	16	15	14	4	15	5	16	9	10	5	4	7	11	8	6	5	16	8	13	15	7	14	1	15	13	10	5	11	13	4	3	13	7	13	10	1	14	11	11	3	8	1	14	5	7	14	12	8	3	2	15	5	7	11	16	1	3	3	10	11	8	16	10	8	2	9	1	2	13	7	5	1	10	3	5	8	7	4	10	2	10	10	3	8	13	2	1	1	14	10	15	15	8	13	8	2	7	14	8	2	1	1	9	14	14	7	6	9	4	10	7	11	5	15	13	14	8	11	15	9	5	15	11	4	7	6	13	9	8	8	1	14	3	8	13	2	5	10	9	11	4	10	11	7	15	16	9	3	15	1	6	3	6	7	6	12	9	8	9	8	10	13	12	13	6	2	8	3	13	15	14	8	8	10	1	1	16	2	4	13	16	12	3	4	3	8	6	5	14	12	12	3	8	1	3	2	11	14	14	3	2	1	3	3	8	5	6	10	9	8	13	10	11	7	10	11	11	3	1	3	14	16	16	9	4	7	12	13	16	16	16	4	3	7	1	10	15	14	13	6	16	2	9	2	16	10	12	12	2	11	12	9	7	8	2	3	12	10	14	8	3	13	10	5	13	1	4	13	8	2	3	6	11	9	8	14	11	6	12	8	8	10	1	7	12	10	15	14	16	14	15	5	16	5	4	16	13	14	16	5	2	15	2	13	8	15	10	15	14	1	6	16	13	7	13	8	12	9	13	15	9	3	7	6	13	12	8	15	13	9	13	5	1	8	12	9	9	16	5	6	2	2	6	16	13	1	12	16	1	15	16	13	12	14	10	2	13	7	2	1	1	11	11	3	6	8	5	7	2	4	11	7	13	13	16	2	10	7	2	1	5	8	10	13	9	9	5	8	7	11	3	15	13	12	7	2	10	2	5	6	16	6	12	5	9	10	16	6	10	16	11	12	7	14	12	12	9	2	13	6	4	6	11	2	8	2	13	9	4	2	14	2	4	8	8	7	11	6	12	7	13	5	10	1	7	3	13	6	14	4	12	7	2	8	6	4	14	14	7	15	2	16	14	3	8	6	12	12	15	2	3	16	12	15	4	11	8	4	5	3	10	5	10	15	3	13	3	4	11	3	11	13	4	2	3	4	4	1	14	11	3	5	10	7	5	2	9	9	10	9	11	4	13	7	2	9	16	16	1	2	15	15	16	4	4	7	8	9	14	6	10	6	6	15	9	1	5	12	16	5	4	1	15	6	9	4	3	16	13	7	5	16	5	10	10	1	11	14	1	15	9	9	10	12	10	4	16	7	4	9	4	16	5	1	4	3	13	5	14	12	3	15	14	6	10	14	16	11	11	1	8	10	1	14	11	3	6	14	1	13	2	13	13	1	15	3	4	8	3	1	15	5	5	13	3	15	5	4	7	16	16	11	3	5	14	12	7	7	16	11	12	13	11	2	10	10	13	9	10	2	12	13	13	3	8	4	10	5	7	11	1	13	12	6	1	4	12	11	5	11	12	15	5	5	8	1	9	15	7	6	7	8	4	11	7	14	13	14	12	9	16	14	3	10	1	16	7	11	4	14	10	1	12	2	14	7	3	1	2	7	4	4	12	16	7	9	15	10	8	5	1	2	2	4	9	2	9	1	15	10	8	1	1	8	1	3	6	5	16	9	16	10	1	16	8	12	15	1	4	14	4	14	3	15	3	1	14	16	11	6	6	1	3	14	6	11	16	13	7	10	3	4	15	6	10	2	15	5	7	4	4	5	8	1	4	8	16	5	11	4	3	16	13	8	7	10	4	2	10	15	11	14	9	4	16	11	7	13	14	6	16	10	12	12	12	11	15	16	8	15	11	11	2	7	10	7	5	10	5	12	7	1	8	8	14	3	9	8	14	10	6	10	15	9	13	14	7	10	5	8	5	12	7	15	1	9	7	12	13	1	10	5	3	6	16	11	10	12	15	14	5	4	13	5	4	5	4	2	3	16	15	9	8	9	13	11	4	1	6	14	8	4	15	7	14	
100	730	900	900	120	620	510	350	290	990	840	990	200	160	640	130	990	490	840	950	930	790	860	650	650	790	370	880	980	330	220	890	500	250	730	460	420	530	720	950	870	220	180	370	160	460	150	230	840	360	440	550	770	390	100	240	340	730	170	440	930	890	460	970	670	500	850	410	560	970	590	690	360	210	410	380	750	400	300	650	920	720	130	600	500	810	630	610	760	720	450	310	130	570	110	390	380	270	930	940	140	250	780	470	250	880	190	480	240	530	520	810	910	690	530	670	920	340	870	460	360	690	210	790	460	160	950	680	520	320	130	350	900	220	200	110	770	240	840	840	760	510	870	480	800	200	910	420	720	890	890	980	460	340	530	170	810	700	440	590	620	600	500	220	270	460	820	950	840	330	100	780	420	370	820	470	670	430	890	890	560	140	820	660	670	550	370	990	780	770	860	710	430	550	870	670	360	100	910	850	820	460	350	730	740	580	400	730	310	680	510	550	990	250	910	960	980	870	850	340	970	290	510	820	860	750	800	850	130	270	100	320	650	500	240	990	910	760	170	170	660	390	810	910	260	890	270	1000	330	980	180	150	100	840	360	950	270	350	530	960	790	130	530	440	360	350	840	690	910	310	220	710	930	430	940	410	390	440	870	720	500	260	250	340	570	530	480	140	890	700	110	490	370	930	510	950	950	290	800	490	780	850	670	240	210	140	860	590	950	970	340	420	440	940	940	210	700	300	350	120	320	840	190	260	280	240	190	840	140	540	430	120	590	690	720	910	290	520	560	710	980	960	330	830	940	640	200	330	820	880	600	220	760	970	760	220	590	200	310	1000	560	700	350	800	520	930	830	730	190	280	930	500	740	590	180	280	170	670	470	310	680	480	950	540	460	640	300	550	980	800	810	380	380	690	590	410	470	320	240	610	400	140	410	540	150	620	530	620	600	420	860	260	660	570	850	630	890	830	450	450	220	840	680	920	720	180	100	370	340	720	720	300	300	220	260	770	800	480	910	260	460	330	420	390	590	500	240	340	590	880	910	270	190	410	560	850	360	910	550	110	140	850	110	970	690	700	420	400	520	850	700	740	510	980	230	880	690	850	490	930	480	290	520	660	490	360	260	750	720	680	620	450	490	550	150	260	580	260	800	820	870	700	660	580	570	550	550	790	180	260	930	160	730	190	900	920	820	710	430	370	190	790	680	490	540	700	1000	310	360	610	120	720	370	210	940	600	600	170	180	230	200	830	920	620	600	430	940	970	860	700	180	360	990	390	960	930	410	310	110	900	560	750	800	990	280	500	650	300	650	910	800	100	140	490	540	1000	990	420	330	190	260	490	870	740	490	830	540	580	690	130	400	720	840	710	670	520	900	430	170	310	480	960	690	980	720	960	1000	290	970	190	990	580	550	620	640	650	120	900	510	700	430	800	610	660	400	810	210	640	810	940	540	380	870	270	630	1000	930	620	840	620	410	320	930	270	640	940	330	900	920	170	890	720	390	190	720	150	540	380	840	360	490	520	290	300	840	210	790	300	360	830	950	100	200	130	650	760	140	290	940	160	770	880	210	440	940	350	970	890	740	440	390	990	220	810	940	410	680	830	240	780	220	900	390	330	960	450	190	640	340	710	510	780	960	390	140	490	320	840	860	860	570	140	950	300	830	640	740	520	320	950	180	190	570	150	660	710	250	290	850	840	230	920	210	490	280	510	530	910	130	470	170	900	440	860	170	930	540	890	320	670	780	910	610	460	560	850	830	500	190	460	320	820	1000	520	170	840	360	140	390	890	560	190	890	930	550	710	650	930	970	760	280	170	620	290	710	490	310	620	210	790	300	290	310	840	460	490	190	590	740	820	140	920	960	380	280	520	660	530	270	220	770	610	290	920	110	570	1000	790	180	710	810	430	680	180	980	940	490	530	830	790	710	710	800	950	780	210	970	390	500	530	1000	460	330	680	680	350	980	890	590	550	240	380	720	330	170	250	530	940	600	810	190	790	400	960	160	600	830	750	350	990	850	640	480	800	940	600	530	990	120	580	150	710	160	220	910	250	770	610	720	430	850	320	740	880	640	240	820	300	620	580	800	320	740	380	940	440	390	740	830	700	860	590	410	420	650	840	910	130	830	230	730	380	780	880	720	450	180	510	840	880	740	300	300	300	610	190	1000	750	370	840	240	900	460	650	650	490	610	860	520	380	1000	140	720	310	270	370	430	590	170	880	850	480	880	950	250	910	270	150	1000	740	200	780	260	440	510	890	460	560	720	590	350	910	680	100	510	100	940	860	370	580	540	540	860	240	920	880	460	760	560	740	650	200	960	640	550	910	680	530	160	390	900	730	110	590	240	410	850	450	660	580	590	230	760	210	770	940	400	650	510	430	800	140	900	620	780	570	500	700	900	750	110	550	290	1000	500	480	140	320	500	150	650	650	780	860	780	270	470	910	150	930	760	940	400	930	630	110	810	230	660	170	120	570	800	160	320	880	800	400	770	830	720	920	570	950	710	940	400	690	580	550	290	660	740	420	350	580	460	310	460	200	690	930	460	800	500	870	860	720	460	160	230	930	410	600	490	270	240	500	300	980	170	260	170	210	690	470	910	260	760	1000	430	610	510	100	890	860	790	430	880	330	110	920	730	690	270	720	390	590	370	590	720	800	140	830	200	520	540	940	330	920	500	430	950	110	940	470	170	690	760	670	860	330	670	160	230	100	220	500	970	430	390	820	870	360	190	780	750	800	380	950	200	980	270	890	940	420	1000	980	310	210	380	860	870	200	780	200	570	830	610	630	350	870	120	950	840	640	480	130	840	880	720	190	980	450	410	550	480	590	150	570	620	380	770	160	340	900	170	160	430	780	130	540	780	680	110	230	710	350	560	790	170	470	660	470	210	210	250	600	660	350	660	990	910	810	590	230	710	610	440	890	450	630	100	780	400	350	170	290	210	730	230	120	730	350	970	910	430	370	870	440	690	890	930	660	470	980	730	600	350	840	280	740	950	500	990	890	220	760	730	740	870	330	550	480	570	900	440	830	720	120	710	990	680	750	600	630	890	560	330	790	570	730	100	350	870	170	290	260	260	930	710	970	510	930	480	440	230	150	530	730	580	150	670	350	420	230	330	280	760	280	700	740	420	580	520	500	130	600	770	640	170	700	750	290	990	150	180	400	660	960	650	510	720	140	970	640	840	850	400	810	390	660	350	300	380	370	190	570	790	580	640	600	790	510	960	430	900	130	760	160	540	700	370	950	880	850	760	720	740	280	740	780	610	900	600	640	620	360	440	940	910	190	920	630	560	930	100	830	590	150	200	1000	260	190	100	330	550	100	420	850	150	900	380	290	480	260	290	550	550	230	340	930	220	400	870	400	230	630	860	560	140	950	140	530	790	970	100	600	910	840	580	770	890	150	470	500	140	330	520	970	230	260	200	180	250	250	210	480	990	700	990	520	730	650	350	990	970	170	310	720	120	550	450	750	290	530	350	860	590	400	510	300	830	700	860	740	180	1000	480	960	1000	270	880	680	900	160	790	180	600	980	320	560	460	820	650	690	530	590	190	270	620	640	560	710	870	610	160	560	550	630	130	510	780	670	730	690	230	910	220	660	570	730	630	930	270	220	410	540	600	350	240	420	120	600	700	770	800	460	450	920	110	650	310	260	230	580	330	160	660	770	670	930	960	260	580	280	520	320	340	100	140	970	250	920	880	990	230	800	320	530	910	240	340	860	730	230	770	810	120	780	640	640	260	180	750	560	170	310	190	420	760	140	740	130	240	170	300	680	160	180	710	360	780	640	980	480	150	870	340	360	960	200	920	530	320	920	700	530	950	590	310	310	370	800	410	210	770	790	230	100	620	730	280	370	440	110	570	530	120	560	630	640	720	880	570	180	580	540	370	970	600	200	690	660	680	640	850	690	510	310	300	310	880	720	520	420	930	850	860	820	460	660	120	220	100	960	150	1000	100	580	970	250	370	190	360	160	790	590	390	760	330	630	490	100	530	620	820	580	480	910	560	340	770	520	620	360	890	420	970	330	100	610	610	890	980	840	210	610	140	770	260	520	160	560	640	770	420	370	100	150	810	350	700	110	100	110	510	630	750	480	940	980	540	850	230	380	360	580	910	440	280	680	990	870	590	650	900	680	640	780	290	770	700	910	670	350	130	710	900	930	160	600	100	160	460	540	490	850	840	440	970	210	940	250	150	200	720	670	420	180	630	400	640	940	130	160	620	510	680	880	980	580	120	520	520	950	410	780	970	580	560	710	630	380	190	670	810	140	160	380	250	590	360	150	910	730	450	590	140	280	370	710	530	830	170	750	190	810	110	790	580	700	750	540	350	990	740	140	470	830	960	720	750	890	470	470	240	430	880	570	870	660	410	940	420	250	690	860	1000	210	340	230	380	400	620	830	600	240	640	360	320	480	360	870	180	690	770	150	660	470	450	940	630	210	110	590	700	920	180	880	470	680	250	480	350	560	660	410	360	150	980	300	260	690	830	900	350	1000	150	1000	990	480	130	470	650	490	490	270	220	180	390	250	800	270	930	170	350	680	710	380	980	590	200	890	840	400	870	900	860	660	310	540	660	710	700	630	940	330	610	970	180	990	990	630	920	660	500	320	790	570	150	780	600	990	620	820	760	700	760	850	570	500	770	350	660	990	880	270	420	760	910	940	630	590	780	720	790	750	850	590	820	700	350	400	1000	960	590	480	270	800	790	470	210	590	600	100	1000	570	280	210	850	290	420	720	350	470	200	800	640	820	790	300	240	640	380	400	990	410	250	770	350	890	580	800	1000	820	620	480	110	780	650	960	670	670	910	910	150	640	560	830	310	560	920	730	730	650	680	850	230	850	630	610	250	830	220	710	750	340	720	780	140	530	910	430	300	810	550	720	230	420	650	520	960	190	990	860	930	470	210	570	800	400	880	530	710	370	180	240	780	410	330	700	570	470	730	710	440	380	570	980	400	830	770	680	530	300	450	210	530	210	250	860	850	400	410	380	700	910	300	440	570	440	410	740	530	100	490	600	520	800	680	460	390	290	710	250	800	190	870	530	250	920	950	210	480	200	900	810	310	850	790	560	200	860	420	380	360	750	650	850	910	790	250	980	910	760	350	520	650	210	210	350	100	730	400	1000	240	760	570	620	110	890	350	320	620	650	990	470	790	670	330	710	600	520	840	720	220	610	880	740	870	230	490	560	220	210	780	330	250	610	660	230	890	100	720	440	840	380	310	260	110	590	780	730	310	390	300	830	720	470	780	340	790	340	560	340	620	700	580	560	210	410	470	370	350	330	420	710	970	620	420	900	340	750	400	400	570	720	840	940	700	750	200	250	160	710	370	210	110	300	710	900	490	100	440	390	610	650	380	890	440	940	850	280	670	420	600	190	610	910	990	600	330	200	760	160	540	430	770	710	800	960	850	580	920	450	270	870	920	600	180	370	530	900	330	650	340	560	300	610	310	140	790	160	120	140	210	170	100	390	580	220	510	800	590	750	720	660	570	610	880	430	370	500	120	500	820	600	210	460	340	340	870	550	530	850	990	900	820	990	150	460	870	590	340	140	630	960	720	850	600	240	340	180	710	640	490	680	260	140	660	480	350	790	240	410	480	680	540	540	280	700	350	690	1000	190	700	350	340	940	240	780	600	470	430	410	190	880	280	800	200	760	240	580	960	870	820	170	560	150	620	780	260	720	130	750	900	740	720	970	580	920	880	990	490	490	770	750	280	720	480	370	840	330	960	470	180	850	190	190	700	910	180	380	840	750	180	700	570	580	950	800	890	930	420	490	220	350	520	330	760	110	130	500	640	740	480	320	450	190	720	280	820	540	340	710	550	340	290	680	990	170	130	330	630	760	100	220	620	650	750	140	230	900	730	790	130	980	680	1000	350	490	550	400	660	150	340	580	290	940	640	700	170	870	850	440	250	230	580	110	890	360	230	800	600	590	510	640	160	710	860	520	810	590	390	500	140	760	800	430	820	680	150	180	130	260	930	330	100	940	570	770	540	650	590	960	740	980	180	930	730	870	820	120	800	190	120	580	240	290	460	940	160	140	1000	290	190	410	180	980	510	400	360	540	540	700	190	120	310	530	520	110	100	850	440	270	530	810	890	410	690	940	960	550	130	760	570	150	950	510	510	190	270	100	220	370	530	200	480	530	360	710	670	350	560	240	1000	550	300	740	330	630	500	220	1000	470	840	730	480	600	1000	860	280	750	660	470	350	270	630	720	670	800	350	190	340	180	480	470	220	940	500	430	420	840	580	840	390	130	490	570	250	510	120	1000	620	110	340	950	470	690	210	220	160	160	960	170	820	260	430	490	590	360	930	210	140	160	470	630	920	510	850	860	800	950	340	840	530	380	940	510	420	160	950	500	360	180	120	180	870	950	100	470	230	280	240	200	310	200	300	930	210	700	290	110	190	120	590	130	490	890	160	960	380	630	280	530	140	430	480	520	800	840	230	710	
100
