1580
80
4
50
0	0	0	0	0	0	0	0	0	0	0	0	0	0	0	0	0	0	0	0	0	0	0	0	0	0	0	0	0	0	192	0	0	192	0	0	0	0	0	0	0	0	0	0	0	0	0	0	0	0	0	0	0	0	0	0	0	0	0	0	0	192	0	0	0	0	0	0	0	0	0	0	0	0	0	0	0	192	0	0	
0	0	0	0	0	192	0	0	192	0	0	0	0	0	0	0	0	0	0	0	0	0	0	0	0	0	0	0	0	0	0	0	0	0	0	0	0	0	0	0	192	0	0	0	0	0	0	0	0	192	0	0	0	0	0	0	0	0	0	0	0	0	0	0	0	0	0	0	0	0	0	0	0	0	0	0	0	0	0	0	
0	0	0	0	0	0	192	0	0	0	0	0	0	0	192	0	0	0	0	0	0	0	0	0	0	0	0	0	0	0	0	0	0	0	0	0	0	0	0	0	0	0	0	0	0	0	0	0	0	0	0	0	192	0	0	0	0	0	0	192	0	0	0	0	0	0	0	0	0	0	0	0	0	0	0	0	0	0	0	0	
0	0	0	0	0	0	0	0	0	0	0	0	192	0	0	0	0	0	0	0	0	0	0	0	0	0	0	0	0	0	0	0	0	0	0	0	0	0	0	0	0	0	0	0	0	0	0	0	0	0	0	0	0	0	0	0	192	0	192	0	0	0	0	0	0	0	0	192	0	0	0	0	0	0	0	0	0	0	0	0	
0	0	0	0	0	0	0	0	0	0	0	0	0	0	0	0	0	0	0	0	0	0	0	0	0	0	192	0	0	0	0	192	0	0	0	0	0	0	0	0	0	0	192	0	0	0	0	0	0	0	192	0	0	0	0	0	0	0	0	0	0	0	0	0	0	0	0	0	0	0	0	0	0	0	0	0	0	0	0	0	
0	192	0	0	0	0	0	0	192	0	0	0	0	0	0	0	0	0	0	0	0	0	0	0	0	0	0	0	0	0	0	0	0	0	0	0	0	0	0	0	192	0	0	192	0	0	0	0	0	0	0	0	0	0	0	0	0	0	0	0	0	0	0	0	0	0	0	0	0	0	0	0	0	0	0	0	0	0	0	0	
0	0	192	0	0	0	0	0	0	0	0	0	192	0	192	0	0	0	0	0	0	0	0	0	0	0	0	0	0	0	0	0	0	0	0	0	0	0	0	0	0	0	0	0	0	0	0	0	0	0	0	0	0	0	0	0	192	0	0	0	0	0	0	0	0	0	0	0	0	0	0	0	0	0	0	0	0	0	0	0	
0	0	0	0	0	0	0	0	0	192	0	0	0	0	0	0	0	0	0	0	0	0	0	0	0	0	0	0	0	0	0	0	0	0	0	0	0	0	192	0	0	0	0	0	0	192	0	0	0	0	0	0	0	0	0	192	0	0	0	0	0	0	0	0	0	0	0	0	0	0	0	0	0	0	0	0	0	0	0	0	
0	192	0	0	0	192	0	0	0	0	0	0	0	0	0	0	0	0	0	0	0	0	0	0	0	0	0	0	0	0	0	0	0	0	0	0	192	0	0	0	192	0	0	0	0	0	0	0	0	0	0	0	0	0	0	0	0	0	0	0	0	0	0	0	0	0	0	0	0	0	0	0	0	0	0	0	0	0	0	0	
0	0	0	0	0	0	0	192	0	0	0	0	0	0	0	0	0	0	0	0	0	0	0	0	0	0	0	0	0	0	0	0	0	0	0	0	0	0	0	0	0	192	0	0	0	192	0	0	0	0	0	0	0	0	0	0	0	0	0	0	0	0	192	0	0	0	0	0	0	0	0	0	0	0	0	0	0	0	0	0	
0	0	0	0	0	0	0	0	0	0	0	0	0	0	0	0	192	0	0	0	0	0	0	0	0	0	0	0	0	0	0	0	0	0	0	0	0	0	0	192	0	0	0	0	0	0	0	0	0	0	0	0	0	0	0	0	0	0	0	0	192	0	0	0	0	0	0	0	0	0	0	0	0	0	192	0	0	0	0	0	
0	0	0	0	0	0	0	0	0	0	0	0	0	0	0	0	0	0	0	0	0	0	0	0	192	0	0	0	0	0	0	0	0	0	0	0	0	0	0	0	0	0	0	0	0	0	192	0	0	0	0	0	0	0	0	0	0	0	0	0	0	0	0	0	0	0	192	0	0	192	0	0	0	0	0	0	0	0	0	0	
0	0	0	192	0	0	192	0	0	0	0	0	0	0	0	0	0	0	0	0	0	0	0	0	0	0	0	0	0	0	0	0	0	0	0	0	0	0	0	0	0	0	0	0	0	0	0	0	0	0	0	0	0	0	0	0	192	0	0	0	0	0	0	0	0	0	0	192	0	0	0	0	0	0	0	0	0	0	0	0	
0	0	0	0	0	0	0	0	0	0	0	0	0	0	0	0	0	0	192	0	0	0	0	0	0	0	192	0	0	0	0	0	0	0	0	0	0	0	0	0	0	0	0	0	192	0	0	0	0	0	0	0	0	192	0	0	0	0	0	0	0	0	0	0	0	0	0	0	0	0	0	0	0	0	0	0	0	0	0	0	
0	0	192	0	0	0	192	0	0	0	0	0	0	0	0	0	0	0	0	0	0	0	0	0	0	0	0	0	0	0	0	0	0	0	0	0	0	0	0	0	0	0	0	0	0	0	0	0	0	0	0	0	0	0	0	0	192	0	0	0	0	0	0	0	0	0	0	192	0	0	0	0	0	0	0	0	0	0	0	0	
0	0	0	0	0	0	0	0	0	0	0	0	0	0	0	0	0	192	0	0	0	0	0	0	0	0	0	192	0	0	0	0	0	0	0	0	0	0	0	0	0	0	0	0	0	0	0	0	0	0	0	0	192	0	0	0	0	0	0	0	0	0	0	0	0	0	0	0	0	0	0	0	0	0	0	192	0	0	0	0	
0	0	0	0	0	0	0	0	0	0	192	0	0	0	0	0	0	0	0	192	0	0	0	0	0	0	0	0	0	0	0	0	0	0	0	0	0	0	0	0	192	0	0	0	0	0	0	0	0	192	0	0	0	0	0	0	0	0	0	0	0	0	0	0	0	0	0	0	0	0	0	0	0	0	0	0	0	0	0	0	
0	0	0	0	0	0	0	0	0	0	0	0	0	0	0	192	0	0	0	0	0	0	0	0	0	0	0	192	0	192	0	0	0	0	0	0	0	0	0	0	0	0	0	0	0	0	0	0	0	0	0	0	0	0	0	0	0	0	0	0	0	0	0	0	0	0	0	0	0	0	0	0	0	0	0	192	0	0	0	0	
0	0	0	0	0	0	0	0	0	0	0	0	0	192	0	0	0	0	0	0	192	0	0	0	0	0	0	0	0	0	0	0	0	0	0	0	0	0	0	0	0	0	0	0	192	0	0	0	0	0	0	0	0	192	0	0	0	0	0	0	0	0	0	0	0	0	0	0	0	0	0	0	0	0	0	0	0	0	0	0	
0	0	0	0	0	0	0	0	0	0	0	0	0	0	0	0	192	0	0	0	0	0	0	0	0	0	0	0	192	0	0	0	0	0	0	0	0	0	0	192	0	0	0	0	0	0	0	0	0	0	0	0	0	0	0	0	0	0	0	0	0	0	0	0	0	0	0	0	0	0	0	0	0	0	0	0	0	0	0	192	
0	0	0	0	0	0	0	0	0	0	0	0	0	0	0	0	0	0	192	0	0	0	0	0	0	0	192	0	0	0	0	0	0	0	0	0	0	0	0	0	0	0	0	0	0	0	0	0	0	0	192	0	0	192	0	0	0	0	0	0	0	0	0	0	0	0	0	0	0	0	0	0	0	0	0	0	0	0	0	0	
0	0	0	0	0	0	0	0	0	0	0	0	0	0	0	0	0	0	0	0	0	0	0	0	0	0	0	0	0	0	0	0	192	0	0	0	0	0	0	0	0	0	0	0	0	0	192	0	0	0	0	0	0	0	0	0	0	0	0	0	0	0	0	0	0	0	192	0	192	0	0	0	0	0	0	0	0	0	0	0	
0	0	0	0	0	0	0	0	0	0	0	0	0	0	0	0	0	0	0	0	0	0	0	0	0	0	0	0	0	0	0	0	192	0	0	192	0	0	0	0	0	0	0	0	0	0	0	0	0	0	0	0	0	0	0	0	0	0	0	0	0	0	0	0	0	192	0	0	0	0	0	192	0	0	0	0	0	0	0	0	
0	0	0	0	0	0	0	0	0	0	0	0	0	0	0	0	0	0	0	0	0	0	0	0	0	0	0	0	0	0	0	0	0	0	0	0	192	0	0	0	0	0	0	192	0	0	0	0	192	0	0	0	0	0	0	0	0	0	0	0	0	0	0	0	0	0	0	0	0	0	0	0	0	192	0	0	0	0	0	0	
0	0	0	0	0	0	0	0	0	0	0	192	0	0	0	0	0	0	0	0	0	0	0	0	0	0	0	0	0	0	0	0	0	0	192	0	0	0	0	0	0	0	0	0	0	0	192	0	0	0	0	0	0	0	0	0	0	0	0	0	0	0	0	0	0	0	192	0	0	0	0	0	0	0	0	0	0	0	0	0	
0	0	0	0	0	0	0	0	0	0	0	0	0	0	0	0	0	0	0	0	0	0	0	0	0	0	0	0	0	0	0	0	0	0	0	192	0	0	192	0	0	0	0	0	0	0	0	0	0	0	0	0	0	0	0	0	0	0	0	0	0	0	0	0	192	192	0	0	0	0	0	0	0	0	0	0	0	0	0	0	
0	0	0	0	192	0	0	0	0	0	0	0	0	192	0	0	0	0	0	0	192	0	0	0	0	0	0	0	0	0	0	0	0	0	0	0	0	0	0	0	0	0	0	0	0	0	0	0	0	0	0	0	0	192	0	0	0	0	0	0	0	0	0	0	0	0	0	0	0	0	0	0	0	0	0	0	0	0	0	0	
0	0	0	0	0	0	0	0	0	0	0	0	0	0	0	192	0	192	0	0	0	0	0	0	0	0	0	0	0	192	0	0	0	0	0	0	0	0	0	0	0	0	0	0	0	0	0	0	0	0	0	0	0	0	0	0	0	0	0	0	0	0	0	0	0	0	0	0	0	0	0	0	0	0	0	192	0	0	0	0	
0	0	0	0	0	0	0	0	0	0	0	0	0	0	0	0	0	0	0	192	0	0	0	0	0	0	0	0	0	0	0	0	0	0	0	0	0	0	0	192	0	0	0	0	192	0	0	0	0	0	0	0	0	0	0	0	0	0	0	0	192	0	0	0	0	0	0	0	0	0	0	0	0	0	0	0	0	0	0	0	
0	0	0	0	0	0	0	0	0	0	0	0	0	0	0	0	0	192	0	0	0	0	0	0	0	0	0	192	0	0	0	0	0	0	0	0	0	192	0	0	0	0	0	0	0	0	0	0	0	0	0	0	0	0	0	0	0	0	0	0	0	0	0	0	0	0	0	192	0	0	0	0	0	0	0	0	0	0	0	0	
192	0	0	0	0	0	0	0	0	0	0	0	0	0	0	0	0	0	0	0	0	0	0	0	0	0	0	0	0	0	0	0	0	0	0	0	0	0	192	0	0	0	0	0	0	0	0	0	0	0	0	0	0	0	0	0	0	0	0	0	0	192	0	0	0	0	0	0	0	0	0	0	192	0	0	0	0	0	0	0	
0	0	0	0	192	0	0	0	0	0	0	0	0	0	0	0	0	0	0	0	0	0	0	0	0	0	0	0	0	0	0	0	0	0	0	0	0	0	0	0	0	0	192	0	192	0	0	0	0	0	192	0	0	0	0	0	0	0	0	0	0	0	0	0	0	0	0	0	0	0	0	0	0	0	0	0	0	0	0	0	
0	0	0	0	0	0	0	0	0	0	0	0	0	0	0	0	0	0	0	0	0	192	192	0	0	0	0	0	0	0	0	0	0	0	0	0	0	0	0	0	0	0	0	0	0	0	0	0	0	0	0	0	0	0	0	0	0	0	0	0	0	0	0	0	192	192	0	0	0	0	0	0	0	0	0	0	0	0	0	0	
192	0	0	0	0	0	0	0	0	0	0	0	0	0	0	0	0	0	0	0	0	0	0	0	0	0	0	0	0	0	0	0	0	0	0	0	0	0	0	0	0	0	0	0	0	0	0	0	0	0	0	192	0	0	0	0	0	0	0	0	0	0	0	0	0	0	0	0	0	0	192	0	0	0	0	0	0	192	0	0	
0	0	0	0	0	0	0	0	0	0	0	0	0	0	0	0	0	0	0	0	0	0	0	0	192	0	0	0	0	0	0	0	0	0	0	0	0	0	0	0	0	192	0	0	0	0	0	0	0	0	0	0	0	0	0	0	0	0	0	0	0	0	192	0	0	0	192	0	0	0	0	0	0	0	0	0	0	0	0	0	
0	0	0	0	0	0	0	0	0	0	0	0	0	0	0	0	0	0	0	0	0	0	192	0	0	192	0	0	0	0	0	0	0	0	0	0	0	0	0	0	0	0	0	0	0	0	0	0	0	0	0	0	0	0	0	0	0	0	0	0	0	0	0	0	0	192	0	0	0	0	0	192	0	0	0	0	0	0	0	0	
0	0	0	0	0	0	0	0	192	0	0	0	0	0	0	0	0	0	0	0	0	0	0	192	0	0	0	0	0	0	0	0	0	0	0	0	0	0	0	0	0	0	0	192	0	0	0	0	0	0	0	0	0	0	0	0	0	0	0	0	0	0	0	0	0	0	0	0	0	0	0	0	0	192	0	0	0	0	0	0	
0	0	0	0	0	0	0	0	0	0	0	0	0	0	0	0	0	0	0	0	0	0	0	0	0	0	0	0	0	192	0	0	0	0	0	0	0	0	0	0	0	0	0	0	0	0	0	0	0	192	0	0	0	0	0	0	0	0	0	0	0	0	0	0	0	0	0	0	0	0	0	0	0	0	0	0	0	0	192	192	
0	0	0	0	0	0	0	192	0	0	0	0	0	0	0	0	0	0	0	0	0	0	0	0	0	192	0	0	0	0	192	0	0	0	0	0	0	0	0	0	0	0	0	0	0	0	0	0	0	0	0	0	0	0	0	0	0	0	0	0	0	0	0	0	0	0	0	0	0	0	0	0	192	0	0	0	0	0	0	0	
0	0	0	0	0	0	0	0	0	0	192	0	0	0	0	0	0	0	0	192	0	0	0	0	0	0	0	0	192	0	0	0	0	0	0	0	0	0	0	0	0	0	0	0	0	0	0	0	0	0	0	0	0	0	0	0	0	0	0	0	192	0	0	0	0	0	0	0	0	0	0	0	0	0	0	0	0	0	0	0	
0	192	0	0	0	192	0	0	192	0	0	0	0	0	0	0	192	0	0	0	0	0	0	0	0	0	0	0	0	0	0	0	0	0	0	0	0	0	0	0	0	0	0	0	0	0	0	0	0	0	0	0	0	0	0	0	0	0	0	0	0	0	0	0	0	0	0	0	0	0	0	0	0	0	0	0	0	0	0	0	
0	0	0	0	0	0	0	0	0	192	0	0	0	0	0	0	0	0	0	0	0	0	0	0	0	0	0	0	0	0	0	0	0	0	192	0	0	0	0	0	0	0	0	0	0	0	0	0	0	0	0	0	0	0	0	0	0	0	0	0	0	0	192	0	192	0	0	0	0	0	0	0	0	0	0	0	0	0	0	0	
0	0	0	0	192	0	0	0	0	0	0	0	0	0	0	0	0	0	0	0	0	0	0	0	0	0	0	0	0	0	0	192	0	0	0	0	0	0	0	0	0	0	0	0	0	0	0	0	192	0	192	0	0	0	0	0	0	0	0	0	0	0	0	0	0	0	0	0	0	0	0	0	0	0	0	0	0	0	0	0	
0	0	0	0	0	192	0	0	0	0	0	0	0	0	0	0	0	0	0	0	0	0	0	192	0	0	0	0	0	0	0	0	0	0	0	0	192	0	0	0	0	0	0	0	0	0	0	0	0	0	0	0	0	0	0	0	0	0	0	0	0	0	0	0	0	0	0	0	0	0	0	0	0	0	192	0	0	0	0	0	
0	0	0	0	0	0	0	0	0	0	0	0	0	192	0	0	0	0	192	0	0	0	0	0	0	0	0	0	192	0	0	192	0	0	0	0	0	0	0	0	0	0	0	0	0	0	0	0	0	0	0	0	0	0	0	0	0	0	0	0	0	0	0	0	0	0	0	0	0	0	0	0	0	0	0	0	0	0	0	0	
0	0	0	0	0	0	0	192	0	192	0	0	0	0	0	0	0	0	0	0	0	0	0	0	0	0	0	0	0	0	0	0	0	0	0	0	0	0	0	0	0	0	0	0	0	0	0	0	0	0	0	0	0	0	0	192	0	0	0	0	0	0	0	0	0	0	0	0	0	0	0	0	0	0	0	0	0	0	0	192	
0	0	0	0	0	0	0	0	0	0	0	192	0	0	0	0	0	0	0	0	0	192	0	0	192	0	0	0	0	0	0	0	0	0	0	0	0	0	0	0	0	0	0	0	0	0	0	0	0	0	0	0	0	0	0	0	0	0	0	0	0	0	0	0	192	0	0	0	0	0	0	0	0	0	0	0	0	0	0	0	
0	0	0	0	0	0	0	0	0	0	0	0	0	0	0	0	0	0	0	0	0	0	0	0	0	0	0	0	0	0	0	0	0	0	0	0	0	0	0	0	0	0	0	0	0	0	0	0	0	0	0	192	192	0	0	0	0	0	0	192	0	0	0	0	0	0	0	0	0	0	0	0	0	0	0	192	0	0	0	0	
0	0	0	0	0	0	0	0	0	0	0	0	0	0	0	0	0	0	0	0	0	0	0	192	0	0	0	0	0	0	0	0	0	0	0	0	0	0	0	0	0	0	192	0	0	0	0	0	0	0	0	0	0	0	0	0	0	0	0	0	0	0	0	0	0	0	0	0	0	0	0	0	0	192	192	0	0	0	0	0	
0	192	0	0	0	0	0	0	0	0	0	0	0	0	0	0	192	0	0	0	0	0	0	0	0	0	0	0	0	0	0	0	0	0	0	0	0	192	0	0	0	0	0	0	0	0	0	0	0	0	0	0	0	0	0	0	0	0	0	0	192	0	0	0	0	0	0	0	0	0	0	0	0	0	0	0	0	0	0	0	
0	0	0	0	192	0	0	0	0	0	0	0	0	0	0	0	0	0	0	0	192	0	0	0	0	0	0	0	0	0	0	192	0	0	0	0	0	0	0	0	0	0	192	0	0	0	0	0	0	0	0	0	0	0	0	0	0	0	0	0	0	0	0	0	0	0	0	0	0	0	0	0	0	0	0	0	0	0	0	0	
0	0	0	0	0	0	0	0	0	0	0	0	0	0	0	0	0	0	0	0	0	0	0	0	0	0	0	0	0	0	0	0	0	192	0	0	0	0	0	0	0	0	0	0	0	0	0	192	0	0	0	0	0	0	0	0	0	0	0	0	0	0	0	192	0	0	0	0	0	0	0	0	0	0	0	0	192	0	0	0	
0	0	192	0	0	0	0	0	0	0	0	0	0	0	0	192	0	0	0	0	0	0	0	0	0	0	0	0	0	0	0	0	0	0	0	0	0	0	0	0	0	0	0	0	0	0	0	192	0	0	0	0	0	0	0	0	0	0	0	192	0	0	0	0	0	0	0	0	0	0	0	0	0	0	0	0	0	0	0	0	
0	0	0	0	0	0	0	0	0	0	0	0	0	192	0	0	0	0	192	0	192	0	0	0	0	0	192	0	0	0	0	0	0	0	0	0	0	0	0	0	0	0	0	0	0	0	0	0	0	0	0	0	0	0	0	0	0	0	0	0	0	0	0	0	0	0	0	0	0	0	0	0	0	0	0	0	0	0	0	0	
0	0	0	0	0	0	0	0	0	0	0	0	0	0	0	0	0	0	0	0	0	0	0	0	0	0	0	0	0	0	0	0	0	0	0	0	0	0	0	0	0	0	0	0	0	0	0	0	0	0	0	0	0	0	0	0	0	192	192	192	0	0	0	0	0	0	0	0	0	0	0	0	0	192	0	0	0	0	0	0	
0	0	0	0	0	0	0	192	0	0	0	0	0	0	0	0	0	0	0	0	0	0	0	0	0	0	0	0	0	0	0	0	0	0	0	0	0	0	0	0	0	0	0	0	0	192	0	0	0	0	0	0	0	0	0	0	0	0	0	0	0	0	0	0	0	0	0	0	0	0	0	0	0	0	0	0	0	0	192	192	
0	0	0	192	0	0	192	0	0	0	0	0	192	0	192	0	0	0	0	0	0	0	0	0	0	0	0	0	0	0	0	0	0	0	0	0	0	0	0	0	0	0	0	0	0	0	0	0	0	0	0	0	0	0	0	0	0	0	0	0	0	0	0	0	0	0	0	0	0	0	0	0	0	0	0	0	0	0	0	0	
0	0	0	0	0	0	0	0	0	0	0	0	0	0	0	0	0	0	0	0	0	0	0	0	0	0	0	0	0	0	0	0	0	0	0	0	0	0	0	0	0	0	0	0	0	0	0	0	0	0	0	0	0	0	192	0	0	0	0	0	0	0	0	192	0	0	0	0	0	0	0	0	0	0	0	0	192	0	192	0	
0	0	0	192	0	0	0	0	0	0	0	0	0	0	0	0	0	0	0	0	0	0	0	0	0	0	0	0	0	0	0	0	0	0	0	0	0	0	0	0	0	0	0	0	0	0	0	0	0	0	0	0	0	0	192	0	0	0	0	0	0	0	0	0	0	0	0	0	0	0	0	0	0	0	192	0	0	0	192	0	
0	0	192	0	0	0	0	0	0	0	0	0	0	0	0	0	0	0	0	0	0	0	0	0	0	0	0	0	0	0	0	0	0	0	0	0	0	0	0	0	0	0	0	0	0	0	0	192	0	0	0	0	192	0	192	0	0	0	0	0	0	0	0	0	0	0	0	0	0	0	0	0	0	0	0	0	0	0	0	0	
0	0	0	0	0	0	0	0	0	0	192	0	0	0	0	0	0	0	0	0	0	0	0	0	0	0	0	0	192	0	0	0	0	0	0	0	0	0	0	192	0	0	0	0	0	0	0	0	0	192	0	0	0	0	0	0	0	0	0	0	0	0	0	0	0	0	0	0	0	0	0	0	0	0	0	0	0	0	0	0	
192	0	0	0	0	0	0	0	0	0	0	0	0	0	0	0	0	0	0	0	0	0	0	0	0	0	0	0	0	0	192	0	0	0	0	0	0	0	0	0	0	0	0	0	0	0	0	0	0	0	0	0	0	0	0	0	0	0	0	0	0	0	0	0	0	0	0	0	0	0	0	0	192	0	0	0	192	0	0	0	
0	0	0	0	0	0	0	0	0	192	0	0	0	0	0	0	0	0	0	0	0	0	0	0	0	0	0	0	0	0	0	0	0	0	192	0	0	0	0	0	0	192	0	0	0	0	0	0	0	0	0	0	0	0	0	0	0	0	0	0	0	0	0	0	0	0	0	0	0	0	0	192	0	0	0	0	0	0	0	0	
0	0	0	0	0	0	0	0	0	0	0	0	0	0	0	0	0	0	0	0	0	0	0	0	0	0	0	0	0	0	0	0	0	0	0	0	0	0	0	0	0	0	0	0	0	0	0	0	0	0	0	192	0	0	0	0	0	192	0	0	0	0	0	0	0	0	0	0	0	0	0	0	0	0	0	0	192	192	0	0	
0	0	0	0	0	0	0	0	0	0	0	0	0	0	0	0	0	0	0	0	0	0	0	0	0	192	0	0	0	0	0	0	192	0	0	0	0	0	0	0	0	192	0	0	0	0	192	0	0	0	0	0	0	0	0	0	0	0	0	0	0	0	0	0	0	0	0	0	0	0	0	0	0	0	0	0	0	0	0	0	
0	0	0	0	0	0	0	0	0	0	0	0	0	0	0	0	0	0	0	0	0	0	192	0	0	192	0	0	0	0	0	0	192	0	0	192	0	0	0	0	0	0	0	0	0	0	0	0	0	0	0	0	0	0	0	0	0	0	0	0	0	0	0	0	0	0	0	0	0	0	0	0	0	0	0	0	0	0	0	0	
0	0	0	0	0	0	0	0	0	0	0	192	0	0	0	0	0	0	0	0	0	192	0	0	192	0	0	0	0	0	0	0	0	0	192	0	0	0	0	0	0	0	0	0	0	0	0	0	0	0	0	0	0	0	0	0	0	0	0	0	0	0	0	0	0	0	0	0	0	0	0	0	0	0	0	0	0	0	0	0	
0	0	0	192	0	0	0	0	0	0	0	0	192	0	192	0	0	0	0	0	0	0	0	0	0	0	0	0	0	192	0	0	0	0	0	0	0	0	0	0	0	0	0	0	0	0	0	0	0	0	0	0	0	0	0	0	0	0	0	0	0	0	0	0	0	0	0	0	0	0	0	0	0	0	0	0	0	0	0	0	
0	0	0	0	0	0	0	0	0	0	0	0	0	0	0	0	0	0	0	0	0	192	0	0	0	0	0	0	0	0	0	0	0	0	0	0	0	0	0	0	0	0	0	0	0	0	0	0	0	0	0	0	0	0	0	0	0	0	0	0	0	0	0	0	0	0	0	0	0	192	0	192	192	0	0	0	0	0	0	0	
0	0	0	0	0	0	0	0	0	0	0	192	0	0	0	0	0	0	0	0	0	0	0	0	0	0	0	0	0	0	0	0	0	0	0	0	0	0	0	0	0	0	0	0	0	0	0	0	0	0	0	0	0	0	0	0	0	0	0	0	0	0	0	0	0	0	0	0	192	0	192	0	0	0	0	0	0	192	0	0	
0	0	0	0	0	0	0	0	0	0	0	0	0	0	0	0	0	0	0	0	0	0	0	0	0	0	0	0	0	0	0	0	0	192	0	0	0	0	0	0	0	0	0	0	0	0	0	0	0	0	0	0	0	0	0	0	0	0	0	0	0	0	0	0	0	0	0	0	0	192	0	0	0	0	0	0	0	0	0	0	
0	0	0	0	0	0	0	0	0	0	0	0	0	0	0	0	0	0	0	0	0	0	192	0	0	0	0	0	0	0	0	0	0	0	0	192	0	0	0	0	0	0	0	0	0	0	0	0	0	0	0	0	0	0	0	0	0	0	0	0	0	0	192	0	0	0	0	0	192	0	0	0	0	0	0	0	0	0	0	0	
0	0	0	0	0	0	0	0	0	0	0	0	0	0	0	0	0	0	0	0	0	0	0	0	0	0	0	0	0	0	192	0	0	0	0	0	0	0	192	0	0	0	0	0	0	0	0	0	0	0	0	0	0	0	0	0	0	0	0	0	0	192	0	0	0	0	0	0	192	0	0	0	0	0	0	0	0	0	0	0	
0	0	0	0	0	0	0	0	0	0	0	0	0	0	0	0	0	0	0	0	0	0	0	192	0	0	0	0	0	0	0	0	0	0	0	0	192	0	0	0	0	0	0	0	0	0	0	0	192	0	0	0	0	0	192	0	0	0	0	0	0	0	0	0	0	0	0	0	0	0	0	0	0	0	0	0	0	0	0	0	
0	0	0	0	0	0	0	0	0	0	192	0	0	0	0	0	0	0	0	0	0	0	0	0	0	0	0	0	0	0	0	0	0	0	0	0	0	0	0	0	0	0	0	192	0	0	0	0	192	0	0	0	0	0	0	0	0	0	192	0	0	0	0	0	0	0	0	0	0	0	0	0	0	0	0	0	0	0	0	0	
0	0	0	0	0	0	0	0	0	0	0	0	0	0	0	192	0	192	0	0	0	0	0	0	0	0	0	192	0	0	0	0	0	0	0	0	0	0	0	0	0	0	0	0	0	0	0	192	0	0	0	0	0	0	0	0	0	0	0	0	0	0	0	0	0	0	0	0	0	0	0	0	0	0	0	0	0	0	0	0	
0	0	0	0	0	0	0	0	0	0	0	0	0	0	0	0	0	0	0	0	0	0	0	0	0	0	0	0	0	0	0	0	0	0	0	0	0	0	0	0	0	0	0	0	0	0	0	0	0	0	0	192	0	0	0	0	0	192	0	0	0	192	0	192	0	0	0	0	0	0	0	0	0	0	0	0	0	0	0	0	
192	0	0	0	0	0	0	0	0	0	0	0	0	0	0	0	0	0	0	0	0	0	0	0	0	0	0	0	0	0	0	0	0	192	0	0	0	0	0	0	0	0	0	0	0	0	0	0	0	0	0	0	0	0	0	0	0	0	0	0	0	0	0	192	0	0	0	0	0	192	0	0	0	0	0	0	0	0	0	0	
0	0	0	0	0	0	0	0	0	0	0	0	0	0	0	0	0	0	0	0	0	0	0	0	0	0	0	0	0	0	0	0	0	0	0	0	0	192	0	0	0	0	0	0	0	0	0	0	0	0	0	0	0	0	0	192	0	192	192	0	0	0	0	0	0	0	0	0	0	0	0	0	0	0	0	0	0	0	0	0	
0	0	0	0	0	0	0	0	0	0	0	0	0	0	0	0	0	0	0	192	0	0	0	0	0	0	0	0	0	0	0	0	0	0	0	0	0	192	0	0	0	0	0	0	0	192	0	0	0	0	0	0	0	0	0	192	0	0	0	0	0	0	0	0	0	0	0	0	0	0	0	0	0	0	0	0	0	0	0	0	
11	79	12	17	61	10	27	49	20	16	14	5	64	1	54	44	2	31	54	40	26	25	76	26	75	3	44	34	69	59	69	19	25	4	8	44	9	46	55	79	4	58	67	77	28	58	28	55	35	78	20	78	72	56	75	2	46	71	51	37	52	46	77	8	45	14	57	44	25	7	57	18	57	10	77	27	78	56	39	71	73	51	71	40	75	11	63	16	5	49	48	29	56	55	42	51	70	61	31	2	14	36	15	42	67	30	76	29	52	59	55	60	4	44	32	56	51	19	8	34	49	0	18	58	49	20	76	67	19	17	58	28	72	55	59	46	76	45	56	23	24	5	53	52	17	7	47	67	37	49	33	32	49	65	42	41	2	18	70	10	4	3	18	1	70	15	27	26	67	37	63	35	56	0	10	9	52	30	57	7	66	45	42	29	16	41	73	22	11	62	51	79	0	11	53	54	27	43	77	8	74	77	71	33	10	28	48	14	40	71	53	77	48	10	20	11	0	1	41	68	69	59	33	53	60	52	57	76	33	72	63	6	51	22	79	47	77	58	6	69	12	1	34	36	63	55	63	25	33	43	10	18	64	9	0	60	57	30	31	35	41	7	51	53	44	64	73	14	48	56	78	28	2	75	16	59	31	38	27	41	3	70	28	2	60	71	12	33	72	6	3	68	40	0	51	48	53	79	67	13	39	61	78	21	40	33	28	64	33	5	54	72	27	18	69	69	78	65	35	64	36	27	55	19	70	25	60	38	60	4	75	19	16	69	27	50	43	21	54	61	22	77	6	76	9	22	67	25	62	9	54	76	13	14	24	47	17	32	35	26	1	39	79	70	22	27	5	45	27	71	14	55	55	66	67	14	4	7	14	10	26	45	71	69	52	30	39	7	41	19	39	42	2	70	64	70	10	14	28	21	8	21	2	15	21	68	13	77	28	68	70	41	33	57	27	22	1	46	3	37	15	3	44	8	59	55	26	40	26	71	51	6	78	23	73	19	7	70	77	32	70	5	49	24	49	16	11	62	79	36	19	58	17	12	53	42	35	39	15	27	20	33	62	74	47	40	78	3	19	71	44	52	12	45	54	10	70	71	57	50	64	16	49	8	70	55	44	27	52	24	54	70	41	0	44	38	17	29	28	58	25	26	35	29	61	38	45	29	28	62	8	55	66	13	16	40	28	50	3	12	39	25	29	49	32	32	76	4	3	50	28	18	47	62	11	7	48	0	53	17	67	38	24	29	21	76	32	72	35	47	11	31	58	12	37	46	55	16	76	67	7	41	13	27	71	19	10	55	11	48	52	39	23	74	61	74	14	28	12	57	10	62	29	44	33	9	55	61	63	54	51	53	12	31	59	28	17	27	55	61	55	37	48	47	7	53	49	27	25	69	16	27	24	28	8	72	33	21	44	24	41	28	68	60	44	10	66	57	15	67	43	52	55	29	4	34	73	28	33	71	74	5	55	10	79	14	45	30	78	27	70	25	11	1	39	48	59	38	55	40	51	79	73	70	40	15	66	15	31	13	72	55	45	62	0	69	56	70	79	28	36	10	73	67	53	64	50	78	30	76	36	60	66	53	38	16	22	60	41	60	44	20	79	0	37	28	39	29	33	55	51	68	34	52	5	23	24	37	12	22	53	58	75	51	10	6	50	14	23	8	49	24	78	19	75	66	31	38	48	14	76	51	49	61	53	10	31	24	58	20	65	17	39	21	5	10	6	77	57	16	3	56	26	16	43	52	5	22	28	13	55	49	50	1	28	45	10	12	18	39	49	44	54	44	21	45	5	73	66	61	43	43	69	24	39	62	76	12	20	65	66	37	63	32	54	1	7	8	36	28	23	54	74	4	13	39	4	6	6	56	15	77	62	38	24	20	46	61	35	10	16	74	1	57	52	9	3	30	29	71	20	14	53	20	20	15	56	9	61	15	66	19	44	27	50	79	31	31	3	74	17	2	54	16	38	55	16	34	6	27	8	27	62	46	47	9	18	61	27	27	52	1	76	30	69	55	55	55	37	76	27	79	57	17	43	25	49	49	0	70	79	75	58	20	27	35	19	52	23	63	63	41	4	74	17	42	3	20	18	44	25	76	5	10	20	21	37	39	54	68	63	54	79	46	69	30	54	33	77	26	20	32	14	38	34	56	61	71	51	17	19	56	50	40	79	44	5	70	36	16	62	71	76	60	55	65	34	32	78	37	64	32	49	44	48	20	52	7	32	66	55	50	52	60	37	68	27	0	40	67	32	29	24	20	73	65	8	2	76	25	45	47	38	2	22	67	61	78	73	74	54	36	42	42	58	19	70	3	15	16	70	0	47	23	42	10	16	71	57	26	32	68	4	7	64	33	71	8	29	44	25	23	47	27	70	21	13	5	14	17	55	63	26	7	26	9	5	36	65	18	58	65	1	66	24	79	14	26	0	26	27	1	44	7	28	71	55	76	69	22	27	43	1	0	61	1	29	23	11	68	74	29	78	43	30	70	32	71	45	58	67	79	12	71	40	32	8	52	31	65	17	6	67	60	29	32	63	54	29	69	72	38	48	10	32	49	36	10	70	31	69	70	78	2	60	19	25	72	9	54	34	39	31	23	23	71	28	5	42	59	2	61	37	38	37	30	50	76	50	40	33	17	5	24	68	25	3	55	26	72	70	56	68	0	66	27	1	15	27	41	62	8	6	41	25	49	19	69	20	28	32	9	66	44	69	62	11	44	66	37	47	18	9	33	25	24	23	20	68	53	68	16	16	13	45	67	63	37	38	47	10	72	3	65	43	63	3	75	44	18	8	20	63	66	69	22	64	33	48	41	61	57	13	39	12	20	22	55	26	37	25	13	60	22	1	76	11	26	33	58	34	56	24	5	71	67	64	10	15	63	61	72	74	36	51	12	75	10	69	75	39	63	34	74	0	32	56	55	75	33	46	46	37	47	31	54	23	8	65	58	45	41	78	73	55	11	46	70	52	34	33	55	51	65	13	11	54	56	74	47	26	6	77	25	57	68	29	55	10	16	24	4	16	4	23	10	49	17	47	34	35	47	29	66	2	28	4	10	69	16	8	35	51	26	0	51	63	45	20	20	44	68	1	9	10	22	54	1	60	19	8	27	76	13	11	2	71	11	40	63	23	39	38	33	32	7	67	51	20	32	18	76	23	38	34	65	72	67	18	39	46	51	51	9	4	26	51	0	40	28	76	15	39	26	54	0	46	6	54	22	75	13	74	47	67	59	42	2	29	66	33	20	42	36	79	78	32	51	64	2	79	68	45	8	42	1	48	5	57	44	61	30	42	50	36	76	75	11	3	38	63	56	6	24	0	70	46	48	57	18	18	7	69	59	34	24	43	4	7	8	20	19	29	8	6	45	38	23	20	13	7	9	49	5	6	3	46	19	61	43	32	60	7	13	29	45	64	51	40	36	4	67	62	49	50	52	7	28	11	24	68	32	71	76	66	11	19	42	32	42	56	18	33	1	5	76	3	59	44	58	39	73	61	50	53	0	71	19	53	60	32	33	23	49	64	33	76	27	8	78	17	0	67	18	53	18	21	22	48	79	6	33	11	0	50	76	68	64	60	18	
43	9	16	38	26	17	3	7	12	42	40	47	15	17	29	60	0	3	13	42	76	13	55	23	31	60	23	15	23	12	11	16	17	12	15	23	26	72	63	47	63	13	27	40	44	72	61	45	63	22	68	27	69	4	44	0	26	15	2	40	76	68	36	49	9	16	62	72	75	1	29	41	34	18	30	65	9	33	79	46	15	11	44	45	30	29	66	58	70	52	14	34	51	29	14	19	1	70	14	74	30	42	75	67	39	39	19	59	72	42	2	49	15	64	69	15	9	39	57	52	19	74	12	29	10	71	73	6	42	44	15	77	17	52	37	51	50	57	66	2	61	36	48	68	78	46	10	65	79	64	72	66	56	51	3	49	67	0	37	55	41	32	69	27	3	76	46	73	9	13	72	71	37	44	60	65	0	33	36	77	50	23	55	38	21	22	0	53	34	22	71	18	49	34	5	22	76	17	36	75	44	78	11	57	74	0	69	10	14	34	74	22	50	27	35	7	79	21	10	53	13	58	71	58	38	17	34	62	3	20	70	58	61	60	28	56	12	66	75	49	58	63	14	13	64	44	77	5	38	66	17	51	70	74	3	79	25	77	76	51	55	67	38	39	74	39	9	20	43	17	62	4	35	42	30	32	26	10	35	16	42	76	68	13	18	70	26	77	69	7	53	7	61	20	39	40	63	34	54	21	32	7	54	18	5	22	77	37	35	38	79	51	14	26	33	0	28	25	73	2	67	71	75	77	54	42	44	23	11	69	2	5	39	62	66	27	63	11	47	31	23	16	16	22	38	18	26	68	32	54	49	47	9	1	58	28	23	24	26	31	32	16	71	46	71	47	22	62	66	25	59	3	21	19	27	51	23	34	27	18	44	59	1	38	72	67	18	52	34	79	65	16	29	21	22	64	31	57	67	57	13	0	47	31	28	47	46	56	49	59	1	3	29	34	65	46	54	77	74	77	76	19	64	27	3	24	74	17	31	68	48	14	79	4	16	45	78	53	39	44	75	58	4	27	76	78	78	7	5	10	0	31	33	69	34	12	75	74	29	39	10	32	43	72	57	2	20	73	15	25	2	3	6	76	61	46	8	22	62	36	76	79	79	78	28	48	25	21	33	50	4	33	4	46	57	60	78	46	2	30	56	74	71	18	11	27	66	79	48	74	11	78	64	17	12	58	35	7	61	74	4	39	72	72	11	25	5	76	65	71	61	65	46	8	10	62	77	71	37	60	53	60	69	70	33	16	22	35	72	28	30	77	4	41	73	12	79	1	77	58	64	44	69	48	1	7	27	59	31	66	1	50	71	67	60	49	62	14	65	62	73	9	36	60	78	7	26	33	16	16	74	1	70	70	39	35	52	64	71	75	30	51	46	13	27	19	50	0	48	5	23	55	64	63	68	74	70	62	51	33	43	23	13	44	62	61	22	45	33	1	63	68	20	19	41	66	25	70	37	57	48	73	4	41	11	78	23	67	11	70	15	24	64	49	13	42	11	18	35	42	31	56	16	7	59	53	54	4	48	26	39	50	0	40	51	0	60	48	43	49	4	18	47	37	9	8	24	31	14	73	72	48	33	16	72	45	66	27	69	5	30	55	28	35	50	0	25	70	60	67	26	25	8	46	60	43	3	30	76	8	58	47	70	76	11	30	24	70	66	73	47	2	76	45	72	44	55	6	79	35	46	49	51	35	0	61	70	54	18	2	13	61	14	56	29	36	55	26	13	68	37	66	39	38	1	72	4	3	21	22	45	52	57	4	74	65	5	59	69	37	21	69	70	8	79	43	71	66	13	21	49	30	41	12	13	51	43	74	67	76	12	23	46	64	5	45	52	25	32	52	65	17	36	70	60	31	28	27	63	29	16	45	50	36	74	51	77	5	0	58	30	57	49	28	50	50	21	58	26	9	65	67	47	51	55	8	67	21	1	1	0	8	40	24	31	53	69	21	9	20	48	51	71	56	35	24	17	36	16	67	47	2	43	55	21	47	71	1	29	72	69	29	53	64	20	65	79	58	4	41	43	3	14	4	58	40	76	64	26	3	27	11	66	70	19	22	29	55	67	72	13	32	23	33	21	5	32	11	14	51	54	16	1	58	35	39	33	11	23	16	12	46	34	15	9	2	51	1	47	30	24	65	63	19	60	24	18	20	15	32	45	53	73	51	54	37	43	7	27	79	75	5	56	6	62	69	21	38	15	64	28	72	73	4	18	44	78	6	58	14	38	57	71	4	70	29	18	19	71	57	46	11	59	2	2	14	0	20	48	47	70	46	74	24	58	40	51	59	10	15	15	23	0	39	63	2	11	1	46	79	29	60	27	73	1	77	29	7	6	53	26	59	44	26	78	25	68	23	33	6	2	13	35	48	38	36	60	7	8	30	78	33	46	47	62	61	52	51	24	19	73	22	5	69	4	55	29	73	65	61	60	21	62	20	45	27	2	68	2	17	62	64	77	70	41	10	16	0	35	7	55	28	11	75	37	40	0	40	61	37	1	71	5	1	31	23	32	66	8	41	70	41	64	12	7	70	44	32	48	53	6	66	61	3	36	25	15	38	76	7	59	50	76	60	77	6	37	74	11	71	42	16	77	13	15	50	2	46	66	28	13	8	73	28	4	34	20	58	35	78	70	52	68	6	57	44	17	34	0	30	18	44	0	20	10	41	3	21	78	36	52	24	38	18	47	75	41	48	60	69	52	29	3	70	56	25	40	13	34	2	33	43	11	47	48	50	20	60	46	45	35	4	30	11	52	12	16	62	37	53	42	20	20	55	35	48	9	2	60	40	63	36	12	62	9	18	61	59	60	43	53	8	71	59	10	41	10	27	34	62	32	23	25	28	74	79	59	27	57	21	12	14	49	79	57	35	47	18	36	74	3	40	26	50	38	27	11	7	46	47	28	48	24	26	12	75	54	49	6	78	67	1	25	76	59	24	73	41	69	73	43	30	15	23	77	44	38	10	53	58	23	28	77	6	31	49	24	57	37	67	11	9	1	2	1	8	31	26	2	8	43	49	34	46	14	37	7	50	24	2	53	55	1	20	21	55	51	65	71	40	27	15	59	42	6	68	18	66	65	63	2	18	32	26	23	14	65	46	1	59	34	57	33	63	32	79	26	20	47	11	47	40	33	36	17	26	63	76	3	52	74	50	51	27	59	54	22	48	73	8	48	62	36	10	35	44	9	39	67	50	14	20	75	0	78	17	11	54	74	34	42	44	43	61	18	22	67	15	77	31	5	32	17	52	65	17	46	69	37	11	1	48	35	32	11	8	76	48	38	52	67	21	27	19	54	68	58	59	34	7	21	60	62	43	51	30	71	57	16	14	38	58	79	70	31	39	63	64	12	70	60	0	28	70	43	67	43	26	18	49	38	52	7	45	66	56	42	67	32	38	29	57	40	7	2	2	11	72	61	50	79	8	35	39	15	71	62	15	65	12	29	76	59	33	8	36	54	46	57	59	24	53	72	13	42	37	69	54	1	42	44	2	56	76	16	55	24	41	20	50	3	21	34	67	49	24	78	34	40	49	31	18	12	11	11	72	64	41	0	46	66	61	70	4	79	6	11	40	36	66	
19	8	15	9	14	9	20	18	9	8	19	4	10	3	4	20	1	18	16	7	3	8	19	7	10	19	16	7	7	4	6	10	9	3	20	4	20	10	9	2	18	2	11	10	3	3	8	8	9	20	3	1	19	20	6	6	2	16	6	20	18	14	16	20	20	19	13	8	2	12	2	8	1	17	20	17	13	1	16	9	15	18	19	15	5	4	14	18	7	14	2	6	6	2	16	12	13	1	16	1	6	11	1	3	16	2	3	6	12	7	10	6	9	14	1	7	11	9	19	7	17	9	11	5	8	15	16	4	14	7	12	15	3	3	12	2	1	13	9	13	4	7	20	2	12	20	10	17	5	18	20	15	9	10	15	6	4	16	4	14	5	19	20	8	6	11	17	10	7	4	15	5	7	16	11	16	8	9	10	18	10	14	1	8	15	17	13	17	8	7	19	13	5	20	17	14	12	11	15	19	18	16	5	9	7	19	14	15	17	6	18	9	1	15	3	13	7	1	8	10	13	10	8	8	11	11	14	1	19	9	1	5	14	8	17	6	12	15	19	16	7	9	20	20	16	5	2	20	11	2	8	4	6	10	13	1	18	10	9	5	19	3	13	16	15	18	6	12	15	19	9	17	11	9	15	16	9	4	2	7	13	16	5	6	13	7	8	17	19	1	12	4	19	16	8	12	12	9	9	15	5	6	3	9	4	3	20	5	11	17	20	18	9	10	13	19	17	18	8	15	19	19	1	4	12	12	2	3	12	12	19	8	18	4	14	2	10	12	11	8	5	5	9	4	5	8	18	15	13	11	1	14	11	10	15	9	1	2	8	14	18	13	14	11	5	3	18	3	17	17	8	8	13	13	18	18	5	15	12	12	6	12	12	17	5	18	6	7	7	1	4	7	17	10	2	2	12	3	15	1	18	8	13	4	10	2	4	2	18	2	10	1	16	2	4	19	11	8	9	11	10	13	20	20	14	11	19	12	19	11	5	10	2	1	9	8	6	12	14	10	6	16	19	5	16	5	7	20	3	16	13	16	15	6	11	14	20	2	2	1	9	16	2	4	13	13	16	8	2	15	5	15	1	17	11	10	3	18	3	2	13	17	12	15	20	5	14	6	1	6	7	18	8	5	14	2	16	11	11	8	20	18	20	20	11	1	5	8	20	7	7	8	5	16	12	7	7	20	13	8	6	11	13	4	17	19	7	5	8	10	4	4	19	14	15	9	13	14	8	19	13	9	17	8	9	11	17	20	6	5	17	14	13	16	8	7	19	5	9	2	9	14	1	17	3	7	14	8	16	19	15	13	1	18	12	3	3	12	10	1	13	18	10	11	6	8	9	6	19	16	19	3	7	11	6	7	9	9	19	11	6	11	3	1	2	19	15	12	10	14	3	10	15	13	2	13	13	1	18	19	18	10	5	8	18	19	2	13	18	5	5	12	12	18	16	1	11	10	15	7	9	6	12	8	4	19	11	5	3	15	13	7	12	2	1	10	13	1	1	12	9	17	13	18	10	16	12	1	14	6	11	9	12	20	16	13	19	3	7	12	14	9	10	15	8	10	19	16	4	9	1	20	4	15	16	18	1	18	1	12	7	3	20	6	9	19	2	19	19	11	5	5	9	1	9	4	1	17	12	15	9	20	18	17	8	19	5	15	16	3	1	12	7	10	16	15	12	16	2	18	5	6	16	5	3	9	20	10	7	8	4	11	6	10	15	4	2	20	4	19	10	14	9	9	1	6	19	3	14	11	6	14	20	5	12	11	7	2	6	15	17	5	16	6	1	19	15	15	2	4	14	9	19	9	4	11	19	19	7	12	14	12	3	6	1	17	18	6	9	18	5	1	7	12	12	11	1	12	5	11	3	16	12	16	5	8	5	2	12	6	1	15	8	15	12	12	1	2	1	3	7	15	5	1	6	11	11	16	5	14	8	13	12	9	4	16	2	2	13	3	9	6	16	16	1	13	15	15	16	14	15	6	2	15	10	1	11	8	12	13	7	16	10	6	11	10	6	6	11	12	1	4	15	15	13	14	12	15	5	6	10	4	7	4	7	15	12	3	6	13	11	12	3	3	1	4	3	9	1	5	11	12	12	13	16	12	4	6	5	13	3	4	3	14	15	5	3	7	1	8	9	15	4	5	16	16	7	6	16	13	14	15	11	10	11	11	7	8	5	1	7	15	11	6	11	2	9	12	4	16	16	11	9	10	14	12	5	5	13	7	11	1	3	4	11	1	3	10	12	9	13	8	11	4	13	12	10	14	9	14	15	15	8	9	12	2	13	7	7	6	6	15	8	8	4	12	5	3	2	4	2	5	7	7	3	13	3	14	11	14	4	12	1	11	14	13	12	2	11	2	12	11	15	1	15	8	1	7	15	7	10	5	14	12	5	13	6	6	13	11	4	4	14	8	5	11	4	15	2	1	14	5	11	5	14	2	16	13	3	5	8	3	9	5	1	1	6	2	10	16	6	2	16	5	14	11	8	7	7	4	9	15	12	1	14	13	2	5	1	8	15	9	16	1	12	4	11	9	11	10	1	8	14	13	4	16	11	8	6	2	14	16	2	1	4	3	1	11	13	10	11	13	3	16	6	4	2	9	7	8	5	14	10	9	7	3	7	13	11	5	6	11	16	16	16	3	16	13	9	8	2	12	16	5	12	5	2	10	1	3	1	7	8	14	4	3	12	3	11	14	9	11	10	12	3	3	12	3	4	6	2	15	2	4	3	9	3	1	9	14	10	10	3	1	2	16	11	4	8	8	1	1	2	10	1	9	8	11	2	8	6	14	15	7	8	9	5	14	7	15	9	14	10	13	2	13	10	16	9	4	13	13	12	3	7	16	11	10	11	13	9	3	4	10	7	12	8	5	16	7	6	1	13	2	5	2	16	15	14	8	7	11	1	2	7	5	2	12	2	7	3	11	8	1	4	11	8	9	10	16	16	11	3	6	10	8	8	10	15	1	3	4	1	8	4	1	13	15	12	6	5	1	11	7	11	4	4	12	3	14	5	12	9	16	9	1	2	16	15	16	9	4	13	4	2	4	15	9	7	11	8	4	1	2	6	1	10	5	9	12	4	13	16	2	4	6	14	6	14	16	12	10	16	12	6	4	11	5	14	15	11	6	14	15	6	2	2	14	14	15	14	12	12	1	3	2	7	6	3	5	1	13	10	2	12	3	16	7	14	7	15	11	9	4	14	14	4	2	2	10	2	12	8	3	14	14	1	13	10	9	4	12	7	13	3	11	1	10	13	4	8	2	1	15	3	8	9	10	14	8	14	16	2	8	3	4	3	7	10	3	12	9	3	7	10	2	10	12	6	14	15	13	8	13	8	5	8	1	14	2	12	6	13	6	10	4	3	13	2	3	10	4	15	15	14	1	10	2	13	12	4	5	2	10	16	3	5	11	5	14	6	12	4	5	13	2	13	2	3	15	10	14	15	2	10	9	6	4	6	7	11	12	4	4	14	4	2	11	13	11	4	4	8	7	14	13	10	5	13	12	3	16	10	5	5	9	6	9	7	8	5	12	4	6	9	7	16	9	3	6	11	5	9	7	13	15	2	10	7	16	
980	650	980	530	870	590	110	680	630	710	400	820	300	760	130	820	890	880	120	730	490	270	230	830	220	490	280	580	630	210	920	530	940	320	210	670	760	810	510	190	160	380	570	100	450	960	890	1000	670	760	250	630	230	310	890	810	920	960	370	670	180	920	130	580	550	860	360	780	390	310	500	280	290	400	740	740	340	870	310	440	140	600	470	500	630	660	260	580	470	120	620	470	400	610	790	840	830	600	610	960	710	160	140	220	230	100	140	940	980	780	470	160	420	620	860	530	910	470	240	340	790	850	180	740	570	170	310	600	160	440	270	390	920	400	600	960	270	930	960	810	250	610	640	870	320	920	440	830	970	690	450	650	400	260	970	550	200	190	590	390	800	630	670	290	250	870	150	700	170	210	540	630	820	310	180	340	320	220	900	610	940	680	220	440	170	420	450	310	660	850	170	130	140	490	930	200	540	710	840	910	760	630	670	730	230	460	580	760	820	200	840	1000	480	690	890	620	450	680	230	230	720	880	490	670	880	970	510	520	250	320	320	540	690	170	930	800	750	820	690	840	630	580	860	780	210	220	160	830	810	770	890	760	770	950	320	720	670	660	930	130	850	260	190	870	510	240	100	450	210	960	100	280	300	880	650	580	700	910	520	830	120	260	310	770	530	100	260	100	560	660	900	390	590	870	990	970	280	420	670	920	370	830	600	190	790	440	320	230	680	510	660	540	100	880	140	450	120	690	730	230	980	330	340	640	300	580	980	640	170	440	670	750	180	470	640	510	870	300	980	180	970	900	300	780	240	910	540	320	270	930	600	540	990	130	620	140	550	590	650	330	790	350	880	520	840	270	600	700	1000	690	310	800	540	450	150	660	650	400	810	700	850	100	840	350	610	1000	110	790	580	260	890	250	390	190	540	310	690	430	550	850	380	870	170	410	410	1000	260	320	590	440	170	230	460	170	760	880	150	170	390	190	570	430	350	540	560	970	410	880	830	830	380	880	880	180	460	630	890	830	970	230	790	880	460	950	990	210	470	130	370	370	880	630	940	450	420	520	120	440	1000	900	690	550	210	170	920	860	590	680	590	950	620	120	610	340	850	240	440	500	220	690	800	480	160	760	190	170	410	460	760	580	180	210	930	180	880	260	730	120	710	380	310	920	810	110	430	430	950	440	840	320	410	300	450	520	490	870	710	290	200	370	110	550	770	360	880	950	850	220	610	900	690	760	130	1000	650	820	570	200	540	440	870	160	650	520	880	160	640	610	250	310	480	820	570	940	590	100	440	710	790	680	990	130	380	700	780	870	460	830	100	360	120	900	560	800	870	570	830	290	740	130	630	890	630	900	870	740	960	620	220	160	380	550	230	840	980	610	950	700	980	320	960	740	380	530	860	660	770	190	680	720	850	110	840	820	130	480	510	330	770	760	530	940	920	280	680	800	670	550	200	630	170	850	970	290	830	150	640	920	850	210	180	330	900	530	700	1000	950	430	700	150	770	790	370	840	380	690	810	870	400	470	570	100	240	570	800	450	330	970	870	290	1000	720	280	320	110	320	1000	420	600	270	760	680	400	650	850	650	740	490	690	1000	430	400	1000	700	500	850	700	710	760	510	630	870	580	550	650	180	630	880	570	690	1000	400	190	970	420	300	190	630	730	630	240	340	690	350	870	260	180	850	750	480	600	340	520	510	760	680	430	990	180	500	930	660	450	200	610	560	810	710	580	150	340	720	230	770	110	170	700	940	730	700	830	470	670	530	350	350	440	110	150	190	400	890	370	720	760	710	160	390	960	630	880	790	590	110	250	180	450	110	580	710	1000	660	950	550	750	830	260	740	490	430	340	980	580	100	580	380	330	460	370	240	400	840	190	430	370	920	480	150	300	810	260	820	730	630	350	890	490	590	800	960	230	640	590	670	780	630	370	930	900	250	830	510	290	140	770	220	200	940	330	750	530	260	520	350	720	840	590	410	170	180	680	870	120	840	960	100	510	980	430	440	250	430	620	990	440	350	280	330	500	240	380	890	350	580	580	580	260	390	170	500	690	220	390	500	320	830	370	830	810	400	420	720	760	720	480	850	370	730	800	480	620	400	720	900	990	440	700	350	800	250	380	300	720	480	150	810	270	550	700	490	500	690	410	180	590	270	940	870	190	580	890	230	550	500	180	630	300	270	260	890	320	460	430	990	200	300	660	480	310	700	340	620	500	510	470	580	820	490	730	310	750	780	960	390	410	610	590	910	610	940	100	770	590	970	580	960	860	440	310	150	550	480	220	990	750	630	730	580	1000	270	180	530	360	410	850	450	410	350	950	960	450	650	700	130	980	330	980	260	110	480	430	710	610	720	730	250	480	900	820	850	210	800	310	610	170	870	170	280	700	220	390	980	510	800	770	720	880	830	930	390	100	350	580	130	140	250	580	430	430	520	780	480	140	540	520	680	210	790	740	240	750	940	830	830	370	890	690	420	910	210	190	350	400	510	550	140	700	970	330	660	800	450	210	680	620	850	990	690	280	230	340	980	470	230	250	850	690	450	600	220	770	710	940	930	630	560	990	680	710	720	400	230	300	400	840	570	830	170	780	850	830	380	290	350	370	560	910	730	500	470	430	360	760	120	180	670	690	730	920	320	630	380	740	950	940	880	340	890	480	100	710	220	570	700	680	210	390	940	670	480	550	520	450	550	610	340	460	950	140	340	240	200	690	780	560	940	600	810	230	290	940	580	940	780	340	210	260	480	930	810	180	810	430	180	740	590	700	380	220	900	420	490	300	680	500	890	290	540	830	320	720	130	580	150	230	610	590	110	990	840	350	450	390	730	560	110	760	780	850	640	840	590	390	980	240	130	200	880	460	850	120	840	830	370	200	340	720	910	240	360	650	630	1000	110	340	770	880	850	750	710	970	560	990	150	200	350	440	160	320	100	550	1000	140	150	250	240	920	500	560	760	510	990	420	600	880	590	430	600	470	970	220	200	960	780	410	450	580	990	110	410	360	230	680	1000	350	810	920	360	260	750	760	830	880	440	600	300	450	830	580	870	120	520	1000	570	250	850	520	210	180	110	130	890	940	310	830	910	970	970	690	670	280	450	200	270	310	780	480	790	210	480	420	470	790	670	270	880	830	160	730	470	860	450	340	940	200	710	590	260	440	490	250	380	550	570	630	760	550	940	350	340	280	410	920	750	500	530	220	460	190	660	620	380	330	730	660	250	190	900	1000	670	380	350	460	660	290	530	720	760	340	780	760	860	540	850	490	880	340	150	130	330	530	430	430	570	140	270	470	780	680	210	310	220	790	940	950	840	880	570	430	930	590	910	310	200	710	880	830	150	510	950	170	860	780	130	680	860	310	220	490	290	640	250	450	870	630	860	380	850	500	440	290	270	410	830	150	280	750	360	130	150	230	540	320	620	560	930	970	570	880	660	430	400	700	920	900	650	220	350	360	200	550	470	670	810	540	100	500	700	680	340	770	680	1000	430	370	490	420	970	1000	750	560	510	930	360	570	660	810	350	610	830	460	560	880	640	800	860	320	350	700	420	870	420	460	260	150	930	300	130	210	650	500	760	630	990	270	110	890	980	100	630	310	180	820	970	370	540	190	960	980	360	
10
