2212
80
4
70
0	192	0	0	0	0	0	0	0	0	0	0	0	0	0	0	0	0	0	0	0	0	0	0	0	0	0	0	0	0	0	0	0	0	0	0	0	0	0	0	0	0	0	0	0	0	0	0	0	0	0	0	0	0	0	0	0	0	0	192	192	0	0	0	0	0	192	0	0	0	0	0	0	0	0	0	0	0	0	0	
192	0	0	0	0	0	0	0	0	0	0	0	0	0	0	0	0	0	0	0	0	0	0	0	192	0	0	0	0	0	0	0	192	0	0	0	0	0	0	0	0	0	0	0	0	0	0	0	0	0	0	0	0	0	0	0	0	0	0	0	0	0	0	0	0	0	192	0	0	0	0	0	0	0	0	0	0	0	0	0	
0	0	0	0	0	0	0	0	0	0	0	0	0	0	192	0	192	0	0	0	0	0	0	0	0	0	0	0	0	0	0	0	0	0	0	0	0	0	0	0	0	0	0	0	0	0	192	0	0	0	0	192	0	0	0	0	0	0	0	0	0	0	0	0	0	0	0	0	0	0	0	0	0	0	0	0	0	0	0	0	
0	0	0	0	0	0	192	0	0	0	0	0	0	0	0	0	0	0	0	0	0	0	0	0	0	0	0	0	192	0	0	0	0	0	0	0	0	0	0	0	0	0	0	0	0	0	0	0	0	0	0	0	0	0	0	0	0	0	0	0	0	0	0	0	0	0	0	0	0	0	0	192	0	0	0	0	0	0	0	192	
0	0	0	0	0	0	0	0	0	0	0	0	0	0	0	0	0	0	192	0	0	0	0	0	0	0	0	0	0	0	0	0	0	0	0	0	0	0	0	0	0	0	0	0	0	0	0	0	0	0	0	0	0	0	0	0	0	0	0	192	0	0	0	0	0	0	0	0	0	192	0	0	0	0	192	0	0	0	0	0	
0	0	0	0	0	0	0	0	192	0	0	0	192	0	0	0	0	192	0	0	0	0	0	0	0	0	0	0	0	0	0	0	0	0	0	0	0	0	0	0	0	0	0	0	0	0	0	0	0	0	0	0	0	192	0	0	0	0	0	0	0	0	0	0	0	0	0	0	0	0	0	0	0	0	0	0	0	0	0	0	
0	0	0	192	0	0	0	0	0	0	0	0	0	0	0	0	0	0	0	0	0	0	0	192	0	0	0	0	0	0	0	0	0	0	0	0	0	192	0	0	0	0	0	0	0	0	0	192	0	0	0	0	0	0	0	0	0	0	0	0	0	0	0	0	0	0	0	0	0	0	0	0	0	0	0	0	0	0	0	0	
0	0	0	0	0	0	0	0	0	0	0	0	0	0	0	0	0	0	0	0	0	0	0	0	0	0	0	0	0	0	0	0	0	0	192	0	0	0	0	0	0	0	0	0	0	0	0	0	0	0	0	0	0	0	0	0	0	0	0	0	0	0	0	0	0	0	0	0	0	0	0	0	0	0	192	0	192	192	0	0	
0	0	0	0	0	192	0	0	0	0	0	0	192	0	0	0	0	0	0	0	0	0	0	0	0	0	0	0	0	0	0	0	0	0	0	0	0	0	0	0	0	0	0	0	0	0	192	0	0	0	0	0	0	0	0	0	0	0	0	0	0	0	192	0	0	0	0	0	0	0	0	0	0	0	0	0	0	0	0	0	
0	0	0	0	0	0	0	0	0	0	0	0	0	192	0	0	0	0	0	0	0	192	0	0	0	0	192	0	0	0	0	0	0	0	0	0	0	0	0	0	0	0	0	0	0	0	0	0	0	0	0	0	0	192	0	0	0	0	0	0	0	0	0	0	0	0	0	0	0	0	0	0	0	0	0	0	0	0	0	0	
0	0	0	0	0	0	0	0	0	0	0	0	0	0	192	192	0	0	0	0	0	0	0	0	0	0	0	0	0	0	0	0	0	0	0	0	0	0	0	0	0	0	0	0	0	0	0	0	0	0	0	0	0	0	0	0	0	0	192	0	0	0	0	0	0	192	0	0	0	0	0	0	0	0	0	0	0	0	0	0	
0	0	0	0	0	0	0	0	0	0	0	0	0	0	0	0	0	0	0	0	0	0	0	192	0	0	0	0	0	0	0	0	0	0	192	0	0	0	0	0	0	0	0	0	0	0	0	192	0	0	0	0	0	0	0	0	0	0	0	0	0	0	0	0	0	0	0	0	0	0	0	192	0	0	0	0	0	0	0	0	
0	0	0	0	0	192	0	0	192	0	0	0	0	0	0	0	0	0	0	0	0	0	0	0	0	0	0	0	0	0	0	0	0	0	0	0	0	0	0	0	0	0	0	0	0	0	192	0	0	0	0	0	0	0	0	0	0	0	0	0	0	0	192	0	0	0	0	0	0	0	0	0	0	0	0	0	0	0	0	0	
0	0	0	0	0	0	0	0	0	192	0	0	0	0	0	0	0	0	0	0	0	192	0	0	0	192	192	0	0	0	0	0	0	0	0	0	0	0	0	0	0	0	0	0	0	0	0	0	0	0	0	0	0	0	0	0	0	0	0	0	0	0	0	0	0	0	0	0	0	0	0	0	0	0	0	0	0	0	0	0	
0	0	192	0	0	0	0	0	0	0	192	0	0	0	0	0	192	0	0	0	0	0	0	0	0	0	0	0	0	0	0	0	0	0	0	0	0	0	0	0	0	0	0	0	0	0	0	0	0	0	0	192	0	0	0	0	0	0	0	0	0	0	0	0	0	0	0	0	0	0	0	0	0	0	0	0	0	0	0	0	
0	0	0	0	0	0	0	0	0	0	192	0	0	0	0	0	192	0	0	0	0	0	0	0	0	0	0	0	0	0	0	0	0	0	0	0	0	0	0	0	0	0	0	0	0	0	192	0	0	0	0	192	0	0	0	0	0	0	0	0	0	0	0	0	0	0	0	0	0	0	0	0	0	0	0	0	0	0	0	0	
0	0	192	0	0	0	0	0	0	0	0	0	0	0	192	192	0	0	0	0	0	0	0	0	0	0	0	0	0	0	0	0	0	0	0	0	0	0	0	0	0	0	0	0	0	0	0	0	0	0	0	192	0	0	0	0	0	0	0	0	0	0	0	0	0	0	0	0	0	0	0	0	0	0	0	0	0	0	0	0	
0	0	0	0	0	192	0	0	0	0	0	0	0	0	0	0	0	0	0	0	0	0	0	0	0	0	0	0	0	0	0	0	0	0	0	0	0	0	192	0	0	0	0	192	0	0	0	0	0	0	0	0	0	192	0	0	0	0	0	0	0	0	0	0	0	0	0	0	0	0	0	0	0	0	0	0	0	0	0	0	
0	0	0	0	192	0	0	0	0	0	0	0	0	0	0	0	0	0	0	0	0	0	0	0	0	0	0	0	0	0	0	0	0	0	0	0	0	0	0	0	0	0	0	0	0	0	0	0	0	0	0	0	0	0	0	0	0	0	0	0	0	0	0	0	0	0	0	0	0	192	0	0	192	0	192	0	0	0	0	0	
0	0	0	0	0	0	0	0	0	0	0	0	0	0	0	0	0	0	0	0	0	192	0	0	0	0	0	0	0	0	0	0	0	0	0	0	0	0	0	0	0	0	0	0	0	0	0	0	0	0	0	0	0	0	0	0	0	0	0	0	0	192	0	0	0	0	0	0	0	0	192	0	0	192	0	0	0	0	0	0	
0	0	0	0	0	0	0	0	0	0	0	0	0	0	0	0	0	0	0	0	0	0	0	0	0	0	0	0	0	0	0	0	0	0	0	192	0	0	0	0	0	0	0	0	0	0	0	0	0	0	192	0	192	0	0	0	0	0	0	0	192	0	0	0	0	0	0	0	0	0	0	0	0	0	0	0	0	0	0	0	
0	0	0	0	0	0	0	0	0	192	0	0	0	192	0	0	0	0	0	192	0	0	0	0	0	0	0	0	0	0	0	0	0	0	0	0	0	0	0	0	0	0	0	0	0	0	0	0	0	0	0	0	0	0	0	0	0	0	0	0	0	0	0	0	0	0	0	0	0	0	0	0	0	192	0	0	0	0	0	0	
0	0	0	0	0	0	0	0	0	0	0	0	0	0	0	0	0	0	0	0	0	0	0	0	0	0	0	0	0	0	0	0	0	0	0	0	0	0	0	0	0	0	0	0	0	0	0	0	0	0	192	0	192	0	192	0	192	0	0	0	0	0	0	0	0	0	0	0	0	0	0	0	0	0	0	0	0	0	0	0	
0	0	0	0	0	0	192	0	0	0	0	192	0	0	0	0	0	0	0	0	0	0	0	0	0	0	0	0	0	0	0	0	0	0	0	0	0	0	0	0	0	0	0	0	0	0	0	192	0	0	0	0	0	0	0	0	0	0	0	0	0	0	0	0	0	0	0	0	0	0	0	192	0	0	0	0	0	0	0	0	
0	192	0	0	0	0	0	0	0	0	0	0	0	0	0	0	0	0	0	0	0	0	0	0	0	0	0	0	0	0	0	0	192	0	0	0	0	0	0	0	0	192	0	0	0	192	0	0	0	0	0	0	0	0	0	0	0	0	0	0	0	0	0	0	0	0	0	0	0	0	0	0	0	0	0	0	0	0	0	0	
0	0	0	0	0	0	0	0	0	0	0	0	0	192	0	0	0	0	0	0	0	0	0	0	0	0	192	0	0	0	0	0	0	0	0	0	0	0	0	0	0	0	0	0	0	0	0	0	0	0	0	0	0	0	0	0	0	0	0	0	0	0	0	0	0	0	0	0	0	0	192	0	0	192	0	0	0	0	0	0	
0	0	0	0	0	0	0	0	0	192	0	0	0	192	0	0	0	0	0	0	0	0	0	0	0	192	0	0	0	0	0	0	0	0	0	0	0	0	0	0	0	0	0	0	0	0	0	0	0	0	0	0	0	0	0	0	0	0	0	0	0	0	0	0	0	0	0	0	0	0	0	0	0	192	0	0	0	0	0	0	
0	0	0	0	0	0	0	0	0	0	0	0	0	0	0	0	0	0	0	0	0	0	0	0	0	0	0	0	0	0	0	192	0	0	0	0	0	192	0	0	0	0	0	0	0	0	0	0	0	0	0	0	0	0	0	0	192	0	0	192	0	0	0	0	0	0	0	0	0	0	0	0	0	0	0	0	0	0	0	0	
0	0	0	192	0	0	0	0	0	0	0	0	0	0	0	0	0	0	0	0	0	0	0	0	0	0	0	0	0	0	0	0	0	0	0	0	0	192	0	0	0	0	0	0	0	0	0	0	0	0	0	0	0	0	0	0	192	0	0	0	0	0	0	0	0	0	0	0	0	0	0	0	0	0	0	0	0	0	0	192	
0	0	0	0	0	0	0	0	0	0	0	0	0	0	0	0	0	0	0	0	0	0	0	0	0	0	0	0	0	0	0	0	0	0	0	0	0	0	0	0	0	0	192	0	0	0	0	0	0	0	0	0	0	0	0	0	0	0	0	0	0	192	0	0	0	0	0	0	0	0	192	0	192	0	0	0	0	0	0	0	
0	0	0	0	0	0	0	0	0	0	0	0	0	0	0	0	0	0	0	0	0	0	0	0	0	0	0	0	0	0	0	0	0	0	0	192	0	0	0	0	0	0	0	0	0	0	0	0	192	0	0	0	0	0	0	0	0	0	0	0	0	0	0	0	0	0	0	0	192	0	0	0	0	0	0	0	0	0	192	0	
0	0	0	0	0	0	0	0	0	0	0	0	0	0	0	0	0	0	0	0	0	0	0	0	0	0	0	192	0	0	0	0	0	0	0	0	0	192	0	0	0	0	0	0	0	0	0	0	0	0	0	0	0	0	0	0	0	0	0	192	192	0	0	0	0	0	0	0	0	0	0	0	0	0	0	0	0	0	0	0	
0	192	0	0	0	0	0	0	0	0	0	0	0	0	0	0	0	0	0	0	0	0	0	0	192	0	0	0	0	0	0	0	0	0	0	0	0	0	0	0	0	192	0	0	0	192	0	0	0	0	0	0	0	0	0	0	0	0	0	0	0	0	0	0	0	0	0	0	0	0	0	0	0	0	0	0	0	0	0	0	
0	0	0	0	0	0	0	0	0	0	0	0	0	0	0	0	0	0	0	0	0	0	0	0	0	0	0	0	0	0	0	0	0	0	0	0	0	0	0	0	0	0	0	0	0	0	0	0	192	0	0	0	0	0	0	0	0	192	0	0	0	0	0	0	192	0	0	0	192	0	0	0	0	0	0	0	0	0	0	0	
0	0	0	0	0	0	0	192	0	0	0	192	0	0	0	0	0	0	0	0	0	0	0	0	0	0	0	0	0	0	0	0	0	0	0	0	192	0	0	0	0	0	0	0	0	0	0	0	0	0	0	0	0	0	0	0	0	0	0	0	0	0	0	0	0	0	0	0	0	0	0	0	0	0	0	0	192	0	0	0	
0	0	0	0	0	0	0	0	0	0	0	0	0	0	0	0	0	0	0	0	192	0	0	0	0	0	0	0	0	0	192	0	0	0	0	0	0	0	0	0	0	0	0	0	0	0	0	0	192	0	0	0	0	0	0	0	0	0	0	0	0	0	0	0	0	0	0	0	0	0	0	0	0	0	0	0	0	0	192	0	
0	0	0	0	0	0	0	0	0	0	0	0	0	0	0	0	0	0	0	0	0	0	0	0	0	0	0	0	0	0	0	0	0	0	192	0	0	0	0	0	0	0	0	0	0	0	0	192	0	0	0	0	0	0	0	0	0	0	0	0	0	0	0	0	0	0	0	0	0	0	0	192	0	0	0	0	192	0	0	0	
0	0	0	0	0	0	192	0	0	0	0	0	0	0	0	0	0	0	0	0	0	0	0	0	0	0	0	192	192	0	0	192	0	0	0	0	0	0	0	0	0	0	0	0	0	0	0	0	0	0	0	0	0	0	0	0	0	0	0	0	0	0	0	0	0	0	0	0	0	0	0	0	0	0	0	0	0	0	0	0	
0	0	0	0	0	0	0	0	0	0	0	0	0	0	0	0	0	192	0	0	0	0	0	0	0	0	0	0	0	0	0	0	0	0	0	0	0	0	0	0	0	0	0	192	0	0	0	0	0	0	0	0	0	192	0	0	0	0	0	0	0	192	0	0	0	0	0	0	0	0	0	0	0	0	0	0	0	0	0	0	
0	0	0	0	0	0	0	0	0	0	0	0	0	0	0	0	0	0	0	0	0	0	0	0	0	0	0	0	0	0	0	0	0	0	0	0	0	0	0	0	0	0	0	0	0	0	0	0	0	0	0	0	0	0	0	0	0	0	192	0	0	0	192	0	0	192	0	0	0	0	0	0	0	0	0	192	0	0	0	0	
0	0	0	0	0	0	0	0	0	0	0	0	0	0	0	0	0	0	0	0	0	0	0	0	0	0	0	0	0	0	0	0	0	0	0	0	0	0	0	0	0	0	0	0	0	0	0	0	0	0	0	0	0	0	0	0	0	0	192	0	0	0	192	0	0	192	0	0	0	0	0	0	0	0	0	192	0	0	0	0	
0	0	0	0	0	0	0	0	0	0	0	0	0	0	0	0	0	0	0	0	0	0	0	0	192	0	0	0	0	0	0	0	192	0	0	0	0	0	0	0	0	0	0	0	0	192	0	0	0	192	0	0	0	0	0	0	0	0	0	0	0	0	0	0	0	0	0	0	0	0	0	0	0	0	0	0	0	0	0	0	
0	0	0	0	0	0	0	0	0	0	0	0	0	0	0	0	0	0	0	0	0	0	0	0	0	0	0	0	0	192	0	0	0	0	0	0	0	0	0	0	0	0	0	0	192	0	0	0	0	192	0	0	0	0	0	0	0	0	0	0	0	192	0	0	0	0	0	0	0	0	0	0	0	0	0	0	0	0	0	0	
0	0	0	0	0	0	0	0	0	0	0	0	0	0	0	0	0	192	0	0	0	0	0	0	0	0	0	0	0	0	0	0	0	0	0	0	0	0	192	0	0	0	0	0	192	0	0	0	0	0	0	0	0	0	0	0	0	0	0	0	0	0	0	0	0	0	0	0	0	0	192	0	0	0	0	0	0	0	0	0	
0	0	0	0	0	0	0	0	0	0	0	0	0	0	0	0	0	0	0	0	0	0	0	0	0	0	0	0	0	0	0	0	0	0	0	0	0	0	0	0	0	0	192	192	0	0	0	0	0	192	0	0	0	0	0	0	0	0	0	0	0	0	0	192	0	0	0	0	0	0	0	0	0	0	0	0	0	0	0	0	
0	0	0	0	0	0	0	0	0	0	0	0	0	0	0	0	0	0	0	0	0	0	0	0	192	0	0	0	0	0	0	0	192	0	0	0	0	0	0	0	0	192	0	0	0	0	0	0	0	192	0	0	0	0	0	0	0	0	0	0	0	0	0	0	0	0	0	0	0	0	0	0	0	0	0	0	0	0	0	0	
0	0	192	0	0	0	0	0	192	0	0	0	192	0	0	192	0	0	0	0	0	0	0	0	0	0	0	0	0	0	0	0	0	0	0	0	0	0	0	0	0	0	0	0	0	0	0	0	0	0	0	0	0	0	0	0	0	0	0	0	0	0	0	0	0	0	0	0	0	0	0	0	0	0	0	0	0	0	0	0	
0	0	0	0	0	0	192	0	0	0	0	192	0	0	0	0	0	0	0	0	0	0	0	192	0	0	0	0	0	0	0	0	0	0	0	0	192	0	0	0	0	0	0	0	0	0	0	0	0	0	0	0	0	0	0	0	0	0	0	0	0	0	0	0	0	0	0	0	0	0	0	0	0	0	0	0	0	0	0	0	
0	0	0	0	0	0	0	0	0	0	0	0	0	0	0	0	0	0	0	0	0	0	0	0	0	0	0	0	0	0	192	0	0	192	0	192	0	0	0	0	0	0	0	0	0	0	0	0	0	0	0	0	0	0	0	0	0	0	0	0	0	0	0	0	0	0	0	0	192	0	0	0	0	0	0	0	0	0	0	0	
0	0	0	0	0	0	0	0	0	0	0	0	0	0	0	0	0	0	0	0	0	0	0	0	0	0	0	0	0	0	0	0	0	0	0	0	0	0	0	0	0	192	192	0	192	192	0	0	0	0	0	0	0	0	0	0	0	0	0	0	0	0	0	0	0	0	0	0	0	0	0	0	0	0	0	0	0	0	0	0	
0	0	0	0	0	0	0	0	0	0	0	0	0	0	0	0	0	0	0	0	192	0	192	0	0	0	0	0	0	0	0	0	0	0	0	0	0	0	0	0	0	0	0	0	0	0	0	0	0	0	0	0	192	0	0	0	192	0	0	0	0	0	0	0	0	0	0	0	0	0	0	0	0	0	0	0	0	0	0	0	
0	0	192	0	0	0	0	0	0	0	0	0	0	0	192	192	192	0	0	0	0	0	0	0	0	0	0	0	0	0	0	0	0	0	0	0	0	0	0	0	0	0	0	0	0	0	0	0	0	0	0	0	0	0	0	0	0	0	0	0	0	0	0	0	0	0	0	0	0	0	0	0	0	0	0	0	0	0	0	0	
0	0	0	0	0	0	0	0	0	0	0	0	0	0	0	0	0	0	0	0	192	0	192	0	0	0	0	0	0	0	0	0	0	0	0	0	0	0	0	0	0	0	0	0	0	0	0	0	0	0	192	0	0	0	192	0	0	0	0	0	0	0	0	0	0	0	0	0	0	0	0	0	0	0	0	0	0	0	0	0	
0	0	0	0	0	192	0	0	0	192	0	0	0	0	0	0	0	192	0	0	0	0	0	0	0	0	0	0	0	0	0	0	0	0	0	0	0	0	192	0	0	0	0	0	0	0	0	0	0	0	0	0	0	0	0	0	0	0	0	0	0	0	0	0	0	0	0	0	0	0	0	0	0	0	0	0	0	0	0	0	
0	0	0	0	0	0	0	0	0	0	0	0	0	0	0	0	0	0	0	0	0	0	192	0	0	0	0	0	0	0	0	0	0	0	0	0	0	0	0	0	0	0	0	0	0	0	0	0	0	0	0	0	192	0	0	0	0	192	0	0	0	0	0	0	192	0	0	0	0	0	0	0	0	0	0	0	0	0	0	0	
0	0	0	0	0	0	0	0	0	0	0	0	0	0	0	0	0	0	0	0	0	0	0	0	0	0	0	0	0	0	0	0	0	0	0	0	0	0	0	0	0	0	0	0	0	0	0	0	0	0	0	0	0	0	0	0	0	0	0	0	0	0	0	192	0	0	192	0	0	0	0	0	192	0	0	0	0	0	192	0	
0	0	0	0	0	0	0	0	0	0	0	0	0	0	0	0	0	0	0	0	0	0	192	0	0	0	0	192	192	0	0	0	0	0	0	0	0	0	0	0	0	0	0	0	0	0	0	0	0	0	192	0	0	0	0	0	0	0	0	0	0	0	0	0	0	0	0	0	0	0	0	0	0	0	0	0	0	0	0	0	
0	0	0	0	0	0	0	0	0	0	0	0	0	0	0	0	0	0	0	0	0	0	0	0	0	0	0	0	0	0	0	0	0	192	0	0	0	0	0	0	0	0	0	0	0	0	0	0	0	0	0	0	0	0	192	0	0	0	0	0	0	0	0	0	192	0	0	192	0	0	0	0	0	0	0	0	0	0	0	0	
0	0	0	0	0	0	0	0	0	0	192	0	0	0	0	0	0	0	0	0	0	0	0	0	0	0	0	0	0	0	0	0	0	0	0	0	0	0	0	192	192	0	0	0	0	0	0	0	0	0	0	0	0	0	0	0	0	0	0	0	0	0	0	0	0	0	0	0	0	0	0	0	0	0	0	192	0	0	0	0	
192	0	0	0	192	0	0	0	0	0	0	0	0	0	0	0	0	0	0	0	0	0	0	0	0	0	0	192	0	0	0	192	0	0	0	0	0	0	0	0	0	0	0	0	0	0	0	0	0	0	0	0	0	0	0	0	0	0	0	0	0	0	0	0	0	0	0	0	0	0	0	0	0	0	0	0	0	0	0	0	
192	0	0	0	0	0	0	0	0	0	0	0	0	0	0	0	0	0	0	0	192	0	0	0	0	0	0	0	0	0	0	192	0	0	0	0	0	0	0	0	0	0	0	0	0	0	0	0	0	0	0	0	0	0	0	0	0	0	0	0	0	0	0	0	0	0	192	0	0	0	0	0	0	0	0	0	0	0	0	0	
0	0	0	0	0	0	0	0	0	0	0	0	0	0	0	0	0	0	0	192	0	0	0	0	0	0	0	0	0	192	0	0	0	0	0	0	0	0	192	0	0	0	192	0	0	0	0	0	0	0	0	0	0	0	0	0	0	0	0	0	0	0	0	0	0	0	0	0	0	0	0	0	0	0	0	0	0	0	0	0	
0	0	0	0	0	0	0	0	192	0	0	0	192	0	0	0	0	0	0	0	0	0	0	0	0	0	0	0	0	0	0	0	0	0	0	0	0	0	0	192	192	0	0	0	0	0	0	0	0	0	0	0	0	0	0	0	0	0	0	0	0	0	0	0	0	0	0	0	0	0	0	0	0	0	0	0	0	0	0	0	
0	0	0	0	0	0	0	0	0	0	0	0	0	0	0	0	0	0	0	0	0	0	0	0	0	0	0	0	0	0	0	0	0	0	0	0	0	0	0	0	0	0	0	0	192	0	0	0	0	0	0	0	0	0	0	192	0	0	0	0	0	0	0	0	0	0	0	0	0	0	0	0	192	0	0	0	0	0	192	0	
0	0	0	0	0	0	0	0	0	0	0	0	0	0	0	0	0	0	0	0	0	0	0	0	0	0	0	0	0	0	0	0	0	192	0	0	0	0	0	0	0	0	0	0	0	0	0	0	0	0	0	0	0	0	192	0	0	192	0	0	0	0	0	0	0	0	0	192	0	0	0	0	0	0	0	0	0	0	0	0	
0	0	0	0	0	0	0	0	0	0	192	0	0	0	0	0	0	0	0	0	0	0	0	0	0	0	0	0	0	0	0	0	0	0	0	0	0	0	0	192	192	0	0	0	0	0	0	0	0	0	0	0	0	0	0	0	0	0	0	0	0	0	0	0	0	0	0	0	0	0	0	0	0	0	0	192	0	0	0	0	
192	192	0	0	0	0	0	0	0	0	0	0	0	0	0	0	0	0	0	0	0	0	0	0	0	0	0	0	0	0	0	0	0	0	0	0	0	0	0	0	0	0	0	0	0	0	0	0	0	0	0	0	0	0	0	192	0	0	0	0	192	0	0	0	0	0	0	0	0	0	0	0	0	0	0	0	0	0	0	0	
0	0	0	0	0	0	0	0	0	0	0	0	0	0	0	0	0	0	0	0	0	0	0	0	0	0	0	0	0	0	0	0	0	0	0	0	0	0	0	0	0	0	0	0	0	0	0	0	0	0	0	0	0	0	0	0	0	192	0	0	0	0	0	0	192	0	0	0	192	0	0	0	0	0	0	0	0	0	0	192	
0	0	0	0	0	0	0	0	0	0	0	0	0	0	0	0	0	0	0	0	0	0	0	0	0	0	0	0	0	0	192	0	0	192	0	0	0	0	0	0	0	0	0	0	0	0	0	0	192	0	0	0	0	0	0	0	0	0	0	0	0	0	0	0	0	0	0	192	0	0	0	0	0	0	0	0	0	0	0	0	
0	0	0	0	192	0	0	0	0	0	0	0	0	0	0	0	0	0	192	0	0	0	0	0	0	0	0	0	0	0	0	0	0	0	0	0	0	0	0	0	0	0	0	0	0	0	0	0	0	0	0	0	0	0	0	0	0	0	0	0	0	0	0	0	0	0	0	0	0	0	0	0	0	0	192	0	0	192	0	0	
0	0	0	0	0	0	0	0	0	0	0	0	0	0	0	0	0	0	0	192	0	0	0	0	0	192	0	0	0	192	0	0	0	0	0	0	0	0	0	0	0	0	0	192	0	0	0	0	0	0	0	0	0	0	0	0	0	0	0	0	0	0	0	0	0	0	0	0	0	0	0	0	0	0	0	0	0	0	0	0	
0	0	0	192	0	0	0	0	0	0	0	192	0	0	0	0	0	0	0	0	0	0	0	192	0	0	0	0	0	0	0	0	0	0	0	0	192	0	0	0	0	0	0	0	0	0	0	0	0	0	0	0	0	0	0	0	0	0	0	0	0	0	0	0	0	0	0	0	0	0	0	0	0	0	0	0	0	0	0	0	
0	0	0	0	0	0	0	0	0	0	0	0	0	0	0	0	0	0	192	0	0	0	0	0	0	0	0	0	0	192	0	0	0	0	0	0	0	0	0	0	0	0	0	0	0	0	0	0	0	0	0	0	0	0	0	192	0	0	0	0	0	0	0	192	0	0	0	0	0	0	0	0	0	0	0	0	0	0	0	0	
0	0	0	0	0	0	0	0	0	0	0	0	0	0	0	0	0	0	0	192	0	192	0	0	0	192	192	0	0	0	0	0	0	0	0	0	0	0	0	0	0	0	0	0	0	0	0	0	0	0	0	0	0	0	0	0	0	0	0	0	0	0	0	0	0	0	0	0	0	0	0	0	0	0	0	0	0	0	0	0	
0	0	0	0	192	0	0	192	0	0	0	0	0	0	0	0	0	0	192	0	0	0	0	0	0	0	0	0	0	0	0	0	0	0	0	0	0	0	0	0	0	0	0	0	0	0	0	0	0	0	0	0	0	0	0	0	0	0	0	0	0	0	0	0	0	0	0	0	0	192	0	0	0	0	0	0	0	0	0	0	
0	0	0	0	0	0	0	0	0	0	0	0	0	0	0	0	0	0	0	0	0	0	0	0	0	0	0	0	0	0	0	0	0	0	0	0	0	0	0	192	192	0	0	0	0	0	0	0	0	0	0	0	0	0	0	0	0	0	192	0	0	0	0	0	0	192	0	0	0	0	0	0	0	0	0	0	0	0	0	0	
0	0	0	0	0	0	0	192	0	0	0	0	0	0	0	0	0	0	0	0	0	0	0	0	0	0	0	0	0	0	0	0	0	0	192	0	192	0	0	0	0	0	0	0	0	0	0	0	0	0	0	0	0	0	0	0	0	0	0	0	0	0	0	0	0	0	0	0	0	0	0	0	0	0	0	0	0	192	0	0	
0	0	0	0	0	0	0	192	0	0	0	0	0	0	0	0	0	0	0	0	0	0	0	0	0	0	0	0	0	0	0	0	0	0	0	0	0	0	0	0	0	0	0	0	0	0	0	0	0	0	0	0	0	0	0	0	0	0	0	0	0	0	0	0	0	0	0	0	0	192	0	0	0	0	0	0	192	0	0	192	
0	0	0	0	0	0	0	0	0	0	0	0	0	0	0	0	0	0	0	0	0	0	0	0	0	0	0	0	0	0	192	0	0	0	0	192	0	0	0	0	0	0	0	0	0	0	0	0	0	0	0	0	0	0	0	192	0	0	0	0	0	0	0	192	0	0	0	0	0	0	0	0	0	0	0	0	0	0	0	0	
0	0	0	192	0	0	0	0	0	0	0	0	0	0	0	0	0	0	0	0	0	0	0	0	0	0	0	0	192	0	0	0	0	0	0	0	0	0	0	0	0	0	0	0	0	0	0	0	0	0	0	0	0	0	0	0	0	0	0	0	0	0	0	0	0	0	0	192	0	0	0	0	0	0	0	0	0	192	0	0	
61	57	51	61	31	57	57	15	63	55	34	12	55	29	55	45	15	36	64	43	0	20	56	63	4	38	37	34	34	20	51	13	69	38	25	73	53	21	1	31	59	76	4	39	64	49	10	60	46	15	45	22	45	15	70	13	37	8	29	12	34	22	12	26	74	16	76	18	56	47	70	27	67	61	34	31	54	2	58	7	57	56	48	0	20	63	58	27	57	31	31	65	17	35	52	42	45	7	72	28	65	67	10	24	75	58	78	62	15	43	2	79	61	41	57	61	21	52	52	73	26	29	18	68	11	53	6	61	74	77	0	8	40	22	34	68	53	17	60	35	4	32	31	21	36	2	13	60	7	74	69	40	46	55	59	57	49	4	14	72	63	20	21	77	56	25	15	69	73	0	72	29	0	69	12	3	42	39	26	35	19	33	30	42	41	0	37	6	24	67	59	3	45	69	31	46	54	68	45	4	16	13	18	19	7	45	75	71	57	0	36	77	72	63	37	2	72	39	62	34	52	78	46	71	52	78	0	40	33	64	59	64	21	28	74	71	56	44	4	39	52	41	3	23	1	75	49	34	25	60	21	0	68	21	57	26	44	47	38	25	73	18	21	23	36	8	31	59	23	42	45	64	58	32	72	15	71	68	41	47	38	79	73	10	1	74	65	42	64	45	58	39	45	18	29	58	32	1	34	12	67	53	68	55	62	21	43	35	58	58	15	41	1	47	59	66	43	43	38	71	18	56	59	2	46	46	1	11	41	56	66	43	11	13	39	43	14	38	10	4	74	14	18	0	41	44	25	70	67	25	56	1	65	16	56	74	61	21	54	69	66	58	39	73	41	4	27	53	6	34	16	53	16	45	65	22	19	48	57	16	24	79	27	56	33	46	28	74	47	18	67	46	36	3	5	25	6	48	47	46	33	8	37	44	50	58	4	37	74	26	43	71	16	32	33	58	53	62	69	48	4	3	54	11	0	33	51	11	28	42	10	77	20	32	42	37	65	32	78	13	62	71	1	33	58	17	3	36	46	15	34	52	5	0	62	7	75	19	49	38	28	39	11	15	59	63	66	24	33	6	3	28	62	34	17	63	2	4	32	32	19	0	74	4	7	33	16	10	61	10	49	34	48	36	36	70	7	43	13	33	63	75	71	8	31	42	34	32	0	61	77	41	13	31	37	14	15	2	65	32	34	59	78	69	68	36	46	70	10	17	66	52	61	59	33	75	25	4	67	43	41	21	31	61	73	20	79	52	5	44	72	72	23	37	47	75	17	48	2	33	42	65	53	69	47	24	71	13	6	29	58	41	77	36	61	67	19	28	52	38	50	15	10	45	68	21	17	78	31	22	7	62	51	76	61	57	76	20	9	67	14	43	70	20	28	23	60	10	19	48	40	54	19	51	49	44	76	19	18	12	35	51	22	15	65	28	63	30	70	58	79	65	60	68	11	33	5	11	7	72	70	40	9	11	60	41	16	76	30	19	58	0	2	51	25	59	12	53	76	34	7	60	27	63	37	61	56	61	59	0	74	60	46	69	32	66	47	40	59	9	9	14	75	6	53	16	29	2	61	40	8	73	42	48	65	59	37	70	5	78	53	1	29	58	73	0	58	48	41	1	9	13	54	49	47	47	73	28	43	66	48	30	7	73	15	34	17	56	36	69	37	56	21	23	15	7	3	61	2	45	25	1	74	4	33	41	76	61	8	18	69	77	52	69	4	26	47	77	73	36	48	64	0	17	27	72	75	14	57	44	12	37	32	18	21	71	12	76	67	73	41	56	74	12	76	10	20	58	11	4	69	38	77	46	39	70	63	38	9	14	34	69	22	45	11	43	58	57	32	15	39	50	24	30	43	68	62	55	63	63	14	24	75	36	55	18	1	32	58	1	20	27	69	53	72	20	44	30	0	9	68	62	39	27	75	42	6	58	30	76	25	38	55	53	51	34	28	37	3	7	32	12	1	75	55	31	22	55	25	22	76	51	32	57	42	79	51	75	76	10	34	37	38	1	66	73	36	36	53	16	36	0	18	42	14	2	56	50	3	72	10	40	70	70	39	28	60	7	64	63	22	38	18	20	47	6	75	9	66	26	76	71	61	8	62	74	61	3	51	40	30	11	35	7	23	50	36	2	3	65	0	15	29	14	46	17	75	58	62	36	8	0	21	78	50	5	72	11	46	65	32	56	42	61	9	2	65	73	72	77	25	73	35	62	2	29	2	35	18	17	24	71	28	39	11	69	51	32	58	3	42	20	62	16	32	16	50	7	1	43	11	56	52	50	4	17	4	17	5	65	27	71	8	46	43	18	79	2	42	68	43	65	9	37	35	71	59	12	42	48	0	23	26	48	43	48	55	39	2	4	68	57	28	42	68	52	17	61	45	57	0	17	31	69	38	32	42	9	62	63	59	68	11	75	53	14	19	46	15	70	17	41	31	24	11	24	28	50	44	18	26	24	67	63	18	28	32	4	72	39	17	59	32	20	63	41	37	47	29	2	60	0	67	29	59	69	29	62	26	61	32	66	65	3	58	10	23	35	50	17	6	37	18	35	5	61	12	11	8	56	25	40	40	34	8	79	56	0	68	9	74	51	46	76	55	27	55	36	61	70	16	76	60	64	15	38	58	58	42	53	20	45	33	29	22	8	79	32	62	31	46	9	10	56	31	14	19	10	41	45	9	32	45	60	28	65	43	23	68	46	51	35	7	68	60	78	22	26	31	47	75	50	19	32	36	70	78	55	37	25	52	72	53	55	51	29	64	67	3	10	59	28	11	31	31	2	45	8	79	66	58	46	68	62	7	48	63	0	56	23	44	30	35	62	58	1	61	61	40	65	43	78	42	60	79	68	51	66	18	25	23	60	54	23	19	65	17	7	39	37	11	76	63	51	79	14	26	21	28	49	39	47	52	75	65	79	37	49	1	39	79	5	39	9	63	2	26	64	24	53	43	75	10	37	17	0	12	72	16	37	20	58	70	53	12	23	54	28	66	7	71	77	56	40	18	49	72	44	32	66	8	47	77	65	67	61	44	63	79	19	39	63	78	38	37	8	47	8	52	21	40	26	56	54	78	73	63	69	20	12	31	60	20	25	45	48	49	45	34	31	23	10	40	30	31	22	74	67	44	58	76	52	5	60	36	53	26	59	26	6	60	47	8	75	42	72	39	1	27	66	55	7	32	33	34	52	58	40	43	73	74	55	50	71	1	63	8	61	79	1	63	47	38	31	23	28	40	56	18	18	53	6	56	43	35	21	64	65	48	9	37	18	74	55	14	75	61	19	0	10	0	30	15	34	46	43	70	60	6	20	11	76	61	72	22	70	27	9	12	12	41	19	66	3	6	71	48	0	79	26	58	59	76	53	38	28	36	66	21	51	69	41	2	31	47	43	64	51	34	35	19	40	5	76	10	47	63	56	22	10	54	78	32	64	47	17	55	32	4	18	52	8	11	47	10	71	57	27	22	19	46	13	32	72	76	42	11	10	38	54	45	79	50	8	32	17	23	47	2	49	5	33	12	50	33	46	41	79	35	22	70	8	42	54	26	30	39	1	72	24	67	51	1	29	11	0	75	74	27	31	71	21	46	51	42	70	40	22	58	14	8	64	73	47	62	68	40	58	12	34	38	79	67	27	70	65	21	63	14	37	17	44	66	20	69	64	29	18	33	35	40	56	49	60	50	4	79	18	35	68	13	13	31	57	61	9	49	53	38	59	27	72	60	63	35	1	69	18	66	68	8	0	8	75	7	31	64	22	63	16	60	17	17	48	8	37	74	40	51	28	47	45	54	12	23	79	1	53	62	49	68	9	30	44	54	71	57	50	79	27	50	5	48	42	78	40	65	31	23	36	12	17	37	2	57	74	51	60	32	50	75	53	45	54	67	37	38	33	70	27	69	30	65	53	74	12	40	62	24	74	59	3	43	57	27	26	55	51	39	49	23	19	71	63	18	34	35	60	46	52	36	77	56	50	31	69	40	60	49	43	54	32	8	6	27	42	71	62	39	73	29	69	44	47	29	75	59	61	70	65	36	52	43	41	40	5	60	3	9	64	12	47	65	16	16	31	28	37	7	63	64	62	53	63	53	53	6	72	63	38	13	39	29	20	6	65	29	63	35	32	4	26	47	4	24	66	37	18	31	23	33	43	17	78	61	24	46	12	45	27	34	60	26	25	32	74	8	20	67	25	50	14	75	69	31	7	25	14	19	11	23	34	12	53	13	67	7	35	35	0	16	9	49	22	0	20	74	49	1	33	42	28	11	49	60	43	15	26	44	21	49	58	36	18	32	74	20	11	43	69	28	23	77	35	7	64	2	19	36	35	66	71	46	63	67	33	69	73	19	32	19	21	49	53	32	0	10	60	33	60	20	42	2	14	75	71	24	23	60	22	47	32	65	51	74	4	48	9	77	15	74	71	49	55	18	23	47	37	5	12	23	68	42	24	44	22	43	62	28	6	37	73	50	15	29	18	34	10	72	26	19	20	24	22	34	50	60	4	39	40	78	19	11	49	49	52	49	49	68	72	15	28	32	32	21	55	34	62	68	63	22	9	58	79	5	7	31	11	20	43	21	73	9	44	29	71	27	40	62	47	32	26	14	49	56	59	5	26	63	5	34	47	1	16	76	27	37	10	3	14	43	22	55	29	4	41	60	12	5	20	73	9	60	26	4	11	68	55	54	61	29	18	23	43	46	77	6	15	77	16	38	39	16	24	15	72	74	38	70	25	57	44	43	36	77	74	32	43	13	72	78	7	3	48	62	33	73	54	20	30	4	30	16	60	24	33	0	45	7	47	79	68	48	36	14	17	32	25	34	13	22	27	16	20	47	19	35	23	26	36	66	48	19	13	13	69	16	51	4	72	49	72	39	27	56	77	73	11	72	72	46	24	70	17	40	38	24	9	64	43	29	41	55	15	56	35	26	34	71	51	56	76	29	25	51	70	14	22	28	32	40	25	70	71	76	63	39	13	16	45	61	78	39	38	13	14	56	76	11	30	23	72	
11	14	37	41	4	34	43	63	51	27	40	20	60	62	50	78	4	63	78	0	33	4	17	64	23	49	48	52	28	28	64	48	20	58	53	57	5	79	70	68	2	65	70	54	67	69	60	4	58	63	11	3	62	21	25	73	36	43	27	42	63	55	70	27	71	46	31	17	46	5	26	17	11	16	30	64	50	36	78	4	43	37	27	36	9	36	55	15	11	56	27	35	71	57	69	69	68	53	69	14	13	22	70	42	14	56	7	22	69	58	19	63	46	39	73	3	71	44	36	30	45	72	50	61	59	54	33	46	33	68	61	61	42	79	2	71	51	20	63	25	42	15	15	1	76	14	33	59	37	78	32	36	18	28	54	78	10	22	31	39	43	3	73	30	41	65	46	43	14	74	53	70	50	7	72	26	62	17	32	0	12	48	22	79	21	46	19	34	17	20	64	17	57	58	6	21	55	58	78	71	51	45	1	48	23	75	55	10	27	78	75	71	66	22	28	24	22	72	46	7	24	43	41	26	28	35	16	37	40	54	58	46	65	25	75	57	59	33	56	11	12	35	22	58	57	20	11	26	22	73	58	1	25	39	10	3	7	66	62	69	52	16	45	77	22	55	75	31	33	58	62	48	27	47	41	38	25	59	18	22	15	3	31	35	3	59	52	52	74	74	6	14	72	4	58	5	51	61	37	46	48	11	76	14	19	20	20	11	18	75	67	10	2	70	77	31	7	9	39	47	55	43	54	79	6	48	47	21	26	28	55	70	24	6	35	5	36	49	9	74	68	67	61	39	61	1	36	51	19	32	19	18	44	53	31	37	71	17	79	66	46	67	78	25	35	7	30	8	7	65	28	78	11	39	26	18	59	13	7	11	74	33	4	74	25	4	18	20	2	43	41	0	3	22	77	78	49	7	13	1	20	14	4	78	19	76	34	55	71	59	0	56	26	10	37	69	35	29	7	43	64	11	39	33	55	67	31	40	44	24	53	24	34	45	32	50	50	22	2	12	78	27	22	47	47	54	75	46	18	47	52	27	15	50	10	27	76	61	16	28	73	67	36	52	32	24	71	54	0	21	66	58	28	8	29	47	17	29	69	42	63	64	18	77	72	4	11	47	19	62	48	41	34	27	4	0	62	36	0	9	20	37	55	78	72	48	50	27	79	51	17	30	34	16	32	13	14	29	56	0	11	64	65	34	79	70	54	48	5	2	9	69	79	27	47	2	55	66	49	15	71	70	36	20	41	27	27	79	19	59	48	41	30	45	73	4	23	69	46	37	4	29	52	12	4	9	7	72	34	41	18	10	56	33	11	31	72	50	1	66	47	26	67	60	13	8	41	12	56	56	31	8	12	8	20	28	35	22	19	52	54	20	15	35	63	72	32	52	47	21	68	5	14	52	39	70	71	67	56	56	20	36	71	3	37	22	64	13	50	12	13	5	14	48	13	42	64	55	46	61	76	50	48	15	71	34	6	36	63	37	68	71	21	6	2	54	61	3	38	64	33	70	3	15	65	43	40	53	18	73	30	23	35	2	14	24	53	53	34	60	65	56	48	45	4	7	12	30	52	47	12	24	7	73	74	33	8	29	24	50	62	58	67	78	53	64	74	28	3	15	43	22	49	9	5	66	13	0	17	71	15	54	75	70	27	6	21	36	45	16	0	14	26	75	42	46	24	17	11	40	42	26	76	51	49	10	62	56	68	33	17	43	36	25	5	40	57	61	40	77	39	4	66	49	13	5	25	40	56	67	44	77	17	19	6	44	16	59	47	5	9	68	52	22	22	27	28	23	12	5	38	26	63	31	65	9	14	54	1	15	15	61	2	9	21	67	27	24	13	67	78	66	72	29	77	52	65	1	55	22	38	42	63	39	33	23	16	44	70	39	10	46	28	57	74	59	53	61	4	21	56	55	17	35	63	59	19	10	46	66	29	50	66	63	63	28	50	59	32	79	15	0	54	24	67	21	39	42	5	45	39	42	25	47	75	8	30	73	5	50	24	9	9	68	3	52	32	60	45	72	22	64	48	24	2	6	79	75	68	26	59	15	37	61	15	14	28	57	46	35	64	35	17	48	52	24	32	29	4	7	36	32	77	68	33	24	70	9	9	11	52	35	76	6	74	2	65	35	21	56	18	54	69	69	33	57	34	19	73	14	47	18	60	69	40	77	9	26	35	5	44	65	50	54	75	51	47	74	73	65	57	66	5	27	66	61	59	48	40	45	25	8	34	25	18	36	1	74	15	76	30	53	1	33	20	18	43	24	48	79	6	42	26	54	68	37	26	61	78	20	20	43	59	75	65	79	63	9	44	20	44	59	68	9	11	16	5	51	12	38	3	12	71	58	79	10	27	54	49	2	73	68	10	70	17	56	37	72	30	65	21	4	25	53	0	33	8	42	52	57	74	55	67	59	27	43	41	6	32	1	44	45	58	57	2	54	16	43	68	17	66	71	33	17	20	55	11	49	57	23	43	11	55	56	8	21	3	2	40	40	44	66	58	64	60	38	51	79	54	24	43	65	26	1	36	76	51	36	0	19	29	20	51	45	35	20	38	72	64	2	33	71	72	42	40	45	59	74	48	18	57	73	30	56	8	8	20	23	14	13	19	31	51	40	51	66	25	22	20	63	32	79	73	28	33	11	0	13	31	6	6	34	77	31	42	46	68	53	25	12	72	35	50	18	21	9	29	71	35	6	24	62	48	8	12	46	60	9	75	38	53	75	62	6	66	28	62	36	4	28	59	67	13	18	66	9	28	0	31	60	45	45	5	78	21	4	13	11	0	58	30	70	45	57	61	5	18	49	47	42	45	25	71	47	13	69	54	21	12	35	78	38	61	28	68	3	79	44	8	77	11	3	0	25	27	5	38	60	36	26	78	55	31	28	17	5	20	46	12	1	67	61	23	0	78	13	24	42	61	59	19	63	0	1	36	79	61	26	76	67	75	28	53	40	52	57	24	20	22	0	27	47	31	42	74	68	61	74	52	50	72	62	39	78	55	4	7	7	38	42	12	59	5	47	42	20	26	78	26	65	6	74	71	35	57	62	2	7	46	60	78	66	16	39	32	63	43	65	28	20	43	64	48	20	10	8	33	63	18	71	10	67	54	26	21	8	43	73	48	18	79	39	42	2	20	54	14	62	47	67	75	51	4	0	46	32	36	16	44	26	1	26	79	17	9	33	35	2	25	49	38	76	14	55	52	26	52	48	27	26	42	26	40	24	44	33	6	67	71	23	11	67	75	2	22	78	9	61	6	57	8	63	7	17	34	62	44	22	69	53	73	64	71	79	14	0	15	10	48	32	45	56	12	9	1	15	70	5	9	28	5	16	60	72	40	67	79	29	8	22	25	26	36	51	58	31	25	61	70	0	72	49	52	22	8	56	48	50	42	31	27	30	69	45	12	37	8	30	60	49	62	48	24	76	5	21	43	59	60	61	23	30	21	46	44	15	61	49	35	26	63	67	67	59	9	4	77	36	30	21	33	38	61	19	13	52	43	75	3	51	78	54	58	73	4	13	64	57	41	35	76	12	31	36	48	42	21	7	48	58	32	4	28	70	40	2	64	10	25	39	28	45	65	72	45	41	22	54	38	61	10	45	51	40	57	40	67	70	48	68	50	69	77	64	44	50	52	59	50	60	4	14	57	23	50	55	18	28	53	40	64	77	57	25	70	30	55	36	53	67	30	62	66	7	43	69	19	42	64	45	60	1	6	75	33	8	36	5	6	38	19	68	70	22	30	36	15	76	0	31	69	60	48	8	4	43	75	54	27	76	24	38	15	29	57	76	44	6	29	17	26	48	65	47	28	19	49	42	68	15	69	18	6	8	45	26	38	51	63	21	26	5	30	43	70	51	65	78	34	9	0	15	32	66	4	64	6	29	66	50	4	25	42	66	14	44	6	25	27	44	28	62	73	28	20	25	53	3	16	73	73	78	37	71	16	11	49	33	68	57	61	36	19	15	16	44	65	19	3	12	68	39	20	37	21	61	63	23	78	49	66	13	14	33	25	69	1	57	67	77	52	55	59	16	52	55	63	13	79	7	58	30	23	40	22	5	76	32	40	2	78	76	21	64	62	40	10	31	70	54	59	20	72	4	29	40	28	60	48	58	39	20	63	49	74	21	27	55	26	15	12	37	61	17	62	13	30	5	35	25	62	55	24	39	8	24	34	78	27	24	41	8	29	63	55	39	64	53	64	21	52	10	54	14	71	32	61	26	58	5	54	30	73	31	72	19	56	77	6	1	33	8	73	11	11	27	43	63	56	11	24	61	72	39	56	38	37	13	13	34	72	52	39	75	63	72	58	31	54	51	55	47	57	52	9	13	54	33	51	61	61	65	29	30	56	79	36	15	14	22	50	40	79	25	24	31	20	2	16	62	48	30	74	6	44	38	24	13	79	6	45	59	64	46	59	4	67	36	66	15	50	45	0	12	40	51	27	30	47	43	28	13	0	23	36	3	3	14	17	56	33	42	11	60	58	73	15	18	40	78	48	24	36	60	37	21	24	35	71	42	11	34	4	42	52	32	27	12	72	12	7	5	52	0	18	73	71	79	77	55	2	41	14	12	65	59	73	14	72	33	5	41	34	65	61	14	66	77	42	63	53	2	38	5	75	22	9	12	45	39	39	11	76	22	63	23	76	53	10	29	9	1	12	30	46	73	56	68	29	21	8	17	78	18	54	31	19	30	22	23	78	72	5	66	77	36	24	31	22	32	50	54	67	65	43	21	0	28	14	2	51	56	33	19	79	10	69	52	23	78	53	37	67	72	65	39	33	37	53	12	28	49	19	8	56	12	3	24	37	61	68	26	59	11	35	24	66	39	52	40	24	59	18	76	73	33	22	7	7	30	77	7	78	76	52	24	28	45	14	59	69	78	29	14	73	44	3	10	23	68	11	46	30	33	65	69	73	54	60	38	30	45	31	51	9	62	45	69	57	41	33	29	12	28	72	61	41	33	22	20	43	51	28	20	6	1	31	51	5	13	35	36	
4	11	19	8	16	6	13	7	2	5	18	3	6	1	6	20	6	3	10	11	2	4	19	13	4	12	6	16	20	5	16	8	4	17	18	6	13	10	17	16	7	20	15	10	12	11	15	9	16	7	20	3	1	6	5	16	20	13	9	9	13	1	4	8	9	15	14	17	3	11	2	13	13	4	4	18	19	17	5	20	20	19	1	14	9	12	17	2	6	13	10	15	3	2	20	17	17	11	9	4	4	18	8	9	6	8	6	9	14	4	16	17	3	6	6	14	5	16	2	9	13	6	9	10	5	10	7	12	4	19	10	11	5	6	3	15	8	19	10	7	6	15	5	6	9	4	5	15	20	18	3	1	18	7	19	14	5	9	19	7	17	15	5	4	6	5	10	20	12	3	11	6	9	15	13	1	9	18	4	9	14	12	7	7	12	15	1	20	8	8	1	18	8	3	10	16	4	2	2	17	9	14	2	17	5	7	3	5	4	3	6	10	2	8	5	13	2	7	4	2	11	13	11	1	10	15	17	10	4	2	11	16	17	7	13	4	16	3	12	20	20	20	5	17	3	9	6	11	5	12	11	12	13	7	9	12	2	17	10	1	3	1	2	16	7	7	3	5	16	16	8	14	11	20	8	7	8	14	4	14	18	18	12	3	4	1	17	13	8	13	20	18	19	9	7	9	14	19	14	19	1	17	10	12	14	6	9	14	3	1	3	6	11	17	5	12	16	9	5	2	2	13	19	12	8	2	8	12	9	13	14	10	11	3	9	20	7	17	18	2	2	8	15	15	9	6	8	17	4	18	6	8	6	6	14	10	17	12	7	1	8	4	9	15	14	5	5	9	8	16	15	2	4	13	1	11	4	13	5	10	11	14	8	1	12	10	14	5	3	4	15	3	3	14	5	6	16	6	11	10	4	1	16	16	1	2	11	5	10	4	6	15	4	15	5	3	15	4	2	15	1	13	10	1	15	12	6	14	2	11	2	4	9	14	6	12	15	15	16	12	10	12	16	3	13	9	16	15	3	14	1	8	12	11	10	1	4	4	5	16	6	6	9	8	10	10	5	2	12	4	15	6	5	6	15	9	2	6	8	7	5	10	6	1	9	1	8	13	11	10	13	2	6	5	12	2	2	13	6	1	1	11	15	16	12	8	1	13	4	4	16	9	14	11	7	6	3	6	14	3	7	4	4	9	16	7	15	14	1	4	16	16	13	7	3	2	15	3	1	14	3	11	4	10	2	11	2	1	13	1	5	2	11	8	10	9	6	2	3	7	6	7	15	2	12	1	9	11	16	4	11	15	6	6	16	12	7	12	15	8	3	7	1	7	5	4	14	2	13	16	13	5	9	12	6	16	16	6	7	14	12	9	2	7	11	4	11	7	7	4	10	2	15	4	6	5	9	10	15	1	9	1	7	14	15	5	7	8	13	1	9	16	1	15	2	7	15	11	13	5	5	9	9	4	1	5	2	4	12	7	4	2	3	11	13	8	3	9	4	15	10	16	7	12	11	13	11	9	8	6	6	2	14	16	11	3	15	2	6	10	7	12	16	7	2	9	14	11	8	3	14	3	7	10	11	14	14	4	13	13	11	7	1	11	10	10	8	10	13	11	11	15	2	4	10	9	11	1	4	7	7	8	5	14	15	10	16	9	3	6	4	9	9	9	2	14	1	15	9	8	9	4	12	2	8	11	9	16	4	13	8	14	12	2	15	9	11	14	5	3	15	7	8	11	3	15	16	12	4	12	1	12	10	10	10	9	8	4	8	12	10	4	4	1	9	12	4	5	13	15	16	6	1	16	13	11	5	16	8	6	14	2	14	1	6	14	15	15	4	2	1	4	2	8	6	12	16	13	16	12	14	4	3	8	8	3	5	16	16	14	8	6	9	13	8	9	3	16	16	16	8	7	1	13	10	5	9	5	7	11	15	4	1	13	15	13	2	3	4	10	6	11	7	10	16	16	9	16	14	11	6	3	3	7	8	2	14	15	15	3	5	10	13	10	4	4	16	11	1	6	2	2	15	10	3	2	16	11	1	9	11	7	1	4	13	5	4	5	2	3	1	13	14	6	12	14	12	5	2	8	11	11	3	5	14	7	2	11	5	15	16	4	1	8	7	16	12	3	8	4	13	9	1	15	1	3	16	12	14	4	8	1	16	10	5	5	11	10	15	7	11	7	8	12	16	2	8	5	3	13	5	16	5	3	4	4	9	1	5	8	5	16	12	11	15	14	10	7	5	8	10	10	5	12	14	3	2	13	16	6	12	7	14	15	2	3	9	1	13	10	2	7	4	2	9	4	13	6	3	16	15	6	5	7	15	2	9	10	4	9	5	5	6	2	11	12	9	6	9	6	14	8	5	16	2	12	15	2	8	3	7	4	14	7	13	4	13	15	7	15	4	15	9	2	11	4	11	7	8	5	6	2	13	13	5	15	5	15	11	12	15	2	10	9	13	13	10	11	1	5	5	11	3	12	1	6	8	9	11	1	15	15	9	3	6	10	2	12	14	9	13	9	9	15	1	2	3	16	9	14	8	10	4	4	4	8	9	15	5	1	2	14	11	4	13	9	10	7	1	12	8	12	1	9	6	10	15	1	16	12	10	14	6	15	13	3	10	1	1	14	3	7	1	14	3	8	12	9	9	9	9	16	2	5	2	13	14	13	16	1	15	10	13	15	4	12	15	12	16	1	4	11	2	7	5	1	8	14	15	7	2	14	2	5	14	1	10	16	5	16	11	6	8	7	12	10	2	9	4	11	12	5	16	6	2	10	12	12	16	8	6	12	13	11	6	12	12	3	8	6	3	4	6	5	9	11	15	11	4	8	16	11	6	13	5	1	3	9	1	13	10	12	8	9	8	1	9	3	13	16	8	4	9	10	10	13	16	8	4	7	13	1	9	1	13	6	15	7	6	1	4	5	14	2	2	1	11	12	13	12	8	2	10	15	3	8	5	4	9	7	11	13	7	2	11	6	7	4	13	13	2	2	16	16	1	10	16	10	15	13	13	4	3	11	9	15	11	2	4	3	14	6	9	5	1	10	11	6	11	10	12	8	6	7	16	15	3	13	6	3	6	3	5	6	14	12	6	8	13	3	6	7	3	7	9	8	3	8	13	3	15	14	3	3	4	5	3	13	12	12	9	16	9	6	9	8	14	5	1	7	8	4	3	8	9	10	5	12	5	15	14	13	2	2	9	16	8	14	6	1	14	14	2	9	11	13	6	6	1	16	5	13	14	13	16	11	3	12	13	8	1	5	5	11	8	14	16	1	10	1	2	15	10	14	15	12	6	11	3	11	1	14	5	10	1	5	13	10	12	2	10	1	4	1	11	14	5	11	14	7	1	5	6	1	11	11	6	16	5	12	7	16	5	13	11	8	4	9	11	13	10	16	13	6	16	6	10	12	16	15	1	12	11	1	6	4	14	11	1	5	13	13	12	11	10	3	13	9	10	15	16	11	12	6	7	5	15	16	14	6	14	10	15	12	1	11	2	6	9	13	15	5	5	5	7	12	6	11	7	4	8	6	15	3	1	16	2	15	2	4	6	11	11	8	7	8	4	8	15	3	8	1	10	2	2	9	9	4	12	12	8	3	15	12	12	3	11	11	7	10	10	12	9	8	1	1	1	5	1	11	9	12	15	13	12	2	4	10	11	7	5	15	2	1	14	4	2	10	13	12	15	1	15	1	5	13	13	6	14	11	11	14	9	10	9	13	5	2	14	9	16	8	4	11	2	6	13	11	4	9	8	7	14	1	7	10	16	16	14	6	3	7	8	10	8	2	7	15	13	3	2	2	12	13	5	7	4	1	3	7	6	16	6	9	6	15	11	16	16	6	11	4	1	11	2	6	11	6	3	1	3	8	11	12	9	4	7	4	14	10	8	13	5	13	16	8	9	5	12	8	16	16	4	12	12	13	7	15	14	3	13	7	13	14	6	16	5	5	10	1	10	9	10	13	16	2	5	11	4	3	7	16	9	11	4	13	1	7	1	10	5	15	7	16	15	14	3	1	7	14	6	4	11	15	1	16	7	12	13	13	13	4	8	16	2	6	12	6	1	11	8	15	6	14	6	11	12	10	3	6	15	6	9	4	10	7	1	14	10	8	13	2	7	13	11	8	4	5	14	3	10	15	14	2	3	7	4	5	11	3	15	3	3	4	7	5	12	16	7	4	12	13	5	15	9	3	9	1	4	12	5	13	16	7	11	16	14	14	1	15	13	1	16	11	5	8	10	14	7	12	16	1	1	4	4	8	11	3	15	14	15	1	16	9	4	15	11	15	13	11	4	12	2	16	7	1	10	12	9	6	12	1	1	11	12	11	15	12	14	6	1	3	13	1	2	7	11	9	7	8	14	15	6	15	7	3	1	16	12	16	16	1	14	14	3	13	13	1	11	5	16	11	5	10	6	14	15	12	10	13	10	13	5	6	1	1	11	13	8	13	1	16	10	12	14	8	5	15	11	13	15	9	5	9	16	6	6	13	16	5	9	5	8	12	12	11	13	11	4	7	14	11	14	3	16	2	11	13	7	4	3	4	11	13	11	2	7	14	14	10	3	13	6	13	12	11	6	10	6	14	8	3	4	13	14	3	7	4	4	6	3	10	5	11	4	2	2	5	4	8	1	8	10	7	6	7	8	4	4	8	16	16	3	9	7	9	1	12	11	8	6	3	1	2	15	3	1	5	3	5	11	6	9	3	6	1	7	14	4	10	11	8	4	5	6	5	13	1	6	15	1	4	13	5	8	10	4	8	6	12	4	6	1	1	12	1	16	14	13	4	11	7	10	10	2	3	9	5	1	8	15	14	14	8	9	4	11	3	15	13	14	13	12	4	14	2	2	2	1	10	8	2	15	1	16	6	1	7	13	15	16	2	5	1	6	16	10	10	8	13	10	3	12	14	5	15	7	16	6	14	10	13	11	15	10	11	11	16	2	16	6	8	1	1	16	3	16	12	4	5	6	7	4	4	6	3	1	12	12	10	16	9	
420	400	650	930	110	520	460	820	790	910	590	600	370	740	280	220	820	710	950	470	180	470	200	920	650	410	540	440	420	860	520	820	870	830	910	690	240	460	690	630	220	350	460	820	110	170	340	490	700	210	340	490	520	780	490	760	570	130	170	710	520	880	380	110	490	990	640	760	200	860	380	310	960	150	960	230	840	620	290	450	280	120	620	120	830	730	340	160	960	640	220	510	120	220	610	310	570	540	580	470	820	360	360	420	120	290	430	350	590	510	390	360	900	450	970	640	930	200	350	240	660	160	590	320	200	130	100	670	850	470	470	400	440	140	590	320	490	230	530	350	260	480	370	290	660	130	700	800	320	620	880	670	780	210	180	510	260	630	850	540	860	600	930	890	500	910	350	300	100	240	450	420	970	560	760	290	980	170	700	920	440	270	490	740	550	230	260	930	520	760	940	290	640	530	590	210	680	530	900	530	630	430	540	330	150	730	270	560	880	470	340	570	680	400	120	760	950	530	510	260	130	150	190	110	810	620	200	170	900	580	880	850	760	680	340	440	880	510	400	350	420	950	670	720	200	840	930	550	170	190	350	130	950	790	270	210	220	960	450	460	870	860	110	870	440	650	470	340	680	680	490	800	550	390	240	350	490	200	950	140	120	730	670	340	530	630	210	390	920	650	940	490	290	480	810	290	380	130	730	170	640	480	130	930	700	480	610	110	720	410	380	560	690	410	610	960	700	660	220	700	350	610	970	310	220	610	440	990	570	290	240	120	840	970	260	720	1000	540	910	230	970	720	1000	970	390	250	340	450	690	990	320	280	390	100	480	960	340	600	780	390	570	100	850	450	860	950	700	680	480	750	820	800	700	990	560	690	530	100	800	740	990	820	820	190	800	590	480	450	370	870	320	620	660	860	860	130	700	890	190	960	180	830	990	430	230	160	490	560	210	410	430	660	280	640	870	570	730	460	650	590	230	930	210	720	730	410	590	980	810	690	680	560	190	550	730	450	150	410	970	990	100	580	700	210	620	830	510	380	170	940	470	500	970	940	400	340	730	690	480	1000	460	960	960	520	220	160	440	710	910	920	380	980	540	190	510	570	550	630	360	930	300	770	930	200	770	320	390	320	790	840	330	330	300	510	190	730	210	680	210	130	350	520	100	580	810	190	280	180	850	450	550	820	650	170	190	420	460	750	500	250	290	750	820	700	150	950	430	240	310	920	270	160	830	170	690	950	650	310	780	700	310	570	200	410	230	480	910	100	270	730	340	520	350	800	330	690	450	670	810	620	760	130	200	470	560	170	620	940	610	370	520	360	1000	460	990	570	220	240	620	940	370	260	620	710	120	330	580	450	670	510	290	170	410	110	980	210	830	450	510	380	220	630	710	550	350	630	620	470	380	110	870	630	110	470	940	600	300	270	770	900	920	870	930	420	170	280	520	500	300	520	570	590	150	560	320	580	400	970	110	320	370	580	730	560	600	520	910	610	480	650	600	580	280	600	450	270	380	170	810	270	690	350	890	170	750	750	670	910	170	430	340	860	750	300	630	430	280	530	300	510	660	810	250	990	730	640	790	790	600	870	260	200	900	460	130	280	900	660	730	200	270	740	820	400	980	300	670	270	720	400	570	320	280	1000	290	960	670	870	990	270	950	390	690	930	730	860	860	490	740	160	300	160	340	150	500	810	320	540	410	700	320	780	460	930	600	870	550	480	1000	330	980	970	230	330	170	190	780	310	680	590	680	630	810	750	370	420	140	330	270	440	800	280	1000	190	270	530	710	520	520	310	380	890	950	790	290	960	380	330	390	280	900	890	870	640	610	180	570	850	640	380	100	860	350	260	280	200	930	590	800	650	780	850	830	950	340	270	480	360	890	610	870	850	820	860	570	660	510	750	370	580	260	690	530	340	690	560	140	700	560	950	160	600	260	350	150	120	200	290	120	610	890	960	930	340	650	630	600	500	250	530	470	740	460	580	780	650	450	310	570	360	830	130	540	480	180	830	720	140	830	570	660	750	830	710	850	840	980	950	850	380	640	780	570	910	720	200	910	820	560	400	280	150	310	150	140	190	940	990	360	530	190	450	920	810	480	750	250	680	780	210	130	750	670	840	650	360	310	240	750	670	550	150	540	890	270	990	850	870	810	550	770	230	560	710	240	260	590	660	120	610	750	930	900	860	860	950	870	400	330	950	460	950	690	210	480	660	610	460	780	460	830	320	360	400	430	340	190	590	770	140	290	410	730	910	250	390	790	980	790	380	160	520	110	240	790	960	470	440	250	410	130	610	630	900	570	880	760	780	860	120	310	560	320	600	710	160	220	870	160	560	770	170	870	660	240	150	790	280	620	1000	720	440	290	950	390	240	930	880	450	570	370	530	150	530	640	760	660	270	170	200	690	580	560	600	480	800	560	940	850	590	740	680	830	850	650	890	690	110	660	550	1000	490	990	160	250	950	560	870	520	840	600	130	330	220	730	310	760	560	580	190	590	390	220	150	860	190	900	950	580	180	980	530	670	900	1000	450	660	680	910	270	610	360	860	630	980	610	610	690	450	660	180	840	310	180	990	420	970	430	800	490	460	250	220	690	970	170	490	500	740	660	100	780	810	980	550	620	800	510	860	410	280	980	400	370	990	140	320	890	740	980	510	770	830	700	650	480	850	910	320	650	500	850	440	360	590	990	440	460	680	490	960	630	630	460	660	520	120	250	210	300	630	220	920	110	830	440	760	760	220	560	810	800	620	540	440	380	850	950	910	420	340	570	130	330	720	280	660	300	690	520	710	590	240	100	140	720	390	510	290	490	270	760	560	750	260	980	410	770	220	710	770	290	200	900	1000	380	350	380	950	440	330	790	820	140	790	120	470	970	860	740	550	900	640	130	710	840	770	260	390	810	190	580	230	320	590	750	400	850	870	160	290	640	200	370	500	570	630	320	810	740	680	800	570	440	250	270	650	600	470	490	600	680	440	270	620	980	760	190	830	160	400	820	180	860	620	150	330	310	720	600	990	210	460	990	440	310	660	310	500	810	790	290	550	590	530	210	790	210	880	670	110	640	380	650	690	990	700	270	140	480	100	620	680	890	350	950	650	940	440	410	570	130	370	180	380	480	450	970	880	660	630	120	650	200	770	810	270	860	400	330	810	920	150	100	130	300	920	620	700	170	820	220	660	490	910	280	240	560	690	990	840	380	880	110	280	390	680	110	520	670	190	260	240	970	830	280	890	230	480	280	690	810	770	810	520	740	950	130	800	670	380	980	690	560	190	810	320	790	450	740	660	770	370	770	880	1000	700	520	940	730	490	910	210	870	720	800	580	750	130	880	600	670	630	880	160	290	270	480	540	700	460	940	850	460	420	570	350	160	480	870	590	680	500	450	460	280	680	980	450	860	320	810	150	650	920	270	390	280	150	220	280	300	930	370	690	650	760	320	850	770	250	890	940	840	1000	540	310	600	270	290	550	570	770	700	740	620	290	420	190	360	760	660	280	450	900	610	580	530	950	190	390	110	700	120	230	470	270	860	410	960	840	500	730	390	610	530	910	280	400	550	530	620	780	960	260	470	180	730	190	670	250	400	380	990	280	950	710	1000	510	110	610	460	970	860	360	590	110	490	360	580	330	720	300	750	120	890	250	840	610	130	210	240	550	380	590	330	620	350	980	270	890	320	170	630	380	670	630	390	140	760	390	360	240	620	110	150	270	850	710	580	240	990	370	270	260	420	180	420	410	610	800	160	300	290	490	660	300	240	590	700	190	540	110	180	600	710	810	290	370	690	610	550	840	480	740	490	670	340	380	960	480	430	430	950	750	160	810	150	950	760	460	120	400	650	740	750	180	480	620	630	310	200	590	660	470	820	450	160	630	290	750	610	260	880	110	620	950	770	710	100	230	100	970	980	800	980	890	680	830	670	630	580	840	870	300	970	860	200	120	770	340	680	380	620	600	930	910	490	160	400	720	870	170	100	490	470	780	560	250	410	540	140	720	680	290	230	880	320	310	400	970	370	900	900	850	310	810	400	970	940	630	100	710	260	620	750	250	270	440	330	820	430	970	920	700	450	920	750	810	870	700	600	320	490	390	810	170	310	790	560	100	810	400	590	520	960	280	310	770	470	690	420	140	280	890	930	230	100	970	720	280	480	180	120	980	800	120	160	740	820	290	630	870	320	710	970	120	780	840	320	440	950	850	200	270	730	280	770	300	760	270	170	990	160	100	570	240	420	730	420	470	760	190	370	340	210	900	120	960	580	440	580	290	630	640	380	370	270	340	400	520	130	780	790	650	120	820	850	250	870	500	530	350	880	130	940	710	590	470	260	990	280	160	540	350	380	600	630	580	590	140	630	490	850	330	190	470	230	590	980	690	480	570	600	350	310	280	520	840	440	210	960	350	450	920	230	750	780	490	830	660	280	790	300	200	400	550	230	280	510	790	860	860	650	690	960	790	620	1000	580	230	240	560	990	920	120	530	410	650	260	150	430	150	630	230	790	540	290	780	700	740	480	270	100	760	240	840	700	280	600	940	520	660	550	420	220	790	160	770	690	800	710	350	710	200	950	630	590	360	150	710	840	210	540	650	970	1000	480	380	380	490	690	890	820	920	360	590	890	710	350	140	830	990	580	410	560	870	650	460	360	300	920	580	690	380	660	600	530	690	250	530	1000	560	850	330	660	740	820	1000	660	810	690	100	340	860	780	410	320	580	350	810	100	350	850	860	970	530	740	710	600	890	280	170	360	140	140	410	370	850	750	100	490	420	410	420	340	840	240	770	520	790	550	460	140	980	200	650	840	340	130	460	870	900	640	710	950	120	820	870	330	980	890	100	490	820	450	790	230	190	540	630	260	710	920	570	770	800	480	810	180	400	470	420	1000	250	130	110	410	490	300	650	790	760	400	1000	790	100	310	450	170	330	380	160	940	580	620	570	770	230	100	730	900	720	480	180	790	410	550	140	220	810	840	840	740	910	370	440	770	150	740	390	400	250	630	510	770	960	750	520	270	920	160	720	380	890	910	270	670	310	340	980	970	
1
