2212
80
3
70
0	0	0	0	0	0	0	0	0	0	0	0	0	0	0	0	0	0	0	0	0	0	0	0	0	0	0	0	0	0	0	0	0	0	0	0	0	0	0	0	0	0	0	0	0	0	0	0	0	0	0	0	0	0	0	0	0	0	0	192	192	0	0	0	0	0	192	0	0	0	0	0	0	0	0	0	0	0	0	0	
0	0	0	0	0	0	0	0	0	0	0	0	0	0	0	0	0	0	0	0	0	0	0	0	192	0	0	0	0	0	0	0	192	0	0	0	0	0	0	0	0	0	0	0	0	0	0	0	0	0	0	0	0	0	0	0	0	0	0	0	0	0	0	0	0	0	192	0	0	0	0	0	0	0	0	0	0	0	0	0	
0	0	0	0	0	0	0	0	0	0	0	0	0	0	192	0	192	0	0	0	0	0	0	0	0	0	0	0	0	0	0	0	0	0	0	0	0	0	0	0	0	0	0	0	0	0	0	0	0	0	0	192	0	0	0	0	0	0	0	0	0	0	0	0	0	0	0	0	0	0	0	0	0	0	0	0	0	0	0	0	
0	0	0	0	0	0	0	0	0	0	0	0	0	0	0	0	0	0	0	0	0	0	0	0	0	0	0	0	192	0	0	0	0	0	0	0	0	0	0	0	0	0	0	0	0	0	0	0	0	0	0	0	0	0	0	0	0	0	0	0	0	0	0	0	0	0	0	0	0	0	0	192	0	0	0	0	0	0	0	192	
0	0	0	0	0	0	0	0	0	0	0	0	0	0	0	0	0	0	192	0	0	0	0	0	0	0	0	0	0	0	0	0	0	0	0	0	0	0	0	0	0	0	0	0	0	0	0	0	0	0	0	0	0	0	0	0	0	0	0	0	0	0	0	0	0	0	0	0	0	192	0	0	0	0	192	0	0	0	0	0	
0	0	0	0	0	0	0	0	192	0	0	0	192	0	0	0	0	192	0	0	0	0	0	0	0	0	0	0	0	0	0	0	0	0	0	0	0	0	0	0	0	0	0	0	0	0	0	0	0	0	0	0	0	0	0	0	0	0	0	0	0	0	0	0	0	0	0	0	0	0	0	0	0	0	0	0	0	0	0	0	
0	0	0	0	0	0	0	0	0	0	0	0	0	0	0	0	0	0	0	0	0	0	0	192	0	0	0	0	0	0	0	0	0	0	0	0	0	192	0	0	0	0	0	0	0	0	0	192	0	0	0	0	0	0	0	0	0	0	0	0	0	0	0	0	0	0	0	0	0	0	0	0	0	0	0	0	0	0	0	0	
0	0	0	0	0	0	0	0	0	0	0	0	0	0	0	0	0	0	0	0	0	0	0	0	0	0	0	0	0	0	0	0	0	0	192	0	0	0	0	0	0	0	0	0	0	0	0	0	0	0	0	0	0	0	0	0	0	0	0	0	0	0	0	0	0	0	0	0	0	0	0	0	0	0	0	0	192	192	0	0	
0	0	0	0	0	192	0	0	0	0	0	0	192	0	0	0	0	0	0	0	0	0	0	0	0	0	0	0	0	0	0	0	0	0	0	0	0	0	0	0	0	0	0	0	0	0	0	0	0	0	0	0	0	0	0	0	0	0	0	0	0	0	192	0	0	0	0	0	0	0	0	0	0	0	0	0	0	0	0	0	
0	0	0	0	0	0	0	0	0	0	0	0	0	192	0	0	0	0	0	0	0	0	0	0	0	0	192	0	0	0	0	0	0	0	0	0	0	0	0	0	0	0	0	0	0	0	0	0	0	0	0	0	0	192	0	0	0	0	0	0	0	0	0	0	0	0	0	0	0	0	0	0	0	0	0	0	0	0	0	0	
0	0	0	0	0	0	0	0	0	0	0	0	0	0	192	192	0	0	0	0	0	0	0	0	0	0	0	0	0	0	0	0	0	0	0	0	0	0	0	0	0	0	0	0	0	0	0	0	0	0	0	0	0	0	0	0	0	0	192	0	0	0	0	0	0	0	0	0	0	0	0	0	0	0	0	0	0	0	0	0	
0	0	0	0	0	0	0	0	0	0	0	0	0	0	0	0	0	0	0	0	0	0	0	192	0	0	0	0	0	0	0	0	0	0	192	0	0	0	0	0	0	0	0	0	0	0	0	0	0	0	0	0	0	0	0	0	0	0	0	0	0	0	0	0	0	0	0	0	0	0	0	192	0	0	0	0	0	0	0	0	
0	0	0	0	0	192	0	0	192	0	0	0	0	0	0	0	0	0	0	0	0	0	0	0	0	0	0	0	0	0	0	0	0	0	0	0	0	0	0	0	0	0	0	0	0	0	0	0	0	0	0	0	0	0	0	0	0	0	0	0	0	0	192	0	0	0	0	0	0	0	0	0	0	0	0	0	0	0	0	0	
0	0	0	0	0	0	0	0	0	192	0	0	0	0	0	0	0	0	0	0	0	0	0	0	0	192	192	0	0	0	0	0	0	0	0	0	0	0	0	0	0	0	0	0	0	0	0	0	0	0	0	0	0	0	0	0	0	0	0	0	0	0	0	0	0	0	0	0	0	0	0	0	0	0	0	0	0	0	0	0	
0	0	192	0	0	0	0	0	0	0	192	0	0	0	0	0	0	0	0	0	0	0	0	0	0	0	0	0	0	0	0	0	0	0	0	0	0	0	0	0	0	0	0	0	0	0	0	0	0	0	0	192	0	0	0	0	0	0	0	0	0	0	0	0	0	0	0	0	0	0	0	0	0	0	0	0	0	0	0	0	
0	0	0	0	0	0	0	0	0	0	192	0	0	0	0	0	192	0	0	0	0	0	0	0	0	0	0	0	0	0	0	0	0	0	0	0	0	0	0	0	0	0	0	0	0	0	192	0	0	0	0	0	0	0	0	0	0	0	0	0	0	0	0	0	0	0	0	0	0	0	0	0	0	0	0	0	0	0	0	0	
0	0	192	0	0	0	0	0	0	0	0	0	0	0	0	192	0	0	0	0	0	0	0	0	0	0	0	0	0	0	0	0	0	0	0	0	0	0	0	0	0	0	0	0	0	0	0	0	0	0	0	192	0	0	0	0	0	0	0	0	0	0	0	0	0	0	0	0	0	0	0	0	0	0	0	0	0	0	0	0	
0	0	0	0	0	192	0	0	0	0	0	0	0	0	0	0	0	0	0	0	0	0	0	0	0	0	0	0	0	0	0	0	0	0	0	0	0	0	0	0	0	0	0	192	0	0	0	0	0	0	0	0	0	192	0	0	0	0	0	0	0	0	0	0	0	0	0	0	0	0	0	0	0	0	0	0	0	0	0	0	
0	0	0	0	192	0	0	0	0	0	0	0	0	0	0	0	0	0	0	0	0	0	0	0	0	0	0	0	0	0	0	0	0	0	0	0	0	0	0	0	0	0	0	0	0	0	0	0	0	0	0	0	0	0	0	0	0	0	0	0	0	0	0	0	0	0	0	0	0	192	0	0	192	0	0	0	0	0	0	0	
0	0	0	0	0	0	0	0	0	0	0	0	0	0	0	0	0	0	0	0	0	0	0	0	0	0	0	0	0	0	0	0	0	0	0	0	0	0	0	0	0	0	0	0	0	0	0	0	0	0	0	0	0	0	0	0	0	0	0	0	0	192	0	0	0	0	0	0	0	0	192	0	0	192	0	0	0	0	0	0	
0	0	0	0	0	0	0	0	0	0	0	0	0	0	0	0	0	0	0	0	0	0	0	0	0	0	0	0	0	0	0	0	0	0	0	192	0	0	0	0	0	0	0	0	0	0	0	0	0	0	192	0	0	0	0	0	0	0	0	0	192	0	0	0	0	0	0	0	0	0	0	0	0	0	0	0	0	0	0	0	
0	0	0	0	0	0	0	0	0	0	0	0	0	0	0	0	0	0	0	0	0	0	0	0	0	0	192	0	0	0	0	0	0	0	0	0	0	0	0	0	0	0	0	0	0	0	0	0	0	0	0	0	0	0	0	0	0	0	0	0	0	192	0	0	0	0	0	0	0	0	0	0	0	192	0	0	0	0	0	0	
0	0	0	0	0	0	0	0	0	0	0	0	0	0	0	0	0	0	0	0	0	0	0	0	0	0	0	0	0	0	0	0	0	0	0	0	0	0	0	0	0	0	0	0	0	0	0	0	0	0	0	0	192	0	192	0	192	0	0	0	0	0	0	0	0	0	0	0	0	0	0	0	0	0	0	0	0	0	0	0	
0	0	0	0	0	0	192	0	0	0	0	192	0	0	0	0	0	0	0	0	0	0	0	0	0	0	0	0	0	0	0	0	0	0	0	0	0	0	0	0	0	0	0	0	0	0	0	192	0	0	0	0	0	0	0	0	0	0	0	0	0	0	0	0	0	0	0	0	0	0	0	0	0	0	0	0	0	0	0	0	
0	192	0	0	0	0	0	0	0	0	0	0	0	0	0	0	0	0	0	0	0	0	0	0	0	0	0	0	0	0	0	0	192	0	0	0	0	0	0	0	0	192	0	0	0	0	0	0	0	0	0	0	0	0	0	0	0	0	0	0	0	0	0	0	0	0	0	0	0	0	0	0	0	0	0	0	0	0	0	0	
0	0	0	0	0	0	0	0	0	0	0	0	0	192	0	0	0	0	0	0	0	0	0	0	0	0	0	0	0	0	0	0	0	0	0	0	0	0	0	0	0	0	0	0	0	0	0	0	0	0	0	0	0	0	0	0	0	0	0	0	0	0	0	0	0	0	0	0	0	0	192	0	0	192	0	0	0	0	0	0	
0	0	0	0	0	0	0	0	0	192	0	0	0	192	0	0	0	0	0	0	0	192	0	0	0	0	0	0	0	0	0	0	0	0	0	0	0	0	0	0	0	0	0	0	0	0	0	0	0	0	0	0	0	0	0	0	0	0	0	0	0	0	0	0	0	0	0	0	0	0	0	0	0	0	0	0	0	0	0	0	
0	0	0	0	0	0	0	0	0	0	0	0	0	0	0	0	0	0	0	0	0	0	0	0	0	0	0	0	0	0	0	192	0	0	0	0	0	192	0	0	0	0	0	0	0	0	0	0	0	0	0	0	0	0	0	0	0	0	0	192	0	0	0	0	0	0	0	0	0	0	0	0	0	0	0	0	0	0	0	0	
0	0	0	192	0	0	0	0	0	0	0	0	0	0	0	0	0	0	0	0	0	0	0	0	0	0	0	0	0	0	0	0	0	0	0	0	0	192	0	0	0	0	0	0	0	0	0	0	0	0	0	0	0	0	0	0	0	0	0	0	0	0	0	0	0	0	0	0	0	0	0	0	0	0	0	0	0	0	0	192	
0	0	0	0	0	0	0	0	0	0	0	0	0	0	0	0	0	0	0	0	0	0	0	0	0	0	0	0	0	0	0	0	0	0	0	0	0	0	0	0	0	0	0	0	0	0	0	0	0	0	0	0	0	0	0	0	0	0	0	0	0	192	0	0	0	0	0	0	0	0	192	0	192	0	0	0	0	0	0	0	
0	0	0	0	0	0	0	0	0	0	0	0	0	0	0	0	0	0	0	0	0	0	0	0	0	0	0	0	0	0	0	0	0	0	0	0	0	0	0	0	0	0	0	0	0	0	0	0	192	0	0	0	0	0	0	0	0	0	0	0	0	0	0	0	0	0	0	0	192	0	0	0	0	0	0	0	0	0	192	0	
0	0	0	0	0	0	0	0	0	0	0	0	0	0	0	0	0	0	0	0	0	0	0	0	0	0	0	192	0	0	0	0	0	0	0	0	0	0	0	0	0	0	0	0	0	0	0	0	0	0	0	0	0	0	0	0	0	0	0	192	192	0	0	0	0	0	0	0	0	0	0	0	0	0	0	0	0	0	0	0	
0	192	0	0	0	0	0	0	0	0	0	0	0	0	0	0	0	0	0	0	0	0	0	0	192	0	0	0	0	0	0	0	0	0	0	0	0	0	0	0	0	192	0	0	0	0	0	0	0	0	0	0	0	0	0	0	0	0	0	0	0	0	0	0	0	0	0	0	0	0	0	0	0	0	0	0	0	0	0	0	
0	0	0	0	0	0	0	0	0	0	0	0	0	0	0	0	0	0	0	0	0	0	0	0	0	0	0	0	0	0	0	0	0	0	0	0	0	0	0	0	0	0	0	0	0	0	0	0	192	0	0	0	0	0	0	0	0	192	0	0	0	0	0	0	192	0	0	0	0	0	0	0	0	0	0	0	0	0	0	0	
0	0	0	0	0	0	0	192	0	0	0	192	0	0	0	0	0	0	0	0	0	0	0	0	0	0	0	0	0	0	0	0	0	0	0	0	192	0	0	0	0	0	0	0	0	0	0	0	0	0	0	0	0	0	0	0	0	0	0	0	0	0	0	0	0	0	0	0	0	0	0	0	0	0	0	0	0	0	0	0	
0	0	0	0	0	0	0	0	0	0	0	0	0	0	0	0	0	0	0	0	192	0	0	0	0	0	0	0	0	0	0	0	0	0	0	0	0	0	0	0	0	0	0	0	0	0	0	0	192	0	0	0	0	0	0	0	0	0	0	0	0	0	0	0	0	0	0	0	0	0	0	0	0	0	0	0	0	0	192	0	
0	0	0	0	0	0	0	0	0	0	0	0	0	0	0	0	0	0	0	0	0	0	0	0	0	0	0	0	0	0	0	0	0	0	192	0	0	0	0	0	0	0	0	0	0	0	0	0	0	0	0	0	0	0	0	0	0	0	0	0	0	0	0	0	0	0	0	0	0	0	0	192	0	0	0	0	192	0	0	0	
0	0	0	0	0	0	192	0	0	0	0	0	0	0	0	0	0	0	0	0	0	0	0	0	0	0	0	192	192	0	0	0	0	0	0	0	0	0	0	0	0	0	0	0	0	0	0	0	0	0	0	0	0	0	0	0	0	0	0	0	0	0	0	0	0	0	0	0	0	0	0	0	0	0	0	0	0	0	0	0	
0	0	0	0	0	0	0	0	0	0	0	0	0	0	0	0	0	0	0	0	0	0	0	0	0	0	0	0	0	0	0	0	0	0	0	0	0	0	0	0	0	0	0	192	192	0	0	0	0	0	0	0	0	192	0	0	0	0	0	0	0	0	0	0	0	0	0	0	0	0	0	0	0	0	0	0	0	0	0	0	
0	0	0	0	0	0	0	0	0	0	0	0	0	0	0	0	0	0	0	0	0	0	0	0	0	0	0	0	0	0	0	0	0	0	0	0	0	0	0	0	0	0	0	0	0	0	192	0	0	0	0	0	0	0	0	0	0	0	192	0	0	0	0	0	0	0	0	0	0	0	0	0	0	0	0	192	0	0	0	0	
0	0	0	0	0	0	0	0	0	0	0	0	0	0	0	0	0	0	0	0	0	0	0	0	0	0	0	0	0	0	0	0	0	0	0	0	0	0	0	0	0	0	0	0	0	0	192	0	0	0	0	0	0	0	0	0	0	0	192	0	0	0	0	0	0	192	0	0	0	0	0	0	0	0	0	0	0	0	0	0	
0	0	0	0	0	0	0	0	0	0	0	0	0	0	0	0	0	0	0	0	0	0	0	0	192	0	0	0	0	0	0	0	192	0	0	0	0	0	0	0	0	0	0	0	0	0	0	0	0	192	0	0	0	0	0	0	0	0	0	0	0	0	0	0	0	0	0	0	0	0	0	0	0	0	0	0	0	0	0	0	
0	0	0	0	0	0	0	0	0	0	0	0	0	0	0	0	0	0	0	0	0	0	0	0	0	0	0	0	0	0	0	0	0	0	0	0	0	0	0	0	0	0	0	0	192	0	0	0	0	192	0	0	0	0	0	0	0	0	0	0	0	0	0	192	0	0	0	0	0	0	0	0	0	0	0	0	0	0	0	0	
0	0	0	0	0	0	0	0	0	0	0	0	0	0	0	0	0	192	0	0	0	0	0	0	0	0	0	0	0	0	0	0	0	0	0	0	0	0	192	0	0	0	0	0	192	0	0	0	0	0	0	0	0	0	0	0	0	0	0	0	0	0	0	0	0	0	0	0	0	0	0	0	0	0	0	0	0	0	0	0	
0	0	0	0	0	0	0	0	0	0	0	0	0	0	0	0	0	0	0	0	0	0	0	0	0	0	0	0	0	0	0	0	0	0	0	0	0	0	192	0	0	0	192	192	0	0	0	0	0	0	0	0	0	0	0	0	0	0	0	0	0	0	0	0	0	0	0	0	0	0	0	0	0	0	0	0	0	0	0	0	
0	0	0	0	0	0	0	0	0	0	0	0	0	0	0	0	0	0	0	0	0	0	0	0	0	0	0	0	0	0	0	0	0	0	0	0	0	0	0	0	0	0	0	0	0	0	0	0	0	192	0	0	0	0	0	192	0	0	0	0	0	0	0	192	0	0	0	0	0	0	0	0	0	0	0	0	0	0	0	0	
0	0	0	0	0	0	0	0	0	0	0	0	0	0	0	192	0	0	0	0	0	0	0	0	0	0	0	0	0	0	0	0	0	0	0	0	0	0	0	192	192	0	0	0	0	0	0	0	0	0	0	0	0	0	0	0	0	0	0	0	0	0	0	0	0	0	0	0	0	0	0	0	0	0	0	0	0	0	0	0	
0	0	0	0	0	0	192	0	0	0	0	0	0	0	0	0	0	0	0	0	0	0	0	192	0	0	0	0	0	0	0	0	0	0	0	0	0	0	0	0	0	0	0	0	0	0	0	0	0	0	0	0	0	0	0	0	0	0	0	0	0	0	0	0	0	0	0	0	0	0	0	0	0	0	192	0	0	0	0	0	
0	0	0	0	0	0	0	0	0	0	0	0	0	0	0	0	0	0	0	0	0	0	0	0	0	0	0	0	0	0	192	0	0	192	0	192	0	0	0	0	0	0	0	0	0	0	0	0	0	0	0	0	0	0	0	0	0	0	0	0	0	0	0	0	0	0	0	0	0	0	0	0	0	0	0	0	0	0	0	0	
0	0	0	0	0	0	0	0	0	0	0	0	0	0	0	0	0	0	0	0	0	0	0	0	0	0	0	0	0	0	0	0	0	0	0	0	0	0	0	0	0	192	192	0	0	192	0	0	0	0	0	0	0	0	0	0	0	0	0	0	0	0	0	0	0	0	0	0	0	0	0	0	0	0	0	0	0	0	0	0	
0	0	0	0	0	0	0	0	0	0	0	0	0	0	0	0	0	0	0	0	192	0	0	0	0	0	0	0	0	0	0	0	0	0	0	0	0	0	0	0	0	0	0	0	0	0	0	0	0	0	0	0	192	0	0	0	192	0	0	0	0	0	0	0	0	0	0	0	0	0	0	0	0	0	0	0	0	0	0	0	
0	0	192	0	0	0	0	0	0	0	0	0	0	0	192	0	192	0	0	0	0	0	0	0	0	0	0	0	0	0	0	0	0	0	0	0	0	0	0	0	0	0	0	0	0	0	0	0	0	0	0	0	0	0	0	0	0	0	0	0	0	0	0	0	0	0	0	0	0	0	0	0	0	0	0	0	0	0	0	0	
0	0	0	0	0	0	0	0	0	0	0	0	0	0	0	0	0	0	0	0	0	0	192	0	0	0	0	0	0	0	0	0	0	0	0	0	0	0	0	0	0	0	0	0	0	0	0	0	0	0	192	0	0	0	192	0	0	0	0	0	0	0	0	0	0	0	0	0	0	0	0	0	0	0	0	0	0	0	0	0	
0	0	0	0	0	0	0	0	0	192	0	0	0	0	0	0	0	192	0	0	0	0	0	0	0	0	0	0	0	0	0	0	0	0	0	0	0	0	192	0	0	0	0	0	0	0	0	0	0	0	0	0	0	0	0	0	0	0	0	0	0	0	0	0	0	0	0	0	0	0	0	0	0	0	0	0	0	0	0	0	
0	0	0	0	0	0	0	0	0	0	0	0	0	0	0	0	0	0	0	0	0	0	192	0	0	0	0	0	0	0	0	0	0	0	0	0	0	0	0	0	0	0	0	0	0	0	0	0	0	0	0	0	192	0	0	0	192	0	0	0	0	0	0	0	0	0	0	0	0	0	0	0	0	0	0	0	0	0	0	0	
0	0	0	0	0	0	0	0	0	0	0	0	0	0	0	0	0	0	0	0	0	0	0	0	0	0	0	0	0	0	0	0	0	0	0	0	0	0	0	0	0	0	0	0	0	192	0	0	0	0	0	0	0	0	0	0	0	0	0	0	0	0	0	192	0	0	192	0	0	0	0	0	0	0	0	0	0	0	0	0	
0	0	0	0	0	0	0	0	0	0	0	0	0	0	0	0	0	0	0	0	0	0	192	0	0	0	0	0	0	0	0	0	0	0	0	0	0	0	0	0	0	0	0	0	0	0	0	0	0	0	192	0	0	0	192	0	0	0	0	0	0	0	0	0	0	0	0	0	0	0	0	0	0	0	0	0	0	0	0	0	
0	0	0	0	0	0	0	0	0	0	0	0	0	0	0	0	0	0	0	0	0	0	0	0	0	0	0	0	0	0	0	0	0	192	0	0	0	0	0	0	0	0	0	0	0	0	0	0	0	0	0	0	0	0	0	0	0	0	0	0	0	0	0	0	192	0	0	192	0	0	0	0	0	0	0	0	0	0	0	0	
0	0	0	0	0	0	0	0	0	0	192	0	0	0	0	0	0	0	0	0	0	0	0	0	0	0	0	0	0	0	0	0	0	0	0	0	0	0	0	192	192	0	0	0	0	0	0	0	0	0	0	0	0	0	0	0	0	0	0	0	0	0	0	0	0	0	0	0	0	0	0	0	0	0	0	0	0	0	0	0	
192	0	0	0	0	0	0	0	0	0	0	0	0	0	0	0	0	0	0	0	0	0	0	0	0	0	0	192	0	0	0	192	0	0	0	0	0	0	0	0	0	0	0	0	0	0	0	0	0	0	0	0	0	0	0	0	0	0	0	0	0	0	0	0	0	0	0	0	0	0	0	0	0	0	0	0	0	0	0	0	
192	0	0	0	0	0	0	0	0	0	0	0	0	0	0	0	0	0	0	0	192	0	0	0	0	0	0	0	0	0	0	192	0	0	0	0	0	0	0	0	0	0	0	0	0	0	0	0	0	0	0	0	0	0	0	0	0	0	0	0	0	0	0	0	0	0	0	0	0	0	0	0	0	0	0	0	0	0	0	0	
0	0	0	0	0	0	0	0	0	0	0	0	0	0	0	0	0	0	0	192	0	192	0	0	0	0	0	0	0	192	0	0	0	0	0	0	0	0	0	0	0	0	0	0	0	0	0	0	0	0	0	0	0	0	0	0	0	0	0	0	0	0	0	0	0	0	0	0	0	0	0	0	0	0	0	0	0	0	0	0	
0	0	0	0	0	0	0	0	192	0	0	0	192	0	0	0	0	0	0	0	0	0	0	0	0	0	0	0	0	0	0	0	0	0	0	0	0	0	0	0	0	0	0	0	0	0	0	0	0	0	0	0	0	0	0	0	0	0	0	0	0	0	0	0	0	192	0	0	0	0	0	0	0	0	0	0	0	0	0	0	
0	0	0	0	0	0	0	0	0	0	0	0	0	0	0	0	0	0	0	0	0	0	0	0	0	0	0	0	0	0	0	0	0	0	0	0	0	0	0	0	0	0	192	0	0	192	0	0	0	0	0	0	0	0	0	192	0	0	0	0	0	0	0	0	0	0	0	0	0	0	0	0	0	0	0	0	0	0	0	0	
0	0	0	0	0	0	0	0	0	0	0	0	0	0	0	0	0	0	0	0	0	0	0	0	0	0	0	0	0	0	0	0	0	192	0	0	0	0	0	0	0	0	0	0	0	0	0	0	0	0	0	0	0	0	0	0	0	192	0	0	0	0	0	0	0	0	0	192	0	0	0	0	0	0	0	0	0	0	0	0	
0	0	0	0	0	0	0	0	0	0	0	0	0	0	0	0	0	0	0	0	0	0	0	0	0	0	0	0	0	0	0	0	0	0	0	0	0	0	0	0	192	0	0	0	0	0	0	0	0	0	0	0	0	0	0	0	0	0	0	0	0	0	192	0	0	0	0	0	0	0	0	0	0	0	0	192	0	0	0	0	
192	192	0	0	0	0	0	0	0	0	0	0	0	0	0	0	0	0	0	0	0	0	0	0	0	0	0	0	0	0	0	0	0	0	0	0	0	0	0	0	0	0	0	0	0	0	0	0	0	0	0	0	0	0	0	192	0	0	0	0	0	0	0	0	0	0	0	0	0	0	0	0	0	0	0	0	0	0	0	0	
0	0	0	0	0	0	0	0	0	0	0	0	0	0	0	0	0	0	0	0	0	0	0	0	0	0	0	0	0	0	0	0	0	0	0	0	0	0	0	0	0	0	0	0	0	0	0	0	0	0	0	0	0	0	0	0	0	192	0	0	0	0	0	0	192	0	0	0	192	0	0	0	0	0	0	0	0	0	0	0	
0	0	0	0	0	0	0	0	0	0	0	0	0	0	0	0	0	0	0	0	0	0	0	0	0	0	0	0	0	0	192	0	0	0	0	0	0	0	0	0	0	0	0	0	0	0	0	0	0	0	0	0	0	0	0	0	0	0	0	0	0	0	0	0	0	0	0	192	0	0	0	0	0	0	0	0	0	0	192	0	
0	0	0	0	192	0	0	0	0	0	0	0	0	0	0	0	0	0	192	0	0	0	0	0	0	0	0	0	0	0	0	0	0	0	0	0	0	0	0	0	0	0	0	0	0	0	0	0	0	0	0	0	0	0	0	0	0	0	0	0	0	0	0	0	0	0	0	0	0	0	0	0	0	0	192	0	0	0	0	0	
0	0	0	0	0	0	0	0	0	0	0	0	0	0	0	0	0	0	0	192	0	0	0	0	0	192	0	0	0	192	0	0	0	0	0	0	0	0	0	0	0	0	0	0	0	0	0	0	0	0	0	0	0	0	0	0	0	0	0	0	0	0	0	0	0	0	0	0	0	0	0	0	0	0	0	0	0	0	0	0	
0	0	0	192	0	0	0	0	0	0	0	192	0	0	0	0	0	0	0	0	0	0	0	0	0	0	0	0	0	0	0	0	0	0	0	0	192	0	0	0	0	0	0	0	0	0	0	0	0	0	0	0	0	0	0	0	0	0	0	0	0	0	0	0	0	0	0	0	0	0	0	0	0	0	0	0	0	0	0	0	
0	0	0	0	0	0	0	0	0	0	0	0	0	0	0	0	0	0	192	0	0	0	0	0	0	0	0	0	0	192	0	0	0	0	0	0	0	0	0	0	0	0	0	0	0	0	0	0	0	0	0	0	0	0	0	0	0	0	0	0	0	0	0	0	0	0	0	0	0	0	0	0	0	0	0	0	0	192	0	0	
0	0	0	0	0	0	0	0	0	0	0	0	0	0	0	0	0	0	0	192	0	192	0	0	0	192	0	0	0	0	0	0	0	0	0	0	0	0	0	0	0	0	0	0	0	0	0	0	0	0	0	0	0	0	0	0	0	0	0	0	0	0	0	0	0	0	0	0	0	0	0	0	0	0	0	0	0	0	0	0	
0	0	0	0	192	0	0	0	0	0	0	0	0	0	0	0	0	0	0	0	0	0	0	0	0	0	0	0	0	0	0	0	0	0	0	0	0	0	0	0	0	0	0	0	0	0	0	192	0	0	0	0	0	0	0	0	0	0	0	0	0	0	0	0	0	0	0	0	0	192	0	0	0	0	0	0	0	0	0	0	
0	0	0	0	0	0	0	0	0	0	0	0	0	0	0	0	0	0	0	0	0	0	0	0	0	0	0	0	0	0	0	0	0	0	0	0	0	0	0	192	0	0	0	0	0	0	0	0	0	0	0	0	0	0	0	0	0	0	0	0	0	0	0	0	0	192	0	0	0	0	0	0	0	0	0	0	0	192	0	0	
0	0	0	0	0	0	0	192	0	0	0	0	0	0	0	0	0	0	0	0	0	0	0	0	0	0	0	0	0	0	0	0	0	0	0	0	192	0	0	0	0	0	0	0	0	0	0	0	0	0	0	0	0	0	0	0	0	0	0	0	0	0	0	0	0	0	0	0	0	0	0	0	0	0	0	0	0	0	0	192	
0	0	0	0	0	0	0	192	0	0	0	0	0	0	0	0	0	0	0	0	0	0	0	0	0	0	0	0	0	0	0	0	0	0	0	0	0	0	0	0	0	0	0	0	0	0	0	0	0	0	0	0	0	0	0	0	0	0	0	0	0	0	0	0	0	0	0	0	0	0	0	0	192	0	0	192	0	0	0	0	
0	0	0	0	0	0	0	0	0	0	0	0	0	0	0	0	0	0	0	0	0	0	0	0	0	0	0	0	0	0	192	0	0	0	0	192	0	0	0	0	0	0	0	0	0	0	0	0	0	0	0	0	0	0	0	0	0	0	0	0	0	0	0	0	0	0	0	0	192	0	0	0	0	0	0	0	0	0	0	0	
0	0	0	192	0	0	0	0	0	0	0	0	0	0	0	0	0	0	0	0	0	0	0	0	0	0	0	0	192	0	0	0	0	0	0	0	0	0	0	0	0	0	0	0	0	0	0	0	0	0	0	0	0	0	0	0	0	0	0	0	0	0	0	0	0	0	0	0	0	0	0	0	0	0	0	0	192	0	0	0	
5	22	17	40	6	2	52	55	63	14	50	32	39	46	0	10	1	25	68	8	4	51	2	63	19	1	31	69	52	73	65	63	76	62	44	33	64	23	38	1	68	40	67	4	47	21	9	62	37	5	75	37	74	61	33	14	4	0	61	61	72	4	38	24	76	47	1	36	19	5	66	37	18	59	30	65	0	38	42	12	1	11	76	44	41	31	9	70	63	7	52	46	54	57	37	58	68	25	62	47	46	12	38	17	41	55	49	6	58	79	21	19	22	73	6	28	34	10	26	55	18	40	20	72	61	7	60	5	6	75	68	35	19	59	67	7	25	12	62	21	29	49	41	2	20	48	73	53	67	63	19	65	15	1	77	59	12	29	60	74	33	7	52	65	49	4	26	69	50	58	3	76	41	44	69	43	27	0	40	1	52	24	50	13	23	44	22	5	12	60	37	74	36	42	0	45	17	55	39	47	51	19	28	2	60	64	16	37	76	14	68	74	68	47	73	51	21	35	15	64	1	44	9	33	8	27	54	41	28	0	72	24	76	77	32	31	28	34	46	15	10	1	5	73	25	75	68	30	73	64	45	47	43	65	65	46	49	17	33	10	11	62	62	38	27	28	24	65	0	74	17	30	56	63	37	74	69	73	33	27	1	32	68	43	59	53	37	40	44	21	19	12	15	56	4	21	8	68	2	66	8	66	43	14	40	49	76	44	25	4	56	72	14	79	55	64	63	8	35	73	41	37	79	17	78	24	17	55	78	46	46	70	57	70	39	72	6	28	9	6	39	49	45	56	47	9	17	32	56	54	27	0	56	1	8	75	44	24	71	20	46	13	72	39	21	24	36	29	37	2	50	32	41	45	69	72	73	67	40	53	48	48	59	74	39	46	5	42	28	76	5	74	34	15	65	61	57	49	79	60	46	46	52	42	10	9	54	23	71	24	56	52	59	4	1	45	72	17	2	25	38	54	37	48	51	48	7	57	25	70	53	68	44	14	73	29	72	21	57	58	13	52	76	60	57	55	1	27	11	37	76	46	65	56	52	11	47	55	59	8	22	26	29	29	24	8	64	38	78	6	46	29	68	11	20	42	55	76	31	41	49	66	46	34	69	46	18	1	37	62	59	52	9	56	35	16	19	22	47	76	54	42	0	59	32	74	13	58	35	50	73	53	72	60	39	55	43	36	53	51	77	51	59	63	63	66	69	39	69	8	33	51	41	61	52	50	24	55	29	21	3	63	6	14	41	43	7	37	0	64	47	60	18	33	29	69	78	43	67	42	32	24	44	77	28	19	29	47	12	23	49	67	42	39	10	35	59	33	18	58	49	2	42	23	13	42	28	52	23	7	22	16	59	31	37	62	56	77	76	1	20	77	34	56	24	69	15	55	20	8	11	49	55	39	15	67	37	5	34	50	26	46	30	19	0	2	13	12	3	15	32	34	50	32	55	46	65	70	20	78	76	53	52	43	0	77	22	10	40	68	42	49	52	29	3	20	48	7	76	73	34	1	72	24	60	45	24	2	44	10	62	67	56	22	17	5	12	34	29	59	11	79	16	2	73	12	57	74	34	37	56	75	63	19	21	40	22	57	65	46	79	17	50	75	62	77	43	54	21	62	60	79	52	55	38	40	13	40	42	65	65	24	20	2	57	2	10	66	35	14	77	45	2	78	2	34	8	25	58	30	50	6	77	14	74	68	73	25	10	35	10	48	75	20	19	39	26	21	0	28	5	50	14	12	39	61	44	72	64	12	30	7	8	22	26	24	6	47	49	56	37	68	1	55	5	72	12	0	39	35	62	13	19	32	1	23	66	45	26	63	66	33	63	24	40	37	21	63	15	14	1	16	42	39	46	41	69	78	31	31	37	52	21	67	11	39	45	79	22	2	31	79	43	13	19	54	23	59	56	11	1	44	0	48	23	2	27	73	71	55	35	20	49	53	36	63	54	26	2	78	71	41	57	47	52	61	27	54	58	73	67	33	74	68	17	67	36	37	5	59	15	14	51	10	60	46	27	47	5	51	21	55	55	74	52	49	57	58	39	5	69	36	47	58	67	35	21	10	43	65	50	5	77	33	5	43	63	21	16	52	45	45	66	74	31	47	27	74	31	47	79	27	12	74	16	49	73	38	71	37	70	61	77	32	32	59	1	30	67	56	34	10	38	37	51	27	45	47	47	45	71	36	69	57	24	78	62	57	48	11	4	37	11	9	16	46	53	11	69	69	71	1	7	43	27	30	6	46	77	44	43	65	19	71	57	78	55	54	37	11	27	67	3	5	20	36	38	34	25	55	5	34	42	25	20	1	78	28	51	16	14	31	43	24	75	30	34	66	79	17	41	64	31	53	52	74	57	27	57	79	66	40	35	9	53	17	62	55	63	76	36	55	13	18	30	26	16	6	61	54	65	41	71	21	38	52	42	52	35	55	10	75	17	35	73	78	72	42	38	73	66	8	77	13	44	47	41	41	50	12	19	35	61	7	70	51	36	72	37	77	24	11	72	18	47	24	66	59	66	49	14	45	47	1	56	13	61	79	5	15	12	33	79	0	66	7	60	28	64	58	53	26	61	48	8	56	51	17	51	68	0	41	24	65	58	77	75	52	69	1	3	50	38	26	35	3	74	44	55	44	15	75	35	57	22	37	50	79	7	17	54	59	46	25	25	44	20	3	27	76	29	56	14	7	65	26	8	31	65	14	13	38	58	58	43	35	14	0	58	75	11	41	35	59	39	18	62	57	7	45	59	27	55	60	78	60	69	32	62	65	16	62	58	73	18	33	58	55	63	17	72	3	68	59	10	28	53	62	60	31	13	5	47	27	52	38	7	38	39	48	46	63	59	66	60	68	75	18	43	43	35	63	14	52	12	34	0	23	64	72	55	34	37	22	55	75	0	77	40	25	15	17	10	69	5	57	24	13	24	48	28	10	68	31	70	45	27	70	32	40	15	73	71	20	58	50	56	52	51	26	55	33	25	47	24	46	73	13	52	61	36	68	11	11	3	25	21	13	3	68	57	55	0	21	9	71	66	38	75	35	47	10	70	60	25	12	24	18	41	4	10	26	16	74	70	6	37	73	79	74	19	42	58	64	66	11	38	10	13	15	38	40	4	14	31	23	14	43	68	39	16	28	38	78	41	64	76	45	37	5	55	76	47	33	35	45	21	30	15	6	13	43	19	48	2	15	3	15	39	43	39	38	59	31	71	30	33	64	67	76	76	19	21	12	79	40	16	72	7	20	54	74	69	42	14	59	18	20	3	36	72	11	44	15	15	56	19	67	1	51	50	75	6	22	69	35	67	19	28	55	50	20	77	33	64	70	19	20	59	14	18	73	57	32	69	1	61	48	41	62	53	6	38	51	10	63	36	7	11	51	64	55	24	57	36	18	22	52	3	51	64	57	11	60	34	50	49	66	52	42	43	75	10	75	56	20	33	52	21	52	67	46	41	54	25	20	4	42	30	24	34	8	34	36	59	14	36	51	54	79	77	17	78	48	62	50	73	54	28	14	11	40	12	71	20	49	59	33	25	49	73	73	74	63	40	72	77	66	32	57	79	8	69	30	78	39	23	16	13	54	34	65	52	56	65	7	45	76	4	71	70	0	19	9	53	55	74	79	2	74	5	69	63	4	18	10	43	79	55	6	20	2	37	75	27	25	79	74	28	17	9	19	36	56	79	24	1	62	56	33	69	9	21	23	73	67	60	78	60	71	63	39	48	25	12	53	20	6	73	53	16	17	18	58	56	66	31	61	24	3	61	74	69	8	27	9	41	11	73	69	51	55	17	40	73	7	52	47	59	61	6	19	45	49	13	17	61	17	70	1	27	11	68	76	11	12	64	1	12	52	27	64	48	28	7	24	55	9	33	21	12	9	71	1	29	40	43	15	69	29	62	48	60	38	19	68	77	36	40	31	75	13	7	49	14	15	56	25	60	30	18	73	20	19	67	78	50	21	75	5	36	74	41	10	0	78	24	35	38	9	12	52	21	48	32	31	30	21	55	58	69	11	24	11	63	43	13	1	23	39	63	8	48	5	73	62	26	11	42	29	27	33	51	71	67	79	46	31	67	15	29	56	15	72	54	28	42	57	12	36	26	27	75	19	1	77	76	66	64	30	74	63	74	25	69	42	2	25	45	53	41	12	51	60	47	46	34	53	2	10	59	20	5	28	66	78	7	36	18	71	28	37	23	60	13	51	71	37	24	32	79	17	19	22	56	62	14	45	17	52	11	40	23	19	19	39	20	41	29	63	9	47	40	25	79	32	10	2	32	75	79	15	26	17	49	40	20	1	1	44	43	74	46	56	26	74	74	68	7	5	60	17	25	78	12	12	26	78	78	79	10	3	70	19	67	42	32	41	74	53	28	48	54	2	24	47	31	62	30	45	16	76	74	69	66	0	15	59	7	45	45	15	61	47	7	14	70	46	7	16	26	49	63	13	72	59	22	10	71	2	5	39	62	35	38	71	46	71	77	23	63	32	38	33	74	9	60	75	75	24	62	44	35	62	48	26	29	66	50	28	23	5	55	67	27	3	19	21	20	66	79	7	55	33	50	22	73	73	37	55	31	16	42	24	43	7	43	55	73	73	22	48	39	3	43	70	39	72	74	71	79	31	75	58	13	62	74	72	12	76	36	74	25	32	49	20	15	47	66	21	37	69	77	15	68	39	12	62	57	22	47	57	50	6	72	50	34	59	66	43	78	48	18	36	65	58	7	48	13	75	44	13	66	64	64	74	76	56	78	44	72	66	19	8	59	43	63	35	8	76	16	12	36	26	53	10	33	58	35	55	12	77	26	63	38	78	35	16	43	68	75	59	1	44	1	2	64	46	8	68	55	75	3	68	45	61	68	50	70	41	77	74	54	60	22	50	68	71	77	73	43	27	59	2	27	10	8	45	15	42	28	61	53	26	53	14	22	78	48	51	55	5	63	77	22	28	14	13	57	72	65	63	10	65	59	29	49	6	31	8	37	71	28	54	28	48	49	1	74	60	58	46	
70	14	52	29	27	55	27	36	54	16	49	59	38	73	5	50	30	67	9	44	15	64	62	25	25	33	5	42	61	54	30	32	12	1	28	44	8	19	30	79	33	76	6	42	8	29	21	14	15	72	28	12	6	78	75	70	14	32	37	43	9	29	73	62	7	41	57	15	9	3	38	78	17	13	17	14	79	71	26	79	20	19	67	66	18	33	78	56	57	3	42	50	10	42	56	49	71	54	75	23	64	72	67	35	38	3	0	24	27	70	36	5	79	2	16	77	3	57	5	15	72	12	68	78	48	75	29	42	44	40	34	4	11	51	52	77	0	46	4	22	11	41	67	32	14	38	2	60	73	22	33	44	13	73	2	63	76	33	7	71	37	62	46	22	44	34	75	43	63	30	14	9	65	2	7	0	34	70	59	39	72	59	63	74	10	30	38	40	69	43	28	63	22	63	47	76	57	8	59	59	13	18	62	11	62	74	68	71	9	13	74	13	42	41	47	73	16	10	45	26	55	13	4	75	44	63	30	74	76	30	43	35	20	6	53	37	65	52	44	59	48	5	58	67	78	71	15	10	7	6	38	28	58	79	60	39	35	32	79	8	79	5	27	76	43	59	30	32	52	31	68	48	34	12	18	2	10	53	18	17	36	31	0	15	3	67	33	11	0	66	50	61	73	0	60	51	53	10	38	25	66	38	71	69	69	2	33	26	4	79	34	73	68	36	75	62	77	25	46	76	12	44	2	65	33	74	57	13	59	76	59	67	73	69	67	6	12	20	78	50	51	53	10	58	77	11	19	3	25	30	17	35	61	25	53	43	49	23	15	60	78	60	52	79	8	78	24	57	35	61	57	20	71	1	54	40	5	34	6	58	11	61	8	58	56	58	52	72	27	6	14	53	0	23	77	39	3	12	22	23	4	54	17	14	8	26	59	21	54	72	50	64	17	48	54	70	27	38	56	61	14	70	52	65	73	54	2	9	66	63	52	26	71	18	4	51	57	17	19	13	67	73	40	28	24	60	58	37	70	1	77	33	11	68	37	59	41	51	58	72	47	66	48	11	34	59	76	59	69	10	28	41	50	73	65	63	61	42	67	65	67	31	78	73	10	14	68	73	67	79	62	44	72	53	49	52	43	46	5	59	8	2	54	39	53	18	65	48	8	14	13	31	76	45	6	37	77	42	12	73	20	21	65	68	54	35	51	48	74	44	47	30	63	8	42	69	8	31	75	1	16	1	64	42	55	5	72	33	22	10	23	40	79	49	4	10	29	7	62	43	60	71	32	2	36	26	67	70	18	47	54	74	17	23	18	32	8	51	72	57	78	79	5	40	10	22	48	15	50	68	64	34	51	16	11	16	11	24	59	5	74	49	47	24	0	14	66	40	45	46	73	22	32	41	12	16	73	1	66	22	49	19	3	50	16	69	32	0	76	29	74	0	61	10	56	63	25	57	36	23	38	39	11	67	25	31	59	1	48	63	41	70	45	38	69	58	35	62	12	27	68	9	8	21	29	66	76	74	20	72	40	0	74	16	58	45	77	2	64	57	49	19	35	35	41	49	47	56	77	22	36	18	19	6	53	45	30	17	77	59	34	14	62	61	19	28	9	22	61	57	29	5	61	1	5	22	49	2	63	70	4	45	73	39	44	58	41	61	25	39	54	69	73	44	71	64	54	44	68	37	59	10	67	6	59	18	52	26	44	58	43	3	42	27	26	26	78	14	13	72	65	13	58	22	44	5	61	28	4	43	35	3	53	79	15	4	28	28	67	65	38	0	36	14	16	1	13	3	21	9	56	17	39	64	79	54	65	20	17	15	71	74	14	19	69	30	65	73	45	22	4	46	41	11	17	45	36	7	9	10	6	41	28	5	3	50	40	8	54	49	16	51	60	12	23	6	66	32	35	41	45	19	32	73	19	62	28	62	58	26	43	56	44	50	79	50	27	46	25	79	16	21	74	36	39	68	44	24	2	54	14	72	43	42	14	13	46	12	25	25	65	25	62	66	50	6	24	9	48	20	60	5	37	29	73	72	22	19	12	44	37	15	32	29	79	74	74	14	42	40	47	39	22	63	59	0	45	69	15	13	13	68	40	1	77	39	12	0	20	49	26	42	30	0	30	34	36	30	64	12	61	75	49	61	2	42	59	36	37	36	14	30	76	15	72	50	79	31	67	1	43	60	18	50	53	28	23	70	55	16	52	54	61	79	45	75	20	53	68	79	21	4	1	33	46	79	31	29	2	33	0	39	7	29	54	69	19	10	49	78	39	15	24	63	32	4	36	0	34	68	53	43	69	71	21	40	21	76	34	0	50	6	16	66	74	13	67	17	10	23	26	21	10	34	2	2	50	3	43	44	14	32	59	36	70	26	52	11	62	19	0	78	42	13	63	71	7	1	10	79	46	56	33	25	60	23	60	72	3	50	54	45	1	63	78	16	40	68	23	70	2	55	21	61	30	32	32	62	4	56	55	0	52	72	75	79	55	64	30	21	31	57	31	7	43	73	41	53	24	74	32	25	35	21	47	40	79	28	42	28	0	39	51	49	9	52	46	73	54	73	50	8	14	3	19	68	12	19	74	60	36	31	35	17	71	40	0	67	37	16	17	19	49	22	71	48	69	59	62	26	45	53	34	34	43	59	30	15	45	65	63	29	58	73	1	10	73	37	62	66	3	21	40	14	48	29	73	3	71	16	79	77	76	16	44	46	4	66	73	68	15	76	68	38	51	60	13	70	46	1	1	31	30	8	65	57	5	77	14	46	31	78	79	39	65	22	18	48	25	66	3	71	70	0	14	58	3	10	61	78	42	7	33	48	19	35	34	11	43	75	9	68	2	28	71	73	55	19	8	18	19	20	73	72	59	4	49	32	4	57	48	55	25	41	53	47	56	42	20	2	72	58	32	4	62	50	60	50	6	7	11	41	5	29	20	69	34	53	23	60	2	10	6	6	39	13	49	79	41	64	26	35	22	52	78	53	69	60	17	3	16	24	32	10	30	73	15	50	37	19	27	4	59	70	73	33	38	3	42	47	74	1	5	9	47	45	29	52	53	33	11	68	49	59	8	74	39	74	70	57	43	62	60	38	1	48	61	13	67	42	64	30	16	3	47	56	74	13	36	35	51	41	71	74	46	11	23	17	26	3	19	68	28	15	7	74	57	58	72	9	33	6	43	5	4	0	9	4	40	37	71	0	46	48	65	55	13	4	6	27	15	46	20	10	25	36	14	24	71	41	74	50	33	15	13	47	62	9	28	52	33	29	76	36	79	31	18	6	31	6	68	47	20	51	25	13	2	66	63	63	56	24	8	38	1	55	63	16	6	74	33	36	64	62	70	47	58	12	64	72	16	25	49	62	75	21	2	2	67	52	15	52	73	20	32	29	1	66	40	4	0	70	61	35	58	24	55	18	26	25	21	7	61	29	75	45	77	46	50	53	62	56	76	2	18	17	53	60	38	62	73	58	47	43	79	24	19	27	35	63	67	33	29	67	28	76	47	25	77	51	31	46	33	31	9	4	57	75	42	7	14	7	63	41	49	52	53	21	60	17	3	51	32	19	47	46	57	68	72	64	27	60	18	57	62	49	5	13	1	55	31	15	16	79	43	28	22	70	17	54	58	23	26	18	33	1	10	76	52	30	52	49	60	66	51	12	36	47	17	2	63	75	23	8	6	39	0	73	1	71	48	14	35	67	39	16	48	50	38	78	13	44	30	75	34	15	53	31	52	23	27	59	22	30	11	53	66	5	75	11	38	50	10	38	28	23	7	25	13	73	4	73	9	37	60	74	9	40	68	56	53	5	32	4	28	18	9	30	69	55	46	35	25	33	4	57	76	10	37	79	54	71	1	59	68	43	32	7	66	68	20	30	10	78	11	6	75	31	63	19	57	6	76	53	23	11	7	47	21	20	10	20	29	34	76	62	40	63	44	53	58	75	41	74	33	29	33	7	38	61	3	60	78	39	76	73	63	33	33	12	14	61	7	13	31	26	64	23	20	41	13	43	78	68	42	44	65	69	71	50	26	50	19	76	55	75	57	53	21	54	19	69	77	1	15	48	79	2	46	42	55	16	42	55	8	58	32	68	30	35	63	23	48	65	58	65	38	17	59	65	20	36	14	67	59	1	17	40	0	31	78	52	27	49	23	12	65	26	7	52	72	28	58	55	38	29	27	42	52	72	23	78	33	75	55	10	1	57	7	28	22	29	71	30	35	11	68	57	62	40	64	16	49	23	7	54	68	76	12	71	76	76	67	51	68	31	26	35	65	59	66	12	58	43	75	78	65	43	7	74	75	21	73	34	29	40	79	76	37	77	52	53	16	11	9	5	18	37	13	12	67	29	64	79	31	18	31	17	3	40	35	4	69	7	32	28	28	31	29	34	10	7	52	24	49	64	16	27	34	76	26	32	39	31	25	20	32	13	50	55	37	8	53	38	66	26	16	16	56	29	13	69	20	63	3	23	17	14	60	32	4	25	47	18	7	40	44	9	78	39	25	7	61	63	16	52	55	17	21	32	20	69	26	15	35	57	55	1	19	0	13	71	54	51	58	45	18	30	25	16	72	53	10	17	14	15	39	11	28	54	57	6	12	20	9	29	57	53	55	13	58	64	58	62	50	45	4	55	26	11	69	36	45	76	28	33	46	20	59	58	74	20	59	45	75	43	27	35	45	50	27	21	25	7	57	32	22	26	51	36	64	31	62	45	37	73	8	74	18	50	43	11	12	60	61	50	36	43	67	32	52	8	53	50	25	79	13	77	77	5	50	59	22	76	10	59	63	1	18	38	5	34	45	41	59	25	13	30	68	21	67	41	66	36	42	66	9	20	16	12	21	66	48	51	18	75	1	24	52	0	41	18	10	29	66	33	25	60	54	79	19	4	41	18	6	41	72	50	24	8	17	75	41	33	8	55	10	2	3	40	44	79	68	31	44	2	42	43	67	64	43	0	35	25	75	57	6	35	0	45	78	66	13	10	37	40	68	50	42	4	62	16	
19	5	11	8	7	12	15	19	18	11	12	1	5	7	11	11	4	17	2	9	5	14	17	16	1	19	13	10	1	13	7	15	17	2	1	13	19	9	15	9	8	12	2	7	9	4	3	8	6	18	4	18	1	7	5	2	7	12	19	16	5	19	8	18	20	3	20	8	8	6	20	7	3	17	5	14	10	10	17	11	5	16	3	9	3	17	2	5	3	11	11	3	19	1	17	13	7	13	3	11	14	17	14	11	3	8	13	5	12	13	11	19	17	15	8	5	1	20	13	5	19	6	11	16	13	16	8	13	20	17	20	12	16	8	16	4	20	12	18	6	15	4	2	20	11	7	1	2	20	16	4	2	20	6	9	5	1	9	8	15	1	5	14	17	12	1	12	9	6	8	8	20	11	1	14	14	9	8	4	20	17	12	17	17	3	16	18	15	9	13	5	10	1	8	13	19	12	6	5	8	19	8	13	17	14	7	18	20	15	20	5	13	7	19	7	10	7	19	14	3	11	4	6	13	13	19	16	18	17	20	9	3	13	2	11	16	6	20	9	6	17	17	10	11	2	16	2	3	3	8	7	20	5	20	12	18	13	6	12	19	11	4	7	11	5	5	10	12	19	19	18	2	4	16	7	6	8	12	13	4	1	4	2	1	9	3	9	12	6	5	1	7	13	13	11	9	2	5	10	8	11	15	9	14	10	7	8	16	3	10	8	11	2	13	10	1	15	11	16	15	10	13	10	9	3	8	9	14	2	5	10	2	7	13	1	1	10	13	10	6	4	6	10	7	10	13	7	11	12	5	10	6	9	6	14	12	12	16	3	1	16	13	10	6	9	6	6	8	15	6	14	11	11	9	13	15	5	4	9	4	6	7	16	11	7	6	12	11	9	1	13	7	7	5	3	7	16	8	2	10	1	10	11	4	2	13	16	3	2	16	4	10	13	10	3	14	2	7	10	13	6	7	10	3	13	10	7	8	4	10	15	11	5	9	6	15	9	3	3	14	3	14	15	10	2	1	12	1	4	5	11	16	9	1	12	2	12	6	6	12	7	14	4	15	2	10	4	2	12	15	1	16	16	3	10	6	4	6	16	8	11	16	2	4	4	11	11	9	11	5	4	4	11	1	16	15	14	4	11	8	4	11	1	8	4	1	8	9	3	9	1	4	13	8	16	13	11	16	7	14	1	16	10	2	4	7	13	8	5	11	15	10	13	1	16	6	8	13	5	7	10	6	14	4	7	8	6	8	7	8	3	7	7	5	16	16	8	6	10	9	4	1	5	12	15	16	2	13	11	7	11	8	12	8	2	8	11	16	10	8	4	13	6	14	10	3	7	2	11	6	15	4	8	11	16	12	2	5	10	14	15	8	7	12	4	7	12	3	13	2	5	14	15	2	3	10	6	4	10	10	9	3	13	11	12	12	12	6	13	4	10	2	10	1	15	7	1	8	8	5	4	4	16	12	9	1	4	1	9	11	8	3	3	3	7	12	11	1	2	6	9	12	12	8	16	5	5	3	16	8	14	11	16	4	8	8	5	15	5	8	15	6	2	9	14	7	9	4	11	9	2	7	16	6	10	3	10	14	4	14	11	2	16	1	10	6	10	11	14	1	1	6	14	6	13	7	9	9	16	6	10	11	2	1	8	1	12	3	9	13	12	6	2	16	10	3	11	2	9	3	11	7	7	3	9	9	8	10	3	2	13	8	7	13	10	12	6	1	8	10	9	13	5	9	1	1	15	3	2	3	1	12	15	3	7	7	16	1	10	8	7	8	12	6	7	10	5	12	7	2	7	13	2	12	6	2	3	12	1	11	3	13	10	8	13	14	13	11	13	11	4	6	13	1	13	9	8	6	1	16	14	9	5	5	13	11	7	8	1	10	16	9	1	8	5	15	5	9	3	10	9	6	3	15	7	3	7	7	5	7	11	9	8	14	5	4	1	10	12	1	9	16	4	2	1	8	5	14	5	7	8	14	13	9	3	7	14	16	5	2	16	12	6	6	13	15	13	4	2	12	10	7	12	15	12	10	11	15	2	5	10	2	10	16	7	14	6	5	13	8	6	12	4	4	5	3	15	10	12	8	5	1	1	13	9	16	9	3	1	13	2	2	7	13	12	15	1	6	16	9	15	12	4	11	5	11	1	14	7	8	11	8	15	2	10	12	6	12	2	13	4	13	4	7	15	14	6	10	9	12	13	16	12	1	1	14	11	3	7	6	5	9	2	12	3	15	14	1	8	9	15	15	5	13	4	1	3	3	15	9	3	10	9	13	1	16	14	1	13	7	5	16	14	1	8	14	3	13	16	14	2	3	13	8	2	1	10	15	12	9	11	10	2	3	11	15	3	6	11	3	3	6	9	14	13	15	6	10	3	4	15	6	14	6	1	8	10	8	10	4	10	10	12	4	12	1	11	11	1	7	13	1	11	8	13	3	3	10	10	9	10	15	16	11	1	16	14	16	14	10	8	4	11	12	9	3	11	9	2	4	3	3	8	3	14	15	1	13	15	3	11	16	1	2	9	7	10	4	13	13	16	16	6	11	16	3	4	7	2	12	8	11	13	4	13	7	7	16	3	12	13	6	13	3	2	8	8	12	11	7	1	8	11	3	5	12	10	3	14	5	13	12	16	7	7	10	8	8	7	10	6	13	6	15	1	4	4	11	1	13	16	2	7	11	9	9	14	6	15	7	16	16	9	1	12	5	16	11	14	13	13	16	7	5	11	16	13	6	13	13	10	8	12	13	16	13	12	12	15	4	15	5	10	3	5	7	9	7	2	6	3	16	7	6	6	2	5	16	4	12	11	11	15	10	12	8	13	16	10	8	14	12	8	1	2	11	4	3	16	9	7	14	7	16	16	5	14	9	9	14	5	4	2	4	7	15	11	7	16	6	11	3	10	13	1	5	10	4	2	16	2	2	15	7	8	5	6	1	15	11	4	5	8	10	11	11	3	3	9	8	12	8	4	3	11	8	6	2	14	12	16	12	10	9	13	4	13	1	4	15	3	11	16	12	15	4	4	8	2	12	14	7	7	5	2	13	7	16	13	14	7	14	5	16	7	12	6	10	12	10	8	11	5	4	15	2	8	4	1	14	11	2	15	16	15	3	5	5	16	13	11	9	11	16	4	6	12	15	12	10	15	1	16	3	14	13	16	9	1	7	2	5	7	7	10	3	4	12	13	7	14	5	9	3	12	13	16	13	6	11	3	3	14	10	10	1	2	13	13	2	13	1	13	1	9	15	13	7	14	5	3	10	14	12	8	5	16	8	5	6	12	15	7	3	7	14	4	5	13	11	8	10	1	3	9	3	9	4	14	7	5	7	11	12	10	3	2	7	3	9	12	12	7	13	14	4	12	2	5	6	11	13	15	14	9	10	5	9	7	6	16	5	6	8	7	7	14	11	12	15	11	4	11	6	7	10	7	4	16	13	12	12	9	6	7	16	7	2	2	13	3	3	2	5	6	14	9	5	6	6	15	13	16	1	12	6	12	16	14	6	12	13	14	12	16	3	5	10	13	13	1	8	4	11	10	13	16	3	15	16	6	4	4	2	12	1	4	5	7	3	3	9	7	12	16	9	9	2	3	14	8	5	3	6	8	12	4	10	3	4	8	11	6	2	14	4	9	10	11	7	8	4	11	16	10	3	2	15	9	8	6	8	8	6	15	15	6	7	9	8	10	5	11	13	4	9	8	11	12	4	10	12	6	14	9	5	1	8	5	9	8	1	16	8	8	11	13	2	3	7	2	16	15	1	8	5	6	8	15	3	6	5	13	14	5	2	15	5	11	2	7	12	5	12	2	3	6	3	14	6	2	13	4	5	5	10	9	7	16	3	2	16	16	9	15	11	14	10	13	2	3	13	6	5	9	13	1	1	11	16	6	16	3	16	14	4	5	2	15	16	10	8	4	2	6	16	15	8	7	1	4	5	9	4	16	6	13	2	2	2	1	3	8	7	5	14	10	5	3	13	11	14	4	5	4	5	7	4	16	8	4	3	1	11	8	16	16	13	14	1	1	5	13	15	12	15	5	3	8	4	12	14	11	2	7	1	1	5	15	10	5	13	1	4	2	6	2	9	7	5	7	16	9	9	14	12	14	10	16	9	11	15	10	12	6	13	13	9	15	10	12	9	6	2	4	7	5	10	5	14	3	14	13	3	3	15	14	8	12	15	11	12	15	12	10	1	8	12	8	12	14	1	7	8	2	9	14	1	4	3	4	11	8	3	7	5	15	14	10	12	9	4	10	7	15	12	8	1	15	14	10	10	12	9	3	8	1	9	2	10	12	11	2	10	13	4	6	15	1	11	7	9	8	2	14	16	7	10	12	8	1	4	12	4	11	7	13	14	8	10	15	1	14	6	2	14	8	14	10	4	10	4	12	12	1	5	16	3	13	8	4	14	11	11	6	2	5	14	13	5	2	10	12	16	4	15	9	4	15	6	12	2	9	16	11	1	1	2	9	4	13	16	15	3	9	1	1	4	9	14	2	16	16	11	6	7	14	11	4	11	13	16	4	3	7	11	13	13	12	3	7	9	14	13	4	7	12	15	9	6	13	1	4	11	12	11	5	5	11	5	3	11	6	2	3	5	6	1	1	3	7	9	11	12	1	7	3	3	5	15	9	6	12	1	10	13	9	3	1	11	16	13	2	10	16	5	3	15	6	8	15	14	13	3	6	10	2	5	7	4	14	11	11	10	16	11	7	9	1	8	5	5	15	15	6	15	8	3	1	16	8	4	2	15	12	3	9	13	12	5	2	1	7	12	15	1	10	6	2	4	14	16	3	8	6	16	10	15	5	8	4	4	16	14	7	9	12	11	1	4	9	8	9	5	3	8	16	1	4	1	11	9	14	5	14	16	7	6	2	1	8	13	10	6	12	13	3	15	12	4	14	9	14	11	5	1	12	9	13	2	10	4	7	4	14	1	14	5	6	12	10	2	14	2	1	14	6	2	13	4	6	4	14	6	10	4	2	14	11	16	16	16	
720	290	310	780	220	230	880	120	530	610	800	750	790	640	810	120	670	980	910	880	570	840	380	560	850	160	570	940	530	770	390	460	380	860	870	890	840	450	340	770	450	410	370	920	210	890	760	930	860	170	740	630	190	920	550	530	460	700	870	600	890	380	650	420	360	110	990	850	560	920	540	580	960	340	650	690	740	280	610	590	870	990	470	450	180	750	760	850	980	660	310	930	760	220	140	420	470	360	460	270	920	570	910	250	700	150	420	440	150	240	820	650	340	360	720	130	110	750	620	390	150	800	500	790	760	880	430	170	360	440	780	700	600	710	410	240	320	260	200	860	890	420	320	720	730	770	250	960	630	670	730	510	430	690	960	650	640	270	980	290	510	790	570	760	230	110	450	190	470	420	590	690	870	510	380	520	800	900	540	950	710	780	850	870	780	280	820	880	550	380	450	360	120	530	1000	670	850	980	940	290	600	190	790	550	260	970	570	660	640	830	150	130	290	650	690	770	460	580	940	130	950	610	410	920	600	750	850	620	600	790	480	870	930	660	520	940	600	320	370	550	710	320	680	720	660	440	460	190	170	450	690	760	730	900	620	160	780	440	830	130	230	590	940	160	580	730	770	950	300	550	580	140	440	680	690	910	160	720	720	850	780	180	220	930	250	230	100	860	870	360	500	170	410	410	350	660	520	700	140	730	640	180	890	380	140	310	760	420	470	440	840	480	380	770	500	960	410	570	430	770	170	970	400	970	760	570	120	790	890	160	160	870	890	180	310	590	310	260	880	940	230	310	530	410	560	840	430	870	760	980	510	190	500	640	610	990	110	270	860	860	720	950	220	980	500	760	740	700	760	450	100	640	690	450	960	600	270	310	720	330	430	470	690	770	990	570	620	510	120	860	850	260	320	540	100	560	210	620	630	550	720	750	700	450	130	200	690	680	120	220	160	820	730	510	380	960	950	510	950	750	650	620	720	860	420	520	400	980	540	550	760	260	150	130	230	660	300	580	900	420	330	260	590	560	730	150	540	550	420	670	830	330	940	710	970	780	740	890	280	780	240	370	500	280	970	300	1000	880	950	460	420	380	740	320	430	400	760	690	740	540	570	260	800	270	800	290	870	550	820	430	370	880	230	400	200	640	660	160	140	440	950	460	300	450	480	830	680	350	320	220	220	370	300	330	170	820	630	940	120	660	340	390	270	550	310	540	930	490	640	330	860	320	1000	900	670	850	780	180	590	290	650	240	380	400	700	460	430	840	1000	600	160	460	750	750	630	860	460	950	820	670	410	400	170	520	260	630	500	970	570	720	830	790	980	670	470	310	840	430	220	550	770	590	950	120	260	640	500	590	940	810	410	590	680	950	190	110	670	420	640	260	420	230	440	170	160	790	140	110	710	680	120	960	640	160	190	610	210	740	820	570	860	170	690	410	290	740	610	580	120	950	530	530	220	840	600	790	880	990	680	650	860	470	480	850	830	730	140	470	550	600	510	770	600	230	260	440	420	810	300	110	670	330	950	320	710	620	740	850	880	710	350	830	800	950	1000	480	820	910	930	280	580	750	470	900	520	420	160	510	740	180	820	440	800	640	640	350	810	990	960	770	820	490	310	760	830	600	320	640	700	610	120	310	280	970	440	1000	350	490	500	970	480	300	830	340	940	910	260	610	370	730	150	440	330	710	340	300	560	230	920	100	340	560	240	270	870	690	120	170	920	920	600	490	300	470	230	970	300	870	730	400	590	870	520	670	550	480	770	520	560	680	650	220	220	790	740	420	560	110	810	670	750	220	490	120	940	340	140	810	590	910	710	460	410	950	430	270	470	790	820	480	1000	210	530	670	950	270	300	500	250	120	280	390	370	740	220	990	540	210	310	240	250	730	1000	200	880	480	350	490	260	340	770	350	150	150	110	300	260	500	100	370	300	880	580	820	1000	850	580	850	400	940	930	860	390	710	970	1000	210	780	430	240	230	130	180	830	390	550	1000	930	620	930	310	210	390	660	520	220	600	640	810	900	880	360	580	570	540	850	560	350	960	400	550	750	130	670	110	390	750	570	930	150	190	540	860	400	890	290	260	670	830	440	930	530	430	910	200	660	600	510	450	480	990	960	450	690	590	440	240	300	500	940	890	160	460	680	710	930	440	160	880	310	390	190	340	580	840	430	230	760	280	880	510	560	850	540	860	790	900	400	220	550	380	750	570	560	190	500	640	460	110	520	950	650	550	970	540	450	410	220	130	160	430	760	950	810	120	790	100	250	890	360	770	810	190	300	240	490	350	680	710	620	920	870	790	520	710	820	740	260	810	260	800	380	200	530	990	110	820	690	350	480	440	280	600	640	700	760	300	850	840	670	780	670	110	430	870	240	620	620	140	910	140	720	920	760	530	600	230	500	550	810	710	190	110	650	830	960	410	420	670	520	130	520	310	740	350	460	730	810	420	920	730	180	480	210	700	640	150	600	950	340	660	1000	670	780	690	410	740	110	440	740	680	920	100	240	860	870	580	990	210	720	610	200	630	810	220	850	740	850	530	900	680	370	340	450	100	970	840	760	210	150	230	490	140	130	670	810	490	220	190	400	900	740	200	780	940	400	400	910	640	450	230	490	780	820	170	520	860	340	730	410	1000	500	940	370	240	790	600	230	870	570	390	310	740	290	120	710	560	600	280	500	900	390	890	360	140	150	220	310	340	350	670	400	990	180	900	740	770	420	400	550	640	590	630	480	680	830	320	680	240	850	270	690	150	810	410	480	280	640	140	700	770	180	680	610	730	770	980	220	980	960	220	820	280	1000	570	180	720	160	550	800	600	760	530	570	450	790	810	920	350	180	880	550	410	340	290	220	340	490	140	350	990	930	600	860	460	170	610	460	910	280	570	230	270	600	490	170	410	250	590	730	440	340	210	540	490	720	360	450	360	880	160	620	480	640	140	400	710	690	520	810	380	590	890	700	220	780	490	620	260	890	900	260	950	220	590	980	430	120	620	850	520	230	530	390	580	950	220	390	690	780	730	580	430	440	1000	970	710	100	460	440	140	130	930	760	950	670	510	390	410	780	650	450	380	980	480	340	950	430	400	250	730	320	570	670	170	890	390	970	690	510	310	590	130	580	260	820	160	240	120	150	680	250	690	250	880	680	370	670	950	580	360	990	990	880	280	100	980	130	990	630	270	170	540	450	260	310	760	430	610	1000	950	590	990	520	170	260	210	500	890	200	360	600	690	680	610	500	200	550	950	410	120	500	970	660	290	200	650	600	160	350	670	340	300	580	740	760	160	580	210	640	820	340	290	140	460	460	860	930	820	140	200	510	520	120	640	740	730	280	860	460	560	790	480	670	220	530	800	360	910	870	330	870	200	900	640	930	780	350	820	700	240	630	460	330	740	570	850	930	200	170	740	250	750	630	160	460	990	750	240	120	660	180	310	140	870	640	510	210	160	950	140	590	850	750	820	900	380	940	510	580	510	760	490	540	550	910	720	190	220	940	150	200	520	870	120	440	710	770	770	430	490	270	530	210	590	190	530	100	890	500	730	650	570	770	250	310	560	420	940	230	600	420	790	220	470	370	370	140	690	400	570	390	430	510	710	100	650	220	740	990	650	430	830	370	890	160	230	200	540	840	550	520	850	670	910	750	690	360	830	130	400	990	110	120	660	540	990	430	710	890	670	760	580	740	510	180	130	800	920	910	210	310	580	460	360	680	160	390	750	350	670	290	690	860	520	950	850	790	540	540	380	700	630	240	880	890	470	820	710	630	400	750	490	770	850	140	750	330	1000	540	420	160	130	650	960	210	240	470	310	240	530	470	500	180	420	300	760	460	220	990	210	940	200	450	610	480	700	210	520	150	420	380	210	890	730	780	590	840	470	360	930	340	700	290	770	760	230	590	140	340	730	710	880	110	310	200	580	130	530	720	930	360	450	760	540	500	360	230	270	530	820	290	550	190	140	420	740	330	410	120	550	110	370	580	800	310	860	750	870	340	110	1000	130	930	950	470	320	140	540	360	990	910	640	620	160	250	230	220	620	740	180	160	1000	330	860	860	710	170	850	920	850	620	460	780	350	320	470	810	860	200	270	390	290	230	330	680	950	590	640	250	680	250	290	1000	590	390	330	230	350	270	750	1000	650	350	290	870	970	420	940	220	780	410	280	460	930	230	120	410	560	730	980	450	250	410	230	170	450	950	730	360	800	310	840	580	660	470	540	340	180	860	790	900	810	230	860	550	950	520	550	960	670	730	820	730	240	120	970	950	710	730	380	790	600	760	460	820	370	960	320	360	500	830	780	900	220	500	950	800	120	140	960	190	580	720	730	790	460	590	510	890	400	430	180	840	640	450	610	120	540	160	450	510	540	470	500	680	240	480	210	690	300	530	220	130	660	120	500	620	780	560	700	740	910	150	800	440	540	190	240	640	320	630	880	870	570	610	720	260	630	340	930	790	260	600	370	240	450	480	690	830	990	430	370	820	360	930	370	950	750	750	230	300	930	300	980	600	290	120	120	990	260	270	550	890	640	680	180	840	680	1000	430	560	910	790	690	240	530	660	960	620	350	860	760	530	420	230	470	210	870	460	800	460	620	870	980	930	150	680	580	270	550	640	940	600	820	510	490	710	440	770	160	440	330	860	920	170	600	480	390	970	820	540	1000	740	520	370	500	860	130	930	450	570	640	160	160	430	660	310	300	850	820	470	330	320	100	240	860	200	940	600	150	800	910	490	620	830	780	580	370	330	480	500	980	270	260	620	940	330	210	710	580	140	590	260	720	580	860	650	180	170	680	960	220	370	790	890	810	650	590	620	830	400	830	550	540	1000	200	150	590	880	340	1000	500	190	650	140	480	210	840	350	300	160	940	980	750	280	710	390	120	590	950	120	990	120	230	310	450	480	380	400	560	370	660	160	690	630	940	650	950	190	480	220	340	920	990	960	960	350	330	490	500	210	860	790	610	390	300	930	280	620	180	250	960	520	290	370	410	720	230	1000	560	420	420	850	970	570	630	460	270	580	590	870	660	660	980	670	690	460	530	970	260	760	
10
