2212
80
2
70
0	0	192	192	192	0	0	192	0	0	192	0	0	0	0	0	0	0	0	192	0	0	0	0	0	0	0	0	0	0	192	0	0	0	0	0	0	0	0	0	0	0	0	0	0	192	0	0	0	0	0	0	0	0	0	0	0	0	0	0	192	0	0	0	0	0	192	0	0	0	0	0	0	0	0	0	0	192	0	0	
0	0	0	0	0	0	0	0	0	0	0	0	0	0	0	0	0	0	0	0	0	0	0	0	0	0	0	0	0	0	0	0	192	0	0	0	0	0	0	0	0	0	0	0	0	0	0	0	0	0	0	0	0	0	0	0	0	0	0	0	0	0	0	0	0	0	192	0	0	0	0	0	0	0	0	0	0	0	0	0	
192	0	0	0	0	0	0	0	0	0	0	0	0	0	0	0	192	0	0	0	0	0	0	0	0	0	0	0	0	0	0	0	0	0	0	0	0	0	0	0	0	0	0	0	0	0	0	0	0	0	0	192	0	0	0	0	0	0	0	0	0	0	0	0	0	0	0	0	0	0	0	0	0	0	0	0	0	0	0	0	
192	0	0	0	0	0	0	0	0	0	0	0	0	0	0	0	0	0	0	0	0	0	0	0	0	0	0	0	192	0	0	0	0	0	0	0	0	0	0	0	0	0	0	0	0	0	0	0	0	0	0	0	0	0	0	0	0	0	0	0	0	0	0	0	0	0	0	0	0	0	0	0	0	0	0	0	0	0	0	192	
192	0	0	0	0	0	0	0	0	0	0	0	0	0	0	0	0	0	192	0	0	0	0	0	0	0	0	0	0	0	0	0	0	0	0	0	0	0	0	0	0	0	0	0	0	0	0	0	0	0	0	0	0	0	0	0	0	0	0	0	0	0	0	0	0	0	0	0	0	192	0	0	0	0	0	0	0	0	0	0	
0	0	0	0	0	0	0	0	0	0	0	0	192	0	0	0	0	192	0	0	0	0	0	0	0	0	0	0	0	0	0	0	0	0	0	0	0	0	0	0	0	0	0	0	0	0	0	0	0	0	0	0	0	0	0	0	0	0	0	0	0	0	0	0	0	0	0	0	0	0	0	0	0	0	0	0	0	0	0	0	
0	0	0	0	0	0	0	0	0	0	0	0	0	0	0	0	0	0	0	0	0	0	0	0	0	0	0	0	0	0	0	0	0	0	0	0	0	192	0	0	0	0	0	0	0	0	0	192	0	0	0	0	0	0	0	0	0	0	0	0	0	0	0	0	0	0	0	0	0	0	0	0	0	0	0	0	0	0	0	0	
192	0	0	0	0	0	0	0	0	0	0	0	0	0	0	0	0	0	0	0	0	0	0	0	0	0	0	0	0	0	0	0	0	0	192	0	0	0	0	0	0	0	0	0	0	0	0	0	0	0	0	0	0	0	0	0	0	0	0	0	0	0	0	0	0	0	0	0	0	0	0	0	0	0	0	0	192	0	0	0	
0	0	0	0	0	0	0	0	0	0	0	0	192	0	0	0	0	0	0	0	0	0	0	0	0	0	0	0	0	0	0	0	0	0	0	0	0	0	0	0	0	0	0	0	0	0	0	0	0	0	0	0	0	0	0	0	0	0	0	0	0	0	192	0	0	0	0	0	0	0	0	0	0	0	0	0	0	0	0	0	
0	0	0	0	0	0	0	0	0	0	0	0	0	0	0	0	0	0	0	0	0	0	0	0	0	0	192	0	0	0	0	0	0	0	0	0	0	0	0	0	0	0	0	0	0	0	0	0	0	0	0	0	0	192	0	0	0	0	0	0	0	0	0	0	0	0	0	0	0	0	0	0	0	0	0	0	0	0	0	0	
192	0	0	0	0	0	0	0	0	0	0	0	0	0	0	192	0	0	0	0	0	0	0	0	0	0	0	0	0	0	0	0	0	0	0	0	0	0	0	0	0	0	0	0	0	0	0	0	0	0	0	0	0	0	0	0	0	0	192	0	0	0	0	0	0	0	0	0	0	0	0	0	0	0	0	0	0	0	0	0	
0	0	0	0	0	0	0	0	0	0	0	0	0	0	0	0	0	0	0	0	0	0	0	192	0	0	0	0	0	0	0	0	0	0	0	0	0	0	0	0	0	0	0	0	0	0	0	0	0	0	0	0	0	0	0	0	0	0	0	0	0	0	0	0	0	0	0	0	0	0	0	192	0	0	0	0	0	0	0	0	
0	0	0	0	0	192	0	0	192	0	0	0	0	0	0	0	0	0	0	0	0	0	0	0	0	0	0	0	0	0	0	0	0	0	0	0	0	0	0	0	0	0	0	0	0	0	0	0	0	0	0	0	0	0	0	0	0	0	0	0	0	0	0	0	0	0	0	0	0	0	0	0	0	0	0	0	0	0	0	0	
0	0	0	0	0	0	0	0	0	0	0	0	0	0	0	0	0	0	0	0	0	0	0	0	0	192	192	0	0	0	0	0	0	0	0	0	0	0	0	0	0	0	0	0	0	0	0	0	0	0	0	0	0	0	0	0	0	0	0	0	0	0	0	0	0	0	0	0	0	0	0	0	0	0	0	0	0	0	0	0	
0	0	0	0	0	0	0	0	0	0	0	0	0	0	0	0	192	0	0	0	0	0	0	0	0	0	0	0	0	0	0	0	0	0	0	0	0	0	0	0	0	0	0	0	0	0	0	0	0	0	0	192	0	0	0	0	0	0	0	0	0	0	0	0	0	0	0	0	0	0	0	0	0	0	0	0	0	0	0	0	
0	0	0	0	0	0	0	0	0	0	192	0	0	0	0	0	0	0	0	0	0	0	0	0	0	0	0	0	0	0	0	0	0	0	0	0	0	0	0	0	0	0	0	0	0	0	192	0	0	0	0	0	0	0	0	0	0	0	0	0	0	0	0	0	0	0	0	0	0	0	0	0	0	0	0	0	0	0	0	0	
0	0	192	0	0	0	0	0	0	0	0	0	0	0	192	0	0	0	0	0	0	0	0	0	0	0	0	0	0	0	0	0	0	0	0	0	0	0	0	0	0	0	0	0	0	0	0	0	0	0	0	0	0	0	0	0	0	0	0	0	0	0	0	0	0	0	0	0	0	0	0	0	0	0	0	0	0	0	0	0	
0	0	0	0	0	192	0	0	0	0	0	0	0	0	0	0	0	0	0	0	0	0	0	0	0	0	0	0	0	0	0	0	0	0	0	0	0	0	0	0	0	0	0	0	0	0	0	0	0	0	0	0	0	192	0	0	0	0	0	0	0	0	0	0	0	0	0	0	0	0	0	0	0	0	0	0	0	0	0	0	
0	0	0	0	192	0	0	0	0	0	0	0	0	0	0	0	0	0	0	0	0	0	0	0	0	0	0	0	0	0	0	0	0	0	0	0	0	0	0	0	0	0	0	0	0	0	0	0	0	0	0	0	0	0	0	0	0	0	0	0	0	0	0	0	0	0	0	0	0	192	0	0	0	0	0	0	0	0	0	0	
192	0	0	0	0	0	0	0	0	0	0	0	0	0	0	0	0	0	0	0	0	0	0	0	0	0	0	0	0	0	0	0	0	0	0	0	0	0	0	0	0	0	0	0	0	0	0	0	0	0	0	0	0	0	0	0	0	0	0	0	0	192	0	0	0	0	0	0	0	0	0	0	0	192	0	0	0	0	0	0	
0	0	0	0	0	0	0	0	0	0	0	0	0	0	0	0	0	0	0	0	0	0	0	0	0	0	0	0	0	0	0	0	0	0	0	0	0	0	0	0	0	0	0	0	0	0	0	0	0	0	192	0	0	0	0	0	0	0	0	0	192	0	0	0	0	0	0	0	0	0	0	0	0	0	0	0	0	0	0	0	
0	0	0	0	0	0	0	0	0	0	0	0	0	0	0	0	0	0	0	0	0	0	0	0	0	0	0	0	0	0	0	0	0	0	0	0	0	0	0	0	0	0	0	0	0	0	0	0	0	0	0	0	0	0	0	0	0	0	0	0	0	192	0	0	0	0	0	0	0	0	0	0	0	192	0	0	0	0	0	0	
0	0	0	0	0	0	0	0	0	0	0	0	0	0	0	0	0	0	0	0	0	0	0	0	0	0	0	0	0	0	0	0	0	0	0	0	0	0	0	0	0	0	0	0	0	0	0	0	0	0	0	0	0	0	192	0	192	0	0	0	0	0	0	0	0	0	0	0	0	0	0	0	0	0	0	0	0	0	0	0	
0	0	0	0	0	0	0	0	0	0	0	192	0	0	0	0	0	0	0	0	0	0	0	0	0	0	0	0	0	0	0	0	0	0	0	0	0	0	0	0	0	0	0	0	0	0	0	192	0	0	0	0	0	0	0	0	0	0	0	0	0	0	0	0	0	0	0	0	0	0	0	0	0	0	0	0	0	0	0	0	
0	0	0	0	0	0	0	0	0	0	0	0	0	0	0	0	0	0	0	0	0	0	0	0	0	0	0	0	0	0	0	0	192	0	0	0	0	0	0	0	0	192	0	0	0	0	0	0	0	0	0	0	0	0	0	0	0	0	0	0	0	0	0	0	0	0	0	0	0	0	0	0	0	0	0	0	0	0	0	0	
0	0	0	0	0	0	0	0	0	0	0	0	0	192	0	0	0	0	0	0	0	0	0	0	0	0	0	0	0	0	0	0	0	0	0	0	0	0	0	0	0	0	0	0	0	0	0	0	0	0	0	0	0	0	0	0	0	0	0	0	0	0	0	0	0	0	0	0	0	0	192	0	0	0	0	0	0	0	0	0	
0	0	0	0	0	0	0	0	0	192	0	0	0	192	0	0	0	0	0	0	0	0	0	0	0	0	0	0	0	0	0	0	0	0	0	0	0	0	0	0	0	0	0	0	0	0	0	0	0	0	0	0	0	0	0	0	0	0	0	0	0	0	0	0	0	0	0	0	0	0	0	0	0	0	0	0	0	0	0	0	
0	0	0	0	0	0	0	0	0	0	0	0	0	0	0	0	0	0	0	0	0	0	0	0	0	0	0	0	0	0	0	192	0	0	0	0	0	192	0	0	0	0	0	0	0	0	0	0	0	0	0	0	0	0	0	0	0	0	0	0	0	0	0	0	0	0	0	0	0	0	0	0	0	0	0	0	0	0	0	0	
0	0	0	192	0	0	0	0	0	0	0	0	0	0	0	0	0	0	0	0	0	0	0	0	0	0	0	0	0	0	0	0	0	0	0	0	0	0	0	0	0	0	0	0	0	0	0	0	0	0	0	0	0	0	0	0	0	0	0	0	0	0	0	0	0	0	0	0	0	0	0	0	0	0	0	0	0	0	0	192	
0	0	0	0	0	0	0	0	0	0	0	0	0	0	0	0	0	0	0	0	0	0	0	0	0	0	0	0	0	0	0	0	0	0	0	0	0	0	0	0	0	0	0	0	0	0	0	0	0	0	0	0	0	0	0	0	0	0	0	0	0	0	0	0	0	0	0	0	0	0	192	0	192	0	0	0	0	0	0	0	
192	0	0	0	0	0	0	0	0	0	0	0	0	0	0	0	0	0	0	0	0	0	0	0	0	0	0	0	0	0	0	0	0	0	0	0	0	0	0	0	0	0	0	0	0	0	0	0	0	0	0	0	0	0	0	0	0	0	0	0	0	0	0	0	0	0	0	0	192	0	0	0	0	0	0	0	0	0	192	0	
0	0	0	0	0	0	0	0	0	0	0	0	0	0	0	0	0	0	0	0	0	0	0	0	0	0	0	192	0	0	0	0	0	0	0	0	0	0	0	0	0	0	0	0	0	0	0	0	0	0	0	0	0	0	0	0	0	0	0	192	0	0	0	0	0	0	0	0	0	0	0	0	0	0	0	0	0	0	0	0	
0	192	0	0	0	0	0	0	0	0	0	0	0	0	0	0	0	0	0	0	0	0	0	0	192	0	0	0	0	0	0	0	0	0	0	0	0	0	0	0	0	0	0	0	0	0	0	0	0	0	0	0	0	0	0	0	0	0	0	0	0	0	0	0	0	0	0	0	0	0	0	0	0	0	0	0	0	0	0	0	
0	0	0	0	0	0	0	0	0	0	0	0	0	0	0	0	0	0	0	0	0	0	0	0	0	0	0	0	0	0	0	0	0	0	0	0	0	0	0	0	0	0	0	0	0	0	0	0	192	0	0	0	0	0	0	0	0	0	0	0	0	0	0	0	192	0	0	0	0	0	0	0	0	0	0	0	0	0	0	0	
0	0	0	0	0	0	0	192	0	0	0	0	0	0	0	0	0	0	0	0	0	0	0	0	0	0	0	0	0	0	0	0	0	0	0	0	192	0	0	0	0	0	0	0	0	0	0	0	0	0	0	0	0	0	0	0	0	0	0	0	0	0	0	0	0	0	0	0	0	0	0	0	0	0	0	0	0	0	0	0	
0	0	0	0	0	0	0	0	0	0	0	0	0	0	0	0	0	0	0	0	0	0	0	0	0	0	0	0	0	0	0	0	0	0	0	0	0	0	0	0	0	0	0	0	0	0	0	0	192	0	0	0	0	0	0	0	0	0	0	0	0	0	0	0	0	0	0	0	0	0	0	0	0	0	0	0	0	0	192	0	
0	0	0	0	0	0	0	0	0	0	0	0	0	0	0	0	0	0	0	0	0	0	0	0	0	0	0	0	0	0	0	0	0	0	192	0	0	0	0	0	0	0	0	0	0	0	0	0	0	0	0	0	0	0	0	0	0	0	0	0	0	0	0	0	0	0	0	0	0	0	0	0	0	0	0	0	192	0	0	0	
0	0	0	0	0	0	192	0	0	0	0	0	0	0	0	0	0	0	0	0	0	0	0	0	0	0	0	192	0	0	0	0	0	0	0	0	0	0	0	0	0	0	0	0	0	0	0	0	0	0	0	0	0	0	0	0	0	0	0	0	0	0	0	0	0	0	0	0	0	0	0	0	0	0	0	0	0	0	0	0	
0	0	0	0	0	0	0	0	0	0	0	0	0	0	0	0	0	0	0	0	0	0	0	0	0	0	0	0	0	0	0	0	0	0	0	0	0	0	0	0	0	0	0	192	192	0	0	0	0	0	0	0	0	0	0	0	0	0	0	0	0	0	0	0	0	0	0	0	0	0	0	0	0	0	0	0	0	0	0	0	
0	0	0	0	0	0	0	0	0	0	0	0	0	0	0	0	0	0	0	0	0	0	0	0	0	0	0	0	0	0	0	0	0	0	0	0	0	0	0	0	0	0	0	0	0	0	0	0	0	0	0	0	0	0	0	0	0	0	192	0	0	0	0	0	0	0	0	0	0	0	0	0	0	0	0	192	0	0	0	0	
0	0	0	0	0	0	0	0	0	0	0	0	0	0	0	0	0	0	0	0	0	0	0	0	0	0	0	0	0	0	0	0	0	0	0	0	0	0	0	0	0	0	0	0	0	0	192	0	0	0	0	0	0	0	0	0	0	0	0	0	0	0	0	0	0	192	0	0	0	0	0	0	0	0	0	0	0	0	0	0	
0	0	0	0	0	0	0	0	0	0	0	0	0	0	0	0	0	0	0	0	0	0	0	0	192	0	0	0	0	0	0	0	0	0	0	0	0	0	0	0	0	0	0	0	0	0	0	0	0	192	0	0	0	0	0	0	0	0	0	0	0	0	0	0	0	0	0	0	0	0	0	0	0	0	0	0	0	0	0	0	
0	0	0	0	0	0	0	0	0	0	0	0	0	0	0	0	0	0	0	0	0	0	0	0	0	0	0	0	0	0	0	0	0	0	0	0	0	0	0	0	0	0	0	0	192	0	0	0	0	192	0	0	0	0	0	0	0	0	0	0	0	0	0	0	0	0	0	0	0	0	0	0	0	0	0	0	0	0	0	0	
0	0	0	0	0	0	0	0	0	0	0	0	0	0	0	0	0	0	0	0	0	0	0	0	0	0	0	0	0	0	0	0	0	0	0	0	0	0	192	0	0	0	0	0	0	0	0	0	0	0	0	0	0	0	0	0	0	0	0	0	0	0	192	0	0	0	0	0	0	0	0	0	0	0	0	0	0	0	0	0	
0	0	0	0	0	0	0	0	0	0	0	0	0	0	0	0	0	0	0	0	0	0	0	0	0	0	0	0	0	0	0	0	0	0	0	0	0	0	192	0	0	0	192	0	0	0	0	0	0	0	0	0	0	0	0	0	0	0	0	0	0	0	0	0	0	0	0	0	0	0	0	0	0	0	0	0	0	0	0	0	
192	0	0	0	0	0	0	0	0	0	0	0	0	0	0	0	0	0	0	0	0	0	0	0	0	0	0	0	0	0	0	0	0	0	0	0	0	0	0	0	0	0	0	0	0	0	0	0	0	0	0	0	0	0	0	192	0	0	0	0	0	0	0	192	0	0	0	0	0	0	0	0	0	0	0	0	0	0	0	0	
0	0	0	0	0	0	0	0	0	0	0	0	0	0	0	192	0	0	0	0	0	0	0	0	0	0	0	0	0	0	0	0	0	0	0	0	0	0	0	0	192	0	0	0	0	0	0	0	0	0	0	0	0	0	0	0	0	0	0	0	0	0	0	0	0	0	0	0	0	0	0	0	0	0	0	0	0	0	0	0	
0	0	0	0	0	0	192	0	0	0	0	0	0	0	0	0	0	0	0	0	0	0	0	192	0	0	0	0	0	0	0	0	0	0	0	0	0	0	0	0	0	0	0	0	0	0	0	0	0	0	0	0	0	0	0	0	0	0	0	0	0	0	0	0	0	0	0	0	0	0	0	0	0	0	0	0	0	0	0	0	
0	0	0	0	0	0	0	0	0	0	0	0	0	0	0	0	0	0	0	0	0	0	0	0	0	0	0	0	0	0	0	0	0	192	0	192	0	0	0	0	0	0	0	0	0	0	0	0	0	0	0	0	0	0	0	0	0	0	0	0	0	0	0	0	0	0	0	0	0	0	0	0	0	0	0	0	0	0	0	0	
0	0	0	0	0	0	0	0	0	0	0	0	0	0	0	0	0	0	0	0	0	0	0	0	0	0	0	0	0	0	0	0	0	0	0	0	0	0	0	0	0	192	192	0	0	0	0	0	0	0	0	0	0	0	0	0	0	0	0	0	0	0	0	0	0	0	0	0	0	0	0	0	0	0	0	0	0	0	0	0	
0	0	0	0	0	0	0	0	0	0	0	0	0	0	0	0	0	0	0	0	192	0	0	0	0	0	0	0	0	0	0	0	0	0	0	0	0	0	0	0	0	0	0	0	0	0	0	0	0	0	0	0	192	0	0	0	0	0	0	0	0	0	0	0	0	0	0	0	0	0	0	0	0	0	0	0	0	0	0	0	
0	0	192	0	0	0	0	0	0	0	0	0	0	0	192	0	0	0	0	0	0	0	0	0	0	0	0	0	0	0	0	0	0	0	0	0	0	0	0	0	0	0	0	0	0	0	0	0	0	0	0	0	0	0	0	0	0	0	0	0	0	0	0	0	0	0	0	0	0	0	0	0	0	0	0	0	0	0	0	0	
0	0	0	0	0	0	0	0	0	0	0	0	0	0	0	0	0	0	0	0	0	0	0	0	0	0	0	0	0	0	0	0	0	0	0	0	0	0	0	0	0	0	0	0	0	0	0	0	0	0	192	0	0	0	192	0	0	0	0	0	0	0	0	0	0	0	0	0	0	0	0	0	0	0	0	0	0	0	0	0	
0	0	0	0	0	0	0	0	0	192	0	0	0	0	0	0	0	192	0	0	0	0	0	0	0	0	0	0	0	0	0	0	0	0	0	0	0	0	0	0	0	0	0	0	0	0	0	0	0	0	0	0	0	0	0	0	0	0	0	0	0	0	0	0	0	0	0	0	0	0	0	0	0	0	0	0	0	0	0	0	
0	0	0	0	0	0	0	0	0	0	0	0	0	0	0	0	0	0	0	0	0	0	192	0	0	0	0	0	0	0	0	0	0	0	0	0	0	0	0	0	0	0	0	0	0	0	0	0	0	0	0	0	192	0	0	0	0	0	0	0	0	0	0	0	0	0	0	0	0	0	0	0	0	0	0	0	0	0	0	0	
0	0	0	0	0	0	0	0	0	0	0	0	0	0	0	0	0	0	0	0	0	0	0	0	0	0	0	0	0	0	0	0	0	0	0	0	0	0	0	0	0	0	0	0	0	192	0	0	0	0	0	0	0	0	0	0	0	0	0	0	0	0	0	192	0	0	0	0	0	0	0	0	0	0	0	0	0	0	0	0	
0	0	0	0	0	0	0	0	0	0	0	0	0	0	0	0	0	0	0	0	0	0	192	0	0	0	0	0	0	0	0	0	0	0	0	0	0	0	0	0	0	0	0	0	0	0	0	0	0	0	0	0	0	0	0	0	0	0	0	192	0	0	0	0	0	0	0	0	0	0	0	0	0	0	0	0	0	0	0	0	
0	0	0	0	0	0	0	0	0	0	0	0	0	0	0	0	0	0	0	0	0	0	0	0	0	0	0	0	0	0	0	0	0	0	0	0	0	0	0	0	0	0	0	0	0	0	0	0	0	0	0	0	0	0	0	0	0	0	0	0	0	0	0	0	192	0	0	192	0	0	0	0	0	0	0	0	0	0	0	0	
0	0	0	0	0	0	0	0	0	0	192	0	0	0	0	0	0	0	0	0	0	0	0	0	0	0	0	0	0	0	0	0	0	0	0	0	0	0	0	192	0	0	0	0	0	0	0	0	0	0	0	0	0	0	0	0	0	0	0	0	0	0	0	0	0	0	0	0	0	0	0	0	0	0	0	0	0	0	0	0	
0	0	0	0	0	0	0	0	0	0	0	0	0	0	0	0	0	0	0	0	0	0	0	0	0	0	0	0	0	0	0	192	0	0	0	0	0	0	0	0	0	0	0	0	0	0	0	0	0	0	0	0	0	0	0	0	192	0	0	0	0	0	0	0	0	0	0	0	0	0	0	0	0	0	0	0	0	0	0	0	
192	0	0	0	0	0	0	0	0	0	0	0	0	0	0	0	0	0	0	0	192	0	0	0	0	0	0	0	0	0	0	0	0	0	0	0	0	0	0	0	0	0	0	0	0	0	0	0	0	0	0	0	0	0	0	0	0	0	0	0	0	0	0	0	0	0	0	0	0	0	0	0	0	0	0	0	0	0	0	0	
0	0	0	0	0	0	0	0	0	0	0	0	0	0	0	0	0	0	0	192	0	192	0	0	0	0	0	0	0	0	0	0	0	0	0	0	0	0	0	0	0	0	0	0	0	0	0	0	0	0	0	0	0	0	0	0	0	0	0	0	0	0	0	0	0	0	0	0	0	0	0	0	0	0	0	0	0	0	0	0	
0	0	0	0	0	0	0	0	192	0	0	0	0	0	0	0	0	0	0	0	0	0	0	0	0	0	0	0	0	0	0	0	0	0	0	0	0	0	0	0	0	0	0	192	0	0	0	0	0	0	0	0	0	0	0	0	0	0	0	0	0	0	0	0	0	0	0	0	0	0	0	0	0	0	0	0	0	0	0	0	
0	0	0	0	0	0	0	0	0	0	0	0	0	0	0	0	0	0	0	0	0	0	0	0	0	0	0	0	0	0	0	0	0	0	0	0	0	0	0	0	0	0	0	0	0	192	0	0	0	0	0	0	0	0	0	192	0	0	0	0	0	0	0	0	0	0	0	0	0	0	0	0	0	0	0	0	0	0	0	0	
0	0	0	0	0	0	0	0	0	0	0	0	0	0	0	0	0	0	0	0	0	0	0	0	0	0	0	0	0	0	0	0	0	192	0	0	0	0	0	0	0	0	0	0	0	0	0	0	0	0	0	0	0	0	0	0	0	192	0	0	0	0	0	0	0	0	0	0	0	0	0	0	0	0	0	0	0	0	0	0	
0	0	0	0	0	0	0	0	0	0	0	0	0	0	0	0	0	0	0	0	0	0	0	0	0	0	0	0	0	0	0	0	0	0	0	0	0	0	0	0	192	0	0	0	0	0	0	0	0	0	0	0	0	0	0	0	0	0	0	0	0	0	0	0	0	0	0	0	0	0	0	0	0	0	0	192	0	0	0	0	
192	192	0	0	0	0	0	0	0	0	0	0	0	0	0	0	0	0	0	0	0	0	0	0	0	0	0	0	0	0	0	0	0	0	0	0	0	0	0	0	0	0	0	0	0	0	0	0	0	0	0	0	0	0	0	0	0	0	0	0	0	0	0	0	0	0	0	0	0	0	0	0	0	0	0	0	0	0	0	0	
0	0	0	0	0	0	0	0	0	0	0	0	0	0	0	0	0	0	0	0	0	0	0	0	0	0	0	0	0	0	0	0	0	0	0	0	0	0	0	0	0	0	0	0	0	0	0	0	0	0	0	0	0	0	0	0	0	192	0	0	0	0	0	0	0	0	0	0	192	0	0	0	0	0	0	0	0	0	0	0	
0	0	0	0	0	0	0	0	0	0	0	0	0	0	0	0	0	0	0	0	0	0	0	0	0	0	0	0	0	0	192	0	0	0	0	0	0	0	0	0	0	0	0	0	0	0	0	0	0	0	0	0	0	0	0	0	0	0	0	0	0	0	0	0	0	0	0	192	0	0	0	0	0	0	0	0	0	0	0	0	
0	0	0	0	192	0	0	0	0	0	0	0	0	0	0	0	0	0	192	0	0	0	0	0	0	0	0	0	0	0	0	0	0	0	0	0	0	0	0	0	0	0	0	0	0	0	0	0	0	0	0	0	0	0	0	0	0	0	0	0	0	0	0	0	0	0	0	0	0	0	0	0	0	0	0	0	0	0	0	0	
0	0	0	0	0	0	0	0	0	0	0	0	0	0	0	0	0	0	0	0	0	0	0	0	0	192	0	0	0	192	0	0	0	0	0	0	0	0	0	0	0	0	0	0	0	0	0	0	0	0	0	0	0	0	0	0	0	0	0	0	0	0	0	0	0	0	0	0	0	0	0	0	0	0	0	0	0	0	0	0	
0	0	0	0	0	0	0	0	0	0	0	192	0	0	0	0	0	0	0	0	0	0	0	0	0	0	0	0	0	0	0	0	0	0	0	0	0	0	0	0	0	0	0	0	0	0	0	0	0	0	0	0	0	0	0	0	0	0	0	0	0	0	0	0	0	0	0	0	0	0	0	0	0	0	192	0	0	0	0	0	
0	0	0	0	0	0	0	0	0	0	0	0	0	0	0	0	0	0	0	0	0	0	0	0	0	0	0	0	0	192	0	0	0	0	0	0	0	0	0	0	0	0	0	0	0	0	0	0	0	0	0	0	0	0	0	0	0	0	0	0	0	0	0	0	0	0	0	0	0	0	0	0	0	0	192	0	0	0	0	0	
0	0	0	0	0	0	0	0	0	0	0	0	0	0	0	0	0	0	0	192	0	192	0	0	0	0	0	0	0	0	0	0	0	0	0	0	0	0	0	0	0	0	0	0	0	0	0	0	0	0	0	0	0	0	0	0	0	0	0	0	0	0	0	0	0	0	0	0	0	0	0	0	0	0	0	0	0	0	0	0	
0	0	0	0	0	0	0	0	0	0	0	0	0	0	0	0	0	0	0	0	0	0	0	0	0	0	0	0	0	0	0	0	0	0	0	0	0	0	0	0	0	0	0	0	0	0	0	0	0	0	0	0	0	0	0	0	0	0	0	0	0	0	0	0	0	0	0	0	0	0	0	192	192	0	0	0	0	0	0	0	
0	0	0	0	0	0	0	0	0	0	0	0	0	0	0	0	0	0	0	0	0	0	0	0	0	0	0	0	0	0	0	0	0	0	0	0	0	0	0	192	0	0	0	0	0	0	0	0	0	0	0	0	0	0	0	0	0	0	0	0	0	0	0	0	0	192	0	0	0	0	0	0	0	0	0	0	0	0	0	0	
0	0	0	0	0	0	0	192	0	0	0	0	0	0	0	0	0	0	0	0	0	0	0	0	0	0	0	0	0	0	0	0	0	0	0	0	192	0	0	0	0	0	0	0	0	0	0	0	0	0	0	0	0	0	0	0	0	0	0	0	0	0	0	0	0	0	0	0	0	0	0	0	0	0	0	0	0	0	0	0	
192	0	0	0	0	0	0	0	0	0	0	0	0	0	0	0	0	0	0	0	0	0	0	0	0	0	0	0	0	0	0	0	0	0	0	0	0	0	0	0	0	0	0	0	0	0	0	0	0	0	0	0	0	0	0	0	0	0	0	0	0	0	0	0	0	0	0	0	0	0	0	0	0	0	0	0	0	0	0	0	
0	0	0	0	0	0	0	0	0	0	0	0	0	0	0	0	0	0	0	0	0	0	0	0	0	0	0	0	0	0	192	0	0	0	0	192	0	0	0	0	0	0	0	0	0	0	0	0	0	0	0	0	0	0	0	0	0	0	0	0	0	0	0	0	0	0	0	0	0	0	0	0	0	0	0	0	0	0	0	0	
0	0	0	192	0	0	0	0	0	0	0	0	0	0	0	0	0	0	0	0	0	0	0	0	0	0	0	0	192	0	0	0	0	0	0	0	0	0	0	0	0	0	0	0	0	0	0	0	0	0	0	0	0	0	0	0	0	0	0	0	0	0	0	0	0	0	0	0	0	0	0	0	0	0	0	0	0	0	0	0	
58	41	57	68	54	78	7	23	24	69	23	66	9	25	21	45	20	66	40	66	65	10	25	58	41	8	33	61	53	71	75	37	46	15	13	27	44	73	2	8	74	46	51	4	79	71	56	57	38	30	74	32	71	43	67	1	10	55	75	70	57	59	76	40	30	33	46	47	16	33	75	38	73	3	75	35	35	3	71	66	53	7	25	74	9	57	42	69	8	3	18	44	43	77	74	7	75	64	76	16	65	69	16	0	6	22	32	64	35	43	52	8	64	77	62	19	55	5	74	30	68	47	55	29	28	32	60	6	69	14	59	30	37	78	28	58	16	52	2	63	10	53	35	18	10	54	35	7	53	77	57	21	78	63	71	47	43	16	5	44	18	53	6	63	55	19	63	30	62	32	7	46	62	32	17	20	44	41	34	5	27	47	64	37	65	8	48	11	20	72	7	10	40	52	41	57	65	49	44	43	54	69	20	6	11	69	55	79	54	37	74	27	58	58	17	31	62	26	50	79	53	41	66	50	38	28	53	27	53	47	67	53	13	72	21	33	38	31	47	3	37	18	30	55	39	62	31	9	41	63	46	56	57	34	26	64	35	21	41	8	49	79	0	33	59	42	17	16	9	15	16	21	39	4	50	52	11	78	76	33	8	33	19	55	14	60	16	18	8	31	40	17	54	24	77	39	9	72	31	21	18	48	15	11	18	5	67	54	76	46	70	14	35	28	20	78	3	71	42	57	38	21	7	36	62	68	64	57	17	75	69	72	45	19	78	44	71	7	48	15	2	10	32	23	35	25	33	3	70	76	76	79	78	28	1	46	14	37	24	16	41	16	36	49	70	20	12	36	66	58	19	77	52	53	64	74	67	2	64	47	20	18	5	42	2	40	0	9	66	62	68	41	18	53	47	75	27	11	62	54	32	1	69	28	1	76	59	74	11	57	25	49	78	65	57	71	45	5	31	18	39	32	56	28	75	25	1	7	78	42	17	21	70	21	57	18	67	40	49	6	3	5	2	38	41	32	22	38	7	11	11	12	33	41	79	24	4	28	61	5	61	22	20	14	76	1	77	11	38	44	55	15	41	55	64	8	72	27	41	33	35	29	25	5	3	53	48	13	56	18	16	9	30	11	79	10	24	71	27	70	16	74	77	51	9	50	79	30	33	17	66	24	6	77	72	2	5	79	17	52	51	21	57	63	61	55	60	78	5	42	44	45	5	38	7	55	72	18	61	11	23	55	64	49	52	18	12	23	56	16	25	50	56	39	55	40	28	65	31	11	71	14	53	1	17	75	61	36	50	45	79	4	67	31	73	9	45	48	46	7	35	54	74	44	55	51	53	45	35	0	46	14	25	25	9	10	23	59	57	32	28	79	49	17	47	51	16	68	21	14	60	28	57	21	72	7	41	38	34	41	10	73	32	21	66	33	70	34	69	4	43	20	25	38	78	17	35	46	55	27	40	15	57	4	6	51	35	30	75	11	39	70	47	65	28	44	61	26	40	8	7	15	61	5	4	39	10	36	49	79	45	33	41	36	51	26	27	9	43	27	21	46	57	0	44	57	48	57	21	72	40	61	8	65	24	37	31	31	73	34	18	70	30	72	33	3	44	61	48	42	18	14	6	45	34	73	78	46	67	55	72	30	56	8	13	66	25	9	54	59	57	50	37	11	47	4	68	29	42	29	37	44	79	15	16	10	50	24	28	48	31	17	3	11	3	70	57	76	16	36	65	12	61	3	55	78	34	67	21	28	1	63	74	27	64	36	49	26	60	17	17	66	17	73	78	46	23	28	69	2	60	43	57	30	57	51	8	10	8	69	70	4	75	48	55	26	63	5	16	70	24	53	11	15	63	71	17	0	62	59	65	14	7	29	17	43	52	71	2	30	27	22	13	44	75	35	64	71	57	8	43	40	53	39	22	0	66	27	32	65	7	65	27	24	38	4	51	51	17	63	26	8	55	43	26	65	22	30	4	58	8	41	46	12	47	75	38	50	66	72	42	31	51	14	58	12	46	8	20	66	61	14	16	52	6	2	50	50	34	53	34	23	7	17	9	28	62	38	28	65	60	63	11	79	63	54	64	23	28	41	20	54	28	30	79	5	25	0	59	44	36	18	62	27	2	51	56	70	30	19	9	28	68	61	27	31	41	14	11	47	55	29	67	40	17	48	53	29	9	56	57	65	14	29	45	52	64	48	64	63	79	50	55	28	48	41	78	36	38	62	29	10	66	57	6	68	65	2	62	79	59	1	69	41	7	72	43	69	20	79	65	30	17	76	51	2	48	72	77	58	28	18	56	42	41	44	51	71	40	56	6	56	49	17	41	64	22	57	54	2	10	58	69	2	7	73	30	50	49	60	28	65	25	16	23	63	43	78	60	68	68	8	18	21	1	1	3	16	16	45	68	74	60	26	22	77	53	8	31	3	0	44	54	18	52	26	27	64	56	63	44	37	8	44	25	30	57	18	66	27	0	48	19	75	16	0	46	26	38	5	53	44	62	6	21	7	3	12	58	21	76	22	15	54	73	46	50	37	17	72	32	29	20	61	30	49	2	7	31	62	72	43	35	10	18	55	49	39	15	13	73	31	79	79	14	48	55	61	60	5	51	17	70	35	23	53	5	55	26	12	51	31	29	22	37	0	35	59	16	6	37	8	36	42	62	72	75	52	5	65	72	54	7	78	69	44	0	76	0	52	45	45	7	75	4	18	27	13	24	10	42	57	22	62	56	1	30	22	10	51	10	14	49	63	69	33	22	8	28	46	47	46	7	55	61	32	2	11	75	59	52	31	38	47	19	65	32	66	48	24	48	51	24	70	10	44	74	77	71	41	54	33	20	3	44	33	74	4	65	76	58	2	24	43	53	30	36	21	54	61	79	5	52	61	44	78	54	69	52	5	34	28	23	58	68	59	3	11	13	78	43	22	7	38	66	64	33	27	19	3	22	25	43	37	40	75	22	0	47	11	26	73	13	53	17	58	78	75	42	33	74	21	2	20	29	16	34	54	22	53	66	59	17	19	28	27	4	36	23	16	66	40	0	58	30	19	0	51	61	77	0	9	27	47	69	46	37	4	44	73	2	1	3	75	13	62	73	37	35	4	27	6	3	43	44	45	77	53	26	47	55	48	24	64	33	46	61	9	61	13	68	5	51	14	43	19	50	69	72	33	79	3	5	42	17	16	32	17	32	69	22	62	28	27	10	5	9	56	78	69	6	49	79	70	29	1	55	34	39	16	30	18	77	71	29	46	59	7	54	35	51	75	5	48	7	71	35	28	52	20	27	55	11	21	42	48	35	73	66	34	74	7	18	70	43	47	55	0	33	31	34	31	74	15	25	8	63	63	4	43	59	22	2	20	70	35	5	53	17	16	0	35	74	48	26	61	6	22	12	59	44	4	4	22	73	43	68	7	26	74	14	27	35	23	50	35	38	25	38	72	55	72	64	53	62	72	64	45	69	35	36	58	70	12	70	35	24	69	22	28	59	44	0	48	67	74	51	50	16	20	0	35	57	55	3	66	8	6	38	14	24	14	44	58	10	24	33	38	39	66	6	12	72	13	31	61	48	6	31	21	42	54	7	0	4	51	8	34	66	4	66	37	77	19	45	63	28	51	66	57	33	77	45	24	10	79	45	67	10	51	67	75	38	14	49	71	43	25	49	56	11	19	44	16	67	29	55	27	77	60	5	73	0	52	39	18	69	24	67	7	39	78	63	71	77	77	8	29	29	73	72	19	13	42	56	53	3	51	33	28	41	24	55	37	26	22	55	46	52	4	62	6	64	51	39	75	60	57	41	27	1	66	8	56	72	60	33	30	22	68	1	35	15	46	35	32	30	24	56	22	43	26	11	72	1	74	46	25	27	53	3	66	4	71	22	66	17	55	13	70	33	33	28	68	35	46	43	1	39	62	52	48	66	5	17	70	49	66	78	34	18	7	13	67	17	31	43	71	18	40	44	53	36	8	38	6	4	21	58	39	36	4	5	39	64	47	63	63	48	18	58	29	55	9	19	38	34	60	78	64	38	60	7	10	72	26	56	72	56	64	75	73	9	53	36	14	30	73	18	79	22	15	32	39	14	42	14	66	16	66	56	59	69	8	72	26	3	1	37	35	52	71	52	56	42	29	70	10	66	20	5	63	54	32	67	15	22	28	59	42	15	3	5	65	66	53	65	20	31	69	64	21	25	59	4	74	69	62	10	58	64	52	54	19	12	49	26	54	30	16	58	5	5	78	25	23	5	0	11	15	67	76	6	36	47	69	73	35	28	64	33	11	26	59	60	15	16	60	9	65	51	17	21	76	44	37	71	69	73	7	54	60	70	70	54	75	24	11	9	76	9	19	16	32	71	15	18	58	57	34	72	46	15	71	75	12	18	78	71	70	36	58	6	28	59	1	26	62	30	7	63	33	46	17	67	6	59	70	58	35	53	53	64	59	58	32	44	50	51	77	76	48	45	41	54	64	25	6	8	5	58	34	28	46	39	14	12	11	37	1	74	19	25	55	16	8	58	66	51	5	40	70	72	47	57	33	71	70	61	3	27	40	67	75	59	66	63	60	29	72	55	60	68	0	48	49	12	67	3	2	46	54	12	9	60	18	75	36	71	19	51	19	4	66	53	69	49	18	27	20	62	1	45	6	39	27	64	41	55	48	14	18	4	26	3	35	78	74	61	27	9	14	16	22	25	21	58	65	40	16	50	14	21	40	63	31	54	74	57	17	59	27	21	77	46	21	40	58	76	21	68	21	67	30	45	47	76	33	57	31	78	29	22	21	21	60	51	0	56	24	7	59	15	67	25	73	8	71	15	4	39	59	78	46	4	25	56	47	66	67	0	13	20	33	4	72	65	63	5	13	25	66	79	70	42	72	50	31	27	61	70	51	23	70	37	66	21	2	54	11	44	6	14	71	32	57	24	62	33	24	26	36	28	34	23	34	1	45	66	45	79	70	29	15	25	24	44	28	15	50	30	71	37	16	38	44	13	41	30	6	71	53	
77	0	29	37	40	67	73	21	46	12	58	29	52	1	23	3	48	70	67	45	6	32	51	14	74	69	78	28	3	57	38	27	53	50	35	18	22	20	40	69	57	36	43	8	52	72	16	50	61	52	61	6	72	14	71	58	74	42	34	51	8	61	20	22	23	29	18	72	76	30	32	46	13	6	4	12	61	41	35	9	19	12	1	40	67	21	4	79	34	8	64	51	37	26	12	58	50	65	10	38	76	66	18	63	42	48	55	73	31	34	62	57	66	41	48	35	19	0	63	59	42	33	26	4	60	43	32	64	27	32	52	47	39	50	69	34	18	31	38	75	77	11	55	58	72	70	73	48	5	64	61	47	36	11	20	7	39	56	31	25	47	56	63	55	76	12	6	49	32	52	67	24	59	19	72	30	15	24	39	67	60	21	15	8	20	26	35	14	8	42	51	71	8	69	64	52	70	11	59	36	66	62	53	74	78	47	79	38	11	63	58	42	9	14	7	6	57	63	23	59	29	17	60	59	54	38	69	22	46	41	45	41	50	71	19	21	29	25	2	17	22	58	18	7	36	64	45	32	18	38	44	69	72	37	72	31	0	74	23	2	41	4	10	6	49	7	45	35	55	26	39	65	28	31	72	32	1	37	17	18	54	47	6	13	66	35	74	61	5	49	44	28	45	45	57	40	22	4	46	45	62	2	39	8	17	0	53	26	58	78	69	18	47	49	66	0	8	58	64	9	47	10	49	52	55	13	5	12	19	26	27	59	61	8	9	72	70	10	42	76	55	24	53	78	65	39	72	14	0	45	75	49	49	10	29	7	8	32	48	47	12	63	61	19	61	7	24	7	13	79	23	53	4	79	67	22	28	57	26	9	31	2	66	7	19	9	32	39	51	30	46	4	6	32	70	29	28	26	69	34	43	71	27	68	10	23	52	40	79	74	38	1	10	9	79	15	77	50	55	6	36	45	42	58	32	60	2	50	60	16	19	60	11	44	28	59	61	53	77	39	75	40	39	52	60	43	2	45	46	43	4	58	54	75	65	47	64	56	74	20	37	13	48	6	18	7	62	78	25	4	64	70	63	3	50	68	58	9	67	4	6	18	8	49	56	24	70	44	69	38	6	30	5	57	7	5	23	45	78	77	65	78	69	7	79	32	44	24	44	31	2	28	52	66	69	24	11	24	12	20	75	19	34	39	78	39	73	15	59	11	76	79	33	74	62	2	60	25	65	1	69	54	20	69	74	67	36	42	41	72	64	16	68	40	6	4	48	60	9	20	59	25	23	36	4	21	73	49	37	60	73	51	40	2	8	40	4	26	40	32	24	70	65	57	24	77	19	42	37	60	17	52	68	39	27	61	43	5	15	50	25	17	55	48	51	55	50	25	14	5	38	12	50	6	28	53	49	35	53	44	60	79	34	49	36	41	37	37	74	36	46	27	62	16	25	27	70	57	58	45	25	76	78	10	43	29	70	2	38	19	77	36	16	53	19	6	5	77	58	2	49	68	37	58	26	1	22	75	22	46	71	49	29	35	48	67	26	62	36	44	26	70	4	4	48	19	77	19	14	44	10	78	74	46	64	20	33	4	55	14	34	27	54	32	55	27	22	32	79	25	5	30	13	8	18	63	11	61	79	73	19	74	73	68	67	19	32	62	65	27	4	76	48	20	31	31	4	67	34	72	16	76	37	38	8	14	46	1	32	42	79	41	12	35	60	72	28	53	62	54	69	43	78	69	5	25	72	66	31	36	69	10	30	26	44	71	55	4	25	53	74	15	42	5	77	70	28	38	45	1	64	29	62	50	4	1	62	54	26	68	6	35	3	23	1	49	12	31	66	64	69	9	77	3	35	11	23	18	27	65	79	65	28	11	15	12	5	76	45	71	23	31	43	58	0	55	7	49	18	38	11	59	19	43	64	20	33	42	31	33	77	41	0	34	58	27	32	14	58	27	66	12	68	0	66	30	6	8	9	43	44	45	39	20	7	30	59	69	51	36	4	51	42	49	57	16	55	72	4	74	10	59	26	20	74	17	4	51	10	16	42	0	44	30	10	61	38	50	56	55	12	52	4	26	11	1	14	31	52	15	11	63	67	18	17	79	78	64	21	69	22	27	33	34	59	2	37	11	53	30	40	74	64	40	35	78	58	30	25	65	26	19	15	54	74	55	56	45	49	2	14	39	49	23	75	61	13	52	19	13	17	5	67	45	47	3	64	10	9	72	12	4	61	62	69	52	33	65	57	55	29	72	38	18	59	10	76	40	46	24	75	41	6	52	63	22	31	57	31	0	9	66	4	1	15	69	53	24	69	21	22	55	64	18	24	78	12	52	17	10	33	9	34	28	18	3	41	38	19	24	49	43	55	49	75	6	62	27	42	78	21	78	42	22	60	41	36	21	12	56	48	50	13	72	39	9	37	38	21	54	69	35	75	26	15	46	2	20	26	22	10	16	31	20	55	51	15	61	45	75	38	5	15	11	57	45	47	62	25	34	66	32	6	30	28	74	60	37	30	11	16	42	1	36	58	61	53	26	4	36	54	62	57	28	60	64	51	37	3	25	37	62	21	2	48	73	44	26	23	20	45	39	46	31	78	56	53	53	77	4	30	75	54	73	34	58	26	64	34	34	36	57	57	6	48	46	21	57	36	37	58	33	27	18	45	34	11	28	3	22	66	53	36	38	48	76	71	13	66	15	33	34	36	28	67	60	7	21	13	31	7	52	57	50	11	27	52	16	31	4	33	32	20	28	33	56	33	6	5	14	27	35	8	7	79	25	75	21	77	53	79	66	60	62	36	27	26	12	4	35	62	18	38	49	41	0	52	70	25	3	59	21	34	12	50	0	66	75	58	67	64	74	10	1	65	35	76	18	66	63	25	2	29	56	48	61	23	33	62	8	18	23	40	1	58	27	71	10	1	69	16	60	27	74	52	50	47	20	34	23	21	65	48	51	59	61	40	49	5	15	78	39	49	27	68	53	18	50	45	58	38	58	64	24	17	26	7	62	51	60	78	61	27	14	52	3	59	67	26	19	71	72	22	44	37	78	14	76	79	79	17	79	0	26	56	60	75	8	35	57	16	63	34	23	77	22	4	6	39	38	22	7	16	9	17	59	16	70	30	28	58	59	3	10	23	68	50	17	24	39	30	49	46	16	77	39	0	74	25	46	57	51	67	73	1	38	14	7	39	24	51	75	46	24	48	1	37	51	9	75	10	55	74	63	32	25	71	51	62	44	70	43	8	40	60	0	46	40	43	10	68	28	26	10	77	15	22	64	41	48	78	21	55	53	53	36	60	11	40	75	32	55	68	26	64	66	72	56	60	40	4	60	79	71	71	27	12	71	8	60	8	71	41	22	66	56	55	15	54	45	2	7	3	40	37	76	16	67	69	44	12	43	18	70	69	49	35	10	36	75	65	0	16	37	7	61	78	39	17	36	13	22	40	51	12	54	61	42	57	78	54	20	22	13	64	25	73	13	50	76	74	13	18	78	38	58	27	0	26	41	6	26	65	63	63	37	18	55	15	37	47	0	47	7	17	54	50	59	55	12	25	3	50	78	20	26	27	36	38	34	24	6	46	32	75	3	4	22	34	3	16	41	16	27	23	49	13	28	18	79	45	28	20	17	33	27	39	7	78	21	34	40	11	3	13	47	44	51	6	74	18	65	41	67	14	58	79	7	42	45	22	34	43	13	61	54	14	16	65	60	31	12	8	19	36	24	44	41	4	9	63	39	7	11	32	75	0	34	44	47	13	21	48	12	38	46	53	58	38	46	57	64	58	1	47	23	22	38	79	20	42	68	15	27	44	64	2	11	12	70	25	8	34	12	32	0	6	69	66	24	54	12	27	71	47	76	34	17	19	45	30	47	69	25	46	40	57	50	56	51	65	32	11	4	38	62	46	60	62	39	6	66	18	48	64	34	5	47	34	71	38	19	1	39	25	77	78	4	20	68	18	11	6	35	30	64	6	48	42	42	37	71	2	70	67	59	43	43	4	65	24	7	5	31	24	59	7	46	33	44	78	74	17	61	43	19	44	43	58	58	22	63	14	50	52	32	2	45	60	78	7	76	64	12	20	62	0	7	29	70	41	56	9	34	59	36	55	42	8	3	67	17	38	15	41	67	16	72	78	79	75	6	75	46	13	19	30	18	14	64	5	20	76	42	0	18	2	31	26	57	47	75	16	13	64	32	79	14	66	56	24	45	36	66	4	8	76	49	55	11	31	41	30	33	54	12	26	57	19	74	60	21	37	63	12	15	12	79	60	12	43	69	70	50	61	40	25	48	56	1	5	30	11	18	68	63	69	29	41	72	44	62	72	1	51	32	50	3	53	61	14	77	37	60	61	56	33	79	54	75	74	50	76	3	70	70	1	34	59	73	66	30	15	64	8	21	57	3	61	39	16	28	0	32	73	21	48	54	38	3	58	37	76	16	20	65	39	26	45	42	55	78	59	38	13	6	67	1	28	27	61	79	66	11	68	4	74	62	23	62	19	15	42	61	58	11	19	28	79	52	34	62	10	38	29	42	68	59	20	58	35	52	7	27	61	22	37	63	52	68	1	22	40	77	43	33	65	32	23	41	56	24	3	62	18	27	61	52	31	28	43	6	56	19	13	43	17	56	17	26	75	76	14	29	19	13	55	27	68	3	12	46	61	13	24	11	36	8	24	7	77	74	27	41	50	37	34	40	30	0	40	17	12	35	45	17	30	16	68	75	71	68	6	20	50	23	17	26	73	76	21	66	34	36	18	3	67	18	41	33	50	73	53	58	58	7	50	14	62	60	2	30	48	53	8	70	24	18	63	15	72	12	75	23	67	38	49	26	34	56	28	54	40	43	35	39	47	56	25	39	22	28	65	79	79	19	49	55	12	46	20	78	77	33	3	71	23	63	75	75	10	70	20	58	77	12	21	53	22	6	13	21	30	69	69	62	21	61	20	69	7	48	30	64	62	75	9	54	26	38	38	58	30	55	63	79	12	61	29	0	32	27	
18	1	13	9	15	19	8	4	11	8	19	6	2	8	8	9	18	9	16	8	2	3	8	10	14	20	1	14	7	16	15	15	19	17	5	16	18	8	2	8	14	5	4	11	7	18	4	14	6	7	18	10	4	2	13	12	11	8	4	17	7	13	5	3	9	19	1	5	7	6	9	1	5	4	10	5	13	17	20	20	14	15	14	9	16	7	19	16	5	1	13	6	16	6	16	3	1	17	15	10	9	5	1	11	14	11	13	7	16	9	18	8	4	12	10	5	18	9	17	5	4	7	13	12	14	6	12	7	13	16	15	6	7	17	10	19	15	6	15	19	7	4	2	3	16	17	5	8	4	20	16	18	2	20	20	7	20	6	16	20	8	5	14	2	17	16	14	9	9	20	6	3	2	12	14	17	11	7	20	20	15	13	4	16	9	11	1	12	4	2	4	19	19	16	15	18	17	13	18	16	17	6	19	20	14	5	14	8	3	18	5	1	19	10	1	20	17	10	2	5	4	20	13	18	3	20	4	20	17	16	10	10	12	9	3	12	6	3	12	8	14	6	7	15	15	11	16	2	4	17	6	10	17	12	15	15	3	18	13	9	1	5	8	3	7	19	9	12	10	15	1	18	3	10	2	9	11	2	1	4	12	7	3	14	1	18	14	20	2	2	9	15	17	16	19	10	15	1	20	5	18	15	10	4	1	4	9	3	12	16	14	7	11	14	6	14	3	4	2	3	16	14	14	16	5	15	10	14	11	3	10	12	4	11	16	8	6	7	12	12	16	8	12	14	8	5	15	4	8	1	13	7	13	5	15	10	5	4	12	4	16	2	3	16	11	6	9	3	16	6	10	3	8	14	2	11	1	2	11	10	10	2	13	7	7	1	9	5	10	14	4	15	15	12	8	3	9	8	16	5	3	15	5	5	13	8	2	6	1	7	16	14	1	3	10	6	4	3	3	16	8	16	9	14	14	3	2	14	9	5	8	6	6	16	5	14	15	13	1	6	12	1	14	10	5	5	16	7	8	6	1	1	8	8	6	14	11	5	14	5	13	14	5	12	12	15	12	4	2	11	14	16	5	14	2	12	11	12	14	16	4	13	11	8	1	14	6	11	2	3	9	13	16	11	11	5	1	3	3	13	5	8	15	15	7	12	7	13	3	6	11	8	11	8	15	7	15	2	14	10	5	9	1	16	12	5	10	13	11	16	4	4	12	13	4	7	8	14	3	15	3	6	9	16	12	9	13	9	4	9	16	2	8	11	6	4	13	6	2	12	6	10	16	8	4	11	9	1	10	15	5	6	9	16	14	6	1	16	16	5	4	16	9	8	4	1	5	6	3	13	7	8	6	1	16	11	1	8	16	13	15	1	7	12	16	2	12	8	5	3	2	13	2	8	7	6	13	5	12	5	16	14	8	8	3	4	2	2	3	2	11	13	10	2	13	5	13	1	5	6	16	14	13	4	5	3	14	5	12	14	7	10	4	13	9	10	3	7	6	14	2	6	4	6	1	8	5	6	16	8	7	4	15	1	1	5	9	7	6	16	7	4	6	4	6	16	13	13	16	10	16	8	2	13	5	9	15	11	9	9	9	6	8	9	11	8	13	4	9	8	10	11	8	10	15	6	4	14	8	13	9	16	1	2	10	15	13	14	10	2	2	1	15	5	7	3	3	9	9	1	2	1	2	16	15	10	5	9	7	5	16	4	16	7	12	11	4	16	8	9	16	16	15	1	2	13	3	16	7	12	4	10	14	4	16	5	14	3	13	9	8	1	13	13	5	4	8	7	9	9	10	4	12	16	11	6	3	2	11	6	1	9	13	14	15	1	6	8	8	6	3	8	8	13	7	2	9	6	8	7	7	11	7	15	1	5	3	11	2	5	9	1	7	6	6	4	5	2	6	5	1	9	10	8	10	11	1	1	11	9	13	6	5	4	14	3	9	5	5	2	10	1	3	4	14	13	10	8	13	10	1	7	2	13	6	3	1	7	8	6	4	10	14	14	13	7	5	9	3	12	3	16	15	6	4	4	15	1	14	16	5	15	1	5	16	10	14	7	5	5	1	13	16	2	13	15	8	5	9	12	14	1	1	2	3	10	15	14	12	9	9	9	12	2	10	6	4	7	12	6	9	14	1	1	3	6	1	10	4	9	9	10	6	14	16	3	4	13	16	5	1	11	2	5	3	12	1	13	4	6	10	10	15	6	12	13	7	11	16	9	13	9	1	16	5	9	8	3	16	14	14	8	14	4	3	5	16	9	1	14	8	3	10	2	7	4	2	6	14	4	3	9	1	9	7	1	4	13	4	7	7	12	14	4	15	5	3	3	7	7	5	3	13	15	6	14	10	14	4	10	7	3	14	16	11	3	6	9	2	4	1	14	6	2	11	1	3	12	12	8	15	16	15	11	15	11	3	13	3	11	14	2	12	6	1	5	9	7	13	1	13	9	11	6	6	14	13	10	6	11	12	4	11	15	16	2	12	9	6	5	4	3	13	3	15	7	6	2	11	11	9	11	8	1	12	6	10	6	4	9	9	14	10	8	3	14	1	6	9	5	4	4	16	5	8	4	9	9	3	15	3	8	10	15	2	16	2	11	7	3	7	7	12	2	14	15	12	9	1	15	4	3	6	3	1	11	12	3	16	11	7	4	13	9	10	10	2	8	5	12	8	6	14	7	1	2	14	16	5	14	3	8	2	5	4	2	12	1	9	12	5	6	7	16	9	9	15	14	5	16	8	8	13	9	7	2	12	14	1	15	16	14	15	1	10	14	12	11	8	16	4	9	7	3	7	11	5	2	11	15	6	1	8	5	3	8	2	3	1	12	15	14	3	16	6	12	14	6	11	16	5	5	13	11	4	13	5	11	14	1	1	2	13	14	14	15	12	7	4	5	1	6	14	9	11	3	3	9	14	12	14	7	9	14	4	6	1	1	9	1	16	3	1	2	9	12	7	10	9	4	7	14	2	15	14	14	1	6	5	3	14	7	2	13	1	9	11	1	4	3	7	1	8	4	15	11	1	15	7	11	15	10	16	6	3	4	10	12	12	10	7	10	10	12	8	2	11	8	2	15	13	2	7	2	5	4	12	13	9	8	1	12	9	15	6	12	13	4	10	8	13	2	8	13	13	9	15	15	2	8	16	9	13	9	1	9	13	8	6	1	12	16	3	13	7	11	11	3	1	5	8	13	13	6	10	5	11	16	2	12	15	10	6	5	10	2	1	12	9	12	5	2	14	14	3	3	2	8	3	10	11	10	11	5	16	3	12	15	13	1	13	6	16	4	10	7	7	7	3	3	6	7	15	5	13	10	13	13	13	2	10	10	5	12	4	1	4	5	16	10	15	13	14	13	5	8	14	12	12	15	13	7	4	5	1	1	8	3	16	14	2	3	10	1	12	2	6	16	5	6	14	14	5	3	6	6	15	12	4	5	3	7	3	1	9	14	9	12	3	16	14	6	15	7	4	15	9	7	1	14	10	2	12	6	11	16	11	1	12	16	16	10	7	6	11	1	1	9	13	12	6	16	6	12	5	6	15	8	2	1	8	16	2	8	10	1	9	1	15	5	2	5	2	13	4	8	14	6	1	12	5	6	7	7	14	7	2	13	11	16	8	10	5	10	15	7	1	16	4	13	2	3	7	4	5	14	11	9	16	16	9	9	1	15	16	5	6	16	16	16	12	5	7	6	7	9	8	14	16	16	6	11	1	2	6	12	8	12	12	6	11	14	4	5	11	16	3	10	14	13	3	4	9	13	2	12	4	13	16	7	15	13	13	1	10	10	7	3	11	5	12	15	10	10	4	9	5	1	2	6	5	3	11	6	1	2	15	6	15	4	4	6	1	7	5	3	5	3	9	7	1	2	5	3	9	7	9	10	6	9	13	9	10	10	15	16	14	4	13	11	15	7	9	2	7	8	14	4	2	15	5	16	15	1	12	5	6	11	14	10	5	8	2	4	2	6	5	10	16	13	4	7	12	13	5	9	15	10	2	12	15	3	10	15	4	15	5	15	16	5	3	13	16	12	11	4	10	4	4	2	6	4	13	14	1	4	1	13	13	10	1	14	5	4	11	8	11	14	7	9	13	10	3	6	5	8	6	2	10	10	8	7	4	14	12	13	9	11	1	2	6	11	12	11	2	5	6	6	9	14	8	15	4	10	6	14	3	12	13	13	16	4	2	8	12	1	1	16	4	10	9	12	14	5	6	9	3	14	15	4	11	11	1	13	2	11	4	8	16	8	16	10	10	2	1	15	12	14	7	4	5	13	7	3	11	12	5	7	2	4	5	6	14	7	7	8	12	14	15	11	5	16	1	9	9	14	7	4	2	16	14	1	13	13	15	4	12	9	9	16	6	2	5	14	15	9	9	3	13	14	4	15	9	8	15	9	15	7	16	5	13	2	14	12	10	16	16	9	13	16	16	7	14	7	1	14	13	5	8	10	3	5	10	16	9	2	3	16	5	13	2	15	6	11	12	16	15	10	4	15	5	12	2	13	13	3	10	11	7	14	5	5	3	13	16	5	16	6	3	1	11	8	8	8	13	3	15	3	8	9	14	15	9	9	5	11	12	13	11	4	1	11	3	14	7	13	16	16	11	12	3	11	3	15	2	3	10	16	5	1	14	5	2	8	13	8	4	3	9	7	16	5	12	14	10	11	11	11	11	1	4	8	1	15	15	3	7	5	16	14	5	3	6	8	4	1	7	6	11	14	4	9	1	2	14	4	14	5	6	11	4	16	3	16	2	12	13	15	5	15	11	7	2	7	2	12	6	5	16	6	14	16	15	13	13	4	12	2	8	9	5	13	7	11	11	11	7	14	7	13	7	6	8	2	4	12	14	6	10	3	12	2	12	8	7	14	1	9	2	14	11	6	14	9	11	10	2	9	2	8	10	10	3	3	2	5	9	5	5	1	2	13	16	3	14	16	3	3	12	14	10	4	3	16	12	5	1	5	4	1	13	10	15	16	8	3	14	1	3	16	1	10	
930	970	630	640	850	520	280	740	700	940	290	490	510	970	100	490	940	900	610	770	830	600	860	320	480	350	530	280	190	210	190	690	700	750	160	890	500	180	600	210	900	130	610	840	720	900	970	590	180	530	510	680	620	440	670	940	910	490	720	970	310	450	900	670	180	550	290	790	230	460	540	360	550	580	430	350	750	830	380	750	520	730	670	890	910	440	560	970	500	460	900	330	830	210	610	330	240	400	270	570	880	520	190	450	650	440	720	770	620	730	160	150	170	650	690	720	860	770	140	470	560	600	990	630	780	950	490	430	770	780	800	820	580	290	220	520	350	710	100	770	350	990	460	1000	680	110	960	260	520	110	790	910	250	460	380	850	790	240	940	230	670	240	980	950	150	680	870	910	330	380	980	770	600	100	730	830	270	690	770	150	620	850	200	510	150	100	780	680	930	170	810	150	600	390	960	750	450	980	600	730	790	970	500	630	290	100	820	970	130	530	560	110	810	840	890	660	860	790	830	750	810	420	650	730	980	930	290	860	150	320	220	120	690	610	610	540	620	680	190	930	680	900	760	790	490	470	200	730	780	640	420	220	620	210	570	600	200	340	610	800	270	100	630	210	580	890	470	390	790	550	270	960	980	780	410	920	930	160	310	710	760	610	770	800	420	740	740	340	120	260	870	490	710	720	940	420	530	130	850	770	610	420	450	590	560	730	770	430	300	720	350	600	170	620	770	460	830	160	640	700	850	730	620	260	930	460	290	660	160	670	730	460	390	640	430	260	150	230	280	460	290	770	310	670	620	860	690	200	320	890	770	430	700	240	410	140	160	840	510	270	160	500	240	990	370	640	150	390	470	760	650	470	960	930	380	560	770	290	660	410	560	280	490	610	490	980	370	450	440	680	160	210	290	230	530	620	860	390	170	490	390	530	610	500	510	580	500	460	420	980	570	600	880	750	610	420	470	390	240	590	680	760	390	280	300	490	610	800	110	300	780	1000	840	160	990	670	100	410	540	680	820	980	560	390	470	560	990	730	970	690	530	800	1000	430	460	110	850	250	580	950	950	570	700	350	700	930	510	130	440	700	700	570	130	210	750	160	270	450	170	580	240	730	150	530	670	540	720	410	340	140	300	110	340	810	460	530	810	460	510	100	810	180	130	600	920	810	900	380	680	690	340	190	980	750	330	550	260	970	360	620	390	310	700	340	490	840	720	100	600	130	260	930	110	950	230	450	850	490	720	400	510	530	550	550	630	400	270	920	300	170	440	710	370	760	310	940	880	430	880	650	840	330	810	550	200	300	850	290	720	140	420	550	520	480	500	220	120	690	900	580	660	610	950	420	890	730	660	790	310	650	530	200	930	170	670	420	190	1000	940	460	970	610	690	350	610	570	430	780	160	590	850	100	140	640	680	370	710	440	170	130	980	740	130	450	620	330	810	710	200	990	670	950	620	580	320	280	490	250	260	350	610	410	290	600	760	350	310	210	890	600	130	370	720	570	650	380	480	740	660	830	230	110	580	690	970	120	210	140	120	350	510	990	580	450	990	110	780	920	250	400	400	960	900	630	880	530	340	240	360	230	860	340	320	340	470	590	490	380	310	270	460	770	620	700	410	600	250	430	460	740	960	240	930	130	930	450	740	900	780	760	310	640	410	170	390	380	340	820	430	860	660	630	280	920	770	630	980	850	100	340	610	780	740	230	690	550	420	920	190	400	370	950	630	290	740	870	610	620	510	930	330	150	890	270	740	1000	650	300	190	570	420	170	160	990	920	500	150	310	450	110	120	310	370	840	230	460	520	370	650	880	390	330	190	190	270	580	680	190	170	380	560	610	340	780	570	320	130	510	860	960	390	790	530	900	440	910	920	590	250	790	390	410	250	330	490	260	670	160	490	820	480	160	170	200	220	590	680	260	940	240	890	320	100	930	370	220	580	590	460	200	480	440	970	900	400	290	330	650	650	590	340	890	1000	160	830	420	840	510	600	580	530	620	230	380	890	960	700	410	690	930	370	990	680	580	560	410	1000	840	470	710	500	810	950	800	830	290	310	360	480	440	530	130	530	390	970	150	300	270	630	100	280	100	650	430	910	600	840	520	370	950	700	500	940	360	670	370	280	580	450	490	170	270	160	370	790	570	490	120	290	280	440	430	590	810	750	900	740	320	520	670	330	590	160	770	320	930	210	660	410	760	610	320	340	840	900	820	890	350	380	890	360	1000	200	920	310	680	890	940	980	380	590	680	440	640	550	630	440	750	570	740	890	970	450	180	470	320	620	450	620	950	460	260	980	590	690	510	320	110	130	600	830	290	530	110	300	320	560	780	180	870	410	710	210	720	320	370	320	270	350	840	700	260	820	250	980	600	220	200	110	560	990	940	720	940	490	540	460	1000	200	240	290	980	570	860	190	920	830	450	230	230	290	180	890	150	290	300	650	850	710	260	300	530	830	900	310	100	360	140	930	350	210	630	410	550	650	930	910	440	760	370	540	230	730	280	150	180	390	630	890	270	770	100	460	160	740	270	210	220	850	980	380	550	510	340	130	160	380	130	680	430	970	340	410	260	360	940	310	800	390	930	730	140	360	470	240	920	750	650	770	200	210	330	160	650	600	640	870	980	470	1000	420	270	640	360	170	720	630	560	800	850	780	420	590	880	820	580	220	180	650	350	270	910	180	640	690	280	350	620	690	300	590	960	170	590	370	870	800	800	690	140	270	780	970	380	270	220	410	960	640	770	470	280	390	260	490	910	740	640	220	100	660	550	370	460	630	910	510	830	590	400	760	580	510	600	330	790	350	890	160	740	890	640	370	580	180	910	650	390	730	940	350	330	550	260	580	760	930	350	350	820	1000	260	230	590	130	490	690	400	480	370	490	700	340	760	890	680	370	450	280	440	380	970	600	850	280	560	470	780	350	410	630	130	520	720	740	500	630	890	660	280	420	590	430	1000	140	240	990	200	680	540	600	700	880	200	230	710	930	950	430	180	190	350	570	150	230	230	470	170	770	160	940	290	700	980	570	440	520	200	680	600	400	500	810	100	920	450	760	990	820	830	810	540	340	680	120	200	780	870	720	920	400	620	660	1000	730	300	890	900	430	380	530	340	630	930	390	180	1000	740	740	110	370	430	690	690	420	190	970	640	1000	670	740	320	730	1000	310	260	750	470	750	780	870	350	340	630	390	560	940	340	670	270	610	950	680	170	140	540	660	880	560	820	860	120	430	520	210	740	190	880	630	410	850	200	860	990	770	490	320	850	440	560	900	530	670	790	580	720	980	670	810	920	740	150	560	410	220	520	830	190	960	420	120	760	530	500	750	380	480	130	700	520	270	240	330	640	130	850	610	150	170	980	110	250	180	800	740	820	860	510	910	410	150	410	930	340	390	300	390	570	670	190	190	600	480	640	770	190	940	710	840	330	860	700	180	620	300	610	860	920	200	890	210	570	460	830	590	140	160	110	400	690	130	790	190	950	750	210	500	960	450	870	660	920	380	670	560	560	400	840	990	210	190	310	500	620	680	590	440	880	310	200	140	860	830	900	320	730	170	150	950	460	210	380	500	250	980	140	960	800	660	940	380	600	310	380	390	510	970	190	900	510	1000	700	630	870	580	110	900	470	970	840	260	900	550	280	710	600	900	270	940	850	920	600	1000	810	610	440	790	430	970	870	880	180	750	290	270	850	490	170	280	490	410	490	550	830	470	680	240	610	490	140	710	130	810	500	940	350	950	880	120	110	290	640	930	430	330	480	220	200	890	100	350	400	920	790	330	110	140	710	110	610	950	450	230	680	490	250	620	630	120	380	490	460	110	830	410	350	740	650	720	480	650	250	240	150	240	350	150	860	930	230	130	520	630	550	840	430	440	680	690	220	470	770	460	370	160	100	390	770	180	150	260	410	180	940	610	590	640	990	980	910	150	190	300	320	750	850	350	100	470	610	900	160	930	170	970	380	470	840	450	980	690	500	680	490	810	200	180	490	950	950	900	220	750	280	940	390	990	440	460	200	220	670	150	290	320	400	580	730	700	490	300	850	960	510	930	170	330	190	140	970	180	600	550	590	480	140	630	690	600	580	880	540	110	720	810	880	780	590	440	390	280	930	530	580	590	390	930	280	810	390	540	190	440	340	860	510	950	550	830	790	700	650	270	220	560	790	700	520	360	530	170	870	110	870	730	290	140	950	970	180	230	300	300	570	960	340	600	850	230	260	740	980	790	600	430	640	160	470	770	990	590	740	570	130	920	880	170	640	180	550	900	120	400	960	410	940	270	290	370	650	340	180	360	150	810	420	310	350	910	200	450	300	750	890	650	560	480	680	320	630	360	380	120	700	500	880	470	480	120	400	660	990	320	700	120	910	950	100	700	760	550	790	440	620	490	240	890	190	390	680	200	210	140	520	570	220	560	880	300	380	120	470	740	330	720	130	440	460	680	920	150	670	710	630	340	990	550	530	540	500	350	280	950	200	820	310	850	450	720	790	350	500	330	500	1000	920	580	890	280	960	570	970	170	800	130	410	830	690	460	870	510	990	740	690	480	600	350	810	330	670	310	320	590	360	150	650	780	350	210	820	440	990	400	220	220	850	600	730	330	720	480	570	930	860	850	500	950	980	730	460	290	210	140	120	220	440	500	790	160	450	180	930	160	650	160	730	440	610	990	610	280	1000	320	350	390	820	740	350	410	600	340	140	110	200	650	440	990	860	490	280	670	460	710	280	870	280	390	920	530	810	450	850	490	550	630	530	940	210	290	760	600	490	900	390	350	170	840	400	900	230	100	440	700	360	210	160	800	290	180	590	240	630	890	100	950	410	520	340	890	940	450	780	370	790	850	970	180	420	180	150	130	610	560	320	590	510	680	550	530	840	720	510	800	450	210	660	120	820	480	850	860	650	400	840	840	870	130	560	820	820	100	840	120	970	440	160	960	350	190	500	400	340	820	580	580	520	550	640	260	350	300	320	420	340	160	230	920	360	780	250	540	700	360	980	670	870	380	450	130	490	560	700	330	490	520	530	520	820	160	670	730	290	
10
