1580
80
2
50
0	0	48	48	48	0	0	48	0	0	48	0	0	0	0	0	0	0	0	48	0	0	0	0	0	0	0	0	0	0	48	0	0	0	0	0	0	0	0	0	0	0	0	0	0	48	0	0	0	0	0	0	0	0	0	0	0	0	0	0	48	0	0	0	0	0	48	0	0	0	0	0	0	0	0	0	0	48	0	0	
0	0	0	0	0	0	0	0	0	0	0	0	0	0	0	0	0	0	0	0	0	0	0	0	0	0	0	0	0	0	0	0	48	0	0	0	0	0	0	0	0	0	0	0	0	0	0	0	0	0	0	0	0	0	0	0	0	0	0	0	0	0	0	0	0	0	48	0	0	0	0	0	0	0	0	0	0	0	0	0	
48	0	0	0	0	0	0	0	0	0	0	0	0	0	0	0	48	0	0	0	0	0	0	0	0	0	0	0	0	0	0	0	0	0	0	0	0	0	0	0	0	0	0	0	0	0	0	0	0	0	0	48	0	0	0	0	0	0	0	0	0	0	0	0	0	0	0	0	0	0	0	0	0	0	0	0	0	0	0	0	
48	0	0	0	0	0	0	0	0	0	0	0	0	0	0	0	0	0	0	0	0	0	0	0	0	0	0	0	48	0	0	0	0	0	0	0	0	0	0	0	0	0	0	0	0	0	0	0	0	0	0	0	0	0	0	0	0	0	0	0	0	0	0	0	0	0	0	0	0	0	0	0	0	0	0	0	0	0	0	48	
48	0	0	0	0	0	0	0	0	0	0	0	0	0	0	0	0	0	48	0	0	0	0	0	0	0	0	0	0	0	0	0	0	0	0	0	0	0	0	0	0	0	0	0	0	0	0	0	0	0	0	0	0	0	0	0	0	0	0	0	0	0	0	0	0	0	0	0	0	48	0	0	0	0	0	0	0	0	0	0	
0	0	0	0	0	0	0	0	0	0	0	0	48	0	0	0	0	48	0	0	0	0	0	0	0	0	0	0	0	0	0	0	0	0	0	0	0	0	0	0	0	0	0	0	0	0	0	0	0	0	0	0	0	0	0	0	0	0	0	0	0	0	0	0	0	0	0	0	0	0	0	0	0	0	0	0	0	0	0	0	
0	0	0	0	0	0	0	0	0	0	0	0	0	0	0	0	0	0	0	0	0	0	0	0	0	0	0	0	0	0	0	0	0	0	0	0	0	48	0	0	0	0	0	0	0	0	0	48	0	0	0	0	0	0	0	0	0	0	0	0	0	0	0	0	0	0	0	0	0	0	0	0	0	0	0	0	0	0	0	0	
48	0	0	0	0	0	0	0	0	0	0	0	0	0	0	0	0	0	0	0	0	0	0	0	0	0	0	0	0	0	0	0	0	0	48	0	0	0	0	0	0	0	0	0	0	0	0	0	0	0	0	0	0	0	0	0	0	0	0	0	0	0	0	0	0	0	0	0	0	0	0	0	0	0	0	0	48	0	0	0	
0	0	0	0	0	0	0	0	0	0	0	0	48	0	0	0	0	0	0	0	0	0	0	0	0	0	0	0	0	0	0	0	0	0	0	0	0	0	0	0	0	0	0	0	0	0	0	0	0	0	0	0	0	0	0	0	0	0	0	0	0	0	48	0	0	0	0	0	0	0	0	0	0	0	0	0	0	0	0	0	
0	0	0	0	0	0	0	0	0	0	0	0	0	0	0	0	0	0	0	0	0	0	0	0	0	0	48	0	0	0	0	0	0	0	0	0	0	0	0	0	0	0	0	0	0	0	0	0	0	0	0	0	0	48	0	0	0	0	0	0	0	0	0	0	0	0	0	0	0	0	0	0	0	0	0	0	0	0	0	0	
48	0	0	0	0	0	0	0	0	0	0	0	0	0	0	48	0	0	0	0	0	0	0	0	0	0	0	0	0	0	0	0	0	0	0	0	0	0	0	0	0	0	0	0	0	0	0	0	0	0	0	0	0	0	0	0	0	0	48	0	0	0	0	0	0	0	0	0	0	0	0	0	0	0	0	0	0	0	0	0	
0	0	0	0	0	0	0	0	0	0	0	0	0	0	0	0	0	0	0	0	0	0	0	48	0	0	0	0	0	0	0	0	0	0	0	0	0	0	0	0	0	0	0	0	0	0	0	0	0	0	0	0	0	0	0	0	0	0	0	0	0	0	0	0	0	0	0	0	0	0	0	48	0	0	0	0	0	0	0	0	
0	0	0	0	0	48	0	0	48	0	0	0	0	0	0	0	0	0	0	0	0	0	0	0	0	0	0	0	0	0	0	0	0	0	0	0	0	0	0	0	0	0	0	0	0	0	0	0	0	0	0	0	0	0	0	0	0	0	0	0	0	0	0	0	0	0	0	0	0	0	0	0	0	0	0	0	0	0	0	0	
0	0	0	0	0	0	0	0	0	0	0	0	0	0	0	0	0	0	0	0	0	0	0	0	0	48	48	0	0	0	0	0	0	0	0	0	0	0	0	0	0	0	0	0	0	0	0	0	0	0	0	0	0	0	0	0	0	0	0	0	0	0	0	0	0	0	0	0	0	0	0	0	0	0	0	0	0	0	0	0	
0	0	0	0	0	0	0	0	0	0	0	0	0	0	0	0	48	0	0	0	0	0	0	0	0	0	0	0	0	0	0	0	0	0	0	0	0	0	0	0	0	0	0	0	0	0	0	0	0	0	0	48	0	0	0	0	0	0	0	0	0	0	0	0	0	0	0	0	0	0	0	0	0	0	0	0	0	0	0	0	
0	0	0	0	0	0	0	0	0	0	48	0	0	0	0	0	0	0	0	0	0	0	0	0	0	0	0	0	0	0	0	0	0	0	0	0	0	0	0	0	0	0	0	0	0	0	48	0	0	0	0	0	0	0	0	0	0	0	0	0	0	0	0	0	0	0	0	0	0	0	0	0	0	0	0	0	0	0	0	0	
0	0	48	0	0	0	0	0	0	0	0	0	0	0	48	0	0	0	0	0	0	0	0	0	0	0	0	0	0	0	0	0	0	0	0	0	0	0	0	0	0	0	0	0	0	0	0	0	0	0	0	0	0	0	0	0	0	0	0	0	0	0	0	0	0	0	0	0	0	0	0	0	0	0	0	0	0	0	0	0	
0	0	0	0	0	48	0	0	0	0	0	0	0	0	0	0	0	0	0	0	0	0	0	0	0	0	0	0	0	0	0	0	0	0	0	0	0	0	0	0	0	0	0	0	0	0	0	0	0	0	0	0	0	48	0	0	0	0	0	0	0	0	0	0	0	0	0	0	0	0	0	0	0	0	0	0	0	0	0	0	
0	0	0	0	48	0	0	0	0	0	0	0	0	0	0	0	0	0	0	0	0	0	0	0	0	0	0	0	0	0	0	0	0	0	0	0	0	0	0	0	0	0	0	0	0	0	0	0	0	0	0	0	0	0	0	0	0	0	0	0	0	0	0	0	0	0	0	0	0	48	0	0	0	0	0	0	0	0	0	0	
48	0	0	0	0	0	0	0	0	0	0	0	0	0	0	0	0	0	0	0	0	0	0	0	0	0	0	0	0	0	0	0	0	0	0	0	0	0	0	0	0	0	0	0	0	0	0	0	0	0	0	0	0	0	0	0	0	0	0	0	0	48	0	0	0	0	0	0	0	0	0	0	0	48	0	0	0	0	0	0	
0	0	0	0	0	0	0	0	0	0	0	0	0	0	0	0	0	0	0	0	0	0	0	0	0	0	0	0	0	0	0	0	0	0	0	0	0	0	0	0	0	0	0	0	0	0	0	0	0	0	48	0	0	0	0	0	0	0	0	0	48	0	0	0	0	0	0	0	0	0	0	0	0	0	0	0	0	0	0	0	
0	0	0	0	0	0	0	0	0	0	0	0	0	0	0	0	0	0	0	0	0	0	0	0	0	0	0	0	0	0	0	0	0	0	0	0	0	0	0	0	0	0	0	0	0	0	0	0	0	0	0	0	0	0	0	0	0	0	0	0	0	48	0	0	0	0	0	0	0	0	0	0	0	48	0	0	0	0	0	0	
0	0	0	0	0	0	0	0	0	0	0	0	0	0	0	0	0	0	0	0	0	0	0	0	0	0	0	0	0	0	0	0	0	0	0	0	0	0	0	0	0	0	0	0	0	0	0	0	0	0	0	0	0	0	48	0	48	0	0	0	0	0	0	0	0	0	0	0	0	0	0	0	0	0	0	0	0	0	0	0	
0	0	0	0	0	0	0	0	0	0	0	48	0	0	0	0	0	0	0	0	0	0	0	0	0	0	0	0	0	0	0	0	0	0	0	0	0	0	0	0	0	0	0	0	0	0	0	48	0	0	0	0	0	0	0	0	0	0	0	0	0	0	0	0	0	0	0	0	0	0	0	0	0	0	0	0	0	0	0	0	
0	0	0	0	0	0	0	0	0	0	0	0	0	0	0	0	0	0	0	0	0	0	0	0	0	0	0	0	0	0	0	0	48	0	0	0	0	0	0	0	0	48	0	0	0	0	0	0	0	0	0	0	0	0	0	0	0	0	0	0	0	0	0	0	0	0	0	0	0	0	0	0	0	0	0	0	0	0	0	0	
0	0	0	0	0	0	0	0	0	0	0	0	0	48	0	0	0	0	0	0	0	0	0	0	0	0	0	0	0	0	0	0	0	0	0	0	0	0	0	0	0	0	0	0	0	0	0	0	0	0	0	0	0	0	0	0	0	0	0	0	0	0	0	0	0	0	0	0	0	0	48	0	0	0	0	0	0	0	0	0	
0	0	0	0	0	0	0	0	0	48	0	0	0	48	0	0	0	0	0	0	0	0	0	0	0	0	0	0	0	0	0	0	0	0	0	0	0	0	0	0	0	0	0	0	0	0	0	0	0	0	0	0	0	0	0	0	0	0	0	0	0	0	0	0	0	0	0	0	0	0	0	0	0	0	0	0	0	0	0	0	
0	0	0	0	0	0	0	0	0	0	0	0	0	0	0	0	0	0	0	0	0	0	0	0	0	0	0	0	0	0	0	48	0	0	0	0	0	48	0	0	0	0	0	0	0	0	0	0	0	0	0	0	0	0	0	0	0	0	0	0	0	0	0	0	0	0	0	0	0	0	0	0	0	0	0	0	0	0	0	0	
0	0	0	48	0	0	0	0	0	0	0	0	0	0	0	0	0	0	0	0	0	0	0	0	0	0	0	0	0	0	0	0	0	0	0	0	0	0	0	0	0	0	0	0	0	0	0	0	0	0	0	0	0	0	0	0	0	0	0	0	0	0	0	0	0	0	0	0	0	0	0	0	0	0	0	0	0	0	0	48	
0	0	0	0	0	0	0	0	0	0	0	0	0	0	0	0	0	0	0	0	0	0	0	0	0	0	0	0	0	0	0	0	0	0	0	0	0	0	0	0	0	0	0	0	0	0	0	0	0	0	0	0	0	0	0	0	0	0	0	0	0	0	0	0	0	0	0	0	0	0	48	0	48	0	0	0	0	0	0	0	
48	0	0	0	0	0	0	0	0	0	0	0	0	0	0	0	0	0	0	0	0	0	0	0	0	0	0	0	0	0	0	0	0	0	0	0	0	0	0	0	0	0	0	0	0	0	0	0	0	0	0	0	0	0	0	0	0	0	0	0	0	0	0	0	0	0	0	0	48	0	0	0	0	0	0	0	0	0	48	0	
0	0	0	0	0	0	0	0	0	0	0	0	0	0	0	0	0	0	0	0	0	0	0	0	0	0	0	48	0	0	0	0	0	0	0	0	0	0	0	0	0	0	0	0	0	0	0	0	0	0	0	0	0	0	0	0	0	0	0	48	0	0	0	0	0	0	0	0	0	0	0	0	0	0	0	0	0	0	0	0	
0	48	0	0	0	0	0	0	0	0	0	0	0	0	0	0	0	0	0	0	0	0	0	0	48	0	0	0	0	0	0	0	0	0	0	0	0	0	0	0	0	0	0	0	0	0	0	0	0	0	0	0	0	0	0	0	0	0	0	0	0	0	0	0	0	0	0	0	0	0	0	0	0	0	0	0	0	0	0	0	
0	0	0	0	0	0	0	0	0	0	0	0	0	0	0	0	0	0	0	0	0	0	0	0	0	0	0	0	0	0	0	0	0	0	0	0	0	0	0	0	0	0	0	0	0	0	0	0	48	0	0	0	0	0	0	0	0	0	0	0	0	0	0	0	48	0	0	0	0	0	0	0	0	0	0	0	0	0	0	0	
0	0	0	0	0	0	0	48	0	0	0	0	0	0	0	0	0	0	0	0	0	0	0	0	0	0	0	0	0	0	0	0	0	0	0	0	48	0	0	0	0	0	0	0	0	0	0	0	0	0	0	0	0	0	0	0	0	0	0	0	0	0	0	0	0	0	0	0	0	0	0	0	0	0	0	0	0	0	0	0	
0	0	0	0	0	0	0	0	0	0	0	0	0	0	0	0	0	0	0	0	0	0	0	0	0	0	0	0	0	0	0	0	0	0	0	0	0	0	0	0	0	0	0	0	0	0	0	0	48	0	0	0	0	0	0	0	0	0	0	0	0	0	0	0	0	0	0	0	0	0	0	0	0	0	0	0	0	0	48	0	
0	0	0	0	0	0	0	0	0	0	0	0	0	0	0	0	0	0	0	0	0	0	0	0	0	0	0	0	0	0	0	0	0	0	48	0	0	0	0	0	0	0	0	0	0	0	0	0	0	0	0	0	0	0	0	0	0	0	0	0	0	0	0	0	0	0	0	0	0	0	0	0	0	0	0	0	48	0	0	0	
0	0	0	0	0	0	48	0	0	0	0	0	0	0	0	0	0	0	0	0	0	0	0	0	0	0	0	48	0	0	0	0	0	0	0	0	0	0	0	0	0	0	0	0	0	0	0	0	0	0	0	0	0	0	0	0	0	0	0	0	0	0	0	0	0	0	0	0	0	0	0	0	0	0	0	0	0	0	0	0	
0	0	0	0	0	0	0	0	0	0	0	0	0	0	0	0	0	0	0	0	0	0	0	0	0	0	0	0	0	0	0	0	0	0	0	0	0	0	0	0	0	0	0	48	48	0	0	0	0	0	0	0	0	0	0	0	0	0	0	0	0	0	0	0	0	0	0	0	0	0	0	0	0	0	0	0	0	0	0	0	
0	0	0	0	0	0	0	0	0	0	0	0	0	0	0	0	0	0	0	0	0	0	0	0	0	0	0	0	0	0	0	0	0	0	0	0	0	0	0	0	0	0	0	0	0	0	0	0	0	0	0	0	0	0	0	0	0	0	48	0	0	0	0	0	0	0	0	0	0	0	0	0	0	0	0	48	0	0	0	0	
0	0	0	0	0	0	0	0	0	0	0	0	0	0	0	0	0	0	0	0	0	0	0	0	0	0	0	0	0	0	0	0	0	0	0	0	0	0	0	0	0	0	0	0	0	0	48	0	0	0	0	0	0	0	0	0	0	0	0	0	0	0	0	0	0	48	0	0	0	0	0	0	0	0	0	0	0	0	0	0	
0	0	0	0	0	0	0	0	0	0	0	0	0	0	0	0	0	0	0	0	0	0	0	0	48	0	0	0	0	0	0	0	0	0	0	0	0	0	0	0	0	0	0	0	0	0	0	0	0	48	0	0	0	0	0	0	0	0	0	0	0	0	0	0	0	0	0	0	0	0	0	0	0	0	0	0	0	0	0	0	
0	0	0	0	0	0	0	0	0	0	0	0	0	0	0	0	0	0	0	0	0	0	0	0	0	0	0	0	0	0	0	0	0	0	0	0	0	0	0	0	0	0	0	0	48	0	0	0	0	48	0	0	0	0	0	0	0	0	0	0	0	0	0	0	0	0	0	0	0	0	0	0	0	0	0	0	0	0	0	0	
0	0	0	0	0	0	0	0	0	0	0	0	0	0	0	0	0	0	0	0	0	0	0	0	0	0	0	0	0	0	0	0	0	0	0	0	0	0	48	0	0	0	0	0	0	0	0	0	0	0	0	0	0	0	0	0	0	0	0	0	0	0	48	0	0	0	0	0	0	0	0	0	0	0	0	0	0	0	0	0	
0	0	0	0	0	0	0	0	0	0	0	0	0	0	0	0	0	0	0	0	0	0	0	0	0	0	0	0	0	0	0	0	0	0	0	0	0	0	48	0	0	0	48	0	0	0	0	0	0	0	0	0	0	0	0	0	0	0	0	0	0	0	0	0	0	0	0	0	0	0	0	0	0	0	0	0	0	0	0	0	
48	0	0	0	0	0	0	0	0	0	0	0	0	0	0	0	0	0	0	0	0	0	0	0	0	0	0	0	0	0	0	0	0	0	0	0	0	0	0	0	0	0	0	0	0	0	0	0	0	0	0	0	0	0	0	48	0	0	0	0	0	0	0	48	0	0	0	0	0	0	0	0	0	0	0	0	0	0	0	0	
0	0	0	0	0	0	0	0	0	0	0	0	0	0	0	48	0	0	0	0	0	0	0	0	0	0	0	0	0	0	0	0	0	0	0	0	0	0	0	0	48	0	0	0	0	0	0	0	0	0	0	0	0	0	0	0	0	0	0	0	0	0	0	0	0	0	0	0	0	0	0	0	0	0	0	0	0	0	0	0	
0	0	0	0	0	0	48	0	0	0	0	0	0	0	0	0	0	0	0	0	0	0	0	48	0	0	0	0	0	0	0	0	0	0	0	0	0	0	0	0	0	0	0	0	0	0	0	0	0	0	0	0	0	0	0	0	0	0	0	0	0	0	0	0	0	0	0	0	0	0	0	0	0	0	0	0	0	0	0	0	
0	0	0	0	0	0	0	0	0	0	0	0	0	0	0	0	0	0	0	0	0	0	0	0	0	0	0	0	0	0	0	0	0	48	0	48	0	0	0	0	0	0	0	0	0	0	0	0	0	0	0	0	0	0	0	0	0	0	0	0	0	0	0	0	0	0	0	0	0	0	0	0	0	0	0	0	0	0	0	0	
0	0	0	0	0	0	0	0	0	0	0	0	0	0	0	0	0	0	0	0	0	0	0	0	0	0	0	0	0	0	0	0	0	0	0	0	0	0	0	0	0	48	48	0	0	0	0	0	0	0	0	0	0	0	0	0	0	0	0	0	0	0	0	0	0	0	0	0	0	0	0	0	0	0	0	0	0	0	0	0	
0	0	0	0	0	0	0	0	0	0	0	0	0	0	0	0	0	0	0	0	48	0	0	0	0	0	0	0	0	0	0	0	0	0	0	0	0	0	0	0	0	0	0	0	0	0	0	0	0	0	0	0	48	0	0	0	0	0	0	0	0	0	0	0	0	0	0	0	0	0	0	0	0	0	0	0	0	0	0	0	
0	0	48	0	0	0	0	0	0	0	0	0	0	0	48	0	0	0	0	0	0	0	0	0	0	0	0	0	0	0	0	0	0	0	0	0	0	0	0	0	0	0	0	0	0	0	0	0	0	0	0	0	0	0	0	0	0	0	0	0	0	0	0	0	0	0	0	0	0	0	0	0	0	0	0	0	0	0	0	0	
0	0	0	0	0	0	0	0	0	0	0	0	0	0	0	0	0	0	0	0	0	0	0	0	0	0	0	0	0	0	0	0	0	0	0	0	0	0	0	0	0	0	0	0	0	0	0	0	0	0	48	0	0	0	48	0	0	0	0	0	0	0	0	0	0	0	0	0	0	0	0	0	0	0	0	0	0	0	0	0	
0	0	0	0	0	0	0	0	0	48	0	0	0	0	0	0	0	48	0	0	0	0	0	0	0	0	0	0	0	0	0	0	0	0	0	0	0	0	0	0	0	0	0	0	0	0	0	0	0	0	0	0	0	0	0	0	0	0	0	0	0	0	0	0	0	0	0	0	0	0	0	0	0	0	0	0	0	0	0	0	
0	0	0	0	0	0	0	0	0	0	0	0	0	0	0	0	0	0	0	0	0	0	48	0	0	0	0	0	0	0	0	0	0	0	0	0	0	0	0	0	0	0	0	0	0	0	0	0	0	0	0	0	48	0	0	0	0	0	0	0	0	0	0	0	0	0	0	0	0	0	0	0	0	0	0	0	0	0	0	0	
0	0	0	0	0	0	0	0	0	0	0	0	0	0	0	0	0	0	0	0	0	0	0	0	0	0	0	0	0	0	0	0	0	0	0	0	0	0	0	0	0	0	0	0	0	48	0	0	0	0	0	0	0	0	0	0	0	0	0	0	0	0	0	48	0	0	0	0	0	0	0	0	0	0	0	0	0	0	0	0	
0	0	0	0	0	0	0	0	0	0	0	0	0	0	0	0	0	0	0	0	0	0	48	0	0	0	0	0	0	0	0	0	0	0	0	0	0	0	0	0	0	0	0	0	0	0	0	0	0	0	0	0	0	0	0	0	0	0	0	48	0	0	0	0	0	0	0	0	0	0	0	0	0	0	0	0	0	0	0	0	
0	0	0	0	0	0	0	0	0	0	0	0	0	0	0	0	0	0	0	0	0	0	0	0	0	0	0	0	0	0	0	0	0	0	0	0	0	0	0	0	0	0	0	0	0	0	0	0	0	0	0	0	0	0	0	0	0	0	0	0	0	0	0	0	48	0	0	48	0	0	0	0	0	0	0	0	0	0	0	0	
0	0	0	0	0	0	0	0	0	0	48	0	0	0	0	0	0	0	0	0	0	0	0	0	0	0	0	0	0	0	0	0	0	0	0	0	0	0	0	48	0	0	0	0	0	0	0	0	0	0	0	0	0	0	0	0	0	0	0	0	0	0	0	0	0	0	0	0	0	0	0	0	0	0	0	0	0	0	0	0	
0	0	0	0	0	0	0	0	0	0	0	0	0	0	0	0	0	0	0	0	0	0	0	0	0	0	0	0	0	0	0	48	0	0	0	0	0	0	0	0	0	0	0	0	0	0	0	0	0	0	0	0	0	0	0	0	48	0	0	0	0	0	0	0	0	0	0	0	0	0	0	0	0	0	0	0	0	0	0	0	
48	0	0	0	0	0	0	0	0	0	0	0	0	0	0	0	0	0	0	0	48	0	0	0	0	0	0	0	0	0	0	0	0	0	0	0	0	0	0	0	0	0	0	0	0	0	0	0	0	0	0	0	0	0	0	0	0	0	0	0	0	0	0	0	0	0	0	0	0	0	0	0	0	0	0	0	0	0	0	0	
0	0	0	0	0	0	0	0	0	0	0	0	0	0	0	0	0	0	0	48	0	48	0	0	0	0	0	0	0	0	0	0	0	0	0	0	0	0	0	0	0	0	0	0	0	0	0	0	0	0	0	0	0	0	0	0	0	0	0	0	0	0	0	0	0	0	0	0	0	0	0	0	0	0	0	0	0	0	0	0	
0	0	0	0	0	0	0	0	48	0	0	0	0	0	0	0	0	0	0	0	0	0	0	0	0	0	0	0	0	0	0	0	0	0	0	0	0	0	0	0	0	0	0	48	0	0	0	0	0	0	0	0	0	0	0	0	0	0	0	0	0	0	0	0	0	0	0	0	0	0	0	0	0	0	0	0	0	0	0	0	
0	0	0	0	0	0	0	0	0	0	0	0	0	0	0	0	0	0	0	0	0	0	0	0	0	0	0	0	0	0	0	0	0	0	0	0	0	0	0	0	0	0	0	0	0	48	0	0	0	0	0	0	0	0	0	48	0	0	0	0	0	0	0	0	0	0	0	0	0	0	0	0	0	0	0	0	0	0	0	0	
0	0	0	0	0	0	0	0	0	0	0	0	0	0	0	0	0	0	0	0	0	0	0	0	0	0	0	0	0	0	0	0	0	48	0	0	0	0	0	0	0	0	0	0	0	0	0	0	0	0	0	0	0	0	0	0	0	48	0	0	0	0	0	0	0	0	0	0	0	0	0	0	0	0	0	0	0	0	0	0	
0	0	0	0	0	0	0	0	0	0	0	0	0	0	0	0	0	0	0	0	0	0	0	0	0	0	0	0	0	0	0	0	0	0	0	0	0	0	0	0	48	0	0	0	0	0	0	0	0	0	0	0	0	0	0	0	0	0	0	0	0	0	0	0	0	0	0	0	0	0	0	0	0	0	0	48	0	0	0	0	
48	48	0	0	0	0	0	0	0	0	0	0	0	0	0	0	0	0	0	0	0	0	0	0	0	0	0	0	0	0	0	0	0	0	0	0	0	0	0	0	0	0	0	0	0	0	0	0	0	0	0	0	0	0	0	0	0	0	0	0	0	0	0	0	0	0	0	0	0	0	0	0	0	0	0	0	0	0	0	0	
0	0	0	0	0	0	0	0	0	0	0	0	0	0	0	0	0	0	0	0	0	0	0	0	0	0	0	0	0	0	0	0	0	0	0	0	0	0	0	0	0	0	0	0	0	0	0	0	0	0	0	0	0	0	0	0	0	48	0	0	0	0	0	0	0	0	0	0	48	0	0	0	0	0	0	0	0	0	0	0	
0	0	0	0	0	0	0	0	0	0	0	0	0	0	0	0	0	0	0	0	0	0	0	0	0	0	0	0	0	0	48	0	0	0	0	0	0	0	0	0	0	0	0	0	0	0	0	0	0	0	0	0	0	0	0	0	0	0	0	0	0	0	0	0	0	0	0	48	0	0	0	0	0	0	0	0	0	0	0	0	
0	0	0	0	48	0	0	0	0	0	0	0	0	0	0	0	0	0	48	0	0	0	0	0	0	0	0	0	0	0	0	0	0	0	0	0	0	0	0	0	0	0	0	0	0	0	0	0	0	0	0	0	0	0	0	0	0	0	0	0	0	0	0	0	0	0	0	0	0	0	0	0	0	0	0	0	0	0	0	0	
0	0	0	0	0	0	0	0	0	0	0	0	0	0	0	0	0	0	0	0	0	0	0	0	0	48	0	0	0	48	0	0	0	0	0	0	0	0	0	0	0	0	0	0	0	0	0	0	0	0	0	0	0	0	0	0	0	0	0	0	0	0	0	0	0	0	0	0	0	0	0	0	0	0	0	0	0	0	0	0	
0	0	0	0	0	0	0	0	0	0	0	48	0	0	0	0	0	0	0	0	0	0	0	0	0	0	0	0	0	0	0	0	0	0	0	0	0	0	0	0	0	0	0	0	0	0	0	0	0	0	0	0	0	0	0	0	0	0	0	0	0	0	0	0	0	0	0	0	0	0	0	0	0	0	48	0	0	0	0	0	
0	0	0	0	0	0	0	0	0	0	0	0	0	0	0	0	0	0	0	0	0	0	0	0	0	0	0	0	0	48	0	0	0	0	0	0	0	0	0	0	0	0	0	0	0	0	0	0	0	0	0	0	0	0	0	0	0	0	0	0	0	0	0	0	0	0	0	0	0	0	0	0	0	0	48	0	0	0	0	0	
0	0	0	0	0	0	0	0	0	0	0	0	0	0	0	0	0	0	0	48	0	48	0	0	0	0	0	0	0	0	0	0	0	0	0	0	0	0	0	0	0	0	0	0	0	0	0	0	0	0	0	0	0	0	0	0	0	0	0	0	0	0	0	0	0	0	0	0	0	0	0	0	0	0	0	0	0	0	0	0	
0	0	0	0	0	0	0	0	0	0	0	0	0	0	0	0	0	0	0	0	0	0	0	0	0	0	0	0	0	0	0	0	0	0	0	0	0	0	0	0	0	0	0	0	0	0	0	0	0	0	0	0	0	0	0	0	0	0	0	0	0	0	0	0	0	0	0	0	0	0	0	48	48	0	0	0	0	0	0	0	
0	0	0	0	0	0	0	0	0	0	0	0	0	0	0	0	0	0	0	0	0	0	0	0	0	0	0	0	0	0	0	0	0	0	0	0	0	0	0	48	0	0	0	0	0	0	0	0	0	0	0	0	0	0	0	0	0	0	0	0	0	0	0	0	0	48	0	0	0	0	0	0	0	0	0	0	0	0	0	0	
0	0	0	0	0	0	0	48	0	0	0	0	0	0	0	0	0	0	0	0	0	0	0	0	0	0	0	0	0	0	0	0	0	0	0	0	48	0	0	0	0	0	0	0	0	0	0	0	0	0	0	0	0	0	0	0	0	0	0	0	0	0	0	0	0	0	0	0	0	0	0	0	0	0	0	0	0	0	0	0	
48	0	0	0	0	0	0	0	0	0	0	0	0	0	0	0	0	0	0	0	0	0	0	0	0	0	0	0	0	0	0	0	0	0	0	0	0	0	0	0	0	0	0	0	0	0	0	0	0	0	0	0	0	0	0	0	0	0	0	0	0	0	0	0	0	0	0	0	0	0	0	0	0	0	0	0	0	0	0	0	
0	0	0	0	0	0	0	0	0	0	0	0	0	0	0	0	0	0	0	0	0	0	0	0	0	0	0	0	0	0	48	0	0	0	0	48	0	0	0	0	0	0	0	0	0	0	0	0	0	0	0	0	0	0	0	0	0	0	0	0	0	0	0	0	0	0	0	0	0	0	0	0	0	0	0	0	0	0	0	0	
0	0	0	48	0	0	0	0	0	0	0	0	0	0	0	0	0	0	0	0	0	0	0	0	0	0	0	0	48	0	0	0	0	0	0	0	0	0	0	0	0	0	0	0	0	0	0	0	0	0	0	0	0	0	0	0	0	0	0	0	0	0	0	0	0	0	0	0	0	0	0	0	0	0	0	0	0	0	0	0	
8	56	22	61	71	11	7	62	67	23	16	10	50	65	5	57	53	32	67	30	59	22	29	53	29	55	20	15	29	36	57	14	44	77	14	34	42	4	50	13	57	10	71	63	73	32	79	25	76	39	41	60	67	79	8	74	62	11	76	51	30	74	5	57	69	46	6	11	36	24	31	12	28	56	65	29	28	65	29	78	56	50	37	16	31	77	24	20	35	35	56	76	68	21	39	56	36	52	68	9	35	64	50	1	51	39	57	31	12	56	61	67	30	22	40	43	37	15	70	52	63	15	6	27	7	4	3	61	76	75	59	71	74	0	43	7	15	33	63	72	71	26	53	56	63	72	42	52	52	57	43	9	67	26	36	21	26	71	20	67	5	78	54	33	49	27	24	28	44	27	54	34	2	13	14	78	16	11	30	78	35	52	48	0	73	53	36	15	14	58	37	73	79	1	66	76	9	38	38	51	58	39	78	29	62	65	9	5	18	63	2	57	52	49	7	7	15	50	5	26	18	79	56	49	74	54	79	23	2	35	24	15	63	10	45	39	14	31	36	43	20	43	71	18	59	24	15	7	58	30	21	65	44	71	1	75	25	11	45	28	26	20	34	62	57	42	8	27	77	55	73	42	49	51	78	21	45	71	16	53	11	45	71	67	2	30	77	24	29	65	74	29	35	34	73	75	64	8	49	27	26	60	76	70	11	55	2	68	77	52	45	64	40	25	70	66	69	33	6	2	29	37	70	34	66	49	70	2	53	37	50	67	5	54	42	43	32	18	65	71	1	42	58	32	43	64	23	38	18	67	8	11	22	6	78	15	23	72	59	68	40	44	79	43	72	50	28	68	57	10	1	1	59	7	17	2	49	25	29	25	26	65	20	38	73	16	41	75	61	8	77	9	72	24	48	64	10	18	67	34	6	40	23	63	11	57	62	9	44	8	56	33	24	4	38	55	33	48	74	28	39	76	4	19	77	9	21	74	66	8	31	37	8	26	1	67	0	0	15	37	27	43	55	13	26	44	60	28	29	21	31	66	55	37	31	1	23	31	63	58	15	18	64	13	0	49	49	43	26	76	21	22	32	20	28	15	1	25	24	7	79	46	73	13	75	4	0	53	6	10	47	46	16	18	37	26	28	77	38	57	25	45	48	77	9	17	38	70	77	76	8	54	38	61	72	77	36	71	22	78	21	39	65	15	47	22	66	48	15	37	0	79	18	31	39	24	68	50	20	72	51	43	35	29	59	38	51	67	73	34	32	23	44	58	17	33	24	1	73	16	1	53	52	62	26	45	77	54	29	67	28	48	66	47	73	53	50	12	15	79	7	17	54	6	57	23	54	2	66	9	9	15	59	62	9	23	54	63	9	39	20	49	14	56	50	39	62	47	70	22	63	66	36	34	21	54	19	50	21	14	37	73	36	17	2	77	39	68	13	35	51	59	44	48	14	11	35	25	27	74	24	35	33	12	32	50	36	22	63	61	9	30	75	71	5	40	57	6	61	74	29	64	7	72	77	24	6	71	14	68	17	61	4	9	44	78	4	27	44	64	21	1	38	23	26	78	63	72	25	9	77	25	22	37	19	46	7	8	56	13	17	56	0	58	24	24	16	58	34	77	13	67	52	62	12	41	2	63	67	49	18	52	5	1	72	52	57	29	74	34	67	75	77	36	8	79	70	63	77	14	41	72	39	46	75	4	44	51	3	72	47	3	52	25	39	50	51	27	24	69	71	5	55	2	50	58	41	13	44	32	51	76	24	77	26	51	12	4	52	23	28	10	5	30	79	6	1	60	7	28	31	23	76	65	35	34	49	57	19	69	27	10	34	34	17	74	38	49	22	12	69	52	17	36	78	58	42	39	19	17	24	68	45	76	27	76	29	58	19	48	51	29	3	2	33	38	43	66	23	69	28	9	4	23	58	74	47	15	44	33	32	54	5	11	3	17	2	26	65	10	11	0	58	30	71	41	73	9	55	16	41	69	11	7	16	42	19	49	18	77	45	12	50	57	17	44	20	73	22	36	61	4	3	5	5	7	6	61	73	30	74	23	5	55	45	48	7	22	21	68	51	61	78	32	19	23	78	2	4	21	39	44	21	70	73	55	34	76	71	10	60	11	2	70	59	44	49	77	4	5	57	11	18	14	19	25	18	78	23	20	30	13	15	47	6	79	9	61	48	11	75	4	22	34	28	60	3	44	65	31	18	73	6	0	67	1	52	47	5	4	34	67	38	42	33	50	79	5	63	18	68	20	37	36	65	39	49	41	48	34	60	7	10	31	25	48	69	56	53	19	28	55	76	73	49	39	28	17	49	68	42	8	8	34	42	26	65	12	4	56	60	50	34	20	50	44	50	2	38	4	75	46	62	59	12	20	64	33	20	61	1	54	8	29	72	68	42	68	65	71	76	39	19	20	15	11	66	45	38	24	12	68	28	30	69	20	71	26	57	11	21	38	0	29	53	60	59	72	38	24	63	71	5	53	18	68	31	12	20	62	37	77	36	46	31	59	69	2	61	76	31	66	72	13	51	68	41	26	39	39	78	4	43	58	8	30	1	59	39	30	23	61	73	7	27	18	57	20	40	53	19	64	21	51	79	48	22	13	6	43	35	0	13	11	74	68	42	25	7	60	19	48	18	3	74	42	75	62	0	48	51	40	24	77	31	64	24	61	49	63	71	69	57	74	64	28	26	62	75	57	44	52	17	20	41	58	64	59	20	10	24	61	39	44	33	72	25	52	69	73	33	21	59	24	5	6	6	9	15	62	61	52	39	37	31	42	18	17	17	30	48	71	72	40	54	77	9	11	8	7	42	44	29	10	48	33	40	36	77	25	48	3	5	42	15	42	19	19	43	41	39	53	8	44	64	68	37	78	42	24	66	33	61	65	49	26	6	24	54	57	20	13	53	6	29	57	44	8	63	25	54	36	19	7	62	51	2	44	61	29	20	56	45	7	2	44	33	74	18	51	13	46	52	19	53	73	4	40	6	73	46	3	63	67	48	41	25	40	61	58	53	30	7	74	75	14	44	70	28	10	5	71	7	77	20	65	48	5	67	35	9	57	58	42	55	15	46	16	23	62	12	26	72	29	46	17	2	6	61	51	22	20	36	67	2	23	45	44	26	2	4	54	79	24	32	2	13	20	22	79	64	14	16	41	52	5	46	34	17	42	62	22	28	30	2	61	46	17	43	20	73	34	32	56	74	78	65	2	64	37	51	30	17	67	40	57	55	23	48	3	34	26	18	41	74	43	32	10	71	1	77	59	58	58	17	48	66	72	35	53	19	30	3	76	69	67	71	65	39	12	55	77	21	76	62	57	30	72	41	55	9	5	38	4	53	70	69	20	32	35	67	47	24	18	64	21	35	4	62	18	26	51	18	68	47	13	74	59	49	79	40	37	15	14	65	16	69	67	29	57	79	64	10	79	70	1	15	2	35	37	7	71	64	67	48	74	40	32	71	45	31	24	3	48	31	18	32	20	68	42	40	12	55	50	55	62	50	1	69	6	72	55	31	4	68	30	34	35	55	22	65	9	49	21	43	8	6	53	32	65	40	72	2	5	22	47	79	18	64	21	
56	1	58	46	69	38	58	18	75	49	18	21	27	68	74	74	67	6	39	69	32	38	79	10	23	70	48	21	5	35	55	51	40	25	32	48	60	54	58	43	62	22	16	32	59	55	63	44	65	53	70	76	43	30	0	76	57	78	60	11	53	51	36	5	14	57	56	23	16	14	36	62	40	14	52	55	67	7	38	63	63	5	38	19	72	54	19	32	59	6	24	51	22	51	35	9	4	73	65	15	68	22	63	18	26	74	48	44	50	64	65	49	34	30	30	42	66	45	47	64	75	4	62	12	22	79	4	23	77	52	74	26	56	31	8	30	64	22	40	28	46	52	34	76	27	2	49	41	65	40	76	10	39	79	29	42	40	33	12	17	44	23	35	7	13	8	43	6	2	64	76	8	54	37	49	20	49	67	33	52	44	48	21	50	49	7	72	37	23	1	1	23	73	38	41	65	47	15	59	76	66	38	14	17	12	52	60	25	4	48	13	77	5	22	44	70	71	28	48	61	35	45	34	42	3	34	61	40	78	40	31	45	60	56	9	16	31	78	43	33	13	29	9	39	10	10	10	70	75	76	17	19	22	54	69	67	79	45	9	43	60	71	3	64	48	9	72	8	51	40	61	23	72	24	23	65	36	30	59	61	12	65	77	31	70	36	4	77	6	45	19	58	34	48	16	29	46	3	0	25	16	74	56	21	27	28	45	37	39	27	52	30	6	31	66	69	79	43	75	48	71	0	24	72	39	62	46	53	45	53	36	43	74	60	43	37	42	77	0	79	12	43	62	4	61	33	50	15	11	29	57	79	66	60	16	64	0	11	4	63	50	54	2	10	35	43	23	13	19	55	0	5	77	6	58	15	78	7	50	73	36	53	54	15	44	78	33	46	18	79	33	3	67	36	35	28	61	27	4	53	61	17	17	59	47	3	24	44	49	77	20	36	79	78	35	0	54	17	18	77	37	20	79	40	38	3	37	47	8	13	66	78	56	45	4	35	50	64	22	73	68	69	22	47	42	56	18	49	18	5	37	45	40	58	13	63	58	67	56	36	52	31	65	41	52	57	23	75	55	63	69	40	8	62	42	28	39	66	1	52	63	26	41	46	13	1	13	38	15	68	44	41	33	34	33	68	49	38	11	69	12	79	6	72	14	7	14	10	4	62	34	72	76	79	13	48	51	73	62	27	50	41	25	45	11	71	21	78	68	73	45	39	70	7	74	49	25	60	53	37	70	79	7	77	39	73	41	17	52	21	20	10	7	70	7	58	69	23	76	79	79	69	53	51	72	53	23	76	52	76	39	46	10	46	10	62	76	66	54	50	50	27	79	78	47	63	73	40	25	35	11	36	68	45	63	20	61	0	77	4	7	66	56	32	32	56	66	56	55	67	44	31	31	53	69	20	71	62	49	73	34	31	15	47	0	42	33	71	66	79	7	33	73	32	51	48	38	44	5	35	58	54	64	60	54	63	18	76	43	6	30	36	59	14	69	4	21	56	55	31	12	3	22	20	47	34	35	37	33	54	46	51	50	78	41	15	67	45	4	9	36	4	65	3	40	50	16	79	15	10	51	76	27	61	42	60	59	26	40	79	33	36	43	8	78	60	71	54	68	65	58	59	34	6	8	40	11	59	64	30	31	2	67	14	30	27	68	8	27	7	49	30	70	24	30	33	64	14	26	2	10	74	6	34	53	45	52	34	67	25	53	34	51	31	57	69	23	62	18	74	65	41	0	67	64	48	53	16	7	21	34	20	70	72	55	78	13	42	37	33	79	60	79	28	60	0	35	32	5	38	69	64	27	0	36	28	15	14	65	52	67	33	79	42	38	10	44	31	26	11	12	10	26	9	12	75	19	12	74	39	17	31	10	58	31	65	10	2	11	30	37	27	65	3	10	19	48	77	69	70	67	20	50	59	33	33	61	13	50	8	75	11	79	57	60	18	43	3	63	8	15	21	9	75	11	45	29	57	24	75	78	24	70	67	42	31	75	52	73	7	7	48	28	69	58	72	48	2	28	54	13	46	6	23	14	35	17	22	29	10	6	28	18	44	52	68	36	73	48	50	8	26	18	59	64	66	43	65	46	13	19	3	68	8	60	35	49	14	23	20	17	4	29	43	37	69	67	19	67	6	28	3	61	18	42	11	47	58	34	78	35	36	26	51	50	42	28	29	44	34	66	52	55	19	62	23	65	74	66	67	69	10	15	30	45	76	51	40	41	16	16	11	21	1	41	10	62	24	71	25	46	61	71	38	54	8	71	36	71	15	66	57	59	44	74	24	18	66	59	64	2	38	35	36	58	16	51	65	71	10	55	34	27	78	73	35	43	78	62	79	3	73	32	21	41	60	55	20	25	54	68	38	43	18	74	36	30	54	11	29	32	49	29	79	5	54	20	53	59	1	70	9	70	79	9	7	35	51	71	6	29	57	55	25	12	8	24	64	2	40	9	70	62	16	41	56	51	57	5	63	17	26	65	24	45	74	73	56	16	13	43	13	19	28	65	70	19	8	19	36	3	74	22	66	40	9	76	7	44	54	20	53	3	50	4	68	48	30	30	27	5	42	77	9	39	62	9	34	68	43	55	76	70	59	65	1	58	56	33	75	15	2	40	40	7	48	58	22	76	56	21	8	79	37	37	38	50	8	28	50	75	63	44	6	75	59	60	19	50	32	72	53	76	24	60	68	42	40	51	42	55	15	24	74	35	23	39	53	7	4	20	43	12	51	22	75	74	68	4	20	4	71	46	73	58	13	25	46	65	12	54	51	71	66	49	23	14	56	59	29	75	0	5	20	33	75	79	62	48	57	11	76	10	76	58	32	15	30	68	36	59	48	31	9	9	75	56	53	45	59	61	22	51	3	41	39	4	41	25	5	4	64	2	31	73	61	34	37	42	4	52	78	56	50	58	35	18	3	0	35	57	71	1	8	68	19	17	8	9	28	37	8	13	31	23	72	9	45	8	5	54	75	50	7	76	65	71	24	2	31	60	29	0	63	74	68	12	32	47	30	65	63	35	50	68	61	78	34	79	40	38	39	40	47	60	18	46	7	43	29	50	61	76	30	61	69	5	57	75	44	36	23	41	18	37	30	42	28	8	65	64	45	7	25	47	42	54	28	57	79	74	43	28	12	2	74	27	23	67	8	10	55	10	6	19	65	14	52	36	73	44	21	10	43	66	4	6	59	23	30	55	48	67	8	69	36	25	75	41	25	33	10	52	14	46	8	70	30	7	44	48	33	79	62	5	9	4	46	1	30	8	53	24	41	19	32	19	4	67	45	78	70	46	59	1	18	8	56	70	59	19	41	6	62	60	52	17	23	56	42	72	39	65	74	3	14	53	19	50	49	24	62	66	21	55	50	28	45	46	24	66	63	68	27	62	50	17	45	50	43	11	26	29	31	56	39	33	5	44	32	55	30	26	23	63	45	66	72	22	67	62	19	8	65	33	50	57	9	37	29	46	14	52	6	72	71	20	53	20	24	77	31	27	38	52	29	4	70	22	11	74	48	54	35	55	8	18	47	66	11	37	62	26	57	22	50	1	35	69	73	35	22	15	79	79	56	53	44	20	10	
18	4	8	2	20	6	16	9	10	2	12	1	19	5	17	5	8	2	18	20	6	13	14	9	9	9	15	19	14	8	14	20	10	1	13	9	14	15	4	10	3	18	5	5	14	8	8	11	20	8	7	16	13	1	10	18	8	11	11	10	17	3	18	1	8	2	16	7	12	9	3	14	17	2	11	7	3	5	2	2	20	3	1	17	10	9	19	17	4	13	12	18	17	11	14	3	8	19	4	14	3	5	11	11	15	20	1	19	2	19	14	8	3	12	12	7	4	5	5	15	14	1	14	18	3	20	3	16	10	20	2	12	14	4	8	18	15	13	1	2	6	3	15	15	4	7	3	20	18	7	17	19	2	19	11	5	19	16	18	3	12	8	18	6	5	19	5	11	15	7	3	3	15	19	2	18	14	19	15	10	6	14	14	9	6	13	5	10	17	13	5	7	15	4	18	1	17	10	6	5	4	5	14	12	17	1	18	14	6	16	8	14	10	2	4	15	20	12	12	4	16	16	13	8	11	2	16	17	6	19	2	15	5	14	19	13	1	12	10	11	19	2	1	2	2	7	7	7	16	6	18	4	17	5	20	13	20	13	5	4	10	14	17	1	5	14	15	5	6	3	19	6	9	4	18	7	16	3	17	8	4	4	9	3	1	10	11	3	20	20	16	16	3	13	18	8	7	8	20	6	4	10	20	10	20	18	4	2	12	8	4	17	4	12	16	15	9	12	3	9	14	13	20	1	20	12	17	9	17	2	6	19	18	7	12	3	7	2	8	10	15	14	9	9	7	15	15	19	18	19	16	7	4	2	9	11	10	13	3	16	1	18	6	3	11	14	4	1	19	1	10	15	16	16	12	6	10	5	20	3	15	8	11	15	2	3	2	19	10	6	5	20	11	15	2	7	6	18	9	4	16	16	17	2	15	15	9	4	11	12	14	9	5	3	7	5	18	1	3	12	11	20	20	20	10	20	10	7	18	7	15	8	10	5	12	17	11	12	14	12	12	16	1	4	8	6	19	7	10	12	5	18	13	19	4	10	9	7	4	8	8	1	15	1	1	15	13	2	15	1	9	4	14	13	17	16	3	3	5	6	20	9	5	17	20	7	1	17	18	6	18	2	6	4	15	3	9	2	15	11	17	7	4	13	6	15	19	12	4	17	20	15	18	2	9	5	13	7	19	8	15	12	19	15	2	15	5	15	20	20	8	18	1	8	12	11	10	15	4	6	5	15	3	17	15	9	16	3	19	9	6	10	12	9	1	3	12	9	13	11	4	2	7	8	11	18	11	5	4	12	6	12	5	16	17	17	15	3	18	9	3	2	17	11	10	6	8	10	8	8	18	11	4	5	11	20	18	12	17	9	13	11	14	14	20	4	2	11	20	16	10	9	19	20	15	13	1	4	14	17	16	18	13	4	13	7	19	13	8	20	18	13	10	13	19	3	9	4	3	10	14	18	11	3	9	8	16	9	15	14	15	3	2	14	2	5	7	17	4	20	14	12	11	1	1	16	4	18	16	17	8	19	12	9	1	2	7	1	14	14	2	9	1	2	9	4	4	18	14	5	10	7	5	10	17	15	12	11	3	6	15	3	7	5	16	5	15	17	15	11	5	16	18	9	12	10	13	18	15	4	6	9	1	12	9	16	13	18	4	8	2	11	8	13	19	16	20	2	15	6	12	6	1	19	15	11	4	7	6	17	7	16	19	10	9	17	15	20	1	5	6	9	2	20	1	1	19	4	6	4	16	8	6	14	13	3	1	1	9	5	16	13	4	20	13	5	2	4	13	12	6	14	4	16	20	3	8	6	1	1	13	10	1	19	16	19	3	20	3	4	3	13	18	16	1	5	11	1	5	4	14	6	7	5	1	5	3	8	3	2	13	19	5	11	4	1	3	5	4	1	6	2	12	14	1	1	12	8	9	12	7	8	10	5	2	4	5	3	13	3	6	4	14	1	1	11	12	3	4	13	16	16	10	13	12	16	7	7	7	13	12	16	3	2	11	13	14	11	5	11	10	1	7	6	5	13	8	14	16	6	15	12	9	11	15	1	12	12	9	7	7	5	14	11	14	13	3	1	3	9	2	12	12	14	1	11	14	2	9	12	16	2	14	8	9	7	8	15	8	14	12	9	13	3	6	11	10	7	12	14	5	1	4	14	7	8	9	5	11	14	12	9	8	11	15	2	15	10	6	14	14	7	3	9	7	8	3	11	16	16	8	6	9	15	4	10	1	16	14	11	11	4	4	6	5	12	10	3	7	16	16	7	2	7	14	14	14	7	10	15	7	1	4	11	14	12	4	10	4	2	4	1	16	16	3	4	7	14	10	8	4	1	5	14	3	10	14	9	9	15	13	14	15	15	2	9	16	7	16	6	12	11	15	6	14	1	9	9	12	2	4	11	15	1	13	12	11	12	1	5	5	12	10	15	7	4	13	6	15	9	15	6	12	13	1	16	3	1	2	4	3	1	16	5	5	5	3	16	11	4	14	6	11	4	2	9	12	13	6	2	6	13	9	8	10	5	8	13	10	11	8	16	2	4	8	15	12	16	10	5	4	7	14	9	10	7	1	10	12	10	14	14	11	10	2	8	11	14	11	15	2	6	6	6	7	1	11	9	5	8	6	15	2	6	9	14	7	3	1	3	6	3	7	4	7	4	7	1	11	9	6	10	12	14	16	2	1	15	10	11	5	3	14	4	2	10	10	14	13	12	15	1	5	10	7	5	16	3	12	11	1	16	5	3	6	10	6	1	5	11	13	2	12	6	14	12	10	9	4	8	1	15	10	14	1	15	13	1	13	16	16	6	8	5	2	15	12	2	2	14	5	12	3	10	9	5	4	3	10	3	11	9	4	5	6	1	3	13	2	7	1	12	12	3	7	8	15	12	8	13	3	5	8	11	16	16	14	16	7	12	1	3	14	5	16	11	5	5	4	3	14	10	12	10	5	10	14	15	14	14	14	1	15	10	12	12	4	12	9	6	1	13	10	5	5	9	7	16	14	15	9	2	7	4	4	3	1	15	4	11	7	7	7	6	15	1	7	15	11	14	4	2	16	4	4	10	9	4	10	11	14	2	2	6	11	6	4	16	8	5	8	10	2	7	3	1	5	3	3	4	12	8	15	13	7	16	14	12	12	11	15	12	6	12	2	12	1	2	6	1	3	10	14	16	3	4	5	5	1	4	3	13	3	8	9	7	16	7	3	11	9	16	5	7	7	14	3	4	11	12	4	13	10	4	16	9	4	8	8	5	13	15	7	5	14	8	2	10	13	2	9	13	3	4	15	13	7	12	12	1	4	8	11	16	9	1	9	16	5	7	9	7	3	6	6	15	11	8	13	16	12	6	13	6	8	13	7	4	1	11	16	3	1	13	8	3	3	6	8	5	1	3	15	2	13	4	15	1	10	10	14	7	7	3	9	11	2	2	13	14	16	14	13	10	3	3	13	9	5	14	13	7	15	1	10	16	8	7	2	6	10	6	9	3	15	4	15	4	9	9	5	9	6	2	14	1	1	12	1	11	11	1	5	1	3	5	10	6	2	9	2	11	14	6	13	5	15	2	5	8	
210	920	390	420	780	740	600	220	440	950	370	210	630	380	920	680	510	290	860	380	250	400	950	370	720	810	660	690	550	820	490	150	770	820	590	940	820	520	650	490	760	630	650	300	810	290	210	170	1000	680	970	140	480	250	700	110	260	750	120	840	200	900	460	650	300	840	560	450	310	900	570	180	250	420	360	960	650	150	820	310	430	860	700	860	280	670	930	240	620	960	1000	630	340	140	910	970	660	810	100	130	330	910	190	240	640	510	530	100	590	480	950	810	430	460	130	650	580	580	190	290	680	360	100	350	230	610	400	270	940	900	320	480	920	800	680	260	120	460	100	810	580	380	480	200	770	350	680	340	110	760	150	970	170	260	890	200	690	770	670	280	580	890	660	810	840	540	920	380	770	720	190	1000	450	160	410	240	490	880	750	740	400	350	540	800	840	210	160	280	900	660	260	650	420	430	310	850	480	360	500	350	550	750	440	420	880	580	560	510	260	690	890	750	200	790	160	440	630	800	450	320	480	900	790	300	980	960	880	260	430	970	510	620	790	550	510	680	960	370	880	610	370	580	700	520	670	520	640	960	310	320	800	940	160	860	370	720	510	920	240	870	570	260	680	190	1000	180	170	900	1000	870	810	720	390	670	340	380	370	300	160	140	120	500	820	460	910	910	130	330	100	950	730	840	220	890	680	660	560	710	640	520	980	340	820	550	840	470	230	370	270	630	950	710	660	260	340	810	290	540	580	200	780	440	290	450	790	530	270	880	990	280	370	650	900	230	320	610	990	820	150	480	510	950	570	870	590	490	800	600	810	380	850	150	860	890	300	770	700	100	580	280	290	980	660	780	920	630	470	820	270	970	300	590	850	890	460	470	670	290	700	450	680	800	740	860	430	530	830	860	260	800	890	400	870	730	710	550	320	550	620	250	580	960	770	480	100	610	830	200	270	830	500	990	950	170	780	880	950	920	790	620	590	520	900	720	160	310	680	980	1000	320	1000	890	120	900	690	250	260	230	980	200	650	470	250	420	650	440	120	370	870	460	240	290	150	200	760	490	150	850	710	410	320	130	740	100	810	910	220	790	440	940	960	650	840	1000	990	790	130	750	800	240	220	910	310	860	680	940	530	700	130	560	950	750	300	120	900	670	180	120	390	460	900	800	930	710	110	880	230	280	140	370	890	650	900	750	230	590	560	980	270	600	650	500	370	920	970	520	350	170	190	540	640	390	110	480	630	740	850	840	490	610	100	890	490	240	690	460	460	220	950	840	400	170	730	450	860	400	360	650	300	950	650	100	360	170	470	570	860	460	1000	300	140	180	650	530	400	830	340	790	630	940	850	500	890	380	110	180	780	480	360	420	980	290	990	980	770	810	720	620	970	260	630	490	900	880	540	960	720	960	750	580	370	930	200	910	800	470	880	880	940	590	900	980	760	560	550	500	290	840	710	400	460	350	720	440	300	870	470	250	750	1000	410	120	120	250	380	140	230	330	880	100	210	400	860	660	220	880	920	300	270	450	860	150	480	920	270	840	180	560	200	500	260	760	100	300	960	250	130	470	590	900	710	930	310	180	950	680	310	300	690	970	710	180	730	290	870	760	910	430	120	550	370	390	560	830	530	670	660	710	810	630	660	130	810	360	840	350	860	690	620	250	550	340	310	530	120	610	290	390	360	680	860	290	510	630	580	890	420	890	790	230	330	270	930	360	160	680	480	780	980	270	820	500	980	710	540	300	460	700	160	420	980	330	990	620	350	710	750	490	310	700	860	330	210	940	150	280	940	650	730	150	270	120	660	580	850	980	260	910	400	190	230	520	740	850	200	990	580	430	800	370	740	640	700	700	910	390	740	670	230	890	410	810	540	180	190	770	310	650	350	700	390	630	820	380	650	560	660	540	520	800	640	270	700	380	650	790	430	180	550	680	310	380	650	110	840	260	140	980	480	130	530	490	600	660	150	100	660	210	160	280	1000	510	610	210	980	910	250	160	940	390	350	360	190	380	740	530	340	870	540	430	870	1000	290	270	760	600	220	620	750	200	650	860	170	740	410	980	200	420	520	420	180	300	510	310	930	970	300	610	920	460	630	220	220	260	130	570	290	780	140	160	680	940	330	630	720	910	240	370	980	370	460	710	170	330	560	750	350	710	330	1000	250	590	280	230	360	720	240	820	360	800	900	740	180	590	390	990	590	460	330	300	830	230	770	450	230	460	970	530	340	220	860	890	970	780	800	170	940	760	340	660	160	1000	250	490	110	300	800	300	630	900	260	880	410	390	680	290	910	970	250	230	560	610	280	340	200	920	110	880	380	350	750	760	140	760	180	750	640	860	110	540	830	880	830	780	930	470	790	620	400	330	160	470	120	140	690	200	640	180	370	340	420	220	480	320	460	230	780	670	120	900	700	930	270	920	870	720	200	480	650	610	140	380	810	220	450	230	820	550	120	530	440	920	990	360	860	120	650	430	860	970	220	170	620	580	140	120	140	600	190	180	860	610	530	910	910	650	480	310	860	360	810	680	470	740	840	690	280	660	310	290	350	170	790	690	890	130	350	540	1000	510	390	530	980	680	730	420	590	720	550	790	760	850	770	510	740	180	680	460	960	820	480	360	260	760	450	380	640	530	980	860	100	360	120	310	590	440	750	140	310	710	360	280	360	350	370	1000	290	480	100	950	740	300	120	370	120	270	280	660	770	360	660	440	480	820	720	920	390	410	940	950	790	160	120	330	190	450	530	800	990	980	920	530	950	560	220	340	190	460	960	700	970	190	730	800	140	850	740	140	830	620	390	880	760	600	430	600	200	160	450	850	810	780	950	980	750	890	800	780	740	920	970	650	400	580	700	430	840	650	510	120	580	260	370	740	730	440	680	870	220	660	820	780	1000	340	450	160	710	210	950	530	450	540	960	650	550	380	600	830	830	670	300	330	480	170	290	300	330	610	440	130	740	780	180	420	630	690	750	840	540	430	600	960	570	670	450	980	750	930	300	360	180	110	370	320	840	210	880	120	820	110	410	650	690	570	290	670	830	530	190	600	890	380	350	940	720	870	750	200	830	690	960	430	780	700	950	750	330	460	930	750	220	660	980	420	630	770	130	690	200	190	900	1000	190	520	850	530	600	470	820	950	320	830	870	1000	870	880	920	910	750	660	210	450	220	270	510	270	860	650	950	490	660	250	890	550	840	150	800	900	570	240	550	750	500	340	390	1000	550	320	880	960	690	870	440	640	190	720	390	480	910	140	300	440	130	790	790	930	750	990	120	750	450	920	410	910	760	740	460	500	550	610	1000	250	570	770	240	530	920	490	920	460	270	710	910	770	810	110	880	130	870	520	980	310	550	990	880	590	540	820	370	670	610	970	490	690	660	430	150	870	420	390	250	410	510	920	220	830	520	660	620	550	390	350	710	820	130	150	300	460	720	840	580	690	340	520	260	750	700	500	230	640	270	260	860	340	320	880	860	200	820	460	430	340	710	920	310	770	590	180	730	960	850	540	450	870	220	1000	120	470	170	130	160	500	920	810	650	780	670	730	130	390	930	650	570	850	440	120	100	890	620	470	380	130	500	200	350	670	820	580	430	110	640	530	180	410	420	830	650	170	110	250	
100
