2844
80
4
90
0	0	0	0	0	0	0	0	0	0	0	0	0	0	0	0	0	0	0	0	0	0	0	0	0	0	0	0	0	0	500	0	0	500	0	0	0	0	0	0	0	0	0	0	0	0	0	0	0	0	0	0	0	0	0	0	0	0	0	0	0	500	0	0	0	0	0	0	0	0	0	0	0	0	0	0	0	500	0	0	
0	0	0	0	0	500	0	0	500	0	0	0	0	0	0	0	0	0	0	0	0	0	0	0	0	0	0	0	0	0	0	0	0	0	0	0	0	0	0	0	500	0	0	0	0	0	0	0	0	500	0	0	0	0	0	0	0	0	0	0	0	0	0	0	0	0	0	0	0	0	0	0	0	0	0	0	0	0	0	0	
0	0	0	0	0	0	500	0	0	0	0	0	0	0	500	0	0	0	0	0	0	0	0	0	0	0	0	0	0	0	0	0	0	0	0	0	0	0	0	0	0	0	0	0	0	0	0	0	0	0	0	0	500	0	0	0	0	0	0	500	0	0	0	0	0	0	0	0	0	0	0	0	0	0	0	0	0	0	0	0	
0	0	0	0	0	0	0	0	0	0	0	0	500	0	0	0	0	0	0	0	0	0	0	0	0	0	0	0	0	0	0	0	0	0	0	0	0	0	0	0	0	0	0	0	0	0	0	0	0	0	0	0	0	0	0	0	500	0	500	0	0	0	0	0	0	0	0	500	0	0	0	0	0	0	0	0	0	0	0	0	
0	0	0	0	0	0	0	0	0	0	0	0	0	0	0	0	0	0	0	0	0	0	0	0	0	0	500	0	0	0	0	500	0	0	0	0	0	0	0	0	0	0	500	0	0	0	0	0	0	0	500	0	0	0	0	0	0	0	0	0	0	0	0	0	0	0	0	0	0	0	0	0	0	0	0	0	0	0	0	0	
0	500	0	0	0	0	0	0	500	0	0	0	0	0	0	0	0	0	0	0	0	0	0	0	0	0	0	0	0	0	0	0	0	0	0	0	0	0	0	0	500	0	0	500	0	0	0	0	0	0	0	0	0	0	0	0	0	0	0	0	0	0	0	0	0	0	0	0	0	0	0	0	0	0	0	0	0	0	0	0	
0	0	500	0	0	0	0	0	0	0	0	0	500	0	500	0	0	0	0	0	0	0	0	0	0	0	0	0	0	0	0	0	0	0	0	0	0	0	0	0	0	0	0	0	0	0	0	0	0	0	0	0	0	0	0	0	500	0	0	0	0	0	0	0	0	0	0	0	0	0	0	0	0	0	0	0	0	0	0	0	
0	0	0	0	0	0	0	0	0	500	0	0	0	0	0	0	0	0	0	0	0	0	0	0	0	0	0	0	0	0	0	0	0	0	0	0	0	0	500	0	0	0	0	0	0	500	0	0	0	0	0	0	0	0	0	500	0	0	0	0	0	0	0	0	0	0	0	0	0	0	0	0	0	0	0	0	0	0	0	0	
0	500	0	0	0	500	0	0	0	0	0	0	0	0	0	0	0	0	0	0	0	0	0	0	0	0	0	0	0	0	0	0	0	0	0	0	500	0	0	0	500	0	0	0	0	0	0	0	0	0	0	0	0	0	0	0	0	0	0	0	0	0	0	0	0	0	0	0	0	0	0	0	0	0	0	0	0	0	0	0	
0	0	0	0	0	0	0	500	0	0	0	0	0	0	0	0	0	0	0	0	0	0	0	0	0	0	0	0	0	0	0	0	0	0	0	0	0	0	0	0	0	500	0	0	0	500	0	0	0	0	0	0	0	0	0	0	0	0	0	0	0	0	500	0	0	0	0	0	0	0	0	0	0	0	0	0	0	0	0	0	
0	0	0	0	0	0	0	0	0	0	0	0	0	0	0	0	500	0	0	0	0	0	0	0	0	0	0	0	0	0	0	0	0	0	0	0	0	0	0	500	0	0	0	0	0	0	0	0	0	0	0	0	0	0	0	0	0	0	0	0	500	0	0	0	0	0	0	0	0	0	0	0	0	0	500	0	0	0	0	0	
0	0	0	0	0	0	0	0	0	0	0	0	0	0	0	0	0	0	0	0	0	0	0	0	500	0	0	0	0	0	0	0	0	0	0	0	0	0	0	0	0	0	0	0	0	0	500	0	0	0	0	0	0	0	0	0	0	0	0	0	0	0	0	0	0	0	500	0	0	500	0	0	0	0	0	0	0	0	0	0	
0	0	0	500	0	0	500	0	0	0	0	0	0	0	0	0	0	0	0	0	0	0	0	0	0	0	0	0	0	0	0	0	0	0	0	0	0	0	0	0	0	0	0	0	0	0	0	0	0	0	0	0	0	0	0	0	500	0	0	0	0	0	0	0	0	0	0	500	0	0	0	0	0	0	0	0	0	0	0	0	
0	0	0	0	0	0	0	0	0	0	0	0	0	0	0	0	0	0	500	0	0	0	0	0	0	0	500	0	0	0	0	0	0	0	0	0	0	0	0	0	0	0	0	0	500	0	0	0	0	0	0	0	0	500	0	0	0	0	0	0	0	0	0	0	0	0	0	0	0	0	0	0	0	0	0	0	0	0	0	0	
0	0	500	0	0	0	500	0	0	0	0	0	0	0	0	0	0	0	0	0	0	0	0	0	0	0	0	0	0	0	0	0	0	0	0	0	0	0	0	0	0	0	0	0	0	0	0	0	0	0	0	0	0	0	0	0	500	0	0	0	0	0	0	0	0	0	0	500	0	0	0	0	0	0	0	0	0	0	0	0	
0	0	0	0	0	0	0	0	0	0	0	0	0	0	0	0	0	500	0	0	0	0	0	0	0	0	0	500	0	0	0	0	0	0	0	0	0	0	0	0	0	0	0	0	0	0	0	0	0	0	0	0	500	0	0	0	0	0	0	0	0	0	0	0	0	0	0	0	0	0	0	0	0	0	0	500	0	0	0	0	
0	0	0	0	0	0	0	0	0	0	500	0	0	0	0	0	0	0	0	500	0	0	0	0	0	0	0	0	0	0	0	0	0	0	0	0	0	0	0	0	500	0	0	0	0	0	0	0	0	500	0	0	0	0	0	0	0	0	0	0	0	0	0	0	0	0	0	0	0	0	0	0	0	0	0	0	0	0	0	0	
0	0	0	0	0	0	0	0	0	0	0	0	0	0	0	500	0	0	0	0	0	0	0	0	0	0	0	500	0	500	0	0	0	0	0	0	0	0	0	0	0	0	0	0	0	0	0	0	0	0	0	0	0	0	0	0	0	0	0	0	0	0	0	0	0	0	0	0	0	0	0	0	0	0	0	500	0	0	0	0	
0	0	0	0	0	0	0	0	0	0	0	0	0	500	0	0	0	0	0	0	500	0	0	0	0	0	0	0	0	0	0	0	0	0	0	0	0	0	0	0	0	0	0	0	500	0	0	0	0	0	0	0	0	500	0	0	0	0	0	0	0	0	0	0	0	0	0	0	0	0	0	0	0	0	0	0	0	0	0	0	
0	0	0	0	0	0	0	0	0	0	0	0	0	0	0	0	500	0	0	0	0	0	0	0	0	0	0	0	500	0	0	0	0	0	0	0	0	0	0	500	0	0	0	0	0	0	0	0	0	0	0	0	0	0	0	0	0	0	0	0	0	0	0	0	0	0	0	0	0	0	0	0	0	0	0	0	0	0	0	500	
0	0	0	0	0	0	0	0	0	0	0	0	0	0	0	0	0	0	500	0	0	0	0	0	0	0	500	0	0	0	0	0	0	0	0	0	0	0	0	0	0	0	0	0	0	0	0	0	0	0	500	0	0	500	0	0	0	0	0	0	0	0	0	0	0	0	0	0	0	0	0	0	0	0	0	0	0	0	0	0	
0	0	0	0	0	0	0	0	0	0	0	0	0	0	0	0	0	0	0	0	0	0	0	0	0	0	0	0	0	0	0	0	500	0	0	0	0	0	0	0	0	0	0	0	0	0	500	0	0	0	0	0	0	0	0	0	0	0	0	0	0	0	0	0	0	0	500	0	500	0	0	0	0	0	0	0	0	0	0	0	
0	0	0	0	0	0	0	0	0	0	0	0	0	0	0	0	0	0	0	0	0	0	0	0	0	0	0	0	0	0	0	0	500	0	0	500	0	0	0	0	0	0	0	0	0	0	0	0	0	0	0	0	0	0	0	0	0	0	0	0	0	0	0	0	0	500	0	0	0	0	0	500	0	0	0	0	0	0	0	0	
0	0	0	0	0	0	0	0	0	0	0	0	0	0	0	0	0	0	0	0	0	0	0	0	0	0	0	0	0	0	0	0	0	0	0	0	500	0	0	0	0	0	0	500	0	0	0	0	500	0	0	0	0	0	0	0	0	0	0	0	0	0	0	0	0	0	0	0	0	0	0	0	0	500	0	0	0	0	0	0	
0	0	0	0	0	0	0	0	0	0	0	500	0	0	0	0	0	0	0	0	0	0	0	0	0	0	0	0	0	0	0	0	0	0	500	0	0	0	0	0	0	0	0	0	0	0	500	0	0	0	0	0	0	0	0	0	0	0	0	0	0	0	0	0	0	0	500	0	0	0	0	0	0	0	0	0	0	0	0	0	
0	0	0	0	0	0	0	0	0	0	0	0	0	0	0	0	0	0	0	0	0	0	0	0	0	0	0	0	0	0	0	0	0	0	0	500	0	0	500	0	0	0	0	0	0	0	0	0	0	0	0	0	0	0	0	0	0	0	0	0	0	0	0	0	500	500	0	0	0	0	0	0	0	0	0	0	0	0	0	0	
0	0	0	0	500	0	0	0	0	0	0	0	0	500	0	0	0	0	0	0	500	0	0	0	0	0	0	0	0	0	0	0	0	0	0	0	0	0	0	0	0	0	0	0	0	0	0	0	0	0	0	0	0	500	0	0	0	0	0	0	0	0	0	0	0	0	0	0	0	0	0	0	0	0	0	0	0	0	0	0	
0	0	0	0	0	0	0	0	0	0	0	0	0	0	0	500	0	500	0	0	0	0	0	0	0	0	0	0	0	500	0	0	0	0	0	0	0	0	0	0	0	0	0	0	0	0	0	0	0	0	0	0	0	0	0	0	0	0	0	0	0	0	0	0	0	0	0	0	0	0	0	0	0	0	0	500	0	0	0	0	
0	0	0	0	0	0	0	0	0	0	0	0	0	0	0	0	0	0	0	500	0	0	0	0	0	0	0	0	0	0	0	0	0	0	0	0	0	0	0	500	0	0	0	0	500	0	0	0	0	0	0	0	0	0	0	0	0	0	0	0	500	0	0	0	0	0	0	0	0	0	0	0	0	0	0	0	0	0	0	0	
0	0	0	0	0	0	0	0	0	0	0	0	0	0	0	0	0	500	0	0	0	0	0	0	0	0	0	500	0	0	0	0	0	0	0	0	0	500	0	0	0	0	0	0	0	0	0	0	0	0	0	0	0	0	0	0	0	0	0	0	0	0	0	0	0	0	0	500	0	0	0	0	0	0	0	0	0	0	0	0	
500	0	0	0	0	0	0	0	0	0	0	0	0	0	0	0	0	0	0	0	0	0	0	0	0	0	0	0	0	0	0	0	0	0	0	0	0	0	500	0	0	0	0	0	0	0	0	0	0	0	0	0	0	0	0	0	0	0	0	0	0	500	0	0	0	0	0	0	0	0	0	0	500	0	0	0	0	0	0	0	
0	0	0	0	500	0	0	0	0	0	0	0	0	0	0	0	0	0	0	0	0	0	0	0	0	0	0	0	0	0	0	0	0	0	0	0	0	0	0	0	0	0	500	0	500	0	0	0	0	0	500	0	0	0	0	0	0	0	0	0	0	0	0	0	0	0	0	0	0	0	0	0	0	0	0	0	0	0	0	0	
0	0	0	0	0	0	0	0	0	0	0	0	0	0	0	0	0	0	0	0	0	500	500	0	0	0	0	0	0	0	0	0	0	0	0	0	0	0	0	0	0	0	0	0	0	0	0	0	0	0	0	0	0	0	0	0	0	0	0	0	0	0	0	0	500	500	0	0	0	0	0	0	0	0	0	0	0	0	0	0	
500	0	0	0	0	0	0	0	0	0	0	0	0	0	0	0	0	0	0	0	0	0	0	0	0	0	0	0	0	0	0	0	0	0	0	0	0	0	0	0	0	0	0	0	0	0	0	0	0	0	0	500	0	0	0	0	0	0	0	0	0	0	0	0	0	0	0	0	0	0	500	0	0	0	0	0	0	500	0	0	
0	0	0	0	0	0	0	0	0	0	0	0	0	0	0	0	0	0	0	0	0	0	0	0	500	0	0	0	0	0	0	0	0	0	0	0	0	0	0	0	0	500	0	0	0	0	0	0	0	0	0	0	0	0	0	0	0	0	0	0	0	0	500	0	0	0	500	0	0	0	0	0	0	0	0	0	0	0	0	0	
0	0	0	0	0	0	0	0	0	0	0	0	0	0	0	0	0	0	0	0	0	0	500	0	0	500	0	0	0	0	0	0	0	0	0	0	0	0	0	0	0	0	0	0	0	0	0	0	0	0	0	0	0	0	0	0	0	0	0	0	0	0	0	0	0	500	0	0	0	0	0	500	0	0	0	0	0	0	0	0	
0	0	0	0	0	0	0	0	500	0	0	0	0	0	0	0	0	0	0	0	0	0	0	500	0	0	0	0	0	0	0	0	0	0	0	0	0	0	0	0	0	0	0	500	0	0	0	0	0	0	0	0	0	0	0	0	0	0	0	0	0	0	0	0	0	0	0	0	0	0	0	0	0	500	0	0	0	0	0	0	
0	0	0	0	0	0	0	0	0	0	0	0	0	0	0	0	0	0	0	0	0	0	0	0	0	0	0	0	0	500	0	0	0	0	0	0	0	0	0	0	0	0	0	0	0	0	0	0	0	500	0	0	0	0	0	0	0	0	0	0	0	0	0	0	0	0	0	0	0	0	0	0	0	0	0	0	0	0	500	500	
0	0	0	0	0	0	0	500	0	0	0	0	0	0	0	0	0	0	0	0	0	0	0	0	0	500	0	0	0	0	500	0	0	0	0	0	0	0	0	0	0	0	0	0	0	0	0	0	0	0	0	0	0	0	0	0	0	0	0	0	0	0	0	0	0	0	0	0	0	0	0	0	500	0	0	0	0	0	0	0	
0	0	0	0	0	0	0	0	0	0	500	0	0	0	0	0	0	0	0	500	0	0	0	0	0	0	0	0	500	0	0	0	0	0	0	0	0	0	0	0	0	0	0	0	0	0	0	0	0	0	0	0	0	0	0	0	0	0	0	0	500	0	0	0	0	0	0	0	0	0	0	0	0	0	0	0	0	0	0	0	
0	500	0	0	0	500	0	0	500	0	0	0	0	0	0	0	500	0	0	0	0	0	0	0	0	0	0	0	0	0	0	0	0	0	0	0	0	0	0	0	0	0	0	0	0	0	0	0	0	0	0	0	0	0	0	0	0	0	0	0	0	0	0	0	0	0	0	0	0	0	0	0	0	0	0	0	0	0	0	0	
0	0	0	0	0	0	0	0	0	500	0	0	0	0	0	0	0	0	0	0	0	0	0	0	0	0	0	0	0	0	0	0	0	0	500	0	0	0	0	0	0	0	0	0	0	0	0	0	0	0	0	0	0	0	0	0	0	0	0	0	0	0	500	0	500	0	0	0	0	0	0	0	0	0	0	0	0	0	0	0	
0	0	0	0	500	0	0	0	0	0	0	0	0	0	0	0	0	0	0	0	0	0	0	0	0	0	0	0	0	0	0	500	0	0	0	0	0	0	0	0	0	0	0	0	0	0	0	0	500	0	500	0	0	0	0	0	0	0	0	0	0	0	0	0	0	0	0	0	0	0	0	0	0	0	0	0	0	0	0	0	
0	0	0	0	0	500	0	0	0	0	0	0	0	0	0	0	0	0	0	0	0	0	0	500	0	0	0	0	0	0	0	0	0	0	0	0	500	0	0	0	0	0	0	0	0	0	0	0	0	0	0	0	0	0	0	0	0	0	0	0	0	0	0	0	0	0	0	0	0	0	0	0	0	0	500	0	0	0	0	0	
0	0	0	0	0	0	0	0	0	0	0	0	0	500	0	0	0	0	500	0	0	0	0	0	0	0	0	0	500	0	0	500	0	0	0	0	0	0	0	0	0	0	0	0	0	0	0	0	0	0	0	0	0	0	0	0	0	0	0	0	0	0	0	0	0	0	0	0	0	0	0	0	0	0	0	0	0	0	0	0	
0	0	0	0	0	0	0	500	0	500	0	0	0	0	0	0	0	0	0	0	0	0	0	0	0	0	0	0	0	0	0	0	0	0	0	0	0	0	0	0	0	0	0	0	0	0	0	0	0	0	0	0	0	0	0	500	0	0	0	0	0	0	0	0	0	0	0	0	0	0	0	0	0	0	0	0	0	0	0	500	
0	0	0	0	0	0	0	0	0	0	0	500	0	0	0	0	0	0	0	0	0	500	0	0	500	0	0	0	0	0	0	0	0	0	0	0	0	0	0	0	0	0	0	0	0	0	0	0	0	0	0	0	0	0	0	0	0	0	0	0	0	0	0	0	500	0	0	0	0	0	0	0	0	0	0	0	0	0	0	0	
0	0	0	0	0	0	0	0	0	0	0	0	0	0	0	0	0	0	0	0	0	0	0	0	0	0	0	0	0	0	0	0	0	0	0	0	0	0	0	0	0	0	0	0	0	0	0	0	0	0	0	500	500	0	0	0	0	0	0	500	0	0	0	0	0	0	0	0	0	0	0	0	0	0	0	500	0	0	0	0	
0	0	0	0	0	0	0	0	0	0	0	0	0	0	0	0	0	0	0	0	0	0	0	500	0	0	0	0	0	0	0	0	0	0	0	0	0	0	0	0	0	0	500	0	0	0	0	0	0	0	0	0	0	0	0	0	0	0	0	0	0	0	0	0	0	0	0	0	0	0	0	0	0	500	500	0	0	0	0	0	
0	500	0	0	0	0	0	0	0	0	0	0	0	0	0	0	500	0	0	0	0	0	0	0	0	0	0	0	0	0	0	0	0	0	0	0	0	500	0	0	0	0	0	0	0	0	0	0	0	0	0	0	0	0	0	0	0	0	0	0	500	0	0	0	0	0	0	0	0	0	0	0	0	0	0	0	0	0	0	0	
0	0	0	0	500	0	0	0	0	0	0	0	0	0	0	0	0	0	0	0	500	0	0	0	0	0	0	0	0	0	0	500	0	0	0	0	0	0	0	0	0	0	500	0	0	0	0	0	0	0	0	0	0	0	0	0	0	0	0	0	0	0	0	0	0	0	0	0	0	0	0	0	0	0	0	0	0	0	0	0	
0	0	0	0	0	0	0	0	0	0	0	0	0	0	0	0	0	0	0	0	0	0	0	0	0	0	0	0	0	0	0	0	0	500	0	0	0	0	0	0	0	0	0	0	0	0	0	500	0	0	0	0	0	0	0	0	0	0	0	0	0	0	0	500	0	0	0	0	0	0	0	0	0	0	0	0	500	0	0	0	
0	0	500	0	0	0	0	0	0	0	0	0	0	0	0	500	0	0	0	0	0	0	0	0	0	0	0	0	0	0	0	0	0	0	0	0	0	0	0	0	0	0	0	0	0	0	0	500	0	0	0	0	0	0	0	0	0	0	0	500	0	0	0	0	0	0	0	0	0	0	0	0	0	0	0	0	0	0	0	0	
0	0	0	0	0	0	0	0	0	0	0	0	0	500	0	0	0	0	500	0	500	0	0	0	0	0	500	0	0	0	0	0	0	0	0	0	0	0	0	0	0	0	0	0	0	0	0	0	0	0	0	0	0	0	0	0	0	0	0	0	0	0	0	0	0	0	0	0	0	0	0	0	0	0	0	0	0	0	0	0	
0	0	0	0	0	0	0	0	0	0	0	0	0	0	0	0	0	0	0	0	0	0	0	0	0	0	0	0	0	0	0	0	0	0	0	0	0	0	0	0	0	0	0	0	0	0	0	0	0	0	0	0	0	0	0	0	0	500	500	500	0	0	0	0	0	0	0	0	0	0	0	0	0	500	0	0	0	0	0	0	
0	0	0	0	0	0	0	500	0	0	0	0	0	0	0	0	0	0	0	0	0	0	0	0	0	0	0	0	0	0	0	0	0	0	0	0	0	0	0	0	0	0	0	0	0	500	0	0	0	0	0	0	0	0	0	0	0	0	0	0	0	0	0	0	0	0	0	0	0	0	0	0	0	0	0	0	0	0	500	500	
0	0	0	500	0	0	500	0	0	0	0	0	500	0	500	0	0	0	0	0	0	0	0	0	0	0	0	0	0	0	0	0	0	0	0	0	0	0	0	0	0	0	0	0	0	0	0	0	0	0	0	0	0	0	0	0	0	0	0	0	0	0	0	0	0	0	0	0	0	0	0	0	0	0	0	0	0	0	0	0	
0	0	0	0	0	0	0	0	0	0	0	0	0	0	0	0	0	0	0	0	0	0	0	0	0	0	0	0	0	0	0	0	0	0	0	0	0	0	0	0	0	0	0	0	0	0	0	0	0	0	0	0	0	0	500	0	0	0	0	0	0	0	0	500	0	0	0	0	0	0	0	0	0	0	0	0	500	0	500	0	
0	0	0	500	0	0	0	0	0	0	0	0	0	0	0	0	0	0	0	0	0	0	0	0	0	0	0	0	0	0	0	0	0	0	0	0	0	0	0	0	0	0	0	0	0	0	0	0	0	0	0	0	0	0	500	0	0	0	0	0	0	0	0	0	0	0	0	0	0	0	0	0	0	0	500	0	0	0	500	0	
0	0	500	0	0	0	0	0	0	0	0	0	0	0	0	0	0	0	0	0	0	0	0	0	0	0	0	0	0	0	0	0	0	0	0	0	0	0	0	0	0	0	0	0	0	0	0	500	0	0	0	0	500	0	500	0	0	0	0	0	0	0	0	0	0	0	0	0	0	0	0	0	0	0	0	0	0	0	0	0	
0	0	0	0	0	0	0	0	0	0	500	0	0	0	0	0	0	0	0	0	0	0	0	0	0	0	0	0	500	0	0	0	0	0	0	0	0	0	0	500	0	0	0	0	0	0	0	0	0	500	0	0	0	0	0	0	0	0	0	0	0	0	0	0	0	0	0	0	0	0	0	0	0	0	0	0	0	0	0	0	
500	0	0	0	0	0	0	0	0	0	0	0	0	0	0	0	0	0	0	0	0	0	0	0	0	0	0	0	0	0	500	0	0	0	0	0	0	0	0	0	0	0	0	0	0	0	0	0	0	0	0	0	0	0	0	0	0	0	0	0	0	0	0	0	0	0	0	0	0	0	0	0	500	0	0	0	500	0	0	0	
0	0	0	0	0	0	0	0	0	500	0	0	0	0	0	0	0	0	0	0	0	0	0	0	0	0	0	0	0	0	0	0	0	0	500	0	0	0	0	0	0	500	0	0	0	0	0	0	0	0	0	0	0	0	0	0	0	0	0	0	0	0	0	0	0	0	0	0	0	0	0	500	0	0	0	0	0	0	0	0	
0	0	0	0	0	0	0	0	0	0	0	0	0	0	0	0	0	0	0	0	0	0	0	0	0	0	0	0	0	0	0	0	0	0	0	0	0	0	0	0	0	0	0	0	0	0	0	0	0	0	0	500	0	0	0	0	0	500	0	0	0	0	0	0	0	0	0	0	0	0	0	0	0	0	0	0	500	500	0	0	
0	0	0	0	0	0	0	0	0	0	0	0	0	0	0	0	0	0	0	0	0	0	0	0	0	500	0	0	0	0	0	0	500	0	0	0	0	0	0	0	0	500	0	0	0	0	500	0	0	0	0	0	0	0	0	0	0	0	0	0	0	0	0	0	0	0	0	0	0	0	0	0	0	0	0	0	0	0	0	0	
0	0	0	0	0	0	0	0	0	0	0	0	0	0	0	0	0	0	0	0	0	0	500	0	0	500	0	0	0	0	0	0	500	0	0	500	0	0	0	0	0	0	0	0	0	0	0	0	0	0	0	0	0	0	0	0	0	0	0	0	0	0	0	0	0	0	0	0	0	0	0	0	0	0	0	0	0	0	0	0	
0	0	0	0	0	0	0	0	0	0	0	500	0	0	0	0	0	0	0	0	0	500	0	0	500	0	0	0	0	0	0	0	0	0	500	0	0	0	0	0	0	0	0	0	0	0	0	0	0	0	0	0	0	0	0	0	0	0	0	0	0	0	0	0	0	0	0	0	0	0	0	0	0	0	0	0	0	0	0	0	
0	0	0	500	0	0	0	0	0	0	0	0	500	0	500	0	0	0	0	0	0	0	0	0	0	0	0	0	0	500	0	0	0	0	0	0	0	0	0	0	0	0	0	0	0	0	0	0	0	0	0	0	0	0	0	0	0	0	0	0	0	0	0	0	0	0	0	0	0	0	0	0	0	0	0	0	0	0	0	0	
0	0	0	0	0	0	0	0	0	0	0	0	0	0	0	0	0	0	0	0	0	500	0	0	0	0	0	0	0	0	0	0	0	0	0	0	0	0	0	0	0	0	0	0	0	0	0	0	0	0	0	0	0	0	0	0	0	0	0	0	0	0	0	0	0	0	0	0	0	500	0	500	500	0	0	0	0	0	0	0	
0	0	0	0	0	0	0	0	0	0	0	500	0	0	0	0	0	0	0	0	0	0	0	0	0	0	0	0	0	0	0	0	0	0	0	0	0	0	0	0	0	0	0	0	0	0	0	0	0	0	0	0	0	0	0	0	0	0	0	0	0	0	0	0	0	0	0	0	500	0	500	0	0	0	0	0	0	500	0	0	
0	0	0	0	0	0	0	0	0	0	0	0	0	0	0	0	0	0	0	0	0	0	0	0	0	0	0	0	0	0	0	0	0	500	0	0	0	0	0	0	0	0	0	0	0	0	0	0	0	0	0	0	0	0	0	0	0	0	0	0	0	0	0	0	0	0	0	0	0	500	0	0	0	0	0	0	0	0	0	0	
0	0	0	0	0	0	0	0	0	0	0	0	0	0	0	0	0	0	0	0	0	0	500	0	0	0	0	0	0	0	0	0	0	0	0	500	0	0	0	0	0	0	0	0	0	0	0	0	0	0	0	0	0	0	0	0	0	0	0	0	0	0	500	0	0	0	0	0	500	0	0	0	0	0	0	0	0	0	0	0	
0	0	0	0	0	0	0	0	0	0	0	0	0	0	0	0	0	0	0	0	0	0	0	0	0	0	0	0	0	0	500	0	0	0	0	0	0	0	500	0	0	0	0	0	0	0	0	0	0	0	0	0	0	0	0	0	0	0	0	0	0	500	0	0	0	0	0	0	500	0	0	0	0	0	0	0	0	0	0	0	
0	0	0	0	0	0	0	0	0	0	0	0	0	0	0	0	0	0	0	0	0	0	0	500	0	0	0	0	0	0	0	0	0	0	0	0	500	0	0	0	0	0	0	0	0	0	0	0	500	0	0	0	0	0	500	0	0	0	0	0	0	0	0	0	0	0	0	0	0	0	0	0	0	0	0	0	0	0	0	0	
0	0	0	0	0	0	0	0	0	0	500	0	0	0	0	0	0	0	0	0	0	0	0	0	0	0	0	0	0	0	0	0	0	0	0	0	0	0	0	0	0	0	0	500	0	0	0	0	500	0	0	0	0	0	0	0	0	0	500	0	0	0	0	0	0	0	0	0	0	0	0	0	0	0	0	0	0	0	0	0	
0	0	0	0	0	0	0	0	0	0	0	0	0	0	0	500	0	500	0	0	0	0	0	0	0	0	0	500	0	0	0	0	0	0	0	0	0	0	0	0	0	0	0	0	0	0	0	500	0	0	0	0	0	0	0	0	0	0	0	0	0	0	0	0	0	0	0	0	0	0	0	0	0	0	0	0	0	0	0	0	
0	0	0	0	0	0	0	0	0	0	0	0	0	0	0	0	0	0	0	0	0	0	0	0	0	0	0	0	0	0	0	0	0	0	0	0	0	0	0	0	0	0	0	0	0	0	0	0	0	0	0	500	0	0	0	0	0	500	0	0	0	500	0	500	0	0	0	0	0	0	0	0	0	0	0	0	0	0	0	0	
500	0	0	0	0	0	0	0	0	0	0	0	0	0	0	0	0	0	0	0	0	0	0	0	0	0	0	0	0	0	0	0	0	500	0	0	0	0	0	0	0	0	0	0	0	0	0	0	0	0	0	0	0	0	0	0	0	0	0	0	0	0	0	500	0	0	0	0	0	500	0	0	0	0	0	0	0	0	0	0	
0	0	0	0	0	0	0	0	0	0	0	0	0	0	0	0	0	0	0	0	0	0	0	0	0	0	0	0	0	0	0	0	0	0	0	0	0	500	0	0	0	0	0	0	0	0	0	0	0	0	0	0	0	0	0	500	0	500	500	0	0	0	0	0	0	0	0	0	0	0	0	0	0	0	0	0	0	0	0	0	
0	0	0	0	0	0	0	0	0	0	0	0	0	0	0	0	0	0	0	500	0	0	0	0	0	0	0	0	0	0	0	0	0	0	0	0	0	500	0	0	0	0	0	0	0	500	0	0	0	0	0	0	0	0	0	500	0	0	0	0	0	0	0	0	0	0	0	0	0	0	0	0	0	0	0	0	0	0	0	0	
36	40	21	12	50	69	50	22	9	57	44	50	28	65	47	64	77	6	35	53	64	29	27	38	11	26	13	8	34	51	30	33	74	45	67	5	57	76	1	57	67	38	61	50	62	63	11	53	62	29	34	39	8	21	5	30	66	27	59	45	0	21	71	43	8	40	47	76	46	40	24	5	39	75	23	43	57	54	49	67	72	29	10	18	41	70	57	14	66	5	65	27	7	1	25	46	14	44	20	44	11	14	72	42	19	42	42	13	60	70	31	42	58	6	12	71	19	32	37	56	59	24	65	17	71	21	35	57	45	74	66	36	1	76	49	24	9	65	22	56	41	30	38	43	54	8	6	20	70	19	59	58	45	53	41	33	33	18	23	62	5	48	40	6	64	10	40	40	75	2	22	43	37	28	28	0	15	55	26	38	74	70	33	1	55	72	51	16	70	48	0	37	9	30	10	16	49	67	65	67	47	0	70	30	52	54	74	35	32	54	15	66	5	49	21	77	32	18	4	36	68	59	59	3	37	58	53	21	63	76	79	74	16	14	22	60	53	76	55	73	74	60	45	79	44	29	26	35	78	2	4	48	58	21	20	79	25	15	19	42	34	25	10	41	10	0	78	21	59	29	70	15	25	9	4	76	73	27	14	63	55	1	30	79	52	42	37	58	16	23	74	17	75	26	15	55	6	3	68	44	65	51	27	32	47	12	68	21	48	14	1	28	22	42	18	70	32	18	26	4	32	21	0	39	29	12	46	1	21	16	23	28	5	57	20	29	1	20	5	61	45	22	42	24	72	66	39	20	76	19	79	46	26	73	73	16	45	52	2	68	71	37	8	53	48	42	9	41	52	66	7	69	50	60	74	68	22	1	2	51	21	23	17	39	20	65	27	4	56	2	32	63	18	38	32	68	22	46	17	61	53	78	9	19	34	78	0	28	77	56	15	19	31	73	45	36	4	44	31	20	61	72	35	67	70	70	17	56	53	65	68	4	51	49	53	70	48	3	47	30	2	18	15	75	22	16	26	46	32	40	8	72	29	44	27	9	44	41	2	30	22	70	56	43	51	50	55	52	36	60	34	11	64	40	71	54	62	54	52	40	64	12	17	23	26	13	46	9	48	58	52	69	18	1	46	58	59	70	25	25	74	66	31	62	14	59	79	35	71	20	75	43	17	75	48	67	39	20	10	54	51	73	55	59	23	44	23	10	57	75	72	11	8	65	15	44	13	5	34	39	49	1	68	30	79	62	8	52	62	9	8	18	36	49	10	47	52	5	78	19	72	48	21	66	2	57	34	72	24	38	0	33	6	38	29	42	58	39	69	31	38	6	15	34	46	75	1	74	57	25	65	9	77	62	44	50	32	1	63	13	24	20	38	5	69	74	37	34	41	18	45	16	34	72	45	72	8	19	16	65	70	45	78	55	67	32	73	34	15	34	27	33	49	22	59	77	34	6	48	59	37	52	12	78	11	6	63	61	78	60	15	13	33	65	74	0	74	78	46	67	3	66	28	4	28	15	57	53	64	34	31	42	71	63	6	41	68	39	42	46	6	70	26	44	75	35	16	12	45	24	79	3	57	52	13	21	0	61	4	1	7	77	8	34	45	22	31	40	41	43	17	18	17	49	20	44	24	49	61	77	20	40	24	39	63	50	58	69	43	66	62	76	26	60	54	1	38	14	18	51	6	50	25	75	26	56	40	62	72	49	52	14	78	16	3	37	57	8	56	39	75	74	60	38	56	44	35	78	54	60	61	60	51	65	68	51	76	30	56	71	22	70	35	5	36	16	15	56	47	50	52	8	33	7	35	39	70	79	59	49	71	20	26	77	59	11	43	70	26	28	10	32	15	27	68	8	20	14	20	24	73	32	56	35	40	1	20	41	12	67	8	35	64	76	64	69	75	21	49	58	29	26	76	76	18	30	23	35	12	39	37	70	40	18	58	21	71	51	20	15	28	68	66	47	65	78	37	26	0	33	24	8	38	50	8	69	9	10	58	39	63	77	43	18	42	42	23	66	34	54	20	2	31	9	34	67	57	54	72	29	39	28	47	33	64	14	50	38	62	68	60	4	44	11	29	65	67	16	29	23	16	41	71	25	24	60	0	19	22	40	22	47	32	47	44	24	67	25	20	61	42	36	72	46	41	30	72	11	72	1	45	78	51	77	45	29	70	44	73	40	7	14	20	75	49	18	32	37	19	21	35	38	5	4	31	67	58	0	6	21	43	51	65	13	4	14	9	67	36	32	65	29	5	70	13	31	40	53	41	51	39	39	63	73	48	5	57	18	75	7	27	58	16	52	40	66	64	7	59	61	36	1	14	6	20	18	16	50	74	7	10	22	7	52	8	13	26	15	45	60	58	76	30	48	70	38	20	24	14	3	17	74	19	28	7	47	42	75	11	57	31	55	25	36	33	22	40	14	49	45	48	54	21	70	73	1	1	66	73	45	37	58	6	57	30	30	68	1	32	75	5	48	37	52	38	49	28	36	62	29	7	35	1	58	26	75	24	38	68	36	7	8	76	40	36	31	35	51	70	49	76	27	79	26	51	22	53	72	28	68	70	63	77	72	69	41	43	62	45	24	31	65	24	52	68	51	73	11	72	46	48	29	44	77	2	48	70	27	22	56	60	74	46	62	56	27	59	10	10	55	11	71	21	59	3	72	3	1	50	53	60	31	62	78	26	12	24	77	6	14	17	15	32	8	9	65	40	73	72	8	60	28	75	30	30	59	14	73	10	11	44	39	32	71	65	17	70	5	5	74	2	66	9	55	11	26	71	47	51	28	42	13	29	62	24	42	11	54	5	60	77	78	0	70	56	43	1	66	60	17	54	28	61	31	10	78	26	27	2	21	31	35	37	10	10	35	65	37	27	13	52	48	58	8	49	65	15	62	17	66	4	7	29	27	33	14	14	53	16	26	28	73	73	36	66	16	70	39	72	20	36	41	38	2	1	57	39	42	69	5	2	74	6	72	15	14	45	50	72	30	76	75	38	59	55	49	31	71	60	26	4	53	43	75	9	43	77	61	64	3	53	4	69	56	75	30	6	45	39	32	74	2	12	64	48	14	75	51	7	75	33	5	43	61	68	41	12	36	45	45	41	27	16	5	61	41	4	70	68	40	36	53	33	59	37	35	65	23	44	25	63	12	25	48	40	9	42	77	22	0	61	79	18	33	46	75	48	11	34	36	0	40	73	74	76	35	53	19	64	48	3	50	13	51	66	47	73	25	12	36	60	11	26	41	31	17	37	71	12	5	6	59	1	22	67	6	74	61	66	47	29	27	8	16	15	47	5	23	37	49	16	53	62	16	24	75	48	39	32	77	32	75	64	72	8	48	22	51	44	52	32	14	9	23	3	15	44	69	61	26	18	5	75	48	60	40	78	32	12	31	39	13	77	43	26	60	12	16	16	24	20	2	45	39	38	44	28	46	11	23	78	43	32	37	64	22	17	3	73	51	51	57	61	60	17	2	60	48	48	59	65	56	76	49	60	23	36	48	43	62	0	40	42	33	12	23	21	30	29	29	63	15	13	51	19	20	24	75	25	14	78	38	2	17	70	48	59	72	3	45	28	18	41	2	15	45	70	5	27	18	0	31	14	8	6	27	49	13	72	57	40	8	8	17	65	41	56	15	36	68	38	15	79	72	46	15	43	4	56	59	79	54	63	21	51	2	13	51	13	65	6	69	30	4	76	44	41	9	18	74	17	13	24	75	76	4	71	23	25	62	69	34	0	22	60	76	61	60	29	66	19	12	76	31	55	66	13	16	14	62	44	63	30	70	38	77	16	45	37	17	26	60	77	12	13	20	31	25	77	8	31	12	49	36	54	22	77	28	2	26	48	78	37	26	78	41	20	24	75	7	19	45	30	0	51	24	36	27	74	62	18	8	74	16	20	23	3	16	1	56	14	51	9	39	15	12	63	20	52	60	13	37	31	38	16	61	16	72	25	27	50	71	29	29	47	30	10	41	14	62	73	74	0	69	26	7	37	43	13	63	57	36	2	31	35	40	73	54	39	8	57	6	0	28	59	71	55	33	71	65	40	74	53	68	59	21	71	19	73	0	54	68	21	42	45	54	30	19	3	74	32	1	55	69	56	26	39	46	74	34	46	59	48	26	34	21	13	32	50	74	76	23	62	49	73	19	2	14	15	53	44	31	8	55	78	24	73	47	30	17	10	58	38	27	63	27	6	74	49	21	18	68	8	51	8	67	26	48	75	22	44	75	8	32	61	54	1	76	53	12	48	24	44	49	39	75	48	64	13	61	54	22	54	63	30	13	5	6	64	10	60	60	65	52	70	22	76	64	56	78	21	60	23	8	54	61	74	5	73	54	77	77	79	15	10	27	47	48	22	34	78	76	19	2	56	54	37	64	8	23	57	44	3	24	28	53	9	50	57	24	27	28	70	74	20	7	71	75	2	50	76	48	27	70	41	77	38	49	9	1	13	49	63	11	49	42	74	13	68	58	44	9	68	34	77	42	55	33	71	79	55	14	36	15	79	5	15	7	2	64	78	57	60	49	5	65	76	29	64	60	33	12	42	40	62	62	7	6	43	16	32	52	69	33	34	36	4	32	57	8	53	74	42	7	32	52	58	66	63	3	41	2	10	32	66	79	79	33	11	78	21	62	71	7	15	15	3	39	47	45	21	14	46	28	76	4	65	10	44	57	0	61	3	41	49	49	44	36	1	75	24	19	73	41	5	60	2	1	22	40	44	51	18	55	7	54	7	21	26	61	75	27	19	10	2	63	4	39	74	25	66	42	74	40	67	46	46	66	21	76	1	30	56	44	9	62	71	40	38	44	2	11	70	18	13	41	75	24	15	9	43	61	70	22	47	23	27	57	75	55	23	2	46	35	34	39	58	44	16	7	2	65	65	22	21	53	6	19	21	72	33	48	34	75	2	58	16	66	16	74	43	22	6	37	14	45	16	27	57	60	57	16	66	10	58	55	14	30	75	65	56	57	31	65	63	17	77	29	35	0	55	52	40	42	20	64	60	77	18	62	29	70	28	64	48	64	15	50	18	66	73	6	79	63	72	19	43	5	38	60	44	43	33	27	48	55	39	30	38	21	36	18	25	66	21	36	72	43	21	74	75	27	69	44	48	23	13	8	32	40	12	53	17	61	25	37	23	79	29	2	37	7	25	12	72	66	44	43	47	77	46	72	4	24	22	72	22	61	26	5	74	10	62	15	53	61	1	74	50	25	27	29	23	17	49	68	10	23	7	9	55	47	10	37	36	21	38	28	74	59	51	56	33	37	35	9	36	25	20	15	69	72	48	36	78	10	79	49	54	8	74	51	76	38	61	52	50	52	32	49	33	54	23	7	15	0	6	33	33	47	36	52	75	59	52	38	3	40	77	75	14	43	4	38	41	20	40	46	3	51	27	10	69	65	69	44	5	75	37	29	47	56	50	53	67	28	54	22	53	10	60	3	10	42	56	25	73	4	1	4	22	56	4	57	13	2	55	36	44	72	14	22	57	58	41	22	11	47	0	54	60	53	15	43	14	38	3	24	25	26	14	45	15	79	39	4	25	28	6	39	42	48	26	59	13	20	69	25	72	67	27	34	5	72	9	67	18	23	14	63	18	7	69	9	8	8	50	49	19	5	22	16	62	57	35	56	33	43	8	21	11	41	34	64	16	9	9	58	54	24	28	27	43	31	19	18	41	2	50	19	8	26	41	76	42	71	36	48	5	25	4	70	74	77	46	65	70	21	34	3	23	31	69	31	16	8	45	4	44	1	15	48	24	27	25	25	24	34	15	79	57	63	7	38	62	42	70	3	3	10	8	20	55	27	8	12	3	35	8	55	31	66	35	15	1	34	79	8	49	0	49	58	17	12	71	0	73	39	70	38	73	70	26	19	61	41	25	28	33	27	62	47	16	6	47	47	17	28	41	75	60	41	37	1	44	18	34	65	23	31	52	41	21	0	6	10	76	49	79	52	30	1	11	30	46	16	68	68	59	59	10	29	19	38	56	36	64	46	49	1	16	13	41	9	27	76	25	4	16	43	25	78	62	7	79	19	40	60	67	52	8	30	51	64	20	35	63	71	29	76	57	41	48	18	24	17	61	69	48	34	49	17	23	2	64	14	40	37	76	24	42	39	49	49	25	52	8	58	38	65	21	13	12	47	52	75	23	30	63	3	61	77	33	48	40	8	33	0	59	30	70	45	31	43	61	57	42	28	46	44	2	29	59	35	24	78	44	64	35	47	46	53	49	48	4	19	44	0	16	70	43	34	76	78	14	64	66	52	29	26	39	67	49	65	59	18	4	78	6	14	19	32	2	40	64	61	49	23	48	5	22	27	16	1	2	40	10	40	42	58	75	25	43	23	50	47	69	17	31	12	63	79	0	9	9	10	17	38	16	19	45	65	34	6	69	42	0	69	23	35	6	66	4	68	
22	42	64	39	78	40	3	49	21	59	18	25	74	5	63	58	55	57	12	6	29	9	26	77	28	68	59	49	38	29	79	3	44	51	71	67	47	73	5	66	64	63	41	35	15	22	36	36	47	15	8	25	79	59	37	1	49	43	76	13	22	32	63	79	30	27	62	72	60	78	10	40	47	72	69	1	9	28	79	20	27	57	73	17	22	50	69	41	27	23	67	78	42	9	36	17	22	25	25	35	46	56	4	67	68	7	70	69	72	23	46	40	61	41	63	30	34	78	25	71	42	8	14	5	36	70	46	72	66	75	10	18	4	6	35	3	61	58	27	62	12	7	18	65	4	78	26	16	52	15	35	25	78	77	78	0	50	73	77	36	51	66	31	9	63	43	16	33	0	73	47	71	52	3	72	56	73	54	40	34	43	33	12	16	24	79	32	18	12	31	19	34	69	75	49	31	15	19	71	37	72	67	18	1	60	7	79	48	41	61	59	32	27	17	67	65	48	51	23	33	28	4	35	26	35	52	23	23	61	12	26	16	36	69	54	79	48	55	52	11	35	27	50	53	18	17	71	25	79	25	38	2	63	56	18	52	57	19	50	21	16	63	74	5	57	52	2	63	8	54	24	48	66	56	25	27	70	75	5	67	42	77	28	56	7	29	7	73	27	31	38	68	65	1	6	37	71	32	53	25	25	26	31	79	54	42	1	33	25	62	24	31	79	68	34	35	23	7	27	77	45	35	38	68	72	17	0	65	14	24	50	63	62	73	58	16	5	19	62	12	70	78	9	11	76	62	42	72	36	37	9	10	64	42	55	23	5	27	66	61	2	29	78	46	26	67	39	43	18	38	58	56	78	67	48	13	41	63	37	60	70	38	57	76	28	11	38	69	50	14	72	68	32	40	58	29	67	17	14	74	50	33	41	18	29	27	76	11	7	72	68	41	67	71	27	16	58	72	65	64	49	12	50	69	45	56	50	5	18	17	5	66	64	71	50	43	32	11	20	36	62	58	1	16	4	27	31	60	78	22	70	4	33	33	57	14	75	21	36	57	64	69	70	26	18	29	27	68	74	28	77	20	72	35	75	52	8	41	40	57	73	74	55	22	18	35	62	70	57	71	69	27	58	79	71	66	30	43	55	22	29	0	10	14	73	58	69	59	15	76	61	22	26	42	68	60	25	36	60	14	57	18	44	53	63	1	7	77	39	1	68	44	79	11	47	35	35	18	61	2	28	74	65	67	2	26	34	13	26	20	28	79	11	16	21	68	73	53	42	30	17	63	69	37	60	17	65	9	4	22	7	36	18	68	64	29	64	72	30	74	30	3	13	50	75	76	54	64	34	41	49	34	43	9	51	71	54	27	78	15	76	69	62	11	57	21	9	71	37	55	19	49	2	67	50	48	23	77	10	39	71	42	16	43	56	76	76	7	63	16	53	30	0	30	38	31	14	1	37	32	32	71	40	42	78	59	61	43	15	53	69	49	3	24	20	1	20	0	74	45	42	71	55	72	40	70	51	17	13	62	61	3	42	1	66	69	52	64	2	68	17	57	31	64	25	26	58	34	17	38	75	64	19	53	59	72	28	73	59	77	57	63	63	76	31	31	37	78	69	8	40	58	66	11	73	10	57	60	75	7	8	75	33	27	56	1	23	50	8	59	72	29	13	77	25	79	62	26	10	77	70	14	51	54	8	52	71	16	52	69	35	19	50	66	47	58	14	6	12	13	41	47	4	31	13	16	71	40	21	4	7	54	79	38	47	37	47	28	77	62	44	50	47	28	45	71	17	13	40	16	6	20	1	50	25	70	51	27	17	5	45	13	76	12	11	22	5	35	38	34	75	74	1	50	13	31	51	11	46	31	25	78	27	33	64	20	40	37	60	35	14	74	35	56	46	64	52	9	53	24	76	61	58	12	7	0	78	7	20	5	69	30	75	21	66	15	68	67	51	43	20	47	68	75	63	12	29	47	10	41	63	39	29	60	66	54	19	44	74	76	12	56	25	63	46	2	46	45	29	61	22	75	10	2	49	44	65	53	45	17	46	4	48	18	29	68	23	1	50	49	59	48	2	15	26	1	10	61	27	59	57	1	48	31	77	52	31	32	26	59	4	33	10	79	46	57	70	73	36	27	65	14	24	44	77	27	40	71	38	46	72	3	42	2	64	23	7	30	60	24	31	42	61	22	31	13	29	0	25	70	32	50	67	27	13	70	8	59	14	53	65	23	70	23	70	71	25	13	59	10	38	44	12	16	60	39	73	43	43	50	54	64	70	62	34	11	5	50	49	69	70	68	62	66	5	37	29	9	21	35	73	7	40	48	7	52	52	14	45	37	69	4	78	41	29	3	44	6	59	42	23	2	27	53	62	48	73	72	10	8	30	6	34	68	51	32	76	8	78	14	26	70	20	65	72	30	3	6	18	51	75	31	0	18	15	29	4	21	79	50	55	55	66	41	28	47	50	48	24	58	3	25	76	30	36	77	2	63	17	33	64	51	22	54	67	24	78	8	18	16	39	42	25	20	70	64	67	64	18	78	40	20	14	32	3	58	12	68	10	74	35	20	76	5	65	20	67	11	36	55	19	8	79	13	46	67	35	66	13	3	28	74	61	2	5	4	28	55	72	69	43	52	27	50	9	54	79	35	61	0	74	10	1	28	33	55	59	66	56	8	14	26	72	36	24	9	43	28	73	32	79	40	49	42	17	76	10	7	53	63	10	13	3	77	14	36	69	38	66	36	36	42	42	22	29	74	75	4	4	73	38	43	41	23	68	78	66	69	3	22	74	30	45	25	52	37	41	7	51	52	12	74	20	0	47	67	38	18	43	43	55	17	34	74	48	18	39	17	39	5	73	53	71	39	62	2	72	56	14	30	60	23	37	37	1	3	57	76	29	65	31	71	70	71	12	13	31	73	36	1	63	61	29	73	58	23	75	26	37	28	8	39	11	6	47	30	47	76	34	1	46	63	75	56	20	17	31	40	34	47	17	66	19	35	35	7	65	43	43	58	51	1	53	14	18	26	19	19	27	18	47	23	40	53	51	67	2	38	65	33	3	8	25	31	32	11	37	4	13	9	30	11	35	37	11	43	48	40	35	77	2	32	30	34	48	32	22	61	48	34	4	6	27	12	67	19	70	22	65	23	70	24	26	16	52	68	51	55	21	63	53	74	6	5	5	0	16	35	64	69	39	30	22	9	73	6	6	24	72	16	8	43	38	78	55	51	7	20	53	37	51	40	55	38	77	13	35	12	59	73	60	15	28	73	9	37	41	10	14	64	2	51	9	51	53	78	4	34	57	70	20	68	53	7	58	69	9	17	70	64	39	11	48	60	67	32	55	41	7	59	19	10	3	42	76	0	10	49	68	73	38	36	48	35	21	45	29	44	3	12	71	63	31	23	30	65	42	41	59	74	35	43	47	33	4	34	76	44	4	42	26	63	23	6	29	61	22	53	14	6	20	79	0	72	1	78	17	78	70	32	7	77	63	29	11	5	70	31	56	36	34	18	67	69	39	22	36	79	34	61	10	29	25	32	37	74	55	7	73	53	19	40	19	55	25	61	9	7	41	26	70	47	14	7	48	35	1	26	43	39	25	72	19	9	7	48	38	44	70	49	37	4	40	59	66	61	53	23	53	49	4	23	5	37	37	12	22	46	1	14	68	53	22	64	14	53	23	20	51	66	10	74	54	37	8	24	42	21	24	33	68	49	10	55	14	38	47	1	22	42	8	47	17	43	13	60	39	36	78	77	32	70	57	67	16	60	54	30	27	55	47	64	51	60	74	52	64	13	79	62	49	33	32	73	57	78	15	45	73	38	14	55	11	73	57	49	42	79	14	1	74	7	22	76	55	69	32	21	7	28	16	79	78	69	73	3	70	21	54	9	8	79	29	43	29	65	69	62	37	60	30	3	38	45	7	69	49	25	79	32	20	22	69	57	25	29	71	14	73	59	71	45	70	79	5	60	12	23	19	48	16	58	69	78	35	40	44	61	14	67	8	3	66	45	26	60	79	45	6	24	59	47	25	38	4	50	63	39	69	1	20	48	35	35	10	64	57	62	27	48	35	20	37	60	60	2	58	62	5	22	4	6	40	61	64	67	36	33	29	35	27	11	0	21	36	67	2	5	55	26	46	21	50	28	48	11	56	39	64	45	49	64	4	9	29	5	12	51	42	60	33	37	57	8	46	68	47	78	22	77	47	0	40	39	37	24	45	3	32	50	41	43	42	77	21	53	24	2	71	57	0	45	26	56	59	21	2	70	4	1	55	14	72	76	39	66	77	31	7	39	63	54	14	3	31	59	27	44	10	37	4	63	1	33	69	58	77	17	2	77	50	6	27	34	78	58	30	32	55	49	66	47	37	49	76	63	60	65	60	48	23	28	34	70	42	27	52	8	44	50	35	17	78	1	72	56	44	3	35	21	63	32	0	54	43	79	42	22	59	75	0	50	61	2	29	55	77	65	31	35	73	69	11	47	61	55	18	23	9	72	69	39	61	21	61	72	3	24	77	33	22	31	69	42	71	28	5	60	21	6	20	37	25	74	30	55	13	20	44	11	38	3	13	5	79	79	29	56	32	40	56	64	0	50	68	56	61	77	8	34	72	59	24	45	15	47	25	12	10	54	4	69	46	62	65	13	70	20	27	49	54	65	68	72	9	35	37	39	7	42	22	66	42	70	34	9	25	61	72	70	68	28	36	3	49	67	7	63	8	55	70	61	38	58	58	27	2	16	77	41	78	29	46	7	11	52	75	31	73	73	31	55	1	66	38	55	58	21	17	70	8	53	66	20	51	27	77	19	0	77	44	43	46	6	44	13	50	14	76	23	0	46	19	75	66	54	61	48	42	45	39	4	69	46	63	53	66	59	48	33	31	48	39	52	24	59	33	11	74	41	12	3	35	23	35	25	34	57	66	27	21	43	45	72	1	34	23	0	6	55	74	21	61	39	37	37	32	41	37	30	46	26	76	6	20	60	26	47	40	49	16	20	19	45	29	40	29	48	67	38	48	13	22	75	43	30	34	12	34	72	77	50	66	39	57	42	31	33	77	13	31	51	21	60	34	22	14	64	35	17	64	34	57	79	5	42	15	40	47	7	9	72	14	42	23	44	37	2	10	18	31	71	3	53	56	45	49	65	65	31	20	11	69	44	22	44	58	15	68	74	33	14	7	6	41	14	51	7	49	46	41	79	24	33	2	20	64	62	41	61	58	64	26	24	33	56	63	41	37	56	78	32	58	20	67	64	61	67	58	17	59	14	50	2	0	68	20	37	48	9	44	73	18	1	48	19	73	3	35	73	26	68	48	70	18	69	36	59	15	47	68	78	48	30	77	74	13	79	75	65	64	53	63	69	42	79	10	22	59	31	13	5	49	72	48	70	22	7	57	75	54	61	0	54	5	39	20	18	6	58	60	77	47	23	18	49	73	38	42	65	76	14	59	47	6	48	32	63	75	40	40	2	61	44	24	39	49	26	45	12	69	36	26	45	0	52	64	25	27	40	13	79	12	23	30	54	13	16	6	45	33	9	58	4	36	27	33	22	57	4	77	61	2	2	16	65	77	64	68	0	20	8	22	32	46	15	76	35	2	50	7	37	50	44	53	18	51	67	74	21	4	54	64	19	9	48	43	52	71	43	50	68	38	54	28	48	65	15	68	40	11	17	76	72	38	57	3	8	75	12	1	14	38	57	54	48	65	25	71	79	17	59	28	32	34	62	42	66	56	0	10	28	13	74	64	35	47	17	15	35	38	66	41	41	47	74	47	32	30	76	38	18	21	9	30	63	74	35	25	15	48	26	70	31	24	8	70	63	1	16	11	65	52	61	58	65	15	48	68	7	54	75	74	27	0	22	35	6	0	42	52	58	53	47	77	39	26	36	63	63	44	39	46	70	49	53	8	15	49	47	11	9	62	59	77	2	28	18	70	15	14	70	17	73	75	75	8	39	19	8	11	79	42	40	30	70	19	51	37	57	55	34	4	50	64	41	17	18	48	52	71	29	52	13	58	73	16	73	41	74	70	58	68	59	35	41	45	44	69	70	36	79	36	53	7	58	14	4	3	44	47	63	60	24	10	58	57	64	44	38	32	14	29	27	47	54	57	51	38	54	59	56	71	45	23	61	49	64	32	52	48	47	74	76	62	22	29	12	30	61	45	25	32	25	69	75	58	41	27	66	22	10	28	58	55	14	71	40	12	45	30	76	77	25	65	59	18	45	61	43	17	39	18	72	23	22	42	71	62	54	12	20	46	65	51	14	70	10	72	22	15	26	40	47	4	19	59	31	60	53	53	31	40	58	54	13	17	26	9	46	70	47	63	35	12	27	9	72	66	71	55	76	66	79	6	60	12	75	27	36	75	30	62	5	43	7	63	56	17	24	43	59	67	59	14	1	74	20	66	47	53	11	31	52	
16	8	1	11	15	16	14	18	9	1	19	1	16	17	10	1	19	9	19	17	6	18	7	8	14	14	11	4	17	6	15	6	19	6	2	16	13	8	11	13	12	20	20	19	5	4	17	3	2	8	4	3	11	2	15	2	14	2	4	6	10	13	7	17	14	14	19	10	6	19	11	11	4	20	18	10	3	3	13	10	14	16	7	6	10	10	11	13	18	2	15	10	13	14	4	8	19	6	14	2	13	16	15	7	13	20	5	18	15	4	18	10	16	5	14	14	5	19	16	13	20	7	14	6	12	15	5	5	1	12	6	14	13	14	5	4	3	6	13	6	15	14	5	7	2	11	10	7	5	1	3	18	10	5	7	19	17	6	16	6	3	10	7	8	6	3	20	10	8	10	9	15	19	11	20	2	16	6	2	3	9	9	11	5	13	12	9	4	7	20	1	1	3	19	4	8	19	2	10	20	2	17	5	20	7	5	13	15	18	8	9	16	8	10	8	6	1	5	15	8	11	16	18	4	10	1	10	14	8	14	3	13	16	7	17	8	10	19	7	14	17	6	14	20	15	18	3	16	16	2	18	12	5	15	16	14	17	2	11	7	11	4	19	15	7	19	4	17	4	11	5	1	1	5	17	5	19	18	9	6	3	8	15	9	2	4	7	14	20	20	17	18	5	15	8	15	3	15	15	8	19	16	17	8	8	17	17	19	13	16	9	18	15	13	14	18	14	7	2	1	4	7	8	10	13	13	6	8	13	4	7	3	16	7	11	10	1	6	13	2	11	2	12	12	13	16	13	8	12	6	8	2	16	5	9	9	13	15	4	11	3	15	2	9	1	4	12	14	10	11	7	16	15	3	16	16	13	5	6	5	5	12	10	13	14	1	6	7	4	2	6	3	14	8	10	15	11	8	11	6	5	15	2	1	14	10	16	5	1	7	12	6	16	13	1	6	16	14	5	9	15	16	12	11	10	1	15	11	1	12	15	1	14	9	5	14	12	10	11	11	8	13	7	3	5	7	16	7	7	9	12	9	14	11	15	2	8	12	4	8	15	6	11	4	7	5	4	9	10	6	15	13	5	11	2	9	15	3	6	9	8	1	11	11	16	11	1	9	4	8	8	16	5	4	5	14	11	9	15	7	15	5	6	12	15	9	13	7	16	2	16	4	10	16	15	5	3	12	13	10	8	9	11	12	15	10	10	2	2	12	2	1	9	3	12	14	2	4	1	7	15	11	15	4	2	4	1	8	6	13	13	13	13	11	9	3	5	9	2	7	1	4	12	6	4	9	9	14	4	14	9	8	5	15	5	5	9	2	7	15	15	9	15	6	8	5	11	2	6	14	6	2	10	11	13	13	16	16	16	12	1	15	7	5	11	12	5	8	11	4	16	13	14	7	4	2	2	8	9	13	13	11	13	10	10	2	14	2	9	3	8	4	3	6	9	2	11	6	11	11	5	15	6	2	4	11	16	14	15	8	15	2	9	6	11	15	16	1	12	6	5	3	5	15	10	16	4	15	5	8	1	2	4	11	15	1	10	12	7	2	3	9	10	12	4	10	6	11	4	7	15	16	8	16	1	6	16	9	15	5	11	13	2	3	6	14	2	5	9	12	14	5	14	13	1	4	3	15	15	3	6	2	1	2	15	13	8	4	11	7	2	6	12	16	3	13	11	8	5	4	7	7	4	3	7	8	6	13	13	11	8	16	13	4	13	11	14	1	4	3	3	10	11	5	14	5	16	16	3	12	13	7	4	14	1	5	6	12	12	6	1	3	11	13	9	2	12	4	15	6	12	16	13	7	1	2	3	14	8	15	11	3	10	3	9	3	7	2	15	1	3	8	16	13	1	3	14	8	9	7	12	13	9	1	7	7	3	13	11	13	13	10	13	9	4	7	16	7	6	16	16	8	11	4	9	8	1	15	9	6	4	10	16	7	4	11	9	4	3	3	3	10	2	11	3	4	13	9	16	12	1	13	12	10	14	15	13	9	16	8	14	1	9	12	9	16	4	9	8	2	16	5	5	6	12	6	12	7	16	2	13	13	6	2	5	6	8	8	10	12	14	1	11	10	1	13	8	12	6	16	10	7	1	15	6	16	6	2	3	16	2	6	1	11	3	16	16	16	6	9	14	10	5	7	2	2	3	2	15	13	10	13	8	15	11	12	2	14	14	13	12	14	8	15	16	10	15	1	15	2	11	13	16	16	7	7	14	4	14	7	15	9	8	8	8	5	6	6	7	16	3	3	14	4	4	11	13	16	8	13	10	13	10	15	2	13	13	5	1	1	2	8	2	15	2	4	12	14	6	9	15	9	10	7	16	13	9	9	4	3	9	3	7	13	10	11	2	3	10	7	4	8	9	1	10	10	9	15	2	16	8	3	10	12	2	6	3	15	10	12	16	5	4	15	9	14	14	2	11	10	8	6	14	13	4	9	3	10	5	4	7	10	3	8	1	5	15	15	13	13	12	5	12	11	11	14	11	7	2	1	3	5	16	3	2	3	10	15	5	7	3	13	2	2	10	6	2	15	5	16	2	14	6	15	13	12	4	9	1	4	14	9	3	14	10	4	4	9	7	5	6	4	13	1	2	16	6	8	14	5	16	16	4	16	12	8	16	3	11	14	5	11	1	10	16	7	10	7	5	8	2	16	11	10	14	4	5	9	11	10	11	8	4	5	4	14	9	14	13	9	7	12	4	4	6	8	9	13	11	13	4	11	11	7	8	8	11	14	11	10	15	7	15	11	3	4	1	16	13	12	5	11	6	3	5	2	2	10	1	3	8	16	12	16	4	7	16	5	13	9	1	12	5	10	6	8	14	3	16	9	14	14	1	4	15	1	6	9	11	14	14	10	12	3	13	11	12	14	1	2	3	8	8	11	10	3	3	6	1	1	15	15	10	3	9	1	5	1	5	12	7	1	13	1	6	7	7	9	6	1	10	5	13	5	11	4	12	8	12	8	7	8	14	7	1	12	9	15	6	1	5	8	5	11	12	4	13	11	9	1	15	5	7	4	6	16	13	10	9	8	16	15	5	2	3	7	16	8	12	2	5	1	1	5	15	14	2	14	10	7	5	9	16	6	16	8	7	7	11	14	3	11	5	3	12	16	7	6	8	9	12	2	12	7	8	6	8	16	1	13	4	9	2	7	9	7	16	2	3	7	14	2	6	12	2	3	8	15	2	16	16	13	2	9	16	4	5	15	5	4	13	8	2	8	1	11	6	13	13	8	15	6	11	9	5	15	15	14	7	5	7	5	15	14	14	11	12	3	14	12	12	3	6	12	3	16	2	12	15	1	15	13	6	16	5	16	16	14	1	8	8	4	5	10	16	1	6	9	6	8	14	12	7	4	7	9	4	12	1	14	1	8	4	8	11	6	8	11	4	5	14	9	14	6	9	7	7	3	14	2	3	7	12	16	2	10	13	9	7	1	9	4	1	15	16	12	3	10	8	16	5	15	6	10	4	2	13	6	10	11	4	8	3	6	11	10	10	3	7	10	8	4	3	16	6	16	8	4	10	9	3	14	12	16	16	15	5	15	15	9	4	5	11	8	11	15	11	11	6	1	11	11	2	10	16	10	11	3	2	8	15	8	13	10	3	10	6	8	3	10	2	13	2	9	8	5	2	4	16	7	8	5	6	1	6	3	1	13	15	14	8	10	7	4	12	12	2	6	3	4	5	13	14	6	13	13	7	3	8	7	7	13	10	14	3	11	15	6	14	14	7	1	7	10	15	5	14	15	4	10	1	10	5	2	16	13	15	10	11	15	12	3	15	14	9	6	10	11	9	8	2	14	15	14	8	1	14	9	6	8	9	3	11	14	11	13	12	1	14	14	15	16	11	1	8	14	11	6	16	12	6	14	13	9	11	4	14	16	13	8	12	8	13	11	4	7	3	13	12	8	15	16	10	15	13	13	1	7	5	13	7	13	14	14	9	8	4	14	3	16	1	15	4	15	11	7	1	1	12	14	8	16	4	7	14	16	9	10	2	14	9	4	4	16	4	8	15	3	4	3	8	11	10	13	11	5	16	16	4	10	5	2	15	11	1	2	5	15	15	6	12	10	15	13	12	9	1	4	14	3	2	1	16	13	14	15	6	8	10	15	4	1	10	10	7	14	2	13	4	9	14	5	12	6	9	6	1	8	16	3	7	4	6	7	1	3	16	6	3	4	1	5	5	1	8	15	6	7	9	15	8	7	7	7	7	10	6	5	3	6	3	11	4	3	2	3	6	3	5	14	13	6	5	13	7	6	14	8	10	4	13	9	15	11	3	3	4	12	2	1	9	8	4	9	1	6	13	11	16	14	16	1	12	16	13	16	1	9	2	5	3	3	4	4	3	11	2	7	7	4	10	10	15	4	9	2	11	11	5	12	14	6	9	14	2	12	11	12	10	6	6	10	15	15	4	5	8	7	6	9	3	9	15	1	2	3	1	4	12	11	5	1	13	15	1	2	6	12	5	4	4	6	15	4	6	6	9	15	8	11	11	3	13	2	16	3	14	13	16	16	4	15	8	2	15	15	14	3	1	7	11	3	13	11	13	12	9	12	4	15	7	14	10	1	10	14	10	16	9	9	16	12	12	10	2	6	9	9	6	9	6	5	11	1	11	4	13	4	10	12	5	5	16	8	1	2	4	15	14	7	8	8	2	9	16	4	6	14	2	16	16	15	13	1	5	16	11	11	4	7	16	8	2	4	12	9	8	7	10	16	4	16	2	9	16	8	11	8	12	3	8	4	3	3	14	9	4	8	10	7	14	11	8	7	12	3	13	9	2	1	2	11	11	14	10	1	16	4	3	5	5	13	6	11	9	16	12	16	9	15	13	10	15	14	10	6	4	16	14	11	8	13	15	1	15	14	5	11	2	15	15	14	14	11	8	8	6	13	12	14	9	4	1	3	5	7	2	13	7	4	10	3	10	7	2	14	10	2	3	15	13	7	3	12	12	10	5	2	11	2	15	4	16	10	3	6	5	16	10	4	10	6	14	9	7	4	14	12	9	10	15	6	12	7	7	1	7	1	2	6	6	5	10	8	7	8	15	9	15	13	5	14	9	16	4	8	10	14	4	11	15	15	16	16	14	5	11	12	15	1	4	3	15	4	11	1	4	14	14	7	3	1	11	13	11	12	6	9	7	16	16	11	13	6	7	10	4	3	2	13	11	15	10	6	2	6	15	12	1	10	10	8	3	14	5	13	9	6	8	10	5	2	5	16	3	9	11	15	16	6	1	13	7	5	5	8	11	4	9	10	16	5	2	4	12	9	16	4	3	10	16	11	2	10	13	11	13	12	4	16	7	7	12	4	16	7	11	12	12	3	1	4	4	8	11	11	10	2	8	16	14	12	14	2	5	13	6	15	16	13	4	7	16	2	1	7	10	8	16	3	15	9	13	4	16	7	4	15	14	3	10	9	12	2	7	3	4	5	9	2	16	10	7	6	9	9	5	11	14	1	12	8	3	3	16	13	14	8	2	10	2	2	12	4	13	4	14	13	6	6	1	5	1	15	2	14	5	13	15	13	2	15	13	3	10	7	4	11	10	9	2	12	14	16	5	14	13	5	10	7	13	12	12	14	12	12	7	14	3	16	3	1	1	9	9	16	13	9	6	4	3	14	3	6	4	15	8	16	11	14	11	2	10	16	12	3	3	6	15	3	7	2	16	10	15	3	1	5	13	1	10	3	9	7	2	7	11	12	3	16	10	2	14	2	11	16	1	10	5	13	16	5	2	10	12	1	10	12	10	4	15	11	12	2	8	9	3	13	9	16	11	11	7	8	9	1	7	2	14	6	11	14	3	5	7	4	1	16	9	4	13	2	12	11	5	10	6	4	14	3	1	7	13	10	5	7	16	13	11	11	13	9	9	7	6	6	10	12	14	8	9	11	3	2	4	15	3	6	15	8	4	1	3	12	1	13	4	5	12	8	12	9	3	1	13	9	7	11	4	7	12	9	11	8	8	10	11	2	4	11	16	1	3	9	14	7	15	1	8	12	11	11	10	16	7	1	5	3	16	2	3	10	3	9	6	2	8	9	16	9	10	5	14	3	2	13	9	3	10	11	1	14	3	10	9	9	6	5	3	5	6	7	12	15	9	4	14	15	1	6	10	12	7	11	15	4	11	2	15	15	16	4	11	15	3	2	16	11	10	9	15	6	10	14	8	10	4	3	16	5	8	2	1	16	11	10	11	14	13	10	16	10	10	14	2	12	13	12	16	12	4	13	1	8	5	13	2	11	8	12	9	11	13	9	1	5	2	2	11	12	6	3	9	1	6	7	16	16	10	13	14	2	16	3	15	12	16	16	7	16	2	3	16	10	6	3	6	5	14	6	2	3	4	15	6	5	15	16	3	5	11	2	8	13	5	12	13	2	15	11	9	13	11	1	10	13	10	13	1	14	9	8	3	3	
910	890	830	240	960	100	340	330	140	150	650	430	130	550	590	510	410	150	1000	610	540	190	250	840	910	700	430	470	650	330	560	460	810	990	240	990	930	360	920	320	620	250	850	580	810	370	960	850	840	790	150	620	240	170	630	890	630	520	930	980	110	560	110	300	960	310	670	810	870	510	510	130	500	390	810	290	160	570	680	790	840	360	130	940	560	260	630	110	910	680	570	550	370	440	250	780	120	620	460	270	730	210	960	300	520	270	260	280	440	840	490	760	120	150	750	170	200	990	720	880	680	900	880	650	940	670	710	760	550	620	110	870	300	760	910	500	140	530	750	160	500	740	930	430	1000	940	590	870	670	190	650	240	400	820	700	880	690	870	230	810	280	950	330	390	420	640	790	900	360	830	520	470	570	780	390	760	230	970	980	230	300	460	630	650	430	510	200	180	350	970	150	700	640	400	900	180	560	330	700	420	430	1000	990	370	580	220	470	640	690	940	180	160	630	840	790	420	450	890	640	220	630	830	540	840	470	260	710	360	130	120	560	230	170	170	320	500	610	750	750	200	790	160	750	900	770	460	360	610	820	890	800	370	840	200	680	410	330	580	730	810	410	900	880	330	270	920	730	770	550	650	520	790	680	840	630	130	300	930	230	330	200	680	290	890	480	910	900	960	980	950	350	830	460	700	420	890	860	710	660	350	750	290	900	690	320	550	580	760	730	120	430	600	100	410	740	140	620	690	200	840	310	410	200	560	900	860	590	100	220	330	980	640	360	740	680	290	570	440	660	340	870	230	570	140	800	460	820	130	140	220	910	930	380	230	720	840	790	750	940	640	180	630	160	460	100	590	760	970	630	310	810	210	290	670	270	210	420	620	590	500	930	710	580	120	310	260	930	930	960	840	400	300	900	1000	910	290	630	350	840	360	610	590	870	130	810	930	240	240	620	130	130	430	780	250	380	440	380	280	910	600	250	680	880	150	130	640	410	470	800	1000	970	380	650	290	430	670	480	920	880	980	680	350	340	190	960	980	930	940	560	400	170	120	270	910	470	380	340	790	300	100	140	620	390	140	570	420	320	330	520	240	260	640	380	910	270	430	340	700	430	330	750	610	920	290	100	210	130	870	740	580	610	600	260	560	430	400	980	740	870	770	880	940	960	230	700	340	530	960	880	820	320	460	290	740	320	510	760	840	330	400	250	240	570	650	270	280	490	890	600	400	620	820	660	920	160	770	600	540	260	980	100	530	870	750	250	180	370	140	980	360	470	1000	740	530	570	320	610	1000	990	550	240	890	350	820	890	430	310	490	940	650	310	140	130	1000	480	170	380	120	780	880	620	610	770	130	190	530	100	670	220	200	580	960	870	520	170	400	580	850	840	680	690	560	670	240	370	720	210	980	970	430	750	300	800	890	1000	960	810	140	970	250	110	270	990	720	630	950	610	450	580	600	270	440	290	230	990	140	760	790	580	300	700	190	880	510	190	740	320	250	350	690	770	1000	870	790	810	720	380	980	390	190	980	630	960	750	110	600	660	520	240	190	510	120	540	740	900	480	920	770	790	880	390	420	800	230	610	960	990	890	740	450	380	150	890	620	210	590	690	570	490	580	890	290	150	230	210	420	610	940	130	410	100	970	710	230	710	670	160	250	840	290	380	360	700	740	720	560	630	510	480	120	870	520	720	690	430	950	810	470	180	400	520	130	400	530	440	180	570	590	610	250	820	230	750	440	480	560	300	510	520	480	990	440	640	990	350	950	690	410	140	990	590	190	510	720	590	500	190	120	510	350	610	270	410	290	550	350	820	870	150	580	480	800	120	520	450	680	380	140	960	940	470	890	150	440	510	890	520	820	270	470	790	500	350	650	250	280	820	740	300	330	910	710	540	810	540	270	130	870	360	810	680	300	700	380	450	520	920	950	930	990	530	560	710	570	260	630	310	230	160	690	690	1000	260	110	160	460	720	620	800	670	120	470	740	380	740	590	110	310	350	380	530	400	940	590	1000	510	260	140	910	570	510	280	180	270	730	620	640	950	420	380	410	440	140	330	400	840	620	250	440	610	880	730	140	850	920	640	210	710	270	640	240	120	200	250	500	310	300	950	970	610	450	970	500	880	950	250	770	410	470	950	210	740	760	560	100	470	890	840	640	110	740	580	140	810	810	600	520	880	830	910	610	530	150	620	830	550	290	560	970	670	520	710	520	700	480	740	340	200	220	950	350	910	400	1000	500	850	340	820	160	620	160	760	960	300	990	880	120	670	430	490	200	190	930	980	490	720	420	360	590	660	370	920	580	550	950	390	530	840	850	420	230	120	190	340	160	720	560	320	300	940	190	430	570	660	230	100	830	360	330	190	370	400	470	370	1000	470	460	850	850	160	970	550	670	370	360	420	710	900	560	490	600	650	230	830	320	220	530	900	430	660	960	320	970	100	960	840	710	460	400	830	250	850	510	880	830	980	290	160	290	680	420	800	420	870	540	870	250	410	560	840	810	770	470	250	160	200	920	920	710	120	470	680	1000	640	110	210	130	510	160	880	270	950	320	980	400	450	780	360	550	960	770	970	990	410	940	150	790	890	830	110	780	660	350	800	270	390	900	660	940	780	740	530	520	690	910	560	560	370	320	640	610	270	340	370	510	370	980	450	910	980	840	970	980	550	390	550	960	1000	750	930	670	440	200	280	300	240	800	980	800	800	660	730	990	510	730	920	330	550	210	480	870	140	100	160	850	860	840	410	860	560	910	690	750	990	160	190	130	350	630	440	690	370	450	390	210	230	140	610	930	860	260	760	830	250	580	450	650	680	280	860	240	140	210	770	770	380	690	930	980	630	930	790	290	990	920	490	160	170	140	940	250	400	300	250	480	690	730	990	630	420	680	130	760	920	300	440	370	640	750	300	220	340	180	560	180	500	490	370	490	560	460	890	830	590	870	520	290	490	310	420	820	320	810	170	400	120	810	300	800	150	200	280	280	240	930	480	440	690	280	470	880	400	760	250	990	990	640	390	140	710	670	500	270	400	290	610	490	660	570	950	280	660	210	290	800	400	390	870	990	400	370	550	130	360	710	180	990	700	730	380	600	680	860	320	310	770	660	610	590	550	260	820	560	350	900	110	300	510	760	830	660	180	870	940	460	650	940	920	960	390	170	140	600	500	360	700	680	630	700	740	210	520	740	790	350	870	780	580	770	880	590	150	590	530	810	940	580	300	840	270	980	400	440	730	950	340	110	620	680	630	730	870	680	820	930	180	210	740	720	140	190	660	860	820	440	990	440	360	620	340	770	390	880	730	630	270	750	740	930	480	970	240	180	780	390	720	150	790	720	140	220	770	170	580	390	490	820	280	630	620	270	570	210	180	400	620	720	700	540	530	480	610	200	450	320	450	830	940	730	530	740	530	580	220	270	190	240	580	890	360	590	490	480	620	650	860	540	640	870	440	410	320	910	140	390	850	400	620	780	930	700	620	890	340	610	740	270	660	230	730	970	140	600	210	480	570	420	590	720	940	530	680	790	620	670	400	250	920	190	230	320	530	500	550	180	710	340	480	1000	460	790	840	450	210	110	260	630	590	730	690	130	640	210	190	520	910	430	490	640	420	880	820	340	910	100	1000	410	780	440	760	570	940	510	450	200	930	770	900	650	530	480	160	260	880	800	240	850	790	930	120	760	630	730	130	220	990	750	310	740	340	810	140	360	930	130	230	840	530	880	510	760	170	900	370	820	480	650	570	380	540	270	560	720	980	600	770	320	660	260	530	890	780	130	770	650	900	130	430	190	320	310	790	570	600	780	210	130	800	230	190	570	170	870	820	870	510	180	310	350	210	420	840	990	610	890	440	180	290	750	800	530	920	330	130	400	700	820	990	590	450	860	750	290	410	750	440	800	560	880	890	750	860	470	280	510	550	370	490	320	220	320	190	890	480	270	190	230	310	400	720	250	400	950	770	960	650	830	120	290	440	980	450	760	460	360	540	1000	270	820	270	870	390	110	570	810	940	520	610	510	790	240	900	970	590	160	120	630	440	870	600	380	320	380	820	920	340	600	750	490	800	760	430	850	1000	290	660	940	530	810	550	920	570	330	220	500	460	380	850	400	960	270	340	220	180	280	560	540	280	380	840	410	850	830	730	530	280	690	130	500	340	620	800	750	990	700	910	210	110	870	820	970	990	370	600	610	790	530	520	910	240	160	870	110	590	470	170	140	250	760	290	480	920	160	730	600	360	820	580	450	180	210	280	500	800	520	160	560	550	750	140	510	160	610	850	860	680	810	240	250	260	440	950	820	290	520	880	1000	590	310	110	990	290	930	700	470	890	310	690	390	180	270	160	690	930	360	620	370	410	570	650	890	480	350	910	640	380	370	580	330	560	180	630	560	140	310	100	710	280	500	700	250	250	830	460	410	430	430	460	890	910	110	860	970	910	130	680	260	600	220	480	380	660	200	400	370	440	100	350	820	390	720	770	440	730	790	100	240	330	870	130	190	440	680	930	690	480	730	560	170	700	160	890	450	630	110	990	160	690	240	750	470	540	250	190	560	110	210	400	600	160	990	770	530	530	390	990	390	120	300	150	540	500	480	250	380	160	930	440	210	870	400	930	950	790	830	280	420	990	880	950	840	730	530	380	150	380	490	410	290	260	830	400	630	560	460	670	290	150	480	270	630	850	560	780	650	650	750	130	980	320	150	600	800	160	450	840	210	370	490	230	820	920	270	370	180	200	770	430	380	410	150	770	220	920	480	380	890	950	370	710	500	260	360	220	170	180	600	470	380	230	340	210	610	850	200	940	460	720	220	950	550	990	780	440	610	630	910	260	130	140	640	740	450	430	730	470	990	500	910	210	800	230	980	820	490	830	610	310	190	540	780	900	280	680	430	250	780	500	210	920	630	840	670	240	850	630	980	860	350	730	740	680	430	890	590	850	380	200	600	190	180	970	720	490	390	680	540	170	670	220	550	590	380	220	860	200	520	550	190	510	490	280	340	580	360	980	250	680	800	320	800	960	340	820	320	370	980	920	690	680	320	620	170	270	260	310	550	420	610	400	800	210	550	470	660	390	180	960	440	940	740	720	370	900	200	960	910	140	740	270	420	950	380	950	910	490	410	980	790	480	760	890	160	210	160	610	850	740	590	910	720	470	570	270	140	580	800	100	760	310	740	560	490	470	150	130	350	800	440	610	380	520	380	460	740	680	160	970	660	780	410	840	600	660	910	750	100	730	370	240	580	200	170	510	660	980	840	250	200	760	250	490	520	550	880	320	410	580	990	250	240	630	590	680	450	740	800	970	930	720	740	750	630	640	560	300	900	360	940	500	510	600	890	410	490	860	960	120	320	190	720	530	110	220	400	130	630	300	630	490	480	270	940	820	900	450	100	530	150	350	210	410	910	650	300	930	730	560	570	610	510	330	570	480	640	540	610	600	350	230	930	900	720	450	630	520	650	940	920	240	760	380	930	150	870	300	680	450	960	350	260	970	980	760	570	870	910	830	350	610	680	130	230	720	720	450	700	970	350	310	870	790	550	460	690	330	310	340	450	960	590	240	550	890	170	500	400	760	460	760	460	690	680	580	910	140	610	160	740	860	480	440	820	140	490	920	160	600	450	450	600	700	600	390	700	640	100	590	170	830	920	370	220	880	790	640	830	150	820	310	700	390	530	550	860	700	510	950	360	740	240	110	190	920	430	650	850	460	440	490	600	450	770	860	370	710	900	200	710	300	340	400	280	200	770	140	890	920	290	750	400	580	200	500	420	160	760	760	220	1000	680	570	770	540	270	510	900	540	900	220	830	290	810	700	320	120	480	240	870	690	450	750	450	260	780	220	870	380	910	410	650	540	370	150	360	210	150	980	320	840	240	500	960	190	340	110	320	980	880	1000	390	350	150	160	310	260	670	340	810	440	290	400	900	300	990	720	130	930	510	700	540	890	270	420	640	260	760	400	970	290	860	830	790	1000	500	160	250	310	790	650	650	910	690	690	260	880	920	920	890	750	620	320	830	300	640	190	1000	730	390	230	340	400	800	270	120	280	380	120	480	540	950	270	340	100	430	570	120	370	560	860	780	170	180	650	890	990	730	980	110	160	810	930	210	520	510	150	360	850	850	120	760	230	330	490	180	960	840	740	910	550	240	970	560	740	800	470	320	550	610	430	440	440	490	640	890	850	200	270	410	210	390	120	340	250	740	200	620	290	960	380	890	690	610	760	630	360	700	890	520	160	390	190	120	180	380	700	290	230	100	120	920	690	530	700	530	200	350	830	680	870	920	270	960	150	580	950	770	160	390	460	1000	360	750	510	570	770	120	910	680	220	450	680	110	950	600	380	190	410	690	170	800	230	440	790	120	740	220	200	300	960	300	880	360	490	330	900	350	330	800	740	180	740	130	900	330	580	120	250	580	200	870	680	720	220	410	350	360	760	340	340	800	390	260	490	360	390	600	650	830	540	680	520	150	360	
1
