2844
80
2
90
0	0	500	500	500	0	0	500	0	0	500	0	0	0	0	0	0	0	0	500	0	0	0	0	0	0	0	0	0	0	500	0	0	0	0	0	0	0	0	0	0	0	0	0	0	500	0	0	0	0	0	0	0	0	0	0	0	0	0	0	500	0	0	0	0	0	500	0	0	0	0	0	0	0	0	0	0	500	0	0	
0	0	0	0	0	0	0	0	0	0	0	0	0	0	0	0	0	0	0	0	0	0	0	0	0	0	0	0	0	0	0	0	500	0	0	0	0	0	0	0	0	0	0	0	0	0	0	0	0	0	0	0	0	0	0	0	0	0	0	0	0	0	0	0	0	0	500	0	0	0	0	0	0	0	0	0	0	0	0	0	
500	0	0	0	0	0	0	0	0	0	0	0	0	0	0	0	500	0	0	0	0	0	0	0	0	0	0	0	0	0	0	0	0	0	0	0	0	0	0	0	0	0	0	0	0	0	0	0	0	0	0	500	0	0	0	0	0	0	0	0	0	0	0	0	0	0	0	0	0	0	0	0	0	0	0	0	0	0	0	0	
500	0	0	0	0	0	0	0	0	0	0	0	0	0	0	0	0	0	0	0	0	0	0	0	0	0	0	0	500	0	0	0	0	0	0	0	0	0	0	0	0	0	0	0	0	0	0	0	0	0	0	0	0	0	0	0	0	0	0	0	0	0	0	0	0	0	0	0	0	0	0	0	0	0	0	0	0	0	0	500	
500	0	0	0	0	0	0	0	0	0	0	0	0	0	0	0	0	0	500	0	0	0	0	0	0	0	0	0	0	0	0	0	0	0	0	0	0	0	0	0	0	0	0	0	0	0	0	0	0	0	0	0	0	0	0	0	0	0	0	0	0	0	0	0	0	0	0	0	0	500	0	0	0	0	0	0	0	0	0	0	
0	0	0	0	0	0	0	0	0	0	0	0	500	0	0	0	0	500	0	0	0	0	0	0	0	0	0	0	0	0	0	0	0	0	0	0	0	0	0	0	0	0	0	0	0	0	0	0	0	0	0	0	0	0	0	0	0	0	0	0	0	0	0	0	0	0	0	0	0	0	0	0	0	0	0	0	0	0	0	0	
0	0	0	0	0	0	0	0	0	0	0	0	0	0	0	0	0	0	0	0	0	0	0	0	0	0	0	0	0	0	0	0	0	0	0	0	0	500	0	0	0	0	0	0	0	0	0	500	0	0	0	0	0	0	0	0	0	0	0	0	0	0	0	0	0	0	0	0	0	0	0	0	0	0	0	0	0	0	0	0	
500	0	0	0	0	0	0	0	0	0	0	0	0	0	0	0	0	0	0	0	0	0	0	0	0	0	0	0	0	0	0	0	0	0	500	0	0	0	0	0	0	0	0	0	0	0	0	0	0	0	0	0	0	0	0	0	0	0	0	0	0	0	0	0	0	0	0	0	0	0	0	0	0	0	0	0	500	0	0	0	
0	0	0	0	0	0	0	0	0	0	0	0	500	0	0	0	0	0	0	0	0	0	0	0	0	0	0	0	0	0	0	0	0	0	0	0	0	0	0	0	0	0	0	0	0	0	0	0	0	0	0	0	0	0	0	0	0	0	0	0	0	0	500	0	0	0	0	0	0	0	0	0	0	0	0	0	0	0	0	0	
0	0	0	0	0	0	0	0	0	0	0	0	0	0	0	0	0	0	0	0	0	0	0	0	0	0	500	0	0	0	0	0	0	0	0	0	0	0	0	0	0	0	0	0	0	0	0	0	0	0	0	0	0	500	0	0	0	0	0	0	0	0	0	0	0	0	0	0	0	0	0	0	0	0	0	0	0	0	0	0	
500	0	0	0	0	0	0	0	0	0	0	0	0	0	0	500	0	0	0	0	0	0	0	0	0	0	0	0	0	0	0	0	0	0	0	0	0	0	0	0	0	0	0	0	0	0	0	0	0	0	0	0	0	0	0	0	0	0	500	0	0	0	0	0	0	0	0	0	0	0	0	0	0	0	0	0	0	0	0	0	
0	0	0	0	0	0	0	0	0	0	0	0	0	0	0	0	0	0	0	0	0	0	0	500	0	0	0	0	0	0	0	0	0	0	0	0	0	0	0	0	0	0	0	0	0	0	0	0	0	0	0	0	0	0	0	0	0	0	0	0	0	0	0	0	0	0	0	0	0	0	0	500	0	0	0	0	0	0	0	0	
0	0	0	0	0	500	0	0	500	0	0	0	0	0	0	0	0	0	0	0	0	0	0	0	0	0	0	0	0	0	0	0	0	0	0	0	0	0	0	0	0	0	0	0	0	0	0	0	0	0	0	0	0	0	0	0	0	0	0	0	0	0	0	0	0	0	0	0	0	0	0	0	0	0	0	0	0	0	0	0	
0	0	0	0	0	0	0	0	0	0	0	0	0	0	0	0	0	0	0	0	0	0	0	0	0	500	500	0	0	0	0	0	0	0	0	0	0	0	0	0	0	0	0	0	0	0	0	0	0	0	0	0	0	0	0	0	0	0	0	0	0	0	0	0	0	0	0	0	0	0	0	0	0	0	0	0	0	0	0	0	
0	0	0	0	0	0	0	0	0	0	0	0	0	0	0	0	500	0	0	0	0	0	0	0	0	0	0	0	0	0	0	0	0	0	0	0	0	0	0	0	0	0	0	0	0	0	0	0	0	0	0	500	0	0	0	0	0	0	0	0	0	0	0	0	0	0	0	0	0	0	0	0	0	0	0	0	0	0	0	0	
0	0	0	0	0	0	0	0	0	0	500	0	0	0	0	0	0	0	0	0	0	0	0	0	0	0	0	0	0	0	0	0	0	0	0	0	0	0	0	0	0	0	0	0	0	0	500	0	0	0	0	0	0	0	0	0	0	0	0	0	0	0	0	0	0	0	0	0	0	0	0	0	0	0	0	0	0	0	0	0	
0	0	500	0	0	0	0	0	0	0	0	0	0	0	500	0	0	0	0	0	0	0	0	0	0	0	0	0	0	0	0	0	0	0	0	0	0	0	0	0	0	0	0	0	0	0	0	0	0	0	0	0	0	0	0	0	0	0	0	0	0	0	0	0	0	0	0	0	0	0	0	0	0	0	0	0	0	0	0	0	
0	0	0	0	0	500	0	0	0	0	0	0	0	0	0	0	0	0	0	0	0	0	0	0	0	0	0	0	0	0	0	0	0	0	0	0	0	0	0	0	0	0	0	0	0	0	0	0	0	0	0	0	0	500	0	0	0	0	0	0	0	0	0	0	0	0	0	0	0	0	0	0	0	0	0	0	0	0	0	0	
0	0	0	0	500	0	0	0	0	0	0	0	0	0	0	0	0	0	0	0	0	0	0	0	0	0	0	0	0	0	0	0	0	0	0	0	0	0	0	0	0	0	0	0	0	0	0	0	0	0	0	0	0	0	0	0	0	0	0	0	0	0	0	0	0	0	0	0	0	500	0	0	0	0	0	0	0	0	0	0	
500	0	0	0	0	0	0	0	0	0	0	0	0	0	0	0	0	0	0	0	0	0	0	0	0	0	0	0	0	0	0	0	0	0	0	0	0	0	0	0	0	0	0	0	0	0	0	0	0	0	0	0	0	0	0	0	0	0	0	0	0	500	0	0	0	0	0	0	0	0	0	0	0	500	0	0	0	0	0	0	
0	0	0	0	0	0	0	0	0	0	0	0	0	0	0	0	0	0	0	0	0	0	0	0	0	0	0	0	0	0	0	0	0	0	0	0	0	0	0	0	0	0	0	0	0	0	0	0	0	0	500	0	0	0	0	0	0	0	0	0	500	0	0	0	0	0	0	0	0	0	0	0	0	0	0	0	0	0	0	0	
0	0	0	0	0	0	0	0	0	0	0	0	0	0	0	0	0	0	0	0	0	0	0	0	0	0	0	0	0	0	0	0	0	0	0	0	0	0	0	0	0	0	0	0	0	0	0	0	0	0	0	0	0	0	0	0	0	0	0	0	0	500	0	0	0	0	0	0	0	0	0	0	0	500	0	0	0	0	0	0	
0	0	0	0	0	0	0	0	0	0	0	0	0	0	0	0	0	0	0	0	0	0	0	0	0	0	0	0	0	0	0	0	0	0	0	0	0	0	0	0	0	0	0	0	0	0	0	0	0	0	0	0	0	0	500	0	500	0	0	0	0	0	0	0	0	0	0	0	0	0	0	0	0	0	0	0	0	0	0	0	
0	0	0	0	0	0	0	0	0	0	0	500	0	0	0	0	0	0	0	0	0	0	0	0	0	0	0	0	0	0	0	0	0	0	0	0	0	0	0	0	0	0	0	0	0	0	0	500	0	0	0	0	0	0	0	0	0	0	0	0	0	0	0	0	0	0	0	0	0	0	0	0	0	0	0	0	0	0	0	0	
0	0	0	0	0	0	0	0	0	0	0	0	0	0	0	0	0	0	0	0	0	0	0	0	0	0	0	0	0	0	0	0	500	0	0	0	0	0	0	0	0	500	0	0	0	0	0	0	0	0	0	0	0	0	0	0	0	0	0	0	0	0	0	0	0	0	0	0	0	0	0	0	0	0	0	0	0	0	0	0	
0	0	0	0	0	0	0	0	0	0	0	0	0	500	0	0	0	0	0	0	0	0	0	0	0	0	0	0	0	0	0	0	0	0	0	0	0	0	0	0	0	0	0	0	0	0	0	0	0	0	0	0	0	0	0	0	0	0	0	0	0	0	0	0	0	0	0	0	0	0	500	0	0	0	0	0	0	0	0	0	
0	0	0	0	0	0	0	0	0	500	0	0	0	500	0	0	0	0	0	0	0	0	0	0	0	0	0	0	0	0	0	0	0	0	0	0	0	0	0	0	0	0	0	0	0	0	0	0	0	0	0	0	0	0	0	0	0	0	0	0	0	0	0	0	0	0	0	0	0	0	0	0	0	0	0	0	0	0	0	0	
0	0	0	0	0	0	0	0	0	0	0	0	0	0	0	0	0	0	0	0	0	0	0	0	0	0	0	0	0	0	0	500	0	0	0	0	0	500	0	0	0	0	0	0	0	0	0	0	0	0	0	0	0	0	0	0	0	0	0	0	0	0	0	0	0	0	0	0	0	0	0	0	0	0	0	0	0	0	0	0	
0	0	0	500	0	0	0	0	0	0	0	0	0	0	0	0	0	0	0	0	0	0	0	0	0	0	0	0	0	0	0	0	0	0	0	0	0	0	0	0	0	0	0	0	0	0	0	0	0	0	0	0	0	0	0	0	0	0	0	0	0	0	0	0	0	0	0	0	0	0	0	0	0	0	0	0	0	0	0	500	
0	0	0	0	0	0	0	0	0	0	0	0	0	0	0	0	0	0	0	0	0	0	0	0	0	0	0	0	0	0	0	0	0	0	0	0	0	0	0	0	0	0	0	0	0	0	0	0	0	0	0	0	0	0	0	0	0	0	0	0	0	0	0	0	0	0	0	0	0	0	500	0	500	0	0	0	0	0	0	0	
500	0	0	0	0	0	0	0	0	0	0	0	0	0	0	0	0	0	0	0	0	0	0	0	0	0	0	0	0	0	0	0	0	0	0	0	0	0	0	0	0	0	0	0	0	0	0	0	0	0	0	0	0	0	0	0	0	0	0	0	0	0	0	0	0	0	0	0	500	0	0	0	0	0	0	0	0	0	500	0	
0	0	0	0	0	0	0	0	0	0	0	0	0	0	0	0	0	0	0	0	0	0	0	0	0	0	0	500	0	0	0	0	0	0	0	0	0	0	0	0	0	0	0	0	0	0	0	0	0	0	0	0	0	0	0	0	0	0	0	500	0	0	0	0	0	0	0	0	0	0	0	0	0	0	0	0	0	0	0	0	
0	500	0	0	0	0	0	0	0	0	0	0	0	0	0	0	0	0	0	0	0	0	0	0	500	0	0	0	0	0	0	0	0	0	0	0	0	0	0	0	0	0	0	0	0	0	0	0	0	0	0	0	0	0	0	0	0	0	0	0	0	0	0	0	0	0	0	0	0	0	0	0	0	0	0	0	0	0	0	0	
0	0	0	0	0	0	0	0	0	0	0	0	0	0	0	0	0	0	0	0	0	0	0	0	0	0	0	0	0	0	0	0	0	0	0	0	0	0	0	0	0	0	0	0	0	0	0	0	500	0	0	0	0	0	0	0	0	0	0	0	0	0	0	0	500	0	0	0	0	0	0	0	0	0	0	0	0	0	0	0	
0	0	0	0	0	0	0	500	0	0	0	0	0	0	0	0	0	0	0	0	0	0	0	0	0	0	0	0	0	0	0	0	0	0	0	0	500	0	0	0	0	0	0	0	0	0	0	0	0	0	0	0	0	0	0	0	0	0	0	0	0	0	0	0	0	0	0	0	0	0	0	0	0	0	0	0	0	0	0	0	
0	0	0	0	0	0	0	0	0	0	0	0	0	0	0	0	0	0	0	0	0	0	0	0	0	0	0	0	0	0	0	0	0	0	0	0	0	0	0	0	0	0	0	0	0	0	0	0	500	0	0	0	0	0	0	0	0	0	0	0	0	0	0	0	0	0	0	0	0	0	0	0	0	0	0	0	0	0	500	0	
0	0	0	0	0	0	0	0	0	0	0	0	0	0	0	0	0	0	0	0	0	0	0	0	0	0	0	0	0	0	0	0	0	0	500	0	0	0	0	0	0	0	0	0	0	0	0	0	0	0	0	0	0	0	0	0	0	0	0	0	0	0	0	0	0	0	0	0	0	0	0	0	0	0	0	0	500	0	0	0	
0	0	0	0	0	0	500	0	0	0	0	0	0	0	0	0	0	0	0	0	0	0	0	0	0	0	0	500	0	0	0	0	0	0	0	0	0	0	0	0	0	0	0	0	0	0	0	0	0	0	0	0	0	0	0	0	0	0	0	0	0	0	0	0	0	0	0	0	0	0	0	0	0	0	0	0	0	0	0	0	
0	0	0	0	0	0	0	0	0	0	0	0	0	0	0	0	0	0	0	0	0	0	0	0	0	0	0	0	0	0	0	0	0	0	0	0	0	0	0	0	0	0	0	500	500	0	0	0	0	0	0	0	0	0	0	0	0	0	0	0	0	0	0	0	0	0	0	0	0	0	0	0	0	0	0	0	0	0	0	0	
0	0	0	0	0	0	0	0	0	0	0	0	0	0	0	0	0	0	0	0	0	0	0	0	0	0	0	0	0	0	0	0	0	0	0	0	0	0	0	0	0	0	0	0	0	0	0	0	0	0	0	0	0	0	0	0	0	0	500	0	0	0	0	0	0	0	0	0	0	0	0	0	0	0	0	500	0	0	0	0	
0	0	0	0	0	0	0	0	0	0	0	0	0	0	0	0	0	0	0	0	0	0	0	0	0	0	0	0	0	0	0	0	0	0	0	0	0	0	0	0	0	0	0	0	0	0	500	0	0	0	0	0	0	0	0	0	0	0	0	0	0	0	0	0	0	500	0	0	0	0	0	0	0	0	0	0	0	0	0	0	
0	0	0	0	0	0	0	0	0	0	0	0	0	0	0	0	0	0	0	0	0	0	0	0	500	0	0	0	0	0	0	0	0	0	0	0	0	0	0	0	0	0	0	0	0	0	0	0	0	500	0	0	0	0	0	0	0	0	0	0	0	0	0	0	0	0	0	0	0	0	0	0	0	0	0	0	0	0	0	0	
0	0	0	0	0	0	0	0	0	0	0	0	0	0	0	0	0	0	0	0	0	0	0	0	0	0	0	0	0	0	0	0	0	0	0	0	0	0	0	0	0	0	0	0	500	0	0	0	0	500	0	0	0	0	0	0	0	0	0	0	0	0	0	0	0	0	0	0	0	0	0	0	0	0	0	0	0	0	0	0	
0	0	0	0	0	0	0	0	0	0	0	0	0	0	0	0	0	0	0	0	0	0	0	0	0	0	0	0	0	0	0	0	0	0	0	0	0	0	500	0	0	0	0	0	0	0	0	0	0	0	0	0	0	0	0	0	0	0	0	0	0	0	500	0	0	0	0	0	0	0	0	0	0	0	0	0	0	0	0	0	
0	0	0	0	0	0	0	0	0	0	0	0	0	0	0	0	0	0	0	0	0	0	0	0	0	0	0	0	0	0	0	0	0	0	0	0	0	0	500	0	0	0	500	0	0	0	0	0	0	0	0	0	0	0	0	0	0	0	0	0	0	0	0	0	0	0	0	0	0	0	0	0	0	0	0	0	0	0	0	0	
500	0	0	0	0	0	0	0	0	0	0	0	0	0	0	0	0	0	0	0	0	0	0	0	0	0	0	0	0	0	0	0	0	0	0	0	0	0	0	0	0	0	0	0	0	0	0	0	0	0	0	0	0	0	0	500	0	0	0	0	0	0	0	500	0	0	0	0	0	0	0	0	0	0	0	0	0	0	0	0	
0	0	0	0	0	0	0	0	0	0	0	0	0	0	0	500	0	0	0	0	0	0	0	0	0	0	0	0	0	0	0	0	0	0	0	0	0	0	0	0	500	0	0	0	0	0	0	0	0	0	0	0	0	0	0	0	0	0	0	0	0	0	0	0	0	0	0	0	0	0	0	0	0	0	0	0	0	0	0	0	
0	0	0	0	0	0	500	0	0	0	0	0	0	0	0	0	0	0	0	0	0	0	0	500	0	0	0	0	0	0	0	0	0	0	0	0	0	0	0	0	0	0	0	0	0	0	0	0	0	0	0	0	0	0	0	0	0	0	0	0	0	0	0	0	0	0	0	0	0	0	0	0	0	0	0	0	0	0	0	0	
0	0	0	0	0	0	0	0	0	0	0	0	0	0	0	0	0	0	0	0	0	0	0	0	0	0	0	0	0	0	0	0	0	500	0	500	0	0	0	0	0	0	0	0	0	0	0	0	0	0	0	0	0	0	0	0	0	0	0	0	0	0	0	0	0	0	0	0	0	0	0	0	0	0	0	0	0	0	0	0	
0	0	0	0	0	0	0	0	0	0	0	0	0	0	0	0	0	0	0	0	0	0	0	0	0	0	0	0	0	0	0	0	0	0	0	0	0	0	0	0	0	500	500	0	0	0	0	0	0	0	0	0	0	0	0	0	0	0	0	0	0	0	0	0	0	0	0	0	0	0	0	0	0	0	0	0	0	0	0	0	
0	0	0	0	0	0	0	0	0	0	0	0	0	0	0	0	0	0	0	0	500	0	0	0	0	0	0	0	0	0	0	0	0	0	0	0	0	0	0	0	0	0	0	0	0	0	0	0	0	0	0	0	500	0	0	0	0	0	0	0	0	0	0	0	0	0	0	0	0	0	0	0	0	0	0	0	0	0	0	0	
0	0	500	0	0	0	0	0	0	0	0	0	0	0	500	0	0	0	0	0	0	0	0	0	0	0	0	0	0	0	0	0	0	0	0	0	0	0	0	0	0	0	0	0	0	0	0	0	0	0	0	0	0	0	0	0	0	0	0	0	0	0	0	0	0	0	0	0	0	0	0	0	0	0	0	0	0	0	0	0	
0	0	0	0	0	0	0	0	0	0	0	0	0	0	0	0	0	0	0	0	0	0	0	0	0	0	0	0	0	0	0	0	0	0	0	0	0	0	0	0	0	0	0	0	0	0	0	0	0	0	500	0	0	0	500	0	0	0	0	0	0	0	0	0	0	0	0	0	0	0	0	0	0	0	0	0	0	0	0	0	
0	0	0	0	0	0	0	0	0	500	0	0	0	0	0	0	0	500	0	0	0	0	0	0	0	0	0	0	0	0	0	0	0	0	0	0	0	0	0	0	0	0	0	0	0	0	0	0	0	0	0	0	0	0	0	0	0	0	0	0	0	0	0	0	0	0	0	0	0	0	0	0	0	0	0	0	0	0	0	0	
0	0	0	0	0	0	0	0	0	0	0	0	0	0	0	0	0	0	0	0	0	0	500	0	0	0	0	0	0	0	0	0	0	0	0	0	0	0	0	0	0	0	0	0	0	0	0	0	0	0	0	0	500	0	0	0	0	0	0	0	0	0	0	0	0	0	0	0	0	0	0	0	0	0	0	0	0	0	0	0	
0	0	0	0	0	0	0	0	0	0	0	0	0	0	0	0	0	0	0	0	0	0	0	0	0	0	0	0	0	0	0	0	0	0	0	0	0	0	0	0	0	0	0	0	0	500	0	0	0	0	0	0	0	0	0	0	0	0	0	0	0	0	0	500	0	0	0	0	0	0	0	0	0	0	0	0	0	0	0	0	
0	0	0	0	0	0	0	0	0	0	0	0	0	0	0	0	0	0	0	0	0	0	500	0	0	0	0	0	0	0	0	0	0	0	0	0	0	0	0	0	0	0	0	0	0	0	0	0	0	0	0	0	0	0	0	0	0	0	0	500	0	0	0	0	0	0	0	0	0	0	0	0	0	0	0	0	0	0	0	0	
0	0	0	0	0	0	0	0	0	0	0	0	0	0	0	0	0	0	0	0	0	0	0	0	0	0	0	0	0	0	0	0	0	0	0	0	0	0	0	0	0	0	0	0	0	0	0	0	0	0	0	0	0	0	0	0	0	0	0	0	0	0	0	0	500	0	0	500	0	0	0	0	0	0	0	0	0	0	0	0	
0	0	0	0	0	0	0	0	0	0	500	0	0	0	0	0	0	0	0	0	0	0	0	0	0	0	0	0	0	0	0	0	0	0	0	0	0	0	0	500	0	0	0	0	0	0	0	0	0	0	0	0	0	0	0	0	0	0	0	0	0	0	0	0	0	0	0	0	0	0	0	0	0	0	0	0	0	0	0	0	
0	0	0	0	0	0	0	0	0	0	0	0	0	0	0	0	0	0	0	0	0	0	0	0	0	0	0	0	0	0	0	500	0	0	0	0	0	0	0	0	0	0	0	0	0	0	0	0	0	0	0	0	0	0	0	0	500	0	0	0	0	0	0	0	0	0	0	0	0	0	0	0	0	0	0	0	0	0	0	0	
500	0	0	0	0	0	0	0	0	0	0	0	0	0	0	0	0	0	0	0	500	0	0	0	0	0	0	0	0	0	0	0	0	0	0	0	0	0	0	0	0	0	0	0	0	0	0	0	0	0	0	0	0	0	0	0	0	0	0	0	0	0	0	0	0	0	0	0	0	0	0	0	0	0	0	0	0	0	0	0	
0	0	0	0	0	0	0	0	0	0	0	0	0	0	0	0	0	0	0	500	0	500	0	0	0	0	0	0	0	0	0	0	0	0	0	0	0	0	0	0	0	0	0	0	0	0	0	0	0	0	0	0	0	0	0	0	0	0	0	0	0	0	0	0	0	0	0	0	0	0	0	0	0	0	0	0	0	0	0	0	
0	0	0	0	0	0	0	0	500	0	0	0	0	0	0	0	0	0	0	0	0	0	0	0	0	0	0	0	0	0	0	0	0	0	0	0	0	0	0	0	0	0	0	500	0	0	0	0	0	0	0	0	0	0	0	0	0	0	0	0	0	0	0	0	0	0	0	0	0	0	0	0	0	0	0	0	0	0	0	0	
0	0	0	0	0	0	0	0	0	0	0	0	0	0	0	0	0	0	0	0	0	0	0	0	0	0	0	0	0	0	0	0	0	0	0	0	0	0	0	0	0	0	0	0	0	500	0	0	0	0	0	0	0	0	0	500	0	0	0	0	0	0	0	0	0	0	0	0	0	0	0	0	0	0	0	0	0	0	0	0	
0	0	0	0	0	0	0	0	0	0	0	0	0	0	0	0	0	0	0	0	0	0	0	0	0	0	0	0	0	0	0	0	0	500	0	0	0	0	0	0	0	0	0	0	0	0	0	0	0	0	0	0	0	0	0	0	0	500	0	0	0	0	0	0	0	0	0	0	0	0	0	0	0	0	0	0	0	0	0	0	
0	0	0	0	0	0	0	0	0	0	0	0	0	0	0	0	0	0	0	0	0	0	0	0	0	0	0	0	0	0	0	0	0	0	0	0	0	0	0	0	500	0	0	0	0	0	0	0	0	0	0	0	0	0	0	0	0	0	0	0	0	0	0	0	0	0	0	0	0	0	0	0	0	0	0	500	0	0	0	0	
500	500	0	0	0	0	0	0	0	0	0	0	0	0	0	0	0	0	0	0	0	0	0	0	0	0	0	0	0	0	0	0	0	0	0	0	0	0	0	0	0	0	0	0	0	0	0	0	0	0	0	0	0	0	0	0	0	0	0	0	0	0	0	0	0	0	0	0	0	0	0	0	0	0	0	0	0	0	0	0	
0	0	0	0	0	0	0	0	0	0	0	0	0	0	0	0	0	0	0	0	0	0	0	0	0	0	0	0	0	0	0	0	0	0	0	0	0	0	0	0	0	0	0	0	0	0	0	0	0	0	0	0	0	0	0	0	0	500	0	0	0	0	0	0	0	0	0	0	500	0	0	0	0	0	0	0	0	0	0	0	
0	0	0	0	0	0	0	0	0	0	0	0	0	0	0	0	0	0	0	0	0	0	0	0	0	0	0	0	0	0	500	0	0	0	0	0	0	0	0	0	0	0	0	0	0	0	0	0	0	0	0	0	0	0	0	0	0	0	0	0	0	0	0	0	0	0	0	500	0	0	0	0	0	0	0	0	0	0	0	0	
0	0	0	0	500	0	0	0	0	0	0	0	0	0	0	0	0	0	500	0	0	0	0	0	0	0	0	0	0	0	0	0	0	0	0	0	0	0	0	0	0	0	0	0	0	0	0	0	0	0	0	0	0	0	0	0	0	0	0	0	0	0	0	0	0	0	0	0	0	0	0	0	0	0	0	0	0	0	0	0	
0	0	0	0	0	0	0	0	0	0	0	0	0	0	0	0	0	0	0	0	0	0	0	0	0	500	0	0	0	500	0	0	0	0	0	0	0	0	0	0	0	0	0	0	0	0	0	0	0	0	0	0	0	0	0	0	0	0	0	0	0	0	0	0	0	0	0	0	0	0	0	0	0	0	0	0	0	0	0	0	
0	0	0	0	0	0	0	0	0	0	0	500	0	0	0	0	0	0	0	0	0	0	0	0	0	0	0	0	0	0	0	0	0	0	0	0	0	0	0	0	0	0	0	0	0	0	0	0	0	0	0	0	0	0	0	0	0	0	0	0	0	0	0	0	0	0	0	0	0	0	0	0	0	0	500	0	0	0	0	0	
0	0	0	0	0	0	0	0	0	0	0	0	0	0	0	0	0	0	0	0	0	0	0	0	0	0	0	0	0	500	0	0	0	0	0	0	0	0	0	0	0	0	0	0	0	0	0	0	0	0	0	0	0	0	0	0	0	0	0	0	0	0	0	0	0	0	0	0	0	0	0	0	0	0	500	0	0	0	0	0	
0	0	0	0	0	0	0	0	0	0	0	0	0	0	0	0	0	0	0	500	0	500	0	0	0	0	0	0	0	0	0	0	0	0	0	0	0	0	0	0	0	0	0	0	0	0	0	0	0	0	0	0	0	0	0	0	0	0	0	0	0	0	0	0	0	0	0	0	0	0	0	0	0	0	0	0	0	0	0	0	
0	0	0	0	0	0	0	0	0	0	0	0	0	0	0	0	0	0	0	0	0	0	0	0	0	0	0	0	0	0	0	0	0	0	0	0	0	0	0	0	0	0	0	0	0	0	0	0	0	0	0	0	0	0	0	0	0	0	0	0	0	0	0	0	0	0	0	0	0	0	0	500	500	0	0	0	0	0	0	0	
0	0	0	0	0	0	0	0	0	0	0	0	0	0	0	0	0	0	0	0	0	0	0	0	0	0	0	0	0	0	0	0	0	0	0	0	0	0	0	500	0	0	0	0	0	0	0	0	0	0	0	0	0	0	0	0	0	0	0	0	0	0	0	0	0	500	0	0	0	0	0	0	0	0	0	0	0	0	0	0	
0	0	0	0	0	0	0	500	0	0	0	0	0	0	0	0	0	0	0	0	0	0	0	0	0	0	0	0	0	0	0	0	0	0	0	0	500	0	0	0	0	0	0	0	0	0	0	0	0	0	0	0	0	0	0	0	0	0	0	0	0	0	0	0	0	0	0	0	0	0	0	0	0	0	0	0	0	0	0	0	
500	0	0	0	0	0	0	0	0	0	0	0	0	0	0	0	0	0	0	0	0	0	0	0	0	0	0	0	0	0	0	0	0	0	0	0	0	0	0	0	0	0	0	0	0	0	0	0	0	0	0	0	0	0	0	0	0	0	0	0	0	0	0	0	0	0	0	0	0	0	0	0	0	0	0	0	0	0	0	0	
0	0	0	0	0	0	0	0	0	0	0	0	0	0	0	0	0	0	0	0	0	0	0	0	0	0	0	0	0	0	500	0	0	0	0	500	0	0	0	0	0	0	0	0	0	0	0	0	0	0	0	0	0	0	0	0	0	0	0	0	0	0	0	0	0	0	0	0	0	0	0	0	0	0	0	0	0	0	0	0	
0	0	0	500	0	0	0	0	0	0	0	0	0	0	0	0	0	0	0	0	0	0	0	0	0	0	0	0	500	0	0	0	0	0	0	0	0	0	0	0	0	0	0	0	0	0	0	0	0	0	0	0	0	0	0	0	0	0	0	0	0	0	0	0	0	0	0	0	0	0	0	0	0	0	0	0	0	0	0	0	
34	48	45	35	44	61	51	60	74	19	13	24	11	68	43	6	66	0	78	24	63	73	24	47	35	79	10	76	15	51	69	32	36	22	24	11	3	58	23	0	61	31	17	62	3	70	72	7	71	49	28	60	72	64	79	77	72	69	65	13	25	31	4	43	43	33	41	57	62	76	0	24	53	32	27	73	64	14	10	28	16	55	79	36	22	77	10	48	51	64	45	2	24	33	73	59	55	18	78	60	31	35	78	21	50	5	41	25	50	42	33	55	63	18	39	17	9	30	27	24	19	48	14	29	77	72	66	16	72	7	40	19	69	15	1	40	53	32	29	62	25	27	45	6	18	50	51	51	17	21	48	5	8	53	68	60	70	20	33	10	62	2	72	48	15	64	25	63	28	15	69	72	21	49	30	59	10	55	21	26	30	16	42	54	33	79	79	64	4	4	53	57	57	33	28	18	79	38	21	43	56	68	35	22	5	45	52	21	72	32	12	38	32	41	13	70	7	74	10	51	38	49	62	59	58	10	37	75	32	1	13	17	20	69	34	74	4	18	1	18	62	68	55	7	60	74	1	69	30	16	61	41	63	67	39	34	61	0	61	10	69	67	58	32	20	43	45	1	6	20	66	25	25	59	7	22	11	73	6	54	37	59	16	34	52	73	66	53	31	26	2	36	25	2	4	54	40	38	77	46	49	43	67	1	24	39	10	38	36	13	72	16	41	36	1	36	43	15	74	40	65	21	42	3	58	37	75	53	27	45	34	46	38	23	58	55	22	41	59	53	70	55	72	43	3	36	23	7	3	69	12	58	21	43	37	25	27	50	10	16	37	49	73	20	27	13	57	46	22	30	2	9	19	49	51	46	42	64	54	77	68	25	49	27	4	44	62	42	73	13	57	19	41	18	17	50	63	79	70	64	0	12	3	49	50	74	34	39	40	71	57	77	45	3	72	12	76	75	0	41	5	52	27	79	42	57	55	46	46	35	50	39	73	3	20	4	71	39	72	66	39	68	50	19	79	53	79	32	37	67	6	43	61	42	53	56	51	6	44	37	65	15	23	26	19	41	6	60	39	2	60	12	67	47	40	51	78	6	72	60	15	62	14	41	24	12	69	36	38	5	27	21	71	0	32	39	63	44	60	24	76	53	34	52	72	61	63	33	48	19	24	10	2	16	76	14	32	2	28	28	34	41	6	27	62	76	37	46	36	66	77	13	40	49	33	47	65	54	45	31	57	65	0	60	63	0	39	12	62	9	59	32	44	25	61	68	3	51	28	61	38	15	20	75	62	24	30	38	44	15	66	20	73	5	41	41	74	70	49	54	69	11	15	18	3	40	14	47	48	58	33	35	50	20	41	26	58	24	56	57	63	13	9	16	78	70	73	53	28	6	37	11	16	50	77	9	11	53	25	70	30	34	72	28	32	14	7	26	7	36	25	70	57	72	34	11	5	48	35	27	3	13	59	15	76	71	54	29	42	69	45	18	4	12	25	69	56	34	54	37	51	37	39	75	67	66	41	26	53	24	73	44	9	44	51	68	71	77	51	71	74	38	16	65	74	64	2	56	45	45	65	22	69	56	78	47	0	75	68	11	54	74	73	44	49	38	23	51	70	35	48	39	5	76	66	33	54	28	62	23	28	45	77	4	29	13	20	65	20	72	21	58	1	53	72	48	17	34	9	7	44	66	61	22	52	12	42	17	70	79	64	5	24	60	32	63	9	39	30	55	62	55	40	35	18	24	39	70	38	71	66	79	32	78	18	18	20	78	32	4	4	5	49	29	78	28	62	54	8	41	73	77	32	8	1	59	36	12	16	47	78	19	27	73	15	17	8	53	7	46	1	77	78	3	77	40	67	71	66	1	25	23	44	58	74	63	1	1	2	19	42	60	72	16	21	51	31	74	45	43	64	79	24	0	13	37	14	17	21	43	72	15	72	64	46	3	29	54	58	18	68	21	0	60	21	75	33	74	69	36	21	78	34	14	3	31	77	57	70	67	11	12	39	72	16	1	47	18	0	45	62	52	35	29	79	4	37	1	54	22	10	59	74	66	71	39	22	5	68	40	19	11	20	26	44	31	3	9	53	3	2	72	38	5	61	72	70	66	76	61	54	37	40	40	57	16	38	17	24	39	37	13	41	21	23	1	46	69	3	47	7	44	9	50	36	78	63	33	15	47	52	32	23	51	38	55	52	9	66	35	64	28	16	6	16	1	78	5	56	39	45	39	7	71	39	72	26	44	76	24	71	17	9	74	41	1	2	2	6	70	62	43	76	63	25	10	39	47	6	75	18	6	67	35	38	8	4	54	69	62	72	9	39	24	57	61	73	29	39	47	77	7	36	40	77	28	47	58	70	49	39	74	52	76	56	18	14	75	40	56	9	18	11	49	10	26	26	49	23	71	55	59	70	67	52	8	18	13	18	75	60	28	35	4	45	55	28	27	30	20	37	69	48	37	77	59	24	43	59	76	68	14	51	69	60	0	22	27	9	1	10	37	77	28	46	17	37	37	44	5	62	26	4	69	63	34	22	61	48	54	1	50	64	66	21	54	76	54	18	14	45	14	72	65	26	12	73	19	60	29	27	7	36	42	51	49	53	28	38	57	69	43	45	64	11	3	43	52	58	66	23	2	0	57	62	78	73	37	76	71	20	75	50	18	50	47	7	55	28	27	56	68	25	3	17	38	40	37	43	35	45	44	42	10	6	60	40	74	53	60	17	63	44	74	77	66	44	42	60	52	68	0	17	76	28	60	48	22	17	3	24	41	23	6	36	19	19	15	79	65	39	61	39	74	53	2	75	62	67	46	33	17	3	10	33	7	77	26	16	26	47	9	41	33	29	78	50	58	65	15	14	8	39	16	50	31	40	24	33	51	18	5	53	23	16	14	62	22	17	4	42	69	28	42	27	32	39	59	71	1	37	43	42	62	45	39	52	25	36	52	17	58	7	67	1	9	76	4	43	24	11	34	78	41	72	30	18	2	71	32	79	50	37	56	67	25	0	64	17	55	24	64	64	22	77	67	66	51	32	44	33	25	1	11	68	22	1	24	54	19	39	14	24	20	16	62	37	21	58	19	67	71	10	70	22	43	76	18	52	13	33	65	66	53	42	55	51	21	51	72	43	1	59	21	41	52	32	3	70	72	40	34	41	10	22	45	11	10	9	9	76	8	74	28	42	34	12	14	38	48	22	45	54	46	22	40	47	63	36	14	30	1	29	26	51	76	38	18	34	8	10	1	34	2	27	64	36	54	19	47	70	75	70	40	25	57	79	11	7	75	24	51	41	5	10	44	11	18	48	20	67	24	36	9	25	7	66	50	52	12	16	69	5	1	72	73	70	58	12	36	2	69	32	27	49	53	43	56	19	43	44	69	51	3	78	31	3	18	77	59	54	19	5	79	26	22	17	22	39	64	9	30	64	13	64	69	29	11	0	54	44	44	4	48	34	37	13	72	56	15	5	36	65	68	15	1	27	30	76	22	46	20	79	42	45	33	29	28	26	75	18	7	7	6	62	70	19	28	36	64	67	0	35	29	20	69	1	79	74	13	51	32	14	75	49	37	5	35	63	48	52	69	58	42	76	38	49	64	12	75	2	2	11	58	16	5	21	43	44	24	77	55	30	66	68	64	38	61	34	32	35	13	72	60	4	76	30	45	33	53	48	29	16	47	65	39	38	28	54	33	16	30	45	22	53	65	7	50	28	20	49	26	51	6	39	5	25	39	69	20	46	29	69	12	16	25	50	32	66	10	27	34	10	27	3	56	40	44	1	24	49	57	17	43	59	36	70	42	18	24	61	5	24	4	28	43	1	19	27	18	49	20	0	71	73	45	33	46	79	19	45	77	58	22	54	54	45	40	27	12	14	1	49	67	78	42	49	54	32	24	7	40	51	12	1	9	17	67	20	69	24	38	35	35	31	24	62	31	62	11	70	58	39	36	36	41	55	58	58	46	41	28	68	77	11	49	36	15	25	40	72	9	26	32	65	7	16	18	0	23	23	10	54	68	65	37	66	24	0	22	50	1	72	50	61	61	6	12	79	4	44	30	14	45	67	76	65	73	79	38	74	25	34	60	58	77	75	63	49	24	61	33	49	73	7	18	49	20	39	67	24	10	57	51	7	77	68	16	47	3	7	66	40	66	24	34	12	41	25	4	19	74	13	42	73	39	44	19	17	35	40	64	34	20	38	0	62	8	4	26	66	35	23	78	67	15	73	61	5	5	24	8	29	57	42	5	40	26	32	68	29	1	9	34	23	35	45	28	66	10	18	8	42	75	22	19	24	18	5	41	78	36	10	32	18	13	78	46	65	12	64	74	45	49	42	50	55	16	22	65	1	62	34	53	31	70	25	0	6	11	7	4	2	62	67	49	29	26	39	8	25	64	67	58	48	31	50	33	44	65	66	21	78	52	74	37	29	31	51	44	79	40	73	19	74	66	66	25	39	0	26	37	27	40	44	30	51	48	60	73	21	43	29	14	32	39	56	33	68	6	56	1	75	3	60	57	59	23	60	51	72	72	2	23	56	48	10	70	9	69	42	28	41	72	76	78	45	9	55	49	10	68	31	76	63	29	9	40	40	9	47	27	58	27	21	51	18	57	71	36	24	45	40	44	65	58	8	11	20	38	44	21	53	56	29	75	9	51	26	13	1	22	13	5	50	54	38	37	54	21	36	75	61	15	42	64	37	76	47	35	43	19	33	66	44	59	60	25	21	27	50	20	47	59	45	43	1	42	0	77	66	38	16	67	13	68	9	26	75	71	55	0	70	28	6	4	56	68	65	72	29	30	41	18	37	17	58	22	18	4	14	1	38	39	1	9	5	8	32	5	28	56	22	26	41	9	54	70	47	55	45	22	65	38	60	1	74	47	42	67	53	9	61	42	16	43	8	26	42	8	54	0	10	17	49	73	76	9	77	55	77	29	22	24	43	46	18	43	19	15	52	42	31	15	3	9	35	73	21	60	33	25	14	46	40	42	15	35	55	40	11	19	76	72	27	61	66	76	37	36	57	23	42	46	67	53	76	3	33	54	4	49	26	45	0	50	19	50	22	15	26	50	24	70	17	78	3	79	72	25	10	61	35	64	48	40	50	34	40	56	30	22	13	16	31	46	5	22	70	22	50	7	3	6	65	37	38	61	26	46	27	45	24	4	74	37	44	51	10	4	71	76	67	63	31	64	18	7	46	38	29	49	30	15	25	40	51	62	43	40	24	53	9	51	76	7	79	73	62	51	9	72	33	28	41	68	50	36	45	5	10	35	56	69	11	55	23	2	36	36	69	74	55	68	43	16	30	67	64	20	35	60	5	36	46	20	45	51	64	61	10	47	62	77	13	39	29	65	20	18	44	21	18	60	72	53	1	73	37	16	79	65	17	44	2	12	78	42	6	15	7	31	3	61	5	61	56	62	78	66	62	2	70	79	46	37	26	57	56	55	56	48	60	52	58	46	62	1	24	50	79	23	44	45	77	9	40	64	59	42	34	30	75	12	41	51	54	52	63	47	50	57	15	67	78	19	40	69	73	11	47	40	13	68	44	50	14	68	59	12	68	53	0	7	74	71	63	12	45	25	66	69	39	66	27	28	37	68	43	27	47	44	33	36	29	14	53	79	4	79	52	20	17	63	24	51	20	17	35	13	75	58	9	25	45	35	38	1	74	46	47	73	41	64	52	55	20	13	22	58	35	28	62	26	46	41	5	30	38	55	24	31	20	40	39	25	19	52	31	39	20	10	41	57	75	8	33	25	53	17	47	52	46	77	29	6	41	32	5	61	5	75	48	45	4	72	37	64	78	5	19	49	4	56	64	26	70	41	63	73	20	58	77	9	57	77	42	18	18	77	54	3	39	79	22	56	55	60	11	42	51	55	61	30	49	30	75	61	45	29	1	28	8	74	21	78	7	50	54	2	31	26	53	26	50	38	67	28	46	0	6	75	45	75	33	58	8	51	2	45	15	6	20	55	72	77	12	26	62	59	58	40	69	29	78	14	23	42	36	47	19	36	24	13	61	44	74	28	77	53	68	66	47	26	22	31	38	62	3	0	19	45	76	13	37	5	26	27	23	33	55	34	77	30	75	11	73	53	70	24	31	73	7	59	35	25	78	20	74	74	33	40	19	35	67	42	78	36	4	77	57	50	34	30	39	65	22	10	60	56	11	34	23	59	9	77	65	25	57	74	77	46	11	49	52	61	5	48	28	55	28	69	23	72	22	42	47	46	79	70	39	47	17	32	14	77	28	57	49	41	77	74	31	27	17	15	61	10	75	36	56	9	51	65	76	72	41	65	6	32	2	39	10	4	34	72	68	29	9	20	0	43	2	54	52	73	31	25	1	42	12	63	66	62	1	1	51	5	51	9	75	63	7	47	32	40	14	63	29	77	62	56	65	79	5	32	67	51	16	30	30	73	0	20	
48	12	63	46	7	15	60	68	37	70	45	19	38	78	34	11	8	68	37	38	40	20	21	4	19	29	14	63	53	43	13	23	76	43	31	6	69	74	50	28	29	5	66	20	16	57	28	11	77	35	78	47	47	0	51	76	52	13	59	16	8	23	16	7	73	43	48	15	20	6	9	69	22	69	71	53	12	69	72	60	50	35	23	8	38	61	3	22	37	30	72	18	12	52	68	41	72	60	67	41	37	3	2	63	17	6	46	7	40	19	36	31	9	53	2	51	31	74	52	16	72	79	7	53	49	66	57	44	71	14	6	52	54	49	43	26	12	73	37	42	70	1	50	66	49	39	78	14	73	25	54	44	12	50	55	56	7	16	79	64	55	1	42	0	40	32	21	38	72	28	62	79	52	16	0	38	25	43	26	27	36	24	25	9	65	54	24	61	30	0	38	69	24	5	31	61	60	0	33	19	38	0	55	52	52	0	32	76	3	63	8	8	70	77	36	27	61	73	64	31	61	38	10	64	63	46	9	71	59	40	72	14	59	46	31	62	23	41	23	47	41	34	26	58	42	2	47	41	3	50	49	4	28	43	24	37	47	6	14	52	21	12	42	43	6	21	71	66	61	44	61	67	64	57	21	45	33	72	10	76	43	14	60	61	21	46	52	23	77	55	37	11	38	42	62	59	16	9	1	70	28	5	15	62	60	78	9	21	64	38	64	42	10	13	52	32	73	53	71	6	32	63	43	16	26	50	36	40	20	74	53	68	63	29	32	74	41	56	9	69	48	66	17	22	10	16	59	47	43	10	25	28	77	2	44	52	64	6	1	44	53	32	14	47	38	68	28	43	57	26	63	52	74	8	56	68	53	39	52	27	16	71	33	70	67	25	7	27	14	69	8	38	39	4	52	15	70	2	21	69	63	50	66	27	37	56	21	22	26	63	1	40	38	57	14	61	55	45	53	46	64	59	37	76	10	72	73	60	45	33	0	18	49	76	23	9	24	66	2	2	17	48	61	41	10	20	55	8	30	68	24	64	27	1	75	4	54	42	72	50	4	60	56	36	30	37	10	75	3	46	31	37	11	76	0	59	11	30	2	15	45	2	3	2	26	74	37	70	59	44	46	9	1	73	35	11	21	52	53	75	54	14	57	5	69	77	79	22	26	59	70	29	3	30	8	9	45	46	17	47	44	6	7	41	43	68	58	30	49	51	79	21	43	32	21	34	71	65	21	15	26	16	6	33	0	61	2	74	16	18	36	77	68	7	55	48	19	60	48	20	54	5	56	52	6	65	53	15	61	52	39	5	45	72	21	38	64	32	37	36	24	29	11	64	43	27	9	35	43	52	22	17	25	79	7	54	43	72	49	11	56	28	67	5	25	33	44	9	63	69	21	22	22	39	71	14	60	41	11	20	40	48	26	9	35	77	19	7	58	25	43	63	45	27	35	23	3	3	53	63	4	48	40	18	48	63	6	9	9	3	68	32	21	57	46	74	51	25	38	47	54	78	21	33	14	48	47	72	0	9	23	22	19	54	67	45	43	72	79	5	7	70	11	72	36	73	52	6	11	49	75	68	74	66	0	59	35	33	27	37	25	46	57	5	79	37	1	1	25	58	4	58	3	26	38	0	27	23	70	68	35	68	25	16	6	6	13	17	0	7	30	73	53	32	43	30	45	26	59	46	26	7	17	9	29	73	61	0	12	54	28	41	74	34	30	35	21	40	74	70	54	9	54	32	10	13	18	41	72	59	56	70	15	40	17	10	38	77	65	51	23	34	19	37	28	9	45	18	22	12	49	29	31	3	5	62	75	35	35	62	54	56	33	36	11	42	26	4	75	48	16	1	45	62	10	47	25	77	72	55	21	61	41	39	23	16	75	72	5	57	1	46	46	51	20	67	42	55	63	72	68	76	19	41	35	65	6	38	45	62	37	48	4	75	19	49	68	25	72	23	8	8	5	64	50	35	15	60	45	62	5	58	5	25	18	71	26	18	7	78	5	2	17	23	72	10	18	30	66	77	6	20	17	55	75	78	71	76	78	18	33	52	45	31	74	53	4	47	56	66	1	34	7	78	25	16	22	61	20	26	58	18	69	6	30	45	20	2	57	64	53	0	62	79	15	74	69	30	16	6	45	36	1	24	66	32	8	27	45	77	74	71	8	8	4	52	12	0	42	31	70	41	60	63	59	39	46	70	38	8	79	48	38	55	17	61	22	38	28	7	67	0	70	42	25	67	21	41	57	34	11	58	5	69	15	66	17	24	29	12	69	30	46	57	64	50	10	27	11	62	75	42	30	68	61	9	48	59	71	63	66	66	47	36	50	35	62	72	19	43	66	67	66	24	79	51	6	43	5	30	30	63	67	39	41	41	76	39	26	74	51	14	16	35	69	38	1	21	27	15	78	32	25	58	61	49	42	22	60	17	22	40	29	61	15	2	8	71	48	68	55	28	37	30	75	4	27	78	43	39	32	1	38	65	37	11	9	68	51	66	40	1	61	52	40	29	16	71	72	78	49	73	19	27	54	12	12	78	64	0	52	67	44	38	47	74	20	13	63	47	1	5	36	24	12	39	64	6	16	16	61	49	32	72	1	38	71	50	31	78	41	66	21	15	24	21	1	14	55	72	38	25	21	63	66	48	8	11	39	50	48	39	54	74	16	70	14	70	54	41	2	8	32	32	33	64	49	38	45	64	18	45	16	5	28	49	79	62	34	38	14	27	47	17	67	34	67	54	23	27	65	33	38	26	65	9	29	45	56	26	65	51	70	48	34	72	66	60	5	35	44	34	38	70	25	63	58	78	5	55	8	64	40	24	64	24	66	40	37	3	0	67	24	27	20	52	33	20	3	41	37	44	52	59	75	60	66	53	34	75	26	12	62	60	15	54	33	47	13	38	72	60	11	56	46	6	75	28	18	50	30	77	3	33	34	5	3	42	49	23	42	56	54	71	50	75	62	29	64	38	49	54	13	45	56	34	56	47	26	24	18	8	8	17	28	61	23	14	1	69	44	22	60	6	40	23	28	13	9	12	2	79	79	9	41	62	47	4	20	27	66	46	78	17	30	2	56	34	24	64	78	14	64	19	13	30	16	30	66	74	24	12	26	54	53	27	9	64	38	70	51	26	20	27	39	77	52	70	57	15	26	32	29	14	79	7	23	65	68	11	3	43	24	76	39	47	79	37	14	64	30	67	17	16	33	77	65	6	34	59	7	38	50	5	12	27	49	61	1	21	52	40	41	64	53	27	73	67	65	4	54	13	51	20	53	36	48	42	57	36	70	4	40	39	49	20	60	58	16	10	63	45	61	6	44	5	14	66	19	26	71	25	20	19	41	44	68	48	26	44	38	7	45	36	60	56	48	5	77	14	1	2	32	65	2	5	43	35	72	19	17	69	40	64	68	31	5	14	61	13	22	61	21	50	15	58	70	16	64	14	23	49	36	27	10	45	57	26	54	75	1	41	1	38	5	70	45	45	23	57	21	51	57	58	53	50	55	11	61	44	74	47	70	25	76	12	58	67	9	71	35	23	77	5	27	5	7	66	6	36	41	61	42	1	73	57	8	78	58	22	59	77	78	70	60	20	5	77	61	24	8	68	10	32	10	56	78	20	46	46	24	2	37	37	56	16	50	17	35	55	25	51	55	27	35	21	25	16	23	28	70	2	43	14	21	46	42	75	46	59	27	74	53	68	8	62	31	26	33	55	24	52	30	70	47	75	0	78	27	22	14	4	19	38	9	23	14	0	77	5	72	64	34	49	60	68	62	49	74	29	50	77	78	22	78	73	43	47	7	67	29	76	69	63	48	18	24	6	41	39	24	53	48	5	15	13	54	59	45	79	16	0	77	37	44	57	26	69	41	65	57	32	28	36	79	46	45	28	21	29	65	27	36	19	41	70	32	54	46	53	13	14	76	41	75	31	28	68	58	7	2	23	21	39	5	76	27	47	18	47	30	29	32	65	52	45	38	4	71	76	47	0	50	52	10	2	3	43	73	27	31	24	1	18	49	10	18	35	57	49	22	19	10	72	75	46	68	74	65	36	22	46	2	11	71	45	6	26	56	75	73	45	24	19	24	18	2	19	16	21	4	9	15	20	74	48	66	60	52	1	55	53	46	24	50	41	77	41	9	36	36	8	71	79	12	39	13	65	36	50	51	48	46	58	12	78	0	30	79	39	29	63	21	4	53	37	29	20	32	73	46	75	47	75	62	46	18	42	31	43	27	2	35	62	66	22	56	38	74	40	59	19	22	54	32	26	17	40	14	16	44	39	21	16	21	32	74	47	73	14	70	31	47	76	52	7	28	77	72	66	72	14	58	6	32	0	43	39	65	59	10	31	36	25	30	50	51	43	40	74	78	38	30	49	45	5	22	60	5	54	29	39	2	70	50	76	73	21	31	59	36	70	75	53	51	63	34	18	76	19	71	42	15	20	2	30	24	41	26	52	52	59	73	75	50	71	12	36	21	13	51	0	59	46	36	23	57	55	19	16	23	62	13	78	0	34	78	52	25	79	23	4	54	38	38	25	13	51	1	23	69	2	31	63	65	64	77	17	10	66	12	53	15	77	25	61	37	62	57	79	26	78	64	1	11	6	48	3	67	38	31	59	36	62	50	54	4	9	72	53	61	36	75	51	55	63	59	79	77	56	16	58	64	65	34	38	72	46	23	9	30	61	24	70	27	29	38	42	57	23	74	75	44	14	5	24	68	71	26	62	42	67	46	66	66	9	38	5	40	53	23	16	59	17	71	38	19	60	45	9	19	65	51	4	66	74	48	64	10	74	17	54	48	78	26	73	79	79	34	16	66	21	7	28	49	27	26	72	10	51	43	17	5	38	40	56	51	4	76	28	78	33	43	35	17	9	64	18	6	47	58	1	33	48	18	18	26	2	6	69	22	52	3	75	25	19	42	5	11	49	37	10	6	72	74	41	24	78	45	68	37	73	51	67	60	43	5	27	79	3	63	19	30	5	42	53	52	66	75	63	38	60	15	48	78	0	62	44	30	55	1	56	50	10	20	66	29	12	66	27	35	39	32	5	60	46	26	23	61	61	18	23	74	31	23	2	59	27	30	59	9	18	18	16	25	48	30	8	42	30	32	0	28	59	57	25	30	50	39	57	17	3	46	36	33	13	48	33	24	42	50	30	57	42	6	26	37	24	31	59	18	17	45	57	10	25	74	68	66	3	41	7	44	27	21	65	49	0	76	8	11	26	33	62	44	45	7	70	58	41	35	34	35	29	13	49	52	19	48	37	9	53	17	61	49	22	32	46	76	30	65	33	5	3	63	77	65	13	67	36	13	1	76	72	29	59	6	4	35	51	6	79	52	23	71	10	57	66	75	56	62	73	43	6	44	46	39	21	59	33	51	52	34	52	75	27	73	14	7	29	29	18	51	67	58	13	4	34	41	14	20	38	65	54	0	12	56	16	22	42	5	9	18	32	50	15	54	21	57	71	43	63	47	74	27	53	70	69	25	70	42	16	46	28	53	53	68	3	36	37	67	31	24	30	25	12	59	27	5	28	68	20	58	43	48	77	43	46	79	66	34	41	19	61	27	55	11	10	53	10	45	63	25	27	33	57	66	26	51	36	78	18	67	27	17	34	40	61	76	54	16	39	3	44	28	60	38	27	36	40	37	77	57	62	64	71	0	24	22	11	49	62	61	30	60	48	45	4	72	10	22	33	28	42	66	22	18	55	21	12	23	6	47	33	25	41	12	50	11	68	36	12	15	33	27	0	10	4	13	22	52	7	0	21	75	22	71	20	40	60	34	20	29	53	3	14	28	53	64	20	61	1	76	79	16	1	69	0	40	78	37	15	8	76	55	29	11	77	68	52	2	60	2	23	23	28	38	8	51	71	23	60	7	21	76	8	66	16	6	74	70	62	50	37	63	48	30	51	26	25	47	56	63	3	77	1	21	32	36	20	21	62	38	39	61	60	69	48	30	55	43	35	24	6	24	18	61	74	1	11	38	71	10	8	69	39	40	73	39	37	62	74	64	20	40	51	47	0	7	33	38	71	10	49	15	58	9	66	44	28	10	3	47	43	16	40	78	15	73	4	17	15	23	36	16	38	57	49	57	31	55	9	63	31	65	9	13	79	26	14	15	75	34	42	29	61	75	9	78	62	8	11	30	32	45	39	16	56	16	57	9	28	51	44	62	67	2	78	75	62	48	75	14	34	19	30	4	44	23	37	34	12	52	50	33	79	77	25	57	62	67	75	77	45	66	33	44	44	69	14	31	46	77	14	9	12	56	6	24	1	46	65	45	64	2	43	69	63	38	66	19	56	1	51	52	74	69	6	79	15	32	10	6	34	42	63	0	8	53	28	41	51	17	42	66	6	33	73	34	33	38	50	56	69	74	77	47	12	16	72	19	69	21	61	35	38	56	67	53	2	51	33	74	18	
7	11	5	3	9	12	2	15	11	13	2	7	17	14	8	7	12	1	4	18	10	18	18	17	20	7	13	7	14	13	13	15	5	1	2	1	3	15	3	10	20	1	11	15	2	4	20	2	13	9	4	18	19	4	18	18	8	3	20	18	9	6	19	16	12	16	4	11	10	16	4	18	3	15	20	9	16	12	1	1	7	6	12	7	8	15	10	13	9	7	20	7	10	12	15	9	1	11	12	7	14	5	19	19	19	2	19	8	4	12	20	17	2	8	18	5	11	14	12	12	15	16	13	16	4	11	7	20	14	16	20	15	19	11	3	5	11	14	14	19	20	2	7	19	14	11	13	4	3	7	10	5	2	3	19	14	19	3	5	20	5	13	1	20	9	10	4	16	17	19	15	16	13	4	15	9	15	11	1	12	3	1	17	2	3	6	2	5	11	8	16	17	8	12	19	11	4	18	10	12	8	13	20	1	20	16	8	16	9	12	1	13	9	2	13	15	11	17	17	15	20	10	5	7	5	10	12	8	3	18	17	20	14	3	7	7	4	17	14	7	9	15	19	8	3	5	19	15	11	19	20	5	5	7	5	5	15	6	9	9	10	5	4	20	14	1	19	2	13	11	15	5	3	16	1	17	9	2	12	13	11	12	14	14	18	11	14	10	2	7	6	7	4	3	6	14	9	15	6	6	18	16	2	3	15	19	20	4	18	5	15	14	4	7	11	7	1	10	13	19	15	7	2	6	13	12	7	16	14	12	5	4	5	5	12	8	16	7	1	8	11	7	11	10	14	3	12	8	11	9	10	4	6	8	16	13	1	13	1	6	6	2	2	2	10	9	16	16	15	16	7	2	10	13	6	10	8	15	1	5	16	7	15	10	5	2	9	13	1	14	4	10	5	16	7	14	13	14	10	11	10	16	16	6	3	13	11	12	4	9	4	9	9	1	6	8	11	14	12	5	15	16	4	16	4	12	7	11	12	1	12	1	11	4	5	7	2	12	7	15	15	6	9	6	9	10	7	12	14	14	16	7	5	13	6	12	13	11	8	9	12	16	7	15	10	14	10	2	8	1	8	16	13	10	13	14	4	4	2	11	11	8	10	14	12	1	9	16	13	2	5	16	3	15	8	16	13	1	14	14	7	6	6	2	8	2	5	10	1	8	2	1	1	11	15	1	12	9	11	9	16	2	5	11	1	11	2	3	8	11	5	14	7	3	3	10	7	6	13	5	3	7	14	7	8	14	2	3	8	12	1	10	1	5	8	7	4	9	4	2	6	10	16	10	8	13	2	10	10	6	6	16	16	10	1	8	9	12	5	11	4	1	1	11	15	11	4	1	8	1	11	3	16	14	8	10	4	13	3	16	13	7	7	10	2	3	13	15	11	14	2	2	9	7	3	13	9	11	2	3	4	12	8	10	13	1	15	16	14	15	15	3	6	4	9	8	14	13	15	14	4	8	13	10	1	16	4	15	16	9	11	14	8	9	5	3	12	9	6	4	14	6	13	12	3	16	11	8	5	2	5	5	2	1	12	3	16	5	2	10	10	14	13	3	6	7	3	6	6	16	1	15	2	15	9	11	1	13	2	16	13	3	15	4	11	9	14	11	10	3	15	5	8	15	1	8	7	9	9	9	13	11	2	2	10	14	8	6	15	13	11	6	9	12	7	11	11	9	14	15	14	16	12	4	11	7	15	15	4	6	16	8	12	7	16	1	1	14	8	4	8	9	14	7	9	4	3	2	14	6	10	15	8	16	15	6	12	4	1	11	3	3	13	1	2	10	10	2	13	3	11	14	16	9	5	3	16	15	8	12	13	16	10	7	16	1	2	5	5	13	5	12	1	3	3	10	6	9	9	11	8	1	2	16	9	6	2	7	15	15	15	11	15	12	5	2	4	11	7	15	9	4	9	16	3	3	10	10	11	5	9	4	3	16	2	4	11	4	2	1	6	10	14	9	6	12	15	16	3	10	11	15	6	10	4	5	11	6	5	2	10	8	2	1	11	15	7	1	5	1	8	15	4	5	6	7	13	13	1	11	15	7	2	6	4	1	3	4	11	7	10	3	2	13	15	9	1	5	15	3	5	13	4	8	16	10	16	14	2	8	4	13	12	5	9	2	7	12	11	13	14	7	15	6	5	2	6	4	2	3	9	11	1	16	5	6	14	16	4	1	14	16	14	6	4	7	8	1	15	6	15	15	10	12	9	4	1	4	11	4	1	6	5	4	15	10	11	16	4	8	8	1	16	12	9	12	7	16	13	9	1	10	8	10	9	12	15	16	3	3	1	13	2	6	10	2	16	2	7	1	2	9	2	6	3	9	3	15	8	16	14	7	4	8	13	4	7	13	13	16	3	5	16	10	7	13	16	7	15	2	7	4	16	14	6	10	6	14	14	4	14	15	11	11	12	14	14	5	11	2	13	8	3	2	11	6	5	2	14	12	1	8	16	11	4	11	1	16	14	10	5	14	5	8	2	16	12	6	7	7	5	6	10	9	10	5	5	10	7	11	2	6	15	12	7	6	12	16	9	2	2	9	15	1	7	12	15	6	12	10	8	9	3	2	13	13	7	16	10	7	15	3	2	8	1	14	8	7	15	8	10	11	8	12	3	2	6	9	12	2	2	15	13	5	1	12	1	15	11	4	9	14	6	1	7	16	15	1	7	9	1	9	13	10	10	15	1	13	16	10	7	6	3	13	6	11	8	8	10	8	6	3	10	1	13	1	15	12	8	15	5	8	4	2	14	10	3	9	13	9	1	10	2	7	2	14	15	9	11	2	13	4	5	14	3	1	4	15	1	1	8	8	3	15	4	4	5	16	12	4	2	3	12	11	1	16	1	2	1	4	7	4	14	16	1	4	4	15	14	9	11	9	4	13	7	13	9	12	4	3	12	1	2	10	4	6	15	3	8	12	10	15	1	2	2	6	1	1	15	14	4	1	6	13	6	13	11	2	11	6	1	2	1	6	1	8	16	12	6	9	9	4	9	3	8	8	16	16	8	12	14	12	11	7	1	11	1	7	4	13	11	13	10	5	6	5	1	13	14	13	4	4	13	8	1	13	11	2	11	16	9	14	2	10	7	15	3	7	11	10	1	9	2	11	9	8	10	15	13	11	9	4	12	4	6	6	16	11	7	7	3	11	16	7	9	8	5	9	4	10	6	6	8	15	2	15	1	8	1	2	11	3	16	9	10	8	9	16	14	4	11	12	9	11	6	14	12	12	16	7	15	5	12	1	3	8	15	4	8	3	4	6	11	8	14	9	10	11	15	9	1	13	7	16	16	14	12	3	12	13	12	4	8	14	9	8	13	16	4	10	8	9	13	12	4	12	7	16	15	12	13	12	16	3	15	8	13	5	14	4	15	3	2	3	16	6	14	2	9	14	14	4	3	9	5	9	8	4	16	5	11	10	9	11	13	11	14	16	4	12	7	10	1	12	11	8	11	7	15	7	4	12	6	6	9	13	10	4	4	10	1	3	1	1	7	16	16	3	11	10	14	1	9	10	2	3	6	7	6	12	4	5	16	6	2	6	3	8	2	1	6	5	3	14	10	14	15	5	1	8	7	2	11	13	4	10	6	11	5	12	13	5	12	10	11	7	16	12	3	2	13	16	2	16	1	3	15	14	11	4	14	5	3	11	2	13	8	14	13	4	14	2	6	4	13	9	14	13	7	5	5	15	12	8	11	5	14	11	16	15	5	15	15	6	16	14	2	1	13	2	2	9	15	6	13	6	11	13	5	12	1	1	2	4	4	5	3	10	12	9	15	9	9	7	6	11	15	3	12	2	9	14	2	2	16	16	12	10	5	12	8	13	7	9	2	3	13	3	11	2	4	12	7	7	4	16	6	14	11	7	8	3	6	9	1	8	1	12	7	15	9	14	14	13	15	1	12	4	13	4	8	1	12	9	3	13	5	9	12	15	6	2	16	15	11	3	12	2	16	7	3	9	1	15	7	11	6	7	10	9	7	11	8	8	9	14	14	15	1	15	15	8	11	10	14	2	3	6	1	4	14	9	12	4	16	8	2	10	12	3	6	9	3	16	5	12	2	6	7	4	15	11	14	3	7	7	5	14	15	7	13	10	16	8	9	3	6	3	13	8	10	1	11	15	1	8	2	7	11	5	7	15	7	11	11	8	7	12	8	10	8	3	15	6	13	9	2	8	7	15	2	2	4	9	2	13	14	11	6	14	7	4	11	2	1	6	3	5	5	9	7	3	8	10	4	3	14	5	8	12	14	11	10	9	15	3	11	3	10	15	14	9	15	6	8	2	4	4	15	7	15	16	11	4	2	10	13	2	5	10	16	6	10	15	10	16	16	4	13	5	1	16	15	12	5	16	10	8	14	5	1	6	15	13	13	5	15	10	11	3	10	7	16	4	3	11	4	6	15	15	8	5	1	10	16	14	8	1	1	15	13	11	1	15	16	5	7	11	15	10	3	2	14	3	4	12	9	1	4	2	13	5	3	12	12	2	12	1	13	5	11	9	14	13	2	3	10	9	5	4	12	9	7	11	9	15	11	11	1	15	3	2	6	6	11	7	4	9	9	3	3	9	5	11	4	9	16	4	2	15	8	4	3	11	16	7	2	6	2	8	15	11	16	10	5	15	11	16	12	8	1	7	4	9	14	9	16	8	3	1	5	12	2	8	14	16	2	11	1	10	7	13	16	15	12	10	2	3	13	16	6	9	7	9	6	2	13	2	12	7	14	16	13	15	8	5	3	3	12	7	7	5	10	6	9	14	6	13	10	12	4	5	5	6	15	4	12	8	9	10	1	10	15	15	9	9	2	13	7	6	4	10	14	7	16	6	7	7	5	5	13	6	3	8	4	11	5	15	11	10	10	16	15	7	4	4	16	16	7	16	10	2	9	2	2	15	4	12	6	7	6	5	5	9	7	12	9	11	7	2	6	6	11	12	6	1	2	1	4	6	4	3	12	1	13	15	16	3	13	2	12	8	8	13	5	15	1	8	9	7	13	6	5	2	2	14	10	10	14	13	8	9	3	11	6	7	6	11	2	14	6	12	2	6	4	4	3	6	3	1	7	15	5	2	13	7	14	10	12	12	6	8	16	4	15	1	5	8	1	6	15	7	7	14	16	3	15	6	11	9	11	10	9	4	7	8	9	12	9	8	2	4	1	7	13	6	13	10	5	6	4	6	14	10	15	2	16	4	7	15	1	12	8	15	10	11	1	9	8	15	14	8	4	14	16	4	5	13	10	2	13	11	6	6	15	2	7	13	1	6	5	1	8	12	11	4	15	15	2	12	8	12	15	13	6	12	5	2	5	5	13	7	15	8	3	1	8	3	10	8	8	3	2	9	11	1	9	2	8	2	8	3	11	9	9	10	7	8	3	4	6	1	3	6	14	16	7	15	2	15	3	8	8	11	14	15	13	13	16	8	12	6	15	7	16	8	8	12	7	10	14	10	14	14	6	15	4	3	12	9	3	11	9	9	7	15	12	10	13	11	16	12	8	15	1	8	4	7	3	7	2	10	16	6	10	3	16	16	9	10	10	2	16	6	12	16	12	2	8	14	9	1	1	5	7	11	2	7	9	3	11	2	3	3	12	5	10	2	8	13	8	2	14	4	14	7	1	16	10	1	11	8	16	16	9	2	12	8	9	9	9	3	16	11	10	5	11	13	5	13	11	5	9	12	1	8	4	1	3	11	15	1	12	6	9	11	1	5	2	16	6	7	8	6	11	16	10	12	11	6	15	13	2	16	11	15	15	15	9	10	11	12	16	9	15	16	12	12	5	16	16	7	7	8	13	2	8	8	9	1	11	5	5	11	9	9	7	3	2	14	2	13	12	10	5	16	15	3	2	7	1	8	3	8	7	10	1	14	2	11	15	5	7	3	4	4	13	11	9	4	11	4	14	6	11	1	3	5	2	11	12	13	7	8	13	14	10	4	11	5	16	9	15	1	10	9	1	15	3	4	4	11	8	11	13	10	1	4	13	1	14	16	8	1	4	1	12	6	10	6	16	16	12	13	15	11	16	4	10	5	14	4	4	6	1	15	14	13	16	14	4	9	3	15	2	9	9	10	11	10	5	16	14	10	16	16	6	3	13	12	9	2	4	15	15	13	13	13	12	2	12	10	13	6	1	4	8	9	1	10	13	14	1	6	13	8	6	6	16	13	9	16	16	15	4	12	11	16	6	11	13	1	14	9	9	4	13	13	1	8	6	12	7	1	16	1	9	2	8	7	12	1	11	15	10	16	10	11	7	8	4	10	4	1	10	12	9	8	11	1	2	16	10	15	15	5	14	15	6	1	13	7	3	15	8	9	14	3	13	16	1	16	13	8	7	10	11	1	14	2	12	8	3	12	7	4	1	12	6	12	12	8	2	3	14	7	13	4	16	14	4	16	16	15	3	15	5	7	11	2	3	13	4	14	
270	960	260	180	490	390	630	900	700	340	400	720	320	620	490	390	220	990	910	520	710	830	570	320	630	130	390	970	1000	480	100	180	800	500	420	230	900	270	230	270	950	670	220	230	960	230	790	520	570	130	770	500	520	450	670	860	240	720	820	620	600	490	830	720	910	650	150	500	980	150	780	540	890	240	490	430	410	230	210	140	600	900	310	600	890	960	810	430	560	740	980	860	880	130	840	830	880	640	450	120	850	930	630	840	640	190	440	430	610	830	800	260	430	620	460	250	290	780	240	180	780	170	870	190	990	290	110	630	660	610	470	170	620	160	670	430	400	480	250	410	770	210	650	230	260	360	460	310	480	710	940	980	870	970	650	390	280	280	710	290	470	550	460	750	430	480	170	320	130	440	970	470	930	390	100	980	140	170	470	860	840	140	260	420	290	550	400	790	470	240	820	730	500	660	500	960	390	380	180	610	940	110	720	710	390	540	950	710	170	180	480	350	430	790	190	360	380	580	250	960	870	260	490	410	360	410	860	600	240	580	950	890	840	410	990	220	170	100	790	540	530	890	790	510	330	880	380	100	400	280	880	620	990	820	150	740	500	340	870	710	440	510	170	980	350	970	770	460	210	180	310	370	620	430	910	460	920	150	420	790	250	830	390	490	250	280	970	540	840	240	290	510	550	560	350	690	470	200	460	840	510	790	300	320	320	480	890	630	330	960	430	390	620	330	240	100	400	350	140	310	260	170	370	470	550	350	780	980	660	890	360	860	250	820	320	640	600	830	450	870	510	680	720	690	350	780	270	200	780	170	710	190	920	580	460	510	350	510	820	540	350	230	390	990	760	240	460	840	900	190	570	120	710	340	510	100	640	120	470	250	480	120	370	930	490	480	840	800	660	550	740	520	840	400	820	240	220	440	900	450	650	190	640	250	900	330	360	850	310	150	910	690	360	400	840	1000	720	490	460	650	980	440	980	960	880	150	660	630	180	340	350	960	760	370	810	300	360	980	580	720	590	440	240	690	530	940	230	600	990	150	230	380	610	750	970	880	790	920	300	800	790	220	670	970	180	740	170	790	250	150	860	370	990	840	230	330	130	360	450	900	760	590	800	900	810	400	390	980	860	100	330	460	570	650	480	510	690	280	720	650	240	430	770	260	170	840	550	800	910	790	430	250	620	560	480	280	170	910	740	580	470	730	390	850	110	870	600	620	720	310	440	320	630	370	500	560	160	790	610	560	190	840	550	740	920	450	340	490	410	790	740	940	170	980	240	120	360	290	100	510	690	710	150	990	850	100	280	380	660	210	350	730	150	330	450	610	590	780	470	140	490	220	170	360	530	940	460	560	430	850	430	970	400	810	170	400	960	620	210	790	240	290	650	220	200	590	230	510	830	220	880	270	370	160	510	400	280	300	390	820	910	800	640	250	220	760	620	770	150	350	730	370	880	260	880	800	340	510	700	530	320	940	540	710	900	180	350	380	530	120	630	440	220	730	430	590	970	480	230	270	270	760	950	510	630	700	900	840	880	500	840	650	270	510	180	670	210	490	700	330	190	700	780	850	1000	840	180	280	280	730	300	760	170	160	240	460	590	140	950	790	750	760	260	550	620	460	380	910	230	800	720	970	670	420	160	460	430	880	420	160	180	290	240	500	750	250	250	660	600	890	770	870	910	490	810	110	700	600	990	830	760	870	590	560	700	970	990	690	800	820	230	630	830	910	880	520	620	230	860	490	140	600	550	940	450	620	690	670	210	990	140	500	250	860	600	660	510	680	750	830	120	940	610	940	670	330	250	270	530	380	330	650	170	770	580	240	970	150	860	110	120	750	560	850	650	480	840	620	500	890	500	680	420	130	270	620	400	240	800	200	780	940	440	580	730	680	510	420	480	800	520	320	710	920	410	470	790	260	300	140	620	760	370	540	760	680	380	240	430	460	310	900	680	410	250	810	480	750	800	600	430	720	720	590	430	710	580	850	660	410	740	630	450	890	970	100	530	240	990	240	550	720	290	910	750	810	910	770	940	670	360	580	130	830	220	900	580	220	400	150	1000	910	740	140	880	360	790	1000	600	420	110	460	450	130	240	690	980	870	970	750	450	190	720	720	680	820	400	970	940	660	500	390	1000	500	550	830	970	550	120	950	350	980	300	510	580	260	760	140	670	370	950	160	860	130	980	460	980	720	680	800	450	310	390	630	990	750	250	110	770	470	150	750	310	980	890	480	490	560	520	770	360	460	600	400	950	680	480	290	450	660	460	900	940	510	650	140	260	710	150	520	610	610	320	280	720	800	950	720	580	970	670	430	590	310	900	950	220	120	590	610	290	350	670	200	650	940	750	460	850	870	250	750	790	820	670	880	840	430	570	890	770	340	510	330	140	480	990	400	100	280	210	130	350	540	230	360	990	830	370	910	130	230	350	950	210	500	610	950	750	590	990	580	730	960	830	340	1000	980	250	120	520	650	240	220	880	790	260	650	330	970	310	810	700	940	430	220	930	200	100	460	590	230	530	980	370	770	170	430	950	970	370	120	630	510	990	790	460	890	740	130	110	820	720	150	760	960	130	340	800	480	640	900	500	360	920	960	620	600	600	620	440	250	480	160	250	990	310	610	430	920	520	180	770	500	560	990	180	910	660	220	880	760	630	340	690	410	250	590	370	740	450	560	370	410	210	960	580	960	990	310	470	300	300	880	530	100	780	280	110	440	380	570	380	770	630	850	990	100	100	210	860	840	750	870	180	230	390	730	840	420	100	370	490	170	100	690	980	980	210	930	740	950	360	540	990	950	700	470	960	900	290	910	330	130	890	550	240	810	840	840	160	780	490	930	280	780	500	510	990	740	740	220	440	100	350	350	330	410	780	900	960	140	810	680	450	390	390	840	1000	540	260	760	390	690	840	450	100	670	690	230	100	690	950	740	140	930	250	460	410	680	510	960	890	380	170	700	330	920	930	1000	440	790	590	600	230	360	1000	420	170	980	470	810	620	190	560	220	130	350	870	510	740	220	340	650	450	520	230	410	350	380	140	440	620	470	150	900	840	310	570	520	910	600	670	520	790	230	680	960	630	540	730	100	180	540	550	110	690	960	920	410	730	200	510	680	900	810	110	930	100	510	160	390	320	850	690	450	870	1000	460	210	390	550	470	390	360	270	390	970	950	800	660	360	280	520	970	180	660	280	490	210	960	720	690	880	910	860	330	790	850	280	340	950	730	130	110	500	710	740	180	240	580	710	250	640	160	160	830	840	870	540	390	990	230	740	620	560	390	590	590	870	230	200	990	620	520	130	890	810	720	280	160	170	810	330	600	280	160	730	650	230	550	640	490	690	880	240	760	840	770	790	240	390	820	620	510	560	110	920	300	460	930	980	970	540	380	910	860	950	570	310	800	710	260	310	980	380	760	230	260	450	630	610	620	100	820	330	980	260	480	800	740	520	460	200	750	630	240	110	250	670	190	770	270	690	830	650	510	550	120	970	910	960	800	870	180	640	310	130	330	110	550	560	850	990	600	280	910	440	150	940	210	140	980	440	830	470	450	450	720	370	910	210	600	500	360	120	670	910	790	210	900	150	350	580	390	980	600	460	240	560	780	310	790	1000	780	280	860	330	300	240	460	180	960	300	710	530	700	430	430	280	900	910	340	160	750	510	200	210	540	320	860	940	720	770	310	590	810	760	720	300	320	370	860	590	470	340	990	120	370	220	740	740	160	730	720	630	580	630	830	970	590	930	210	290	420	650	420	220	340	930	530	780	760	880	610	970	670	970	430	840	600	540	830	520	700	870	470	150	300	350	210	220	500	770	330	440	840	140	440	350	320	510	260	220	970	820	380	570	770	190	740	980	290	170	340	680	730	580	980	460	320	320	320	680	160	340	780	630	180	760	810	530	260	220	800	140	330	610	290	950	110	180	310	280	980	630	260	510	700	660	470	690	850	740	330	860	310	150	660	550	790	360	610	760	790	590	440	100	630	510	420	120	720	810	780	360	650	580	940	700	360	240	750	100	130	250	890	210	510	970	690	530	480	430	160	670	870	380	620	640	400	750	690	600	500	210	230	700	380	750	140	640	850	410	620	550	390	780	750	320	360	250	390	630	110	320	740	270	110	700	600	190	640	560	1000	550	800	380	710	940	600	310	310	140	610	140	1000	850	380	160	140	600	880	730	810	390	750	680	990	950	260	410	550	360	790	620	750	790	690	920	940	590	140	230	470	830	570	290	920	940	360	490	820	750	690	460	340	470	880	930	920	410	960	100	870	1000	230	480	140	240	230	340	780	360	880	900	930	860	330	540	530	360	970	430	720	950	480	600	570	520	820	620	840	330	400	910	570	150	820	420	330	390	580	130	510	980	360	790	150	510	800	540	490	690	340	430	890	680	220	860	910	140	760	540	390	800	130	980	790	140	390	990	380	460	860	1000	550	360	640	200	810	240	470	910	920	140	700	490	740	400	880	480	180	180	820	800	960	950	120	860	880	710	970	390	250	790	890	680	700	340	750	660	820	230	860	190	730	350	870	220	100	990	210	660	700	820	800	450	460	860	980	510	290	160	180	800	590	700	680	540	940	540	940	390	720	960	100	940	770	440	220	480	140	890	880	130	120	640	580	110	230	210	510	250	220	540	790	520	270	750	300	710	780	950	550	830	510	490	720	900	430	460	940	610	750	860	980	300	780	270	120	640	350	820	340	800	560	680	970	610	990	500	460	560	1000	680	780	690	770	110	680	960	720	980	750	890	890	950	410	110	990	430	100	800	930	710	990	310	100	530	570	680	460	670	250	990	320	160	970	300	980	970	710	320	240	160	750	670	840	940	720	180	960	720	180	560	900	520	100	250	380	220	280	170	840	650	200	380	840	970	910	720	280	550	450	610	680	440	900	340	250	840	170	380	560	100	260	670	170	520	950	590	580	530	900	740	650	770	270	750	290	720	570	890	560	130	100	890	550	380	300	530	430	830	980	680	260	880	660	380	320	480	540	980	960	270	270	740	120	570	730	720	910	580	230	850	570	920	810	890	950	800	680	540	410	540	880	410	620	440	710	160	920	890	560	940	730	710	880	190	500	420	390	1000	300	560	130	650	370	760	950	190	240	280	650	670	610	110	590	460	200	740	660	400	420	840	310	780	100	910	760	460	720	190	250	460	450	770	970	520	430	490	380	820	890	810	840	610	960	890	120	990	170	890	920	370	880	730	970	590	810	130	290	800	520	590	120	340	290	730	110	350	920	230	500	910	740	580	160	440	720	930	890	790	270	780	700	490	910	580	860	850	410	190	500	950	730	310	730	750	120	690	100	210	970	560	920	910	220	590	380	1000	580	750	710	500	760	140	930	210	490	690	840	520	350	860	100	820	790	680	150	520	170	860	540	550	520	900	990	710	510	610	180	720	930	810	670	300	510	570	510	380	640	580	570	520	940	990	200	530	290	720	780	380	560	200	820	900	880	170	850	810	960	430	990	880	570	820	220	410	120	790	410	370	920	830	400	860	720	140	110	620	860	980	300	240	370	840	630	260	260	690	650	360	400	400	920	410	870	630	280	340	250	720	840	580	910	740	290	990	570	950	730	890	340	800	270	530	860	460	980	370	340	110	640	930	690	710	110	930	820	700	810	290	560	880	500	980	410	620	330	890	900	570	220	470	320	400	600	170	730	600	760	900	540	560	590	830	960	600	620	500	260	190	460	800	500	310	570	420	860	560	450	150	250	760	640	910	200	450	800	320	740	100	780	610	170	870	860	300	190	570	620	390	450	580	750	1000	540	360	490	270	780	710	570	680	300	890	920	210	710	920	360	360	930	770	830	650	110	280	120	590	100	390	320	800	330	410	560	750	300	880	850	340	820	670	760	870	540	120	280	260	640	930	410	250	140	650	300	330	270	140	340	590	340	640	530	870	770	220	130	1000	850	230	240	830	190	950	110	680	550	280	990	670	160	200	790	440	290	220	430	190	430	420	930	730	130	110	760	320	510	490	590	730	790	700	930	600	560	910	160	270	1000	450	810	220	600	330	690	880	210	330	330	620	650	300	640	930	840	770	680	180	770	720	870	260	110	260	470	180	310	620	450	880	570	970	850	740	890	370	260	140	870	840	760	410	970	150	960	340	800	230	900	310	810	160	460	130	450	920	180	200	670	670	420	610	770	210	220	220	380	450	230	500	390	650	230	340	490	320	690	330	950	580	280	910	820	280	280	550	450	410	410	440	810	480	220	510	360	240	250	750	230	170	640	570	660	330	430	440	890	880	370	530	130	850	610	130	210	230	750	840	320	900	570	230	500	370	550	500	280	830	360	680	750	850	410	800	290	640	990	420	380	220	170	280	890	170	520	220	620	520	370	920	230	670	310	470	540	530	820	700	270	260	600	840	390	480	860	450	390	140	890	1000	720	120	780	230	690	640	690	130	590	690	170	480	100	500	740	300	880	480	490	320	820	260	260	130	740	610	920	270	790	160	
10
