2844
80
3
90
0	0	0	0	0	0	0	0	0	0	0	0	0	0	0	0	0	0	0	0	0	0	0	0	0	0	0	0	0	0	0	0	0	0	0	0	0	0	0	0	0	0	0	0	0	0	0	0	0	0	0	0	0	0	0	0	0	0	0	48	48	0	0	0	0	0	48	0	0	0	0	0	0	0	0	0	0	0	0	0	
0	0	0	0	0	0	0	0	0	0	0	0	0	0	0	0	0	0	0	0	0	0	0	0	48	0	0	0	0	0	0	0	48	0	0	0	0	0	0	0	0	0	0	0	0	0	0	0	0	0	0	0	0	0	0	0	0	0	0	0	0	0	0	0	0	0	48	0	0	0	0	0	0	0	0	0	0	0	0	0	
0	0	0	0	0	0	0	0	0	0	0	0	0	0	48	0	48	0	0	0	0	0	0	0	0	0	0	0	0	0	0	0	0	0	0	0	0	0	0	0	0	0	0	0	0	0	0	0	0	0	0	48	0	0	0	0	0	0	0	0	0	0	0	0	0	0	0	0	0	0	0	0	0	0	0	0	0	0	0	0	
0	0	0	0	0	0	0	0	0	0	0	0	0	0	0	0	0	0	0	0	0	0	0	0	0	0	0	0	48	0	0	0	0	0	0	0	0	0	0	0	0	0	0	0	0	0	0	0	0	0	0	0	0	0	0	0	0	0	0	0	0	0	0	0	0	0	0	0	0	0	0	48	0	0	0	0	0	0	0	48	
0	0	0	0	0	0	0	0	0	0	0	0	0	0	0	0	0	0	48	0	0	0	0	0	0	0	0	0	0	0	0	0	0	0	0	0	0	0	0	0	0	0	0	0	0	0	0	0	0	0	0	0	0	0	0	0	0	0	0	0	0	0	0	0	0	0	0	0	0	48	0	0	0	0	48	0	0	0	0	0	
0	0	0	0	0	0	0	0	48	0	0	0	48	0	0	0	0	48	0	0	0	0	0	0	0	0	0	0	0	0	0	0	0	0	0	0	0	0	0	0	0	0	0	0	0	0	0	0	0	0	0	0	0	0	0	0	0	0	0	0	0	0	0	0	0	0	0	0	0	0	0	0	0	0	0	0	0	0	0	0	
0	0	0	0	0	0	0	0	0	0	0	0	0	0	0	0	0	0	0	0	0	0	0	48	0	0	0	0	0	0	0	0	0	0	0	0	0	48	0	0	0	0	0	0	0	0	0	48	0	0	0	0	0	0	0	0	0	0	0	0	0	0	0	0	0	0	0	0	0	0	0	0	0	0	0	0	0	0	0	0	
0	0	0	0	0	0	0	0	0	0	0	0	0	0	0	0	0	0	0	0	0	0	0	0	0	0	0	0	0	0	0	0	0	0	48	0	0	0	0	0	0	0	0	0	0	0	0	0	0	0	0	0	0	0	0	0	0	0	0	0	0	0	0	0	0	0	0	0	0	0	0	0	0	0	0	0	48	48	0	0	
0	0	0	0	0	48	0	0	0	0	0	0	48	0	0	0	0	0	0	0	0	0	0	0	0	0	0	0	0	0	0	0	0	0	0	0	0	0	0	0	0	0	0	0	0	0	0	0	0	0	0	0	0	0	0	0	0	0	0	0	0	0	48	0	0	0	0	0	0	0	0	0	0	0	0	0	0	0	0	0	
0	0	0	0	0	0	0	0	0	0	0	0	0	48	0	0	0	0	0	0	0	0	0	0	0	0	48	0	0	0	0	0	0	0	0	0	0	0	0	0	0	0	0	0	0	0	0	0	0	0	0	0	0	48	0	0	0	0	0	0	0	0	0	0	0	0	0	0	0	0	0	0	0	0	0	0	0	0	0	0	
0	0	0	0	0	0	0	0	0	0	0	0	0	0	48	48	0	0	0	0	0	0	0	0	0	0	0	0	0	0	0	0	0	0	0	0	0	0	0	0	0	0	0	0	0	0	0	0	0	0	0	0	0	0	0	0	0	0	48	0	0	0	0	0	0	0	0	0	0	0	0	0	0	0	0	0	0	0	0	0	
0	0	0	0	0	0	0	0	0	0	0	0	0	0	0	0	0	0	0	0	0	0	0	48	0	0	0	0	0	0	0	0	0	0	48	0	0	0	0	0	0	0	0	0	0	0	0	0	0	0	0	0	0	0	0	0	0	0	0	0	0	0	0	0	0	0	0	0	0	0	0	48	0	0	0	0	0	0	0	0	
0	0	0	0	0	48	0	0	48	0	0	0	0	0	0	0	0	0	0	0	0	0	0	0	0	0	0	0	0	0	0	0	0	0	0	0	0	0	0	0	0	0	0	0	0	0	0	0	0	0	0	0	0	0	0	0	0	0	0	0	0	0	48	0	0	0	0	0	0	0	0	0	0	0	0	0	0	0	0	0	
0	0	0	0	0	0	0	0	0	48	0	0	0	0	0	0	0	0	0	0	0	0	0	0	0	48	48	0	0	0	0	0	0	0	0	0	0	0	0	0	0	0	0	0	0	0	0	0	0	0	0	0	0	0	0	0	0	0	0	0	0	0	0	0	0	0	0	0	0	0	0	0	0	0	0	0	0	0	0	0	
0	0	48	0	0	0	0	0	0	0	48	0	0	0	0	0	0	0	0	0	0	0	0	0	0	0	0	0	0	0	0	0	0	0	0	0	0	0	0	0	0	0	0	0	0	0	0	0	0	0	0	48	0	0	0	0	0	0	0	0	0	0	0	0	0	0	0	0	0	0	0	0	0	0	0	0	0	0	0	0	
0	0	0	0	0	0	0	0	0	0	48	0	0	0	0	0	48	0	0	0	0	0	0	0	0	0	0	0	0	0	0	0	0	0	0	0	0	0	0	0	0	0	0	0	0	0	48	0	0	0	0	0	0	0	0	0	0	0	0	0	0	0	0	0	0	0	0	0	0	0	0	0	0	0	0	0	0	0	0	0	
0	0	48	0	0	0	0	0	0	0	0	0	0	0	0	48	0	0	0	0	0	0	0	0	0	0	0	0	0	0	0	0	0	0	0	0	0	0	0	0	0	0	0	0	0	0	0	0	0	0	0	48	0	0	0	0	0	0	0	0	0	0	0	0	0	0	0	0	0	0	0	0	0	0	0	0	0	0	0	0	
0	0	0	0	0	48	0	0	0	0	0	0	0	0	0	0	0	0	0	0	0	0	0	0	0	0	0	0	0	0	0	0	0	0	0	0	0	0	0	0	0	0	0	48	0	0	0	0	0	0	0	0	0	48	0	0	0	0	0	0	0	0	0	0	0	0	0	0	0	0	0	0	0	0	0	0	0	0	0	0	
0	0	0	0	48	0	0	0	0	0	0	0	0	0	0	0	0	0	0	0	0	0	0	0	0	0	0	0	0	0	0	0	0	0	0	0	0	0	0	0	0	0	0	0	0	0	0	0	0	0	0	0	0	0	0	0	0	0	0	0	0	0	0	0	0	0	0	0	0	48	0	0	48	0	0	0	0	0	0	0	
0	0	0	0	0	0	0	0	0	0	0	0	0	0	0	0	0	0	0	0	0	0	0	0	0	0	0	0	0	0	0	0	0	0	0	0	0	0	0	0	0	0	0	0	0	0	0	0	0	0	0	0	0	0	0	0	0	0	0	0	0	48	0	0	0	0	0	0	0	0	48	0	0	48	0	0	0	0	0	0	
0	0	0	0	0	0	0	0	0	0	0	0	0	0	0	0	0	0	0	0	0	0	0	0	0	0	0	0	0	0	0	0	0	0	0	48	0	0	0	0	0	0	0	0	0	0	0	0	0	0	48	0	0	0	0	0	0	0	0	0	48	0	0	0	0	0	0	0	0	0	0	0	0	0	0	0	0	0	0	0	
0	0	0	0	0	0	0	0	0	0	0	0	0	0	0	0	0	0	0	0	0	0	0	0	0	0	48	0	0	0	0	0	0	0	0	0	0	0	0	0	0	0	0	0	0	0	0	0	0	0	0	0	0	0	0	0	0	0	0	0	0	48	0	0	0	0	0	0	0	0	0	0	0	48	0	0	0	0	0	0	
0	0	0	0	0	0	0	0	0	0	0	0	0	0	0	0	0	0	0	0	0	0	0	0	0	0	0	0	0	0	0	0	0	0	0	0	0	0	0	0	0	0	0	0	0	0	0	0	0	0	0	0	48	0	48	0	48	0	0	0	0	0	0	0	0	0	0	0	0	0	0	0	0	0	0	0	0	0	0	0	
0	0	0	0	0	0	48	0	0	0	0	48	0	0	0	0	0	0	0	0	0	0	0	0	0	0	0	0	0	0	0	0	0	0	0	0	0	0	0	0	0	0	0	0	0	0	0	48	0	0	0	0	0	0	0	0	0	0	0	0	0	0	0	0	0	0	0	0	0	0	0	0	0	0	0	0	0	0	0	0	
0	48	0	0	0	0	0	0	0	0	0	0	0	0	0	0	0	0	0	0	0	0	0	0	0	0	0	0	0	0	0	0	48	0	0	0	0	0	0	0	0	48	0	0	0	0	0	0	0	0	0	0	0	0	0	0	0	0	0	0	0	0	0	0	0	0	0	0	0	0	0	0	0	0	0	0	0	0	0	0	
0	0	0	0	0	0	0	0	0	0	0	0	0	48	0	0	0	0	0	0	0	0	0	0	0	0	0	0	0	0	0	0	0	0	0	0	0	0	0	0	0	0	0	0	0	0	0	0	0	0	0	0	0	0	0	0	0	0	0	0	0	0	0	0	0	0	0	0	0	0	48	0	0	48	0	0	0	0	0	0	
0	0	0	0	0	0	0	0	0	48	0	0	0	48	0	0	0	0	0	0	0	48	0	0	0	0	0	0	0	0	0	0	0	0	0	0	0	0	0	0	0	0	0	0	0	0	0	0	0	0	0	0	0	0	0	0	0	0	0	0	0	0	0	0	0	0	0	0	0	0	0	0	0	0	0	0	0	0	0	0	
0	0	0	0	0	0	0	0	0	0	0	0	0	0	0	0	0	0	0	0	0	0	0	0	0	0	0	0	0	0	0	48	0	0	0	0	0	48	0	0	0	0	0	0	0	0	0	0	0	0	0	0	0	0	0	0	0	0	0	48	0	0	0	0	0	0	0	0	0	0	0	0	0	0	0	0	0	0	0	0	
0	0	0	48	0	0	0	0	0	0	0	0	0	0	0	0	0	0	0	0	0	0	0	0	0	0	0	0	0	0	0	0	0	0	0	0	0	48	0	0	0	0	0	0	0	0	0	0	0	0	0	0	0	0	0	0	0	0	0	0	0	0	0	0	0	0	0	0	0	0	0	0	0	0	0	0	0	0	0	48	
0	0	0	0	0	0	0	0	0	0	0	0	0	0	0	0	0	0	0	0	0	0	0	0	0	0	0	0	0	0	0	0	0	0	0	0	0	0	0	0	0	0	0	0	0	0	0	0	0	0	0	0	0	0	0	0	0	0	0	0	0	48	0	0	0	0	0	0	0	0	48	0	48	0	0	0	0	0	0	0	
0	0	0	0	0	0	0	0	0	0	0	0	0	0	0	0	0	0	0	0	0	0	0	0	0	0	0	0	0	0	0	0	0	0	0	0	0	0	0	0	0	0	0	0	0	0	0	0	48	0	0	0	0	0	0	0	0	0	0	0	0	0	0	0	0	0	0	0	48	0	0	0	0	0	0	0	0	0	48	0	
0	0	0	0	0	0	0	0	0	0	0	0	0	0	0	0	0	0	0	0	0	0	0	0	0	0	0	48	0	0	0	0	0	0	0	0	0	0	0	0	0	0	0	0	0	0	0	0	0	0	0	0	0	0	0	0	0	0	0	48	48	0	0	0	0	0	0	0	0	0	0	0	0	0	0	0	0	0	0	0	
0	48	0	0	0	0	0	0	0	0	0	0	0	0	0	0	0	0	0	0	0	0	0	0	48	0	0	0	0	0	0	0	0	0	0	0	0	0	0	0	0	48	0	0	0	0	0	0	0	0	0	0	0	0	0	0	0	0	0	0	0	0	0	0	0	0	0	0	0	0	0	0	0	0	0	0	0	0	0	0	
0	0	0	0	0	0	0	0	0	0	0	0	0	0	0	0	0	0	0	0	0	0	0	0	0	0	0	0	0	0	0	0	0	0	0	0	0	0	0	0	0	0	0	0	0	0	0	0	48	0	0	0	0	0	0	0	0	48	0	0	0	0	0	0	48	0	0	0	0	0	0	0	0	0	0	0	0	0	0	0	
0	0	0	0	0	0	0	48	0	0	0	48	0	0	0	0	0	0	0	0	0	0	0	0	0	0	0	0	0	0	0	0	0	0	0	0	48	0	0	0	0	0	0	0	0	0	0	0	0	0	0	0	0	0	0	0	0	0	0	0	0	0	0	0	0	0	0	0	0	0	0	0	0	0	0	0	0	0	0	0	
0	0	0	0	0	0	0	0	0	0	0	0	0	0	0	0	0	0	0	0	48	0	0	0	0	0	0	0	0	0	0	0	0	0	0	0	0	0	0	0	0	0	0	0	0	0	0	0	48	0	0	0	0	0	0	0	0	0	0	0	0	0	0	0	0	0	0	0	0	0	0	0	0	0	0	0	0	0	48	0	
0	0	0	0	0	0	0	0	0	0	0	0	0	0	0	0	0	0	0	0	0	0	0	0	0	0	0	0	0	0	0	0	0	0	48	0	0	0	0	0	0	0	0	0	0	0	0	0	0	0	0	0	0	0	0	0	0	0	0	0	0	0	0	0	0	0	0	0	0	0	0	48	0	0	0	0	48	0	0	0	
0	0	0	0	0	0	48	0	0	0	0	0	0	0	0	0	0	0	0	0	0	0	0	0	0	0	0	48	48	0	0	0	0	0	0	0	0	0	0	0	0	0	0	0	0	0	0	0	0	0	0	0	0	0	0	0	0	0	0	0	0	0	0	0	0	0	0	0	0	0	0	0	0	0	0	0	0	0	0	0	
0	0	0	0	0	0	0	0	0	0	0	0	0	0	0	0	0	0	0	0	0	0	0	0	0	0	0	0	0	0	0	0	0	0	0	0	0	0	0	0	0	0	0	48	48	0	0	0	0	0	0	0	0	48	0	0	0	0	0	0	0	0	0	0	0	0	0	0	0	0	0	0	0	0	0	0	0	0	0	0	
0	0	0	0	0	0	0	0	0	0	0	0	0	0	0	0	0	0	0	0	0	0	0	0	0	0	0	0	0	0	0	0	0	0	0	0	0	0	0	0	0	0	0	0	0	0	48	0	0	0	0	0	0	0	0	0	0	0	48	0	0	0	0	0	0	0	0	0	0	0	0	0	0	0	0	48	0	0	0	0	
0	0	0	0	0	0	0	0	0	0	0	0	0	0	0	0	0	0	0	0	0	0	0	0	0	0	0	0	0	0	0	0	0	0	0	0	0	0	0	0	0	0	0	0	0	0	48	0	0	0	0	0	0	0	0	0	0	0	48	0	0	0	0	0	0	48	0	0	0	0	0	0	0	0	0	0	0	0	0	0	
0	0	0	0	0	0	0	0	0	0	0	0	0	0	0	0	0	0	0	0	0	0	0	0	48	0	0	0	0	0	0	0	48	0	0	0	0	0	0	0	0	0	0	0	0	0	0	0	0	48	0	0	0	0	0	0	0	0	0	0	0	0	0	0	0	0	0	0	0	0	0	0	0	0	0	0	0	0	0	0	
0	0	0	0	0	0	0	0	0	0	0	0	0	0	0	0	0	0	0	0	0	0	0	0	0	0	0	0	0	0	0	0	0	0	0	0	0	0	0	0	0	0	0	0	48	0	0	0	0	48	0	0	0	0	0	0	0	0	0	0	0	0	0	48	0	0	0	0	0	0	0	0	0	0	0	0	0	0	0	0	
0	0	0	0	0	0	0	0	0	0	0	0	0	0	0	0	0	48	0	0	0	0	0	0	0	0	0	0	0	0	0	0	0	0	0	0	0	0	48	0	0	0	0	0	48	0	0	0	0	0	0	0	0	0	0	0	0	0	0	0	0	0	0	0	0	0	0	0	0	0	0	0	0	0	0	0	0	0	0	0	
0	0	0	0	0	0	0	0	0	0	0	0	0	0	0	0	0	0	0	0	0	0	0	0	0	0	0	0	0	0	0	0	0	0	0	0	0	0	48	0	0	0	48	48	0	0	0	0	0	0	0	0	0	0	0	0	0	0	0	0	0	0	0	0	0	0	0	0	0	0	0	0	0	0	0	0	0	0	0	0	
0	0	0	0	0	0	0	0	0	0	0	0	0	0	0	0	0	0	0	0	0	0	0	0	0	0	0	0	0	0	0	0	0	0	0	0	0	0	0	0	0	0	0	0	0	0	0	0	0	48	0	0	0	0	0	48	0	0	0	0	0	0	0	48	0	0	0	0	0	0	0	0	0	0	0	0	0	0	0	0	
0	0	0	0	0	0	0	0	0	0	0	0	0	0	0	48	0	0	0	0	0	0	0	0	0	0	0	0	0	0	0	0	0	0	0	0	0	0	0	48	48	0	0	0	0	0	0	0	0	0	0	0	0	0	0	0	0	0	0	0	0	0	0	0	0	0	0	0	0	0	0	0	0	0	0	0	0	0	0	0	
0	0	0	0	0	0	48	0	0	0	0	0	0	0	0	0	0	0	0	0	0	0	0	48	0	0	0	0	0	0	0	0	0	0	0	0	0	0	0	0	0	0	0	0	0	0	0	0	0	0	0	0	0	0	0	0	0	0	0	0	0	0	0	0	0	0	0	0	0	0	0	0	0	0	48	0	0	0	0	0	
0	0	0	0	0	0	0	0	0	0	0	0	0	0	0	0	0	0	0	0	0	0	0	0	0	0	0	0	0	0	48	0	0	48	0	48	0	0	0	0	0	0	0	0	0	0	0	0	0	0	0	0	0	0	0	0	0	0	0	0	0	0	0	0	0	0	0	0	0	0	0	0	0	0	0	0	0	0	0	0	
0	0	0	0	0	0	0	0	0	0	0	0	0	0	0	0	0	0	0	0	0	0	0	0	0	0	0	0	0	0	0	0	0	0	0	0	0	0	0	0	0	48	48	0	0	48	0	0	0	0	0	0	0	0	0	0	0	0	0	0	0	0	0	0	0	0	0	0	0	0	0	0	0	0	0	0	0	0	0	0	
0	0	0	0	0	0	0	0	0	0	0	0	0	0	0	0	0	0	0	0	48	0	0	0	0	0	0	0	0	0	0	0	0	0	0	0	0	0	0	0	0	0	0	0	0	0	0	0	0	0	0	0	48	0	0	0	48	0	0	0	0	0	0	0	0	0	0	0	0	0	0	0	0	0	0	0	0	0	0	0	
0	0	48	0	0	0	0	0	0	0	0	0	0	0	48	0	48	0	0	0	0	0	0	0	0	0	0	0	0	0	0	0	0	0	0	0	0	0	0	0	0	0	0	0	0	0	0	0	0	0	0	0	0	0	0	0	0	0	0	0	0	0	0	0	0	0	0	0	0	0	0	0	0	0	0	0	0	0	0	0	
0	0	0	0	0	0	0	0	0	0	0	0	0	0	0	0	0	0	0	0	0	0	48	0	0	0	0	0	0	0	0	0	0	0	0	0	0	0	0	0	0	0	0	0	0	0	0	0	0	0	48	0	0	0	48	0	0	0	0	0	0	0	0	0	0	0	0	0	0	0	0	0	0	0	0	0	0	0	0	0	
0	0	0	0	0	0	0	0	0	48	0	0	0	0	0	0	0	48	0	0	0	0	0	0	0	0	0	0	0	0	0	0	0	0	0	0	0	0	48	0	0	0	0	0	0	0	0	0	0	0	0	0	0	0	0	0	0	0	0	0	0	0	0	0	0	0	0	0	0	0	0	0	0	0	0	0	0	0	0	0	
0	0	0	0	0	0	0	0	0	0	0	0	0	0	0	0	0	0	0	0	0	0	48	0	0	0	0	0	0	0	0	0	0	0	0	0	0	0	0	0	0	0	0	0	0	0	0	0	0	0	0	0	48	0	0	0	48	0	0	0	0	0	0	0	0	0	0	0	0	0	0	0	0	0	0	0	0	0	0	0	
0	0	0	0	0	0	0	0	0	0	0	0	0	0	0	0	0	0	0	0	0	0	0	0	0	0	0	0	0	0	0	0	0	0	0	0	0	0	0	0	0	0	0	0	0	48	0	0	0	0	0	0	0	0	0	0	0	0	0	0	0	0	0	48	0	0	48	0	0	0	0	0	0	0	0	0	0	0	0	0	
0	0	0	0	0	0	0	0	0	0	0	0	0	0	0	0	0	0	0	0	0	0	48	0	0	0	0	0	0	0	0	0	0	0	0	0	0	0	0	0	0	0	0	0	0	0	0	0	0	0	48	0	0	0	48	0	0	0	0	0	0	0	0	0	0	0	0	0	0	0	0	0	0	0	0	0	0	0	0	0	
0	0	0	0	0	0	0	0	0	0	0	0	0	0	0	0	0	0	0	0	0	0	0	0	0	0	0	0	0	0	0	0	0	48	0	0	0	0	0	0	0	0	0	0	0	0	0	0	0	0	0	0	0	0	0	0	0	0	0	0	0	0	0	0	48	0	0	48	0	0	0	0	0	0	0	0	0	0	0	0	
0	0	0	0	0	0	0	0	0	0	48	0	0	0	0	0	0	0	0	0	0	0	0	0	0	0	0	0	0	0	0	0	0	0	0	0	0	0	0	48	48	0	0	0	0	0	0	0	0	0	0	0	0	0	0	0	0	0	0	0	0	0	0	0	0	0	0	0	0	0	0	0	0	0	0	0	0	0	0	0	
48	0	0	0	0	0	0	0	0	0	0	0	0	0	0	0	0	0	0	0	0	0	0	0	0	0	0	48	0	0	0	48	0	0	0	0	0	0	0	0	0	0	0	0	0	0	0	0	0	0	0	0	0	0	0	0	0	0	0	0	0	0	0	0	0	0	0	0	0	0	0	0	0	0	0	0	0	0	0	0	
48	0	0	0	0	0	0	0	0	0	0	0	0	0	0	0	0	0	0	0	48	0	0	0	0	0	0	0	0	0	0	48	0	0	0	0	0	0	0	0	0	0	0	0	0	0	0	0	0	0	0	0	0	0	0	0	0	0	0	0	0	0	0	0	0	0	0	0	0	0	0	0	0	0	0	0	0	0	0	0	
0	0	0	0	0	0	0	0	0	0	0	0	0	0	0	0	0	0	0	48	0	48	0	0	0	0	0	0	0	48	0	0	0	0	0	0	0	0	0	0	0	0	0	0	0	0	0	0	0	0	0	0	0	0	0	0	0	0	0	0	0	0	0	0	0	0	0	0	0	0	0	0	0	0	0	0	0	0	0	0	
0	0	0	0	0	0	0	0	48	0	0	0	48	0	0	0	0	0	0	0	0	0	0	0	0	0	0	0	0	0	0	0	0	0	0	0	0	0	0	0	0	0	0	0	0	0	0	0	0	0	0	0	0	0	0	0	0	0	0	0	0	0	0	0	0	48	0	0	0	0	0	0	0	0	0	0	0	0	0	0	
0	0	0	0	0	0	0	0	0	0	0	0	0	0	0	0	0	0	0	0	0	0	0	0	0	0	0	0	0	0	0	0	0	0	0	0	0	0	0	0	0	0	48	0	0	48	0	0	0	0	0	0	0	0	0	48	0	0	0	0	0	0	0	0	0	0	0	0	0	0	0	0	0	0	0	0	0	0	0	0	
0	0	0	0	0	0	0	0	0	0	0	0	0	0	0	0	0	0	0	0	0	0	0	0	0	0	0	0	0	0	0	0	0	48	0	0	0	0	0	0	0	0	0	0	0	0	0	0	0	0	0	0	0	0	0	0	0	48	0	0	0	0	0	0	0	0	0	48	0	0	0	0	0	0	0	0	0	0	0	0	
0	0	0	0	0	0	0	0	0	0	0	0	0	0	0	0	0	0	0	0	0	0	0	0	0	0	0	0	0	0	0	0	0	0	0	0	0	0	0	0	48	0	0	0	0	0	0	0	0	0	0	0	0	0	0	0	0	0	0	0	0	0	48	0	0	0	0	0	0	0	0	0	0	0	0	48	0	0	0	0	
48	48	0	0	0	0	0	0	0	0	0	0	0	0	0	0	0	0	0	0	0	0	0	0	0	0	0	0	0	0	0	0	0	0	0	0	0	0	0	0	0	0	0	0	0	0	0	0	0	0	0	0	0	0	0	48	0	0	0	0	0	0	0	0	0	0	0	0	0	0	0	0	0	0	0	0	0	0	0	0	
0	0	0	0	0	0	0	0	0	0	0	0	0	0	0	0	0	0	0	0	0	0	0	0	0	0	0	0	0	0	0	0	0	0	0	0	0	0	0	0	0	0	0	0	0	0	0	0	0	0	0	0	0	0	0	0	0	48	0	0	0	0	0	0	48	0	0	0	48	0	0	0	0	0	0	0	0	0	0	0	
0	0	0	0	0	0	0	0	0	0	0	0	0	0	0	0	0	0	0	0	0	0	0	0	0	0	0	0	0	0	48	0	0	0	0	0	0	0	0	0	0	0	0	0	0	0	0	0	0	0	0	0	0	0	0	0	0	0	0	0	0	0	0	0	0	0	0	48	0	0	0	0	0	0	0	0	0	0	48	0	
0	0	0	0	48	0	0	0	0	0	0	0	0	0	0	0	0	0	48	0	0	0	0	0	0	0	0	0	0	0	0	0	0	0	0	0	0	0	0	0	0	0	0	0	0	0	0	0	0	0	0	0	0	0	0	0	0	0	0	0	0	0	0	0	0	0	0	0	0	0	0	0	0	0	48	0	0	0	0	0	
0	0	0	0	0	0	0	0	0	0	0	0	0	0	0	0	0	0	0	48	0	0	0	0	0	48	0	0	0	48	0	0	0	0	0	0	0	0	0	0	0	0	0	0	0	0	0	0	0	0	0	0	0	0	0	0	0	0	0	0	0	0	0	0	0	0	0	0	0	0	0	0	0	0	0	0	0	0	0	0	
0	0	0	48	0	0	0	0	0	0	0	48	0	0	0	0	0	0	0	0	0	0	0	0	0	0	0	0	0	0	0	0	0	0	0	0	48	0	0	0	0	0	0	0	0	0	0	0	0	0	0	0	0	0	0	0	0	0	0	0	0	0	0	0	0	0	0	0	0	0	0	0	0	0	0	0	0	0	0	0	
0	0	0	0	0	0	0	0	0	0	0	0	0	0	0	0	0	0	48	0	0	0	0	0	0	0	0	0	0	48	0	0	0	0	0	0	0	0	0	0	0	0	0	0	0	0	0	0	0	0	0	0	0	0	0	0	0	0	0	0	0	0	0	0	0	0	0	0	0	0	0	0	0	0	0	0	0	48	0	0	
0	0	0	0	0	0	0	0	0	0	0	0	0	0	0	0	0	0	0	48	0	48	0	0	0	48	0	0	0	0	0	0	0	0	0	0	0	0	0	0	0	0	0	0	0	0	0	0	0	0	0	0	0	0	0	0	0	0	0	0	0	0	0	0	0	0	0	0	0	0	0	0	0	0	0	0	0	0	0	0	
0	0	0	0	48	0	0	0	0	0	0	0	0	0	0	0	0	0	0	0	0	0	0	0	0	0	0	0	0	0	0	0	0	0	0	0	0	0	0	0	0	0	0	0	0	0	0	48	0	0	0	0	0	0	0	0	0	0	0	0	0	0	0	0	0	0	0	0	0	48	0	0	0	0	0	0	0	0	0	0	
0	0	0	0	0	0	0	0	0	0	0	0	0	0	0	0	0	0	0	0	0	0	0	0	0	0	0	0	0	0	0	0	0	0	0	0	0	0	0	48	0	0	0	0	0	0	0	0	0	0	0	0	0	0	0	0	0	0	0	0	0	0	0	0	0	48	0	0	0	0	0	0	0	0	0	0	0	48	0	0	
0	0	0	0	0	0	0	48	0	0	0	0	0	0	0	0	0	0	0	0	0	0	0	0	0	0	0	0	0	0	0	0	0	0	0	0	48	0	0	0	0	0	0	0	0	0	0	0	0	0	0	0	0	0	0	0	0	0	0	0	0	0	0	0	0	0	0	0	0	0	0	0	0	0	0	0	0	0	0	48	
0	0	0	0	0	0	0	48	0	0	0	0	0	0	0	0	0	0	0	0	0	0	0	0	0	0	0	0	0	0	0	0	0	0	0	0	0	0	0	0	0	0	0	0	0	0	0	0	0	0	0	0	0	0	0	0	0	0	0	0	0	0	0	0	0	0	0	0	0	0	0	0	48	0	0	48	0	0	0	0	
0	0	0	0	0	0	0	0	0	0	0	0	0	0	0	0	0	0	0	0	0	0	0	0	0	0	0	0	0	0	48	0	0	0	0	48	0	0	0	0	0	0	0	0	0	0	0	0	0	0	0	0	0	0	0	0	0	0	0	0	0	0	0	0	0	0	0	0	48	0	0	0	0	0	0	0	0	0	0	0	
0	0	0	48	0	0	0	0	0	0	0	0	0	0	0	0	0	0	0	0	0	0	0	0	0	0	0	0	48	0	0	0	0	0	0	0	0	0	0	0	0	0	0	0	0	0	0	0	0	0	0	0	0	0	0	0	0	0	0	0	0	0	0	0	0	0	0	0	0	0	0	0	0	0	0	0	48	0	0	0	
18	77	74	72	21	54	73	25	34	6	16	38	52	39	54	72	50	64	55	24	7	12	58	62	74	51	56	4	54	30	74	51	18	39	27	67	72	5	49	30	17	67	7	61	70	25	6	25	64	65	6	10	9	34	64	42	56	55	78	66	7	56	40	58	46	62	56	12	56	34	38	33	61	45	28	1	6	41	34	38	76	14	34	9	39	37	20	19	18	7	33	76	5	62	51	62	72	1	66	1	54	59	24	0	6	52	62	66	50	22	75	17	4	40	75	37	67	53	68	56	9	37	1	35	64	1	11	79	63	2	58	52	64	34	39	28	28	24	12	0	60	31	50	8	57	79	49	78	28	2	2	43	46	63	79	8	72	65	32	45	66	32	46	52	71	37	35	53	15	7	64	58	33	18	61	60	35	9	6	45	44	17	63	34	64	64	31	0	3	26	8	27	28	69	34	42	16	5	64	17	66	15	40	36	56	73	62	25	72	55	56	54	22	46	75	30	38	36	27	55	63	30	78	70	22	63	25	47	46	62	0	57	61	32	41	72	41	25	72	32	21	30	3	55	40	69	15	67	22	66	65	55	52	42	45	9	40	35	8	46	69	33	41	74	18	74	67	4	34	50	11	32	12	14	71	2	68	68	28	48	47	40	31	16	66	32	20	37	3	16	17	53	5	77	10	5	31	29	6	57	69	36	39	8	76	23	37	38	41	12	51	7	33	44	18	27	24	55	10	74	27	65	51	48	41	21	63	48	2	21	20	6	31	76	74	50	56	68	36	69	22	30	47	29	74	36	2	43	7	10	14	63	13	62	3	60	29	19	18	65	74	8	79	42	49	21	65	36	21	8	45	48	48	65	72	50	22	26	78	21	50	12	49	74	6	13	52	0	25	44	28	33	24	61	56	26	75	22	13	76	34	56	60	14	44	0	49	47	25	27	36	0	54	60	58	6	74	21	25	38	34	21	36	6	35	31	54	23	54	77	50	46	24	41	75	49	56	33	55	50	1	77	73	17	50	28	59	38	27	59	10	33	28	62	79	72	61	41	0	65	59	63	27	78	62	42	26	57	7	73	34	0	74	9	68	66	54	78	41	24	47	0	57	76	54	74	49	67	24	13	26	33	10	13	15	32	36	66	26	3	30	58	65	55	73	6	12	18	62	8	64	5	51	29	44	22	50	75	19	58	47	22	59	7	40	74	52	43	26	69	4	63	46	42	18	62	2	8	28	44	17	45	68	18	23	19	12	54	52	52	25	63	37	70	29	39	76	6	63	78	22	33	61	17	49	69	55	49	66	72	76	51	39	8	78	26	26	6	34	60	15	21	25	6	17	6	66	19	2	58	33	75	76	61	1	55	45	4	2	39	66	39	74	12	61	67	29	53	21	32	53	54	23	40	6	60	34	60	32	48	24	36	79	40	56	34	44	62	9	52	8	5	30	7	3	21	28	16	10	57	40	32	61	36	70	5	7	9	70	56	66	5	23	32	69	6	1	22	27	21	51	70	34	29	62	45	7	36	38	69	41	23	37	47	22	75	41	21	46	32	21	31	20	72	65	24	26	17	3	73	57	21	39	34	51	37	57	10	19	79	1	38	24	37	31	37	65	28	74	59	38	69	42	73	77	76	48	24	30	59	21	44	42	61	65	4	20	72	38	31	41	34	33	38	78	75	3	76	35	66	60	21	45	15	16	45	23	44	72	6	37	54	78	33	48	21	19	64	33	54	30	67	31	2	30	69	0	10	46	2	15	62	64	70	34	11	52	39	79	78	49	47	22	19	1	56	22	0	26	70	42	69	51	51	57	23	17	73	37	19	58	2	7	58	25	32	15	23	48	42	32	49	70	63	29	16	46	26	58	60	77	34	8	78	49	72	18	65	23	72	51	59	53	28	17	52	55	21	60	71	8	42	7	18	8	36	40	14	50	71	13	61	27	18	24	28	67	69	55	48	35	37	33	57	43	54	35	63	44	52	33	31	40	69	7	5	6	12	79	43	51	63	51	9	1	69	76	4	58	54	62	34	10	0	33	11	56	2	38	56	39	2	75	75	22	54	59	25	2	13	24	68	29	75	54	45	57	44	35	22	56	3	27	73	38	54	7	55	50	51	6	1	54	49	29	40	68	23	65	0	40	61	39	43	7	17	21	6	42	22	67	38	70	71	50	19	15	79	4	79	79	20	24	71	9	65	63	74	61	19	78	47	65	23	72	42	64	54	70	14	56	15	26	31	56	73	0	62	53	30	0	39	30	21	76	34	39	27	34	28	64	25	7	8	6	62	64	2	7	29	43	39	71	63	67	41	70	13	39	61	66	41	34	55	38	79	0	64	37	20	10	34	12	47	16	35	0	49	47	3	23	13	21	77	30	69	37	67	29	61	12	58	1	37	46	8	10	55	50	37	36	63	70	10	56	51	18	77	27	58	30	16	57	47	15	44	54	25	46	9	15	21	50	54	5	5	70	50	53	10	28	63	69	53	26	30	41	21	46	10	51	57	10	1	41	17	22	26	12	37	2	61	67	76	34	34	7	18	32	66	75	31	29	18	7	74	57	14	18	43	56	47	68	77	3	76	55	23	57	8	49	13	64	73	30	12	38	51	56	13	24	44	46	30	72	16	22	65	20	54	63	29	10	35	74	75	44	28	13	21	32	5	54	40	36	60	18	38	79	45	12	41	78	77	57	53	62	42	62	30	69	22	36	47	48	56	52	67	42	51	43	67	14	72	74	77	23	39	35	24	8	24	44	77	38	77	37	13	30	66	64	44	71	50	74	29	36	24	22	2	60	1	47	19	36	39	42	0	31	34	1	69	44	35	19	6	40	27	10	37	5	28	65	54	40	38	6	37	61	44	69	31	7	16	48	46	45	5	35	2	44	22	49	56	67	72	44	32	29	24	21	73	24	19	47	65	58	68	14	5	74	41	9	44	51	73	3	38	41	77	58	60	15	57	52	71	68	79	13	73	57	32	22	69	26	12	46	28	6	34	23	26	6	53	11	67	43	78	23	17	73	79	46	51	25	75	20	50	72	31	53	35	74	31	25	40	25	55	35	71	56	11	57	5	45	43	42	21	49	20	35	57	0	14	3	53	11	24	35	19	65	10	47	16	33	30	24	55	67	25	18	69	27	49	18	9	14	43	43	23	66	70	29	69	11	70	71	50	9	68	3	64	14	29	46	14	78	76	26	0	7	64	44	4	63	77	38	5	55	65	16	20	32	75	42	34	25	60	38	64	4	22	69	14	18	25	71	78	51	9	72	51	67	78	56	74	53	61	20	13	30	33	38	28	52	56	24	12	49	28	33	26	37	31	56	13	41	62	20	0	25	55	53	38	51	4	18	56	20	52	21	28	59	48	22	7	45	29	45	49	38	50	43	74	34	1	43	53	28	25	29	29	59	55	61	76	73	2	20	13	29	33	19	27	55	9	44	23	67	31	53	16	30	38	33	45	32	78	32	66	47	72	7	35	67	22	66	3	78	15	59	48	75	32	22	60	78	66	15	46	66	70	22	2	77	16	27	45	3	61	40	37	5	63	51	48	70	26	61	10	33	48	58	4	13	16	28	19	33	10	5	72	48	11	24	50	64	68	50	14	38	39	37	40	74	38	59	40	15	8	9	75	49	25	19	58	68	75	10	50	40	2	67	35	38	74	4	19	39	18	24	29	72	11	33	31	38	23	55	49	60	40	63	37	52	53	58	41	65	47	53	39	7	52	63	30	16	10	76	60	3	5	42	38	47	59	75	5	46	68	59	13	17	37	74	64	68	8	21	0	38	4	50	61	28	35	53	78	36	68	50	0	71	52	65	17	16	23	31	73	10	0	49	79	14	73	18	9	46	45	50	66	29	5	34	65	33	22	61	7	24	58	66	51	66	10	49	58	76	36	39	58	53	68	32	63	16	21	10	57	28	61	50	3	57	67	1	0	3	65	55	65	36	34	59	70	55	34	28	74	26	56	21	21	56	59	0	59	63	20	59	50	41	45	33	0	49	29	13	16	32	49	58	44	13	19	32	44	13	1	22	8	6	0	8	44	60	67	73	72	34	16	2	18	46	55	47	68	44	49	63	27	48	67	57	9	64	35	54	40	5	64	4	22	19	51	0	68	38	32	51	56	55	72	25	47	64	1	3	4	66	35	60	46	33	12	9	8	67	21	0	42	56	46	69	30	71	27	78	26	35	56	28	35	25	24	69	7	6	74	31	19	31	38	25	62	64	24	1	67	47	75	40	35	25	31	39	3	26	13	36	68	10	21	4	67	45	15	29	32	14	53	32	77	65	18	64	59	43	72	21	26	51	8	50	27	16	31	2	72	18	5	20	10	6	56	31	1	26	57	39	25	63	28	18	1	37	10	60	71	19	42	39	61	33	43	9	76	64	18	40	29	61	46	66	65	38	52	47	45	39	36	8	74	31	38	15	42	14	0	52	20	79	3	36	5	72	75	75	67	58	57	29	2	69	54	78	7	62	46	23	67	13	26	22	72	38	8	15	70	56	67	76	58	7	27	19	3	7	27	52	76	44	64	11	12	35	21	13	16	54	11	53	24	33	78	0	5	25	70	70	49	66	45	52	75	78	49	21	57	48	34	28	55	21	57	15	46	4	59	3	3	55	33	27	39	32	51	65	14	42	69	2	10	36	3	32	26	76	78	14	16	67	71	28	28	28	62	75	47	79	78	1	13	72	40	59	22	26	66	15	47	53	21	63	55	8	54	6	61	12	61	47	50	20	11	26	40	14	57	19	42	3	28	66	52	23	60	52	71	59	45	72	31	18	76	47	65	79	0	73	62	58	48	46	63	77	20	41	24	7	70	44	45	17	69	0	8	54	55	52	5	66	26	71	33	14	6	7	66	43	29	2	49	39	30	6	1	49	38	15	10	26	55	38	17	7	68	69	42	65	21	13	69	59	46	26	63	57	32	70	19	63	79	68	16	10	68	11	78	35	23	53	8	36	34	58	6	52	13	68	33	78	49	60	1	47	59	61	20	50	37	54	66	19	44	57	6	22	40	32	1	29	42	60	4	6	16	26	59	43	75	58	24	29	26	48	16	44	39	70	37	10	66	46	63	29	62	69	57	72	60	77	6	12	60	64	73	44	43	12	6	78	18	1	54	39	6	51	77	26	62	29	45	7	45	18	51	53	46	76	1	2	72	38	59	11	25	56	74	12	16	47	12	21	57	10	18	74	73	10	49	63	48	16	40	71	43	79	17	55	45	63	42	30	23	57	24	71	34	77	75	37	72	54	24	77	73	48	21	12	66	45	21	52	42	67	61	4	65	35	28	79	40	25	21	48	66	5	38	75	5	3	9	38	68	53	17	32	31	22	32	2	42	34	63	20	60	1	77	71	47	64	71	34	29	24	44	31	47	3	3	59	62	19	2	44	29	12	69	73	67	15	4	57	60	13	6	11	68	62	0	9	60	1	26	39	54	55	54	35	47	25	10	34	52	13	24	6	17	16	33	74	53	78	41	57	2	1	75	35	16	42	43	72	43	13	38	13	20	62	61	53	41	59	22	57	20	72	10	72	16	45	2	44	66	16	55	62	42	19	56	60	68	47	77	77	28	73	2	35	47	43	73	63	77	56	72	12	78	24	39	31	15	22	21	32	62	51	26	58	36	33	11	59	35	43	11	44	28	67	54	43	40	19	14	31	27	78	42	26	59	42	64	16	71	7	60	23	74	27	51	62	17	79	61	1	51	6	42	61	2	55	68	54	12	34	76	21	57	9	69	59	60	13	75	30	17	16	19	59	27	13	35	72	10	43	2	66	78	77	17	8	39	7	40	3	41	25	68	62	7	75	71	64	34	43	12	65	56	47	60	64	56	58	61	38	51	40	19	37	23	34	2	33	70	52	3	17	0	41	13	9	1	76	16	16	35	39	5	7	71	10	77	11	5	20	37	46	54	66	13	14	3	8	19	1	29	73	40	62	8	45	35	4	66	44	70	43	24	45	19	56	74	56	52	31	63	69	30	8	37	4	78	15	38	14	50	78	36	50	28	50	79	10	27	14	51	14	34	0	72	20	56	62	66	4	74	34	56	77	37	69	17	73	46	47	18	6	22	17	8	7	7	67	42	37	26	64	19	74	23	74	61	41	2	15	34	42	28	56	62	31	73	51	16	40	69	10	36	20	67	71	0	18	67	5	20	50	2	65	29	66	65	65	74	16	21	47	59	66	28	34	56	58	38	56	17	24	6	13	9	36	25	75	71	41	12	53	60	60	77	72	50	46	24	23	13	68	2	9	34	41	40	16	42	78	20	58	37	59	1	48	61	73	51	18	66	41	9	69	67	39	3	30	24	56	69	70	57	24	24	35	79	5	54	8	14	10	32	14	19	48	38	35	2	30	2	15	30	5	33	22	66	50	48	48	31	36	79	73	5	75	12	65	65	17	50	33	40	38	46	8	56	
51	66	71	40	55	71	14	76	59	23	79	60	2	22	47	15	51	73	18	8	18	22	78	78	52	1	7	20	62	63	4	16	70	6	7	23	79	43	56	14	48	33	26	26	13	32	67	15	43	74	71	20	47	54	12	45	14	72	71	62	13	22	60	29	66	52	17	15	65	24	11	73	78	5	78	0	0	51	16	73	11	36	5	73	53	31	52	20	17	73	31	17	37	21	46	19	71	75	52	49	75	61	55	78	22	34	43	32	29	63	22	12	5	7	77	6	19	66	36	37	29	50	33	29	70	30	8	34	53	58	48	75	14	12	11	11	6	40	1	40	34	20	37	23	8	36	77	77	75	29	77	47	2	20	11	18	16	16	60	10	28	67	20	30	58	4	25	33	70	8	32	62	45	24	60	63	33	18	20	51	18	8	59	59	67	75	49	57	2	11	39	45	2	59	46	8	68	10	7	60	25	27	3	25	33	61	3	0	29	65	40	3	63	26	67	34	8	24	54	14	40	59	48	41	1	37	68	19	19	39	1	61	64	18	74	40	57	54	31	22	14	70	32	72	49	49	16	61	66	9	31	8	3	15	30	41	69	4	46	34	40	25	49	3	61	78	22	77	71	5	63	18	4	16	78	17	24	13	50	62	66	16	14	71	51	25	18	47	13	8	14	22	65	79	37	62	63	15	39	71	9	57	21	2	0	14	16	16	68	79	25	67	22	76	52	69	33	77	1	20	23	49	11	77	9	19	22	53	25	1	24	32	50	32	55	41	55	56	3	17	36	54	79	12	28	76	5	20	11	71	50	25	0	4	65	37	21	0	49	8	29	26	3	48	41	46	70	42	45	40	74	13	78	67	53	1	67	6	27	13	18	53	28	57	4	50	15	61	38	3	18	0	17	22	14	20	55	77	59	29	18	76	35	29	4	32	18	3	34	6	44	40	28	58	62	18	75	57	53	75	79	53	46	58	28	30	5	69	56	27	74	30	3	79	50	45	23	68	70	9	46	31	42	79	73	66	24	8	37	13	14	66	2	72	54	41	15	56	42	7	50	5	33	10	63	44	68	66	58	25	44	15	25	22	15	24	66	14	20	1	20	75	74	73	2	11	54	77	9	1	64	42	32	34	5	5	29	36	58	33	9	52	20	78	7	28	6	39	1	26	79	26	16	61	52	66	19	39	6	49	75	72	36	50	0	9	64	73	74	2	11	73	16	71	12	13	19	70	24	24	8	13	38	56	11	22	58	49	6	7	70	21	68	63	33	52	44	30	24	48	0	79	12	19	70	63	0	76	79	38	54	10	57	67	52	65	54	30	8	28	57	77	8	79	26	13	23	28	7	34	59	43	68	9	50	63	53	50	51	66	3	28	8	13	74	45	74	17	28	1	72	59	32	13	57	73	38	10	19	66	49	78	40	30	74	15	31	31	62	73	73	3	31	56	67	15	24	19	42	3	41	64	48	74	75	15	68	1	38	21	11	53	50	11	64	2	40	2	60	59	19	0	78	60	7	53	30	78	7	43	26	57	1	69	38	64	77	72	52	31	23	62	11	1	67	8	71	50	23	24	36	57	43	27	60	27	37	55	3	21	55	67	23	29	43	41	67	5	54	71	15	13	60	1	48	33	39	39	0	77	58	70	66	18	6	74	33	60	45	44	11	41	52	44	2	79	16	57	31	39	35	6	62	49	25	67	11	56	19	13	64	5	1	18	24	63	39	72	64	2	66	33	55	54	25	41	57	55	0	19	24	56	63	28	42	31	37	70	69	25	33	38	23	78	45	10	27	13	44	62	32	38	28	33	56	59	16	64	8	34	68	6	9	71	54	1	72	55	78	54	52	75	73	21	59	43	41	68	64	41	6	25	71	73	50	50	74	59	51	38	72	79	35	51	62	27	48	29	59	46	76	10	66	23	18	8	52	28	72	43	11	71	25	78	31	2	56	58	9	66	8	52	23	72	3	39	24	23	37	12	16	13	25	3	31	65	7	68	64	17	1	13	69	12	68	57	33	70	38	0	11	36	73	53	8	4	76	50	64	25	14	69	72	26	79	16	21	39	79	77	71	9	2	43	8	29	51	10	77	67	71	43	46	26	33	41	53	6	60	75	72	48	27	20	9	53	12	48	37	39	13	58	17	35	43	2	33	70	24	38	76	60	39	73	6	45	8	33	24	2	39	6	63	24	37	45	28	4	60	0	22	52	17	9	21	12	1	55	55	17	45	26	38	14	48	69	31	31	11	44	9	43	5	1	16	9	70	2	35	5	77	52	13	41	61	48	21	35	43	7	65	26	25	53	36	8	4	77	29	71	30	32	22	57	23	38	56	15	17	25	56	41	30	64	33	52	8	24	36	21	59	19	79	7	7	39	5	54	32	22	11	16	74	55	67	54	16	8	18	79	25	60	68	30	51	20	59	62	48	8	13	45	67	74	45	17	70	75	11	73	39	31	30	29	54	67	72	68	79	57	0	26	47	62	48	58	7	33	20	15	20	2	61	29	24	28	48	14	45	30	19	56	20	31	4	41	51	49	43	47	60	71	78	44	52	36	58	41	13	27	61	60	15	3	27	26	30	32	29	60	36	56	31	8	5	4	9	60	49	40	11	67	6	34	48	73	60	67	8	38	66	79	45	10	15	53	4	14	6	70	71	42	4	9	13	6	70	57	26	26	67	35	73	71	3	2	31	30	69	20	11	78	11	43	56	30	4	29	30	14	17	60	15	52	20	51	77	66	0	19	45	57	16	51	69	35	58	69	59	20	54	25	59	49	37	55	30	66	8	35	40	73	3	72	14	32	0	44	42	29	76	36	63	37	68	15	0	3	47	38	13	43	10	40	60	54	11	31	35	1	31	20	41	1	16	27	72	78	65	13	74	79	8	33	36	28	17	61	9	67	58	11	17	0	2	63	27	15	76	62	11	66	39	28	72	29	42	49	59	59	65	16	1	35	55	42	12	21	8	64	46	70	0	75	78	66	63	66	1	51	59	36	62	30	10	20	12	8	17	11	50	75	36	0	7	59	35	37	1	18	76	43	21	64	21	51	70	41	57	76	3	44	27	57	14	37	28	74	24	76	66	79	51	67	11	72	9	54	60	22	75	7	16	44	16	64	38	48	38	13	43	60	69	25	43	39	40	1	69	36	57	67	3	53	13	46	67	63	76	59	40	40	2	70	49	71	28	4	48	16	55	78	7	13	32	19	70	76	63	2	38	1	29	13	53	74	24	51	63	4	12	31	34	75	39	48	25	12	55	14	1	76	16	42	35	4	28	34	50	77	6	38	43	8	75	32	73	3	56	39	70	15	7	27	59	2	10	34	47	17	8	62	59	43	35	77	48	68	74	68	43	62	62	53	75	5	32	44	29	65	35	47	55	69	11	63	74	9	69	69	38	67	41	58	69	3	52	76	71	77	71	16	74	8	32	6	26	59	53	18	9	29	29	52	74	67	66	39	45	49	79	7	43	21	63	29	77	11	46	72	3	70	59	24	6	44	61	26	19	48	11	21	46	63	28	42	54	9	26	4	39	50	52	9	29	1	27	50	16	71	19	32	27	24	11	49	63	72	57	63	50	20	14	76	12	74	8	7	62	40	8	22	73	27	59	70	17	51	44	33	5	51	31	35	23	37	49	49	60	78	33	1	57	56	27	25	48	70	17	14	72	32	47	47	72	49	66	67	31	41	66	56	35	39	19	12	15	24	22	34	74	43	4	73	37	20	4	42	38	35	24	69	27	44	27	79	53	60	53	37	38	29	63	74	51	48	71	71	36	11	63	21	51	66	40	40	62	34	59	61	22	68	66	35	52	61	41	7	26	23	9	26	57	29	25	64	42	56	52	14	5	78	57	19	5	25	69	9	43	20	58	44	46	53	69	9	34	69	46	9	50	43	15	52	38	2	39	78	15	4	38	37	1	53	49	14	43	36	50	43	71	31	5	52	58	67	72	38	72	48	51	74	56	13	10	38	33	71	39	68	75	62	23	0	50	44	25	33	66	27	46	15	9	8	18	65	42	21	79	20	55	54	19	12	57	53	52	56	67	65	9	32	41	17	44	12	5	19	30	29	9	3	67	54	30	52	19	58	32	60	29	56	73	55	27	35	5	20	25	49	61	77	61	20	42	59	10	23	15	69	79	61	76	50	31	36	43	23	23	39	58	23	34	76	45	17	1	20	37	71	22	16	33	50	40	40	53	8	26	8	18	11	67	77	6	29	25	46	57	69	48	54	23	45	60	58	25	50	13	52	62	66	14	10	18	21	53	50	78	6	53	55	57	18	78	27	75	13	74	8	24	55	30	4	67	73	39	38	14	28	44	75	35	18	30	49	7	54	77	64	19	5	4	65	21	17	3	19	67	44	65	22	21	3	50	16	46	8	18	6	36	58	50	39	50	60	8	71	32	36	18	72	44	46	79	52	18	37	51	34	2	59	40	52	16	79	11	30	32	33	41	34	43	14	15	17	56	47	50	76	19	54	48	16	38	47	58	12	21	19	21	15	77	33	8	68	73	62	31	12	0	19	68	54	32	8	43	52	6	74	57	9	63	18	6	3	5	44	53	57	61	47	13	8	11	28	22	29	41	59	61	57	68	47	24	66	42	42	23	47	56	71	79	75	13	37	62	73	59	38	73	68	64	45	59	29	74	38	1	14	7	47	8	54	20	53	14	50	45	6	32	33	42	55	42	13	73	24	56	24	79	54	40	23	4	45	56	19	46	14	55	68	63	47	50	8	68	6	48	13	45	39	29	36	69	3	13	71	58	44	22	23	73	77	51	21	40	30	27	44	4	36	44	0	40	14	39	12	77	39	26	29	30	77	53	47	20	66	65	70	56	33	22	27	1	1	32	61	75	35	75	62	36	68	73	69	35	30	42	69	63	62	45	40	67	20	62	58	52	55	54	73	64	51	8	10	77	73	65	50	15	9	0	56	79	31	63	78	3	62	3	73	46	13	34	77	22	48	64	32	15	12	51	70	0	38	64	37	9	50	11	9	9	61	50	64	33	14	41	28	52	39	51	34	27	78	19	18	25	62	39	1	49	2	16	37	18	49	76	11	19	77	46	71	12	55	13	33	72	45	38	7	69	61	38	53	2	14	50	33	69	46	8	11	5	45	29	31	71	4	5	72	55	48	66	36	50	59	32	40	63	14	70	44	71	23	72	24	53	36	71	77	57	21	6	0	29	58	19	0	48	37	52	72	18	36	47	47	77	61	64	62	53	16	12	37	9	66	51	9	43	71	39	58	46	78	6	61	37	43	14	11	60	60	30	47	72	73	3	52	56	62	9	31	65	78	41	38	22	15	2	62	56	50	50	60	41	35	17	43	76	48	73	13	22	71	38	79	67	53	54	6	34	40	9	53	56	19	71	27	69	0	75	43	45	31	0	48	6	47	72	30	19	8	79	7	2	54	64	43	1	19	57	16	20	57	76	10	15	55	4	14	78	53	55	23	11	50	57	43	24	15	28	65	63	73	68	3	4	20	10	51	76	20	37	17	45	0	41	48	21	8	76	58	40	45	20	79	30	65	58	6	29	56	50	27	59	18	61	18	20	69	41	11	18	19	65	54	47	56	22	27	38	22	73	74	72	78	28	21	12	56	63	18	54	51	25	73	69	12	28	10	21	22	26	56	3	69	34	30	18	46	1	59	2	21	32	49	38	73	53	37	27	48	38	57	34	78	79	3	39	70	74	34	68	37	19	60	42	67	45	61	12	62	15	31	0	45	77	24	1	10	28	21	25	0	14	55	18	13	66	56	29	54	37	2	41	3	37	72	25	44	68	79	23	41	60	11	9	52	12	6	60	2	69	18	73	45	60	2	25	68	24	60	67	64	43	21	26	56	9	65	22	39	8	23	46	51	56	38	72	32	34	25	73	52	64	73	67	3	63	50	5	11	24	17	66	76	56	55	54	50	42	30	13	34	62	53	15	70	60	29	50	72	65	25	16	13	12	2	19	28	21	61	8	7	4	14	36	63	53	27	75	71	76	74	35	23	19	4	19	34	21	20	27	18	1	17	58	56	46	78	28	69	70	45	63	9	37	27	56	20	26	12	51	18	25	72	33	66	65	40	3	71	22	16	28	23	60	70	2	26	1	33	17	45	57	23	59	24	27	69	74	9	57	34	12	48	4	38	10	72	21	30	28	40	48	57	56	12	46	20	18	73	2	69	39	64	79	44	62	31	76	17	5	2	54	11	58	19	34	52	11	3	70	13	56	21	47	69	58	27	36	23	70	14	21	26	18	62	42	42	48	25	53	6	40	64	7	25	8	7	36	21	71	63	51	78	28	56	42	14	74	54	73	17	38	56	77	44	73	66	5	59	72	58	29	74	76	68	75	18	4	57	44	11	33	6	68	70	22	69	41	7	68	39	15	18	59	48	64	44	29	37	5	1	5	8	4	42	36	78	64	31	
8	1	9	20	20	11	4	9	4	19	5	13	17	15	15	2	1	12	20	11	16	7	5	15	3	16	3	5	19	16	10	20	10	1	5	12	16	12	19	18	3	17	10	15	3	2	15	8	1	7	11	14	2	10	2	2	12	20	11	5	11	9	9	4	5	15	18	13	14	6	7	19	11	20	20	5	1	1	16	2	14	16	14	13	18	11	8	2	3	9	19	2	9	19	8	6	13	5	8	7	12	5	11	18	12	8	8	8	13	10	10	6	12	5	15	18	11	17	12	7	14	8	5	3	7	6	9	4	17	9	7	10	7	6	13	1	18	17	4	20	10	20	1	15	20	11	20	7	5	12	20	17	3	7	4	18	6	2	14	19	11	2	7	14	20	3	8	18	9	19	3	8	17	3	3	4	13	17	15	8	11	11	19	14	20	17	1	3	2	1	17	20	8	6	20	10	4	15	17	5	11	16	10	15	15	18	2	1	7	7	2	4	9	11	14	4	11	3	16	3	12	1	20	6	19	20	20	18	11	11	13	19	2	14	2	20	10	3	7	20	10	14	3	4	1	20	3	19	18	2	9	16	12	17	1	1	6	15	9	7	19	4	10	19	14	10	15	5	14	20	4	7	7	9	4	10	13	13	16	3	15	2	2	6	13	15	11	5	7	11	11	9	4	3	12	15	16	10	14	11	3	19	2	4	12	18	2	5	15	20	3	15	16	4	12	1	16	2	12	7	8	13	1	14	16	11	6	7	15	7	14	2	14	13	5	5	2	11	2	5	9	5	14	4	16	4	14	4	11	3	10	5	15	15	5	12	10	15	6	2	11	16	10	1	1	6	10	11	6	7	13	12	15	11	12	9	11	14	8	13	1	10	6	9	7	15	11	6	12	5	14	12	12	5	2	10	15	8	2	12	12	10	14	12	15	13	15	8	14	1	9	6	13	1	1	2	16	7	6	7	5	8	7	14	14	5	2	5	7	13	5	10	3	15	3	15	16	10	6	12	12	11	13	12	1	1	11	11	6	12	13	9	16	13	5	1	9	6	2	11	10	14	7	8	10	14	15	6	3	8	8	11	4	9	12	4	1	4	6	2	14	2	3	9	11	8	4	14	14	6	5	14	6	4	16	2	12	15	16	8	2	2	3	10	9	8	12	15	4	2	3	9	10	11	11	1	3	4	13	11	4	3	13	11	10	13	6	11	10	3	14	12	3	15	12	1	10	14	10	12	12	6	14	5	10	14	14	14	11	9	3	12	4	10	15	14	7	9	16	6	5	9	9	12	13	9	8	5	8	10	11	14	12	9	16	12	14	15	12	12	11	9	2	5	6	14	9	6	10	2	2	3	8	6	4	7	14	13	1	12	7	13	10	8	16	6	5	8	1	13	13	7	15	11	2	10	3	5	1	3	4	1	4	7	4	6	16	9	15	4	13	13	1	16	6	11	10	5	9	3	15	1	6	15	7	14	15	1	13	7	9	8	2	14	8	2	10	15	11	16	11	10	8	8	9	12	6	1	5	16	3	7	4	9	16	15	10	12	5	8	1	8	5	5	2	7	12	16	12	2	12	10	13	8	9	4	3	15	16	7	4	16	12	3	16	8	9	3	15	3	4	10	2	15	6	1	15	3	8	11	1	14	3	10	8	9	8	2	15	7	6	11	6	4	1	8	13	16	3	9	7	11	13	2	8	14	3	14	15	3	4	3	16	5	3	3	11	6	11	6	5	14	11	11	7	14	2	6	13	7	3	13	6	2	2	5	10	13	14	6	13	14	13	6	10	10	15	3	16	5	10	16	10	3	9	14	15	10	11	10	16	2	1	4	2	12	2	13	3	11	3	12	1	13	2	4	3	9	11	14	9	3	15	4	13	2	16	10	16	10	6	12	8	11	7	8	10	8	3	15	12	15	2	10	11	16	8	1	16	8	1	7	9	6	13	4	12	3	7	9	11	12	14	3	1	16	16	11	11	16	3	4	11	13	5	4	1	8	12	2	4	1	7	14	16	7	7	1	10	1	3	11	5	10	11	5	1	5	6	14	2	11	6	4	11	1	13	2	16	13	4	11	11	4	8	10	16	1	6	9	7	7	7	12	6	6	16	1	13	3	16	15	4	1	5	8	2	12	3	8	16	5	11	10	9	2	2	8	12	11	12	12	3	8	6	13	15	10	6	15	1	15	15	13	3	13	8	10	12	12	9	15	12	3	2	7	3	14	12	3	8	1	15	14	4	1	8	5	9	16	3	12	6	15	11	16	10	5	5	7	2	5	15	9	6	11	1	4	2	3	4	9	4	3	10	7	2	8	11	14	6	11	12	3	15	3	1	15	10	2	3	3	11	4	9	5	13	14	5	16	5	14	15	15	14	6	12	12	10	12	12	10	5	5	12	2	1	12	15	4	5	16	7	8	6	1	10	8	6	13	6	10	7	7	12	3	1	11	14	15	15	15	5	7	4	7	16	6	14	3	4	5	13	1	4	10	5	16	9	4	15	16	10	15	5	9	3	4	2	3	3	6	5	8	12	3	3	11	6	3	12	7	3	12	12	3	8	14	3	16	12	9	12	9	16	10	10	9	12	8	14	4	4	8	1	14	14	8	16	12	14	13	10	11	5	9	15	8	6	6	14	3	16	3	1	5	15	8	11	7	9	14	5	5	6	4	5	13	3	5	14	4	5	2	10	14	12	8	15	13	5	2	6	14	2	11	6	6	7	1	2	14	4	5	4	12	16	7	14	6	10	1	11	4	16	4	12	10	6	6	2	4	15	4	3	8	5	10	11	13	5	13	10	7	14	6	10	9	1	12	16	14	12	12	4	5	3	1	14	2	2	14	5	8	11	4	5	2	2	14	10	4	3	11	5	9	4	9	12	14	2	2	6	15	14	1	9	4	7	6	13	6	8	2	3	14	4	12	4	2	13	8	10	12	13	14	6	14	8	6	9	7	14	3	4	4	7	3	1	12	4	9	12	14	14	1	4	10	8	2	12	9	13	15	14	5	6	14	2	11	6	9	14	3	7	6	1	8	15	12	1	2	3	16	7	15	11	1	12	16	4	4	13	10	9	5	4	8	11	9	6	14	8	5	9	7	9	2	13	6	15	12	5	3	8	14	16	9	15	5	2	2	14	12	12	14	16	12	6	5	9	10	12	12	11	9	1	1	3	1	13	9	7	11	6	5	16	12	10	1	13	10	3	12	4	11	1	7	1	5	3	11	14	12	9	8	12	1	14	7	1	5	5	1	14	8	5	11	4	10	16	14	3	10	5	6	6	9	6	1	15	9	12	6	15	7	10	2	1	7	13	13	7	10	15	14	13	11	12	16	9	11	8	3	11	10	8	3	1	16	13	4	4	6	13	4	11	3	5	2	6	15	13	14	3	3	14	6	14	15	15	16	13	1	6	10	4	2	4	2	12	7	9	3	3	10	12	14	8	10	7	9	15	11	14	11	5	12	13	11	4	10	16	15	14	3	12	1	7	13	11	14	6	1	8	10	11	9	13	9	8	2	12	7	10	12	8	13	12	1	14	5	4	10	9	8	13	1	2	8	4	9	7	2	5	3	6	1	16	6	8	14	13	8	2	16	14	2	14	8	5	8	11	14	2	6	14	11	2	7	2	9	14	4	2	5	6	5	10	10	7	16	9	6	11	7	9	6	11	4	10	8	1	1	16	8	5	1	12	13	15	10	11	3	10	4	12	10	15	13	7	16	13	16	2	5	2	11	15	9	5	2	10	10	9	9	15	8	14	4	2	16	2	10	11	4	5	7	11	16	11	12	1	5	8	6	2	8	10	6	4	5	7	15	2	16	6	5	8	9	5	7	1	6	10	3	7	14	9	16	9	12	2	9	15	2	16	8	5	14	8	8	11	2	9	8	8	15	12	1	5	16	1	7	11	5	16	1	4	3	7	11	5	13	5	2	3	12	3	9	16	16	1	14	2	15	16	13	14	9	14	11	2	4	11	13	1	14	10	5	14	7	12	10	2	4	4	11	14	4	3	2	10	7	7	7	8	1	16	2	2	15	14	15	5	14	4	3	11	16	1	16	15	4	13	11	8	6	13	7	7	4	6	10	11	12	6	5	2	8	5	5	15	4	4	5	14	6	3	8	10	3	1	11	14	9	1	8	2	14	15	3	7	4	11	10	15	4	14	14	8	13	8	15	11	6	7	7	10	11	5	13	5	1	4	12	16	14	2	4	5	9	6	8	15	7	9	3	16	6	16	7	11	2	5	3	6	8	15	1	1	14	16	10	2	5	7	16	3	8	5	15	8	15	1	9	4	13	5	9	10	4	11	11	3	16	15	11	12	11	10	9	14	6	6	5	5	1	9	10	4	13	7	2	10	6	6	16	15	14	7	2	9	15	9	16	6	4	2	6	5	14	11	5	14	5	9	4	7	15	14	14	13	2	16	8	13	10	16	15	3	14	6	11	1	3	8	16	16	4	10	6	7	3	14	5	4	13	13	8	16	15	10	5	15	11	7	7	13	12	13	15	7	6	14	3	2	7	2	11	9	13	7	14	15	11	14	14	5	4	5	5	5	7	1	7	9	3	9	16	4	3	16	15	4	4	5	7	6	9	15	1	4	9	12	1	10	9	9	3	10	15	12	11	14	5	7	4	10	16	8	15	13	7	11	11	1	6	8	6	14	12	6	9	7	15	12	14	1	11	4	7	13	15	2	10	12	13	15	13	10	10	4	1	12	10	13	9	14	14	16	16	10	10	15	3	14	14	13	10	10	13	12	4	14	14	9	14	11	11	9	9	14	13	9	6	8	1	8	10	9	12	5	15	14	9	8	16	12	6	12	9	9	6	16	11	15	7	4	12	2	5	9	8	5	9	6	3	2	14	1	15	11	16	10	6	4	14	14	10	3	16	8	10	11	4	16	14	11	13	12	8	10	6	12	9	4	7	8	12	4	15	2	15	4	10	1	13	1	16	1	15	5	6	4	2	16	5	15	6	10	7	10	2	10	8	12	5	11	13	7	7	7	2	12	15	3	8	3	11	11	7	1	11	3	12	12	8	1	9	7	15	11	7	7	15	14	10	5	5	8	4	1	5	1	7	2	13	8	7	8	3	16	9	9	12	10	15	2	5	7	7	5	2	12	15	3	8	3	10	7	9	1	9	16	6	15	2	2	2	12	16	4	15	11	8	7	7	11	12	6	15	16	2	1	5	13	13	15	8	4	15	14	5	14	11	10	8	11	15	8	4	13	12	6	10	3	3	7	9	9	12	14	14	14	15	9	12	14	15	15	13	12	1	12	11	11	8	15	14	16	1	12	10	1	13	5	16	11	2	15	4	14	1	11	1	11	15	5	4	12	8	4	8	4	9	1	10	5	7	8	5	1	9	7	15	1	12	1	3	10	16	7	2	11	13	3	2	7	6	7	10	3	12	14	1	1	13	16	5	1	14	13	8	15	14	12	15	1	6	4	15	3	6	13	2	1	14	11	10	14	16	14	5	14	5	4	13	5	13	1	15	2	14	11	12	1	6	14	13	13	15	6	1	11	5	10	4	10	9	15	10	13	1	10	13	15	5	15	15	7	4	16	15	3	4	3	9	7	14	4	10	7	7	2	8	14	10	11	8	12	2	4	1	2	5	6	16	7	3	13	15	3	1	7	16	12	13	14	5	3	1	11	3	13	8	3	16	15	6	1	15	15	16	13	3	5	10	13	3	2	9	16	6	4	8	16	3	15	15	3	9	15	2	13	5	7	3	15	15	1	2	11	12	15	13	11	4	1	13	13	3	11	14	14	11	13	3	7	7	7	9	10	2	5	13	6	5	11	10	16	8	3	16	8	11	6	8	10	2	13	6	10	1	5	5	15	11	15	15	13	8	1	15	9	5	4	1	1	16	11	15	1	6	3	2	15	2	1	12	11	16	6	9	11	11	7	1	12	7	5	9	12	1	15	1	4	3	12	11	9	16	3	9	7	5	5	5	16	3	11	2	4	8	4	1	5	4	12	13	14	4	7	14	14	2	2	16	6	7	8	5	4	1	10	2	11	2	15	10	10	12	8	6	4	11	16	11	5	7	2	1	14	7	4	13	2	16	2	4	6	5	14	15	5	10	12	7	8	1	11	13	16	7	5	1	16	5	12	3	4	6	14	6	14	3	8	7	5	4	12	4	10	9	14	10	3	6	15	13	4	15	14	12	10	7	5	10	6	3	13	13	4	4	15	11	13	10	15	13	14	12	13	7	2	3	6	1	11	15	13	13	12	3	12	6	8	5	15	9	7	15	13	4	7	8	7	7	2	10	16	4	1	6	13	9	13	3	10	13	8	3	12	11	7	15	14	1	16	16	10	15	13	7	15	7	4	12	7	2	4	12	5	16	10	9	6	13	12	8	12	16	15	4	15	9	12	4	12	5	11	7	3	10	3	14	11	3	6	6	16	7	14	4	
640	980	300	720	140	900	730	470	530	730	870	350	230	320	130	220	790	870	350	950	330	460	690	840	720	460	840	880	780	880	580	440	350	470	100	610	680	360	750	860	230	380	650	740	930	860	780	640	170	830	750	270	140	750	300	270	870	740	690	360	650	440	230	480	910	240	900	510	550	760	680	440	660	580	250	430	790	650	190	530	780	650	750	1000	800	530	360	270	410	220	780	620	270	750	150	460	600	340	790	510	870	250	590	290	940	530	650	480	830	790	310	910	170	360	480	520	580	910	840	170	260	770	410	760	570	950	320	630	380	980	990	710	750	790	630	510	190	290	180	170	330	440	390	110	270	270	850	810	440	120	240	890	630	850	500	120	770	340	910	920	510	390	500	350	380	750	870	180	420	180	930	930	140	900	610	880	180	790	990	500	340	830	280	490	730	560	790	210	760	580	830	810	500	910	790	480	1000	800	740	790	630	790	410	380	600	600	810	440	240	290	680	910	610	920	950	840	130	490	520	700	970	510	440	740	670	210	440	240	400	830	740	790	450	200	980	290	290	930	540	960	180	420	100	180	630	920	780	570	930	360	630	150	630	430	800	240	130	530	180	900	730	950	130	430	100	680	310	380	560	610	240	330	740	960	700	590	140	460	300	310	130	750	750	1000	400	120	540	620	470	560	530	310	840	950	360	280	310	240	830	300	310	310	540	110	530	670	450	140	550	130	150	460	980	600	170	200	580	430	120	610	770	340	590	980	180	130	240	350	100	410	680	730	540	170	790	940	660	370	750	700	420	410	430	830	380	220	640	560	860	340	280	310	650	220	1000	820	670	140	670	910	400	730	360	770	830	360	170	140	230	610	920	900	960	790	260	980	940	370	400	810	760	310	160	200	970	800	730	800	350	950	610	200	610	610	890	920	960	450	280	470	500	540	600	430	200	470	490	190	680	260	410	870	570	910	350	760	830	710	240	160	840	420	800	380	520	970	940	390	710	100	740	590	190	130	660	770	910	980	360	130	840	940	600	890	860	670	410	380	800	810	410	830	630	480	660	890	960	400	330	360	680	700	690	420	660	930	730	780	400	910	360	280	740	470	380	610	600	510	490	900	690	900	870	720	370	900	610	870	940	260	250	630	650	930	520	440	640	240	310	810	670	890	840	600	350	390	710	720	550	550	500	470	260	160	740	560	510	580	420	750	240	690	240	920	290	240	920	360	720	730	980	230	230	290	920	740	690	680	810	500	810	180	750	130	430	680	560	390	640	950	260	430	800	130	800	230	790	400	610	400	630	890	680	950	470	990	470	510	190	220	290	890	680	320	770	860	380	580	540	130	540	270	860	190	110	950	130	360	1000	780	670	320	140	620	460	870	520	300	530	660	560	540	180	640	240	960	490	270	630	970	780	420	360	510	340	430	560	820	330	800	280	250	100	100	270	410	380	690	380	940	170	480	920	620	720	870	760	200	870	220	770	100	360	380	910	270	300	330	530	750	840	570	750	460	790	730	220	780	820	970	950	270	460	760	320	910	910	170	180	810	640	980	630	240	110	650	240	800	300	560	870	780	860	440	550	300	470	220	570	980	150	270	300	110	270	140	400	470	630	190	380	220	310	330	810	560	710	140	990	760	470	250	840	690	390	120	330	210	550	560	260	300	800	310	710	500	510	730	500	850	720	790	800	450	740	100	370	890	680	750	360	630	390	660	500	440	300	270	160	110	440	800	110	590	110	890	150	180	150	730	910	760	900	660	870	250	880	690	460	120	650	170	860	300	660	710	350	940	340	170	730	520	910	290	240	920	970	240	810	890	720	950	460	870	660	510	120	850	180	660	200	760	880	670	140	530	250	600	270	790	920	180	760	500	220	520	400	200	270	260	930	100	170	770	150	670	950	180	400	760	500	840	230	440	560	520	490	740	780	450	800	510	610	350	510	750	320	930	470	240	190	770	990	920	420	450	500	750	250	590	890	660	420	750	420	670	230	530	540	900	840	200	970	530	990	1000	910	120	390	720	130	390	650	960	870	420	710	560	510	960	630	890	980	780	100	100	450	180	980	140	140	800	710	660	830	450	760	330	290	200	960	430	410	710	970	140	760	360	900	860	220	960	210	450	400	220	440	780	190	460	670	120	770	810	100	550	900	420	400	960	930	130	700	630	360	290	390	570	670	620	520	190	130	940	990	360	110	690	420	620	310	790	420	460	300	880	990	530	410	930	290	540	110	660	410	540	870	230	670	970	130	870	320	990	320	470	860	540	850	760	130	900	210	180	360	690	330	380	470	870	270	970	540	820	120	610	710	330	210	620	920	610	610	450	980	170	940	320	650	180	180	120	320	290	530	280	840	430	950	540	600	200	160	280	340	400	690	760	860	980	760	320	990	290	470	180	140	480	150	310	330	900	160	100	1000	310	570	120	160	590	940	560	950	260	690	600	310	450	750	460	330	610	900	880	390	640	970	690	950	160	430	980	640	980	190	720	880	760	260	280	240	550	680	410	920	250	420	970	450	410	780	380	810	380	420	150	920	300	240	960	550	700	540	890	650	900	340	380	730	900	370	740	190	120	340	760	590	940	630	200	270	670	480	450	330	630	160	760	190	140	190	850	500	420	920	560	690	880	670	400	550	660	160	970	550	710	950	260	900	780	510	220	720	280	730	270	980	850	600	630	120	200	280	370	660	590	740	840	910	810	380	320	350	890	500	240	460	220	990	310	160	710	520	300	600	780	730	800	420	800	240	160	210	750	660	660	870	620	860	520	780	930	570	440	690	970	450	990	660	580	670	880	310	510	950	280	180	910	850	180	1000	660	120	310	730	540	790	320	750	880	410	170	710	810	540	160	200	420	920	640	790	930	450	500	880	950	510	350	960	930	180	440	470	860	300	220	320	900	230	680	290	650	860	240	400	500	460	640	860	420	990	780	520	540	180	770	850	680	620	590	130	950	620	660	220	120	140	360	720	820	880	180	160	690	640	710	680	370	350	610	680	970	480	1000	880	470	830	1000	640	630	660	980	970	930	680	680	320	720	530	130	700	790	280	110	510	700	140	400	830	400	530	1000	790	230	500	740	410	110	890	570	580	760	360	430	650	530	610	900	870	990	790	310	120	290	190	280	530	740	220	770	740	640	410	390	720	370	640	500	390	990	530	420	610	380	850	620	550	330	890	940	780	650	710	680	980	470	960	910	510	110	210	540	760	260	670	680	650	400	570	320	320	980	590	770	330	720	860	190	810	380	120	260	210	450	960	660	390	650	720	140	460	310	950	650	240	240	650	580	640	1000	390	550	540	630	900	410	430	370	860	880	370	640	120	730	600	350	440	130	710	200	610	710	110	420	210	750	700	380	340	710	520	550	690	370	500	800	370	700	1000	700	970	940	260	870	460	270	160	780	540	990	940	620	540	370	960	410	300	270	140	290	740	480	520	630	250	420	870	680	360	250	560	670	180	270	530	220	800	510	280	560	630	560	390	330	450	290	660	790	960	100	650	480	430	400	760	270	200	270	870	180	930	950	510	830	740	340	590	530	160	640	790	1000	310	720	760	610	730	160	510	400	320	550	860	100	430	390	660	600	850	780	370	790	780	990	140	750	960	770	500	230	380	450	850	830	230	770	700	160	680	940	870	630	720	410	940	660	590	830	190	410	440	610	360	980	610	650	800	950	920	540	620	160	770	910	880	390	810	250	290	230	470	340	700	190	800	690	590	520	670	170	440	670	440	270	240	520	560	450	820	370	910	330	700	600	540	950	200	690	580	880	620	820	810	540	610	240	280	820	720	310	630	340	830	880	460	260	370	720	480	660	910	130	210	360	970	790	480	950	470	470	870	680	770	360	810	990	900	840	300	510	610	290	700	920	910	830	200	480	720	570	360	320	770	830	780	740	320	600	760	650	310	420	950	420	890	320	190	120	270	170	910	620	680	360	800	180	370	1000	310	960	470	770	470	970	320	660	990	760	150	380	640	510	870	670	360	630	590	280	800	720	660	550	170	320	680	450	870	610	240	140	790	330	500	850	150	170	770	280	890	570	330	100	560	570	270	200	140	160	1000	530	750	470	630	240	630	560	490	580	570	840	550	740	150	660	460	110	590	860	430	700	290	370	110	940	300	320	540	590	810	200	440	710	390	390	130	430	300	270	600	870	980	490	100	210	350	450	820	210	540	140	740	320	770	420	840	630	780	630	810	520	560	780	360	370	790	940	830	970	300	360	420	670	460	480	870	440	740	390	740	140	240	240	810	880	750	730	260	180	730	650	440	580	600	320	210	820	170	320	490	1000	350	210	740	220	530	160	890	600	250	630	650	580	440	320	810	530	460	960	420	820	850	730	790	100	380	900	570	310	140	820	570	470	640	710	290	570	540	470	600	970	440	930	100	190	960	400	240	430	480	380	620	860	860	610	490	350	180	250	580	450	420	200	710	130	930	940	540	890	410	830	980	300	650	670	750	400	870	770	770	810	770	940	680	320	900	460	370	550	570	220	630	160	920	270	660	660	960	750	660	880	400	940	770	720	980	400	110	630	920	860	930	530	230	280	770	520	970	280	480	540	580	890	860	210	580	340	200	480	690	280	260	200	110	280	490	970	310	190	920	140	650	910	180	500	320	740	630	410	900	470	880	740	770	320	150	940	700	110	670	780	660	820	440	710	400	690	600	930	150	1000	640	600	830	540	990	550	220	870	160	960	710	140	580	200	670	660	210	310	480	870	870	380	550	900	150	780	170	490	730	480	520	740	210	380	220	120	980	300	410	510	130	880	290	850	480	200	330	460	900	300	560	710	770	220	960	430	390	530	710	590	480	680	780	530	920	440	760	760	440	850	630	630	900	570	260	500	480	850	710	420	270	880	290	460	910	270	380	780	620	360	810	560	320	400	800	700	980	120	630	340	540	500	980	570	280	580	130	610	260	790	310	620	390	810	290	830	520	410	820	450	380	740	210	400	470	470	270	610	200	900	940	690	690	710	550	410	650	210	730	340	630	270	570	830	210	590	310	450	270	770	790	870	340	240	590	370	910	770	620	700	680	150	510	240	870	500	470	580	700	580	120	490	940	490	160	180	370	640	210	120	980	590	330	990	590	450	820	100	100	120	510	310	640	280	920	290	850	740	650	320	920	150	860	140	520	570	700	200	710	370	960	880	330	330	110	300	250	450	510	180	110	950	990	100	530	140	560	770	150	520	670	390	930	700	700	590	520	740	120	900	660	570	420	980	600	300	730	120	780	840	880	630	150	200	840	960	230	250	200	180	830	110	700	260	570	350	250	600	310	100	230	530	560	160	550	220	780	910	730	210	230	330	230	190	990	950	670	480	790	100	450	290	410	810	220	780	350	600	940	500	970	430	390	780	290	750	400	380	420	520	150	890	350	930	980	820	430	740	250	470	190	560	820	110	140	880	330	600	120	780	840	950	380	770	180	110	910	740	110	650	910	740	150	790	460	490	230	290	410	430	680	360	990	870	470	250	720	760	240	900	190	620	740	880	810	170	820	920	680	380	200	980	650	250	580	860	320	610	870	800	770	380	870	860	260	500	580	700	770	860	280	140	700	1000	770	510	970	280	760	170	110	920	930	170	830	830	510	850	110	240	900	440	600	930	300	610	860	550	660	710	590	790	580	530	560	690	350	870	380	910	110	640	260	240	220	610	310	910	550	910	810	770	210	870	210	250	420	860	390	620	980	540	460	210	780	840	970	970	190	390	270	330	430	460	690	420	540	150	770	730	390	630	870	950	280	290	790	340	860	520	680	860	260	880	320	900	680	480	600	1000	770	230	170	390	430	700	390	650	410	960	790	370	930	650	850	210	550	510	440	440	500	500	970	670	540	400	900	950	150	270	480	390	940	670	930	740	130	420	1000	530	290	130	380	790	290	310	710	570	340	950	520	840	340	520	800	320	850	330	570	390	530	960	370	250	790	140	750	410	170	970	590	110	610	500	470	380	370	100	880	320	960	900	150	510	430	210	260	730	630	160	360	890	660	480	920	630	410	740	830	220	170	920	120	710	890	280	510	390	230	680	930	930	590	840	180	1000	720	610	270	330	630	210	550	660	320	140	450	260	280	420	860	820	140	840	440	350	440	650	390	860	420	890	930	320	150	110	830	990	870	490	860	410	810	470	210	140	580	560	180	810	590	550	620	420	380	100	850	570	520	970	780	750	820	330	760	530	1000	180	190	840	120	780	110	940	190	360	210	580	680	410	440	140	680	130	520	860	840	430	970	240	800	890	380	150	680	690	130	610	360	310	850	360	300	620	1000	950	330	690	750	480	310	650	240	450	660	110	620	200	730	860	730	640	620	850	190	870	550	490	830	470	420	280	850	160	720	900	910	730	790	580	850	430	210	970	210	600	690	150	170	280	770	630	470	820	200	400	620	530	350	890	760	330	910	960	570	700	620	300	250	970	960	560	710	240	890	790	780	460	900	300	340	320	640	810	160	740	560	920	100	110	400	480	320	740	
1
