1580
80
2
50
0	500	500	0	500	0	500	500	0	0	0	0	0	0	500	500	0	0	0	0	0	0	0	0	0	0	0	0	500	0	0	0	0	0	0	0	0	0	0	0	0	0	0	0	0	0	0	0	0	500	0	0	0	0	0	0	0	0	0	0	500	0	0	0	0	0	0	0	0	0	0	0	0	0	0	0	0	0	0	0	
500	0	0	0	0	0	0	0	500	0	0	0	0	0	0	0	500	0	0	0	0	0	0	0	0	0	0	0	0	0	0	0	0	0	0	0	0	0	0	0	0	0	0	0	0	0	0	0	0	0	0	0	0	0	0	0	0	0	0	0	0	0	0	0	0	0	0	0	0	0	0	0	0	0	0	0	0	0	0	0	
500	0	0	0	0	0	0	0	0	0	0	0	0	0	0	0	0	0	0	0	0	0	0	0	0	0	0	0	0	0	0	0	0	0	0	0	0	0	0	0	0	0	0	0	0	0	0	0	0	0	0	0	500	0	0	0	0	0	0	0	0	0	0	0	0	0	0	0	0	0	0	0	0	0	0	0	500	0	0	0	
0	0	0	0	0	0	0	0	0	0	0	0	0	0	0	0	0	0	0	0	0	0	0	0	0	0	0	0	0	0	0	0	0	0	500	0	0	0	0	0	0	0	0	0	0	0	0	0	0	0	0	0	0	0	0	0	0	0	0	0	0	0	0	0	0	0	0	0	0	0	0	0	0	0	0	0	0	500	0	0	
500	0	0	0	0	0	0	0	0	0	0	0	0	0	0	0	0	500	0	0	0	0	0	0	0	0	0	0	0	0	0	0	0	500	0	0	0	0	0	0	0	0	0	0	0	0	0	0	0	0	0	0	0	0	0	0	0	0	0	0	0	0	0	0	0	0	0	0	0	0	0	0	0	0	0	0	0	0	0	0	
0	0	0	0	0	0	0	0	0	0	0	0	0	0	0	0	0	0	0	0	0	0	0	0	0	0	500	0	0	0	0	0	0	0	0	0	0	0	0	0	0	0	0	0	0	0	0	0	0	0	0	0	0	500	0	0	0	0	0	0	0	0	0	0	0	0	0	0	0	0	0	0	0	0	0	0	0	0	0	0	
500	0	0	0	0	0	0	0	0	0	0	0	0	0	0	0	0	0	0	0	0	0	0	0	0	0	0	0	0	0	0	0	0	0	0	0	0	0	0	0	500	0	0	500	0	0	0	0	0	0	0	0	0	0	0	0	0	0	0	0	0	0	0	0	0	0	0	0	0	0	0	0	0	0	0	0	0	0	0	0	
500	0	0	0	0	0	0	0	0	0	0	0	0	0	0	0	0	0	0	0	0	0	0	0	0	0	0	0	0	0	0	0	0	0	0	0	0	500	0	0	0	0	0	0	0	0	0	0	0	0	0	0	0	0	0	0	0	0	0	0	0	0	0	0	0	0	0	0	0	0	0	0	0	0	0	0	0	0	0	500	
0	500	0	0	0	0	0	0	0	0	0	0	0	0	0	0	500	0	0	0	0	0	0	0	0	0	0	0	0	0	0	0	0	0	0	0	0	0	0	0	0	0	0	0	0	0	0	0	0	0	0	0	0	0	0	0	0	0	0	0	0	0	0	0	0	0	0	0	0	0	0	0	0	0	0	0	0	0	0	0	
0	0	0	0	0	0	0	0	0	0	0	0	0	500	0	0	0	0	0	0	0	0	0	0	0	0	0	0	0	0	0	0	0	0	0	0	0	0	0	0	0	0	0	0	0	0	0	0	0	0	0	0	0	0	0	0	0	0	0	0	0	0	0	0	0	0	0	0	0	0	0	0	0	0	0	0	0	0	0	500	
0	0	0	0	0	0	0	0	0	0	0	0	0	0	0	0	0	0	0	0	0	0	0	0	0	0	0	0	0	0	500	0	0	0	0	0	0	0	0	0	0	0	0	0	0	0	0	0	0	0	0	0	0	0	0	0	0	0	0	0	0	0	0	0	0	0	0	0	0	0	0	0	0	0	0	500	0	0	0	0	
0	0	0	0	0	0	0	0	0	0	0	0	0	0	0	0	0	0	0	0	0	0	0	0	0	0	0	0	0	0	0	0	0	0	0	0	0	0	0	0	0	0	0	0	0	0	0	0	0	0	0	500	0	0	0	0	0	0	0	0	0	0	0	0	0	0	0	0	0	0	0	0	0	0	500	0	0	0	0	0	
0	0	0	0	0	0	0	0	0	0	0	0	0	0	0	0	0	0	0	0	0	0	500	0	0	0	0	0	0	0	0	0	0	0	0	0	0	0	0	0	0	0	0	0	0	0	0	0	0	0	0	0	500	0	0	0	0	0	0	0	0	0	0	0	0	0	0	0	0	0	0	0	0	0	0	0	0	0	0	0	
0	0	0	0	0	0	0	0	0	500	0	0	0	0	0	0	0	0	0	0	0	0	0	0	0	0	0	0	0	0	0	0	0	0	0	0	0	0	0	0	0	0	0	0	0	0	0	0	0	0	0	0	0	0	0	0	0	0	0	0	0	0	0	0	0	0	500	0	0	0	0	0	0	0	0	0	0	0	0	0	
500	0	0	0	0	0	0	0	0	0	0	0	0	0	0	0	0	0	0	0	0	0	0	0	0	0	0	0	0	0	0	0	0	0	0	0	0	0	0	0	0	0	0	0	0	0	0	500	0	0	500	0	0	0	0	0	0	0	0	0	0	0	0	0	0	0	0	0	0	0	0	0	0	0	0	0	0	0	0	0	
500	0	0	0	0	0	0	0	0	0	0	0	0	0	0	0	0	0	0	0	0	500	0	0	0	0	0	0	0	0	0	0	0	0	0	0	0	0	0	0	0	0	0	0	0	0	0	0	0	0	0	0	0	0	0	0	0	0	0	0	0	0	0	0	0	0	0	0	0	0	0	0	500	0	0	0	0	0	0	0	
0	500	0	0	0	0	0	0	500	0	0	0	0	0	0	0	0	0	0	0	0	0	0	0	0	0	0	0	0	0	0	0	0	0	0	0	0	0	0	0	0	0	0	0	0	0	0	0	0	0	0	0	0	0	0	0	0	0	0	0	0	0	0	0	0	0	0	0	0	0	0	0	0	0	0	0	0	0	0	0	
0	0	0	0	500	0	0	0	0	0	0	0	0	0	0	0	0	0	0	0	0	0	0	0	0	0	0	0	0	0	0	0	0	500	0	0	0	0	0	0	0	0	0	0	0	0	0	0	0	0	0	0	0	0	0	0	0	0	0	0	0	0	0	0	0	0	0	0	0	0	0	0	0	0	0	0	0	0	0	0	
0	0	0	0	0	0	0	0	0	0	0	0	0	0	0	0	0	0	0	0	0	0	0	0	0	0	0	0	0	0	0	0	0	0	0	0	0	0	0	0	0	0	0	0	0	0	0	0	0	0	0	0	0	0	0	0	0	0	0	0	500	0	0	0	0	0	0	0	0	0	0	0	0	0	500	0	0	0	0	0	
0	0	0	0	0	0	0	0	0	0	0	0	0	0	0	0	0	0	0	0	0	0	0	0	0	0	0	0	0	0	0	0	0	0	0	0	0	0	0	0	0	0	0	0	0	0	0	500	0	0	500	0	0	0	0	0	0	0	0	0	0	0	0	0	0	0	0	0	0	0	0	0	0	0	0	0	0	0	0	0	
0	0	0	0	0	0	0	0	0	0	0	0	0	0	0	0	0	0	0	0	0	0	0	0	0	0	0	0	0	0	0	500	0	0	500	0	0	0	0	0	0	0	0	0	0	0	0	0	0	0	0	0	0	0	0	0	0	0	0	0	0	0	0	0	0	0	0	0	0	0	0	0	0	0	0	0	0	0	0	0	
0	0	0	0	0	0	0	0	0	0	0	0	0	0	0	500	0	0	0	0	0	0	0	0	0	0	0	0	0	0	0	0	0	0	0	0	0	0	0	0	0	0	0	0	0	0	0	0	0	0	0	0	0	0	0	0	0	0	0	0	0	0	0	0	0	0	0	0	0	0	0	0	500	0	0	0	0	0	0	0	
0	0	0	0	0	0	0	0	0	0	0	0	500	0	0	0	0	0	0	0	0	0	0	0	0	0	0	0	0	0	0	0	0	0	0	0	0	0	0	0	0	0	0	0	0	0	0	0	0	0	0	0	0	0	0	0	0	0	0	0	0	0	0	0	0	0	0	0	0	0	0	0	0	0	0	0	500	0	0	0	
0	0	0	0	0	0	0	0	0	0	0	0	0	0	0	0	0	0	0	0	0	0	0	0	0	0	0	0	0	0	0	0	0	0	0	0	0	0	0	0	0	0	0	0	0	0	0	0	0	0	0	0	0	0	0	0	0	0	0	0	0	0	0	0	0	0	0	500	0	0	500	0	0	0	0	0	0	0	0	0	
0	0	0	0	0	0	0	0	0	0	0	0	0	0	0	0	0	0	0	0	0	0	0	0	0	0	0	500	0	0	0	0	0	0	0	0	500	0	0	0	0	0	0	0	0	0	0	0	0	0	0	0	0	0	0	0	0	0	0	0	0	0	0	0	0	0	0	0	0	0	0	0	0	0	0	0	0	0	0	0	
0	0	0	0	0	0	0	0	0	0	0	0	0	0	0	0	0	0	0	0	0	0	0	0	0	0	0	0	0	0	0	0	500	0	0	0	0	0	0	0	0	0	0	0	0	0	0	0	0	0	0	0	0	0	0	0	0	0	0	0	0	0	0	0	0	0	0	500	0	0	0	0	0	0	0	0	0	0	0	0	
0	0	0	0	0	500	0	0	0	0	0	0	0	0	0	0	0	0	0	0	0	0	0	0	0	0	0	0	0	0	0	0	0	0	0	0	0	0	0	0	0	0	0	0	0	0	0	0	0	0	0	0	0	0	0	0	0	0	0	0	0	0	0	0	500	0	0	0	0	0	0	0	0	0	0	0	0	0	0	0	
0	0	0	0	0	0	0	0	0	0	0	0	0	0	0	0	0	0	0	0	0	0	0	0	500	0	0	0	0	0	0	0	0	0	0	0	0	0	0	0	0	0	0	0	0	0	0	0	0	0	0	0	0	0	0	0	0	0	0	0	0	0	0	0	500	0	0	0	0	0	0	0	0	0	0	0	0	0	0	0	
500	0	0	0	0	0	0	0	0	0	0	0	0	0	0	0	0	0	0	0	0	0	0	0	0	0	0	0	0	0	0	0	0	0	0	0	0	0	0	0	0	0	0	0	0	0	0	0	0	0	0	0	0	0	0	0	0	0	0	0	0	0	0	500	0	0	0	0	0	0	0	500	0	0	0	0	0	0	0	0	
0	0	0	0	0	0	0	0	0	0	0	0	0	0	0	0	0	0	0	0	0	0	0	0	0	0	0	0	0	0	0	0	0	0	0	0	0	0	0	500	0	0	0	0	0	0	0	0	0	0	0	0	0	500	0	0	0	0	0	0	0	0	0	0	0	0	0	0	0	0	0	0	0	0	0	0	0	0	0	0	
0	0	0	0	0	0	0	0	0	0	500	0	0	0	0	0	0	0	0	0	0	0	0	0	0	0	0	0	0	0	0	0	0	0	0	0	0	0	0	0	0	0	0	0	0	0	0	0	0	0	0	0	0	0	500	0	0	0	0	0	0	0	0	0	0	0	0	0	0	0	0	0	0	0	0	0	0	0	0	0	
0	0	0	0	0	0	0	0	0	0	0	0	0	0	0	0	0	0	0	0	500	0	0	0	0	0	0	0	0	0	0	0	0	0	0	0	0	0	0	0	0	0	0	0	0	0	0	0	0	0	0	0	0	0	0	0	0	0	0	500	0	0	0	0	0	0	0	0	0	0	0	0	0	0	0	0	0	0	0	0	
0	0	0	0	0	0	0	0	0	0	0	0	0	0	0	0	0	0	0	0	0	0	0	0	0	500	0	0	0	0	0	0	0	0	0	0	0	0	0	0	0	0	0	0	0	0	0	0	0	0	0	0	0	0	0	0	0	0	0	0	0	0	0	0	0	0	0	0	0	500	0	0	0	0	0	0	0	0	0	0	
0	0	0	0	500	0	0	0	0	0	0	0	0	0	0	0	0	500	0	0	0	0	0	0	0	0	0	0	0	0	0	0	0	0	0	0	0	0	0	0	0	0	0	0	0	0	0	0	0	0	0	0	0	0	0	0	0	0	0	0	0	0	0	0	0	0	0	0	0	0	0	0	0	0	0	0	0	0	0	0	
0	0	0	500	0	0	0	0	0	0	0	0	0	0	0	0	0	0	0	0	500	0	0	0	0	0	0	0	0	0	0	0	0	0	0	0	0	0	0	0	0	0	0	0	0	0	0	0	0	0	0	0	0	0	0	0	0	0	0	0	0	0	0	0	0	0	0	0	0	0	0	0	0	0	0	0	0	0	0	0	
0	0	0	0	0	0	0	0	0	0	0	0	0	0	0	0	0	0	0	0	0	0	0	0	0	0	0	0	0	0	0	0	0	0	0	0	500	0	0	0	0	0	0	0	0	0	0	0	0	500	0	0	0	0	0	0	0	0	0	0	0	0	0	0	0	0	0	0	0	0	0	0	0	0	0	0	0	0	0	0	
0	0	0	0	0	0	0	0	0	0	0	0	0	0	0	0	0	0	0	0	0	0	0	0	500	0	0	0	0	0	0	0	0	0	0	500	0	0	0	0	0	0	0	0	0	0	0	0	0	0	0	0	0	0	0	0	0	0	0	0	0	0	0	0	0	0	0	0	0	0	0	0	0	0	0	0	0	0	0	0	
0	0	0	0	0	0	0	500	0	0	0	0	0	0	0	0	0	0	0	0	0	0	0	0	0	0	0	0	0	0	0	0	0	0	0	0	0	0	0	0	0	0	0	0	0	0	0	0	0	0	0	0	0	0	0	0	0	0	500	0	0	0	0	0	0	0	0	0	0	0	0	0	0	0	0	0	0	0	0	0	
0	0	0	0	0	0	0	0	0	0	0	0	0	0	0	0	0	0	0	0	0	0	0	0	0	0	0	0	0	0	0	0	0	0	0	0	0	0	0	0	500	0	0	500	0	0	0	0	0	0	0	0	0	0	0	0	0	0	0	0	0	0	0	0	0	0	0	0	0	0	0	0	0	0	0	0	0	0	0	0	
0	0	0	0	0	0	0	0	0	0	0	0	0	0	0	0	0	0	0	0	0	0	0	0	0	0	0	0	0	500	0	0	0	0	0	0	0	0	0	0	0	0	0	0	0	0	0	0	0	0	0	0	0	0	500	0	0	0	0	0	0	0	0	0	0	0	0	0	0	0	0	0	0	0	0	0	0	0	0	0	
0	0	0	0	0	0	500	0	0	0	0	0	0	0	0	0	0	0	0	0	0	0	0	0	0	0	0	0	0	0	0	0	0	0	0	0	0	0	500	0	0	0	0	0	0	0	0	0	0	0	0	0	0	0	0	0	0	0	0	0	0	0	0	0	0	0	0	0	0	0	0	0	0	0	0	0	0	0	0	0	
0	0	0	0	0	0	0	0	0	0	0	0	0	0	0	0	0	0	0	0	0	0	0	0	0	0	0	0	0	0	0	0	0	0	0	0	0	0	0	0	0	0	0	0	500	0	0	0	500	0	0	0	0	0	0	0	0	0	0	0	0	0	0	0	0	0	0	0	0	0	0	0	0	0	0	0	0	0	0	0	
0	0	0	0	0	0	0	0	0	0	0	0	0	0	0	0	0	0	0	0	0	0	0	0	0	0	0	0	0	0	0	0	0	0	0	0	0	0	0	0	0	0	0	0	0	0	0	0	500	0	0	0	0	0	0	0	0	0	0	0	0	0	0	0	0	0	0	0	0	0	0	0	0	0	0	500	0	0	0	0	
0	0	0	0	0	0	500	0	0	0	0	0	0	0	0	0	0	0	0	0	0	0	0	0	0	0	0	0	0	0	0	0	0	0	0	0	0	0	500	0	0	0	0	0	0	0	0	0	0	0	0	0	0	0	0	0	0	0	0	0	0	0	0	0	0	0	0	0	0	0	0	0	0	0	0	0	0	0	0	0	
0	0	0	0	0	0	0	0	0	0	0	0	0	0	0	0	0	0	0	0	0	0	0	0	0	0	0	0	0	0	0	0	0	0	0	0	0	0	0	0	0	500	0	0	0	0	0	0	0	0	0	0	0	0	0	0	0	0	0	0	0	0	0	0	0	500	0	0	0	0	0	0	0	0	0	0	0	0	0	0	
0	0	0	0	0	0	0	0	0	0	0	0	0	0	0	0	0	0	0	0	0	0	0	0	0	0	0	0	0	0	0	0	0	0	0	0	0	0	0	0	0	0	0	0	0	0	0	0	0	0	0	0	0	0	0	0	0	0	0	0	0	500	0	0	0	500	0	0	0	0	0	0	0	0	0	0	0	0	0	0	
0	0	0	0	0	0	0	0	0	0	0	0	0	0	0	0	0	0	0	0	0	0	0	0	0	0	0	0	0	0	0	0	0	0	0	0	0	0	0	0	0	0	0	0	0	0	0	0	0	0	0	0	0	0	0	0	0	0	0	0	0	0	0	0	0	0	0	0	0	0	0	0	0	500	0	0	0	500	0	0	
0	0	0	0	0	0	0	0	0	0	0	0	0	0	500	0	0	0	0	500	0	0	0	0	0	0	0	0	0	0	0	0	0	0	0	0	0	0	0	0	0	0	0	0	0	0	0	0	0	0	0	0	0	0	0	0	0	0	0	0	0	0	0	0	0	0	0	0	0	0	0	0	0	0	0	0	0	0	0	0	
0	0	0	0	0	0	0	0	0	0	0	0	0	0	0	0	0	0	0	0	0	0	0	0	0	0	0	0	0	0	0	0	0	0	0	0	0	0	0	0	0	500	500	0	0	0	0	0	0	0	0	0	0	0	0	0	0	0	0	0	0	0	0	0	0	0	0	0	0	0	0	0	0	0	0	0	0	0	0	0	
500	0	0	0	0	0	0	0	0	0	0	0	0	0	0	0	0	0	0	0	0	0	0	0	0	0	0	0	0	0	0	0	0	0	0	500	0	0	0	0	0	0	0	0	0	0	0	0	0	0	0	0	0	0	0	0	0	0	0	0	0	0	0	0	0	0	0	0	0	0	0	0	0	0	0	0	0	0	0	0	
0	0	0	0	0	0	0	0	0	0	0	0	0	0	500	0	0	0	0	500	0	0	0	0	0	0	0	0	0	0	0	0	0	0	0	0	0	0	0	0	0	0	0	0	0	0	0	0	0	0	0	0	0	0	0	0	0	0	0	0	0	0	0	0	0	0	0	0	0	0	0	0	0	0	0	0	0	0	0	0	
0	0	0	0	0	0	0	0	0	0	0	500	0	0	0	0	0	0	0	0	0	0	0	0	0	0	0	0	0	0	0	0	0	0	0	0	0	0	0	0	0	0	0	0	0	0	0	0	0	0	0	0	0	0	0	0	0	0	0	0	0	0	0	0	0	0	0	0	0	0	0	0	0	0	0	0	0	0	500	0	
0	0	500	0	0	0	0	0	0	0	0	0	500	0	0	0	0	0	0	0	0	0	0	0	0	0	0	0	0	0	0	0	0	0	0	0	0	0	0	0	0	0	0	0	0	0	0	0	0	0	0	0	0	0	0	0	0	0	0	0	0	0	0	0	0	0	0	0	0	0	0	0	0	0	0	0	0	0	0	0	
0	0	0	0	0	500	0	0	0	0	0	0	0	0	0	0	0	0	0	0	0	0	0	0	0	0	0	0	0	500	0	0	0	0	0	0	0	0	0	0	0	0	0	0	0	0	0	0	0	0	0	0	0	0	0	0	0	0	0	0	0	0	0	0	0	0	0	0	0	0	0	0	0	0	0	0	0	0	0	0	
0	0	0	0	0	0	0	0	0	0	0	0	0	0	0	0	0	0	0	0	0	0	0	0	0	0	0	0	0	0	500	0	0	0	0	0	0	0	0	500	0	0	0	0	0	0	0	0	0	0	0	0	0	0	0	0	0	0	0	0	0	0	0	0	0	0	0	0	0	0	0	0	0	0	0	0	0	0	0	0	
0	0	0	0	0	0	0	0	0	0	0	0	0	0	0	0	0	0	0	0	0	0	0	0	0	0	0	0	0	0	0	0	0	0	0	0	0	0	0	0	0	0	0	0	0	0	0	0	0	0	0	0	0	0	0	0	0	0	0	0	0	0	0	500	0	0	0	0	0	0	0	500	0	0	0	0	0	0	0	0	
0	0	0	0	0	0	0	0	0	0	0	0	0	0	0	0	0	0	0	0	0	0	0	0	0	0	0	0	0	0	0	0	0	0	0	0	0	0	0	0	0	0	0	0	0	0	0	0	0	0	0	0	0	0	0	0	0	0	0	0	0	0	0	0	0	0	0	0	500	0	0	0	0	0	0	0	0	0	500	0	
0	0	0	0	0	0	0	0	0	0	0	0	0	0	0	0	0	0	0	0	0	0	0	0	0	0	0	0	0	0	0	0	0	0	0	0	0	0	0	0	0	0	0	0	0	0	0	0	0	0	0	0	0	0	0	0	0	0	0	500	0	0	0	0	0	0	0	0	500	0	0	0	0	0	0	0	0	0	0	0	
0	0	0	0	0	0	0	0	0	0	0	0	0	0	0	0	0	0	0	0	0	0	0	0	0	0	0	0	0	0	0	0	0	0	0	0	0	500	0	0	0	0	0	0	0	0	0	0	0	0	0	0	0	0	0	0	0	0	0	0	0	0	0	0	0	0	500	0	0	0	0	0	0	0	0	0	0	0	0	0	
0	0	0	0	0	0	0	0	0	0	0	0	0	0	0	0	0	0	0	0	0	0	0	0	0	0	0	0	0	0	0	500	0	0	0	0	0	0	0	0	0	0	0	0	0	0	0	0	0	0	0	0	0	0	0	0	0	500	0	0	0	0	0	0	0	0	0	0	0	0	0	0	0	0	0	0	0	0	0	0	
500	0	0	0	0	0	0	0	0	0	0	0	0	0	0	0	0	0	500	0	0	0	0	0	0	0	0	0	0	0	0	0	0	0	0	0	0	0	0	0	0	0	0	0	0	0	0	0	0	0	0	0	0	0	0	0	0	0	0	0	0	0	0	0	0	0	0	0	0	0	0	0	0	0	0	0	0	0	0	0	
0	0	0	0	0	0	0	0	0	0	0	0	0	0	0	0	0	0	0	0	0	0	0	0	0	0	0	0	0	0	0	0	0	0	0	0	0	0	0	0	0	0	0	0	0	500	0	0	0	0	0	0	0	0	0	0	0	0	0	0	0	0	0	0	0	0	0	0	0	0	500	0	0	0	0	0	0	0	0	0	
0	0	0	0	0	0	0	0	0	0	0	0	0	0	0	0	0	0	0	0	0	0	0	0	0	0	0	0	0	0	0	0	0	0	0	0	0	0	0	0	0	0	0	0	0	0	0	0	0	0	0	0	0	0	0	0	0	0	0	0	0	0	0	0	0	0	0	0	0	500	0	0	0	500	0	0	0	0	0	0	
0	0	0	0	0	0	0	0	0	0	0	0	0	0	0	0	0	0	0	0	0	0	0	0	0	0	0	0	500	0	0	0	0	0	0	0	0	0	0	0	0	0	0	0	0	0	0	0	0	0	0	0	0	0	0	500	0	0	0	0	0	0	0	0	0	0	0	0	0	0	0	0	0	0	0	0	0	0	0	0	
0	0	0	0	0	0	0	0	0	0	0	0	0	0	0	0	0	0	0	0	0	0	0	0	0	0	500	500	0	0	0	0	0	0	0	0	0	0	0	0	0	0	0	0	0	0	0	0	0	0	0	0	0	0	0	0	0	0	0	0	0	0	0	0	0	0	0	0	0	0	0	0	0	0	0	0	0	0	0	0	
0	0	0	0	0	0	0	0	0	0	0	0	0	0	0	0	0	0	0	0	0	0	0	0	0	0	0	0	0	0	0	0	0	0	0	0	0	0	0	0	0	0	0	0	500	500	0	0	0	0	0	0	0	0	0	0	0	0	0	0	0	0	0	0	0	0	0	0	0	0	0	0	0	0	0	0	0	0	0	0	
0	0	0	0	0	0	0	0	0	0	0	0	0	500	0	0	0	0	0	0	0	0	0	0	0	0	0	0	0	0	0	0	0	0	0	0	0	0	0	0	0	0	0	0	0	0	0	0	0	0	0	0	0	0	0	0	0	0	500	0	0	0	0	0	0	0	0	0	0	0	0	0	0	0	0	0	0	0	0	0	
0	0	0	0	0	0	0	0	0	0	0	0	0	0	0	0	0	0	0	0	0	0	0	500	0	500	0	0	0	0	0	0	0	0	0	0	0	0	0	0	0	0	0	0	0	0	0	0	0	0	0	0	0	0	0	0	0	0	0	0	0	0	0	0	0	0	0	0	0	0	0	0	0	0	0	0	0	0	0	0	
0	0	0	0	0	0	0	0	0	0	0	0	0	0	0	0	0	0	0	0	0	0	0	0	0	0	0	0	0	0	0	0	0	0	0	0	0	0	0	0	0	0	0	0	0	0	0	0	0	0	0	0	0	0	0	0	500	500	0	0	0	0	0	0	0	0	0	0	0	0	0	0	0	0	0	0	0	0	0	0	
0	0	0	0	0	0	0	0	0	0	0	0	0	0	0	0	0	0	0	0	0	0	0	0	0	0	0	0	0	0	0	0	500	0	0	0	0	0	0	0	0	0	0	0	0	0	0	0	0	0	0	0	0	0	0	0	0	0	0	0	0	0	500	0	0	0	0	0	0	0	0	0	0	0	0	0	0	0	0	0	
0	0	0	0	0	0	0	0	0	0	0	0	0	0	0	0	0	0	0	0	0	0	0	500	0	0	0	0	0	0	0	0	0	0	0	0	0	0	0	0	0	0	0	0	0	0	0	0	0	0	0	0	0	0	0	0	0	0	0	0	0	500	0	0	0	0	0	0	0	0	0	0	0	0	0	0	0	0	0	0	
0	0	0	0	0	0	0	0	0	0	0	0	0	0	0	0	0	0	0	0	0	0	0	0	0	0	0	0	500	0	0	0	0	0	0	0	0	0	0	0	0	0	0	0	0	0	0	0	0	0	0	0	0	0	0	500	0	0	0	0	0	0	0	0	0	0	0	0	0	0	0	0	0	0	0	0	0	0	0	0	
0	0	0	0	0	0	0	0	0	0	0	0	0	0	0	500	0	0	0	0	0	500	0	0	0	0	0	0	0	0	0	0	0	0	0	0	0	0	0	0	0	0	0	0	0	0	0	0	0	0	0	0	0	0	0	0	0	0	0	0	0	0	0	0	0	0	0	0	0	0	0	0	0	0	0	0	0	0	0	0	
0	0	0	0	0	0	0	0	0	0	0	0	0	0	0	0	0	0	0	0	0	0	0	0	0	0	0	0	0	0	0	0	0	0	0	0	0	0	0	0	0	0	0	0	0	0	500	0	0	0	0	0	0	0	0	0	0	0	0	0	0	0	500	0	0	0	0	0	0	0	0	0	0	0	0	0	0	0	0	0	
0	0	0	0	0	0	0	0	0	0	0	500	0	0	0	0	0	0	500	0	0	0	0	0	0	0	0	0	0	0	0	0	0	0	0	0	0	0	0	0	0	0	0	0	0	0	0	0	0	0	0	0	0	0	0	0	0	0	0	0	0	0	0	0	0	0	0	0	0	0	0	0	0	0	0	0	0	0	0	0	
0	0	0	0	0	0	0	0	0	0	500	0	0	0	0	0	0	0	0	0	0	0	0	0	0	0	0	0	0	0	0	0	0	0	0	0	0	0	0	0	0	0	500	0	0	0	0	0	0	0	0	0	0	0	0	0	0	0	0	0	0	0	0	0	0	0	0	0	0	0	0	0	0	0	0	0	0	0	0	0	
0	0	500	0	0	0	0	0	0	0	0	0	0	0	0	0	0	0	0	0	0	0	500	0	0	0	0	0	0	0	0	0	0	0	0	0	0	0	0	0	0	0	0	0	0	0	0	0	0	0	0	0	0	0	0	0	0	0	0	0	0	0	0	0	0	0	0	0	0	0	0	0	0	0	0	0	0	0	0	0	
0	0	0	500	0	0	0	0	0	0	0	0	0	0	0	0	0	0	0	0	0	0	0	0	0	0	0	0	0	0	0	0	0	0	0	0	0	0	0	0	0	0	0	0	0	0	500	0	0	0	0	0	0	0	0	0	0	0	0	0	0	0	0	0	0	0	0	0	0	0	0	0	0	0	0	0	0	0	0	0	
0	0	0	0	0	0	0	0	0	0	0	0	0	0	0	0	0	0	0	0	0	0	0	0	0	0	0	0	0	0	0	0	0	0	0	0	0	0	0	0	0	0	0	0	0	0	0	0	0	0	0	500	0	0	0	0	500	0	0	0	0	0	0	0	0	0	0	0	0	0	0	0	0	0	0	0	0	0	0	0	
0	0	0	0	0	0	0	500	0	500	0	0	0	0	0	0	0	0	0	0	0	0	0	0	0	0	0	0	0	0	0	0	0	0	0	0	0	0	0	0	0	0	0	0	0	0	0	0	0	0	0	0	0	0	0	0	0	0	0	0	0	0	0	0	0	0	0	0	0	0	0	0	0	0	0	0	0	0	0	0	
63	63	4	37	41	78	14	31	58	47	54	9	32	77	25	31	24	38	20	46	30	6	53	51	31	76	39	28	73	3	8	69	41	73	21	43	43	11	75	28	28	21	8	35	11	22	39	79	50	73	6	29	0	43	66	8	2	27	25	63	68	68	22	46	20	36	7	51	78	8	42	57	0	45	26	15	54	79	21	33	78	28	73	29	20	65	49	78	22	43	28	19	0	7	53	72	32	17	26	47	65	44	63	30	53	45	35	55	35	13	62	36	4	4	73	28	2	60	28	58	6	78	34	70	24	35	19	57	17	35	7	45	11	24	41	25	63	26	0	24	52	68	54	2	22	45	53	16	43	62	31	55	44	44	48	67	52	74	55	1	77	60	75	70	61	57	0	55	8	5	43	58	68	20	65	35	54	60	72	72	34	63	6	10	65	11	32	58	3	47	45	26	7	45	78	29	0	68	3	2	30	72	61	43	33	7	78	57	60	68	55	77	63	47	25	24	43	41	4	58	33	36	57	38	51	48	42	27	32	47	24	59	42	16	19	22	35	39	61	79	26	50	22	5	34	52	0	11	58	13	28	48	5	62	42	54	19	41	44	78	5	14	50	56	44	78	58	32	79	50	65	8	57	14	65	15	26	63	8	34	65	66	33	61	41	20	59	62	64	34	35	17	51	58	68	67	30	7	61	34	32	7	10	43	68	23	24	58	55	69	53	61	72	44	29	16	50	26	29	65	67	29	34	60	24	32	10	79	78	1	65	22	17	78	20	63	0	66	0	70	69	76	3	9	16	71	25	68	45	49	47	53	40	40	19	56	15	55	0	43	79	45	5	42	20	21	63	3	44	46	73	51	20	67	66	6	9	67	38	9	24	38	61	59	6	55	14	2	8	70	40	2	55	26	67	21	61	29	26	51	51	41	6	6	66	21	46	70	41	70	69	22	0	22	12	40	28	35	58	65	66	65	68	5	6	37	48	26	15	52	51	69	16	68	16	58	47	56	30	47	34	39	18	9	44	69	64	76	50	23	29	78	11	18	14	68	59	27	42	66	55	23	3	14	67	12	0	28	53	45	21	50	19	33	72	21	32	44	68	48	1	34	62	18	21	53	51	2	11	37	36	47	22	36	17	60	23	34	45	24	46	33	39	54	60	2	33	54	66	53	44	40	18	76	25	31	60	23	73	27	1	8	12	45	19	47	68	6	2	62	2	24	31	38	23	2	76	55	4	38	57	67	10	54	23	42	41	49	40	30	35	26	44	64	57	48	4	16	28	38	34	63	13	28	70	64	12	51	33	49	76	48	79	11	46	35	2	18	26	56	6	74	45	79	73	66	70	35	38	70	15	51	75	20	72	74	70	23	27	53	50	78	40	67	14	22	58	47	53	26	62	55	38	41	2	24	44	15	66	78	38	73	76	71	31	21	76	49	6	79	64	6	70	52	53	22	30	49	23	60	73	68	3	22	54	72	7	33	49	29	48	58	70	45	10	29	20	55	50	25	54	0	13	51	25	76	33	11	32	55	36	60	27	62	22	58	66	18	67	24	15	54	1	57	7	66	21	20	32	72	19	76	29	47	65	7	5	44	67	26	60	3	64	42	39	41	75	44	43	36	41	53	61	72	48	41	34	42	69	63	0	32	28	42	42	78	12	16	55	42	39	7	27	8	37	2	43	45	57	39	44	63	56	74	68	18	25	34	38	76	78	3	9	32	47	65	64	38	63	3	66	65	68	28	35	70	35	18	24	74	48	10	12	41	27	4	2	17	2	75	63	47	64	79	51	2	38	33	31	28	21	35	37	45	63	37	22	24	51	8	66	12	52	78	27	44	17	23	34	7	29	20	7	62	56	23	60	20	67	48	33	57	78	16	56	77	44	57	49	66	61	23	1	8	24	29	43	2	64	53	0	48	40	11	25	69	26	56	13	13	25	3	16	15	15	2	15	2	49	17	45	51	14	75	38	69	41	16	65	43	56	58	24	70	36	69	19	0	64	54	29	39	57	40	70	57	38	65	59	15	14	75	19	15	67	27	62	67	14	15	20	76	78	16	14	78	69	57	54	10	20	14	39	54	47	55	64	75	52	74	66	28	14	61	17	10	56	77	68	67	29	59	76	26	64	57	21	25	57	50	17	2	13	3	46	78	5	41	49	57	26	57	32	14	50	67	57	20	51	32	44	63	23	57	48	47	3	21	77	7	53	78	45	22	75	56	2	33	18	57	78	63	19	59	28	29	78	13	40	63	54	25	65	0	43	35	11	14	5	32	13	25	30	68	7	26	43	41	20	4	28	64	55	33	21	67	19	48	30	46	47	39	5	36	51	27	70	28	0	25	58	51	39	55	17	73	38	65	41	43	48	6	68	78	24	58	53	57	9	46	32	63	79	22	40	0	8	74	18	63	27	75	33	22	70	48	51	20	78	37	9	35	11	11	16	44	32	32	26	63	19	70	4	26	58	65	6	38	62	58	13	16	29	67	73	4	46	3	23	47	36	46	51	44	61	66	11	58	26	66	26	78	0	25	79	33	22	20	14	65	13	47	60	18	22	30	48	72	3	31	39	35	10	5	35	56	59	8	24	75	65	60	73	49	10	67	32	19	43	61	11	3	76	63	51	45	40	50	77	5	7	52	43	52	7	2	3	66	42	29	40	73	4	38	39	18	68	19	17	64	24	40	57	20	78	48	62	44	73	54	32	23	15	57	46	61	47	40	21	47	36	53	78	40	46	49	62	12	67	30	76	68	25	30	28	1	43	21	74	70	12	75	38	2	47	62	29	26	29	45	63	71	49	32	43	46	19	47	7	46	74	61	8	60	52	39	79	26	48	7	18	58	58	33	31	24	6	63	18	59	23	72	43	59	57	57	15	41	66	69	47	77	12	64	59	31	25	41	42	70	44	49	19	2	31	79	46	16	61	23	68	20	18	19	53	13	64	29	46	12	23	52	64	50	32	51	41	68	7	73	77	6	3	20	24	35	56	28	34	72	46	70	3	51	36	36	79	64	58	7	20	13	49	9	67	9	64	51	74	28	58	44	23	25	7	73	5	47	15	39	73	33	11	64	48	27	45	13	42	9	66	69	36	17	66	18	35	3	63	0	73	43	41	78	68	11	36	37	32	21	44	20	41	29	68	75	73	22	75	3	75	51	53	5	25	75	29	29	25	4	57	68	12	19	74	15	51	49	44	24	12	27	74	70	35	21	10	68	56	42	41	28	28	65	43	35	41	60	47	74	29	61	52	44	10	56	74	71	29	31	58	70	38	53	61	63	44	38	66	65	31	47	21	0	71	46	70	79	41	77	19	62	28	41	56	71	2	3	70	60	15	35	8	56	31	74	15	28	79	20	34	3	21	7	70	47	17	13	24	71	19	79	9	47	10	64	72	38	40	39	17	78	66	62	70	34	10	75	50	52	13	23	45	32	40	79	18	70	77	54	32	26	22	30	68	78	1	77	10	65	78	0	22	1	79	73	6	75	76	49	6	12	8	69	49	75	26	66	2	65	33	53	38	78	8	67	72	60	24	71	0	54	15	71	21	73	15	68	8	69	48	61	7	44	7	40	72	7	51	47	
37	73	47	52	0	24	2	58	53	52	75	34	44	71	51	54	31	41	3	62	22	20	36	3	75	17	30	78	54	41	28	8	64	36	54	27	19	44	36	62	56	58	17	44	23	6	4	46	73	59	56	27	56	31	36	45	76	46	35	30	47	15	76	70	25	28	41	78	36	46	51	16	8	77	68	67	62	67	19	66	16	57	74	37	55	7	34	37	10	72	4	12	37	34	73	49	47	74	31	75	30	17	74	46	55	22	27	2	48	15	23	30	64	2	67	36	42	34	4	59	52	4	31	39	66	63	74	62	58	7	9	4	1	64	0	78	59	65	54	18	30	61	31	68	30	10	65	57	49	37	8	65	60	66	2	30	9	15	22	4	17	78	54	4	69	31	18	47	38	68	28	53	21	13	37	24	36	59	29	74	57	20	7	39	1	58	22	42	35	24	61	58	12	58	74	37	8	29	25	23	53	46	24	62	48	58	34	54	38	29	6	61	35	22	33	47	6	1	46	42	10	59	28	26	12	1	71	13	59	0	76	48	50	69	73	62	79	77	73	39	79	5	27	22	14	26	44	40	43	9	71	27	65	79	75	11	46	9	36	6	62	68	0	57	16	37	62	45	65	58	78	60	32	39	51	32	56	53	53	18	34	44	45	58	39	7	52	66	31	62	36	34	68	73	21	35	15	3	64	15	8	19	30	30	9	4	40	42	27	77	24	76	55	9	53	43	53	15	74	34	47	73	16	10	14	16	78	75	58	14	47	31	45	58	74	78	64	78	58	33	11	67	71	50	56	50	75	41	0	20	61	16	12	18	56	15	20	52	20	32	66	69	26	75	31	13	52	26	3	21	57	21	24	37	4	53	7	40	61	36	78	17	49	29	47	25	16	29	17	73	3	32	43	24	16	12	64	74	59	54	6	69	26	34	2	60	33	48	9	48	7	66	75	57	50	63	79	62	71	24	21	16	7	46	63	47	50	66	12	60	75	21	64	41	49	9	25	39	70	45	42	38	11	67	3	8	33	45	38	14	56	43	18	40	66	61	43	55	65	54	31	30	52	38	33	75	12	14	17	34	44	15	48	34	4	42	24	2	79	51	30	62	51	67	62	37	22	27	20	34	38	73	61	20	48	26	22	7	0	27	60	40	51	8	45	37	39	47	4	58	24	13	15	68	68	14	27	48	72	33	5	12	48	49	58	36	25	28	55	69	1	79	41	12	21	6	61	7	1	15	33	2	18	39	16	26	54	27	72	61	42	39	70	39	26	10	72	5	68	63	57	36	68	68	39	65	24	69	31	42	40	11	66	31	12	50	25	1	17	13	45	12	79	55	72	74	63	55	65	19	11	70	66	16	60	79	20	26	42	73	64	74	78	46	79	26	2	55	10	66	78	60	26	75	12	55	23	30	20	32	60	68	79	2	33	71	55	36	78	31	53	48	14	69	17	14	41	50	68	72	55	31	56	71	3	70	22	20	4	31	5	71	4	67	1	58	13	11	16	6	57	10	63	39	12	23	41	39	69	17	12	16	54	75	42	43	13	31	54	26	49	16	15	76	67	77	39	21	53	56	31	3	56	66	9	57	45	76	20	7	67	7	67	78	14	20	37	48	45	51	29	13	66	54	11	39	13	62	16	62	64	28	61	35	27	1	67	39	16	13	51	60	31	66	30	50	58	1	5	59	34	75	57	6	71	65	76	70	43	20	45	76	15	4	63	56	19	52	2	11	56	19	70	22	0	3	78	43	60	36	58	65	1	23	66	44	29	64	19	50	70	10	79	0	40	19	51	4	33	40	59	25	61	5	53	45	73	7	30	29	18	28	19	38	53	65	64	6	48	66	68	40	15	61	58	26	31	46	32	73	14	18	50	67	24	40	79	51	42	10	66	25	34	55	45	10	42	12	2	23	23	19	56	70	17	36	42	44	68	20	7	75	60	3	20	76	73	26	44	46	70	66	34	4	31	52	1	9	60	41	33	60	66	75	68	5	49	29	36	58	64	67	46	47	58	59	27	55	48	22	68	30	48	70	57	39	17	50	40	46	47	33	75	75	69	77	58	52	29	17	11	9	30	23	11	5	41	27	3	54	34	58	47	47	6	34	68	53	53	21	70	17	24	76	65	79	25	27	61	57	31	4	8	79	78	59	70	77	26	54	73	35	41	64	27	68	2	79	70	47	63	1	13	59	36	16	77	31	39	53	22	62	30	38	12	0	48	9	71	38	79	68	63	49	12	70	12	41	63	56	14	45	24	64	21	57	55	65	68	41	34	67	64	63	59	76	39	66	43	73	51	32	6	35	19	23	37	51	56	39	46	29	72	11	63	21	3	40	58	64	36	50	72	43	25	63	44	37	42	41	50	27	37	23	70	61	9	40	59	42	12	41	60	57	66	53	73	28	59	33	18	67	51	32	44	25	33	77	17	46	77	71	9	54	75	0	53	70	37	35	13	8	48	46	24	29	65	54	28	48	10	13	43	40	30	67	10	0	41	10	75	70	24	5	23	67	77	15	22	30	63	72	11	44	32	9	74	40	6	17	10	51	10	10	15	10	55	4	2	53	7	77	2	77	13	62	73	33	23	29	38	70	42	25	41	68	44	45	51	18	21	58	6	23	42	30	9	57	12	61	63	3	28	62	11	67	11	71	58	59	30	39	13	7	43	59	32	71	9	15	21	79	10	46	56	79	41	65	37	60	14	4	40	1	36	52	23	75	52	22	40	48	13	20	52	73	58	21	44	64	20	4	22	79	57	36	27	24	43	25	62	24	67	44	22	9	40	28	26	61	26	1	51	28	67	8	52	46	53	63	56	57	17	76	57	34	8	51	9	76	65	36	11	59	71	41	41	20	32	71	51	58	44	21	33	68	61	65	34	64	48	54	22	63	10	51	19	51	35	6	31	67	29	1	20	47	21	52	52	45	48	68	35	65	54	62	52	48	11	59	43	72	10	25	37	20	61	73	33	39	37	34	60	22	3	62	2	78	18	10	65	55	42	68	43	74	8	5	51	57	71	2	61	52	44	79	22	5	29	72	45	70	9	5	48	78	47	61	4	33	29	59	55	53	15	66	63	33	65	7	35	55	73	10	52	37	39	33	7	20	54	72	20	37	29	56	51	46	6	71	31	61	43	46	44	4	76	5	67	47	5	50	45	52	24	76	42	39	8	37	2	51	69	29	76	22	54	15	37	62	19	68	22	74	14	70	26	71	5	39	37	3	14	27	34	19	18	9	51	79	58	5	12	72	22	76	47	18	28	36	17	15	43	56	57	7	49	51	58	70	33	9	18	63	34	40	2	34	31	57	13	58	35	58	35	37	57	20	52	42	71	56	18	2	70	73	24	71	22	16	0	10	1	57	0	21	60	4	12	29	22	35	69	11	54	34	56	71	0	42	9	57	48	51	55	61	61	65	13	24	10	54	74	52	35	36	76	39	11	46	66	11	20	32	20	3	25	29	17	11	73	14	0	34	13	46	20	62	78	50	36	35	38	57	21	76	55	1	35	31	2	41	78	27	0	62	77	72	76	33	24	6	26	61	54	21	71	53	46	7	16	57	52	73	37	65	39	40	37	5	
4	13	4	6	19	19	17	13	16	17	13	10	8	12	13	15	9	16	10	16	2	14	20	18	20	5	10	14	7	16	11	5	4	4	9	4	17	3	2	5	18	10	13	15	20	14	20	5	5	3	8	3	13	15	1	2	9	2	14	15	11	10	15	3	12	8	16	8	20	12	19	13	8	20	13	17	13	9	4	16	5	15	19	3	20	20	15	7	16	1	19	1	9	6	11	15	17	13	9	7	18	3	17	10	3	3	20	3	9	5	8	14	19	14	5	5	15	3	8	9	2	13	6	18	8	18	9	17	12	13	17	1	17	20	12	12	17	5	14	2	17	7	4	14	18	1	4	17	4	19	3	14	18	19	17	4	4	19	11	1	8	14	5	20	19	12	20	17	13	15	8	1	19	20	8	14	20	15	16	15	2	10	10	8	5	11	3	19	6	11	6	9	11	19	10	12	12	15	15	12	2	1	18	2	3	5	3	15	4	13	17	17	5	10	3	7	11	9	16	20	12	18	7	16	12	3	19	13	13	5	7	14	7	13	9	18	20	19	15	1	8	9	16	20	1	7	14	8	15	12	14	11	3	19	17	4	11	13	8	14	11	13	8	1	9	2	16	2	6	12	6	17	11	1	4	7	11	17	3	1	10	19	12	13	6	10	16	7	8	1	8	9	16	10	6	3	16	6	1	2	20	6	16	20	14	3	11	17	3	10	7	15	16	4	13	14	13	1	14	15	20	12	12	4	9	12	2	9	14	15	3	11	20	18	7	12	7	10	11	9	13	8	20	17	14	9	7	11	5	18	6	20	4	7	4	4	11	15	4	4	9	17	6	2	4	19	7	10	16	10	8	9	11	11	10	17	6	7	2	10	1	9	8	6	3	2	17	12	15	18	9	1	8	9	8	18	4	16	9	8	3	13	9	20	13	7	2	2	4	9	13	8	1	3	12	13	13	2	15	9	4	14	17	16	4	4	11	11	14	20	8	8	10	13	19	12	6	7	16	7	20	7	16	11	6	1	9	12	16	20	19	20	13	16	15	11	11	6	6	15	7	11	10	20	14	16	3	8	20	10	6	7	8	18	17	19	1	14	9	14	18	7	6	8	5	12	12	15	17	3	1	12	13	18	13	6	7	12	5	7	15	15	14	14	16	4	6	20	8	4	5	13	8	16	12	6	12	9	8	5	18	20	2	2	11	14	4	11	4	20	5	20	1	3	4	7	4	7	9	12	14	19	10	12	3	11	6	1	17	7	16	12	1	10	16	13	3	3	11	9	1	5	18	6	20	11	3	8	5	8	2	15	12	5	2	11	11	16	12	9	1	15	6	11	5	13	18	14	9	14	8	14	10	15	17	5	1	13	19	16	3	13	14	11	16	8	19	16	3	20	16	3	15	17	17	7	19	8	8	14	2	14	17	4	18	4	13	8	8	15	6	20	13	20	4	4	18	1	1	14	11	14	5	18	15	19	5	3	17	19	3	20	16	6	19	2	3	18	15	19	16	20	6	9	16	15	18	12	16	10	10	8	19	3	6	12	8	10	3	1	3	4	11	16	17	15	17	5	14	7	10	15	9	13	14	9	14	10	3	20	10	16	9	15	14	2	10	13	14	16	18	17	5	20	7	5	7	9	13	9	17	15	6	5	20	15	18	9	1	14	7	15	9	6	17	7	9	7	14	20	6	18	18	1	5	9	11	16	3	11	17	14	5	4	6	20	4	6	15	6	9	3	16	2	5	9	14	17	9	20	19	11	14	10	8	3	14	9	15	1	17	12	12	7	4	11	2	9	12	2	18	17	5	9	16	19	2	18	14	18	7	3	20	5	4	2	7	1	20	15	13	13	14	19	18	12	1	8	16	8	4	1	4	9	14	5	17	18	2	12	6	7	3	16	10	13	12	4	3	8	2	6	16	1	4	11	10	4	7	11	9	13	11	3	15	10	15	1	11	11	12	2	3	4	13	13	16	14	8	16	6	10	9	1	8	12	7	14	8	6	12	5	8	4	4	15	6	2	5	7	15	6	13	15	8	9	2	10	14	15	15	15	6	13	9	5	10	9	16	15	8	16	14	2	14	2	12	3	9	15	4	8	12	3	13	3	5	9	16	13	1	9	14	2	11	13	13	13	3	8	13	5	10	9	13	7	2	4	7	16	11	7	3	10	2	7	12	3	1	12	12	9	5	14	12	9	12	4	10	11	9	14	4	2	10	16	8	1	13	10	8	2	6	16	4	9	2	12	6	3	4	10	12	7	14	4	13	16	2	15	13	14	4	12	13	4	14	13	4	2	12	14	16	9	1	3	8	13	4	4	16	3	2	3	1	10	16	15	2	2	1	11	12	9	1	9	6	3	8	3	9	10	12	4	6	4	16	9	5	15	5	3	2	14	13	13	9	3	9	12	12	15	11	2	12	13	8	12	6	16	14	14	1	9	1	3	6	7	3	8	8	15	11	2	7	4	16	11	14	14	4	14	11	4	12	6	12	5	3	9	4	7	7	12	15	8	11	11	11	15	3	15	7	10	14	9	8	1	12	2	8	16	9	1	15	3	3	3	5	5	7	16	13	16	2	5	9	16	15	4	3	12	1	11	7	7	14	16	13	2	6	15	11	8	7	16	16	2	16	7	15	13	8	1	10	12	10	5	1	15	13	2	2	3	14	14	8	3	9	9	6	9	10	14	5	10	14	10	4	2	16	5	9	12	3	14	6	4	12	4	12	13	16	3	4	4	4	11	4	5	2	3	14	11	15	14	15	2	11	8	3	6	8	7	12	11	14	15	14	14	6	11	11	2	12	7	13	15	11	3	14	13	3	15	16	6	1	1	16	16	2	11	13	16	7	8	12	14	8	12	2	16	1	12	1	7	2	2	4	1	13	3	8	14	9	9	6	5	4	6	11	2	5	3	3	13	13	8	2	3	12	13	7	12	13	9	10	12	8	4	6	8	1	10	3	1	3	8	3	9	5	2	12	2	3	15	16	13	4	12	14	15	10	6	5	4	3	16	16	13	14	10	12	3	9	6	12	15	4	13	11	6	14	14	11	6	1	6	8	12	9	13	10	9	15	14	10	7	4	10	9	5	16	7	6	1	3	11	5	11	8	1	2	5	9	2	13	10	10	1	16	11	16	15	4	6	2	4	9	15	6	12	16	3	8	3	4	5	5	15	16	4	16	13	3	9	7	1	7	7	2	9	12	13	8	13	15	10	11	7	9	11	6	4	2	11	9	10	14	2	5	7	11	1	11	9	1	6	3	13	7	10	14	13	10	2	16	6	12	1	6	13	5	9	12	7	10	3	11	6	16	15	5	14	12	8	3	10	1	3	4	11	8	6	9	8	14	8	14	13	11	12	14	10	9	3	5	4	5	6	1	12	4	1	8	4	14	9	12	6	9	16	3	1	16	4	15	9	1	16	6	13	5	9	7	3	6	4	15	16	1	15	12	3	7	4	14	4	12	3	15	7	1	11	1	11	7	12	4	10	14	6	7	13	16	14	15	14	9	14	9	11	11	5	2	16	1	8	4	2	3	12	12	1	14	8	7	9	2	16	12	8	2	7	12	8	11	9	5	2	
910	370	340	160	660	150	120	360	180	820	680	730	230	320	620	150	110	500	330	260	600	330	140	390	720	390	950	490	140	620	240	980	590	950	640	420	370	720	170	270	160	960	420	310	110	430	210	430	450	350	900	530	240	730	920	930	610	290	670	940	180	100	310	980	940	990	820	610	410	810	310	540	280	510	480	580	650	940	240	860	350	580	200	530	140	460	750	770	370	350	530	130	800	560	700	950	660	270	410	550	630	530	310	870	300	340	260	290	420	450	780	600	240	430	960	170	640	850	170	140	520	450	690	850	480	820	590	810	960	900	260	580	370	700	170	550	670	920	170	520	880	920	530	950	910	690	920	160	220	580	500	410	740	210	420	790	140	830	860	190	640	810	510	460	980	620	910	270	200	740	740	960	680	330	740	810	550	300	440	870	330	570	560	680	540	150	310	780	880	700	970	850	400	780	730	550	530	320	540	380	100	660	360	180	380	490	950	930	310	570	450	180	870	780	520	150	890	520	920	490	520	890	480	240	300	820	750	430	160	850	500	240	680	290	250	250	840	830	460	990	900	450	740	530	850	390	490	900	880	580	180	430	820	1000	930	530	790	180	380	910	490	940	560	500	110	470	320	720	470	870	250	450	150	370	930	800	810	500	590	200	260	500	220	910	340	600	130	910	920	520	830	480	400	310	110	240	800	540	380	320	900	910	650	1000	900	930	950	390	800	150	610	530	350	600	690	130	520	590	700	110	500	320	320	920	550	590	150	340	1000	450	210	580	750	410	280	280	980	310	710	180	150	590	670	810	540	690	670	860	860	990	350	600	170	600	250	420	780	710	240	210	320	270	340	290	570	120	730	500	100	900	640	680	220	650	550	580	630	600	890	890	980	610	410	810	640	350	680	530	800	100	260	590	330	840	950	980	930	990	480	480	190	940	600	610	960	690	220	970	690	170	920	610	750	110	100	260	130	520	600	490	450	100	300	400	980	390	530	350	270	200	440	520	860	930	140	490	750	530	980	230	320	550	1000	340	730	760	1000	880	210	940	280	580	230	750	360	500	500	100	960	330	410	480	450	160	850	860	760	650	770	200	720	210	800	110	160	230	290	980	350	780	960	380	100	640	150	200	720	590	360	890	780	660	550	350	930	320	560	690	230	240	620	570	490	680	760	390	180	660	880	370	670	220	450	890	760	910	470	270	380	110	950	580	580	100	480	220	610	110	320	990	160	410	490	220	620	110	560	820	310	480	140	760	150	340	120	130	350	150	380	550	660	380	470	920	640	350	500	250	350	690	520	150	800	530	1000	160	560	320	380	100	830	530	670	470	540	370	540	1000	720	820	700	820	690	110	170	670	720	100	420	700	360	120	270	910	520	230	210	680	580	390	720	410	340	740	1000	620	790	430	450	160	560	130	980	690	550	100	760	380	180	190	510	300	890	1000	950	610	1000	920	970	880	890	610	870	670	490	680	340	530	880	310	490	380	980	160	670	230	720	600	930	150	530	880	320	320	150	560	690	330	830	160	850	890	870	390	930	430	340	780	460	440	310	1000	400	950	370	760	160	480	890	960	840	190	420	790	470	160	900	190	420	420	970	770	430	540	760	230	280	350	640	610	620	620	920	940	210	860	190	170	740	420	390	630	190	220	290	770	930	270	110	620	240	860	460	920	530	660	470	440	810	460	930	430	850	490	230	1000	680	930	780	210	950	750	950	560	600	600	660	610	640	800	120	420	920	800	950	980	360	310	770	250	880	330	200	400	570	930	620	750	390	920	940	510	340	800	870	560	850	260	920	810	580	720	580	190	670	970	970	540	190	590	380	720	110	560	840	980	280	910	430	600	810	1000	370	270	600	380	310	470	380	760	480	410	990	120	550	900	250	510	560	830	600	310	230	340	960	170	340	460	770	600	390	570	750	700	620	630	490	220	550	780	730	510	950	560	930	310	860	230	290	250	640	260	120	830	800	240	710	200	720	610	420	780	580	550	440	860	290	800	320	1000	500	270	260	670	780	580	460	770	610	550	190	210	660	690	950	700	970	100	600	920	230	480	580	580	750	150	540	560	470	500	860	200	960	940	200	860	290	580	760	910	740	580	270	900	420	460	980	940	320	700	240	120	860	360	500	270	240	510	980	110	200	240	300	270	190	500	900	690	480	250	290	710	750	850	960	340	880	900	360	760	820	400	400	470	440	710	520	340	550	930	790	940	280	380	970	970	420	190	940	710	250	700	530	630	350	710	190	290	110	660	800	460	570	810	590	450	630	310	480	930	330	470	340	110	980	520	440	880	140	320	850	410	690	350	820	860	110	700	400	290	930	270	380	890	840	550	480	620	550	140	700	810	210	180	980	870	650	800	100	450	950	510	370	140	130	140	360	340	250	890	240	380	210	400	990	440	390	430	920	840	190	430	610	690	910	700	930	770	450	600	350	150	710	300	410	300	190	630	750	170	850	300	240	310	370	440	250	360	820	360	620	800	700	150	680	860	110	260	770	940	900	210	690	130	120	210	130	640	450	160	670	250	130	230	640	870	450	430	370	410	910	580	520	150	290	690	400	640	170	130	860	110	370	580	710	500	700	440	840	100	410	100	1000	450	940	350	630	860	350	140	350	900	940	660	440	220	810	910	700	700	800	210	370	180	390	720	320	900	290	530	820	140	860	100	710	880	830	470	590	870	870	460	360	780	820	990	100	880	360	330	640	240	830	540	100	440	510	880	260	760	590	950	110	330	810	400	490	700	690	450	600	850	960	560	310	870	360	580	100	490	740	660	600	470	530	600	520	110	900	380	150	270	980	200	610	710	890	250	850	120	970	310	890	960	380	490	350	680	390	430	830	880	790	730	840	570	340	690	130	780	850	960	860	580	760	660	620	570	910	620	980	470	200	220	950	970	340	110	900	550	380	230	260	450	210	250	630	280	220	710	620	620	620	900	500	600	230	310	890	860	480	200	220	640	150	160	400	660	920	620	670	320	220	890	270	650	620	1000	410	820	580	140	280	990	330	810	980	310	1000	910	310	960	980	720	460	290	540	880	370	790	540	590	180	790	870	440	870	390	880	670	260	130	350	940	790	880	630	690	580	240	400	820	580	170	710	970	520	470	710	470	170	580	140	370	140	580	870	300	530	730	770	820	770	400	910	390	730	690	980	720	560	580	320	390	370	260	850	580	540	330	710	230	730	530	860	780	590	700	100	890	970	900	540	780	470	500	540	160	710	970	910	710	320	110	700	180	830	1000	810	180	280	120	840	670	700	770	250	550	380	930	920	410	740	380	700	390	710	780	390	430	860	150	570	160	590	760	730	540	260	740	880	340	560	450	580	290	950	940	220	940	820	740	710	290	1000	490	140	600	530	950	150	270	630	770	670	810	1000	800	500	1000	810	420	500	570	320	290	790	270	390	150	860	730	290	220	430	740	990	600	630	380	240	340	680	550	990	560	710	880	360	380	650	580	790	990	330	500	810	740	120	750	500	810	860	870	940	160	700	870	490	190	630	730	480	710	140	620	220	330	700	830	470	120	740	420	870	940	640	810	990	140	620	470	560	780	300	470	420	490	130	690	780	320	230	930	600	980	570	770	890	620	540	860	800	900	260	910	180	780	540	390	
10
