2212
80
3
70
0	0	0	0	0	0	0	0	0	0	0	0	0	0	0	0	0	0	0	0	0	0	0	0	0	0	0	48	0	0	0	0	0	0	0	0	0	0	0	0	0	0	0	0	0	0	0	0	0	48	0	0	0	0	0	0	0	0	0	0	48	0	0	0	0	0	0	0	0	0	0	0	0	0	0	0	0	0	0	0	
0	0	0	0	0	0	0	0	48	0	0	0	0	0	0	0	48	0	0	48	0	0	0	0	0	0	0	0	0	0	0	0	0	0	0	0	0	0	0	0	0	0	0	0	0	0	0	0	0	0	0	0	0	0	0	0	0	0	0	0	0	0	0	0	0	0	0	0	0	0	0	0	0	0	0	0	0	0	0	0	
0	0	0	0	0	0	0	0	0	0	0	0	0	0	0	0	0	0	0	0	0	0	0	48	0	0	0	0	0	0	0	0	0	0	0	0	0	0	0	0	0	0	0	0	0	0	0	0	0	0	0	0	48	0	0	0	0	0	0	0	0	0	0	0	0	0	0	0	0	0	0	0	0	0	0	0	48	0	0	0	
0	0	0	0	0	0	0	0	0	0	0	0	0	0	0	0	0	0	0	0	48	0	0	0	0	0	0	0	0	0	0	0	0	0	48	0	0	0	0	0	0	0	0	0	0	0	0	0	0	0	0	0	0	0	0	0	0	0	0	0	0	0	0	0	0	0	0	0	0	0	0	0	0	0	0	0	0	48	0	0	
0	0	0	0	0	0	0	0	0	0	0	0	0	0	0	0	0	48	0	0	0	0	0	0	0	0	0	0	0	0	0	0	0	48	0	0	0	0	48	0	0	0	0	0	0	0	0	0	0	0	0	0	0	0	0	0	0	0	0	0	0	0	0	0	0	0	0	0	0	0	0	0	0	0	0	0	0	0	0	0	
0	0	0	0	0	0	0	0	0	0	0	0	0	0	0	0	0	0	0	0	0	0	0	0	0	0	48	0	0	0	0	0	0	0	0	0	48	0	0	0	0	0	0	0	0	0	0	0	0	0	0	0	0	48	0	0	0	0	0	0	0	0	0	0	0	0	0	0	0	0	0	0	0	0	0	0	0	0	0	0	
0	0	0	0	0	0	0	0	0	0	0	0	0	0	0	0	0	0	0	0	0	0	0	0	0	0	0	0	0	0	0	0	0	0	0	0	0	0	48	0	48	0	0	48	0	0	0	0	0	0	0	0	0	0	0	0	0	0	0	0	0	0	0	0	0	0	0	0	0	0	0	0	0	0	0	0	0	0	0	0	
0	0	0	0	0	0	0	0	0	0	0	0	0	0	0	0	0	0	0	0	0	0	0	0	0	0	0	0	0	0	0	0	0	0	0	0	0	48	0	0	0	0	0	0	0	0	0	0	0	0	0	0	0	0	0	0	0	0	48	0	0	0	0	0	0	0	0	0	0	0	0	0	0	0	0	0	0	0	0	48	
0	48	0	0	0	0	0	0	0	0	0	0	0	0	0	0	48	0	0	0	0	0	0	0	0	0	0	0	0	0	48	0	0	0	0	0	0	0	0	0	0	0	0	0	0	0	0	0	0	0	0	0	0	0	0	0	0	0	0	0	0	0	0	0	0	0	0	0	0	0	0	0	0	0	0	0	0	0	0	0	
0	0	0	0	0	0	0	0	0	0	0	0	0	48	0	0	0	0	0	0	0	0	0	0	0	0	0	0	0	0	0	0	0	0	0	0	0	48	0	0	0	0	0	0	0	0	0	0	0	0	0	0	0	0	0	0	0	0	0	0	0	0	0	0	0	0	0	0	0	0	0	0	0	0	0	0	0	0	0	48	
0	0	0	0	0	0	0	0	0	0	0	0	0	0	0	0	0	0	0	0	0	0	0	0	0	0	0	0	0	0	48	0	0	0	0	0	0	0	0	0	0	0	0	0	0	0	0	0	0	0	0	0	0	0	48	0	0	0	0	0	0	0	0	0	0	0	0	0	0	0	0	0	0	0	0	48	0	0	0	0	
0	0	0	0	0	0	0	0	0	0	0	0	0	0	0	0	0	0	0	0	0	0	0	0	0	0	0	0	0	0	0	0	0	0	0	0	0	0	0	0	0	0	0	0	0	0	0	0	0	0	0	48	0	0	0	0	0	0	0	0	0	0	48	0	0	0	0	0	0	0	0	0	0	0	48	0	0	0	0	0	
0	0	0	0	0	0	0	0	0	0	0	0	0	0	0	0	0	0	0	0	0	0	48	0	0	0	0	0	0	0	0	0	0	0	0	0	0	0	0	0	0	0	0	0	0	0	0	0	0	0	0	0	48	0	0	0	0	0	0	0	0	0	0	0	0	0	0	0	0	0	0	0	48	0	0	0	0	0	0	0	
0	0	0	0	0	0	0	0	0	48	0	0	0	0	0	0	0	0	0	0	0	0	0	0	0	0	0	0	0	0	0	0	0	0	0	0	0	0	0	0	0	0	0	0	0	0	0	0	0	0	0	0	0	0	0	0	0	0	0	0	0	0	0	0	0	0	48	0	0	0	0	0	0	0	0	0	0	0	0	48	
0	0	0	0	0	0	0	0	0	0	0	0	0	0	0	0	0	0	0	0	0	0	0	0	0	0	48	0	0	0	0	0	0	0	0	0	0	0	0	0	0	0	0	0	0	0	0	48	0	0	48	0	0	0	0	0	0	0	0	0	0	0	0	0	0	0	0	0	0	0	0	0	0	0	0	0	0	0	0	0	
0	0	0	0	0	0	0	0	0	0	0	0	0	0	0	0	0	0	0	0	0	48	0	0	0	0	0	0	0	0	0	0	0	0	0	0	0	0	0	0	0	0	0	0	0	0	0	0	0	0	0	0	0	0	0	0	0	0	0	0	0	0	0	0	0	0	0	0	0	0	0	0	48	0	0	0	48	0	0	0	
0	48	0	0	0	0	0	0	48	0	0	0	0	0	0	0	0	0	0	0	0	0	0	0	0	0	0	0	0	0	48	0	0	0	0	0	0	0	0	0	0	0	0	0	0	0	0	0	0	0	0	0	0	0	0	0	0	0	0	0	0	0	0	0	0	0	0	0	0	0	0	0	0	0	0	0	0	0	0	0	
0	0	0	0	48	0	0	0	0	0	0	0	0	0	0	0	0	0	0	0	0	0	0	0	0	0	0	0	0	0	0	0	0	48	0	0	0	0	0	0	0	0	0	0	0	0	0	0	0	0	0	0	0	0	0	0	0	0	0	0	0	0	0	0	0	0	0	0	0	0	0	48	0	0	0	0	0	0	0	0	
0	0	0	0	0	0	0	0	0	0	0	0	0	0	0	0	0	0	0	0	0	0	0	0	0	0	0	0	0	0	0	0	0	0	0	48	0	0	0	0	0	0	0	0	0	0	0	0	0	0	0	0	0	0	0	0	0	0	0	0	48	0	0	0	0	0	0	0	0	0	0	0	0	0	48	0	0	0	0	0	
0	48	0	0	0	0	0	0	0	0	0	0	0	0	0	0	0	0	0	0	0	0	0	0	0	0	0	0	0	0	0	0	0	0	0	0	0	0	0	0	0	0	0	0	0	0	0	48	0	0	48	0	0	0	0	0	0	0	0	0	0	0	0	0	0	0	0	0	0	0	0	0	0	0	0	0	0	0	0	0	
0	0	0	48	0	0	0	0	0	0	0	0	0	0	0	0	0	0	0	0	0	0	0	0	0	0	0	0	0	0	0	48	0	0	48	0	0	0	0	0	0	0	0	0	0	0	0	0	0	0	0	0	0	0	0	0	0	0	0	0	0	0	0	0	0	0	0	0	0	0	0	0	0	0	0	0	0	0	0	0	
0	0	0	0	0	0	0	0	0	0	0	0	0	0	0	48	0	0	0	0	0	0	48	0	0	0	0	0	0	0	0	0	0	0	0	0	0	0	0	0	0	0	0	0	0	0	0	0	0	0	0	0	0	0	0	0	0	0	0	0	0	0	0	0	0	0	0	0	0	0	0	0	48	0	0	0	0	0	0	0	
0	0	0	0	0	0	0	0	0	0	0	0	48	0	0	0	0	0	0	0	0	48	0	0	0	0	0	0	0	0	0	0	0	0	0	0	0	0	0	0	0	0	0	0	0	0	0	0	0	0	0	0	48	0	0	0	0	0	0	0	0	0	0	0	0	0	0	0	0	0	0	0	0	0	0	0	0	0	0	0	
0	0	48	0	0	0	0	0	0	0	0	0	0	0	0	0	0	0	0	0	0	0	0	0	0	0	0	0	0	0	0	0	0	0	0	0	0	0	0	0	0	0	0	0	0	0	0	0	0	0	0	0	0	0	0	0	0	0	0	0	0	0	0	0	0	0	0	0	0	0	48	0	0	0	0	0	48	0	0	0	
0	0	0	0	0	0	0	0	0	0	0	0	0	0	0	0	0	0	0	0	0	0	0	0	0	0	0	48	0	0	0	0	0	0	0	48	48	0	0	0	0	0	0	0	0	0	0	0	0	0	0	0	0	0	0	0	0	0	0	0	0	0	0	0	0	0	0	0	0	0	0	0	0	0	0	0	0	0	0	0	
0	0	0	0	0	0	0	0	0	0	0	0	0	0	0	0	0	0	0	0	0	0	0	0	0	0	0	0	0	0	0	0	48	0	0	0	0	0	0	0	0	0	0	0	0	0	0	0	0	0	0	0	0	0	0	0	0	0	0	0	0	0	0	0	0	0	0	48	0	48	0	0	0	0	0	0	0	0	0	0	
0	0	0	0	0	48	0	0	0	0	0	0	0	0	48	0	0	0	0	0	0	0	0	0	0	0	0	0	0	0	0	0	0	0	0	0	0	0	0	0	0	0	0	0	0	0	0	0	0	0	0	0	0	0	0	0	0	0	0	0	0	0	0	0	48	0	0	0	0	0	0	0	0	0	0	0	0	0	0	0	
48	0	0	0	0	0	0	0	0	0	0	0	0	0	0	0	0	0	0	0	0	0	0	0	48	0	0	0	0	0	0	0	0	0	0	0	0	0	0	0	0	0	0	0	0	0	0	0	0	0	0	0	0	0	0	0	0	0	0	0	0	0	0	0	48	0	0	0	0	0	0	0	0	0	0	0	0	0	0	0	
0	0	0	0	0	0	0	0	0	0	0	0	0	0	0	0	0	0	0	0	0	0	0	0	0	0	0	0	0	0	0	0	0	0	0	0	0	0	0	0	0	0	0	0	0	0	0	0	0	0	0	0	0	0	0	48	0	0	0	0	0	0	0	48	0	0	0	0	0	0	0	48	0	0	0	0	0	0	0	0	
0	0	0	0	0	0	0	0	0	0	0	0	0	0	0	0	0	0	0	0	0	0	0	0	0	0	0	0	0	0	0	0	0	0	0	0	0	0	0	48	0	0	0	0	0	0	0	48	0	0	0	0	0	48	0	0	0	0	0	0	0	0	0	0	0	0	0	0	0	0	0	0	0	0	0	0	0	0	0	0	
0	0	0	0	0	0	0	0	48	0	48	0	0	0	0	0	48	0	0	0	0	0	0	0	0	0	0	0	0	0	0	0	0	0	0	0	0	0	0	0	0	0	0	0	0	0	0	0	0	0	0	0	0	0	0	0	0	0	0	0	0	0	0	0	0	0	0	0	0	0	0	0	0	0	0	0	0	0	0	0	
0	0	0	0	0	0	0	0	0	0	0	0	0	0	0	0	0	0	0	0	48	0	0	0	0	0	0	0	0	0	0	0	0	0	48	0	0	0	0	0	0	0	0	0	0	0	0	0	0	0	0	0	0	0	0	0	0	0	0	48	0	0	0	0	0	0	0	0	0	0	0	0	0	0	0	0	0	0	0	0	
0	0	0	0	0	0	0	0	0	0	0	0	0	0	0	0	0	0	0	0	0	0	0	0	0	48	0	0	0	0	0	0	0	0	0	0	0	0	0	0	0	0	0	0	0	0	0	0	0	0	0	0	0	0	0	0	0	0	0	0	0	0	0	0	0	0	0	48	0	48	0	0	0	0	0	0	0	0	0	0	
0	0	0	0	48	0	0	0	0	0	0	0	0	0	0	0	0	48	0	0	0	0	0	0	0	0	0	0	0	0	0	0	0	0	0	0	0	0	0	0	0	0	0	0	0	0	0	0	0	0	0	0	0	0	0	0	0	0	0	0	0	0	0	0	0	0	0	0	0	0	0	48	0	0	0	0	0	0	0	0	
0	0	0	48	0	0	0	0	0	0	0	0	0	0	0	0	0	0	0	0	48	0	0	0	0	0	0	0	0	0	0	48	0	0	0	0	0	0	0	0	0	0	0	0	0	0	0	0	0	0	0	0	0	0	0	0	0	0	0	0	0	0	0	0	0	0	0	0	0	0	0	0	0	0	0	0	0	0	0	0	
0	0	0	0	0	0	0	0	0	0	0	0	0	0	0	0	0	0	48	0	0	0	0	0	48	0	0	0	0	0	0	0	0	0	0	0	48	0	0	0	0	0	0	0	0	0	0	0	0	0	0	0	0	0	0	0	0	0	0	0	0	0	0	0	0	0	0	0	0	0	0	0	0	0	0	0	0	0	0	0	
0	0	0	0	0	48	0	0	0	0	0	0	0	0	0	0	0	0	0	0	0	0	0	0	48	0	0	0	0	0	0	0	0	0	0	48	0	0	0	0	0	0	0	0	0	0	0	0	0	0	0	0	0	0	0	0	0	0	0	0	0	0	0	0	0	0	0	0	0	0	0	0	0	0	0	0	0	0	0	0	
0	0	0	0	0	0	0	48	0	48	0	0	0	0	0	0	0	0	0	0	0	0	0	0	0	0	0	0	0	0	0	0	0	0	0	0	0	0	0	0	0	0	0	0	0	0	0	0	0	0	0	0	0	0	0	0	0	0	48	0	0	0	0	0	0	0	0	0	0	0	0	0	0	0	0	0	0	0	0	0	
0	0	0	0	48	0	48	0	0	0	0	0	0	0	0	0	0	0	0	0	0	0	0	0	0	0	0	0	0	0	0	0	0	0	0	0	0	0	0	0	48	0	0	0	0	0	0	0	0	0	0	0	0	0	0	0	0	0	0	0	0	0	0	0	0	0	0	0	0	0	0	0	0	0	0	0	0	0	0	0	
0	0	0	0	0	0	0	0	0	0	0	0	0	0	0	0	0	0	0	0	0	0	0	0	0	0	0	0	0	48	0	0	0	0	0	0	0	0	0	0	0	0	0	0	0	0	0	0	0	0	48	0	0	48	0	0	0	0	0	0	0	0	0	0	0	0	0	0	0	0	0	0	0	0	0	0	0	0	0	0	
0	0	0	0	0	0	48	0	0	0	0	0	0	0	0	0	0	0	0	0	0	0	0	0	0	0	0	0	0	0	0	0	0	0	0	0	0	0	48	0	0	0	0	48	0	0	0	0	0	0	0	0	0	0	0	0	0	0	0	0	0	0	0	0	0	0	0	0	0	0	0	0	0	0	0	0	0	0	0	0	
0	0	0	0	0	0	0	0	0	0	0	0	0	0	0	0	0	0	0	0	0	0	0	0	0	0	0	0	0	0	0	0	0	0	0	0	0	0	0	0	0	0	0	0	48	0	0	0	48	0	0	0	0	0	0	0	0	0	0	0	0	0	0	0	0	48	0	0	0	0	0	0	0	0	0	0	0	0	0	0	
0	0	0	0	0	0	0	0	0	0	0	0	0	0	0	0	0	0	0	0	0	0	0	0	0	0	0	0	0	0	0	0	0	0	0	0	0	0	0	0	0	0	0	0	48	0	0	0	48	0	0	0	0	0	0	0	0	0	0	0	0	0	0	0	0	0	0	0	0	0	0	0	0	0	0	48	0	0	0	0	
0	0	0	0	0	0	48	0	0	0	0	0	0	0	0	0	0	0	0	0	0	0	0	0	0	0	0	0	0	0	0	0	0	0	0	0	0	0	0	0	48	0	0	0	0	0	0	0	48	0	0	0	0	0	0	0	0	0	0	0	0	0	0	0	0	0	0	0	0	0	0	0	0	0	0	0	0	0	0	0	
0	0	0	0	0	0	0	0	0	0	0	0	0	0	0	0	0	0	0	0	0	0	0	0	0	0	0	0	0	0	0	0	0	0	0	0	0	0	0	0	0	48	48	0	0	0	0	0	0	0	0	0	0	0	0	0	0	0	0	0	0	0	0	0	0	48	0	0	0	0	0	0	0	0	0	0	0	0	0	0	
0	0	0	0	0	0	0	0	0	0	0	0	0	0	0	0	0	0	0	0	0	0	0	0	0	0	0	0	0	0	0	0	0	0	0	0	0	0	0	0	0	0	0	0	0	0	0	0	0	0	0	0	0	0	0	48	0	0	0	0	0	48	0	0	0	48	0	0	0	0	0	0	0	0	0	0	0	0	0	0	
0	0	0	0	0	0	0	0	0	0	0	0	0	0	0	0	0	0	0	0	0	0	0	0	0	0	0	0	0	0	0	0	0	0	0	0	0	0	0	0	0	0	0	0	0	0	0	0	0	0	0	0	0	0	0	0	0	0	0	48	0	0	0	0	0	0	0	0	0	0	0	0	0	48	0	0	0	48	0	0	
0	0	0	0	0	0	0	0	0	0	0	0	0	0	48	0	0	0	0	48	0	0	0	0	0	0	0	0	0	48	0	0	0	0	0	0	0	0	0	0	0	0	0	0	0	0	0	0	0	0	0	0	0	0	0	0	0	0	0	0	0	0	0	0	0	0	0	0	0	0	0	0	0	0	0	0	0	0	0	0	
0	0	0	0	0	0	0	0	0	0	0	0	0	0	0	0	0	0	0	0	0	0	0	0	0	0	0	0	0	0	0	0	0	0	0	0	0	0	0	0	0	48	48	48	0	0	0	0	0	0	0	0	0	0	0	0	0	0	0	0	0	0	0	0	0	0	0	0	0	0	0	0	0	0	0	0	0	0	0	0	
48	0	0	0	0	0	0	0	0	0	0	0	0	0	0	0	0	0	0	0	0	0	0	0	0	0	0	0	0	0	0	0	0	0	0	0	0	0	0	0	0	0	0	0	0	0	0	0	0	0	0	0	0	0	0	0	0	0	0	0	48	0	0	0	48	0	0	0	0	0	0	0	0	0	0	0	0	0	0	0	
0	0	0	0	0	0	0	0	0	0	0	0	0	0	48	0	0	0	0	48	0	0	0	0	0	0	0	0	0	0	0	0	0	0	0	0	0	0	0	48	0	0	0	0	0	0	0	0	0	0	0	0	0	0	0	0	0	0	0	0	0	0	0	0	0	0	0	0	0	0	0	0	0	0	0	0	0	0	0	0	
0	0	0	0	0	0	0	0	0	0	0	48	0	0	0	0	0	0	0	0	0	0	0	0	0	0	0	0	0	0	0	0	0	0	0	0	0	0	0	0	0	0	0	0	0	0	0	0	0	0	0	0	0	0	0	0	0	0	0	0	0	0	0	0	0	0	0	0	48	0	0	0	0	0	0	0	0	0	48	0	
0	0	48	0	0	0	0	0	0	0	0	0	48	0	0	0	0	0	0	0	0	0	48	0	0	0	0	0	0	0	0	0	0	0	0	0	0	0	0	0	0	0	0	0	0	0	0	0	0	0	0	0	0	0	0	0	0	0	0	0	0	0	0	0	0	0	0	0	0	0	0	0	0	0	0	0	0	0	0	0	
0	0	0	0	0	48	0	0	0	0	0	0	0	0	0	0	0	0	0	0	0	0	0	0	0	0	0	0	0	48	0	0	0	0	0	0	0	0	0	48	0	0	0	0	0	0	0	0	0	0	0	0	0	0	0	0	0	0	0	0	0	0	0	0	0	0	0	0	0	0	0	0	0	0	0	0	0	0	0	0	
0	0	0	0	0	0	0	0	0	0	48	0	0	0	0	0	0	0	0	0	0	0	0	0	0	0	0	0	0	0	0	0	0	0	0	0	0	0	0	0	0	0	0	0	0	0	0	0	0	0	0	0	0	0	0	0	0	0	0	0	0	0	0	0	0	0	48	0	0	0	0	0	0	0	0	48	0	0	0	0	
0	0	0	0	0	0	0	0	0	0	0	0	0	0	0	0	0	0	0	0	0	0	0	0	0	0	0	0	48	0	0	0	0	0	0	0	0	0	0	0	0	0	0	0	0	48	0	0	0	0	0	0	0	0	0	0	0	0	0	0	0	0	0	48	0	0	0	0	0	0	0	0	0	0	0	0	0	0	0	0	
0	0	0	0	0	0	0	0	0	0	0	0	0	0	0	0	0	0	0	0	0	0	0	0	0	0	0	0	0	0	0	0	0	0	0	0	0	0	0	0	0	0	0	0	0	0	0	0	0	0	0	0	0	0	0	0	0	0	0	0	0	0	0	0	0	0	0	0	48	0	0	0	0	0	48	0	0	0	48	0	
0	0	0	0	0	0	0	0	0	0	0	0	0	0	0	0	0	0	0	0	0	0	0	0	0	0	0	0	0	0	0	0	0	0	0	0	0	0	0	0	0	0	0	0	0	0	0	0	0	0	0	0	0	0	0	0	0	0	0	48	0	0	0	0	0	0	0	0	48	0	0	0	0	0	0	0	0	0	48	0	
0	0	0	0	0	0	0	48	0	0	0	0	0	0	0	0	0	0	0	0	0	0	0	0	0	0	0	0	0	0	0	0	0	0	0	0	0	48	0	0	0	0	0	0	0	0	0	0	0	0	0	0	0	0	0	0	0	0	0	0	0	0	0	0	0	0	48	0	0	0	0	0	0	0	0	0	0	0	0	0	
0	0	0	0	0	0	0	0	0	0	0	0	0	0	0	0	0	0	0	0	0	0	0	0	0	0	0	0	0	0	0	48	0	0	0	0	0	0	0	0	0	0	0	0	0	0	48	0	0	0	0	0	0	0	0	0	0	48	0	0	0	0	0	0	0	0	0	0	0	0	0	0	0	0	0	0	0	0	0	0	
48	0	0	0	0	0	0	0	0	0	0	0	0	0	0	0	0	0	48	0	0	0	0	0	0	0	0	0	0	0	0	0	0	0	0	0	0	0	0	0	0	0	0	0	0	0	0	0	0	48	0	0	0	0	0	0	0	0	0	0	0	0	0	0	0	0	0	0	0	0	0	0	0	0	0	0	0	0	0	0	
0	0	0	0	0	0	0	0	0	0	0	0	0	0	0	0	0	0	0	0	0	0	0	0	0	0	0	0	0	0	0	0	0	0	0	0	0	0	0	0	0	0	0	0	0	48	0	0	0	0	0	0	0	0	0	0	0	0	0	0	0	0	0	0	0	0	0	48	0	0	48	0	0	0	0	0	0	0	0	0	
0	0	0	0	0	0	0	0	0	0	0	48	0	0	0	0	0	0	0	0	0	0	0	0	0	0	0	0	0	0	0	0	0	0	0	0	0	0	0	0	0	0	0	0	0	0	0	0	0	0	0	0	0	0	0	0	0	0	0	0	0	0	0	0	0	0	0	0	0	48	0	0	0	0	0	0	0	48	0	0	
0	0	0	0	0	0	0	0	0	0	0	0	0	0	0	0	0	0	0	0	0	0	0	0	0	0	0	0	48	0	0	0	0	0	0	0	0	0	0	0	0	0	0	0	0	0	0	0	0	0	0	0	0	0	0	48	0	0	0	0	0	0	0	0	0	0	0	0	0	0	48	0	0	0	0	0	0	0	0	0	
0	0	0	0	0	0	0	0	0	0	0	0	0	0	0	0	0	0	0	0	0	0	0	0	0	0	48	48	0	0	0	0	0	0	0	0	0	0	0	0	0	0	0	0	0	0	0	0	0	48	0	0	0	0	0	0	0	0	0	0	0	0	0	0	0	0	0	0	0	0	0	0	0	0	0	0	0	0	0	0	
0	0	0	0	0	0	0	0	0	0	0	0	0	0	0	0	0	0	0	0	0	0	0	0	0	0	0	0	0	0	0	0	0	0	0	0	0	0	0	0	0	48	0	0	48	48	0	0	0	0	0	0	0	0	0	0	0	0	0	0	0	0	0	0	0	0	0	0	0	0	0	0	0	0	0	0	0	0	0	0	
0	0	0	0	0	0	0	0	0	0	0	0	0	48	0	0	0	0	0	0	0	0	0	0	0	0	0	0	0	0	0	0	0	0	0	0	0	0	0	0	0	0	0	0	0	0	0	0	0	0	0	0	0	0	48	0	0	0	48	0	0	0	0	0	0	0	0	0	0	0	0	0	0	0	0	0	0	0	0	0	
0	0	0	0	0	0	0	0	0	0	0	0	0	0	0	0	0	0	0	0	0	0	0	0	0	48	0	0	0	0	0	0	48	0	0	0	0	0	0	0	0	0	0	0	0	0	0	0	0	0	0	0	0	0	0	0	0	0	0	0	0	48	0	0	0	0	0	0	0	0	0	0	0	0	0	0	0	0	0	0	
0	0	0	0	0	0	0	0	0	0	0	0	0	0	0	0	0	0	0	0	0	0	0	0	0	0	0	0	0	0	0	0	0	0	0	0	0	0	0	0	0	0	0	0	0	0	0	0	0	0	0	48	0	0	0	0	48	48	0	0	0	0	0	0	0	0	0	0	0	0	0	0	0	0	0	0	0	0	0	0	
0	0	0	0	0	0	0	0	0	0	0	0	0	0	0	0	0	0	0	0	0	0	0	0	0	48	0	0	0	0	0	0	48	0	0	0	0	0	0	0	0	0	0	0	0	0	0	0	0	0	0	0	0	0	0	0	0	0	0	0	0	0	48	0	0	0	0	0	0	0	0	0	0	0	0	0	0	0	0	0	
0	0	0	0	0	0	0	0	0	0	0	0	0	0	0	0	0	0	0	0	0	0	0	48	0	0	0	0	0	0	0	0	0	0	0	0	0	0	0	0	0	0	0	0	0	0	0	0	0	0	0	0	0	0	0	0	0	0	0	0	0	48	0	48	0	0	0	0	0	0	0	0	0	0	0	0	0	0	0	0	
0	0	0	0	0	0	0	0	0	0	0	0	0	0	0	0	0	48	0	0	0	0	0	0	0	0	0	0	48	0	0	0	0	48	0	0	0	0	0	0	0	0	0	0	0	0	0	0	0	0	0	0	0	0	0	0	0	0	0	0	0	0	0	0	0	0	0	0	0	0	0	0	0	0	0	0	0	0	0	0	
0	0	0	0	0	0	0	0	0	0	0	0	48	0	0	48	0	0	0	0	0	48	0	0	0	0	0	0	0	0	0	0	0	0	0	0	0	0	0	0	0	0	0	0	0	0	0	0	0	0	0	0	0	0	0	0	0	0	0	0	0	0	0	0	0	0	0	0	0	0	0	0	0	0	0	0	0	0	0	0	
0	0	0	0	0	0	0	0	0	0	0	0	0	0	0	0	0	0	0	0	0	0	0	0	0	0	0	0	0	0	0	0	0	0	0	0	0	0	0	0	0	0	0	0	0	0	48	0	0	0	0	0	0	0	0	0	0	0	0	0	0	0	0	0	0	0	0	0	0	0	0	0	0	0	0	0	0	0	0	0	
0	0	0	0	0	0	0	0	0	0	0	48	0	0	0	0	0	0	48	0	0	0	0	0	0	0	0	0	0	0	0	0	0	0	0	0	0	0	0	0	0	0	0	0	0	0	0	0	0	0	0	0	0	0	0	0	48	0	0	0	0	0	0	0	0	0	0	0	0	0	0	0	0	0	0	0	0	0	0	0	
0	0	0	0	0	0	0	0	0	0	48	0	0	0	0	0	0	0	0	0	0	0	0	0	0	0	0	0	0	0	0	0	0	0	0	0	0	0	0	0	0	0	48	0	0	0	0	0	0	0	0	0	0	0	48	0	0	0	0	0	0	0	0	0	0	0	0	0	0	0	0	0	0	0	0	0	0	0	0	0	
0	0	48	0	0	0	0	0	0	0	0	0	0	0	0	48	0	0	0	0	0	0	0	48	0	0	0	0	0	0	0	0	0	0	0	0	0	0	0	0	0	0	0	0	0	0	0	0	0	0	0	0	0	0	0	0	0	0	0	0	0	0	0	0	0	0	0	0	0	0	0	0	0	0	0	0	0	0	0	0	
0	0	0	48	0	0	0	0	0	0	0	0	0	0	0	0	0	0	0	0	0	0	0	0	0	0	0	0	0	0	0	0	0	0	0	0	0	0	0	0	0	0	0	0	0	0	48	0	0	0	0	0	0	0	0	0	0	0	0	0	0	0	48	0	0	0	0	0	0	0	0	0	0	0	0	0	0	0	0	0	
0	0	0	0	0	0	0	0	0	0	0	0	0	0	0	0	0	0	0	0	0	0	0	0	0	0	0	0	0	0	0	0	0	0	0	0	0	0	0	0	0	0	0	0	0	0	0	0	0	0	0	48	0	0	0	0	48	48	0	0	0	0	0	0	0	0	0	0	0	0	0	0	0	0	0	0	0	0	0	0	
0	0	0	0	0	0	0	48	0	48	0	0	0	48	0	0	0	0	0	0	0	0	0	0	0	0	0	0	0	0	0	0	0	0	0	0	0	0	0	0	0	0	0	0	0	0	0	0	0	0	0	0	0	0	0	0	0	0	0	0	0	0	0	0	0	0	0	0	0	0	0	0	0	0	0	0	0	0	0	0	
13	42	26	61	1	20	15	35	15	76	53	43	72	35	3	23	68	1	16	14	77	31	55	58	44	72	79	37	77	57	23	48	20	13	45	73	43	50	45	56	21	62	26	47	72	6	59	53	63	68	74	9	42	62	35	19	13	72	21	5	75	35	18	48	52	46	59	68	56	60	32	68	74	13	67	63	10	67	20	71	73	30	69	45	24	79	54	34	8	40	9	54	74	57	63	12	0	51	56	19	57	71	22	13	56	23	10	75	76	67	67	14	24	61	53	7	59	33	73	17	27	22	44	29	13	9	64	79	77	73	65	36	73	34	60	8	46	16	30	9	25	34	68	51	71	52	76	35	52	3	50	40	14	28	36	60	50	59	13	46	45	47	28	43	59	36	13	79	42	71	45	56	39	53	58	34	15	27	16	75	78	70	60	79	66	66	12	28	40	14	11	63	77	22	72	51	29	23	32	40	7	30	78	25	54	72	49	19	40	34	37	20	9	9	39	56	71	74	41	48	26	35	76	33	57	39	49	62	17	21	41	63	33	7	14	6	55	19	75	5	11	27	78	5	46	35	50	46	3	63	15	8	23	43	2	1	8	20	23	69	49	24	75	51	64	3	77	6	2	18	39	12	69	50	8	18	52	32	77	37	45	10	2	49	45	28	53	36	2	36	66	11	55	29	39	3	75	38	0	56	9	27	75	56	63	26	20	32	43	79	57	29	8	39	22	27	69	79	57	40	45	20	14	1	14	68	35	51	54	75	36	43	64	54	15	53	27	67	33	15	2	30	70	70	4	36	11	55	45	18	78	46	9	70	28	73	7	44	32	37	50	17	10	79	41	2	69	19	72	13	14	31	43	62	4	16	17	18	49	19	38	22	20	4	38	40	26	66	48	52	63	40	16	23	16	35	25	34	50	2	41	15	49	55	41	79	33	27	4	7	6	34	56	5	44	38	35	50	47	61	5	61	12	77	67	44	24	59	48	56	68	77	78	54	45	46	65	35	64	77	60	15	54	8	76	29	36	16	16	46	24	64	64	73	21	60	29	15	72	21	76	20	50	70	19	65	59	57	47	37	0	23	77	75	4	22	70	31	4	65	74	54	47	64	21	29	67	43	17	60	59	54	20	38	40	3	12	13	78	19	69	69	12	13	46	15	16	6	38	73	18	41	38	10	79	26	32	32	75	38	30	43	50	79	60	8	78	31	66	27	50	19	23	76	78	69	24	34	49	62	53	32	58	65	46	76	43	41	13	22	68	37	51	60	18	51	10	73	30	53	26	61	11	20	4	16	19	25	37	76	60	75	65	12	24	14	59	43	57	75	31	71	44	26	18	31	19	54	28	39	75	1	58	67	73	71	77	30	54	65	1	5	22	54	33	0	22	38	25	77	45	41	6	66	28	59	66	4	44	46	43	46	52	3	76	61	25	60	26	40	13	3	41	52	6	62	47	2	28	70	8	68	3	13	44	74	11	62	69	32	3	39	47	41	60	48	65	48	10	45	57	51	16	31	23	52	12	79	38	58	69	12	3	73	18	17	27	41	46	42	56	31	62	20	65	53	73	45	30	58	37	10	16	28	49	31	55	62	49	57	73	50	49	32	41	48	48	51	72	40	39	41	39	50	43	70	47	53	51	79	48	70	27	46	62	1	65	26	49	38	17	49	45	54	29	5	0	8	43	15	50	3	66	38	62	1	37	41	27	14	42	35	23	58	61	72	79	26	41	57	31	36	53	26	77	27	52	25	2	26	61	69	69	37	64	69	43	16	42	19	31	44	43	19	62	40	60	76	30	48	24	13	2	76	32	31	66	8	79	69	6	18	62	71	21	62	52	79	65	59	17	75	30	26	36	23	7	71	11	0	27	63	23	40	18	7	65	9	72	75	12	67	17	19	51	41	23	77	58	30	50	73	67	48	42	26	16	36	46	60	52	57	7	58	72	42	15	3	33	55	73	41	12	26	62	69	57	73	61	17	32	16	31	62	33	6	42	68	79	45	49	33	77	47	19	25	72	5	20	78	21	4	26	8	24	17	9	74	27	47	42	1	65	16	23	13	5	75	10	66	72	63	38	1	35	31	77	21	54	26	52	7	78	13	3	18	38	22	51	5	39	71	7	7	71	55	50	58	53	9	4	30	1	43	76	25	59	32	39	21	68	0	53	78	72	29	5	74	28	54	1	39	74	27	54	54	22	21	25	71	45	23	29	32	53	52	64	33	7	31	19	32	44	55	1	61	68	45	75	55	3	17	2	62	73	69	6	22	75	20	42	43	55	50	42	26	50	77	50	12	29	74	61	21	64	28	27	5	50	72	31	71	6	79	38	71	11	38	20	26	76	49	12	42	7	16	30	59	3	56	42	74	15	24	76	21	72	66	32	35	22	32	7	47	21	1	36	34	11	67	64	20	11	50	75	79	78	66	39	70	22	57	49	68	15	29	4	50	1	45	3	20	0	23	78	16	71	52	43	10	75	28	15	18	66	52	8	78	23	65	73	5	22	52	4	61	7	21	69	6	57	8	36	3	50	46	16	35	69	79	59	5	10	38	17	69	64	50	55	16	53	64	59	69	38	65	46	77	77	73	59	76	61	65	78	30	19	51	29	31	70	79	29	28	65	64	70	50	9	12	71	75	46	33	34	35	27	60	21	72	14	10	59	22	20	72	51	15	75	51	1	69	3	69	5	13	2	65	41	41	39	33	0	30	21	23	30	76	79	3	73	71	16	53	59	31	8	69	21	7	70	77	34	65	5	46	16	55	53	29	45	68	0	32	77	74	20	63	79	73	4	4	12	42	25	10	16	48	18	13	19	8	25	74	74	55	64	49	8	32	7	50	57	21	57	50	79	26	70	64	36	18	9	32	52	40	11	0	20	1	36	27	28	4	38	46	34	72	53	18	72	23	68	18	46	8	67	39	60	65	58	62	49	32	49	72	15	76	42	28	67	0	53	58	44	23	44	60	15	41	12	62	47	11	3	44	49	55	59	77	65	51	27	1	1	28	14	29	50	8	9	26	79	65	53	69	49	38	17	2	2	70	23	7	15	44	32	69	5	68	18	34	24	53	49	50	61	39	0	32	0	60	23	48	63	24	74	26	48	75	52	16	73	15	27	21	39	65	46	25	14	28	32	77	62	76	2	15	57	45	23	31	10	60	78	50	58	22	77	45	20	40	34	68	73	39	16	8	58	6	10	12	35	6	69	5	13	46	0	34	27	22	14	70	28	63	74	25	36	18	33	75	17	48	73	57	32	44	65	43	58	16	59	27	28	59	58	57	33	41	70	5	76	13	3	36	51	14	18	60	61	2	27	13	13	8	6	73	24	60	72	0	31	35	54	19	33	43	73	61	63	48	26	35	6	6	74	68	28	20	6	46	39	5	4	25	33	72	7	46	36	46	9	74	69	22	5	19	76	25	8	79	15	5	60	52	59	67	60	45	46	42	54	62	60	46	53	78	33	30	47	62	2	27	14	25	20	68	33	9	22	46	75	26	55	57	25	9	62	60	66	22	63	24	68	38	59	16	14	32	77	54	18	9	46	64	57	27	47	43	48	62	40	71	50	45	63	8	51	40	57	28	66	78	45	65	46	41	29	22	3	70	21	37	75	71	15	20	10	0	64	18	15	75	35	67	59	35	76	73	78	71	13	53	57	75	8	64	1	22	77	67	29	55	10	52	53	30	29	50	1	0	21	60	52	57	56	2	58	64	72	10	71	45	40	73	50	42	2	9	30	36	27	28	28	63	22	7	39	37	46	42	16	40	13	34	51	78	18	71	30	41	46	51	38	53	79	45	4	51	7	9	68	23	9	51	63	11	40	66	54	43	34	70	36	21	51	3	29	64	65	27	40	20	59	15	29	36	78	57	54	17	25	69	23	38	29	3	13	63	50	7	19	0	57	46	65	19	75	37	26	62	64	48	62	15	37	32	7	63	62	54	40	52	35	29	66	33	66	36	23	44	10	66	4	3	53	70	46	6	66	21	60	58	79	14	44	79	30	20	32	59	71	58	27	8	25	51	54	78	46	66	26	47	70	40	78	12	65	27	16	42	67	34	66	9	52	31	21	35	72	39	0	78	65	79	22	51	54	31	76	50	78	40	51	24	77	59	58	58	55	19	79	41	18	53	5	54	79	14	44	51	61	47	38	64	79	57	51	48	52	62	37	23	18	42	25	7	70	47	76	57	7	42	40	46	66	3	5	76	36	19	7	67	21	41	38	16	65	17	70	74	49	50	37	29	72	36	36	52	57	44	25	67	75	53	66	42	79	20	67	18	36	48	66	40	26	52	46	48	73	34	30	5	33	21	20	79	79	30	61	62	15	36	56	53	50	60	73	4	39	67	19	22	74	18	62	25	48	72	22	16	5	66	55	38	14	19	32	44	65	59	25	1	39	32	8	55	4	73	8	46	31	7	32	31	19	59	9	38	3	5	50	21	65	63	74	14	17	79	23	3	45	24	5	50	78	36	2	10	65	38	50	1	48	34	27	19	42	42	25	67	66	50	5	51	65	46	43	33	51	63	44	32	33	60	77	23	52	29	49	4	11	2	32	24	8	1	55	39	68	44	22	32	18	2	53	49	58	46	45	13	45	25	77	78	52	52	72	41	53	35	20	8	36	12	20	38	22	52	45	20	54	65	73	57	45	14	47	67	40	33	29	73	8	75	64	41	53	55	46	39	66	67	22	67	65	7	52	42	4	29	24	17	52	3	69	74	68	18	37	49	55	32	60	77	63	22	32	46	54	5	37	37	44	24	77	34	63	70	32	2	62	26	36	46	47	41	11	23	54	43	38	31	23	23	73	65	45	70	38	19	46	46	10	64	34	22	61	30	66	11	18	78	56	76	77	49	13	60	16	57	54	59	4	40	41	48	77	45	43	22	62	28	14	72	70	13	68	48	29	72	42	57	75	51	59	31	21	59	31	25	6	58	4	69	1	55	62	56	32	52	61	69	54	21	15	18	15	15	36	49	76	58	34	61	11	37	35	79	57	28	
4	18	6	70	74	53	24	9	19	6	65	18	28	43	52	17	43	56	24	59	53	52	17	53	47	35	36	8	48	34	10	72	60	63	50	42	60	54	15	15	66	72	1	56	77	39	26	74	37	70	22	18	28	64	42	38	72	13	49	18	53	56	8	20	49	64	45	24	57	32	27	60	10	7	65	77	17	16	12	55	58	58	55	7	19	48	33	43	25	65	54	15	24	40	3	33	63	36	70	30	9	64	27	66	20	11	31	42	60	33	32	36	16	46	41	13	46	55	9	14	12	10	20	17	4	0	79	69	0	2	18	48	72	73	23	45	38	62	21	52	51	26	23	63	72	22	69	55	29	27	72	51	12	18	73	31	62	20	65	49	12	26	74	52	46	12	44	17	78	21	32	16	4	77	15	42	58	28	19	25	57	13	19	6	74	7	10	57	21	5	64	11	36	62	63	54	32	45	62	34	50	73	72	57	18	12	21	51	10	63	30	9	66	11	12	69	5	49	7	51	50	18	79	3	55	64	1	14	22	33	21	52	71	32	42	53	77	57	21	33	63	38	70	40	39	34	34	28	25	36	36	43	78	53	21	29	78	63	47	44	20	58	27	33	7	31	49	20	50	55	74	47	76	59	64	75	64	21	75	1	21	76	37	57	69	27	38	29	26	59	72	70	59	67	67	76	18	62	16	73	8	35	73	54	22	29	71	27	37	69	66	18	78	34	35	36	10	14	20	74	18	19	29	12	63	25	8	4	74	73	45	27	76	13	69	57	29	44	74	24	24	33	69	17	5	20	30	44	76	31	14	68	8	9	79	16	32	45	74	57	15	50	70	57	28	67	63	73	17	41	11	18	56	59	37	61	72	4	6	18	59	44	70	58	58	76	79	16	14	13	56	59	48	8	61	53	9	39	10	39	42	9	78	27	43	24	16	28	31	1	45	61	36	67	75	68	43	55	0	1	77	48	40	4	11	48	5	14	34	39	11	21	22	62	68	21	58	20	8	41	47	24	65	1	38	6	72	79	6	27	11	65	36	27	49	19	52	17	46	62	68	54	20	14	2	57	30	0	37	24	48	33	28	73	18	36	32	21	62	49	63	45	28	52	23	18	29	49	26	77	45	28	62	31	21	51	78	52	50	55	56	70	24	14	68	57	68	46	41	68	14	73	32	35	13	14	40	60	24	14	38	38	72	18	17	52	49	79	72	64	63	48	42	34	36	20	47	48	68	18	24	65	67	47	60	55	77	26	19	17	15	6	7	73	67	60	49	69	21	16	13	66	62	74	76	73	59	3	13	5	33	33	12	0	60	58	61	4	42	1	19	59	22	42	33	4	65	75	53	25	74	46	67	64	62	70	42	66	26	51	35	28	60	16	53	78	34	71	65	35	17	58	31	64	64	75	55	10	75	36	16	32	26	14	77	54	49	47	33	5	39	24	23	26	66	22	52	33	35	15	56	56	18	31	52	46	68	10	34	61	43	55	75	33	46	29	28	38	49	40	75	53	15	36	53	61	71	78	33	63	61	66	17	37	43	75	71	69	26	40	33	51	48	55	11	57	59	61	37	20	78	62	37	5	18	43	32	17	56	9	46	38	70	39	55	58	43	44	62	25	65	72	4	8	68	47	39	30	24	37	32	7	48	72	53	31	29	24	34	45	40	56	58	58	39	20	4	78	24	67	30	33	12	44	43	9	69	79	70	28	72	16	62	32	39	57	76	3	34	9	66	33	43	62	69	11	41	79	52	61	62	16	68	23	23	1	1	79	24	27	47	55	53	35	32	79	22	52	40	62	39	63	64	20	70	28	27	76	49	67	14	32	11	21	14	64	62	30	42	29	64	7	37	55	63	0	58	54	20	2	17	35	21	63	75	20	26	68	7	71	13	58	37	24	63	15	52	1	37	45	5	35	17	34	60	62	60	42	39	61	41	15	62	36	46	2	33	23	5	2	13	53	32	5	4	16	71	19	20	29	40	72	44	59	73	10	52	0	50	51	77	75	47	73	71	24	70	3	18	26	70	65	17	16	35	68	67	45	30	34	5	56	7	59	17	74	68	74	8	2	68	28	8	58	22	69	47	71	65	0	50	9	14	49	76	75	48	68	57	33	45	25	38	72	49	29	48	29	25	63	12	62	21	31	39	38	3	50	1	67	14	79	24	42	9	56	79	32	26	13	0	0	73	69	33	74	19	47	21	37	68	20	38	77	5	15	16	70	32	75	56	46	60	50	48	46	30	47	52	4	47	8	75	28	64	35	55	47	5	74	52	26	60	46	7	4	71	18	35	18	67	56	71	45	35	65	0	20	10	13	62	18	35	45	1	11	37	58	60	8	43	56	53	24	32	22	45	62	13	19	47	77	74	7	4	46	58	71	69	78	70	70	65	49	78	73	44	11	4	48	73	75	29	34	60	77	72	28	5	75	41	52	21	9	74	39	26	19	34	1	15	3	58	7	60	52	40	75	13	27	34	60	68	34	38	17	67	42	3	48	27	37	57	47	38	13	73	2	62	2	22	67	63	54	3	27	34	30	71	1	33	12	43	59	76	76	6	6	44	47	35	30	36	4	47	75	65	3	23	66	67	78	36	11	48	56	13	23	36	75	23	32	66	11	60	49	17	17	47	14	68	64	79	17	55	64	69	17	5	59	41	40	38	41	69	63	8	78	44	44	2	28	56	43	28	40	68	53	51	59	49	78	57	21	70	76	25	68	22	41	30	30	51	72	78	48	57	32	71	11	27	48	15	49	1	70	2	21	43	56	30	71	51	34	20	39	39	45	57	44	15	46	8	16	26	12	32	42	26	36	62	57	52	45	8	65	3	41	76	56	74	48	34	22	25	65	63	68	3	20	79	69	46	68	5	2	1	74	9	30	32	69	29	37	20	54	57	44	5	37	14	27	10	54	6	39	2	4	9	50	56	35	65	61	2	21	71	69	64	50	34	72	61	46	62	76	17	58	14	4	35	25	6	38	12	6	3	59	15	34	72	77	42	19	37	40	44	10	46	73	12	75	23	49	71	1	28	17	25	47	5	74	53	12	64	15	50	72	44	6	13	10	10	0	14	1	62	48	44	39	23	56	1	6	17	25	58	48	53	13	45	19	66	45	55	40	19	53	64	69	9	16	34	55	45	24	42	35	25	19	27	50	79	36	70	76	55	17	25	7	31	43	42	36	75	78	67	75	7	30	42	1	64	37	53	37	6	78	25	75	57	8	22	24	20	0	8	0	71	21	78	59	10	15	72	49	13	40	16	69	35	66	27	31	79	78	12	2	27	66	16	69	3	65	65	56	25	66	14	0	65	63	67	59	6	60	72	47	64	38	40	14	11	51	45	56	3	36	19	5	53	75	29	31	12	57	39	54	9	22	36	41	23	72	15	8	62	58	61	67	54	28	27	50	64	33	28	16	26	59	74	6	63	1	58	73	47	38	50	79	37	35	59	77	67	53	43	39	69	56	6	77	27	36	30	33	24	79	48	78	49	20	59	25	49	11	32	19	15	41	27	69	67	48	37	72	22	64	30	43	38	70	45	33	71	66	76	7	26	56	63	49	21	44	55	8	54	68	52	24	65	14	20	6	52	49	5	16	33	37	10	33	6	59	74	28	10	30	59	26	17	40	33	3	71	7	3	55	10	23	65	35	22	6	23	35	17	67	79	11	70	52	8	3	1	72	38	25	18	73	74	37	74	61	74	40	60	12	22	22	4	18	47	40	0	4	29	52	6	75	52	68	49	59	8	53	52	13	17	0	65	2	39	26	59	3	25	41	50	15	24	74	4	39	34	60	36	76	50	48	57	79	66	76	49	79	46	46	46	55	25	33	15	42	57	12	28	11	3	20	72	72	50	44	20	16	40	76	15	67	17	76	16	44	72	53	68	29	35	26	55	61	17	40	50	40	19	61	50	39	60	17	55	4	64	12	35	18	59	39	39	46	70	70	67	34	27	20	11	77	79	77	17	54	45	32	70	48	77	9	41	13	4	4	26	15	73	58	16	5	2	15	46	24	7	52	24	1	47	61	32	51	37	75	0	17	13	43	13	39	59	23	50	9	56	25	34	1	76	79	65	52	77	5	63	59	42	50	3	14	7	52	64	10	52	42	60	72	42	49	20	45	61	72	9	51	26	3	74	3	35	47	69	10	67	72	22	68	57	60	11	32	17	58	71	75	79	4	8	62	73	24	20	17	36	8	28	47	12	65	18	53	72	6	2	6	51	6	72	22	60	32	3	35	19	79	11	59	9	66	66	65	13	42	72	9	62	59	20	66	2	20	12	7	25	2	35	25	79	7	6	69	38	36	30	77	21	46	36	71	15	61	68	24	54	36	42	1	11	19	54	1	11	79	35	11	75	27	24	48	69	36	77	58	48	35	59	64	21	48	48	76	58	55	54	40	28	46	31	45	26	49	20	19	37	49	34	79	30	55	49	3	28	3	55	59	21	24	44	36	61	57	13	35	77	52	79	77	76	70	58	79	54	64	6	11	77	59	37	26	68	41	14	34	40	53	40	0	72	23	37	28	73	77	41	72	61	46	48	37	21	15	3	62	25	59	12	27	26	25	62	30	67	16	32	40	56	70	13	63	76	50	71	6	7	18	49	4	46	55	36	0	25	44	61	40	33	17	54	34	76	8	7	8	18	61	76	61	55	40	37	57	41	63	47	25	66	5	3	58	79	19	35	36	14	46	66	5	69	69	17	79	76	59	2	15	75	16	66	69	24	42	15	51	62	56	6	78	56	16	68	59	40	59	57	65	48	21	22	33	5	42	78	37	32	62	72	57	50	29	0	36	7	73	79	68	28	25	35	64	3	32	21	34	60	48	53	18	32	9	42	24	78	50	48	75	56	24	41	28	22	12	46	34	66	56	44	6	33	24	9	66	9	30	72	73	43	8	5	44	72	68	3	12	66	76	55	9	70	32	21	14	9	11	33	12	12	76	53	52	61	8	7	49	2	48	49	27	29	76	64	1	44	3	37	47	34	2	56	68	71	32	
5	14	11	3	7	11	14	8	1	3	18	9	3	18	6	17	10	20	4	1	10	17	4	5	14	16	11	11	11	12	18	11	1	18	1	5	17	4	14	6	17	19	4	6	17	11	10	14	5	12	15	5	1	8	9	19	15	3	13	4	3	7	12	15	3	12	3	7	19	17	19	12	17	4	13	15	1	6	6	6	9	15	18	4	17	1	8	4	10	17	20	2	2	12	6	7	6	2	5	17	18	5	8	15	11	9	10	20	15	1	2	4	6	12	6	8	18	19	1	9	3	3	19	15	20	14	13	18	7	7	15	18	13	18	9	5	10	8	7	6	16	5	7	1	20	11	19	12	10	12	5	3	12	19	20	15	7	14	7	10	11	18	14	17	6	16	10	19	1	12	20	3	16	1	6	2	5	2	15	11	12	2	14	10	15	8	11	13	11	18	6	11	20	13	18	1	20	14	16	2	12	14	7	9	4	18	6	11	10	10	4	4	3	9	8	5	3	10	14	16	4	7	18	1	7	15	11	10	18	1	4	6	4	7	2	11	6	1	12	5	3	6	13	14	5	7	18	15	1	6	4	9	6	8	20	13	3	2	12	7	18	14	12	5	16	16	9	8	10	8	5	12	5	1	8	3	6	3	4	13	14	15	9	4	5	19	12	9	14	6	3	8	8	15	2	7	13	5	14	7	10	15	1	8	20	9	8	12	4	12	14	16	7	2	2	8	9	6	5	10	17	10	11	10	10	12	5	11	7	20	13	3	3	11	19	6	12	10	16	3	19	18	14	15	9	9	1	17	15	6	15	16	1	4	4	13	6	11	17	3	6	4	20	17	13	20	1	12	5	16	6	2	15	9	3	20	16	13	5	15	1	4	10	7	19	10	10	5	11	6	14	8	5	12	4	19	6	12	15	11	5	9	10	12	16	16	10	15	14	16	8	8	9	9	1	6	16	15	15	11	12	3	12	5	14	2	2	16	12	9	5	9	10	6	14	2	4	13	1	12	6	13	4	8	1	9	7	5	9	4	5	16	15	8	12	5	16	12	8	15	9	5	2	2	5	13	9	8	2	1	2	9	10	11	4	16	9	12	13	9	7	8	16	7	11	15	13	16	11	6	5	13	10	10	8	16	5	2	10	11	16	11	6	12	12	7	7	9	2	15	5	9	15	12	1	1	16	3	2	7	3	3	16	12	3	13	3	3	16	6	11	8	5	8	10	15	15	7	15	6	5	1	5	13	6	8	12	12	13	8	13	1	5	3	1	9	7	10	4	16	9	16	8	7	13	3	9	2	6	7	16	8	10	12	13	14	12	7	2	5	13	11	3	14	1	9	2	16	14	3	10	14	2	2	1	6	15	14	11	7	4	7	12	8	13	12	6	6	14	10	4	6	9	12	2	2	7	10	9	2	15	2	2	13	12	8	5	1	15	10	5	2	1	12	16	4	7	4	9	4	8	3	7	7	16	5	15	7	1	16	7	10	6	2	15	5	1	16	6	3	2	13	4	5	14	5	5	16	13	15	15	7	10	10	13	9	9	3	13	15	14	13	5	8	14	1	11	1	9	5	15	16	11	2	11	14	1	13	6	11	6	2	6	2	7	1	16	9	6	14	14	2	9	6	9	15	8	12	11	10	13	4	7	7	13	15	11	2	2	10	11	10	3	14	4	14	15	14	10	8	2	10	16	8	4	14	15	3	12	6	5	16	3	2	2	1	11	4	15	9	12	13	3	9	9	6	1	4	14	6	12	5	1	4	7	5	10	14	14	13	13	7	10	5	15	11	5	5	8	6	14	9	9	10	14	10	1	8	8	9	4	11	1	10	10	4	9	16	12	13	13	1	12	6	8	12	13	16	16	14	4	1	12	9	1	14	8	6	14	6	10	15	3	15	1	1	4	11	4	4	16	9	6	2	16	15	12	4	8	1	2	4	14	2	1	10	1	11	15	9	9	13	13	7	13	16	7	10	12	4	1	13	11	8	5	10	13	1	2	6	5	13	9	1	14	10	7	12	8	2	12	16	12	5	14	6	11	5	2	11	5	16	4	13	11	6	6	1	11	5	5	10	5	11	14	15	9	12	6	4	10	11	15	10	1	8	3	7	4	2	7	12	15	4	3	2	7	3	16	5	12	4	7	10	15	11	7	9	7	2	3	4	5	2	16	14	5	11	1	16	3	11	10	7	16	9	6	10	14	4	14	14	13	12	7	4	7	3	14	11	12	16	12	12	6	10	12	2	5	11	6	1	6	6	16	9	5	4	15	2	11	11	6	16	3	4	11	13	8	14	7	7	13	8	3	16	8	7	13	8	7	7	10	1	11	3	15	6	3	6	7	14	16	4	7	7	6	7	8	2	11	7	4	7	11	11	1	2	14	12	6	6	6	3	5	14	11	4	8	12	16	8	16	11	9	8	6	3	7	4	13	5	14	12	12	2	16	9	13	6	14	2	10	13	12	3	8	10	12	9	8	6	8	1	12	12	14	1	1	7	11	12	4	15	12	3	8	12	3	9	9	3	7	13	14	2	11	16	9	1	14	16	14	3	3	4	16	13	10	14	13	11	11	16	1	14	14	14	12	8	8	11	9	7	10	7	7	3	16	13	5	10	4	2	9	5	10	4	2	16	10	5	14	13	16	3	6	5	7	6	2	4	1	8	4	5	13	8	6	16	11	8	5	3	11	15	14	4	14	5	1	5	13	16	11	11	7	11	3	7	9	9	6	13	3	14	4	10	4	8	11	7	5	12	2	5	7	15	5	7	10	8	15	3	11	8	6	1	4	5	8	5	12	10	2	12	5	13	4	5	15	12	7	12	6	4	16	10	9	7	8	10	3	3	1	9	9	8	14	8	13	7	7	4	6	5	4	2	15	16	15	10	7	8	10	4	11	13	4	12	5	14	11	8	10	12	2	6	13	12	3	2	12	7	10	1	13	14	13	14	11	2	3	15	1	13	13	9	12	5	7	14	1	14	5	16	6	4	11	5	1	4	10	16	10	11	1	16	9	15	9	1	6	4	14	5	15	10	11	7	14	4	3	13	2	7	9	13	13	2	9	14	7	4	13	9	16	6	5	1	6	14	8	4	10	4	4	14	6	4	3	11	9	12	1	6	6	16	10	2	3	9	16	6	10	3	2	2	15	11	16	5	7	5	5	12	12	4	13	6	12	3	6	12	6	8	13	4	7	16	8	16	10	1	7	14	10	4	4	1	9	6	15	11	3	3	11	12	4	15	13	9	8	15	1	6	6	4	4	12	6	1	8	9	16	15	5	8	16	5	14	11	15	13	5	13	10	2	14	9	9	13	11	6	5	4	16	5	5	9	10	7	13	13	8	8	16	14	11	5	2	2	5	7	8	16	3	7	4	3	7	4	11	12	10	10	9	11	10	8	11	11	6	3	2	5	16	5	3	7	6	16	1	3	9	12	8	5	10	11	16	9	1	14	9	3	14	13	14	16	2	14	8	13	11	1	8	4	1	16	2	8	3	6	2	10	9	14	8	14	7	8	4	15	13	11	5	7	10	5	6	16	12	9	1	5	6	15	8	8	12	5	7	12	11	6	4	11	9	9	9	10	11	13	1	4	14	14	9	11	9	6	2	9	6	16	16	11	12	13	7	10	15	15	14	5	4	16	16	6	1	8	5	11	1	9	15	5	8	10	2	6	5	5	12	10	5	13	7	3	7	2	4	8	11	10	7	3	10	15	14	15	7	5	6	4	4	15	15	5	1	6	5	8	9	15	6	6	11	5	16	15	5	16	10	4	3	5	6	4	12	2	10	5	9	16	12	6	4	4	5	4	6	8	10	6	7	14	5	14	14	13	3	12	13	10	12	15	5	12	10	2	3	2	2	14	16	15	9	7	10	2	10	3	13	1	15	8	3	2	2	1	10	13	4	10	5	11	2	1	3	8	8	8	4	2	10	7	8	9	10	12	9	9	10	7	14	4	1	15	10	4	7	1	12	2	12	15	15	13	1	5	7	6	12	1	10	4	1	2	5	16	3	8	2	9	16	12	4	13	14	3	6	16	11	3	14	4	12	3	3	10	1	1	15	15	14	5	10	5	10	5	5	13	9	3	13	1	16	14	6	2	4	1	13	10	16	9	1	10	15	4	7	2	5	9	3	8	1	15	5	5	7	7	10	12	1	16	3	8	11	13	4	8	3	4	10	11	9	16	14	8	9	1	10	9	16	11	5	8	12	16	9	8	9	11	9	3	5	2	5	11	13	5	9	7	7	14	16	5	16	16	6	6	9	4	12	10	7	6	13	10	3	15	5	7	4	13	15	14	14	14	14	12	14	6	5	11	4	14	1	16	8	15	4	13	13	3	7	3	3	3	9	8	11	15	13	9	14	8	16	5	10	16	1	5	8	4	4	14	7	1	14	1	13	11	14	2	7	2	5	13	6	2	10	5	15	6	6	1	11	16	10	9	9	14	9	9	3	10	4	5	4	13	1	4	2	14	4	12	14	5	16	15	11	14	16	5	6	3	2	12	2	4	10	1	3	6	12	4	2	2	11	7	2	13	7	1	8	3	6	14	16	4	15	2	3	8	10	11	16	9	11	9	1	10	11	8	3	14	16	6	10	14	9	7	8	6	8	12	3	11	7	4	15	4	12	16	15	5	2	7	13	12	15	4	16	6	11	12	7	3	6	12	11	15	8	12	9	12	5	8	13	7	16	1	9	8	10	15	9	15	1	4	3	15	14	12	7	9	15	3	7	6	2	2	3	8	13	6	15	8	2	13	14	12	2	3	12	12	3	2	12	4	11	16	3	8	3	15	16	11	5	16	1	2	7	11	15	5	9	14	8	7	16	9	13	4	7	13	8	11	3	7	6	2	6	10	14	6	7	8	14	16	11	4	13	3	15	12	13	15	3	6	5	1	6	9	9	6	7	6	3	5	9	4	6	11	11	4	2	15	11	6	16	12	12	8	12	16	8	8	6	4	10	12	11	7	3	16	11	14	13	9	6	11	7	15	1	8	11	4	
470	560	540	230	220	590	560	790	920	750	880	590	850	420	750	590	550	720	710	350	810	130	960	290	320	1000	650	850	790	580	430	490	550	450	830	800	840	540	600	840	300	870	970	800	860	330	280	220	860	900	440	720	860	790	690	320	940	900	920	630	990	810	340	330	820	900	990	660	210	220	110	730	940	510	680	300	550	300	830	580	850	540	620	1000	410	350	850	180	710	230	470	790	220	290	390	930	530	700	310	840	830	930	1000	840	770	640	270	550	380	680	690	730	250	960	890	550	190	560	810	240	350	340	740	780	960	580	980	840	880	870	410	340	810	490	260	330	440	610	550	340	710	530	790	490	740	100	580	870	850	340	480	520	200	860	400	320	510	660	160	760	130	170	770	950	150	680	680	990	210	810	230	700	650	740	670	110	390	650	960	590	110	460	740	150	780	200	940	830	590	560	710	520	930	410	160	1000	950	260	640	900	500	480	670	970	950	640	940	370	380	980	160	600	570	600	300	730	740	570	930	790	730	300	960	220	500	410	900	970	340	800	210	510	110	770	550	330	190	440	250	970	720	670	500	140	490	570	970	710	890	820	800	430	250	920	800	130	440	170	360	930	300	260	870	330	500	800	660	600	840	840	110	250	690	350	920	260	610	470	490	250	750	420	480	300	350	760	650	530	460	150	650	310	170	200	180	890	180	690	390	150	380	760	800	330	390	620	550	660	640	370	890	900	620	530	600	410	640	700	800	130	980	610	920	700	710	960	1000	610	700	890	420	590	980	600	700	380	320	170	1000	910	230	100	800	480	260	840	960	260	940	330	800	470	740	220	870	830	600	400	400	850	810	250	540	660	380	810	330	860	150	580	830	790	860	160	830	450	300	930	260	470	830	160	360	130	220	420	110	340	490	930	550	520	170	180	270	990	900	600	630	190	470	400	520	570	760	250	570	490	810	580	1000	370	580	690	890	480	920	760	340	920	170	390	920	430	630	420	940	190	630	500	100	670	710	250	960	770	190	330	100	760	860	540	330	390	650	360	270	490	980	660	280	200	830	290	300	310	200	950	370	570	120	620	360	280	490	980	970	160	660	290	390	700	660	710	490	640	140	660	240	800	630	770	420	260	560	330	290	230	260	560	780	190	770	180	640	400	570	130	150	400	930	150	170	680	680	220	550	450	980	210	410	760	410	550	770	680	430	290	710	840	650	110	480	990	950	610	670	800	430	130	170	910	700	350	700	400	590	400	270	400	700	530	900	390	690	960	810	280	350	920	370	300	840	720	230	630	830	730	920	210	280	240	840	430	400	890	270	680	580	300	290	600	560	850	140	660	360	230	320	600	620	580	740	270	230	430	460	880	720	950	800	230	430	370	180	110	910	410	110	200	350	930	140	320	320	770	750	550	990	780	380	610	880	390	650	650	960	820	250	470	840	810	860	700	440	680	400	230	480	480	730	540	490	300	210	900	730	500	240	700	870	380	850	410	260	460	150	660	650	280	490	140	260	380	890	810	250	930	870	110	530	470	410	960	910	910	230	430	430	690	650	460	600	730	190	750	900	970	770	190	110	500	700	880	720	780	990	590	400	380	380	530	140	1000	140	160	600	250	840	660	310	720	320	670	810	420	640	430	650	910	940	550	910	440	860	240	640	940	860	780	920	720	630	240	430	670	810	620	270	190	290	660	900	930	350	150	370	210	430	550	580	230	370	870	870	510	600	470	460	370	180	610	510	550	970	900	750	930	230	800	890	770	840	200	880	1000	160	900	880	490	240	680	320	260	920	960	170	780	510	600	790	800	380	890	840	820	330	270	300	330	420	370	940	930	180	480	470	430	840	520	180	590	140	120	640	190	380	430	710	730	870	770	140	180	850	950	650	800	700	870	700	330	480	370	740	320	160	170	190	400	930	550	360	500	260	560	970	200	280	960	570	180	300	590	340	830	890	400	250	630	520	560	980	420	760	830	180	520	830	240	330	820	770	360	440	620	650	200	480	920	590	980	600	430	170	880	370	400	260	170	260	260	500	530	950	390	530	610	750	440	1000	270	200	520	600	150	140	380	550	720	280	780	230	530	540	390	370	520	430	460	340	390	650	280	530	780	570	290	550	620	660	370	900	710	270	390	710	860	750	930	470	550	590	260	690	1000	1000	490	650	770	220	910	730	600	220	990	450	160	140	580	490	990	880	550	220	530	930	220	540	250	230	450	810	920	890	770	890	970	280	650	110	840	220	880	520	660	880	260	860	550	990	320	390	200	680	500	140	340	700	910	660	310	600	570	610	320	200	170	690	310	320	700	440	850	550	360	670	200	870	980	930	310	100	480	770	410	640	500	550	650	410	100	780	570	680	740	480	500	160	780	880	170	350	930	250	890	300	150	670	930	330	250	450	560	610	710	210	470	530	430	150	320	100	390	370	190	800	490	270	400	640	720	480	960	620	570	760	460	650	960	770	310	330	470	970	310	740	250	380	680	110	400	160	970	840	850	390	350	760	350	890	250	220	480	640	660	180	520	150	100	130	850	990	710	160	250	280	740	950	610	240	770	870	220	840	190	610	350	720	660	900	900	340	590	310	700	150	310	480	420	950	430	970	970	170	460	600	460	540	370	960	530	340	900	600	960	940	740	350	520	350	520	1000	560	140	950	270	470	580	940	140	1000	470	700	920	780	630	760	100	470	570	600	310	340	360	340	150	800	710	630	900	280	260	560	660	960	520	290	460	350	120	750	430	500	240	160	140	160	970	1000	230	180	590	620	400	790	980	420	450	830	620	560	470	790	750	770	480	970	940	200	780	150	900	250	110	330	240	840	550	620	900	480	230	290	710	730	360	470	800	790	980	180	690	930	300	140	330	480	970	390	200	210	490	430	780	140	340	180	960	650	730	120	260	720	640	660	780	550	690	460	720	730	380	670	990	870	440	410	720	790	410	730	540	670	460	730	570	570	800	770	810	930	550	120	200	790	100	790	710	490	250	450	150	560	440	370	500	420	590	630	400	490	290	650	260	150	610	780	780	350	740	350	180	250	230	600	110	590	370	750	400	980	510	950	140	560	800	510	840	270	600	520	360	360	460	510	720	350	700	880	290	210	170	150	380	130	800	180	800	470	860	510	320	450	910	670	270	140	570	860	700	230	110	440	180	670	270	640	890	720	200	260	150	810	700	140	990	400	260	1000	900	180	700	860	490	770	690	650	690	590	710	800	950	220	390	440	710	550	200	720	660	770	810	390	750	420	220	180	580	370	280	410	300	400	130	580	970	430	850	930	510	650	880	510	420	1000	580	250	160	840	330	480	180	490	210	880	150	840	970	540	300	710	190	830	940	960	440	110	450	740	540	860	190	810	790	990	660	330	140	220	370	1000	860	700	860	480	610	210	720	440	130	820	470	870	920	780	500	760	440	440	170	730	170	800	380	640	670	720	900	110	640	180	290	430	640	790	910	790	530	690	810	600	990	900	1000	280	690	820	100	510	730	320	590	190	440	570	770	330	120	530	140	130	990	950	430	170	770	1000	760	540	290	300	350	830	570	800	380	840	410	190	160	510	910	550	960	910	770	300	340	360	220	630	480	590	240	890	650	680	170	400	990	950	370	290	410	730	320	240	640	420	480	450	730	970	820	930	420	310	1000	160	920	890	640	760	540	910	980	730	400	130	650	370	610	600	490	560	310	110	750	460	100	580	480	350	290	710	880	150	800	460	450	520	930	580	580	520	160	760	460	620	130	770	340	400	500	920	320	980	630	510	400	410	430	160	910	760	400	500	400	330	970	430	350	660	730	660	290	530	840	850	660	520	900	350	860	200	190	680	210	660	150	330	500	910	220	590	830	460	900	830	300	690	850	650	790	810	670	750	980	360	730	300	220	140	270	670	890	250	350	550	930	900	320	130	380	850	770	600	580	480	170	870	840	370	560	420	870	220	830	860	980	340	920	560	180	380	780	620	720	890	740	900	920	510	950	490	850	750	190	910	690	710	190	700	210	740	810	330	590	450	630	710	890	570	700	570	280	470	800	590	170	380	770	790	670	640	100	500	480	220	220	960	850	500	730	990	990	810	1000	660	690	510	800	430	600	250	890	570	560	350	530	240	770	230	720	810	100	320	940	540	530	160	600	130	1000	370	120	550	160	170	770	950	130	690	970	640	860	790	820	420	630	430	300	960	290	120	900	340	770	740	140	300	730	140	860	130	950	290	350	380	880	210	400	490	710	290	970	310	470	570	110	900	880	370	1000	640	170	900	880	120	480	690	790	220	180	550	490	1000	730	730	100	590	540	710	760	190	510	460	320	350	530	970	760	410	660	390	850	960	210	710	670	520	970	300	340	970	850	230	650	800	690	560	720	280	960	970	850	670	100	900	900	230	260	680	930	560	970	320	180	610	990	140	310	640	100	360	410	580	170	930	470	480	920	660	920	670	660	150	470	600	300	190	470	400	720	800	760	930	100	600	640	590	380	420	390	830	200	410	870	280	510	760	660	500	790	570	810	320	640	330	700	360	650	350	620	1000	640	870	980	710	310	100	930	730	1000	680	990	220	100	300	370	330	400	480	250	350	760	390	950	470	280	760	360	920	500	440	160	250	100	490	110	630	210	780	970	330	180	970	1000	450	700	140	310	330	590	330	210	980	860	690	530	200	360	870	420	800	880	230	540	290	220	330	190	310	340	210	330	430	220	700	660	360	700	830	130	240	470	310	340	610	870	710	970	200	480	850	970	610	940	860	950	420	710	700	330	180	170	790	600	760	470	280	550	540	360	890	230	230	170	320	970	290	140	960	850	330	950	840	950	410	980	800	750	280	320	760	780	230	300	220	920	280	160	500	460	790	100	420	690	260	500	690	760	150	250	490	410	560	220	340	800	430	280	260	910	190	350	650	410	180	380	770	720	570	480	850	100	700	840	370	590	790	100	390	240	340	210	950	540	600	170	460	890	930	950	680	410	300	600	870	130	960	490	830	300	450	940	900	120	990	920	150	950	810	150	850	790	120	590	680	460	390	580	390	440	720	590	430	890	990	280	730	970	740	110	790	970	320	750	430	210	660	
10
