2844
80
4
90
0	500	0	0	0	0	0	0	0	0	0	0	0	0	0	0	0	0	0	0	0	0	0	0	0	0	0	0	0	0	0	0	0	0	0	0	0	0	0	0	0	0	0	0	0	0	0	0	0	0	0	0	0	0	0	0	0	0	0	500	500	0	0	0	0	0	500	0	0	0	0	0	0	0	0	0	0	0	0	0	
500	0	0	0	0	0	0	0	0	0	0	0	0	0	0	0	0	0	0	0	0	0	0	0	500	0	0	0	0	0	0	0	500	0	0	0	0	0	0	0	0	0	0	0	0	0	0	0	0	0	0	0	0	0	0	0	0	0	0	0	0	0	0	0	0	0	500	0	0	0	0	0	0	0	0	0	0	0	0	0	
0	0	0	0	0	0	0	0	0	0	0	0	0	0	500	0	500	0	0	0	0	0	0	0	0	0	0	0	0	0	0	0	0	0	0	0	0	0	0	0	0	0	0	0	0	0	500	0	0	0	0	500	0	0	0	0	0	0	0	0	0	0	0	0	0	0	0	0	0	0	0	0	0	0	0	0	0	0	0	0	
0	0	0	0	0	0	500	0	0	0	0	0	0	0	0	0	0	0	0	0	0	0	0	0	0	0	0	0	500	0	0	0	0	0	0	0	0	0	0	0	0	0	0	0	0	0	0	0	0	0	0	0	0	0	0	0	0	0	0	0	0	0	0	0	0	0	0	0	0	0	0	500	0	0	0	0	0	0	0	500	
0	0	0	0	0	0	0	0	0	0	0	0	0	0	0	0	0	0	500	0	0	0	0	0	0	0	0	0	0	0	0	0	0	0	0	0	0	0	0	0	0	0	0	0	0	0	0	0	0	0	0	0	0	0	0	0	0	0	0	500	0	0	0	0	0	0	0	0	0	500	0	0	0	0	500	0	0	0	0	0	
0	0	0	0	0	0	0	0	500	0	0	0	500	0	0	0	0	500	0	0	0	0	0	0	0	0	0	0	0	0	0	0	0	0	0	0	0	0	0	0	0	0	0	0	0	0	0	0	0	0	0	0	0	500	0	0	0	0	0	0	0	0	0	0	0	0	0	0	0	0	0	0	0	0	0	0	0	0	0	0	
0	0	0	500	0	0	0	0	0	0	0	0	0	0	0	0	0	0	0	0	0	0	0	500	0	0	0	0	0	0	0	0	0	0	0	0	0	500	0	0	0	0	0	0	0	0	0	500	0	0	0	0	0	0	0	0	0	0	0	0	0	0	0	0	0	0	0	0	0	0	0	0	0	0	0	0	0	0	0	0	
0	0	0	0	0	0	0	0	0	0	0	0	0	0	0	0	0	0	0	0	0	0	0	0	0	0	0	0	0	0	0	0	0	0	500	0	0	0	0	0	0	0	0	0	0	0	0	0	0	0	0	0	0	0	0	0	0	0	0	0	0	0	0	0	0	0	0	0	0	0	0	0	0	0	500	0	500	500	0	0	
0	0	0	0	0	500	0	0	0	0	0	0	500	0	0	0	0	0	0	0	0	0	0	0	0	0	0	0	0	0	0	0	0	0	0	0	0	0	0	0	0	0	0	0	0	0	500	0	0	0	0	0	0	0	0	0	0	0	0	0	0	0	500	0	0	0	0	0	0	0	0	0	0	0	0	0	0	0	0	0	
0	0	0	0	0	0	0	0	0	0	0	0	0	500	0	0	0	0	0	0	0	500	0	0	0	0	500	0	0	0	0	0	0	0	0	0	0	0	0	0	0	0	0	0	0	0	0	0	0	0	0	0	0	500	0	0	0	0	0	0	0	0	0	0	0	0	0	0	0	0	0	0	0	0	0	0	0	0	0	0	
0	0	0	0	0	0	0	0	0	0	0	0	0	0	500	500	0	0	0	0	0	0	0	0	0	0	0	0	0	0	0	0	0	0	0	0	0	0	0	0	0	0	0	0	0	0	0	0	0	0	0	0	0	0	0	0	0	0	500	0	0	0	0	0	0	500	0	0	0	0	0	0	0	0	0	0	0	0	0	0	
0	0	0	0	0	0	0	0	0	0	0	0	0	0	0	0	0	0	0	0	0	0	0	500	0	0	0	0	0	0	0	0	0	0	500	0	0	0	0	0	0	0	0	0	0	0	0	500	0	0	0	0	0	0	0	0	0	0	0	0	0	0	0	0	0	0	0	0	0	0	0	500	0	0	0	0	0	0	0	0	
0	0	0	0	0	500	0	0	500	0	0	0	0	0	0	0	0	0	0	0	0	0	0	0	0	0	0	0	0	0	0	0	0	0	0	0	0	0	0	0	0	0	0	0	0	0	500	0	0	0	0	0	0	0	0	0	0	0	0	0	0	0	500	0	0	0	0	0	0	0	0	0	0	0	0	0	0	0	0	0	
0	0	0	0	0	0	0	0	0	500	0	0	0	0	0	0	0	0	0	0	0	500	0	0	0	500	500	0	0	0	0	0	0	0	0	0	0	0	0	0	0	0	0	0	0	0	0	0	0	0	0	0	0	0	0	0	0	0	0	0	0	0	0	0	0	0	0	0	0	0	0	0	0	0	0	0	0	0	0	0	
0	0	500	0	0	0	0	0	0	0	500	0	0	0	0	0	500	0	0	0	0	0	0	0	0	0	0	0	0	0	0	0	0	0	0	0	0	0	0	0	0	0	0	0	0	0	0	0	0	0	0	500	0	0	0	0	0	0	0	0	0	0	0	0	0	0	0	0	0	0	0	0	0	0	0	0	0	0	0	0	
0	0	0	0	0	0	0	0	0	0	500	0	0	0	0	0	500	0	0	0	0	0	0	0	0	0	0	0	0	0	0	0	0	0	0	0	0	0	0	0	0	0	0	0	0	0	500	0	0	0	0	500	0	0	0	0	0	0	0	0	0	0	0	0	0	0	0	0	0	0	0	0	0	0	0	0	0	0	0	0	
0	0	500	0	0	0	0	0	0	0	0	0	0	0	500	500	0	0	0	0	0	0	0	0	0	0	0	0	0	0	0	0	0	0	0	0	0	0	0	0	0	0	0	0	0	0	0	0	0	0	0	500	0	0	0	0	0	0	0	0	0	0	0	0	0	0	0	0	0	0	0	0	0	0	0	0	0	0	0	0	
0	0	0	0	0	500	0	0	0	0	0	0	0	0	0	0	0	0	0	0	0	0	0	0	0	0	0	0	0	0	0	0	0	0	0	0	0	0	500	0	0	0	0	500	0	0	0	0	0	0	0	0	0	500	0	0	0	0	0	0	0	0	0	0	0	0	0	0	0	0	0	0	0	0	0	0	0	0	0	0	
0	0	0	0	500	0	0	0	0	0	0	0	0	0	0	0	0	0	0	0	0	0	0	0	0	0	0	0	0	0	0	0	0	0	0	0	0	0	0	0	0	0	0	0	0	0	0	0	0	0	0	0	0	0	0	0	0	0	0	0	0	0	0	0	0	0	0	0	0	500	0	0	500	0	500	0	0	0	0	0	
0	0	0	0	0	0	0	0	0	0	0	0	0	0	0	0	0	0	0	0	0	500	0	0	0	0	0	0	0	0	0	0	0	0	0	0	0	0	0	0	0	0	0	0	0	0	0	0	0	0	0	0	0	0	0	0	0	0	0	0	0	500	0	0	0	0	0	0	0	0	500	0	0	500	0	0	0	0	0	0	
0	0	0	0	0	0	0	0	0	0	0	0	0	0	0	0	0	0	0	0	0	0	0	0	0	0	0	0	0	0	0	0	0	0	0	500	0	0	0	0	0	0	0	0	0	0	0	0	0	0	500	0	500	0	0	0	0	0	0	0	500	0	0	0	0	0	0	0	0	0	0	0	0	0	0	0	0	0	0	0	
0	0	0	0	0	0	0	0	0	500	0	0	0	500	0	0	0	0	0	500	0	0	0	0	0	0	0	0	0	0	0	0	0	0	0	0	0	0	0	0	0	0	0	0	0	0	0	0	0	0	0	0	0	0	0	0	0	0	0	0	0	0	0	0	0	0	0	0	0	0	0	0	0	500	0	0	0	0	0	0	
0	0	0	0	0	0	0	0	0	0	0	0	0	0	0	0	0	0	0	0	0	0	0	0	0	0	0	0	0	0	0	0	0	0	0	0	0	0	0	0	0	0	0	0	0	0	0	0	0	0	500	0	500	0	500	0	500	0	0	0	0	0	0	0	0	0	0	0	0	0	0	0	0	0	0	0	0	0	0	0	
0	0	0	0	0	0	500	0	0	0	0	500	0	0	0	0	0	0	0	0	0	0	0	0	0	0	0	0	0	0	0	0	0	0	0	0	0	0	0	0	0	0	0	0	0	0	0	500	0	0	0	0	0	0	0	0	0	0	0	0	0	0	0	0	0	0	0	0	0	0	0	500	0	0	0	0	0	0	0	0	
0	500	0	0	0	0	0	0	0	0	0	0	0	0	0	0	0	0	0	0	0	0	0	0	0	0	0	0	0	0	0	0	500	0	0	0	0	0	0	0	0	500	0	0	0	500	0	0	0	0	0	0	0	0	0	0	0	0	0	0	0	0	0	0	0	0	0	0	0	0	0	0	0	0	0	0	0	0	0	0	
0	0	0	0	0	0	0	0	0	0	0	0	0	500	0	0	0	0	0	0	0	0	0	0	0	0	500	0	0	0	0	0	0	0	0	0	0	0	0	0	0	0	0	0	0	0	0	0	0	0	0	0	0	0	0	0	0	0	0	0	0	0	0	0	0	0	0	0	0	0	500	0	0	500	0	0	0	0	0	0	
0	0	0	0	0	0	0	0	0	500	0	0	0	500	0	0	0	0	0	0	0	0	0	0	0	500	0	0	0	0	0	0	0	0	0	0	0	0	0	0	0	0	0	0	0	0	0	0	0	0	0	0	0	0	0	0	0	0	0	0	0	0	0	0	0	0	0	0	0	0	0	0	0	500	0	0	0	0	0	0	
0	0	0	0	0	0	0	0	0	0	0	0	0	0	0	0	0	0	0	0	0	0	0	0	0	0	0	0	0	0	0	500	0	0	0	0	0	500	0	0	0	0	0	0	0	0	0	0	0	0	0	0	0	0	0	0	500	0	0	500	0	0	0	0	0	0	0	0	0	0	0	0	0	0	0	0	0	0	0	0	
0	0	0	500	0	0	0	0	0	0	0	0	0	0	0	0	0	0	0	0	0	0	0	0	0	0	0	0	0	0	0	0	0	0	0	0	0	500	0	0	0	0	0	0	0	0	0	0	0	0	0	0	0	0	0	0	500	0	0	0	0	0	0	0	0	0	0	0	0	0	0	0	0	0	0	0	0	0	0	500	
0	0	0	0	0	0	0	0	0	0	0	0	0	0	0	0	0	0	0	0	0	0	0	0	0	0	0	0	0	0	0	0	0	0	0	0	0	0	0	0	0	0	500	0	0	0	0	0	0	0	0	0	0	0	0	0	0	0	0	0	0	500	0	0	0	0	0	0	0	0	500	0	500	0	0	0	0	0	0	0	
0	0	0	0	0	0	0	0	0	0	0	0	0	0	0	0	0	0	0	0	0	0	0	0	0	0	0	0	0	0	0	0	0	0	0	500	0	0	0	0	0	0	0	0	0	0	0	0	500	0	0	0	0	0	0	0	0	0	0	0	0	0	0	0	0	0	0	0	500	0	0	0	0	0	0	0	0	0	500	0	
0	0	0	0	0	0	0	0	0	0	0	0	0	0	0	0	0	0	0	0	0	0	0	0	0	0	0	500	0	0	0	0	0	0	0	0	0	500	0	0	0	0	0	0	0	0	0	0	0	0	0	0	0	0	0	0	0	0	0	500	500	0	0	0	0	0	0	0	0	0	0	0	0	0	0	0	0	0	0	0	
0	500	0	0	0	0	0	0	0	0	0	0	0	0	0	0	0	0	0	0	0	0	0	0	500	0	0	0	0	0	0	0	0	0	0	0	0	0	0	0	0	500	0	0	0	500	0	0	0	0	0	0	0	0	0	0	0	0	0	0	0	0	0	0	0	0	0	0	0	0	0	0	0	0	0	0	0	0	0	0	
0	0	0	0	0	0	0	0	0	0	0	0	0	0	0	0	0	0	0	0	0	0	0	0	0	0	0	0	0	0	0	0	0	0	0	0	0	0	0	0	0	0	0	0	0	0	0	0	500	0	0	0	0	0	0	0	0	500	0	0	0	0	0	0	500	0	0	0	500	0	0	0	0	0	0	0	0	0	0	0	
0	0	0	0	0	0	0	500	0	0	0	500	0	0	0	0	0	0	0	0	0	0	0	0	0	0	0	0	0	0	0	0	0	0	0	0	500	0	0	0	0	0	0	0	0	0	0	0	0	0	0	0	0	0	0	0	0	0	0	0	0	0	0	0	0	0	0	0	0	0	0	0	0	0	0	0	500	0	0	0	
0	0	0	0	0	0	0	0	0	0	0	0	0	0	0	0	0	0	0	0	500	0	0	0	0	0	0	0	0	0	500	0	0	0	0	0	0	0	0	0	0	0	0	0	0	0	0	0	500	0	0	0	0	0	0	0	0	0	0	0	0	0	0	0	0	0	0	0	0	0	0	0	0	0	0	0	0	0	500	0	
0	0	0	0	0	0	0	0	0	0	0	0	0	0	0	0	0	0	0	0	0	0	0	0	0	0	0	0	0	0	0	0	0	0	500	0	0	0	0	0	0	0	0	0	0	0	0	500	0	0	0	0	0	0	0	0	0	0	0	0	0	0	0	0	0	0	0	0	0	0	0	500	0	0	0	0	500	0	0	0	
0	0	0	0	0	0	500	0	0	0	0	0	0	0	0	0	0	0	0	0	0	0	0	0	0	0	0	500	500	0	0	500	0	0	0	0	0	0	0	0	0	0	0	0	0	0	0	0	0	0	0	0	0	0	0	0	0	0	0	0	0	0	0	0	0	0	0	0	0	0	0	0	0	0	0	0	0	0	0	0	
0	0	0	0	0	0	0	0	0	0	0	0	0	0	0	0	0	500	0	0	0	0	0	0	0	0	0	0	0	0	0	0	0	0	0	0	0	0	0	0	0	0	0	500	0	0	0	0	0	0	0	0	0	500	0	0	0	0	0	0	0	500	0	0	0	0	0	0	0	0	0	0	0	0	0	0	0	0	0	0	
0	0	0	0	0	0	0	0	0	0	0	0	0	0	0	0	0	0	0	0	0	0	0	0	0	0	0	0	0	0	0	0	0	0	0	0	0	0	0	0	0	0	0	0	0	0	0	0	0	0	0	0	0	0	0	0	0	0	500	0	0	0	500	0	0	500	0	0	0	0	0	0	0	0	0	500	0	0	0	0	
0	0	0	0	0	0	0	0	0	0	0	0	0	0	0	0	0	0	0	0	0	0	0	0	0	0	0	0	0	0	0	0	0	0	0	0	0	0	0	0	0	0	0	0	0	0	0	0	0	0	0	0	0	0	0	0	0	0	500	0	0	0	500	0	0	500	0	0	0	0	0	0	0	0	0	500	0	0	0	0	
0	0	0	0	0	0	0	0	0	0	0	0	0	0	0	0	0	0	0	0	0	0	0	0	500	0	0	0	0	0	0	0	500	0	0	0	0	0	0	0	0	0	0	0	0	500	0	0	0	500	0	0	0	0	0	0	0	0	0	0	0	0	0	0	0	0	0	0	0	0	0	0	0	0	0	0	0	0	0	0	
0	0	0	0	0	0	0	0	0	0	0	0	0	0	0	0	0	0	0	0	0	0	0	0	0	0	0	0	0	500	0	0	0	0	0	0	0	0	0	0	0	0	0	0	500	0	0	0	0	500	0	0	0	0	0	0	0	0	0	0	0	500	0	0	0	0	0	0	0	0	0	0	0	0	0	0	0	0	0	0	
0	0	0	0	0	0	0	0	0	0	0	0	0	0	0	0	0	500	0	0	0	0	0	0	0	0	0	0	0	0	0	0	0	0	0	0	0	0	500	0	0	0	0	0	500	0	0	0	0	0	0	0	0	0	0	0	0	0	0	0	0	0	0	0	0	0	0	0	0	0	500	0	0	0	0	0	0	0	0	0	
0	0	0	0	0	0	0	0	0	0	0	0	0	0	0	0	0	0	0	0	0	0	0	0	0	0	0	0	0	0	0	0	0	0	0	0	0	0	0	0	0	0	500	500	0	0	0	0	0	500	0	0	0	0	0	0	0	0	0	0	0	0	0	500	0	0	0	0	0	0	0	0	0	0	0	0	0	0	0	0	
0	0	0	0	0	0	0	0	0	0	0	0	0	0	0	0	0	0	0	0	0	0	0	0	500	0	0	0	0	0	0	0	500	0	0	0	0	0	0	0	0	500	0	0	0	0	0	0	0	500	0	0	0	0	0	0	0	0	0	0	0	0	0	0	0	0	0	0	0	0	0	0	0	0	0	0	0	0	0	0	
0	0	500	0	0	0	0	0	500	0	0	0	500	0	0	500	0	0	0	0	0	0	0	0	0	0	0	0	0	0	0	0	0	0	0	0	0	0	0	0	0	0	0	0	0	0	0	0	0	0	0	0	0	0	0	0	0	0	0	0	0	0	0	0	0	0	0	0	0	0	0	0	0	0	0	0	0	0	0	0	
0	0	0	0	0	0	500	0	0	0	0	500	0	0	0	0	0	0	0	0	0	0	0	500	0	0	0	0	0	0	0	0	0	0	0	0	500	0	0	0	0	0	0	0	0	0	0	0	0	0	0	0	0	0	0	0	0	0	0	0	0	0	0	0	0	0	0	0	0	0	0	0	0	0	0	0	0	0	0	0	
0	0	0	0	0	0	0	0	0	0	0	0	0	0	0	0	0	0	0	0	0	0	0	0	0	0	0	0	0	0	500	0	0	500	0	500	0	0	0	0	0	0	0	0	0	0	0	0	0	0	0	0	0	0	0	0	0	0	0	0	0	0	0	0	0	0	0	0	500	0	0	0	0	0	0	0	0	0	0	0	
0	0	0	0	0	0	0	0	0	0	0	0	0	0	0	0	0	0	0	0	0	0	0	0	0	0	0	0	0	0	0	0	0	0	0	0	0	0	0	0	0	500	500	0	500	500	0	0	0	0	0	0	0	0	0	0	0	0	0	0	0	0	0	0	0	0	0	0	0	0	0	0	0	0	0	0	0	0	0	0	
0	0	0	0	0	0	0	0	0	0	0	0	0	0	0	0	0	0	0	0	500	0	500	0	0	0	0	0	0	0	0	0	0	0	0	0	0	0	0	0	0	0	0	0	0	0	0	0	0	0	0	0	500	0	0	0	500	0	0	0	0	0	0	0	0	0	0	0	0	0	0	0	0	0	0	0	0	0	0	0	
0	0	500	0	0	0	0	0	0	0	0	0	0	0	500	500	500	0	0	0	0	0	0	0	0	0	0	0	0	0	0	0	0	0	0	0	0	0	0	0	0	0	0	0	0	0	0	0	0	0	0	0	0	0	0	0	0	0	0	0	0	0	0	0	0	0	0	0	0	0	0	0	0	0	0	0	0	0	0	0	
0	0	0	0	0	0	0	0	0	0	0	0	0	0	0	0	0	0	0	0	500	0	500	0	0	0	0	0	0	0	0	0	0	0	0	0	0	0	0	0	0	0	0	0	0	0	0	0	0	0	500	0	0	0	500	0	0	0	0	0	0	0	0	0	0	0	0	0	0	0	0	0	0	0	0	0	0	0	0	0	
0	0	0	0	0	500	0	0	0	500	0	0	0	0	0	0	0	500	0	0	0	0	0	0	0	0	0	0	0	0	0	0	0	0	0	0	0	0	500	0	0	0	0	0	0	0	0	0	0	0	0	0	0	0	0	0	0	0	0	0	0	0	0	0	0	0	0	0	0	0	0	0	0	0	0	0	0	0	0	0	
0	0	0	0	0	0	0	0	0	0	0	0	0	0	0	0	0	0	0	0	0	0	500	0	0	0	0	0	0	0	0	0	0	0	0	0	0	0	0	0	0	0	0	0	0	0	0	0	0	0	0	0	500	0	0	0	0	500	0	0	0	0	0	0	500	0	0	0	0	0	0	0	0	0	0	0	0	0	0	0	
0	0	0	0	0	0	0	0	0	0	0	0	0	0	0	0	0	0	0	0	0	0	0	0	0	0	0	0	0	0	0	0	0	0	0	0	0	0	0	0	0	0	0	0	0	0	0	0	0	0	0	0	0	0	0	0	0	0	0	0	0	0	0	500	0	0	500	0	0	0	0	0	500	0	0	0	0	0	500	0	
0	0	0	0	0	0	0	0	0	0	0	0	0	0	0	0	0	0	0	0	0	0	500	0	0	0	0	500	500	0	0	0	0	0	0	0	0	0	0	0	0	0	0	0	0	0	0	0	0	0	500	0	0	0	0	0	0	0	0	0	0	0	0	0	0	0	0	0	0	0	0	0	0	0	0	0	0	0	0	0	
0	0	0	0	0	0	0	0	0	0	0	0	0	0	0	0	0	0	0	0	0	0	0	0	0	0	0	0	0	0	0	0	0	500	0	0	0	0	0	0	0	0	0	0	0	0	0	0	0	0	0	0	0	0	500	0	0	0	0	0	0	0	0	0	500	0	0	500	0	0	0	0	0	0	0	0	0	0	0	0	
0	0	0	0	0	0	0	0	0	0	500	0	0	0	0	0	0	0	0	0	0	0	0	0	0	0	0	0	0	0	0	0	0	0	0	0	0	0	0	500	500	0	0	0	0	0	0	0	0	0	0	0	0	0	0	0	0	0	0	0	0	0	0	0	0	0	0	0	0	0	0	0	0	0	0	500	0	0	0	0	
500	0	0	0	500	0	0	0	0	0	0	0	0	0	0	0	0	0	0	0	0	0	0	0	0	0	0	500	0	0	0	500	0	0	0	0	0	0	0	0	0	0	0	0	0	0	0	0	0	0	0	0	0	0	0	0	0	0	0	0	0	0	0	0	0	0	0	0	0	0	0	0	0	0	0	0	0	0	0	0	
500	0	0	0	0	0	0	0	0	0	0	0	0	0	0	0	0	0	0	0	500	0	0	0	0	0	0	0	0	0	0	500	0	0	0	0	0	0	0	0	0	0	0	0	0	0	0	0	0	0	0	0	0	0	0	0	0	0	0	0	0	0	0	0	0	0	500	0	0	0	0	0	0	0	0	0	0	0	0	0	
0	0	0	0	0	0	0	0	0	0	0	0	0	0	0	0	0	0	0	500	0	0	0	0	0	0	0	0	0	500	0	0	0	0	0	0	0	0	500	0	0	0	500	0	0	0	0	0	0	0	0	0	0	0	0	0	0	0	0	0	0	0	0	0	0	0	0	0	0	0	0	0	0	0	0	0	0	0	0	0	
0	0	0	0	0	0	0	0	500	0	0	0	500	0	0	0	0	0	0	0	0	0	0	0	0	0	0	0	0	0	0	0	0	0	0	0	0	0	0	500	500	0	0	0	0	0	0	0	0	0	0	0	0	0	0	0	0	0	0	0	0	0	0	0	0	0	0	0	0	0	0	0	0	0	0	0	0	0	0	0	
0	0	0	0	0	0	0	0	0	0	0	0	0	0	0	0	0	0	0	0	0	0	0	0	0	0	0	0	0	0	0	0	0	0	0	0	0	0	0	0	0	0	0	0	500	0	0	0	0	0	0	0	0	0	0	500	0	0	0	0	0	0	0	0	0	0	0	0	0	0	0	0	500	0	0	0	0	0	500	0	
0	0	0	0	0	0	0	0	0	0	0	0	0	0	0	0	0	0	0	0	0	0	0	0	0	0	0	0	0	0	0	0	0	500	0	0	0	0	0	0	0	0	0	0	0	0	0	0	0	0	0	0	0	0	500	0	0	500	0	0	0	0	0	0	0	0	0	500	0	0	0	0	0	0	0	0	0	0	0	0	
0	0	0	0	0	0	0	0	0	0	500	0	0	0	0	0	0	0	0	0	0	0	0	0	0	0	0	0	0	0	0	0	0	0	0	0	0	0	0	500	500	0	0	0	0	0	0	0	0	0	0	0	0	0	0	0	0	0	0	0	0	0	0	0	0	0	0	0	0	0	0	0	0	0	0	500	0	0	0	0	
500	500	0	0	0	0	0	0	0	0	0	0	0	0	0	0	0	0	0	0	0	0	0	0	0	0	0	0	0	0	0	0	0	0	0	0	0	0	0	0	0	0	0	0	0	0	0	0	0	0	0	0	0	0	0	500	0	0	0	0	500	0	0	0	0	0	0	0	0	0	0	0	0	0	0	0	0	0	0	0	
0	0	0	0	0	0	0	0	0	0	0	0	0	0	0	0	0	0	0	0	0	0	0	0	0	0	0	0	0	0	0	0	0	0	0	0	0	0	0	0	0	0	0	0	0	0	0	0	0	0	0	0	0	0	0	0	0	500	0	0	0	0	0	0	500	0	0	0	500	0	0	0	0	0	0	0	0	0	0	500	
0	0	0	0	0	0	0	0	0	0	0	0	0	0	0	0	0	0	0	0	0	0	0	0	0	0	0	0	0	0	500	0	0	500	0	0	0	0	0	0	0	0	0	0	0	0	0	0	500	0	0	0	0	0	0	0	0	0	0	0	0	0	0	0	0	0	0	500	0	0	0	0	0	0	0	0	0	0	0	0	
0	0	0	0	500	0	0	0	0	0	0	0	0	0	0	0	0	0	500	0	0	0	0	0	0	0	0	0	0	0	0	0	0	0	0	0	0	0	0	0	0	0	0	0	0	0	0	0	0	0	0	0	0	0	0	0	0	0	0	0	0	0	0	0	0	0	0	0	0	0	0	0	0	0	500	0	0	500	0	0	
0	0	0	0	0	0	0	0	0	0	0	0	0	0	0	0	0	0	0	500	0	0	0	0	0	500	0	0	0	500	0	0	0	0	0	0	0	0	0	0	0	0	0	500	0	0	0	0	0	0	0	0	0	0	0	0	0	0	0	0	0	0	0	0	0	0	0	0	0	0	0	0	0	0	0	0	0	0	0	0	
0	0	0	500	0	0	0	0	0	0	0	500	0	0	0	0	0	0	0	0	0	0	0	500	0	0	0	0	0	0	0	0	0	0	0	0	500	0	0	0	0	0	0	0	0	0	0	0	0	0	0	0	0	0	0	0	0	0	0	0	0	0	0	0	0	0	0	0	0	0	0	0	0	0	0	0	0	0	0	0	
0	0	0	0	0	0	0	0	0	0	0	0	0	0	0	0	0	0	500	0	0	0	0	0	0	0	0	0	0	500	0	0	0	0	0	0	0	0	0	0	0	0	0	0	0	0	0	0	0	0	0	0	0	0	0	500	0	0	0	0	0	0	0	500	0	0	0	0	0	0	0	0	0	0	0	0	0	0	0	0	
0	0	0	0	0	0	0	0	0	0	0	0	0	0	0	0	0	0	0	500	0	500	0	0	0	500	500	0	0	0	0	0	0	0	0	0	0	0	0	0	0	0	0	0	0	0	0	0	0	0	0	0	0	0	0	0	0	0	0	0	0	0	0	0	0	0	0	0	0	0	0	0	0	0	0	0	0	0	0	0	
0	0	0	0	500	0	0	500	0	0	0	0	0	0	0	0	0	0	500	0	0	0	0	0	0	0	0	0	0	0	0	0	0	0	0	0	0	0	0	0	0	0	0	0	0	0	0	0	0	0	0	0	0	0	0	0	0	0	0	0	0	0	0	0	0	0	0	0	0	500	0	0	0	0	0	0	0	0	0	0	
0	0	0	0	0	0	0	0	0	0	0	0	0	0	0	0	0	0	0	0	0	0	0	0	0	0	0	0	0	0	0	0	0	0	0	0	0	0	0	500	500	0	0	0	0	0	0	0	0	0	0	0	0	0	0	0	0	0	500	0	0	0	0	0	0	500	0	0	0	0	0	0	0	0	0	0	0	0	0	0	
0	0	0	0	0	0	0	500	0	0	0	0	0	0	0	0	0	0	0	0	0	0	0	0	0	0	0	0	0	0	0	0	0	0	500	0	500	0	0	0	0	0	0	0	0	0	0	0	0	0	0	0	0	0	0	0	0	0	0	0	0	0	0	0	0	0	0	0	0	0	0	0	0	0	0	0	0	500	0	0	
0	0	0	0	0	0	0	500	0	0	0	0	0	0	0	0	0	0	0	0	0	0	0	0	0	0	0	0	0	0	0	0	0	0	0	0	0	0	0	0	0	0	0	0	0	0	0	0	0	0	0	0	0	0	0	0	0	0	0	0	0	0	0	0	0	0	0	0	0	500	0	0	0	0	0	0	500	0	0	500	
0	0	0	0	0	0	0	0	0	0	0	0	0	0	0	0	0	0	0	0	0	0	0	0	0	0	0	0	0	0	500	0	0	0	0	500	0	0	0	0	0	0	0	0	0	0	0	0	0	0	0	0	0	0	0	500	0	0	0	0	0	0	0	500	0	0	0	0	0	0	0	0	0	0	0	0	0	0	0	0	
0	0	0	500	0	0	0	0	0	0	0	0	0	0	0	0	0	0	0	0	0	0	0	0	0	0	0	0	500	0	0	0	0	0	0	0	0	0	0	0	0	0	0	0	0	0	0	0	0	0	0	0	0	0	0	0	0	0	0	0	0	0	0	0	0	0	0	500	0	0	0	0	0	0	0	0	0	500	0	0	
28	31	67	31	79	36	74	74	33	33	6	60	47	18	52	1	53	22	50	38	16	40	43	24	15	37	13	20	9	22	24	46	20	62	39	27	2	63	55	53	61	63	79	3	13	74	25	64	76	39	15	68	34	64	72	72	8	14	14	38	41	1	19	70	53	3	17	33	56	17	36	7	52	45	78	67	74	57	35	39	10	22	2	36	4	51	44	42	27	19	36	60	15	6	24	57	33	46	60	35	34	27	47	11	51	62	2	34	5	57	55	73	41	12	15	16	64	56	58	41	76	14	10	37	60	32	79	53	3	15	27	74	16	10	47	53	6	68	43	38	5	45	32	79	78	71	65	65	34	50	61	77	2	47	53	36	63	31	27	71	26	20	32	6	4	46	4	67	46	47	56	31	26	23	79	27	39	7	56	40	24	32	23	41	19	79	66	39	44	27	45	10	51	35	35	30	21	35	51	1	30	24	73	47	44	79	19	70	12	21	12	18	27	71	3	65	69	2	37	47	25	3	45	58	50	23	10	14	14	43	24	57	57	44	68	8	1	39	12	7	4	9	44	51	60	47	65	42	9	54	40	73	38	11	47	28	34	59	34	0	71	51	46	19	53	65	64	18	72	32	38	41	12	30	76	53	15	8	15	68	46	43	77	35	69	37	2	46	34	17	12	35	50	65	62	34	76	49	21	48	78	58	60	50	72	59	19	56	26	3	34	20	30	10	17	71	56	26	0	76	18	30	72	38	3	78	15	27	32	17	64	2	66	37	2	2	68	21	30	62	25	9	59	69	26	74	54	23	0	34	4	25	18	14	20	62	24	26	2	40	75	37	27	35	3	34	28	10	17	73	49	65	45	61	39	52	10	5	56	18	1	43	26	40	28	3	66	43	79	67	22	1	79	79	56	20	56	34	7	67	52	5	2	44	70	58	29	20	79	1	72	18	53	41	25	56	57	45	59	20	39	34	60	36	70	61	63	4	10	34	71	50	58	56	38	38	22	50	59	38	72	17	54	68	34	6	34	66	62	50	17	58	40	14	8	71	1	17	20	75	23	46	0	61	23	16	61	70	11	64	26	35	28	74	25	22	5	13	68	45	31	26	10	64	19	66	78	68	63	44	64	36	7	77	61	13	49	5	9	58	2	23	69	21	60	73	59	5	68	45	11	30	60	60	13	72	3	16	58	66	70	57	1	17	43	13	11	12	17	53	44	13	30	17	8	7	17	72	12	27	21	15	69	51	69	61	21	22	8	27	38	77	77	79	22	55	33	22	16	49	52	65	48	11	68	31	16	42	37	39	3	21	7	54	65	78	9	43	35	44	52	54	79	60	13	78	42	72	69	5	49	32	11	71	44	20	40	0	25	39	66	78	43	47	48	7	65	56	49	7	8	62	33	59	15	77	41	18	38	44	60	20	72	31	6	47	73	63	47	62	23	78	77	51	75	77	66	9	52	61	58	53	14	65	35	45	60	67	47	70	27	5	54	14	14	19	43	46	18	75	43	76	41	10	22	4	51	23	41	6	65	40	18	73	34	41	32	74	17	38	4	38	77	18	5	54	6	78	13	24	71	30	74	54	19	74	8	23	60	34	37	79	33	37	1	31	68	46	31	78	42	6	10	6	40	29	75	45	4	10	12	56	62	0	54	73	67	73	70	57	74	2	11	12	27	61	16	1	62	44	28	50	31	5	41	26	66	31	19	39	41	31	29	19	63	32	62	40	14	33	39	19	21	30	38	2	60	34	42	41	62	15	27	7	50	25	0	60	3	40	40	1	78	56	18	33	58	61	54	42	1	65	11	79	65	69	40	48	37	64	34	5	34	6	41	7	20	77	36	40	14	10	49	68	9	52	6	71	31	17	71	46	17	10	23	26	3	17	71	12	6	55	56	37	26	13	55	44	48	59	42	4	32	69	71	11	10	58	26	55	7	1	38	57	9	79	48	58	32	10	66	9	20	52	20	50	67	53	5	17	38	41	45	51	55	73	58	41	3	10	18	3	2	45	77	50	65	35	78	1	17	31	48	41	46	0	57	27	51	58	70	50	67	18	68	69	44	10	45	52	6	22	38	58	78	10	5	56	23	71	62	26	40	38	3	70	17	57	37	38	22	19	62	15	28	42	19	45	42	18	67	78	58	1	4	42	75	34	49	38	24	25	17	21	74	31	40	38	4	62	44	57	77	11	31	70	51	34	27	24	11	58	24	6	74	31	61	73	17	48	46	16	13	13	54	57	59	46	42	31	49	41	67	51	43	57	16	19	46	38	65	2	10	61	20	49	40	55	78	67	28	75	13	34	45	44	25	77	54	4	71	37	62	10	69	20	11	44	19	66	63	62	58	51	61	37	17	4	63	5	67	5	8	37	62	75	66	8	7	64	25	13	50	20	3	68	60	34	54	18	18	26	17	31	57	77	38	39	68	23	27	19	8	69	48	31	24	2	70	28	42	23	24	8	30	12	8	59	49	0	3	19	18	76	43	42	75	77	40	76	17	60	70	7	77	26	20	32	79	45	11	50	70	35	43	21	50	51	25	62	2	8	2	25	50	77	0	52	63	50	2	28	69	33	20	25	28	63	13	61	56	62	54	56	20	66	0	57	3	77	23	13	21	62	35	35	19	15	4	19	47	76	56	46	56	53	12	16	68	1	37	62	50	71	27	7	75	29	61	11	6	51	22	10	35	65	72	62	69	42	67	39	44	5	33	45	57	68	79	17	73	63	75	39	0	2	14	48	50	55	17	52	44	33	58	48	36	4	10	53	44	48	50	0	42	73	63	46	62	1	72	76	2	73	72	40	10	60	30	48	4	74	69	50	16	48	56	51	39	72	11	13	37	8	44	30	56	31	35	78	56	9	9	76	44	65	44	73	25	37	32	37	59	47	39	76	73	27	2	58	24	79	3	44	15	59	65	55	14	19	30	46	7	11	76	0	30	79	14	7	52	79	68	32	8	16	31	51	49	23	68	4	32	18	76	35	48	20	60	6	19	30	27	3	63	35	13	78	9	11	78	27	79	39	29	21	34	42	44	43	29	35	58	50	75	73	64	20	5	36	30	5	38	38	1	40	18	34	74	4	51	25	42	32	33	62	61	10	73	30	49	28	23	39	50	70	15	2	41	63	41	20	0	36	62	74	21	43	29	56	66	74	40	41	35	54	55	57	9	75	35	77	42	56	73	62	30	70	62	14	2	28	75	52	44	11	44	17	34	55	26	24	78	2	18	56	66	58	46	15	7	46	62	1	38	19	14	32	34	40	15	3	68	27	66	12	39	53	25	47	38	13	16	49	57	28	10	60	29	45	41	53	76	15	75	77	69	2	49	66	71	57	49	77	19	7	31	4	12	22	69	33	74	47	41	19	70	27	12	17	24	6	63	64	33	42	68	35	19	18	15	65	65	58	46	49	11	31	27	21	45	16	15	25	1	78	70	77	74	61	2	47	43	55	18	14	77	39	74	51	63	59	51	62	65	32	54	54	19	29	30	52	79	61	4	0	61	27	7	20	25	76	47	28	65	35	2	76	12	62	68	70	8	21	0	71	39	36	49	31	44	2	40	74	76	10	8	42	39	79	62	65	73	20	22	61	1	54	57	18	9	29	62	79	36	4	50	36	74	56	51	27	76	70	16	45	26	12	62	79	78	15	72	0	11	67	12	4	67	7	27	41	8	64	59	42	68	0	38	61	1	19	39	73	75	13	69	68	55	31	18	75	29	71	24	67	9	73	3	64	62	52	24	25	10	41	32	43	61	62	40	67	67	32	37	75	59	65	17	35	48	34	7	56	59	62	77	49	21	58	27	67	14	46	79	60	67	51	23	11	0	60	60	68	36	29	21	14	26	13	35	24	46	73	30	20	27	62	69	41	16	50	45	75	35	37	23	63	20	51	60	65	21	3	3	8	6	23	75	75	36	58	58	59	42	40	13	43	59	11	39	73	69	9	40	52	5	37	72	1	17	58	59	67	78	48	70	43	24	0	59	17	74	51	36	48	26	32	70	11	38	9	54	1	34	34	62	7	29	61	24	59	43	57	32	30	24	74	69	38	59	67	54	69	51	36	52	28	0	45	65	43	69	46	45	3	49	10	42	39	22	17	8	6	37	36	40	17	15	4	11	74	20	44	51	39	60	0	57	30	9	54	7	67	68	79	10	28	18	22	52	15	30	72	74	0	39	12	18	23	3	66	70	62	21	52	26	68	18	34	42	42	72	65	32	47	2	79	25	8	34	58	57	19	14	16	31	25	79	48	17	72	57	52	76	43	4	51	29	72	27	23	68	16	37	74	22	71	71	74	68	46	56	41	22	19	59	41	70	56	22	11	74	21	64	1	3	78	72	12	58	63	55	32	17	67	79	55	8	0	53	55	71	43	79	43	37	0	37	5	41	19	5	32	16	23	63	10	0	68	22	75	69	53	36	2	51	66	76	72	66	61	44	6	8	53	47	59	15	31	57	70	69	3	17	75	16	20	57	79	45	16	67	48	54	44	36	52	1	76	18	78	34	7	45	79	60	30	74	52	54	61	41	41	30	70	8	47	29	67	51	48	57	2	9	73	30	73	70	73	27	4	33	46	3	73	9	39	48	0	73	66	45	59	44	52	61	7	36	59	53	10	79	65	7	22	52	47	57	62	8	55	46	62	39	44	22	57	41	38	67	78	41	60	61	54	10	11	74	37	55	6	4	51	76	22	65	11	37	71	53	65	34	51	14	75	3	10	57	8	14	57	22	71	73	75	67	55	45	46	67	34	18	63	79	75	17	57	68	2	31	49	29	9	6	1	11	21	72	12	9	13	72	77	62	58	67	18	60	62	10	50	41	69	68	76	32	51	6	27	38	16	5	67	60	42	42	28	28	10	58	64	2	39	58	44	56	11	36	72	73	71	44	1	49	12	55	51	28	35	46	62	33	48	49	10	34	27	18	72	34	44	3	57	50	51	23	75	39	69	40	62	3	64	65	3	76	51	6	26	40	21	6	23	11	49	63	79	5	72	17	48	16	38	30	57	2	39	14	36	35	47	72	44	72	50	40	76	79	53	36	24	24	73	64	55	28	14	30	23	12	18	30	47	55	51	75	38	10	69	68	45	72	34	56	41	41	58	28	26	67	56	58	40	72	55	14	39	24	51	24	79	51	64	68	11	63	43	40	55	41	21	22	8	40	44	62	48	0	76	7	77	3	34	54	34	22	6	10	40	48	73	46	38	53	32	21	59	53	76	58	72	20	6	36	2	45	10	58	22	69	79	52	54	67	30	21	78	33	51	5	18	24	58	37	69	56	35	68	44	30	11	22	29	25	36	34	51	6	61	56	33	62	50	60	32	1	79	65	42	12	77	48	75	78	65	46	66	48	77	9	46	59	70	37	21	6	52	57	12	19	23	58	51	69	4	45	6	4	42	9	5	27	42	27	26	59	45	33	47	78	10	13	51	71	26	28	54	44	47	59	59	42	34	22	41	29	70	15	27	15	24	34	22	25	9	33	45	63	65	76	8	53	58	59	32	9	63	2	55	68	54	30	41	57	40	2	45	33	71	48	49	32	43	48	53	0	45	65	72	33	41	54	23	8	39	26	35	25	43	10	3	67	58	63	15	62	47	28	58	44	55	54	62	37	63	41	26	50	34	40	59	43	22	26	70	13	17	25	30	26	61	2	1	59	8	47	52	59	8	72	33	78	45	20	78	3	35	34	49	46	9	16	40	8	27	60	48	28	7	54	18	5	31	29	29	65	50	4	27	46	11	60	41	62	62	64	64	25	21	3	68	14	24	75	7	21	44	8	77	0	79	13	72	7	67	23	47	39	75	63	16	43	12	51	74	8	37	51	78	30	54	47	30	62	27	63	11	9	63	5	75	63	69	27	20	36	55	30	12	68	56	4	61	0	20	78	6	28	62	28	45	16	46	59	57	67	34	62	22	63	76	24	54	65	50	69	14	24	46	78	26	33	8	68	8	40	28	42	29	50	68	53	13	49	56	58	27	71	3	39	27	26	79	69	74	72	65	30	56	42	67	71	74	22	0	37	73	25	56	11	26	4	33	35	15	70	41	65	33	16	22	38	34	31	33	0	5	18	3	37	74	22	53	19	66	53	22	40	59	22	64	56	72	31	47	0	68	58	68	60	70	4	42	75	60	8	72	27	47	10	53	50	67	78	74	39	6	67	21	22	69	8	37	2	54	67	37	54	6	53	34	28	72	13	52	6	24	21	9	63	70	14	53	40	27	19	50	0	77	38	66	31	39	9	4	68	10	5	52	66	63	55	11	15	53	41	31	58	14	72	47	34	43	39	33	22	20	4	9	19	17	45	62	28	2	67	27	24	42	79	63	45	44	70	20	2	32	53	26	20	60	61	78	11	41	67	33	51	54	53	18	53	4	20	47	22	40	52	44	75	24	59	63	8	23	28	60	20	15	25	1	22	55	
9	63	22	52	24	13	50	8	11	36	78	25	28	61	5	48	35	33	15	6	9	72	37	5	8	76	63	7	38	8	25	9	26	7	7	50	67	79	53	54	55	5	40	43	26	61	69	37	3	14	1	73	68	59	50	77	5	74	27	5	54	2	39	18	20	15	50	69	59	78	73	8	12	51	23	54	34	41	56	44	25	63	73	40	79	64	24	70	1	27	64	52	28	59	48	78	77	31	53	50	0	34	26	28	19	35	30	10	19	45	45	25	44	79	21	21	29	52	65	43	17	27	16	25	6	64	14	44	24	79	9	48	70	55	44	50	27	3	70	32	69	66	51	39	65	16	1	67	11	26	60	49	65	76	65	32	64	69	13	26	37	33	13	46	29	44	63	41	52	37	79	55	72	40	11	70	6	34	78	66	11	56	25	12	22	29	29	10	55	7	35	59	64	65	52	8	56	67	42	57	57	21	60	39	76	18	53	28	73	49	77	32	74	29	46	61	24	13	79	59	44	75	27	68	14	32	42	0	24	38	5	9	2	52	37	55	22	20	68	67	45	63	25	39	64	46	15	43	56	10	30	41	77	28	32	41	8	45	28	37	4	38	61	69	56	63	75	35	46	3	31	7	63	10	50	43	67	45	62	23	4	68	59	52	27	42	50	12	16	22	65	69	33	74	79	18	6	14	12	31	74	33	72	72	44	56	51	66	73	14	75	74	54	37	21	66	4	39	52	38	14	24	77	10	79	72	71	62	5	14	32	31	75	16	76	7	30	31	60	74	31	42	33	46	28	28	8	18	65	3	67	32	11	51	57	24	51	78	33	33	31	17	0	73	75	20	42	22	24	55	23	57	1	44	19	9	75	71	54	42	20	58	23	35	36	5	6	36	10	40	20	15	57	38	67	39	59	0	25	11	58	27	73	38	58	36	6	18	49	30	76	74	52	55	50	12	16	55	28	29	30	21	50	72	35	18	16	39	36	54	3	5	3	54	13	19	78	73	69	76	6	79	40	44	39	66	61	6	79	31	29	64	20	50	33	3	55	50	69	7	76	16	66	37	40	21	21	21	4	78	30	15	25	44	36	3	69	78	33	35	15	42	27	35	53	68	41	41	5	34	50	28	61	28	72	70	13	66	26	20	1	75	45	2	37	60	48	45	59	63	65	72	49	17	45	39	38	43	49	58	44	9	9	34	72	14	38	34	21	12	77	60	47	63	18	14	66	61	77	25	49	41	23	43	63	79	27	27	66	5	14	76	61	56	70	76	76	47	4	37	63	17	25	33	31	11	56	36	62	15	59	22	18	40	59	58	18	53	8	50	59	13	78	58	4	33	58	20	22	64	1	44	36	57	77	53	54	78	22	12	64	13	76	22	57	77	71	46	76	6	32	27	49	66	27	57	79	20	68	23	51	51	65	38	14	79	16	30	29	24	78	29	73	68	68	36	64	20	0	48	4	74	65	74	18	14	8	51	21	54	36	76	76	8	65	4	70	61	30	70	71	26	39	72	27	73	37	26	34	5	41	48	39	47	14	7	59	0	38	42	78	1	71	49	54	77	78	4	69	69	50	64	78	2	64	42	71	75	45	37	7	15	28	66	74	13	62	76	19	0	65	48	52	76	31	55	20	75	29	27	32	14	74	2	40	23	20	59	48	22	48	70	59	76	42	44	38	4	57	59	51	65	50	1	78	30	68	16	40	48	75	30	9	13	48	36	4	30	71	11	68	30	72	29	68	68	0	72	10	18	17	42	26	50	12	20	60	6	33	58	54	51	79	66	20	3	79	7	2	78	50	66	58	74	56	52	42	4	45	72	32	50	13	11	27	63	10	58	12	13	70	21	76	59	76	37	23	41	77	70	59	16	68	29	65	38	13	10	39	26	52	11	58	55	6	76	44	15	52	23	15	22	58	4	67	42	28	56	9	30	38	63	8	0	50	37	16	60	52	44	37	6	32	14	61	18	17	61	33	62	32	54	36	27	67	50	13	62	55	50	57	53	76	12	9	12	79	67	77	57	60	36	29	35	17	63	26	60	40	38	45	63	37	68	24	47	17	1	25	9	28	59	64	78	47	62	54	42	8	67	18	10	76	56	16	47	61	46	44	70	57	30	68	48	2	57	74	65	53	29	5	64	33	3	75	24	69	45	3	42	5	49	6	25	25	19	17	47	43	55	50	9	1	71	4	63	42	17	52	75	8	20	26	3	65	15	41	21	19	51	34	8	8	24	76	40	4	68	65	45	38	54	38	54	7	7	57	32	59	54	53	35	77	56	58	55	26	57	55	76	15	16	36	61	16	49	36	55	15	15	18	30	73	35	2	31	23	7	11	47	54	18	46	59	31	36	20	79	28	28	25	65	70	7	75	20	65	41	29	45	66	16	43	30	29	10	41	46	5	67	62	72	13	25	68	67	44	64	38	13	65	37	39	34	50	24	48	74	76	39	68	35	3	49	75	61	36	67	51	53	1	37	12	20	15	26	45	67	27	61	31	19	53	0	6	29	27	40	21	74	9	79	30	49	68	3	57	37	66	6	75	61	67	1	45	1	32	12	56	26	67	33	5	27	34	32	1	15	60	46	10	36	5	49	70	8	11	64	32	70	71	47	15	9	58	11	68	38	70	32	15	34	0	27	17	24	11	32	77	74	55	33	40	70	17	56	25	31	51	64	35	78	68	51	49	43	9	22	31	68	2	6	76	74	22	22	43	46	20	37	55	14	7	73	57	37	59	74	29	76	51	20	73	44	42	53	42	67	45	44	61	60	24	68	55	34	75	61	19	74	41	40	30	41	2	51	75	34	17	43	50	19	9	42	28	7	43	70	56	52	74	4	62	25	33	14	24	74	20	34	44	26	73	45	62	62	60	21	10	72	65	8	4	30	71	14	36	71	33	57	79	56	56	34	78	61	74	34	53	13	69	38	5	29	69	47	64	10	41	18	66	64	47	30	61	17	20	78	28	1	38	16	13	4	59	34	33	36	51	71	26	47	2	48	26	6	39	14	33	37	5	37	17	20	52	9	60	25	56	41	67	57	15	59	31	38	77	63	76	55	18	14	50	77	58	24	74	77	8	0	57	30	67	40	17	52	34	26	59	56	1	63	63	4	22	79	78	67	78	53	49	1	74	43	21	6	32	50	68	2	5	29	44	16	45	38	72	15	3	30	40	27	56	25	28	22	15	46	53	41	63	61	65	71	6	15	34	50	0	27	47	5	72	0	7	25	29	48	79	37	34	77	44	48	57	54	59	35	44	16	55	59	60	38	43	77	9	64	44	58	52	55	41	50	68	30	4	17	64	66	15	10	79	14	1	12	62	35	52	62	65	71	9	29	0	21	45	7	42	1	70	34	51	72	56	55	12	29	3	25	66	69	51	49	5	56	42	20	29	17	46	0	50	42	5	57	3	60	41	18	38	8	7	76	77	29	53	26	38	9	77	57	50	1	68	45	67	70	77	0	40	64	79	34	28	78	55	62	78	1	48	74	51	46	14	10	64	66	38	66	45	27	62	49	2	69	37	51	35	33	14	62	54	56	74	15	50	37	21	13	18	74	31	8	18	62	52	8	3	7	13	50	49	36	41	55	29	76	67	74	42	37	8	71	37	15	25	16	16	52	45	26	50	56	3	5	37	27	44	71	68	44	4	9	29	2	14	35	25	65	59	3	63	45	13	49	79	19	26	7	28	78	43	72	37	62	16	60	10	41	50	64	45	30	41	78	43	59	1	70	60	3	50	4	35	68	59	72	63	30	16	33	25	38	34	3	45	57	76	44	50	13	8	35	61	35	7	14	70	13	62	13	36	63	22	56	0	17	10	67	17	56	0	77	79	2	35	35	53	34	44	11	49	59	13	31	3	58	24	35	75	10	71	72	64	5	78	3	3	58	20	18	12	70	12	57	73	1	34	49	58	36	73	36	75	27	1	51	73	68	11	16	57	45	46	22	25	40	73	16	74	42	30	30	48	56	34	46	44	24	71	3	50	78	33	61	68	31	1	51	26	70	62	21	76	60	63	61	43	79	6	27	25	54	23	36	17	29	35	25	74	71	57	75	37	75	56	37	79	24	44	38	20	9	49	42	18	75	6	15	37	77	55	17	10	58	17	45	31	32	16	64	49	60	72	29	35	6	16	56	64	51	56	33	60	7	23	9	64	68	76	20	21	54	39	5	41	58	52	31	24	8	66	66	46	38	56	63	45	27	59	12	77	37	21	77	23	59	11	68	29	20	78	32	18	48	43	56	56	0	16	58	42	44	71	31	26	78	62	44	12	20	45	46	27	75	54	4	44	41	13	11	73	31	14	72	16	50	62	35	30	14	42	52	70	61	21	7	48	34	73	0	21	43	63	23	20	23	59	14	26	71	61	0	41	19	44	40	24	56	77	47	78	46	37	5	56	17	25	44	17	38	16	14	56	23	38	30	54	49	46	72	0	35	15	52	46	51	24	9	40	74	11	40	5	18	74	29	56	38	23	33	52	18	47	21	75	7	17	26	30	54	48	34	69	42	37	70	77	77	29	49	20	17	19	48	6	72	37	66	44	14	10	35	15	29	25	77	59	63	11	26	2	62	69	48	46	42	11	26	58	49	66	47	17	64	32	54	79	21	68	2	42	51	70	42	57	4	68	8	64	2	79	5	38	57	16	66	68	29	55	19	39	46	75	12	71	25	50	34	7	46	64	6	23	4	67	57	51	58	68	55	68	49	23	78	69	22	13	63	18	43	76	10	78	31	2	71	71	68	17	31	6	17	75	24	63	44	48	64	32	38	36	17	39	2	42	65	8	75	63	32	54	21	21	72	10	62	73	51	61	4	30	71	28	39	27	28	21	51	34	48	78	16	26	21	66	18	20	39	16	30	43	50	22	3	69	8	16	74	51	75	29	34	20	7	9	77	8	27	50	44	45	16	55	67	60	58	43	35	28	51	25	48	32	9	73	78	58	38	7	66	64	20	21	53	49	12	4	67	60	50	51	29	74	42	77	39	2	26	73	6	8	11	71	50	59	32	31	78	37	22	65	51	71	79	50	3	76	50	50	13	60	2	52	46	18	53	32	40	31	44	25	75	57	69	78	1	40	64	54	2	11	38	53	47	64	2	63	6	46	57	75	71	62	36	15	58	37	77	62	54	27	0	57	71	16	60	57	14	22	30	25	36	27	63	51	1	14	47	44	67	0	11	67	10	17	49	17	58	77	48	13	35	21	51	6	3	79	61	20	9	49	67	49	72	70	44	5	39	29	48	38	1	36	36	59	51	7	59	14	33	27	51	48	47	21	37	36	12	74	36	74	35	68	3	32	52	3	20	8	63	53	8	2	25	33	26	34	22	17	22	25	39	69	54	49	33	74	16	44	27	18	56	79	19	33	65	20	7	57	4	70	9	56	19	55	14	20	2	2	64	23	63	7	49	17	21	17	51	50	66	41	70	76	35	45	57	61	39	74	52	46	9	18	63	57	54	21	41	58	41	70	17	43	59	49	7	73	7	56	33	39	17	33	53	75	35	15	60	40	2	65	60	62	42	28	61	42	69	10	15	30	14	0	18	22	58	11	55	28	34	7	59	62	38	75	19	62	63	31	29	46	4	76	48	11	64	2	2	23	66	66	37	65	18	52	4	4	9	49	13	53	50	38	46	3	54	11	59	38	29	32	53	52	32	4	36	25	2	41	18	11	61	46	43	7	41	1	46	18	74	58	70	52	59	30	45	8	3	23	78	4	10	35	75	45	61	45	3	27	57	2	60	3	29	73	1	53	67	13	35	15	11	61	55	44	3	17	39	77	70	3	0	30	66	31	63	67	50	20	46	46	25	36	19	35	11	61	50	45	60	3	23	1	4	62	46	69	0	31	36	59	22	38	41	64	54	18	52	30	32	28	0	55	45	36	35	52	59	62	37	8	56	34	32	39	79	10	42	3	79	12	56	46	34	31	46	58	2	14	22	79	60	55	40	51	56	49	51	10	33	37	29	23	4	55	26	33	12	23	68	52	11	1	43	4	16	28	17	52	11	25	66	2	79	31	43	63	24	70	64	75	29	62	37	11	73	67	20	41	72	36	2	5	1	12	73	20	73	14	60	37	71	61	0	65	5	19	13	59	70	10	34	73	20	30	64	45	13	72	62	75	31	46	57	48	44	12	72	65	35	43	40	30	25	62	39	69	0	59	12	43	72	50	36	72	71	8	22	11	21	41	11	64	4	52	8	10	59	2	15	12	55	77	57	35	0	56	75	47	71	42	16	19	39	18	64	52	68	31	73	40	1	29	50	31	55	17	15	79	30	26	46	65	34	62	22	18	6	65	4	52	8	10	72	28	78	49	75	78	33	29	5	27	48	61	46	79	14	72	40	8	39	14	38	65	57	30	58	73	73	31	75	44	71	52	57	75	66	61	6	55	13	75	18	48	71	64	31	79	71	27	17	
6	9	13	2	16	5	14	11	5	11	8	13	14	6	2	13	13	17	15	12	6	13	18	3	15	13	2	8	17	20	19	19	5	1	5	17	18	4	17	11	4	4	7	9	14	17	12	17	3	4	18	11	17	18	13	13	9	8	6	8	8	9	1	1	19	7	15	17	10	18	10	16	1	4	2	16	12	1	16	15	19	15	1	12	9	6	2	6	7	13	7	13	11	18	3	2	1	14	14	7	6	17	1	19	12	5	4	5	12	11	10	17	18	8	7	20	3	12	11	20	13	9	1	20	8	3	20	3	14	17	14	1	15	14	17	19	13	19	16	19	12	7	1	12	2	1	5	1	3	11	10	10	4	17	3	16	11	13	6	13	5	8	16	9	2	15	18	20	3	6	17	1	6	19	13	5	19	11	5	7	4	6	3	8	20	8	13	4	16	15	9	19	10	17	20	7	16	5	4	3	10	18	17	19	11	14	3	9	5	10	17	16	16	19	3	8	10	6	18	4	20	12	12	1	2	2	8	8	10	17	5	7	4	1	19	7	7	20	15	3	5	16	6	14	6	16	5	17	13	10	9	4	4	19	8	4	3	4	13	19	16	2	15	1	20	5	18	3	19	8	15	11	7	6	11	17	13	5	11	19	17	3	17	1	1	19	8	16	5	15	16	16	15	14	6	16	4	9	3	5	12	12	12	14	6	4	12	6	9	14	8	1	15	6	5	13	5	14	2	5	16	13	6	5	5	6	5	5	12	14	14	15	5	12	16	2	1	6	11	5	13	15	14	14	1	1	16	10	15	12	12	12	16	11	15	4	6	12	2	8	14	4	11	15	9	4	12	12	13	11	3	6	8	9	4	12	9	8	8	8	8	10	10	5	9	13	8	11	4	4	7	10	14	4	16	12	11	11	1	11	15	5	4	3	3	2	4	8	9	4	12	1	11	16	13	3	6	6	11	9	14	12	16	11	5	13	3	10	6	7	7	10	15	4	15	13	2	3	5	7	1	9	6	16	16	4	14	7	5	4	12	16	9	6	8	5	3	11	15	7	8	14	11	15	1	7	4	8	3	13	16	14	3	11	7	7	16	15	10	4	12	10	9	16	15	7	9	9	12	5	9	5	4	3	7	12	13	16	5	9	1	12	4	11	11	16	2	11	4	1	5	11	10	4	11	16	15	15	15	16	5	9	6	7	11	13	6	8	9	14	9	3	3	6	4	1	15	7	7	4	10	1	10	9	1	9	10	1	14	9	8	1	5	12	1	16	4	3	1	5	15	6	6	15	10	10	10	1	2	4	12	8	8	16	1	9	2	10	2	9	4	15	14	4	15	6	4	11	1	10	11	12	9	12	7	9	7	11	5	14	12	3	11	11	5	11	16	15	3	12	8	9	2	1	5	13	3	10	9	10	8	15	11	1	5	9	8	8	7	8	11	14	14	8	7	5	8	8	12	2	7	14	8	6	8	1	15	15	13	4	11	1	3	5	10	7	5	3	2	7	16	10	14	7	3	12	13	9	16	6	3	3	13	6	16	1	1	9	15	8	7	7	15	2	1	2	2	15	13	13	12	3	9	10	15	16	7	11	14	10	3	11	15	12	5	15	13	12	14	3	16	12	6	14	7	15	8	7	9	11	10	14	15	9	9	6	15	11	2	15	10	15	12	7	11	6	9	9	3	14	16	6	10	3	12	3	7	15	13	7	5	4	8	13	3	15	6	12	15	7	8	6	4	9	6	12	10	13	13	13	10	9	16	8	7	8	15	12	12	10	9	8	13	15	14	15	4	4	15	12	1	10	9	9	2	11	2	2	12	16	2	13	5	14	6	2	4	14	12	11	6	1	10	16	6	3	9	8	5	16	14	7	7	3	11	6	13	11	16	9	15	4	6	9	16	15	12	16	7	6	14	15	9	7	9	1	10	4	10	7	16	16	2	7	6	3	14	8	16	15	15	2	11	14	14	9	5	11	8	1	12	9	14	8	7	5	1	2	7	13	4	6	1	6	10	2	14	5	6	3	1	14	5	12	7	12	3	10	8	10	15	12	13	14	4	10	11	15	2	10	2	15	14	13	6	16	2	5	4	7	3	5	10	16	6	11	7	13	6	5	4	15	7	7	14	7	13	7	6	15	10	7	10	13	16	1	16	9	6	4	2	11	6	12	6	16	2	3	15	11	12	5	9	6	14	15	14	4	7	6	4	11	15	10	15	13	7	1	1	11	1	11	6	12	5	11	8	9	13	1	2	11	7	8	12	14	13	16	10	15	1	15	4	12	14	3	6	10	15	14	1	11	12	4	3	12	16	10	2	13	8	5	14	16	2	4	11	2	6	4	14	3	13	1	14	8	5	1	7	15	14	5	10	8	8	4	9	10	4	8	8	3	10	5	6	2	2	11	14	8	14	9	12	5	16	6	4	4	10	12	16	11	3	6	3	14	14	16	12	16	12	11	3	7	8	2	4	2	10	9	15	4	2	10	5	13	5	10	3	11	12	10	7	15	10	2	12	11	5	14	11	5	13	16	15	8	5	15	10	12	12	1	11	14	12	12	16	6	11	7	1	2	4	12	6	3	7	5	14	11	5	6	9	7	5	1	2	5	13	11	9	15	2	9	4	12	6	13	11	6	1	3	6	1	2	2	2	7	12	6	4	5	16	8	9	6	16	5	3	1	15	10	2	10	9	10	4	4	7	3	9	14	10	2	12	7	4	3	13	2	3	5	5	8	16	6	2	5	13	2	14	12	4	11	7	8	4	9	13	6	2	16	1	13	4	3	2	3	3	14	3	2	13	7	3	5	14	4	6	11	9	12	8	2	9	6	6	15	11	12	13	12	16	13	2	7	3	6	8	16	4	2	5	6	2	10	7	9	6	3	12	2	12	6	15	15	7	9	12	15	15	2	14	3	9	5	9	6	16	13	15	4	11	11	6	7	15	5	9	3	16	1	1	8	1	4	13	11	5	9	1	2	6	5	12	12	1	6	8	16	16	4	1	15	16	16	6	10	1	7	1	6	14	14	16	9	8	13	12	11	6	15	13	14	15	11	14	16	7	9	4	5	13	4	4	14	11	4	11	1	12	12	16	2	3	4	10	15	10	7	14	5	16	5	16	12	8	9	1	15	13	9	7	15	13	6	9	6	4	15	12	8	9	11	5	10	5	9	8	5	8	8	5	9	7	13	12	13	13	14	16	2	4	14	6	4	1	12	3	2	8	7	16	2	4	10	13	2	10	13	4	12	2	4	4	3	4	3	4	5	7	9	1	2	12	13	4	11	8	15	16	6	9	2	8	14	11	8	10	5	6	15	2	9	9	16	15	4	15	14	13	12	12	12	8	10	10	11	1	12	14	16	12	5	11	9	4	15	3	8	6	6	5	13	5	16	11	11	12	10	3	16	13	11	9	15	16	12	6	8	10	2	8	1	4	3	6	10	2	15	1	14	6	8	10	3	16	6	3	3	6	6	12	7	5	9	4	13	8	15	10	9	12	15	13	14	2	2	13	11	8	1	8	16	2	10	12	2	8	13	7	16	6	1	10	2	9	10	11	15	1	16	7	14	15	14	3	1	1	15	14	6	5	13	2	8	10	15	6	13	4	3	5	11	4	3	12	5	4	13	8	2	2	12	11	2	5	1	13	12	1	15	12	4	15	6	8	4	14	13	7	4	16	13	7	3	13	15	15	2	7	4	15	2	10	14	6	1	13	9	5	1	16	12	7	16	2	6	8	5	16	11	4	15	16	10	7	11	10	5	12	12	8	3	16	8	4	15	3	9	13	15	13	11	13	10	16	7	6	5	4	15	2	7	13	3	6	1	7	9	6	5	6	16	11	8	14	8	7	10	13	6	16	11	6	12	16	1	14	2	15	6	16	9	6	10	12	9	12	16	6	6	5	15	5	8	3	2	12	10	3	6	12	4	11	2	13	3	10	7	13	11	12	7	7	12	13	14	16	2	15	2	15	6	9	9	12	5	16	8	4	14	6	3	9	11	12	8	10	5	12	5	16	12	12	16	9	8	4	14	2	11	3	5	3	12	12	13	5	6	6	6	13	11	3	6	9	13	16	15	14	15	15	1	16	7	11	9	5	11	3	14	6	6	7	2	8	6	16	12	15	8	16	15	12	6	5	10	6	5	11	1	14	13	6	5	15	3	3	10	9	6	14	9	2	13	4	15	4	10	11	11	16	12	9	5	1	7	3	15	13	10	16	13	15	7	13	7	3	16	16	11	11	5	12	8	2	16	1	3	4	3	5	1	7	10	2	15	3	6	12	6	4	9	15	15	15	11	11	9	8	4	12	16	13	11	1	13	7	16	11	7	5	7	11	13	4	11	11	8	8	12	4	5	4	6	11	13	5	9	7	1	6	11	16	11	11	3	10	12	3	2	8	13	16	4	16	4	16	7	9	15	6	11	1	8	2	16	13	16	10	13	1	1	13	3	8	14	9	10	14	15	2	5	6	7	15	6	3	9	13	15	9	10	3	15	10	3	3	13	16	1	14	7	12	11	7	16	3	12	5	16	14	3	12	2	12	12	7	4	6	11	13	9	9	11	8	1	12	10	8	2	1	11	5	10	9	13	16	9	12	16	15	10	16	2	10	8	9	2	15	10	1	6	2	11	3	3	13	14	4	9	15	7	15	4	15	15	3	14	7	10	10	2	10	14	3	13	13	1	15	6	16	4	11	5	13	5	4	9	5	4	5	9	6	8	7	11	1	12	12	15	15	10	6	15	9	2	3	1	1	6	5	4	5	12	5	14	4	2	9	10	7	10	9	7	8	4	4	13	14	16	1	11	3	8	2	1	1	12	6	6	14	9	9	1	9	3	13	7	3	2	6	14	2	10	3	15	3	3	14	15	11	12	15	7	9	2	12	1	8	14	15	8	3	11	12	11	3	13	1	4	4	12	5	9	8	8	9	8	6	5	12	16	2	15	9	9	15	5	12	3	16	12	2	16	8	7	10	10	10	7	7	9	6	11	3	16	15	8	6	10	14	12	12	4	11	11	7	16	8	13	1	15	10	4	13	3	2	8	10	8	3	5	8	10	1	7	11	7	1	1	11	6	1	2	14	13	7	11	5	16	13	11	14	1	12	10	12	1	14	3	8	5	15	16	9	8	13	5	16	3	12	5	10	3	11	14	4	1	15	3	3	15	2	7	2	11	8	16	2	1	1	6	3	9	13	8	14	16	8	11	5	8	3	11	7	7	5	10	4	1	2	14	1	10	8	12	4	6	16	1	3	3	7	6	5	16	2	14	16	9	14	12	10	1	8	3	15	9	5	11	16	13	6	15	8	13	4	7	14	13	2	3	14	11	6	16	5	16	5	2	2	3	14	11	6	11	4	6	15	13	16	11	10	4	10	11	9	14	6	11	9	1	4	8	6	7	15	12	11	7	8	10	7	1	13	13	8	2	15	9	10	2	11	5	13	16	4	4	6	13	10	11	7	13	13	5	5	1	2	2	5	1	14	5	2	1	2	13	14	14	6	15	15	9	1	1	15	10	5	13	12	13	4	1	10	2	9	2	6	6	3	2	12	7	16	9	11	15	10	1	15	9	7	14	9	16	13	13	1	15	16	1	9	8	2	13	13	10	10	6	4	7	3	8	13	7	15	6	13	11	12	14	13	6	5	4	11	10	11	8	13	15	5	13	16	8	14	11	14	13	13	13	3	10	13	4	14	7	15	16	11	13	15	3	13	14	10	3	5	4	4	11	14	13	4	16	11	4	5	11	14	5	12	9	3	15	14	9	6	8	7	6	1	11	12	9	5	15	4	16	8	9	11	5	10	9	14	11	13	11	7	3	9	13	7	3	11	9	3	12	2	11	9	8	6	8	11	2	11	5	12	5	13	9	1	15	3	5	13	9	6	13	6	11	3	8	1	2	12	10	3	2	3	6	6	9	13	16	7	15	7	7	7	14	3	8	8	11	7	14	1	2	7	9	1	15	15	11	6	4	4	3	4	12	12	13	3	11	10	7	9	11	4	9	14	5	3	4	14	15	5	1	14	4	1	5	11	5	14	8	7	15	4	5	11	10	3	6	6	4	7	8	16	10	10	12	6	5	4	14	10	7	11	2	1	1	3	7	10	4	6	14	8	14	9	6	16	10	2	2	7	11	1	14	13	2	15	4	6	15	16	5	13	13	7	6	3	7	11	13	8	14	2	3	9	5	16	3	8	16	12	6	8	8	11	5	15	2	12	14	14	14	10	5	4	14	1	6	6	11	11	16	12	9	7	13	10	15	14	10	6	6	3	1	1	4	6	6	12	7	9	5	10	14	12	16	9	11	4	12	8	5	11	2	1	7	7	13	7	4	14	4	3	11	14	4	1	10	9	10	15	16	4	6	10	16	14	2	8	14	3	16	4	3	14	4	8	1	2	3	11	13	16	14	16	14	7	16	7	11	5	14	
420	590	950	550	570	890	550	980	510	210	320	540	320	750	480	390	510	770	100	660	870	990	110	110	920	840	420	160	360	250	870	920	220	600	560	910	100	440	540	160	630	920	790	340	530	690	820	840	100	920	250	590	480	560	880	160	850	940	430	430	1000	680	800	180	950	440	420	610	200	740	930	740	890	210	570	470	330	620	560	870	910	840	910	550	830	200	160	860	610	550	160	660	240	870	990	920	1000	540	890	860	170	670	770	840	650	250	540	430	460	630	160	490	740	350	320	880	450	210	900	870	460	850	790	960	520	770	630	630	600	950	120	740	310	410	640	330	580	300	160	510	820	930	770	740	900	390	310	780	340	980	950	310	530	230	310	320	980	1000	490	190	430	140	920	210	830	850	780	120	860	500	420	720	640	680	740	970	520	1000	970	350	540	810	240	550	380	430	660	420	180	740	490	250	960	190	170	950	1000	770	340	190	680	630	740	600	320	640	420	560	700	690	360	670	500	390	800	110	620	380	180	920	130	210	790	310	310	140	440	350	250	430	760	500	630	360	750	760	900	860	530	680	140	1000	200	910	740	520	980	650	160	230	670	390	320	570	570	920	670	200	640	800	500	470	610	730	610	610	650	680	520	900	900	220	420	380	710	270	840	860	480	960	460	480	830	170	240	650	490	710	690	280	680	750	650	100	140	480	490	660	680	210	390	860	790	240	130	220	150	760	810	250	770	540	190	770	190	220	260	440	450	450	360	450	540	580	830	860	160	840	380	140	600	760	380	150	990	670	490	740	510	830	480	730	570	890	340	300	280	860	290	990	200	250	430	330	220	380	870	120	620	970	380	910	890	110	250	580	750	900	400	670	650	300	690	310	440	490	920	430	400	240	160	540	360	810	570	110	920	800	650	980	560	860	100	790	240	880	260	650	610	900	760	610	510	870	440	990	600	550	870	470	880	920	160	770	170	200	990	610	910	320	480	760	580	390	920	880	110	440	190	250	340	520	830	760	530	190	890	590	110	890	850	530	570	620	560	180	570	360	150	200	300	280	960	480	190	980	510	580	750	670	540	670	740	170	440	660	190	540	410	220	600	600	570	960	970	750	200	820	560	380	140	780	160	270	470	580	710	640	910	480	870	430	640	710	950	480	260	240	190	870	880	290	570	950	250	590	760	790	380	850	190	910	130	120	510	160	530	140	1000	350	600	810	630	720	380	270	620	640	660	640	160	400	370	870	910	820	810	980	190	190	810	460	380	350	910	520	180	110	310	520	720	900	720	930	160	720	380	450	620	390	610	360	280	800	160	240	710	870	310	930	970	930	770	900	500	560	250	500	800	670	350	160	420	510	920	930	980	360	200	540	820	540	420	130	480	730	940	450	510	130	190	460	550	350	490	260	920	740	980	760	240	510	780	600	330	690	150	770	570	810	590	820	700	1000	740	130	810	870	500	510	880	620	130	260	320	170	830	390	520	880	370	280	390	930	640	110	220	290	510	370	380	410	820	590	730	510	210	660	580	850	960	560	150	320	510	930	700	200	360	610	560	460	440	160	510	270	180	220	830	120	670	870	700	580	940	700	540	630	230	330	280	930	160	390	600	570	610	150	200	440	420	210	860	760	510	120	850	300	940	100	950	500	680	840	670	430	210	290	850	290	820	240	800	330	670	770	200	390	140	990	220	570	820	320	360	290	510	900	890	840	830	330	550	250	260	570	270	870	270	250	810	580	270	880	310	870	260	880	300	880	300	960	510	880	130	800	200	420	110	770	890	230	650	140	410	280	380	580	310	210	450	840	350	520	260	100	580	340	130	130	730	130	890	440	800	380	870	650	940	290	640	420	450	620	490	640	740	630	640	110	830	770	790	220	510	200	210	820	390	350	470	870	940	830	430	730	660	270	370	170	320	150	240	810	730	140	640	790	100	590	690	440	640	950	890	450	330	110	420	980	290	650	910	960	420	670	570	670	880	670	170	750	710	250	530	570	440	550	220	840	730	660	770	910	860	670	690	370	290	990	300	780	830	410	380	100	680	900	610	290	810	680	100	520	860	550	430	470	840	270	160	610	680	290	910	970	250	420	990	220	880	370	540	380	260	940	160	750	900	960	390	510	940	510	600	680	470	860	960	280	630	100	390	100	340	770	910	760	770	550	800	870	330	700	160	140	390	660	910	1000	930	860	820	380	970	470	780	940	530	960	180	200	480	540	480	260	510	950	240	230	130	500	540	210	530	690	140	970	990	320	260	160	580	100	660	1000	300	330	200	960	630	540	470	800	690	580	620	290	520	820	1000	780	180	490	910	260	720	190	580	730	430	700	500	670	920	960	840	320	220	200	100	200	140	910	320	210	720	210	500	760	550	660	300	730	490	410	570	630	320	240	790	440	220	850	180	490	990	830	710	170	730	560	370	960	200	930	880	250	1000	460	290	730	840	610	530	900	320	860	750	580	550	290	210	280	340	970	990	820	1000	600	180	640	650	150	770	770	420	300	780	530	360	610	530	180	720	680	250	260	410	100	850	160	580	210	910	630	270	850	760	810	610	210	100	520	320	860	980	1000	800	960	650	190	520	290	180	240	730	350	400	190	100	150	100	120	870	860	820	260	830	900	450	840	910	730	140	690	150	360	470	220	590	530	460	530	400	270	590	880	440	940	190	890	790	980	510	630	510	250	840	370	710	500	410	760	580	1000	450	830	430	640	540	560	500	650	120	410	430	570	230	100	540	930	460	670	600	990	660	130	680	860	500	280	140	340	680	510	700	380	580	370	270	410	360	180	780	320	610	310	370	950	210	770	590	560	480	530	830	140	220	910	240	500	200	300	870	470	630	530	530	620	320	160	690	460	140	270	140	810	350	850	860	110	170	360	130	950	550	380	940	610	570	260	570	130	290	310	240	870	220	780	650	490	320	930	690	180	910	960	380	270	660	930	720	510	500	170	630	100	500	500	590	550	830	160	460	460	220	100	290	450	880	990	350	560	730	110	190	1000	890	560	350	770	830	590	450	220	150	490	240	800	380	850	120	130	910	790	530	870	910	570	400	620	950	540	160	300	930	950	580	300	200	940	660	780	140	420	470	780	210	990	910	230	930	300	680	700	300	890	300	570	620	700	570	620	340	200	240	950	370	240	380	330	220	590	520	970	740	270	100	400	180	730	610	1000	340	760	100	800	500	1000	660	180	690	900	140	690	620	510	560	440	890	400	320	740	430	190	780	870	770	100	850	740	660	820	630	930	550	540	640	460	560	760	660	540	120	590	170	250	890	960	200	930	700	920	940	940	220	680	710	880	760	770	450	850	560	790	630	490	220	110	640	870	560	330	320	800	210	350	1000	660	350	230	830	1000	340	210	200	810	260	630	270	740	300	960	880	670	540	440	640	210	410	750	980	660	790	280	330	140	260	580	350	200	850	350	760	680	960	590	1000	300	620	830	270	360	540	550	330	980	430	800	900	630	270	360	940	830	900	110	520	860	600	980	420	180	240	910	660	330	410	630	520	980	530	570	130	870	550	770	430	490	240	340	150	310	180	650	850	650	190	780	480	980	300	150	460	550	940	870	440	650	610	520	660	470	770	820	920	320	530	670	190	540	540	100	660	350	800	190	420	930	700	460	610	810	440	680	410	200	860	900	750	620	500	890	640	560	790	590	320	350	870	420	190	790	370	780	480	240	280	780	640	350	260	620	290	610	240	910	750	800	180	100	690	980	820	590	140	580	940	610	490	1000	940	110	410	120	480	260	190	660	350	180	930	920	860	360	400	440	790	930	570	210	770	650	190	460	520	630	420	710	770	110	940	850	330	360	620	190	530	280	180	550	630	710	640	940	380	410	110	550	930	720	620	150	690	800	550	670	690	750	880	980	860	760	870	950	980	290	920	520	150	360	740	880	420	200	1000	680	610	950	340	580	340	710	800	770	330	220	440	700	230	120	250	970	160	570	170	850	220	290	230	450	320	720	550	990	140	510	540	820	280	1000	130	130	420	480	320	410	830	680	380	560	930	560	440	980	710	360	210	980	110	450	320	320	340	470	610	680	970	820	420	330	530	570	540	100	510	490	360	970	400	390	440	810	670	370	810	730	880	170	620	950	860	560	730	420	290	270	210	940	630	880	110	130	120	910	940	780	640	870	390	210	750	160	270	270	810	120	420	140	830	110	350	640	720	500	590	270	340	950	850	630	390	180	210	200	560	460	400	180	500	440	520	920	200	400	540	400	830	280	390	880	340	360	350	310	170	280	120	760	120	860	950	650	440	410	660	910	410	410	300	350	440	240	600	920	480	650	910	580	800	200	510	500	620	870	530	960	560	240	920	940	830	600	190	180	260	660	860	720	210	570	430	510	480	600	480	420	750	460	280	630	620	670	650	860	840	260	610	210	910	130	260	720	580	750	760	840	930	580	220	850	940	100	360	400	140	220	730	450	960	270	300	550	290	720	790	330	440	100	840	680	920	240	620	730	580	140	270	140	810	280	700	810	430	280	590	960	600	890	130	400	770	270	700	790	240	910	700	570	290	410	590	700	380	420	770	850	520	720	630	1000	740	700	820	280	750	180	380	420	280	680	820	360	830	200	750	880	670	150	980	700	600	210	550	890	880	230	130	350	660	310	260	380	850	170	770	150	390	690	540	640	960	100	480	580	490	200	960	700	400	580	920	770	300	640	130	530	860	840	280	250	780	620	110	290	440	300	930	930	650	560	910	380	910	220	400	340	300	310	820	950	330	940	350	450	890	260	600	750	560	610	580	480	270	280	110	300	780	470	870	250	930	610	210	170	250	490	690	380	210	870	100	880	630	120	960	970	100	600	570	550	470	310	170	870	210	760	150	180	450	560	780	730	550	340	450	680	960	120	510	380	790	810	170	180	800	800	980	900	680	170	660	490	100	630	250	890	590	960	980	800	550	650	440	250	660	310	680	860	280	760	900	310	410	100	560	200	130	890	860	550	940	460	630	230	660	890	120	310	210	170	820	280	710	650	320	810	590	410	980	700	810	360	690	700	150	830	230	620	630	780	800	930	170	670	930	160	230	440	300	520	680	560	120	610	410	680	300	360	750	910	720	200	250	480	530	440	690	880	530	910	350	390	370	780	340	610	290	250	680	900	110	410	720	220	100	310	800	960	460	940	460	600	780	980	730	350	740	100	680	930	530	420	180	780	470	560	990	520	200	550	540	830	820	830	920	800	790	300	530	230	560	530	470	730	240	240	340	230	380	760	840	650	130	200	760	420	160	210	710	250	450	930	950	340	440	920	650	630	740	790	130	700	220	430	260	420	720	320	630	880	170	980	150	710	790	140	100	750	200	830	290	410	110	470	210	820	360	230	410	770	870	610	750	180	970	290	210	140	590	1000	140	320	930	310	870	330	330	1000	300	410	180	300	520	880	430	570	410	100	300	320	120	530	460	970	840	260	110	590	330	100	580	300	850	960	810	190	680	820	120	990	850	690	300	550	310	710	870	490	310	120	240	350	160	840	620	420	120	1000	290	100	870	280	910	140	680	670	510	260	400	1000	270	960	240	650	910	220	310	160	320	620	530	390	850	650	680	810	550	970	530	720	770	800	930	810	560	280	340	300	230	270	270	450	870	790	100	360	660	120	150	340	440	680	630	780	430	110	490	190	280	410	350	170	280	760	590	760	310	730	850	980	910	460	460	780	750	400	770	480	670	270	680	720	290	350	400	670	560	330	520	940	770	110	810	330	800	600	430	140	830	290	510	550	680	1000	520	890	670	310	260	600	460	800	950	130	760	280	420	820	740	840	990	700	550	600	620	310	850	740	850	170	160	300	550	820	870	400	560	850	370	810	590	260	190	590	640	930	840	530	700	730	730	620	430	710	260	680	430	300	930	510	220	280	460	430	900	380	380	120	260	870	260	180	900	530	730	430	220	630	590	480	310	580	940	340	950	270	100	600	480	210	340	100	570	360	850	590	900	710	850	800	760	560	330	210	220	250	830	900	220	200	220	280	620	750	550	490	150	880	980	990	650	610	760	240	630	330	260	500	930	340	210	210	350	580	260	1000	710	620	960	240	900	390	660	720	870	850	970	570	700	230	820	970	470	480	530	500	220	610	870	840	380	780	660	700	700	120	500	900	130	830	560	160	930	100	850	210	120	190	760	400	740	160	220	470	230	990	100	790	200	100	610	130	190	920	810	480	850	810	330	370	820	600	390	540	670	280	530	140	810	990	620	230	330	430	550	110	740	390	110	970	750	410	800	520	520	530	340	580	120	340	330	930	700	890	660	470	310	640	640	280	840	530	340	450	500	310	310	100	190	620	210	440	830	840	310	660	850	900	840	400	250	400	680	980	460	460	980	360	660	250	530	430	340	580	1000	980	640	970	750	490	660	100	530	870	610	610	1000	180	390	430	750	990	720	270	540	810	290	900	610	910	550	610	710	460	880	420	440	150	600	610	960	960	370	690	230	930	190	350	460	840	210	720	890	630	890	850	620	190	600	750	350	430	
100
