1580
80
4
50
0	0	0	0	0	0	0	0	0	0	0	0	0	0	0	0	0	0	0	0	0	0	0	0	0	0	0	192	0	0	0	0	0	0	0	0	0	0	0	0	0	0	0	0	0	0	0	0	0	192	0	0	0	0	0	0	0	0	0	0	192	0	0	0	192	0	0	0	0	0	0	0	0	0	0	0	0	0	0	0	
0	0	0	0	0	0	0	0	192	0	0	0	0	0	0	0	192	0	0	192	0	0	0	0	0	0	0	0	0	0	0	0	0	0	0	0	0	0	0	0	0	0	0	0	0	0	0	0	0	0	0	0	0	0	0	0	0	0	0	0	0	0	0	192	0	0	0	0	0	0	0	0	0	0	0	0	0	0	0	0	
0	0	0	0	0	0	0	0	0	0	0	0	0	0	0	0	0	0	0	0	0	0	0	192	0	0	0	0	0	0	0	0	0	0	0	0	0	0	0	0	0	0	0	0	0	0	0	0	0	0	0	0	192	0	0	0	0	0	0	0	0	0	0	0	0	0	0	0	0	0	192	0	0	0	0	0	192	0	0	0	
0	0	0	0	0	0	0	0	0	0	0	0	0	0	0	0	0	0	0	0	192	0	0	0	0	0	0	0	0	0	0	0	0	0	192	0	0	0	0	0	0	0	0	0	0	0	0	0	0	0	0	0	0	0	0	0	0	0	0	192	0	0	0	0	0	0	0	0	0	0	0	0	0	0	0	0	0	192	0	0	
0	0	0	0	0	0	192	0	0	0	0	0	0	0	0	0	0	192	0	0	0	0	0	0	0	0	0	0	0	0	0	0	0	192	0	0	0	0	192	0	0	0	0	0	0	0	0	0	0	0	0	0	0	0	0	0	0	0	0	0	0	0	0	0	0	0	0	0	0	0	0	0	0	0	0	0	0	0	0	0	
0	0	0	0	0	0	0	0	0	0	0	0	0	0	0	0	0	0	0	0	0	0	0	0	0	0	192	0	0	0	0	0	0	0	0	0	192	0	0	192	0	0	0	0	0	0	0	0	0	0	0	0	0	192	0	0	0	0	0	0	0	0	0	0	0	0	0	0	0	0	0	0	0	0	0	0	0	0	0	0	
0	0	0	0	192	0	0	0	0	0	0	0	0	0	0	0	0	0	0	0	0	0	0	0	0	0	0	0	0	0	0	0	0	0	0	0	0	0	192	0	192	0	0	192	0	0	0	0	0	0	0	0	0	0	0	0	0	0	0	0	0	0	0	0	0	0	0	0	0	0	0	0	0	0	0	0	0	0	0	0	
0	0	0	0	0	0	0	0	0	192	0	0	0	0	0	0	0	0	0	0	0	0	0	0	0	0	0	0	0	0	0	0	0	0	0	0	0	192	0	0	0	0	0	0	0	0	0	0	0	0	0	0	0	0	0	0	0	0	192	0	0	0	0	0	0	0	0	0	0	0	0	0	0	0	0	0	0	0	0	192	
0	192	0	0	0	0	0	0	0	0	0	0	0	0	0	0	192	0	0	192	0	0	0	0	0	0	0	0	0	0	192	0	0	0	0	0	0	0	0	0	0	0	0	0	0	0	0	0	0	0	0	0	0	0	0	0	0	0	0	0	0	0	0	0	0	0	0	0	0	0	0	0	0	0	0	0	0	0	0	0	
0	0	0	0	0	0	0	192	0	0	0	0	0	192	0	0	0	0	0	0	0	0	0	0	0	0	0	0	0	0	0	0	0	0	0	0	0	192	0	0	0	0	0	0	0	0	0	0	0	0	0	0	0	0	0	0	0	0	0	0	0	0	0	0	0	0	0	0	0	0	0	0	0	0	0	0	0	0	0	192	
0	0	0	0	0	0	0	0	0	0	0	0	0	0	0	0	0	0	0	0	0	0	0	0	0	0	0	0	0	0	192	0	0	0	0	0	0	0	0	0	0	0	0	0	0	0	0	0	0	0	0	0	0	0	192	0	0	0	0	0	0	0	0	0	0	0	192	0	0	0	0	0	0	0	0	192	0	0	0	0	
0	0	0	0	0	0	0	0	0	0	0	0	0	0	0	0	0	0	192	0	0	0	0	0	0	0	0	0	0	0	0	0	0	0	0	0	0	0	0	0	0	0	0	0	0	0	0	0	0	0	0	192	0	0	0	0	0	0	0	0	0	0	192	0	0	0	0	0	0	0	0	0	0	0	192	0	0	0	0	0	
0	0	0	0	0	0	0	0	0	0	0	0	0	0	0	0	0	0	0	0	0	192	192	0	0	0	0	0	0	0	0	0	0	0	0	0	0	0	0	0	0	0	0	0	0	0	0	0	0	0	0	0	192	0	0	0	0	0	0	0	0	0	0	0	0	0	0	0	0	0	0	0	192	0	0	0	0	0	0	0	
0	0	0	0	0	0	0	0	0	192	0	0	0	0	0	0	0	0	0	0	0	0	0	0	0	0	0	0	0	0	0	0	0	0	0	0	0	192	0	0	0	0	0	0	0	0	0	0	0	0	0	0	0	0	0	0	0	0	0	0	0	0	0	0	0	0	192	0	0	0	0	0	0	0	0	0	0	0	0	192	
0	0	0	0	0	0	0	0	0	0	0	0	0	0	0	0	0	0	0	0	0	0	0	0	0	0	192	0	0	0	0	0	0	0	0	0	0	0	0	0	0	0	0	0	0	0	0	192	0	0	192	0	0	0	0	0	0	0	0	0	0	0	0	0	192	0	0	0	0	0	0	0	0	0	0	0	0	0	0	0	
0	0	0	0	0	0	0	0	0	0	0	0	0	0	0	0	0	0	0	0	0	192	192	0	0	0	0	0	0	0	0	0	0	0	0	0	0	0	0	0	0	0	0	0	0	0	0	0	0	0	0	0	0	0	0	0	0	0	0	0	0	0	0	0	0	0	0	0	0	0	0	0	192	0	0	0	192	0	0	0	
0	192	0	0	0	0	0	0	192	0	0	0	0	0	0	0	0	0	0	0	0	0	0	0	0	0	0	0	0	0	192	0	0	0	0	0	0	0	0	0	0	0	0	0	0	0	0	0	0	0	0	0	0	0	192	0	0	0	0	0	0	0	0	0	0	0	0	0	0	0	0	0	0	0	0	0	0	0	0	0	
0	0	0	0	192	0	0	0	0	0	0	0	0	0	0	0	0	0	0	0	0	0	0	0	0	0	0	0	0	0	0	0	0	192	0	0	0	0	192	0	0	0	0	0	0	0	0	0	0	0	0	0	0	0	0	0	0	0	0	0	0	0	0	0	0	0	0	0	0	0	0	192	0	0	0	0	0	0	0	0	
0	0	0	0	0	0	0	0	0	0	0	192	0	0	0	0	0	0	0	0	0	0	0	0	0	0	0	0	0	0	0	0	0	0	0	192	0	0	0	0	0	0	0	0	0	0	0	0	0	0	0	0	0	0	0	0	0	0	0	0	192	0	0	0	0	0	0	0	0	0	0	0	0	0	192	0	0	0	0	0	
0	192	0	0	0	0	0	0	192	0	0	0	0	0	0	0	0	0	0	0	0	0	0	0	0	0	0	0	0	0	0	0	0	0	0	0	0	0	0	0	0	0	0	0	0	0	0	192	0	0	192	0	0	0	0	0	0	0	0	0	0	0	0	0	0	0	0	0	0	0	0	0	0	0	0	0	0	0	0	0	
0	0	0	192	0	0	0	0	0	0	0	0	0	0	0	0	0	0	0	0	0	0	0	0	0	0	0	0	0	0	0	192	0	0	192	0	0	0	0	0	0	0	0	0	0	0	0	0	0	0	0	0	0	0	0	0	0	0	0	192	0	0	0	0	0	0	0	0	0	0	0	0	0	0	0	0	0	0	0	0	
0	0	0	0	0	0	0	0	0	0	0	0	192	0	0	192	0	0	0	0	0	0	192	0	0	0	0	0	0	0	0	0	0	0	0	0	0	0	0	0	0	0	0	0	0	0	0	0	0	0	0	0	0	0	0	0	0	0	0	0	0	0	0	0	0	0	0	0	0	0	0	0	192	0	0	0	0	0	0	0	
0	0	0	0	0	0	0	0	0	0	0	0	192	0	0	192	0	0	0	0	0	192	0	0	0	0	0	0	0	0	0	0	0	0	0	0	0	0	0	0	0	0	0	0	0	0	0	0	0	0	0	0	0	0	0	0	0	0	0	0	0	0	0	0	0	0	0	0	0	0	0	0	192	0	0	0	0	0	0	0	
0	0	192	0	0	0	0	0	0	0	0	0	0	0	0	0	0	0	0	0	0	0	0	0	0	0	0	0	0	0	0	0	0	0	0	0	0	0	0	0	0	0	0	0	0	0	0	0	0	0	0	0	0	0	0	0	0	0	0	0	0	0	0	0	0	0	0	192	0	0	192	0	0	0	0	0	192	0	0	0	
0	0	0	0	0	0	0	0	0	0	0	0	0	0	0	0	0	0	0	0	0	0	0	0	0	0	192	192	0	0	0	0	0	0	0	192	192	0	0	0	0	0	0	0	0	0	0	0	0	0	0	0	0	0	0	0	0	0	0	0	0	0	0	0	0	0	0	0	0	0	0	0	0	0	0	0	0	0	0	0	
0	0	0	0	0	0	0	0	0	0	0	0	0	0	0	0	0	0	0	0	0	0	0	0	0	0	0	0	0	0	0	0	192	0	0	0	0	0	0	0	0	0	0	0	0	0	0	0	0	0	0	0	0	0	0	0	0	0	0	0	0	0	0	0	0	0	0	192	0	192	192	0	0	0	0	0	0	0	0	0	
0	0	0	0	0	192	0	0	0	0	0	0	0	0	192	0	0	0	0	0	0	0	0	0	192	0	0	0	0	0	0	0	0	0	0	0	0	0	0	0	0	0	0	0	0	0	0	0	0	0	0	0	0	0	0	0	0	0	0	0	0	0	0	0	192	0	0	0	0	0	0	0	0	0	0	0	0	0	0	0	
192	0	0	0	0	0	0	0	0	0	0	0	0	0	0	0	0	0	0	0	0	0	0	0	192	0	0	0	0	0	0	0	0	0	0	0	0	0	0	0	0	0	0	0	0	0	0	0	0	192	0	0	0	0	0	0	0	0	0	0	0	0	0	0	192	0	0	0	0	0	0	0	0	0	0	0	0	0	0	0	
0	0	0	0	0	0	0	0	0	0	0	0	0	0	0	0	0	0	0	0	0	0	0	0	0	0	0	0	0	0	192	0	0	0	0	0	0	0	0	0	0	0	0	0	0	0	0	0	0	0	0	0	0	0	0	192	0	0	0	0	0	0	0	192	0	0	0	0	0	0	0	192	0	0	0	0	0	0	0	0	
0	0	0	0	0	0	0	0	0	0	0	0	0	0	0	0	0	0	0	0	0	0	0	0	0	0	0	0	0	0	0	0	0	0	0	0	0	0	0	192	0	0	0	0	0	0	0	192	0	0	192	0	0	192	0	0	0	0	0	0	0	0	0	0	0	0	0	0	0	0	0	0	0	0	0	0	0	0	0	0	
0	0	0	0	0	0	0	0	192	0	192	0	0	0	0	0	192	0	0	0	0	0	0	0	0	0	0	0	192	0	0	0	0	0	0	0	0	0	0	0	0	0	0	0	0	0	0	0	0	0	0	0	0	0	0	0	0	0	0	0	0	0	0	0	0	0	0	0	0	0	0	0	0	0	0	0	0	0	0	0	
0	0	0	0	0	0	0	0	0	0	0	0	0	0	0	0	0	0	0	0	192	0	0	0	0	0	0	0	0	0	0	0	0	0	192	0	0	0	0	0	0	0	0	0	0	0	0	0	0	0	0	0	0	0	0	0	0	0	0	192	0	0	0	0	0	0	0	0	0	0	0	0	0	0	0	0	0	192	0	0	
0	0	0	0	0	0	0	0	0	0	0	0	0	0	0	0	0	0	0	0	0	0	0	0	0	192	0	0	0	0	0	0	0	0	0	0	0	0	0	0	0	0	0	0	0	0	0	0	0	0	0	0	0	0	0	0	0	0	0	0	0	0	0	0	0	0	0	192	0	192	192	0	0	0	0	0	0	0	0	0	
0	0	0	0	192	0	0	0	0	0	0	0	0	0	0	0	0	192	0	0	0	0	0	0	0	0	0	0	0	0	0	0	0	0	0	0	0	0	192	0	0	0	0	0	0	0	0	0	0	0	0	0	0	0	0	0	0	0	0	0	0	0	0	0	0	0	0	0	0	0	0	192	0	0	0	0	0	0	0	0	
0	0	0	192	0	0	0	0	0	0	0	0	0	0	0	0	0	0	0	0	192	0	0	0	0	0	0	0	0	0	0	192	0	0	0	0	0	0	0	0	0	0	0	0	0	0	0	0	0	0	0	0	0	0	0	0	0	0	0	0	0	0	0	0	0	0	0	0	0	0	0	0	0	0	0	0	0	192	0	0	
0	0	0	0	0	0	0	0	0	0	0	0	0	0	0	0	0	0	192	0	0	0	0	0	192	0	0	0	0	0	0	0	0	0	0	0	192	0	0	0	0	0	0	0	0	0	0	0	0	0	0	0	0	0	0	0	0	0	0	0	192	0	0	0	0	0	0	0	0	0	0	0	0	0	0	0	0	0	0	0	
0	0	0	0	0	192	0	0	0	0	0	0	0	0	0	0	0	0	0	0	0	0	0	0	192	0	0	0	0	0	0	0	0	0	0	192	0	0	0	0	0	0	0	0	0	0	0	0	0	0	0	0	0	192	0	0	0	0	0	0	0	0	0	0	0	0	0	0	0	0	0	0	0	0	0	0	0	0	0	0	
0	0	0	0	0	0	0	192	0	192	0	0	0	192	0	0	0	0	0	0	0	0	0	0	0	0	0	0	0	0	0	0	0	0	0	0	0	0	0	0	0	0	0	0	0	0	0	0	0	0	0	0	0	0	0	0	0	0	0	0	0	0	0	0	0	0	0	0	0	0	0	0	0	0	0	0	0	0	0	192	
0	0	0	0	192	0	192	0	0	0	0	0	0	0	0	0	0	192	0	0	0	0	0	0	0	0	0	0	0	0	0	0	0	192	0	0	0	0	0	0	0	0	0	0	0	0	0	0	0	0	0	0	0	0	0	0	0	0	0	0	0	0	0	0	0	0	0	0	0	0	0	0	0	0	0	0	0	0	0	0	
0	0	0	0	0	192	0	0	0	0	0	0	0	0	0	0	0	0	0	0	0	0	0	0	0	0	0	0	0	192	0	0	0	0	0	0	0	0	0	0	0	0	0	0	0	0	0	192	0	0	0	0	0	192	0	0	0	0	0	0	0	0	0	0	0	0	0	0	0	0	0	0	0	0	0	0	0	0	0	0	
0	0	0	0	0	0	192	0	0	0	0	0	0	0	0	0	0	0	0	0	0	0	0	0	0	0	0	0	0	0	0	0	0	0	0	0	0	0	0	0	0	0	0	192	0	0	0	0	192	0	0	0	0	0	0	192	0	0	0	0	0	0	0	0	0	0	0	0	0	0	0	0	0	0	0	0	0	0	0	0	
0	0	0	0	0	0	0	0	0	0	0	0	0	0	0	0	0	0	0	0	0	0	0	0	0	0	0	0	0	0	0	0	0	0	0	0	0	0	0	0	0	0	192	0	192	0	0	0	192	0	0	0	0	0	0	0	0	0	0	0	0	0	0	0	0	192	0	0	0	0	0	0	0	0	0	0	0	0	0	0	
0	0	0	0	0	0	0	0	0	0	0	0	0	0	0	0	0	0	0	0	0	0	0	0	0	0	0	0	0	0	0	0	0	0	0	0	0	0	0	0	0	192	0	0	192	0	0	0	192	0	0	0	0	0	0	0	0	0	0	0	0	0	0	0	0	0	0	0	0	0	0	0	0	0	0	192	0	0	0	0	
0	0	0	0	0	0	192	0	0	0	0	0	0	0	0	0	0	0	0	0	0	0	0	0	0	0	0	0	0	0	0	0	0	0	0	0	0	0	0	0	192	0	0	0	0	192	0	0	192	0	0	0	0	0	0	0	0	0	0	0	0	0	0	0	0	0	0	0	0	0	0	0	0	0	0	0	0	0	0	0	
0	0	0	0	0	0	0	0	0	0	0	0	0	0	0	0	0	0	0	0	0	0	0	0	0	0	0	0	0	0	0	0	0	0	0	0	0	0	0	0	0	192	192	0	0	0	0	0	0	0	0	0	0	0	0	0	0	0	0	0	0	192	0	0	0	192	0	0	0	0	0	0	0	0	0	0	0	0	0	0	
0	0	0	0	0	0	0	0	0	0	0	0	0	0	0	0	0	0	0	0	0	0	0	0	0	0	0	0	0	0	0	0	0	0	0	0	0	0	0	0	0	0	0	192	0	0	0	0	0	0	0	0	0	0	0	0	0	0	0	0	0	192	0	0	0	192	0	0	0	0	0	0	0	0	0	0	192	0	0	0	
0	0	0	0	0	0	0	0	0	0	0	0	0	0	0	0	0	0	0	0	0	0	0	0	0	0	0	0	0	0	0	0	0	0	0	0	0	0	0	0	0	0	0	0	0	0	0	0	0	0	0	0	0	0	0	0	0	0	0	192	0	0	0	0	0	0	0	0	0	192	0	0	0	192	0	0	0	192	0	0	
0	0	0	0	0	0	0	0	0	0	0	0	0	0	192	0	0	0	0	192	0	0	0	0	0	0	0	0	0	192	0	0	0	0	0	0	0	0	0	192	0	0	0	0	0	0	0	0	0	0	0	0	0	0	0	0	0	0	0	0	0	0	0	0	0	0	0	0	0	0	0	0	0	0	0	0	0	0	0	0	
0	0	0	0	0	0	0	0	0	0	0	0	0	0	0	0	0	0	0	0	0	0	0	0	0	0	0	0	0	0	0	0	0	0	0	0	0	0	0	0	192	192	192	192	0	0	0	0	0	0	0	0	0	0	0	0	0	0	0	0	0	0	0	0	0	0	0	0	0	0	0	0	0	0	0	0	0	0	0	0	
192	0	0	0	0	0	0	0	0	0	0	0	0	0	0	0	0	0	0	0	0	0	0	0	0	0	0	192	0	0	0	0	0	0	0	0	0	0	0	0	0	0	0	0	0	0	0	0	0	0	0	0	0	0	0	0	0	0	192	0	192	0	0	0	0	0	0	0	0	0	0	0	0	0	0	0	0	0	0	0	
0	0	0	0	0	0	0	0	0	0	0	0	0	0	192	0	0	0	0	192	0	0	0	0	0	0	0	0	0	192	0	0	0	0	0	0	0	0	0	0	0	0	0	0	0	0	0	0	0	0	0	0	0	0	192	0	0	0	0	0	0	0	0	0	0	0	0	0	0	0	0	0	0	0	0	0	0	0	0	0	
0	0	0	0	0	0	0	0	0	0	0	192	0	0	0	0	0	0	0	0	0	0	0	0	0	0	0	0	0	0	0	0	0	0	0	0	0	0	0	0	0	0	0	0	0	0	0	0	0	0	0	0	0	0	0	0	0	0	0	0	0	0	0	0	0	0	0	0	192	0	0	0	0	0	192	0	0	0	192	0	
0	0	192	0	0	0	0	0	0	0	0	0	192	0	0	0	0	0	0	0	0	0	0	0	0	0	0	0	0	0	0	0	0	0	0	0	0	0	0	0	0	0	0	0	0	0	0	0	0	0	0	0	0	0	0	0	0	0	0	0	0	192	0	0	0	0	0	192	0	0	0	0	0	0	0	0	0	0	0	0	
0	0	0	0	0	192	0	0	0	0	0	0	0	0	0	0	0	0	0	0	0	0	0	0	0	0	0	0	0	192	0	0	0	0	0	0	192	0	0	192	0	0	0	0	0	0	0	0	0	0	0	0	0	0	0	0	0	0	0	0	0	0	0	0	0	0	0	0	0	0	0	0	0	0	0	0	0	0	0	0	
0	0	0	0	0	0	0	0	0	0	192	0	0	0	0	0	192	0	0	0	0	0	0	0	0	0	0	0	0	0	0	0	0	0	0	0	0	0	0	0	0	0	0	0	0	0	0	0	0	0	192	0	0	0	0	0	0	0	0	0	0	0	0	0	0	0	192	0	0	0	0	0	0	0	0	0	0	0	0	0	
0	0	0	0	0	0	0	0	0	0	0	0	0	0	0	0	0	0	0	0	0	0	0	0	0	0	0	0	192	0	0	0	0	0	0	0	0	0	0	0	192	0	0	0	0	0	0	0	0	0	0	0	0	0	0	0	0	0	0	0	0	0	0	192	0	0	0	0	0	0	0	192	0	0	0	0	0	0	0	0	
0	0	0	0	0	0	0	0	0	0	0	0	0	0	0	0	0	0	0	0	0	0	0	0	0	0	0	0	0	0	0	0	0	0	0	0	0	0	0	0	0	0	0	0	0	0	0	0	0	0	0	0	0	0	0	0	0	192	0	0	0	0	0	0	0	0	0	0	192	0	0	0	0	0	192	0	0	0	192	0	
0	0	0	0	0	0	0	0	0	0	0	0	0	0	0	0	0	0	0	0	0	0	0	0	0	0	0	0	0	0	0	0	0	0	0	0	0	0	0	0	0	0	0	0	0	0	0	0	0	0	0	0	0	0	0	0	192	0	0	0	0	0	0	0	0	0	0	0	192	0	0	0	0	192	0	0	0	0	192	0	
0	0	0	0	0	0	0	192	0	0	0	0	0	0	0	0	0	0	0	0	0	0	0	0	0	0	0	0	0	0	0	0	0	0	0	0	0	0	0	0	0	0	0	0	0	0	0	0	0	192	0	0	0	0	0	0	0	0	0	0	0	0	192	0	0	0	192	0	0	0	0	0	0	0	0	0	0	0	0	0	
0	0	0	192	0	0	0	0	0	0	0	0	0	0	0	0	0	0	0	0	192	0	0	0	0	0	0	0	0	0	0	192	0	0	0	0	0	0	0	0	0	0	0	0	0	0	192	0	0	0	0	0	0	0	0	0	0	0	0	0	0	0	0	0	0	0	0	0	0	0	0	0	0	0	0	0	0	0	0	0	
192	0	0	0	0	0	0	0	0	0	0	0	0	0	0	0	0	0	192	0	0	0	0	0	0	0	0	0	0	0	0	0	0	0	0	192	0	0	0	0	0	0	0	0	0	0	0	0	0	192	0	0	0	0	0	0	0	0	0	0	0	0	0	0	0	0	0	0	0	0	0	0	0	0	0	0	0	0	0	0	
0	0	0	0	0	0	0	0	0	0	0	0	0	0	0	0	0	0	0	0	0	0	0	0	0	0	0	0	0	0	0	0	0	0	0	0	0	0	0	0	0	0	0	0	192	192	0	0	0	0	0	0	192	0	0	0	0	0	0	0	0	0	0	0	0	192	0	0	0	0	0	0	0	0	0	0	0	0	0	0	
0	0	0	0	0	0	0	0	0	0	0	192	0	0	0	0	0	0	0	0	0	0	0	0	0	0	0	0	0	0	0	0	0	0	0	0	0	0	0	0	0	0	0	0	0	0	0	0	0	0	0	0	0	0	0	0	0	0	192	0	0	0	0	0	0	0	0	0	0	192	0	0	0	0	0	0	0	0	192	0	
0	192	0	0	0	0	0	0	0	0	0	0	0	0	0	0	0	0	0	0	0	0	0	0	0	0	0	0	192	0	0	0	0	0	0	0	0	0	0	0	0	0	0	0	0	0	0	0	0	0	0	0	0	0	0	192	0	0	0	0	0	0	0	0	0	0	0	0	0	0	0	0	0	0	0	192	0	0	0	0	
192	0	0	0	0	0	0	0	0	0	0	0	0	0	192	0	0	0	0	0	0	0	0	0	0	0	192	192	0	0	0	0	0	0	0	0	0	0	0	0	0	0	0	0	0	0	0	0	0	0	0	0	0	0	0	0	0	0	0	0	0	0	0	0	0	0	0	0	0	0	0	0	0	0	0	0	0	0	0	0	
0	0	0	0	0	0	0	0	0	0	0	0	0	0	0	0	0	0	0	0	0	0	0	0	0	0	0	0	0	0	0	0	0	0	0	0	0	0	0	0	0	192	0	0	192	192	0	0	0	0	0	0	0	0	0	0	0	0	0	0	0	192	0	0	0	0	0	0	0	0	0	0	0	0	0	0	0	0	0	0	
0	0	0	0	0	0	0	0	0	0	192	0	0	192	0	0	0	0	0	0	0	0	0	0	0	0	0	0	0	0	0	0	0	0	0	0	0	0	0	0	0	0	0	0	0	0	0	0	0	0	0	0	0	0	192	0	0	0	192	0	0	0	0	0	0	0	0	0	0	0	0	0	0	0	0	0	0	0	0	0	
0	0	0	0	0	0	0	0	0	0	0	0	0	0	0	0	0	0	0	0	0	0	0	192	0	192	0	0	0	0	0	0	192	0	0	0	0	0	0	0	0	0	0	0	0	0	0	0	0	0	0	0	192	0	0	0	0	0	0	0	0	0	0	0	0	0	0	0	0	0	0	0	0	0	0	0	0	0	0	0	
0	0	0	0	0	0	0	0	0	0	0	0	0	0	0	0	0	0	0	0	0	0	0	0	0	0	0	0	0	0	0	0	0	0	0	0	0	0	0	0	0	0	0	0	0	0	0	0	0	0	0	192	0	0	0	0	192	192	0	0	0	0	0	0	0	0	0	0	0	0	0	0	0	192	0	0	0	0	0	0	
0	0	0	0	0	0	0	0	0	0	0	0	0	0	0	0	0	0	0	0	0	0	0	0	0	192	0	0	0	0	0	0	192	0	0	0	0	0	0	0	0	0	0	0	0	0	192	0	0	0	0	0	0	0	0	0	0	0	0	0	0	0	192	0	0	0	0	0	0	0	0	0	0	0	0	0	0	0	0	0	
0	0	192	0	0	0	0	0	0	0	0	0	0	0	0	0	0	0	0	0	0	0	0	192	0	192	0	0	0	0	0	0	192	0	0	0	0	0	0	0	0	0	0	0	0	0	0	0	0	0	0	0	0	0	0	0	0	0	0	0	0	0	0	0	0	0	0	0	0	0	0	0	0	0	0	0	0	0	0	0	
0	0	0	0	0	0	0	0	0	0	0	0	0	0	0	0	0	192	0	0	0	0	0	0	0	0	0	0	192	0	0	0	0	192	0	0	0	0	0	0	0	0	0	0	0	0	0	0	0	0	0	0	0	0	0	192	0	0	0	0	0	0	0	0	0	0	0	0	0	0	0	0	0	0	0	0	0	0	0	0	
0	0	0	0	0	0	0	0	0	0	0	0	192	0	0	192	0	0	0	0	0	192	192	0	0	0	0	0	0	0	0	0	0	0	0	0	0	0	0	0	0	0	0	0	0	0	0	0	0	0	0	0	0	0	0	0	0	0	0	0	0	0	0	0	0	0	0	0	0	0	0	0	0	0	0	0	0	0	0	0	
0	0	0	0	0	0	0	0	0	0	0	0	0	0	0	0	0	0	0	0	0	0	0	0	0	0	0	0	0	0	0	0	0	0	0	0	0	0	0	0	0	0	0	0	0	0	192	0	0	0	0	0	0	0	0	0	0	192	0	0	0	0	0	0	0	0	0	0	192	0	0	0	0	0	0	192	0	0	0	0	
0	0	0	0	0	0	0	0	0	0	0	192	0	0	0	0	0	0	192	0	0	0	0	0	0	0	0	0	0	0	0	0	0	0	0	0	0	0	0	0	0	0	0	0	0	0	0	0	0	0	0	192	0	0	0	0	192	0	0	0	0	0	0	0	0	0	0	0	0	0	0	0	0	0	0	0	0	0	0	0	
0	0	0	0	0	0	0	0	0	0	192	0	0	0	0	0	0	0	0	0	0	0	0	0	0	0	0	0	0	0	0	0	0	0	0	0	0	0	0	0	0	0	192	0	0	0	0	0	0	0	0	0	0	0	0	0	0	0	0	0	0	0	0	192	0	0	0	0	0	0	0	0	0	192	0	0	0	0	0	0	
0	0	192	0	0	0	0	0	0	0	0	0	0	0	0	192	0	0	0	0	0	0	0	192	0	0	0	0	0	0	0	0	0	0	0	0	0	0	0	0	0	0	0	0	0	192	0	0	0	0	0	0	0	0	0	0	0	0	0	0	0	0	0	0	0	0	0	0	0	0	0	0	0	0	0	0	0	0	0	0	
0	0	0	192	0	0	0	0	0	0	0	0	0	0	0	0	0	0	0	0	0	0	0	0	0	0	0	0	0	0	0	192	0	0	192	0	0	0	0	0	0	0	0	0	0	0	192	0	0	0	0	0	0	0	0	0	0	0	0	0	0	0	0	0	0	0	0	0	0	0	0	0	0	0	0	0	0	0	0	0	
0	0	0	0	0	0	0	0	0	0	0	0	0	0	0	0	0	0	0	0	0	0	0	0	0	0	0	0	0	0	0	0	0	0	0	0	0	0	0	0	0	0	0	0	0	0	0	0	0	0	0	192	0	0	0	0	192	192	0	0	0	0	192	0	0	0	0	0	0	0	0	0	0	0	0	0	0	0	0	0	
0	0	0	0	0	0	0	192	0	192	0	0	0	192	0	0	0	0	0	0	0	0	0	0	0	0	0	0	0	0	0	0	0	0	0	0	0	192	0	0	0	0	0	0	0	0	0	0	0	0	0	0	0	0	0	0	0	0	0	0	0	0	0	0	0	0	0	0	0	0	0	0	0	0	0	0	0	0	0	0	
66	35	3	9	78	66	13	57	62	62	51	69	32	69	16	42	64	52	34	70	76	24	7	37	16	13	26	20	42	34	10	17	39	34	66	40	50	10	17	22	59	57	66	8	13	26	68	11	69	43	18	13	33	73	75	42	61	17	42	64	71	15	30	42	44	33	3	39	72	52	5	3	56	69	19	28	74	48	8	45	43	3	3	69	71	43	59	56	39	12	58	75	25	67	37	74	3	58	52	21	73	48	57	2	15	73	73	53	74	11	25	52	65	60	63	3	39	47	14	72	17	26	13	22	5	2	32	53	40	44	44	71	63	60	38	51	30	41	36	46	43	70	73	60	74	42	76	50	65	56	65	37	21	38	13	27	42	41	21	41	6	22	62	2	14	66	13	62	22	50	8	15	68	26	2	28	13	33	18	57	37	58	28	60	2	60	53	9	72	58	66	70	61	74	8	23	54	49	77	33	71	4	4	10	7	71	4	54	72	65	1	74	34	22	16	44	72	10	70	16	79	67	25	44	77	54	60	68	55	40	6	29	18	46	58	77	34	29	47	24	29	10	73	4	55	74	77	69	6	65	49	64	79	38	40	75	22	12	73	26	65	73	23	18	21	18	9	25	22	60	35	20	26	12	58	6	54	39	36	22	78	18	36	73	56	17	1	35	8	75	62	57	69	51	34	1	33	63	17	63	20	20	16	56	65	71	52	18	46	29	35	49	79	59	64	27	0	72	71	79	54	42	18	70	34	39	34	33	35	32	57	49	12	22	40	7	77	27	15	51	70	0	48	23	26	68	27	4	25	10	2	43	52	66	53	29	76	14	6	10	66	61	70	69	8	67	37	13	61	46	52	4	3	65	22	43	28	28	58	51	71	0	49	12	71	47	29	72	76	25	63	9	7	32	71	14	40	20	39	40	18	22	79	74	69	55	65	52	66	41	78	57	20	46	4	7	62	24	68	69	16	8	60	63	8	27	72	66	3	30	21	76	61	30	64	25	69	24	71	71	6	25	53	51	46	14	42	73	25	20	0	70	54	72	70	56	32	23	23	76	5	62	3	30	17	59	20	75	35	57	9	33	38	22	30	61	40	31	16	75	70	1	61	8	76	74	0	50	40	21	40	22	71	48	50	48	22	56	57	30	50	59	44	60	55	36	23	40	3	33	55	46	3	32	58	12	52	60	44	54	10	41	55	52	28	12	22	55	7	16	18	55	35	46	21	13	26	63	6	19	20	12	16	49	11	62	11	1	72	45	48	75	52	68	30	67	56	28	32	73	68	73	3	63	67	33	11	57	74	71	78	61	45	2	0	64	67	6	22	22	63	40	6	5	40	45	4	18	65	26	22	43	45	8	7	26	70	14	49	3	64	30	67	7	75	26	14	55	40	18	5	20	40	8	40	47	61	29	39	57	71	33	68	68	56	6	32	63	64	76	12	60	48	69	41	77	9	1	55	50	29	50	9	11	60	41	14	43	8	11	58	69	23	27	13	30	60	66	75	61	35	75	18	13	57	37	60	58	0	21	40	71	48	22	7	27	78	66	79	61	68	49	59	7	73	12	52	1	39	12	18	38	39	11	14	77	34	17	34	31	17	6	55	71	77	70	52	28	15	23	69	8	48	19	64	51	73	4	65	71	35	18	62	29	54	54	50	46	29	26	38	67	57	68	54	40	46	78	66	60	74	42	79	52	64	27	65	53	55	73	14	19	3	70	58	53	9	9	75	79	79	54	6	37	24	35	47	13	59	68	44	78	62	57	77	28	29	50	19	75	4	11	38	21	23	57	38	55	11	18	3	39	29	66	31	3	18	78	39	77	31	52	35	55	77	51	60	56	9	18	50	19	33	27	71	51	31	21	18	76	28	54	57	49	10	68	4	74	24	54	63	64	48	5	58	63	17	33	72	55	26	76	28	49	49	36	28	6	57	14	31	30	12	35	74	37	48	34	19	9	39	13	68	8	0	34	15	22	70	2	74	55	55	10	75	41	16	9	62	46	71	57	75	63	35	57	33	53	67	61	79	63	28	73	22	14	49	51	44	44	58	73	77	29	72	60	21	36	36	77	54	23	43	55	25	55	60	18	70	22	8	37	66	41	1	46	54	59	17	35	45	28	60	73	71	26	4	24	9	41	2	5	65	71	28	62	26	45	57	43	79	40	22	78	17	51	7	32	74	11	54	70	8	78	32	11	28	8	59	47	15	44	64	33	24	3	51	7	45	0	40	55	76	43	55	19	6	6	14	49	33	60	71	42	34	74	34	70	40	78	34	28	61	8	50	53	71	71	12	71	70	68	42	77	21	38	33	43	26	32	40	79	22	37	17	33	3	6	10	5	31	39	39	32	22	9	58	12	43	76	15	65	78	17	29	37	47	55	57	61	66	8	25	67	33	71	33	50	40	30	78	43	8	69	13	47	76	16	41	58	64	37	77	28	48	65	3	23	55	66	36	74	53	52	44	38	51	62	28	3	27	28	3	3	47	49	60	56	9	35	19	26	6	61	10	30	37	70	27	53	74	78	49	45	64	47	33	72	51	34	60	46	37	14	59	73	16	27	16	28	11	17	63	31	52	26	8	41	34	34	7	59	19	54	22	51	3	20	50	71	73	73	57	17	1	39	51	9	39	24	56	22	38	41	18	7	71	2	43	42	65	62	32	38	36	70	70	76	14	10	39	61	31	3	21	49	21	62	39	9	69	38	23	21	76	38	31	76	29	74	39	22	40	49	73	62	68	47	61	77	41	29	33	35	64	12	61	77	40	34	20	4	64	47	26	10	52	2	35	72	12	34	20	53	45	22	61	42	1	16	33	52	28	56	5	2	5	12	55	52	26	42	50	53	71	20	42	43	7	46	12	74	69	22	40	62	28	71	4	46	53	54	75	40	23	10	57	66	15	6	62	65	69	76	72	35	30	72	34	32	66	4	67	39	18	46	35	68	53	43	24	45	61	20	39	78	33	22	11	31	58	27	67	32	44	7	18	14	36	53	5	30	37	58	41	59	24	25	50	12	12	35	61	2	56	68	30	62	68	23	47	48	13	32	30	73	48	36	0	1	61	45	12	33	45	48	0	61	62	25	69	25	26	15	1	16	38	0	57	73	79	0	52	53	50	25	55	22	75	33	13	62	54	23	74	67	37	41	21	29	36	21	56	57	41	48	18	35	54	0	65	17	10	5	25	6	17	75	30	40	5	39	10	57	2	56	1	31	47	9	65	66	49	37	55	36	62	34	22	6	53	50	56	51	51	33	5	25	25	79	16	11	49	71	42	50	60	24	24	50	59	61	46	60	51	74	59	37	14	0	52	55	22	58	8	17	16	45	12	7	71	69	61	30	0	70	46	14	73	30	34	27	55	25	0	8	8	63	70	35	47	35	36	48	40	71	23	66	61	76	17	29	64	57	2	71	79	15	49	52	79	27	44	18	72	76	15	44	56	64	53	69	28	11	9	17	27	71	71	35	69	77	57	41	50	54	38	69	47	58	44	61	62	58	44	17	26	27	23	37	7	27	6	14	22	32	62	57	54	70	12	53	51	49	31	17	50	5	0	66	71	58	58	0	0	30	60	12	29	30	
39	13	7	16	61	31	10	38	21	71	11	39	41	47	20	12	18	63	14	14	24	65	18	6	20	62	73	46	48	63	28	78	4	60	4	31	26	63	57	42	26	49	6	72	45	74	35	19	14	4	57	67	51	8	16	65	71	46	51	70	34	65	73	59	78	71	61	58	68	76	22	43	59	39	31	7	79	50	31	71	6	38	64	52	60	31	69	51	70	71	39	70	76	41	9	24	2	76	40	4	69	35	52	77	22	46	14	2	6	14	41	6	22	4	3	72	56	50	16	25	43	8	63	28	2	40	17	65	12	17	56	56	28	23	69	3	66	72	8	51	79	55	35	57	52	52	54	22	2	16	35	42	58	29	26	55	13	27	30	31	28	60	29	1	9	63	26	30	51	39	54	41	12	53	50	33	38	73	14	9	65	52	59	32	13	23	59	72	61	68	31	49	17	75	23	78	42	61	69	31	25	60	42	4	79	8	70	31	45	18	58	1	53	12	8	10	70	38	33	61	66	1	6	41	27	15	22	33	64	0	69	68	52	21	34	4	55	32	31	49	26	1	60	46	78	25	11	74	36	58	12	23	77	20	17	70	42	24	11	24	28	40	74	78	36	20	63	8	52	77	77	73	27	21	3	0	28	28	66	63	70	35	44	23	12	76	50	72	78	23	4	37	60	21	68	61	41	7	66	34	37	47	32	69	1	14	62	39	30	67	46	8	14	1	1	36	62	51	42	74	49	41	24	23	21	28	69	56	39	43	46	59	35	2	65	45	39	77	74	10	64	59	6	15	59	40	66	74	20	48	76	24	10	18	32	69	56	74	60	47	43	53	75	18	34	79	28	11	8	55	59	57	11	57	21	70	8	18	8	65	44	15	48	55	51	76	42	4	59	72	51	38	49	79	57	25	2	46	8	75	42	50	45	72	71	72	53	62	70	61	8	58	15	40	44	26	16	59	32	11	54	12	63	71	11	5	49	6	24	29	47	1	70	62	18	66	61	1	20	18	7	63	60	25	77	65	53	32	23	32	71	1	15	21	44	36	46	73	75	19	44	53	31	54	36	50	0	23	29	56	55	46	0	34	45	52	39	56	76	19	12	2	44	4	37	75	70	63	78	10	35	77	78	58	44	24	31	50	27	40	41	13	71	55	38	50	59	77	63	43	0	52	45	66	29	68	56	14	65	4	5	68	33	78	40	7	52	59	65	39	64	79	5	42	25	33	72	51	52	67	1	73	71	13	35	63	6	50	5	76	55	40	10	9	21	55	20	12	28	56	55	63	67	10	66	68	74	78	37	60	49	38	1	23	59	65	72	39	39	33	26	44	55	24	56	24	59	38	3	44	78	75	72	78	60	69	38	28	19	33	4	73	63	27	62	20	62	2	0	25	12	49	73	37	22	5	69	38	75	61	65	55	21	20	26	23	67	56	44	67	50	22	6	70	62	43	4	79	5	67	3	42	3	12	64	69	6	35	52	27	19	24	22	33	68	8	56	36	18	59	69	44	39	73	4	66	65	9	53	33	47	56	64	61	57	53	49	42	35	71	30	62	3	66	26	61	30	26	12	60	40	54	56	65	23	25	67	64	47	41	2	14	54	27	26	65	49	20	17	61	68	57	10	72	53	47	44	6	41	10	43	60	20	33	60	0	44	39	20	7	62	51	6	48	32	11	1	33	32	54	41	78	29	53	48	24	74	42	71	32	7	21	46	55	69	23	23	45	21	50	66	36	8	6	33	45	31	68	5	9	59	3	14	14	4	0	32	21	36	69	71	40	57	73	36	76	68	16	47	40	73	23	34	71	8	26	45	1	76	6	54	77	62	32	71	41	73	40	68	47	57	38	29	0	76	65	65	26	39	22	1	4	69	23	39	76	29	16	67	29	9	52	24	32	63	50	19	46	13	60	7	71	16	0	4	67	75	34	42	15	49	51	10	25	47	78	57	68	74	27	76	45	74	66	62	23	43	32	72	6	32	38	66	32	0	34	49	3	60	43	27	50	29	7	38	32	48	21	50	65	63	59	24	51	13	61	5	29	70	20	17	68	3	6	30	6	9	62	21	74	79	64	65	78	12	75	29	65	20	44	31	29	48	55	41	43	30	4	47	2	67	12	50	1	44	35	22	54	78	51	28	3	76	53	15	77	74	0	54	74	56	70	46	48	31	68	57	34	79	38	39	13	32	8	27	17	63	59	48	46	3	64	37	47	35	11	34	1	38	79	47	67	16	22	29	14	37	13	36	16	5	43	66	3	76	57	11	49	15	14	38	68	15	19	10	52	40	20	18	34	50	0	5	43	0	55	5	66	37	62	10	2	21	56	43	30	31	46	44	74	65	52	34	36	5	51	56	24	19	77	12	66	32	33	41	39	37	4	52	19	8	1	22	28	57	35	24	78	19	18	77	19	3	65	8	18	6	50	17	56	18	52	26	3	68	24	36	79	50	77	26	5	12	61	58	57	19	40	40	22	35	51	19	8	61	29	14	17	47	63	76	16	27	21	73	51	51	49	32	46	23	41	28	37	67	14	12	8	20	48	27	24	21	25	28	28	13	8	7	26	70	61	24	24	30	76	71	67	78	41	59	70	73	32	33	55	76	52	33	13	78	52	22	46	11	17	52	69	44	6	65	1	20	39	16	47	28	75	12	20	60	44	38	29	70	44	45	19	31	69	63	55	12	24	37	25	70	66	43	13	7	71	60	78	33	62	23	56	47	24	51	24	67	62	74	31	9	31	73	0	15	28	5	53	0	57	1	19	17	54	55	19	51	76	56	39	66	49	61	40	78	32	29	0	44	51	41	61	53	56	67	43	19	64	11	71	68	68	28	29	67	77	14	35	58	74	74	28	4	61	25	31	53	58	47	38	54	17	20	59	74	41	22	11	18	14	66	5	5	21	49	22	7	44	46	17	17	0	30	42	72	20	54	52	23	19	28	37	5	72	60	31	19	9	29	62	21	76	68	62	39	76	34	4	14	10	9	21	15	4	72	33	4	77	59	54	73	6	0	38	65	67	32	22	25	11	4	27	15	73	33	58	37	71	69	9	25	34	31	71	23	6	61	61	36	76	4	3	74	61	15	30	40	29	48	19	18	31	78	65	55	9	57	5	12	6	71	26	53	21	3	19	3	30	7	66	32	64	9	17	70	59	35	24	73	32	64	42	57	45	18	31	34	77	72	32	51	21	8	66	72	76	39	60	24	71	7	38	79	64	46	71	40	16	52	8	65	45	59	49	70	43	49	71	12	2	52	22	0	63	9	75	6	59	35	75	25	54	37	4	73	43	51	64	16	60	24	40	5	46	60	18	17	41	45	64	11	60	68	14	49	6	52	0	2	45	54	27	71	23	33	31	17	1	16	26	9	75	20	53	43	17	78	74	21	68	42	79	3	75	34	75	47	16	0	44	36	52	53	37	75	76	53	56	47	18	9	43	1	10	65	13	39	65	21	5	0	58	35	6	17	49	56	58	4	34	66	9	69	3	66	40	67	66	53	66	65	40	64	3	76	12	61	6	62	68	46	0	64	72	59	12	75	74	30	27	37	66	31	15	65	50	20	29	18	5	68	36	61	20	
20	15	12	17	10	9	8	6	1	8	1	15	19	12	14	4	8	3	12	6	10	17	6	19	13	17	8	2	7	18	18	14	16	17	19	14	5	12	6	17	16	12	17	3	5	1	18	1	1	5	8	9	6	9	4	6	12	9	9	18	1	19	19	19	5	16	10	1	5	12	9	17	15	5	7	4	3	8	19	15	19	17	12	12	6	6	6	2	3	3	5	1	14	10	16	2	11	3	9	1	3	12	20	7	8	10	9	17	10	8	19	17	3	17	2	19	7	7	11	5	7	19	18	6	6	18	18	17	10	4	3	2	14	7	6	19	11	12	4	19	5	16	6	5	18	3	9	13	11	15	6	1	3	1	5	1	18	10	13	6	10	11	6	1	11	4	17	15	12	7	11	10	18	5	9	14	19	14	8	16	11	9	9	2	4	17	10	16	19	7	14	3	20	2	7	20	12	1	18	5	13	3	4	10	12	15	18	20	13	2	13	5	5	19	2	12	18	17	19	4	17	2	15	17	6	11	20	9	11	12	11	20	4	3	5	11	10	5	20	11	19	7	11	6	16	18	12	7	13	10	13	18	12	5	17	5	9	16	2	15	2	16	2	11	19	1	20	13	6	13	6	15	19	1	10	16	8	14	11	8	1	20	16	12	12	10	8	1	9	3	6	9	6	16	13	12	12	16	12	19	6	6	2	4	8	4	10	11	5	3	11	5	10	20	4	7	1	20	18	6	18	12	7	1	16	14	9	7	1	18	11	4	13	2	4	17	6	11	6	8	8	1	2	12	5	14	10	4	1	3	5	16	13	17	5	13	7	20	11	1	12	18	8	4	7	3	17	6	16	18	19	2	9	18	19	5	10	1	10	6	1	15	12	16	17	2	12	7	7	3	2	20	3	7	6	12	3	10	7	1	15	6	12	10	20	3	8	18	4	12	2	12	3	18	6	10	12	16	8	5	4	13	20	9	18	17	12	15	13	3	15	5	18	11	12	4	19	17	7	11	9	11	1	1	1	18	19	11	7	20	10	17	1	11	12	4	7	7	4	18	7	20	17	11	18	3	3	12	4	16	15	3	19	10	6	16	4	20	6	5	15	20	2	6	10	3	9	16	17	6	18	13	2	2	8	13	18	20	15	6	14	8	4	4	6	1	5	4	4	6	1	20	4	2	15	20	8	16	14	16	6	9	8	8	6	19	10	13	7	16	17	17	16	20	13	5	20	20	8	10	18	6	19	17	5	5	2	18	1	5	3	3	19	20	14	19	5	3	20	6	16	16	11	16	16	6	2	10	18	4	10	18	6	2	2	12	14	12	1	10	19	9	7	5	10	12	2	5	3	20	13	12	7	7	18	12	2	12	4	9	16	5	12	14	6	1	13	12	20	2	12	11	17	17	12	12	12	7	20	5	18	1	16	14	10	20	9	1	15	1	16	2	18	1	2	11	6	8	5	12	14	13	13	15	8	16	15	16	12	15	9	7	7	6	5	12	8	19	9	9	16	10	3	11	17	3	9	17	6	15	14	3	12	12	2	9	18	8	14	13	16	10	7	9	8	11	1	8	9	5	14	5	18	16	12	12	16	11	6	17	7	8	9	11	4	19	8	10	16	18	6	15	17	17	6	19	19	19	11	20	7	6	3	17	3	10	10	20	19	9	19	4	1	9	2	7	17	6	16	18	18	15	7	20	2	16	16	20	2	6	11	11	12	19	10	8	15	19	1	6	1	11	14	7	4	20	1	16	15	8	12	14	5	5	4	1	4	2	12	9	14	15	9	14	6	11	1	11	12	7	8	5	12	9	10	1	8	8	12	9	16	5	1	4	13	12	4	9	11	4	15	4	7	9	1	8	9	13	11	2	14	8	4	11	8	1	1	8	5	1	4	4	12	12	7	10	8	4	15	7	11	14	6	12	5	12	13	8	2	4	15	6	14	1	7	3	7	2	5	12	9	7	5	11	15	4	10	8	8	15	7	14	1	9	12	11	2	4	4	8	2	3	10	12	2	3	2	1	11	11	11	1	9	7	14	3	3	8	14	7	12	14	16	4	11	13	16	4	1	10	11	15	11	2	5	16	12	1	2	1	10	11	16	14	7	13	7	15	8	7	10	12	8	10	14	6	4	8	14	11	9	16	16	13	16	16	1	16	11	10	14	16	10	2	15	1	11	16	13	9	15	6	13	7	13	12	2	15	7	8	6	8	1	7	14	16	5	8	8	11	2	15	1	9	6	12	5	3	9	3	2	6	9	14	14	16	6	11	15	16	8	7	16	13	2	4	6	13	11	15	6	11	13	12	5	7	5	8	7	3	4	8	7	15	9	7	13	11	10	8	13	1	3	13	11	4	5	6	3	14	16	1	10	5	5	1	10	11	7	4	12	14	12	11	6	16	7	8	2	2	6	1	16	1	10	10	9	10	4	9	10	4	2	16	8	14	10	15	2	15	9	4	6	12	12	12	6	14	9	7	6	3	13	11	6	3	13	2	9	5	3	1	12	15	13	4	11	5	16	7	6	16	14	7	8	7	6	6	5	13	1	14	2	11	8	4	3	5	6	6	14	2	6	13	7	8	10	3	11	16	7	13	16	11	1	11	14	3	14	3	8	2	9	3	3	4	8	5	10	13	8	14	6	16	15	13	11	1	1	11	8	15	1	8	7	3	14	8	3	9	12	7	12	9	6	6	9	12	15	10	5	9	9	4	10	5	11	5	10	15	13	2	3	15	5	9	4	4	12	8	8	11	10	12	14	6	12	3	9	8	12	4	13	2	9	11	8	9	7	12	6	14	15	9	9	16	3	8	5	3	12	16	9	13	13	15	15	9	9	13	7	6	11	3	16	5	13	11	14	6	7	8	9	2	16	3	13	8	6	4	12	3	1	9	9	1	9	1	6	10	6	3	13	5	11	8	8	7	8	7	12	16	15	4	5	5	2	13	2	8	3	13	3	13	6	5	16	11	1	8	10	3	9	4	1	5	7	2	4	1	14	5	11	6	16	6	5	14	12	9	5	3	13	7	4	13	1	15	7	4	15	7	15	15	1	9	7	13	2	3	4	3	15	8	8	8	1	5	14	15	10	11	2	14	13	11	1	6	9	12	8	13	14	12	8	2	1	9	15	14	16	2	5	16	14	7	16	1	12	11	8	7	7	9	7	15	16	5	15	3	1	6	14	14	1	2	1	10	3	12	5	2	2	15	1	7	7	1	2	9	5	8	7	11	3	15	9	6	13	6	9	12	12	16	5	4	8	15	8	10	1	6	5	9	4	11	9	11	15	8	5	8	11	9	12	14	1	15	12	12	11	5	3	1	10	8	10	9	2	5	9	5	12	15	5	12	10	11	7	11	3	12	1	8	5	3	11	3	15	9	5	8	2	8	10	4	13	12	2	12	9	11	12	10	9	14	7	5	7	14	10	1	2	15	4	14	15	16	13	2	2	7	3	16	6	16	1	12	5	11	10	15	3	10	9	9	9	15	11	13	14	16	5	1	11	2	7	10	5	2	3	5	8	6	6	12	6	12	11	6	6	4	1	15	8	6	7	10	6	12	16	14	3	16	6	15	10	1	11	16	
150	390	280	320	400	990	710	480	270	970	690	260	380	620	780	930	650	190	720	840	460	220	830	340	520	100	390	850	990	880	620	390	420	420	620	550	700	720	380	380	180	880	790	150	460	430	640	930	610	570	510	360	340	220	100	760	250	820	600	930	680	560	630	790	440	180	290	270	400	130	540	350	980	410	670	460	190	740	400	870	990	570	490	210	260	760	690	810	650	840	670	800	860	390	740	560	570	270	420	450	400	100	790	150	770	220	550	650	840	490	320	240	150	700	750	230	570	290	710	450	890	470	780	840	190	270	680	840	940	540	310	760	540	640	210	570	390	170	260	240	630	820	310	1000	150	680	120	680	960	430	440	980	880	220	210	150	130	270	290	350	340	450	500	470	820	450	770	330	410	730	130	170	310	520	170	430	400	730	960	740	870	980	700	200	680	950	130	110	220	790	130	700	150	620	820	160	970	170	340	210	640	820	560	230	500	240	560	880	450	260	440	100	900	780	170	710	990	570	870	410	110	730	800	580	140	720	860	280	610	280	400	560	690	990	480	920	760	520	160	280	910	980	710	260	780	370	430	280	450	480	440	740	410	650	960	500	780	300	300	610	360	440	620	320	210	810	320	130	780	190	540	900	600	560	710	850	120	410	220	280	590	310	250	710	820	110	300	170	960	930	530	660	840	360	580	760	630	910	720	190	280	570	380	690	880	630	930	640	470	380	960	460	220	790	960	920	640	440	820	470	890	520	480	800	930	380	280	730	800	880	900	120	100	200	900	890	490	410	150	340	650	970	700	810	490	630	340	980	280	180	450	680	650	630	390	810	940	250	510	820	950	550	970	990	720	130	290	970	820	850	390	720	450	810	550	180	860	420	850	560	180	770	410	370	780	980	130	180	450	630	910	900	570	900	900	730	940	100	810	750	750	710	550	470	680	340	790	570	750	950	320	230	740	950	270	580	990	620	160	550	410	570	720	940	260	210	510	960	620	740	390	340	310	540	210	850	700	420	950	1000	690	460	1000	640	930	460	620	660	820	160	210	740	250	940	430	820	680	690	950	210	360	670	860	640	200	1000	120	210	490	990	810	340	570	700	380	980	140	150	280	500	570	990	910	420	870	190	280	780	830	250	140	270	710	620	510	480	580	810	520	680	850	190	590	520	900	730	180	130	660	690	650	710	620	120	930	190	860	630	850	240	800	850	750	280	710	700	480	940	260	980	290	530	280	930	160	840	130	760	560	860	790	940	810	350	770	720	590	600	290	160	930	130	820	890	920	460	330	980	880	110	900	800	750	330	260	430	170	620	380	250	710	730	930	660	580	280	680	350	970	750	710	700	430	900	110	330	750	440	650	650	1000	500	330	140	770	820	370	530	150	280	340	930	360	170	880	830	330	290	270	580	150	740	460	490	910	500	210	860	280	530	790	900	640	340	510	960	980	210	120	1000	390	410	140	280	870	900	670	660	180	340	850	320	720	420	250	170	520	370	970	120	960	830	340	640	650	160	800	700	860	500	670	340	800	970	770	470	560	410	880	750	940	400	860	550	500	770	970	260	770	510	510	990	730	550	710	880	610	1000	390	410	860	250	720	500	570	330	990	970	700	500	210	120	130	380	240	530	390	320	540	790	920	870	800	920	130	840	360	370	830	780	250	340	330	590	440	410	260	170	760	960	120	410	380	990	640	310	760	480	490	840	290	730	580	920	800	280	400	850	780	710	890	900	370	130	720	950	620	600	980	870	850	810	360	210	310	470	660	980	140	560	860	640	780	160	900	510	900	950	310	940	890	800	660	720	900	730	770	310	530	910	750	710	560	810	670	680	640	790	890	110	890	470	570	120	910	120	690	500	270	490	300	330	760	280	720	160	130	980	980	210	650	290	880	250	410	130	360	830	180	940	560	390	880	330	340	190	530	120	820	440	870	850	170	870	260	890	670	690	650	890	150	930	400	700	800	610	310	160	970	750	520	300	590	350	250	500	500	410	490	990	390	400	210	870	980	110	160	740	350	570	940	810	150	800	670	910	420	570	910	770	510	590	990	420	110	750	390	530	220	980	880	550	200	970	870	780	150	630	150	810	890	680	710	710	610	430	120	490	260	350	630	150	920	260	340	180	170	470	190	940	950	410	870	190	210	900	240	370	770	530	800	490	660	130	360	640	440	570	370	830	310	210	350	530	250	300	630	830	520	250	410	900	480	650	800	800	450	710	120	250	690	780	470	230	680	380	830	690	950	360	950	680	780	750	570	560	450	300	670	970	370	790	410	830	980	760	200	460	910	1000	420	800	710	310	360	700	970	310	370	140	460	210	440	600	840	990	380	540	430	180	100	180	430	750	130	610	570	290	390	800	690	820	360	360	840	840	500	840	200	970	410	180	960	550	500	730	1000	940	590	590	180	890	550	710	870	340	550	270	280	370	630	480	810	910	740	450	130	220	720	240	400	730	640	960	450	190	760	800	250	860	630	680	410	660	910	350	810	130	520	890	630	540	200	650	770	730	960	170	330	320	500	570	990	320	580	950	810	310	530	140	530	280	500	910	610	630	230	720	600	460	740	790	240	470	380	890	960	100	170	900	220	720	280	210	130	610	470	490	580	230	920	710	990	130	800	210	180	690	270	280	340	220	930	940	840	460	730	580	660	800	430	630	130	820	420	140	430	740	490	880	360	880	950	640	1000	620	610	990	740	120	670	180	670	410	480	980	700	580	170	360	950	350	330	960	290	820	850	400	930	910	370	220	480	420	510	650	400	510	340	540	510	280	240	550	970	780	480	760	160	470	690	1000	130	830	460	750	150	460	530	800	500	210	820	1000	900	860	540	880	330	790	500	980	570	810	490	520	100	890	950	950	380	410	980	370	980	460	310	460	620	600	580	810	590	610	550	270	910	410	860	600	340	160	950	700	170	800	220	380	120	990	180	230	780	880	540	160	310	130	730	700	300	540	330	740	110	920	280	590	170	960	930	330	570	850	700	720	920	730	270	350	790	830	420	980	640	240	120	880	670	630	890	680	830	880	540	170	290	530	270	390	140	640	630	200	190	880	1000	500	140	630	330	510	170	650	620	490	390	800	790	630	740	210	270	560	910	970	290	600	410	550	610	300	930	190	240	210	600	180	640	660	820	860	990	400	690	140	100	900	820	270	500	230	570	930	770	440	810	260	510	480	520	690	360	420	310	840	870	990	880	830	760	270	690	330	490	300	320	590	590	950	340	760	310	870	210	300	240	450	790	630	330	410	340	500	150	120	780	320	100	680	590	450	340	860	510	270	160	660	150	220	220	500	910	690	1000	880	300	260	910	150	690	950	830	960	820	870	610	340	1000	810	260	900	310	500	260	970	680	910	940	980	290	510	260	210	760	690	190	260	420	360	620	430	680	710	450	440	470	860	510	280	630	530	410	410	530	500	390	470	640	550	780	770	340	450	390	560	840	660	960	780	700	160	780	250	510	410	920	540	220	710	200	800	780	530	120	950	750	820	790	860	440	640	380	570	640	100	800	630	880	590	360	190	690	650	680	910	370	900	190	880	130	360	740	180	850	640	720	730	780	190	360	340	590	460	880	820	250	900	170	700	990	550	390	600	610	1000	880	900	890	590	
100
