1580
80
2
50
0	48	48	0	48	0	48	48	0	0	0	0	0	0	48	48	0	0	0	0	0	0	0	0	0	0	0	0	48	0	0	0	0	0	0	0	0	0	0	0	0	0	0	0	0	0	0	0	0	48	0	0	0	0	0	0	0	0	0	0	48	0	0	0	0	0	0	0	0	0	0	0	0	0	0	0	0	0	0	0	
48	0	0	0	0	0	0	0	48	0	0	0	0	0	0	0	48	0	0	0	0	0	0	0	0	0	0	0	0	0	0	0	0	0	0	0	0	0	0	0	0	0	0	0	0	0	0	0	0	0	0	0	0	0	0	0	0	0	0	0	0	0	0	0	0	0	0	0	0	0	0	0	0	0	0	0	0	0	0	0	
48	0	0	0	0	0	0	0	0	0	0	0	0	0	0	0	0	0	0	0	0	0	0	0	0	0	0	0	0	0	0	0	0	0	0	0	0	0	0	0	0	0	0	0	0	0	0	0	0	0	0	0	48	0	0	0	0	0	0	0	0	0	0	0	0	0	0	0	0	0	0	0	0	0	0	0	48	0	0	0	
0	0	0	0	0	0	0	0	0	0	0	0	0	0	0	0	0	0	0	0	0	0	0	0	0	0	0	0	0	0	0	0	0	0	48	0	0	0	0	0	0	0	0	0	0	0	0	0	0	0	0	0	0	0	0	0	0	0	0	0	0	0	0	0	0	0	0	0	0	0	0	0	0	0	0	0	0	48	0	0	
48	0	0	0	0	0	0	0	0	0	0	0	0	0	0	0	0	48	0	0	0	0	0	0	0	0	0	0	0	0	0	0	0	48	0	0	0	0	0	0	0	0	0	0	0	0	0	0	0	0	0	0	0	0	0	0	0	0	0	0	0	0	0	0	0	0	0	0	0	0	0	0	0	0	0	0	0	0	0	0	
0	0	0	0	0	0	0	0	0	0	0	0	0	0	0	0	0	0	0	0	0	0	0	0	0	0	48	0	0	0	0	0	0	0	0	0	0	0	0	0	0	0	0	0	0	0	0	0	0	0	0	0	0	48	0	0	0	0	0	0	0	0	0	0	0	0	0	0	0	0	0	0	0	0	0	0	0	0	0	0	
48	0	0	0	0	0	0	0	0	0	0	0	0	0	0	0	0	0	0	0	0	0	0	0	0	0	0	0	0	0	0	0	0	0	0	0	0	0	0	0	48	0	0	48	0	0	0	0	0	0	0	0	0	0	0	0	0	0	0	0	0	0	0	0	0	0	0	0	0	0	0	0	0	0	0	0	0	0	0	0	
48	0	0	0	0	0	0	0	0	0	0	0	0	0	0	0	0	0	0	0	0	0	0	0	0	0	0	0	0	0	0	0	0	0	0	0	0	48	0	0	0	0	0	0	0	0	0	0	0	0	0	0	0	0	0	0	0	0	0	0	0	0	0	0	0	0	0	0	0	0	0	0	0	0	0	0	0	0	0	48	
0	48	0	0	0	0	0	0	0	0	0	0	0	0	0	0	48	0	0	0	0	0	0	0	0	0	0	0	0	0	0	0	0	0	0	0	0	0	0	0	0	0	0	0	0	0	0	0	0	0	0	0	0	0	0	0	0	0	0	0	0	0	0	0	0	0	0	0	0	0	0	0	0	0	0	0	0	0	0	0	
0	0	0	0	0	0	0	0	0	0	0	0	0	48	0	0	0	0	0	0	0	0	0	0	0	0	0	0	0	0	0	0	0	0	0	0	0	0	0	0	0	0	0	0	0	0	0	0	0	0	0	0	0	0	0	0	0	0	0	0	0	0	0	0	0	0	0	0	0	0	0	0	0	0	0	0	0	0	0	48	
0	0	0	0	0	0	0	0	0	0	0	0	0	0	0	0	0	0	0	0	0	0	0	0	0	0	0	0	0	0	48	0	0	0	0	0	0	0	0	0	0	0	0	0	0	0	0	0	0	0	0	0	0	0	0	0	0	0	0	0	0	0	0	0	0	0	0	0	0	0	0	0	0	0	0	48	0	0	0	0	
0	0	0	0	0	0	0	0	0	0	0	0	0	0	0	0	0	0	0	0	0	0	0	0	0	0	0	0	0	0	0	0	0	0	0	0	0	0	0	0	0	0	0	0	0	0	0	0	0	0	0	48	0	0	0	0	0	0	0	0	0	0	0	0	0	0	0	0	0	0	0	0	0	0	48	0	0	0	0	0	
0	0	0	0	0	0	0	0	0	0	0	0	0	0	0	0	0	0	0	0	0	0	48	0	0	0	0	0	0	0	0	0	0	0	0	0	0	0	0	0	0	0	0	0	0	0	0	0	0	0	0	0	48	0	0	0	0	0	0	0	0	0	0	0	0	0	0	0	0	0	0	0	0	0	0	0	0	0	0	0	
0	0	0	0	0	0	0	0	0	48	0	0	0	0	0	0	0	0	0	0	0	0	0	0	0	0	0	0	0	0	0	0	0	0	0	0	0	0	0	0	0	0	0	0	0	0	0	0	0	0	0	0	0	0	0	0	0	0	0	0	0	0	0	0	0	0	48	0	0	0	0	0	0	0	0	0	0	0	0	0	
48	0	0	0	0	0	0	0	0	0	0	0	0	0	0	0	0	0	0	0	0	0	0	0	0	0	0	0	0	0	0	0	0	0	0	0	0	0	0	0	0	0	0	0	0	0	0	48	0	0	48	0	0	0	0	0	0	0	0	0	0	0	0	0	0	0	0	0	0	0	0	0	0	0	0	0	0	0	0	0	
48	0	0	0	0	0	0	0	0	0	0	0	0	0	0	0	0	0	0	0	0	48	0	0	0	0	0	0	0	0	0	0	0	0	0	0	0	0	0	0	0	0	0	0	0	0	0	0	0	0	0	0	0	0	0	0	0	0	0	0	0	0	0	0	0	0	0	0	0	0	0	0	48	0	0	0	0	0	0	0	
0	48	0	0	0	0	0	0	48	0	0	0	0	0	0	0	0	0	0	0	0	0	0	0	0	0	0	0	0	0	0	0	0	0	0	0	0	0	0	0	0	0	0	0	0	0	0	0	0	0	0	0	0	0	0	0	0	0	0	0	0	0	0	0	0	0	0	0	0	0	0	0	0	0	0	0	0	0	0	0	
0	0	0	0	48	0	0	0	0	0	0	0	0	0	0	0	0	0	0	0	0	0	0	0	0	0	0	0	0	0	0	0	0	48	0	0	0	0	0	0	0	0	0	0	0	0	0	0	0	0	0	0	0	0	0	0	0	0	0	0	0	0	0	0	0	0	0	0	0	0	0	0	0	0	0	0	0	0	0	0	
0	0	0	0	0	0	0	0	0	0	0	0	0	0	0	0	0	0	0	0	0	0	0	0	0	0	0	0	0	0	0	0	0	0	0	0	0	0	0	0	0	0	0	0	0	0	0	0	0	0	0	0	0	0	0	0	0	0	0	0	48	0	0	0	0	0	0	0	0	0	0	0	0	0	48	0	0	0	0	0	
0	0	0	0	0	0	0	0	0	0	0	0	0	0	0	0	0	0	0	0	0	0	0	0	0	0	0	0	0	0	0	0	0	0	0	0	0	0	0	0	0	0	0	0	0	0	0	48	0	0	48	0	0	0	0	0	0	0	0	0	0	0	0	0	0	0	0	0	0	0	0	0	0	0	0	0	0	0	0	0	
0	0	0	0	0	0	0	0	0	0	0	0	0	0	0	0	0	0	0	0	0	0	0	0	0	0	0	0	0	0	0	48	0	0	48	0	0	0	0	0	0	0	0	0	0	0	0	0	0	0	0	0	0	0	0	0	0	0	0	0	0	0	0	0	0	0	0	0	0	0	0	0	0	0	0	0	0	0	0	0	
0	0	0	0	0	0	0	0	0	0	0	0	0	0	0	48	0	0	0	0	0	0	0	0	0	0	0	0	0	0	0	0	0	0	0	0	0	0	0	0	0	0	0	0	0	0	0	0	0	0	0	0	0	0	0	0	0	0	0	0	0	0	0	0	0	0	0	0	0	0	0	0	48	0	0	0	0	0	0	0	
0	0	0	0	0	0	0	0	0	0	0	0	48	0	0	0	0	0	0	0	0	0	0	0	0	0	0	0	0	0	0	0	0	0	0	0	0	0	0	0	0	0	0	0	0	0	0	0	0	0	0	0	0	0	0	0	0	0	0	0	0	0	0	0	0	0	0	0	0	0	0	0	0	0	0	0	48	0	0	0	
0	0	0	0	0	0	0	0	0	0	0	0	0	0	0	0	0	0	0	0	0	0	0	0	0	0	0	0	0	0	0	0	0	0	0	0	0	0	0	0	0	0	0	0	0	0	0	0	0	0	0	0	0	0	0	0	0	0	0	0	0	0	0	0	0	0	0	48	0	0	48	0	0	0	0	0	0	0	0	0	
0	0	0	0	0	0	0	0	0	0	0	0	0	0	0	0	0	0	0	0	0	0	0	0	0	0	0	48	0	0	0	0	0	0	0	0	48	0	0	0	0	0	0	0	0	0	0	0	0	0	0	0	0	0	0	0	0	0	0	0	0	0	0	0	0	0	0	0	0	0	0	0	0	0	0	0	0	0	0	0	
0	0	0	0	0	0	0	0	0	0	0	0	0	0	0	0	0	0	0	0	0	0	0	0	0	0	0	0	0	0	0	0	48	0	0	0	0	0	0	0	0	0	0	0	0	0	0	0	0	0	0	0	0	0	0	0	0	0	0	0	0	0	0	0	0	0	0	48	0	0	0	0	0	0	0	0	0	0	0	0	
0	0	0	0	0	48	0	0	0	0	0	0	0	0	0	0	0	0	0	0	0	0	0	0	0	0	0	0	0	0	0	0	0	0	0	0	0	0	0	0	0	0	0	0	0	0	0	0	0	0	0	0	0	0	0	0	0	0	0	0	0	0	0	0	48	0	0	0	0	0	0	0	0	0	0	0	0	0	0	0	
0	0	0	0	0	0	0	0	0	0	0	0	0	0	0	0	0	0	0	0	0	0	0	0	48	0	0	0	0	0	0	0	0	0	0	0	0	0	0	0	0	0	0	0	0	0	0	0	0	0	0	0	0	0	0	0	0	0	0	0	0	0	0	0	48	0	0	0	0	0	0	0	0	0	0	0	0	0	0	0	
48	0	0	0	0	0	0	0	0	0	0	0	0	0	0	0	0	0	0	0	0	0	0	0	0	0	0	0	0	0	0	0	0	0	0	0	0	0	0	0	0	0	0	0	0	0	0	0	0	0	0	0	0	0	0	0	0	0	0	0	0	0	0	48	0	0	0	0	0	0	0	48	0	0	0	0	0	0	0	0	
0	0	0	0	0	0	0	0	0	0	0	0	0	0	0	0	0	0	0	0	0	0	0	0	0	0	0	0	0	0	0	0	0	0	0	0	0	0	0	48	0	0	0	0	0	0	0	0	0	0	0	0	0	48	0	0	0	0	0	0	0	0	0	0	0	0	0	0	0	0	0	0	0	0	0	0	0	0	0	0	
0	0	0	0	0	0	0	0	0	0	48	0	0	0	0	0	0	0	0	0	0	0	0	0	0	0	0	0	0	0	0	0	0	0	0	0	0	0	0	0	0	0	0	0	0	0	0	0	0	0	0	0	0	0	48	0	0	0	0	0	0	0	0	0	0	0	0	0	0	0	0	0	0	0	0	0	0	0	0	0	
0	0	0	0	0	0	0	0	0	0	0	0	0	0	0	0	0	0	0	0	48	0	0	0	0	0	0	0	0	0	0	0	0	0	0	0	0	0	0	0	0	0	0	0	0	0	0	0	0	0	0	0	0	0	0	0	0	0	0	48	0	0	0	0	0	0	0	0	0	0	0	0	0	0	0	0	0	0	0	0	
0	0	0	0	0	0	0	0	0	0	0	0	0	0	0	0	0	0	0	0	0	0	0	0	0	48	0	0	0	0	0	0	0	0	0	0	0	0	0	0	0	0	0	0	0	0	0	0	0	0	0	0	0	0	0	0	0	0	0	0	0	0	0	0	0	0	0	0	0	48	0	0	0	0	0	0	0	0	0	0	
0	0	0	0	48	0	0	0	0	0	0	0	0	0	0	0	0	48	0	0	0	0	0	0	0	0	0	0	0	0	0	0	0	0	0	0	0	0	0	0	0	0	0	0	0	0	0	0	0	0	0	0	0	0	0	0	0	0	0	0	0	0	0	0	0	0	0	0	0	0	0	0	0	0	0	0	0	0	0	0	
0	0	0	48	0	0	0	0	0	0	0	0	0	0	0	0	0	0	0	0	48	0	0	0	0	0	0	0	0	0	0	0	0	0	0	0	0	0	0	0	0	0	0	0	0	0	0	0	0	0	0	0	0	0	0	0	0	0	0	0	0	0	0	0	0	0	0	0	0	0	0	0	0	0	0	0	0	0	0	0	
0	0	0	0	0	0	0	0	0	0	0	0	0	0	0	0	0	0	0	0	0	0	0	0	0	0	0	0	0	0	0	0	0	0	0	0	48	0	0	0	0	0	0	0	0	0	0	0	0	48	0	0	0	0	0	0	0	0	0	0	0	0	0	0	0	0	0	0	0	0	0	0	0	0	0	0	0	0	0	0	
0	0	0	0	0	0	0	0	0	0	0	0	0	0	0	0	0	0	0	0	0	0	0	0	48	0	0	0	0	0	0	0	0	0	0	48	0	0	0	0	0	0	0	0	0	0	0	0	0	0	0	0	0	0	0	0	0	0	0	0	0	0	0	0	0	0	0	0	0	0	0	0	0	0	0	0	0	0	0	0	
0	0	0	0	0	0	0	48	0	0	0	0	0	0	0	0	0	0	0	0	0	0	0	0	0	0	0	0	0	0	0	0	0	0	0	0	0	0	0	0	0	0	0	0	0	0	0	0	0	0	0	0	0	0	0	0	0	0	48	0	0	0	0	0	0	0	0	0	0	0	0	0	0	0	0	0	0	0	0	0	
0	0	0	0	0	0	0	0	0	0	0	0	0	0	0	0	0	0	0	0	0	0	0	0	0	0	0	0	0	0	0	0	0	0	0	0	0	0	0	0	48	0	0	48	0	0	0	0	0	0	0	0	0	0	0	0	0	0	0	0	0	0	0	0	0	0	0	0	0	0	0	0	0	0	0	0	0	0	0	0	
0	0	0	0	0	0	0	0	0	0	0	0	0	0	0	0	0	0	0	0	0	0	0	0	0	0	0	0	0	48	0	0	0	0	0	0	0	0	0	0	0	0	0	0	0	0	0	0	0	0	0	0	0	0	48	0	0	0	0	0	0	0	0	0	0	0	0	0	0	0	0	0	0	0	0	0	0	0	0	0	
0	0	0	0	0	0	48	0	0	0	0	0	0	0	0	0	0	0	0	0	0	0	0	0	0	0	0	0	0	0	0	0	0	0	0	0	0	0	48	0	0	0	0	0	0	0	0	0	0	0	0	0	0	0	0	0	0	0	0	0	0	0	0	0	0	0	0	0	0	0	0	0	0	0	0	0	0	0	0	0	
0	0	0	0	0	0	0	0	0	0	0	0	0	0	0	0	0	0	0	0	0	0	0	0	0	0	0	0	0	0	0	0	0	0	0	0	0	0	0	0	0	0	0	0	48	0	0	0	48	0	0	0	0	0	0	0	0	0	0	0	0	0	0	0	0	0	0	0	0	0	0	0	0	0	0	0	0	0	0	0	
0	0	0	0	0	0	0	0	0	0	0	0	0	0	0	0	0	0	0	0	0	0	0	0	0	0	0	0	0	0	0	0	0	0	0	0	0	0	0	0	0	0	0	0	0	0	0	0	48	0	0	0	0	0	0	0	0	0	0	0	0	0	0	0	0	0	0	0	0	0	0	0	0	0	0	48	0	0	0	0	
0	0	0	0	0	0	48	0	0	0	0	0	0	0	0	0	0	0	0	0	0	0	0	0	0	0	0	0	0	0	0	0	0	0	0	0	0	0	48	0	0	0	0	0	0	0	0	0	0	0	0	0	0	0	0	0	0	0	0	0	0	0	0	0	0	0	0	0	0	0	0	0	0	0	0	0	0	0	0	0	
0	0	0	0	0	0	0	0	0	0	0	0	0	0	0	0	0	0	0	0	0	0	0	0	0	0	0	0	0	0	0	0	0	0	0	0	0	0	0	0	0	48	0	0	0	0	0	0	0	0	0	0	0	0	0	0	0	0	0	0	0	0	0	0	0	48	0	0	0	0	0	0	0	0	0	0	0	0	0	0	
0	0	0	0	0	0	0	0	0	0	0	0	0	0	0	0	0	0	0	0	0	0	0	0	0	0	0	0	0	0	0	0	0	0	0	0	0	0	0	0	0	0	0	0	0	0	0	0	0	0	0	0	0	0	0	0	0	0	0	0	0	48	0	0	0	48	0	0	0	0	0	0	0	0	0	0	0	0	0	0	
0	0	0	0	0	0	0	0	0	0	0	0	0	0	0	0	0	0	0	0	0	0	0	0	0	0	0	0	0	0	0	0	0	0	0	0	0	0	0	0	0	0	0	0	0	0	0	0	0	0	0	0	0	0	0	0	0	0	0	0	0	0	0	0	0	0	0	0	0	0	0	0	0	48	0	0	0	48	0	0	
0	0	0	0	0	0	0	0	0	0	0	0	0	0	48	0	0	0	0	48	0	0	0	0	0	0	0	0	0	0	0	0	0	0	0	0	0	0	0	0	0	0	0	0	0	0	0	0	0	0	0	0	0	0	0	0	0	0	0	0	0	0	0	0	0	0	0	0	0	0	0	0	0	0	0	0	0	0	0	0	
0	0	0	0	0	0	0	0	0	0	0	0	0	0	0	0	0	0	0	0	0	0	0	0	0	0	0	0	0	0	0	0	0	0	0	0	0	0	0	0	0	48	48	0	0	0	0	0	0	0	0	0	0	0	0	0	0	0	0	0	0	0	0	0	0	0	0	0	0	0	0	0	0	0	0	0	0	0	0	0	
48	0	0	0	0	0	0	0	0	0	0	0	0	0	0	0	0	0	0	0	0	0	0	0	0	0	0	0	0	0	0	0	0	0	0	48	0	0	0	0	0	0	0	0	0	0	0	0	0	0	0	0	0	0	0	0	0	0	0	0	0	0	0	0	0	0	0	0	0	0	0	0	0	0	0	0	0	0	0	0	
0	0	0	0	0	0	0	0	0	0	0	0	0	0	48	0	0	0	0	48	0	0	0	0	0	0	0	0	0	0	0	0	0	0	0	0	0	0	0	0	0	0	0	0	0	0	0	0	0	0	0	0	0	0	0	0	0	0	0	0	0	0	0	0	0	0	0	0	0	0	0	0	0	0	0	0	0	0	0	0	
0	0	0	0	0	0	0	0	0	0	0	48	0	0	0	0	0	0	0	0	0	0	0	0	0	0	0	0	0	0	0	0	0	0	0	0	0	0	0	0	0	0	0	0	0	0	0	0	0	0	0	0	0	0	0	0	0	0	0	0	0	0	0	0	0	0	0	0	0	0	0	0	0	0	0	0	0	0	48	0	
0	0	48	0	0	0	0	0	0	0	0	0	48	0	0	0	0	0	0	0	0	0	0	0	0	0	0	0	0	0	0	0	0	0	0	0	0	0	0	0	0	0	0	0	0	0	0	0	0	0	0	0	0	0	0	0	0	0	0	0	0	0	0	0	0	0	0	0	0	0	0	0	0	0	0	0	0	0	0	0	
0	0	0	0	0	48	0	0	0	0	0	0	0	0	0	0	0	0	0	0	0	0	0	0	0	0	0	0	0	48	0	0	0	0	0	0	0	0	0	0	0	0	0	0	0	0	0	0	0	0	0	0	0	0	0	0	0	0	0	0	0	0	0	0	0	0	0	0	0	0	0	0	0	0	0	0	0	0	0	0	
0	0	0	0	0	0	0	0	0	0	0	0	0	0	0	0	0	0	0	0	0	0	0	0	0	0	0	0	0	0	48	0	0	0	0	0	0	0	0	48	0	0	0	0	0	0	0	0	0	0	0	0	0	0	0	0	0	0	0	0	0	0	0	0	0	0	0	0	0	0	0	0	0	0	0	0	0	0	0	0	
0	0	0	0	0	0	0	0	0	0	0	0	0	0	0	0	0	0	0	0	0	0	0	0	0	0	0	0	0	0	0	0	0	0	0	0	0	0	0	0	0	0	0	0	0	0	0	0	0	0	0	0	0	0	0	0	0	0	0	0	0	0	0	48	0	0	0	0	0	0	0	48	0	0	0	0	0	0	0	0	
0	0	0	0	0	0	0	0	0	0	0	0	0	0	0	0	0	0	0	0	0	0	0	0	0	0	0	0	0	0	0	0	0	0	0	0	0	0	0	0	0	0	0	0	0	0	0	0	0	0	0	0	0	0	0	0	0	0	0	0	0	0	0	0	0	0	0	0	48	0	0	0	0	0	0	0	0	0	48	0	
0	0	0	0	0	0	0	0	0	0	0	0	0	0	0	0	0	0	0	0	0	0	0	0	0	0	0	0	0	0	0	0	0	0	0	0	0	0	0	0	0	0	0	0	0	0	0	0	0	0	0	0	0	0	0	0	0	0	0	48	0	0	0	0	0	0	0	0	48	0	0	0	0	0	0	0	0	0	0	0	
0	0	0	0	0	0	0	0	0	0	0	0	0	0	0	0	0	0	0	0	0	0	0	0	0	0	0	0	0	0	0	0	0	0	0	0	0	48	0	0	0	0	0	0	0	0	0	0	0	0	0	0	0	0	0	0	0	0	0	0	0	0	0	0	0	0	48	0	0	0	0	0	0	0	0	0	0	0	0	0	
0	0	0	0	0	0	0	0	0	0	0	0	0	0	0	0	0	0	0	0	0	0	0	0	0	0	0	0	0	0	0	48	0	0	0	0	0	0	0	0	0	0	0	0	0	0	0	0	0	0	0	0	0	0	0	0	0	48	0	0	0	0	0	0	0	0	0	0	0	0	0	0	0	0	0	0	0	0	0	0	
48	0	0	0	0	0	0	0	0	0	0	0	0	0	0	0	0	0	48	0	0	0	0	0	0	0	0	0	0	0	0	0	0	0	0	0	0	0	0	0	0	0	0	0	0	0	0	0	0	0	0	0	0	0	0	0	0	0	0	0	0	0	0	0	0	0	0	0	0	0	0	0	0	0	0	0	0	0	0	0	
0	0	0	0	0	0	0	0	0	0	0	0	0	0	0	0	0	0	0	0	0	0	0	0	0	0	0	0	0	0	0	0	0	0	0	0	0	0	0	0	0	0	0	0	0	48	0	0	0	0	0	0	0	0	0	0	0	0	0	0	0	0	0	0	0	0	0	0	0	0	48	0	0	0	0	0	0	0	0	0	
0	0	0	0	0	0	0	0	0	0	0	0	0	0	0	0	0	0	0	0	0	0	0	0	0	0	0	0	0	0	0	0	0	0	0	0	0	0	0	0	0	0	0	0	0	0	0	0	0	0	0	0	0	0	0	0	0	0	0	0	0	0	0	0	0	0	0	0	0	48	0	0	0	48	0	0	0	0	0	0	
0	0	0	0	0	0	0	0	0	0	0	0	0	0	0	0	0	0	0	0	0	0	0	0	0	0	0	0	48	0	0	0	0	0	0	0	0	0	0	0	0	0	0	0	0	0	0	0	0	0	0	0	0	0	0	48	0	0	0	0	0	0	0	0	0	0	0	0	0	0	0	0	0	0	0	0	0	0	0	0	
0	0	0	0	0	0	0	0	0	0	0	0	0	0	0	0	0	0	0	0	0	0	0	0	0	0	48	48	0	0	0	0	0	0	0	0	0	0	0	0	0	0	0	0	0	0	0	0	0	0	0	0	0	0	0	0	0	0	0	0	0	0	0	0	0	0	0	0	0	0	0	0	0	0	0	0	0	0	0	0	
0	0	0	0	0	0	0	0	0	0	0	0	0	0	0	0	0	0	0	0	0	0	0	0	0	0	0	0	0	0	0	0	0	0	0	0	0	0	0	0	0	0	0	0	48	48	0	0	0	0	0	0	0	0	0	0	0	0	0	0	0	0	0	0	0	0	0	0	0	0	0	0	0	0	0	0	0	0	0	0	
0	0	0	0	0	0	0	0	0	0	0	0	0	48	0	0	0	0	0	0	0	0	0	0	0	0	0	0	0	0	0	0	0	0	0	0	0	0	0	0	0	0	0	0	0	0	0	0	0	0	0	0	0	0	0	0	0	0	48	0	0	0	0	0	0	0	0	0	0	0	0	0	0	0	0	0	0	0	0	0	
0	0	0	0	0	0	0	0	0	0	0	0	0	0	0	0	0	0	0	0	0	0	0	48	0	48	0	0	0	0	0	0	0	0	0	0	0	0	0	0	0	0	0	0	0	0	0	0	0	0	0	0	0	0	0	0	0	0	0	0	0	0	0	0	0	0	0	0	0	0	0	0	0	0	0	0	0	0	0	0	
0	0	0	0	0	0	0	0	0	0	0	0	0	0	0	0	0	0	0	0	0	0	0	0	0	0	0	0	0	0	0	0	0	0	0	0	0	0	0	0	0	0	0	0	0	0	0	0	0	0	0	0	0	0	0	0	48	48	0	0	0	0	0	0	0	0	0	0	0	0	0	0	0	0	0	0	0	0	0	0	
0	0	0	0	0	0	0	0	0	0	0	0	0	0	0	0	0	0	0	0	0	0	0	0	0	0	0	0	0	0	0	0	48	0	0	0	0	0	0	0	0	0	0	0	0	0	0	0	0	0	0	0	0	0	0	0	0	0	0	0	0	0	48	0	0	0	0	0	0	0	0	0	0	0	0	0	0	0	0	0	
0	0	0	0	0	0	0	0	0	0	0	0	0	0	0	0	0	0	0	0	0	0	0	48	0	0	0	0	0	0	0	0	0	0	0	0	0	0	0	0	0	0	0	0	0	0	0	0	0	0	0	0	0	0	0	0	0	0	0	0	0	48	0	0	0	0	0	0	0	0	0	0	0	0	0	0	0	0	0	0	
0	0	0	0	0	0	0	0	0	0	0	0	0	0	0	0	0	0	0	0	0	0	0	0	0	0	0	0	48	0	0	0	0	0	0	0	0	0	0	0	0	0	0	0	0	0	0	0	0	0	0	0	0	0	0	48	0	0	0	0	0	0	0	0	0	0	0	0	0	0	0	0	0	0	0	0	0	0	0	0	
0	0	0	0	0	0	0	0	0	0	0	0	0	0	0	48	0	0	0	0	0	48	0	0	0	0	0	0	0	0	0	0	0	0	0	0	0	0	0	0	0	0	0	0	0	0	0	0	0	0	0	0	0	0	0	0	0	0	0	0	0	0	0	0	0	0	0	0	0	0	0	0	0	0	0	0	0	0	0	0	
0	0	0	0	0	0	0	0	0	0	0	0	0	0	0	0	0	0	0	0	0	0	0	0	0	0	0	0	0	0	0	0	0	0	0	0	0	0	0	0	0	0	0	0	0	0	48	0	0	0	0	0	0	0	0	0	0	0	0	0	0	0	48	0	0	0	0	0	0	0	0	0	0	0	0	0	0	0	0	0	
0	0	0	0	0	0	0	0	0	0	0	48	0	0	0	0	0	0	48	0	0	0	0	0	0	0	0	0	0	0	0	0	0	0	0	0	0	0	0	0	0	0	0	0	0	0	0	0	0	0	0	0	0	0	0	0	0	0	0	0	0	0	0	0	0	0	0	0	0	0	0	0	0	0	0	0	0	0	0	0	
0	0	0	0	0	0	0	0	0	0	48	0	0	0	0	0	0	0	0	0	0	0	0	0	0	0	0	0	0	0	0	0	0	0	0	0	0	0	0	0	0	0	48	0	0	0	0	0	0	0	0	0	0	0	0	0	0	0	0	0	0	0	0	0	0	0	0	0	0	0	0	0	0	0	0	0	0	0	0	0	
0	0	48	0	0	0	0	0	0	0	0	0	0	0	0	0	0	0	0	0	0	0	48	0	0	0	0	0	0	0	0	0	0	0	0	0	0	0	0	0	0	0	0	0	0	0	0	0	0	0	0	0	0	0	0	0	0	0	0	0	0	0	0	0	0	0	0	0	0	0	0	0	0	0	0	0	0	0	0	0	
0	0	0	48	0	0	0	0	0	0	0	0	0	0	0	0	0	0	0	0	0	0	0	0	0	0	0	0	0	0	0	0	0	0	0	0	0	0	0	0	0	0	0	0	0	0	48	0	0	0	0	0	0	0	0	0	0	0	0	0	0	0	0	0	0	0	0	0	0	0	0	0	0	0	0	0	0	0	0	0	
0	0	0	0	0	0	0	0	0	0	0	0	0	0	0	0	0	0	0	0	0	0	0	0	0	0	0	0	0	0	0	0	0	0	0	0	0	0	0	0	0	0	0	0	0	0	0	0	0	0	0	48	0	0	0	0	48	0	0	0	0	0	0	0	0	0	0	0	0	0	0	0	0	0	0	0	0	0	0	0	
0	0	0	0	0	0	0	48	0	48	0	0	0	0	0	0	0	0	0	0	0	0	0	0	0	0	0	0	0	0	0	0	0	0	0	0	0	0	0	0	0	0	0	0	0	0	0	0	0	0	0	0	0	0	0	0	0	0	0	0	0	0	0	0	0	0	0	0	0	0	0	0	0	0	0	0	0	0	0	0	
8	67	19	38	13	2	76	16	10	45	55	8	21	72	26	68	34	9	59	8	55	38	14	58	73	50	8	78	60	67	14	57	54	62	21	33	44	8	2	26	2	69	59	42	46	16	46	24	46	10	16	53	14	59	4	34	49	20	58	64	55	39	4	32	42	34	63	75	3	3	34	42	74	79	49	58	12	51	41	41	70	29	71	36	37	24	9	23	53	34	75	63	4	72	42	74	30	7	4	21	2	29	21	12	11	5	58	61	7	29	16	4	35	34	4	62	12	34	4	10	62	40	12	50	39	50	42	54	36	46	57	48	2	39	56	15	61	11	3	16	35	40	8	64	65	9	51	10	36	29	48	14	24	15	31	70	11	45	58	34	58	53	32	77	34	18	13	52	48	3	30	5	64	67	17	12	64	1	2	7	77	56	30	67	3	71	66	12	33	58	28	47	50	13	73	61	44	73	28	24	43	5	44	62	25	72	63	57	79	12	47	65	24	58	54	16	75	76	12	46	66	57	10	36	69	27	73	60	30	75	50	78	22	2	47	52	17	22	69	33	8	67	75	62	18	25	38	32	52	47	76	27	35	57	33	37	52	12	75	50	28	45	14	24	63	2	64	76	68	30	36	3	46	40	50	65	3	68	60	27	73	7	25	8	35	6	78	75	55	70	62	25	9	60	48	57	0	62	25	78	64	15	61	61	61	70	33	60	14	7	75	48	70	55	47	14	43	59	67	10	50	24	26	42	48	52	60	66	42	35	59	8	69	25	14	17	5	61	42	1	49	3	51	14	28	0	62	13	61	74	65	2	71	52	16	35	32	5	48	20	61	16	55	60	35	76	41	13	70	29	76	47	45	40	35	37	60	35	38	37	39	17	24	35	20	41	78	37	8	78	77	21	33	5	3	47	53	46	30	33	40	78	32	45	58	9	42	34	44	78	13	51	0	62	26	64	6	60	49	74	47	38	21	18	77	64	69	41	63	9	35	0	25	66	47	8	73	45	44	2	50	43	10	31	36	12	41	17	49	2	59	7	41	13	49	36	13	15	28	7	63	57	12	68	4	22	72	28	33	49	12	38	60	13	22	62	36	22	51	3	21	73	47	64	12	35	24	34	5	49	74	53	21	53	57	18	50	48	30	41	33	25	17	51	43	42	60	24	8	27	39	50	3	4	76	58	20	33	19	41	19	56	5	55	27	3	60	30	35	76	48	71	22	11	59	26	11	73	38	17	29	79	40	5	19	39	12	62	55	8	11	54	3	29	45	38	30	30	28	23	2	21	48	65	40	73	66	46	73	69	28	55	30	65	55	68	16	38	42	15	24	13	17	33	47	16	50	3	78	39	25	61	30	11	28	25	71	21	22	31	36	78	64	26	13	48	50	65	74	34	5	45	54	79	67	41	24	79	5	12	59	28	50	0	54	77	54	13	68	13	71	14	60	52	1	74	72	75	26	42	18	28	77	9	49	46	67	46	31	76	68	2	5	78	41	48	28	45	60	15	45	3	53	9	33	23	78	6	49	20	32	33	38	2	78	76	43	26	58	24	10	24	77	45	57	17	10	16	29	59	7	70	76	74	40	52	73	52	67	15	43	61	45	75	38	10	10	63	79	65	48	78	59	22	67	78	79	31	57	20	33	16	55	21	68	14	18	38	15	79	46	76	70	55	49	12	78	43	63	10	60	1	46	29	37	46	67	24	42	66	34	3	57	25	72	54	59	0	65	1	79	8	28	69	54	49	28	20	50	61	65	46	52	62	60	21	28	19	45	9	76	61	39	43	68	31	58	76	6	57	23	46	47	26	37	47	69	56	15	57	5	54	65	9	13	48	9	44	9	19	20	47	38	46	35	27	42	26	19	15	19	0	59	19	72	66	52	18	33	30	1	23	55	9	71	1	27	22	8	32	25	18	44	3	17	69	12	36	10	42	18	45	15	68	37	0	33	12	7	2	30	17	66	56	76	33	2	22	69	10	42	20	41	14	0	23	62	34	24	22	65	9	35	44	35	52	66	55	25	27	69	13	5	13	41	67	23	6	20	1	9	25	67	20	20	45	63	68	48	75	18	26	33	76	29	76	10	34	16	69	17	6	50	57	5	75	79	27	28	30	42	28	55	52	58	20	24	71	8	20	18	54	70	78	68	30	50	67	70	24	4	63	60	38	79	49	60	45	77	50	13	7	76	21	79	12	25	63	13	26	36	52	29	13	46	26	41	28	78	75	69	36	71	42	57	45	29	61	36	34	18	12	46	66	72	22	69	52	5	13	75	13	24	79	16	26	14	50	14	54	28	55	18	39	14	48	38	55	36	41	44	43	6	8	60	14	31	61	35	76	30	20	25	36	22	65	50	9	71	45	50	21	68	13	35	20	40	10	19	1	12	58	28	79	16	53	24	17	5	54	29	76	5	68	42	15	62	15	2	59	7	11	76	55	36	14	48	72	25	3	1	48	13	16	54	1	30	36	64	47	13	63	58	34	12	35	32	35	72	11	21	5	16	22	38	70	58	11	11	52	6	36	26	46	38	39	7	8	34	53	47	2	18	74	7	71	70	67	56	78	4	39	72	4	34	69	37	52	65	61	13	15	16	29	8	68	31	45	18	18	11	35	7	76	0	7	40	60	3	38	13	48	41	60	9	31	15	54	71	12	69	28	62	78	77	9	4	54	5	69	27	6	63	13	33	12	15	45	63	10	38	34	39	26	53	40	60	25	41	76	61	68	4	52	56	52	3	78	75	33	19	34	65	79	17	65	17	69	4	60	55	78	20	59	42	47	65	45	59	28	18	32	2	1	15	55	60	50	41	17	79	25	47	21	44	27	10	32	59	34	42	32	72	50	37	39	66	74	14	44	1	2	48	64	3	40	23	23	73	16	25	9	67	28	6	75	51	59	14	25	2	58	15	20	23	18	19	59	9	22	54	25	27	29	31	43	38	51	32	47	9	36	56	18	32	19	19	26	37	42	34	50	37	54	28	5	60	41	46	78	74	47	30	16	49	23	8	56	28	21	64	19	20	75	67	73	40	54	63	23	31	28	41	45	8	60	48	1	69	35	33	64	43	66	51	74	11	35	18	66	45	63	30	7	45	67	32	22	29	19	7	17	50	13	53	41	10	57	37	61	25	40	77	5	28	49	7	45	64	63	15	32	0	43	24	5	21	5	15	9	76	4	60	12	78	15	19	9	32	26	48	29	8	6	2	69	18	75	76	28	4	42	68	50	54	44	22	20	70	38	38	13	12	26	49	59	79	11	2	7	75	4	14	6	72	25	45	41	68	55	2	47	74	49	73	1	58	68	57	25	29	66	32	17	2	70	16	10	30	15	2	59	4	79	27	35	48	75	34	19	56	48	65	65	39	62	58	13	12	46	69	48	63	29	34	11	8	54	13	56	37	46	74	1	39	56	66	12	6	57	71	49	39	71	16	76	0	72	41	11	45	56	35	65	30	20	38	6	39	14	52	64	22	52	31	10	31	31	60	69	36	33	7	49	67	50	0	19	49	17	43	63	62	45	15	3	47	68	55	67	28	27	62	9	76	3	44	46	8	40	12	32	41	2	38	72	22	79	53	2	
28	43	51	76	66	22	69	61	46	61	47	51	16	2	31	79	43	5	57	50	63	72	28	44	46	42	73	32	7	78	50	61	76	53	40	53	30	79	75	57	47	61	61	25	66	43	67	79	10	72	59	10	78	15	79	37	28	61	11	61	65	15	12	10	69	54	10	19	6	52	7	64	46	65	63	23	69	38	60	68	69	28	22	13	23	27	38	61	52	46	54	61	20	13	61	69	1	48	54	78	20	2	9	34	5	26	31	42	78	19	1	61	40	4	41	71	28	8	31	62	50	70	28	14	52	24	57	45	11	7	63	54	63	77	40	50	10	33	59	25	69	29	3	36	24	74	57	45	77	17	36	76	29	27	15	27	49	1	65	19	33	60	69	27	23	4	20	46	44	36	5	21	40	36	3	8	37	29	69	49	44	55	38	8	6	61	15	22	11	38	39	5	5	68	32	15	59	11	37	67	57	37	56	68	39	39	14	41	75	55	61	52	74	40	74	13	25	65	56	39	29	22	62	8	10	12	49	4	39	24	69	17	55	47	31	41	46	33	51	69	15	39	32	17	8	47	13	64	57	72	27	1	20	54	74	71	73	72	77	33	25	48	51	66	5	62	14	42	79	35	31	74	7	50	38	3	30	74	6	22	70	76	78	52	31	26	32	63	59	5	61	6	25	45	6	59	45	20	60	0	21	43	79	36	36	1	17	58	58	42	35	18	8	21	70	77	48	20	27	11	34	23	51	15	47	32	46	25	9	64	30	11	64	7	4	36	53	22	33	6	10	15	6	66	31	3	52	58	22	2	75	45	30	30	61	46	10	72	27	76	43	32	22	58	32	8	31	72	60	32	6	71	64	10	46	8	43	22	6	60	64	54	16	36	15	10	13	33	10	69	63	63	36	22	1	38	33	75	17	53	19	71	29	25	56	70	65	30	75	53	75	3	75	34	40	51	51	9	67	11	2	39	28	10	35	9	30	75	37	12	70	76	35	30	66	26	76	43	30	34	43	1	72	16	79	27	45	50	52	24	57	5	22	36	25	54	4	45	11	49	73	62	35	19	77	17	57	24	72	21	68	25	71	24	31	12	1	67	67	77	48	47	24	19	45	6	55	24	1	47	51	20	18	29	10	37	40	76	48	72	23	49	58	3	22	31	62	27	25	30	49	53	69	0	72	21	31	28	55	18	13	39	20	31	50	5	19	3	69	43	74	33	10	14	62	47	6	4	19	18	30	34	15	63	71	59	23	59	22	7	47	11	49	56	77	19	43	69	38	58	75	18	46	19	69	53	43	21	62	34	49	19	59	31	22	19	33	16	63	74	70	74	16	77	61	19	64	48	61	63	17	42	74	51	43	63	73	37	1	35	15	57	56	60	34	21	38	31	21	29	64	49	63	38	43	71	51	22	11	38	40	1	6	19	2	29	16	19	38	78	47	42	10	73	8	15	65	52	63	53	50	35	26	34	16	27	78	27	66	18	79	53	44	45	3	53	51	47	63	16	61	79	39	59	61	50	65	74	10	28	17	68	23	74	1	26	25	2	46	60	71	7	74	20	37	10	54	67	19	44	51	24	35	13	3	70	22	0	69	45	76	20	43	63	71	75	55	76	23	70	8	69	46	70	49	27	29	44	50	32	4	24	59	37	69	44	15	9	32	73	62	15	23	32	9	39	42	50	65	3	11	63	39	18	75	58	45	48	13	60	25	72	60	58	76	58	54	7	41	19	41	66	77	32	65	24	4	45	11	69	28	41	68	55	18	0	58	10	67	31	9	44	59	51	14	41	8	25	54	79	24	6	5	39	12	37	25	39	77	8	29	8	3	57	28	52	56	34	30	35	37	26	28	14	55	0	31	57	38	22	23	74	38	68	63	47	43	10	42	37	68	62	28	34	9	63	31	72	26	55	28	33	31	34	31	13	20	10	69	20	43	74	30	32	9	21	9	0	25	79	41	30	51	57	6	70	26	46	59	29	10	64	78	53	48	34	15	78	45	13	13	24	53	72	25	28	24	31	20	17	43	65	53	43	74	61	14	45	26	7	33	64	77	36	26	64	9	40	62	19	2	4	52	20	10	62	34	15	17	67	32	10	49	29	48	42	11	78	52	46	47	17	24	74	48	73	8	20	63	6	73	12	13	71	54	59	70	38	59	8	44	60	38	23	69	23	25	26	68	4	23	45	68	63	72	11	31	54	72	35	10	48	36	21	51	24	12	48	15	51	28	77	10	29	66	58	70	71	54	70	23	21	66	77	0	78	58	34	15	34	51	19	69	65	37	23	63	60	21	48	6	20	4	43	20	29	23	20	76	1	24	0	69	35	30	17	53	69	33	15	56	50	51	3	77	19	75	74	18	14	58	40	1	57	70	50	78	36	78	51	76	67	72	36	6	23	10	65	14	21	35	68	72	75	50	28	41	56	75	68	77	74	75	66	22	56	44	4	50	5	13	1	62	56	53	79	18	19	68	69	1	5	47	38	13	19	63	32	29	57	18	15	17	54	48	23	42	54	20	60	57	77	15	63	2	23	60	44	47	51	62	44	73	54	57	39	52	47	1	44	58	60	29	5	38	36	8	59	1	72	33	62	61	4	61	77	62	26	30	40	31	55	13	17	48	25	10	24	65	68	74	69	19	59	1	32	61	13	24	36	25	40	76	73	15	68	16	58	20	2	17	22	16	20	46	48	76	38	70	60	47	4	1	66	59	31	49	58	10	2	49	61	2	6	7	47	58	20	38	48	43	35	66	8	24	24	13	68	29	41	69	75	26	49	67	14	75	66	73	15	16	17	36	16	33	61	21	15	68	23	35	2	25	38	56	32	24	46	55	39	0	78	48	36	8	8	37	69	42	7	25	71	51	28	9	22	67	7	10	60	53	69	51	2	8	67	25	52	4	79	21	71	67	35	61	41	78	28	65	53	10	1	13	32	70	3	58	32	43	58	16	67	3	36	29	29	10	21	58	20	7	65	47	7	9	52	53	52	25	75	9	66	26	17	63	69	6	53	74	3	53	59	26	9	48	71	39	63	69	56	28	76	57	78	10	28	41	47	10	41	52	8	34	72	69	20	62	37	61	50	8	8	37	39	15	46	55	44	0	79	55	37	64	52	3	54	62	9	11	79	68	35	33	23	48	3	34	66	60	51	39	57	16	47	14	42	74	70	1	15	74	2	37	19	65	7	74	43	77	12	29	46	71	54	62	26	77	68	38	57	38	45	69	3	26	36	41	35	43	57	14	69	71	46	2	25	74	30	22	47	37	6	57	79	28	78	30	23	26	11	25	68	58	3	78	43	54	38	5	67	59	71	76	29	52	36	10	19	65	38	9	36	41	39	51	26	7	44	12	10	41	14	19	71	41	21	62	12	71	5	49	13	9	11	46	66	37	37	70	41	16	32	56	0	21	1	35	67	41	26	77	42	20	27	39	12	55	10	55	55	79	14	75	2	75	70	7	61	78	36	42	77	46	69	12	45	22	25	63	57	19	58	24	67	72	33	46	73	39	65	16	8	31	75	1	29	43	19	69	60	64	34	24	38	32	31	6	21	61	69	8	2	0	55	68	1	19	78	44	10	
16	5	15	14	2	6	20	4	1	17	4	19	1	3	20	11	20	16	9	1	18	14	8	7	13	14	18	4	5	13	16	7	16	7	11	9	2	15	20	5	9	12	12	2	1	2	11	17	4	20	17	9	2	5	9	20	10	20	4	13	6	2	7	11	10	6	9	6	13	7	7	14	1	16	17	9	2	18	18	7	17	10	5	18	1	8	6	10	9	7	6	12	2	6	19	5	10	7	8	11	10	15	4	15	3	7	18	17	5	20	9	14	10	3	5	15	6	4	3	18	7	10	13	8	6	20	10	20	20	13	17	18	5	20	5	8	18	7	13	1	13	15	13	9	19	1	14	14	17	10	6	20	11	18	12	1	15	20	3	20	6	19	18	13	16	18	20	18	11	16	5	2	3	3	14	14	6	4	9	10	9	20	5	7	20	4	1	18	5	4	12	1	9	19	2	7	9	7	20	4	8	6	17	18	7	11	13	14	1	18	19	20	13	8	17	10	19	18	7	1	20	2	11	18	17	20	1	2	19	14	4	14	11	20	13	6	2	11	15	2	2	9	16	17	11	8	16	1	14	3	13	18	20	6	11	9	13	18	3	1	15	16	2	4	19	13	2	14	2	1	15	17	12	11	2	17	7	19	4	9	8	18	7	18	16	9	7	14	8	9	5	9	4	7	15	13	18	12	17	2	19	17	16	18	7	15	17	14	16	7	5	1	4	10	2	7	17	17	12	7	7	17	1	2	13	7	16	10	10	5	8	16	16	18	6	20	15	12	5	3	3	16	4	15	12	11	15	1	16	2	3	5	12	19	5	9	4	9	7	5	14	14	1	6	15	19	16	15	12	10	14	6	14	6	7	10	13	9	4	12	19	1	14	20	13	5	3	8	16	15	19	11	1	5	1	7	17	10	6	12	13	12	16	6	15	4	12	2	16	11	4	10	1	6	20	10	14	6	9	4	13	3	8	20	7	8	6	3	20	13	1	12	10	3	1	17	6	2	11	17	16	17	8	20	19	11	13	8	9	11	8	10	10	16	9	17	13	1	1	13	12	17	5	2	9	5	3	7	13	15	13	20	17	5	17	3	1	7	12	13	16	14	3	3	18	7	12	1	19	15	19	8	4	19	4	8	6	1	6	10	4	18	7	5	6	9	18	4	2	19	15	14	15	2	10	2	17	3	9	12	6	10	1	1	9	17	3	10	6	8	4	16	2	1	12	20	19	16	13	15	13	16	9	10	10	19	3	3	1	4	4	17	5	12	19	14	19	8	15	4	19	4	7	7	10	1	18	15	5	13	18	3	14	1	15	7	17	17	16	4	11	11	1	11	18	4	18	9	14	12	1	11	16	20	7	15	2	2	4	20	12	11	15	16	19	20	3	9	9	12	19	6	2	7	14	6	11	20	14	5	2	17	15	20	11	6	8	20	7	1	4	6	4	6	1	7	10	15	20	12	10	17	6	10	2	8	12	2	2	13	6	10	19	7	7	13	3	5	10	10	2	20	9	20	13	2	9	10	10	4	10	8	1	14	15	9	10	9	1	1	13	20	15	7	15	5	9	9	19	8	18	8	4	6	19	1	17	16	10	16	1	8	8	11	3	2	1	7	10	15	6	17	9	16	17	9	8	15	7	5	3	20	12	10	17	4	5	1	18	12	8	14	2	18	14	12	4	6	15	14	20	2	5	1	11	1	4	8	18	7	5	11	8	3	6	3	16	18	7	18	19	3	10	16	1	5	18	7	5	4	20	4	19	13	12	8	7	13	8	7	16	10	16	15	17	11	1	12	5	11	13	7	18	9	12	7	7	15	13	1	9	2	5	6	9	6	3	18	5	16	2	8	8	11	7	1	5	6	2	9	12	5	9	10	11	11	11	7	10	1	2	2	2	8	5	10	12	10	7	8	15	15	4	16	2	8	1	5	9	12	4	13	4	12	2	5	7	14	8	9	3	3	14	1	6	4	14	15	2	4	13	14	12	6	16	10	15	8	4	15	9	5	8	12	9	13	3	14	6	15	12	9	1	9	10	5	7	6	5	1	11	16	7	2	8	5	14	2	13	9	2	6	11	13	15	2	10	2	6	7	5	16	1	3	14	3	6	1	2	2	7	11	2	2	6	11	14	15	5	5	9	7	9	11	8	13	16	4	11	14	11	5	8	9	4	12	7	14	1	3	6	8	3	16	4	15	14	11	2	4	4	12	7	7	2	11	5	1	16	14	4	16	11	5	8	10	2	1	13	13	16	14	11	9	11	10	11	2	8	10	9	10	2	8	16	6	15	16	3	13	2	9	15	10	6	16	8	2	1	4	16	14	16	12	15	2	9	1	4	2	10	5	5	7	9	7	7	10	10	3	12	15	16	5	5	3	14	5	3	9	3	6	16	13	4	10	14	11	1	10	8	8	10	11	5	9	16	3	11	9	15	9	5	3	16	10	10	15	7	6	3	10	11	12	8	4	12	9	16	11	16	7	4	16	4	8	10	4	4	10	7	12	5	1	4	8	2	16	16	9	2	9	9	1	9	10	5	15	16	9	3	12	9	9	2	15	8	16	7	15	1	7	3	11	13	4	8	15	15	14	16	11	13	13	3	12	14	7	10	3	9	2	2	12	5	4	13	14	11	12	1	5	15	15	1	12	1	8	12	4	5	7	16	8	13	13	3	13	14	11	4	16	13	15	1	10	3	7	15	16	2	2	10	13	14	14	7	8	14	14	12	14	8	5	14	10	15	4	16	13	4	16	11	16	11	13	10	6	10	4	4	3	15	3	11	4	15	6	3	2	1	14	10	10	2	14	10	8	15	2	6	12	14	5	6	2	11	14	13	2	1	9	8	11	9	8	12	3	6	4	7	12	7	10	9	10	9	9	15	11	3	8	10	7	9	3	6	2	12	5	5	15	7	12	1	11	8	14	5	11	15	8	11	3	8	7	6	1	15	9	4	9	8	7	7	10	16	8	8	1	2	5	13	15	13	7	15	14	15	9	13	4	5	9	12	3	11	6	8	5	12	9	10	12	6	4	6	9	9	5	2	15	13	6	11	11	1	14	3	4	7	4	9	15	16	2	16	2	16	3	15	3	15	5	14	13	1	4	8	5	13	12	13	10	1	4	1	14	10	16	15	12	4	2	15	7	7	4	3	5	8	14	14	8	11	14	1	16	13	16	6	10	2	8	15	2	7	13	14	6	1	4	7	14	8	11	3	11	2	14	7	4	14	11	11	9	12	9	8	10	12	16	9	4	14	12	14	4	13	14	14	16	13	11	15	11	5	12	14	10	8	2	5	14	1	5	4	16	16	6	2	4	10	5	13	1	3	11	12	13	13	13	12	4	10	13	3	13	16	10	13	4	12	9	15	15	4	5	16	15	15	6	2	5	7	8	5	13	4	9	1	5	14	16	16	8	14	4	15	13	6	13	6	13	8	4	10	9	11	14	3	13	5	9	6	16	13	3	16	16	1	1	10	11	10	8	3	7	15	7	7	2	16	9	13	15	11	4	4	5	12	12	16	4	3	1	1	11	13	1	10	6	3	15	11	16	11	7	12	14	1	7	2	12	15	9	10	11	12	5	
590	920	460	650	810	440	930	350	700	850	920	670	380	520	340	170	620	240	750	270	520	430	230	780	850	710	350	990	810	970	130	320	220	360	360	180	160	410	950	730	530	540	910	100	610	880	590	680	880	450	520	270	670	460	410	970	440	770	640	550	380	770	580	530	900	140	700	750	550	250	500	940	880	150	690	770	230	120	390	160	270	380	560	860	470	220	370	660	100	650	130	430	770	630	270	290	970	960	480	940	790	470	440	610	780	760	980	650	470	350	310	750	580	610	490	460	890	840	680	980	620	340	550	750	700	970	530	870	560	970	470	270	370	110	150	110	100	910	580	850	930	390	880	710	250	730	460	760	580	700	660	910	390	360	960	360	730	960	320	490	160	720	430	280	970	490	240	880	220	280	850	310	440	660	790	390	720	470	250	710	1000	220	720	140	930	290	210	870	480	990	250	690	470	710	890	420	860	590	620	140	650	980	180	900	960	420	570	660	170	700	460	580	360	180	150	120	1000	240	220	210	570	800	170	760	600	160	850	710	740	780	980	550	640	600	600	550	280	180	530	640	250	950	430	420	530	970	930	270	380	760	180	250	680	100	210	830	420	630	720	420	940	360	520	370	750	780	560	110	730	860	250	110	740	390	190	630	580	230	130	400	350	100	330	660	380	890	170	130	410	550	230	100	250	940	440	200	290	960	990	750	630	490	450	740	380	540	460	410	120	920	900	490	460	740	290	390	590	990	790	880	670	590	540	540	280	520	300	130	160	860	550	980	520	720	820	330	400	980	920	320	800	890	130	920	290	530	580	800	290	920	1000	820	750	260	360	460	770	580	780	800	110	160	810	430	890	980	980	330	690	540	370	960	360	730	170	570	460	960	890	710	710	410	350	500	390	220	450	560	460	790	580	720	780	240	920	900	630	590	340	780	410	170	920	490	860	270	200	670	880	100	180	390	690	870	610	150	330	650	250	850	550	680	130	260	870	830	280	860	430	250	210	230	980	660	460	170	370	150	880	730	550	490	480	850	610	540	410	630	260	990	990	630	820	640	930	880	490	990	160	980	930	910	430	220	440	220	690	320	830	490	880	500	850	300	810	900	130	390	320	640	640	880	290	990	940	180	600	400	140	530	930	670	780	130	690	580	400	510	310	430	560	290	640	300	510	840	580	120	750	180	600	940	210	800	160	380	810	930	340	520	380	400	260	680	420	360	720	510	260	610	420	500	270	850	870	260	240	960	570	400	460	650	410	840	240	1000	520	450	460	950	800	100	160	760	800	700	790	370	990	600	240	310	800	740	410	600	370	560	900	930	490	360	440	660	160	360	960	440	730	260	160	770	970	550	430	630	930	820	120	530	890	780	470	660	630	470	360	660	120	440	600	810	650	850	780	190	810	680	560	100	880	990	990	430	940	130	370	890	790	130	410	730	320	470	220	700	880	540	970	170	110	910	530	820	960	200	850	450	700	880	230	930	190	820	270	960	840	770	110	840	550	720	850	350	440	510	430	810	790	370	610	260	650	240	800	160	740	420	600	560	890	160	840	400	770	980	140	170	890	220	100	590	840	440	540	230	800	120	930	280	710	370	850	170	750	420	630	750	870	830	700	930	400	230	690	190	250	880	110	830	740	830	340	790	900	890	1000	230	180	730	700	390	320	630	970	830	850	690	510	500	880	810	700	570	800	710	370	440	630	680	990	640	920	120	400	320	610	590	310	950	570	150	890	480	150	350	630	640	600	210	440	740	880	820	510	360	470	310	670	900	210	160	160	540	410	720	610	960	710	140	990	750	540	980	300	330	500	850	950	220	610	810	600	390	470	790	770	400	700	640	250	990	980	820	210	230	750	660	440	970	170	450	730	400	510	280	310	690	850	940	280	460	540	660	840	790	950	760	740	480	400	880	540	850	510	190	340	270	1000	240	480	980	540	500	120	600	200	520	690	730	960	620	200	150	860	300	970	550	470	330	200	360	470	110	650	920	650	780	680	280	970	890	160	420	350	380	870	160	640	650	290	120	960	370	830	300	500	520	290	940	780	560	430	770	110	170	710	150	560	110	710	320	880	600	360	930	300	940	570	310	780	270	570	720	920	870	950	150	520	550	420	570	810	290	410	700	850	490	920	140	850	1000	380	110	430	820	120	670	780	870	830	270	840	740	130	460	970	320	930	620	650	650	290	190	440	1000	670	640	590	160	760	890	900	120	240	550	120	860	420	360	820	140	510	610	470	870	760	170	460	290	610	510	100	740	430	810	460	420	190	770	380	120	910	990	680	190	410	800	810	770	170	930	570	950	170	830	190	660	690	730	220	990	150	910	500	150	130	660	480	210	380	370	750	400	400	670	930	1000	920	550	350	150	160	190	790	540	770	450	480	580	250	700	610	850	690	140	140	170	300	630	720	100	220	950	510	320	650	440	250	480	400	860	190	920	360	440	960	660	280	880	940	340	740	690	200	360	380	290	510	210	340	520	540	630	640	560	320	750	940	220	690	970	820	890	400	810	100	300	550	730	150	590	900	740	340	770	950	210	720	320	760	410	730	450	400	260	900	370	990	710	630	200	330	520	680	850	400	860	160	480	160	520	840	1000	110	100	1000	530	100	760	260	750	280	310	430	200	440	670	460	330	750	710	250	620	910	200	650	990	480	140	450	350	970	780	860	510	370	400	580	530	660	490	920	740	850	810	760	340	170	370	620	770	640	110	240	850	870	230	900	620	220	590	170	130	390	560	140	180	800	370	870	920	710	750	980	830	990	930	290	390	310	170	590	260	410	850	520	150	160	160	460	320	680	830	580	120	350	1000	720	690	590	540	990	770	310	420	470	600	420	540	450	670	960	570	440	970	720	230	570	390	310	450	540	800	620	510	160	600	720	320	710	830	740	620	990	930	650	810	470	750	710	170	780	300	780	620	800	730	360	260	400	430	1000	270	720	490	620	450	910	320	450	440	670	830	830	630	280	910	410	980	580	940	950	800	390	650	270	590	220	300	730	950	130	280	670	530	900	470	240	100	900	670	210	440	810	920	260	640	500	870	490	700	660	450	170	130	900	690	170	970	350	420	810	190	850	920	870	100	400	400	730	140	780	330	840	710	510	760	1000	940	620	470	980	800	860	480	100	860	580	150	600	130	840	130	330	980	740	750	770	130	140	860	190	850	820	170	380	920	550	540	260	490	870	500	580	1000	740	870	250	280	670	990	290	650	690	620	330	430	300	860	490	540	270	580	340	590	370	770	940	190	550	130	920	180	330	770	970	270	700	720	670	840	980	400	520	110	540	170	720	340	420	450	400	150	680	800	580	570	750	100	540	540	230	520	830	450	400	180	980	110	600	180	170	660	160	400	950	410	870	990	700	760	340	350	140	970	630	780	570	230	970	200	920	110	1000	530	420	820	910	830	120	890	220	130	700	550	330	180	690	280	540	940	380	680	700	960	220	500	420	860	810	510	410	460	150	870	450	310	580	120	800	100	270	450	760	360	530	950	130	950	390	760	880	700	950	650	910	540	560	390	260	850	790	370	410	180	850	430	770	950	950	220	260	380	930	260	1000	600	300	270	180	370	780	730	570	580	780	970	760	970	460	340	590	240	620	570	830	530	100	420	
1
