1580
80
3
50
0	0	0	0	0	0	0	0	0	0	0	0	0	0	0	0	0	0	0	0	0	0	0	0	0	0	0	48	0	0	0	0	0	0	0	0	0	0	0	0	0	0	0	0	0	0	0	0	0	48	0	0	0	0	0	0	0	0	0	0	48	0	0	0	0	0	0	0	0	0	0	0	0	0	0	0	0	0	0	0	
0	0	0	0	0	0	0	0	48	0	0	0	0	0	0	0	48	0	0	48	0	0	0	0	0	0	0	0	0	0	0	0	0	0	0	0	0	0	0	0	0	0	0	0	0	0	0	0	0	0	0	0	0	0	0	0	0	0	0	0	0	0	0	0	0	0	0	0	0	0	0	0	0	0	0	0	0	0	0	0	
0	0	0	0	0	0	0	0	0	0	0	0	0	0	0	0	0	0	0	0	0	0	0	48	0	0	0	0	0	0	0	0	0	0	0	0	0	0	0	0	0	0	0	0	0	0	0	0	0	0	0	0	48	0	0	0	0	0	0	0	0	0	0	0	0	0	0	0	0	0	0	0	0	0	0	0	48	0	0	0	
0	0	0	0	0	0	0	0	0	0	0	0	0	0	0	0	0	0	0	0	48	0	0	0	0	0	0	0	0	0	0	0	0	0	48	0	0	0	0	0	0	0	0	0	0	0	0	0	0	0	0	0	0	0	0	0	0	0	0	0	0	0	0	0	0	0	0	0	0	0	0	0	0	0	0	0	0	48	0	0	
0	0	0	0	0	0	0	0	0	0	0	0	0	0	0	0	0	48	0	0	0	0	0	0	0	0	0	0	0	0	0	0	0	48	0	0	0	0	48	0	0	0	0	0	0	0	0	0	0	0	0	0	0	0	0	0	0	0	0	0	0	0	0	0	0	0	0	0	0	0	0	0	0	0	0	0	0	0	0	0	
0	0	0	0	0	0	0	0	0	0	0	0	0	0	0	0	0	0	0	0	0	0	0	0	0	0	48	0	0	0	0	0	0	0	0	0	48	0	0	0	0	0	0	0	0	0	0	0	0	0	0	0	0	48	0	0	0	0	0	0	0	0	0	0	0	0	0	0	0	0	0	0	0	0	0	0	0	0	0	0	
0	0	0	0	0	0	0	0	0	0	0	0	0	0	0	0	0	0	0	0	0	0	0	0	0	0	0	0	0	0	0	0	0	0	0	0	0	0	48	0	48	0	0	48	0	0	0	0	0	0	0	0	0	0	0	0	0	0	0	0	0	0	0	0	0	0	0	0	0	0	0	0	0	0	0	0	0	0	0	0	
0	0	0	0	0	0	0	0	0	0	0	0	0	0	0	0	0	0	0	0	0	0	0	0	0	0	0	0	0	0	0	0	0	0	0	0	0	48	0	0	0	0	0	0	0	0	0	0	0	0	0	0	0	0	0	0	0	0	48	0	0	0	0	0	0	0	0	0	0	0	0	0	0	0	0	0	0	0	0	48	
0	48	0	0	0	0	0	0	0	0	0	0	0	0	0	0	48	0	0	0	0	0	0	0	0	0	0	0	0	0	48	0	0	0	0	0	0	0	0	0	0	0	0	0	0	0	0	0	0	0	0	0	0	0	0	0	0	0	0	0	0	0	0	0	0	0	0	0	0	0	0	0	0	0	0	0	0	0	0	0	
0	0	0	0	0	0	0	0	0	0	0	0	0	48	0	0	0	0	0	0	0	0	0	0	0	0	0	0	0	0	0	0	0	0	0	0	0	48	0	0	0	0	0	0	0	0	0	0	0	0	0	0	0	0	0	0	0	0	0	0	0	0	0	0	0	0	0	0	0	0	0	0	0	0	0	0	0	0	0	48	
0	0	0	0	0	0	0	0	0	0	0	0	0	0	0	0	0	0	0	0	0	0	0	0	0	0	0	0	0	0	48	0	0	0	0	0	0	0	0	0	0	0	0	0	0	0	0	0	0	0	0	0	0	0	48	0	0	0	0	0	0	0	0	0	0	0	0	0	0	0	0	0	0	0	0	48	0	0	0	0	
0	0	0	0	0	0	0	0	0	0	0	0	0	0	0	0	0	0	0	0	0	0	0	0	0	0	0	0	0	0	0	0	0	0	0	0	0	0	0	0	0	0	0	0	0	0	0	0	0	0	0	48	0	0	0	0	0	0	0	0	0	0	48	0	0	0	0	0	0	0	0	0	0	0	48	0	0	0	0	0	
0	0	0	0	0	0	0	0	0	0	0	0	0	0	0	0	0	0	0	0	0	0	48	0	0	0	0	0	0	0	0	0	0	0	0	0	0	0	0	0	0	0	0	0	0	0	0	0	0	0	0	0	48	0	0	0	0	0	0	0	0	0	0	0	0	0	0	0	0	0	0	0	48	0	0	0	0	0	0	0	
0	0	0	0	0	0	0	0	0	48	0	0	0	0	0	0	0	0	0	0	0	0	0	0	0	0	0	0	0	0	0	0	0	0	0	0	0	0	0	0	0	0	0	0	0	0	0	0	0	0	0	0	0	0	0	0	0	0	0	0	0	0	0	0	0	0	48	0	0	0	0	0	0	0	0	0	0	0	0	48	
0	0	0	0	0	0	0	0	0	0	0	0	0	0	0	0	0	0	0	0	0	0	0	0	0	0	48	0	0	0	0	0	0	0	0	0	0	0	0	0	0	0	0	0	0	0	0	48	0	0	48	0	0	0	0	0	0	0	0	0	0	0	0	0	0	0	0	0	0	0	0	0	0	0	0	0	0	0	0	0	
0	0	0	0	0	0	0	0	0	0	0	0	0	0	0	0	0	0	0	0	0	48	0	0	0	0	0	0	0	0	0	0	0	0	0	0	0	0	0	0	0	0	0	0	0	0	0	0	0	0	0	0	0	0	0	0	0	0	0	0	0	0	0	0	0	0	0	0	0	0	0	0	48	0	0	0	48	0	0	0	
0	48	0	0	0	0	0	0	48	0	0	0	0	0	0	0	0	0	0	0	0	0	0	0	0	0	0	0	0	0	48	0	0	0	0	0	0	0	0	0	0	0	0	0	0	0	0	0	0	0	0	0	0	0	0	0	0	0	0	0	0	0	0	0	0	0	0	0	0	0	0	0	0	0	0	0	0	0	0	0	
0	0	0	0	48	0	0	0	0	0	0	0	0	0	0	0	0	0	0	0	0	0	0	0	0	0	0	0	0	0	0	0	0	48	0	0	0	0	0	0	0	0	0	0	0	0	0	0	0	0	0	0	0	0	0	0	0	0	0	0	0	0	0	0	0	0	0	0	0	0	0	48	0	0	0	0	0	0	0	0	
0	0	0	0	0	0	0	0	0	0	0	0	0	0	0	0	0	0	0	0	0	0	0	0	0	0	0	0	0	0	0	0	0	0	0	48	0	0	0	0	0	0	0	0	0	0	0	0	0	0	0	0	0	0	0	0	0	0	0	0	48	0	0	0	0	0	0	0	0	0	0	0	0	0	48	0	0	0	0	0	
0	48	0	0	0	0	0	0	0	0	0	0	0	0	0	0	0	0	0	0	0	0	0	0	0	0	0	0	0	0	0	0	0	0	0	0	0	0	0	0	0	0	0	0	0	0	0	48	0	0	48	0	0	0	0	0	0	0	0	0	0	0	0	0	0	0	0	0	0	0	0	0	0	0	0	0	0	0	0	0	
0	0	0	48	0	0	0	0	0	0	0	0	0	0	0	0	0	0	0	0	0	0	0	0	0	0	0	0	0	0	0	48	0	0	48	0	0	0	0	0	0	0	0	0	0	0	0	0	0	0	0	0	0	0	0	0	0	0	0	0	0	0	0	0	0	0	0	0	0	0	0	0	0	0	0	0	0	0	0	0	
0	0	0	0	0	0	0	0	0	0	0	0	0	0	0	48	0	0	0	0	0	0	48	0	0	0	0	0	0	0	0	0	0	0	0	0	0	0	0	0	0	0	0	0	0	0	0	0	0	0	0	0	0	0	0	0	0	0	0	0	0	0	0	0	0	0	0	0	0	0	0	0	48	0	0	0	0	0	0	0	
0	0	0	0	0	0	0	0	0	0	0	0	48	0	0	0	0	0	0	0	0	48	0	0	0	0	0	0	0	0	0	0	0	0	0	0	0	0	0	0	0	0	0	0	0	0	0	0	0	0	0	0	48	0	0	0	0	0	0	0	0	0	0	0	0	0	0	0	0	0	0	0	0	0	0	0	0	0	0	0	
0	0	48	0	0	0	0	0	0	0	0	0	0	0	0	0	0	0	0	0	0	0	0	0	0	0	0	0	0	0	0	0	0	0	0	0	0	0	0	0	0	0	0	0	0	0	0	0	0	0	0	0	0	0	0	0	0	0	0	0	0	0	0	0	0	0	0	0	0	0	48	0	0	0	0	0	48	0	0	0	
0	0	0	0	0	0	0	0	0	0	0	0	0	0	0	0	0	0	0	0	0	0	0	0	0	0	0	48	0	0	0	0	0	0	0	48	48	0	0	0	0	0	0	0	0	0	0	0	0	0	0	0	0	0	0	0	0	0	0	0	0	0	0	0	0	0	0	0	0	0	0	0	0	0	0	0	0	0	0	0	
0	0	0	0	0	0	0	0	0	0	0	0	0	0	0	0	0	0	0	0	0	0	0	0	0	0	0	0	0	0	0	0	48	0	0	0	0	0	0	0	0	0	0	0	0	0	0	0	0	0	0	0	0	0	0	0	0	0	0	0	0	0	0	0	0	0	0	48	0	48	0	0	0	0	0	0	0	0	0	0	
0	0	0	0	0	48	0	0	0	0	0	0	0	0	48	0	0	0	0	0	0	0	0	0	0	0	0	0	0	0	0	0	0	0	0	0	0	0	0	0	0	0	0	0	0	0	0	0	0	0	0	0	0	0	0	0	0	0	0	0	0	0	0	0	48	0	0	0	0	0	0	0	0	0	0	0	0	0	0	0	
48	0	0	0	0	0	0	0	0	0	0	0	0	0	0	0	0	0	0	0	0	0	0	0	48	0	0	0	0	0	0	0	0	0	0	0	0	0	0	0	0	0	0	0	0	0	0	0	0	0	0	0	0	0	0	0	0	0	0	0	0	0	0	0	48	0	0	0	0	0	0	0	0	0	0	0	0	0	0	0	
0	0	0	0	0	0	0	0	0	0	0	0	0	0	0	0	0	0	0	0	0	0	0	0	0	0	0	0	0	0	0	0	0	0	0	0	0	0	0	0	0	0	0	0	0	0	0	0	0	0	0	0	0	0	0	48	0	0	0	0	0	0	0	48	0	0	0	0	0	0	0	48	0	0	0	0	0	0	0	0	
0	0	0	0	0	0	0	0	0	0	0	0	0	0	0	0	0	0	0	0	0	0	0	0	0	0	0	0	0	0	0	0	0	0	0	0	0	0	0	48	0	0	0	0	0	0	0	48	0	0	0	0	0	48	0	0	0	0	0	0	0	0	0	0	0	0	0	0	0	0	0	0	0	0	0	0	0	0	0	0	
0	0	0	0	0	0	0	0	48	0	48	0	0	0	0	0	48	0	0	0	0	0	0	0	0	0	0	0	0	0	0	0	0	0	0	0	0	0	0	0	0	0	0	0	0	0	0	0	0	0	0	0	0	0	0	0	0	0	0	0	0	0	0	0	0	0	0	0	0	0	0	0	0	0	0	0	0	0	0	0	
0	0	0	0	0	0	0	0	0	0	0	0	0	0	0	0	0	0	0	0	48	0	0	0	0	0	0	0	0	0	0	0	0	0	48	0	0	0	0	0	0	0	0	0	0	0	0	0	0	0	0	0	0	0	0	0	0	0	0	48	0	0	0	0	0	0	0	0	0	0	0	0	0	0	0	0	0	0	0	0	
0	0	0	0	0	0	0	0	0	0	0	0	0	0	0	0	0	0	0	0	0	0	0	0	0	48	0	0	0	0	0	0	0	0	0	0	0	0	0	0	0	0	0	0	0	0	0	0	0	0	0	0	0	0	0	0	0	0	0	0	0	0	0	0	0	0	0	48	0	48	0	0	0	0	0	0	0	0	0	0	
0	0	0	0	48	0	0	0	0	0	0	0	0	0	0	0	0	48	0	0	0	0	0	0	0	0	0	0	0	0	0	0	0	0	0	0	0	0	0	0	0	0	0	0	0	0	0	0	0	0	0	0	0	0	0	0	0	0	0	0	0	0	0	0	0	0	0	0	0	0	0	48	0	0	0	0	0	0	0	0	
0	0	0	48	0	0	0	0	0	0	0	0	0	0	0	0	0	0	0	0	48	0	0	0	0	0	0	0	0	0	0	48	0	0	0	0	0	0	0	0	0	0	0	0	0	0	0	0	0	0	0	0	0	0	0	0	0	0	0	0	0	0	0	0	0	0	0	0	0	0	0	0	0	0	0	0	0	0	0	0	
0	0	0	0	0	0	0	0	0	0	0	0	0	0	0	0	0	0	48	0	0	0	0	0	48	0	0	0	0	0	0	0	0	0	0	0	48	0	0	0	0	0	0	0	0	0	0	0	0	0	0	0	0	0	0	0	0	0	0	0	0	0	0	0	0	0	0	0	0	0	0	0	0	0	0	0	0	0	0	0	
0	0	0	0	0	48	0	0	0	0	0	0	0	0	0	0	0	0	0	0	0	0	0	0	48	0	0	0	0	0	0	0	0	0	0	48	0	0	0	0	0	0	0	0	0	0	0	0	0	0	0	0	0	0	0	0	0	0	0	0	0	0	0	0	0	0	0	0	0	0	0	0	0	0	0	0	0	0	0	0	
0	0	0	0	0	0	0	48	0	48	0	0	0	0	0	0	0	0	0	0	0	0	0	0	0	0	0	0	0	0	0	0	0	0	0	0	0	0	0	0	0	0	0	0	0	0	0	0	0	0	0	0	0	0	0	0	0	0	48	0	0	0	0	0	0	0	0	0	0	0	0	0	0	0	0	0	0	0	0	0	
0	0	0	0	48	0	48	0	0	0	0	0	0	0	0	0	0	0	0	0	0	0	0	0	0	0	0	0	0	0	0	0	0	0	0	0	0	0	0	0	48	0	0	0	0	0	0	0	0	0	0	0	0	0	0	0	0	0	0	0	0	0	0	0	0	0	0	0	0	0	0	0	0	0	0	0	0	0	0	0	
0	0	0	0	0	0	0	0	0	0	0	0	0	0	0	0	0	0	0	0	0	0	0	0	0	0	0	0	0	48	0	0	0	0	0	0	0	0	0	0	0	0	0	0	0	0	0	0	0	0	48	0	0	48	0	0	0	0	0	0	0	0	0	0	0	0	0	0	0	0	0	0	0	0	0	0	0	0	0	0	
0	0	0	0	0	0	48	0	0	0	0	0	0	0	0	0	0	0	0	0	0	0	0	0	0	0	0	0	0	0	0	0	0	0	0	0	0	0	48	0	0	0	0	48	0	0	0	0	0	0	0	0	0	0	0	0	0	0	0	0	0	0	0	0	0	0	0	0	0	0	0	0	0	0	0	0	0	0	0	0	
0	0	0	0	0	0	0	0	0	0	0	0	0	0	0	0	0	0	0	0	0	0	0	0	0	0	0	0	0	0	0	0	0	0	0	0	0	0	0	0	0	0	0	0	48	0	0	0	48	0	0	0	0	0	0	0	0	0	0	0	0	0	0	0	0	48	0	0	0	0	0	0	0	0	0	0	0	0	0	0	
0	0	0	0	0	0	0	0	0	0	0	0	0	0	0	0	0	0	0	0	0	0	0	0	0	0	0	0	0	0	0	0	0	0	0	0	0	0	0	0	0	0	0	0	48	0	0	0	48	0	0	0	0	0	0	0	0	0	0	0	0	0	0	0	0	0	0	0	0	0	0	0	0	0	0	48	0	0	0	0	
0	0	0	0	0	0	48	0	0	0	0	0	0	0	0	0	0	0	0	0	0	0	0	0	0	0	0	0	0	0	0	0	0	0	0	0	0	0	0	0	48	0	0	0	0	0	0	0	48	0	0	0	0	0	0	0	0	0	0	0	0	0	0	0	0	0	0	0	0	0	0	0	0	0	0	0	0	0	0	0	
0	0	0	0	0	0	0	0	0	0	0	0	0	0	0	0	0	0	0	0	0	0	0	0	0	0	0	0	0	0	0	0	0	0	0	0	0	0	0	0	0	48	48	0	0	0	0	0	0	0	0	0	0	0	0	0	0	0	0	0	0	0	0	0	0	48	0	0	0	0	0	0	0	0	0	0	0	0	0	0	
0	0	0	0	0	0	0	0	0	0	0	0	0	0	0	0	0	0	0	0	0	0	0	0	0	0	0	0	0	0	0	0	0	0	0	0	0	0	0	0	0	0	0	0	0	0	0	0	0	0	0	0	0	0	0	48	0	0	0	0	0	48	0	0	0	48	0	0	0	0	0	0	0	0	0	0	0	0	0	0	
0	0	0	0	0	0	0	0	0	0	0	0	0	0	0	0	0	0	0	0	0	0	0	0	0	0	0	0	0	0	0	0	0	0	0	0	0	0	0	0	0	0	0	0	0	0	0	0	0	0	0	0	0	0	0	0	0	0	0	48	0	0	0	0	0	0	0	0	0	0	0	0	0	48	0	0	0	48	0	0	
0	0	0	0	0	0	0	0	0	0	0	0	0	0	48	0	0	0	0	48	0	0	0	0	0	0	0	0	0	48	0	0	0	0	0	0	0	0	0	0	0	0	0	0	0	0	0	0	0	0	0	0	0	0	0	0	0	0	0	0	0	0	0	0	0	0	0	0	0	0	0	0	0	0	0	0	0	0	0	0	
0	0	0	0	0	0	0	0	0	0	0	0	0	0	0	0	0	0	0	0	0	0	0	0	0	0	0	0	0	0	0	0	0	0	0	0	0	0	0	0	0	48	48	48	0	0	0	0	0	0	0	0	0	0	0	0	0	0	0	0	0	0	0	0	0	0	0	0	0	0	0	0	0	0	0	0	0	0	0	0	
48	0	0	0	0	0	0	0	0	0	0	0	0	0	0	0	0	0	0	0	0	0	0	0	0	0	0	0	0	0	0	0	0	0	0	0	0	0	0	0	0	0	0	0	0	0	0	0	0	0	0	0	0	0	0	0	0	0	0	0	48	0	0	0	48	0	0	0	0	0	0	0	0	0	0	0	0	0	0	0	
0	0	0	0	0	0	0	0	0	0	0	0	0	0	48	0	0	0	0	48	0	0	0	0	0	0	0	0	0	0	0	0	0	0	0	0	0	0	0	48	0	0	0	0	0	0	0	0	0	0	0	0	0	0	0	0	0	0	0	0	0	0	0	0	0	0	0	0	0	0	0	0	0	0	0	0	0	0	0	0	
0	0	0	0	0	0	0	0	0	0	0	48	0	0	0	0	0	0	0	0	0	0	0	0	0	0	0	0	0	0	0	0	0	0	0	0	0	0	0	0	0	0	0	0	0	0	0	0	0	0	0	0	0	0	0	0	0	0	0	0	0	0	0	0	0	0	0	0	48	0	0	0	0	0	0	0	0	0	48	0	
0	0	48	0	0	0	0	0	0	0	0	0	48	0	0	0	0	0	0	0	0	0	48	0	0	0	0	0	0	0	0	0	0	0	0	0	0	0	0	0	0	0	0	0	0	0	0	0	0	0	0	0	0	0	0	0	0	0	0	0	0	0	0	0	0	0	0	0	0	0	0	0	0	0	0	0	0	0	0	0	
0	0	0	0	0	48	0	0	0	0	0	0	0	0	0	0	0	0	0	0	0	0	0	0	0	0	0	0	0	48	0	0	0	0	0	0	0	0	0	48	0	0	0	0	0	0	0	0	0	0	0	0	0	0	0	0	0	0	0	0	0	0	0	0	0	0	0	0	0	0	0	0	0	0	0	0	0	0	0	0	
0	0	0	0	0	0	0	0	0	0	48	0	0	0	0	0	0	0	0	0	0	0	0	0	0	0	0	0	0	0	0	0	0	0	0	0	0	0	0	0	0	0	0	0	0	0	0	0	0	0	0	0	0	0	0	0	0	0	0	0	0	0	0	0	0	0	48	0	0	0	0	0	0	0	0	48	0	0	0	0	
0	0	0	0	0	0	0	0	0	0	0	0	0	0	0	0	0	0	0	0	0	0	0	0	0	0	0	0	48	0	0	0	0	0	0	0	0	0	0	0	0	0	0	0	0	48	0	0	0	0	0	0	0	0	0	0	0	0	0	0	0	0	0	48	0	0	0	0	0	0	0	0	0	0	0	0	0	0	0	0	
0	0	0	0	0	0	0	0	0	0	0	0	0	0	0	0	0	0	0	0	0	0	0	0	0	0	0	0	0	0	0	0	0	0	0	0	0	0	0	0	0	0	0	0	0	0	0	0	0	0	0	0	0	0	0	0	0	0	0	0	0	0	0	0	0	0	0	0	48	0	0	0	0	0	48	0	0	0	48	0	
0	0	0	0	0	0	0	0	0	0	0	0	0	0	0	0	0	0	0	0	0	0	0	0	0	0	0	0	0	0	0	0	0	0	0	0	0	0	0	0	0	0	0	0	0	0	0	0	0	0	0	0	0	0	0	0	0	0	0	48	0	0	0	0	0	0	0	0	48	0	0	0	0	0	0	0	0	0	48	0	
0	0	0	0	0	0	0	48	0	0	0	0	0	0	0	0	0	0	0	0	0	0	0	0	0	0	0	0	0	0	0	0	0	0	0	0	0	48	0	0	0	0	0	0	0	0	0	0	0	0	0	0	0	0	0	0	0	0	0	0	0	0	0	0	0	0	48	0	0	0	0	0	0	0	0	0	0	0	0	0	
0	0	0	0	0	0	0	0	0	0	0	0	0	0	0	0	0	0	0	0	0	0	0	0	0	0	0	0	0	0	0	48	0	0	0	0	0	0	0	0	0	0	0	0	0	0	48	0	0	0	0	0	0	0	0	0	0	48	0	0	0	0	0	0	0	0	0	0	0	0	0	0	0	0	0	0	0	0	0	0	
48	0	0	0	0	0	0	0	0	0	0	0	0	0	0	0	0	0	48	0	0	0	0	0	0	0	0	0	0	0	0	0	0	0	0	0	0	0	0	0	0	0	0	0	0	0	0	0	0	48	0	0	0	0	0	0	0	0	0	0	0	0	0	0	0	0	0	0	0	0	0	0	0	0	0	0	0	0	0	0	
0	0	0	0	0	0	0	0	0	0	0	0	0	0	0	0	0	0	0	0	0	0	0	0	0	0	0	0	0	0	0	0	0	0	0	0	0	0	0	0	0	0	0	0	0	48	0	0	0	0	0	0	0	0	0	0	0	0	0	0	0	0	0	0	0	0	0	48	0	0	48	0	0	0	0	0	0	0	0	0	
0	0	0	0	0	0	0	0	0	0	0	48	0	0	0	0	0	0	0	0	0	0	0	0	0	0	0	0	0	0	0	0	0	0	0	0	0	0	0	0	0	0	0	0	0	0	0	0	0	0	0	0	0	0	0	0	0	0	0	0	0	0	0	0	0	0	0	0	0	48	0	0	0	0	0	0	0	48	0	0	
0	0	0	0	0	0	0	0	0	0	0	0	0	0	0	0	0	0	0	0	0	0	0	0	0	0	0	0	48	0	0	0	0	0	0	0	0	0	0	0	0	0	0	0	0	0	0	0	0	0	0	0	0	0	0	48	0	0	0	0	0	0	0	0	0	0	0	0	0	0	48	0	0	0	0	0	0	0	0	0	
0	0	0	0	0	0	0	0	0	0	0	0	0	0	0	0	0	0	0	0	0	0	0	0	0	0	48	48	0	0	0	0	0	0	0	0	0	0	0	0	0	0	0	0	0	0	0	0	0	48	0	0	0	0	0	0	0	0	0	0	0	0	0	0	0	0	0	0	0	0	0	0	0	0	0	0	0	0	0	0	
0	0	0	0	0	0	0	0	0	0	0	0	0	0	0	0	0	0	0	0	0	0	0	0	0	0	0	0	0	0	0	0	0	0	0	0	0	0	0	0	0	48	0	0	48	48	0	0	0	0	0	0	0	0	0	0	0	0	0	0	0	0	0	0	0	0	0	0	0	0	0	0	0	0	0	0	0	0	0	0	
0	0	0	0	0	0	0	0	0	0	0	0	0	48	0	0	0	0	0	0	0	0	0	0	0	0	0	0	0	0	0	0	0	0	0	0	0	0	0	0	0	0	0	0	0	0	0	0	0	0	0	0	0	0	48	0	0	0	48	0	0	0	0	0	0	0	0	0	0	0	0	0	0	0	0	0	0	0	0	0	
0	0	0	0	0	0	0	0	0	0	0	0	0	0	0	0	0	0	0	0	0	0	0	0	0	48	0	0	0	0	0	0	48	0	0	0	0	0	0	0	0	0	0	0	0	0	0	0	0	0	0	0	0	0	0	0	0	0	0	0	0	48	0	0	0	0	0	0	0	0	0	0	0	0	0	0	0	0	0	0	
0	0	0	0	0	0	0	0	0	0	0	0	0	0	0	0	0	0	0	0	0	0	0	0	0	0	0	0	0	0	0	0	0	0	0	0	0	0	0	0	0	0	0	0	0	0	0	0	0	0	0	48	0	0	0	0	48	48	0	0	0	0	0	0	0	0	0	0	0	0	0	0	0	0	0	0	0	0	0	0	
0	0	0	0	0	0	0	0	0	0	0	0	0	0	0	0	0	0	0	0	0	0	0	0	0	48	0	0	0	0	0	0	48	0	0	0	0	0	0	0	0	0	0	0	0	0	0	0	0	0	0	0	0	0	0	0	0	0	0	0	0	0	48	0	0	0	0	0	0	0	0	0	0	0	0	0	0	0	0	0	
0	0	0	0	0	0	0	0	0	0	0	0	0	0	0	0	0	0	0	0	0	0	0	48	0	0	0	0	0	0	0	0	0	0	0	0	0	0	0	0	0	0	0	0	0	0	0	0	0	0	0	0	0	0	0	0	0	0	0	0	0	48	0	48	0	0	0	0	0	0	0	0	0	0	0	0	0	0	0	0	
0	0	0	0	0	0	0	0	0	0	0	0	0	0	0	0	0	48	0	0	0	0	0	0	0	0	0	0	48	0	0	0	0	48	0	0	0	0	0	0	0	0	0	0	0	0	0	0	0	0	0	0	0	0	0	0	0	0	0	0	0	0	0	0	0	0	0	0	0	0	0	0	0	0	0	0	0	0	0	0	
0	0	0	0	0	0	0	0	0	0	0	0	48	0	0	48	0	0	0	0	0	48	0	0	0	0	0	0	0	0	0	0	0	0	0	0	0	0	0	0	0	0	0	0	0	0	0	0	0	0	0	0	0	0	0	0	0	0	0	0	0	0	0	0	0	0	0	0	0	0	0	0	0	0	0	0	0	0	0	0	
0	0	0	0	0	0	0	0	0	0	0	0	0	0	0	0	0	0	0	0	0	0	0	0	0	0	0	0	0	0	0	0	0	0	0	0	0	0	0	0	0	0	0	0	0	0	48	0	0	0	0	0	0	0	0	0	0	0	0	0	0	0	0	0	0	0	0	0	0	0	0	0	0	0	0	0	0	0	0	0	
0	0	0	0	0	0	0	0	0	0	0	48	0	0	0	0	0	0	48	0	0	0	0	0	0	0	0	0	0	0	0	0	0	0	0	0	0	0	0	0	0	0	0	0	0	0	0	0	0	0	0	0	0	0	0	0	48	0	0	0	0	0	0	0	0	0	0	0	0	0	0	0	0	0	0	0	0	0	0	0	
0	0	0	0	0	0	0	0	0	0	48	0	0	0	0	0	0	0	0	0	0	0	0	0	0	0	0	0	0	0	0	0	0	0	0	0	0	0	0	0	0	0	48	0	0	0	0	0	0	0	0	0	0	0	48	0	0	0	0	0	0	0	0	0	0	0	0	0	0	0	0	0	0	0	0	0	0	0	0	0	
0	0	48	0	0	0	0	0	0	0	0	0	0	0	0	48	0	0	0	0	0	0	0	48	0	0	0	0	0	0	0	0	0	0	0	0	0	0	0	0	0	0	0	0	0	0	0	0	0	0	0	0	0	0	0	0	0	0	0	0	0	0	0	0	0	0	0	0	0	0	0	0	0	0	0	0	0	0	0	0	
0	0	0	48	0	0	0	0	0	0	0	0	0	0	0	0	0	0	0	0	0	0	0	0	0	0	0	0	0	0	0	0	0	0	0	0	0	0	0	0	0	0	0	0	0	0	48	0	0	0	0	0	0	0	0	0	0	0	0	0	0	0	48	0	0	0	0	0	0	0	0	0	0	0	0	0	0	0	0	0	
0	0	0	0	0	0	0	0	0	0	0	0	0	0	0	0	0	0	0	0	0	0	0	0	0	0	0	0	0	0	0	0	0	0	0	0	0	0	0	0	0	0	0	0	0	0	0	0	0	0	0	48	0	0	0	0	48	48	0	0	0	0	0	0	0	0	0	0	0	0	0	0	0	0	0	0	0	0	0	0	
0	0	0	0	0	0	0	48	0	48	0	0	0	48	0	0	0	0	0	0	0	0	0	0	0	0	0	0	0	0	0	0	0	0	0	0	0	0	0	0	0	0	0	0	0	0	0	0	0	0	0	0	0	0	0	0	0	0	0	0	0	0	0	0	0	0	0	0	0	0	0	0	0	0	0	0	0	0	0	0	
6	58	9	78	37	6	2	11	57	74	73	3	22	11	69	58	18	78	10	38	1	23	14	75	58	77	4	78	31	19	34	69	24	0	78	68	40	23	12	65	5	14	33	32	19	58	50	22	72	64	4	73	9	37	76	45	74	46	48	40	1	63	67	14	2	31	76	20	68	65	15	16	9	44	17	38	73	67	71	11	39	76	39	5	9	60	52	72	19	40	37	58	11	20	45	79	22	23	19	29	24	68	43	39	23	66	59	69	72	15	14	65	6	49	36	45	64	55	71	53	25	18	9	58	1	49	59	13	9	23	77	14	1	69	17	0	44	26	40	66	58	9	65	22	45	2	16	29	20	7	20	71	49	40	15	55	53	38	1	12	34	67	60	40	71	31	64	12	7	75	63	25	18	57	26	0	40	73	17	33	60	60	54	79	78	36	9	41	31	48	60	33	16	68	16	8	50	62	53	14	55	49	60	38	46	61	8	47	73	20	55	11	58	6	45	11	32	31	32	47	13	70	20	34	35	51	62	16	45	2	27	38	8	47	8	50	51	9	3	33	25	28	24	63	40	36	52	42	77	32	21	62	63	62	37	39	71	53	42	38	8	62	29	35	41	0	22	73	50	53	22	78	46	67	43	55	17	32	73	40	48	31	37	71	31	22	53	40	36	27	61	49	53	18	3	23	53	48	27	14	58	42	74	12	73	37	38	38	39	22	67	48	8	51	7	64	67	31	70	59	76	33	5	5	23	77	58	68	58	8	9	44	58	39	23	19	44	0	74	62	69	54	71	34	58	48	33	51	16	17	15	38	60	32	38	66	34	65	58	26	57	57	0	51	52	14	77	20	57	19	7	79	61	31	3	60	69	6	5	30	70	28	18	11	69	24	47	7	38	79	50	40	32	52	64	67	70	77	44	61	31	32	30	10	78	33	72	15	73	20	1	47	3	69	76	17	21	5	45	59	70	79	70	32	71	3	72	47	26	2	19	27	31	62	26	36	55	72	60	75	35	32	43	17	5	56	24	55	62	49	4	30	45	75	64	23	69	55	60	68	70	72	74	4	66	44	75	41	73	39	64	53	60	56	58	8	44	0	58	18	27	65	48	38	26	12	46	68	40	1	21	13	8	2	70	66	26	32	2	20	32	75	25	52	57	4	30	51	25	13	0	3	30	71	65	3	11	66	66	21	16	32	36	75	63	34	23	21	7	72	45	67	11	67	72	72	12	22	7	4	58	63	59	72	22	50	23	53	33	62	59	76	29	36	39	62	26	6	13	28	26	5	62	56	76	17	11	1	35	12	36	58	64	22	12	2	35	65	66	28	77	46	72	40	31	77	47	6	59	16	24	57	49	39	20	65	34	20	19	79	0	71	7	52	27	66	17	66	52	54	2	8	61	67	75	72	6	27	28	4	64	46	56	59	45	78	62	64	13	12	64	66	65	13	27	37	46	72	7	22	56	66	7	19	29	22	7	43	8	36	37	9	71	70	13	11	40	43	61	77	70	62	65	78	31	63	7	41	65	8	43	44	7	8	11	67	47	59	51	77	71	46	17	5	10	78	17	41	39	57	33	54	57	27	29	72	79	1	3	46	36	25	64	3	71	47	32	53	51	48	48	32	23	9	46	18	15	24	70	9	39	25	70	63	46	25	43	20	31	5	49	52	25	11	37	75	40	71	37	23	8	38	78	20	24	21	12	49	20	18	61	73	40	9	13	74	35	39	73	1	33	42	79	58	15	30	12	4	57	48	76	10	78	61	61	26	74	51	43	48	26	62	68	43	59	59	20	38	42	7	9	79	67	48	47	31	30	6	25	62	21	32	68	8	37	13	16	61	1	11	65	49	26	60	13	78	29	76	34	17	43	22	75	32	68	77	15	79	41	15	21	11	39	24	34	68	10	23	55	47	35	58	23	16	49	22	36	50	32	18	48	60	21	12	70	2	7	25	16	39	54	31	55	59	4	49	36	33	34	54	26	67	14	22	76	74	5	38	55	56	30	45	46	33	23	68	52	28	38	22	76	12	44	61	62	45	63	19	66	25	10	48	66	26	70	30	23	7	42	5	65	36	69	44	14	58	15	2	45	62	58	30	25	7	22	66	11	16	71	35	46	61	78	15	66	45	8	31	71	71	56	11	47	51	52	3	63	76	41	77	39	16	9	52	56	71	14	13	46	11	56	8	9	23	30	9	45	41	21	49	53	10	20	49	67	35	5	37	59	48	32	63	33	21	61	71	72	32	25	23	76	64	58	40	23	22	74	3	35	2	27	43	30	61	75	53	15	10	6	64	66	25	58	42	73	47	53	7	24	6	56	79	15	13	18	43	1	38	71	39	78	62	56	16	59	77	34	2	22	26	51	36	16	51	64	59	49	6	25	60	6	36	22	3	10	9	29	75	79	19	3	78	31	77	15	20	46	79	75	15	54	68	8	64	64	60	10	40	10	16	71	34	39	44	73	15	58	10	79	19	40	14	56	64	54	44	40	21	11	0	63	31	38	26	42	15	48	1	77	22	17	61	70	19	20	54	15	63	67	64	43	44	33	38	68	71	53	42	52	47	18	76	29	51	55	31	44	25	9	33	45	66	4	59	4	60	74	47	21	18	65	18	16	20	40	79	51	63	79	16	50	78	18	29	71	11	24	59	28	35	56	60	75	45	57	3	74	63	22	52	0	63	70	70	34	22	52	0	3	8	34	65	66	74	75	56	11	24	52	24	29	39	10	4	76	60	28	23	69	64	51	0	9	68	47	0	32	33	0	79	10	14	41	34	32	22	55	59	43	11	0	10	28	23	43	43	64	9	21	58	21	65	17	37	32	60	41	3	36	11	70	26	6	67	46	41	14	54	42	71	7	46	7	63	66	4	18	8	58	67	6	49	16	44	22	75	31	39	8	10	60	49	64	76	56	55	45	63	71	52	75	12	55	79	77	40	19	71	67	17	12	15	14	43	34	22	0	5	23	63	25	64	12	25	75	78	18	23	53	64	37	47	3	15	20	44	78	47	27	69	59	6	17	40	4	26	13	9	74	28	35	45	22	3	19	37	13	65	3	39	43	5	52	23	30	1	49	47	0	65	4	6	60	69	76	51	13	40	12	52	29	29	64	7	0	62	79	67	21	77	61	30	17	20	34	31	21	55	2	8	40	54	73	18	45	35	48	56	54	53	51	49	34	67	42	57	68	54	26	33	70	53	32	32	25	66	35	78	1	18	13	72	19	46	60	61	35	65	37	23	66	77	61	41	5	17	79	71	60	53	39	6	64	38	42	15	33	79	6	55	59	20	20	30	48	6	43	39	71	71	54	75	44	73	38	21	50	7	51	19	20	76	18	19	1	53	49	36	49	34	19	73	4	23	50	23	25	22	30	22	59	0	40	65	77	8	41	5	19	77	2	32	5	66	55	12	61	53	76	72	34	12	17	76	9	6	60	65	30	73	64	30	19	33	0	53	78	55	27	39	41	23	70	13	71	50	17	14	66	51	46	38	75	47	69	26	38	52	58	72	38	78	74	31	58	41	45	62	70	40	12	34	51	65	35	36	54	26	63	43	17	11	3	1	20	74	43	34	75	5	
69	26	53	56	44	13	38	47	20	8	26	39	64	45	17	16	15	44	61	45	52	70	47	61	31	12	23	66	49	48	7	77	27	2	79	62	46	67	33	56	27	37	30	74	3	8	70	54	7	62	59	45	56	7	29	0	56	36	78	32	38	70	30	61	5	47	31	73	69	47	2	53	70	23	7	50	27	41	47	1	36	69	61	3	18	28	64	24	6	16	9	2	17	17	26	34	52	65	52	25	65	47	39	56	39	30	53	0	79	42	79	78	29	13	12	12	3	69	48	38	0	16	56	9	31	59	33	52	62	20	8	65	9	38	11	31	14	47	70	43	75	13	71	17	74	11	73	15	27	39	59	1	73	63	41	69	3	78	65	71	20	2	31	5	41	41	47	11	49	46	17	23	39	0	63	53	41	42	8	51	36	11	24	62	68	14	76	66	24	18	34	12	11	66	70	10	26	77	5	24	4	62	44	20	68	52	41	27	40	10	23	41	13	47	6	59	53	43	58	32	10	53	36	2	8	16	75	1	23	38	9	70	17	78	6	11	15	66	11	41	58	11	65	56	42	18	17	17	73	0	29	38	4	6	62	63	6	62	31	23	60	32	5	21	12	37	13	5	6	18	44	74	9	3	45	36	57	73	18	3	20	6	44	26	77	75	12	25	4	9	35	33	42	63	1	51	33	65	72	65	9	46	26	58	52	72	54	48	17	31	77	20	4	5	2	24	27	42	52	76	73	32	22	32	14	24	7	55	27	34	41	33	18	16	45	47	3	66	35	2	47	74	78	11	40	24	13	75	46	78	66	51	18	61	46	20	22	37	33	31	58	56	14	70	31	70	36	72	71	17	38	40	18	58	19	54	33	1	45	18	6	55	20	31	65	30	75	45	35	71	49	61	14	67	72	64	2	34	49	71	0	21	29	51	74	30	29	38	64	78	54	22	39	52	57	8	13	35	72	14	20	69	15	71	75	71	12	30	61	55	27	49	24	16	74	61	42	34	22	30	30	71	10	51	35	13	22	71	20	34	5	7	0	18	20	50	3	43	65	51	73	8	41	57	33	8	8	14	70	23	27	66	55	67	64	16	16	7	20	39	61	18	51	18	61	32	26	62	12	31	23	58	54	75	39	1	74	65	6	49	68	30	17	55	17	63	23	15	77	66	18	72	23	51	49	13	75	64	33	28	54	4	46	49	37	62	54	11	68	26	5	5	2	38	73	29	59	29	14	15	12	62	66	74	66	21	49	57	26	64	41	58	65	27	54	42	4	67	22	37	32	37	54	73	66	14	33	35	7	28	71	0	44	75	3	13	14	24	18	70	26	1	66	25	29	18	63	3	52	56	23	65	60	64	55	47	2	56	27	11	3	76	48	50	76	9	36	1	42	29	68	4	43	51	28	9	58	42	26	13	53	14	58	61	73	45	73	38	35	51	21	36	7	69	78	6	64	25	35	48	35	17	45	53	71	56	6	60	6	54	54	63	26	4	23	71	58	76	49	44	48	5	78	24	5	10	6	4	34	67	18	8	64	57	60	15	8	38	76	47	51	17	76	4	58	21	20	5	54	10	30	12	0	57	34	2	1	76	58	47	33	42	78	61	27	14	7	5	54	64	63	16	61	57	63	22	72	35	31	1	63	53	72	41	44	58	36	57	41	58	75	24	29	46	7	31	51	0	48	41	18	39	79	77	36	62	46	5	18	13	38	9	53	46	63	19	38	24	2	12	62	6	41	45	22	63	28	14	55	15	5	9	26	12	60	7	72	64	11	49	74	53	74	31	72	19	51	42	45	51	30	77	17	62	52	22	19	75	54	8	27	75	57	5	61	39	14	9	63	21	57	78	10	12	49	8	21	52	15	74	64	61	62	25	5	63	42	23	70	44	76	34	46	7	12	31	46	3	54	22	44	68	48	67	30	49	21	73	9	10	19	31	64	6	0	62	8	54	49	16	69	49	7	25	54	9	48	79	22	11	33	33	38	27	78	3	59	16	63	67	76	31	45	22	54	77	29	52	34	28	78	66	18	74	66	26	39	29	45	2	38	26	6	77	53	5	64	18	24	53	64	35	72	31	32	12	54	60	26	28	61	64	49	76	62	24	6	5	49	61	37	15	19	17	70	42	32	74	9	27	19	61	44	55	34	31	44	63	62	53	2	48	59	14	16	49	37	0	53	0	13	21	22	8	1	57	76	3	11	70	23	5	78	60	54	31	75	38	25	40	79	79	20	25	60	52	60	37	16	56	66	40	65	45	1	39	34	20	40	8	26	60	0	34	3	6	18	70	47	16	28	60	7	71	18	27	41	56	62	17	5	3	74	38	49	46	53	39	14	53	4	3	44	36	43	71	51	24	42	21	74	79	71	40	77	28	11	12	36	77	65	25	50	55	74	3	56	46	46	44	52	38	20	41	76	68	42	2	6	37	18	34	7	74	8	51	19	70	29	51	66	13	16	47	15	29	17	68	64	8	75	75	15	68	1	18	8	47	16	72	25	36	59	75	43	67	62	41	14	49	41	67	38	42	49	8	55	24	2	6	69	56	17	18	13	43	65	74	35	29	43	13	22	67	33	56	42	4	60	23	50	21	73	54	52	24	56	54	68	60	31	76	51	75	49	17	10	46	55	5	32	26	22	58	25	2	58	32	43	58	3	21	45	65	69	16	6	5	13	73	25	1	19	23	69	68	7	21	72	11	20	9	17	58	63	8	38	41	79	36	65	40	12	73	4	42	68	33	53	10	24	39	18	58	61	56	30	12	20	27	2	78	58	46	76	75	16	70	30	65	40	25	69	10	42	44	34	67	0	31	65	58	78	26	18	54	34	4	28	18	71	78	45	35	76	19	7	49	69	39	32	33	55	50	24	56	26	56	4	69	1	56	72	41	50	79	18	71	44	56	55	70	49	14	50	47	12	73	24	45	43	47	74	21	0	75	41	2	72	76	33	17	48	46	0	17	37	62	35	13	20	26	6	19	58	62	70	0	20	71	9	74	38	5	48	75	2	35	77	8	37	3	27	7	27	49	49	21	13	35	75	57	66	18	74	20	40	44	45	21	50	29	58	45	4	55	51	8	54	16	33	49	41	26	24	2	74	41	19	12	60	31	79	42	5	5	19	33	6	66	79	66	24	74	31	66	70	35	0	4	26	19	46	40	30	3	50	4	19	48	34	42	61	45	74	11	35	37	6	13	35	65	54	38	51	59	50	2	8	5	71	29	21	7	25	73	6	33	5	21	37	60	41	38	43	36	4	6	26	10	8	8	40	8	77	24	68	78	42	42	8	77	51	13	5	46	70	11	6	7	4	32	52	77	71	30	15	67	43	9	30	65	51	16	65	66	28	66	28	37	33	71	42	76	78	62	77	0	1	72	54	34	18	51	6	59	18	2	53	79	47	12	47	9	32	44	56	26	54	7	13	52	72	45	79	60	12	27	49	45	38	0	79	69	58	54	57	33	30	69	7	56	9	79	24	32	36	51	72	62	0	67	55	73	13	39	27	45	26	23	39	65	49	78	12	3	15	41	63	21	35	44	54	62	67	1	15	24	43	69	16	57	44	11	63	21	47	13	66	41	
16	5	3	11	1	8	13	1	2	16	14	8	10	12	19	16	15	11	13	18	17	12	17	19	18	13	3	13	10	18	10	16	15	11	18	13	17	4	8	2	6	7	1	6	6	20	6	4	16	14	8	1	1	4	12	4	15	20	7	8	14	19	10	9	4	14	6	16	9	17	20	15	7	10	9	2	3	6	18	14	17	13	4	16	14	18	8	2	12	12	8	20	8	13	19	3	6	14	3	16	19	19	17	1	13	10	10	18	9	11	19	19	15	11	2	3	3	12	14	13	2	9	14	2	20	5	9	11	15	2	14	18	3	16	12	3	2	6	1	19	4	3	7	7	3	4	9	4	7	16	9	8	6	18	12	14	20	11	15	5	2	10	11	14	6	14	1	20	12	9	10	18	10	15	15	7	8	11	17	2	20	4	5	8	18	3	7	20	20	3	6	17	14	7	10	6	17	17	7	2	19	17	4	10	9	5	17	13	3	2	6	6	2	1	1	9	20	14	19	3	20	15	20	16	19	6	3	14	14	4	7	9	17	6	15	11	11	1	3	20	6	6	16	14	6	13	19	5	14	1	13	4	15	17	14	2	13	9	7	10	12	5	13	1	15	14	7	6	19	8	4	17	3	11	7	7	1	8	13	18	8	4	16	2	13	20	12	17	7	9	10	11	9	3	19	2	17	9	13	3	3	19	12	1	18	10	9	20	9	7	18	7	10	11	11	3	6	19	1	14	18	8	17	8	18	15	8	11	12	5	16	12	17	12	9	19	1	11	5	1	15	20	7	16	18	4	6	5	12	12	19	8	18	5	13	14	16	12	3	5	12	14	1	10	19	13	8	5	2	8	13	19	14	17	18	7	15	9	7	15	15	6	5	6	7	15	14	5	3	6	14	12	14	5	14	17	15	3	11	12	16	6	19	15	9	4	6	6	9	20	1	13	14	7	11	17	2	8	16	17	3	7	7	5	15	9	18	12	18	7	1	3	18	18	9	12	8	7	3	15	1	10	4	13	5	2	18	8	11	3	1	5	1	13	6	16	7	7	2	14	12	5	14	1	6	7	8	13	14	7	4	16	8	3	19	14	14	10	10	1	13	14	18	13	17	1	17	12	8	2	19	18	3	7	9	20	14	1	8	16	8	13	2	19	12	4	6	9	11	15	19	3	20	11	9	11	18	17	10	5	2	2	5	7	19	15	17	1	16	16	14	12	11	12	5	14	16	19	3	8	6	1	17	2	11	9	13	5	19	10	3	19	6	7	12	12	4	15	5	18	10	4	4	13	7	4	9	19	18	18	12	8	13	12	1	6	20	15	14	17	18	20	1	6	14	13	4	11	13	5	7	16	10	2	7	15	4	4	17	4	13	18	15	9	17	16	5	6	14	3	8	9	17	4	1	2	15	11	17	15	16	3	14	8	2	8	19	10	14	14	7	3	16	1	9	7	11	17	7	12	18	6	14	18	17	9	10	16	4	12	20	8	7	6	18	2	20	14	4	4	5	7	3	3	5	16	5	19	18	5	11	10	9	3	4	5	6	12	11	16	16	15	17	9	3	19	6	20	3	7	15	7	18	6	6	3	13	16	3	4	6	6	7	5	12	2	8	20	17	19	2	9	1	16	15	11	19	20	15	3	15	14	19	15	5	18	13	16	19	13	1	15	19	8	9	20	20	9	5	17	20	19	10	10	4	17	2	1	12	11	9	19	7	10	12	17	13	19	9	19	18	3	4	18	17	15	19	1	17	17	10	3	16	12	3	5	3	3	14	13	3	2	8	20	5	2	14	15	9	12	14	14	2	2	5	15	10	11	9	3	9	3	9	4	11	16	1	3	11	10	14	14	3	8	14	7	4	2	6	3	8	13	15	4	4	16	4	14	11	4	10	9	2	14	16	7	13	10	16	1	13	3	14	5	1	8	5	5	6	14	3	9	13	5	3	15	10	11	6	11	14	4	14	1	14	2	12	11	9	14	15	5	3	3	9	6	13	14	6	11	12	11	2	8	12	14	15	9	5	8	5	14	2	13	13	6	13	5	7	15	6	6	12	13	11	1	14	1	8	15	15	10	5	6	9	9	10	12	8	15	1	10	5	2	8	8	8	2	2	6	4	10	13	4	12	3	4	2	6	11	9	16	6	6	12	9	1	6	4	12	6	8	13	14	16	6	10	8	3	4	10	2	12	9	4	6	7	3	4	5	11	12	12	3	5	9	15	16	11	11	16	12	3	12	16	10	5	15	3	9	5	6	4	3	9	10	3	9	10	14	12	9	6	14	6	9	3	9	2	16	7	5	10	6	3	5	12	10	14	8	5	1	15	14	16	1	1	11	4	2	9	3	10	1	3	1	14	4	14	3	3	3	6	7	7	5	3	11	2	11	9	2	9	3	1	7	14	12	4	8	11	6	3	11	8	15	3	12	7	3	16	5	10	6	9	4	1	6	12	4	14	10	7	12	16	2	14	11	6	10	13	12	14	8	8	15	16	11	16	3	3	15	16	2	4	12	7	1	15	15	4	16	11	4	16	3	15	1	16	10	14	4	8	6	7	2	8	12	8	13	10	16	5	16	7	10	16	6	10	10	6	15	16	3	14	8	2	15	4	3	16	12	14	6	8	6	9	5	3	1	4	6	5	7	15	3	4	16	6	7	8	2	7	8	1	4	13	5	8	13	11	2	14	8	13	2	6	10	7	8	12	13	14	8	3	3	6	9	3	1	2	10	12	1	5	6	11	3	13	14	2	9	8	3	1	7	14	12	7	6	6	11	10	3	10	10	16	3	7	7	1	4	10	8	15	3	10	2	8	9	11	5	16	3	16	10	1	15	15	11	13	14	15	4	1	15	16	1	6	7	14	5	4	12	7	1	6	6	8	12	16	4	6	1	3	16	2	13	1	13	10	10	1	11	7	9	12	7	5	10	14	7	3	16	13	2	6	16	3	7	1	13	13	8	4	9	4	10	1	7	12	7	15	4	7	10	13	4	2	13	2	14	8	7	12	7	1	6	3	6	1	8	2	8	2	1	1	3	5	16	9	3	3	5	13	16	15	1	13	15	7	6	5	8	5	6	13	12	9	9	2	6	7	7	11	8	14	7	12	16	4	4	6	15	5	14	12	11	3	12	14	11	4	3	13	2	9	11	4	16	1	9	7	9	13	5	3	15	11	10	12	3	14	4	8	7	8	16	8	15	3	10	4	10	3	12	14	10	3	8	9	1	6	3	4	5	1	14	4	3	5	15	10	5	6	3	5	10	5	5	3	12	11	2	15	4	4	16	1	6	7	3	8	9	1	12	1	1	14	3	15	14	14	16	3	2	14	3	7	15	10	11	9	16	4	5	6	5	16	16	11	15	15	9	4	10	11	11	14	1	1	5	9	5	10	2	10	7	5	6	12	11	6	2	6	12	14	9	10	15	10	5	3	3	15	7	6	3	14	6	16	7	13	11	5	6	3	11	14	12	1	3	9	7	13	6	14	5	5	11	3	13	6	14	15	8	15	3	3	13	13	14	16	13	1	9	1	12	8	1	6	5	15	1	11	1	11	6	8	15	8	12	14	5	8	8	10	7	7	13	
920	900	190	260	640	820	660	410	230	690	940	560	800	580	650	140	160	160	540	420	140	980	320	400	470	390	910	130	510	450	950	730	680	960	450	140	320	670	1000	940	190	770	640	460	310	460	160	830	570	650	290	960	300	1000	180	680	970	950	460	250	270	690	310	920	620	190	430	620	600	110	890	270	880	930	750	120	910	120	840	530	640	500	190	520	250	860	780	1000	680	890	750	490	470	800	130	310	440	810	810	340	930	630	1000	800	190	820	850	120	480	870	770	240	390	950	290	860	610	700	240	380	100	410	320	350	210	820	410	100	290	680	170	750	690	360	270	150	610	740	220	800	400	570	530	850	810	410	910	320	510	210	650	520	180	870	320	260	980	930	220	910	750	740	540	800	640	130	660	890	290	680	830	620	640	810	290	610	460	660	930	550	510	760	210	390	400	810	750	450	900	790	890	100	420	750	390	700	700	140	250	340	100	160	210	820	200	760	110	530	210	840	690	720	740	670	680	920	810	380	910	400	460	530	310	820	530	750	700	300	160	730	860	600	960	120	600	390	270	150	880	280	870	320	730	420	410	790	430	470	1000	770	340	480	130	800	230	260	780	380	390	100	910	550	490	620	260	850	840	100	110	980	320	710	740	620	180	100	780	600	210	600	440	580	600	550	840	480	510	600	760	950	690	810	890	980	880	150	600	320	420	520	930	800	420	950	870	470	620	500	960	940	110	1000	770	400	810	810	460	570	450	700	960	460	580	830	1000	940	240	340	200	210	590	280	550	890	380	610	290	320	150	780	160	290	890	640	570	890	260	680	190	300	510	620	740	380	690	180	290	300	820	980	370	100	290	770	440	820	710	480	490	810	130	570	600	160	420	130	470	820	360	550	440	170	470	980	660	210	650	130	300	290	420	790	920	590	950	780	240	360	290	190	350	710	250	490	270	130	210	910	940	670	740	750	170	260	350	860	470	150	450	640	100	750	130	640	640	500	670	900	630	390	610	210	100	660	910	230	540	440	450	510	720	620	390	990	640	380	110	940	200	480	240	370	840	860	510	190	130	520	940	360	750	140	750	850	490	390	450	510	740	170	500	230	600	100	710	460	810	580	200	400	900	510	940	300	940	220	660	950	100	250	840	970	610	930	300	930	1000	810	1000	190	340	100	360	230	200	130	650	360	900	190	580	180	810	320	930	570	540	740	830	310	700	690	460	120	490	170	250	410	880	1000	840	220	460	390	300	710	510	120	410	630	140	950	580	420	980	900	220	460	690	740	980	960	260	190	810	660	470	690	790	480	100	230	150	810	160	120	340	730	670	900	980	580	410	370	240	230	640	670	880	910	470	310	370	440	640	550	250	970	590	810	120	190	610	390	770	240	510	380	590	550	820	970	650	310	940	350	550	820	760	460	140	240	990	440	1000	630	170	200	620	100	180	710	160	730	830	800	990	380	730	410	220	220	190	120	530	100	880	630	480	370	490	120	180	410	840	650	210	370	200	830	480	120	570	190	550	170	870	490	110	770	160	530	380	690	860	340	790	450	1000	120	550	900	870	120	900	220	990	700	610	330	680	600	710	500	130	370	780	290	380	880	850	990	470	260	130	580	250	520	290	710	480	900	490	480	830	900	170	730	920	960	210	140	210	1000	820	580	770	660	720	100	170	900	950	850	320	1000	910	220	230	110	460	540	800	590	810	470	960	980	500	830	220	210	600	250	190	710	440	990	350	640	820	140	900	210	920	990	350	450	420	890	600	750	940	560	790	770	230	600	830	190	600	910	460	700	480	480	360	260	320	550	170	1000	850	230	330	160	560	150	240	100	110	500	960	160	510	430	100	460	530	330	720	300	980	230	300	480	380	380	390	840	620	980	330	370	830	850	590	380	600	470	500	980	770	270	240	440	720	250	410	920	570	200	890	660	890	980	870	570	190	260	950	320	840	320	730	270	880	1000	760	570	770	350	910	900	930	290	600	290	550	300	1000	570	270	620	380	810	540	230	290	190	620	150	520	270	130	150	790	950	490	870	950	450	690	480	790	760	580	570	820	430	100	530	280	190	940	340	880	210	100	560	740	750	760	480	300	940	810	230	470	600	410	170	400	740	550	600	360	710	610	320	750	610	890	160	420	160	230	880	660	110	230	930	200	310	1000	950	380	150	400	940	260	190	120	120	250	690	350	490	600	630	400	840	300	490	440	910	740	400	640	410	450	140	700	880	160	770	880	820	110	270	840	950	930	430	630	270	350	300	780	130	330	410	610	340	140	620	960	370	640	240	350	800	100	190	750	230	340	920	100	750	680	540	680	370	670	160	190	400	900	710	840	630	830	680	980	890	590	840	980	640	490	230	930	190	990	670	500	920	210	390	200	580	420	970	860	200	750	190	620	620	940	410	770	280	870	460	230	440	540	390	280	580	230	360	820	720	170	940	850	430	230	130	270	550	490	140	730	590	560	720	770	150	770	640	320	730	950	830	640	450	490	660	660	510	980	440	150	540	910	480	520	780	560	920	590	930	500	1000	400	460	330	500	490	390	120	520	700	720	670	810	840	910	740	370	1000	600	170	460	200	910	360	610	280	380	780	680	300	390	620	710	230	330	940	310	610	350	280	620	470	130	760	380	790	130	300	710	510	280	660	520	340	720	980	110	800	810	970	480	970	740	780	890	970	750	300	480	680	190	240	110	840	540	730	400	310	200	900	350	480	270	840	410	190	210	530	330	400	720	330	980	650	220	800	780	370	870	850	540	230	360	640	180	370	960	940	580	150	230	100	370	280	270	620	790	180	840	460	810	460	150	560	800	900	100	370	980	570	570	440	840	240	890	310	150	710	690	380	380	790	460	340	620	450	640	960	670	710	440	630	650	800	460	460	960	360	380	490	430	670	230	210	200	300	540	130	630	590	850	970	230	760	160	540	150	720	570	310	230	790	630	230	820	330	930	540	750	930	130	850	350	790	730	740	110	460	810	220	800	870	940	100	140	700	690	240	690	480	410	620	880	930	460	640	470	250	230	720	640	560	910	610	730	790	610	150	320	210	830	480	770	530	420	820	570	290	180	500	440	180	340	430	100	350	180	720	570	620	1000	480	550	280	110	680	640	900	1000	140	710	240	550	890	580	480	700	220	100	560	160	120	1000	660	230	460	110	150	480	470	670	880	600	800	490	440	150	860	160	1000	530	280	860	720	930	300	790	730	230	570	790	660	430	140	150	890	860	440	340	440	840	530	140	560	190	290	600	790	380	880	280	780	340	350	510	410	610	250	710	780	690	770	240	300	930	790	510	760	300	480	910	440	480	260	800	840	730	360	120	770	200	240	880	880	850	400	580	210	180	280	680	950	330	400	200	230	570	360	670	910	630	640	110	950	920	520	410	380	730	880	920	710	450	510	640	750	680	530	140	130	370	790	700	310	870	510	990	660	170	990	410	610	930	440	850	930	400	830	660	560	550	450	340	310	120	780	310	150	230	310	330	340	850	100	840	780	400	770	830	650	260	110	350	510	990	880	120	770	940	180	690	420	230	890	200	520	180	860	220	910	620	260	690	180	810	800	560	1000	450	500	350	320	240	290	590	360	890	700	530	420	660	590	450	310	480	940	270	550	690	950	230	810	350	
1
