2212
80
4
70
0	0	0	0	0	0	0	0	0	0	0	0	0	0	0	0	0	0	0	0	0	0	0	0	0	0	0	192	0	0	0	0	0	0	0	0	0	0	0	0	0	0	0	0	0	0	0	0	0	192	0	0	0	0	0	0	0	0	0	0	192	0	0	0	192	0	0	0	0	0	0	0	0	0	0	0	0	0	0	0	
0	0	0	0	0	0	0	0	192	0	0	0	0	0	0	0	192	0	0	192	0	0	0	0	0	0	0	0	0	0	0	0	0	0	0	0	0	0	0	0	0	0	0	0	0	0	0	0	0	0	0	0	0	0	0	0	0	0	0	0	0	0	0	192	0	0	0	0	0	0	0	0	0	0	0	0	0	0	0	0	
0	0	0	0	0	0	0	0	0	0	0	0	0	0	0	0	0	0	0	0	0	0	0	192	0	0	0	0	0	0	0	0	0	0	0	0	0	0	0	0	0	0	0	0	0	0	0	0	0	0	0	0	192	0	0	0	0	0	0	0	0	0	0	0	0	0	0	0	0	0	192	0	0	0	0	0	192	0	0	0	
0	0	0	0	0	0	0	0	0	0	0	0	0	0	0	0	0	0	0	0	192	0	0	0	0	0	0	0	0	0	0	0	0	0	192	0	0	0	0	0	0	0	0	0	0	0	0	0	0	0	0	0	0	0	0	0	0	0	0	192	0	0	0	0	0	0	0	0	0	0	0	0	0	0	0	0	0	192	0	0	
0	0	0	0	0	0	192	0	0	0	0	0	0	0	0	0	0	192	0	0	0	0	0	0	0	0	0	0	0	0	0	0	0	192	0	0	0	0	192	0	0	0	0	0	0	0	0	0	0	0	0	0	0	0	0	0	0	0	0	0	0	0	0	0	0	0	0	0	0	0	0	0	0	0	0	0	0	0	0	0	
0	0	0	0	0	0	0	0	0	0	0	0	0	0	0	0	0	0	0	0	0	0	0	0	0	0	192	0	0	0	0	0	0	0	0	0	192	0	0	192	0	0	0	0	0	0	0	0	0	0	0	0	0	192	0	0	0	0	0	0	0	0	0	0	0	0	0	0	0	0	0	0	0	0	0	0	0	0	0	0	
0	0	0	0	192	0	0	0	0	0	0	0	0	0	0	0	0	0	0	0	0	0	0	0	0	0	0	0	0	0	0	0	0	0	0	0	0	0	192	0	192	0	0	192	0	0	0	0	0	0	0	0	0	0	0	0	0	0	0	0	0	0	0	0	0	0	0	0	0	0	0	0	0	0	0	0	0	0	0	0	
0	0	0	0	0	0	0	0	0	192	0	0	0	0	0	0	0	0	0	0	0	0	0	0	0	0	0	0	0	0	0	0	0	0	0	0	0	192	0	0	0	0	0	0	0	0	0	0	0	0	0	0	0	0	0	0	0	0	192	0	0	0	0	0	0	0	0	0	0	0	0	0	0	0	0	0	0	0	0	192	
0	192	0	0	0	0	0	0	0	0	0	0	0	0	0	0	192	0	0	192	0	0	0	0	0	0	0	0	0	0	192	0	0	0	0	0	0	0	0	0	0	0	0	0	0	0	0	0	0	0	0	0	0	0	0	0	0	0	0	0	0	0	0	0	0	0	0	0	0	0	0	0	0	0	0	0	0	0	0	0	
0	0	0	0	0	0	0	192	0	0	0	0	0	192	0	0	0	0	0	0	0	0	0	0	0	0	0	0	0	0	0	0	0	0	0	0	0	192	0	0	0	0	0	0	0	0	0	0	0	0	0	0	0	0	0	0	0	0	0	0	0	0	0	0	0	0	0	0	0	0	0	0	0	0	0	0	0	0	0	192	
0	0	0	0	0	0	0	0	0	0	0	0	0	0	0	0	0	0	0	0	0	0	0	0	0	0	0	0	0	0	192	0	0	0	0	0	0	0	0	0	0	0	0	0	0	0	0	0	0	0	0	0	0	0	192	0	0	0	0	0	0	0	0	0	0	0	192	0	0	0	0	0	0	0	0	192	0	0	0	0	
0	0	0	0	0	0	0	0	0	0	0	0	0	0	0	0	0	0	192	0	0	0	0	0	0	0	0	0	0	0	0	0	0	0	0	0	0	0	0	0	0	0	0	0	0	0	0	0	0	0	0	192	0	0	0	0	0	0	0	0	0	0	192	0	0	0	0	0	0	0	0	0	0	0	192	0	0	0	0	0	
0	0	0	0	0	0	0	0	0	0	0	0	0	0	0	0	0	0	0	0	0	192	192	0	0	0	0	0	0	0	0	0	0	0	0	0	0	0	0	0	0	0	0	0	0	0	0	0	0	0	0	0	192	0	0	0	0	0	0	0	0	0	0	0	0	0	0	0	0	0	0	0	192	0	0	0	0	0	0	0	
0	0	0	0	0	0	0	0	0	192	0	0	0	0	0	0	0	0	0	0	0	0	0	0	0	0	0	0	0	0	0	0	0	0	0	0	0	192	0	0	0	0	0	0	0	0	0	0	0	0	0	0	0	0	0	0	0	0	0	0	0	0	0	0	0	0	192	0	0	0	0	0	0	0	0	0	0	0	0	192	
0	0	0	0	0	0	0	0	0	0	0	0	0	0	0	0	0	0	0	0	0	0	0	0	0	0	192	0	0	0	0	0	0	0	0	0	0	0	0	0	0	0	0	0	0	0	0	192	0	0	192	0	0	0	0	0	0	0	0	0	0	0	0	0	192	0	0	0	0	0	0	0	0	0	0	0	0	0	0	0	
0	0	0	0	0	0	0	0	0	0	0	0	0	0	0	0	0	0	0	0	0	192	192	0	0	0	0	0	0	0	0	0	0	0	0	0	0	0	0	0	0	0	0	0	0	0	0	0	0	0	0	0	0	0	0	0	0	0	0	0	0	0	0	0	0	0	0	0	0	0	0	0	192	0	0	0	192	0	0	0	
0	192	0	0	0	0	0	0	192	0	0	0	0	0	0	0	0	0	0	0	0	0	0	0	0	0	0	0	0	0	192	0	0	0	0	0	0	0	0	0	0	0	0	0	0	0	0	0	0	0	0	0	0	0	192	0	0	0	0	0	0	0	0	0	0	0	0	0	0	0	0	0	0	0	0	0	0	0	0	0	
0	0	0	0	192	0	0	0	0	0	0	0	0	0	0	0	0	0	0	0	0	0	0	0	0	0	0	0	0	0	0	0	0	192	0	0	0	0	192	0	0	0	0	0	0	0	0	0	0	0	0	0	0	0	0	0	0	0	0	0	0	0	0	0	0	0	0	0	0	0	0	192	0	0	0	0	0	0	0	0	
0	0	0	0	0	0	0	0	0	0	0	192	0	0	0	0	0	0	0	0	0	0	0	0	0	0	0	0	0	0	0	0	0	0	0	192	0	0	0	0	0	0	0	0	0	0	0	0	0	0	0	0	0	0	0	0	0	0	0	0	192	0	0	0	0	0	0	0	0	0	0	0	0	0	192	0	0	0	0	0	
0	192	0	0	0	0	0	0	192	0	0	0	0	0	0	0	0	0	0	0	0	0	0	0	0	0	0	0	0	0	0	0	0	0	0	0	0	0	0	0	0	0	0	0	0	0	0	192	0	0	192	0	0	0	0	0	0	0	0	0	0	0	0	0	0	0	0	0	0	0	0	0	0	0	0	0	0	0	0	0	
0	0	0	192	0	0	0	0	0	0	0	0	0	0	0	0	0	0	0	0	0	0	0	0	0	0	0	0	0	0	0	192	0	0	192	0	0	0	0	0	0	0	0	0	0	0	0	0	0	0	0	0	0	0	0	0	0	0	0	192	0	0	0	0	0	0	0	0	0	0	0	0	0	0	0	0	0	0	0	0	
0	0	0	0	0	0	0	0	0	0	0	0	192	0	0	192	0	0	0	0	0	0	192	0	0	0	0	0	0	0	0	0	0	0	0	0	0	0	0	0	0	0	0	0	0	0	0	0	0	0	0	0	0	0	0	0	0	0	0	0	0	0	0	0	0	0	0	0	0	0	0	0	192	0	0	0	0	0	0	0	
0	0	0	0	0	0	0	0	0	0	0	0	192	0	0	192	0	0	0	0	0	192	0	0	0	0	0	0	0	0	0	0	0	0	0	0	0	0	0	0	0	0	0	0	0	0	0	0	0	0	0	0	0	0	0	0	0	0	0	0	0	0	0	0	0	0	0	0	0	0	0	0	192	0	0	0	0	0	0	0	
0	0	192	0	0	0	0	0	0	0	0	0	0	0	0	0	0	0	0	0	0	0	0	0	0	0	0	0	0	0	0	0	0	0	0	0	0	0	0	0	0	0	0	0	0	0	0	0	0	0	0	0	0	0	0	0	0	0	0	0	0	0	0	0	0	0	0	192	0	0	192	0	0	0	0	0	192	0	0	0	
0	0	0	0	0	0	0	0	0	0	0	0	0	0	0	0	0	0	0	0	0	0	0	0	0	0	192	192	0	0	0	0	0	0	0	192	192	0	0	0	0	0	0	0	0	0	0	0	0	0	0	0	0	0	0	0	0	0	0	0	0	0	0	0	0	0	0	0	0	0	0	0	0	0	0	0	0	0	0	0	
0	0	0	0	0	0	0	0	0	0	0	0	0	0	0	0	0	0	0	0	0	0	0	0	0	0	0	0	0	0	0	0	192	0	0	0	0	0	0	0	0	0	0	0	0	0	0	0	0	0	0	0	0	0	0	0	0	0	0	0	0	0	0	0	0	0	0	192	0	192	192	0	0	0	0	0	0	0	0	0	
0	0	0	0	0	192	0	0	0	0	0	0	0	0	192	0	0	0	0	0	0	0	0	0	192	0	0	0	0	0	0	0	0	0	0	0	0	0	0	0	0	0	0	0	0	0	0	0	0	0	0	0	0	0	0	0	0	0	0	0	0	0	0	0	192	0	0	0	0	0	0	0	0	0	0	0	0	0	0	0	
192	0	0	0	0	0	0	0	0	0	0	0	0	0	0	0	0	0	0	0	0	0	0	0	192	0	0	0	0	0	0	0	0	0	0	0	0	0	0	0	0	0	0	0	0	0	0	0	0	192	0	0	0	0	0	0	0	0	0	0	0	0	0	0	192	0	0	0	0	0	0	0	0	0	0	0	0	0	0	0	
0	0	0	0	0	0	0	0	0	0	0	0	0	0	0	0	0	0	0	0	0	0	0	0	0	0	0	0	0	0	192	0	0	0	0	0	0	0	0	0	0	0	0	0	0	0	0	0	0	0	0	0	0	0	0	192	0	0	0	0	0	0	0	192	0	0	0	0	0	0	0	192	0	0	0	0	0	0	0	0	
0	0	0	0	0	0	0	0	0	0	0	0	0	0	0	0	0	0	0	0	0	0	0	0	0	0	0	0	0	0	0	0	0	0	0	0	0	0	0	192	0	0	0	0	0	0	0	192	0	0	192	0	0	192	0	0	0	0	0	0	0	0	0	0	0	0	0	0	0	0	0	0	0	0	0	0	0	0	0	0	
0	0	0	0	0	0	0	0	192	0	192	0	0	0	0	0	192	0	0	0	0	0	0	0	0	0	0	0	192	0	0	0	0	0	0	0	0	0	0	0	0	0	0	0	0	0	0	0	0	0	0	0	0	0	0	0	0	0	0	0	0	0	0	0	0	0	0	0	0	0	0	0	0	0	0	0	0	0	0	0	
0	0	0	0	0	0	0	0	0	0	0	0	0	0	0	0	0	0	0	0	192	0	0	0	0	0	0	0	0	0	0	0	0	0	192	0	0	0	0	0	0	0	0	0	0	0	0	0	0	0	0	0	0	0	0	0	0	0	0	192	0	0	0	0	0	0	0	0	0	0	0	0	0	0	0	0	0	192	0	0	
0	0	0	0	0	0	0	0	0	0	0	0	0	0	0	0	0	0	0	0	0	0	0	0	0	192	0	0	0	0	0	0	0	0	0	0	0	0	0	0	0	0	0	0	0	0	0	0	0	0	0	0	0	0	0	0	0	0	0	0	0	0	0	0	0	0	0	192	0	192	192	0	0	0	0	0	0	0	0	0	
0	0	0	0	192	0	0	0	0	0	0	0	0	0	0	0	0	192	0	0	0	0	0	0	0	0	0	0	0	0	0	0	0	0	0	0	0	0	192	0	0	0	0	0	0	0	0	0	0	0	0	0	0	0	0	0	0	0	0	0	0	0	0	0	0	0	0	0	0	0	0	192	0	0	0	0	0	0	0	0	
0	0	0	192	0	0	0	0	0	0	0	0	0	0	0	0	0	0	0	0	192	0	0	0	0	0	0	0	0	0	0	192	0	0	0	0	0	0	0	0	0	0	0	0	0	0	0	0	0	0	0	0	0	0	0	0	0	0	0	0	0	0	0	0	0	0	0	0	0	0	0	0	0	0	0	0	0	192	0	0	
0	0	0	0	0	0	0	0	0	0	0	0	0	0	0	0	0	0	192	0	0	0	0	0	192	0	0	0	0	0	0	0	0	0	0	0	192	0	0	0	0	0	0	0	0	0	0	0	0	0	0	0	0	0	0	0	0	0	0	0	192	0	0	0	0	0	0	0	0	0	0	0	0	0	0	0	0	0	0	0	
0	0	0	0	0	192	0	0	0	0	0	0	0	0	0	0	0	0	0	0	0	0	0	0	192	0	0	0	0	0	0	0	0	0	0	192	0	0	0	0	0	0	0	0	0	0	0	0	0	0	0	0	0	192	0	0	0	0	0	0	0	0	0	0	0	0	0	0	0	0	0	0	0	0	0	0	0	0	0	0	
0	0	0	0	0	0	0	192	0	192	0	0	0	192	0	0	0	0	0	0	0	0	0	0	0	0	0	0	0	0	0	0	0	0	0	0	0	0	0	0	0	0	0	0	0	0	0	0	0	0	0	0	0	0	0	0	0	0	0	0	0	0	0	0	0	0	0	0	0	0	0	0	0	0	0	0	0	0	0	192	
0	0	0	0	192	0	192	0	0	0	0	0	0	0	0	0	0	192	0	0	0	0	0	0	0	0	0	0	0	0	0	0	0	192	0	0	0	0	0	0	0	0	0	0	0	0	0	0	0	0	0	0	0	0	0	0	0	0	0	0	0	0	0	0	0	0	0	0	0	0	0	0	0	0	0	0	0	0	0	0	
0	0	0	0	0	192	0	0	0	0	0	0	0	0	0	0	0	0	0	0	0	0	0	0	0	0	0	0	0	192	0	0	0	0	0	0	0	0	0	0	0	0	0	0	0	0	0	192	0	0	0	0	0	192	0	0	0	0	0	0	0	0	0	0	0	0	0	0	0	0	0	0	0	0	0	0	0	0	0	0	
0	0	0	0	0	0	192	0	0	0	0	0	0	0	0	0	0	0	0	0	0	0	0	0	0	0	0	0	0	0	0	0	0	0	0	0	0	0	0	0	0	0	0	192	0	0	0	0	192	0	0	0	0	0	0	192	0	0	0	0	0	0	0	0	0	0	0	0	0	0	0	0	0	0	0	0	0	0	0	0	
0	0	0	0	0	0	0	0	0	0	0	0	0	0	0	0	0	0	0	0	0	0	0	0	0	0	0	0	0	0	0	0	0	0	0	0	0	0	0	0	0	0	192	0	192	0	0	0	192	0	0	0	0	0	0	0	0	0	0	0	0	0	0	0	0	192	0	0	0	0	0	0	0	0	0	0	0	0	0	0	
0	0	0	0	0	0	0	0	0	0	0	0	0	0	0	0	0	0	0	0	0	0	0	0	0	0	0	0	0	0	0	0	0	0	0	0	0	0	0	0	0	192	0	0	192	0	0	0	192	0	0	0	0	0	0	0	0	0	0	0	0	0	0	0	0	0	0	0	0	0	0	0	0	0	0	192	0	0	0	0	
0	0	0	0	0	0	192	0	0	0	0	0	0	0	0	0	0	0	0	0	0	0	0	0	0	0	0	0	0	0	0	0	0	0	0	0	0	0	0	0	192	0	0	0	0	192	0	0	192	0	0	0	0	0	0	0	0	0	0	0	0	0	0	0	0	0	0	0	0	0	0	0	0	0	0	0	0	0	0	0	
0	0	0	0	0	0	0	0	0	0	0	0	0	0	0	0	0	0	0	0	0	0	0	0	0	0	0	0	0	0	0	0	0	0	0	0	0	0	0	0	0	192	192	0	0	0	0	0	0	0	0	0	0	0	0	0	0	0	0	0	0	192	0	0	0	192	0	0	0	0	0	0	0	0	0	0	0	0	0	0	
0	0	0	0	0	0	0	0	0	0	0	0	0	0	0	0	0	0	0	0	0	0	0	0	0	0	0	0	0	0	0	0	0	0	0	0	0	0	0	0	0	0	0	192	0	0	0	0	0	0	0	0	0	0	0	0	0	0	0	0	0	192	0	0	0	192	0	0	0	0	0	0	0	0	0	0	192	0	0	0	
0	0	0	0	0	0	0	0	0	0	0	0	0	0	0	0	0	0	0	0	0	0	0	0	0	0	0	0	0	0	0	0	0	0	0	0	0	0	0	0	0	0	0	0	0	0	0	0	0	0	0	0	0	0	0	0	0	0	0	192	0	0	0	0	0	0	0	0	0	192	0	0	0	192	0	0	0	192	0	0	
0	0	0	0	0	0	0	0	0	0	0	0	0	0	192	0	0	0	0	192	0	0	0	0	0	0	0	0	0	192	0	0	0	0	0	0	0	0	0	192	0	0	0	0	0	0	0	0	0	0	0	0	0	0	0	0	0	0	0	0	0	0	0	0	0	0	0	0	0	0	0	0	0	0	0	0	0	0	0	0	
0	0	0	0	0	0	0	0	0	0	0	0	0	0	0	0	0	0	0	0	0	0	0	0	0	0	0	0	0	0	0	0	0	0	0	0	0	0	0	0	192	192	192	192	0	0	0	0	0	0	0	0	0	0	0	0	0	0	0	0	0	0	0	0	0	0	0	0	0	0	0	0	0	0	0	0	0	0	0	0	
192	0	0	0	0	0	0	0	0	0	0	0	0	0	0	0	0	0	0	0	0	0	0	0	0	0	0	192	0	0	0	0	0	0	0	0	0	0	0	0	0	0	0	0	0	0	0	0	0	0	0	0	0	0	0	0	0	0	192	0	192	0	0	0	0	0	0	0	0	0	0	0	0	0	0	0	0	0	0	0	
0	0	0	0	0	0	0	0	0	0	0	0	0	0	192	0	0	0	0	192	0	0	0	0	0	0	0	0	0	192	0	0	0	0	0	0	0	0	0	0	0	0	0	0	0	0	0	0	0	0	0	0	0	0	192	0	0	0	0	0	0	0	0	0	0	0	0	0	0	0	0	0	0	0	0	0	0	0	0	0	
0	0	0	0	0	0	0	0	0	0	0	192	0	0	0	0	0	0	0	0	0	0	0	0	0	0	0	0	0	0	0	0	0	0	0	0	0	0	0	0	0	0	0	0	0	0	0	0	0	0	0	0	0	0	0	0	0	0	0	0	0	0	0	0	0	0	0	0	192	0	0	0	0	0	192	0	0	0	192	0	
0	0	192	0	0	0	0	0	0	0	0	0	192	0	0	0	0	0	0	0	0	0	0	0	0	0	0	0	0	0	0	0	0	0	0	0	0	0	0	0	0	0	0	0	0	0	0	0	0	0	0	0	0	0	0	0	0	0	0	0	0	192	0	0	0	0	0	192	0	0	0	0	0	0	0	0	0	0	0	0	
0	0	0	0	0	192	0	0	0	0	0	0	0	0	0	0	0	0	0	0	0	0	0	0	0	0	0	0	0	192	0	0	0	0	0	0	192	0	0	192	0	0	0	0	0	0	0	0	0	0	0	0	0	0	0	0	0	0	0	0	0	0	0	0	0	0	0	0	0	0	0	0	0	0	0	0	0	0	0	0	
0	0	0	0	0	0	0	0	0	0	192	0	0	0	0	0	192	0	0	0	0	0	0	0	0	0	0	0	0	0	0	0	0	0	0	0	0	0	0	0	0	0	0	0	0	0	0	0	0	0	192	0	0	0	0	0	0	0	0	0	0	0	0	0	0	0	192	0	0	0	0	0	0	0	0	0	0	0	0	0	
0	0	0	0	0	0	0	0	0	0	0	0	0	0	0	0	0	0	0	0	0	0	0	0	0	0	0	0	192	0	0	0	0	0	0	0	0	0	0	0	192	0	0	0	0	0	0	0	0	0	0	0	0	0	0	0	0	0	0	0	0	0	0	192	0	0	0	0	0	0	0	192	0	0	0	0	0	0	0	0	
0	0	0	0	0	0	0	0	0	0	0	0	0	0	0	0	0	0	0	0	0	0	0	0	0	0	0	0	0	0	0	0	0	0	0	0	0	0	0	0	0	0	0	0	0	0	0	0	0	0	0	0	0	0	0	0	0	192	0	0	0	0	0	0	0	0	0	0	192	0	0	0	0	0	192	0	0	0	192	0	
0	0	0	0	0	0	0	0	0	0	0	0	0	0	0	0	0	0	0	0	0	0	0	0	0	0	0	0	0	0	0	0	0	0	0	0	0	0	0	0	0	0	0	0	0	0	0	0	0	0	0	0	0	0	0	0	192	0	0	0	0	0	0	0	0	0	0	0	192	0	0	0	0	192	0	0	0	0	192	0	
0	0	0	0	0	0	0	192	0	0	0	0	0	0	0	0	0	0	0	0	0	0	0	0	0	0	0	0	0	0	0	0	0	0	0	0	0	0	0	0	0	0	0	0	0	0	0	0	0	192	0	0	0	0	0	0	0	0	0	0	0	0	192	0	0	0	192	0	0	0	0	0	0	0	0	0	0	0	0	0	
0	0	0	192	0	0	0	0	0	0	0	0	0	0	0	0	0	0	0	0	192	0	0	0	0	0	0	0	0	0	0	192	0	0	0	0	0	0	0	0	0	0	0	0	0	0	192	0	0	0	0	0	0	0	0	0	0	0	0	0	0	0	0	0	0	0	0	0	0	0	0	0	0	0	0	0	0	0	0	0	
192	0	0	0	0	0	0	0	0	0	0	0	0	0	0	0	0	0	192	0	0	0	0	0	0	0	0	0	0	0	0	0	0	0	0	192	0	0	0	0	0	0	0	0	0	0	0	0	0	192	0	0	0	0	0	0	0	0	0	0	0	0	0	0	0	0	0	0	0	0	0	0	0	0	0	0	0	0	0	0	
0	0	0	0	0	0	0	0	0	0	0	0	0	0	0	0	0	0	0	0	0	0	0	0	0	0	0	0	0	0	0	0	0	0	0	0	0	0	0	0	0	0	0	0	192	192	0	0	0	0	0	0	192	0	0	0	0	0	0	0	0	0	0	0	0	192	0	0	0	0	0	0	0	0	0	0	0	0	0	0	
0	0	0	0	0	0	0	0	0	0	0	192	0	0	0	0	0	0	0	0	0	0	0	0	0	0	0	0	0	0	0	0	0	0	0	0	0	0	0	0	0	0	0	0	0	0	0	0	0	0	0	0	0	0	0	0	0	0	192	0	0	0	0	0	0	0	0	0	0	192	0	0	0	0	0	0	0	0	192	0	
0	192	0	0	0	0	0	0	0	0	0	0	0	0	0	0	0	0	0	0	0	0	0	0	0	0	0	0	192	0	0	0	0	0	0	0	0	0	0	0	0	0	0	0	0	0	0	0	0	0	0	0	0	0	0	192	0	0	0	0	0	0	0	0	0	0	0	0	0	0	0	0	0	0	0	192	0	0	0	0	
192	0	0	0	0	0	0	0	0	0	0	0	0	0	192	0	0	0	0	0	0	0	0	0	0	0	192	192	0	0	0	0	0	0	0	0	0	0	0	0	0	0	0	0	0	0	0	0	0	0	0	0	0	0	0	0	0	0	0	0	0	0	0	0	0	0	0	0	0	0	0	0	0	0	0	0	0	0	0	0	
0	0	0	0	0	0	0	0	0	0	0	0	0	0	0	0	0	0	0	0	0	0	0	0	0	0	0	0	0	0	0	0	0	0	0	0	0	0	0	0	0	192	0	0	192	192	0	0	0	0	0	0	0	0	0	0	0	0	0	0	0	192	0	0	0	0	0	0	0	0	0	0	0	0	0	0	0	0	0	0	
0	0	0	0	0	0	0	0	0	0	192	0	0	192	0	0	0	0	0	0	0	0	0	0	0	0	0	0	0	0	0	0	0	0	0	0	0	0	0	0	0	0	0	0	0	0	0	0	0	0	0	0	0	0	192	0	0	0	192	0	0	0	0	0	0	0	0	0	0	0	0	0	0	0	0	0	0	0	0	0	
0	0	0	0	0	0	0	0	0	0	0	0	0	0	0	0	0	0	0	0	0	0	0	192	0	192	0	0	0	0	0	0	192	0	0	0	0	0	0	0	0	0	0	0	0	0	0	0	0	0	0	0	192	0	0	0	0	0	0	0	0	0	0	0	0	0	0	0	0	0	0	0	0	0	0	0	0	0	0	0	
0	0	0	0	0	0	0	0	0	0	0	0	0	0	0	0	0	0	0	0	0	0	0	0	0	0	0	0	0	0	0	0	0	0	0	0	0	0	0	0	0	0	0	0	0	0	0	0	0	0	0	192	0	0	0	0	192	192	0	0	0	0	0	0	0	0	0	0	0	0	0	0	0	192	0	0	0	0	0	0	
0	0	0	0	0	0	0	0	0	0	0	0	0	0	0	0	0	0	0	0	0	0	0	0	0	192	0	0	0	0	0	0	192	0	0	0	0	0	0	0	0	0	0	0	0	0	192	0	0	0	0	0	0	0	0	0	0	0	0	0	0	0	192	0	0	0	0	0	0	0	0	0	0	0	0	0	0	0	0	0	
0	0	192	0	0	0	0	0	0	0	0	0	0	0	0	0	0	0	0	0	0	0	0	192	0	192	0	0	0	0	0	0	192	0	0	0	0	0	0	0	0	0	0	0	0	0	0	0	0	0	0	0	0	0	0	0	0	0	0	0	0	0	0	0	0	0	0	0	0	0	0	0	0	0	0	0	0	0	0	0	
0	0	0	0	0	0	0	0	0	0	0	0	0	0	0	0	0	192	0	0	0	0	0	0	0	0	0	0	192	0	0	0	0	192	0	0	0	0	0	0	0	0	0	0	0	0	0	0	0	0	0	0	0	0	0	192	0	0	0	0	0	0	0	0	0	0	0	0	0	0	0	0	0	0	0	0	0	0	0	0	
0	0	0	0	0	0	0	0	0	0	0	0	192	0	0	192	0	0	0	0	0	192	192	0	0	0	0	0	0	0	0	0	0	0	0	0	0	0	0	0	0	0	0	0	0	0	0	0	0	0	0	0	0	0	0	0	0	0	0	0	0	0	0	0	0	0	0	0	0	0	0	0	0	0	0	0	0	0	0	0	
0	0	0	0	0	0	0	0	0	0	0	0	0	0	0	0	0	0	0	0	0	0	0	0	0	0	0	0	0	0	0	0	0	0	0	0	0	0	0	0	0	0	0	0	0	0	192	0	0	0	0	0	0	0	0	0	0	192	0	0	0	0	0	0	0	0	0	0	192	0	0	0	0	0	0	192	0	0	0	0	
0	0	0	0	0	0	0	0	0	0	0	192	0	0	0	0	0	0	192	0	0	0	0	0	0	0	0	0	0	0	0	0	0	0	0	0	0	0	0	0	0	0	0	0	0	0	0	0	0	0	0	192	0	0	0	0	192	0	0	0	0	0	0	0	0	0	0	0	0	0	0	0	0	0	0	0	0	0	0	0	
0	0	0	0	0	0	0	0	0	0	192	0	0	0	0	0	0	0	0	0	0	0	0	0	0	0	0	0	0	0	0	0	0	0	0	0	0	0	0	0	0	0	192	0	0	0	0	0	0	0	0	0	0	0	0	0	0	0	0	0	0	0	0	192	0	0	0	0	0	0	0	0	0	192	0	0	0	0	0	0	
0	0	192	0	0	0	0	0	0	0	0	0	0	0	0	192	0	0	0	0	0	0	0	192	0	0	0	0	0	0	0	0	0	0	0	0	0	0	0	0	0	0	0	0	0	192	0	0	0	0	0	0	0	0	0	0	0	0	0	0	0	0	0	0	0	0	0	0	0	0	0	0	0	0	0	0	0	0	0	0	
0	0	0	192	0	0	0	0	0	0	0	0	0	0	0	0	0	0	0	0	0	0	0	0	0	0	0	0	0	0	0	192	0	0	192	0	0	0	0	0	0	0	0	0	0	0	192	0	0	0	0	0	0	0	0	0	0	0	0	0	0	0	0	0	0	0	0	0	0	0	0	0	0	0	0	0	0	0	0	0	
0	0	0	0	0	0	0	0	0	0	0	0	0	0	0	0	0	0	0	0	0	0	0	0	0	0	0	0	0	0	0	0	0	0	0	0	0	0	0	0	0	0	0	0	0	0	0	0	0	0	0	192	0	0	0	0	192	192	0	0	0	0	192	0	0	0	0	0	0	0	0	0	0	0	0	0	0	0	0	0	
0	0	0	0	0	0	0	192	0	192	0	0	0	192	0	0	0	0	0	0	0	0	0	0	0	0	0	0	0	0	0	0	0	0	0	0	0	192	0	0	0	0	0	0	0	0	0	0	0	0	0	0	0	0	0	0	0	0	0	0	0	0	0	0	0	0	0	0	0	0	0	0	0	0	0	0	0	0	0	0	
1	45	27	69	60	25	22	61	49	13	74	36	31	22	4	23	33	49	49	49	53	42	47	34	56	64	42	68	70	31	63	55	61	68	60	22	26	44	29	30	58	52	15	45	42	73	79	63	54	24	59	2	44	47	62	51	57	57	55	30	74	68	19	32	11	77	61	71	74	49	68	32	36	77	53	23	6	55	59	76	32	15	19	36	69	73	11	12	29	16	42	60	18	43	27	77	29	5	54	25	70	6	68	25	56	22	62	53	41	79	62	70	69	59	12	70	35	65	49	13	77	43	38	68	28	35	4	53	40	48	21	57	59	28	1	72	14	64	1	27	41	37	62	28	71	52	49	36	62	54	52	74	58	4	30	58	2	39	10	26	16	56	65	69	45	47	26	52	65	23	48	15	70	56	59	48	69	74	20	79	39	56	20	37	4	57	36	76	54	24	62	12	53	44	10	15	28	48	65	45	18	59	76	64	48	7	20	48	1	62	67	39	76	71	33	29	43	12	71	11	38	70	62	11	7	62	48	6	39	61	20	67	47	28	37	14	7	68	43	78	73	14	31	12	62	19	11	17	31	75	38	24	4	33	59	39	55	29	34	25	48	55	53	23	25	42	27	9	43	14	63	56	31	27	41	62	13	43	18	51	63	56	67	49	46	73	38	48	51	73	66	58	70	47	2	71	33	37	62	32	44	36	64	47	34	46	58	50	2	25	20	69	78	61	39	70	7	1	39	33	76	20	74	51	4	12	39	61	23	36	16	26	31	46	13	42	56	42	48	37	26	56	72	35	27	10	19	64	53	20	75	65	45	21	36	36	34	2	68	37	24	54	52	31	0	15	61	51	12	46	15	37	16	75	39	75	44	64	66	56	45	64	41	69	41	17	39	39	74	52	17	66	3	47	21	12	21	49	19	70	34	43	75	66	56	37	53	67	63	24	60	15	58	70	73	48	34	5	25	16	69	69	47	46	48	43	56	2	33	49	50	28	63	33	75	22	7	58	52	43	28	72	31	16	46	49	53	57	52	54	10	61	52	12	34	43	42	34	45	78	5	4	27	39	16	36	7	12	0	3	14	57	28	20	73	62	8	34	16	67	61	5	61	66	36	7	24	4	21	0	1	79	48	6	44	33	4	17	26	74	6	5	55	7	33	70	23	63	65	19	15	68	59	77	9	24	18	27	55	78	54	7	52	58	65	11	38	52	38	71	79	34	24	78	0	16	55	54	1	50	14	24	21	48	6	57	47	36	58	27	55	48	29	70	74	16	65	71	52	54	74	46	34	5	18	60	65	52	60	71	41	36	18	67	42	38	11	37	60	14	25	44	21	25	34	54	7	67	55	6	9	63	55	18	52	69	63	26	0	32	65	1	61	66	75	31	74	34	77	16	19	75	8	58	66	16	36	73	79	11	57	72	9	72	1	4	75	16	65	55	0	2	3	7	67	4	73	47	70	68	17	12	6	13	72	9	44	5	72	46	23	27	5	66	6	1	0	54	29	14	34	15	41	50	72	66	8	68	6	19	40	74	43	73	12	19	63	32	48	48	79	58	39	22	19	54	7	52	25	9	31	10	11	7	55	29	47	0	17	76	79	27	65	69	9	5	55	77	28	15	72	10	41	10	0	29	2	53	57	36	76	72	36	73	60	54	52	47	14	46	48	49	73	0	79	32	0	10	25	38	46	3	66	63	64	7	23	23	41	18	10	54	69	76	63	51	66	23	12	77	73	59	41	29	67	50	44	14	6	57	35	15	8	25	9	8	19	58	32	25	70	0	72	1	24	37	29	5	21	33	74	3	34	18	13	41	57	42	18	42	2	51	35	22	79	23	73	50	35	33	74	77	8	58	27	46	64	8	31	69	44	63	69	38	13	63	11	66	73	76	54	15	20	13	27	71	9	61	0	1	15	12	20	61	68	42	2	60	7	9	29	51	22	79	40	52	29	46	19	13	74	4	72	11	8	29	71	74	71	57	79	74	60	26	1	25	23	0	49	39	55	70	43	22	34	37	78	43	34	13	55	40	70	39	41	61	61	4	69	36	3	19	38	6	50	63	16	66	45	46	39	9	5	30	13	79	26	40	48	76	65	42	23	46	15	44	8	71	62	6	20	56	32	76	50	35	77	18	22	52	25	47	45	58	45	69	17	49	54	25	12	28	10	39	45	17	63	12	72	72	47	64	63	53	28	75	60	9	19	74	57	64	7	31	75	15	62	38	79	70	47	33	53	7	59	23	45	75	53	20	56	60	38	33	68	50	37	51	46	35	23	63	42	62	1	48	4	53	21	41	25	78	68	62	75	56	22	61	70	21	10	61	40	1	50	79	65	25	38	40	2	65	28	44	56	77	16	22	61	32	47	59	68	29	69	41	72	56	55	52	31	30	66	74	22	62	68	22	57	67	24	24	70	11	44	26	9	19	13	58	79	24	41	6	71	70	27	23	53	45	18	8	36	19	78	12	24	21	79	28	5	30	65	9	78	6	3	13	56	46	28	48	68	18	59	48	50	45	15	15	60	36	52	18	56	45	11	52	41	35	72	6	76	22	48	41	63	52	48	42	51	3	56	32	0	59	36	53	11	67	34	62	17	69	53	26	30	4	8	23	2	47	1	9	28	15	5	79	47	75	67	77	5	71	27	1	32	27	54	7	64	60	72	37	74	71	57	27	6	16	33	28	13	77	56	35	62	39	47	30	25	21	30	26	29	76	37	29	10	2	3	52	60	50	67	37	68	19	27	71	28	61	25	37	48	50	5	57	75	69	74	9	45	68	4	24	7	40	38	71	20	38	8	4	18	37	34	50	14	62	1	74	34	43	19	42	11	24	25	29	69	61	76	15	33	61	7	46	62	34	28	6	4	22	10	64	49	69	54	16	47	62	10	32	45	36	47	57	12	38	2	52	21	0	35	41	4	13	63	4	28	69	41	21	74	7	53	31	38	68	63	43	36	73	45	51	51	46	56	26	65	25	48	52	16	16	67	53	58	8	65	79	17	19	28	8	56	28	44	71	15	10	11	64	20	11	63	64	23	64	52	56	56	69	22	63	5	34	5	27	14	75	7	36	17	32	77	11	48	50	6	60	39	5	21	14	30	78	40	40	45	19	71	78	62	74	25	60	11	67	10	75	14	70	34	76	38	23	59	68	19	63	68	15	64	38	69	20	45	52	39	45	35	48	68	60	73	2	63	4	10	68	32	30	29	40	37	31	9	75	23	61	17	69	64	59	30	26	3	49	24	14	76	75	13	8	3	72	6	64	65	14	4	72	59	21	66	52	37	38	13	50	39	32	3	67	45	11	49	60	64	47	50	64	17	57	37	66	37	26	38	53	40	68	34	59	22	32	0	68	24	2	71	26	64	68	12	35	11	22	32	43	17	11	49	35	72	4	15	4	8	53	36	43	53	79	16	68	40	14	25	56	69	54	5	58	39	58	6	66	3	75	31	31	27	19	42	17	57	28	33	16	70	74	16	14	75	57	24	26	50	46	36	11	27	57	18	4	64	63	19	70	4	53	0	79	16	29	45	60	70	22	34	9	7	40	48	74	0	75	11	55	11	43	49	44	34	23	35	15	6	67	45	29	65	57	64	72	50	33	44	38	65	63	74	21	50	37	8	33	8	77	58	26	41	53	32	1	36	35	41	72	38	41	2	13	18	11	15	29	69	40	50	44	35	8	9	65	44	69	51	15	54	30	9	44	13	21	19	20	4	73	3	34	6	74	59	10	12	59	1	27	29	22	65	57	66	10	46	52	44	57	25	63	63	11	43	19	69	7	70	75	54	35	9	70	74	76	50	59	60	63	61	14	50	76	36	10	4	0	56	28	31	33	61	51	41	62	15	29	47	68	27	37	31	5	46	26	29	14	5	13	11	14	55	75	70	66	25	24	36	17	1	74	75	47	67	37	14	50	70	27	16	55	72	2	45	67	58	3	23	55	15	8	8	14	62	65	74	16	49	30	20	69	54	32	7	9	48	53	55	61	51	74	73	3	77	5	19	47	38	79	63	10	43	68	0	48	47	19	31	42	0	40	70	2	59	79	66	42	30	56	78	66	22	52	65	27	9	44	0	35	29	58	29	51	6	4	15	53	35	54	34	51	75	13	55	43	4	48	35	47	50	64	50	31	27	46	70	15	33	75	22	13	15	73	71	66	28	51	52	38	6	47	29	20	71	58	49	34	37	75	17	21	72	4	54	7	16	22	27	27	77	42	72	22	8	16	62	57	55	33	27	31	20	15	27	5	11	39	23	79	16	78	62	76	22	9	79	50	26	77	2	66	75	53	5	19	42	55	24	18	51	70	40	51	54	14	15	48	33	36	0	77	7	15	67	79	35	38	58	52	74	38	0	34	8	56	61	73	75	46	61	14	41	72	43	24	79	35	39	60	1	26	42	72	52	1	24	36	44	41	28	9	51	67	14	54	52	20	65	3	6	6	38	57	70	1	49	6	77	63	68	52	7	10	59	73	78	69	6	56	1	31	5	64	8	55	79	29	73	3	40	19	64	36	32	0	41	54	43	65	77	24	59	73	34	25	56	49	40	48	51	71	13	11	44	6	54	42	33	2	61	79	48	37	54	22	2	73	53	34	51	26	59	50	71	16	56	63	19	77	78	28	8	2	79	42	72	48	60	52	73	14	48	63	13	38	22	56	11	42	59	71	44	12	68	26	45	78	72	74	67	45	13	72	29	24	1	25	79	43	64	77	29	16	45	4	32	2	39	14	36	35	22	62	31	22	76	26	61	75	26	47	46	71	28	49	63	68	46	11	34	41	62	79	3	28	42	38	47	7	47	20	1	72	43	16	66	8	3	44	76	5	76	38	45	58	9	20	9	61	1	62	68	36	14	20	7	35	15	58	5	45	9	70	33	20	21	11	67	66	59	13	19	38	37	44	8	4	36	2	46	47	41	44	71	66	52	51	60	21	8	21	42	28	18	60	8	37	25	49	24	77	41	34	9	20	42	26	45	24	22	50	65	54	63	34	61	32	48	9	
10	67	7	9	54	16	60	9	19	6	38	46	8	77	29	48	30	13	25	25	48	64	70	18	5	0	26	2	22	36	15	69	30	39	79	33	20	64	66	1	50	41	1	46	1	27	21	48	41	63	72	32	68	30	34	8	26	33	28	65	54	17	63	19	47	39	68	7	47	60	20	7	46	41	73	59	77	47	1	26	40	36	73	6	66	64	35	36	49	40	21	24	11	18	19	56	67	65	66	57	63	44	24	79	36	7	57	79	54	23	59	16	28	33	50	69	25	10	51	36	52	56	68	49	16	78	57	18	51	3	24	44	3	75	5	51	51	59	21	13	24	72	46	31	9	23	4	29	58	30	76	61	47	0	60	3	31	4	56	69	77	62	70	24	31	3	42	1	42	56	73	52	51	34	41	6	63	55	30	14	19	10	46	79	68	2	13	14	6	67	32	50	0	18	13	61	5	52	72	39	11	30	23	19	8	69	30	55	63	79	66	23	37	16	57	10	49	44	39	2	39	74	2	7	28	46	61	44	4	78	64	54	69	29	45	76	5	49	44	49	71	64	63	26	49	30	77	14	72	32	10	79	49	59	44	53	16	52	71	51	12	16	64	79	72	5	29	77	75	71	18	35	72	74	53	38	5	69	26	42	39	12	38	53	19	68	63	28	78	51	41	3	61	44	10	64	20	38	22	40	42	69	50	50	60	22	62	26	67	45	32	56	33	59	36	31	43	63	28	20	47	55	76	25	71	64	53	64	11	10	41	32	60	1	77	19	41	19	4	71	30	49	16	41	29	51	50	59	54	28	52	33	53	71	56	11	42	40	55	27	79	6	37	21	46	49	35	66	57	68	21	22	76	40	0	78	17	71	78	73	60	6	58	11	42	23	78	43	39	79	37	53	59	3	16	2	34	15	46	13	73	33	58	20	64	0	15	18	49	50	11	34	23	52	35	49	62	40	68	44	17	74	8	53	53	57	2	28	15	56	55	54	74	2	37	44	63	75	41	71	52	7	35	74	31	35	74	74	4	72	71	24	18	21	36	42	12	62	4	53	17	43	3	55	43	15	36	29	24	4	66	63	33	31	6	9	73	54	4	17	70	45	66	28	30	73	5	16	24	47	47	47	50	12	34	1	1	11	73	14	22	30	0	25	27	31	32	62	0	78	3	31	73	63	16	7	25	76	36	5	58	66	31	32	22	28	64	36	63	67	6	26	55	79	60	47	17	28	35	24	77	74	79	74	78	21	33	13	67	52	27	23	73	74	16	52	62	13	75	65	7	34	58	19	2	21	68	39	34	65	3	15	6	24	16	76	1	76	35	31	67	0	29	65	76	4	45	78	37	19	74	26	20	69	4	43	64	60	47	0	53	42	55	55	74	15	79	23	25	43	3	56	28	47	39	4	43	43	15	39	29	35	28	51	27	24	27	62	18	34	35	9	77	64	29	42	76	12	61	32	68	19	3	53	32	76	75	28	33	52	69	55	76	78	0	36	62	24	39	79	63	55	38	67	19	17	74	46	77	79	54	72	18	27	74	28	3	21	42	58	75	66	20	57	30	73	34	2	31	16	42	23	33	50	19	52	7	70	49	51	38	57	21	27	32	53	72	39	59	0	16	67	15	54	78	52	30	5	74	9	19	36	68	27	57	53	67	75	40	16	20	72	67	28	34	61	2	71	18	13	14	68	51	39	32	6	25	11	19	35	48	17	71	71	61	70	41	39	33	23	5	32	18	50	40	31	49	79	52	34	34	24	64	29	66	28	22	11	10	21	51	6	23	10	23	73	55	56	14	15	67	26	76	31	67	5	7	28	43	70	45	7	65	8	0	78	26	79	1	62	56	38	5	37	53	75	32	50	24	76	6	68	18	25	54	44	60	4	5	74	70	29	54	15	2	75	40	71	60	14	76	75	26	56	27	25	64	14	78	23	42	57	65	41	16	50	12	64	27	53	8	69	19	57	14	31	33	72	27	46	31	62	72	25	37	60	74	23	37	74	53	41	30	44	27	31	6	76	8	61	58	11	13	76	76	21	19	6	33	40	70	73	40	47	69	13	58	15	65	67	33	41	69	46	3	42	13	65	12	26	19	35	46	33	40	50	34	8	6	65	59	68	51	39	30	37	1	46	65	44	0	79	20	6	26	6	47	34	15	53	79	42	60	71	31	10	77	67	38	74	33	34	19	71	5	31	74	69	42	33	37	4	74	0	49	78	19	31	33	54	16	17	76	43	29	25	2	55	52	54	15	12	5	66	18	44	35	43	76	7	15	54	27	27	56	60	41	59	74	70	49	18	36	48	73	70	53	14	33	43	21	5	75	29	2	0	63	8	47	50	76	64	73	79	73	0	37	29	21	67	23	48	71	44	5	28	66	24	0	47	22	33	16	68	28	64	45	51	11	78	18	5	47	51	22	19	31	41	3	55	20	40	67	41	56	58	61	43	59	33	68	10	20	41	31	17	46	62	10	59	34	56	2	62	71	34	68	33	52	56	43	16	28	62	70	38	18	53	32	37	20	77	53	17	55	9	57	34	63	17	56	75	27	36	50	11	33	0	44	24	72	41	79	65	65	30	70	27	28	49	41	33	18	24	45	27	64	22	53	22	75	14	72	67	18	43	65	42	58	57	31	43	52	77	37	33	43	74	68	2	51	3	45	42	30	54	13	18	43	13	0	72	69	26	49	29	32	46	17	24	4	76	28	6	60	78	53	79	76	8	26	27	75	65	3	15	17	15	61	23	14	21	65	27	28	61	51	25	43	38	34	35	38	16	64	33	38	3	5	32	18	12	14	61	29	39	76	61	61	11	19	45	60	21	70	26	61	72	55	37	57	53	28	5	77	1	60	75	54	33	47	26	51	70	20	63	9	12	41	1	29	57	73	72	48	24	61	21	64	15	10	12	2	68	53	33	32	36	19	56	25	46	6	23	21	27	43	35	17	73	36	17	78	38	2	67	47	16	39	67	8	55	53	25	19	13	46	27	6	67	36	68	15	16	0	47	69	45	12	76	34	41	40	61	31	54	44	58	77	78	53	15	61	6	46	67	4	54	42	28	45	18	14	62	4	71	73	24	9	38	74	55	15	52	22	5	31	47	60	33	18	45	77	49	36	14	37	2	34	30	30	74	17	77	22	54	14	19	10	33	54	34	19	12	44	6	35	61	14	25	23	11	47	52	59	64	49	19	6	57	64	21	62	5	10	8	44	36	40	71	58	34	49	46	75	21	76	8	67	50	32	49	30	0	71	62	20	70	13	72	9	30	52	65	27	46	42	43	78	78	64	43	20	42	77	20	67	56	57	36	71	75	69	20	11	76	15	41	65	63	66	4	15	59	54	76	67	61	44	17	45	7	17	3	77	61	35	39	63	44	8	32	2	70	2	72	3	18	36	5	38	16	47	63	49	4	21	71	24	61	73	22	26	75	46	69	22	50	62	48	50	67	49	10	65	57	13	29	40	79	15	78	19	75	74	31	74	27	34	36	5	12	17	46	50	68	71	69	9	12	3	43	10	17	58	10	37	44	72	19	3	29	64	0	73	3	38	64	5	22	5	39	62	60	63	14	18	2	9	78	71	6	11	61	23	75	45	4	4	57	24	73	12	53	42	31	63	78	77	78	32	15	18	24	71	72	67	24	3	67	53	32	34	17	42	76	54	48	74	50	30	42	35	75	79	7	77	50	29	49	41	72	66	51	64	1	25	32	55	78	27	78	71	71	48	16	13	68	73	26	44	71	63	23	77	78	50	27	25	79	12	4	59	39	11	49	63	11	61	36	8	1	12	26	0	44	14	31	13	26	76	30	72	1	75	62	60	21	68	79	36	57	64	62	59	44	48	8	59	8	29	55	62	13	56	47	60	39	38	35	8	50	20	15	33	12	41	28	58	56	5	43	66	54	74	28	27	71	55	17	14	58	60	35	43	40	6	26	3	55	11	76	48	44	71	60	11	59	61	22	62	73	7	65	73	66	36	79	15	65	9	47	71	46	46	39	78	22	74	1	51	43	29	27	35	31	70	2	66	37	79	45	60	22	47	47	71	57	8	21	45	78	24	55	65	59	75	39	26	39	29	44	69	5	4	12	78	49	28	38	44	35	63	70	2	37	52	11	72	19	27	64	34	25	23	28	72	6	7	12	40	21	59	61	49	12	21	34	32	39	72	6	7	26	75	78	41	44	41	67	65	30	21	75	45	12	9	22	2	71	24	25	30	14	79	43	20	6	12	46	15	65	26	56	40	9	0	30	47	36	35	28	26	76	73	20	73	55	28	18	52	18	33	34	63	26	51	52	59	63	66	70	67	40	79	6	17	52	51	11	36	31	33	69	57	72	40	68	76	59	31	53	9	33	62	48	37	63	45	68	61	4	23	20	78	33	12	27	23	70	53	59	75	68	40	8	10	52	6	20	67	31	43	60	26	60	4	38	63	67	39	65	29	39	65	60	16	65	17	74	70	7	23	5	39	46	18	74	25	22	13	41	51	63	67	13	6	37	35	43	58	24	61	31	8	39	12	48	78	65	34	53	48	77	37	46	54	37	30	22	9	57	72	56	0	50	11	75	68	9	31	56	1	28	6	31	43	51	30	25	45	64	12	60	51	28	48	12	33	45	27	55	20	65	57	26	72	51	39	51	48	64	78	7	68	76	34	49	27	77	24	60	5	26	68	0	72	41	24	32	37	45	76	75	42	11	26	33	74	36	43	66	10	61	47	59	38	10	56	67	25	8	75	38	36	29	13	24	3	62	68	27	59	19	25	65	60	57	54	29	2	66	7	70	68	70	41	57	79	29	13	66	46	37	21	28	29	74	15	14	25	32	38	70	69	63	73	1	44	50	66	53	71	18	29	45	78	0	42	26	54	21	31	33	48	62	12	31	22	74	38	42	43	74	47	42	57	8	33	47	16	60	4	57	66	43	49	70	49	13	5	6	39	27	31	12	11	75	32	29	21	15	65	66	40	49	2	39	11	68	54	47	34	34	42	15	29	60	12	71	64	65	
4	8	15	6	6	10	6	10	12	14	14	2	18	15	15	18	15	11	5	4	13	19	15	12	12	9	13	11	14	11	5	15	4	13	18	20	18	15	6	19	2	10	11	6	8	2	17	18	11	18	9	14	17	9	8	17	18	9	3	20	5	15	15	11	12	12	18	3	15	1	7	2	16	3	1	16	16	15	14	4	15	10	2	4	15	14	13	4	17	4	3	7	8	15	10	16	19	2	7	17	5	2	14	7	6	10	9	3	19	17	4	1	20	16	13	3	8	18	8	3	11	18	7	16	15	13	18	20	3	2	16	11	17	4	7	8	14	12	15	6	12	5	14	7	18	18	12	4	19	7	20	18	19	18	19	6	10	7	8	12	3	3	13	6	6	20	10	17	12	14	6	18	14	2	10	14	9	5	4	2	7	1	5	14	19	7	5	17	3	10	14	2	1	5	8	7	20	4	9	4	7	9	10	20	6	8	3	2	1	2	13	5	19	4	7	12	20	12	19	12	17	14	1	4	15	4	20	12	11	6	5	4	7	9	19	14	6	6	20	19	14	7	16	8	9	8	2	6	2	11	19	1	8	4	13	20	15	8	1	14	7	20	19	5	3	18	1	2	3	10	15	9	8	18	3	1	3	13	13	13	5	10	4	11	16	6	6	12	19	1	14	5	20	20	9	11	17	4	16	10	17	19	3	20	20	9	12	10	15	6	11	11	5	1	10	1	11	6	3	1	2	12	16	10	16	10	16	3	9	6	15	5	14	5	6	3	16	6	14	16	8	3	1	16	2	2	4	13	14	12	7	10	3	13	10	5	15	3	15	5	16	10	13	1	10	7	8	1	12	1	2	3	5	3	3	15	1	11	12	6	15	6	1	16	8	2	6	6	13	3	3	6	11	13	13	4	7	5	13	5	14	13	1	6	3	14	9	10	12	8	15	6	14	2	9	16	1	16	6	3	13	7	7	13	16	10	1	10	2	9	3	13	10	11	15	10	3	6	13	5	8	10	6	9	14	1	12	16	13	5	7	4	1	5	4	2	8	12	2	6	14	7	14	14	3	2	5	3	15	6	5	4	10	5	14	8	14	3	10	8	4	1	4	10	10	14	2	5	5	11	4	2	5	6	13	5	2	3	9	16	9	15	7	7	11	2	15	13	14	5	2	3	10	5	4	9	6	12	9	13	16	15	4	5	8	3	15	5	9	8	2	2	1	16	2	5	13	3	11	9	4	3	4	13	9	4	12	7	5	8	12	2	15	15	6	16	4	7	10	16	16	16	2	4	12	13	8	12	11	15	12	5	16	15	16	3	14	10	7	3	16	14	13	10	9	3	1	13	8	14	12	14	9	3	12	3	6	4	14	16	10	11	12	4	14	3	15	8	13	7	3	4	11	16	13	5	11	1	7	9	8	14	3	4	11	11	4	1	1	5	8	3	9	16	13	3	8	5	16	12	4	8	3	2	4	14	3	9	12	8	13	10	4	12	4	12	7	5	11	1	1	10	4	8	1	8	6	16	4	8	6	12	10	6	2	2	16	7	12	5	9	3	4	7	5	1	11	8	7	9	11	14	3	4	4	8	12	2	6	12	14	3	7	5	3	14	11	3	6	4	14	15	14	3	15	4	5	16	12	15	5	8	1	12	5	8	13	15	2	16	14	14	1	14	9	6	12	7	13	9	16	16	13	14	7	7	15	16	1	13	8	14	9	9	14	10	12	5	14	2	15	8	14	7	12	3	16	9	6	15	7	9	5	7	15	8	15	10	8	7	12	10	4	13	14	6	14	4	4	7	8	5	2	7	7	6	12	6	10	4	6	5	14	12	14	15	7	10	2	3	2	1	13	16	13	2	5	2	1	6	14	10	12	14	2	5	8	7	12	12	8	15	6	8	6	11	12	10	11	2	6	8	5	14	4	14	2	4	6	10	11	12	16	1	11	2	15	4	11	7	7	4	10	12	7	10	15	1	11	5	13	16	13	16	2	3	7	2	10	12	7	11	12	4	13	13	5	12	16	8	11	12	10	11	16	11	1	9	14	6	15	8	11	7	1	16	14	5	12	15	9	6	16	10	8	12	11	10	9	5	11	8	4	8	13	14	9	11	9	4	9	13	13	9	1	10	2	14	14	5	2	4	9	1	7	2	15	16	5	14	8	9	12	9	13	3	3	8	3	6	8	4	9	13	12	9	3	3	6	8	5	12	14	9	10	8	9	1	14	6	11	11	2	1	5	9	9	6	5	5	13	8	8	5	13	14	1	16	10	15	10	15	11	6	1	15	12	15	7	9	4	6	11	12	3	4	11	7	11	9	3	2	12	11	11	3	16	5	4	16	4	12	5	15	12	3	7	4	5	9	8	9	7	5	6	5	5	11	5	13	15	11	14	7	1	15	3	6	16	11	6	5	14	1	11	8	7	14	2	12	1	11	16	2	4	12	13	11	12	13	16	12	11	8	8	6	4	12	13	13	3	6	4	6	14	5	7	6	5	6	8	15	1	16	1	8	2	3	10	8	7	5	15	3	9	15	11	15	9	3	13	3	8	15	13	8	10	2	6	13	1	3	1	3	16	4	13	1	4	6	14	3	11	14	13	8	11	13	9	12	2	8	5	15	8	7	7	5	4	7	5	7	4	13	15	14	13	8	13	16	12	3	13	4	10	9	14	6	3	6	13	15	10	2	3	3	9	11	9	12	6	9	11	3	5	1	9	5	11	15	16	8	8	15	2	7	14	13	7	14	11	4	6	5	11	1	4	11	15	16	6	16	7	7	6	5	9	15	4	1	9	3	16	3	10	4	10	16	9	9	1	15	15	4	16	4	16	2	3	2	2	12	16	8	5	7	7	8	13	16	6	4	14	16	13	7	5	11	10	5	16	13	15	6	15	8	9	7	12	12	14	14	13	13	8	3	9	12	10	13	5	15	13	9	8	2	14	9	10	8	4	1	7	1	7	14	14	13	9	6	3	6	15	2	4	10	2	9	7	4	16	6	8	1	5	4	5	14	16	9	12	11	4	3	4	11	11	14	11	6	3	3	10	7	4	2	10	3	5	9	14	15	10	13	3	9	13	11	14	5	2	8	5	8	8	4	16	16	16	15	5	14	13	16	6	7	6	15	6	10	10	10	15	14	15	3	7	8	11	1	15	13	10	8	8	16	15	4	16	10	3	15	15	7	8	5	5	15	1	8	1	5	3	5	1	15	1	4	7	6	3	15	9	11	15	5	8	13	11	3	6	14	10	15	12	6	5	7	9	8	4	6	8	4	6	12	1	1	16	13	11	12	1	12	4	12	14	14	1	7	8	3	1	15	12	16	1	11	4	6	9	9	6	14	12	15	13	11	16	3	8	7	6	10	5	11	16	14	1	10	11	14	9	6	12	14	7	14	3	6	8	10	6	12	11	3	7	6	15	7	15	14	2	3	12	14	16	9	14	5	1	11	16	16	12	2	5	12	16	5	13	13	1	5	16	16	2	5	13	15	1	15	8	12	10	15	4	3	3	15	12	14	13	5	13	9	12	11	8	14	1	8	6	2	8	1	3	6	4	1	5	6	3	11	3	7	9	4	10	8	8	5	10	2	6	5	3	16	3	4	12	9	6	2	2	6	1	8	15	9	5	13	15	3	12	7	10	10	7	5	2	1	12	9	7	5	5	15	11	10	1	9	3	11	9	3	9	8	2	11	4	6	2	9	5	2	7	12	5	15	7	6	5	5	10	3	4	6	15	16	15	2	9	13	4	15	15	4	4	2	1	5	2	14	1	16	4	4	15	8	11	4	4	12	13	1	1	15	12	13	4	8	3	4	1	3	9	2	1	11	15	7	14	2	16	10	12	14	13	12	5	8	5	3	5	14	8	5	10	12	8	1	1	11	13	3	15	15	8	16	11	1	15	14	12	2	13	10	15	3	9	11	12	2	7	14	4	2	6	6	3	2	11	3	7	16	15	7	12	9	3	9	6	7	10	3	5	13	8	16	8	9	5	12	11	3	6	7	5	5	16	4	5	9	6	4	15	12	15	5	4	10	3	5	16	3	9	4	7	5	6	2	14	16	15	15	5	1	13	16	8	5	12	11	1	6	16	11	14	2	10	4	15	15	9	2	6	5	12	16	14	3	3	12	7	11	9	2	6	9	5	16	13	1	4	5	7	6	1	15	14	15	4	3	13	5	4	15	2	1	10	3	16	16	4	12	11	9	8	9	5	11	8	12	8	9	1	1	10	11	5	15	11	9	13	4	12	15	13	13	14	6	10	3	6	16	15	1	15	10	2	3	15	2	4	12	15	12	6	16	15	15	10	13	4	14	13	9	5	4	10	11	9	8	5	5	4	14	2	13	6	16	16	16	14	13	13	6	12	7	5	5	7	16	13	7	5	16	1	9	6	11	14	6	11	12	1	5	16	7	14	5	14	12	15	8	4	13	13	8	4	11	6	6	12	2	11	4	13	10	13	10	10	3	14	13	3	8	5	4	12	8	13	7	7	15	3	13	14	7	7	8	3	2	11	1	10	9	13	2	15	1	2	5	1	9	9	3	7	6	4	16	12	1	8	14	13	15	14	15	6	13	10	12	12	3	1	11	3	14	10	14	13	8	1	5	13	16	4	13	10	5	9	10	1	12	13	6	3	15	1	9	13	9	4	6	5	11	12	2	10	1	11	11	3	10	12	12	11	16	6	15	8	11	2	6	13	13	15	11	3	1	7	15	5	1	13	16	12	8	3	12	14	3	6	3	3	8	5	9	3	8	16	16	12	2	7	9	16	2	10	13	14	12	9	11	7	10	14	15	5	2	5	16	8	3	6	14	1	5	9	2	10	3	6	7	14	16	1	8	15	14	1	15	8	10	8	14	12	16	8	13	10	13	12	9	8	4	9	5	12	8	16	10	3	10	8	5	11	6	9	10	1	5	16	16	13	2	4	9	7	7	9	5	7	2	4	8	12	8	16	14	12	6	11	11	2	6	10	1	13	12	6	2	14	13	16	8	16	8	1	4	
600	420	230	500	520	900	510	480	650	840	260	890	580	970	440	690	430	470	860	170	190	840	650	760	240	100	990	580	770	640	310	220	720	990	910	170	530	620	650	800	960	740	210	780	170	510	440	980	210	900	380	830	150	930	380	110	650	490	640	710	960	240	740	580	150	750	200	340	520	560	750	460	490	140	450	620	740	550	800	700	490	240	380	340	320	660	950	440	240	310	590	560	440	890	490	880	150	460	780	550	250	350	150	340	270	270	570	120	420	220	920	310	140	520	670	430	920	920	610	600	500	460	210	960	430	390	480	370	370	390	270	460	250	490	660	770	760	860	450	740	230	410	180	470	360	800	600	970	430	670	420	210	680	350	590	650	370	970	1000	980	760	820	830	450	450	430	890	220	850	800	780	270	540	240	370	420	340	200	220	290	770	690	520	330	880	170	100	780	530	820	190	890	560	800	680	650	210	430	220	680	470	190	610	760	690	800	630	150	150	730	570	200	210	420	110	950	290	780	550	490	900	970	100	310	710	610	880	240	440	540	360	470	770	950	150	370	690	320	340	870	960	520	880	100	670	800	240	480	800	560	310	770	680	700	680	310	460	340	640	180	480	930	680	480	950	480	360	180	630	880	380	770	880	830	270	890	400	950	140	810	860	590	440	860	100	880	420	810	880	950	910	630	250	740	340	960	180	700	540	330	680	690	970	820	920	760	330	460	920	480	100	190	790	890	840	180	550	840	290	640	610	900	330	240	270	260	790	880	160	340	960	280	340	790	740	150	190	550	510	200	250	610	640	140	840	910	550	420	530	280	820	460	460	620	240	340	130	870	450	290	390	970	120	560	140	920	890	380	780	300	690	920	580	130	900	110	660	640	650	430	850	940	860	510	610	760	530	970	250	530	340	690	340	640	1000	290	930	450	410	500	510	210	390	550	760	940	420	890	190	590	990	580	440	550	880	840	720	140	790	460	650	480	220	720	110	520	470	350	300	380	130	530	750	730	530	500	790	840	200	670	280	290	820	550	180	260	950	110	440	380	530	500	460	500	900	100	370	470	890	920	390	740	150	470	240	340	590	680	760	170	690	280	590	630	630	210	620	570	540	190	620	220	510	270	360	290	430	370	260	220	580	240	670	530	260	200	400	540	240	710	150	110	150	150	910	460	190	210	200	610	450	210	990	870	550	640	790	680	260	230	840	750	190	950	760	230	640	220	850	100	530	310	180	850	270	470	290	590	860	100	600	560	150	610	190	340	410	450	960	190	950	500	330	900	210	620	500	420	470	160	820	810	860	490	670	280	750	520	210	500	280	710	330	410	260	430	800	720	540	400	890	760	920	470	810	370	990	500	730	510	460	310	610	560	440	680	240	430	140	870	510	640	460	570	820	140	640	400	610	870	120	380	660	590	540	980	900	850	100	730	280	450	820	880	970	760	660	690	700	630	770	550	490	260	960	820	540	770	750	630	580	190	250	350	740	210	460	970	350	580	530	920	670	940	680	270	150	790	870	320	1000	200	560	770	160	450	750	1000	650	390	790	240	170	430	740	920	980	940	130	880	150	980	480	560	120	940	740	800	410	550	710	720	360	910	860	290	400	440	480	810	760	870	630	540	560	980	830	920	550	130	350	400	620	640	920	340	860	460	940	840	520	210	700	900	880	550	140	660	200	800	650	280	1000	770	700	400	160	710	500	790	270	650	640	240	660	990	900	930	370	170	260	570	290	870	480	450	460	260	880	850	360	110	560	770	350	190	930	690	540	240	430	940	120	210	970	610	170	370	680	1000	980	910	570	280	100	240	990	980	610	530	720	440	920	790	140	370	150	170	230	950	230	190	220	500	470	950	510	850	740	660	200	700	190	220	700	740	570	780	160	640	980	730	880	910	700	230	330	270	940	210	530	500	360	780	730	400	390	830	780	760	440	590	180	790	490	250	910	160	840	1000	750	540	580	410	870	310	480	250	220	330	140	590	930	460	970	180	170	980	420	150	800	320	830	510	700	610	290	970	470	490	310	240	260	420	520	760	110	660	530	970	670	940	580	770	780	530	240	500	670	160	170	460	110	350	550	670	710	980	730	810	700	300	680	580	520	400	610	790	240	760	410	280	560	210	830	830	240	900	510	330	350	260	750	610	260	950	150	630	800	270	480	390	210	640	630	520	520	860	430	870	190	180	460	980	720	970	140	370	970	310	350	370	610	900	530	140	110	380	690	540	700	990	430	190	690	500	890	170	520	410	380	380	150	210	320	540	770	920	270	670	930	420	210	160	610	300	510	960	390	770	960	630	860	950	200	220	880	680	690	520	640	760	680	690	250	770	110	820	580	290	550	500	330	740	600	570	980	330	300	400	530	570	820	940	220	960	530	760	710	570	970	1000	680	940	210	310	420	870	450	460	680	750	500	110	340	670	110	790	290	360	840	660	100	890	450	700	440	480	160	920	630	660	220	800	340	700	910	110	340	390	150	520	390	980	190	590	950	450	410	1000	630	1000	210	160	310	530	910	350	520	1000	900	690	510	140	550	650	910	100	900	180	820	340	460	990	240	230	790	360	970	550	760	400	370	140	900	590	380	870	400	390	440	740	940	690	920	340	820	230	680	950	570	920	520	400	790	990	220	910	570	330	870	970	450	660	120	520	150	890	130	840	770	620	810	440	660	870	480	920	610	850	900	560	670	360	240	860	660	200	530	840	360	750	460	300	350	650	280	290	780	510	540	850	450	340	800	910	590	240	560	160	210	550	990	780	410	270	120	390	560	580	360	140	140	920	980	850	470	810	640	760	850	350	640	740	200	220	890	230	790	650	920	910	620	880	390	720	330	150	720	290	210	330	390	780	210	480	750	740	990	700	330	680	890	920	510	650	320	810	870	810	620	780	220	590	920	780	640	370	530	560	310	650	710	490	440	390	260	300	140	850	790	550	970	720	430	790	690	360	670	430	200	460	300	420	100	370	610	100	530	660	610	310	620	480	540	300	730	850	920	220	340	250	970	940	880	960	790	140	690	660	310	310	630	470	680	730	300	780	540	260	580	330	370	210	700	320	450	100	370	560	820	430	150	780	770	740	580	380	210	520	200	230	610	590	240	370	740	890	540	880	140	500	420	180	780	600	400	440	450	470	150	290	610	250	950	510	110	240	440	480	290	680	160	550	740	740	420	600	1000	220	620	100	660	200	120	220	820	760	750	680	730	880	270	690	240	710	750	160	670	250	720	590	720	740	170	460	360	280	880	600	770	510	530	930	560	120	660	140	790	430	120	910	280	650	600	780	710	360	360	460	600	450	780	100	390	600	230	360	140	120	480	580	540	1000	240	260	440	910	760	970	270	500	950	800	800	730	140	570	110	280	830	460	180	120	730	310	470	220	160	600	210	190	110	150	530	580	560	970	250	220	780	330	820	620	170	600	660	220	310	730	250	940	330	200	460	130	960	750	870	380	970	530	230	430	800	920	770	100	140	140	910	420	350	660	280	940	100	910	570	160	450	670	300	740	540	830	400	390	330	100	590	450	770	930	920	210	360	370	440	690	320	110	150	180	870	100	210	870	670	300	730	330	510	170	270	690	380	920	310	580	850	680	840	990	360	620	610	910	1000	690	500	820	960	550	320	200	830	540	180	650	410	630	110	980	200	200	540	950	500	950	300	320	560	240	250	620	880	480	250	980	200	940	150	870	350	290	690	770	740	100	510	700	180	190	190	750	350	640	850	890	990	970	850	680	580	420	980	390	760	540	540	910	380	850	890	860	230	710	510	1000	900	170	690	530	450	250	190	520	380	240	680	110	270	160	370	190	670	640	570	430	430	650	610	410	670	250	120	870	850	620	970	920	770	590	760	170	740	500	100	490	650	590	690	930	550	410	880	200	740	840	740	670	850	390	400	120	810	210	390	770	440	810	530	830	890	310	210	890	130	140	880	150	860	850	410	270	550	110	700	320	500	850	750	150	990	400	600	550	560	590	340	140	210	480	430	660	730	320	280	300	690	970	140	260	420	630	310	330	650	600	800	430	390	160	280	410	520	760	730	530	780	520	780	900	260	920	700	130	880	370	840	730	250	470	810	500	260	550	920	770	720	750	720	750	580	400	920	990	340	350	580	940	320	410	260	320	740	840	720	670	190	440	580	630	400	840	870	240	900	570	550	410	690	580	430	810	310	250	170	780	950	500	990	820	130	1000	240	180	350	630	830	620	120	490	340	930	410	190	250	970	640	930	180	510	890	140	1000	370	950	750	310	810	130	880	540	800	420	630	1000	970	900	240	100	680	650	230	820	100	150	190	990	530	560	290	240	630	460	250	830	950	1000	840	360	270	430	460	980	280	430	370	740	340	270	170	590	550	450	280	350	380	890	260	800	580	740	280	980	160	690	970	100	220	1000	970	110	630	260	550	270	840	660	710	700	750	440	730	140	990	230	550	710	220	640	450	130	200	610	680	640	980	830	890	720	300	380	500	180	570	220	880	670	400	270	980	610	790	610	840	840	390	840	270	710	810	180	990	430	430	960	280	270	380	540	350	230	400	320	120	540	950	370	290	280	880	830	470	870	850	710	600	150	320	420	210	580	660	160	420	510	580	820	130	260	510	630	440	340	580	340	580	490	130	290	460	940	620	140	870	650	320	300	1000	510	790	220	980	560	670	530	440	990	770	450	1000	340	390	520	560	560	840	840	360	420	410	630	240	160	550	890	470	360	960	640	550	1000	550	290	320	840	950	350	240	510	310	720	260	680	930	980	310	340	130	130	180	520	180	490	110	800	150	900	670	820	320	490	670	110	190	520	470	990	950	950	150	890	570	190	260	520	180	660	140	180	630	970	800	430	600	920	770	300	1000	200	290	170	420	300	230	190	270	850	170	930	490	580	440	430	120	740	600	970	650	690	340	530	280	670	430	670	670	650	420	970	540	540	600	830	540	200	430	610	140	200	870	260	190	160	960	810	670	490	540	810	370	460	370	560	640	400	730	350	370	140	860	100	110	370	820	780	890	210	350	270	800	790	970	840	310	290	850	140	660	200	570	860	150	720	910	140	670	760	210	
1
