2844
80
4
90
0	0	0	0	0	0	0	0	0	0	0	0	0	0	0	0	0	0	0	0	0	0	0	0	0	0	0	192	0	0	0	0	0	0	0	0	0	0	0	0	0	0	0	0	0	0	0	0	0	192	0	0	0	0	0	0	0	0	0	0	192	0	0	0	192	0	0	0	0	0	0	0	0	0	0	0	0	0	0	0	
0	0	0	0	0	0	0	0	192	0	0	0	0	0	0	0	192	0	0	192	0	0	0	0	0	0	0	0	0	0	0	0	0	0	0	0	0	0	0	0	0	0	0	0	0	0	0	0	0	0	0	0	0	0	0	0	0	0	0	0	0	0	0	192	0	0	0	0	0	0	0	0	0	0	0	0	0	0	0	0	
0	0	0	0	0	0	0	0	0	0	0	0	0	0	0	0	0	0	0	0	0	0	0	192	0	0	0	0	0	0	0	0	0	0	0	0	0	0	0	0	0	0	0	0	0	0	0	0	0	0	0	0	192	0	0	0	0	0	0	0	0	0	0	0	0	0	0	0	0	0	192	0	0	0	0	0	192	0	0	0	
0	0	0	0	0	0	0	0	0	0	0	0	0	0	0	0	0	0	0	0	192	0	0	0	0	0	0	0	0	0	0	0	0	0	192	0	0	0	0	0	0	0	0	0	0	0	0	0	0	0	0	0	0	0	0	0	0	0	0	192	0	0	0	0	0	0	0	0	0	0	0	0	0	0	0	0	0	192	0	0	
0	0	0	0	0	0	192	0	0	0	0	0	0	0	0	0	0	192	0	0	0	0	0	0	0	0	0	0	0	0	0	0	0	192	0	0	0	0	192	0	0	0	0	0	0	0	0	0	0	0	0	0	0	0	0	0	0	0	0	0	0	0	0	0	0	0	0	0	0	0	0	0	0	0	0	0	0	0	0	0	
0	0	0	0	0	0	0	0	0	0	0	0	0	0	0	0	0	0	0	0	0	0	0	0	0	0	192	0	0	0	0	0	0	0	0	0	192	0	0	192	0	0	0	0	0	0	0	0	0	0	0	0	0	192	0	0	0	0	0	0	0	0	0	0	0	0	0	0	0	0	0	0	0	0	0	0	0	0	0	0	
0	0	0	0	192	0	0	0	0	0	0	0	0	0	0	0	0	0	0	0	0	0	0	0	0	0	0	0	0	0	0	0	0	0	0	0	0	0	192	0	192	0	0	192	0	0	0	0	0	0	0	0	0	0	0	0	0	0	0	0	0	0	0	0	0	0	0	0	0	0	0	0	0	0	0	0	0	0	0	0	
0	0	0	0	0	0	0	0	0	192	0	0	0	0	0	0	0	0	0	0	0	0	0	0	0	0	0	0	0	0	0	0	0	0	0	0	0	192	0	0	0	0	0	0	0	0	0	0	0	0	0	0	0	0	0	0	0	0	192	0	0	0	0	0	0	0	0	0	0	0	0	0	0	0	0	0	0	0	0	192	
0	192	0	0	0	0	0	0	0	0	0	0	0	0	0	0	192	0	0	192	0	0	0	0	0	0	0	0	0	0	192	0	0	0	0	0	0	0	0	0	0	0	0	0	0	0	0	0	0	0	0	0	0	0	0	0	0	0	0	0	0	0	0	0	0	0	0	0	0	0	0	0	0	0	0	0	0	0	0	0	
0	0	0	0	0	0	0	192	0	0	0	0	0	192	0	0	0	0	0	0	0	0	0	0	0	0	0	0	0	0	0	0	0	0	0	0	0	192	0	0	0	0	0	0	0	0	0	0	0	0	0	0	0	0	0	0	0	0	0	0	0	0	0	0	0	0	0	0	0	0	0	0	0	0	0	0	0	0	0	192	
0	0	0	0	0	0	0	0	0	0	0	0	0	0	0	0	0	0	0	0	0	0	0	0	0	0	0	0	0	0	192	0	0	0	0	0	0	0	0	0	0	0	0	0	0	0	0	0	0	0	0	0	0	0	192	0	0	0	0	0	0	0	0	0	0	0	192	0	0	0	0	0	0	0	0	192	0	0	0	0	
0	0	0	0	0	0	0	0	0	0	0	0	0	0	0	0	0	0	192	0	0	0	0	0	0	0	0	0	0	0	0	0	0	0	0	0	0	0	0	0	0	0	0	0	0	0	0	0	0	0	0	192	0	0	0	0	0	0	0	0	0	0	192	0	0	0	0	0	0	0	0	0	0	0	192	0	0	0	0	0	
0	0	0	0	0	0	0	0	0	0	0	0	0	0	0	0	0	0	0	0	0	192	192	0	0	0	0	0	0	0	0	0	0	0	0	0	0	0	0	0	0	0	0	0	0	0	0	0	0	0	0	0	192	0	0	0	0	0	0	0	0	0	0	0	0	0	0	0	0	0	0	0	192	0	0	0	0	0	0	0	
0	0	0	0	0	0	0	0	0	192	0	0	0	0	0	0	0	0	0	0	0	0	0	0	0	0	0	0	0	0	0	0	0	0	0	0	0	192	0	0	0	0	0	0	0	0	0	0	0	0	0	0	0	0	0	0	0	0	0	0	0	0	0	0	0	0	192	0	0	0	0	0	0	0	0	0	0	0	0	192	
0	0	0	0	0	0	0	0	0	0	0	0	0	0	0	0	0	0	0	0	0	0	0	0	0	0	192	0	0	0	0	0	0	0	0	0	0	0	0	0	0	0	0	0	0	0	0	192	0	0	192	0	0	0	0	0	0	0	0	0	0	0	0	0	192	0	0	0	0	0	0	0	0	0	0	0	0	0	0	0	
0	0	0	0	0	0	0	0	0	0	0	0	0	0	0	0	0	0	0	0	0	192	192	0	0	0	0	0	0	0	0	0	0	0	0	0	0	0	0	0	0	0	0	0	0	0	0	0	0	0	0	0	0	0	0	0	0	0	0	0	0	0	0	0	0	0	0	0	0	0	0	0	192	0	0	0	192	0	0	0	
0	192	0	0	0	0	0	0	192	0	0	0	0	0	0	0	0	0	0	0	0	0	0	0	0	0	0	0	0	0	192	0	0	0	0	0	0	0	0	0	0	0	0	0	0	0	0	0	0	0	0	0	0	0	192	0	0	0	0	0	0	0	0	0	0	0	0	0	0	0	0	0	0	0	0	0	0	0	0	0	
0	0	0	0	192	0	0	0	0	0	0	0	0	0	0	0	0	0	0	0	0	0	0	0	0	0	0	0	0	0	0	0	0	192	0	0	0	0	192	0	0	0	0	0	0	0	0	0	0	0	0	0	0	0	0	0	0	0	0	0	0	0	0	0	0	0	0	0	0	0	0	192	0	0	0	0	0	0	0	0	
0	0	0	0	0	0	0	0	0	0	0	192	0	0	0	0	0	0	0	0	0	0	0	0	0	0	0	0	0	0	0	0	0	0	0	192	0	0	0	0	0	0	0	0	0	0	0	0	0	0	0	0	0	0	0	0	0	0	0	0	192	0	0	0	0	0	0	0	0	0	0	0	0	0	192	0	0	0	0	0	
0	192	0	0	0	0	0	0	192	0	0	0	0	0	0	0	0	0	0	0	0	0	0	0	0	0	0	0	0	0	0	0	0	0	0	0	0	0	0	0	0	0	0	0	0	0	0	192	0	0	192	0	0	0	0	0	0	0	0	0	0	0	0	0	0	0	0	0	0	0	0	0	0	0	0	0	0	0	0	0	
0	0	0	192	0	0	0	0	0	0	0	0	0	0	0	0	0	0	0	0	0	0	0	0	0	0	0	0	0	0	0	192	0	0	192	0	0	0	0	0	0	0	0	0	0	0	0	0	0	0	0	0	0	0	0	0	0	0	0	192	0	0	0	0	0	0	0	0	0	0	0	0	0	0	0	0	0	0	0	0	
0	0	0	0	0	0	0	0	0	0	0	0	192	0	0	192	0	0	0	0	0	0	192	0	0	0	0	0	0	0	0	0	0	0	0	0	0	0	0	0	0	0	0	0	0	0	0	0	0	0	0	0	0	0	0	0	0	0	0	0	0	0	0	0	0	0	0	0	0	0	0	0	192	0	0	0	0	0	0	0	
0	0	0	0	0	0	0	0	0	0	0	0	192	0	0	192	0	0	0	0	0	192	0	0	0	0	0	0	0	0	0	0	0	0	0	0	0	0	0	0	0	0	0	0	0	0	0	0	0	0	0	0	0	0	0	0	0	0	0	0	0	0	0	0	0	0	0	0	0	0	0	0	192	0	0	0	0	0	0	0	
0	0	192	0	0	0	0	0	0	0	0	0	0	0	0	0	0	0	0	0	0	0	0	0	0	0	0	0	0	0	0	0	0	0	0	0	0	0	0	0	0	0	0	0	0	0	0	0	0	0	0	0	0	0	0	0	0	0	0	0	0	0	0	0	0	0	0	192	0	0	192	0	0	0	0	0	192	0	0	0	
0	0	0	0	0	0	0	0	0	0	0	0	0	0	0	0	0	0	0	0	0	0	0	0	0	0	192	192	0	0	0	0	0	0	0	192	192	0	0	0	0	0	0	0	0	0	0	0	0	0	0	0	0	0	0	0	0	0	0	0	0	0	0	0	0	0	0	0	0	0	0	0	0	0	0	0	0	0	0	0	
0	0	0	0	0	0	0	0	0	0	0	0	0	0	0	0	0	0	0	0	0	0	0	0	0	0	0	0	0	0	0	0	192	0	0	0	0	0	0	0	0	0	0	0	0	0	0	0	0	0	0	0	0	0	0	0	0	0	0	0	0	0	0	0	0	0	0	192	0	192	192	0	0	0	0	0	0	0	0	0	
0	0	0	0	0	192	0	0	0	0	0	0	0	0	192	0	0	0	0	0	0	0	0	0	192	0	0	0	0	0	0	0	0	0	0	0	0	0	0	0	0	0	0	0	0	0	0	0	0	0	0	0	0	0	0	0	0	0	0	0	0	0	0	0	192	0	0	0	0	0	0	0	0	0	0	0	0	0	0	0	
192	0	0	0	0	0	0	0	0	0	0	0	0	0	0	0	0	0	0	0	0	0	0	0	192	0	0	0	0	0	0	0	0	0	0	0	0	0	0	0	0	0	0	0	0	0	0	0	0	192	0	0	0	0	0	0	0	0	0	0	0	0	0	0	192	0	0	0	0	0	0	0	0	0	0	0	0	0	0	0	
0	0	0	0	0	0	0	0	0	0	0	0	0	0	0	0	0	0	0	0	0	0	0	0	0	0	0	0	0	0	192	0	0	0	0	0	0	0	0	0	0	0	0	0	0	0	0	0	0	0	0	0	0	0	0	192	0	0	0	0	0	0	0	192	0	0	0	0	0	0	0	192	0	0	0	0	0	0	0	0	
0	0	0	0	0	0	0	0	0	0	0	0	0	0	0	0	0	0	0	0	0	0	0	0	0	0	0	0	0	0	0	0	0	0	0	0	0	0	0	192	0	0	0	0	0	0	0	192	0	0	192	0	0	192	0	0	0	0	0	0	0	0	0	0	0	0	0	0	0	0	0	0	0	0	0	0	0	0	0	0	
0	0	0	0	0	0	0	0	192	0	192	0	0	0	0	0	192	0	0	0	0	0	0	0	0	0	0	0	192	0	0	0	0	0	0	0	0	0	0	0	0	0	0	0	0	0	0	0	0	0	0	0	0	0	0	0	0	0	0	0	0	0	0	0	0	0	0	0	0	0	0	0	0	0	0	0	0	0	0	0	
0	0	0	0	0	0	0	0	0	0	0	0	0	0	0	0	0	0	0	0	192	0	0	0	0	0	0	0	0	0	0	0	0	0	192	0	0	0	0	0	0	0	0	0	0	0	0	0	0	0	0	0	0	0	0	0	0	0	0	192	0	0	0	0	0	0	0	0	0	0	0	0	0	0	0	0	0	192	0	0	
0	0	0	0	0	0	0	0	0	0	0	0	0	0	0	0	0	0	0	0	0	0	0	0	0	192	0	0	0	0	0	0	0	0	0	0	0	0	0	0	0	0	0	0	0	0	0	0	0	0	0	0	0	0	0	0	0	0	0	0	0	0	0	0	0	0	0	192	0	192	192	0	0	0	0	0	0	0	0	0	
0	0	0	0	192	0	0	0	0	0	0	0	0	0	0	0	0	192	0	0	0	0	0	0	0	0	0	0	0	0	0	0	0	0	0	0	0	0	192	0	0	0	0	0	0	0	0	0	0	0	0	0	0	0	0	0	0	0	0	0	0	0	0	0	0	0	0	0	0	0	0	192	0	0	0	0	0	0	0	0	
0	0	0	192	0	0	0	0	0	0	0	0	0	0	0	0	0	0	0	0	192	0	0	0	0	0	0	0	0	0	0	192	0	0	0	0	0	0	0	0	0	0	0	0	0	0	0	0	0	0	0	0	0	0	0	0	0	0	0	0	0	0	0	0	0	0	0	0	0	0	0	0	0	0	0	0	0	192	0	0	
0	0	0	0	0	0	0	0	0	0	0	0	0	0	0	0	0	0	192	0	0	0	0	0	192	0	0	0	0	0	0	0	0	0	0	0	192	0	0	0	0	0	0	0	0	0	0	0	0	0	0	0	0	0	0	0	0	0	0	0	192	0	0	0	0	0	0	0	0	0	0	0	0	0	0	0	0	0	0	0	
0	0	0	0	0	192	0	0	0	0	0	0	0	0	0	0	0	0	0	0	0	0	0	0	192	0	0	0	0	0	0	0	0	0	0	192	0	0	0	0	0	0	0	0	0	0	0	0	0	0	0	0	0	192	0	0	0	0	0	0	0	0	0	0	0	0	0	0	0	0	0	0	0	0	0	0	0	0	0	0	
0	0	0	0	0	0	0	192	0	192	0	0	0	192	0	0	0	0	0	0	0	0	0	0	0	0	0	0	0	0	0	0	0	0	0	0	0	0	0	0	0	0	0	0	0	0	0	0	0	0	0	0	0	0	0	0	0	0	0	0	0	0	0	0	0	0	0	0	0	0	0	0	0	0	0	0	0	0	0	192	
0	0	0	0	192	0	192	0	0	0	0	0	0	0	0	0	0	192	0	0	0	0	0	0	0	0	0	0	0	0	0	0	0	192	0	0	0	0	0	0	0	0	0	0	0	0	0	0	0	0	0	0	0	0	0	0	0	0	0	0	0	0	0	0	0	0	0	0	0	0	0	0	0	0	0	0	0	0	0	0	
0	0	0	0	0	192	0	0	0	0	0	0	0	0	0	0	0	0	0	0	0	0	0	0	0	0	0	0	0	192	0	0	0	0	0	0	0	0	0	0	0	0	0	0	0	0	0	192	0	0	0	0	0	192	0	0	0	0	0	0	0	0	0	0	0	0	0	0	0	0	0	0	0	0	0	0	0	0	0	0	
0	0	0	0	0	0	192	0	0	0	0	0	0	0	0	0	0	0	0	0	0	0	0	0	0	0	0	0	0	0	0	0	0	0	0	0	0	0	0	0	0	0	0	192	0	0	0	0	192	0	0	0	0	0	0	192	0	0	0	0	0	0	0	0	0	0	0	0	0	0	0	0	0	0	0	0	0	0	0	0	
0	0	0	0	0	0	0	0	0	0	0	0	0	0	0	0	0	0	0	0	0	0	0	0	0	0	0	0	0	0	0	0	0	0	0	0	0	0	0	0	0	0	192	0	192	0	0	0	192	0	0	0	0	0	0	0	0	0	0	0	0	0	0	0	0	192	0	0	0	0	0	0	0	0	0	0	0	0	0	0	
0	0	0	0	0	0	0	0	0	0	0	0	0	0	0	0	0	0	0	0	0	0	0	0	0	0	0	0	0	0	0	0	0	0	0	0	0	0	0	0	0	192	0	0	192	0	0	0	192	0	0	0	0	0	0	0	0	0	0	0	0	0	0	0	0	0	0	0	0	0	0	0	0	0	0	192	0	0	0	0	
0	0	0	0	0	0	192	0	0	0	0	0	0	0	0	0	0	0	0	0	0	0	0	0	0	0	0	0	0	0	0	0	0	0	0	0	0	0	0	0	192	0	0	0	0	192	0	0	192	0	0	0	0	0	0	0	0	0	0	0	0	0	0	0	0	0	0	0	0	0	0	0	0	0	0	0	0	0	0	0	
0	0	0	0	0	0	0	0	0	0	0	0	0	0	0	0	0	0	0	0	0	0	0	0	0	0	0	0	0	0	0	0	0	0	0	0	0	0	0	0	0	192	192	0	0	0	0	0	0	0	0	0	0	0	0	0	0	0	0	0	0	192	0	0	0	192	0	0	0	0	0	0	0	0	0	0	0	0	0	0	
0	0	0	0	0	0	0	0	0	0	0	0	0	0	0	0	0	0	0	0	0	0	0	0	0	0	0	0	0	0	0	0	0	0	0	0	0	0	0	0	0	0	0	192	0	0	0	0	0	0	0	0	0	0	0	0	0	0	0	0	0	192	0	0	0	192	0	0	0	0	0	0	0	0	0	0	192	0	0	0	
0	0	0	0	0	0	0	0	0	0	0	0	0	0	0	0	0	0	0	0	0	0	0	0	0	0	0	0	0	0	0	0	0	0	0	0	0	0	0	0	0	0	0	0	0	0	0	0	0	0	0	0	0	0	0	0	0	0	0	192	0	0	0	0	0	0	0	0	0	192	0	0	0	192	0	0	0	192	0	0	
0	0	0	0	0	0	0	0	0	0	0	0	0	0	192	0	0	0	0	192	0	0	0	0	0	0	0	0	0	192	0	0	0	0	0	0	0	0	0	192	0	0	0	0	0	0	0	0	0	0	0	0	0	0	0	0	0	0	0	0	0	0	0	0	0	0	0	0	0	0	0	0	0	0	0	0	0	0	0	0	
0	0	0	0	0	0	0	0	0	0	0	0	0	0	0	0	0	0	0	0	0	0	0	0	0	0	0	0	0	0	0	0	0	0	0	0	0	0	0	0	192	192	192	192	0	0	0	0	0	0	0	0	0	0	0	0	0	0	0	0	0	0	0	0	0	0	0	0	0	0	0	0	0	0	0	0	0	0	0	0	
192	0	0	0	0	0	0	0	0	0	0	0	0	0	0	0	0	0	0	0	0	0	0	0	0	0	0	192	0	0	0	0	0	0	0	0	0	0	0	0	0	0	0	0	0	0	0	0	0	0	0	0	0	0	0	0	0	0	192	0	192	0	0	0	0	0	0	0	0	0	0	0	0	0	0	0	0	0	0	0	
0	0	0	0	0	0	0	0	0	0	0	0	0	0	192	0	0	0	0	192	0	0	0	0	0	0	0	0	0	192	0	0	0	0	0	0	0	0	0	0	0	0	0	0	0	0	0	0	0	0	0	0	0	0	192	0	0	0	0	0	0	0	0	0	0	0	0	0	0	0	0	0	0	0	0	0	0	0	0	0	
0	0	0	0	0	0	0	0	0	0	0	192	0	0	0	0	0	0	0	0	0	0	0	0	0	0	0	0	0	0	0	0	0	0	0	0	0	0	0	0	0	0	0	0	0	0	0	0	0	0	0	0	0	0	0	0	0	0	0	0	0	0	0	0	0	0	0	0	192	0	0	0	0	0	192	0	0	0	192	0	
0	0	192	0	0	0	0	0	0	0	0	0	192	0	0	0	0	0	0	0	0	0	0	0	0	0	0	0	0	0	0	0	0	0	0	0	0	0	0	0	0	0	0	0	0	0	0	0	0	0	0	0	0	0	0	0	0	0	0	0	0	192	0	0	0	0	0	192	0	0	0	0	0	0	0	0	0	0	0	0	
0	0	0	0	0	192	0	0	0	0	0	0	0	0	0	0	0	0	0	0	0	0	0	0	0	0	0	0	0	192	0	0	0	0	0	0	192	0	0	192	0	0	0	0	0	0	0	0	0	0	0	0	0	0	0	0	0	0	0	0	0	0	0	0	0	0	0	0	0	0	0	0	0	0	0	0	0	0	0	0	
0	0	0	0	0	0	0	0	0	0	192	0	0	0	0	0	192	0	0	0	0	0	0	0	0	0	0	0	0	0	0	0	0	0	0	0	0	0	0	0	0	0	0	0	0	0	0	0	0	0	192	0	0	0	0	0	0	0	0	0	0	0	0	0	0	0	192	0	0	0	0	0	0	0	0	0	0	0	0	0	
0	0	0	0	0	0	0	0	0	0	0	0	0	0	0	0	0	0	0	0	0	0	0	0	0	0	0	0	192	0	0	0	0	0	0	0	0	0	0	0	192	0	0	0	0	0	0	0	0	0	0	0	0	0	0	0	0	0	0	0	0	0	0	192	0	0	0	0	0	0	0	192	0	0	0	0	0	0	0	0	
0	0	0	0	0	0	0	0	0	0	0	0	0	0	0	0	0	0	0	0	0	0	0	0	0	0	0	0	0	0	0	0	0	0	0	0	0	0	0	0	0	0	0	0	0	0	0	0	0	0	0	0	0	0	0	0	0	192	0	0	0	0	0	0	0	0	0	0	192	0	0	0	0	0	192	0	0	0	192	0	
0	0	0	0	0	0	0	0	0	0	0	0	0	0	0	0	0	0	0	0	0	0	0	0	0	0	0	0	0	0	0	0	0	0	0	0	0	0	0	0	0	0	0	0	0	0	0	0	0	0	0	0	0	0	0	0	192	0	0	0	0	0	0	0	0	0	0	0	192	0	0	0	0	192	0	0	0	0	192	0	
0	0	0	0	0	0	0	192	0	0	0	0	0	0	0	0	0	0	0	0	0	0	0	0	0	0	0	0	0	0	0	0	0	0	0	0	0	0	0	0	0	0	0	0	0	0	0	0	0	192	0	0	0	0	0	0	0	0	0	0	0	0	192	0	0	0	192	0	0	0	0	0	0	0	0	0	0	0	0	0	
0	0	0	192	0	0	0	0	0	0	0	0	0	0	0	0	0	0	0	0	192	0	0	0	0	0	0	0	0	0	0	192	0	0	0	0	0	0	0	0	0	0	0	0	0	0	192	0	0	0	0	0	0	0	0	0	0	0	0	0	0	0	0	0	0	0	0	0	0	0	0	0	0	0	0	0	0	0	0	0	
192	0	0	0	0	0	0	0	0	0	0	0	0	0	0	0	0	0	192	0	0	0	0	0	0	0	0	0	0	0	0	0	0	0	0	192	0	0	0	0	0	0	0	0	0	0	0	0	0	192	0	0	0	0	0	0	0	0	0	0	0	0	0	0	0	0	0	0	0	0	0	0	0	0	0	0	0	0	0	0	
0	0	0	0	0	0	0	0	0	0	0	0	0	0	0	0	0	0	0	0	0	0	0	0	0	0	0	0	0	0	0	0	0	0	0	0	0	0	0	0	0	0	0	0	192	192	0	0	0	0	0	0	192	0	0	0	0	0	0	0	0	0	0	0	0	192	0	0	0	0	0	0	0	0	0	0	0	0	0	0	
0	0	0	0	0	0	0	0	0	0	0	192	0	0	0	0	0	0	0	0	0	0	0	0	0	0	0	0	0	0	0	0	0	0	0	0	0	0	0	0	0	0	0	0	0	0	0	0	0	0	0	0	0	0	0	0	0	0	192	0	0	0	0	0	0	0	0	0	0	192	0	0	0	0	0	0	0	0	192	0	
0	192	0	0	0	0	0	0	0	0	0	0	0	0	0	0	0	0	0	0	0	0	0	0	0	0	0	0	192	0	0	0	0	0	0	0	0	0	0	0	0	0	0	0	0	0	0	0	0	0	0	0	0	0	0	192	0	0	0	0	0	0	0	0	0	0	0	0	0	0	0	0	0	0	0	192	0	0	0	0	
192	0	0	0	0	0	0	0	0	0	0	0	0	0	192	0	0	0	0	0	0	0	0	0	0	0	192	192	0	0	0	0	0	0	0	0	0	0	0	0	0	0	0	0	0	0	0	0	0	0	0	0	0	0	0	0	0	0	0	0	0	0	0	0	0	0	0	0	0	0	0	0	0	0	0	0	0	0	0	0	
0	0	0	0	0	0	0	0	0	0	0	0	0	0	0	0	0	0	0	0	0	0	0	0	0	0	0	0	0	0	0	0	0	0	0	0	0	0	0	0	0	192	0	0	192	192	0	0	0	0	0	0	0	0	0	0	0	0	0	0	0	192	0	0	0	0	0	0	0	0	0	0	0	0	0	0	0	0	0	0	
0	0	0	0	0	0	0	0	0	0	192	0	0	192	0	0	0	0	0	0	0	0	0	0	0	0	0	0	0	0	0	0	0	0	0	0	0	0	0	0	0	0	0	0	0	0	0	0	0	0	0	0	0	0	192	0	0	0	192	0	0	0	0	0	0	0	0	0	0	0	0	0	0	0	0	0	0	0	0	0	
0	0	0	0	0	0	0	0	0	0	0	0	0	0	0	0	0	0	0	0	0	0	0	192	0	192	0	0	0	0	0	0	192	0	0	0	0	0	0	0	0	0	0	0	0	0	0	0	0	0	0	0	192	0	0	0	0	0	0	0	0	0	0	0	0	0	0	0	0	0	0	0	0	0	0	0	0	0	0	0	
0	0	0	0	0	0	0	0	0	0	0	0	0	0	0	0	0	0	0	0	0	0	0	0	0	0	0	0	0	0	0	0	0	0	0	0	0	0	0	0	0	0	0	0	0	0	0	0	0	0	0	192	0	0	0	0	192	192	0	0	0	0	0	0	0	0	0	0	0	0	0	0	0	192	0	0	0	0	0	0	
0	0	0	0	0	0	0	0	0	0	0	0	0	0	0	0	0	0	0	0	0	0	0	0	0	192	0	0	0	0	0	0	192	0	0	0	0	0	0	0	0	0	0	0	0	0	192	0	0	0	0	0	0	0	0	0	0	0	0	0	0	0	192	0	0	0	0	0	0	0	0	0	0	0	0	0	0	0	0	0	
0	0	192	0	0	0	0	0	0	0	0	0	0	0	0	0	0	0	0	0	0	0	0	192	0	192	0	0	0	0	0	0	192	0	0	0	0	0	0	0	0	0	0	0	0	0	0	0	0	0	0	0	0	0	0	0	0	0	0	0	0	0	0	0	0	0	0	0	0	0	0	0	0	0	0	0	0	0	0	0	
0	0	0	0	0	0	0	0	0	0	0	0	0	0	0	0	0	192	0	0	0	0	0	0	0	0	0	0	192	0	0	0	0	192	0	0	0	0	0	0	0	0	0	0	0	0	0	0	0	0	0	0	0	0	0	192	0	0	0	0	0	0	0	0	0	0	0	0	0	0	0	0	0	0	0	0	0	0	0	0	
0	0	0	0	0	0	0	0	0	0	0	0	192	0	0	192	0	0	0	0	0	192	192	0	0	0	0	0	0	0	0	0	0	0	0	0	0	0	0	0	0	0	0	0	0	0	0	0	0	0	0	0	0	0	0	0	0	0	0	0	0	0	0	0	0	0	0	0	0	0	0	0	0	0	0	0	0	0	0	0	
0	0	0	0	0	0	0	0	0	0	0	0	0	0	0	0	0	0	0	0	0	0	0	0	0	0	0	0	0	0	0	0	0	0	0	0	0	0	0	0	0	0	0	0	0	0	192	0	0	0	0	0	0	0	0	0	0	192	0	0	0	0	0	0	0	0	0	0	192	0	0	0	0	0	0	192	0	0	0	0	
0	0	0	0	0	0	0	0	0	0	0	192	0	0	0	0	0	0	192	0	0	0	0	0	0	0	0	0	0	0	0	0	0	0	0	0	0	0	0	0	0	0	0	0	0	0	0	0	0	0	0	192	0	0	0	0	192	0	0	0	0	0	0	0	0	0	0	0	0	0	0	0	0	0	0	0	0	0	0	0	
0	0	0	0	0	0	0	0	0	0	192	0	0	0	0	0	0	0	0	0	0	0	0	0	0	0	0	0	0	0	0	0	0	0	0	0	0	0	0	0	0	0	192	0	0	0	0	0	0	0	0	0	0	0	0	0	0	0	0	0	0	0	0	192	0	0	0	0	0	0	0	0	0	192	0	0	0	0	0	0	
0	0	192	0	0	0	0	0	0	0	0	0	0	0	0	192	0	0	0	0	0	0	0	192	0	0	0	0	0	0	0	0	0	0	0	0	0	0	0	0	0	0	0	0	0	192	0	0	0	0	0	0	0	0	0	0	0	0	0	0	0	0	0	0	0	0	0	0	0	0	0	0	0	0	0	0	0	0	0	0	
0	0	0	192	0	0	0	0	0	0	0	0	0	0	0	0	0	0	0	0	0	0	0	0	0	0	0	0	0	0	0	192	0	0	192	0	0	0	0	0	0	0	0	0	0	0	192	0	0	0	0	0	0	0	0	0	0	0	0	0	0	0	0	0	0	0	0	0	0	0	0	0	0	0	0	0	0	0	0	0	
0	0	0	0	0	0	0	0	0	0	0	0	0	0	0	0	0	0	0	0	0	0	0	0	0	0	0	0	0	0	0	0	0	0	0	0	0	0	0	0	0	0	0	0	0	0	0	0	0	0	0	192	0	0	0	0	192	192	0	0	0	0	192	0	0	0	0	0	0	0	0	0	0	0	0	0	0	0	0	0	
0	0	0	0	0	0	0	192	0	192	0	0	0	192	0	0	0	0	0	0	0	0	0	0	0	0	0	0	0	0	0	0	0	0	0	0	0	192	0	0	0	0	0	0	0	0	0	0	0	0	0	0	0	0	0	0	0	0	0	0	0	0	0	0	0	0	0	0	0	0	0	0	0	0	0	0	0	0	0	0	
36	22	9	63	67	19	26	39	39	55	75	2	26	64	43	10	74	44	71	26	5	24	43	16	70	0	70	25	76	2	3	3	68	42	15	9	9	6	73	73	42	18	12	65	67	43	6	44	2	32	4	72	37	5	59	26	10	62	19	43	43	34	27	4	32	58	27	78	50	0	13	66	43	76	26	25	50	72	27	28	2	44	24	52	19	18	27	26	14	2	16	61	19	12	28	20	19	48	6	47	20	3	67	4	10	28	39	57	27	30	41	17	75	78	13	51	15	19	23	35	29	16	14	6	57	42	69	18	57	55	2	58	65	60	58	36	52	44	38	42	12	70	23	28	62	12	10	42	75	48	16	59	52	35	42	74	22	40	67	42	31	61	42	24	59	16	43	1	40	43	67	18	50	62	15	9	23	52	43	66	51	59	38	27	19	64	76	64	6	48	26	29	6	39	13	2	67	68	34	25	24	34	22	1	50	14	70	38	63	71	79	37	11	72	14	60	68	15	0	54	38	25	18	50	79	2	65	29	60	57	42	2	41	57	26	16	51	32	62	67	24	74	3	41	68	54	70	13	37	79	20	62	40	35	58	8	25	62	53	41	69	31	51	28	11	33	63	32	37	66	71	34	2	15	40	13	31	68	79	16	72	48	10	71	59	78	20	79	4	59	43	54	64	54	77	40	14	74	53	34	72	69	65	1	77	4	15	51	26	68	26	4	75	1	64	1	14	26	72	53	21	79	26	42	77	18	68	53	13	78	12	74	28	50	0	25	9	44	46	1	52	41	74	64	50	59	78	2	43	12	58	49	59	13	50	20	54	22	0	46	7	41	53	33	30	49	4	54	66	14	37	56	64	55	56	68	55	58	26	41	51	35	23	17	0	47	28	76	77	60	24	6	60	49	62	39	41	66	73	15	48	59	73	3	23	65	26	52	32	32	52	3	8	79	32	44	73	36	35	13	16	63	9	20	65	19	26	27	65	24	69	4	55	14	8	9	45	60	47	66	74	54	51	55	39	1	27	71	26	55	5	67	77	37	12	27	35	3	31	54	39	36	54	0	31	4	35	78	74	50	78	22	27	9	65	56	35	70	43	0	29	11	65	19	6	7	31	37	7	61	31	5	9	47	21	67	60	27	0	66	4	79	73	25	11	70	76	21	2	74	49	41	56	55	7	6	54	13	47	26	39	74	77	47	41	28	10	15	56	14	66	43	7	67	66	14	28	58	10	27	3	72	15	52	67	41	5	14	33	31	55	9	4	7	40	35	1	14	64	71	15	31	62	41	5	20	27	59	28	40	26	10	27	67	3	30	46	8	63	53	43	11	65	34	14	67	66	54	2	26	20	55	47	18	46	41	49	37	31	26	17	75	70	26	14	56	31	77	2	54	43	25	23	16	14	44	77	74	58	71	44	37	64	50	25	66	76	61	67	61	59	44	45	3	27	46	26	46	41	78	71	68	54	67	18	54	15	17	49	74	16	31	29	14	32	43	28	9	41	66	52	72	36	62	3	74	51	18	6	40	30	60	31	29	62	27	6	75	69	62	40	36	47	14	37	73	20	70	32	9	65	52	79	32	32	65	0	45	42	50	61	1	10	77	76	6	78	11	18	72	2	48	77	48	52	59	14	9	34	36	58	32	10	77	24	47	59	13	20	32	59	79	73	8	9	68	51	54	7	26	66	29	7	14	31	16	9	10	32	13	72	42	36	76	21	56	35	67	15	4	56	22	51	55	28	25	17	32	9	67	63	0	47	2	20	60	64	57	41	47	15	48	49	72	66	72	2	64	19	33	37	55	19	55	71	31	24	46	15	42	36	42	39	38	28	0	37	75	54	53	34	5	0	22	69	18	77	3	23	42	10	17	14	44	15	62	2	41	27	23	36	54	72	50	35	3	11	2	34	72	32	33	69	65	55	15	16	72	61	57	9	64	33	34	40	12	26	13	65	59	36	15	46	60	74	20	44	66	36	70	2	45	27	6	11	70	17	60	64	49	13	45	58	66	27	40	41	72	65	49	51	7	68	63	77	55	54	10	69	45	5	10	74	20	23	8	12	49	61	26	8	68	9	3	36	45	54	9	25	0	44	56	48	79	42	58	46	35	45	77	17	70	33	10	54	37	77	37	35	68	16	52	11	28	67	71	76	73	13	14	34	33	75	54	74	16	69	9	22	58	23	53	66	4	6	31	57	65	10	23	57	42	5	42	15	72	40	26	64	57	24	3	25	71	45	60	67	9	62	66	20	19	42	17	15	50	36	77	43	71	43	51	22	70	55	0	20	16	15	67	1	16	71	69	2	21	71	39	16	24	43	8	73	73	1	68	37	4	42	2	59	46	49	74	55	17	3	63	4	72	59	71	8	28	20	20	76	43	41	37	73	72	62	34	16	25	36	50	28	78	51	67	58	75	21	4	11	49	50	33	19	39	52	24	30	43	70	25	38	73	38	31	1	37	70	50	1	60	79	23	22	15	22	75	62	15	28	18	79	28	29	12	47	9	59	20	57	52	9	8	70	30	3	65	55	59	76	78	14	0	72	71	19	73	24	62	69	37	53	46	16	47	53	32	47	31	62	64	16	24	33	12	59	10	14	17	31	41	0	8	27	31	29	32	38	7	40	71	38	4	68	58	0	21	21	41	13	1	48	22	15	5	0	41	55	25	40	17	9	13	29	54	34	79	27	76	59	32	50	13	57	42	48	36	77	71	78	43	69	11	54	43	3	57	36	0	1	16	36	29	8	64	22	53	0	9	13	22	71	8	49	19	56	73	78	30	55	3	38	38	51	38	38	64	72	59	60	4	7	15	47	26	44	18	5	7	58	64	56	52	9	59	70	18	24	16	43	9	24	50	24	19	79	16	79	16	17	68	48	25	65	17	2	69	78	79	44	41	6	38	51	32	73	42	69	69	36	32	79	61	32	47	32	27	33	74	74	51	67	7	51	63	43	79	52	5	32	18	50	60	8	27	26	17	49	54	75	47	73	28	29	49	54	42	60	20	79	41	24	12	46	77	44	75	59	64	79	24	1	30	52	63	26	18	44	69	71	35	78	25	47	74	14	66	68	48	58	40	37	65	56	63	78	41	58	21	55	21	74	28	71	44	70	18	78	49	12	8	3	76	42	50	8	28	76	13	1	61	5	60	37	43	34	48	72	60	20	65	34	15	73	12	26	5	31	63	25	19	43	66	15	35	57	4	54	50	11	5	69	49	2	57	74	34	51	41	48	52	8	27	40	30	0	44	35	51	79	8	5	22	23	7	41	1	53	16	9	79	40	38	25	36	14	69	65	61	22	49	66	43	34	70	35	67	40	7	4	54	73	44	71	32	53	48	63	12	74	46	50	19	60	8	68	45	51	58	72	48	16	21	51	42	53	36	45	31	55	3	39	34	40	55	72	35	67	41	64	31	71	2	47	48	29	77	18	79	25	4	37	18	13	66	62	18	39	65	68	41	33	36	17	65	79	66	22	14	40	20	22	21	63	74	61	70	22	5	28	56	35	12	74	0	17	56	8	43	66	67	79	52	8	15	28	27	77	69	74	36	78	61	32	8	72	78	60	24	40	17	24	39	29	22	61	65	28	9	9	64	52	10	7	3	11	65	30	31	27	66	66	76	38	77	79	6	50	70	27	60	49	26	10	17	0	46	38	3	53	6	40	56	70	20	29	73	42	78	25	10	75	23	73	24	63	13	0	79	16	20	34	64	25	18	66	35	43	75	24	57	69	63	5	56	27	73	29	35	24	30	33	69	36	64	73	20	12	70	74	30	69	9	4	69	33	40	73	9	16	20	10	10	3	31	8	75	76	5	13	2	50	62	33	59	16	12	5	10	7	25	8	36	21	52	38	51	58	70	45	33	7	44	56	26	46	58	72	36	4	39	1	54	68	6	28	57	68	44	31	13	24	45	3	61	8	31	53	15	23	73	18	38	39	49	8	62	26	75	69	29	51	8	8	58	8	42	67	20	68	61	61	78	56	4	68	18	69	30	23	29	42	74	19	21	1	46	10	39	70	24	63	12	1	45	44	10	10	4	54	43	52	14	33	51	11	19	73	28	78	64	48	31	72	78	69	3	50	16	74	62	49	9	44	75	28	75	64	16	17	16	44	44	19	58	28	56	73	47	38	52	0	20	31	40	11	21	63	72	66	33	47	35	50	16	11	56	31	51	2	8	42	76	34	70	28	29	24	0	21	73	31	76	56	71	52	49	1	27	11	60	11	63	64	50	23	70	74	46	23	66	64	30	74	4	17	38	3	24	12	49	38	75	8	66	43	13	31	32	36	30	34	23	28	64	44	68	71	21	29	48	11	56	71	76	9	6	2	34	27	50	53	30	28	2	68	71	71	19	17	42	78	49	52	76	14	75	7	56	68	34	65	19	77	62	49	68	74	46	41	6	20	34	18	21	32	72	60	11	63	74	61	38	42	78	18	54	28	27	39	53	38	57	11	32	65	10	26	75	5	35	27	0	73	2	18	77	59	9	14	64	56	67	74	53	44	62	7	25	40	50	46	3	74	79	71	41	45	75	35	43	30	60	54	51	54	46	23	60	12	20	73	49	10	35	2	56	74	40	67	51	58	60	29	46	54	73	63	29	42	41	72	51	76	45	70	37	5	14	62	35	21	37	24	9	74	75	13	6	28	22	42	19	1	17	31	57	6	6	38	34	56	21	41	6	32	49	40	18	79	32	1	43	12	48	50	37	50	18	36	26	5	3	37	70	25	66	49	52	15	23	25	44	53	68	28	18	59	72	27	63	18	42	76	70	2	36	59	6	55	69	21	8	47	24	26	44	15	17	18	59	77	61	34	44	55	1	72	39	44	29	35	25	1	61	79	17	26	5	22	62	29	72	43	48	23	3	60	26	1	50	8	15	52	56	73	1	71	33	61	77	15	0	6	9	37	0	74	61	65	19	4	16	4	5	54	59	64	50	71	78	40	36	31	46	20	74	69	30	53	47	55	11	15	78	60	8	59	79	64	70	34	42	45	78	44	56	24	19	59	33	66	20	62	36	44	70	3	19	3	12	17	14	5	11	11	76	26	28	62	53	51	9	10	1	6	14	62	64	30	1	50	64	63	57	74	65	76	5	35	65	61	72	20	17	68	75	32	13	37	73	11	2	74	74	22	53	54	46	6	3	53	4	72	70	47	2	50	64	22	73	37	41	10	10	66	19	59	35	45	13	52	21	2	6	9	47	62	62	58	38	58	4	6	15	24	29	41	56	77	41	37	53	46	75	24	47	54	30	61	79	2	43	39	24	18	54	7	46	31	22	72	56	31	24	59	68	17	2	7	76	77	48	75	18	79	63	29	57	21	74	75	28	72	77	44	65	46	72	57	42	44	70	43	20	59	24	3	73	52	42	62	12	56	48	55	50	36	61	52	27	35	55	70	39	60	62	52	27	64	11	62	70	46	54	43	13	65	53	22	50	30	28	34	62	24	58	78	76	11	14	49	2	13	13	16	26	12	68	43	14	63	39	62	43	50	58	43	76	52	5	43	13	1	39	27	30	2	39	75	29	56	79	35	37	34	48	41	52	44	36	27	27	78	5	26	63	55	65	35	64	31	56	69	45	17	40	26	74	14	26	58	68	24	39	32	75	41	30	55	25	74	25	12	12	20	6	3	65	14	36	35	41	17	65	45	0	18	68	31	21	65	5	27	56	71	73	43	69	37	50	31	55	33	48	4	79	63	38	5	27	4	21	33	46	0	11	39	49	37	67	75	35	7	0	44	39	20	10	54	27	77	66	19	42	27	11	63	71	27	4	46	12	61	62	48	27	15	66	43	18	46	57	8	29	75	34	9	3	34	58	7	65	79	26	68	66	66	36	63	7	74	64	42	37	39	50	16	8	8	20	28	40	30	45	19	65	51	44	65	24	23	53	52	43	44	4	19	45	0	7	13	22	11	78	7	8	74	46	65	1	63	24	70	35	15	24	38	70	53	64	26	62	21	73	75	35	38	46	32	78	32	41	76	18	57	79	16	12	77	71	48	19	64	59	9	34	53	11	16	64	62	75	69	14	15	12	67	1	53	57	74	20	73	52	78	65	1	23	36	70	9	15	18	57	63	12	38	60	54	78	66	60	28	2	54	32	6	36	65	28	11	2	60	32	14	29	26	20	78	37	42	13	74	25	0	59	79	44	13	26	79	50	18	47	63	38	26	22	34	3	31	68	73	37	63	5	49	73	38	71	55	76	51	75	48	4	34	4	17	6	39	13	76	28	30	70	34	33	0	74	63	17	43	26	4	27	48	3	71	53	21	42	30	67	56	5	72	53	24	65	24	72	10	28	6	65	69	63	32	72	20	21	4	3	32	59	35	74	12	75	42	65	14	33	75	65	69	17	48	77	70	28	53	7	63	42	37	36	22	41	10	48	58	61	13	21	69	79	79	1	66	37	0	31	58	7	
21	55	58	43	52	16	71	45	45	45	65	60	25	10	78	56	78	47	24	73	35	69	72	55	19	22	38	13	6	74	29	66	6	59	19	33	10	1	68	17	13	6	7	12	23	34	38	12	65	63	74	31	24	19	27	37	55	46	43	14	37	70	76	79	7	49	19	77	32	4	4	77	8	3	22	68	17	4	13	56	66	43	29	77	31	30	28	7	54	39	38	29	70	30	73	70	68	21	66	15	17	13	18	26	61	55	11	24	59	21	30	41	74	22	74	79	60	76	2	26	18	57	22	60	29	77	24	22	29	56	40	72	53	29	7	26	73	6	17	5	19	47	72	62	31	67	25	1	67	34	48	77	34	39	4	39	37	20	8	60	68	33	5	7	25	8	52	17	12	18	62	49	71	55	12	18	50	2	6	12	71	73	39	24	46	8	71	63	16	54	62	75	23	13	23	3	60	6	57	66	70	25	47	64	17	32	32	7	4	4	6	62	24	46	11	0	54	54	70	69	56	54	65	70	23	54	53	76	11	32	59	49	46	29	77	12	7	54	34	8	18	36	36	29	6	31	75	37	76	64	2	39	62	2	33	62	20	28	33	34	56	40	27	76	18	47	39	5	11	9	16	7	45	48	46	26	33	29	57	23	63	24	28	55	64	75	46	67	30	15	42	21	17	29	7	68	3	61	31	43	76	73	76	50	21	41	53	67	9	72	20	69	78	61	2	67	47	50	66	39	2	71	21	22	70	58	4	48	65	68	74	70	4	11	38	62	76	39	19	54	3	52	70	20	8	48	74	64	44	72	66	37	69	24	1	31	40	31	19	17	41	51	7	2	10	60	63	5	48	42	68	13	22	19	36	5	51	33	73	22	17	43	75	72	26	12	68	38	21	27	28	38	20	17	43	40	13	30	7	2	12	28	47	75	24	18	33	71	3	7	60	7	42	62	31	8	19	58	44	25	66	36	3	9	56	52	0	70	40	1	63	49	46	25	20	51	50	9	63	45	52	30	18	1	70	11	63	56	43	50	43	72	48	34	74	14	15	42	73	63	18	74	32	65	46	68	13	3	60	57	54	62	14	75	9	74	8	25	25	36	31	35	35	22	58	41	41	51	27	5	48	12	31	52	19	68	3	30	1	13	23	66	30	5	49	65	12	39	26	73	4	64	76	24	3	48	76	65	43	39	47	4	11	28	35	35	61	78	27	19	31	64	48	5	25	40	73	0	12	7	33	59	68	69	33	28	53	9	52	27	32	19	41	77	56	59	31	67	55	51	71	16	73	12	24	13	55	52	11	12	66	35	4	50	61	14	5	50	48	6	70	60	66	28	60	6	5	28	48	36	52	44	67	40	38	23	24	0	14	51	37	34	4	77	76	57	32	69	74	57	26	50	28	7	6	68	42	8	67	57	24	27	40	51	64	40	77	33	4	77	27	55	53	75	78	39	78	36	39	79	13	62	22	49	73	57	71	28	72	70	58	18	23	75	74	58	45	60	4	31	1	16	24	33	43	11	52	5	29	37	7	70	61	53	42	16	34	43	40	55	69	1	32	5	10	21	8	52	68	68	70	35	74	56	18	3	17	47	22	6	39	4	58	45	10	3	27	5	70	1	19	71	79	7	29	77	12	18	11	15	3	14	20	24	47	0	1	76	52	74	79	26	59	9	16	70	10	64	12	28	43	74	13	30	62	31	23	62	3	19	12	55	46	19	56	20	74	76	12	20	71	30	37	31	66	45	47	5	73	69	39	62	20	31	78	44	37	34	9	42	8	4	8	11	15	54	49	38	16	48	49	30	10	23	45	18	32	28	40	74	58	33	51	33	12	52	24	79	23	55	73	10	62	29	24	49	36	45	77	39	0	4	68	22	26	4	30	2	57	29	30	45	19	19	10	51	4	25	22	47	52	17	75	6	42	76	74	30	66	28	20	61	3	45	76	55	29	69	6	51	31	3	26	4	8	75	4	59	16	75	14	8	43	49	59	9	54	79	66	37	0	9	67	5	13	20	36	55	2	34	6	61	17	4	57	53	26	15	31	12	64	35	71	8	25	22	38	56	76	36	12	79	11	40	35	19	31	38	0	52	62	77	31	43	5	19	60	40	27	11	35	21	9	50	21	30	47	56	50	44	11	61	38	51	79	54	9	52	14	18	44	5	35	11	56	14	25	18	79	33	18	9	25	70	13	4	19	20	38	24	20	58	33	22	54	41	66	5	73	62	64	76	50	12	78	79	55	63	45	63	46	43	55	37	40	66	46	24	45	18	73	27	52	31	21	53	18	62	72	49	28	6	9	25	44	30	67	46	2	7	48	26	7	28	24	30	40	3	6	64	5	74	75	21	33	37	78	22	76	7	54	64	16	68	62	67	21	71	50	57	59	49	35	74	61	49	9	74	15	13	26	26	10	1	3	72	76	25	53	16	48	68	30	27	78	19	24	44	73	63	11	57	69	62	6	44	34	12	26	62	18	32	48	71	20	62	54	34	3	7	4	13	49	51	48	24	11	31	40	1	46	16	9	27	52	49	21	4	34	38	29	60	42	52	7	60	65	58	5	69	44	29	63	47	22	7	3	32	57	37	35	24	79	45	11	56	49	6	12	9	71	14	59	36	78	35	42	11	75	25	69	67	7	1	65	74	69	20	53	43	78	36	71	13	20	14	16	21	48	57	14	19	45	60	19	24	38	52	51	58	38	26	40	12	33	67	1	31	68	50	79	40	55	8	9	20	0	29	3	35	72	29	64	2	67	0	17	20	65	47	17	14	42	46	56	12	37	72	28	74	58	30	77	19	54	76	18	0	4	58	79	78	65	16	8	12	51	54	34	62	56	4	15	32	12	26	75	22	37	65	43	59	24	31	41	13	11	16	71	44	75	45	5	15	31	13	6	2	30	1	64	31	28	38	67	74	9	31	10	4	27	21	34	69	12	78	49	14	66	30	37	77	40	73	23	38	20	66	20	43	12	72	1	41	28	5	34	54	30	38	35	42	36	34	59	36	60	59	65	54	60	74	26	29	29	26	7	5	15	9	68	64	12	39	76	28	11	65	7	34	72	2	8	25	7	76	37	68	64	69	19	42	4	34	38	45	73	25	31	16	60	33	41	17	13	10	5	47	7	18	56	38	24	21	20	55	48	17	37	34	49	6	36	63	45	72	14	76	58	51	51	66	49	66	10	28	18	39	52	49	6	65	47	35	63	59	14	61	63	28	36	69	72	8	31	54	29	61	76	49	56	8	3	62	11	64	61	64	4	59	45	16	65	2	60	7	14	3	44	39	37	76	5	33	52	18	2	34	76	55	49	76	70	46	67	15	31	67	53	30	54	20	69	47	27	14	37	29	19	18	54	76	30	38	59	61	66	22	22	23	45	27	28	17	75	60	57	22	1	66	62	47	71	16	6	51	69	72	72	70	74	13	21	5	68	8	57	37	17	10	0	59	17	70	35	10	14	6	46	62	3	35	7	50	21	22	39	43	20	6	28	51	25	7	40	35	64	40	60	16	14	13	18	9	4	66	37	75	1	44	17	53	4	20	28	59	12	71	58	9	68	26	22	8	35	44	78	23	72	73	62	52	73	46	47	1	74	75	33	1	4	33	28	76	49	49	17	79	70	1	32	11	77	4	26	13	62	10	38	50	22	67	36	21	29	14	57	49	63	26	69	73	37	51	24	76	57	6	45	24	29	75	66	30	15	14	68	57	49	2	31	41	61	41	30	22	68	21	47	26	71	24	9	11	74	18	12	35	6	77	55	78	18	70	9	8	50	45	39	15	5	63	78	49	56	43	59	9	39	12	12	6	64	32	22	35	39	59	30	71	55	16	21	2	48	49	20	48	49	15	8	35	24	62	68	48	41	19	46	58	77	56	41	40	59	61	62	76	0	44	9	70	56	35	70	20	35	2	76	47	45	72	29	15	74	43	8	57	39	4	55	19	56	63	24	71	35	39	30	25	33	48	42	10	18	56	18	5	34	61	14	39	72	16	28	48	34	19	41	79	37	72	20	55	39	1	3	33	0	49	53	61	69	38	78	13	13	51	71	69	1	57	12	68	68	70	45	75	4	50	74	16	71	75	78	20	4	10	3	47	26	35	47	13	71	76	10	79	68	41	30	79	71	0	35	38	52	50	75	36	37	50	23	71	17	48	50	60	12	79	39	35	7	73	10	57	27	72	73	31	59	6	10	64	66	69	73	59	47	1	53	24	46	54	3	21	38	70	13	25	3	16	41	43	15	45	28	45	41	72	36	45	30	16	14	65	61	51	29	54	59	30	40	73	34	29	56	41	24	76	22	1	23	56	13	41	64	59	38	63	70	37	27	5	65	38	40	16	28	76	62	42	17	31	2	20	44	18	15	22	30	14	53	32	18	26	51	50	64	21	47	18	41	30	56	53	72	68	58	36	61	9	7	28	20	34	70	64	39	18	35	58	5	6	4	8	38	42	22	33	36	4	53	3	65	57	23	42	33	31	19	9	59	44	7	3	10	26	59	2	37	16	72	46	35	31	51	19	5	64	42	56	19	7	37	9	27	16	56	20	24	33	71	35	79	67	62	13	46	19	28	6	47	8	48	71	6	53	46	77	17	8	7	43	13	6	0	79	23	30	27	73	28	38	0	78	36	34	44	24	53	49	37	51	76	9	5	42	37	72	0	70	73	44	12	28	27	7	23	50	77	2	67	78	33	23	21	79	48	69	14	3	48	34	75	13	2	28	63	46	3	3	49	23	23	60	11	66	44	21	46	59	67	65	19	0	56	19	9	19	57	64	72	57	37	77	75	33	24	72	10	25	12	72	44	28	5	67	61	22	58	71	57	59	10	12	33	58	49	53	34	35	51	29	61	46	5	66	67	73	14	7	77	47	14	44	3	23	66	73	14	76	21	45	5	37	53	64	58	11	2	27	51	68	78	34	78	9	48	3	11	9	66	71	51	76	20	37	15	72	78	13	45	48	59	47	45	44	23	61	63	61	44	75	26	32	70	25	46	21	65	7	1	0	22	26	9	78	51	77	16	41	28	11	36	9	78	53	77	76	43	8	76	57	56	62	58	75	28	43	29	64	16	24	44	44	67	66	68	11	54	20	51	25	26	43	49	30	79	8	40	46	76	47	73	60	71	26	34	13	38	9	72	29	48	76	29	77	63	43	12	39	8	73	71	45	6	34	48	62	30	55	60	58	27	76	49	24	43	10	72	21	76	13	49	56	50	6	64	22	45	30	77	22	29	15	5	22	22	61	77	13	62	64	38	72	39	9	25	19	77	65	3	29	31	34	68	76	30	10	2	38	26	33	54	46	33	42	9	25	3	34	2	59	31	41	67	5	33	64	21	23	56	54	71	54	59	34	40	72	78	24	19	74	20	63	16	26	7	68	73	11	49	45	50	72	57	12	69	12	66	5	19	52	55	40	56	28	24	5	56	25	10	44	5	73	9	36	7	30	23	56	68	36	59	59	79	56	58	36	6	46	4	39	71	69	13	27	28	35	59	63	61	33	11	69	23	15	68	27	45	49	30	31	43	11	37	55	42	60	72	55	22	73	16	75	32	9	53	37	1	45	25	74	74	75	12	31	15	64	60	6	21	44	14	67	52	7	15	58	53	37	70	34	36	35	6	79	6	33	49	61	29	65	38	63	50	44	21	63	62	76	30	68	50	53	20	79	67	31	56	26	74	41	9	79	47	57	58	54	31	3	49	26	71	62	59	15	5	18	60	50	37	48	25	40	46	43	79	29	47	15	46	40	16	39	71	36	22	34	43	8	58	40	12	43	10	47	38	5	34	3	71	51	69	35	17	54	12	25	79	13	52	52	23	56	0	18	56	60	75	39	61	67	16	71	33	78	22	35	73	59	57	28	62	16	59	69	5	45	64	20	61	25	23	63	54	61	57	36	58	19	61	78	72	30	70	48	53	51	41	27	21	78	62	33	48	34	3	26	36	45	57	54	21	8	29	74	57	22	70	75	22	60	75	50	3	55	8	78	61	62	35	37	32	34	48	25	63	63	79	72	30	25	59	5	43	69	72	4	62	49	33	1	13	38	43	15	57	69	62	51	47	75	71	59	67	72	32	56	2	78	11	31	72	71	68	69	28	6	24	22	52	49	70	78	73	57	60	43	75	11	27	75	71	67	41	46	71	59	27	47	19	50	66	48	59	50	68	8	20	25	70	33	70	1	15	64	16	22	60	16	10	79	53	57	77	22	21	4	36	33	60	19	19	2	73	47	46	20	50	46	35	10	8	11	79	12	29	3	25	47	32	44	19	54	12	70	36	4	57	59	10	21	78	69	58	9	52	28	55	43	30	40	43	4	25	64	16	38	8	79	58	1	26	51	9	23	2	32	54	48	2	50	76	45	8	24	16	31	26	64	37	36	35	54	33	76	12	47	72	13	22	33	70	72	19	38	15	77	41	34	67	36	
6	6	18	13	1	5	4	20	10	6	1	7	20	17	8	16	13	20	1	14	3	19	10	11	12	19	16	4	12	2	19	2	16	16	1	10	17	15	18	16	12	19	4	3	2	13	16	2	4	11	18	12	1	3	12	8	19	12	15	15	12	5	5	4	8	13	4	18	5	7	15	16	3	5	1	18	12	3	13	10	13	16	18	16	14	16	8	1	5	9	7	4	18	7	20	6	6	15	13	5	3	19	3	17	1	4	7	9	10	18	13	8	4	2	7	9	17	2	6	7	1	15	7	17	18	9	2	19	20	9	17	1	11	9	17	6	13	8	13	3	8	3	1	5	15	7	13	20	7	9	20	9	2	7	17	17	18	14	4	6	12	1	12	7	15	11	19	3	12	9	2	17	7	14	14	20	17	16	20	8	20	19	17	19	8	14	1	12	6	15	11	17	20	6	18	16	6	5	20	13	14	13	18	9	20	15	2	13	13	19	10	2	3	6	6	13	14	6	6	8	3	4	15	10	8	1	9	14	18	17	19	16	12	6	16	1	9	8	18	14	14	10	14	17	15	6	13	17	9	8	8	5	6	15	20	16	14	4	13	5	14	2	14	4	12	4	14	11	4	7	15	17	16	2	15	16	12	16	17	14	9	14	7	3	1	6	6	15	16	9	10	5	8	11	10	14	1	11	6	1	20	11	18	8	19	3	16	17	14	14	5	12	15	9	15	13	18	7	16	12	8	14	7	9	13	7	1	10	14	1	5	12	5	13	5	2	11	15	14	14	1	5	5	5	9	4	2	8	13	13	4	1	14	10	16	10	15	1	13	12	9	7	10	2	6	9	9	5	6	14	8	11	13	10	1	3	5	2	2	9	16	12	11	7	9	7	9	13	2	6	14	9	9	6	9	11	1	7	6	6	5	10	14	5	13	4	16	14	14	6	3	1	13	3	10	15	2	14	4	2	16	3	16	9	14	3	12	7	14	11	1	4	11	5	3	4	16	12	14	9	9	14	5	13	10	4	7	6	4	15	2	1	5	13	6	5	7	15	14	2	14	5	12	14	3	16	2	10	4	4	14	6	12	8	6	13	13	8	7	16	10	6	7	6	5	4	14	9	8	7	7	11	11	12	10	2	4	2	3	16	7	8	4	10	10	7	10	12	7	10	9	5	8	6	11	13	1	5	10	12	12	4	11	3	16	6	14	13	13	11	2	1	2	6	1	8	12	3	6	5	13	5	13	2	14	7	3	10	15	6	8	15	8	2	5	13	4	11	10	15	3	10	6	15	15	4	2	8	2	11	14	6	1	15	4	10	14	11	9	3	1	6	10	9	4	3	12	9	12	16	15	3	5	16	2	4	15	11	11	7	7	1	16	6	8	3	15	11	2	8	6	5	6	9	14	6	1	7	16	12	10	5	3	15	8	13	1	1	11	5	10	6	15	13	14	7	9	4	16	3	4	9	6	5	13	2	13	1	14	10	15	15	12	3	7	5	12	13	4	5	1	9	2	12	7	6	7	16	9	6	5	16	13	15	14	5	2	2	5	12	4	1	2	14	12	4	15	12	16	5	13	9	16	7	6	3	9	12	9	8	9	13	13	4	6	1	13	7	4	10	15	6	16	9	4	10	15	13	2	10	6	11	9	14	5	10	1	5	14	7	16	2	1	13	5	14	13	8	13	11	1	1	16	4	7	10	9	15	15	14	7	9	11	10	10	1	9	3	16	16	2	15	7	14	4	16	7	5	16	8	13	13	15	3	10	9	4	3	14	11	4	8	14	9	16	8	5	5	5	7	8	9	8	4	14	6	13	15	8	5	15	2	14	3	5	4	3	10	5	1	12	1	5	1	15	16	14	15	3	12	8	14	1	15	13	13	8	13	7	13	6	4	10	6	4	13	8	3	12	8	9	2	9	8	14	14	15	11	15	14	3	14	12	12	11	3	3	1	11	11	12	8	1	5	6	6	12	7	10	14	6	7	8	9	2	6	7	16	1	5	7	6	10	8	12	14	7	8	3	1	3	9	12	12	13	15	15	9	6	1	14	15	4	6	4	13	12	3	3	16	13	15	15	14	9	9	1	16	6	6	2	1	10	8	13	7	1	2	11	14	6	13	1	15	14	10	1	6	1	16	1	8	10	15	9	16	2	15	3	13	6	11	3	8	4	11	8	1	11	6	14	10	11	15	1	11	12	15	4	9	4	3	8	14	10	7	9	10	15	3	3	9	7	14	16	13	9	13	8	5	5	6	2	16	9	10	3	10	13	7	1	2	14	4	1	9	3	5	2	2	9	4	8	12	10	8	6	2	7	9	9	1	15	10	7	7	4	10	10	2	5	4	6	12	6	10	1	11	5	13	8	1	12	10	8	7	11	12	13	9	12	10	4	13	1	8	14	9	10	12	9	15	10	15	16	16	6	5	2	13	14	10	12	1	14	1	8	10	16	8	13	3	12	12	14	4	14	15	13	1	8	11	8	7	6	5	12	12	12	1	14	10	5	3	12	5	2	8	7	1	5	15	7	3	4	2	5	7	6	13	1	14	2	8	16	14	6	11	12	12	9	5	16	16	6	6	7	10	5	8	10	1	7	13	15	7	11	7	16	4	4	10	8	9	6	8	5	10	9	5	4	15	13	14	3	11	4	16	14	12	4	3	2	14	1	16	5	12	6	11	15	2	2	7	3	1	12	4	12	9	10	8	6	5	13	12	4	3	13	14	6	6	15	16	15	2	1	4	1	15	13	13	15	12	16	8	4	6	2	4	9	5	11	8	15	13	11	7	7	4	5	16	10	14	1	16	13	14	4	8	2	14	1	2	4	12	11	3	11	3	12	6	11	1	3	16	11	4	2	16	11	7	4	10	16	3	14	14	13	4	4	1	7	10	9	2	7	6	1	12	14	7	16	8	6	11	3	16	14	8	11	4	7	4	15	4	7	3	14	13	1	10	7	9	10	9	13	4	6	14	1	8	15	4	10	7	1	10	12	2	16	3	11	8	10	5	2	11	12	13	15	8	4	11	9	4	12	5	2	9	13	13	7	1	3	10	14	13	6	16	1	12	3	14	9	5	2	12	10	2	10	8	12	16	3	1	15	9	11	14	1	9	5	12	10	7	8	4	5	7	8	8	8	13	6	4	16	9	9	14	8	15	11	2	13	2	6	14	1	3	10	6	9	1	14	5	16	6	10	12	3	2	8	4	6	8	14	11	16	7	4	2	8	7	7	13	10	16	13	6	10	7	4	4	8	4	10	5	10	2	7	8	9	15	10	4	2	11	12	9	4	10	14	13	16	2	15	8	10	9	14	10	12	12	1	6	1	14	7	13	3	15	6	4	7	14	8	4	14	11	9	10	2	15	5	5	5	4	6	14	11	3	7	9	10	16	13	12	14	15	1	14	6	3	13	8	8	2	5	11	4	8	2	16	9	16	9	10	5	5	8	3	13	3	4	4	2	1	16	11	15	9	3	15	1	7	7	9	1	16	8	12	15	3	16	10	8	6	12	1	12	8	14	12	2	1	7	10	3	6	6	2	11	14	4	4	1	6	8	16	8	9	13	13	8	10	11	4	3	16	13	2	11	12	16	5	16	7	8	7	5	7	5	15	9	2	9	4	1	3	3	1	2	10	2	15	1	1	8	13	13	10	12	2	4	10	6	1	16	11	10	4	1	11	15	10	13	6	16	12	3	8	15	5	16	2	9	9	16	15	13	12	5	1	4	11	15	8	9	16	3	7	4	13	10	10	4	4	8	14	2	4	13	10	10	10	8	9	3	5	15	5	16	13	8	11	14	14	15	11	4	7	9	10	12	15	9	5	6	15	11	2	7	9	4	16	14	2	2	1	9	8	11	5	6	12	11	1	11	7	13	16	5	16	14	11	3	5	4	6	9	14	14	8	5	4	13	12	16	4	14	13	13	4	14	1	15	1	7	12	6	4	4	10	9	14	4	3	5	4	15	7	4	9	15	3	3	5	14	8	6	1	10	13	7	14	16	4	13	14	14	10	12	5	13	3	16	12	12	16	1	9	7	12	9	7	3	6	5	16	15	8	13	6	9	13	8	13	6	15	1	9	16	11	15	8	15	15	5	10	13	16	13	5	8	2	10	7	4	8	3	3	2	6	5	11	5	4	11	14	9	7	16	5	12	16	14	3	11	5	5	9	1	2	14	7	3	5	16	2	16	11	7	5	5	15	16	8	9	14	1	10	11	14	10	12	11	15	15	3	2	3	10	8	7	16	10	7	1	3	12	9	6	8	10	11	6	4	15	8	11	10	14	16	13	10	5	2	12	8	13	13	8	16	11	14	12	13	4	2	15	2	15	4	8	2	1	4	2	4	4	2	14	5	1	2	8	6	7	13	1	12	4	1	2	1	10	15	12	10	5	12	2	15	13	4	9	1	6	12	11	16	12	2	3	3	3	8	1	13	13	3	13	2	11	8	4	12	16	8	15	5	4	4	16	11	15	8	9	13	1	16	6	5	2	6	4	2	2	11	15	16	2	7	10	13	6	3	16	11	8	6	4	2	8	9	15	15	7	11	10	4	14	4	7	10	4	16	1	7	3	12	3	16	6	9	16	2	1	2	14	13	13	8	7	15	8	11	5	9	7	11	8	3	4	14	16	6	13	14	16	11	14	12	6	9	9	15	2	12	4	4	14	5	9	6	7	9	8	4	9	5	10	14	9	5	10	14	3	6	9	7	8	5	3	4	6	13	6	13	4	5	10	15	5	16	4	2	6	13	13	14	14	14	1	12	12	7	4	11	2	11	5	16	16	4	7	1	12	3	16	11	13	9	6	6	14	3	14	2	9	4	7	11	2	12	3	7	9	10	1	4	9	13	13	14	15	12	5	11	13	15	4	2	4	1	5	12	6	7	9	14	11	10	13	16	11	13	5	16	2	14	7	1	12	15	10	6	4	6	6	13	10	8	13	4	3	16	5	11	10	8	7	3	10	3	9	14	5	10	2	16	7	6	13	5	5	5	12	3	9	15	15	13	6	7	15	14	15	10	3	15	8	6	9	9	7	10	3	10	7	16	1	2	3	10	12	4	7	11	5	13	14	8	5	5	2	5	1	8	11	10	3	7	11	14	10	10	7	13	4	11	4	4	3	9	4	14	12	12	11	14	16	16	9	7	12	15	9	14	13	15	14	10	7	3	6	11	10	8	7	11	7	16	1	1	16	10	12	1	12	14	15	8	10	7	8	16	15	12	15	7	5	5	7	15	11	10	8	15	16	10	10	13	15	11	13	9	9	9	4	10	1	10	16	15	14	6	10	15	15	12	3	5	10	9	5	7	10	2	4	15	3	9	15	1	11	14	3	15	13	6	11	9	11	10	13	9	3	13	1	11	7	5	8	7	7	10	3	2	1	1	6	3	14	3	16	6	15	11	14	10	10	7	16	15	1	8	13	3	3	5	4	13	7	9	13	11	8	10	3	5	6	4	10	5	12	10	4	16	9	12	10	11	3	12	12	6	14	9	6	8	16	7	11	12	14	7	4	15	11	1	1	9	1	10	2	11	7	6	14	14	8	6	4	9	12	8	13	10	9	1	5	8	9	6	16	6	16	13	14	7	15	14	6	5	13	12	16	16	9	13	1	3	13	13	10	7	12	13	14	8	5	10	7	15	2	7	11	5	2	3	13	1	9	15	12	5	11	5	3	10	8	16	11	4	3	2	13	16	9	9	13	2	10	4	4	12	7	15	14	4	9	15	16	2	11	14	6	5	7	15	7	5	8	13	12	9	14	7	9	1	8	16	7	1	1	6	16	16	4	16	8	11	2	8	6	5	2	3	11	5	6	2	3	5	15	10	7	2	4	10	15	10	12	7	2	16	13	8	16	6	5	12	10	10	1	4	8	10	1	9	11	12	1	9	3	7	6	7	11	7	9	13	2	7	11	1	12	11	14	5	3	6	1	10	15	2	3	16	6	11	10	6	2	12	11	9	5	10	5	7	9	15	15	10	9	9	2	12	3	6	2	11	6	1	5	6	8	14	5	13	7	9	5	1	8	15	6	16	6	14	15	13	2	11	11	2	3	7	4	3	11	3	4	10	12	14	4	1	10	2	13	2	4	4	10	14	12	10	9	10	2	10	4	16	16	10	5	9	2	6	12	16	8	3	5	9	14	3	14	2	7	4	3	15	11	9	12	9	9	7	10	4	8	12	16	6	6	16	7	8	15	13	8	11	1	11	11	4	6	9	1	16	7	14	14	8	8	7	1	9	7	6	10	16	14	10	12	9	13	1	4	2	11	8	11	15	7	10	1	12	12	14	10	10	6	4	12	11	16	12	6	15	1	8	10	11	4	1	14	3	8	7	3	7	2	13	12	4	13	5	13	1	13	16	12	12	14	6	4	10	12	2	12	11	16	11	16	1	8	14	10	7	3	10	8	4	13	2	15	15	2	8	
190	700	560	950	930	220	230	650	170	220	670	1000	480	680	960	860	440	780	460	170	590	310	250	460	740	120	900	490	800	670	920	810	690	910	200	700	590	1000	280	580	900	620	520	630	900	740	670	860	430	710	450	310	490	900	790	720	200	840	140	700	770	500	100	180	190	360	420	650	640	410	410	140	180	880	1000	940	260	460	630	740	980	830	390	430	290	660	640	320	260	280	580	240	290	230	980	150	340	670	120	840	490	410	950	930	290	750	760	860	300	680	200	110	690	370	670	130	650	770	650	330	850	330	150	450	1000	840	730	890	300	950	430	290	850	370	260	220	310	890	240	710	460	140	720	690	110	630	770	790	230	660	650	1000	940	1000	820	560	620	490	250	840	100	360	540	740	910	840	660	920	450	670	330	370	940	210	900	260	530	520	260	540	440	260	350	880	330	680	600	630	250	780	280	490	660	250	220	260	540	220	370	790	950	540	670	240	690	780	650	700	630	160	180	700	390	300	430	610	560	720	980	180	460	580	1000	860	680	510	820	900	210	880	360	310	320	670	480	250	810	640	100	900	860	830	890	910	100	480	630	850	320	840	610	530	860	430	410	720	590	710	180	590	370	560	140	240	900	770	330	900	930	350	720	320	840	500	230	750	280	460	440	230	230	760	160	460	240	820	740	580	940	630	760	580	880	720	370	910	480	420	790	150	760	520	260	520	190	630	520	900	530	850	610	400	820	120	180	650	950	710	130	990	550	110	120	660	120	290	770	790	240	140	890	800	300	210	490	340	440	210	790	410	260	290	500	350	210	300	360	550	150	110	310	370	580	690	690	970	120	970	510	220	700	760	940	380	960	690	680	310	240	360	110	200	150	160	360	700	620	520	880	400	490	940	230	290	360	240	230	760	850	990	480	330	490	530	650	360	520	790	640	920	920	600	830	110	210	360	910	1000	350	530	440	380	690	920	660	620	350	770	690	560	740	480	300	590	990	200	240	490	910	470	280	680	640	770	260	520	960	620	220	510	840	440	980	260	820	520	480	440	1000	640	780	120	170	160	500	780	790	870	280	470	820	490	940	390	670	200	650	290	810	900	870	750	110	770	310	990	550	540	940	560	950	540	220	650	760	340	970	590	580	510	790	1000	190	690	920	580	800	970	270	400	760	560	590	480	830	190	290	430	620	670	940	180	170	150	940	980	520	280	250	710	410	480	990	320	580	870	490	980	630	520	600	1000	400	780	460	740	890	450	290	930	500	510	420	840	980	770	340	640	750	560	930	510	740	510	940	690	870	440	520	250	130	900	330	880	390	690	580	660	890	410	380	240	390	830	620	930	660	640	600	990	900	820	600	100	700	570	820	130	790	460	750	150	940	460	780	190	200	490	630	500	690	240	780	490	190	780	450	510	160	510	260	1000	970	670	650	960	170	620	910	770	900	330	790	660	710	990	100	900	350	310	520	460	420	610	100	410	490	200	230	500	560	720	640	140	770	350	140	700	250	790	770	120	850	830	630	580	760	310	410	930	760	230	710	460	770	690	110	830	890	290	860	930	400	800	730	500	420	460	700	490	140	950	570	930	340	520	900	870	240	660	750	360	100	470	260	260	340	190	540	310	500	230	150	260	980	900	120	540	790	830	910	780	480	180	810	850	960	780	210	900	470	860	980	280	900	530	260	670	580	930	850	690	700	250	300	210	190	680	390	670	100	500	210	910	320	570	770	870	920	880	320	960	120	150	230	280	780	260	960	810	980	340	520	200	830	160	400	130	240	660	430	850	390	650	670	390	730	770	570	520	560	730	790	170	990	880	1000	780	620	220	120	750	410	570	320	850	100	340	560	510	740	720	630	920	210	590	580	690	520	220	820	150	910	320	750	790	700	710	800	210	600	640	490	220	770	980	780	960	810	720	380	700	560	240	730	660	670	380	610	490	590	300	160	920	130	710	830	170	150	900	580	290	960	930	540	800	460	300	810	610	270	920	600	940	540	240	340	160	600	970	760	140	180	760	730	720	460	680	410	370	500	400	190	730	390	270	210	780	480	490	370	500	650	780	960	880	1000	620	340	100	600	250	500	130	330	970	100	540	790	520	180	250	630	950	170	620	440	860	610	760	990	860	870	980	560	270	920	580	500	520	660	410	900	870	1000	950	130	960	110	590	300	180	580	520	610	860	800	830	430	300	740	370	110	910	820	490	630	820	380	760	650	360	800	700	100	450	870	520	630	680	430	270	560	520	430	550	720	290	1000	400	770	670	660	810	390	420	540	410	380	880	760	730	840	350	840	980	770	370	810	280	970	680	190	410	300	900	930	410	460	980	960	840	980	160	890	200	180	740	660	310	860	660	950	210	950	890	320	330	640	310	640	610	300	220	500	910	700	610	800	350	580	660	290	530	640	280	560	290	560	670	980	940	380	250	760	990	340	900	760	370	160	100	820	820	950	620	640	590	800	160	340	650	840	140	410	350	340	230	410	840	410	910	220	480	360	830	870	820	590	880	150	150	270	750	590	460	980	320	260	310	730	410	950	590	460	350	790	440	260	400	530	440	760	690	660	760	460	680	300	240	220	840	600	190	710	420	190	400	830	600	1000	380	240	210	680	530	160	920	980	660	1000	980	360	890	630	250	910	960	160	360	870	330	460	990	140	950	210	510	760	110	740	330	660	720	510	240	640	770	540	980	610	810	850	810	360	720	130	950	320	790	400	110	420	940	120	860	270	540	750	470	530	670	320	860	840	250	970	400	930	560	700	300	630	270	790	190	550	870	290	260	800	310	450	180	620	390	990	180	450	440	740	220	100	380	110	540	440	130	210	830	700	990	900	230	130	780	600	520	250	530	680	760	880	810	830	560	290	290	750	490	440	950	720	820	230	660	120	370	860	920	250	920	140	140	690	930	260	340	570	980	870	800	860	410	480	490	440	180	510	790	850	550	660	450	890	180	560	190	140	510	250	970	960	810	480	710	590	320	830	490	120	680	740	930	320	220	580	920	470	500	320	400	160	620	110	450	250	420	440	230	450	370	170	520	160	520	370	100	440	640	960	810	130	440	520	870	320	210	220	440	590	770	220	350	300	160	730	390	730	130	800	620	790	500	820	930	990	760	770	770	870	770	410	600	830	990	210	630	910	850	980	750	550	230	570	160	100	650	340	210	170	830	250	660	680	220	700	890	390	380	730	390	280	680	510	870	210	160	130	920	990	130	490	250	810	390	650	220	920	740	880	270	590	890	850	680	780	750	780	770	250	300	420	500	130	220	750	120	630	730	710	420	960	190	740	210	420	550	510	770	940	170	520	380	510	660	280	810	960	730	950	580	200	150	730	280	460	980	460	950	940	330	340	440	230	440	350	530	380	880	1000	980	860	640	370	730	120	850	920	830	960	390	430	920	880	340	290	840	840	660	520	280	180	980	720	700	210	240	1000	370	390	550	310	420	980	890	590	240	500	760	520	230	130	260	620	810	470	710	430	860	240	780	640	710	560	150	220	840	220	980	1000	650	580	890	540	980	730	640	820	920	300	660	980	810	420	410	160	540	410	870	210	530	330	540	820	910	770	190	510	190	840	210	980	980	400	100	270	460	970	860	890	450	650	890	720	890	540	720	300	920	710	330	520	560	720	570	140	700	250	160	370	630	390	740	940	650	830	410	390	760	510	640	310	900	460	820	530	840	480	500	190	390	890	340	880	530	420	290	570	780	940	620	160	170	350	840	340	900	480	820	310	620	630	790	350	880	840	720	460	560	470	390	590	300	350	500	740	180	240	490	850	450	810	160	790	470	180	230	280	280	950	880	240	790	680	250	650	830	570	290	760	760	460	930	180	130	810	160	520	230	970	610	730	690	680	940	790	680	340	760	190	730	840	770	680	750	860	690	120	840	330	240	570	200	290	600	390	110	580	380	550	320	550	860	800	580	100	890	790	780	900	990	900	420	140	330	640	110	220	860	120	210	120	270	110	540	210	460	360	280	140	380	180	430	390	500	270	630	620	700	590	750	100	830	110	330	800	720	130	420	340	370	800	430	240	360	880	500	660	260	670	700	400	250	190	420	830	660	160	690	310	760	550	410	760	770	490	120	890	890	940	540	170	770	540	120	590	860	250	450	190	250	370	600	820	750	370	640	230	990	720	720	680	620	380	990	340	630	340	260	380	370	530	480	590	870	360	720	770	880	640	310	170	170	610	820	310	940	560	910	770	260	620	500	170	760	820	800	950	590	580	340	540	580	250	930	450	800	870	540	430	300	930	380	230	520	120	770	460	850	250	440	270	950	210	390	950	890	220	790	900	300	610	920	170	850	900	800	320	660	870	940	580	160	420	740	310	720	360	930	990	840	140	330	650	230	990	920	800	560	980	940	540	500	890	980	630	350	160	880	500	470	290	510	940	750	190	600	270	200	730	490	310	770	270	810	140	740	490	810	570	550	460	830	640	530	130	200	820	250	540	290	850	580	880	270	940	230	180	650	940	900	880	760	410	390	690	350	110	910	670	720	750	690	920	350	220	850	640	790	650	900	240	950	550	1000	1000	590	540	870	360	710	660	920	460	590	810	420	960	590	160	440	990	360	720	210	250	890	880	170	110	920	310	720	270	750	190	890	750	980	160	880	170	140	960	970	670	570	890	510	980	480	210	220	290	800	420	190	910	640	360	140	480	440	110	750	580	950	850	930	1000	820	310	380	330	380	560	960	270	1000	740	630	940	670	530	210	550	730	760	630	750	370	890	810	130	820	210	540	190	590	300	320	500	480	240	140	360	250	730	620	590	400	280	240	210	550	460	210	490	330	570	430	480	840	680	160	470	690	620	160	570	460	440	890	980	570	970	900	110	650	700	190	520	880	640	270	920	550	230	420	670	240	700	940	310	460	900	270	930	740	960	640	100	570	750	940	510	470	800	310	720	110	790	180	640	160	560	370	870	110	850	800	920	210	840	190	170	580	780	140	260	220	930	890	860	240	730	610	180	430	840	190	340	820	510	340	760	530	740	800	570	660	990	670	930	290	820	640	760	300	180	780	780	250	590	760	990	580	330	260	920	460	480	290	840	720	520	600	670	800	160	850	400	420	930	110	970	190	990	180	470	890	380	240	840	730	200	650	790	400	430	700	220	130	740	400	430	290	640	910	220	790	390	780	770	220	640	100	670	150	660	1000	180	900	190	910	450	680	180	380	670	820	480	120	730	550	690	680	580	970	120	630	180	140	860	160	790	890	200	640	740	790	960	850	360	380	990	440	870	560	680	510	1000	480	300	650	570	520	820	130	760	400	430	280	550	800	350	170	730	790	560	690	180	830	550	720	420	670	830	280	530	270	480	960	990	380	910	500	780	490	660	340	960	670	150	810	240	980	550	770	720	300	780	460	290	410	380	990	260	580	620	780	120	990	240	390	910	970	110	850	680	350	380	530	620	610	440	650	970	790	270	410	220	710	180	540	270	970	960	890	800	670	560	330	220	860	600	280	470	300	810	580	940	340	240	480	340	760	450	760	940	260	700	180	920	280	300	570	360	220	720	350	250	770	620	790	430	670	220	240	950	650	580	430	140	920	110	520	720	280	670	350	250	880	970	140	630	870	250	160	590	360	790	160	700	350	580	170	690	880	860	510	720	110	370	890	830	380	730	400	190	830	390	880	320	1000	490	830	400	890	150	330	860	860	700	130	940	110	510	790	310	210	730	930	960	970	440	210	670	270	700	290	310	900	630	170	570	470	130	670	100	770	870	210	520	760	360	320	510	240	330	850	860	580	890	520	140	630	500	600	840	770	940	820	880	820	990	230	350	300	470	890	390	970	970	470	340	850	290	740	340	330	110	990	230	730	360	810	530	800	390	860	440	130	710	640	430	280	650	200	610	940	140	870	340	740	860	490	150	380	350	560	990	410	640	530	470	130	100	630	280	770	110	570	680	670	820	150	160	800	210	430	460	1000	990	720	570	180	450	300	490	570	1000	980	650	1000	290	570	560	600	450	290	610	1000	830	410	930	390	470	560	990	110	800	460	360	600	250	560	850	570	250	400	990	200	810	240	800	970	160	520	720	500	520	290	620	480	300	880	710	770	360	910	750	400	580	540	760	380	710	680	820	870	630	500	890	750	360	120	690	840	310	870	960	660	590	220	810	410	470	260	870	310	160	950	590	620	260	430	610	120	380	400	830	840	560	590	610	460	730	280	530	710	560	100	270	810	480	310	530	190	530	690	160	380	770	940	960	210	870	960	580	630	530	600	400	810	620	1000	480	640	610	280	830	210	860	500	720	220	680	250	760	770	570	950	440	290	970	890	480	700	840	110	950	530	660	640	590	520	480	630	550	460	190	130	660	690	680	200	460	330	460	100	930	820	770	660	410	830	500	400	520	110	710	350	400	250	460	560	870	620	220	810	210	110	670	310	490	580	530	190	740	360	450	130	570	590	810	220	840	330	670	580	360	910	110	770	710	310	340	290	1000	700	140	420	300	670	810	360	910	800	720	900	190	850	
1
