1580
80
3
50
0	0	0	0	0	0	0	0	0	0	0	0	0	0	0	0	0	0	0	0	0	0	0	0	0	0	0	500	0	0	0	0	0	0	0	0	0	0	0	0	0	0	0	0	0	0	0	0	0	500	0	0	0	0	0	0	0	0	0	0	500	0	0	0	0	0	0	0	0	0	0	0	0	0	0	0	0	0	0	0	
0	0	0	0	0	0	0	0	500	0	0	0	0	0	0	0	500	0	0	500	0	0	0	0	0	0	0	0	0	0	0	0	0	0	0	0	0	0	0	0	0	0	0	0	0	0	0	0	0	0	0	0	0	0	0	0	0	0	0	0	0	0	0	0	0	0	0	0	0	0	0	0	0	0	0	0	0	0	0	0	
0	0	0	0	0	0	0	0	0	0	0	0	0	0	0	0	0	0	0	0	0	0	0	500	0	0	0	0	0	0	0	0	0	0	0	0	0	0	0	0	0	0	0	0	0	0	0	0	0	0	0	0	500	0	0	0	0	0	0	0	0	0	0	0	0	0	0	0	0	0	0	0	0	0	0	0	500	0	0	0	
0	0	0	0	0	0	0	0	0	0	0	0	0	0	0	0	0	0	0	0	500	0	0	0	0	0	0	0	0	0	0	0	0	0	500	0	0	0	0	0	0	0	0	0	0	0	0	0	0	0	0	0	0	0	0	0	0	0	0	0	0	0	0	0	0	0	0	0	0	0	0	0	0	0	0	0	0	500	0	0	
0	0	0	0	0	0	0	0	0	0	0	0	0	0	0	0	0	500	0	0	0	0	0	0	0	0	0	0	0	0	0	0	0	500	0	0	0	0	500	0	0	0	0	0	0	0	0	0	0	0	0	0	0	0	0	0	0	0	0	0	0	0	0	0	0	0	0	0	0	0	0	0	0	0	0	0	0	0	0	0	
0	0	0	0	0	0	0	0	0	0	0	0	0	0	0	0	0	0	0	0	0	0	0	0	0	0	500	0	0	0	0	0	0	0	0	0	500	0	0	0	0	0	0	0	0	0	0	0	0	0	0	0	0	500	0	0	0	0	0	0	0	0	0	0	0	0	0	0	0	0	0	0	0	0	0	0	0	0	0	0	
0	0	0	0	0	0	0	0	0	0	0	0	0	0	0	0	0	0	0	0	0	0	0	0	0	0	0	0	0	0	0	0	0	0	0	0	0	0	500	0	500	0	0	500	0	0	0	0	0	0	0	0	0	0	0	0	0	0	0	0	0	0	0	0	0	0	0	0	0	0	0	0	0	0	0	0	0	0	0	0	
0	0	0	0	0	0	0	0	0	0	0	0	0	0	0	0	0	0	0	0	0	0	0	0	0	0	0	0	0	0	0	0	0	0	0	0	0	500	0	0	0	0	0	0	0	0	0	0	0	0	0	0	0	0	0	0	0	0	500	0	0	0	0	0	0	0	0	0	0	0	0	0	0	0	0	0	0	0	0	500	
0	500	0	0	0	0	0	0	0	0	0	0	0	0	0	0	500	0	0	0	0	0	0	0	0	0	0	0	0	0	500	0	0	0	0	0	0	0	0	0	0	0	0	0	0	0	0	0	0	0	0	0	0	0	0	0	0	0	0	0	0	0	0	0	0	0	0	0	0	0	0	0	0	0	0	0	0	0	0	0	
0	0	0	0	0	0	0	0	0	0	0	0	0	500	0	0	0	0	0	0	0	0	0	0	0	0	0	0	0	0	0	0	0	0	0	0	0	500	0	0	0	0	0	0	0	0	0	0	0	0	0	0	0	0	0	0	0	0	0	0	0	0	0	0	0	0	0	0	0	0	0	0	0	0	0	0	0	0	0	500	
0	0	0	0	0	0	0	0	0	0	0	0	0	0	0	0	0	0	0	0	0	0	0	0	0	0	0	0	0	0	500	0	0	0	0	0	0	0	0	0	0	0	0	0	0	0	0	0	0	0	0	0	0	0	500	0	0	0	0	0	0	0	0	0	0	0	0	0	0	0	0	0	0	0	0	500	0	0	0	0	
0	0	0	0	0	0	0	0	0	0	0	0	0	0	0	0	0	0	0	0	0	0	0	0	0	0	0	0	0	0	0	0	0	0	0	0	0	0	0	0	0	0	0	0	0	0	0	0	0	0	0	500	0	0	0	0	0	0	0	0	0	0	500	0	0	0	0	0	0	0	0	0	0	0	500	0	0	0	0	0	
0	0	0	0	0	0	0	0	0	0	0	0	0	0	0	0	0	0	0	0	0	0	500	0	0	0	0	0	0	0	0	0	0	0	0	0	0	0	0	0	0	0	0	0	0	0	0	0	0	0	0	0	500	0	0	0	0	0	0	0	0	0	0	0	0	0	0	0	0	0	0	0	500	0	0	0	0	0	0	0	
0	0	0	0	0	0	0	0	0	500	0	0	0	0	0	0	0	0	0	0	0	0	0	0	0	0	0	0	0	0	0	0	0	0	0	0	0	0	0	0	0	0	0	0	0	0	0	0	0	0	0	0	0	0	0	0	0	0	0	0	0	0	0	0	0	0	500	0	0	0	0	0	0	0	0	0	0	0	0	500	
0	0	0	0	0	0	0	0	0	0	0	0	0	0	0	0	0	0	0	0	0	0	0	0	0	0	500	0	0	0	0	0	0	0	0	0	0	0	0	0	0	0	0	0	0	0	0	500	0	0	500	0	0	0	0	0	0	0	0	0	0	0	0	0	0	0	0	0	0	0	0	0	0	0	0	0	0	0	0	0	
0	0	0	0	0	0	0	0	0	0	0	0	0	0	0	0	0	0	0	0	0	500	0	0	0	0	0	0	0	0	0	0	0	0	0	0	0	0	0	0	0	0	0	0	0	0	0	0	0	0	0	0	0	0	0	0	0	0	0	0	0	0	0	0	0	0	0	0	0	0	0	0	500	0	0	0	500	0	0	0	
0	500	0	0	0	0	0	0	500	0	0	0	0	0	0	0	0	0	0	0	0	0	0	0	0	0	0	0	0	0	500	0	0	0	0	0	0	0	0	0	0	0	0	0	0	0	0	0	0	0	0	0	0	0	0	0	0	0	0	0	0	0	0	0	0	0	0	0	0	0	0	0	0	0	0	0	0	0	0	0	
0	0	0	0	500	0	0	0	0	0	0	0	0	0	0	0	0	0	0	0	0	0	0	0	0	0	0	0	0	0	0	0	0	500	0	0	0	0	0	0	0	0	0	0	0	0	0	0	0	0	0	0	0	0	0	0	0	0	0	0	0	0	0	0	0	0	0	0	0	0	0	500	0	0	0	0	0	0	0	0	
0	0	0	0	0	0	0	0	0	0	0	0	0	0	0	0	0	0	0	0	0	0	0	0	0	0	0	0	0	0	0	0	0	0	0	500	0	0	0	0	0	0	0	0	0	0	0	0	0	0	0	0	0	0	0	0	0	0	0	0	500	0	0	0	0	0	0	0	0	0	0	0	0	0	500	0	0	0	0	0	
0	500	0	0	0	0	0	0	0	0	0	0	0	0	0	0	0	0	0	0	0	0	0	0	0	0	0	0	0	0	0	0	0	0	0	0	0	0	0	0	0	0	0	0	0	0	0	500	0	0	500	0	0	0	0	0	0	0	0	0	0	0	0	0	0	0	0	0	0	0	0	0	0	0	0	0	0	0	0	0	
0	0	0	500	0	0	0	0	0	0	0	0	0	0	0	0	0	0	0	0	0	0	0	0	0	0	0	0	0	0	0	500	0	0	500	0	0	0	0	0	0	0	0	0	0	0	0	0	0	0	0	0	0	0	0	0	0	0	0	0	0	0	0	0	0	0	0	0	0	0	0	0	0	0	0	0	0	0	0	0	
0	0	0	0	0	0	0	0	0	0	0	0	0	0	0	500	0	0	0	0	0	0	500	0	0	0	0	0	0	0	0	0	0	0	0	0	0	0	0	0	0	0	0	0	0	0	0	0	0	0	0	0	0	0	0	0	0	0	0	0	0	0	0	0	0	0	0	0	0	0	0	0	500	0	0	0	0	0	0	0	
0	0	0	0	0	0	0	0	0	0	0	0	500	0	0	0	0	0	0	0	0	500	0	0	0	0	0	0	0	0	0	0	0	0	0	0	0	0	0	0	0	0	0	0	0	0	0	0	0	0	0	0	500	0	0	0	0	0	0	0	0	0	0	0	0	0	0	0	0	0	0	0	0	0	0	0	0	0	0	0	
0	0	500	0	0	0	0	0	0	0	0	0	0	0	0	0	0	0	0	0	0	0	0	0	0	0	0	0	0	0	0	0	0	0	0	0	0	0	0	0	0	0	0	0	0	0	0	0	0	0	0	0	0	0	0	0	0	0	0	0	0	0	0	0	0	0	0	0	0	0	500	0	0	0	0	0	500	0	0	0	
0	0	0	0	0	0	0	0	0	0	0	0	0	0	0	0	0	0	0	0	0	0	0	0	0	0	0	500	0	0	0	0	0	0	0	500	500	0	0	0	0	0	0	0	0	0	0	0	0	0	0	0	0	0	0	0	0	0	0	0	0	0	0	0	0	0	0	0	0	0	0	0	0	0	0	0	0	0	0	0	
0	0	0	0	0	0	0	0	0	0	0	0	0	0	0	0	0	0	0	0	0	0	0	0	0	0	0	0	0	0	0	0	500	0	0	0	0	0	0	0	0	0	0	0	0	0	0	0	0	0	0	0	0	0	0	0	0	0	0	0	0	0	0	0	0	0	0	500	0	500	0	0	0	0	0	0	0	0	0	0	
0	0	0	0	0	500	0	0	0	0	0	0	0	0	500	0	0	0	0	0	0	0	0	0	0	0	0	0	0	0	0	0	0	0	0	0	0	0	0	0	0	0	0	0	0	0	0	0	0	0	0	0	0	0	0	0	0	0	0	0	0	0	0	0	500	0	0	0	0	0	0	0	0	0	0	0	0	0	0	0	
500	0	0	0	0	0	0	0	0	0	0	0	0	0	0	0	0	0	0	0	0	0	0	0	500	0	0	0	0	0	0	0	0	0	0	0	0	0	0	0	0	0	0	0	0	0	0	0	0	0	0	0	0	0	0	0	0	0	0	0	0	0	0	0	500	0	0	0	0	0	0	0	0	0	0	0	0	0	0	0	
0	0	0	0	0	0	0	0	0	0	0	0	0	0	0	0	0	0	0	0	0	0	0	0	0	0	0	0	0	0	0	0	0	0	0	0	0	0	0	0	0	0	0	0	0	0	0	0	0	0	0	0	0	0	0	500	0	0	0	0	0	0	0	500	0	0	0	0	0	0	0	500	0	0	0	0	0	0	0	0	
0	0	0	0	0	0	0	0	0	0	0	0	0	0	0	0	0	0	0	0	0	0	0	0	0	0	0	0	0	0	0	0	0	0	0	0	0	0	0	500	0	0	0	0	0	0	0	500	0	0	0	0	0	500	0	0	0	0	0	0	0	0	0	0	0	0	0	0	0	0	0	0	0	0	0	0	0	0	0	0	
0	0	0	0	0	0	0	0	500	0	500	0	0	0	0	0	500	0	0	0	0	0	0	0	0	0	0	0	0	0	0	0	0	0	0	0	0	0	0	0	0	0	0	0	0	0	0	0	0	0	0	0	0	0	0	0	0	0	0	0	0	0	0	0	0	0	0	0	0	0	0	0	0	0	0	0	0	0	0	0	
0	0	0	0	0	0	0	0	0	0	0	0	0	0	0	0	0	0	0	0	500	0	0	0	0	0	0	0	0	0	0	0	0	0	500	0	0	0	0	0	0	0	0	0	0	0	0	0	0	0	0	0	0	0	0	0	0	0	0	500	0	0	0	0	0	0	0	0	0	0	0	0	0	0	0	0	0	0	0	0	
0	0	0	0	0	0	0	0	0	0	0	0	0	0	0	0	0	0	0	0	0	0	0	0	0	500	0	0	0	0	0	0	0	0	0	0	0	0	0	0	0	0	0	0	0	0	0	0	0	0	0	0	0	0	0	0	0	0	0	0	0	0	0	0	0	0	0	500	0	500	0	0	0	0	0	0	0	0	0	0	
0	0	0	0	500	0	0	0	0	0	0	0	0	0	0	0	0	500	0	0	0	0	0	0	0	0	0	0	0	0	0	0	0	0	0	0	0	0	0	0	0	0	0	0	0	0	0	0	0	0	0	0	0	0	0	0	0	0	0	0	0	0	0	0	0	0	0	0	0	0	0	500	0	0	0	0	0	0	0	0	
0	0	0	500	0	0	0	0	0	0	0	0	0	0	0	0	0	0	0	0	500	0	0	0	0	0	0	0	0	0	0	500	0	0	0	0	0	0	0	0	0	0	0	0	0	0	0	0	0	0	0	0	0	0	0	0	0	0	0	0	0	0	0	0	0	0	0	0	0	0	0	0	0	0	0	0	0	0	0	0	
0	0	0	0	0	0	0	0	0	0	0	0	0	0	0	0	0	0	500	0	0	0	0	0	500	0	0	0	0	0	0	0	0	0	0	0	500	0	0	0	0	0	0	0	0	0	0	0	0	0	0	0	0	0	0	0	0	0	0	0	0	0	0	0	0	0	0	0	0	0	0	0	0	0	0	0	0	0	0	0	
0	0	0	0	0	500	0	0	0	0	0	0	0	0	0	0	0	0	0	0	0	0	0	0	500	0	0	0	0	0	0	0	0	0	0	500	0	0	0	0	0	0	0	0	0	0	0	0	0	0	0	0	0	0	0	0	0	0	0	0	0	0	0	0	0	0	0	0	0	0	0	0	0	0	0	0	0	0	0	0	
0	0	0	0	0	0	0	500	0	500	0	0	0	0	0	0	0	0	0	0	0	0	0	0	0	0	0	0	0	0	0	0	0	0	0	0	0	0	0	0	0	0	0	0	0	0	0	0	0	0	0	0	0	0	0	0	0	0	500	0	0	0	0	0	0	0	0	0	0	0	0	0	0	0	0	0	0	0	0	0	
0	0	0	0	500	0	500	0	0	0	0	0	0	0	0	0	0	0	0	0	0	0	0	0	0	0	0	0	0	0	0	0	0	0	0	0	0	0	0	0	500	0	0	0	0	0	0	0	0	0	0	0	0	0	0	0	0	0	0	0	0	0	0	0	0	0	0	0	0	0	0	0	0	0	0	0	0	0	0	0	
0	0	0	0	0	0	0	0	0	0	0	0	0	0	0	0	0	0	0	0	0	0	0	0	0	0	0	0	0	500	0	0	0	0	0	0	0	0	0	0	0	0	0	0	0	0	0	0	0	0	500	0	0	500	0	0	0	0	0	0	0	0	0	0	0	0	0	0	0	0	0	0	0	0	0	0	0	0	0	0	
0	0	0	0	0	0	500	0	0	0	0	0	0	0	0	0	0	0	0	0	0	0	0	0	0	0	0	0	0	0	0	0	0	0	0	0	0	0	500	0	0	0	0	500	0	0	0	0	0	0	0	0	0	0	0	0	0	0	0	0	0	0	0	0	0	0	0	0	0	0	0	0	0	0	0	0	0	0	0	0	
0	0	0	0	0	0	0	0	0	0	0	0	0	0	0	0	0	0	0	0	0	0	0	0	0	0	0	0	0	0	0	0	0	0	0	0	0	0	0	0	0	0	0	0	500	0	0	0	500	0	0	0	0	0	0	0	0	0	0	0	0	0	0	0	0	500	0	0	0	0	0	0	0	0	0	0	0	0	0	0	
0	0	0	0	0	0	0	0	0	0	0	0	0	0	0	0	0	0	0	0	0	0	0	0	0	0	0	0	0	0	0	0	0	0	0	0	0	0	0	0	0	0	0	0	500	0	0	0	500	0	0	0	0	0	0	0	0	0	0	0	0	0	0	0	0	0	0	0	0	0	0	0	0	0	0	500	0	0	0	0	
0	0	0	0	0	0	500	0	0	0	0	0	0	0	0	0	0	0	0	0	0	0	0	0	0	0	0	0	0	0	0	0	0	0	0	0	0	0	0	0	500	0	0	0	0	0	0	0	500	0	0	0	0	0	0	0	0	0	0	0	0	0	0	0	0	0	0	0	0	0	0	0	0	0	0	0	0	0	0	0	
0	0	0	0	0	0	0	0	0	0	0	0	0	0	0	0	0	0	0	0	0	0	0	0	0	0	0	0	0	0	0	0	0	0	0	0	0	0	0	0	0	500	500	0	0	0	0	0	0	0	0	0	0	0	0	0	0	0	0	0	0	0	0	0	0	500	0	0	0	0	0	0	0	0	0	0	0	0	0	0	
0	0	0	0	0	0	0	0	0	0	0	0	0	0	0	0	0	0	0	0	0	0	0	0	0	0	0	0	0	0	0	0	0	0	0	0	0	0	0	0	0	0	0	0	0	0	0	0	0	0	0	0	0	0	0	500	0	0	0	0	0	500	0	0	0	500	0	0	0	0	0	0	0	0	0	0	0	0	0	0	
0	0	0	0	0	0	0	0	0	0	0	0	0	0	0	0	0	0	0	0	0	0	0	0	0	0	0	0	0	0	0	0	0	0	0	0	0	0	0	0	0	0	0	0	0	0	0	0	0	0	0	0	0	0	0	0	0	0	0	500	0	0	0	0	0	0	0	0	0	0	0	0	0	500	0	0	0	500	0	0	
0	0	0	0	0	0	0	0	0	0	0	0	0	0	500	0	0	0	0	500	0	0	0	0	0	0	0	0	0	500	0	0	0	0	0	0	0	0	0	0	0	0	0	0	0	0	0	0	0	0	0	0	0	0	0	0	0	0	0	0	0	0	0	0	0	0	0	0	0	0	0	0	0	0	0	0	0	0	0	0	
0	0	0	0	0	0	0	0	0	0	0	0	0	0	0	0	0	0	0	0	0	0	0	0	0	0	0	0	0	0	0	0	0	0	0	0	0	0	0	0	0	500	500	500	0	0	0	0	0	0	0	0	0	0	0	0	0	0	0	0	0	0	0	0	0	0	0	0	0	0	0	0	0	0	0	0	0	0	0	0	
500	0	0	0	0	0	0	0	0	0	0	0	0	0	0	0	0	0	0	0	0	0	0	0	0	0	0	0	0	0	0	0	0	0	0	0	0	0	0	0	0	0	0	0	0	0	0	0	0	0	0	0	0	0	0	0	0	0	0	0	500	0	0	0	500	0	0	0	0	0	0	0	0	0	0	0	0	0	0	0	
0	0	0	0	0	0	0	0	0	0	0	0	0	0	500	0	0	0	0	500	0	0	0	0	0	0	0	0	0	0	0	0	0	0	0	0	0	0	0	500	0	0	0	0	0	0	0	0	0	0	0	0	0	0	0	0	0	0	0	0	0	0	0	0	0	0	0	0	0	0	0	0	0	0	0	0	0	0	0	0	
0	0	0	0	0	0	0	0	0	0	0	500	0	0	0	0	0	0	0	0	0	0	0	0	0	0	0	0	0	0	0	0	0	0	0	0	0	0	0	0	0	0	0	0	0	0	0	0	0	0	0	0	0	0	0	0	0	0	0	0	0	0	0	0	0	0	0	0	500	0	0	0	0	0	0	0	0	0	500	0	
0	0	500	0	0	0	0	0	0	0	0	0	500	0	0	0	0	0	0	0	0	0	500	0	0	0	0	0	0	0	0	0	0	0	0	0	0	0	0	0	0	0	0	0	0	0	0	0	0	0	0	0	0	0	0	0	0	0	0	0	0	0	0	0	0	0	0	0	0	0	0	0	0	0	0	0	0	0	0	0	
0	0	0	0	0	500	0	0	0	0	0	0	0	0	0	0	0	0	0	0	0	0	0	0	0	0	0	0	0	500	0	0	0	0	0	0	0	0	0	500	0	0	0	0	0	0	0	0	0	0	0	0	0	0	0	0	0	0	0	0	0	0	0	0	0	0	0	0	0	0	0	0	0	0	0	0	0	0	0	0	
0	0	0	0	0	0	0	0	0	0	500	0	0	0	0	0	0	0	0	0	0	0	0	0	0	0	0	0	0	0	0	0	0	0	0	0	0	0	0	0	0	0	0	0	0	0	0	0	0	0	0	0	0	0	0	0	0	0	0	0	0	0	0	0	0	0	500	0	0	0	0	0	0	0	0	500	0	0	0	0	
0	0	0	0	0	0	0	0	0	0	0	0	0	0	0	0	0	0	0	0	0	0	0	0	0	0	0	0	500	0	0	0	0	0	0	0	0	0	0	0	0	0	0	0	0	500	0	0	0	0	0	0	0	0	0	0	0	0	0	0	0	0	0	500	0	0	0	0	0	0	0	0	0	0	0	0	0	0	0	0	
0	0	0	0	0	0	0	0	0	0	0	0	0	0	0	0	0	0	0	0	0	0	0	0	0	0	0	0	0	0	0	0	0	0	0	0	0	0	0	0	0	0	0	0	0	0	0	0	0	0	0	0	0	0	0	0	0	0	0	0	0	0	0	0	0	0	0	0	500	0	0	0	0	0	500	0	0	0	500	0	
0	0	0	0	0	0	0	0	0	0	0	0	0	0	0	0	0	0	0	0	0	0	0	0	0	0	0	0	0	0	0	0	0	0	0	0	0	0	0	0	0	0	0	0	0	0	0	0	0	0	0	0	0	0	0	0	0	0	0	500	0	0	0	0	0	0	0	0	500	0	0	0	0	0	0	0	0	0	500	0	
0	0	0	0	0	0	0	500	0	0	0	0	0	0	0	0	0	0	0	0	0	0	0	0	0	0	0	0	0	0	0	0	0	0	0	0	0	500	0	0	0	0	0	0	0	0	0	0	0	0	0	0	0	0	0	0	0	0	0	0	0	0	0	0	0	0	500	0	0	0	0	0	0	0	0	0	0	0	0	0	
0	0	0	0	0	0	0	0	0	0	0	0	0	0	0	0	0	0	0	0	0	0	0	0	0	0	0	0	0	0	0	500	0	0	0	0	0	0	0	0	0	0	0	0	0	0	500	0	0	0	0	0	0	0	0	0	0	500	0	0	0	0	0	0	0	0	0	0	0	0	0	0	0	0	0	0	0	0	0	0	
500	0	0	0	0	0	0	0	0	0	0	0	0	0	0	0	0	0	500	0	0	0	0	0	0	0	0	0	0	0	0	0	0	0	0	0	0	0	0	0	0	0	0	0	0	0	0	0	0	500	0	0	0	0	0	0	0	0	0	0	0	0	0	0	0	0	0	0	0	0	0	0	0	0	0	0	0	0	0	0	
0	0	0	0	0	0	0	0	0	0	0	0	0	0	0	0	0	0	0	0	0	0	0	0	0	0	0	0	0	0	0	0	0	0	0	0	0	0	0	0	0	0	0	0	0	500	0	0	0	0	0	0	0	0	0	0	0	0	0	0	0	0	0	0	0	0	0	500	0	0	500	0	0	0	0	0	0	0	0	0	
0	0	0	0	0	0	0	0	0	0	0	500	0	0	0	0	0	0	0	0	0	0	0	0	0	0	0	0	0	0	0	0	0	0	0	0	0	0	0	0	0	0	0	0	0	0	0	0	0	0	0	0	0	0	0	0	0	0	0	0	0	0	0	0	0	0	0	0	0	500	0	0	0	0	0	0	0	500	0	0	
0	0	0	0	0	0	0	0	0	0	0	0	0	0	0	0	0	0	0	0	0	0	0	0	0	0	0	0	500	0	0	0	0	0	0	0	0	0	0	0	0	0	0	0	0	0	0	0	0	0	0	0	0	0	0	500	0	0	0	0	0	0	0	0	0	0	0	0	0	0	500	0	0	0	0	0	0	0	0	0	
0	0	0	0	0	0	0	0	0	0	0	0	0	0	0	0	0	0	0	0	0	0	0	0	0	0	500	500	0	0	0	0	0	0	0	0	0	0	0	0	0	0	0	0	0	0	0	0	0	500	0	0	0	0	0	0	0	0	0	0	0	0	0	0	0	0	0	0	0	0	0	0	0	0	0	0	0	0	0	0	
0	0	0	0	0	0	0	0	0	0	0	0	0	0	0	0	0	0	0	0	0	0	0	0	0	0	0	0	0	0	0	0	0	0	0	0	0	0	0	0	0	500	0	0	500	500	0	0	0	0	0	0	0	0	0	0	0	0	0	0	0	0	0	0	0	0	0	0	0	0	0	0	0	0	0	0	0	0	0	0	
0	0	0	0	0	0	0	0	0	0	0	0	0	500	0	0	0	0	0	0	0	0	0	0	0	0	0	0	0	0	0	0	0	0	0	0	0	0	0	0	0	0	0	0	0	0	0	0	0	0	0	0	0	0	500	0	0	0	500	0	0	0	0	0	0	0	0	0	0	0	0	0	0	0	0	0	0	0	0	0	
0	0	0	0	0	0	0	0	0	0	0	0	0	0	0	0	0	0	0	0	0	0	0	0	0	500	0	0	0	0	0	0	500	0	0	0	0	0	0	0	0	0	0	0	0	0	0	0	0	0	0	0	0	0	0	0	0	0	0	0	0	500	0	0	0	0	0	0	0	0	0	0	0	0	0	0	0	0	0	0	
0	0	0	0	0	0	0	0	0	0	0	0	0	0	0	0	0	0	0	0	0	0	0	0	0	0	0	0	0	0	0	0	0	0	0	0	0	0	0	0	0	0	0	0	0	0	0	0	0	0	0	500	0	0	0	0	500	500	0	0	0	0	0	0	0	0	0	0	0	0	0	0	0	0	0	0	0	0	0	0	
0	0	0	0	0	0	0	0	0	0	0	0	0	0	0	0	0	0	0	0	0	0	0	0	0	500	0	0	0	0	0	0	500	0	0	0	0	0	0	0	0	0	0	0	0	0	0	0	0	0	0	0	0	0	0	0	0	0	0	0	0	0	500	0	0	0	0	0	0	0	0	0	0	0	0	0	0	0	0	0	
0	0	0	0	0	0	0	0	0	0	0	0	0	0	0	0	0	0	0	0	0	0	0	500	0	0	0	0	0	0	0	0	0	0	0	0	0	0	0	0	0	0	0	0	0	0	0	0	0	0	0	0	0	0	0	0	0	0	0	0	0	500	0	500	0	0	0	0	0	0	0	0	0	0	0	0	0	0	0	0	
0	0	0	0	0	0	0	0	0	0	0	0	0	0	0	0	0	500	0	0	0	0	0	0	0	0	0	0	500	0	0	0	0	500	0	0	0	0	0	0	0	0	0	0	0	0	0	0	0	0	0	0	0	0	0	0	0	0	0	0	0	0	0	0	0	0	0	0	0	0	0	0	0	0	0	0	0	0	0	0	
0	0	0	0	0	0	0	0	0	0	0	0	500	0	0	500	0	0	0	0	0	500	0	0	0	0	0	0	0	0	0	0	0	0	0	0	0	0	0	0	0	0	0	0	0	0	0	0	0	0	0	0	0	0	0	0	0	0	0	0	0	0	0	0	0	0	0	0	0	0	0	0	0	0	0	0	0	0	0	0	
0	0	0	0	0	0	0	0	0	0	0	0	0	0	0	0	0	0	0	0	0	0	0	0	0	0	0	0	0	0	0	0	0	0	0	0	0	0	0	0	0	0	0	0	0	0	500	0	0	0	0	0	0	0	0	0	0	0	0	0	0	0	0	0	0	0	0	0	0	0	0	0	0	0	0	0	0	0	0	0	
0	0	0	0	0	0	0	0	0	0	0	500	0	0	0	0	0	0	500	0	0	0	0	0	0	0	0	0	0	0	0	0	0	0	0	0	0	0	0	0	0	0	0	0	0	0	0	0	0	0	0	0	0	0	0	0	500	0	0	0	0	0	0	0	0	0	0	0	0	0	0	0	0	0	0	0	0	0	0	0	
0	0	0	0	0	0	0	0	0	0	500	0	0	0	0	0	0	0	0	0	0	0	0	0	0	0	0	0	0	0	0	0	0	0	0	0	0	0	0	0	0	0	500	0	0	0	0	0	0	0	0	0	0	0	500	0	0	0	0	0	0	0	0	0	0	0	0	0	0	0	0	0	0	0	0	0	0	0	0	0	
0	0	500	0	0	0	0	0	0	0	0	0	0	0	0	500	0	0	0	0	0	0	0	500	0	0	0	0	0	0	0	0	0	0	0	0	0	0	0	0	0	0	0	0	0	0	0	0	0	0	0	0	0	0	0	0	0	0	0	0	0	0	0	0	0	0	0	0	0	0	0	0	0	0	0	0	0	0	0	0	
0	0	0	500	0	0	0	0	0	0	0	0	0	0	0	0	0	0	0	0	0	0	0	0	0	0	0	0	0	0	0	0	0	0	0	0	0	0	0	0	0	0	0	0	0	0	500	0	0	0	0	0	0	0	0	0	0	0	0	0	0	0	500	0	0	0	0	0	0	0	0	0	0	0	0	0	0	0	0	0	
0	0	0	0	0	0	0	0	0	0	0	0	0	0	0	0	0	0	0	0	0	0	0	0	0	0	0	0	0	0	0	0	0	0	0	0	0	0	0	0	0	0	0	0	0	0	0	0	0	0	0	500	0	0	0	0	500	500	0	0	0	0	0	0	0	0	0	0	0	0	0	0	0	0	0	0	0	0	0	0	
0	0	0	0	0	0	0	500	0	500	0	0	0	500	0	0	0	0	0	0	0	0	0	0	0	0	0	0	0	0	0	0	0	0	0	0	0	0	0	0	0	0	0	0	0	0	0	0	0	0	0	0	0	0	0	0	0	0	0	0	0	0	0	0	0	0	0	0	0	0	0	0	0	0	0	0	0	0	0	0	
24	29	3	53	59	43	32	74	54	64	70	78	59	12	38	51	75	34	49	41	38	17	72	50	45	59	45	30	51	0	31	46	54	51	33	3	42	36	18	47	30	35	69	2	35	2	58	45	43	66	17	50	71	20	53	27	15	9	40	70	12	2	9	61	5	28	69	11	39	5	57	46	31	74	33	67	11	7	60	7	39	25	4	39	48	63	73	17	68	51	23	0	30	36	26	18	61	15	48	20	46	32	38	52	28	53	8	77	54	74	53	13	72	13	8	18	16	10	31	23	73	79	70	26	66	40	28	41	7	19	60	47	54	28	20	42	26	17	65	56	2	14	63	68	58	17	12	61	32	22	49	64	38	64	73	11	38	6	63	28	26	62	78	30	9	51	61	9	46	30	6	5	65	71	1	61	43	39	56	56	22	56	20	17	73	2	62	31	79	79	78	61	32	71	14	50	5	52	55	72	40	30	65	41	32	47	54	0	18	35	20	47	66	62	75	31	47	53	50	69	77	60	60	38	65	72	32	24	49	16	65	62	33	55	69	79	70	66	33	47	38	23	26	67	54	11	5	0	57	3	23	27	70	3	36	9	66	33	19	0	48	33	7	67	8	57	6	41	76	62	22	70	67	68	10	79	18	33	56	41	60	74	20	10	8	51	37	21	43	2	15	17	41	12	6	50	23	5	49	76	11	35	19	55	25	58	34	21	7	64	3	76	72	26	27	33	36	61	15	58	29	45	52	43	10	31	30	9	48	10	20	41	67	17	9	48	8	73	20	67	21	56	40	8	62	19	75	50	40	47	2	24	9	48	2	78	69	12	47	25	18	71	32	78	36	7	25	34	64	17	30	43	44	10	37	60	76	6	4	60	69	10	78	47	61	44	9	42	41	33	41	34	60	30	69	12	13	7	17	30	1	66	17	43	28	4	76	10	3	33	69	15	12	14	50	79	43	50	25	47	5	16	45	36	16	14	3	19	48	16	50	66	27	44	46	53	37	71	43	32	51	53	64	58	75	76	48	8	1	0	2	29	11	40	41	79	61	6	59	36	28	2	29	63	78	47	67	55	39	67	68	32	76	34	20	31	67	18	7	57	64	72	4	4	73	24	14	35	50	24	75	77	49	29	0	54	41	59	66	51	2	56	54	73	78	8	48	13	4	49	7	4	9	24	30	36	1	2	44	64	17	51	36	15	30	32	12	21	78	60	11	70	23	65	4	61	29	29	61	29	64	62	41	66	44	49	5	24	79	5	46	44	22	37	33	76	13	31	59	4	65	0	9	17	16	5	40	64	54	10	37	15	17	45	77	58	78	11	77	46	25	17	2	24	48	27	58	70	15	56	16	20	51	3	18	63	10	25	13	21	49	57	79	1	52	78	67	3	1	38	55	37	4	30	24	37	58	67	52	33	34	65	54	53	6	6	44	47	53	47	36	74	28	41	9	5	55	48	9	60	52	2	50	61	47	44	31	51	6	11	15	61	37	53	17	20	15	68	51	19	35	32	26	67	23	66	79	77	39	3	42	58	25	43	22	68	56	4	11	35	77	39	33	16	32	13	19	36	26	14	8	56	5	36	59	22	41	39	35	38	0	34	27	49	18	76	74	0	57	14	10	12	13	19	53	63	72	50	50	1	18	37	11	43	4	68	25	70	8	74	69	76	71	29	56	68	25	41	75	57	55	53	23	35	43	43	21	11	57	42	0	73	71	32	54	65	43	20	25	36	30	1	61	62	45	44	70	55	72	73	49	71	37	50	69	65	35	35	36	29	58	76	14	75	41	2	21	4	70	44	39	24	56	73	34	60	75	20	34	41	74	25	32	66	60	43	78	0	60	54	55	71	16	1	16	68	17	69	3	14	72	43	41	52	0	28	60	75	42	47	69	77	61	2	33	5	12	50	78	44	43	56	74	31	40	20	56	74	56	62	78	22	36	12	27	61	73	0	33	16	64	25	35	36	58	75	0	66	60	62	5	34	29	78	3	79	58	67	31	15	32	48	78	50	77	18	69	50	17	73	3	65	62	39	75	47	5	29	12	29	22	63	65	53	55	24	29	41	73	35	71	49	16	63	5	9	26	31	26	50	17	11	25	47	14	17	62	72	54	5	73	42	60	79	25	0	13	20	24	5	76	24	49	33	11	77	47	31	62	21	36	34	75	79	21	0	71	26	61	68	6	27	47	40	10	29	64	7	60	37	37	10	46	39	57	70	66	17	48	45	10	70	73	57	58	65	64	34	17	3	26	33	23	43	57	51	20	49	43	33	46	53	7	41	64	74	42	50	15	10	50	58	63	46	67	33	18	30	13	59	18	24	4	49	52	9	43	7	25	35	1	58	16	0	44	38	48	59	9	13	76	23	12	35	33	75	30	52	34	71	19	46	3	71	43	2	49	66	37	53	39	22	0	8	41	76	60	40	24	13	27	25	71	58	45	13	47	65	6	18	26	37	76	10	38	11	19	43	31	55	18	2	7	65	64	63	63	18	73	78	22	71	69	39	25	43	37	43	16	31	23	39	27	6	58	22	67	26	49	56	38	7	41	51	40	25	24	26	71	60	46	0	71	44	18	26	67	69	0	54	13	48	47	63	52	21	40	29	44	26	69	16	29	61	12	13	39	50	37	61	63	47	30	71	68	22	42	0	59	29	16	58	4	17	55	60	49	5	24	16	67	45	39	62	22	60	65	12	52	1	46	65	49	76	31	1	3	15	59	75	32	74	9	63	55	39	66	17	2	46	54	36	61	45	68	78	29	37	29	71	63	76	18	6	70	66	74	38	72	63	51	12	43	66	56	31	74	53	65	1	26	55	58	7	70	56	75	19	71	26	76	40	46	68	9	58	24	74	31	70	66	24	51	14	7	67	44	29	63	57	37	44	75	71	68	36	77	49	19	50	14	30	24	45	5	75	66	19	77	44	18	9	2	60	61	36	66	19	46	67	50	72	33	75	45	23	58	26	69	79	23	2	51	69	72	30	22	41	50	42	33	41	77	20	70	67	55	4	56	7	57	34	54	28	34	44	49	35	30	45	61	47	10	65	75	20	36	20	14	69	21	23	38	44	41	54	78	56	36	19	11	65	36	28	36	18	12	57	41	36	62	34	27	39	58	43	29	1	37	39	24	45	10	71	18	38	69	58	79	14	56	4	27	4	3	30	1	18	39	23	54	36	42	24	69	76	66	36	3	61	30	71	13	62	78	16	37	6	23	47	16	68	49	60	53	18	22	51	52	11	25	74	79	14	39	75	9	9	75	76	30	67	57	43	20	9	74	54	48	66	62	73	13	4	0	67	59	26	14	15	10	46	63	7	5	28	22	37	79	72	4	17	53	20	54	76	56	16	5	74	24	15	51	27	63	19	5	68	11	32	29	29	27	71	27	61	33	33	10	32	35	32	26	58	37	29	43	75	14	45	53	78	52	61	14	37	36	35	41	18	21	44	59	27	53	76	49	17	50	62	47	59	34	22	65	21	31	36	21	21	6	68	30	38	79	79	67	31	19	44	48	23	35	20	23	31	55	71	53	61	28	0	59	7	56	6	23	1	53	41	64	72	34	2	50	63	72	9	57	38	
54	26	50	42	60	3	66	21	24	7	54	18	71	20	76	30	7	22	1	54	52	59	49	23	43	31	10	14	10	64	9	40	61	27	75	34	65	44	13	41	35	48	75	42	1	21	51	66	23	55	50	46	2	29	36	58	26	25	24	10	42	23	49	9	36	17	27	16	35	15	61	24	15	58	49	74	65	60	48	78	18	46	34	63	28	40	1	5	54	19	70	24	75	41	9	67	4	3	4	45	24	73	16	32	49	52	38	70	41	62	78	38	24	31	66	74	71	0	58	76	32	11	49	35	10	57	46	25	16	2	42	7	26	63	16	38	33	74	71	47	15	28	9	27	75	76	31	3	55	63	35	57	70	35	68	69	53	40	56	76	59	66	69	3	45	40	0	31	47	60	78	69	22	38	68	27	39	25	6	37	40	42	27	56	30	63	38	72	77	77	14	13	26	25	70	73	74	7	20	2	51	29	77	62	10	38	74	43	46	29	56	58	61	32	40	5	7	16	28	14	44	31	52	70	15	76	1	29	47	9	20	53	30	24	63	30	29	24	66	42	29	28	47	57	14	67	53	29	18	0	72	55	59	19	22	71	40	13	18	47	42	46	76	63	52	25	69	73	38	47	63	78	48	47	42	78	68	43	8	26	19	20	8	21	14	44	77	14	53	18	56	22	11	73	41	31	79	32	65	41	35	26	17	39	40	71	27	71	63	56	31	61	9	78	78	39	54	58	10	73	24	61	19	50	16	40	58	68	79	60	17	79	38	11	40	36	22	36	0	6	15	10	75	36	3	44	73	31	67	77	43	41	0	13	67	35	59	44	17	77	4	61	22	57	14	64	4	7	72	54	75	73	20	32	12	16	19	16	25	44	53	21	18	15	77	49	72	9	42	38	61	76	46	3	49	72	58	11	21	15	15	62	75	50	78	12	19	49	23	24	46	62	45	2	77	9	31	11	18	20	15	20	62	79	61	46	32	61	28	74	43	44	11	42	31	79	13	29	30	7	65	70	40	69	73	68	62	56	69	10	65	52	56	39	51	8	65	78	53	54	3	63	22	30	77	11	73	66	1	35	14	34	47	40	7	48	42	59	35	61	1	13	38	57	38	16	62	70	74	51	14	68	46	57	70	37	67	1	8	25	74	46	67	66	51	64	58	17	0	23	78	70	2	22	15	3	74	77	46	8	9	45	44	39	47	71	59	49	0	47	1	19	11	4	39	39	34	0	14	43	18	26	59	50	6	12	40	21	7	47	14	13	45	11	54	52	33	10	73	50	61	53	0	16	74	20	36	71	16	33	62	0	8	21	7	5	12	40	24	45	4	37	42	67	9	50	70	79	6	11	52	59	17	7	31	14	53	0	15	51	43	15	44	18	26	29	1	68	14	66	37	2	14	40	18	22	3	71	50	56	23	73	44	65	34	55	42	42	13	42	22	44	2	10	7	49	26	33	7	49	61	24	63	53	20	23	56	38	57	9	75	63	10	24	77	60	78	65	67	64	40	53	27	64	46	71	73	18	53	13	18	74	1	28	59	77	8	41	9	17	47	73	1	58	42	17	57	46	15	22	69	17	51	44	41	8	26	58	12	73	42	3	51	24	72	13	33	27	40	13	76	70	0	40	10	78	36	35	46	41	10	51	47	75	55	77	65	73	0	5	57	25	41	2	44	32	55	23	32	65	33	42	24	19	41	1	75	16	16	56	5	77	62	15	43	71	51	78	10	15	67	6	2	21	76	51	25	31	2	1	29	26	12	3	5	8	48	23	59	21	22	30	59	45	44	76	78	77	21	64	62	11	60	42	25	33	22	41	41	29	0	24	28	20	8	47	40	32	4	15	49	33	37	79	57	69	46	67	53	63	37	48	51	10	39	45	0	45	49	75	8	11	69	1	3	36	79	58	57	63	7	67	34	55	45	33	57	30	68	76	79	4	46	70	35	20	35	25	6	5	77	5	31	77	5	20	77	63	42	68	35	37	18	75	68	42	11	43	26	0	55	55	66	66	15	5	37	11	16	33	0	41	56	73	32	26	51	9	17	73	78	65	15	59	44	17	40	31	61	44	57	19	72	27	56	53	73	49	32	7	37	49	52	61	60	64	23	71	12	50	54	24	20	65	72	9	28	13	34	13	20	29	7	73	6	23	74	29	5	43	56	18	41	31	25	69	48	46	4	42	70	46	55	77	43	10	43	23	29	32	64	4	62	56	39	6	25	23	13	21	59	76	0	34	13	20	48	76	25	10	16	67	63	77	52	15	16	69	15	19	54	32	45	15	61	37	60	61	50	73	61	2	16	4	19	42	19	21	4	79	64	63	2	44	4	18	38	66	62	57	65	26	37	34	53	28	2	4	3	23	71	68	28	79	58	16	74	0	27	38	69	71	56	59	56	71	25	8	11	35	67	71	55	75	17	12	0	44	54	70	25	50	61	45	52	3	59	9	34	45	27	76	67	29	5	52	34	19	24	66	28	42	60	39	6	13	43	60	65	72	66	18	48	41	43	39	54	26	70	32	6	47	4	79	8	55	52	21	67	35	28	54	56	18	35	23	74	46	78	20	63	37	26	66	52	65	35	40	49	4	56	6	27	35	77	60	23	33	11	20	9	14	30	9	67	51	3	17	45	15	64	44	7	78	47	59	62	43	34	35	53	50	64	13	0	69	39	56	33	77	9	34	26	73	71	54	72	19	20	38	34	25	74	71	56	68	44	42	57	22	25	66	18	32	61	57	8	47	18	72	50	74	34	60	29	73	56	42	12	70	19	75	33	2	22	44	10	45	62	17	78	16	41	45	19	16	47	68	34	48	65	35	51	36	53	79	30	35	24	31	13	10	59	63	71	74	23	44	6	10	68	62	55	60	55	72	33	74	46	64	51	33	47	12	34	9	45	24	15	56	13	57	16	73	51	27	2	26	39	9	13	22	74	38	42	10	39	41	78	77	1	54	8	11	12	39	51	52	5	69	75	20	6	60	27	43	34	27	21	8	73	79	75	54	74	7	27	40	33	2	31	11	27	74	30	67	51	36	36	49	35	76	61	31	31	7	12	57	60	31	74	44	47	43	42	74	59	52	51	44	22	16	18	60	49	65	21	44	25	16	63	54	19	78	22	69	26	12	71	4	21	13	22	8	0	33	56	0	56	6	17	59	66	51	37	21	46	60	1	58	45	48	8	61	38	58	50	78	71	36	17	77	18	31	48	69	74	63	74	45	19	60	0	30	56	5	67	54	54	21	3	39	16	12	56	41	43	56	23	31	9	52	64	79	77	28	61	78	57	55	34	63	33	27	8	51	49	66	3	65	43	3	62	70	74	59	8	78	20	45	36	23	79	68	10	52	6	41	11	48	40	71	13	58	39	71	72	19	78	62	27	31	79	1	70	10	28	64	30	42	6	55	21	71	47	17	10	14	74	40	28	67	35	0	17	20	79	7	38	59	76	77	58	33	1	65	21	76	29	51	39	61	1	36	43	59	64	71	44	14	32	65	44	71	50	75	10	7	25	37	77	2	0	74	22	76	11	29	76	37	76	35	24	79	63	17	58	42	7	28	66	21	16	66	27	57	70	66	74	69	
10	17	12	4	2	16	11	3	15	17	8	4	17	12	14	11	11	6	13	10	16	16	11	14	14	16	16	15	19	18	2	12	14	14	8	7	1	16	19	20	5	18	3	10	3	6	13	19	8	10	11	20	9	10	13	11	4	4	14	6	9	11	19	13	16	19	18	5	20	11	20	15	5	16	5	15	4	18	15	4	2	6	15	9	16	17	13	16	16	1	11	14	9	19	1	4	14	11	6	11	7	6	16	20	13	1	7	19	9	18	2	11	20	14	19	3	12	8	14	10	8	20	17	3	7	20	13	4	5	11	2	2	11	5	14	10	14	8	6	17	3	8	18	15	4	19	20	7	20	19	7	6	9	20	17	4	5	8	18	15	3	17	6	6	17	12	6	17	15	18	8	14	15	8	3	16	2	14	17	11	4	6	19	1	11	9	3	2	15	4	20	7	6	4	17	6	5	6	14	2	12	14	4	3	5	2	20	18	3	17	17	19	1	6	10	13	1	12	20	9	8	17	4	15	16	4	19	14	8	10	9	6	12	15	16	8	14	9	9	8	4	20	20	9	4	2	4	7	2	3	8	11	12	17	14	18	13	20	2	1	4	14	19	13	18	11	4	3	14	13	11	3	15	4	9	12	1	10	14	18	13	3	17	2	5	5	17	5	12	17	19	12	13	2	14	20	13	4	1	14	19	2	6	19	10	9	14	13	10	7	2	19	5	9	18	3	18	7	4	18	20	14	17	13	11	16	18	17	5	6	15	19	17	16	7	9	6	11	17	6	17	13	6	16	9	3	13	8	1	17	9	11	1	9	8	7	14	3	19	15	10	1	19	1	1	3	4	15	20	14	12	12	16	9	12	10	19	10	12	3	1	5	19	10	3	12	8	17	10	15	13	10	16	20	3	12	9	3	18	2	6	3	16	7	17	13	6	6	1	3	9	18	1	9	10	6	2	1	13	17	15	15	16	14	19	5	20	8	6	4	13	6	13	16	14	3	14	2	14	10	5	8	3	10	19	19	9	14	13	15	15	14	13	9	12	18	3	11	10	13	20	6	18	19	18	14	16	8	4	16	6	11	1	14	17	12	14	5	10	20	6	1	10	7	4	12	5	12	16	18	5	19	7	9	15	13	15	17	3	3	4	4	12	9	3	14	13	18	17	5	4	14	16	13	14	14	12	12	11	7	14	6	17	2	4	17	17	16	13	16	12	4	15	19	17	3	3	4	3	13	16	19	13	13	7	11	19	2	2	1	4	16	5	15	7	19	18	18	15	14	5	15	7	10	16	10	5	6	19	5	18	12	19	8	7	6	10	9	20	4	4	13	8	11	2	16	7	20	2	12	1	8	16	18	16	4	2	14	1	6	12	6	14	1	19	18	9	12	9	20	14	19	2	5	17	7	16	6	19	17	19	7	12	2	12	10	3	8	17	11	11	18	2	20	14	19	8	6	13	15	1	5	17	3	18	11	3	8	6	12	8	11	9	9	6	11	19	4	13	15	10	20	5	19	13	13	10	17	11	12	6	17	18	10	4	13	11	12	4	18	3	7	16	20	2	16	12	16	19	4	9	1	13	13	5	13	2	6	8	20	19	2	3	1	1	16	19	9	16	3	10	10	3	19	20	5	5	17	19	14	16	10	19	19	17	19	1	12	1	1	14	11	16	1	4	17	13	4	15	14	3	7	13	12	8	4	18	9	10	13	7	8	16	14	16	7	3	5	16	2	16	1	7	16	5	5	3	1	14	5	5	7	10	2	9	1	16	7	16	15	1	10	8	16	15	2	16	12	10	13	11	2	1	16	1	7	2	7	7	11	15	8	7	13	11	7	3	8	14	10	14	3	2	13	15	10	8	12	14	10	13	9	10	8	15	1	4	7	1	16	1	5	12	7	2	4	10	8	7	4	15	7	1	8	11	15	16	5	6	5	11	3	8	9	15	15	8	1	14	8	3	3	12	3	10	1	12	8	12	8	6	16	3	16	5	15	4	4	11	16	2	5	8	4	15	6	7	8	8	7	16	4	2	5	6	2	6	9	2	7	9	12	10	10	16	5	9	6	9	1	16	13	7	12	4	10	8	8	15	1	13	6	11	11	11	10	4	12	9	10	9	9	2	8	2	10	14	15	11	14	5	8	14	12	6	15	11	4	4	13	8	2	16	7	7	3	5	6	15	7	3	1	4	8	5	7	13	9	7	4	4	16	12	8	16	9	10	6	11	9	4	11	6	6	7	15	4	2	6	1	7	3	16	6	8	3	15	1	3	16	9	11	6	14	15	1	14	4	10	15	8	15	5	4	4	1	8	12	12	6	4	11	12	6	7	9	1	1	2	8	10	8	4	3	6	10	7	2	16	13	3	11	3	4	8	12	10	6	13	2	5	6	1	11	2	16	7	1	15	15	16	11	7	7	4	9	5	16	1	11	9	2	10	13	11	10	16	7	3	15	7	11	15	2	13	13	12	13	8	2	10	8	6	14	16	12	5	14	5	16	8	6	14	12	3	9	5	12	11	10	8	5	12	7	8	12	4	10	1	5	3	16	9	12	5	9	1	11	2	8	15	6	6	10	15	11	6	11	1	7	1	16	7	13	4	8	13	12	5	13	13	5	4	10	9	4	8	14	11	14	15	7	8	7	1	14	12	2	14	13	7	12	4	10	9	16	14	7	1	12	8	6	14	7	16	10	9	16	2	2	9	8	4	12	9	16	13	16	2	10	13	4	12	16	8	10	3	13	5	6	4	4	8	13	13	5	3	3	15	1	8	16	5	9	8	11	10	4	3	6	1	9	9	3	8	2	10	3	12	6	8	5	7	2	4	9	2	6	6	1	1	7	5	7	9	12	3	16	7	6	6	13	6	9	5	13	12	15	9	6	2	7	11	14	16	2	1	16	3	7	3	6	5	8	3	15	9	10	9	15	1	9	13	3	2	11	10	5	6	12	1	2	3	5	2	13	9	7	1	10	11	13	3	15	5	4	13	2	9	9	7	4	1	9	11	15	15	2	3	2	16	3	14	2	14	11	6	8	8	6	15	5	3	7	6	6	2	12	2	14	6	15	1	7	16	15	4	15	13	1	1	14	8	3	13	1	2	3	6	1	13	4	11	15	5	11	13	16	14	15	4	10	7	16	11	5	11	11	7	8	1	10	12	11	12	2	7	6	15	10	5	9	5	2	4	11	2	5	3	14	12	3	12	4	2	7	11	5	6	16	16	12	2	2	11	6	16	4	7	2	11	4	9	9	16	5	2	5	11	16	9	8	6	10	10	10	12	7	3	15	1	7	8	14	11	11	6	12	7	3	13	16	5	5	4	7	3	13	11	2	15	10	13	14	16	9	8	1	12	9	4	14	12	3	12	11	6	13	14	13	1	10	11	4	5	6	4	8	1	16	9	3	2	7	3	16	8	7	11	13	2	10	6	13	14	1	13	6	14	15	15	12	15	10	14	3	12	5	6	5	16	1	13	2	3	13	16	15	11	5	13	15	8	1	3	14	12	7	7	16	8	9	14	1	1	4	15	1	2	1	10	10	7	7	15	5	12	2	13	10	5	5	8	7	14	7	10	4	2	6	
520	850	220	150	490	430	680	300	320	550	880	820	750	890	920	820	660	410	500	170	540	990	350	340	250	120	240	580	170	180	880	930	780	850	840	1000	800	940	870	200	650	770	430	550	560	510	950	730	100	520	910	460	320	680	940	120	910	640	200	930	200	790	600	590	440	640	420	310	670	880	520	400	960	710	400	950	450	670	230	310	340	500	530	200	210	500	1000	450	650	480	560	900	370	350	810	200	320	490	340	770	470	930	800	120	890	840	980	380	130	850	210	870	330	910	190	740	310	500	450	890	690	310	340	150	420	590	460	280	380	830	510	900	780	210	360	650	890	860	770	890	320	580	350	870	330	650	790	870	810	1000	500	940	340	810	950	930	950	640	910	490	340	470	870	600	630	350	530	460	850	120	400	750	780	360	350	390	460	600	130	550	560	110	660	820	510	990	940	330	220	280	190	140	180	660	280	670	320	700	650	200	400	100	440	590	530	740	780	640	490	660	360	230	300	230	300	730	460	350	890	960	720	500	620	660	930	700	150	260	470	550	230	460	630	150	430	100	220	990	860	720	210	290	680	350	860	600	630	360	790	910	280	830	660	210	780	380	680	270	390	730	150	1000	810	870	480	590	700	660	720	630	450	710	980	470	220	980	670	750	690	460	360	800	770	790	950	430	810	190	800	730	1000	330	250	710	400	250	950	550	580	770	100	250	120	110	590	900	290	940	320	560	940	540	840	560	190	740	370	770	300	650	960	720	730	390	540	240	550	780	650	740	620	190	600	230	510	430	630	140	620	750	430	500	220	360	940	730	920	210	350	130	790	540	950	860	950	580	630	200	910	450	260	610	380	310	110	360	290	420	630	780	930	140	680	180	810	400	250	110	870	760	500	690	940	420	280	700	570	570	130	300	140	610	380	960	600	890	200	190	910	740	370	490	810	460	590	230	640	500	290	150	530	160	580	440	390	800	480	950	910	110	630	1000	700	170	530	410	750	610	410	420	290	900	270	870	890	610	860	360	250	1000	680	480	520	800	220	820	710	450	230	230	850	530	840	110	420	530	420	430	660	970	520	600	810	650	110	630	820	120	180	130	220	820	260	810	420	550	920	540	630	920	230	160	880	670	350	220	770	390	640	710	800	790	950	440	300	570	410	410	170	540	960	140	180	460	390	770	870	890	390	160	700	900	980	290	660	120	680	740	490	400	880	980	810	500	580	480	160	330	860	150	420	880	740	1000	400	530	680	660	310	740	580	850	240	790	100	660	450	560	490	900	200	730	130	890	350	590	120	540	870	300	210	640	860	920	660	310	700	360	160	580	320	800	320	970	900	380	620	780	110	670	830	710	930	930	930	280	900	370	560	610	800	170	580	570	780	720	120	470	560	760	950	320	880	990	160	920	490	480	130	530	710	880	700	100	190	620	200	250	920	920	120	250	450	390	510	990	650	330	790	950	470	580	840	490	820	100	690	160	510	700	1000	560	170	790	730	700	200	490	290	440	240	260	420	770	960	710	170	860	130	140	830	920	620	210	860	350	920	290	620	610	690	240	190	150	650	380	620	510	220	840	650	480	890	250	100	700	810	650	260	190	980	860	450	640	270	210	780	240	320	490	290	880	380	270	630	810	250	600	550	240	530	110	420	390	690	960	560	690	250	130	900	650	910	720	530	690	180	810	180	500	320	980	300	760	300	320	370	300	280	410	640	770	810	610	240	350	780	970	970	760	370	210	820	580	530	820	200	670	410	220	170	150	190	450	920	290	190	320	230	370	120	490	100	620	190	630	690	480	720	600	290	150	110	930	430	200	780	320	940	750	160	170	550	1000	990	800	760	480	550	580	950	920	540	440	370	340	640	840	180	360	170	120	730	150	410	670	250	640	920	250	110	270	870	160	630	500	260	700	630	360	980	450	500	940	920	480	350	930	230	330	530	470	400	710	650	860	170	220	680	660	210	990	910	1000	150	960	290	660	320	760	430	370	980	660	600	520	550	630	970	850	180	960	330	320	930	620	210	730	130	890	100	210	100	310	750	370	170	400	560	110	100	540	730	350	980	740	600	250	570	530	520	360	250	120	640	120	300	720	120	190	260	980	330	870	1000	300	980	800	820	690	280	140	460	630	440	740	750	560	370	570	590	790	270	890	230	990	830	390	880	150	210	720	950	560	490	330	850	170	910	190	310	230	810	850	490	560	770	830	570	550	830	700	260	680	880	400	520	820	540	740	860	210	300	890	240	330	580	120	860	270	630	550	810	120	360	310	190	650	790	770	600	420	130	220	130	710	190	840	300	760	690	320	690	640	720	780	540	180	690	960	890	610	220	220	230	220	360	700	870	480	920	630	270	270	770	470	160	330	840	350	170	270	440	340	130	830	410	900	320	310	950	500	950	660	780	750	830	400	180	860	630	350	800	740	720	560	860	540	460	800	350	710	520	660	490	1000	890	420	200	230	940	630	320	330	630	980	630	920	400	710	920	290	290	670	890	680	360	520	180	620	300	410	310	860	490	860	480	530	270	970	400	800	230	450	350	690	550	820	660	140	230	120	190	470	220	330	970	150	470	110	570	890	600	800	880	380	480	420	520	640	880	870	140	480	310	460	960	700	380	680	990	630	840	210	520	530	720	160	580	790	570	320	460	710	270	720	700	690	720	440	670	480	320	410	740	230	640	570	110	830	510	910	170	350	920	510	120	450	410	220	950	160	110	290	600	760	600	670	160	670	320	200	810	320	470	150	940	160	820	410	350	270	160	700	560	380	340	880	350	740	720	340	880	580	690	930	550	500	840	300	390	990	840	1000	140	740	960	610	720	440	850	200	210	220	700	390	190	960	630	140	110	640	310	920	990	800	630	270	760	610	820	660	780	750	820	340	490	710	940	500	270	110	220	910	740	690	110	160	810	220	160	190	650	780	820	310	600	810	630	230	690	710	710	880	220	960	970	720	100	480	220	450	130	720	750	960	230	450	900	710	470	910	340	540	100	220	510	720	450	970	350	480	500	880	100	330	630	210	860	420	220	540	240	940	110	530	500	360	700	900	340	440	870	730	890	520	150	820	840	470	790	800	420	870	450	380	840	620	220	810	670	950	540	170	600	900	160	430	770	870	570	260	670	290	360	940	820	160	780	350	170	170	470	680	190	830	420	340	280	270	330	500	190	640	610	710	660	200	840	920	970	410	800	310	660	770	100	530	440	270	270	680	350	220	960	510	680	770	460	620	160	820	600	990	640	540	540	540	600	890	970	120	960	370	180	530	290	440	670	690	100	730	340	490	500	740	430	330	310	120	410	260	980	160	700	910	570	220	520	400	990	870	160	620	370	870	650	790	330	250	670	720	640	890	430	460	880	200	590	800	340	570	440	990	150	150	230	360	730	520	610	810	890	240	600	490	810	740	810	370	530	520	540	570	890	880	200	990	680	320	810	970	710	390	430	310	230	190	680	900	520	490	360	1000	910	170	630	820	520	380	790	870	530	470	980	570	800	760	970	870	470	730	680	960	170	960	1000	890	590	560	150	570	760	800	750	460	350	260	630	300	850	520	760	920	980	810	250	830	430	770	650	600	430	940	370	880	880	410	480	120	600	310	940	960	520	310	290	250	270	590	
100
