2475
100
2
50
0	192	0	192	192	192	0	192	0	0	0	192	0	0	0	192	0	0	0	0	0	0	0	0	0	0	0	0	0	192	0	0	0	0	0	0	0	0	192	0	192	0	0	0	0	0	0	0	0	0	0	0	0	0	0	0	0	0	0	0	0	0	0	0	0	0	0	0	0	0	0	0	0	0	0	0	0	0	0	0	0	0	0	0	0	0	0	0	0	0	0	0	0	0	0	0	0	0	0	0	
192	0	0	0	0	0	0	0	0	0	0	0	0	0	0	0	0	0	0	0	0	0	0	0	0	0	0	0	0	0	0	0	0	0	0	0	0	0	0	0	0	0	0	0	0	0	0	0	0	0	0	0	0	0	0	0	0	0	0	0	0	0	0	0	0	0	0	0	0	0	0	0	0	0	192	0	192	0	0	0	0	0	0	0	0	0	0	0	0	0	0	0	0	0	0	0	0	0	0	0	
0	0	0	0	0	0	192	0	0	0	0	0	0	0	0	0	0	0	0	0	0	0	0	0	0	0	0	0	0	0	0	0	0	0	0	0	0	0	0	0	0	0	0	0	0	0	0	0	0	0	0	0	0	0	0	0	0	0	0	0	0	0	0	192	0	0	0	0	0	0	0	0	0	0	0	0	0	0	0	0	0	0	0	0	0	0	0	0	0	0	0	0	0	0	0	0	0	0	0	0	
192	0	0	0	0	0	0	0	0	0	0	0	0	0	0	0	0	0	0	0	0	0	0	0	0	0	0	0	0	192	0	0	0	0	0	0	0	0	0	0	0	0	0	0	0	0	0	0	0	0	0	0	0	0	0	0	0	0	0	0	0	0	0	0	0	0	0	0	0	0	0	0	0	0	0	0	0	0	0	0	0	0	0	0	0	0	0	0	0	0	0	0	0	0	0	0	0	0	0	0	
192	0	0	0	0	0	0	0	0	0	0	0	0	0	0	0	0	0	0	0	0	0	0	0	192	0	0	0	0	0	0	0	0	0	0	0	0	192	0	0	0	0	0	0	0	0	0	0	0	0	0	0	0	0	0	0	0	0	0	0	0	0	0	0	0	0	0	0	0	0	0	0	0	0	0	0	0	0	0	0	0	0	0	0	0	0	0	0	0	0	0	0	0	0	0	0	0	0	0	0	
192	0	0	0	0	0	0	0	0	0	0	0	0	0	0	0	0	0	0	0	0	0	0	0	0	0	0	0	0	0	0	0	0	0	0	0	0	0	0	0	0	0	0	0	0	192	0	0	0	0	0	0	0	0	0	0	0	0	0	0	0	0	0	0	0	0	0	0	0	0	0	0	0	0	0	0	0	0	0	0	0	192	0	0	0	0	0	0	0	0	0	0	0	0	0	0	0	0	0	0	
0	0	192	0	0	0	0	0	0	0	0	0	0	0	0	0	0	0	0	0	0	0	0	0	0	0	0	0	0	0	0	0	0	0	0	0	0	0	0	0	0	192	0	0	0	0	0	0	0	0	0	0	0	0	0	0	0	0	0	0	0	0	0	0	0	0	0	0	0	0	0	0	0	0	0	0	0	0	0	0	0	0	0	0	0	0	0	0	0	0	0	0	0	0	0	0	0	0	0	0	
192	0	0	0	0	0	0	0	0	0	0	0	0	0	0	0	0	0	0	0	0	0	0	0	0	0	0	0	0	0	0	0	0	0	0	0	0	0	0	0	0	0	0	0	0	0	0	0	0	0	0	0	0	0	0	0	0	0	0	0	0	0	0	0	0	0	0	0	0	0	0	0	0	0	0	0	0	0	0	0	192	0	0	0	0	0	0	0	0	0	192	0	0	0	0	0	0	0	0	0	
0	0	0	0	0	0	0	0	0	0	0	0	0	0	0	0	0	0	0	0	0	0	0	0	0	0	0	0	0	0	0	0	0	0	0	0	0	0	0	0	0	0	0	0	0	0	0	0	0	0	0	0	0	0	0	0	0	0	0	0	0	0	0	0	0	0	0	0	0	0	0	0	0	192	0	0	0	0	0	0	0	0	0	0	0	0	0	0	0	0	0	0	0	0	0	0	0	0	0	192	
0	0	0	0	0	0	0	0	0	0	0	0	0	0	0	0	0	0	0	0	0	0	0	0	0	0	0	0	0	0	0	0	0	0	0	0	0	0	0	192	0	0	0	0	0	0	0	0	0	0	0	0	0	0	0	0	0	0	0	0	0	0	0	0	0	0	0	0	0	0	0	0	0	0	0	0	0	0	0	0	0	0	0	0	0	0	0	0	0	0	0	192	0	0	0	0	0	0	0	0	
0	0	0	0	0	0	0	0	0	0	0	0	0	0	0	0	0	0	192	0	0	0	0	0	0	0	0	0	0	0	0	0	0	0	0	0	0	0	0	0	0	0	0	0	0	0	0	0	0	0	0	0	0	0	0	0	0	0	0	0	0	0	0	0	0	0	0	0	0	0	0	0	0	0	0	0	0	0	0	0	192	0	0	0	0	0	0	0	0	0	0	0	0	0	0	0	0	0	0	0	
192	0	0	0	0	0	0	0	0	0	0	0	0	0	0	0	0	0	0	0	0	0	0	0	0	0	0	0	0	0	0	0	0	0	0	0	0	0	0	0	0	0	0	0	0	0	0	0	0	0	0	0	0	0	0	0	0	0	0	0	0	0	0	0	0	0	0	0	0	0	0	0	0	0	0	0	0	0	0	0	0	0	0	0	0	192	0	0	0	0	0	0	0	192	0	0	0	0	0	0	
0	0	0	0	0	0	0	0	0	0	0	0	0	0	0	0	0	0	0	0	0	0	0	0	0	0	0	0	0	0	0	0	0	0	0	0	0	0	0	0	0	0	0	0	0	192	0	0	0	0	0	0	0	0	0	0	0	0	0	0	0	0	0	0	0	0	0	0	0	0	0	0	0	0	0	0	0	0	0	0	0	192	0	0	0	0	0	0	0	0	0	0	0	0	0	0	0	0	0	0	
0	0	0	0	0	0	0	0	0	0	0	0	0	0	0	0	0	0	0	0	0	0	0	0	0	0	0	0	0	0	0	0	0	0	0	0	0	0	0	0	0	0	0	0	0	0	0	0	0	0	0	0	0	0	0	0	0	0	192	0	0	0	0	0	0	0	0	0	0	0	0	0	0	0	0	0	0	0	0	192	0	0	0	0	0	0	0	0	0	0	0	0	0	0	0	0	0	0	0	0	
0	0	0	0	0	0	0	0	0	0	0	0	0	0	0	0	0	0	0	0	0	0	0	0	192	0	0	0	0	0	0	0	0	0	0	0	0	0	0	0	0	0	0	0	0	0	0	0	0	0	0	0	0	0	0	0	0	0	0	0	0	0	0	0	0	0	0	0	0	0	0	0	0	0	0	0	0	0	0	0	0	0	0	192	0	0	0	0	0	0	0	0	0	0	0	0	0	0	0	0	
192	0	0	0	0	0	0	0	0	0	0	0	0	0	0	0	0	0	0	0	0	0	0	0	0	0	0	0	0	0	0	0	0	0	0	0	0	0	0	0	0	0	0	0	0	0	0	0	0	0	0	0	0	0	0	0	0	0	0	0	0	0	0	0	0	0	0	0	0	0	0	0	0	0	0	0	0	0	0	0	0	0	0	0	0	0	0	0	0	192	0	0	192	0	0	0	0	0	0	0	
0	0	0	0	0	0	0	0	0	0	0	0	0	0	0	0	0	0	0	0	0	0	0	0	0	0	0	0	0	0	0	0	0	0	0	0	0	0	0	0	0	0	0	0	0	0	0	0	0	0	0	0	0	0	0	192	0	0	0	0	0	0	0	0	0	0	0	0	0	0	0	0	0	0	0	0	0	0	192	0	0	0	0	0	0	0	0	0	0	0	0	0	0	0	0	0	0	0	0	0	
0	0	0	0	0	0	0	0	0	0	0	0	0	0	0	0	0	0	0	0	0	0	0	0	0	0	0	0	0	0	0	0	0	0	0	0	0	0	0	0	0	0	0	0	0	0	0	0	0	0	192	0	0	0	0	0	0	0	0	0	0	0	0	192	0	0	0	0	0	0	0	0	0	0	0	0	0	0	0	0	0	0	0	0	0	0	0	0	0	0	0	0	0	0	0	0	0	0	0	0	
0	0	0	0	0	0	0	0	0	0	192	0	0	0	0	0	0	0	0	0	0	0	0	0	0	0	0	0	0	0	0	0	0	0	0	0	0	0	0	0	0	0	0	0	0	0	0	0	0	0	0	0	0	0	0	0	0	0	0	0	0	0	0	0	0	0	0	0	0	0	0	0	0	0	0	0	0	0	0	0	0	0	0	0	0	0	0	0	0	0	192	0	0	0	0	0	0	0	0	0	
0	0	0	0	0	0	0	0	0	0	0	0	0	0	0	0	0	0	0	0	0	0	0	0	0	192	0	0	0	0	0	0	0	0	0	0	0	0	0	0	0	0	0	192	0	0	0	0	0	0	0	0	0	0	0	0	0	0	0	0	0	0	0	0	0	0	0	0	0	0	0	0	0	0	0	0	0	0	0	0	0	0	0	0	0	0	0	0	0	0	0	0	0	0	0	0	0	0	0	0	
0	0	0	0	0	0	0	0	0	0	0	0	0	0	0	0	0	0	0	0	0	0	0	0	0	0	0	0	0	0	0	0	0	0	0	0	0	0	0	0	0	0	0	0	0	0	0	0	0	0	0	0	0	0	0	0	0	0	0	0	0	0	0	0	0	192	0	0	0	0	0	0	0	0	0	0	0	0	0	0	0	0	0	0	0	0	0	0	0	0	0	0	0	0	0	192	0	0	0	0	
0	0	0	0	0	0	0	0	0	0	0	0	0	0	0	0	0	0	0	0	0	0	0	192	0	0	0	0	0	0	0	0	0	0	0	0	0	0	0	0	0	0	0	0	0	0	0	0	192	0	0	0	0	0	0	0	0	0	0	0	0	0	0	0	0	0	0	0	0	0	0	0	0	0	0	0	0	0	0	0	0	0	0	0	0	0	0	0	0	0	0	0	0	0	0	0	0	0	0	0	
0	0	0	0	0	0	0	0	0	0	0	0	0	0	0	0	0	0	0	0	0	0	0	0	0	0	0	0	0	0	0	0	0	0	0	0	0	0	0	192	0	0	0	0	0	0	0	0	0	0	0	0	0	0	192	0	0	0	0	0	0	0	0	0	0	0	0	0	0	0	0	0	0	0	0	0	0	0	0	0	0	0	0	0	0	0	0	0	0	0	0	0	0	0	0	0	0	0	0	0	
0	0	0	0	0	0	0	0	0	0	0	0	0	0	0	0	0	0	0	0	0	192	0	0	0	0	0	0	0	0	0	0	0	0	0	0	0	0	0	0	0	0	0	0	0	0	0	0	0	0	0	0	0	0	0	0	0	0	0	192	0	0	0	0	0	0	0	0	0	0	0	0	0	0	0	0	0	0	0	0	0	0	0	0	0	0	0	0	0	0	0	0	0	0	0	0	0	0	0	0	
0	0	0	0	192	0	0	0	0	0	0	0	0	0	192	0	0	0	0	0	0	0	0	0	0	0	0	0	0	0	0	0	0	0	0	0	0	0	0	0	0	0	0	0	0	0	0	0	0	0	0	0	0	0	0	0	0	0	0	0	0	0	0	0	0	0	0	0	0	0	0	0	0	0	0	0	0	0	0	0	0	0	0	0	0	0	0	0	0	0	0	0	0	0	0	0	0	0	0	0	
0	0	0	0	0	0	0	0	0	0	0	0	0	0	0	0	0	0	0	192	0	0	0	0	0	0	0	0	0	0	0	0	0	0	0	0	0	0	0	0	0	0	0	0	0	0	0	0	0	0	0	0	0	0	0	0	0	0	0	0	0	0	0	0	0	192	0	0	0	0	0	0	0	0	0	0	0	0	0	0	0	0	0	0	0	0	0	0	0	0	0	0	0	0	0	0	0	0	0	0	
0	0	0	0	0	0	0	0	0	0	0	0	0	0	0	0	0	0	0	0	0	0	0	0	0	0	0	0	0	0	0	0	0	0	0	0	0	0	0	0	0	0	0	0	0	0	192	0	0	0	0	0	0	0	0	0	0	0	0	0	0	0	0	0	0	0	0	0	0	0	0	0	0	0	0	0	0	0	192	0	0	0	0	0	0	0	0	0	0	0	0	0	0	0	0	0	0	0	0	0	
0	0	0	0	0	0	0	0	0	0	0	0	0	0	0	0	0	0	0	0	0	0	0	0	0	0	0	0	0	0	0	0	0	0	0	0	0	0	0	0	0	0	0	0	0	0	0	0	0	0	0	0	0	0	0	0	0	0	0	0	0	0	0	0	0	0	0	0	0	0	0	0	192	0	0	0	0	0	0	0	0	0	0	0	0	0	0	0	0	0	0	0	192	0	0	0	0	0	0	0	
0	0	0	0	0	0	0	0	0	0	0	0	0	0	0	0	0	0	0	0	0	0	0	0	0	0	0	0	0	0	0	0	0	0	0	0	0	0	0	0	0	0	0	0	0	0	0	0	0	0	0	0	0	0	0	0	0	0	0	0	0	0	0	0	0	0	0	0	0	0	0	0	0	0	0	0	0	0	0	0	0	0	192	0	0	0	0	192	0	0	0	0	0	0	0	0	0	0	0	0	
192	0	0	192	0	0	0	0	0	0	0	0	0	0	0	0	0	0	0	0	0	0	0	0	0	0	0	0	0	0	0	0	0	0	0	0	0	0	0	0	0	0	0	0	0	0	0	0	0	0	0	0	0	0	0	0	0	0	0	0	0	0	0	0	0	0	0	0	0	0	0	0	0	0	0	0	0	0	0	0	0	0	0	0	0	0	0	0	0	0	0	0	0	0	0	0	0	0	0	0	
0	0	0	0	0	0	0	0	0	0	0	0	0	0	0	0	0	0	0	0	0	0	0	0	0	0	0	0	0	0	0	0	0	0	0	0	0	0	0	0	0	0	0	0	0	0	0	0	0	0	0	0	0	0	0	0	0	0	0	0	0	0	0	0	0	0	0	0	0	0	0	0	0	0	0	0	0	0	0	0	0	0	0	0	0	192	0	0	0	0	0	0	0	192	0	0	0	0	0	0	
0	0	0	0	0	0	0	0	0	0	0	0	0	0	0	0	0	0	0	0	0	0	0	0	0	0	0	0	0	0	0	0	0	0	0	0	0	0	0	0	0	0	0	0	0	0	0	0	0	0	0	0	192	0	0	0	0	0	0	0	0	0	0	0	0	0	0	0	192	0	0	0	0	0	0	0	0	0	0	0	0	0	0	0	0	0	0	0	0	0	0	0	0	0	0	0	0	0	0	0	
0	0	0	0	0	0	0	0	0	0	0	0	0	0	0	0	0	0	0	0	0	0	0	0	0	0	0	0	0	0	0	0	0	0	0	0	0	0	0	0	0	0	0	0	0	0	0	192	0	0	0	0	0	0	0	0	0	0	0	0	0	0	0	0	0	0	0	0	0	0	0	0	0	0	0	0	0	0	0	0	0	0	0	0	0	0	0	0	0	0	0	0	0	0	0	0	0	0	0	192	
0	0	0	0	0	0	0	0	0	0	0	0	0	0	0	0	0	0	0	0	0	0	0	0	0	0	0	0	0	0	0	0	0	0	0	0	0	0	0	0	0	0	0	0	0	0	0	0	0	0	0	0	0	0	0	0	0	0	0	0	0	0	0	0	0	0	0	0	0	0	0	0	192	0	0	0	0	0	0	0	0	0	0	0	0	0	0	0	0	192	0	0	0	0	0	0	0	0	0	0	
0	0	0	0	0	0	0	0	0	0	0	0	0	0	0	0	0	0	0	0	0	0	0	0	0	0	0	0	0	0	0	0	0	0	0	0	0	0	0	0	0	0	0	0	0	0	0	0	0	0	0	0	0	0	0	0	0	0	0	0	0	192	0	0	192	0	0	0	0	0	0	0	0	0	0	0	0	0	0	0	0	0	0	0	0	0	0	0	0	0	0	0	0	0	0	0	0	0	0	0	
0	0	0	0	0	0	0	0	0	0	0	0	0	0	0	0	0	0	0	0	0	0	0	0	0	0	0	0	0	0	0	0	0	0	0	0	0	0	0	0	0	0	0	0	0	0	0	0	0	0	0	0	0	0	0	0	0	0	0	0	0	0	0	0	0	0	192	0	0	0	0	0	0	0	0	0	192	0	0	0	0	0	0	0	0	0	0	0	0	0	0	0	0	0	0	0	0	0	0	0	
0	0	0	0	0	0	0	0	0	0	0	0	0	0	0	0	0	0	0	0	0	0	0	0	0	0	0	0	0	0	0	0	0	0	0	0	0	0	0	0	0	0	0	0	0	0	192	0	0	0	0	0	0	0	0	0	0	0	0	0	0	0	0	0	0	0	0	0	0	0	0	0	0	0	0	0	0	192	0	0	0	0	0	0	0	0	0	0	0	0	0	0	0	0	0	0	0	0	0	0	
0	0	0	0	192	0	0	0	0	0	0	0	0	0	0	0	0	0	0	0	0	0	0	0	0	0	0	0	0	0	0	0	0	0	0	0	0	0	0	0	0	0	0	0	0	0	0	0	0	0	0	0	0	0	0	0	0	0	0	0	0	0	0	0	0	0	0	0	0	0	0	0	0	0	0	0	0	0	0	0	0	0	0	192	0	0	0	0	0	0	0	0	0	0	0	0	0	0	0	0	
192	0	0	0	0	0	0	0	0	0	0	0	0	0	0	0	0	0	0	0	0	0	0	0	0	0	0	0	0	0	0	0	0	0	0	0	0	0	0	0	0	0	0	0	0	0	0	0	0	0	0	0	0	0	0	0	192	0	0	0	0	0	0	0	0	0	0	0	0	0	0	192	0	0	0	0	0	0	0	0	0	0	0	0	0	0	0	0	0	0	0	0	0	0	0	0	0	0	0	0	
0	0	0	0	0	0	0	0	0	192	0	0	0	0	0	0	0	0	0	0	0	0	192	0	0	0	0	0	0	0	0	0	0	0	0	0	0	0	0	0	0	0	0	0	0	0	0	0	0	0	0	0	0	0	0	0	0	0	0	0	0	0	0	0	0	0	0	0	0	0	0	0	0	0	0	0	0	0	0	0	0	0	0	0	0	0	0	0	0	0	0	0	0	0	0	0	0	0	0	0	
192	0	0	0	0	0	0	0	0	0	0	0	0	0	0	0	0	0	0	0	0	0	0	0	0	0	0	0	0	0	0	0	0	0	0	0	0	0	0	0	0	0	0	0	0	0	0	0	0	0	0	0	0	0	0	0	0	0	0	0	0	0	0	0	0	0	0	192	0	0	192	0	0	0	0	0	0	0	0	0	0	0	0	0	0	0	0	0	0	0	0	0	0	0	0	0	0	0	0	0	
0	0	0	0	0	0	192	0	0	0	0	0	0	0	0	0	0	0	0	0	0	0	0	0	0	0	0	0	0	0	0	0	0	0	0	0	0	0	0	0	0	0	0	0	0	0	0	0	0	192	0	0	0	0	0	0	0	0	0	0	0	0	0	0	0	0	0	0	0	0	0	0	0	0	0	0	0	0	0	0	0	0	0	0	0	0	0	0	0	0	0	0	0	0	0	0	0	0	0	0	
0	0	0	0	0	0	0	0	0	0	0	0	0	0	0	0	0	0	0	0	0	0	0	0	0	0	0	0	0	0	0	0	0	0	0	0	0	0	0	0	0	0	0	0	0	0	0	0	0	0	0	0	0	0	0	0	0	0	0	0	0	0	0	0	0	0	0	192	0	0	192	0	0	0	0	0	0	0	0	0	0	0	0	0	0	0	0	0	0	0	0	0	0	0	0	0	0	0	0	0	
0	0	0	0	0	0	0	0	0	0	0	0	0	0	0	0	0	0	0	192	0	0	0	0	0	0	0	0	0	0	0	0	0	0	0	0	0	0	0	0	0	0	0	0	0	0	0	0	0	0	0	0	0	0	0	0	0	0	0	0	0	0	0	0	0	0	0	0	0	0	0	0	0	0	192	0	0	0	0	0	0	0	0	0	0	0	0	0	0	0	0	0	0	0	0	0	0	0	0	0	
0	0	0	0	0	0	0	0	0	0	0	0	0	0	0	0	0	0	0	0	0	0	0	0	0	0	0	0	0	0	0	0	0	0	0	0	0	0	0	0	0	0	0	0	0	0	0	0	0	0	0	0	0	0	0	0	0	0	0	0	0	0	0	0	0	0	0	0	0	0	0	0	0	0	0	0	0	0	0	0	0	0	0	0	0	0	0	0	192	0	0	0	0	0	192	0	0	0	0	0	
0	0	0	0	0	192	0	0	0	0	0	0	192	0	0	0	0	0	0	0	0	0	0	0	0	0	0	0	0	0	0	0	0	0	0	0	0	0	0	0	0	0	0	0	0	0	0	0	0	0	0	0	0	0	0	0	0	0	0	0	0	0	0	0	0	0	0	0	0	0	0	0	0	0	0	0	0	0	0	0	0	0	0	0	0	0	0	0	0	0	0	0	0	0	0	0	0	0	0	0	
0	0	0	0	0	0	0	0	0	0	0	0	0	0	0	0	0	0	0	0	0	0	0	0	0	0	192	0	0	0	0	0	0	0	0	0	192	0	0	0	0	0	0	0	0	0	0	0	0	0	0	0	0	0	0	0	0	0	0	0	0	0	0	0	0	0	0	0	0	0	0	0	0	0	0	0	0	0	0	0	0	0	0	0	0	0	0	0	0	0	0	0	0	0	0	0	0	0	0	0	
0	0	0	0	0	0	0	0	0	0	0	0	0	0	0	0	0	0	0	0	0	0	0	0	0	0	0	0	0	0	0	0	192	0	0	0	0	0	0	0	0	0	0	0	0	0	0	0	0	0	0	0	0	0	0	0	0	0	0	0	0	0	0	0	0	0	0	0	0	0	0	0	0	0	0	0	0	0	0	0	0	0	0	0	0	0	0	0	0	0	0	0	0	0	0	0	192	0	0	0	
0	0	0	0	0	0	0	0	0	0	0	0	0	0	0	0	0	0	0	0	0	192	0	0	0	0	0	0	0	0	0	0	0	0	0	0	0	0	0	0	0	0	0	0	0	0	0	0	0	0	0	0	0	0	0	0	0	0	0	0	0	0	0	0	0	0	0	0	0	0	0	0	0	0	0	0	0	0	0	0	0	0	0	0	0	0	0	0	0	0	0	0	0	0	0	0	192	0	0	0	
0	0	0	0	0	0	0	0	0	0	0	0	0	0	0	0	0	0	0	0	0	0	0	0	0	0	0	0	0	0	0	0	0	0	0	0	0	0	0	0	0	192	0	0	0	0	0	0	0	0	0	0	0	0	0	0	0	0	0	0	0	0	0	0	0	0	0	0	0	0	0	0	0	192	0	0	0	0	0	0	0	0	0	0	0	0	0	0	0	0	0	0	0	0	0	0	0	0	0	0	
0	0	0	0	0	0	0	0	0	0	0	0	0	0	0	0	0	192	0	0	0	0	0	0	0	0	0	0	0	0	0	0	0	0	0	0	0	0	0	0	0	0	0	0	0	0	0	0	0	0	0	0	0	0	0	0	0	0	0	0	0	0	0	0	0	0	0	0	0	0	0	0	0	0	0	0	0	0	0	0	0	0	0	0	0	0	0	0	0	0	0	0	0	0	192	0	0	0	0	0	
0	0	0	0	0	0	0	0	0	0	0	0	0	0	0	0	0	0	0	0	0	0	0	0	0	0	0	0	0	0	0	0	0	0	0	0	0	0	0	0	0	0	0	0	0	0	0	0	0	0	0	0	0	0	0	0	0	0	192	0	0	0	0	0	0	0	0	0	192	0	0	0	0	0	0	0	0	0	0	0	0	0	0	0	0	0	0	0	0	0	0	0	0	0	0	0	0	0	0	0	
0	0	0	0	0	0	0	0	0	0	0	0	0	0	0	0	0	0	0	0	0	0	0	0	0	0	0	0	0	0	0	192	0	0	0	0	0	0	0	0	0	0	0	0	0	0	0	0	0	0	0	0	0	0	0	0	0	0	0	0	0	0	0	0	0	0	0	0	0	0	0	0	0	0	0	192	0	0	0	0	0	0	0	0	0	0	0	0	0	0	0	0	0	0	0	0	0	0	0	0	
0	0	0	0	0	0	0	0	0	0	0	0	0	0	0	0	0	0	0	0	0	0	0	0	0	0	0	0	0	0	0	0	0	0	0	0	0	0	0	0	0	0	0	0	0	0	0	0	0	0	0	0	0	0	0	0	0	192	0	0	0	0	0	0	0	0	0	0	0	0	0	0	0	0	0	0	0	192	0	0	0	0	0	0	0	0	0	0	0	0	0	0	0	0	0	0	0	0	0	0	
0	0	0	0	0	0	0	0	0	0	0	0	0	0	0	0	0	0	0	0	0	0	192	0	0	0	0	0	0	0	0	0	0	0	0	0	0	0	0	0	0	0	0	0	0	0	0	0	0	0	0	0	0	0	0	0	0	0	0	0	0	0	0	0	0	0	0	0	0	0	0	0	0	0	0	0	0	0	0	0	0	0	192	0	0	0	0	0	0	0	0	0	0	0	0	0	0	0	0	0	
0	0	0	0	0	0	0	0	0	0	0	0	0	0	0	0	192	0	0	0	0	0	0	0	0	0	0	0	0	0	0	0	0	0	0	0	0	0	0	0	0	0	0	0	0	0	0	0	0	0	0	0	0	0	0	0	0	0	0	0	0	0	0	0	0	0	0	0	0	192	0	0	0	0	0	0	0	0	0	0	0	0	0	0	0	0	0	0	0	0	0	0	0	0	0	0	0	0	0	0	
0	0	0	0	0	0	0	0	0	0	0	0	0	0	0	0	0	0	0	0	0	0	0	0	0	0	0	0	0	0	0	0	0	0	0	0	0	0	192	0	0	0	0	0	0	0	0	0	0	0	0	0	0	0	0	0	0	0	0	0	0	0	0	0	0	0	0	0	0	0	0	192	0	0	0	0	0	0	0	0	0	0	0	0	0	0	0	0	0	0	0	0	0	0	0	0	0	0	0	0	
0	0	0	0	0	0	0	0	0	0	0	0	0	0	0	0	0	0	0	0	0	0	0	0	0	0	0	0	0	0	0	0	0	0	0	0	0	0	0	0	0	0	0	0	0	0	0	0	0	0	0	0	0	192	0	0	0	0	0	0	0	0	0	0	192	0	0	0	0	0	0	0	0	0	0	0	0	0	0	0	0	0	0	0	0	0	0	0	0	0	0	0	0	0	0	0	0	0	0	0	
0	0	0	0	0	0	0	0	0	0	0	0	0	192	0	0	0	0	0	0	0	0	0	0	0	0	0	0	0	0	0	0	0	0	0	0	0	0	0	0	0	0	0	0	0	0	0	0	0	0	0	192	0	0	0	0	0	0	0	0	0	0	0	0	0	0	0	0	0	0	0	0	0	0	0	0	0	0	0	0	0	0	0	0	0	0	0	0	0	0	0	0	0	0	0	0	0	0	0	0	
0	0	0	0	0	0	0	0	0	0	0	0	0	0	0	0	0	0	0	0	0	0	0	192	0	0	0	0	0	0	0	0	0	0	0	0	0	0	0	0	0	0	0	0	0	0	0	0	0	0	0	0	0	0	0	0	0	0	0	0	0	0	0	0	0	0	192	0	0	0	0	0	0	0	0	0	0	0	0	0	0	0	0	0	0	0	0	0	0	0	0	0	0	0	0	0	0	0	0	0	
0	0	0	0	0	0	0	0	0	0	0	0	0	0	0	0	0	0	0	0	0	0	0	0	0	0	0	0	0	0	0	0	0	0	0	0	0	0	0	0	0	0	0	0	0	0	0	0	0	0	0	0	0	0	0	0	0	0	0	0	0	0	192	0	0	0	0	0	0	192	0	0	0	0	0	0	0	0	0	0	0	0	0	0	0	0	0	0	0	0	0	0	0	0	0	0	0	0	0	0	
0	0	0	0	0	0	0	0	0	0	0	0	0	0	0	0	0	0	0	0	0	0	0	0	0	0	0	0	0	0	0	0	0	0	192	0	0	0	0	0	0	0	0	0	0	0	0	0	0	0	0	0	0	0	0	0	0	0	0	0	0	0	0	0	0	0	0	0	0	0	0	0	0	0	0	0	0	0	0	0	0	0	0	0	0	0	192	0	0	0	0	0	0	0	0	0	0	0	0	0	
0	0	0	0	0	0	0	0	0	0	0	0	0	0	0	0	0	0	0	0	0	0	0	0	0	0	0	0	0	0	0	0	0	0	0	0	0	0	0	0	0	0	0	0	0	0	0	0	0	0	0	0	0	0	0	0	0	0	0	0	192	0	0	0	0	0	0	0	0	0	0	0	0	0	0	0	0	0	0	0	0	0	0	0	0	0	0	0	0	0	0	0	0	0	0	0	0	0	192	0	
0	0	192	0	0	0	0	0	0	0	0	0	0	0	0	0	0	192	0	0	0	0	0	0	0	0	0	0	0	0	0	0	0	0	0	0	0	0	0	0	0	0	0	0	0	0	0	0	0	0	0	0	0	0	0	0	0	0	0	0	0	0	0	0	0	0	0	0	0	0	0	0	0	0	0	0	0	0	0	0	0	0	0	0	0	0	0	0	0	0	0	0	0	0	0	0	0	0	0	0	
0	0	0	0	0	0	0	0	0	0	0	0	0	0	0	0	0	0	0	0	0	0	0	0	0	0	0	0	0	0	0	0	0	0	192	0	0	0	0	0	0	0	0	0	0	0	0	0	0	0	0	0	0	0	0	0	0	192	0	0	0	0	0	0	0	0	0	0	0	0	0	0	0	0	0	0	0	0	0	0	0	0	0	0	0	0	0	0	0	0	0	0	0	0	0	0	0	0	0	0	
0	0	0	0	0	0	0	0	0	0	0	0	0	0	0	0	0	0	0	0	192	0	0	0	0	192	0	0	0	0	0	0	0	0	0	0	0	0	0	0	0	0	0	0	0	0	0	0	0	0	0	0	0	0	0	0	0	0	0	0	0	0	0	0	0	0	0	0	0	0	0	0	0	0	0	0	0	0	0	0	0	0	0	0	0	0	0	0	0	0	0	0	0	0	0	0	0	0	0	0	
0	0	0	0	0	0	0	0	0	0	0	0	0	0	0	0	0	0	0	0	0	0	0	0	0	0	0	0	0	0	0	0	0	0	0	192	0	0	0	0	0	0	0	0	0	0	0	0	0	0	0	0	0	0	0	0	0	0	0	192	0	0	0	0	0	0	0	0	0	0	0	0	0	0	0	0	0	0	0	0	0	0	0	0	0	0	0	0	0	0	0	0	0	0	0	0	0	0	0	0	
0	0	0	0	0	0	0	0	0	0	0	0	0	0	0	0	0	0	0	0	0	0	0	0	0	0	0	0	0	0	0	0	0	0	0	0	0	0	0	0	192	0	192	0	0	0	0	0	0	0	0	0	0	0	0	0	0	0	0	0	0	0	0	0	0	0	0	0	0	0	0	0	0	0	0	0	0	0	0	0	0	0	0	0	0	0	0	0	0	0	0	0	0	0	0	0	0	0	0	0	
0	0	0	0	0	0	0	0	0	0	0	0	0	0	0	0	0	0	0	0	0	0	0	0	0	0	0	0	0	0	0	192	0	0	0	0	0	0	0	0	0	0	0	0	0	0	0	0	0	0	0	192	0	0	0	0	0	0	0	0	0	0	0	0	0	0	0	0	0	0	0	0	0	0	0	0	0	0	0	0	0	0	0	0	0	0	0	0	0	0	0	0	0	0	0	0	0	0	0	0	
0	0	0	0	0	0	0	0	0	0	0	0	0	0	0	0	0	0	0	0	0	0	0	0	0	0	0	0	0	0	0	0	0	0	0	0	0	0	0	0	0	0	0	0	0	0	0	0	0	0	0	0	0	0	0	192	0	0	0	0	192	0	0	0	0	0	0	0	0	0	0	0	0	0	0	0	0	0	0	0	0	0	0	0	0	0	0	0	0	0	0	0	0	0	0	0	0	0	0	0	
0	0	0	0	0	0	0	0	0	0	0	0	0	0	0	0	0	0	0	0	0	0	0	0	0	0	0	0	0	0	0	0	0	0	0	0	0	0	0	0	192	0	192	0	0	0	0	0	0	0	0	0	0	0	0	0	0	0	0	0	0	0	0	0	0	0	0	0	0	0	0	0	0	0	0	0	0	0	0	0	0	0	0	0	0	0	0	0	0	0	0	0	0	0	0	0	0	0	0	0	
0	0	0	0	0	0	0	0	0	0	0	0	0	0	0	0	0	0	0	0	0	0	0	0	0	0	0	0	0	0	0	0	0	0	0	0	0	0	192	0	0	0	0	0	0	0	0	0	0	0	0	0	0	0	0	0	192	0	0	0	0	0	0	0	0	0	0	0	0	0	0	0	0	0	0	0	0	0	0	0	0	0	0	0	0	0	0	0	0	0	0	0	0	0	0	0	0	0	0	0	
0	0	0	0	0	0	0	0	0	0	0	0	0	0	0	0	0	0	0	0	0	0	0	0	0	0	0	192	0	0	0	0	0	192	0	0	0	0	0	0	0	0	0	0	0	0	0	0	0	0	0	0	0	0	0	0	0	0	0	0	0	0	0	0	0	0	0	0	0	0	0	0	0	0	0	0	0	0	0	0	0	0	0	0	0	0	0	0	0	0	0	0	0	0	0	0	0	0	0	0	
0	0	0	0	0	0	0	0	192	0	0	0	0	0	0	0	0	0	0	0	0	0	0	0	0	0	0	0	0	0	0	0	0	0	0	0	0	0	0	0	0	0	0	0	0	0	0	0	0	192	0	0	0	0	0	0	0	0	0	0	0	0	0	0	0	0	0	0	0	0	0	0	0	0	0	0	0	0	0	0	0	0	0	0	0	0	0	0	0	0	0	0	0	0	0	0	0	0	0	0	
0	192	0	0	0	0	0	0	0	0	0	0	0	0	0	0	0	0	0	0	0	0	0	0	0	0	0	0	0	0	0	0	0	0	0	0	0	0	0	0	0	0	0	192	0	0	0	0	0	0	0	0	0	0	0	0	0	0	0	0	0	0	0	0	0	0	0	0	0	0	0	0	0	0	0	0	0	0	0	0	0	0	0	0	0	0	0	0	0	0	0	0	0	0	0	0	0	0	0	0	
0	0	0	0	0	0	0	0	0	0	0	0	0	0	0	0	0	0	0	0	0	0	0	0	0	0	0	0	0	0	0	0	0	0	0	0	0	0	0	0	0	0	0	0	0	0	0	0	0	0	0	0	192	0	0	0	0	0	0	0	0	0	0	0	0	0	0	0	0	0	0	0	0	0	0	0	0	0	0	0	0	0	0	0	0	0	0	192	0	0	0	0	0	0	0	0	0	0	0	0	
0	192	0	0	0	0	0	0	0	0	0	0	0	0	0	0	0	0	0	0	0	0	0	0	0	0	0	0	0	0	0	0	0	0	0	192	0	0	0	0	0	0	0	0	0	0	0	0	0	0	0	0	0	0	0	0	0	0	0	0	0	0	0	0	0	0	0	0	0	0	0	0	0	0	0	0	0	0	0	0	0	0	0	0	0	0	0	0	0	0	0	0	0	0	0	0	0	0	0	0	
0	0	0	0	0	0	0	0	0	0	0	0	0	0	0	0	0	0	0	0	0	0	0	0	0	0	0	0	0	0	0	0	0	0	0	0	192	0	0	0	0	0	0	0	0	0	0	0	0	0	0	0	0	192	0	0	0	0	0	0	0	0	0	0	0	0	0	0	0	0	0	0	0	0	0	0	0	0	0	0	0	0	0	0	0	0	0	0	0	0	0	0	0	0	0	0	0	0	0	0	
0	0	0	0	0	0	0	0	0	0	0	0	0	0	0	0	192	0	0	0	0	0	0	0	0	0	192	0	0	0	0	0	0	0	0	0	0	0	0	0	0	0	0	0	0	0	0	0	0	0	0	0	0	0	0	0	0	0	0	0	0	0	0	0	0	0	0	0	0	0	0	0	0	0	0	0	0	0	0	0	0	0	0	0	0	0	0	0	0	0	0	0	0	0	0	0	0	0	0	0	
0	0	0	0	0	0	0	0	0	0	0	0	0	192	0	0	0	0	0	0	0	0	0	0	0	0	0	0	0	0	0	0	0	0	0	0	0	0	0	0	0	0	0	0	0	0	0	0	0	0	0	0	0	0	0	0	0	0	0	0	0	0	0	0	0	0	0	0	0	0	0	0	0	0	0	0	0	0	0	0	0	0	0	0	0	0	0	0	192	0	0	0	0	0	0	0	0	0	0	0	
0	0	0	0	0	0	0	192	0	0	192	0	0	0	0	0	0	0	0	0	0	0	0	0	0	0	0	0	0	0	0	0	0	0	0	0	0	0	0	0	0	0	0	0	0	0	0	0	0	0	0	0	0	0	0	0	0	0	0	0	0	0	0	0	0	0	0	0	0	0	0	0	0	0	0	0	0	0	0	0	0	0	0	0	0	0	0	0	0	0	0	0	0	0	0	0	0	0	0	0	
0	0	0	0	0	192	0	0	0	0	0	0	192	0	0	0	0	0	0	0	0	0	0	0	0	0	0	0	0	0	0	0	0	0	0	0	0	0	0	0	0	0	0	0	0	0	0	0	0	0	0	0	0	0	0	0	0	0	0	0	0	0	0	0	0	0	0	0	0	0	0	0	0	0	0	0	0	0	0	0	0	0	0	0	0	0	0	0	0	0	0	0	0	0	0	0	0	0	0	0	
0	0	0	0	0	0	0	0	0	0	0	0	0	0	0	0	0	0	0	0	0	0	0	0	0	0	0	0	192	0	0	0	0	0	0	0	0	0	0	0	0	0	0	0	0	0	0	0	0	0	0	0	0	0	192	0	0	0	0	0	0	0	0	0	0	0	0	0	0	0	0	0	0	0	0	0	0	0	0	0	0	0	0	0	0	0	0	0	0	0	0	0	0	0	0	0	0	0	0	0	
0	0	0	0	0	0	0	0	0	0	0	0	0	0	192	0	0	0	0	0	0	0	0	0	0	0	0	0	0	0	0	0	0	0	0	0	0	192	0	0	0	0	0	0	0	0	0	0	0	0	0	0	0	0	0	0	0	0	0	0	0	0	0	0	0	0	0	0	0	0	0	0	0	0	0	0	0	0	0	0	0	0	0	0	0	0	0	0	0	0	0	0	0	0	0	0	0	0	0	0	
0	0	0	0	0	0	0	0	0	0	0	0	0	0	0	0	0	0	0	0	0	0	0	0	0	0	0	0	0	0	0	0	0	0	0	0	0	0	0	0	0	0	0	0	0	0	0	0	0	0	0	0	0	0	0	0	0	0	0	0	0	0	0	0	0	0	0	0	0	0	0	0	0	0	0	0	0	0	0	0	0	0	0	0	0	0	0	0	0	0	0	192	0	0	0	0	0	192	0	0	
0	0	0	0	0	0	0	0	0	0	0	192	0	0	0	0	0	0	0	0	0	0	0	0	0	0	0	0	0	0	192	0	0	0	0	0	0	0	0	0	0	0	0	0	0	0	0	0	0	0	0	0	0	0	0	0	0	0	0	0	0	0	0	0	0	0	0	0	0	0	0	0	0	0	0	0	0	0	0	0	0	0	0	0	0	0	0	0	0	0	0	0	0	0	0	0	0	0	0	0	
0	0	0	0	0	0	0	0	0	0	0	0	0	0	0	0	0	0	0	0	0	0	0	0	0	0	0	0	0	0	0	0	0	0	0	0	0	0	0	0	0	0	0	0	0	0	0	0	0	0	0	0	0	0	0	0	0	0	0	0	0	192	0	0	0	0	0	0	0	0	0	0	0	0	0	0	0	0	0	0	0	0	0	0	0	0	0	0	0	0	0	0	0	0	0	0	0	192	0	0	
0	0	0	0	0	0	0	0	0	0	0	0	0	0	0	0	0	0	0	0	0	0	0	0	0	0	0	0	192	0	0	0	0	0	0	0	0	0	0	0	0	0	0	0	0	0	0	0	0	0	0	0	0	0	0	0	0	0	0	0	0	0	0	0	0	0	0	0	0	0	0	0	0	0	0	192	0	0	0	0	0	0	0	0	0	0	0	0	0	0	0	0	0	0	0	0	0	0	0	0	
0	0	0	0	0	0	0	0	0	0	0	0	0	0	0	0	0	0	0	0	0	0	0	0	0	0	0	0	0	0	0	0	0	0	0	0	0	0	0	0	0	0	0	0	192	0	0	0	0	0	0	0	0	0	0	0	0	0	0	0	0	0	0	0	0	0	0	0	0	0	0	0	0	0	0	0	0	0	0	192	0	0	0	0	0	0	0	0	0	0	0	0	0	0	0	0	0	0	0	0	
0	0	0	0	0	0	0	0	0	0	0	0	0	0	0	192	0	0	0	0	0	0	0	0	0	0	0	0	0	0	0	0	0	192	0	0	0	0	0	0	0	0	0	0	0	0	0	0	0	0	0	0	0	0	0	0	0	0	0	0	0	0	0	0	0	0	0	0	0	0	0	0	0	0	0	0	0	0	0	0	0	0	0	0	0	0	0	0	0	0	0	0	0	0	0	0	0	0	0	0	
0	0	0	0	0	0	0	192	0	0	0	0	0	0	0	0	0	0	192	0	0	0	0	0	0	0	0	0	0	0	0	0	0	0	0	0	0	0	0	0	0	0	0	0	0	0	0	0	0	0	0	0	0	0	0	0	0	0	0	0	0	0	0	0	0	0	0	0	0	0	0	0	0	0	0	0	0	0	0	0	0	0	0	0	0	0	0	0	0	0	0	0	0	0	0	0	0	0	0	0	
0	0	0	0	0	0	0	0	0	192	0	0	0	0	0	0	0	0	0	0	0	0	0	0	0	0	0	0	0	0	0	0	0	0	0	0	0	0	0	0	0	0	0	0	0	0	0	0	0	0	0	0	0	0	0	0	0	0	0	0	0	0	0	0	0	0	0	0	0	0	0	0	0	0	0	0	0	0	0	0	0	0	0	0	192	0	0	0	0	0	0	0	0	0	0	0	0	0	0	0	
0	0	0	0	0	0	0	0	0	0	0	0	0	0	0	192	0	0	0	0	0	0	0	0	0	0	0	192	0	0	0	0	0	0	0	0	0	0	0	0	0	0	0	0	0	0	0	0	0	0	0	0	0	0	0	0	0	0	0	0	0	0	0	0	0	0	0	0	0	0	0	0	0	0	0	0	0	0	0	0	0	0	0	0	0	0	0	0	0	0	0	0	0	0	0	0	0	0	0	0	
0	0	0	0	0	0	0	0	0	0	0	192	0	0	0	0	0	0	0	0	0	0	0	0	0	0	0	0	0	0	192	0	0	0	0	0	0	0	0	0	0	0	0	0	0	0	0	0	0	0	0	0	0	0	0	0	0	0	0	0	0	0	0	0	0	0	0	0	0	0	0	0	0	0	0	0	0	0	0	0	0	0	0	0	0	0	0	0	0	0	0	0	0	0	0	0	0	0	0	0	
0	0	0	0	0	0	0	0	0	0	0	0	0	0	0	0	0	0	0	0	0	0	0	0	0	0	0	0	0	0	0	0	0	0	0	0	0	0	0	0	0	0	0	0	192	0	0	0	0	0	192	0	0	0	0	0	0	0	0	0	0	0	0	0	0	0	0	0	0	0	0	0	0	0	0	0	0	0	0	0	0	0	0	0	0	0	0	0	0	0	0	0	0	0	0	0	0	0	0	0	
0	0	0	0	0	0	0	0	0	0	0	0	0	0	0	0	0	0	0	0	192	0	0	0	0	0	0	0	0	0	0	0	0	0	0	0	0	0	0	0	0	0	0	0	0	0	0	0	0	0	0	0	0	0	0	0	0	0	0	0	0	0	0	0	0	0	0	0	0	0	0	0	0	0	0	0	0	0	0	0	0	0	0	0	0	0	0	0	0	0	0	0	0	0	0	0	0	0	192	0	
0	0	0	0	0	0	0	0	0	0	0	0	0	0	0	0	0	0	0	0	0	0	0	0	0	0	0	0	0	0	0	0	0	0	0	0	0	0	0	0	0	0	0	0	0	0	0	192	192	0	0	0	0	0	0	0	0	0	0	0	0	0	0	0	0	0	0	0	0	0	0	0	0	0	0	0	0	0	0	0	0	0	0	0	0	0	0	0	0	0	0	0	0	0	0	0	0	0	0	0	
0	0	0	0	0	0	0	0	0	0	0	0	0	0	0	0	0	0	0	0	0	0	0	0	0	0	0	0	0	0	0	0	0	0	0	0	0	0	0	0	0	0	0	0	0	0	0	0	0	0	0	0	0	0	0	0	0	0	0	0	0	0	0	0	0	0	0	0	0	0	0	0	0	0	0	0	0	0	0	0	0	0	0	0	192	0	192	0	0	0	0	0	0	0	0	0	0	0	0	0	
0	0	0	0	0	0	0	0	0	0	0	0	0	0	0	0	0	0	0	0	0	0	0	0	0	0	0	0	0	0	0	0	0	0	0	0	0	0	0	0	0	0	0	0	0	0	0	0	0	0	0	0	0	0	0	0	0	0	0	0	0	0	192	0	0	0	0	0	0	0	0	0	0	0	0	0	0	0	0	0	0	0	0	0	0	0	0	0	0	0	0	0	0	0	0	192	0	0	0	0	
0	0	0	0	0	0	0	0	192	0	0	0	0	0	0	0	0	0	0	0	0	0	0	0	0	0	0	0	0	0	0	0	192	0	0	0	0	0	0	0	0	0	0	0	0	0	0	0	0	0	0	0	0	0	0	0	0	0	0	0	0	0	0	0	0	0	0	0	0	0	0	0	0	0	0	0	0	0	0	0	0	0	0	0	0	0	0	0	0	0	0	0	0	0	0	0	0	0	0	0	
12	81	33	6	44	12	22	59	5	4	52	28	79	46	73	93	21	95	18	81	87	77	39	6	61	79	97	21	58	48	30	22	77	52	42	39	4	40	75	1	41	78	93	64	59	70	22	7	76	93	74	61	42	24	43	39	32	68	33	31	20	91	25	66	35	76	1	45	22	30	77	28	6	97	63	10	56	71	27	1	81	11	91	5	22	80	91	65	51	2	77	75	35	58	37	0	62	21	65	72	69	45	53	57	8	62	54	48	10	49	46	93	74	83	93	94	3	13	9	0	96	81	54	36	23	54	19	58	53	75	42	36	22	52	75	84	29	77	92	40	5	52	30	99	33	65	97	35	61	5	23	45	10	38	1	61	89	56	35	62	44	84	19	51	94	4	49	43	26	52	39	97	24	42	94	75	25	10	95	79	62	41	71	29	11	77	58	16	49	4	11	32	89	57	39	29	38	19	76	73	22	24	45	44	61	81	53	31	50	39	55	59	30	14	46	18	19	57	26	96	34	71	32	39	59	58	61	43	72	31	38	25	10	55	40	79	93	2	96	72	54	92	0	44	64	59	44	62	45	67	13	62	82	34	92	41	30	87	41	0	60	59	47	28	8	42	29	5	84	30	57	26	15	35	23	39	68	27	66	25	52	86	37	13	66	10	22	92	49	64	82	55	89	55	33	11	3	51	98	37	84	87	44	50	46	48	64	87	1	48	61	89	7	71	86	9	15	59	93	28	80	17	7	27	6	61	13	79	59	32	63	13	14	40	91	38	2	46	26	51	83	34	1	18	35	1	0	14	21	61	78	77	48	27	90	16	1	23	89	92	31	98	94	95	61	71	72	56	71	40	49	65	6	68	58	75	24	24	51	24	73	64	47	39	74	42	69	86	64	90	3	19	9	98	65	49	81	58	58	34	77	80	37	56	90	64	72	26	62	88	12	71	25	16	41	42	48	10	85	34	17	42	93	18	47	46	50	4	29	19	21	38	8	44	98	91	59	1	15	34	41	73	21	51	34	97	32	86	91	43	93	98	80	23	80	26	71	40	93	91	87	48	28	19	44	87	7	72	20	47	95	5	93	28	68	72	97	72	44	78	56	23	8	81	7	26	13	52	71	19	67	37	73	67	72	25	15	86	48	69	61	73	30	86	36	42	29	88	97	41	31	74	50	28	56	28	18	55	22	15	8	71	10	75	96	50	88	55	0	53	79	35	3	20	18	27	52	72	50	34	51	71	98	15	25	81	17	49	51	0	93	59	51	20	6	47	88	91	62	50	97	6	84	12	42	66	23	20	95	43	48	18	2	87	41	47	47	42	84	60	63	51	24	38	12	40	63	31	31	29	33	74	75	12	77	98	99	2	59	75	40	43	43	66	54	57	12	32	38	89	69	82	38	55	28	82	26	17	86	67	83	0	36	96	47	0	51	85	82	99	20	59	37	13	7	67	14	36	87	58	90	81	27	94	21	68	2	26	24	63	71	13	28	27	88	63	79	28	22	49	57	84	26	16	20	16	25	33	52	52	19	70	71	78	75	38	81	50	28	48	43	70	33	44	66	71	73	19	9	58	10	2	26	19	61	90	60	43	79	73	67	65	61	6	49	40	99	60	18	93	60	59	51	99	59	36	34	92	43	8	35	48	67	52	91	26	45	89	20	88	22	29	95	66	95	48	91	59	85	66	36	57	49	66	84	59	48	21	13	25	0	72	19	2	49	12	76	36	29	19	19	38	64	13	46	59	71	36	77	78	55	68	51	66	38	40	51	82	84	38	75	5	3	62	92	23	38	58	71	69	69	10	13	48	66	40	46	97	64	36	89	17	79	12	41	70	80	41	88	3	81	11	54	82	70	32	74	53	41	53	48	39	49	98	40	31	85	28	76	25	26	69	5	10	71	10	60	34	4	91	53	72	83	14	43	8	15	20	25	48	68	1	33	31	51	54	60	75	66	45	31	97	37	39	90	43	45	28	36	16	88	30	44	79	38	14	4	40	80	96	77	91	68	74	55	31	54	16	37	0	87	96	6	67	77	14	72	69	48	40	64	67	77	59	55	42	22	15	66	28	79	97	21	72	49	8	47	28	33	54	99	58	29	15	63	22	22	34	80	76	87	80	34	44	66	20	78	77	18	81	68	81	61	38	93	0	84	42	59	56	11	12	47	50	93	24	13	55	66	71	50	47	54	35	20	68	28	7	75	82	63	90	61	52	81	52	10	17	0	2	68	70	3	74	27	14	32	91	57	56	52	72	58	74	81	13	99	76	78	91	46	0	17	60	88	3	11	8	97	66	37	91	98	45	72	64	61	14	84	72	62	14	0	46	47	57	28	37	96	22	25	73	14	11	87	91	3	88	21	0	12	96	67	74	41	65	57	52	3	32	58	29	52	77	28	79	3	74	10	23	97	57	61	31	7	23	71	52	41	1	11	23	49	64	84	14	31	4	34	6	86	83	26	34	56	47	61	9	45	95	16	56	84	5	12	94	96	30	64	4	41	86	3	43	45	25	29	24	97	33	51	88	59	89	83	36	58	33	2	93	20	90	81	67	31	38	12	84	94	61	80	9	36	56	15	51	6	93	61	30	6	18	38	12	91	18	69	76	93	8	1	28	30	10	87	24	39	62	82	70	25	31	13	50	8	31	64	58	70	28	17	86	96	21	32	28	27	93	62	72	31	15	64	32	91	70	47	4	74	49	45	39	21	50	70	90	51	7	87	63	43	43	94	54	19	85	35	69	16	5	47	69	71	99	35	74	96	74	57	89	61	81	97	72	39	39	16	87	47	7	95	45	65	36	16	16	47	74	39	83	30	85	49	79	51	92	35	0	86	55	71	91	74	87	57	86	18	28	38	22	3	65	76	94	45	93	57	12	17	81	55	16	47	42	50	76	90	21	91	34	60	38	10	9	33	1	49	42	62	41	57	44	22	63	12	55	43	3	69	22	31	3	0	64	30	0	59	69	93	36	39	71	30	8	69	35	12	1	10	84	44	2	19	60	27	21	86	5	93	28	89	86	14	78	99	22	57	38	37	95	46	48	38	95	69	80	24	5	58	59	14	58	34	31	1	8	56	12	85	59	7	53	62	32	12	49	83	84	34	1	22	22	89	33	26	8	87	18	72	6	97	6	73	67	92	38	62	18	59	93	23	96	19	48	0	53	9	16	10	21	79	32	35	80	99	67	87	62	32	12	73	23	73	77	2	86	17	45	32	25	7	99	94	87	89	82	81	62	33	85	68	15	18	49	26	68	60	74	49	23	82	8	14	48	45	32	51	29	79	28	56	42	90	60	75	29	58	39	11	40	75	77	44	89	2	88	29	40	40	82	33	55	64	96	63	59	23	36	29	39	80	79	46	25	72	94	33	13	76	12	31	62	6	81	39	60	4	74	25	57	59	32	72	47	39	72	14	71	56	45	4	70	81	90	87	3	84	65	81	65	47	97	28	56	19	12	66	79	2	86	61	30	81	20	73	93	55	86	95	96	17	4	6	16	59	25	5	62	34	83	16	62	42	93	52	81	11	45	61	52	54	45	76	20	99	5	61	63	77	62	86	10	92	99	26	93	95	72	7	23	66	15	14	70	54	91	90	90	31	9	85	42	2	22	75	2	36	23	88	43	28	60	2	62	43	13	71	56	33	80	69	48	44	51	5	88	75	18	50	35	28	89	37	99	82	44	81	92	26	77	30	0	93	22	13	98	34	14	99	85	17	46	4	41	64	32	58	65	7	49	45	90	42	66	60	52	14	54	65	72	4	33	87	5	53	41	44	87	53	3	65	74	57	55	48	42	35	20	49	18	60	39	68	47	38	8	83	96	20	9	99	87	25	2	14	17	88	32	10	94	44	28	80	88	81	81	78	25	93	99	64	46	42	1	33	83	6	45	82	95	18	93	49	32	92	41	74	17	87	82	21	31	91	55	29	47	22	75	20	24	10	18	64	82	76	91	58	14	29	73	65	98	13	76	11	99	86	22	75	98	26	34	6	8	92	6	61	41	13	34	77	50	72	38	0	45	86	44	42	26	53	84	90	89	80	1	87	68	97	13	26	49	37	3	24	83	23	90	56	37	37	47	67	2	23	55	24	98	14	95	9	55	82	52	30	12	84	38	59	81	46	21	90	56	96	63	91	43	75	77	80	15	36	49	93	38	45	2	60	4	70	24	83	14	75	2	59	8	55	85	70	33	50	66	13	98	10	70	62	14	34	45	35	5	69	33	19	4	94	62	66	59	63	88	96	10	21	49	94	63	9	79	47	40	9	89	75	75	65	13	84	93	71	39	55	61	92	19	66	29	84	87	47	47	28	59	93	9	83	25	73	37	30	88	59	83	4	46	14	44	38	7	47	51	43	0	52	55	17	98	64	52	47	28	31	66	43	21	76	48	29	55	48	47	17	49	27	88	33	81	43	56	90	79	91	91	6	45	83	23	48	78	93	71	15	27	97	98	94	32	73	62	87	73	86	84	23	89	53	34	20	29	73	86	72	7	36	22	80	14	87	15	47	46	84	58	2	4	43	5	54	22	2	44	89	42	38	65	41	47	3	72	89	30	45	68	8	70	9	65	79	14	88	59	29	39	5	42	5	64	11	26	73	0	82	6	24	39	81	88	29	29	47	7	89	65	66	90	87	29	72	8	68	82	37	12	94	41	20	0	74	77	80	79	42	67	94	33	29	49	85	44	70	45	92	77	93	47	74	33	4	37	25	83	37	83	58	75	38	30	2	45	2	84	74	48	69	36	33	73	79	43	81	84	4	69	17	47	98	5	5	80	5	43	92	58	94	54	17	51	69	58	92	19	63	88	63	35	1	71	42	63	38	74	53	37	47	92	56	94	7	15	46	75	44	38	83	10	85	33	20	98	73	16	51	92	33	66	37	22	41	37	35	87	19	99	88	62	15	95	85	25	2	90	88	81	41	49	40	48	71	27	30	11	33	42	51	59	37	5	0	21	32	83	28	41	44	47	25	71	83	12	11	15	44	84	32	62	57	24	41	70	89	0	99	64	6	51	88	19	52	14	49	33	51	54	50	45	61	46	65	79	1	52	54	54	94	46	8	73	40	8	93	32	91	21	82	14	41	65	10	3	6	53	82	28	57	51	34	93	35	31	5	49	46	23	26	39	67	69	12	20	38	10	10	23	59	6	62	88	1	9	50	40	31	3	0	25	55	64	23	74	76	46	71	26	32	93	63	70	71	41	8	86	17	29	82	41	44	60	59	61	6	5	19	59	89	49	91	92	63	2	80	11	43	18	41	13	14	91	49	82	65	64	65	27	90	69	97	77	95	69	55	90	22	67	29	82	38	97	6	14	98	75	87	45	93	98	22	52	93	69	43	22	85	57	9	78	92	45	29	38	29	47	33	14	77	4	24	44	39	18	48	56	7	56	9	86	0	99	65	44	76	37	68	19	56	89	64	91	48	5	33	99	9	99	65	33	10	58	12	65	10	59	59	65	10	41	2	17	88	54	9	30	29	70	36	35	86	14	13	13	57	5	97	54	83	46	89	4	48	78	40	71	0	29	64	57	27	14	94	36	85	26	16	4	80	46	82	4	4	38	7	28	20	89	33	66	34	31	11	39	7	97	96	
41	62	36	44	46	50	13	20	4	55	2	63	68	97	91	89	8	49	42	25	19	21	35	86	80	29	48	90	82	51	38	67	24	99	53	40	78	70	39	7	82	22	97	48	71	87	15	10	35	19	59	13	96	1	82	33	10	1	96	53	30	69	31	28	69	69	3	48	24	71	30	2	16	14	81	67	39	42	16	84	32	21	73	70	38	47	5	97	69	97	64	40	62	37	16	86	86	71	46	18	90	53	10	55	52	99	82	3	79	31	91	63	6	92	77	16	57	25	66	94	65	87	46	10	45	98	29	69	37	13	76	81	12	54	27	51	55	26	27	33	4	78	74	51	44	30	39	70	7	37	44	52	31	86	11	25	20	23	28	2	16	85	83	57	52	92	23	42	84	47	48	22	22	61	75	6	58	52	69	4	84	27	63	84	92	98	20	35	60	77	30	98	45	74	60	56	82	6	61	84	78	17	19	46	9	84	6	54	73	37	85	7	65	65	23	36	0	64	10	24	11	83	63	75	69	72	14	34	33	92	13	61	19	91	49	51	88	23	23	62	59	72	42	25	96	30	18	77	34	78	44	82	14	88	57	31	33	2	33	92	1	96	78	86	78	72	25	37	61	90	99	84	23	99	40	59	34	61	74	94	61	53	34	48	31	86	60	0	88	84	30	17	98	62	17	42	36	33	57	97	53	34	8	43	37	91	15	42	13	9	35	17	66	40	4	54	38	42	64	26	28	42	28	26	51	72	4	23	36	19	62	2	50	64	95	80	35	41	84	46	65	98	85	84	44	64	72	41	33	10	53	17	50	70	11	61	26	19	21	5	76	22	88	92	52	2	75	33	15	3	93	79	22	52	40	73	63	18	52	53	18	83	44	13	88	91	95	28	90	27	18	60	57	66	20	42	27	74	96	48	43	38	95	85	84	94	16	23	23	24	62	63	23	17	83	22	7	97	27	5	74	53	77	32	11	74	4	62	39	3	41	63	53	2	39	68	84	18	61	9	55	76	85	77	17	72	23	52	7	4	72	36	21	21	59	14	90	45	10	10	48	50	36	77	4	13	3	0	99	34	24	68	87	75	52	31	45	44	52	65	20	71	81	98	43	57	72	17	75	82	73	42	80	92	63	83	79	0	65	7	26	42	57	61	53	52	21	76	81	75	80	23	72	43	92	78	34	62	81	82	5	48	58	12	97	52	31	94	76	56	52	19	73	0	96	86	0	55	2	46	23	3	60	90	81	80	87	50	62	28	36	20	84	4	48	27	3	88	60	21	20	79	40	20	28	97	83	44	59	71	34	50	27	20	94	82	66	20	15	18	32	76	66	86	25	77	64	72	57	0	99	76	11	2	31	8	74	80	85	21	95	3	87	99	85	77	81	64	44	1	36	60	88	34	2	61	83	23	75	56	6	67	92	17	38	46	63	25	28	76	92	7	25	20	84	85	1	2	1	55	54	79	23	68	33	32	15	33	67	31	87	12	29	63	91	86	31	30	48	39	87	74	48	5	43	74	39	13	70	49	98	95	93	43	86	8	63	24	49	3	35	87	12	46	84	8	6	21	17	76	34	90	12	24	64	21	46	21	62	85	19	72	84	20	26	11	71	86	6	97	85	41	21	13	61	25	36	22	83	60	60	39	97	46	65	15	54	26	62	13	66	6	14	57	71	66	43	4	57	4	26	71	33	20	81	19	54	87	74	75	40	31	13	58	55	76	91	60	47	71	68	31	45	93	26	12	38	92	81	24	18	27	27	43	0	30	44	83	24	63	54	69	7	85	25	22	90	16	87	66	78	25	12	83	92	69	54	82	13	14	5	16	26	72	31	93	31	84	56	60	31	36	74	76	66	31	98	58	1	76	28	37	34	20	45	20	76	70	47	85	65	41	30	17	10	29	36	61	72	92	98	57	8	29	84	67	51	95	11	76	90	78	93	77	14	12	83	46	92	53	85	94	22	98	36	36	35	24	91	17	49	8	84	80	81	64	62	84	57	32	82	47	52	13	32	94	48	57	38	2	74	72	48	11	16	3	8	43	65	11	74	3	63	54	95	68	20	32	90	30	47	62	89	75	82	33	56	24	67	11	26	90	17	84	52	13	11	81	88	43	64	69	51	89	53	0	56	86	82	41	82	28	14	88	29	34	70	30	83	86	79	65	97	97	27	49	99	63	97	80	7	39	88	98	10	85	88	76	76	45	26	28	71	29	47	86	31	91	92	52	15	38	10	34	41	12	75	37	77	38	22	67	78	65	38	12	2	81	99	89	57	97	54	24	77	80	1	30	35	81	67	82	59	35	90	7	75	80	28	18	84	69	41	67	46	15	98	19	23	67	32	39	91	62	44	66	25	32	51	86	99	88	39	26	45	29	28	86	26	53	30	28	80	8	19	35	87	48	77	60	68	30	94	24	63	80	9	32	47	66	7	64	14	25	53	67	98	63	47	16	3	12	98	17	37	98	44	31	35	96	86	3	61	26	96	41	10	15	11	84	30	3	86	92	11	7	38	39	77	13	96	42	0	52	50	33	84	82	56	81	11	0	55	64	86	19	85	87	13	53	90	86	14	85	71	3	37	31	18	55	47	68	22	64	63	47	63	12	1	2	48	19	47	12	34	71	50	7	88	80	54	60	52	52	61	81	76	43	88	81	40	26	3	70	89	55	52	49	93	22	52	11	7	89	56	29	6	52	16	91	10	1	78	32	48	16	11	88	86	99	67	64	87	98	84	28	18	78	7	43	31	73	56	61	67	56	86	14	88	31	15	53	61	99	27	1	69	50	89	24	96	96	91	88	60	31	6	52	40	91	10	6	11	89	30	27	96	75	84	77	43	30	64	99	38	98	49	75	15	12	45	98	53	26	12	47	10	44	84	23	52	13	6	58	94	56	51	26	40	36	66	19	87	44	86	88	62	83	94	60	30	16	88	49	7	15	2	9	38	16	18	57	10	24	22	92	15	27	10	69	7	60	4	10	96	28	13	21	22	39	86	22	27	28	30	4	39	89	2	1	67	15	42	23	76	31	38	54	60	83	68	44	68	62	46	46	48	75	96	78	20	24	93	55	78	7	81	58	47	64	72	40	68	33	84	13	4	47	8	6	69	0	9	17	32	76	29	29	6	61	40	34	10	78	88	22	26	99	44	97	7	77	11	49	45	41	58	4	83	78	1	12	34	16	48	15	1	97	90	72	14	15	75	48	98	20	64	60	43	28	36	27	51	61	67	72	99	14	42	45	62	27	62	93	30	2	36	41	24	32	78	52	61	74	3	56	30	32	19	36	79	3	63	86	43	18	49	20	26	1	25	23	94	72	3	10	59	48	85	72	10	5	44	1	35	78	27	56	87	26	31	98	82	71	26	85	49	91	29	89	62	81	8	97	86	45	90	81	39	61	60	66	0	48	26	96	90	56	93	62	79	58	55	66	26	71	90	90	30	73	96	66	9	90	13	27	31	34	89	10	82	73	51	32	68	87	2	62	22	70	22	15	10	3	39	1	34	25	64	98	46	23	39	40	17	66	31	70	18	70	94	38	95	21	8	51	58	37	58	14	60	48	97	42	27	78	29	86	51	46	0	49	8	41	46	36	32	5	38	65	94	66	40	55	35	76	97	25	97	61	49	51	86	1	14	22	76	80	58	2	68	10	87	69	95	68	79	91	86	7	44	88	52	5	18	64	48	89	99	19	54	32	77	78	92	61	80	60	86	56	80	65	67	55	63	40	69	77	62	13	63	15	33	83	31	65	6	69	73	7	39	44	47	28	75	29	50	13	98	99	86	95	30	63	54	76	27	38	15	54	6	60	23	79	51	26	77	61	14	74	6	5	94	63	19	83	13	17	45	33	27	3	46	70	2	91	60	34	99	38	43	1	21	78	86	24	68	93	74	64	87	77	32	13	27	21	92	71	67	29	65	25	15	12	77	90	76	95	87	65	71	64	67	44	48	53	31	50	28	8	24	8	40	30	94	6	41	16	32	50	38	7	78	92	69	11	69	34	80	70	26	74	38	7	77	60	20	21	48	37	63	3	4	23	21	38	45	81	70	29	23	69	8	71	93	2	0	55	90	69	65	67	88	23	3	34	43	4	51	74	16	26	94	75	85	3	25	31	38	22	19	70	71	37	21	19	46	46	95	82	75	7	45	32	7	94	6	73	90	58	77	66	53	55	5	59	60	63	24	28	49	37	72	5	39	58	96	67	5	58	30	73	52	67	20	45	22	45	74	4	40	53	32	45	86	39	61	23	17	72	61	87	93	84	49	10	33	47	51	94	77	78	32	57	56	80	78	66	86	36	85	55	3	97	30	75	1	14	15	55	23	78	60	73	40	16	33	98	84	83	24	82	94	48	94	49	76	79	9	28	91	87	22	72	99	62	65	95	83	97	65	32	22	0	14	15	74	36	99	78	1	46	26	53	72	68	43	72	20	24	40	79	31	94	56	49	41	22	1	49	96	9	93	17	21	89	35	4	18	17	68	46	44	56	65	92	68	81	31	29	32	81	20	1	44	86	65	44	50	55	94	36	69	88	80	92	37	41	22	40	55	46	47	19	47	99	49	51	92	67	60	25	65	12	57	3	83	82	26	84	30	73	98	1	13	89	28	15	89	41	35	71	64	75	29	81	63	4	80	83	88	41	74	59	11	59	61	32	1	20	36	24	95	94	25	11	25	42	56	82	57	79	82	25	50	72	14	63	10	42	51	76	38	96	76	88	44	64	63	43	76	67	29	53	32	16	50	92	21	47	9	55	63	21	96	56	37	28	45	43	70	19	97	37	7	86	58	67	0	95	89	73	11	8	4	62	30	61	26	74	25	33	89	30	82	0	56	5	43	60	66	58	87	17	48	8	51	60	11	80	50	3	88	15	99	17	40	28	22	72	79	67	49	79	65	86	41	18	72	80	76	22	85	85	91	22	39	3	17	26	54	12	19	65	71	10	6	19	78	50	51	76	43	74	1	82	38	49	56	82	6	36	87	28	70	4	1	22	25	46	61	24	65	67	24	55	83	69	22	20	25	9	79	13	24	50	90	24	33	85	68	14	40	42	1	73	8	84	4	9	46	28	27	29	79	35	60	28	17	28	54	41	90	30	53	54	76	87	32	88	99	76	57	14	3	73	29	85	68	15	26	17	41	88	67	53	14	37	96	55	18	52	6	28	19	35	24	88	42	13	22	6	15	73	20	61	2	17	0	90	40	2	92	89	85	2	23	37	77	62	55	84	61	66	45	54	51	17	1	53	99	95	27	0	52	5	34	22	59	27	36	3	79	50	66	89	33	40	20	24	96	24	4	65	91	7	4	64	95	14	22	61	85	23	47	86	7	29	69	88	71	97	77	81	30	81	97	46	21	49	85	31	15	30	85	78	94	21	49	47	14	0	26	18	22	91	41	24	10	31	2	2	54	0	19	42	66	9	3	26	28	34	5	92	74	34	84	62	91	74	50	32	60	95	78	17	36	89	47	0	70	72	43	52	42	3	94	39	27	97	42	45	66	68	66	57	5	40	35	22	75	98	47	3	65	83	81	44	86	2	48	63	65	13	6	78	27	97	41	99	39	44	86	52	28	70	13	95	5	66	61	97	19	53	12	
8	16	3	14	18	8	10	19	17	14	15	13	4	8	4	4	8	1	2	15	9	6	6	14	20	11	9	6	18	2	19	12	17	20	2	17	5	9	20	3	12	11	8	1	13	10	3	5	15	12	8	13	11	1	10	12	9	11	8	1	6	7	5	16	3	9	15	14	2	15	10	8	19	9	9	18	15	13	11	4	12	19	3	20	6	1	4	20	18	12	20	9	2	20	15	20	10	7	20	15	11	1	10	13	7	8	16	5	6	4	13	11	9	20	11	15	10	18	14	8	1	17	9	18	5	20	17	6	16	12	6	19	14	1	17	8	5	17	4	1	19	20	15	17	3	7	12	3	15	4	7	5	13	2	2	12	20	12	9	16	7	6	10	15	1	2	1	10	5	20	12	2	6	13	20	19	11	2	5	8	7	19	5	2	5	18	17	17	20	19	20	18	5	7	15	19	15	20	10	17	17	9	14	13	18	13	5	3	1	20	7	5	17	3	18	20	17	8	6	12	19	15	8	20	12	8	14	2	6	2	5	10	8	10	5	3	4	11	7	3	5	13	18	15	20	19	11	2	5	13	4	12	15	12	17	10	17	10	5	1	7	11	19	14	2	13	4	17	15	4	18	17	8	13	2	9	16	18	20	12	14	19	2	17	9	2	5	18	8	3	18	16	3	19	13	8	16	20	15	19	2	6	14	2	11	19	3	9	1	7	7	19	12	15	14	15	5	5	10	4	9	13	3	9	17	20	16	16	6	16	15	18	18	17	16	20	16	9	6	10	11	4	11	15	19	4	11	3	5	20	8	18	14	4	2	2	11	14	8	8	2	5	13	2	6	14	14	7	18	13	5	20	10	15	3	12	3	9	1	7	6	13	3	17	20	16	6	17	3	5	17	10	6	7	11	18	12	3	5	10	5	13	6	15	2	18	5	6	20	4	3	4	12	15	14	10	4	16	3	16	15	1	15	13	16	11	10	16	3	1	6	15	9	2	15	15	15	11	15	5	14	8	3	6	20	10	11	11	16	2	14	7	11	20	11	8	13	14	6	4	16	20	10	4	10	14	18	9	15	11	18	13	1	2	15	20	5	14	5	16	15	18	19	17	17	7	5	4	12	20	16	10	20	1	14	5	2	14	18	5	20	9	2	16	15	15	15	10	3	17	19	20	6	4	14	3	13	12	12	9	12	16	8	18	8	7	18	4	4	19	6	15	10	17	7	20	10	9	5	16	3	6	14	13	10	11	13	19	1	6	4	15	9	4	12	3	18	18	15	11	2	14	16	13	18	3	10	4	20	3	8	13	10	12	4	13	12	3	15	13	19	7	6	10	20	12	13	6	1	13	6	4	18	19	2	10	4	8	10	13	16	17	18	10	4	2	1	10	20	5	6	11	13	14	6	20	5	18	4	11	11	19	15	5	10	2	9	7	3	15	7	15	13	16	6	12	3	5	2	4	5	4	5	13	9	9	16	6	6	10	7	5	15	11	1	20	12	2	13	2	15	15	13	10	19	16	6	11	7	9	12	7	12	8	13	20	13	1	14	13	9	2	8	9	20	7	4	11	11	14	10	6	4	16	20	13	10	1	15	15	9	2	19	15	7	5	3	20	15	6	14	6	20	15	14	17	14	1	15	4	3	4	16	2	6	5	8	18	3	14	17	16	15	16	16	12	19	7	17	5	17	17	6	7	5	4	1	12	18	20	7	5	8	12	8	18	11	12	10	4	7	10	7	3	17	2	13	2	7	10	16	13	5	6	7	9	4	20	12	6	5	16	3	15	13	7	19	4	17	7	10	13	3	17	20	9	19	8	12	15	6	8	1	10	5	12	13	1	10	9	16	2	16	4	13	14	14	12	18	7	8	3	15	20	4	20	7	15	9	16	5	17	14	2	6	3	19	6	13	2	9	15	5	3	13	2	16	15	9	17	14	19	17	4	13	3	18	1	14	14	13	8	6	8	3	10	1	14	14	9	13	16	1	2	15	1	19	13	3	12	12	3	20	4	10	2	20	20	4	14	7	14	17	17	20	16	13	15	1	9	1	9	19	7	19	2	6	3	2	16	4	7	1	18	14	6	12	9	8	2	16	12	1	12	15	19	15	9	16	17	2	6	18	8	12	17	17	4	15	9	6	2	11	9	16	19	8	8	12	16	19	7	15	18	10	4	6	14	1	8	9	5	1	15	6	17	15	19	2	9	9	12	10	8	8	4	3	1	19	8	2	19	5	8	19	18	18	9	20	19	8	6	6	3	3	6	10	11	8	2	1	20	16	8	16	11	13	17	3	9	15	13	4	19	20	9	20	7	4	16	8	8	4	5	1	1	5	9	7	1	13	18	1	15	20	13	2	7	20	14	12	10	16	7	8	17	19	8	14	5	2	7	1	3	6	5	19	16	8	16	14	14	19	18	12	2	4	6	11	11	16	11	3	11	8	13	2	18	1	9	1	18	16	1	8	13	18	1	16	13	8	2	15	6	3	11	14	2	17	17	14	1	10	5	18	13	7	2	2	13	8	8	8	19	20	16	20	16	3	7	16	16	14	11	4	1	1	12	13	20	19	15	13	17	15	17	4	7	14	19	4	18	18	5	17	8	20	4	6	1	17	9	17	8	7	2	2	12	1	15	11	3	2	18	5	10	18	11	20	18	18	11	18	20	7	8	8	9	6	10	2	10	13	14	2	7	3	10	4	7	15	18	18	17	5	4	9	3	6	4	9	18	15	7	5	3	5	3	7	15	10	4	15	11	1	16	8	16	9	15	11	18	2	10	18	20	1	11	14	5	11	6	12	3	1	5	4	11	20	20	16	15	2	12	20	17	18	7	11	9	3	5	7	11	5	4	12	15	13	19	9	16	8	17	15	12	1	11	18	10	3	5	14	6	5	15	9	13	3	2	10	1	15	8	10	12	15	9	2	5	4	12	15	6	8	5	3	3	11	5	7	16	6	5	11	7	9	11	3	11	7	4	2	3	16	13	11	8	5	14	5	8	14	8	2	15	7	8	11	14	8	11	14	9	1	16	6	5	7	6	6	15	11	13	1	2	12	14	11	14	11	1	9	4	12	5	1	16	13	14	15	16	3	6	8	10	2	16	3	12	3	9	13	2	2	12	10	7	4	14	9	6	11	6	1	7	10	13	13	12	10	2	12	12	8	4	16	4	7	14	3	13	14	13	3	3	8	6	15	9	4	8	6	10	9	2	16	12	5	3	10	4	9	8	11	4	9	1	6	8	16	9	13	5	6	16	3	2	12	6	11	1	6	10	4	13	16	12	12	13	6	13	5	13	11	1	15	7	15	13	7	12	7	7	15	5	11	14	3	12	16	10	10	15	13	10	2	11	14	15	11	8	10	3	8	5	10	2	9	13	1	5	14	1	1	9	7	10	15	11	3	16	16	12	3	4	6	3	14	5	13	9	15	6	11	4	10	12	9	10	6	9	12	12	15	5	13	14	6	15	8	14	15	3	3	4	16	7	5	15	15	6	16	11	7	11	2	14	8	10	2	6	16	11	9	12	9	8	9	10	13	13	5	15	4	15	14	6	9	11	3	7	3	3	8	10	1	7	7	16	5	11	5	3	3	14	4	10	10	15	8	11	7	10	9	13	12	2	3	5	15	13	6	15	6	16	16	10	10	9	1	13	11	3	3	15	12	8	4	11	13	7	7	11	16	8	15	9	4	8	15	9	13	12	14	12	2	13	8	6	11	10	14	15	3	16	7	11	10	16	2	8	16	9	14	7	10	13	15	16	11	4	1	8	5	14	16	13	13	2	6	15	7	4	1	15	12	2	9	5	9	16	4	5	10	11	3	13	4	12	7	15	2	14	9	12	9	9	7	4	4	12	13	12	15	5	2	5	9	2	15	14	10	14	1	7	16	7	13	5	14	4	1	1	10	6	6	2	13	2	15	1	5	5	10	16	14	4	7	1	5	1	8	14	4	16	14	9	11	10	5	7	7	3	11	8	7	15	11	4	16	12	5	2	8	15	11	5	6	13	6	2	2	10	5	6	15	11	15	2	5	16	5	14	6	15	10	7	2	15	14	10	6	12	6	5	7	15	12	1	1	14	6	11	14	15	2	9	12	5	5	11	16	6	12	6	14	2	4	15	15	9	10	2	13	13	1	5	10	14	11	11	16	12	10	1	12	15	14	8	2	10	4	11	2	11	2	9	15	8	8	9	1	14	6	6	8	16	7	15	2	12	3	12	4	5	16	7	14	3	7	14	2	6	13	16	1	5	6	10	15	16	3	16	7	9	12	16	1	10	3	5	16	6	2	15	10	11	14	12	3	7	2	13	16	4	9	4	5	9	16	5	12	8	11	14	6	16	16	12	4	2	9	5	7	10	8	8	4	8	2	14	6	6	5	9	13	14	7	11	8	4	14	14	6	5	6	5	10	6	3	14	9	4	7	14	3	16	10	7	7	1	3	14	7	10	9	5	12	11	7	10	6	2	7	3	5	14	7	6	14	16	12	15	2	6	14	9	14	8	10	7	16	16	4	4	9	10	10	13	9	4	6	13	16	1	6	11	16	6	9	15	16	1	13	11	11	6	11	3	13	15	9	3	14	10	2	16	14	15	9	4	1	3	11	10	4	15	1	10	12	7	8	12	5	13	6	1	14	10	4	12	3	10	6	1	13	6	6	4	5	10	11	11	16	14	11	6	8	2	16	9	13	7	15	15	9	7	1	11	7	4	3	16	2	7	1	8	4	3	13	5	15	5	15	10	14	3	1	8	4	3	13	3	6	2	15	11	9	6	10	10	8	10	5	7	8	13	14	1	13	15	7	14	14	7	13	5	5	2	12	13	7	16	16	10	1	6	15	3	13	12	10	15	3	12	6	10	13	12	13	2	1	5	8	10	1	9	14	9	16	5	5	13	15	16	3	16	16	12	4	16	11	10	10	7	12	10	9	6	5	6	9	10	8	14	12	15	15	10	16	3	9	4	7	15	3	10	6	9	11	7	13	16	3	12	9	14	9	11	3	11	10	9	15	8	9	5	10	14	16	16	3	2	10	6	5	13	7	6	5	6	8	7	12	12	16	13	2	12	3	4	14	14	15	12	9	13	6	15	9	2	9	13	10	7	4	2	11	4	9	12	3	7	1	16	7	9	15	1	13	14	9	10	2	9	12	8	2	6	7	4	4	9	15	13	13	1	8	7	5	12	3	10	16	1	8	13	15	14	16	3	5	10	1	7	10	2	5	8	12	10	15	3	8	1	3	2	8	2	2	9	6	14	12	8	14	12	4	15	15	14	12	11	14	7	2	14	7	15	16	16	6	11	9	4	4	7	4	9	7	9	5	10	12	4	4	16	6	7	2	12	1	2	11	11	6	7	14	7	11	14	8	5	14	5	2	14	6	2	9	16	2	3	8	7	11	6	1	16	7	1	6	14	8	5	11	16	5	8	7	2	2	16	7	5	1	13	12	10	6	9	13	6	1	3	4	15	1	2	7	7	12	7	5	3	5	1	12	2	10	5	15	7	1	10	16	14	7	2	3	12	10	9	12	12	4	11	4	8	14	1	12	11	6	7	11	7	9	9	1	13	7	9	16	9	3	7	16	10	14	9	11	16	8	
990	890	980	790	800	770	780	290	770	380	140	560	890	890	920	110	790	240	600	210	290	440	670	280	440	610	990	1000	840	100	150	980	200	930	270	890	670	800	650	540	720	930	300	780	130	1000	950	550	990	480	460	820	840	210	110	760	370	620	300	510	690	880	990	350	310	730	540	560	770	450	420	570	410	640	300	820	470	880	670	940	750	130	890	680	330	860	900	560	590	340	780	410	310	120	320	200	440	590	870	810	390	580	170	370	870	620	300	840	100	650	250	530	170	300	950	710	840	700	460	600	240	730	830	790	590	820	560	160	190	860	930	510	460	800	940	810	520	680	1000	310	790	720	580	630	480	570	110	460	770	910	670	980	250	100	200	450	940	240	760	720	360	930	150	320	800	340	550	720	650	450	730	190	390	650	140	470	240	720	220	330	690	480	450	900	990	200	600	490	100	530	770	990	630	510	690	410	690	320	450	360	880	350	630	220	980	260	390	110	660	680	230	680	440	740	960	720	910	800	250	190	730	120	800	950	290	250	960	790	950	170	580	880	250	770	910	300	330	390	550	590	520	510	420	670	740	110	1000	870	970	400	340	730	240	550	980	830	220	160	510	800	140	970	770	160	120	510	530	120	530	300	990	150	100	480	350	200	220	390	900	390	730	960	160	610	590	540	660	780	960	610	260	510	930	330	860	450	880	930	470	910	350	460	380	580	890	920	690	490	410	950	240	890	590	640	180	780	730	220	580	190	840	510	200	810	420	640	230	540	760	270	540	820	680	150	750	350	730	640	160	290	990	560	410	980	410	880	200	800	190	270	480	620	530	480	960	440	170	770	330	150	350	900	400	420	130	890	910	840	230	240	320	170	650	600	390	470	610	470	770	340	470	300	820	740	620	980	370	900	630	260	880	770	240	690	660	280	270	480	500	980	790	250	720	620	890	830	470	840	940	850	620	890	430	780	400	290	710	860	780	930	630	710	530	240	940	160	890	970	800	440	900	250	280	370	990	550	560	960	540	670	190	730	300	270	480	570	700	590	480	740	370	370	310	700	640	900	140	370	750	310	190	590	660	720	930	170	490	800	480	640	580	480	330	600	140	770	790	260	470	410	640	580	140	240	350	650	610	480	570	150	630	600	190	650	770	480	970	560	820	400	930	970	580	810	140	340	100	620	380	130	290	850	240	280	240	310	520	310	120	510	910	480	1000	720	620	140	580	510	340	230	910	620	280	640	650	320	330	140	210	800	110	940	350	280	480	750	610	450	180	660	980	120	370	530	200	840	720	260	260	900	750	570	900	270	310	190	110	430	510	900	110	250	450	670	420	470	600	880	440	150	360	360	210	240	490	390	370	780	140	950	480	830	510	610	930	460	190	970	930	670	190	820	190	550	350	850	300	200	280	620	690	620	500	190	600	140	940	830	760	680	800	880	910	570	580	710	630	850	860	440	130	810	610	500	140	640	240	180	540	500	900	760	930	660	780	740	490	340	680	470	280	730	870	270	150	310	990	670	540	200	840	870	920	670	620	650	460	280	540	190	800	210	330	120	720	710	800	660	580	430	160	760	560	540	790	640	600	530	420	930	400	750	980	980	380	740	740	800	700	940	130	510	630	740	910	970	620	580	160	740	380	170	950	500	190	760	250	650	910	990	400	220	620	510	730	560	730	710	570	600	770	320	500	850	680	760	430	280	440	790	470	350	590	950	930	490	890	880	380	550	100	890	660	130	970	350	500	820	140	350	820	640	1000	280	580	170	340	940	150	300	310	630	720	390	710	330	250	490	270	860	430	640	410	280	290	810	970	400	220	180	830	940	490	360	450	910	940	540	850	860	480	270	920	460	920	530	400	500	800	940	290	350	570	320	560	690	790	140	990	910	470	180	990	690	600	720	480	190	530	560	340	810	710	830	900	880	880	380	530	660	910	220	920	420	960	710	760	210	380	160	420	220	540	840	680	440	280	760	410	990	350	350	780	850	110	350	250	880	620	120	270	990	660	190	500	150	800	920	240	900	130	970	150	150	510	480	960	510	530	750	220	670	660	110	580	240	600	690	910	800	400	630	730	720	160	230	150	710	110	170	720	940	980	890	400	860	500	120	210	900	610	750	960	220	480	780	610	970	460	150	310	540	650	730	300	570	750	1000	620	220	620	120	200	120	540	410	660	710	560	670	580	240	400	430	370	960	780	560	900	360	260	740	660	860	850	990	120	990	940	400	130	750	470	690	850	400	980	420	170	110	380	460	650	430	870	360	790	610	860	370	900	520	400	900	110	420	420	620	310	290	570	120	270	700	510	900	850	720	650	120	210	120	310	170	740	890	350	290	540	210	760	260	550	300	350	350	440	190	560	640	990	410	680	430	330	200	160	830	960	240	710	510	750	790	420	800	870	840	890	230	640	780	710	490	240	130	990	740	110	460	960	370	470	620	610	640	280	490	630	190	480	220	500	930	890	280	870	140	580	310	130	370	430	370	150	160	370	590	110	670	470	740	920	980	700	890	970	100	680	220	690	680	660	1000	640	730	840	970	530	370	470	720	1000	970	270	180	780	310	380	460	460	250	680	810	290	620	180	930	180	980	590	490	140	570	660	330	170	830	720	270	790	400	170	340	240	480	290	150	600	280	510	470	780	920	500	810	410	440	900	970	520	500	680	220	980	140	730	910	440	690	320	220	690	850	610	410	610	130	170	200	570	610	440	650	540	740	260	540	270	470	350	600	830	760	700	160	500	670	540	890	610	810	210	940	450	890	810	840	840	480	260	430	380	890	990	780	980	660	100	800	710	860	320	490	870	640	720	190	500	100	800	620	340	930	900	290	630	1000	470	500	480	180	250	530	480	780	930	490	910	400	630	380	640	290	410	320	180	700	440	690	780	760	220	620	840	130	540	270	120	300	760	680	950	530	940	690	770	690	370	720	190	830	490	660	840	230	710	950	140	610	830	550	280	670	880	480	1000	630	990	230	310	340	350	980	390	250	1000	460	850	520	460	680	740	400	460	370	620	690	440	540	180	740	460	950	870	850	540	370	770	840	550	850	720	990	950	790	920	370	710	160	220	910	770	950	150	570	660	300	280	670	590	500	360	1000	250	680	380	740	890	480	180	690	130	830	910	620	590	370	780	770	480	730	960	800	540	920	920	140	510	720	180	340	560	530	200	580	820	720	410	340	860	290	530	350	190	790	610	180	140	540	600	470	490	720	710	390	110	250	690	710	710	1000	620	370	840	150	560	330	470	620	940	660	400	410	630	700	830	760	130	960	540	910	650	740	360	310	690	890	960	990	100	940	730	380	640	830	410	230	810	790	620	920	770	250	140	470	740	780	110	270	390	150	390	630	460	690	1000	480	520	1000	300	650	780	760	670	170	660	680	930	770	580	780	120	840	670	480	230	130	330	120	380	650	600	680	210	820	450	770	880	150	890	680	220	800	640	880	430	360	620	580	340	230	760	880	700	850	820	620	730	510	730	520	810	940	340	870	920	750	990	170	610	800	430	460	360	410	700	810	450	500	550	130	130	300	320	390	330	610	660	560	940	810	290	880	720	530	700	550	600	890	450	820	250	930	680	950	910	870	980	300	960	220	520	980	540	840	270	520	800	670	590	200	980	810	420	560	640	950	480	770	990	220	950	630	830	500	580	500	160	630	870	680	580	930	280	580	840	690	940	470	250	960	650	220	900	700	590	210	980	910	990	970	150	750	390	960	1000	130	980	510	520	270	1000	940	500	180	800	590	190	260	160	220	640	110	370	390	620	250	940	610	930	520	630	450	680	580	180	360	420	780	610	850	700	500	680	850	630	820	560	140	200	620	100	500	160	560	280	650	230	520	600	960	660	260	920	200	250	220	110	360	160	780	740	630	390	960	260	150	520	270	770	460	110	130	350	550	620	950	580	780	350	840	350	380	440	560	100	230	200	580	200	930	180	580	420	990	780	120	360	680	410	470	300	1000	830	670	1000	860	470	660	510	880	690	830	540	780	760	110	180	530	290	530	700	500	430	660	540	910	370	290	150	210	100	730	960	130	180	290	640	500	380	570	720	600	960	750	850	610	870	370	380	820	390	310	960	550	800	910	780	620	330	420	110	280	280	730	750	300	670	390	900	650	810	350	810	900	200	600	390	630	640	610	950	160	310	810	700	360	340	660	840	490	920	450	960	1000	140	590	810	550	1000	670	350	970	930	840	810	620	130	910	580	690	370	340	220	660	460	320	110	930	730	120	240	420	950	570	270	310	810	490	110	820	350	900	410	940	100	890	670	710	210	780	750	580	640	310	210	990	510	640	500	230	960	840	230	300	100	690	800	1000	960	150	160	730	430	430	530	750	260	680	990	960	190	870	870	420	340	840	570	770	670	850	620	160	560	800	360	110	790	570	680	560	480	1000	510	640	520	980	400	240	260	540	810	410	890	370	860	380	450	630	310	320	610	570	380	950	700	520	900	260	880	840	690	120	330	470	630	250	430	720	990	330	280	460	290	610	940	340	820	570	700	890	630	160	850	340	810	940	170	360	440	350	520	630	620	490	540	620	370	320	980	280	180	180	340	930	200	730	510	650	750	810	660	200	190	750	400	670	770	770	320	490	920	790	810	550	750	630	850	350	680	620	140	660	970	880	590	490	430	260	310	1000	920	950	400	350	300	550	610	180	910	340	520	710	240	970	710	120	830	580	130	950	530	930	250	580	450	480	490	450	140	800	960	670	620	1000	270	250	350	620	940	890	810	280	690	620	960	380	850	720	710	810	210	440	430	710	380	830	500	700	460	130	150	730	990	500	660	590	630	140	270	220	350	160	240	940	370	450	820	610	950	410	310	960	200	320	270	800	490	220	720	380	430	870	270	100	640	380	430	910	930	150	100	770	340	760	350	440	860	440	610	180	200	390	840	440	220	530	140	410	510	130	770	860	730	390	730	480	750	870	580	190	470	750	530	440	500	790	410	120	950	220	790	970	240	180	620	350	340	390	250	710	560	200	160	180	780	410	280	420	280	390	480	210	110	710	230	680	130	130	470	280	140	730	410	570	390	360	680	870	320	180	710	630	500	540	150	260	750	360	230	110	970	250	170	170	770	180	970	480	660	300	240	620	630	760	680	730	890	660	670	580	930	740	770	240	610	490	800	140	330	640	130	500	370	710	540	840	1000	790	770	940	690	240	530	680	460	910	860	220	870	730	800	970	390	580	370	260	530	960	240	660	500	710	900	780	800	960	510	920	670	680	260	680	430	240	100	590	570	350	740	370	850	830	840	330	650	690	420	110	760	640	970	340	570	650	570	420	340	970	780	350	370	810	790	290	140	560	390	150	590	810	740	600	940	780	190	580	810	120	490	360	910	810	460	440	460	210	400	590	140	270	630	200	380	350	230	350	510	310	390	450	330	530	310	940	910	160	380	830	800	620	590	150	170	980	760	780	350	630	360	760	970	760	710	870	200	110	720	560	430	280	490	780	800	520	450	770	520	530	710	440	700	280	870	650	270	250	340	470	790	400	240	460	830	290	550	650	900	110	120	870	490	330	660	170	770	610	210	270	640	110	730	490	420	630	640	710	370	150	250	780	600	240	100	390	280	180	210	290	460	780	610	920	120	360	480	720	910	450	370	990	340	920	250	410	610	470	790	660	570	570	390	570	760	
100
