3465
100
2
70
0	192	0	192	192	192	0	192	0	0	0	192	0	0	0	192	0	0	0	0	0	0	0	0	0	0	0	0	0	192	0	0	0	0	0	0	0	0	192	0	192	0	0	0	0	0	0	0	0	0	0	0	0	0	0	0	0	0	0	0	0	0	0	0	0	0	0	0	0	0	0	0	0	0	0	0	0	0	0	0	0	0	0	0	0	0	0	0	0	0	0	0	0	0	0	0	0	0	0	0	
192	0	0	0	0	0	0	0	0	0	0	0	0	0	0	0	0	0	0	0	0	0	0	0	0	0	0	0	0	0	0	0	0	0	0	0	0	0	0	0	0	0	0	0	0	0	0	0	0	0	0	0	0	0	0	0	0	0	0	0	0	0	0	0	0	0	0	0	0	0	0	0	0	0	192	0	192	0	0	0	0	0	0	0	0	0	0	0	0	0	0	0	0	0	0	0	0	0	0	0	
0	0	0	0	0	0	192	0	0	0	0	0	0	0	0	0	0	0	0	0	0	0	0	0	0	0	0	0	0	0	0	0	0	0	0	0	0	0	0	0	0	0	0	0	0	0	0	0	0	0	0	0	0	0	0	0	0	0	0	0	0	0	0	192	0	0	0	0	0	0	0	0	0	0	0	0	0	0	0	0	0	0	0	0	0	0	0	0	0	0	0	0	0	0	0	0	0	0	0	0	
192	0	0	0	0	0	0	0	0	0	0	0	0	0	0	0	0	0	0	0	0	0	0	0	0	0	0	0	0	192	0	0	0	0	0	0	0	0	0	0	0	0	0	0	0	0	0	0	0	0	0	0	0	0	0	0	0	0	0	0	0	0	0	0	0	0	0	0	0	0	0	0	0	0	0	0	0	0	0	0	0	0	0	0	0	0	0	0	0	0	0	0	0	0	0	0	0	0	0	0	
192	0	0	0	0	0	0	0	0	0	0	0	0	0	0	0	0	0	0	0	0	0	0	0	192	0	0	0	0	0	0	0	0	0	0	0	0	192	0	0	0	0	0	0	0	0	0	0	0	0	0	0	0	0	0	0	0	0	0	0	0	0	0	0	0	0	0	0	0	0	0	0	0	0	0	0	0	0	0	0	0	0	0	0	0	0	0	0	0	0	0	0	0	0	0	0	0	0	0	0	
192	0	0	0	0	0	0	0	0	0	0	0	0	0	0	0	0	0	0	0	0	0	0	0	0	0	0	0	0	0	0	0	0	0	0	0	0	0	0	0	0	0	0	0	0	192	0	0	0	0	0	0	0	0	0	0	0	0	0	0	0	0	0	0	0	0	0	0	0	0	0	0	0	0	0	0	0	0	0	0	0	192	0	0	0	0	0	0	0	0	0	0	0	0	0	0	0	0	0	0	
0	0	192	0	0	0	0	0	0	0	0	0	0	0	0	0	0	0	0	0	0	0	0	0	0	0	0	0	0	0	0	0	0	0	0	0	0	0	0	0	0	192	0	0	0	0	0	0	0	0	0	0	0	0	0	0	0	0	0	0	0	0	0	0	0	0	0	0	0	0	0	0	0	0	0	0	0	0	0	0	0	0	0	0	0	0	0	0	0	0	0	0	0	0	0	0	0	0	0	0	
192	0	0	0	0	0	0	0	0	0	0	0	0	0	0	0	0	0	0	0	0	0	0	0	0	0	0	0	0	0	0	0	0	0	0	0	0	0	0	0	0	0	0	0	0	0	0	0	0	0	0	0	0	0	0	0	0	0	0	0	0	0	0	0	0	0	0	0	0	0	0	0	0	0	0	0	0	0	0	0	192	0	0	0	0	0	0	0	0	0	192	0	0	0	0	0	0	0	0	0	
0	0	0	0	0	0	0	0	0	0	0	0	0	0	0	0	0	0	0	0	0	0	0	0	0	0	0	0	0	0	0	0	0	0	0	0	0	0	0	0	0	0	0	0	0	0	0	0	0	0	0	0	0	0	0	0	0	0	0	0	0	0	0	0	0	0	0	0	0	0	0	0	0	192	0	0	0	0	0	0	0	0	0	0	0	0	0	0	0	0	0	0	0	0	0	0	0	0	0	192	
0	0	0	0	0	0	0	0	0	0	0	0	0	0	0	0	0	0	0	0	0	0	0	0	0	0	0	0	0	0	0	0	0	0	0	0	0	0	0	192	0	0	0	0	0	0	0	0	0	0	0	0	0	0	0	0	0	0	0	0	0	0	0	0	0	0	0	0	0	0	0	0	0	0	0	0	0	0	0	0	0	0	0	0	0	0	0	0	0	0	0	192	0	0	0	0	0	0	0	0	
0	0	0	0	0	0	0	0	0	0	0	0	0	0	0	0	0	0	192	0	0	0	0	0	0	0	0	0	0	0	0	0	0	0	0	0	0	0	0	0	0	0	0	0	0	0	0	0	0	0	0	0	0	0	0	0	0	0	0	0	0	0	0	0	0	0	0	0	0	0	0	0	0	0	0	0	0	0	0	0	192	0	0	0	0	0	0	0	0	0	0	0	0	0	0	0	0	0	0	0	
192	0	0	0	0	0	0	0	0	0	0	0	0	0	0	0	0	0	0	0	0	0	0	0	0	0	0	0	0	0	0	0	0	0	0	0	0	0	0	0	0	0	0	0	0	0	0	0	0	0	0	0	0	0	0	0	0	0	0	0	0	0	0	0	0	0	0	0	0	0	0	0	0	0	0	0	0	0	0	0	0	0	0	0	0	192	0	0	0	0	0	0	0	192	0	0	0	0	0	0	
0	0	0	0	0	0	0	0	0	0	0	0	0	0	0	0	0	0	0	0	0	0	0	0	0	0	0	0	0	0	0	0	0	0	0	0	0	0	0	0	0	0	0	0	0	192	0	0	0	0	0	0	0	0	0	0	0	0	0	0	0	0	0	0	0	0	0	0	0	0	0	0	0	0	0	0	0	0	0	0	0	192	0	0	0	0	0	0	0	0	0	0	0	0	0	0	0	0	0	0	
0	0	0	0	0	0	0	0	0	0	0	0	0	0	0	0	0	0	0	0	0	0	0	0	0	0	0	0	0	0	0	0	0	0	0	0	0	0	0	0	0	0	0	0	0	0	0	0	0	0	0	0	0	0	0	0	0	0	192	0	0	0	0	0	0	0	0	0	0	0	0	0	0	0	0	0	0	0	0	192	0	0	0	0	0	0	0	0	0	0	0	0	0	0	0	0	0	0	0	0	
0	0	0	0	0	0	0	0	0	0	0	0	0	0	0	0	0	0	0	0	0	0	0	0	192	0	0	0	0	0	0	0	0	0	0	0	0	0	0	0	0	0	0	0	0	0	0	0	0	0	0	0	0	0	0	0	0	0	0	0	0	0	0	0	0	0	0	0	0	0	0	0	0	0	0	0	0	0	0	0	0	0	0	192	0	0	0	0	0	0	0	0	0	0	0	0	0	0	0	0	
192	0	0	0	0	0	0	0	0	0	0	0	0	0	0	0	0	0	0	0	0	0	0	0	0	0	0	0	0	0	0	0	0	0	0	0	0	0	0	0	0	0	0	0	0	0	0	0	0	0	0	0	0	0	0	0	0	0	0	0	0	0	0	0	0	0	0	0	0	0	0	0	0	0	0	0	0	0	0	0	0	0	0	0	0	0	0	0	0	192	0	0	192	0	0	0	0	0	0	0	
0	0	0	0	0	0	0	0	0	0	0	0	0	0	0	0	0	0	0	0	0	0	0	0	0	0	0	0	0	0	0	0	0	0	0	0	0	0	0	0	0	0	0	0	0	0	0	0	0	0	0	0	0	0	0	192	0	0	0	0	0	0	0	0	0	0	0	0	0	0	0	0	0	0	0	0	0	0	192	0	0	0	0	0	0	0	0	0	0	0	0	0	0	0	0	0	0	0	0	0	
0	0	0	0	0	0	0	0	0	0	0	0	0	0	0	0	0	0	0	0	0	0	0	0	0	0	0	0	0	0	0	0	0	0	0	0	0	0	0	0	0	0	0	0	0	0	0	0	0	0	192	0	0	0	0	0	0	0	0	0	0	0	0	192	0	0	0	0	0	0	0	0	0	0	0	0	0	0	0	0	0	0	0	0	0	0	0	0	0	0	0	0	0	0	0	0	0	0	0	0	
0	0	0	0	0	0	0	0	0	0	192	0	0	0	0	0	0	0	0	0	0	0	0	0	0	0	0	0	0	0	0	0	0	0	0	0	0	0	0	0	0	0	0	0	0	0	0	0	0	0	0	0	0	0	0	0	0	0	0	0	0	0	0	0	0	0	0	0	0	0	0	0	0	0	0	0	0	0	0	0	0	0	0	0	0	0	0	0	0	0	192	0	0	0	0	0	0	0	0	0	
0	0	0	0	0	0	0	0	0	0	0	0	0	0	0	0	0	0	0	0	0	0	0	0	0	192	0	0	0	0	0	0	0	0	0	0	0	0	0	0	0	0	0	192	0	0	0	0	0	0	0	0	0	0	0	0	0	0	0	0	0	0	0	0	0	0	0	0	0	0	0	0	0	0	0	0	0	0	0	0	0	0	0	0	0	0	0	0	0	0	0	0	0	0	0	0	0	0	0	0	
0	0	0	0	0	0	0	0	0	0	0	0	0	0	0	0	0	0	0	0	0	0	0	0	0	0	0	0	0	0	0	0	0	0	0	0	0	0	0	0	0	0	0	0	0	0	0	0	0	0	0	0	0	0	0	0	0	0	0	0	0	0	0	0	0	192	0	0	0	0	0	0	0	0	0	0	0	0	0	0	0	0	0	0	0	0	0	0	0	0	0	0	0	0	0	192	0	0	0	0	
0	0	0	0	0	0	0	0	0	0	0	0	0	0	0	0	0	0	0	0	0	0	0	192	0	0	0	0	0	0	0	0	0	0	0	0	0	0	0	0	0	0	0	0	0	0	0	0	192	0	0	0	0	0	0	0	0	0	0	0	0	0	0	0	0	0	0	0	0	0	0	0	0	0	0	0	0	0	0	0	0	0	0	0	0	0	0	0	0	0	0	0	0	0	0	0	0	0	0	0	
0	0	0	0	0	0	0	0	0	0	0	0	0	0	0	0	0	0	0	0	0	0	0	0	0	0	0	0	0	0	0	0	0	0	0	0	0	0	0	192	0	0	0	0	0	0	0	0	0	0	0	0	0	0	192	0	0	0	0	0	0	0	0	0	0	0	0	0	0	0	0	0	0	0	0	0	0	0	0	0	0	0	0	0	0	0	0	0	0	0	0	0	0	0	0	0	0	0	0	0	
0	0	0	0	0	0	0	0	0	0	0	0	0	0	0	0	0	0	0	0	0	192	0	0	0	0	0	0	0	0	0	0	0	0	0	0	0	0	0	0	0	0	0	0	0	0	0	0	0	0	0	0	0	0	0	0	0	0	0	192	0	0	0	0	0	0	0	0	0	0	0	0	0	0	0	0	0	0	0	0	0	0	0	0	0	0	0	0	0	0	0	0	0	0	0	0	0	0	0	0	
0	0	0	0	192	0	0	0	0	0	0	0	0	0	192	0	0	0	0	0	0	0	0	0	0	0	0	0	0	0	0	0	0	0	0	0	0	0	0	0	0	0	0	0	0	0	0	0	0	0	0	0	0	0	0	0	0	0	0	0	0	0	0	0	0	0	0	0	0	0	0	0	0	0	0	0	0	0	0	0	0	0	0	0	0	0	0	0	0	0	0	0	0	0	0	0	0	0	0	0	
0	0	0	0	0	0	0	0	0	0	0	0	0	0	0	0	0	0	0	192	0	0	0	0	0	0	0	0	0	0	0	0	0	0	0	0	0	0	0	0	0	0	0	0	0	0	0	0	0	0	0	0	0	0	0	0	0	0	0	0	0	0	0	0	0	192	0	0	0	0	0	0	0	0	0	0	0	0	0	0	0	0	0	0	0	0	0	0	0	0	0	0	0	0	0	0	0	0	0	0	
0	0	0	0	0	0	0	0	0	0	0	0	0	0	0	0	0	0	0	0	0	0	0	0	0	0	0	0	0	0	0	0	0	0	0	0	0	0	0	0	0	0	0	0	0	0	192	0	0	0	0	0	0	0	0	0	0	0	0	0	0	0	0	0	0	0	0	0	0	0	0	0	0	0	0	0	0	0	192	0	0	0	0	0	0	0	0	0	0	0	0	0	0	0	0	0	0	0	0	0	
0	0	0	0	0	0	0	0	0	0	0	0	0	0	0	0	0	0	0	0	0	0	0	0	0	0	0	0	0	0	0	0	0	0	0	0	0	0	0	0	0	0	0	0	0	0	0	0	0	0	0	0	0	0	0	0	0	0	0	0	0	0	0	0	0	0	0	0	0	0	0	0	192	0	0	0	0	0	0	0	0	0	0	0	0	0	0	0	0	0	0	0	192	0	0	0	0	0	0	0	
0	0	0	0	0	0	0	0	0	0	0	0	0	0	0	0	0	0	0	0	0	0	0	0	0	0	0	0	0	0	0	0	0	0	0	0	0	0	0	0	0	0	0	0	0	0	0	0	0	0	0	0	0	0	0	0	0	0	0	0	0	0	0	0	0	0	0	0	0	0	0	0	0	0	0	0	0	0	0	0	0	0	192	0	0	0	0	192	0	0	0	0	0	0	0	0	0	0	0	0	
192	0	0	192	0	0	0	0	0	0	0	0	0	0	0	0	0	0	0	0	0	0	0	0	0	0	0	0	0	0	0	0	0	0	0	0	0	0	0	0	0	0	0	0	0	0	0	0	0	0	0	0	0	0	0	0	0	0	0	0	0	0	0	0	0	0	0	0	0	0	0	0	0	0	0	0	0	0	0	0	0	0	0	0	0	0	0	0	0	0	0	0	0	0	0	0	0	0	0	0	
0	0	0	0	0	0	0	0	0	0	0	0	0	0	0	0	0	0	0	0	0	0	0	0	0	0	0	0	0	0	0	0	0	0	0	0	0	0	0	0	0	0	0	0	0	0	0	0	0	0	0	0	0	0	0	0	0	0	0	0	0	0	0	0	0	0	0	0	0	0	0	0	0	0	0	0	0	0	0	0	0	0	0	0	0	192	0	0	0	0	0	0	0	192	0	0	0	0	0	0	
0	0	0	0	0	0	0	0	0	0	0	0	0	0	0	0	0	0	0	0	0	0	0	0	0	0	0	0	0	0	0	0	0	0	0	0	0	0	0	0	0	0	0	0	0	0	0	0	0	0	0	0	192	0	0	0	0	0	0	0	0	0	0	0	0	0	0	0	192	0	0	0	0	0	0	0	0	0	0	0	0	0	0	0	0	0	0	0	0	0	0	0	0	0	0	0	0	0	0	0	
0	0	0	0	0	0	0	0	0	0	0	0	0	0	0	0	0	0	0	0	0	0	0	0	0	0	0	0	0	0	0	0	0	0	0	0	0	0	0	0	0	0	0	0	0	0	0	192	0	0	0	0	0	0	0	0	0	0	0	0	0	0	0	0	0	0	0	0	0	0	0	0	0	0	0	0	0	0	0	0	0	0	0	0	0	0	0	0	0	0	0	0	0	0	0	0	0	0	0	192	
0	0	0	0	0	0	0	0	0	0	0	0	0	0	0	0	0	0	0	0	0	0	0	0	0	0	0	0	0	0	0	0	0	0	0	0	0	0	0	0	0	0	0	0	0	0	0	0	0	0	0	0	0	0	0	0	0	0	0	0	0	0	0	0	0	0	0	0	0	0	0	0	192	0	0	0	0	0	0	0	0	0	0	0	0	0	0	0	0	192	0	0	0	0	0	0	0	0	0	0	
0	0	0	0	0	0	0	0	0	0	0	0	0	0	0	0	0	0	0	0	0	0	0	0	0	0	0	0	0	0	0	0	0	0	0	0	0	0	0	0	0	0	0	0	0	0	0	0	0	0	0	0	0	0	0	0	0	0	0	0	0	192	0	0	192	0	0	0	0	0	0	0	0	0	0	0	0	0	0	0	0	0	0	0	0	0	0	0	0	0	0	0	0	0	0	0	0	0	0	0	
0	0	0	0	0	0	0	0	0	0	0	0	0	0	0	0	0	0	0	0	0	0	0	0	0	0	0	0	0	0	0	0	0	0	0	0	0	0	0	0	0	0	0	0	0	0	0	0	0	0	0	0	0	0	0	0	0	0	0	0	0	0	0	0	0	0	192	0	0	0	0	0	0	0	0	0	192	0	0	0	0	0	0	0	0	0	0	0	0	0	0	0	0	0	0	0	0	0	0	0	
0	0	0	0	0	0	0	0	0	0	0	0	0	0	0	0	0	0	0	0	0	0	0	0	0	0	0	0	0	0	0	0	0	0	0	0	0	0	0	0	0	0	0	0	0	0	192	0	0	0	0	0	0	0	0	0	0	0	0	0	0	0	0	0	0	0	0	0	0	0	0	0	0	0	0	0	0	192	0	0	0	0	0	0	0	0	0	0	0	0	0	0	0	0	0	0	0	0	0	0	
0	0	0	0	192	0	0	0	0	0	0	0	0	0	0	0	0	0	0	0	0	0	0	0	0	0	0	0	0	0	0	0	0	0	0	0	0	0	0	0	0	0	0	0	0	0	0	0	0	0	0	0	0	0	0	0	0	0	0	0	0	0	0	0	0	0	0	0	0	0	0	0	0	0	0	0	0	0	0	0	0	0	0	192	0	0	0	0	0	0	0	0	0	0	0	0	0	0	0	0	
192	0	0	0	0	0	0	0	0	0	0	0	0	0	0	0	0	0	0	0	0	0	0	0	0	0	0	0	0	0	0	0	0	0	0	0	0	0	0	0	0	0	0	0	0	0	0	0	0	0	0	0	0	0	0	0	192	0	0	0	0	0	0	0	0	0	0	0	0	0	0	192	0	0	0	0	0	0	0	0	0	0	0	0	0	0	0	0	0	0	0	0	0	0	0	0	0	0	0	0	
0	0	0	0	0	0	0	0	0	192	0	0	0	0	0	0	0	0	0	0	0	0	192	0	0	0	0	0	0	0	0	0	0	0	0	0	0	0	0	0	0	0	0	0	0	0	0	0	0	0	0	0	0	0	0	0	0	0	0	0	0	0	0	0	0	0	0	0	0	0	0	0	0	0	0	0	0	0	0	0	0	0	0	0	0	0	0	0	0	0	0	0	0	0	0	0	0	0	0	0	
192	0	0	0	0	0	0	0	0	0	0	0	0	0	0	0	0	0	0	0	0	0	0	0	0	0	0	0	0	0	0	0	0	0	0	0	0	0	0	0	0	0	0	0	0	0	0	0	0	0	0	0	0	0	0	0	0	0	0	0	0	0	0	0	0	0	0	192	0	0	192	0	0	0	0	0	0	0	0	0	0	0	0	0	0	0	0	0	0	0	0	0	0	0	0	0	0	0	0	0	
0	0	0	0	0	0	192	0	0	0	0	0	0	0	0	0	0	0	0	0	0	0	0	0	0	0	0	0	0	0	0	0	0	0	0	0	0	0	0	0	0	0	0	0	0	0	0	0	0	192	0	0	0	0	0	0	0	0	0	0	0	0	0	0	0	0	0	0	0	0	0	0	0	0	0	0	0	0	0	0	0	0	0	0	0	0	0	0	0	0	0	0	0	0	0	0	0	0	0	0	
0	0	0	0	0	0	0	0	0	0	0	0	0	0	0	0	0	0	0	0	0	0	0	0	0	0	0	0	0	0	0	0	0	0	0	0	0	0	0	0	0	0	0	0	0	0	0	0	0	0	0	0	0	0	0	0	0	0	0	0	0	0	0	0	0	0	0	192	0	0	192	0	0	0	0	0	0	0	0	0	0	0	0	0	0	0	0	0	0	0	0	0	0	0	0	0	0	0	0	0	
0	0	0	0	0	0	0	0	0	0	0	0	0	0	0	0	0	0	0	192	0	0	0	0	0	0	0	0	0	0	0	0	0	0	0	0	0	0	0	0	0	0	0	0	0	0	0	0	0	0	0	0	0	0	0	0	0	0	0	0	0	0	0	0	0	0	0	0	0	0	0	0	0	0	192	0	0	0	0	0	0	0	0	0	0	0	0	0	0	0	0	0	0	0	0	0	0	0	0	0	
0	0	0	0	0	0	0	0	0	0	0	0	0	0	0	0	0	0	0	0	0	0	0	0	0	0	0	0	0	0	0	0	0	0	0	0	0	0	0	0	0	0	0	0	0	0	0	0	0	0	0	0	0	0	0	0	0	0	0	0	0	0	0	0	0	0	0	0	0	0	0	0	0	0	0	0	0	0	0	0	0	0	0	0	0	0	0	0	192	0	0	0	0	0	192	0	0	0	0	0	
0	0	0	0	0	192	0	0	0	0	0	0	192	0	0	0	0	0	0	0	0	0	0	0	0	0	0	0	0	0	0	0	0	0	0	0	0	0	0	0	0	0	0	0	0	0	0	0	0	0	0	0	0	0	0	0	0	0	0	0	0	0	0	0	0	0	0	0	0	0	0	0	0	0	0	0	0	0	0	0	0	0	0	0	0	0	0	0	0	0	0	0	0	0	0	0	0	0	0	0	
0	0	0	0	0	0	0	0	0	0	0	0	0	0	0	0	0	0	0	0	0	0	0	0	0	0	192	0	0	0	0	0	0	0	0	0	192	0	0	0	0	0	0	0	0	0	0	0	0	0	0	0	0	0	0	0	0	0	0	0	0	0	0	0	0	0	0	0	0	0	0	0	0	0	0	0	0	0	0	0	0	0	0	0	0	0	0	0	0	0	0	0	0	0	0	0	0	0	0	0	
0	0	0	0	0	0	0	0	0	0	0	0	0	0	0	0	0	0	0	0	0	0	0	0	0	0	0	0	0	0	0	0	192	0	0	0	0	0	0	0	0	0	0	0	0	0	0	0	0	0	0	0	0	0	0	0	0	0	0	0	0	0	0	0	0	0	0	0	0	0	0	0	0	0	0	0	0	0	0	0	0	0	0	0	0	0	0	0	0	0	0	0	0	0	0	0	192	0	0	0	
0	0	0	0	0	0	0	0	0	0	0	0	0	0	0	0	0	0	0	0	0	192	0	0	0	0	0	0	0	0	0	0	0	0	0	0	0	0	0	0	0	0	0	0	0	0	0	0	0	0	0	0	0	0	0	0	0	0	0	0	0	0	0	0	0	0	0	0	0	0	0	0	0	0	0	0	0	0	0	0	0	0	0	0	0	0	0	0	0	0	0	0	0	0	0	0	192	0	0	0	
0	0	0	0	0	0	0	0	0	0	0	0	0	0	0	0	0	0	0	0	0	0	0	0	0	0	0	0	0	0	0	0	0	0	0	0	0	0	0	0	0	192	0	0	0	0	0	0	0	0	0	0	0	0	0	0	0	0	0	0	0	0	0	0	0	0	0	0	0	0	0	0	0	192	0	0	0	0	0	0	0	0	0	0	0	0	0	0	0	0	0	0	0	0	0	0	0	0	0	0	
0	0	0	0	0	0	0	0	0	0	0	0	0	0	0	0	0	192	0	0	0	0	0	0	0	0	0	0	0	0	0	0	0	0	0	0	0	0	0	0	0	0	0	0	0	0	0	0	0	0	0	0	0	0	0	0	0	0	0	0	0	0	0	0	0	0	0	0	0	0	0	0	0	0	0	0	0	0	0	0	0	0	0	0	0	0	0	0	0	0	0	0	0	0	192	0	0	0	0	0	
0	0	0	0	0	0	0	0	0	0	0	0	0	0	0	0	0	0	0	0	0	0	0	0	0	0	0	0	0	0	0	0	0	0	0	0	0	0	0	0	0	0	0	0	0	0	0	0	0	0	0	0	0	0	0	0	0	0	192	0	0	0	0	0	0	0	0	0	192	0	0	0	0	0	0	0	0	0	0	0	0	0	0	0	0	0	0	0	0	0	0	0	0	0	0	0	0	0	0	0	
0	0	0	0	0	0	0	0	0	0	0	0	0	0	0	0	0	0	0	0	0	0	0	0	0	0	0	0	0	0	0	192	0	0	0	0	0	0	0	0	0	0	0	0	0	0	0	0	0	0	0	0	0	0	0	0	0	0	0	0	0	0	0	0	0	0	0	0	0	0	0	0	0	0	0	192	0	0	0	0	0	0	0	0	0	0	0	0	0	0	0	0	0	0	0	0	0	0	0	0	
0	0	0	0	0	0	0	0	0	0	0	0	0	0	0	0	0	0	0	0	0	0	0	0	0	0	0	0	0	0	0	0	0	0	0	0	0	0	0	0	0	0	0	0	0	0	0	0	0	0	0	0	0	0	0	0	0	192	0	0	0	0	0	0	0	0	0	0	0	0	0	0	0	0	0	0	0	192	0	0	0	0	0	0	0	0	0	0	0	0	0	0	0	0	0	0	0	0	0	0	
0	0	0	0	0	0	0	0	0	0	0	0	0	0	0	0	0	0	0	0	0	0	192	0	0	0	0	0	0	0	0	0	0	0	0	0	0	0	0	0	0	0	0	0	0	0	0	0	0	0	0	0	0	0	0	0	0	0	0	0	0	0	0	0	0	0	0	0	0	0	0	0	0	0	0	0	0	0	0	0	0	0	192	0	0	0	0	0	0	0	0	0	0	0	0	0	0	0	0	0	
0	0	0	0	0	0	0	0	0	0	0	0	0	0	0	0	192	0	0	0	0	0	0	0	0	0	0	0	0	0	0	0	0	0	0	0	0	0	0	0	0	0	0	0	0	0	0	0	0	0	0	0	0	0	0	0	0	0	0	0	0	0	0	0	0	0	0	0	0	192	0	0	0	0	0	0	0	0	0	0	0	0	0	0	0	0	0	0	0	0	0	0	0	0	0	0	0	0	0	0	
0	0	0	0	0	0	0	0	0	0	0	0	0	0	0	0	0	0	0	0	0	0	0	0	0	0	0	0	0	0	0	0	0	0	0	0	0	0	192	0	0	0	0	0	0	0	0	0	0	0	0	0	0	0	0	0	0	0	0	0	0	0	0	0	0	0	0	0	0	0	0	192	0	0	0	0	0	0	0	0	0	0	0	0	0	0	0	0	0	0	0	0	0	0	0	0	0	0	0	0	
0	0	0	0	0	0	0	0	0	0	0	0	0	0	0	0	0	0	0	0	0	0	0	0	0	0	0	0	0	0	0	0	0	0	0	0	0	0	0	0	0	0	0	0	0	0	0	0	0	0	0	0	0	192	0	0	0	0	0	0	0	0	0	0	192	0	0	0	0	0	0	0	0	0	0	0	0	0	0	0	0	0	0	0	0	0	0	0	0	0	0	0	0	0	0	0	0	0	0	0	
0	0	0	0	0	0	0	0	0	0	0	0	0	192	0	0	0	0	0	0	0	0	0	0	0	0	0	0	0	0	0	0	0	0	0	0	0	0	0	0	0	0	0	0	0	0	0	0	0	0	0	192	0	0	0	0	0	0	0	0	0	0	0	0	0	0	0	0	0	0	0	0	0	0	0	0	0	0	0	0	0	0	0	0	0	0	0	0	0	0	0	0	0	0	0	0	0	0	0	0	
0	0	0	0	0	0	0	0	0	0	0	0	0	0	0	0	0	0	0	0	0	0	0	192	0	0	0	0	0	0	0	0	0	0	0	0	0	0	0	0	0	0	0	0	0	0	0	0	0	0	0	0	0	0	0	0	0	0	0	0	0	0	0	0	0	0	192	0	0	0	0	0	0	0	0	0	0	0	0	0	0	0	0	0	0	0	0	0	0	0	0	0	0	0	0	0	0	0	0	0	
0	0	0	0	0	0	0	0	0	0	0	0	0	0	0	0	0	0	0	0	0	0	0	0	0	0	0	0	0	0	0	0	0	0	0	0	0	0	0	0	0	0	0	0	0	0	0	0	0	0	0	0	0	0	0	0	0	0	0	0	0	0	192	0	0	0	0	0	0	192	0	0	0	0	0	0	0	0	0	0	0	0	0	0	0	0	0	0	0	0	0	0	0	0	0	0	0	0	0	0	
0	0	0	0	0	0	0	0	0	0	0	0	0	0	0	0	0	0	0	0	0	0	0	0	0	0	0	0	0	0	0	0	0	0	192	0	0	0	0	0	0	0	0	0	0	0	0	0	0	0	0	0	0	0	0	0	0	0	0	0	0	0	0	0	0	0	0	0	0	0	0	0	0	0	0	0	0	0	0	0	0	0	0	0	0	0	192	0	0	0	0	0	0	0	0	0	0	0	0	0	
0	0	0	0	0	0	0	0	0	0	0	0	0	0	0	0	0	0	0	0	0	0	0	0	0	0	0	0	0	0	0	0	0	0	0	0	0	0	0	0	0	0	0	0	0	0	0	0	0	0	0	0	0	0	0	0	0	0	0	0	192	0	0	0	0	0	0	0	0	0	0	0	0	0	0	0	0	0	0	0	0	0	0	0	0	0	0	0	0	0	0	0	0	0	0	0	0	0	192	0	
0	0	192	0	0	0	0	0	0	0	0	0	0	0	0	0	0	192	0	0	0	0	0	0	0	0	0	0	0	0	0	0	0	0	0	0	0	0	0	0	0	0	0	0	0	0	0	0	0	0	0	0	0	0	0	0	0	0	0	0	0	0	0	0	0	0	0	0	0	0	0	0	0	0	0	0	0	0	0	0	0	0	0	0	0	0	0	0	0	0	0	0	0	0	0	0	0	0	0	0	
0	0	0	0	0	0	0	0	0	0	0	0	0	0	0	0	0	0	0	0	0	0	0	0	0	0	0	0	0	0	0	0	0	0	192	0	0	0	0	0	0	0	0	0	0	0	0	0	0	0	0	0	0	0	0	0	0	192	0	0	0	0	0	0	0	0	0	0	0	0	0	0	0	0	0	0	0	0	0	0	0	0	0	0	0	0	0	0	0	0	0	0	0	0	0	0	0	0	0	0	
0	0	0	0	0	0	0	0	0	0	0	0	0	0	0	0	0	0	0	0	192	0	0	0	0	192	0	0	0	0	0	0	0	0	0	0	0	0	0	0	0	0	0	0	0	0	0	0	0	0	0	0	0	0	0	0	0	0	0	0	0	0	0	0	0	0	0	0	0	0	0	0	0	0	0	0	0	0	0	0	0	0	0	0	0	0	0	0	0	0	0	0	0	0	0	0	0	0	0	0	
0	0	0	0	0	0	0	0	0	0	0	0	0	0	0	0	0	0	0	0	0	0	0	0	0	0	0	0	0	0	0	0	0	0	0	192	0	0	0	0	0	0	0	0	0	0	0	0	0	0	0	0	0	0	0	0	0	0	0	192	0	0	0	0	0	0	0	0	0	0	0	0	0	0	0	0	0	0	0	0	0	0	0	0	0	0	0	0	0	0	0	0	0	0	0	0	0	0	0	0	
0	0	0	0	0	0	0	0	0	0	0	0	0	0	0	0	0	0	0	0	0	0	0	0	0	0	0	0	0	0	0	0	0	0	0	0	0	0	0	0	192	0	192	0	0	0	0	0	0	0	0	0	0	0	0	0	0	0	0	0	0	0	0	0	0	0	0	0	0	0	0	0	0	0	0	0	0	0	0	0	0	0	0	0	0	0	0	0	0	0	0	0	0	0	0	0	0	0	0	0	
0	0	0	0	0	0	0	0	0	0	0	0	0	0	0	0	0	0	0	0	0	0	0	0	0	0	0	0	0	0	0	192	0	0	0	0	0	0	0	0	0	0	0	0	0	0	0	0	0	0	0	192	0	0	0	0	0	0	0	0	0	0	0	0	0	0	0	0	0	0	0	0	0	0	0	0	0	0	0	0	0	0	0	0	0	0	0	0	0	0	0	0	0	0	0	0	0	0	0	0	
0	0	0	0	0	0	0	0	0	0	0	0	0	0	0	0	0	0	0	0	0	0	0	0	0	0	0	0	0	0	0	0	0	0	0	0	0	0	0	0	0	0	0	0	0	0	0	0	0	0	0	0	0	0	0	192	0	0	0	0	192	0	0	0	0	0	0	0	0	0	0	0	0	0	0	0	0	0	0	0	0	0	0	0	0	0	0	0	0	0	0	0	0	0	0	0	0	0	0	0	
0	0	0	0	0	0	0	0	0	0	0	0	0	0	0	0	0	0	0	0	0	0	0	0	0	0	0	0	0	0	0	0	0	0	0	0	0	0	0	0	192	0	192	0	0	0	0	0	0	0	0	0	0	0	0	0	0	0	0	0	0	0	0	0	0	0	0	0	0	0	0	0	0	0	0	0	0	0	0	0	0	0	0	0	0	0	0	0	0	0	0	0	0	0	0	0	0	0	0	0	
0	0	0	0	0	0	0	0	0	0	0	0	0	0	0	0	0	0	0	0	0	0	0	0	0	0	0	0	0	0	0	0	0	0	0	0	0	0	192	0	0	0	0	0	0	0	0	0	0	0	0	0	0	0	0	0	192	0	0	0	0	0	0	0	0	0	0	0	0	0	0	0	0	0	0	0	0	0	0	0	0	0	0	0	0	0	0	0	0	0	0	0	0	0	0	0	0	0	0	0	
0	0	0	0	0	0	0	0	0	0	0	0	0	0	0	0	0	0	0	0	0	0	0	0	0	0	0	192	0	0	0	0	0	192	0	0	0	0	0	0	0	0	0	0	0	0	0	0	0	0	0	0	0	0	0	0	0	0	0	0	0	0	0	0	0	0	0	0	0	0	0	0	0	0	0	0	0	0	0	0	0	0	0	0	0	0	0	0	0	0	0	0	0	0	0	0	0	0	0	0	
0	0	0	0	0	0	0	0	192	0	0	0	0	0	0	0	0	0	0	0	0	0	0	0	0	0	0	0	0	0	0	0	0	0	0	0	0	0	0	0	0	0	0	0	0	0	0	0	0	192	0	0	0	0	0	0	0	0	0	0	0	0	0	0	0	0	0	0	0	0	0	0	0	0	0	0	0	0	0	0	0	0	0	0	0	0	0	0	0	0	0	0	0	0	0	0	0	0	0	0	
0	192	0	0	0	0	0	0	0	0	0	0	0	0	0	0	0	0	0	0	0	0	0	0	0	0	0	0	0	0	0	0	0	0	0	0	0	0	0	0	0	0	0	192	0	0	0	0	0	0	0	0	0	0	0	0	0	0	0	0	0	0	0	0	0	0	0	0	0	0	0	0	0	0	0	0	0	0	0	0	0	0	0	0	0	0	0	0	0	0	0	0	0	0	0	0	0	0	0	0	
0	0	0	0	0	0	0	0	0	0	0	0	0	0	0	0	0	0	0	0	0	0	0	0	0	0	0	0	0	0	0	0	0	0	0	0	0	0	0	0	0	0	0	0	0	0	0	0	0	0	0	0	192	0	0	0	0	0	0	0	0	0	0	0	0	0	0	0	0	0	0	0	0	0	0	0	0	0	0	0	0	0	0	0	0	0	0	192	0	0	0	0	0	0	0	0	0	0	0	0	
0	192	0	0	0	0	0	0	0	0	0	0	0	0	0	0	0	0	0	0	0	0	0	0	0	0	0	0	0	0	0	0	0	0	0	192	0	0	0	0	0	0	0	0	0	0	0	0	0	0	0	0	0	0	0	0	0	0	0	0	0	0	0	0	0	0	0	0	0	0	0	0	0	0	0	0	0	0	0	0	0	0	0	0	0	0	0	0	0	0	0	0	0	0	0	0	0	0	0	0	
0	0	0	0	0	0	0	0	0	0	0	0	0	0	0	0	0	0	0	0	0	0	0	0	0	0	0	0	0	0	0	0	0	0	0	0	192	0	0	0	0	0	0	0	0	0	0	0	0	0	0	0	0	192	0	0	0	0	0	0	0	0	0	0	0	0	0	0	0	0	0	0	0	0	0	0	0	0	0	0	0	0	0	0	0	0	0	0	0	0	0	0	0	0	0	0	0	0	0	0	
0	0	0	0	0	0	0	0	0	0	0	0	0	0	0	0	192	0	0	0	0	0	0	0	0	0	192	0	0	0	0	0	0	0	0	0	0	0	0	0	0	0	0	0	0	0	0	0	0	0	0	0	0	0	0	0	0	0	0	0	0	0	0	0	0	0	0	0	0	0	0	0	0	0	0	0	0	0	0	0	0	0	0	0	0	0	0	0	0	0	0	0	0	0	0	0	0	0	0	0	
0	0	0	0	0	0	0	0	0	0	0	0	0	192	0	0	0	0	0	0	0	0	0	0	0	0	0	0	0	0	0	0	0	0	0	0	0	0	0	0	0	0	0	0	0	0	0	0	0	0	0	0	0	0	0	0	0	0	0	0	0	0	0	0	0	0	0	0	0	0	0	0	0	0	0	0	0	0	0	0	0	0	0	0	0	0	0	0	192	0	0	0	0	0	0	0	0	0	0	0	
0	0	0	0	0	0	0	192	0	0	192	0	0	0	0	0	0	0	0	0	0	0	0	0	0	0	0	0	0	0	0	0	0	0	0	0	0	0	0	0	0	0	0	0	0	0	0	0	0	0	0	0	0	0	0	0	0	0	0	0	0	0	0	0	0	0	0	0	0	0	0	0	0	0	0	0	0	0	0	0	0	0	0	0	0	0	0	0	0	0	0	0	0	0	0	0	0	0	0	0	
0	0	0	0	0	192	0	0	0	0	0	0	192	0	0	0	0	0	0	0	0	0	0	0	0	0	0	0	0	0	0	0	0	0	0	0	0	0	0	0	0	0	0	0	0	0	0	0	0	0	0	0	0	0	0	0	0	0	0	0	0	0	0	0	0	0	0	0	0	0	0	0	0	0	0	0	0	0	0	0	0	0	0	0	0	0	0	0	0	0	0	0	0	0	0	0	0	0	0	0	
0	0	0	0	0	0	0	0	0	0	0	0	0	0	0	0	0	0	0	0	0	0	0	0	0	0	0	0	192	0	0	0	0	0	0	0	0	0	0	0	0	0	0	0	0	0	0	0	0	0	0	0	0	0	192	0	0	0	0	0	0	0	0	0	0	0	0	0	0	0	0	0	0	0	0	0	0	0	0	0	0	0	0	0	0	0	0	0	0	0	0	0	0	0	0	0	0	0	0	0	
0	0	0	0	0	0	0	0	0	0	0	0	0	0	192	0	0	0	0	0	0	0	0	0	0	0	0	0	0	0	0	0	0	0	0	0	0	192	0	0	0	0	0	0	0	0	0	0	0	0	0	0	0	0	0	0	0	0	0	0	0	0	0	0	0	0	0	0	0	0	0	0	0	0	0	0	0	0	0	0	0	0	0	0	0	0	0	0	0	0	0	0	0	0	0	0	0	0	0	0	
0	0	0	0	0	0	0	0	0	0	0	0	0	0	0	0	0	0	0	0	0	0	0	0	0	0	0	0	0	0	0	0	0	0	0	0	0	0	0	0	0	0	0	0	0	0	0	0	0	0	0	0	0	0	0	0	0	0	0	0	0	0	0	0	0	0	0	0	0	0	0	0	0	0	0	0	0	0	0	0	0	0	0	0	0	0	0	0	0	0	0	192	0	0	0	0	0	192	0	0	
0	0	0	0	0	0	0	0	0	0	0	192	0	0	0	0	0	0	0	0	0	0	0	0	0	0	0	0	0	0	192	0	0	0	0	0	0	0	0	0	0	0	0	0	0	0	0	0	0	0	0	0	0	0	0	0	0	0	0	0	0	0	0	0	0	0	0	0	0	0	0	0	0	0	0	0	0	0	0	0	0	0	0	0	0	0	0	0	0	0	0	0	0	0	0	0	0	0	0	0	
0	0	0	0	0	0	0	0	0	0	0	0	0	0	0	0	0	0	0	0	0	0	0	0	0	0	0	0	0	0	0	0	0	0	0	0	0	0	0	0	0	0	0	0	0	0	0	0	0	0	0	0	0	0	0	0	0	0	0	0	0	192	0	0	0	0	0	0	0	0	0	0	0	0	0	0	0	0	0	0	0	0	0	0	0	0	0	0	0	0	0	0	0	0	0	0	0	192	0	0	
0	0	0	0	0	0	0	0	0	0	0	0	0	0	0	0	0	0	0	0	0	0	0	0	0	0	0	0	192	0	0	0	0	0	0	0	0	0	0	0	0	0	0	0	0	0	0	0	0	0	0	0	0	0	0	0	0	0	0	0	0	0	0	0	0	0	0	0	0	0	0	0	0	0	0	192	0	0	0	0	0	0	0	0	0	0	0	0	0	0	0	0	0	0	0	0	0	0	0	0	
0	0	0	0	0	0	0	0	0	0	0	0	0	0	0	0	0	0	0	0	0	0	0	0	0	0	0	0	0	0	0	0	0	0	0	0	0	0	0	0	0	0	0	0	192	0	0	0	0	0	0	0	0	0	0	0	0	0	0	0	0	0	0	0	0	0	0	0	0	0	0	0	0	0	0	0	0	0	0	192	0	0	0	0	0	0	0	0	0	0	0	0	0	0	0	0	0	0	0	0	
0	0	0	0	0	0	0	0	0	0	0	0	0	0	0	192	0	0	0	0	0	0	0	0	0	0	0	0	0	0	0	0	0	192	0	0	0	0	0	0	0	0	0	0	0	0	0	0	0	0	0	0	0	0	0	0	0	0	0	0	0	0	0	0	0	0	0	0	0	0	0	0	0	0	0	0	0	0	0	0	0	0	0	0	0	0	0	0	0	0	0	0	0	0	0	0	0	0	0	0	
0	0	0	0	0	0	0	192	0	0	0	0	0	0	0	0	0	0	192	0	0	0	0	0	0	0	0	0	0	0	0	0	0	0	0	0	0	0	0	0	0	0	0	0	0	0	0	0	0	0	0	0	0	0	0	0	0	0	0	0	0	0	0	0	0	0	0	0	0	0	0	0	0	0	0	0	0	0	0	0	0	0	0	0	0	0	0	0	0	0	0	0	0	0	0	0	0	0	0	0	
0	0	0	0	0	0	0	0	0	192	0	0	0	0	0	0	0	0	0	0	0	0	0	0	0	0	0	0	0	0	0	0	0	0	0	0	0	0	0	0	0	0	0	0	0	0	0	0	0	0	0	0	0	0	0	0	0	0	0	0	0	0	0	0	0	0	0	0	0	0	0	0	0	0	0	0	0	0	0	0	0	0	0	0	192	0	0	0	0	0	0	0	0	0	0	0	0	0	0	0	
0	0	0	0	0	0	0	0	0	0	0	0	0	0	0	192	0	0	0	0	0	0	0	0	0	0	0	192	0	0	0	0	0	0	0	0	0	0	0	0	0	0	0	0	0	0	0	0	0	0	0	0	0	0	0	0	0	0	0	0	0	0	0	0	0	0	0	0	0	0	0	0	0	0	0	0	0	0	0	0	0	0	0	0	0	0	0	0	0	0	0	0	0	0	0	0	0	0	0	0	
0	0	0	0	0	0	0	0	0	0	0	192	0	0	0	0	0	0	0	0	0	0	0	0	0	0	0	0	0	0	192	0	0	0	0	0	0	0	0	0	0	0	0	0	0	0	0	0	0	0	0	0	0	0	0	0	0	0	0	0	0	0	0	0	0	0	0	0	0	0	0	0	0	0	0	0	0	0	0	0	0	0	0	0	0	0	0	0	0	0	0	0	0	0	0	0	0	0	0	0	
0	0	0	0	0	0	0	0	0	0	0	0	0	0	0	0	0	0	0	0	0	0	0	0	0	0	0	0	0	0	0	0	0	0	0	0	0	0	0	0	0	0	0	0	192	0	0	0	0	0	192	0	0	0	0	0	0	0	0	0	0	0	0	0	0	0	0	0	0	0	0	0	0	0	0	0	0	0	0	0	0	0	0	0	0	0	0	0	0	0	0	0	0	0	0	0	0	0	0	0	
0	0	0	0	0	0	0	0	0	0	0	0	0	0	0	0	0	0	0	0	192	0	0	0	0	0	0	0	0	0	0	0	0	0	0	0	0	0	0	0	0	0	0	0	0	0	0	0	0	0	0	0	0	0	0	0	0	0	0	0	0	0	0	0	0	0	0	0	0	0	0	0	0	0	0	0	0	0	0	0	0	0	0	0	0	0	0	0	0	0	0	0	0	0	0	0	0	0	192	0	
0	0	0	0	0	0	0	0	0	0	0	0	0	0	0	0	0	0	0	0	0	0	0	0	0	0	0	0	0	0	0	0	0	0	0	0	0	0	0	0	0	0	0	0	0	0	0	192	192	0	0	0	0	0	0	0	0	0	0	0	0	0	0	0	0	0	0	0	0	0	0	0	0	0	0	0	0	0	0	0	0	0	0	0	0	0	0	0	0	0	0	0	0	0	0	0	0	0	0	0	
0	0	0	0	0	0	0	0	0	0	0	0	0	0	0	0	0	0	0	0	0	0	0	0	0	0	0	0	0	0	0	0	0	0	0	0	0	0	0	0	0	0	0	0	0	0	0	0	0	0	0	0	0	0	0	0	0	0	0	0	0	0	0	0	0	0	0	0	0	0	0	0	0	0	0	0	0	0	0	0	0	0	0	0	192	0	192	0	0	0	0	0	0	0	0	0	0	0	0	0	
0	0	0	0	0	0	0	0	0	0	0	0	0	0	0	0	0	0	0	0	0	0	0	0	0	0	0	0	0	0	0	0	0	0	0	0	0	0	0	0	0	0	0	0	0	0	0	0	0	0	0	0	0	0	0	0	0	0	0	0	0	0	192	0	0	0	0	0	0	0	0	0	0	0	0	0	0	0	0	0	0	0	0	0	0	0	0	0	0	0	0	0	0	0	0	192	0	0	0	0	
0	0	0	0	0	0	0	0	192	0	0	0	0	0	0	0	0	0	0	0	0	0	0	0	0	0	0	0	0	0	0	0	192	0	0	0	0	0	0	0	0	0	0	0	0	0	0	0	0	0	0	0	0	0	0	0	0	0	0	0	0	0	0	0	0	0	0	0	0	0	0	0	0	0	0	0	0	0	0	0	0	0	0	0	0	0	0	0	0	0	0	0	0	0	0	0	0	0	0	0	
23	30	73	76	95	31	20	45	37	27	8	63	73	43	53	68	50	16	36	56	83	51	11	93	70	61	53	23	68	47	74	92	42	46	56	13	36	39	17	90	68	35	71	88	27	47	54	57	25	8	60	30	13	11	60	15	18	61	81	33	98	83	11	34	50	39	92	43	22	68	16	68	92	36	84	18	17	48	45	47	78	93	12	68	55	25	39	93	11	3	34	20	1	81	2	37	23	40	1	77	89	82	39	59	14	94	33	97	85	74	16	23	47	36	50	19	83	55	71	9	21	85	36	63	17	36	2	13	65	47	39	97	45	45	75	11	72	41	43	41	65	57	57	95	38	31	28	64	36	66	43	9	55	5	75	12	50	79	31	77	48	91	62	18	62	21	48	4	7	73	35	99	34	94	22	80	90	79	79	68	12	17	25	93	48	18	14	73	20	56	39	10	73	2	90	16	63	18	78	44	20	58	42	89	9	57	98	37	27	33	11	7	62	79	23	75	96	60	9	71	61	77	48	40	4	27	80	69	16	99	39	26	26	5	8	41	5	76	94	17	80	88	45	15	45	62	86	19	80	22	46	2	88	63	22	86	16	72	72	4	57	4	12	96	10	26	83	39	10	97	70	11	22	52	11	48	41	73	14	80	50	46	60	23	51	54	62	6	93	83	97	75	4	74	2	79	86	28	99	6	8	94	96	73	70	1	78	98	2	22	7	17	21	38	46	24	63	26	98	59	83	63	55	44	7	85	6	35	39	87	24	65	82	9	35	64	74	7	10	89	76	16	28	56	9	39	42	98	45	19	31	37	69	55	45	97	48	46	22	20	17	43	22	10	82	48	54	41	48	78	76	13	79	95	15	19	97	26	20	31	71	57	55	96	16	93	91	57	0	31	72	6	56	4	80	93	76	22	78	66	27	21	62	27	92	73	66	69	49	73	90	35	18	80	26	16	25	43	25	14	64	16	0	82	35	12	23	98	27	7	16	1	46	3	17	17	75	53	6	98	95	5	64	20	31	63	92	21	30	40	98	82	91	86	22	98	96	65	87	64	94	2	90	59	62	6	66	5	98	44	27	99	77	21	52	85	80	0	98	16	93	82	46	8	84	4	46	53	17	97	10	19	50	67	27	34	13	12	15	38	8	33	57	11	36	61	83	69	98	93	11	74	45	7	63	48	5	19	19	34	51	93	65	51	39	60	5	46	36	76	33	72	29	40	4	35	10	40	51	28	51	43	20	3	73	77	30	28	19	11	8	7	36	20	70	32	70	37	39	57	38	5	54	74	57	35	38	28	68	66	16	93	72	78	64	7	96	51	43	56	64	69	81	2	46	71	26	25	19	55	74	74	80	33	60	71	49	26	71	43	4	86	4	31	62	74	23	72	25	23	53	25	81	95	47	28	38	80	57	82	29	37	75	38	46	5	46	64	75	94	29	98	71	97	10	65	67	64	93	43	12	22	75	52	5	83	45	43	38	20	46	72	14	22	78	98	68	52	33	15	7	55	54	69	58	4	0	71	28	6	91	44	71	81	4	59	80	53	34	21	19	87	60	35	63	82	53	81	50	46	87	14	78	12	44	35	96	47	93	73	42	54	87	92	90	83	32	11	20	59	44	47	91	46	65	77	61	73	33	12	21	15	66	18	81	91	39	53	12	13	73	36	0	93	78	77	60	38	85	80	8	95	99	69	75	45	14	52	18	41	33	40	71	24	36	74	32	62	45	1	48	38	41	20	38	21	24	20	62	53	58	69	67	64	47	60	45	68	3	74	90	28	65	78	4	9	75	79	47	17	38	24	53	55	2	0	54	93	28	99	71	66	24	46	38	58	71	77	46	52	31	58	85	3	28	16	66	26	9	15	20	86	60	99	35	55	30	10	6	59	73	94	4	91	86	26	58	17	49	81	5	27	35	4	53	47	60	78	96	82	61	96	76	83	42	67	70	87	56	40	47	44	45	26	17	7	18	91	33	69	96	1	96	3	11	48	31	60	18	71	89	39	87	73	55	83	82	64	36	69	17	21	58	6	33	78	97	3	7	95	26	20	9	53	83	7	70	49	57	25	9	93	67	95	32	20	78	26	56	27	74	35	77	12	6	73	78	14	45	42	7	79	25	46	46	12	6	68	40	19	62	29	72	73	49	82	40	14	67	3	57	89	17	27	95	37	80	35	72	22	79	25	41	37	11	66	76	31	83	16	41	36	56	27	53	34	35	0	62	50	79	27	71	82	36	62	82	56	3	67	55	27	1	71	63	38	17	50	44	76	32	65	13	47	99	44	87	17	47	5	52	54	50	32	52	77	56	85	42	58	65	55	72	71	37	90	53	78	73	37	60	43	91	94	55	35	84	76	34	54	38	92	30	82	1	13	2	44	12	54	32	21	99	50	9	69	67	19	83	96	58	65	20	63	66	79	77	38	63	73	80	7	36	81	89	40	52	26	32	21	99	11	24	63	66	48	49	15	55	62	77	0	48	90	36	50	11	5	8	5	56	6	85	6	62	73	80	84	46	38	89	18	22	98	44	27	71	10	60	72	72	45	54	38	36	33	92	56	53	2	90	45	82	19	46	81	74	86	71	80	99	38	10	52	39	8	42	65	10	44	18	16	48	18	99	77	17	18	26	47	51	87	95	66	88	67	91	87	50	5	0	65	25	91	40	85	55	84	71	97	92	33	20	67	99	33	51	62	66	48	64	81	25	31	51	84	43	24	39	78	0	36	64	94	12	39	42	91	35	82	86	65	7	88	17	70	12	58	36	59	26	69	47	91	13	37	68	28	15	94	80	27	58	49	50	60	91	79	28	96	39	38	49	2	42	13	36	71	2	73	43	57	89	92	92	78	40	35	89	21	47	34	5	3	50	79	5	83	28	28	7	3	66	64	30	77	98	92	98	11	80	75	15	20	17	37	28	67	36	36	15	92	57	45	14	28	54	55	82	91	44	61	14	60	12	47	69	13	45	68	91	28	83	23	49	51	28	34	48	98	45	84	28	62	36	57	92	1	48	56	84	87	22	27	63	11	31	28	22	82	11	71	76	93	28	5	90	12	82	41	60	39	33	99	49	5	29	14	33	79	91	48	99	49	15	35	87	1	23	74	14	93	17	59	43	58	56	11	64	75	97	24	10	21	41	57	27	29	42	74	89	97	35	57	86	37	48	22	88	27	75	27	83	26	81	86	45	70	75	92	73	64	57	64	37	35	47	46	99	4	78	61	93	29	48	62	62	73	25	15	58	41	22	32	38	81	31	16	51	38	4	32	14	32	82	43	58	42	1	52	21	76	53	22	3	4	98	69	95	98	46	44	75	13	41	40	16	89	2	75	87	97	96	69	87	97	69	75	48	44	38	94	70	71	62	90	1	30	55	17	26	48	40	5	40	1	64	95	1	37	52	82	97	71	5	89	98	60	47	3	14	13	2	78	40	15	29	96	69	87	59	99	85	66	81	31	80	24	37	94	11	91	96	74	3	66	5	5	78	17	68	26	87	82	68	0	57	78	93	33	52	5	20	36	94	85	93	17	93	88	84	57	59	43	90	83	42	42	33	64	6	17	26	2	49	40	84	76	21	6	28	89	23	40	65	32	67	92	94	1	66	32	91	18	59	64	37	18	91	41	50	24	74	37	43	38	10	89	75	82	32	8	23	92	79	84	29	38	85	46	0	47	82	70	28	18	8	5	34	68	98	52	57	87	5	49	33	8	63	82	61	90	2	94	29	34	16	56	7	56	71	55	58	32	72	81	58	92	78	34	21	6	91	16	88	12	20	26	40	39	59	17	5	26	44	40	83	1	51	18	71	94	94	51	19	41	21	50	57	46	24	69	92	33	72	80	55	49	1	65	61	81	26	74	39	28	2	69	90	48	84	47	66	82	31	52	23	27	46	54	78	6	75	7	52	29	29	4	61	50	57	2	79	99	78	44	40	2	77	93	70	89	78	63	4	72	51	92	53	36	56	77	8	87	96	63	28	61	9	33	65	29	50	65	48	24	42	38	48	57	59	16	84	33	26	4	3	43	70	60	44	64	86	72	65	40	67	8	54	42	65	46	15	73	97	28	74	91	86	54	54	68	57	6	80	47	15	6	27	87	74	75	37	29	62	57	39	1	90	28	4	25	65	50	53	58	55	12	4	23	3	20	98	43	25	29	67	97	7	44	23	72	71	79	75	75	90	83	28	32	46	94	7	83	85	9	66	22	36	86	91	87	1	37	55	4	84	74	91	40	69	27	70	37	73	69	39	74	59	31	39	87	57	1	75	19	79	6	99	81	2	93	93	89	81	65	40	82	20	75	5	33	44	95	84	26	89	49	73	3	9	44	59	67	21	81	42	37	89	99	24	53	63	31	56	6	95	64	55	51	45	40	93	17	18	50	3	2	94	17	44	83	73	70	70	46	33	27	36	62	23	36	72	69	34	97	29	13	11	44	82	14	36	17	34	69	77	77	15	62	73	94	91	88	54	16	72	50	5	22	43	93	65	80	81	22	53	85	58	87	66	37	4	7	70	36	14	55	42	52	47	82	81	58	68	17	62	55	51	13	79	86	36	25	98	15	54	42	33	97	18	19	27	53	90	53	88	7	21	83	31	24	52	46	22	53	80	61	90	86	69	96	66	36	8	63	66	66	22	28	8	72	3	98	83	78	92	93	41	5	4	23	99	91	38	28	19	66	38	3	47	66	84	21	22	46	12	79	22	90	47	62	12	48	17	62	52	76	24	25	30	69	21	65	80	54	55	95	14	52	45	86	81	5	54	99	64	14	29	98	7	9	13	32	18	14	42	61	7	74	55	21	2	50	89	70	33	81	57	74	64	1	12	63	17	39	25	75	60	67	66	64	2	45	99	30	71	18	29	1	80	27	47	62	57	47	26	69	29	38	58	47	17	47	14	6	20	76	18	73	4	42	58	15	42	85	62	10	38	94	39	46	25	19	83	5	12	41	31	68	12	29	14	79	72	38	99	60	98	73	40	34	50	87	95	23	66	64	2	37	11	48	25	70	1	59	93	12	75	47	4	64	93	67	16	50	67	54	49	82	89	53	27	60	99	92	74	41	45	88	28	40	30	26	81	66	53	2	27	81	16	57	48	34	60	81	36	12	21	86	45	84	17	74	58	13	34	88	95	68	90	58	61	75	95	88	30	51	77	63	10	36	85	48	8	31	14	62	96	66	43	44	67	6	2	35	20	58	55	24	26	35	13	44	41	1	5	64	51	48	89	80	37	54	1	45	43	59	6	96	37	6	28	72	61	43	36	57	54	85	86	73	48	68	96	11	76	37	78	97	4	14	78	40	67	26	87	83	65	73	53	46	34	4	73	8	72	54	85	29	79	92	68	19	4	80	37	32	64	1	67	10	44	52	75	39	92	10	69	20	46	1	98	62	34	3	54	31	55	18	64	10	58	31	73	80	22	47	15	74	9	77	78	4	53	33	34	93	68	34	79	78	99	28	98	43	20	52	34	74	74	25	26	38	83	45	24	33	56	22	1	22	27	68	65	77	99	70	90	85	11	89	67	88	5	54	83	41	91	39	43	41	51	95	26	62	17	17	23	15	32	21	63	76	34	53	42	62	22	46	79	95	41	41	75	62	74	24	9	74	78	92	51	51	82	22	9	95	90	40	64	54	76	81	30	82	10	92	6	3	93	77	68	33	66	28	23	88	77	47	16	4	21	79	79	2	83	2	80	30	24	61	77	89	88	50	29	49	19	58	72	88	32	74	4	15	13	82	4	95	24	9	34	67	48	45	73	16	37	13	20	56	68	96	39	30	68	55	39	74	64	72	33	73	81	84	48	64	29	91	92	50	8	99	74	44	1	78	89	30	32	50	50	35	27	51	44	88	8	99	95	53	59	47	40	62	17	50	99	19	20	10	32	60	28	72	70	53	19	12	37	16	28	53	51	26	51	75	36	70	79	52	52	74	86	77	61	74	49	98	63	11	23	83	96	59	96	5	26	59	55	59	90	49	70	14	46	79	60	79	98	34	61	43	46	75	92	29	92	91	19	99	65	12	60	77	90	67	55	15	58	18	33	91	23	25	2	88	4	95	44	95	52	42	21	53	88	98	75	35	52	24	85	85	38	94	77	71	0	6	30	65	24	36	0	90	72	79	71	19	71	91	41	99	98	18	65	90	20	95	63	84	40	71	72	4	14	28	78	53	57	57	25	4	33	79	62	18	55	30	92	59	7	67	11	78	1	95	73	75	54	36	37	69	15	78	49	30	5	74	90	24	95	46	57	87	58	78	4	0	54	41	71	37	26	49	97	99	76	39	9	99	91	16	17	34	70	65	2	6	63	95	72	46	66	57	5	81	41	88	63	14	31	50	93	29	71	36	75	80	57	85	38	19	85	23	66	10	63	80	0	1	9	87	87	16	39	69	92	95	32	35	42	20	76	53	2	1	87	93	33	61	54	53	16	59	56	58	52	94	52	62	0	36	94	27	82	36	96	37	32	42	88	75	4	69	58	86	11	69	22	56	48	88	41	68	74	94	2	26	68	52	86	4	93	66	98	69	20	29	44	77	23	53	21	66	70	55	25	61	89	88	35	21	31	28	3	71	31	65	55	28	47	74	98	64	27	66	9	29	57	44	82	51	83	45	94	32	44	16	55	95	31	98	0	66	89	24	21	98	10	93	94	72	93	27	77	24	20	84	5	73	60	95	29	43	40	12	72	85	99	63	56	65	97	68	72	74	47	88	12	5	42	40	66	41	23	52	79	81	7	7	43	66	57	26	22	51	78	86	3	94	1	32	82	45	15	15	70	1	52	91	25	18	70	33	92	1	85	30	87	31	67	29	54	86	77	67	84	72	11	4	33	13	0	85	14	38	9	69	72	12	58	6	63	74	99	45	39	64	21	80	65	73	48	29	28	45	82	89	75	38	70	52	72	17	38	55	17	15	29	41	16	91	0	45	65	99	59	72	72	1	6	78	55	62	16	72	46	3	52	3	59	96	44	84	53	57	74	25	66	70	95	12	98	33	95	89	14	62	28	93	53	38	99	91	85	21	87	10	16	48	81	88	70	39	52	97	91	95	20	3	47	25	83	39	24	85	29	66	78	91	14	47	50	29	87	86	3	9	37	15	17	4	93	83	83	44	15	48	85	79	48	89	57	41	73	82	10	23	84	49	12	52	66	26	44	18	68	52	56	75	3	9	79	84	17	63	65	9	89	85	9	70	1	18	9	82	95	58	38	92	56	72	77	5	47	62	88	78	57	59	18	47	80	52	8	87	73	9	2	5	37	89	24	27	72	32	37	91	47	18	97	21	53	89	74	7	80	60	57	1	62	25	76	28	22	69	9	33	56	17	65	61	86	74	1	66	86	8	28	75	25	24	51	58	43	39	90	85	82	13	10	16	7	57	89	64	59	10	51	67	60	52	25	76	43	31	19	57	55	57	45	64	97	20	6	91	38	97	1	84	1	97	12	95	85	97	15	5	58	4	19	55	26	96	74	30	10	50	42	69	92	66	93	51	93	88	78	62	18	7	9	71	57	17	99	11	43	25	82	15	84	20	78	11	18	31	34	38	94	95	74	16	78	67	58	77	38	53	89	52	65	22	85	7	68	25	3	95	29	68	22	2	16	80	59	46	44	27	49	24	86	19	50	46	65	36	0	85	6	50	56	93	66	73	3	88	39	38	72	83	79	83	6	84	26	75	98	78	25	47	7	61	56	53	24	40	21	43	88	91	32	59	82	79	48	31	77	50	24	11	30	29	54	12	82	66	80	23	94	68	61	55	81	96	97	98	89	39	35	9	63	41	1	64	0	81	65	90	71	69	90	22	4	78	77	72	54	98	82	90	98	6	86	
24	43	86	72	96	58	69	71	32	55	27	5	87	13	69	72	83	55	85	32	32	15	70	67	8	99	95	13	64	82	92	56	73	34	63	60	83	52	59	62	48	57	95	4	93	18	63	26	38	52	4	66	1	56	99	81	87	59	70	82	53	30	1	68	39	34	8	12	95	91	3	62	77	52	76	68	44	45	9	14	87	46	60	45	87	78	97	31	55	32	89	28	14	71	10	10	6	14	59	58	83	84	63	95	4	48	2	20	59	0	73	90	76	77	53	61	6	25	28	79	59	63	54	44	28	77	20	69	90	88	11	84	97	69	40	21	75	21	5	86	20	61	54	47	91	86	16	38	43	68	60	47	85	54	95	84	48	92	63	73	7	58	0	51	51	55	35	96	75	11	85	89	42	66	51	10	14	86	61	54	33	99	51	76	12	51	29	88	53	52	65	82	63	21	74	84	60	4	96	98	69	75	9	18	46	90	37	5	50	62	6	3	93	44	40	86	83	73	92	31	39	15	44	2	68	41	56	97	80	18	13	53	64	6	5	70	37	13	4	46	20	79	76	62	85	38	61	94	7	80	56	24	30	95	55	52	90	74	30	80	93	0	47	85	56	25	38	99	24	78	20	60	82	12	39	53	31	88	15	90	4	16	90	89	77	36	68	90	81	28	34	96	83	63	98	54	30	45	72	33	61	23	53	11	22	7	31	73	46	40	38	35	26	57	60	23	98	14	81	42	25	15	99	0	35	83	1	83	36	43	79	32	30	62	39	55	58	38	20	46	82	5	31	58	89	79	4	51	12	73	0	3	42	12	96	90	35	69	58	70	27	25	59	20	85	69	14	20	44	51	75	0	58	91	96	49	12	54	1	25	72	97	58	70	57	12	70	7	65	12	90	99	81	39	91	69	82	66	98	68	94	85	15	68	18	78	60	22	65	5	69	41	9	35	11	92	97	31	13	16	84	34	67	85	33	53	3	17	23	50	62	54	10	49	72	2	50	74	17	80	53	33	77	1	72	50	95	35	6	93	68	33	29	5	16	62	42	70	13	41	99	3	43	77	38	8	34	19	19	45	85	5	87	72	66	71	0	87	9	2	8	27	75	7	45	31	73	83	37	59	56	93	31	18	53	58	65	76	4	73	42	48	58	23	31	80	43	3	64	33	72	7	15	63	59	81	30	92	57	36	0	22	4	9	10	49	11	77	8	15	7	97	61	98	62	30	26	93	2	74	66	89	49	56	24	8	66	25	6	78	2	89	65	5	5	53	17	31	52	76	55	39	2	58	3	66	44	24	35	12	88	5	47	47	33	41	92	17	93	24	88	18	17	48	53	98	80	56	14	54	99	66	64	39	46	9	28	72	69	85	67	84	69	70	52	42	11	68	89	71	39	50	55	65	89	86	55	36	87	65	46	3	70	41	47	0	6	80	90	83	50	11	40	94	84	51	11	69	42	46	60	94	45	50	44	87	60	5	96	88	15	13	44	88	35	44	75	78	5	23	25	85	88	48	77	66	88	3	20	20	31	56	97	49	54	18	54	49	26	3	20	55	90	36	59	20	88	3	62	95	80	57	87	50	33	96	5	82	22	38	22	4	96	76	42	52	6	25	84	92	77	74	16	28	71	29	15	55	34	16	43	46	95	13	82	64	49	11	68	75	61	80	7	61	39	81	50	50	22	89	76	63	95	53	87	98	65	91	27	48	43	25	69	40	92	70	76	26	55	84	99	28	24	7	93	3	13	54	96	0	26	97	42	72	59	6	26	92	23	65	29	10	95	27	42	16	6	78	74	43	93	17	12	81	22	8	52	79	59	25	94	24	80	98	21	67	63	13	61	20	28	31	97	49	51	10	86	36	56	55	41	77	89	46	22	60	90	89	14	80	88	52	49	19	4	50	77	35	87	9	3	29	85	49	73	70	99	12	28	57	71	46	96	93	12	90	88	34	57	13	41	46	34	83	51	35	16	52	85	39	28	2	41	70	51	94	39	16	63	7	46	71	62	34	50	42	43	63	66	47	4	46	28	71	82	14	69	67	5	98	90	25	20	62	13	41	22	22	50	37	13	55	90	61	33	55	46	77	27	8	75	16	91	34	33	84	3	47	69	25	68	53	66	78	39	26	48	74	38	60	45	57	93	39	82	26	77	5	44	27	35	46	87	80	98	33	28	12	20	71	56	16	5	64	95	39	12	15	71	77	80	1	58	99	15	91	40	19	48	53	0	65	98	8	70	3	74	93	96	90	22	78	44	78	34	62	11	2	46	63	91	95	89	80	49	39	63	58	54	64	94	63	66	59	41	16	15	68	73	48	83	44	49	53	84	89	76	9	12	0	96	76	27	50	74	74	18	26	89	74	2	50	34	86	53	30	23	93	85	34	14	46	9	43	59	2	86	1	7	6	34	74	21	96	40	15	33	14	69	40	95	14	19	72	38	35	45	6	75	75	5	65	80	66	4	19	22	82	65	23	93	67	37	20	27	93	49	41	11	29	4	70	98	77	90	16	70	94	9	49	79	67	45	22	74	81	24	84	74	76	8	94	65	27	54	32	57	8	23	43	33	95	7	60	64	34	17	39	66	73	37	64	72	60	79	13	98	71	49	97	56	65	80	38	4	65	95	27	32	45	20	73	55	92	44	64	70	19	49	66	31	41	88	40	60	12	66	81	57	57	85	6	61	5	27	90	10	0	65	0	4	21	45	13	83	36	37	53	13	56	90	76	6	55	93	22	68	73	51	79	76	64	5	98	35	10	77	80	62	97	13	33	62	69	86	27	91	96	23	76	17	52	13	14	37	21	94	44	8	56	28	19	70	52	89	67	27	64	75	2	33	65	63	74	22	68	28	41	1	69	77	46	95	73	12	7	74	39	17	79	61	26	39	69	15	1	83	76	81	78	5	32	80	61	68	4	79	8	41	79	76	9	12	96	20	95	2	11	51	83	41	76	59	63	27	50	65	99	54	63	88	13	92	62	51	35	98	97	70	10	75	20	83	23	89	23	14	22	63	16	26	18	38	47	10	79	42	37	59	93	50	48	41	64	32	77	0	46	60	83	93	76	8	85	56	99	69	19	0	55	64	66	35	13	99	62	57	2	24	53	5	47	80	57	56	29	98	71	53	78	22	86	63	70	82	86	93	72	86	91	50	80	55	73	81	17	43	43	73	24	8	52	81	5	84	73	53	16	49	21	55	61	97	85	64	11	40	78	86	79	53	48	5	50	32	64	86	21	47	20	65	36	79	35	35	89	89	38	43	32	70	88	37	73	32	20	71	58	23	30	18	60	57	62	99	58	82	89	5	29	66	32	82	48	34	22	7	22	62	71	23	1	91	87	0	17	1	46	78	82	85	18	97	64	52	58	58	86	25	89	93	58	20	17	24	81	34	91	61	25	6	51	56	53	20	9	2	10	62	20	6	6	31	80	31	93	46	17	71	89	12	56	63	16	82	93	63	90	4	55	16	48	62	79	58	46	2	80	46	1	64	50	31	28	47	25	43	23	96	71	64	20	76	56	69	25	96	25	17	55	82	49	15	46	15	65	66	98	26	17	28	55	83	8	40	74	52	24	90	3	1	5	7	73	15	0	10	47	79	67	83	18	52	81	2	88	15	10	49	92	86	8	27	39	80	84	30	35	87	53	31	79	69	71	13	8	73	56	88	10	58	15	34	49	44	39	56	16	18	55	53	6	78	27	28	86	34	9	5	76	95	39	74	16	83	93	32	93	92	67	97	52	50	88	43	94	66	84	37	21	42	80	99	2	56	34	75	31	47	54	10	66	1	83	78	34	70	34	44	29	91	38	72	7	47	36	92	11	26	85	71	20	66	9	78	0	99	3	64	96	24	65	39	42	11	74	20	57	87	64	78	44	72	5	12	98	14	92	4	16	65	57	4	82	11	88	63	98	59	36	86	50	7	90	30	63	7	28	42	50	50	43	17	14	62	21	58	42	88	27	84	59	52	62	26	46	27	21	75	90	41	26	6	27	16	25	63	83	64	94	0	54	0	18	77	40	98	1	80	49	7	15	68	42	20	90	57	28	74	32	9	70	37	26	46	4	62	57	3	84	98	90	4	95	17	31	32	46	16	40	9	83	93	17	83	29	13	0	77	78	53	12	2	92	14	27	73	35	2	82	40	46	49	5	68	53	85	52	97	11	64	63	63	77	20	76	48	18	72	20	77	25	0	94	36	44	27	76	73	11	43	37	56	23	0	47	37	95	80	30	2	6	23	20	30	11	65	66	4	94	89	25	41	90	87	42	57	19	93	90	66	89	22	97	86	55	66	31	83	56	72	83	32	84	29	46	67	39	0	91	22	13	31	89	75	41	75	14	98	30	83	27	95	7	71	71	50	19	28	4	3	30	25	98	50	36	16	87	81	81	14	90	16	20	73	15	86	5	47	84	60	58	54	79	32	30	68	21	49	27	96	66	19	45	77	62	71	88	29	19	53	25	39	75	69	80	26	87	10	20	72	3	6	37	15	32	4	3	45	63	85	0	27	56	2	83	53	98	60	11	1	2	92	28	41	65	81	33	88	94	88	45	61	16	59	78	67	92	14	9	21	94	81	12	48	39	75	20	93	32	68	73	47	97	86	94	53	7	66	62	72	7	14	79	14	34	84	94	24	65	69	21	81	3	35	96	23	16	8	34	32	29	9	52	61	79	10	19	31	32	2	25	76	8	63	4	62	8	69	26	44	17	56	75	25	8	85	70	7	11	85	57	96	49	87	70	74	1	7	63	59	35	18	79	14	57	20	90	42	6	68	0	62	4	87	5	17	82	68	76	1	38	41	44	88	86	41	80	32	23	66	68	34	26	99	55	41	43	38	29	20	69	66	23	28	42	53	23	43	25	39	45	65	78	21	69	13	60	48	68	59	21	23	35	57	10	79	17	54	54	89	76	64	91	20	81	69	98	75	51	77	29	57	43	15	81	15	17	9	54	44	72	93	26	83	29	17	61	48	44	10	64	15	25	19	58	61	96	7	62	23	26	58	53	98	84	19	69	78	14	81	71	39	33	81	90	95	95	28	29	29	60	17	96	9	44	0	12	4	74	33	52	53	32	14	61	92	60	58	75	98	81	91	60	49	21	47	7	17	56	52	24	14	73	93	17	78	28	84	87	63	33	79	27	86	29	78	78	92	28	37	14	5	54	40	20	28	1	15	63	30	1	50	23	86	72	0	86	48	90	39	57	71	45	66	68	18	49	69	20	27	2	62	57	64	15	71	93	96	2	9	84	50	98	30	23	31	77	68	83	37	54	3	28	12	52	21	90	68	54	89	2	46	2	77	20	69	97	19	75	19	3	31	74	84	53	18	42	3	3	43	45	3	29	16	59	55	85	51	95	70	65	38	89	45	25	64	14	91	99	45	31	59	45	2	53	70	47	69	87	38	50	76	50	43	68	7	36	56	59	22	87	39	49	13	65	32	76	7	42	16	97	68	42	71	55	59	72	71	96	26	88	50	9	79	5	61	94	8	97	91	16	35	78	63	5	25	39	95	27	10	27	63	71	26	53	43	80	94	78	17	7	18	59	52	54	64	64	64	58	54	79	51	0	95	19	32	4	49	50	33	35	22	87	44	36	97	40	67	56	88	50	68	59	39	1	29	58	80	75	13	2	67	25	22	89	66	85	97	21	39	92	91	36	53	72	89	34	81	72	21	55	41	0	85	61	92	96	97	16	78	38	69	68	20	98	44	30	77	54	64	38	4	80	60	32	94	83	25	37	81	84	41	49	61	98	6	58	77	9	70	74	47	83	66	2	99	63	2	83	46	74	40	53	64	53	53	15	98	56	87	58	62	97	59	15	61	46	5	60	73	30	37	87	99	64	38	30	89	25	51	68	80	5	73	27	90	44	17	48	72	39	74	64	75	59	34	28	33	30	91	72	56	59	0	27	47	69	76	41	13	31	54	30	38	41	73	94	91	69	18	55	81	1	22	1	99	57	45	34	49	43	93	90	7	1	59	32	62	41	95	16	0	62	39	97	66	22	52	52	66	96	30	41	77	85	21	50	24	35	26	90	36	54	26	98	76	65	86	29	25	99	50	7	67	81	92	79	51	16	39	32	37	94	45	64	53	84	75	20	75	24	12	77	92	48	15	78	98	41	70	6	84	44	97	23	81	7	7	79	18	82	93	75	71	93	41	73	90	69	95	11	76	95	13	38	0	61	60	74	55	26	12	76	87	43	85	29	2	37	93	92	14	16	43	17	75	4	41	12	56	29	0	56	42	1	59	72	2	73	69	10	69	46	79	56	54	22	28	1	36	15	14	84	0	70	51	81	15	26	51	85	78	49	95	72	86	6	39	70	51	93	72	77	10	7	94	28	29	0	53	26	36	73	26	78	18	68	34	1	21	26	99	91	61	39	75	48	49	29	56	40	9	45	15	78	46	20	74	18	9	41	49	35	94	3	48	78	21	12	41	18	50	19	17	37	5	13	61	65	79	61	22	11	44	48	4	40	73	83	48	96	53	97	23	80	77	31	71	36	74	29	10	29	3	13	2	88	23	73	11	74	16	3	95	42	31	27	80	35	63	33	63	31	26	7	96	34	52	50	64	60	58	36	26	75	50	50	95	89	2	58	61	98	2	72	10	99	28	27	73	45	96	84	81	64	44	59	78	70	30	85	17	41	70	98	53	5	85	77	68	68	59	24	63	18	30	53	5	27	25	34	2	35	43	49	38	55	74	77	70	57	61	69	50	47	74	93	76	62	84	38	11	52	32	21	87	65	47	14	93	75	40	21	10	96	83	28	40	25	24	11	20	97	17	0	35	30	15	60	74	62	77	63	24	91	80	87	35	76	16	34	92	50	34	73	6	28	59	17	47	13	18	85	23	54	65	0	26	11	67	95	28	54	27	51	30	87	79	11	35	42	0	65	51	74	79	17	63	21	18	12	78	55	75	29	15	15	55	68	2	99	78	57	39	50	93	13	81	77	27	18	73	21	5	43	86	2	64	27	78	35	37	74	37	32	19	24	19	50	82	14	26	34	57	26	47	26	91	1	84	82	94	24	37	40	80	8	2	38	95	7	8	78	16	29	2	59	67	31	17	9	28	95	74	70	97	10	93	80	69	82	62	35	27	14	86	69	66	61	97	68	95	59	67	40	61	2	45	94	65	25	44	64	99	21	6	13	32	8	59	24	41	78	57	98	6	20	96	34	77	31	96	80	55	69	35	39	75	69	82	56	6	21	46	57	45	17	26	63	97	80	66	19	95	83	36	2	52	24	38	65	75	22	76	49	2	20	76	36	63	90	61	30	96	28	53	89	49	93	5	35	6	38	96	65	43	37	72	15	54	16	18	67	30	62	4	43	66	37	33	28	36	4	54	68	45	74	27	54	35	39	82	90	40	59	65	85	35	54	39	66	73	21	28	33	42	47	23	21	43	66	30	36	5	1	19	20	94	11	66	81	55	36	3	17	18	87	74	57	21	42	83	98	84	88	62	28	56	26	62	90	47	93	92	30	54	85	27	18	74	78	47	35	22	29	35	18	23	85	28	13	2	24	88	8	58	0	55	19	62	80	38	17	46	79	98	25	65	82	91	59	3	16	94	13	55	62	87	72	12	76	0	97	56	45	25	31	78	6	68	12	87	71	44	17	77	33	98	47	23	97	64	45	2	43	61	7	46	64	94	62	6	49	65	14	54	3	64	52	5	26	72	41	81	73	60	16	69	68	83	20	23	4	21	66	84	77	44	18	35	90	45	10	90	80	92	20	86	92	6	34	92	27	20	50	40	33	50	19	97	7	32	23	54	74	43	72	0	99	1	6	39	20	82	23	15	69	18	85	15	81	20	22	90	
20	18	6	18	16	20	15	2	3	7	3	8	1	14	11	13	9	15	16	19	4	2	12	10	9	2	10	12	18	19	1	12	19	1	12	10	7	3	2	9	12	4	15	2	19	18	8	14	20	2	3	7	20	9	15	17	2	20	15	14	17	16	19	14	19	13	3	10	4	14	15	16	10	14	17	1	2	4	19	8	12	19	6	12	6	5	12	14	12	15	17	9	16	6	10	13	7	18	20	16	6	6	20	5	13	18	19	20	1	2	6	3	13	12	19	2	12	2	18	3	19	11	16	6	17	1	6	4	17	1	1	3	12	11	2	11	5	18	6	1	14	18	19	3	15	19	9	1	19	15	9	13	4	20	11	19	18	13	11	17	15	12	19	10	16	2	5	14	13	7	19	19	4	2	8	8	6	3	11	1	3	6	11	16	4	7	6	20	13	13	9	9	10	10	8	18	7	6	12	10	11	19	20	3	18	13	11	10	5	1	6	20	1	8	7	17	15	4	6	8	1	9	6	4	2	9	9	15	20	4	15	18	17	3	3	13	12	3	2	7	16	14	18	3	17	8	16	19	3	7	12	8	5	7	16	15	15	13	20	1	18	6	6	6	19	4	14	17	11	19	15	5	16	4	15	16	1	9	9	3	20	14	10	18	19	5	15	16	18	5	8	20	17	5	10	12	11	10	19	5	4	4	12	4	17	16	17	17	3	15	4	3	15	11	14	17	2	8	15	17	1	19	12	20	9	14	3	15	7	5	1	14	17	17	19	20	14	8	12	12	1	14	4	16	6	16	6	9	9	16	20	12	1	6	14	17	2	3	10	18	1	13	16	1	3	4	18	9	13	13	5	19	8	2	5	18	2	15	12	1	13	10	19	11	6	19	9	5	11	5	10	3	15	18	11	19	17	16	9	6	15	10	6	3	10	15	2	14	6	6	13	10	7	1	1	12	11	20	15	20	17	10	3	18	2	19	6	19	18	3	6	17	3	13	6	5	1	8	4	5	15	8	5	9	5	5	16	13	16	9	1	10	6	7	15	5	16	2	7	1	4	7	11	4	1	9	2	6	3	12	3	2	13	2	13	4	14	15	10	8	7	1	7	5	5	8	6	8	11	4	9	9	10	12	11	7	9	10	8	15	16	9	8	15	8	7	2	15	1	3	6	11	8	9	14	9	10	10	9	2	9	14	15	14	10	12	10	3	16	5	14	9	11	6	10	14	9	5	12	4	6	13	15	4	1	12	16	4	15	11	10	7	10	6	12	12	7	13	7	15	13	3	7	7	8	11	7	12	2	5	5	15	12	4	2	7	5	16	15	7	12	15	16	15	13	16	16	6	9	12	1	14	8	5	11	12	8	6	3	5	2	8	12	14	1	7	15	12	10	4	3	13	4	15	1	9	2	11	4	12	6	16	4	16	10	9	3	10	11	16	12	11	11	7	12	3	6	1	1	1	3	9	5	6	11	4	10	9	9	5	14	13	12	1	15	15	9	13	15	9	9	10	12	16	12	3	16	13	6	9	7	1	14	12	1	3	9	7	4	7	9	12	11	8	3	16	13	1	3	12	6	5	9	12	7	14	16	1	7	7	9	2	5	4	8	8	8	6	5	8	11	11	3	4	2	13	12	5	4	8	8	2	14	13	14	14	6	10	15	13	13	3	9	3	10	12	13	13	13	16	14	10	4	14	12	16	1	2	8	10	9	8	11	3	4	13	12	12	5	14	7	16	11	10	11	2	1	12	14	7	5	13	10	3	10	3	5	3	7	10	16	3	16	10	14	14	5	16	15	16	6	11	1	7	4	9	8	4	12	11	15	14	7	4	11	10	10	12	11	4	15	13	14	2	15	16	13	4	16	3	1	8	4	1	6	5	2	15	15	6	8	10	4	2	8	1	5	14	9	6	1	6	1	11	7	4	4	13	10	4	7	16	1	15	11	2	3	11	13	2	10	10	8	2	5	8	9	7	3	11	3	4	10	7	5	15	3	15	9	8	9	9	6	12	4	9	13	13	13	16	1	15	3	12	3	7	2	6	7	9	13	3	6	15	3	16	10	10	7	3	12	3	2	7	2	3	7	1	10	5	1	9	13	4	5	7	6	5	1	14	7	13	11	12	8	6	7	9	14	5	3	15	3	13	4	8	15	11	3	1	9	15	5	12	7	10	5	10	11	10	13	13	6	16	8	9	12	16	6	12	5	13	14	12	14	7	3	14	8	1	7	10	7	2	13	9	8	10	16	12	5	16	11	7	10	2	5	8	12	10	5	3	3	14	6	4	1	1	5	6	11	1	7	5	13	13	13	2	9	9	15	12	12	5	9	10	5	15	12	10	4	7	3	4	10	15	4	11	2	11	12	16	11	3	15	16	13	1	9	13	14	15	4	10	8	1	6	2	13	15	16	8	10	7	1	15	4	6	12	8	13	10	7	13	11	4	12	3	4	1	4	4	1	14	16	15	3	16	1	11	10	9	10	16	16	7	12	6	13	7	15	3	1	2	6	8	15	14	15	9	16	14	12	5	2	16	9	11	9	6	2	1	11	9	11	10	7	2	1	13	14	11	4	1	13	16	15	16	5	16	10	16	7	15	9	4	3	4	4	4	8	16	9	9	1	1	6	6	6	5	16	1	12	10	5	9	15	16	16	12	2	9	16	16	11	15	10	16	3	13	3	13	8	7	12	12	2	12	8	15	11	8	4	14	11	5	11	10	13	1	15	4	1	7	15	14	2	8	6	9	7	5	14	16	1	6	13	1	9	8	7	8	14	11	14	7	12	16	7	2	4	12	15	14	9	16	12	15	13	12	5	16	2	6	11	10	15	6	7	13	13	7	7	4	9	2	1	4	5	4	11	7	2	11	3	11	16	11	14	12	7	6	12	15	5	7	10	5	6	3	9	5	4	9	9	16	8	7	2	4	3	8	8	12	8	16	4	14	13	13	7	13	6	8	15	16	12	12	3	10	8	6	12	4	6	6	6	11	5	5	1	4	7	7	14	4	10	13	13	9	11	1	9	12	1	2	5	10	7	14	16	13	3	14	6	7	7	14	11	7	5	16	2	16	10	12	16	13	16	3	13	1	6	7	4	13	8	14	3	6	16	8	15	16	16	4	1	16	4	6	14	16	7	14	6	1	14	5	14	13	15	14	7	8	14	2	11	12	11	12	10	16	9	13	15	1	3	11	13	5	13	5	12	11	6	1	12	1	14	13	8	12	3	11	7	10	6	11	2	12	16	9	8	7	12	12	1	5	6	14	11	9	7	2	16	7	5	10	14	16	14	2	3	14	10	3	10	12	12	2	9	3	16	8	16	11	1	1	14	9	10	14	15	16	9	1	11	12	4	7	10	14	3	7	4	8	12	13	1	14	12	7	2	6	9	4	1	6	5	2	16	6	15	16	4	13	2	10	2	7	2	14	7	2	15	6	7	16	3	7	16	10	2	5	12	15	12	10	9	7	11	11	13	15	1	1	14	6	16	8	12	3	16	14	1	11	11	6	4	6	6	14	9	8	3	6	13	10	12	8	14	11	4	8	16	14	6	2	8	6	1	5	8	14	4	6	15	14	7	10	1	13	1	2	7	4	6	9	3	5	15	10	8	11	16	3	4	14	6	2	10	10	13	4	2	2	9	3	8	11	10	2	3	14	5	3	15	13	12	5	13	3	12	11	14	15	11	10	5	4	16	10	8	16	8	5	15	2	8	2	8	12	1	7	16	16	1	14	15	13	14	4	5	6	2	13	5	12	15	10	9	16	11	6	7	10	14	1	11	9	3	13	15	12	11	8	5	12	2	2	16	5	11	2	12	11	6	2	7	9	1	12	6	13	5	1	9	16	2	7	14	12	1	13	1	9	12	15	4	15	12	12	8	11	11	8	12	8	8	1	6	6	9	12	8	16	14	15	10	2	9	2	16	4	7	4	3	7	1	12	6	3	1	12	15	13	1	8	5	15	13	14	14	9	2	12	13	3	2	5	4	6	9	8	6	1	5	6	8	6	1	4	5	3	10	14	11	6	6	10	10	14	12	16	6	16	14	6	16	12	14	2	13	11	6	11	4	2	12	8	16	11	5	6	6	14	13	15	3	10	15	2	13	3	8	6	4	5	2	3	8	13	6	6	15	4	5	6	12	12	6	6	2	11	16	4	10	6	15	5	14	8	14	6	11	12	12	6	14	14	5	5	10	5	2	1	13	11	9	7	12	13	12	10	15	3	2	2	11	4	8	8	12	12	12	14	14	6	9	1	1	9	8	15	5	10	7	3	7	7	2	3	5	16	9	1	15	1	10	4	14	16	2	13	8	4	5	16	2	13	8	3	8	4	16	11	13	11	13	8	9	14	6	15	3	7	13	4	16	16	16	7	10	8	4	12	7	14	1	10	9	5	10	15	9	1	16	12	12	15	8	2	9	16	11	15	1	3	6	16	10	9	6	16	10	3	15	16	8	12	14	8	16	4	7	11	7	4	14	7	8	5	6	4	10	11	12	8	2	4	7	8	3	9	7	8	4	15	6	5	6	16	3	15	10	3	9	4	15	7	15	16	15	2	12	12	10	9	1	9	2	5	14	4	2	1	10	14	6	1	2	12	10	13	2	14	6	6	14	11	10	15	10	3	9	11	13	2	10	14	2	15	4	4	14	8	16	14	16	1	8	10	4	5	5	12	4	2	13	3	2	16	10	11	4	5	16	15	8	8	3	9	9	5	12	10	7	7	7	9	2	5	3	4	8	4	10	3	2	12	6	9	5	15	13	16	16	5	6	9	11	4	7	10	3	6	1	6	2	15	14	5	6	9	5	10	8	16	6	9	8	12	3	1	12	12	15	3	13	15	5	8	5	7	5	15	2	13	13	15	4	6	5	14	1	8	6	13	3	1	7	13	8	12	9	11	12	12	4	4	11	15	10	4	16	8	8	9	15	13	3	9	6	1	15	13	3	14	14	4	1	15	8	9	8	16	3	16	6	13	15	16	12	4	11	3	9	2	13	14	9	8	12	2	7	12	14	7	11	3	7	7	7	9	1	4	13	2	11	11	1	5	8	4	13	1	11	7	12	8	10	6	6	10	8	16	13	16	8	13	5	8	2	14	13	9	9	1	12	10	11	13	3	13	6	7	14	10	10	7	7	14	13	6	9	8	2	12	1	6	14	14	10	13	1	9	12	11	7	3	3	1	3	11	7	7	8	5	1	16	5	4	16	7	2	9	7	5	16	11	4	4	13	10	12	14	15	9	1	6	9	3	11	2	1	10	1	5	3	2	1	10	2	6	1	7	15	1	3	1	11	6	10	6	9	5	2	6	13	11	15	2	3	14	7	14	9	12	7	16	7	13	2	7	16	5	14	4	6	16	7	13	7	8	14	4	3	16	9	15	5	11	15	16	5	6	11	14	14	2	15	15	5	3	1	7	10	7	13	9	16	10	5	10	6	14	4	10	15	1	1	4	11	14	4	9	6	16	13	11	11	9	13	9	3	7	2	3	12	12	8	4	11	7	15	12	11	12	2	2	13	10	13	4	1	12	10	16	14	15	1	15	7	7	1	1	7	1	13	3	16	15	12	5	4	13	5	16	16	9	2	7	2	13	4	13	7	16	3	13	13	13	7	6	10	1	14	2	6	16	13	14	5	15	12	3	11	11	16	2	5	13	5	12	13	5	11	3	1	7	12	11	1	4	5	4	8	5	5	2	5	9	10	9	11	5	14	7	12	16	4	12	11	6	4	3	3	8	5	12	10	8	6	1	7	16	6	10	6	2	4	9	2	10	3	16	7	15	2	5	7	4	13	14	2	10	12	10	8	3	14	16	7	3	7	9	2	10	7	1	2	16	9	13	6	10	2	1	16	12	16	10	12	2	1	12	3	13	9	13	7	16	11	13	11	11	11	11	7	5	3	12	4	13	10	7	15	4	11	9	14	6	11	6	9	12	4	5	13	13	15	4	16	1	5	14	11	5	11	6	7	14	14	16	7	5	10	4	6	13	9	15	1	4	8	3	10	11	7	7	14	11	15	4	7	11	3	9	1	3	3	5	13	10	10	8	12	2	12	1	8	5	6	1	4	9	8	13	10	10	9	7	9	14	5	13	13	14	14	5	13	4	9	1	2	8	9	6	16	2	2	2	3	11	11	12	12	16	3	1	11	6	8	16	14	5	13	12	2	14	10	4	11	4	16	10	9	10	8	6	13	12	16	2	13	12	3	11	12	1	8	8	3	1	5	1	7	12	3	8	14	13	7	16	10	3	15	10	7	4	12	15	9	3	5	3	10	9	11	9	3	15	15	6	9	12	3	1	10	1	6	2	16	5	7	13	7	1	8	14	6	12	14	16	1	13	1	11	7	10	8	4	4	9	10	1	13	9	7	15	4	3	7	5	13	16	8	11	4	4	3	6	7	4	12	2	16	1	12	10	16	13	2	5	2	11	3	2	14	3	14	5	9	7	13	11	13	7	14	9	12	10	13	9	16	15	9	16	11	16	16	6	3	8	6	16	3	10	16	12	9	9	14	7	14	16	11	11	15	15	7	14	4	1	12	5	15	9	11	16	4	2	1	11	15	8	16	10	7	1	5	6	10	11	15	12	12	13	7	11	16	6	1	13	4	9	2	8	10	13	15	7	14	14	8	16	15	7	5	5	7	15	2	16	11	11	5	2	16	2	10	9	10	16	13	2	12	6	2	12	10	7	1	6	11	3	9	15	3	7	10	5	5	13	2	13	13	2	2	2	16	3	16	8	8	4	12	12	6	9	4	10	6	13	2	1	12	5	6	15	13	16	8	13	16	13	12	4	4	7	11	11	12	8	1	13	1	10	10	8	2	16	1	8	4	5	5	10	5	1	8	13	2	12	5	9	8	12	11	1	9	9	10	6	16	15	14	16	15	7	8	7	4	1	11	14	11	9	14	12	11	3	5	12	11	2	2	12	12	5	8	12	4	7	8	6	15	13	4	10	15	11	11	10	3	7	14	14	15	4	6	12	7	3	14	4	14	3	2	5	13	2	7	13	13	11	16	13	16	9	7	15	16	12	1	12	4	3	10	7	3	8	11	10	15	7	14	12	13	14	11	15	7	3	11	13	3	6	4	1	14	3	6	6	11	4	6	3	12	8	9	10	9	7	6	2	8	8	8	16	7	5	15	13	1	13	15	1	3	4	16	4	8	8	13	2	5	8	15	5	2	13	12	7	9	7	2	9	14	7	8	6	15	11	2	4	5	2	11	15	6	5	2	15	13	3	7	12	9	1	9	6	4	4	4	8	14	13	9	14	16	5	1	13	13	13	7	2	7	12	11	6	5	14	15	10	3	7	9	7	12	1	6	7	3	12	16	13	16	7	7	10	2	12	5	4	11	3	11	15	2	16	8	8	2	11	12	16	14	1	8	8	3	14	9	2	9	11	11	9	15	13	7	12	12	9	12	8	12	9	11	16	9	5	7	16	13	11	8	7	2	6	3	10	13	12	9	14	11	16	11	1	16	12	4	4	8	15	8	16	6	11	14	9	13	3	12	5	10	9	1	12	15	9	16	4	10	3	8	8	1	16	4	2	2	1	4	6	1	4	6	1	12	1	15	7	9	16	4	2	5	1	1	11	8	3	11	2	14	2	11	7	1	4	13	11	8	3	7	9	8	15	14	9	6	4	4	2	8	13	5	10	13	16	4	1	16	10	3	2	4	4	7	3	13	8	12	11	9	2	12	16	10	7	11	13	12	14	14	13	6	11	13	5	14	6	13	2	4	2	3	13	7	10	4	11	11	13	1	8	12	10	16	3	4	1	16	13	14	8	10	10	15	15	15	1	16	14	11	9	10	5	12	6	13	
170	200	410	540	250	370	280	970	900	710	980	840	620	960	150	210	450	840	710	270	340	600	350	940	670	750	670	560	400	620	550	600	440	200	710	920	970	650	340	190	220	850	590	790	480	710	840	230	420	910	450	820	630	130	190	590	860	760	670	820	380	210	930	350	720	770	880	130	700	710	800	610	360	120	930	810	340	710	730	990	140	520	900	840	700	270	150	320	850	590	320	880	890	880	400	600	740	760	540	360	1000	380	200	960	940	910	610	450	590	560	590	210	240	240	670	850	210	760	820	800	200	830	970	540	730	390	460	990	950	570	340	560	590	160	100	930	870	150	380	400	960	900	830	320	430	560	360	650	680	190	880	670	530	370	650	240	550	140	790	290	170	920	730	350	930	520	270	210	530	310	750	290	160	470	240	110	370	320	440	990	190	480	740	350	830	140	930	490	270	460	260	220	560	280	180	720	140	870	920	480	320	740	360	530	540	900	810	720	420	430	260	920	470	870	180	650	440	210	620	280	200	400	430	950	340	240	760	110	970	390	520	150	130	970	930	110	720	800	260	340	110	490	850	390	290	230	110	410	790	430	450	320	850	100	460	140	160	180	780	430	930	290	130	730	220	160	300	430	310	900	100	710	290	180	540	520	720	470	650	630	890	150	540	830	570	440	320	530	940	310	370	1000	270	680	800	470	610	240	400	890	450	400	360	970	160	520	350	400	130	890	880	610	930	330	110	910	440	770	220	440	200	730	570	970	820	840	920	500	560	330	540	490	250	400	190	290	700	720	350	270	340	590	170	440	160	150	950	770	470	120	290	930	600	560	610	510	930	800	460	830	250	620	690	290	720	860	720	720	360	950	650	180	600	600	300	250	490	730	880	350	100	770	560	240	600	610	240	1000	870	340	270	140	820	440	320	990	150	140	290	180	900	800	330	190	580	960	810	380	1000	940	790	850	530	620	260	620	660	760	500	820	740	740	240	800	310	610	560	990	980	960	590	840	820	710	750	800	930	420	900	360	710	270	870	300	410	760	650	110	120	230	760	160	770	410	850	650	330	280	960	360	690	770	180	410	1000	430	130	440	270	1000	350	560	870	400	290	390	970	570	610	840	330	460	690	490	210	710	830	740	190	870	230	900	110	840	120	150	190	890	760	120	530	910	620	630	330	750	520	450	220	850	150	740	500	350	880	810	670	990	820	110	820	190	960	560	420	510	720	580	450	490	450	740	570	520	390	540	630	330	440	650	360	120	860	640	370	130	110	820	920	680	270	260	760	670	900	610	830	710	610	240	770	690	870	400	920	140	670	860	580	590	310	390	360	580	910	300	990	780	860	300	780	570	580	780	940	800	330	670	430	370	470	810	360	420	270	420	390	740	180	750	630	430	550	770	280	750	650	670	250	740	130	240	940	330	590	700	970	460	360	620	860	270	350	960	860	440	580	480	400	770	360	810	550	820	640	730	140	450	240	110	920	490	490	540	960	120	720	300	940	710	430	120	890	970	240	960	570	260	430	980	600	570	490	190	120	940	220	420	470	600	660	170	900	930	620	260	540	1000	480	340	860	770	980	830	200	600	110	430	490	440	100	590	790	300	920	370	910	490	310	110	180	550	900	140	960	100	580	810	360	710	790	460	180	990	740	230	750	730	690	730	310	890	180	850	310	590	760	980	490	940	710	930	760	500	510	640	720	160	160	780	410	380	970	810	400	220	930	800	830	100	440	650	320	240	700	510	340	420	850	230	420	440	260	260	950	170	990	330	280	890	880	630	370	500	530	880	230	710	750	810	500	930	940	840	180	270	820	960	280	470	100	560	160	870	510	540	700	350	990	340	310	220	330	480	240	710	530	520	490	920	220	570	390	340	100	570	560	340	900	180	530	440	600	770	500	260	250	940	690	260	480	990	880	320	500	700	190	440	430	780	610	820	760	290	540	810	640	110	450	950	650	630	720	760	600	620	480	350	710	600	440	230	340	310	510	850	460	150	1000	720	470	350	910	800	200	830	240	130	740	170	750	190	930	980	860	430	140	380	160	240	900	750	490	240	180	730	810	320	160	620	880	520	460	330	640	960	390	520	770	100	500	540	680	700	790	910	980	170	370	940	290	490	260	430	470	560	870	230	140	630	540	730	190	670	360	270	490	570	560	210	660	940	940	210	640	360	790	530	380	310	690	930	860	250	360	100	310	450	510	910	100	370	770	190	740	250	270	470	200	280	300	810	810	1000	520	390	730	310	950	570	720	140	720	550	450	560	170	760	200	120	510	940	810	160	150	910	380	940	100	500	910	720	440	940	170	960	330	400	1000	640	580	810	380	670	220	990	850	430	850	640	260	490	130	580	530	120	380	320	770	570	750	580	530	220	170	280	830	310	840	250	150	230	960	560	110	630	840	620	370	540	730	820	990	770	500	530	800	290	860	400	410	510	130	400	520	770	370	320	650	980	420	570	130	780	550	290	320	990	260	600	140	590	310	590	990	460	390	880	600	630	590	240	930	980	960	210	590	110	240	770	710	710	150	440	760	150	390	150	730	460	950	580	800	940	660	640	570	860	720	650	870	180	490	590	990	940	620	230	930	470	940	490	520	190	1000	820	230	390	950	300	410	350	400	860	970	1000	800	250	840	760	110	110	830	580	490	850	760	760	950	630	840	830	230	670	840	820	330	360	460	220	730	850	540	410	350	600	960	900	190	710	730	980	790	110	480	170	320	930	410	450	830	110	440	970	930	910	570	240	370	850	180	910	970	130	890	560	550	480	170	400	880	700	560	490	960	340	560	340	950	120	590	930	660	340	440	210	430	510	960	330	240	680	550	780	170	510	660	600	330	680	960	110	530	720	600	370	400	370	680	570	810	810	400	970	170	380	280	850	610	430	260	810	730	390	980	780	840	930	550	480	180	620	970	690	250	870	260	940	350	920	720	650	280	470	260	110	300	450	640	900	190	510	370	260	450	150	960	800	330	820	460	170	430	450	750	180	260	990	710	440	860	970	950	930	380	640	110	290	780	180	820	370	400	340	460	640	830	120	680	750	600	590	780	830	610	630	310	750	440	760	870	220	150	500	400	610	490	450	460	240	590	320	680	990	220	710	700	270	300	920	300	680	920	690	620	900	710	200	690	260	820	640	160	920	890	890	560	410	620	250	400	950	800	750	920	520	190	150	650	360	980	930	130	890	220	510	300	100	250	820	890	890	500	540	960	250	770	280	880	480	290	100	420	380	830	960	650	910	320	670	590	270	220	360	200	470	900	820	130	800	690	200	370	890	580	880	700	810	360	100	190	690	770	890	420	830	260	700	370	220	660	420	260	350	640	110	410	500	140	870	640	780	210	380	170	330	800	440	210	750	790	700	440	470	800	950	570	730	450	220	1000	660	210	150	320	290	570	800	830	560	700	680	310	840	570	820	440	870	510	290	320	440	900	360	450	310	890	130	120	600	920	340	660	230	720	830	560	600	230	100	480	660	770	260	170	390	780	810	300	480	920	720	270	530	390	700	450	440	220	370	920	600	540	130	350	910	170	470	950	620	590	640	420	360	210	440	460	690	520	930	760	780	620	1000	100	490	440	760	740	820	980	310	990	910	640	840	150	520	260	750	840	700	1000	870	970	900	990	550	760	260	690	450	290	740	290	170	410	320	550	350	870	620	1000	190	180	1000	250	740	720	190	350	480	320	940	190	700	900	840	800	700	160	670	360	820	890	300	570	470	780	180	650	900	950	900	630	330	1000	630	160	870	390	120	680	1000	730	430	950	710	440	490	730	950	280	560	750	920	560	560	280	430	570	630	610	360	190	190	520	890	890	980	500	190	490	870	930	570	200	790	720	940	600	440	330	600	570	690	330	780	420	260	690	150	570	950	600	420	550	210	730	970	460	610	610	570	460	160	850	660	920	750	900	750	320	310	530	930	320	130	720	350	310	980	950	440	210	290	730	390	620	780	680	180	740	550	620	710	220	900	380	490	450	310	280	890	620	480	790	850	860	800	100	960	280	650	520	340	660	730	250	350	130	650	490	780	210	400	240	890	150	130	940	980	830	740	780	780	910	610	160	640	680	180	890	860	640	290	290	510	560	810	870	720	750	340	650	120	300	220	370	180	480	540	120	780	520	780	840	580	870	100	680	700	310	210	120	770	280	660	420	280	470	150	480	430	390	230	540	350	600	410	750	470	960	490	140	280	290	370	300	410	830	680	260	480	160	940	680	170	210	470	410	830	100	960	400	160	210	250	750	120	400	730	320	480	380	990	510	310	690	150	820	310	770	440	140	670	120	850	730	590	990	100	850	380	130	940	270	950	970	930	180	900	680	200	650	140	450	430	570	840	940	390	230	410	220	800	580	660	740	470	220	840	140	140	890	470	670	650	300	590	880	450	410	420	450	410	960	680	110	490	970	920	820	400	800	320	520	370	830	450	130	540	470	780	640	400	840	200	610	980	970	420	910	680	730	290	270	850	420	660	600	790	250	420	640	790	280	370	500	740	790	740	320	1000	420	730	390	900	740	900	730	680	400	700	990	170	130	490	670	200	670	100	280	690	350	550	420	120	690	580	420	790	370	130	350	860	970	790	300	560	630	590	250	820	660	200	220	180	290	520	430	730	610	920	150	610	270	790	740	780	340	360	740	880	630	400	600	130	690	370	740	610	460	140	410	550	460	780	900	210	180	580	1000	670	540	860	630	580	280	250	170	460	130	240	970	210	940	320	590	890	380	140	710	710	870	580	640	360	470	120	710	780	900	400	660	340	460	930	880	950	990	700	680	810	890	690	520	920	720	320	620	180	930	560	200	740	430	180	300	330	120	280	590	620	920	650	390	640	260	530	630	210	980	970	390	210	630	220	900	570	700	910	180	460	530	600	230	940	510	430	960	240	650	700	850	690	440	680	770	560	850	620	330	360	370	170	390	810	640	320	710	530	890	960	950	310	310	820	640	930	490	580	390	180	570	970	150	490	190	150	730	880	220	630	270	940	130	480	210	190	900	550	290	230	960	990	520	300	480	670	480	680	470	950	500	600	650	700	310	390	970	220	280	470	760	200	460	460	260	690	140	310	700	370	590	930	900	370	430	400	820	910	660	440	750	550	200	460	170	280	600	300	350	460	240	870	580	480	570	440	860	930	760	270	350	240	970	410	540	310	890	390	390	220	720	320	100	110	480	500	600	930	530	910	810	500	240	590	870	580	990	840	480	490	130	430	960	940	320	870	370	460	880	290	470	620	960	660	110	870	220	310	190	720	950	720	470	220	680	220	290	180	790	880	520	770	970	220	900	710	700	560	700	490	470	550	480	850	400	330	100	150	370	170	820	660	450	420	200	340	150	470	750	490	440	480	110	800	160	870	550	860	980	900	480	970	880	710	420	110	760	240	570	700	140	640	320	810	810	580	430	780	780	180	440	230	460	570	310	910	690	960	320	140	420	630	960	510	200	900	900	550	470	260	990	900	650	500	750	220	380	910	900	640	820	230	520	110	400	250	850	500	830	900	760	590	500	360	580	960	700	290	800	860	360	640	550	210	370	880	980	280	210	120	490	510	420	580	460	830	980	820	250	460	580	700	770	340	600	620	520	360	730	340	450	840	700	190	800	590	970	750	200	350	800	120	350	910	570	400	460	920	460	350	690	580	430	440	310	960	880	850	510	600	240	530	120	780	810	650	590	870	650	960	300	400	590	760	700	900	950	690	550	760	490	900	210	440	540	150	530	880	260	570	550	400	770	390	530	240	690	360	620	640	890	250	490	500	200	190	300	350	760	260	420	160	460	250	620	120	870	120	150	550	510	530	710	250	310	170	340	450	430	300	990	150	690	700	810	980	370	710	750	380	380	340	860	890	470	540	620	760	690	830	150	320	830	670	200	720	380	730	860	660	380	310	490	890	290	560	140	920	340	210	880	760	360	190	260	740	860	370	850	280	930	260	590	780	730	370	960	600	730	420	780	200	940	1000	890	830	640	880	720	650	810	830	500	150	200	890	230	720	780	190	120	610	940	140	180	690	390	930	940	170	610	690	920	580	820	710	700	950	740	770	170	810	650	620	760	430	430	740	490	850	340	1000	580	770	170	310	250	370	920	110	550	640	430	400	960	230	430	310	740	380	640	190	330	170	270	150	780	900	520	470	840	530	190	340	100	540	510	160	350	320	880	340	460	490	290	830	700	410	320	380	510	460	570	480	650	430	670	590	450	290	150	300	1000	950	1000	460	410	190	200	500	650	800	220	540	410	990	100	270	910	220	940	980	330	430	760	170	790	830	500	450	480	480	400	540	140	940	990	480	640	170	470	800	640	190	400	1000	180	340	240	990	320	880	580	160	240	550	380	710	170	800	970	420	970	740	990	470	230	980	310	840	870	770	730	330	610	640	310	630	980	620	270	300	620	460	360	350	220	700	810	890	740	370	830	870	900	110	860	650	550	550	640	510	410	230	600	530	330	740	960	180	290	210	280	790	680	430	920	460	810	780	870	840	420	480	290	730	360	970	720	150	230	260	920	290	550	330	540	360	680	630	510	560	880	380	890	400	250	520	900	240	120	370	140	290	460	460	760	840	110	500	740	310	850	100	620	800	500	480	280	190	920	980	270	670	510	210	740	850	930	520	890	750	550	650	840	370	750	230	320	210	790	280	770	560	440	440	130	530	710	450	870	600	210	850	120	990	100	940	460	660	960	750	310	380	280	100	700	500	570	520	290	530	450	350	340	980	390	880	840	950	950	300	630	330	610	420	750	180	510	200	910	680	890	120	710	690	970	380	260	370	850	780	800	610	680	530	610	540	190	420	850	360	960	520	790	220	660	630	230	390	610	200	700	960	420	730	460	210	920	950	200	480	680	260	220	210	480	940	940	190	820	430	140	700	610	740	290	940	990	590	880	680	950	850	300	740	450	500	910	920	530	680	170	590	230	450	800	790	110	900	710	230	600	720	480	240	860	840	980	570	440	420	100	480	200	200	450	450	420	470	650	530	150	800	110	670	590	840	320	960	410	660	740	910	570	350	160	800	890	400	220	980	420	940	770	620	310	830	740	460	300	430	250	560	130	500	660	500	670	160	580	160	850	440	670	350	440	530	910	710	740	150	680	740	110	730	260	790	500	260	290	470	170	130	430	550	340	810	470	950	610	940	180	400	120	940	360	910	550	260	560	290	750	410	220	200	870	520	310	680	430	920	890	680	880	450	100	920	810	400	290	230	470	230	590	470	650	940	210	310	600	430	840	880	450	330	500	110	330	840	550	470	440	640	480	500	910	450	860	690	570	210	750	330	380	620	980	530	220	180	470	580	490	300	580	440	180	270	820	870	990	760	300	610	280	970	330	240	320	400	130	780	850	770	950	450	710	740	540	350	780	590	150	700	510	450	420	710	340	270	320	910	120	140	750	800	780	970	920	920	890	470	910	750	320	760	100	170	110	290	150	420	160	830	880	750	1000	800	290	540	260	1000	620	360	500	600	260	260	800	400	360	770	670	790	340	330	730	420	100	900	540	140	370	760	400	310	760	950	240	960	500	500	440	650	270	150	260	190	920	890	650	400	720	100	740	810	530	860	830	190	180	100	730	340	1000	530	460	840	550	190	680	910	150	570	370	830	970	980	890	670	890	410	190	610	570	780	710	840	940	900	610	820	670	500	850	410	460	340	130	720	160	490	650	170	500	920	470	770	470	360	620	450	550	390	960	260	360	580	640	670	760	360	840	550	720	360	260	110	160	510	370	400	180	990	630	380	800	210	150	640	980	510	370	220	370	510	300	420	630	420	210	790	780	700	620	880	150	450	450	440	800	450	940	930	880	440	780	760	660	700	370	170	320	510	260	710	100	580	530	330	780	410	570	740	130	960	510	320	590	530	960	950	310	390	140	870	630	510	640	200	180	
1
