2475
100
4
50
0	0	0	500	0	0	0	0	0	0	0	0	0	0	0	0	0	0	0	0	0	0	0	0	0	0	0	0	0	500	0	0	0	0	0	0	0	0	0	0	0	0	0	0	0	0	0	0	0	0	0	0	0	0	0	0	0	0	0	0	0	0	0	0	0	0	0	0	0	0	0	0	0	0	0	0	0	0	0	0	500	0	0	0	0	0	0	0	0	0	0	0	0	0	0	0	0	500	0	0	
0	0	0	0	0	0	0	0	0	0	0	0	0	0	0	0	0	0	0	0	0	0	0	0	0	0	0	0	0	0	0	0	0	0	0	500	0	0	0	0	0	0	0	0	0	0	0	0	0	0	0	0	0	0	0	0	0	0	0	0	0	0	0	0	0	0	0	0	0	0	500	0	0	0	500	0	500	0	0	0	0	0	0	0	0	0	0	0	0	0	0	0	0	0	0	0	0	0	0	0	
0	0	0	0	0	0	500	0	0	0	0	0	0	0	0	0	0	500	0	0	0	0	0	0	0	0	0	0	0	0	0	0	0	0	0	0	0	0	0	0	0	0	0	0	0	0	0	0	0	500	0	0	0	0	0	0	0	0	0	0	0	0	0	500	0	0	0	0	0	0	0	0	0	0	0	0	0	0	0	0	0	0	0	0	0	0	0	0	0	0	0	0	0	0	0	0	0	0	0	0	
500	0	0	0	0	0	0	0	0	0	0	0	0	0	0	0	0	0	0	0	0	0	0	0	0	0	0	0	0	500	0	0	0	0	0	0	0	0	0	0	0	0	0	0	0	0	0	0	0	0	0	0	0	0	0	0	0	0	0	0	0	0	0	0	0	0	0	0	0	0	0	0	0	0	0	0	0	0	0	0	500	0	0	0	0	0	0	0	0	0	0	0	0	0	0	0	0	500	0	0	
0	0	0	0	0	0	0	0	0	0	0	0	0	0	0	0	0	0	0	0	500	0	0	0	500	0	0	0	0	0	0	0	0	0	0	0	0	500	0	0	0	0	500	0	0	0	0	0	0	0	0	0	0	0	0	0	0	0	0	0	0	0	0	0	0	0	0	0	0	0	0	0	0	0	0	0	0	0	0	0	0	0	0	0	0	0	0	0	0	0	0	0	0	0	0	0	0	0	0	0	
0	0	0	0	0	0	0	0	0	0	0	0	500	0	0	0	0	0	0	0	0	0	0	0	0	0	0	0	0	0	0	0	0	0	0	0	0	0	0	0	0	0	0	0	0	500	0	0	0	0	0	0	0	0	0	0	0	0	0	0	0	0	0	0	0	0	0	0	0	0	0	0	0	0	0	0	0	0	0	0	0	500	0	0	500	0	0	0	0	0	0	0	0	0	0	0	0	0	0	0	
0	0	500	0	0	0	0	0	0	0	0	0	0	0	0	0	0	0	0	0	0	0	0	0	0	0	0	0	0	0	0	0	0	0	0	0	0	0	0	0	0	500	0	0	0	0	0	0	0	500	0	0	0	0	0	0	0	0	0	0	0	0	0	0	0	0	0	0	0	0	0	0	0	0	0	0	0	0	0	0	0	0	0	0	500	0	0	0	0	0	0	0	0	0	0	0	0	0	0	0	
0	0	0	0	0	0	0	0	0	0	500	0	0	0	0	0	0	0	0	0	0	0	0	0	0	0	0	0	0	500	0	0	0	0	0	0	0	0	0	0	0	0	0	0	0	0	0	0	0	0	0	0	0	0	0	0	0	0	0	0	0	0	0	0	0	0	0	0	0	0	0	0	0	0	0	0	0	0	0	0	500	0	0	0	0	0	0	0	0	0	500	0	0	0	0	0	0	0	0	0	
0	0	0	0	0	0	0	0	0	0	0	0	500	0	0	0	0	0	0	0	0	0	0	0	0	0	0	0	0	0	0	0	0	0	0	0	0	0	0	0	0	0	0	0	0	0	0	0	0	0	0	0	0	0	0	0	0	0	0	0	0	0	0	0	0	0	0	0	0	0	0	0	0	500	0	0	0	0	0	0	0	500	0	0	0	0	0	0	0	0	0	0	0	0	0	0	0	0	0	500	
0	0	0	0	0	0	0	0	0	0	0	0	0	0	0	0	0	0	0	0	0	0	500	0	0	0	0	0	0	0	0	0	0	0	0	0	0	0	0	500	0	0	0	0	0	0	0	0	0	0	0	0	0	0	500	0	0	0	0	0	0	0	0	0	0	0	0	0	0	0	0	0	0	0	0	0	0	0	0	0	0	0	0	0	0	0	0	0	0	0	0	500	0	0	0	0	0	0	0	0	
0	0	0	0	0	0	0	500	0	0	0	0	0	0	0	0	0	0	500	0	0	0	0	0	0	0	0	0	0	0	0	0	0	0	0	0	0	0	0	0	0	0	0	0	0	0	0	0	0	0	0	0	0	0	0	0	0	0	0	0	0	0	0	0	0	0	0	0	0	0	0	0	0	0	0	0	0	0	0	0	500	0	0	0	0	0	0	0	0	0	500	0	0	0	0	0	0	0	0	0	
0	0	0	0	0	0	0	0	0	0	0	0	0	0	0	0	0	0	0	0	0	0	0	0	0	0	0	0	500	0	500	0	0	0	0	0	0	0	0	0	0	0	0	0	0	0	0	0	0	0	0	0	0	0	0	0	0	0	0	0	0	0	0	0	0	0	0	0	0	0	0	0	0	0	0	0	0	0	0	0	0	0	0	0	0	500	0	0	0	0	0	0	0	500	0	0	0	0	0	0	
0	0	0	0	0	500	0	0	500	0	0	0	0	0	0	0	0	0	0	0	0	0	0	0	0	0	0	0	0	0	0	0	0	0	0	0	0	0	0	0	0	0	0	0	0	500	0	0	0	0	0	0	0	0	0	0	0	0	0	0	0	0	0	0	0	0	0	0	0	0	0	0	0	0	0	0	0	0	0	0	0	500	0	0	0	0	0	0	0	0	0	0	0	0	0	0	0	0	0	0	
0	0	0	0	0	0	0	0	0	0	0	0	0	0	0	0	0	0	0	0	0	0	0	0	0	0	0	0	0	0	0	0	0	0	0	0	0	0	0	0	0	0	0	0	0	0	0	0	0	0	0	500	0	0	0	0	0	0	500	0	0	0	0	0	0	0	500	0	0	0	0	0	0	0	0	0	0	0	0	500	0	0	0	0	0	0	0	0	0	0	0	0	0	0	0	0	0	0	0	0	
0	0	0	0	0	0	0	0	0	0	0	0	0	0	0	0	0	0	0	0	0	0	0	0	500	0	0	0	0	500	0	0	0	0	0	0	0	500	0	0	0	0	0	0	0	0	0	0	0	0	0	0	0	0	0	0	0	0	0	0	0	0	0	0	0	0	0	0	0	0	0	0	0	0	0	0	0	0	0	0	0	0	0	500	0	0	0	0	0	0	0	0	0	0	0	0	0	0	0	0	
0	0	0	0	0	0	0	0	0	0	0	0	0	0	0	0	0	0	0	0	0	0	0	0	0	0	0	500	0	0	0	0	0	500	0	0	0	0	0	0	0	0	0	0	0	0	0	0	0	0	0	0	0	0	0	0	0	0	0	0	0	0	0	0	0	0	0	0	0	0	0	0	0	0	0	0	0	0	0	0	0	0	0	0	0	0	0	0	0	500	0	0	500	0	0	0	0	0	0	0	
0	0	0	0	0	0	0	0	0	0	0	0	0	0	0	0	0	0	0	0	0	0	0	0	0	0	0	0	0	0	0	0	0	0	0	0	0	0	0	0	0	0	0	0	0	0	0	0	0	0	0	0	0	0	0	500	0	0	0	0	0	0	500	0	0	0	0	0	0	500	0	0	0	0	0	0	0	0	500	0	0	0	0	0	0	0	0	0	0	0	0	0	0	0	0	0	0	0	0	0	
0	0	500	0	0	0	0	0	0	0	0	0	0	0	0	0	0	0	0	0	0	0	0	0	0	0	0	0	0	0	0	0	0	0	0	0	0	0	0	0	0	0	0	0	0	0	0	0	0	0	500	0	0	500	0	0	0	0	0	0	0	0	0	500	0	0	0	0	0	0	0	0	0	0	0	0	0	0	0	0	0	0	0	0	0	0	0	0	0	0	0	0	0	0	0	0	0	0	0	0	
0	0	0	0	0	0	0	0	0	0	500	0	0	0	0	0	0	0	0	0	0	0	0	0	0	0	0	0	0	0	0	0	0	0	0	0	0	0	0	0	0	0	0	0	0	0	0	0	0	0	0	0	0	0	0	0	0	0	0	0	0	0	0	0	0	0	0	0	0	0	0	0	0	0	0	0	0	0	0	0	0	0	0	0	0	0	0	0	0	0	500	0	0	0	0	0	0	500	500	0	
0	0	0	0	0	0	0	0	0	0	0	0	0	0	0	0	0	0	0	0	0	0	0	0	0	500	0	0	0	0	0	0	0	0	0	0	0	0	0	0	500	0	0	500	0	0	0	0	0	0	0	0	0	0	0	0	0	0	0	0	0	0	0	0	0	500	0	0	0	0	0	0	0	0	0	0	0	0	0	0	0	0	0	0	0	0	0	0	0	0	0	0	0	0	0	0	0	0	0	0	
0	0	0	0	500	0	0	0	0	0	0	0	0	0	0	0	0	0	0	0	0	0	0	0	0	0	0	0	0	0	0	0	0	0	0	0	0	0	0	0	0	0	0	500	0	0	0	0	0	0	0	0	0	0	0	0	0	0	0	0	0	0	0	0	0	500	0	0	0	0	0	0	0	0	0	0	0	0	0	0	0	0	0	0	0	0	0	0	0	0	0	0	0	0	0	500	0	0	0	0	
0	0	0	0	0	0	0	0	0	0	0	0	0	0	0	0	0	0	0	0	0	0	0	500	0	0	0	0	0	0	0	0	0	0	0	0	0	0	0	0	0	0	0	0	0	0	0	0	500	0	0	0	0	0	0	0	0	0	0	500	0	0	0	0	0	0	0	0	0	0	0	0	0	0	0	0	0	0	0	0	0	0	0	0	0	0	0	0	0	0	0	0	0	0	0	0	500	0	0	0	
0	0	0	0	0	0	0	0	0	500	0	0	0	0	0	0	0	0	0	0	0	0	0	0	0	0	0	0	0	0	0	0	0	0	0	0	0	0	0	500	0	0	0	0	0	0	0	0	0	0	0	0	0	0	500	0	0	0	0	0	0	0	0	0	0	0	0	0	0	0	0	0	0	0	0	0	0	0	0	0	0	0	0	0	0	0	0	0	0	0	0	500	0	0	0	0	0	0	0	0	
0	0	0	0	0	0	0	0	0	0	0	0	0	0	0	0	0	0	0	0	0	500	0	0	0	0	0	0	0	0	0	0	0	0	0	0	0	0	0	0	0	0	0	0	500	0	0	0	500	0	0	0	0	0	0	0	0	0	0	500	0	0	0	0	0	0	0	0	0	0	0	0	0	0	0	0	0	0	0	0	0	0	0	0	0	0	0	0	0	0	0	0	0	0	0	0	0	0	0	0	
0	0	0	0	500	0	0	0	0	0	0	0	0	0	500	0	0	0	0	0	0	0	0	0	0	0	0	0	0	0	0	0	0	0	0	0	0	500	0	0	0	0	0	0	0	0	0	0	0	0	0	0	0	0	0	0	0	0	0	0	0	0	0	0	0	0	0	0	0	0	0	0	0	0	0	0	0	0	0	0	0	0	0	0	0	0	0	0	0	0	500	0	0	0	0	0	0	0	0	0	
0	0	0	0	0	0	0	0	0	0	0	0	0	0	0	0	0	0	0	500	0	0	0	0	0	0	0	0	0	0	0	0	0	0	0	0	0	0	0	0	0	0	0	500	0	0	0	0	0	0	0	0	0	0	0	0	0	0	0	0	0	0	0	0	0	500	0	0	0	0	0	0	0	0	0	0	0	0	0	0	0	0	0	0	0	0	0	0	0	0	0	0	0	0	0	500	0	0	0	0	
0	0	0	0	0	0	0	0	0	0	0	0	0	0	0	0	0	0	0	0	0	0	0	0	0	0	0	0	0	0	0	0	0	0	500	0	0	0	0	0	0	0	0	0	0	0	500	0	0	500	0	0	0	0	0	0	0	0	0	0	0	0	0	0	0	0	0	0	0	0	0	0	0	0	0	0	0	0	500	0	0	0	0	0	0	0	0	0	0	0	0	0	0	0	0	0	0	0	0	0	
0	0	0	0	0	0	0	0	0	0	0	0	0	0	0	500	0	0	0	0	0	0	0	0	0	0	0	0	0	0	0	0	0	500	0	0	0	0	0	0	0	0	0	0	0	0	0	0	0	0	0	0	0	0	0	0	0	0	0	0	0	0	0	0	0	0	0	0	0	0	0	0	500	0	0	0	0	0	0	0	0	0	0	0	0	0	0	0	0	0	0	0	500	0	0	0	0	0	0	0	
0	0	0	0	0	0	0	0	0	0	0	500	0	0	0	0	0	0	0	0	0	0	0	0	0	0	0	0	0	0	0	0	0	0	0	0	0	0	0	0	0	0	0	0	0	0	0	0	0	0	0	0	0	0	0	0	0	0	0	0	0	0	0	0	0	0	0	0	0	0	0	0	0	0	0	0	0	0	0	0	0	0	500	0	0	0	0	500	0	0	0	0	0	500	0	0	0	0	0	0	
500	0	0	500	0	0	0	500	0	0	0	0	0	0	500	0	0	0	0	0	0	0	0	0	0	0	0	0	0	0	0	0	0	0	0	0	0	0	0	0	0	0	0	0	0	0	0	0	0	0	0	0	0	0	0	0	0	0	0	0	0	0	0	0	0	0	0	0	0	0	0	0	0	0	0	0	0	0	0	0	0	0	0	0	0	0	0	0	0	0	0	0	0	0	0	0	0	0	0	0	
0	0	0	0	0	0	0	0	0	0	0	500	0	0	0	0	0	0	0	0	0	0	0	0	0	0	0	0	0	0	0	0	0	0	0	0	0	0	0	0	0	0	0	0	0	0	0	0	0	0	0	0	0	0	0	0	0	0	0	0	0	0	0	0	0	0	0	0	0	0	0	0	500	0	0	0	0	0	0	0	0	0	0	0	0	500	0	0	0	0	0	0	0	500	0	0	0	0	0	0	
0	0	0	0	0	0	0	0	0	0	0	0	0	0	0	0	0	0	0	0	0	0	0	0	0	0	0	0	0	0	0	0	0	0	0	0	0	0	0	0	0	0	0	0	0	0	0	0	0	0	0	500	500	0	0	0	0	0	0	0	0	0	0	0	0	0	0	0	500	0	0	0	0	0	0	500	0	0	0	0	0	0	0	0	0	0	0	0	0	0	0	0	0	0	0	0	0	0	0	0	
0	0	0	0	0	0	0	0	0	0	0	0	0	0	0	0	0	0	0	0	0	0	0	0	0	0	0	0	0	0	0	0	0	0	0	0	0	0	0	0	0	0	0	0	0	0	0	500	0	0	0	0	0	0	0	0	0	0	0	0	0	0	0	0	0	0	0	0	0	0	0	0	0	500	0	0	0	0	0	0	0	500	0	0	0	0	0	0	0	0	0	0	0	0	0	0	0	0	0	500	
0	0	0	0	0	0	0	0	0	0	0	0	0	0	0	500	0	0	0	0	0	0	0	0	0	0	0	500	0	0	0	0	0	0	0	0	0	0	0	0	0	0	0	0	0	0	0	0	0	0	0	0	0	0	0	0	0	0	0	0	0	0	0	0	0	0	0	0	0	0	0	0	500	0	0	0	0	0	0	0	0	0	0	0	0	0	0	0	0	0	0	0	500	0	0	0	0	0	0	0	
0	0	0	0	0	0	0	0	0	0	0	0	0	0	0	0	0	0	0	0	0	0	0	0	0	0	500	0	0	0	0	0	0	0	0	0	0	0	0	0	0	0	0	0	0	0	0	0	0	0	0	0	0	0	0	0	0	0	0	0	0	500	0	0	500	0	0	0	0	0	0	0	0	0	0	0	0	0	0	0	0	0	0	0	0	0	500	0	0	0	0	0	0	0	0	0	0	0	0	0	
0	500	0	0	0	0	0	0	0	0	0	0	0	0	0	0	0	0	0	0	0	0	0	0	0	0	0	0	0	0	0	0	0	0	0	0	0	0	0	0	0	0	0	0	0	0	0	0	0	0	0	0	0	0	0	0	0	0	0	0	0	0	0	0	0	0	500	0	0	0	0	0	0	0	500	0	500	0	0	0	0	0	0	0	0	0	0	0	0	0	0	0	0	0	0	0	0	0	0	0	
0	0	0	0	0	0	0	0	0	0	0	0	0	0	0	0	0	0	0	0	0	0	0	0	0	0	0	0	0	0	0	0	0	0	0	0	0	0	0	0	0	0	0	0	0	0	500	0	0	0	0	0	0	500	0	0	0	0	0	0	0	0	0	500	0	0	0	0	0	0	0	0	0	0	0	0	0	500	0	0	0	0	0	0	0	0	0	0	0	0	0	0	0	0	0	0	0	0	0	0	
0	0	0	0	500	0	0	0	0	0	0	0	0	0	500	0	0	0	0	0	0	0	0	0	500	0	0	0	0	0	0	0	0	0	0	0	0	0	0	0	0	0	0	0	0	0	0	0	0	0	0	0	0	0	0	0	0	0	0	0	0	0	0	0	0	0	0	0	0	0	0	0	0	0	0	0	0	0	0	0	0	0	0	500	0	0	0	0	0	0	0	0	0	0	0	0	0	0	0	0	
0	0	0	0	0	0	0	0	0	0	0	0	0	0	0	0	0	0	0	0	0	0	0	0	0	0	0	0	0	0	0	0	0	0	0	0	0	0	0	0	0	0	0	0	0	0	0	0	0	0	0	0	0	0	0	0	500	0	0	0	0	500	0	0	0	0	0	0	0	0	0	500	0	0	0	0	0	0	0	0	0	0	0	0	0	0	500	0	0	0	0	0	0	0	0	0	0	0	0	0	
0	0	0	0	0	0	0	0	0	500	0	0	0	0	0	0	0	0	0	0	0	0	500	0	0	0	0	0	0	0	0	0	0	0	0	0	0	0	0	0	0	0	0	0	0	0	0	0	0	0	0	0	0	0	0	0	0	0	0	0	0	0	0	0	0	0	0	0	0	0	0	0	0	0	0	0	0	0	0	0	0	0	0	0	0	0	0	0	0	0	0	500	0	0	500	0	0	0	0	0	
0	0	0	0	0	0	0	0	0	0	0	0	0	0	0	0	0	0	0	500	0	0	0	0	0	0	0	0	0	0	0	0	0	0	0	0	0	0	0	0	0	0	0	500	0	0	0	0	0	0	0	0	0	0	0	0	0	0	0	0	0	0	0	0	0	0	0	500	0	0	500	0	0	0	0	0	0	0	0	0	0	0	0	0	0	0	0	0	0	0	0	0	0	0	0	0	0	0	0	0	
0	0	0	0	0	0	500	0	0	0	0	0	0	0	0	0	0	0	0	0	0	0	0	0	0	0	0	0	0	0	0	0	0	0	0	0	0	0	0	0	0	0	0	0	0	500	0	0	0	500	0	0	0	0	0	0	0	0	0	0	0	0	0	0	0	0	0	0	0	0	0	0	0	500	0	0	0	0	0	0	0	0	0	0	0	0	0	0	0	0	0	0	0	0	0	0	0	0	0	0	
0	0	0	0	500	0	0	0	0	0	0	0	0	0	0	0	0	0	0	0	0	0	0	0	0	0	0	0	0	0	0	0	0	0	0	0	0	0	0	0	0	0	0	0	0	0	0	0	0	0	0	0	0	0	0	0	0	0	0	0	0	0	0	0	0	0	0	500	0	0	500	0	0	0	500	0	0	0	0	0	0	0	0	0	0	0	0	0	0	0	0	0	0	0	0	0	0	0	0	0	
0	0	0	0	0	0	0	0	0	0	0	0	0	0	0	0	0	0	0	500	500	0	0	0	0	500	0	0	0	0	0	0	0	0	0	0	0	0	0	0	500	0	0	0	0	0	0	0	0	0	0	0	0	0	0	0	0	0	0	0	0	0	0	0	0	0	0	0	0	0	0	0	0	0	0	0	0	0	0	0	0	0	0	0	0	0	0	0	0	0	0	0	0	0	0	0	0	0	0	0	
0	0	0	0	0	0	0	0	0	0	0	0	0	0	0	0	0	0	0	0	0	0	0	500	0	0	0	0	0	0	0	0	0	0	0	0	0	0	0	0	0	0	0	0	0	0	0	0	0	0	0	0	0	0	500	0	0	0	0	0	0	0	0	0	0	0	0	0	0	0	0	0	0	0	0	0	0	0	0	0	0	0	0	0	0	0	0	0	500	0	0	0	0	0	500	0	0	0	0	0	
0	0	0	0	0	500	0	0	0	0	0	0	500	0	0	0	0	0	0	0	0	0	0	0	0	0	0	0	0	0	0	0	0	0	0	0	0	0	0	0	0	500	0	0	0	0	0	0	0	0	0	0	0	0	0	0	0	0	0	0	0	0	0	0	0	0	0	0	0	0	0	0	0	0	0	0	0	0	0	0	0	0	0	0	500	0	0	0	0	0	0	0	0	0	0	0	0	0	0	0	
0	0	0	0	0	0	0	0	0	0	0	0	0	0	0	0	0	0	0	0	0	0	0	0	0	0	500	0	0	0	0	0	0	0	0	0	500	0	0	0	0	0	0	0	0	0	0	0	0	0	0	0	0	500	0	0	0	500	0	0	0	0	0	0	0	0	0	0	0	0	0	0	0	0	0	0	0	0	0	0	0	0	0	0	0	0	0	0	0	0	0	0	0	0	0	0	0	0	0	0	
0	0	0	0	0	0	0	0	0	0	0	0	0	0	0	0	0	0	0	0	0	0	0	0	0	0	0	0	0	0	0	0	500	0	0	0	0	0	0	0	0	0	0	0	0	0	0	0	0	0	0	0	0	0	0	0	0	0	0	0	0	0	0	0	0	0	0	0	0	0	0	0	0	0	0	0	0	0	0	0	0	0	0	500	0	0	0	0	0	0	0	0	0	0	0	0	500	0	0	500	
0	0	0	0	0	0	0	0	0	0	0	0	0	0	0	0	0	0	0	0	0	500	0	500	0	0	0	0	0	0	0	0	0	0	0	0	0	0	0	0	0	0	0	0	0	0	0	0	0	0	0	0	0	0	0	0	0	0	0	0	0	0	0	0	0	0	0	0	0	0	0	0	0	0	0	0	0	0	0	0	0	0	0	0	500	0	0	0	0	0	0	0	0	0	0	0	500	0	0	0	
0	0	500	0	0	0	500	0	0	0	0	0	0	0	0	0	0	0	0	0	0	0	0	0	0	0	500	0	0	0	0	0	0	0	0	0	0	0	0	0	0	500	0	0	0	0	0	0	0	0	0	0	0	0	0	0	0	0	0	0	0	0	0	0	0	0	0	0	0	0	0	0	0	0	0	0	0	0	0	0	0	0	0	0	0	0	0	0	0	0	0	0	0	0	0	0	0	0	0	0	
0	0	0	0	0	0	0	0	0	0	0	0	0	0	0	0	0	500	0	0	0	0	0	0	0	0	0	0	0	0	0	0	0	0	0	0	0	0	0	0	0	0	0	0	0	0	0	0	0	0	0	0	0	0	0	0	0	0	0	0	0	0	0	500	0	0	0	0	0	0	0	0	0	0	0	0	0	0	0	0	0	0	0	0	0	0	0	0	0	0	0	500	0	0	500	0	0	0	0	0	
0	0	0	0	0	0	0	0	0	0	0	0	0	500	0	0	0	0	0	0	0	0	0	0	0	0	0	0	0	0	0	500	0	0	0	0	0	0	0	0	0	0	0	0	0	0	0	0	0	0	0	0	0	0	0	0	0	0	500	0	0	0	0	0	0	0	0	0	500	0	0	0	0	0	0	0	0	0	0	0	0	0	0	0	0	0	0	0	0	0	0	0	0	0	0	0	0	0	0	0	
0	0	0	0	0	0	0	0	0	0	0	0	0	0	0	0	0	0	0	0	0	0	0	0	0	0	0	0	0	0	0	500	0	0	0	0	0	0	0	0	0	0	0	0	0	0	0	0	0	0	0	0	0	0	0	0	0	0	0	0	0	0	0	0	0	0	0	0	500	0	0	0	0	0	0	500	0	0	0	0	0	0	0	0	0	0	0	0	500	0	0	0	0	0	0	0	0	0	0	0	
0	0	0	0	0	0	0	0	0	0	0	0	0	0	0	0	0	500	0	0	0	0	0	0	0	0	0	0	0	0	0	0	0	0	0	0	500	0	0	0	0	0	0	0	0	0	500	0	0	0	0	0	0	0	0	0	0	0	0	0	0	0	0	0	0	0	0	0	0	0	0	0	0	0	0	0	0	500	0	0	0	0	0	0	0	0	0	0	0	0	0	0	0	0	0	0	0	0	0	0	
0	0	0	0	0	0	0	0	0	500	0	0	0	0	0	0	0	0	0	0	0	0	500	0	0	0	0	0	0	0	0	0	0	0	0	0	0	0	0	0	0	0	0	0	500	0	0	0	0	0	0	0	0	0	0	0	0	0	0	0	0	0	0	0	0	0	0	0	0	0	0	0	0	0	0	0	0	0	0	0	0	0	500	0	0	0	0	0	0	0	0	0	0	0	0	0	0	0	0	0	
0	0	0	0	0	0	0	0	0	0	0	0	0	0	0	0	500	0	0	0	0	0	0	0	0	0	0	0	0	0	0	0	0	0	0	0	0	0	0	0	0	0	0	0	0	0	0	0	0	0	0	0	0	0	0	0	0	0	0	0	0	0	500	0	0	0	0	0	0	500	0	0	0	0	0	0	0	0	500	0	0	0	0	0	0	0	0	0	0	0	0	0	0	0	0	0	0	0	0	0	
0	0	0	0	0	0	0	0	0	0	0	0	0	0	0	0	0	0	0	0	0	0	0	0	0	0	0	0	0	0	0	0	0	0	0	0	0	0	500	0	0	0	0	0	0	0	0	0	0	0	0	0	0	0	0	0	0	0	0	0	0	500	0	0	0	0	0	0	0	0	0	500	0	0	0	0	0	0	0	0	0	0	0	0	0	0	500	0	0	0	0	0	0	0	0	0	0	0	0	0	
0	0	0	0	0	0	0	0	0	0	0	0	0	0	0	0	0	0	0	0	0	0	0	0	0	0	0	0	0	0	0	0	0	0	0	0	0	0	0	0	0	0	0	0	0	0	500	0	0	0	0	0	0	0	0	0	0	0	0	0	0	500	0	0	500	0	0	0	0	0	0	0	0	0	0	0	0	0	0	0	0	0	0	0	0	0	500	0	0	0	0	0	0	0	0	0	0	0	0	0	
0	0	0	0	0	0	0	0	0	0	0	0	0	500	0	0	0	0	0	0	0	0	0	0	0	0	0	0	0	0	0	0	0	0	0	0	0	0	0	0	0	0	0	0	0	0	0	0	0	0	0	500	0	0	0	0	0	0	0	0	0	0	0	0	0	0	0	0	500	0	0	0	0	0	0	0	0	0	0	500	0	0	0	0	0	0	0	0	0	0	0	0	0	0	0	0	0	0	0	0	
0	0	0	0	0	0	0	0	0	0	0	0	0	0	0	0	0	0	0	0	0	500	0	500	0	0	0	0	0	0	0	0	0	0	0	0	0	0	0	0	0	0	0	0	0	0	0	0	0	0	0	0	0	0	0	0	0	0	0	0	0	0	0	0	0	0	500	0	0	0	0	0	0	0	0	0	500	0	0	0	0	0	0	0	0	0	0	0	0	0	0	0	0	0	0	0	0	0	0	0	
0	0	0	0	0	0	0	0	0	0	0	0	0	0	0	0	0	0	0	0	0	0	0	0	0	0	0	0	0	0	0	0	0	0	0	0	0	0	0	0	0	0	0	0	0	0	0	0	0	0	0	0	0	0	0	0	0	0	0	0	0	0	500	0	0	0	0	0	0	500	0	0	0	0	0	0	0	0	0	0	0	0	0	0	0	0	0	0	0	0	0	0	0	0	0	0	0	0	500	500	
0	0	0	0	0	0	0	0	0	0	0	0	0	0	0	0	0	0	0	0	0	0	0	0	0	0	0	0	0	0	0	0	0	0	500	0	0	0	500	0	0	0	0	0	0	0	0	0	0	0	0	0	0	0	0	0	500	500	0	0	0	0	0	0	0	0	0	0	0	0	0	0	0	0	0	0	0	0	0	0	0	0	0	0	0	0	0	0	0	0	0	0	0	0	0	0	0	0	0	0	
0	0	0	0	0	0	0	0	0	0	0	0	0	0	0	0	500	0	0	0	0	0	0	0	0	0	0	0	0	0	0	0	0	0	0	0	0	0	0	0	0	0	0	0	0	0	0	0	0	0	0	0	0	0	0	500	0	0	0	0	500	0	0	0	0	0	0	0	0	500	0	0	0	0	0	0	0	0	0	0	0	0	0	0	0	0	0	0	0	0	0	0	0	0	0	0	0	0	0	0	
0	0	500	0	0	0	0	0	0	0	0	0	0	0	0	0	0	500	0	0	0	0	0	0	0	0	0	0	0	0	0	0	0	0	0	0	500	0	0	0	0	0	0	0	0	0	0	0	0	0	500	0	0	0	0	0	0	0	0	0	0	0	0	0	0	0	0	0	0	0	0	0	0	0	0	0	0	0	0	0	0	0	0	0	0	0	0	0	0	0	0	0	0	0	0	0	0	0	0	0	
0	0	0	0	0	0	0	0	0	0	0	0	0	0	0	0	0	0	0	0	0	0	0	0	0	0	0	0	0	0	0	0	0	0	500	0	0	0	0	0	0	0	0	0	0	0	0	0	0	0	0	0	0	0	0	0	0	500	0	0	0	0	0	0	0	0	0	0	0	0	0	500	0	0	0	0	0	500	0	0	0	0	0	0	0	0	0	0	0	0	0	0	0	0	0	0	0	0	0	0	
0	0	0	0	0	0	0	0	0	0	0	0	0	0	0	0	0	0	0	500	500	0	0	0	0	500	0	0	0	0	0	0	0	0	0	0	0	0	0	0	0	0	0	0	0	0	0	0	0	0	0	0	0	0	0	0	0	0	0	0	0	0	0	0	0	0	0	0	0	0	0	0	0	0	0	0	0	0	0	0	0	0	0	0	0	0	0	0	0	0	0	0	0	0	0	500	0	0	0	0	
0	0	0	0	0	0	0	0	0	0	0	0	0	500	0	0	0	0	0	0	0	0	0	0	0	0	0	0	0	0	0	0	0	0	0	500	0	0	0	0	0	0	0	0	0	0	0	0	0	0	0	0	0	0	0	0	0	0	0	500	0	0	0	0	0	0	0	0	0	0	0	0	0	0	500	0	0	0	0	0	0	0	0	0	0	0	0	0	0	0	0	0	0	0	0	0	0	0	0	0	
0	0	0	0	0	0	0	0	0	0	0	0	0	0	0	0	0	0	0	0	0	0	0	0	0	0	0	0	0	0	0	0	0	0	0	0	0	0	0	0	500	0	500	0	0	0	0	0	0	0	0	0	0	0	0	0	0	0	0	0	0	0	0	0	0	0	0	0	0	0	500	0	0	0	0	0	500	0	0	0	0	0	0	0	0	0	0	0	0	0	0	0	0	0	0	0	0	0	0	0	
0	0	0	0	0	0	0	0	0	0	0	0	0	0	0	0	0	0	0	0	0	0	0	0	0	0	0	0	0	0	0	500	0	0	0	0	0	0	0	0	0	0	0	0	0	0	0	0	0	0	0	500	500	0	0	0	0	0	500	0	0	0	0	0	0	0	0	0	0	0	0	0	0	0	0	0	0	0	0	0	0	0	0	0	0	0	0	0	0	0	0	0	0	0	0	0	0	0	0	0	
0	0	0	0	0	0	0	0	0	0	0	0	0	0	0	0	500	0	0	0	0	0	0	0	0	0	0	0	0	0	0	0	0	0	0	0	0	0	0	0	0	0	0	0	0	0	0	0	0	0	0	0	0	0	0	500	0	0	0	0	500	0	500	0	0	0	0	0	0	0	0	0	0	0	0	0	0	0	0	0	0	0	0	0	0	0	0	0	0	0	0	0	0	0	0	0	0	0	0	0	
0	500	0	0	0	0	0	0	0	0	0	0	0	0	0	0	0	0	0	0	0	0	0	0	0	0	0	0	0	0	0	0	0	0	0	0	0	0	0	0	500	0	500	0	0	0	0	0	0	0	0	0	0	0	0	0	0	0	0	0	0	0	0	0	0	0	0	500	0	0	0	0	0	0	0	0	0	0	0	0	0	0	0	0	0	0	0	0	0	0	0	0	0	0	0	0	0	0	0	0	
0	0	0	0	0	0	0	0	0	0	0	0	0	0	0	0	0	0	0	0	0	0	0	0	0	0	0	0	0	0	0	0	0	0	0	0	0	0	500	0	0	0	0	0	0	0	0	0	0	0	0	0	0	0	0	0	500	0	0	0	0	0	0	0	500	0	0	0	0	0	0	0	0	0	0	0	0	0	500	0	0	0	0	0	0	0	0	0	0	0	0	0	0	0	0	0	0	0	0	0	
0	0	0	0	0	0	0	0	0	0	0	0	0	0	0	0	0	0	0	0	0	0	0	0	0	0	0	500	0	0	500	0	0	500	0	0	0	0	0	0	0	0	0	0	0	0	0	0	0	0	0	0	0	0	0	0	0	0	0	0	0	0	0	0	0	0	0	0	0	0	0	0	0	0	0	0	0	0	0	0	0	0	0	0	0	0	0	0	0	0	0	0	500	0	0	0	0	0	0	0	
0	0	0	0	0	0	0	0	500	0	0	0	0	0	0	0	0	0	0	0	0	0	0	0	0	0	0	0	0	0	0	0	500	0	0	0	0	0	0	0	0	500	0	0	0	0	0	0	0	0	0	0	0	0	0	0	0	0	0	0	0	0	0	0	0	0	0	0	0	0	0	0	0	0	0	0	0	0	0	0	0	0	0	0	0	0	0	0	0	0	0	0	0	0	0	0	500	0	0	0	
0	500	0	0	0	0	0	0	0	0	0	0	0	0	0	0	0	0	0	0	0	0	0	0	0	0	0	0	0	0	0	0	0	0	0	500	0	0	0	0	0	0	500	0	0	0	0	0	0	0	0	0	0	0	0	0	0	0	0	0	0	0	0	0	0	0	500	0	0	0	0	0	0	0	0	0	0	0	0	0	0	0	0	0	0	0	0	0	0	0	0	0	0	0	0	0	0	0	0	0	
0	0	0	0	0	0	0	0	0	0	0	0	0	0	0	0	0	0	0	0	0	0	0	0	0	0	0	0	0	0	0	500	0	0	0	0	0	0	0	0	0	0	0	0	0	0	0	0	0	0	0	0	500	0	0	0	0	0	0	0	0	0	0	0	0	0	0	0	0	0	0	0	0	0	0	0	0	0	0	0	0	0	500	0	0	0	0	500	0	0	0	0	0	0	0	0	0	0	0	0	
0	500	0	0	0	0	0	0	0	0	0	0	0	0	0	0	0	0	0	0	0	0	0	0	0	0	0	0	0	0	0	0	0	0	0	500	0	0	0	0	0	0	0	0	0	0	0	0	0	0	0	0	0	0	0	0	0	0	0	500	0	0	0	0	0	0	0	500	0	0	0	0	0	0	0	0	0	0	0	0	0	0	0	0	0	0	0	0	0	0	0	0	0	0	0	0	0	0	0	0	
0	0	0	0	0	0	0	0	0	0	0	0	0	0	0	0	0	0	0	0	0	0	0	0	0	0	0	0	0	0	0	0	0	0	0	0	500	0	0	0	0	0	0	0	0	0	0	0	0	0	0	0	0	500	0	0	0	0	0	0	0	0	0	0	500	0	0	0	0	0	0	0	0	0	0	0	0	0	0	0	0	0	0	0	0	0	0	0	0	500	0	0	0	0	0	0	0	0	0	0	
0	0	0	0	0	0	0	0	0	0	0	0	0	0	0	0	500	0	0	0	0	0	0	0	0	0	500	0	0	0	0	0	0	0	0	0	0	0	0	0	0	0	0	0	0	0	0	0	0	0	0	0	0	0	0	500	0	0	0	0	0	0	0	0	0	0	0	0	0	0	0	500	0	0	0	0	0	0	0	0	0	0	0	0	0	0	0	0	0	0	0	0	0	0	0	0	0	0	0	0	
0	0	0	0	0	0	0	0	0	0	0	0	0	500	0	0	0	0	0	0	0	0	0	0	0	0	0	0	0	0	0	0	0	0	0	0	0	0	0	0	0	0	0	0	0	0	0	0	0	0	0	0	0	0	0	0	0	0	500	0	0	0	0	0	0	0	0	0	0	0	0	0	0	0	0	0	0	0	0	0	0	0	0	0	0	0	0	500	500	0	0	0	0	0	0	0	0	0	0	0	
500	0	0	500	0	0	0	500	0	0	500	0	0	0	0	0	0	0	0	0	0	0	0	0	0	0	0	0	0	0	0	0	0	0	0	0	0	0	0	0	0	0	0	0	0	0	0	0	0	0	0	0	0	0	0	0	0	0	0	0	0	0	0	0	0	0	0	0	0	0	0	0	0	0	0	0	0	0	0	0	0	0	0	0	0	0	0	0	0	0	0	0	0	0	0	0	0	0	0	0	
0	0	0	0	0	500	0	0	500	0	0	0	500	0	0	0	0	0	0	0	0	0	0	0	0	0	0	0	0	0	0	0	500	0	0	0	0	0	0	0	0	0	0	0	0	0	0	0	0	0	0	0	0	0	0	0	0	0	0	0	0	0	0	0	0	0	0	0	0	0	0	0	0	0	0	0	0	0	0	0	0	0	0	0	0	0	0	0	0	0	0	0	0	0	0	0	0	0	0	0	
0	0	0	0	0	0	0	0	0	0	0	0	0	0	0	0	0	0	0	0	0	0	0	0	0	0	0	0	500	0	0	0	0	0	0	0	0	0	0	0	0	0	0	0	0	0	0	0	0	0	0	0	0	0	500	0	0	0	0	0	0	0	0	0	0	0	0	0	0	0	0	0	0	0	0	500	0	0	0	0	0	0	0	0	0	0	0	500	0	0	0	0	0	0	0	0	0	0	0	0	
0	0	0	0	0	0	0	0	0	0	0	0	0	0	500	0	0	0	0	0	0	0	0	0	0	0	0	0	0	0	0	0	0	0	0	0	0	500	0	0	0	0	0	0	0	0	0	500	0	0	0	0	0	0	0	0	0	0	0	0	0	0	0	0	0	0	0	0	0	0	0	0	0	0	0	0	0	0	0	0	0	0	0	0	0	0	0	0	0	0	0	0	0	0	0	0	0	500	0	0	
0	0	0	0	0	500	500	0	0	0	0	0	0	0	0	0	0	0	0	0	0	0	0	0	0	0	0	0	0	0	0	0	0	0	0	0	0	0	0	0	0	0	0	0	0	500	0	0	500	0	0	0	0	0	0	0	0	0	0	0	0	0	0	0	0	0	0	0	0	0	0	0	0	0	0	0	0	0	0	0	0	0	0	0	0	0	0	0	0	0	0	0	0	0	0	0	0	0	0	0	
0	0	0	0	0	0	0	0	0	0	0	500	0	0	0	0	0	0	0	0	0	0	0	0	0	0	0	0	0	0	500	0	0	0	0	0	0	0	0	0	0	0	0	0	0	0	0	0	0	0	0	0	0	0	0	0	0	0	0	0	0	0	0	0	0	0	0	0	0	0	0	0	0	0	0	0	0	0	0	0	0	0	0	0	0	0	0	0	0	500	0	0	0	500	0	0	0	0	0	0	
0	0	0	0	0	0	0	0	0	0	0	0	0	0	0	0	0	0	0	0	0	0	0	0	0	0	0	0	0	0	0	0	0	0	500	0	0	0	500	0	0	0	0	0	0	0	0	0	0	0	0	0	0	0	0	0	500	500	0	0	0	0	0	0	0	0	0	0	0	0	0	0	0	0	0	0	0	0	0	0	0	0	0	0	0	0	0	0	0	0	0	0	0	0	0	0	0	0	0	0	
0	0	0	0	0	0	0	0	0	0	0	0	0	0	0	0	0	0	0	0	0	0	0	0	0	0	0	0	500	0	0	0	0	0	0	0	0	0	0	0	0	0	0	0	0	0	0	0	0	0	0	0	0	0	0	0	0	0	0	0	0	0	0	0	0	0	0	0	0	0	0	0	0	0	0	500	0	0	0	500	0	0	500	0	0	0	0	0	0	0	0	0	0	0	0	0	0	0	0	0	
0	0	0	0	0	0	0	0	0	0	0	0	0	0	0	0	0	0	0	0	0	0	0	0	0	0	0	0	0	0	0	0	0	0	0	0	0	0	0	0	0	0	0	0	500	0	0	0	0	0	0	0	500	0	0	0	0	0	0	0	0	0	0	0	0	0	0	0	0	0	0	0	0	0	0	0	0	0	0	500	0	0	0	0	0	0	0	0	0	0	0	0	0	0	500	0	0	0	0	0	
0	0	0	0	0	0	0	0	0	0	0	0	0	0	0	500	0	0	0	0	0	0	0	0	0	0	0	0	0	0	0	0	0	0	0	0	0	0	0	0	0	0	0	0	0	0	0	0	0	0	0	0	0	0	0	0	0	0	0	0	0	0	0	0	0	0	0	0	0	0	0	0	0	0	0	0	0	500	0	0	0	0	0	0	0	500	0	0	0	0	0	0	0	0	0	0	0	0	500	0	
0	0	0	0	0	0	0	500	0	0	500	0	0	0	0	0	0	0	500	0	0	0	0	0	500	0	0	0	0	0	0	0	0	0	0	0	0	0	0	0	0	0	0	0	0	0	0	0	0	0	0	0	0	0	0	0	0	0	0	0	0	0	0	0	0	0	0	0	0	0	0	0	0	0	0	0	0	0	0	0	0	0	0	0	0	0	0	0	0	0	0	0	0	0	0	0	0	0	0	0	
0	0	0	0	0	0	0	0	0	500	0	0	0	0	0	0	0	0	0	0	0	0	500	0	0	0	0	0	0	0	0	0	0	0	0	0	0	0	0	500	0	0	0	0	0	0	0	0	0	0	500	0	0	0	0	0	0	0	0	0	0	0	0	0	0	0	0	0	0	0	0	0	0	0	0	0	0	0	0	0	0	0	0	0	0	0	0	0	0	0	0	0	0	0	0	0	0	0	0	0	
0	0	0	0	0	0	0	0	0	0	0	0	0	0	0	500	0	0	0	0	0	0	0	0	0	0	0	500	0	0	0	0	0	500	0	0	0	0	0	0	0	0	0	0	0	0	0	0	0	0	0	0	0	0	0	0	0	0	0	0	0	0	0	0	0	0	0	0	0	0	0	0	500	0	0	0	0	0	0	0	0	0	0	0	0	0	0	0	0	0	0	0	0	0	0	0	0	0	0	0	
0	0	0	0	0	0	0	0	0	0	0	500	0	0	0	0	0	0	0	0	0	0	0	0	0	0	0	0	500	0	500	0	0	0	0	0	0	0	0	0	0	0	0	0	0	0	0	0	0	0	0	0	0	0	0	0	0	0	0	0	0	0	0	0	0	0	0	0	0	0	0	0	0	0	0	0	0	0	0	0	0	0	0	0	0	500	0	0	0	0	0	0	0	0	0	0	0	0	0	0	
0	0	0	0	0	0	0	0	0	0	0	0	0	0	0	0	0	0	0	0	0	0	0	0	0	0	0	0	0	0	0	0	0	0	0	0	0	0	0	500	0	0	0	0	500	0	0	0	0	0	500	0	0	0	0	0	0	0	0	0	0	0	0	0	0	0	0	0	0	0	0	0	0	0	0	0	0	0	0	0	0	0	0	0	0	0	0	0	500	0	0	0	0	0	0	0	0	0	0	0	
0	0	0	0	0	0	0	0	0	0	0	0	0	0	0	0	0	0	0	0	500	0	0	0	0	500	0	0	0	0	0	0	0	0	0	0	0	0	0	0	0	0	0	0	0	0	0	0	0	0	0	0	0	0	0	0	0	0	0	0	0	0	0	0	0	500	0	0	0	0	0	0	0	0	0	0	0	0	0	0	0	0	0	0	0	0	0	0	0	0	0	0	0	0	0	0	0	0	500	0	
0	0	0	0	0	0	0	0	0	0	0	0	0	0	0	0	0	0	0	0	0	500	0	0	0	0	0	0	0	0	0	0	0	0	0	0	0	0	0	0	0	0	0	0	0	0	0	500	500	0	0	0	0	0	0	0	0	0	0	0	0	0	0	0	0	0	0	0	0	0	0	0	0	500	0	0	0	0	0	0	0	0	0	0	0	0	0	0	0	0	0	0	0	0	0	0	0	0	0	0	
500	0	0	500	0	0	0	0	0	0	0	0	0	0	0	0	0	0	500	0	0	0	0	0	0	0	0	0	0	0	0	0	0	0	0	0	0	0	0	0	0	0	0	0	0	0	0	0	0	0	0	0	0	0	0	0	0	0	0	0	0	0	0	0	0	0	0	0	0	0	0	0	0	0	0	0	0	0	0	0	0	0	0	500	0	0	0	0	0	0	0	0	0	0	0	0	0	0	0	0	
0	0	0	0	0	0	0	0	0	0	0	0	0	0	0	0	0	0	500	0	0	0	0	0	0	0	0	0	0	0	0	0	0	0	0	0	0	0	0	0	0	0	0	0	0	0	0	0	0	0	0	0	0	0	0	0	0	0	0	0	500	0	0	0	0	0	0	0	0	0	0	0	0	0	0	0	0	0	0	0	0	0	0	0	0	0	0	0	0	500	0	0	0	0	0	500	0	0	0	0	
0	0	0	0	0	0	0	0	500	0	0	0	0	0	0	0	0	0	0	0	0	0	0	0	0	0	0	0	0	0	0	0	500	0	0	0	0	0	0	0	0	0	0	0	0	0	0	500	0	0	0	0	0	0	0	0	0	0	0	0	500	0	0	0	0	0	0	0	0	0	0	0	0	0	0	0	0	0	0	0	0	0	0	0	0	0	0	0	0	0	0	0	0	0	0	0	0	0	0	0	
17	0	41	54	63	14	27	81	11	54	70	87	34	32	78	61	16	8	28	69	7	8	49	91	59	70	98	45	47	49	8	59	73	7	69	18	89	49	0	80	66	43	72	81	46	28	77	90	85	28	12	17	69	95	26	54	55	32	33	99	51	54	16	24	3	51	86	27	60	92	51	8	34	74	0	20	35	62	46	8	91	76	6	26	56	67	85	15	27	27	81	15	81	4	65	11	66	16	36	12	3	28	54	0	75	29	96	4	61	84	27	48	26	38	89	65	97	72	1	40	69	6	18	59	27	19	0	55	89	22	27	79	12	42	87	58	49	30	70	69	84	80	66	80	19	33	68	68	82	98	18	99	7	23	56	69	51	51	95	23	66	86	40	27	14	84	24	17	84	27	32	15	32	68	38	69	28	13	21	36	72	29	12	58	3	29	3	11	11	84	63	85	88	26	13	24	1	7	10	45	72	38	92	46	29	66	86	87	46	93	59	6	28	16	27	54	15	8	71	55	69	2	44	75	51	27	91	74	65	64	22	10	73	81	60	94	3	61	20	34	1	95	90	76	8	77	39	88	68	12	0	35	15	25	50	63	46	41	18	76	2	69	2	80	79	10	46	63	46	0	51	78	85	34	57	51	73	99	24	94	27	93	70	85	47	37	57	48	35	20	71	32	3	11	95	23	85	39	92	21	86	73	54	55	27	37	51	65	95	79	5	17	2	22	26	76	29	40	4	53	2	97	95	86	44	22	89	71	42	24	2	55	43	37	44	65	14	65	8	71	75	26	2	18	23	39	80	83	99	23	70	43	48	63	34	66	19	95	1	47	53	80	27	29	19	95	94	2	6	62	98	34	27	82	30	92	28	7	33	88	25	65	6	75	34	9	31	95	41	84	32	52	7	43	10	64	49	87	66	4	87	49	10	16	87	2	70	57	46	79	75	85	61	41	34	25	52	70	13	25	5	33	16	67	45	72	64	39	89	16	39	90	90	54	33	6	48	20	23	88	89	65	90	96	82	15	24	68	75	3	40	56	55	59	93	18	13	82	52	50	67	90	16	10	33	65	28	22	14	30	12	64	33	64	66	36	92	14	30	84	7	6	69	36	29	62	84	54	17	69	64	46	53	6	23	10	22	44	85	10	56	98	27	32	82	39	27	85	31	70	9	20	20	10	86	77	0	70	11	91	62	97	22	75	21	94	47	71	95	89	27	84	16	22	23	74	7	88	29	90	71	15	49	26	55	79	16	95	40	83	31	41	21	99	80	18	77	19	43	74	58	30	9	58	97	32	56	68	18	74	92	65	52	44	6	81	82	9	47	38	90	97	65	52	0	37	96	21	27	78	1	1	18	32	53	14	7	90	14	32	50	28	40	25	46	23	4	33	42	0	35	50	20	76	3	4	5	40	56	33	41	1	43	97	46	60	50	30	17	98	21	45	11	48	29	49	25	15	63	62	7	80	37	15	3	84	66	13	6	76	53	66	61	53	59	11	48	8	88	56	33	82	96	86	73	65	47	87	61	84	7	48	81	81	7	13	79	53	79	91	44	73	8	68	57	30	3	57	31	78	54	70	62	76	33	5	40	42	18	18	62	62	24	7	72	67	34	24	53	79	96	86	60	63	7	56	3	33	33	48	98	96	6	90	8	43	19	80	20	45	61	22	64	12	38	18	52	2	42	96	31	94	38	47	56	11	44	40	5	88	36	1	91	64	67	26	10	46	42	29	85	69	70	14	7	32	69	63	26	50	51	77	18	94	98	20	6	11	5	1	1	71	14	89	70	26	84	45	43	31	45	30	47	64	22	42	31	27	72	97	50	15	9	13	99	82	1	17	44	65	33	30	81	13	70	72	68	87	17	84	50	20	88	96	28	77	27	20	46	55	71	78	98	79	89	66	81	26	67	22	27	93	40	42	3	57	27	24	31	38	84	84	95	95	9	63	94	87	29	15	10	73	71	72	72	0	51	76	8	43	74	72	56	89	29	67	13	9	18	0	76	50	16	68	57	98	70	19	62	34	44	5	53	22	54	78	83	21	22	52	66	31	24	31	41	38	57	57	22	49	11	51	38	49	97	79	41	70	40	94	58	71	96	25	26	49	27	90	12	4	89	36	79	66	29	78	4	63	10	19	50	45	43	22	29	13	83	62	19	19	23	30	10	24	26	94	32	1	57	1	98	84	84	63	79	99	59	63	5	43	9	43	47	74	83	79	79	55	97	30	19	42	17	47	34	53	39	88	99	55	65	62	97	4	48	77	6	61	43	51	44	3	82	25	42	40	20	76	67	84	50	92	90	40	78	60	74	42	76	3	14	74	50	63	89	73	33	80	99	84	84	41	16	69	11	49	3	16	9	82	79	90	79	96	43	44	71	10	47	64	26	11	11	78	64	9	70	79	87	44	52	25	31	35	53	59	45	17	92	56	99	36	13	61	2	81	72	77	42	1	80	39	73	84	17	59	11	9	29	75	75	85	99	27	65	8	43	71	48	58	65	6	62	29	76	93	80	75	23	10	90	6	25	88	49	78	26	49	66	46	30	63	75	43	64	84	84	92	7	13	62	89	78	29	27	40	73	49	16	4	83	62	95	93	22	79	33	82	42	94	0	47	36	39	51	55	91	9	94	75	1	34	84	98	45	72	84	16	79	44	96	47	8	90	22	26	88	72	54	95	89	94	50	43	55	22	6	81	38	98	90	75	51	92	4	7	90	6	97	38	82	78	33	11	87	87	51	33	98	77	3	32	42	67	33	51	55	8	68	9	57	32	50	74	28	28	53	23	35	67	84	83	75	17	37	51	47	94	38	45	62	52	82	36	39	20	29	48	11	58	5	15	34	20	25	96	30	71	53	70	31	53	75	3	86	39	35	93	45	32	6	93	73	99	97	6	92	44	43	26	22	60	7	47	5	65	9	51	15	10	41	31	32	12	74	51	17	25	52	59	21	99	29	39	20	46	27	57	12	19	16	70	1	39	8	17	52	70	24	40	60	27	84	86	89	21	59	29	26	49	49	31	10	90	40	95	96	7	39	90	65	52	37	13	30	17	20	36	8	48	72	61	95	90	42	71	23	0	5	41	52	40	22	89	42	76	86	7	32	17	9	14	43	37	57	69	10	48	88	97	17	6	16	89	71	91	98	12	55	71	71	97	31	99	88	18	27	22	45	56	24	55	15	56	2	98	70	54	86	81	44	82	45	50	94	36	4	44	18	77	23	62	25	8	88	45	75	50	97	84	88	65	11	57	49	57	13	29	12	78	23	40	8	39	20	18	30	69	58	76	17	53	63	45	54	77	80	51	20	35	60	53	21	41	9	32	74	98	36	92	20	27	54	61	31	41	30	36	8	83	29	24	16	72	6	41	19	15	18	31	21	44	20	99	73	36	36	72	96	48	20	15	68	57	29	34	39	20	64	86	96	84	74	70	74	74	32	54	51	30	43	5	30	57	58	36	41	48	90	69	69	74	51	37	64	58	36	30	3	33	97	42	27	70	68	82	18	30	49	85	57	83	6	22	79	23	41	89	21	66	66	76	39	52	4	91	62	22	69	6	10	95	88	5	24	76	73	40	9	6	69	41	97	94	78	64	42	81	49	14	19	56	33	99	53	56	0	57	31	31	15	92	75	77	3	61	85	4	45	93	81	5	23	41	18	81	89	38	23	18	73	84	65	92	5	51	85	13	45	40	43	69	81	74	29	23	89	77	85	27	13	84	62	21	16	22	84	16	54	48	16	51	45	87	80	5	71	61	41	83	73	42	85	35	8	41	88	82	74	42	45	13	0	3	82	93	24	52	24	52	15	63	28	6	36	58	95	24	4	45	68	77	21	75	44	74	79	80	79	90	53	42	49	27	44	36	0	59	65	53	23	0	3	88	46	5	30	25	60	58	43	48	79	85	80	2	20	39	33	4	19	98	51	62	84	66	96	80	32	88	77	72	29	24	60	61	69	88	4	47	11	40	92	58	0	26	91	25	92	27	66	66	34	45	85	47	65	63	36	2	65	43	78	96	82	10	57	25	65	27	93	81	32	77	87	71	27	71	70	32	89	69	32	66	91	74	63	34	43	57	80	62	11	68	86	18	30	98	9	72	53	59	78	87	35	64	60	6	28	69	95	3	45	67	59	2	98	81	13	79	55	7	90	33	70	48	78	95	65	21	78	61	53	90	92	93	8	26	38	53	72	21	75	36	68	45	62	3	53	61	96	42	25	81	63	94	5	61	45	70	92	69	24	41	25	52	35	30	6	37	93	64	88	96	35	16	8	46	10	26	16	96	30	30	5	12	18	42	53	87	10	37	8	2	57	78	46	83	67	28	67	41	33	94	82	13	25	59	60	92	75	52	93	66	73	94	96	26	88	41	5	73	12	4	77	37	86	62	30	99	5	96	41	62	77	51	65	56	35	50	72	93	75	3	2	9	38	15	28	92	0	17	83	62	33	16	24	61	4	24	59	0	9	5	51	35	32	21	53	34	70	77	72	63	39	44	29	67	88	3	6	72	32	37	4	28	96	89	73	36	66	75	47	74	24	30	5	41	73	76	78	14	67	57	14	10	49	65	19	55	84	82	95	29	85	78	3	56	65	67	89	39	47	61	6	7	81	46	50	4	48	93	92	11	90	94	69	63	97	45	11	54	16	72	83	86	2	92	30	0	60	2	16	98	28	56	98	49	97	6	0	16	54	14	7	15	99	34	77	23	17	92	11	81	88	19	4	84	24	11	49	31	14	56	4	69	13	36	19	18	40	44	87	55	0	96	0	13	26	91	39	28	88	3	66	16	3	29	8	60	12	39	32	36	79	55	49	82	38	83	35	70	47	48	60	78	57	24	41	61	87	43	30	7	13	27	11	3	94	14	39	23	84	34	92	86	97	99	58	98	33	52	68	13	26	37	99	67	47	68	28	60	99	32	98	91	11	14	57	60	48	17	15	40	89	66	7	97	65	19	31	58	67	46	29	0	71	61	35	99	3	17	64	29	41	87	33	34	17	87	65	69	18	58	55	30	44	18	0	71	90	66	38	88	61	15	16	37	77	76	99	94	91	0	49	99	10	17	47	76	21	27	73	47	75	30	89	94	65	57	20	10	45	64	4	59	44	69	68	69	37	19	53	49	96	98	92	15	3	76	44	86	72	53	98	32	27	27	33	1	47	74	31	37	23	5	57	9	18	72	97	87	17	34	71	29	15	32	2	23	93	65	54	38	97	23	61	73	10	37	47	94	90	57	71	13	15	44	14	33	90	36	72	23	18	28	65	52	51	10	76	52	40	65	95	53	31	10	0	18	51	57	92	41	64	43	50	61	70	13	33	1	32	62	19	87	17	56	21	26	18	76	63	51	30	76	84	76	81	94	35	99	47	96	81	91	64	60	11	91	49	40	42	53	9	98	85	14	67	55	43	42	25	69	48	42	46	66	74	61	12	99	16	19	3	80	3	23	64	0	67	68	52	59	82	65	18	31	72	36	31	73	73	47	52	68	34	84	69	69	84	2	2	93	82	78	21	72	15	3	89	37	45	99	85	18	6	21	23	44	7	41	29	56	98	96	81	2	98	6	6	44	68	79	46	4	63	51	17	25	62	53	15	7	4	
49	28	49	62	13	55	81	37	17	75	96	11	16	42	44	71	88	56	29	15	27	94	69	43	41	33	61	62	46	55	73	39	65	0	47	72	86	66	51	11	30	73	19	58	6	58	7	33	15	66	25	64	74	91	62	15	80	89	54	56	71	22	11	20	26	78	41	0	55	2	26	13	68	63	66	23	97	43	27	49	98	6	54	46	10	86	11	12	21	58	40	48	24	66	53	50	52	40	4	9	6	43	42	4	51	91	75	33	8	45	4	9	23	51	20	21	23	25	53	98	51	89	55	0	90	62	9	25	63	63	72	27	94	1	3	48	99	68	80	52	93	9	79	47	76	49	58	21	65	54	93	32	57	24	35	42	26	60	77	73	15	96	50	81	70	52	12	6	1	37	87	72	7	45	86	89	47	44	74	38	56	15	33	44	25	8	52	32	82	71	99	90	92	49	40	69	24	44	75	40	75	48	98	25	70	98	30	97	86	16	71	37	52	58	11	97	78	89	10	3	79	39	42	73	82	99	79	18	74	89	27	11	10	43	19	71	34	16	47	33	83	41	53	44	38	57	29	19	99	43	45	48	74	75	9	80	73	95	3	23	42	31	72	16	90	68	52	38	55	76	9	59	88	66	23	88	68	94	92	6	78	50	93	29	17	61	74	8	17	11	53	14	46	82	46	81	39	70	35	58	16	24	84	6	25	51	24	14	47	7	37	96	87	84	12	11	48	74	9	98	85	14	14	82	80	1	46	51	65	35	80	7	90	71	48	42	77	93	28	50	93	94	83	75	67	19	76	23	34	53	83	38	13	89	6	18	90	84	48	63	94	63	32	47	73	39	43	71	17	17	4	11	33	72	34	32	12	90	14	10	84	50	51	97	53	67	55	18	61	83	89	3	85	23	4	81	33	92	60	71	79	71	95	25	80	81	12	5	48	74	22	99	78	5	61	29	73	50	90	70	10	78	26	23	35	37	3	28	61	94	33	82	57	56	37	79	20	6	40	60	94	87	35	84	77	14	44	59	5	58	14	59	60	77	12	36	55	85	22	36	35	37	78	2	40	71	83	35	68	24	16	87	32	5	53	95	97	51	35	73	35	63	60	77	28	90	79	65	24	73	31	62	37	29	64	19	44	19	35	47	74	76	42	43	11	0	76	19	86	26	32	33	9	74	58	17	60	92	27	4	58	79	93	32	53	78	55	93	17	44	24	9	21	4	80	20	48	16	69	48	96	10	2	61	45	65	46	33	9	23	56	44	9	41	75	35	61	24	20	48	12	53	50	12	93	13	0	42	57	93	66	74	42	78	77	82	58	77	18	86	23	23	66	72	25	69	11	63	15	76	89	8	7	20	13	79	69	48	32	2	91	39	32	20	6	40	57	21	31	18	11	32	18	36	89	18	22	1	32	9	29	8	95	65	55	88	77	36	3	15	78	22	63	62	99	12	7	35	73	68	82	97	22	63	11	34	58	69	15	15	5	95	53	61	7	43	4	29	10	5	42	88	68	95	91	2	3	41	25	38	95	17	25	20	85	3	16	25	71	52	22	17	96	46	1	75	87	66	70	18	44	80	69	41	72	77	25	35	40	63	76	59	86	22	78	28	66	44	18	85	29	57	26	49	72	55	27	94	72	94	37	65	47	51	34	83	52	60	11	1	78	38	12	68	46	77	55	97	31	42	33	85	32	75	43	17	64	44	9	90	58	15	21	9	15	76	20	55	10	37	2	8	18	90	13	11	74	4	74	68	45	57	78	71	12	97	21	31	74	38	6	16	1	96	93	41	76	82	56	1	29	74	89	46	97	32	99	91	98	14	36	83	69	24	61	61	21	88	95	16	49	3	62	28	38	13	45	50	20	57	47	19	44	77	91	65	24	9	16	63	24	43	64	44	25	59	60	36	53	16	85	48	12	16	28	81	68	72	30	76	97	60	59	54	92	62	66	69	83	46	50	48	74	78	85	42	31	71	88	67	54	21	72	52	92	2	18	18	59	31	31	59	7	52	76	18	78	87	43	75	2	66	28	4	91	70	28	23	11	80	88	92	12	52	42	65	26	37	38	18	36	39	88	69	4	7	59	75	35	40	94	14	21	81	82	56	83	42	92	88	93	97	21	9	20	35	35	64	82	61	17	60	20	20	85	80	42	4	96	28	42	31	96	41	4	52	36	0	50	55	94	21	88	12	16	45	35	29	33	49	93	10	99	54	65	22	39	94	12	84	50	69	74	38	33	16	16	36	85	64	76	80	27	38	35	7	72	16	40	26	81	26	79	41	99	9	58	86	11	14	80	50	10	94	70	41	52	3	28	17	96	25	72	43	58	1	26	95	42	60	47	48	71	83	65	40	48	28	64	11	52	95	58	80	34	57	11	93	48	87	37	75	76	50	96	26	61	76	86	57	33	77	47	42	9	18	44	61	18	76	43	13	1	5	1	60	67	60	89	11	97	64	67	94	32	73	18	90	19	54	67	71	32	64	55	19	39	6	50	71	80	31	52	32	27	74	4	39	70	47	67	33	88	64	35	72	77	65	27	80	49	87	29	22	76	24	1	9	50	11	51	97	65	40	50	38	89	47	73	74	27	32	46	8	87	54	95	17	30	72	34	20	12	50	49	0	30	85	29	18	68	7	7	45	54	99	80	4	56	56	73	67	73	23	31	9	91	2	78	60	2	75	81	44	77	13	21	3	80	96	96	35	12	77	47	84	20	90	45	17	4	10	90	38	59	47	54	88	14	8	47	9	13	80	59	16	42	14	37	29	63	4	47	56	71	53	82	19	49	83	32	37	43	40	92	55	45	68	77	61	72	53	23	83	15	78	70	51	21	18	17	32	64	14	48	54	83	8	72	65	1	36	12	63	38	41	75	82	60	1	78	31	15	0	53	24	28	67	27	93	69	89	27	73	3	47	8	55	64	5	60	10	51	35	29	54	81	48	94	2	47	89	80	43	52	66	6	59	50	9	48	61	96	35	72	43	69	4	95	45	33	86	94	15	29	78	81	33	87	25	31	13	41	2	81	93	89	21	86	67	69	14	79	80	62	61	28	27	23	51	87	12	88	59	93	10	74	36	74	21	85	94	67	53	96	93	83	24	19	91	82	2	81	22	64	99	18	1	0	21	0	77	64	85	9	74	11	8	75	99	25	39	72	30	80	98	45	79	6	27	80	66	55	96	73	14	63	41	31	32	52	46	92	46	23	31	89	35	31	69	90	75	34	33	96	76	42	64	14	63	56	46	39	27	19	51	96	39	32	1	63	92	99	5	85	66	35	29	71	90	62	56	15	71	20	99	70	85	93	10	46	70	52	14	40	35	3	94	48	63	81	9	35	25	45	90	19	83	17	77	41	11	66	49	9	64	17	66	28	65	40	87	75	83	92	24	42	75	63	32	89	71	93	50	42	5	47	8	6	18	34	51	51	94	27	96	43	82	91	1	26	42	93	76	54	6	96	93	5	93	96	37	5	74	67	32	10	41	69	34	96	43	81	75	18	34	86	67	84	13	90	16	62	79	92	38	52	7	68	60	38	74	20	34	70	3	9	7	52	76	95	87	62	58	28	54	60	6	32	42	89	2	21	16	17	25	3	5	73	89	80	61	75	48	11	81	44	22	22	95	75	12	2	54	20	74	22	75	34	66	13	35	56	35	38	15	91	12	85	94	67	36	56	39	31	27	56	18	93	64	81	45	62	54	4	95	36	70	0	71	84	27	60	2	63	51	76	50	90	68	0	23	40	61	12	53	57	3	71	84	31	52	7	15	17	88	61	6	75	82	50	81	32	89	68	84	18	70	49	57	39	85	98	21	85	91	92	61	32	1	96	64	81	84	36	30	40	57	44	94	92	95	87	58	11	35	92	82	46	48	49	60	39	5	58	8	96	57	61	91	93	40	21	29	18	5	58	80	83	83	30	49	68	18	23	53	35	33	63	13	69	58	30	79	84	68	52	76	87	81	72	86	95	14	6	30	71	79	6	73	74	90	83	61	84	61	96	17	42	39	52	33	7	99	97	38	86	83	60	84	56	51	62	92	92	21	43	15	10	67	0	23	34	76	92	39	1	8	46	77	16	69	72	69	40	63	81	29	20	81	38	94	62	75	77	5	88	95	39	50	34	24	28	76	9	98	17	44	30	4	49	18	74	92	38	63	58	87	85	24	38	9	46	52	78	63	96	8	39	1	13	55	69	81	98	49	8	72	74	51	78	49	49	75	71	12	40	77	8	43	80	88	85	31	2	10	29	33	86	47	47	69	66	48	8	86	30	1	86	6	55	60	45	8	70	78	72	25	79	90	37	76	82	83	1	61	61	55	31	43	57	49	87	43	34	34	95	38	19	91	99	45	55	83	86	27	34	77	35	66	70	32	59	82	5	18	31	4	95	69	10	78	28	41	80	79	98	70	51	59	7	15	47	83	9	52	11	90	57	26	79	0	4	77	13	98	62	59	90	65	50	6	86	23	16	89	70	29	1	96	54	80	36	44	6	6	66	70	94	2	94	60	88	6	91	64	52	15	25	83	22	69	25	3	82	68	38	56	49	13	8	3	41	14	55	53	88	19	12	9	44	31	4	50	41	54	73	12	73	61	63	65	78	95	93	18	95	9	23	25	63	49	25	65	61	20	45	60	90	2	46	26	76	53	28	71	35	27	96	38	80	98	95	43	90	1	68	51	55	90	1	31	59	51	85	93	51	1	3	4	25	71	86	66	27	44	58	14	64	13	71	15	76	4	74	4	62	46	29	52	15	60	27	18	86	21	50	69	36	31	48	20	3	59	76	33	39	28	60	0	0	91	94	57	30	80	31	16	86	10	72	91	49	79	83	99	5	79	85	7	38	26	87	97	83	26	17	72	81	87	95	12	21	88	41	16	15	50	86	4	61	82	11	80	27	55	20	49	39	48	58	31	58	84	35	70	52	20	66	5	66	59	58	33	44	90	31	87	1	43	50	27	0	56	21	89	66	57	65	28	11	47	37	63	38	64	13	72	30	41	13	27	64	67	65	70	7	95	75	57	18	22	14	27	41	75	72	1	89	68	85	6	42	53	14	48	4	88	0	54	74	56	3	41	30	16	45	53	99	15	27	37	49	84	88	85	87	15	46	19	44	62	75	12	56	28	62	20	41	59	85	52	59	17	58	70	71	60	29	44	1	46	85	61	5	86	3	36	56	50	95	83	50	52	50	92	45	96	59	82	77	45	44	82	86	26	25	83	77	64	91	19	8	99	75	50	67	1	69	19	62	13	79	65	21	30	5	54	63	43	80	55	61	23	14	99	97	53	47	24	87	97	32	75	87	78	32	50	63	61	11	3	70	14	54	64	72	76	85	31	58	2	41	73	11	8	51	75	88	54	30	8	84	44	50	17	53	92	78	3	94	51	18	24	62	47	38	90	77	81	69	49	68	22	85	33	3	60	28	99	61	4	69	78	29	33	98	39	62	53	29	29	73	64	30	83	17	16	84	45	59	17	93	10	20	17	84	80	85	3	76	54	40	91	3	9	18	61	63	36	33	73	20	48	40	91	13	12	94	45	61	99	14	45	46	85	62	16	56	69	53	9	44	27	85	27	61	94	76	79	22	74	70	87	98	
20	19	13	12	6	17	6	15	18	17	20	8	13	17	2	6	15	2	19	17	1	13	19	11	5	14	2	19	20	16	15	9	6	1	2	6	16	1	11	7	12	16	5	6	3	14	16	19	5	9	8	3	8	18	8	4	4	17	20	18	10	5	9	10	1	13	7	9	11	2	5	9	7	7	7	17	10	11	6	9	12	5	7	7	3	7	15	10	7	17	15	10	14	15	19	20	8	17	14	5	19	5	20	3	7	7	6	10	6	10	9	3	13	5	6	12	8	18	18	12	20	14	10	2	19	18	11	19	1	14	6	2	20	4	12	10	5	5	10	19	20	1	2	7	6	15	15	5	17	10	15	8	18	12	11	8	17	14	16	11	15	16	15	9	10	16	13	15	19	15	20	14	18	18	3	7	12	5	4	16	11	3	8	17	20	19	13	7	3	15	18	20	14	3	9	16	13	1	7	12	6	11	2	17	1	19	9	1	20	17	6	16	11	20	3	11	8	7	15	15	11	13	13	18	2	7	8	16	1	12	10	18	6	15	9	18	17	18	4	3	8	2	18	16	3	3	2	18	16	20	7	8	4	8	12	17	19	8	8	9	10	7	15	14	7	8	13	11	6	5	13	11	5	11	2	10	9	11	19	6	6	5	8	2	5	12	1	5	16	3	13	7	4	19	4	10	1	11	2	14	17	14	18	12	12	4	4	4	4	12	3	1	10	15	2	17	4	8	14	3	12	10	12	12	6	18	1	19	20	19	6	3	18	20	19	8	2	19	3	15	12	16	18	5	9	2	16	20	3	20	20	3	14	11	5	9	8	10	14	10	14	4	2	4	3	11	4	18	10	3	11	19	20	12	1	12	9	3	7	4	5	13	6	17	4	5	6	6	16	17	2	11	1	19	7	18	13	14	12	2	5	12	3	15	18	13	6	19	4	12	13	14	20	17	9	9	9	16	19	10	10	16	8	17	4	12	9	4	5	14	12	3	2	11	12	19	20	20	8	6	7	2	8	8	5	2	17	15	6	17	20	11	20	15	2	5	20	6	17	19	14	12	20	17	8	12	2	17	19	8	15	15	19	17	8	16	6	4	18	2	9	18	18	1	8	11	14	2	1	6	17	19	5	2	14	20	16	6	13	15	3	17	19	8	1	17	17	12	17	11	16	5	5	4	17	4	1	17	6	4	7	2	15	4	12	6	16	13	20	16	12	10	5	19	16	18	3	18	11	6	16	19	15	18	5	7	14	19	11	11	15	11	18	12	13	10	8	7	4	10	5	4	17	3	3	10	1	10	15	8	14	17	5	8	3	4	11	11	19	4	6	18	14	7	2	2	1	13	5	4	13	20	19	13	19	8	18	17	20	2	15	15	14	8	15	14	12	2	2	9	1	6	9	3	9	4	11	18	9	5	19	15	6	19	2	7	6	2	19	10	8	12	5	7	3	1	1	17	10	10	17	19	4	13	18	16	5	6	17	2	7	10	14	10	9	19	7	17	9	17	16	16	1	6	7	20	17	10	9	13	10	15	18	18	5	12	16	18	11	13	16	20	17	8	18	3	17	4	12	5	18	10	2	11	11	13	6	6	20	17	5	11	18	4	4	18	6	1	19	18	5	1	20	18	5	15	11	4	17	2	6	6	8	3	6	7	18	2	19	5	20	16	11	5	19	7	14	11	16	19	11	2	17	17	20	14	5	19	5	7	11	14	1	11	11	1	14	4	2	7	20	13	1	9	17	16	9	11	2	10	15	2	19	15	1	11	6	10	15	20	20	8	20	9	16	17	13	16	10	18	16	11	14	1	2	13	19	10	13	5	17	2	18	10	5	15	5	7	16	16	20	6	11	17	20	7	19	20	13	9	17	20	20	3	6	1	15	3	7	13	3	18	10	15	20	13	18	19	8	13	2	15	4	11	14	18	16	11	18	20	13	3	9	14	2	16	19	2	1	7	9	20	2	9	4	14	20	18	1	15	8	16	1	11	8	8	5	8	13	15	15	13	11	18	2	14	4	10	9	14	13	12	18	14	17	14	5	20	11	8	18	5	18	11	10	2	18	5	2	5	4	15	6	8	6	11	8	4	2	17	15	15	9	13	2	20	10	1	11	19	17	4	11	17	8	11	14	18	18	6	2	1	14	18	12	1	12	5	4	5	5	8	8	20	11	10	19	19	17	1	12	12	15	9	12	8	8	11	6	5	7	11	1	6	16	7	7	18	9	16	1	17	17	14	12	20	8	3	5	20	4	12	5	2	1	5	5	11	17	12	17	5	16	9	8	12	11	3	5	13	3	20	18	13	14	8	16	13	13	14	12	2	4	8	15	5	4	18	18	8	3	10	10	7	1	20	11	10	19	11	20	8	11	6	12	5	1	2	13	3	18	17	1	17	12	12	7	6	12	12	4	13	5	13	15	13	19	1	4	6	4	20	16	9	15	8	15	7	20	18	3	14	1	2	6	13	2	6	6	7	3	10	11	15	7	12	13	11	15	11	8	5	9	16	11	2	10	10	14	14	11	10	3	9	15	9	14	3	2	10	10	14	5	1	2	12	10	12	5	4	11	10	3	8	6	15	1	6	11	4	16	5	7	1	4	4	9	16	2	11	1	8	16	3	9	9	6	1	14	3	5	8	8	8	9	1	3	8	2	16	9	9	11	1	6	16	9	8	13	14	4	10	12	9	7	10	11	16	5	12	13	8	5	15	1	11	14	9	3	14	9	10	1	9	6	7	4	14	10	14	4	6	10	9	7	14	10	8	8	8	9	4	15	3	9	11	8	15	8	11	6	5	14	4	4	13	15	10	3	3	15	4	6	8	4	4	1	4	10	2	16	12	13	5	1	7	14	15	14	6	9	6	4	14	10	9	9	12	16	16	15	3	6	6	6	13	3	11	10	13	10	14	8	2	14	7	15	9	5	8	6	8	16	10	11	7	4	15	8	13	14	7	11	14	16	14	2	2	2	14	10	3	15	16	5	7	9	7	7	2	6	10	4	16	3	16	9	12	9	2	14	10	5	12	14	8	3	15	8	2	11	8	16	9	3	10	4	16	11	13	15	7	12	2	3	11	7	8	3	9	8	5	12	13	5	4	8	2	7	2	12	13	8	5	2	8	6	15	13	1	14	12	16	4	7	15	14	11	12	7	16	14	1	11	10	6	14	14	8	2	10	7	3	7	3	11	16	6	10	3	4	10	1	15	8	8	10	7	2	2	5	16	14	16	14	8	1	3	3	6	12	15	4	9	16	5	1	10	14	1	11	11	14	8	1	4	4	2	5	14	11	14	7	10	12	1	1	1	16	4	5	1	12	12	10	16	7	14	14	6	1	9	1	2	10	14	13	16	15	14	12	3	14	12	13	2	3	6	6	4	5	9	4	10	16	6	7	10	9	12	14	8	14	4	10	9	11	7	10	2	10	5	9	3	7	4	3	8	8	9	6	12	8	1	16	8	16	7	13	7	5	13	2	11	16	6	12	11	5	15	2	13	15	2	6	11	2	2	8	13	8	15	3	9	2	4	4	6	15	13	16	4	11	3	15	5	11	14	1	5	10	1	16	8	10	8	11	5	3	12	7	15	13	7	11	13	16	13	9	1	7	13	15	11	16	15	13	11	11	5	12	4	6	2	7	13	3	4	2	15	14	10	10	16	6	5	15	2	6	10	2	14	5	14	14	11	11	3	4	3	5	11	13	7	1	7	7	12	13	3	8	6	8	9	1	3	10	8	6	16	11	13	14	5	3	13	12	12	14	10	15	2	1	13	5	4	6	2	8	12	8	6	5	6	2	5	1	11	7	1	14	7	12	4	11	16	1	12	14	5	6	14	8	15	11	3	10	13	9	12	2	16	4	10	9	3	11	4	10	7	13	13	15	3	14	7	5	15	11	5	6	16	13	12	2	1	8	15	15	9	7	12	8	7	3	9	6	13	3	11	1	5	1	10	7	15	14	8	8	11	12	3	13	16	7	14	9	2	5	9	9	7	8	7	7	11	4	12	6	15	2	6	1	4	9	10	4	11	9	6	15	5	1	15	10	8	1	9	6	8	10	5	15	1	13	16	2	2	11	4	9	12	13	14	14	6	6	9	15	11	12	11	2	10	12	8	4	2	12	10	15	7	16	3	12	13	6	5	16	13	9	1	12	4	16	13	1	4	3	15	12	1	13	6	13	10	13	13	8	5	3	1	6	14	6	12	8	16	10	6	11	1	5	12	15	9	8	2	12	6	3	14	15	9	16	3	13	13	14	12	16	12	9	4	1	6	15	8	5	13	11	12	2	12	9	3	4	6	2	16	2	4	9	14	8	10	3	4	3	15	16	1	3	10	9	4	16	1	16	2	16	13	14	10	14	14	8	6	11	10	4	8	1	8	16	9	6	4	6	14	3	13	6	9	4	1	12	5	3	4	13	9	14	1	6	11	13	12	5	16	2	9	5	12	13	9	14	16	11	16	13	14	15	1	7	11	12	15	2	2	1	3	4	4	5	5	8	16	15	10	8	11	15	8	6	12	14	3	1	10	7	15	6	1	7	2	3	13	1	13	7	3	12	6	15	6	10	2	13	5	3	10	13	11	13	16	15	7	10	11	11	12	11	3	7	9	5	9	9	8	2	12	11	15	16	1	12	4	5	3	6	5	6	4	4	3	8	16	11	6	16	9	5	3	6	3	16	1	7	9	11	2	11	13	13	9	12	4	6	11	10	10	5	11	11	9	1	16	5	6	13	7	11	2	2	1	1	5	11	15	11	12	16	1	10	12	8	8	6	1	1	6	7	11	1	16	8	9	9	4	13	6	13	8	8	8	3	7	8	10	7	12	11	15	7	2	4	6	10	2	3	4	4	16	16	5	6	13	8	14	2	1	3	11	7	1	9	8	13	12	12	13	3	7	16	16	7	13	14	9	11	5	16	12	5	12	1	9	10	14	14	6	13	8	3	14	9	3	11	2	4	15	13	6	3	3	16	6	6	16	6	12	10	7	16	7	4	4	15	6	6	10	7	13	10	2	2	14	3	2	15	7	16	10	16	10	10	8	11	5	6	7	4	6	14	7	10	13	6	16	7	10	6	3	12	12	9	6	12	9	11	5	12	11	3	7	12	4	4	11	1	5	11	9	16	1	2	6	6	2	5	11	13	5	2	3	10	8	15	8	9	7	9	7	15	7	15	12	6	3	8	9	15	13	14	7	15	16	13	5	5	3	14	10	12	2	16	6	12	12	13	15	15	11	7	2	12	8	4	5	15	1	9	15	9	13	11	12	11	2	12	16	6	10	13	6	1	7	6	7	14	7	16	2	14	11	16	8	6	1	16	5	7	2	8	4	7	16	2	16	3	16	3	2	4	16	14	16	6	7	5	14	2	13	5	10	10	13	15	14	14	6	7	2	14	16	11	15	16	11	16	2	13	4	3	3	7	1	5	12	9	11	2	2	7	9	16	8	8	2	13	13	2	9	15	16	3	7	8	15	11	14	12	11	1	2	11	5	7	13	5	8	2	15	14	8	8	10	12	12	14	8	1	3	13	15	2	8	8	3	5	2	16	14	1	10	4	16	12	5	16	6	15	7	13	1	11	7	8	11	3	5	3	10	2	
860	550	620	480	110	970	880	520	370	160	190	920	150	560	640	210	130	480	130	590	880	870	920	100	290	730	770	730	710	570	120	830	170	760	570	240	110	420	670	460	320	370	1000	780	530	340	390	690	690	710	320	890	360	650	460	210	420	160	420	800	480	830	910	310	700	340	700	290	560	710	510	820	230	120	960	330	290	230	910	100	840	620	160	910	610	550	390	140	720	270	330	740	840	420	830	600	190	670	840	490	420	480	230	460	740	720	550	910	890	650	970	630	290	690	300	410	580	290	360	470	960	720	170	320	450	890	610	560	230	560	670	350	980	300	250	810	400	240	370	490	120	400	140	210	570	570	330	840	640	450	140	910	700	260	520	980	830	980	660	790	390	670	590	570	210	810	320	570	890	820	980	490	430	890	750	200	320	900	820	890	520	590	210	140	640	340	140	490	700	340	750	810	280	550	360	660	470	760	100	340	790	530	170	510	550	1000	810	460	160	430	470	330	820	440	250	600	330	620	440	370	680	440	450	410	620	780	560	400	480	690	110	640	790	670	400	340	920	320	820	500	710	610	840	510	200	550	850	140	310	840	260	230	320	930	440	180	110	1000	790	240	780	180	920	410	510	160	370	490	510	380	450	850	610	190	690	210	250	590	750	130	380	550	100	750	310	550	300	480	130	930	780	920	250	860	460	920	590	300	640	640	620	690	200	450	480	220	150	210	510	520	990	650	670	100	200	810	750	810	720	710	650	620	700	270	850	110	330	760	470	420	620	670	780	410	630	550	790	710	250	380	610	820	410	160	190	690	920	120	590	960	720	740	590	290	570	700	270	540	140	930	230	810	160	410	520	500	160	500	580	910	750	600	310	660	500	200	410	380	680	810	460	270	390	900	750	440	670	620	290	800	780	790	730	270	960	620	370	420	790	520	980	950	880	570	360	460	960	890	460	200	870	540	350	510	710	250	380	520	690	750	700	350	100	820	160	910	330	790	110	190	960	340	450	680	880	480	120	150	910	630	200	170	140	690	800	980	570	850	570	110	620	780	710	580	720	540	130	550	390	390	220	880	440	220	340	590	680	150	140	400	200	690	250	790	980	970	600	500	580	420	950	780	140	510	810	160	360	490	130	580	920	880	410	420	810	710	190	490	860	190	220	610	230	950	190	730	260	230	230	410	250	400	250	300	840	380	710	570	670	430	850	840	670	130	420	290	680	580	650	810	940	300	830	700	700	860	640	640	310	760	410	520	320	490	920	960	320	990	120	640	340	740	950	810	1000	490	630	990	800	380	510	450	750	930	780	150	360	280	410	180	890	500	600	490	330	390	700	770	330	240	440	860	710	380	150	250	830	750	840	420	700	780	260	730	740	960	540	530	560	490	790	830	690	740	690	720	930	630	300	150	310	470	540	890	710	770	900	630	500	530	610	980	950	350	430	560	660	820	740	600	240	350	770	350	300	440	170	140	830	910	110	720	940	380	830	390	850	550	870	690	860	440	570	510	410	680	760	430	110	300	120	830	720	490	730	300	230	860	480	970	610	850	840	260	970	680	100	840	730	340	750	940	420	100	350	420	420	550	870	830	580	840	200	980	870	440	380	350	240	970	600	300	770	980	310	150	920	900	820	990	110	810	110	200	700	120	600	430	740	430	490	660	860	160	550	690	270	810	370	140	840	290	850	430	180	1000	890	220	470	730	800	580	410	600	570	850	610	950	870	130	970	990	100	350	540	860	970	470	430	310	250	170	800	440	100	210	250	610	400	890	220	720	500	100	310	240	780	670	520	630	880	570	550	720	580	900	790	600	990	140	700	140	790	450	200	560	170	940	900	650	410	900	230	550	830	710	670	380	950	420	840	900	390	170	620	160	650	430	490	410	410	180	590	360	530	460	650	910	690	900	780	500	1000	420	950	690	410	960	560	360	910	350	610	110	780	270	550	130	270	750	680	690	490	460	680	840	1000	160	800	560	340	840	100	370	800	330	780	830	270	170	160	330	360	480	610	880	750	830	490	680	500	960	490	500	400	160	960	880	540	540	730	110	420	150	430	520	390	290	220	600	590	850	460	630	390	190	680	570	560	890	620	730	110	100	310	580	180	510	950	1000	500	900	330	610	320	440	850	130	250	910	590	980	630	460	660	960	740	860	370	540	320	280	260	290	820	260	980	380	480	690	610	470	200	380	270	700	380	100	450	540	890	270	350	520	360	450	340	680	560	150	940	520	710	120	910	190	490	130	470	500	750	350	150	960	250	720	840	660	220	720	920	330	360	770	300	290	790	420	900	540	850	200	370	860	650	210	570	460	120	300	820	270	1000	560	870	770	370	450	790	440	620	280	990	960	440	470	480	800	250	920	400	240	310	420	400	870	860	820	540	350	180	390	270	520	970	400	430	210	480	970	280	710	250	100	280	1000	850	960	450	760	220	710	370	250	490	310	570	340	170	700	380	500	410	240	340	120	420	200	350	730	160	220	680	180	500	790	100	440	160	370	910	440	340	320	320	260	620	220	820	930	520	760	310	650	330	300	450	970	450	290	840	360	550	620	350	390	950	980	360	550	450	840	620	750	350	120	1000	460	510	360	150	550	350	910	670	510	240	780	960	810	870	740	430	700	520	220	990	530	690	820	530	260	320	350	460	550	560	340	390	260	200	450	840	260	930	590	670	160	570	870	110	910	580	650	910	540	560	740	840	470	930	130	520	140	420	460	900	100	720	730	670	110	790	540	560	450	990	600	230	120	320	920	560	400	670	270	870	730	990	500	910	640	140	180	660	130	200	740	960	620	620	960	600	120	350	210	190	110	290	730	400	800	830	240	830	790	300	980	850	340	850	480	400	930	530	920	600	720	320	570	800	480	770	960	500	110	970	580	470	220	820	390	550	780	470	530	370	330	170	140	380	100	300	430	590	510	430	770	250	160	420	790	140	920	380	460	120	270	500	630	160	420	860	560	140	720	170	810	540	450	880	630	840	390	920	710	420	240	200	220	610	960	750	360	350	260	280	310	440	880	750	220	820	490	650	890	620	690	500	860	230	510	330	790	990	230	1000	620	450	850	250	990	100	470	580	460	740	270	170	230	620	380	950	380	980	620	480	680	170	620	780	290	510	830	480	400	120	250	550	940	300	520	550	520	490	520	290	330	490	740	690	360	290	120	920	290	170	770	170	640	690	560	540	790	220	920	250	150	250	220	600	780	980	160	250	940	110	440	620	350	750	330	660	960	830	120	850	520	440	360	220	150	140	620	980	430	680	840	780	830	560	830	920	360	820	350	270	120	270	910	420	620	590	910	170	630	370	880	970	870	230	600	490	470	110	550	760	910	880	600	240	320	110	140	440	980	830	340	210	610	140	470	460	340	820	830	730	430	230	550	110	720	760	370	660	470	760	860	160	230	950	260	600	810	650	670	270	210	320	370	750	670	930	760	660	140	330	300	210	460	540	140	810	320	750	630	310	780	280	990	820	610	410	420	900	880	530	240	620	740	990	500	650	110	680	700	250	590	870	850	330	830	210	470	910	790	680	550	700	580	610	210	230	890	300	620	500	570	760	700	390	770	860	780	200	680	560	740	700	670	600	120	860	160	190	780	340	870	690	720	530	800	910	820	610	500	680	910	690	100	350	370	700	500	980	260	150	100	630	930	960	840	210	150	810	200	660	980	920	800	940	830	990	930	660	480	150	400	470	1000	390	480	950	870	510	410	140	230	230	190	110	120	870	500	770	390	320	840	190	880	210	860	390	420	310	150	980	270	670	680	710	910	630	420	760	920	880	310	370	240	360	470	750	440	300	980	680	750	260	640	980	360	850	190	520	140	320	590	530	100	1000	460	990	270	380	450	560	630	350	550	890	180	690	990	280	740	510	690	340	610	190	360	670	350	520	510	870	680	870	790	940	440	810	780	350	740	890	550	290	410	810	920	470	710	560	970	880	640	610	310	980	860	470	550	130	810	360	880	640	190	590	640	140	450	750	460	160	910	580	320	100	540	480	560	610	670	150	660	350	460	410	210	130	760	960	130	340	730	890	120	720	550	570	500	230	840	500	360	630	910	310	280	290	980	640	240	180	410	460	560	140	500	660	800	680	890	480	980	280	100	830	170	460	780	510	310	570	940	600	530	700	700	740	440	360	500	290	280	940	820	940	690	400	530	400	690	760	360	900	480	400	460	740	240	220	860	160	970	150	140	340	800	770	180	290	200	110	180	980	280	610	870	250	270	860	930	580	1000	510	780	570	180	210	100	520	380	950	250	210	390	800	560	240	290	280	270	300	900	380	890	590	350	880	950	430	130	550	550	350	640	820	110	520	320	830	520	850	690	310	200	180	550	230	450	810	400	870	130	260	720	770	430	390	560	640	720	410	270	450	440	700	160	520	110	460	540	890	310	1000	700	120	830	180	900	460	320	240	560	270	970	390	970	120	280	530	500	410	460	560	420	580	730	860	140	930	110	640	460	740	950	730	1000	390	850	930	540	350	310	130	360	240	270	530	1000	760	940	190	290	700	540	770	870	440	480	230	320	360	800	360	600	440	680	280	950	190	880	200	550	300	450	200	860	890	920	920	820	540	490	940	710	640	980	540	850	640	540	360	250	770	910	850	250	920	480	630	660	540	230	860	680	910	690	470	730	540	350	470	390	830	230	220	460	310	250	100	110	670	830	530	460	900	420	980	280	180	260	620	890	120	480	280	660	340	850	230	820	720	100	950	600	300	480	170	550	520	360	620	750	320	290	940	860	650	790	690	100	480	300	680	190	940	940	900	470	560	670	980	450	530	960	940	200	470	340	400	230	880	210	790	550	110	1000	940	990	460	900	290	680	110	560	780	830	200	120	800	480	800	330	200	660	200	770	100	550	380	550	200	980	640	980	520	170	270	150	230	680	730	500	570	210	820	700	260	970	820	310	990	510	480	650	890	670	870	110	870	890	300	260	800	370	410	860	570	590	300	810	390	420	210	920	100	790	310	440	780	860	530	770	410	930	810	730	500	180	430	260	560	760	680	990	500	580	190	840	270	140	430	540	120	490	920	660	700	960	820	210	500	220	570	860	160	440	370	580	910	800	870	390	460	650	970	410	820	340	540	880	460	270	860	490	750	510	620	880	710	440	620	790	760	910	710	880	930	210	390	720	160	190	120	950	310	860	480	840	780	760	910	530	850	870	160	400	510	920	500	170	770	770	790	720	550	870	360	780	660	590	570	570	950	860	420	120	920	660	760	890	670	680	220	370	650	240	860	520	740	340	460	660	340	480	710	280	660	300	540	680	870	130	990	260	520	840	510	830	890	260	140	320	950	650	120	440	610	570	190	630	160	200	230	320	730	280	620	320	450	160	200	130	800	860	870	140	440	540	730	240	290	350	350	140	610	800	960	530	940	900	380	110	380	640	140	550	970	800	580	350	750	460	930	640	710	970	130	510	970	650	780	780	410	800	300	800	990	610	660	270	860	170	160	400	560	380	1000	240	890	970	210	220	310	530	450	920	590	320	470	580	870	100	540	210	120	160	380	820	160	320	510	990	830	590	120	540	510	890	630	470	630	570	430	160	780	470	230	660	540	880	910	830	240	470	970	630	890	950	100	360	510	290	250	990	750	530	170	110	900	950	850	680	690	290	570	210	850	480	430	
10
