2475
100
4
50
0	0	0	48	0	0	0	0	0	0	0	0	0	0	0	0	0	0	0	0	0	0	0	0	0	0	0	0	0	48	0	0	0	0	0	0	0	0	0	0	0	0	0	0	0	0	0	0	0	0	0	0	0	0	0	0	0	0	0	0	0	0	0	0	0	0	0	0	0	0	0	0	0	0	0	0	0	0	0	0	48	0	0	0	0	0	0	0	0	0	0	0	0	0	0	0	0	48	0	0	
0	0	0	0	0	0	0	0	0	0	0	0	0	0	0	0	0	0	0	0	0	0	0	0	0	0	0	0	0	0	0	0	0	0	0	48	0	0	0	0	0	0	0	0	0	0	0	0	0	0	0	0	0	0	0	0	0	0	0	0	0	0	0	0	0	0	0	0	0	0	48	0	0	0	48	0	48	0	0	0	0	0	0	0	0	0	0	0	0	0	0	0	0	0	0	0	0	0	0	0	
0	0	0	0	0	0	48	0	0	0	0	0	0	0	0	0	0	48	0	0	0	0	0	0	0	0	0	0	0	0	0	0	0	0	0	0	0	0	0	0	0	0	0	0	0	0	0	0	0	48	0	0	0	0	0	0	0	0	0	0	0	0	0	48	0	0	0	0	0	0	0	0	0	0	0	0	0	0	0	0	0	0	0	0	0	0	0	0	0	0	0	0	0	0	0	0	0	0	0	0	
48	0	0	0	0	0	0	0	0	0	0	0	0	0	0	0	0	0	0	0	0	0	0	0	0	0	0	0	0	48	0	0	0	0	0	0	0	0	0	0	0	0	0	0	0	0	0	0	0	0	0	0	0	0	0	0	0	0	0	0	0	0	0	0	0	0	0	0	0	0	0	0	0	0	0	0	0	0	0	0	48	0	0	0	0	0	0	0	0	0	0	0	0	0	0	0	0	48	0	0	
0	0	0	0	0	0	0	0	0	0	0	0	0	0	0	0	0	0	0	0	48	0	0	0	48	0	0	0	0	0	0	0	0	0	0	0	0	48	0	0	0	0	48	0	0	0	0	0	0	0	0	0	0	0	0	0	0	0	0	0	0	0	0	0	0	0	0	0	0	0	0	0	0	0	0	0	0	0	0	0	0	0	0	0	0	0	0	0	0	0	0	0	0	0	0	0	0	0	0	0	
0	0	0	0	0	0	0	0	0	0	0	0	48	0	0	0	0	0	0	0	0	0	0	0	0	0	0	0	0	0	0	0	0	0	0	0	0	0	0	0	0	0	0	0	0	48	0	0	0	0	0	0	0	0	0	0	0	0	0	0	0	0	0	0	0	0	0	0	0	0	0	0	0	0	0	0	0	0	0	0	0	48	0	0	48	0	0	0	0	0	0	0	0	0	0	0	0	0	0	0	
0	0	48	0	0	0	0	0	0	0	0	0	0	0	0	0	0	0	0	0	0	0	0	0	0	0	0	0	0	0	0	0	0	0	0	0	0	0	0	0	0	48	0	0	0	0	0	0	0	48	0	0	0	0	0	0	0	0	0	0	0	0	0	0	0	0	0	0	0	0	0	0	0	0	0	0	0	0	0	0	0	0	0	0	48	0	0	0	0	0	0	0	0	0	0	0	0	0	0	0	
0	0	0	0	0	0	0	0	0	0	48	0	0	0	0	0	0	0	0	0	0	0	0	0	0	0	0	0	0	48	0	0	0	0	0	0	0	0	0	0	0	0	0	0	0	0	0	0	0	0	0	0	0	0	0	0	0	0	0	0	0	0	0	0	0	0	0	0	0	0	0	0	0	0	0	0	0	0	0	0	48	0	0	0	0	0	0	0	0	0	48	0	0	0	0	0	0	0	0	0	
0	0	0	0	0	0	0	0	0	0	0	0	48	0	0	0	0	0	0	0	0	0	0	0	0	0	0	0	0	0	0	0	0	0	0	0	0	0	0	0	0	0	0	0	0	0	0	0	0	0	0	0	0	0	0	0	0	0	0	0	0	0	0	0	0	0	0	0	0	0	0	0	0	48	0	0	0	0	0	0	0	48	0	0	0	0	0	0	0	0	0	0	0	0	0	0	0	0	0	48	
0	0	0	0	0	0	0	0	0	0	0	0	0	0	0	0	0	0	0	0	0	0	48	0	0	0	0	0	0	0	0	0	0	0	0	0	0	0	0	48	0	0	0	0	0	0	0	0	0	0	0	0	0	0	48	0	0	0	0	0	0	0	0	0	0	0	0	0	0	0	0	0	0	0	0	0	0	0	0	0	0	0	0	0	0	0	0	0	0	0	0	48	0	0	0	0	0	0	0	0	
0	0	0	0	0	0	0	48	0	0	0	0	0	0	0	0	0	0	48	0	0	0	0	0	0	0	0	0	0	0	0	0	0	0	0	0	0	0	0	0	0	0	0	0	0	0	0	0	0	0	0	0	0	0	0	0	0	0	0	0	0	0	0	0	0	0	0	0	0	0	0	0	0	0	0	0	0	0	0	0	48	0	0	0	0	0	0	0	0	0	48	0	0	0	0	0	0	0	0	0	
0	0	0	0	0	0	0	0	0	0	0	0	0	0	0	0	0	0	0	0	0	0	0	0	0	0	0	0	48	0	48	0	0	0	0	0	0	0	0	0	0	0	0	0	0	0	0	0	0	0	0	0	0	0	0	0	0	0	0	0	0	0	0	0	0	0	0	0	0	0	0	0	0	0	0	0	0	0	0	0	0	0	0	0	0	48	0	0	0	0	0	0	0	48	0	0	0	0	0	0	
0	0	0	0	0	48	0	0	48	0	0	0	0	0	0	0	0	0	0	0	0	0	0	0	0	0	0	0	0	0	0	0	0	0	0	0	0	0	0	0	0	0	0	0	0	48	0	0	0	0	0	0	0	0	0	0	0	0	0	0	0	0	0	0	0	0	0	0	0	0	0	0	0	0	0	0	0	0	0	0	0	48	0	0	0	0	0	0	0	0	0	0	0	0	0	0	0	0	0	0	
0	0	0	0	0	0	0	0	0	0	0	0	0	0	0	0	0	0	0	0	0	0	0	0	0	0	0	0	0	0	0	0	0	0	0	0	0	0	0	0	0	0	0	0	0	0	0	0	0	0	0	48	0	0	0	0	0	0	48	0	0	0	0	0	0	0	48	0	0	0	0	0	0	0	0	0	0	0	0	48	0	0	0	0	0	0	0	0	0	0	0	0	0	0	0	0	0	0	0	0	
0	0	0	0	0	0	0	0	0	0	0	0	0	0	0	0	0	0	0	0	0	0	0	0	48	0	0	0	0	48	0	0	0	0	0	0	0	48	0	0	0	0	0	0	0	0	0	0	0	0	0	0	0	0	0	0	0	0	0	0	0	0	0	0	0	0	0	0	0	0	0	0	0	0	0	0	0	0	0	0	0	0	0	48	0	0	0	0	0	0	0	0	0	0	0	0	0	0	0	0	
0	0	0	0	0	0	0	0	0	0	0	0	0	0	0	0	0	0	0	0	0	0	0	0	0	0	0	48	0	0	0	0	0	48	0	0	0	0	0	0	0	0	0	0	0	0	0	0	0	0	0	0	0	0	0	0	0	0	0	0	0	0	0	0	0	0	0	0	0	0	0	0	0	0	0	0	0	0	0	0	0	0	0	0	0	0	0	0	0	48	0	0	48	0	0	0	0	0	0	0	
0	0	0	0	0	0	0	0	0	0	0	0	0	0	0	0	0	0	0	0	0	0	0	0	0	0	0	0	0	0	0	0	0	0	0	0	0	0	0	0	0	0	0	0	0	0	0	0	0	0	0	0	0	0	0	48	0	0	0	0	0	0	48	0	0	0	0	0	0	48	0	0	0	0	0	0	0	0	48	0	0	0	0	0	0	0	0	0	0	0	0	0	0	0	0	0	0	0	0	0	
0	0	48	0	0	0	0	0	0	0	0	0	0	0	0	0	0	0	0	0	0	0	0	0	0	0	0	0	0	0	0	0	0	0	0	0	0	0	0	0	0	0	0	0	0	0	0	0	0	0	48	0	0	48	0	0	0	0	0	0	0	0	0	48	0	0	0	0	0	0	0	0	0	0	0	0	0	0	0	0	0	0	0	0	0	0	0	0	0	0	0	0	0	0	0	0	0	0	0	0	
0	0	0	0	0	0	0	0	0	0	48	0	0	0	0	0	0	0	0	0	0	0	0	0	0	0	0	0	0	0	0	0	0	0	0	0	0	0	0	0	0	0	0	0	0	0	0	0	0	0	0	0	0	0	0	0	0	0	0	0	0	0	0	0	0	0	0	0	0	0	0	0	0	0	0	0	0	0	0	0	0	0	0	0	0	0	0	0	0	0	48	0	0	0	0	0	0	48	48	0	
0	0	0	0	0	0	0	0	0	0	0	0	0	0	0	0	0	0	0	0	0	0	0	0	0	48	0	0	0	0	0	0	0	0	0	0	0	0	0	0	48	0	0	48	0	0	0	0	0	0	0	0	0	0	0	0	0	0	0	0	0	0	0	0	0	48	0	0	0	0	0	0	0	0	0	0	0	0	0	0	0	0	0	0	0	0	0	0	0	0	0	0	0	0	0	0	0	0	0	0	
0	0	0	0	48	0	0	0	0	0	0	0	0	0	0	0	0	0	0	0	0	0	0	0	0	0	0	0	0	0	0	0	0	0	0	0	0	0	0	0	0	0	0	48	0	0	0	0	0	0	0	0	0	0	0	0	0	0	0	0	0	0	0	0	0	48	0	0	0	0	0	0	0	0	0	0	0	0	0	0	0	0	0	0	0	0	0	0	0	0	0	0	0	0	0	48	0	0	0	0	
0	0	0	0	0	0	0	0	0	0	0	0	0	0	0	0	0	0	0	0	0	0	0	48	0	0	0	0	0	0	0	0	0	0	0	0	0	0	0	0	0	0	0	0	0	0	0	0	48	0	0	0	0	0	0	0	0	0	0	48	0	0	0	0	0	0	0	0	0	0	0	0	0	0	0	0	0	0	0	0	0	0	0	0	0	0	0	0	0	0	0	0	0	0	0	0	48	0	0	0	
0	0	0	0	0	0	0	0	0	48	0	0	0	0	0	0	0	0	0	0	0	0	0	0	0	0	0	0	0	0	0	0	0	0	0	0	0	0	0	48	0	0	0	0	0	0	0	0	0	0	0	0	0	0	48	0	0	0	0	0	0	0	0	0	0	0	0	0	0	0	0	0	0	0	0	0	0	0	0	0	0	0	0	0	0	0	0	0	0	0	0	48	0	0	0	0	0	0	0	0	
0	0	0	0	0	0	0	0	0	0	0	0	0	0	0	0	0	0	0	0	0	48	0	0	0	0	0	0	0	0	0	0	0	0	0	0	0	0	0	0	0	0	0	0	48	0	0	0	48	0	0	0	0	0	0	0	0	0	0	48	0	0	0	0	0	0	0	0	0	0	0	0	0	0	0	0	0	0	0	0	0	0	0	0	0	0	0	0	0	0	0	0	0	0	0	0	0	0	0	0	
0	0	0	0	48	0	0	0	0	0	0	0	0	0	48	0	0	0	0	0	0	0	0	0	0	0	0	0	0	0	0	0	0	0	0	0	0	48	0	0	0	0	0	0	0	0	0	0	0	0	0	0	0	0	0	0	0	0	0	0	0	0	0	0	0	0	0	0	0	0	0	0	0	0	0	0	0	0	0	0	0	0	0	0	0	0	0	0	0	0	48	0	0	0	0	0	0	0	0	0	
0	0	0	0	0	0	0	0	0	0	0	0	0	0	0	0	0	0	0	48	0	0	0	0	0	0	0	0	0	0	0	0	0	0	0	0	0	0	0	0	0	0	0	48	0	0	0	0	0	0	0	0	0	0	0	0	0	0	0	0	0	0	0	0	0	48	0	0	0	0	0	0	0	0	0	0	0	0	0	0	0	0	0	0	0	0	0	0	0	0	0	0	0	0	0	48	0	0	0	0	
0	0	0	0	0	0	0	0	0	0	0	0	0	0	0	0	0	0	0	0	0	0	0	0	0	0	0	0	0	0	0	0	0	0	48	0	0	0	0	0	0	0	0	0	0	0	48	0	0	48	0	0	0	0	0	0	0	0	0	0	0	0	0	0	0	0	0	0	0	0	0	0	0	0	0	0	0	0	48	0	0	0	0	0	0	0	0	0	0	0	0	0	0	0	0	0	0	0	0	0	
0	0	0	0	0	0	0	0	0	0	0	0	0	0	0	48	0	0	0	0	0	0	0	0	0	0	0	0	0	0	0	0	0	48	0	0	0	0	0	0	0	0	0	0	0	0	0	0	0	0	0	0	0	0	0	0	0	0	0	0	0	0	0	0	0	0	0	0	0	0	0	0	48	0	0	0	0	0	0	0	0	0	0	0	0	0	0	0	0	0	0	0	48	0	0	0	0	0	0	0	
0	0	0	0	0	0	0	0	0	0	0	48	0	0	0	0	0	0	0	0	0	0	0	0	0	0	0	0	0	0	0	0	0	0	0	0	0	0	0	0	0	0	0	0	0	0	0	0	0	0	0	0	0	0	0	0	0	0	0	0	0	0	0	0	0	0	0	0	0	0	0	0	0	0	0	0	0	0	0	0	0	0	48	0	0	0	0	48	0	0	0	0	0	48	0	0	0	0	0	0	
48	0	0	48	0	0	0	48	0	0	0	0	0	0	48	0	0	0	0	0	0	0	0	0	0	0	0	0	0	0	0	0	0	0	0	0	0	0	0	0	0	0	0	0	0	0	0	0	0	0	0	0	0	0	0	0	0	0	0	0	0	0	0	0	0	0	0	0	0	0	0	0	0	0	0	0	0	0	0	0	0	0	0	0	0	0	0	0	0	0	0	0	0	0	0	0	0	0	0	0	
0	0	0	0	0	0	0	0	0	0	0	48	0	0	0	0	0	0	0	0	0	0	0	0	0	0	0	0	0	0	0	0	0	0	0	0	0	0	0	0	0	0	0	0	0	0	0	0	0	0	0	0	0	0	0	0	0	0	0	0	0	0	0	0	0	0	0	0	0	0	0	0	48	0	0	0	0	0	0	0	0	0	0	0	0	48	0	0	0	0	0	0	0	48	0	0	0	0	0	0	
0	0	0	0	0	0	0	0	0	0	0	0	0	0	0	0	0	0	0	0	0	0	0	0	0	0	0	0	0	0	0	0	0	0	0	0	0	0	0	0	0	0	0	0	0	0	0	0	0	0	0	48	48	0	0	0	0	0	0	0	0	0	0	0	0	0	0	0	48	0	0	0	0	0	0	48	0	0	0	0	0	0	0	0	0	0	0	0	0	0	0	0	0	0	0	0	0	0	0	0	
0	0	0	0	0	0	0	0	0	0	0	0	0	0	0	0	0	0	0	0	0	0	0	0	0	0	0	0	0	0	0	0	0	0	0	0	0	0	0	0	0	0	0	0	0	0	0	48	0	0	0	0	0	0	0	0	0	0	0	0	0	0	0	0	0	0	0	0	0	0	0	0	0	48	0	0	0	0	0	0	0	48	0	0	0	0	0	0	0	0	0	0	0	0	0	0	0	0	0	48	
0	0	0	0	0	0	0	0	0	0	0	0	0	0	0	48	0	0	0	0	0	0	0	0	0	0	0	48	0	0	0	0	0	0	0	0	0	0	0	0	0	0	0	0	0	0	0	0	0	0	0	0	0	0	0	0	0	0	0	0	0	0	0	0	0	0	0	0	0	0	0	0	48	0	0	0	0	0	0	0	0	0	0	0	0	0	0	0	0	0	0	0	48	0	0	0	0	0	0	0	
0	0	0	0	0	0	0	0	0	0	0	0	0	0	0	0	0	0	0	0	0	0	0	0	0	0	48	0	0	0	0	0	0	0	0	0	0	0	0	0	0	0	0	0	0	0	0	0	0	0	0	0	0	0	0	0	0	0	0	0	0	48	0	0	48	0	0	0	0	0	0	0	0	0	0	0	0	0	0	0	0	0	0	0	0	0	48	0	0	0	0	0	0	0	0	0	0	0	0	0	
0	48	0	0	0	0	0	0	0	0	0	0	0	0	0	0	0	0	0	0	0	0	0	0	0	0	0	0	0	0	0	0	0	0	0	0	0	0	0	0	0	0	0	0	0	0	0	0	0	0	0	0	0	0	0	0	0	0	0	0	0	0	0	0	0	0	48	0	0	0	0	0	0	0	48	0	48	0	0	0	0	0	0	0	0	0	0	0	0	0	0	0	0	0	0	0	0	0	0	0	
0	0	0	0	0	0	0	0	0	0	0	0	0	0	0	0	0	0	0	0	0	0	0	0	0	0	0	0	0	0	0	0	0	0	0	0	0	0	0	0	0	0	0	0	0	0	48	0	0	0	0	0	0	48	0	0	0	0	0	0	0	0	0	48	0	0	0	0	0	0	0	0	0	0	0	0	0	48	0	0	0	0	0	0	0	0	0	0	0	0	0	0	0	0	0	0	0	0	0	0	
0	0	0	0	48	0	0	0	0	0	0	0	0	0	48	0	0	0	0	0	0	0	0	0	48	0	0	0	0	0	0	0	0	0	0	0	0	0	0	0	0	0	0	0	0	0	0	0	0	0	0	0	0	0	0	0	0	0	0	0	0	0	0	0	0	0	0	0	0	0	0	0	0	0	0	0	0	0	0	0	0	0	0	48	0	0	0	0	0	0	0	0	0	0	0	0	0	0	0	0	
0	0	0	0	0	0	0	0	0	0	0	0	0	0	0	0	0	0	0	0	0	0	0	0	0	0	0	0	0	0	0	0	0	0	0	0	0	0	0	0	0	0	0	0	0	0	0	0	0	0	0	0	0	0	0	0	48	0	0	0	0	48	0	0	0	0	0	0	0	0	0	48	0	0	0	0	0	0	0	0	0	0	0	0	0	0	48	0	0	0	0	0	0	0	0	0	0	0	0	0	
0	0	0	0	0	0	0	0	0	48	0	0	0	0	0	0	0	0	0	0	0	0	48	0	0	0	0	0	0	0	0	0	0	0	0	0	0	0	0	0	0	0	0	0	0	0	0	0	0	0	0	0	0	0	0	0	0	0	0	0	0	0	0	0	0	0	0	0	0	0	0	0	0	0	0	0	0	0	0	0	0	0	0	0	0	0	0	0	0	0	0	48	0	0	48	0	0	0	0	0	
0	0	0	0	0	0	0	0	0	0	0	0	0	0	0	0	0	0	0	48	0	0	0	0	0	0	0	0	0	0	0	0	0	0	0	0	0	0	0	0	0	0	0	48	0	0	0	0	0	0	0	0	0	0	0	0	0	0	0	0	0	0	0	0	0	0	0	48	0	0	48	0	0	0	0	0	0	0	0	0	0	0	0	0	0	0	0	0	0	0	0	0	0	0	0	0	0	0	0	0	
0	0	0	0	0	0	48	0	0	0	0	0	0	0	0	0	0	0	0	0	0	0	0	0	0	0	0	0	0	0	0	0	0	0	0	0	0	0	0	0	0	0	0	0	0	48	0	0	0	48	0	0	0	0	0	0	0	0	0	0	0	0	0	0	0	0	0	0	0	0	0	0	0	48	0	0	0	0	0	0	0	0	0	0	0	0	0	0	0	0	0	0	0	0	0	0	0	0	0	0	
0	0	0	0	48	0	0	0	0	0	0	0	0	0	0	0	0	0	0	0	0	0	0	0	0	0	0	0	0	0	0	0	0	0	0	0	0	0	0	0	0	0	0	0	0	0	0	0	0	0	0	0	0	0	0	0	0	0	0	0	0	0	0	0	0	0	0	48	0	0	48	0	0	0	48	0	0	0	0	0	0	0	0	0	0	0	0	0	0	0	0	0	0	0	0	0	0	0	0	0	
0	0	0	0	0	0	0	0	0	0	0	0	0	0	0	0	0	0	0	48	48	0	0	0	0	48	0	0	0	0	0	0	0	0	0	0	0	0	0	0	48	0	0	0	0	0	0	0	0	0	0	0	0	0	0	0	0	0	0	0	0	0	0	0	0	0	0	0	0	0	0	0	0	0	0	0	0	0	0	0	0	0	0	0	0	0	0	0	0	0	0	0	0	0	0	0	0	0	0	0	
0	0	0	0	0	0	0	0	0	0	0	0	0	0	0	0	0	0	0	0	0	0	0	48	0	0	0	0	0	0	0	0	0	0	0	0	0	0	0	0	0	0	0	0	0	0	0	0	0	0	0	0	0	0	48	0	0	0	0	0	0	0	0	0	0	0	0	0	0	0	0	0	0	0	0	0	0	0	0	0	0	0	0	0	0	0	0	0	48	0	0	0	0	0	48	0	0	0	0	0	
0	0	0	0	0	48	0	0	0	0	0	0	48	0	0	0	0	0	0	0	0	0	0	0	0	0	0	0	0	0	0	0	0	0	0	0	0	0	0	0	0	48	0	0	0	0	0	0	0	0	0	0	0	0	0	0	0	0	0	0	0	0	0	0	0	0	0	0	0	0	0	0	0	0	0	0	0	0	0	0	0	0	0	0	48	0	0	0	0	0	0	0	0	0	0	0	0	0	0	0	
0	0	0	0	0	0	0	0	0	0	0	0	0	0	0	0	0	0	0	0	0	0	0	0	0	0	48	0	0	0	0	0	0	0	0	0	48	0	0	0	0	0	0	0	0	0	0	0	0	0	0	0	0	48	0	0	0	48	0	0	0	0	0	0	0	0	0	0	0	0	0	0	0	0	0	0	0	0	0	0	0	0	0	0	0	0	0	0	0	0	0	0	0	0	0	0	0	0	0	0	
0	0	0	0	0	0	0	0	0	0	0	0	0	0	0	0	0	0	0	0	0	0	0	0	0	0	0	0	0	0	0	0	48	0	0	0	0	0	0	0	0	0	0	0	0	0	0	0	0	0	0	0	0	0	0	0	0	0	0	0	0	0	0	0	0	0	0	0	0	0	0	0	0	0	0	0	0	0	0	0	0	0	0	48	0	0	0	0	0	0	0	0	0	0	0	0	48	0	0	48	
0	0	0	0	0	0	0	0	0	0	0	0	0	0	0	0	0	0	0	0	0	48	0	48	0	0	0	0	0	0	0	0	0	0	0	0	0	0	0	0	0	0	0	0	0	0	0	0	0	0	0	0	0	0	0	0	0	0	0	0	0	0	0	0	0	0	0	0	0	0	0	0	0	0	0	0	0	0	0	0	0	0	0	0	48	0	0	0	0	0	0	0	0	0	0	0	48	0	0	0	
0	0	48	0	0	0	48	0	0	0	0	0	0	0	0	0	0	0	0	0	0	0	0	0	0	0	48	0	0	0	0	0	0	0	0	0	0	0	0	0	0	48	0	0	0	0	0	0	0	0	0	0	0	0	0	0	0	0	0	0	0	0	0	0	0	0	0	0	0	0	0	0	0	0	0	0	0	0	0	0	0	0	0	0	0	0	0	0	0	0	0	0	0	0	0	0	0	0	0	0	
0	0	0	0	0	0	0	0	0	0	0	0	0	0	0	0	0	48	0	0	0	0	0	0	0	0	0	0	0	0	0	0	0	0	0	0	0	0	0	0	0	0	0	0	0	0	0	0	0	0	0	0	0	0	0	0	0	0	0	0	0	0	0	48	0	0	0	0	0	0	0	0	0	0	0	0	0	0	0	0	0	0	0	0	0	0	0	0	0	0	0	48	0	0	48	0	0	0	0	0	
0	0	0	0	0	0	0	0	0	0	0	0	0	48	0	0	0	0	0	0	0	0	0	0	0	0	0	0	0	0	0	48	0	0	0	0	0	0	0	0	0	0	0	0	0	0	0	0	0	0	0	0	0	0	0	0	0	0	48	0	0	0	0	0	0	0	0	0	48	0	0	0	0	0	0	0	0	0	0	0	0	0	0	0	0	0	0	0	0	0	0	0	0	0	0	0	0	0	0	0	
0	0	0	0	0	0	0	0	0	0	0	0	0	0	0	0	0	0	0	0	0	0	0	0	0	0	0	0	0	0	0	48	0	0	0	0	0	0	0	0	0	0	0	0	0	0	0	0	0	0	0	0	0	0	0	0	0	0	0	0	0	0	0	0	0	0	0	0	48	0	0	0	0	0	0	48	0	0	0	0	0	0	0	0	0	0	0	0	48	0	0	0	0	0	0	0	0	0	0	0	
0	0	0	0	0	0	0	0	0	0	0	0	0	0	0	0	0	48	0	0	0	0	0	0	0	0	0	0	0	0	0	0	0	0	0	0	48	0	0	0	0	0	0	0	0	0	48	0	0	0	0	0	0	0	0	0	0	0	0	0	0	0	0	0	0	0	0	0	0	0	0	0	0	0	0	0	0	48	0	0	0	0	0	0	0	0	0	0	0	0	0	0	0	0	0	0	0	0	0	0	
0	0	0	0	0	0	0	0	0	48	0	0	0	0	0	0	0	0	0	0	0	0	48	0	0	0	0	0	0	0	0	0	0	0	0	0	0	0	0	0	0	0	0	0	48	0	0	0	0	0	0	0	0	0	0	0	0	0	0	0	0	0	0	0	0	0	0	0	0	0	0	0	0	0	0	0	0	0	0	0	0	0	48	0	0	0	0	0	0	0	0	0	0	0	0	0	0	0	0	0	
0	0	0	0	0	0	0	0	0	0	0	0	0	0	0	0	48	0	0	0	0	0	0	0	0	0	0	0	0	0	0	0	0	0	0	0	0	0	0	0	0	0	0	0	0	0	0	0	0	0	0	0	0	0	0	0	0	0	0	0	0	0	48	0	0	0	0	0	0	48	0	0	0	0	0	0	0	0	48	0	0	0	0	0	0	0	0	0	0	0	0	0	0	0	0	0	0	0	0	0	
0	0	0	0	0	0	0	0	0	0	0	0	0	0	0	0	0	0	0	0	0	0	0	0	0	0	0	0	0	0	0	0	0	0	0	0	0	0	48	0	0	0	0	0	0	0	0	0	0	0	0	0	0	0	0	0	0	0	0	0	0	48	0	0	0	0	0	0	0	0	0	48	0	0	0	0	0	0	0	0	0	0	0	0	0	0	48	0	0	0	0	0	0	0	0	0	0	0	0	0	
0	0	0	0	0	0	0	0	0	0	0	0	0	0	0	0	0	0	0	0	0	0	0	0	0	0	0	0	0	0	0	0	0	0	0	0	0	0	0	0	0	0	0	0	0	0	48	0	0	0	0	0	0	0	0	0	0	0	0	0	0	48	0	0	48	0	0	0	0	0	0	0	0	0	0	0	0	0	0	0	0	0	0	0	0	0	48	0	0	0	0	0	0	0	0	0	0	0	0	0	
0	0	0	0	0	0	0	0	0	0	0	0	0	48	0	0	0	0	0	0	0	0	0	0	0	0	0	0	0	0	0	0	0	0	0	0	0	0	0	0	0	0	0	0	0	0	0	0	0	0	0	48	0	0	0	0	0	0	0	0	0	0	0	0	0	0	0	0	48	0	0	0	0	0	0	0	0	0	0	48	0	0	0	0	0	0	0	0	0	0	0	0	0	0	0	0	0	0	0	0	
0	0	0	0	0	0	0	0	0	0	0	0	0	0	0	0	0	0	0	0	0	48	0	48	0	0	0	0	0	0	0	0	0	0	0	0	0	0	0	0	0	0	0	0	0	0	0	0	0	0	0	0	0	0	0	0	0	0	0	0	0	0	0	0	0	0	48	0	0	0	0	0	0	0	0	0	48	0	0	0	0	0	0	0	0	0	0	0	0	0	0	0	0	0	0	0	0	0	0	0	
0	0	0	0	0	0	0	0	0	0	0	0	0	0	0	0	0	0	0	0	0	0	0	0	0	0	0	0	0	0	0	0	0	0	0	0	0	0	0	0	0	0	0	0	0	0	0	0	0	0	0	0	0	0	0	0	0	0	0	0	0	0	48	0	0	0	0	0	0	48	0	0	0	0	0	0	0	0	0	0	0	0	0	0	0	0	0	0	0	0	0	0	0	0	0	0	0	0	48	48	
0	0	0	0	0	0	0	0	0	0	0	0	0	0	0	0	0	0	0	0	0	0	0	0	0	0	0	0	0	0	0	0	0	0	48	0	0	0	48	0	0	0	0	0	0	0	0	0	0	0	0	0	0	0	0	0	48	48	0	0	0	0	0	0	0	0	0	0	0	0	0	0	0	0	0	0	0	0	0	0	0	0	0	0	0	0	0	0	0	0	0	0	0	0	0	0	0	0	0	0	
0	0	0	0	0	0	0	0	0	0	0	0	0	0	0	0	48	0	0	0	0	0	0	0	0	0	0	0	0	0	0	0	0	0	0	0	0	0	0	0	0	0	0	0	0	0	0	0	0	0	0	0	0	0	0	48	0	0	0	0	48	0	0	0	0	0	0	0	0	48	0	0	0	0	0	0	0	0	0	0	0	0	0	0	0	0	0	0	0	0	0	0	0	0	0	0	0	0	0	0	
0	0	48	0	0	0	0	0	0	0	0	0	0	0	0	0	0	48	0	0	0	0	0	0	0	0	0	0	0	0	0	0	0	0	0	0	48	0	0	0	0	0	0	0	0	0	0	0	0	0	48	0	0	0	0	0	0	0	0	0	0	0	0	0	0	0	0	0	0	0	0	0	0	0	0	0	0	0	0	0	0	0	0	0	0	0	0	0	0	0	0	0	0	0	0	0	0	0	0	0	
0	0	0	0	0	0	0	0	0	0	0	0	0	0	0	0	0	0	0	0	0	0	0	0	0	0	0	0	0	0	0	0	0	0	48	0	0	0	0	0	0	0	0	0	0	0	0	0	0	0	0	0	0	0	0	0	0	48	0	0	0	0	0	0	0	0	0	0	0	0	0	48	0	0	0	0	0	48	0	0	0	0	0	0	0	0	0	0	0	0	0	0	0	0	0	0	0	0	0	0	
0	0	0	0	0	0	0	0	0	0	0	0	0	0	0	0	0	0	0	48	48	0	0	0	0	48	0	0	0	0	0	0	0	0	0	0	0	0	0	0	0	0	0	0	0	0	0	0	0	0	0	0	0	0	0	0	0	0	0	0	0	0	0	0	0	0	0	0	0	0	0	0	0	0	0	0	0	0	0	0	0	0	0	0	0	0	0	0	0	0	0	0	0	0	0	48	0	0	0	0	
0	0	0	0	0	0	0	0	0	0	0	0	0	48	0	0	0	0	0	0	0	0	0	0	0	0	0	0	0	0	0	0	0	0	0	48	0	0	0	0	0	0	0	0	0	0	0	0	0	0	0	0	0	0	0	0	0	0	0	48	0	0	0	0	0	0	0	0	0	0	0	0	0	0	48	0	0	0	0	0	0	0	0	0	0	0	0	0	0	0	0	0	0	0	0	0	0	0	0	0	
0	0	0	0	0	0	0	0	0	0	0	0	0	0	0	0	0	0	0	0	0	0	0	0	0	0	0	0	0	0	0	0	0	0	0	0	0	0	0	0	48	0	48	0	0	0	0	0	0	0	0	0	0	0	0	0	0	0	0	0	0	0	0	0	0	0	0	0	0	0	48	0	0	0	0	0	48	0	0	0	0	0	0	0	0	0	0	0	0	0	0	0	0	0	0	0	0	0	0	0	
0	0	0	0	0	0	0	0	0	0	0	0	0	0	0	0	0	0	0	0	0	0	0	0	0	0	0	0	0	0	0	48	0	0	0	0	0	0	0	0	0	0	0	0	0	0	0	0	0	0	0	48	48	0	0	0	0	0	48	0	0	0	0	0	0	0	0	0	0	0	0	0	0	0	0	0	0	0	0	0	0	0	0	0	0	0	0	0	0	0	0	0	0	0	0	0	0	0	0	0	
0	0	0	0	0	0	0	0	0	0	0	0	0	0	0	0	48	0	0	0	0	0	0	0	0	0	0	0	0	0	0	0	0	0	0	0	0	0	0	0	0	0	0	0	0	0	0	0	0	0	0	0	0	0	0	48	0	0	0	0	48	0	48	0	0	0	0	0	0	0	0	0	0	0	0	0	0	0	0	0	0	0	0	0	0	0	0	0	0	0	0	0	0	0	0	0	0	0	0	0	
0	48	0	0	0	0	0	0	0	0	0	0	0	0	0	0	0	0	0	0	0	0	0	0	0	0	0	0	0	0	0	0	0	0	0	0	0	0	0	0	48	0	48	0	0	0	0	0	0	0	0	0	0	0	0	0	0	0	0	0	0	0	0	0	0	0	0	48	0	0	0	0	0	0	0	0	0	0	0	0	0	0	0	0	0	0	0	0	0	0	0	0	0	0	0	0	0	0	0	0	
0	0	0	0	0	0	0	0	0	0	0	0	0	0	0	0	0	0	0	0	0	0	0	0	0	0	0	0	0	0	0	0	0	0	0	0	0	0	48	0	0	0	0	0	0	0	0	0	0	0	0	0	0	0	0	0	48	0	0	0	0	0	0	0	48	0	0	0	0	0	0	0	0	0	0	0	0	0	48	0	0	0	0	0	0	0	0	0	0	0	0	0	0	0	0	0	0	0	0	0	
0	0	0	0	0	0	0	0	0	0	0	0	0	0	0	0	0	0	0	0	0	0	0	0	0	0	0	48	0	0	48	0	0	48	0	0	0	0	0	0	0	0	0	0	0	0	0	0	0	0	0	0	0	0	0	0	0	0	0	0	0	0	0	0	0	0	0	0	0	0	0	0	0	0	0	0	0	0	0	0	0	0	0	0	0	0	0	0	0	0	0	0	48	0	0	0	0	0	0	0	
0	0	0	0	0	0	0	0	48	0	0	0	0	0	0	0	0	0	0	0	0	0	0	0	0	0	0	0	0	0	0	0	48	0	0	0	0	0	0	0	0	48	0	0	0	0	0	0	0	0	0	0	0	0	0	0	0	0	0	0	0	0	0	0	0	0	0	0	0	0	0	0	0	0	0	0	0	0	0	0	0	0	0	0	0	0	0	0	0	0	0	0	0	0	0	0	48	0	0	0	
0	48	0	0	0	0	0	0	0	0	0	0	0	0	0	0	0	0	0	0	0	0	0	0	0	0	0	0	0	0	0	0	0	0	0	48	0	0	0	0	0	0	48	0	0	0	0	0	0	0	0	0	0	0	0	0	0	0	0	0	0	0	0	0	0	0	48	0	0	0	0	0	0	0	0	0	0	0	0	0	0	0	0	0	0	0	0	0	0	0	0	0	0	0	0	0	0	0	0	0	
0	0	0	0	0	0	0	0	0	0	0	0	0	0	0	0	0	0	0	0	0	0	0	0	0	0	0	0	0	0	0	48	0	0	0	0	0	0	0	0	0	0	0	0	0	0	0	0	0	0	0	0	48	0	0	0	0	0	0	0	0	0	0	0	0	0	0	0	0	0	0	0	0	0	0	0	0	0	0	0	0	0	48	0	0	0	0	48	0	0	0	0	0	0	0	0	0	0	0	0	
0	48	0	0	0	0	0	0	0	0	0	0	0	0	0	0	0	0	0	0	0	0	0	0	0	0	0	0	0	0	0	0	0	0	0	48	0	0	0	0	0	0	0	0	0	0	0	0	0	0	0	0	0	0	0	0	0	0	0	48	0	0	0	0	0	0	0	48	0	0	0	0	0	0	0	0	0	0	0	0	0	0	0	0	0	0	0	0	0	0	0	0	0	0	0	0	0	0	0	0	
0	0	0	0	0	0	0	0	0	0	0	0	0	0	0	0	0	0	0	0	0	0	0	0	0	0	0	0	0	0	0	0	0	0	0	0	48	0	0	0	0	0	0	0	0	0	0	0	0	0	0	0	0	48	0	0	0	0	0	0	0	0	0	0	48	0	0	0	0	0	0	0	0	0	0	0	0	0	0	0	0	0	0	0	0	0	0	0	0	48	0	0	0	0	0	0	0	0	0	0	
0	0	0	0	0	0	0	0	0	0	0	0	0	0	0	0	48	0	0	0	0	0	0	0	0	0	48	0	0	0	0	0	0	0	0	0	0	0	0	0	0	0	0	0	0	0	0	0	0	0	0	0	0	0	0	48	0	0	0	0	0	0	0	0	0	0	0	0	0	0	0	48	0	0	0	0	0	0	0	0	0	0	0	0	0	0	0	0	0	0	0	0	0	0	0	0	0	0	0	0	
0	0	0	0	0	0	0	0	0	0	0	0	0	48	0	0	0	0	0	0	0	0	0	0	0	0	0	0	0	0	0	0	0	0	0	0	0	0	0	0	0	0	0	0	0	0	0	0	0	0	0	0	0	0	0	0	0	0	48	0	0	0	0	0	0	0	0	0	0	0	0	0	0	0	0	0	0	0	0	0	0	0	0	0	0	0	0	48	48	0	0	0	0	0	0	0	0	0	0	0	
48	0	0	48	0	0	0	48	0	0	48	0	0	0	0	0	0	0	0	0	0	0	0	0	0	0	0	0	0	0	0	0	0	0	0	0	0	0	0	0	0	0	0	0	0	0	0	0	0	0	0	0	0	0	0	0	0	0	0	0	0	0	0	0	0	0	0	0	0	0	0	0	0	0	0	0	0	0	0	0	0	0	0	0	0	0	0	0	0	0	0	0	0	0	0	0	0	0	0	0	
0	0	0	0	0	48	0	0	48	0	0	0	48	0	0	0	0	0	0	0	0	0	0	0	0	0	0	0	0	0	0	0	48	0	0	0	0	0	0	0	0	0	0	0	0	0	0	0	0	0	0	0	0	0	0	0	0	0	0	0	0	0	0	0	0	0	0	0	0	0	0	0	0	0	0	0	0	0	0	0	0	0	0	0	0	0	0	0	0	0	0	0	0	0	0	0	0	0	0	0	
0	0	0	0	0	0	0	0	0	0	0	0	0	0	0	0	0	0	0	0	0	0	0	0	0	0	0	0	48	0	0	0	0	0	0	0	0	0	0	0	0	0	0	0	0	0	0	0	0	0	0	0	0	0	48	0	0	0	0	0	0	0	0	0	0	0	0	0	0	0	0	0	0	0	0	48	0	0	0	0	0	0	0	0	0	0	0	48	0	0	0	0	0	0	0	0	0	0	0	0	
0	0	0	0	0	0	0	0	0	0	0	0	0	0	48	0	0	0	0	0	0	0	0	0	0	0	0	0	0	0	0	0	0	0	0	0	0	48	0	0	0	0	0	0	0	0	0	48	0	0	0	0	0	0	0	0	0	0	0	0	0	0	0	0	0	0	0	0	0	0	0	0	0	0	0	0	0	0	0	0	0	0	0	0	0	0	0	0	0	0	0	0	0	0	0	0	0	48	0	0	
0	0	0	0	0	48	48	0	0	0	0	0	0	0	0	0	0	0	0	0	0	0	0	0	0	0	0	0	0	0	0	0	0	0	0	0	0	0	0	0	0	0	0	0	0	48	0	0	48	0	0	0	0	0	0	0	0	0	0	0	0	0	0	0	0	0	0	0	0	0	0	0	0	0	0	0	0	0	0	0	0	0	0	0	0	0	0	0	0	0	0	0	0	0	0	0	0	0	0	0	
0	0	0	0	0	0	0	0	0	0	0	48	0	0	0	0	0	0	0	0	0	0	0	0	0	0	0	0	0	0	48	0	0	0	0	0	0	0	0	0	0	0	0	0	0	0	0	0	0	0	0	0	0	0	0	0	0	0	0	0	0	0	0	0	0	0	0	0	0	0	0	0	0	0	0	0	0	0	0	0	0	0	0	0	0	0	0	0	0	48	0	0	0	48	0	0	0	0	0	0	
0	0	0	0	0	0	0	0	0	0	0	0	0	0	0	0	0	0	0	0	0	0	0	0	0	0	0	0	0	0	0	0	0	0	48	0	0	0	48	0	0	0	0	0	0	0	0	0	0	0	0	0	0	0	0	0	48	48	0	0	0	0	0	0	0	0	0	0	0	0	0	0	0	0	0	0	0	0	0	0	0	0	0	0	0	0	0	0	0	0	0	0	0	0	0	0	0	0	0	0	
0	0	0	0	0	0	0	0	0	0	0	0	0	0	0	0	0	0	0	0	0	0	0	0	0	0	0	0	48	0	0	0	0	0	0	0	0	0	0	0	0	0	0	0	0	0	0	0	0	0	0	0	0	0	0	0	0	0	0	0	0	0	0	0	0	0	0	0	0	0	0	0	0	0	0	48	0	0	0	48	0	0	48	0	0	0	0	0	0	0	0	0	0	0	0	0	0	0	0	0	
0	0	0	0	0	0	0	0	0	0	0	0	0	0	0	0	0	0	0	0	0	0	0	0	0	0	0	0	0	0	0	0	0	0	0	0	0	0	0	0	0	0	0	0	48	0	0	0	0	0	0	0	48	0	0	0	0	0	0	0	0	0	0	0	0	0	0	0	0	0	0	0	0	0	0	0	0	0	0	48	0	0	0	0	0	0	0	0	0	0	0	0	0	0	48	0	0	0	0	0	
0	0	0	0	0	0	0	0	0	0	0	0	0	0	0	48	0	0	0	0	0	0	0	0	0	0	0	0	0	0	0	0	0	0	0	0	0	0	0	0	0	0	0	0	0	0	0	0	0	0	0	0	0	0	0	0	0	0	0	0	0	0	0	0	0	0	0	0	0	0	0	0	0	0	0	0	0	48	0	0	0	0	0	0	0	48	0	0	0	0	0	0	0	0	0	0	0	0	48	0	
0	0	0	0	0	0	0	48	0	0	48	0	0	0	0	0	0	0	48	0	0	0	0	0	48	0	0	0	0	0	0	0	0	0	0	0	0	0	0	0	0	0	0	0	0	0	0	0	0	0	0	0	0	0	0	0	0	0	0	0	0	0	0	0	0	0	0	0	0	0	0	0	0	0	0	0	0	0	0	0	0	0	0	0	0	0	0	0	0	0	0	0	0	0	0	0	0	0	0	0	
0	0	0	0	0	0	0	0	0	48	0	0	0	0	0	0	0	0	0	0	0	0	48	0	0	0	0	0	0	0	0	0	0	0	0	0	0	0	0	48	0	0	0	0	0	0	0	0	0	0	48	0	0	0	0	0	0	0	0	0	0	0	0	0	0	0	0	0	0	0	0	0	0	0	0	0	0	0	0	0	0	0	0	0	0	0	0	0	0	0	0	0	0	0	0	0	0	0	0	0	
0	0	0	0	0	0	0	0	0	0	0	0	0	0	0	48	0	0	0	0	0	0	0	0	0	0	0	48	0	0	0	0	0	48	0	0	0	0	0	0	0	0	0	0	0	0	0	0	0	0	0	0	0	0	0	0	0	0	0	0	0	0	0	0	0	0	0	0	0	0	0	0	48	0	0	0	0	0	0	0	0	0	0	0	0	0	0	0	0	0	0	0	0	0	0	0	0	0	0	0	
0	0	0	0	0	0	0	0	0	0	0	48	0	0	0	0	0	0	0	0	0	0	0	0	0	0	0	0	48	0	48	0	0	0	0	0	0	0	0	0	0	0	0	0	0	0	0	0	0	0	0	0	0	0	0	0	0	0	0	0	0	0	0	0	0	0	0	0	0	0	0	0	0	0	0	0	0	0	0	0	0	0	0	0	0	48	0	0	0	0	0	0	0	0	0	0	0	0	0	0	
0	0	0	0	0	0	0	0	0	0	0	0	0	0	0	0	0	0	0	0	0	0	0	0	0	0	0	0	0	0	0	0	0	0	0	0	0	0	0	48	0	0	0	0	48	0	0	0	0	0	48	0	0	0	0	0	0	0	0	0	0	0	0	0	0	0	0	0	0	0	0	0	0	0	0	0	0	0	0	0	0	0	0	0	0	0	0	0	48	0	0	0	0	0	0	0	0	0	0	0	
0	0	0	0	0	0	0	0	0	0	0	0	0	0	0	0	0	0	0	0	48	0	0	0	0	48	0	0	0	0	0	0	0	0	0	0	0	0	0	0	0	0	0	0	0	0	0	0	0	0	0	0	0	0	0	0	0	0	0	0	0	0	0	0	0	48	0	0	0	0	0	0	0	0	0	0	0	0	0	0	0	0	0	0	0	0	0	0	0	0	0	0	0	0	0	0	0	0	48	0	
0	0	0	0	0	0	0	0	0	0	0	0	0	0	0	0	0	0	0	0	0	48	0	0	0	0	0	0	0	0	0	0	0	0	0	0	0	0	0	0	0	0	0	0	0	0	0	48	48	0	0	0	0	0	0	0	0	0	0	0	0	0	0	0	0	0	0	0	0	0	0	0	0	48	0	0	0	0	0	0	0	0	0	0	0	0	0	0	0	0	0	0	0	0	0	0	0	0	0	0	
48	0	0	48	0	0	0	0	0	0	0	0	0	0	0	0	0	0	48	0	0	0	0	0	0	0	0	0	0	0	0	0	0	0	0	0	0	0	0	0	0	0	0	0	0	0	0	0	0	0	0	0	0	0	0	0	0	0	0	0	0	0	0	0	0	0	0	0	0	0	0	0	0	0	0	0	0	0	0	0	0	0	0	48	0	0	0	0	0	0	0	0	0	0	0	0	0	0	0	0	
0	0	0	0	0	0	0	0	0	0	0	0	0	0	0	0	0	0	48	0	0	0	0	0	0	0	0	0	0	0	0	0	0	0	0	0	0	0	0	0	0	0	0	0	0	0	0	0	0	0	0	0	0	0	0	0	0	0	0	0	48	0	0	0	0	0	0	0	0	0	0	0	0	0	0	0	0	0	0	0	0	0	0	0	0	0	0	0	0	48	0	0	0	0	0	48	0	0	0	0	
0	0	0	0	0	0	0	0	48	0	0	0	0	0	0	0	0	0	0	0	0	0	0	0	0	0	0	0	0	0	0	0	48	0	0	0	0	0	0	0	0	0	0	0	0	0	0	48	0	0	0	0	0	0	0	0	0	0	0	0	48	0	0	0	0	0	0	0	0	0	0	0	0	0	0	0	0	0	0	0	0	0	0	0	0	0	0	0	0	0	0	0	0	0	0	0	0	0	0	0	
84	35	45	78	48	10	96	60	20	60	69	95	10	30	6	24	42	26	36	93	93	24	49	47	83	53	18	66	23	46	80	76	34	55	24	24	90	66	89	78	62	25	81	61	51	66	50	57	54	24	9	35	47	61	79	5	68	21	49	70	97	30	36	5	96	29	85	3	1	91	28	47	3	1	12	33	93	11	71	20	49	68	23	29	3	37	63	95	54	59	79	62	24	31	68	8	65	86	47	12	39	68	5	18	67	52	40	88	38	13	75	78	56	17	5	18	86	89	78	60	99	34	3	53	54	9	61	95	72	11	61	61	3	10	86	27	75	22	11	80	32	76	40	31	86	17	94	7	70	67	80	3	25	14	45	53	40	37	58	24	14	93	75	32	81	65	60	42	68	1	93	58	86	17	12	48	14	14	9	56	37	51	33	23	4	23	29	70	84	88	7	0	86	64	2	19	26	22	5	42	89	88	52	10	62	67	32	63	88	72	71	30	33	56	0	97	86	8	86	92	47	77	21	97	62	8	95	28	48	2	79	39	93	39	32	86	15	22	58	83	63	23	70	70	70	86	81	40	24	94	12	3	63	59	41	80	32	49	40	30	51	59	66	53	78	64	64	11	30	90	88	86	84	9	51	94	23	63	65	52	0	82	38	68	19	18	95	52	48	44	82	21	5	1	83	52	3	78	63	53	23	52	52	18	2	77	19	67	5	84	87	94	73	72	11	44	71	81	60	97	31	72	58	7	0	38	2	19	85	88	69	81	96	56	1	91	30	9	11	69	84	74	3	18	59	31	42	48	16	9	9	47	83	21	42	2	67	16	14	31	71	56	16	18	70	92	36	65	19	19	96	97	44	9	79	82	10	35	65	42	6	42	12	94	21	67	36	34	91	12	23	48	83	56	8	24	96	42	23	0	53	14	74	73	5	33	52	15	78	92	50	17	25	92	36	65	63	54	7	63	25	0	60	62	3	66	77	91	28	45	67	56	83	69	82	94	83	90	23	10	47	82	63	0	25	35	84	22	62	91	59	80	19	25	31	0	17	28	27	47	16	12	68	62	63	98	18	17	29	91	84	29	86	82	88	90	61	6	51	37	16	79	6	17	99	15	38	45	84	58	19	88	90	6	67	77	17	12	80	52	39	76	25	6	35	44	71	35	49	32	21	78	54	98	71	8	16	95	1	24	51	3	81	52	65	95	96	77	33	62	39	65	14	43	6	91	65	55	36	82	46	92	24	93	10	10	64	55	2	8	69	56	56	0	72	45	20	34	22	95	55	72	7	27	99	26	93	42	88	55	77	17	63	53	88	1	94	20	15	12	37	21	39	61	41	19	20	87	36	93	72	49	30	80	16	26	4	98	45	42	48	44	56	61	82	18	41	90	19	62	55	1	1	44	26	36	60	44	29	52	46	83	98	28	87	61	53	23	94	31	60	20	73	78	15	45	30	4	84	75	16	97	91	14	10	18	87	84	91	13	73	90	98	53	3	9	90	70	79	14	52	39	45	34	7	75	43	62	79	97	58	95	48	45	80	76	53	17	2	80	17	24	15	49	11	25	43	48	78	87	29	37	73	94	21	75	66	8	49	54	0	50	3	20	81	53	51	30	44	59	48	0	12	88	20	85	57	93	71	29	96	64	39	32	94	81	29	77	13	54	1	35	56	75	49	76	82	58	74	21	15	18	36	47	60	95	97	71	82	79	1	97	50	45	18	92	13	82	29	63	57	46	95	13	37	6	12	37	64	52	16	52	46	55	9	80	35	76	35	7	17	8	21	92	60	92	13	2	86	41	69	10	23	31	24	20	41	77	49	97	49	14	84	76	89	74	37	62	26	41	66	93	49	39	7	58	56	2	50	18	95	11	44	90	15	70	10	55	56	50	11	31	92	83	56	97	4	6	92	8	95	62	69	68	48	88	96	53	23	11	38	18	49	47	79	10	55	91	85	15	35	20	32	75	73	16	38	53	6	31	88	31	59	18	31	39	65	23	11	48	70	19	94	36	86	62	69	48	62	25	68	25	75	62	70	72	94	98	26	78	45	60	21	84	0	80	41	47	44	12	99	32	42	40	64	75	91	62	57	8	94	97	50	62	98	4	90	98	3	39	66	62	99	84	63	82	26	24	37	42	17	91	95	1	50	43	76	0	85	49	62	6	20	25	22	1	95	25	97	51	39	41	72	23	58	27	92	0	0	4	10	86	46	73	62	58	18	30	15	45	57	80	12	37	2	46	19	33	40	14	38	88	16	52	48	90	42	47	59	72	47	89	83	95	93	87	87	88	44	5	99	68	53	85	91	77	74	77	69	27	10	2	40	90	93	1	28	85	66	99	77	83	20	49	80	18	33	93	11	34	22	86	46	1	11	66	7	91	27	15	73	22	57	43	57	46	57	22	52	19	63	16	75	1	75	94	11	78	18	56	41	73	18	88	91	65	84	35	8	2	88	78	38	6	7	54	10	97	39	31	45	92	13	51	68	96	5	82	89	42	13	27	15	72	69	1	28	14	94	50	65	97	99	55	68	95	66	53	20	8	38	8	99	5	52	98	91	39	56	92	95	28	56	55	9	60	28	3	75	16	66	14	20	37	18	5	74	17	50	9	83	4	70	26	46	15	60	98	42	24	9	26	26	58	64	43	89	60	77	98	62	59	52	91	31	54	84	1	73	26	45	57	4	40	53	87	59	85	93	30	49	98	81	81	37	65	62	1	26	10	42	72	27	30	9	63	15	22	97	31	79	55	66	24	71	81	5	94	93	39	96	60	28	45	99	96	0	94	21	29	94	84	27	91	64	94	87	91	53	65	90	79	69	36	8	94	35	25	1	23	94	23	65	40	44	76	47	7	81	93	90	67	22	8	38	33	88	99	19	12	55	31	9	59	25	40	47	88	10	51	15	64	86	99	37	60	90	52	27	51	6	32	75	17	77	69	75	29	75	49	25	83	5	96	71	19	49	57	93	26	34	98	57	21	9	95	14	29	74	20	68	21	54	73	77	81	97	25	95	11	28	48	87	24	13	56	76	14	15	58	48	89	4	78	49	40	33	68	26	46	72	90	50	84	88	26	40	19	26	49	7	16	10	52	2	72	22	4	29	81	43	4	95	56	49	17	48	90	2	38	9	95	24	64	14	4	54	19	0	97	39	17	64	81	27	43	72	2	97	73	73	55	16	16	44	25	52	45	41	5	77	33	94	57	16	8	58	42	51	95	64	66	53	16	59	57	76	66	77	7	54	53	28	94	95	87	71	50	84	9	44	92	33	41	4	77	53	14	34	9	50	33	79	98	3	78	20	52	40	10	51	54	64	23	5	71	4	69	33	46	70	75	69	81	76	40	69	29	63	83	35	79	65	36	12	49	66	0	12	26	56	87	78	59	22	82	47	88	67	40	37	5	34	40	32	55	37	47	76	0	67	11	76	95	7	17	44	27	61	92	21	28	48	9	17	38	95	46	8	42	84	53	87	82	50	98	80	85	78	50	93	26	26	61	75	69	5	37	27	58	63	24	32	40	23	69	38	3	64	6	69	91	89	13	6	64	11	19	81	95	5	91	46	93	43	37	39	39	54	71	71	18	31	27	35	98	87	93	63	7	98	56	36	3	64	62	11	73	56	25	81	58	32	27	37	43	53	63	0	31	36	39	49	54	41	7	66	96	71	21	63	14	14	7	14	29	81	76	85	88	11	32	74	37	27	84	49	21	28	76	83	44	76	89	80	15	17	65	80	89	16	35	46	27	76	43	42	85	40	86	16	95	66	88	44	75	97	91	76	68	19	23	53	90	88	90	32	40	70	33	74	9	14	65	52	48	11	26	99	7	68	57	45	14	17	43	92	40	19	48	94	88	86	17	58	63	57	13	18	81	25	56	14	39	19	99	6	26	43	80	69	55	49	71	59	47	71	47	47	34	56	29	78	20	98	64	77	39	82	44	57	34	63	96	16	22	55	84	24	13	20	43	23	14	32	48	16	7	11	85	73	75	23	71	18	95	12	20	16	97	99	37	33	79	17	97	5	57	50	73	39	28	49	90	59	42	71	0	31	3	24	8	48	7	87	54	66	88	36	2	11	9	99	63	32	72	67	27	55	88	96	97	38	61	85	32	97	18	98	54	29	71	41	79	83	55	49	22	5	38	89	37	33	35	19	72	2	5	35	70	24	76	48	53	21	58	39	86	7	42	23	76	0	41	87	87	16	93	57	6	92	91	78	87	84	76	18	31	16	64	78	33	23	61	60	44	29	6	24	4	32	83	63	9	98	56	29	56	44	88	91	60	61	12	95	13	21	51	11	16	54	32	29	15	40	1	20	66	13	6	75	59	43	86	80	90	57	0	98	27	55	46	83	10	11	43	74	21	23	11	88	47	98	38	62	2	65	69	54	80	13	36	87	39	50	85	25	52	0	44	46	77	54	70	16	46	57	47	64	84	82	81	50	55	2	1	80	11	2	82	30	38	77	17	99	63	21	20	35	42	96	90	23	28	44	23	33	52	64	37	45	52	68	13	1	60	62	0	99	56	31	59	1	28	13	18	32	30	92	36	69	65	35	17	46	82	7	90	39	15	64	41	13	69	7	39	59	15	12	63	13	93	49	84	75	16	67	49	75	7	74	26	32	71	68	48	83	10	33	16	27	12	98	68	38	5	90	74	45	54	94	19	95	5	50	1	0	93	54	48	29	31	62	14	8	46	65	67	47	84	59	91	89	39	26	35	50	33	52	83	99	12	21	64	83	89	93	0	6	90	47	24	42	32	83	92	98	44	49	93	31	55	38	59	84	62	99	33	34	73	79	18	24	89	36	59	35	60	10	44	15	89	99	53	26	19	74	34	99	84	92	38	78	34	46	16	25	1	12	82	17	40	24	24	73	40	9	52	3	28	50	47	58	79	20	66	28	30	50	19	23	29	10	55	20	84	21	82	68	11	12	4	33	81	3	21	56	92	47	40	85	92	38	35	63	31	24	14	31	3	82	23	87	20	15	51	20	46	82	67	67	73	87	13	92	59	40	53	88	5	45	62	31	97	32	97	83	87	9	75	48	11	56	33	25	31	26	83	22	9	72	76	35	77	23	62	61	10	45	14	88	39	17	45	53	27	41	66	32	40	24	59	39	56	10	37	62	8	89	4	85	9	95	83	22	79	73	48	88	35	87	33	12	59	84	98	46	11	36	21	8	49	40	80	26	73	58	93	16	76	15	30	44	81	23	0	43	69	11	64	49	33	5	57	68	49	50	16	44	24	85	96	93	82	75	59	62	75	97	54	74	2	44	29	13	0	70	2	46	28	7	87	44	53	77	61	62	78	19	88	14	88	27	98	82	48	48	38	99	97	91	7	41	66	12	23	32	92	38	67	99	77	60	64	32	45	21	19	78	38	11	47	46	85	18	31	55	58	6	20	86	80	32	81	41	24	82	32	19	4	68	16	49	66	75	14	16	8	19	43	12	85	86	51	39	64	64	38	45	2	98	19	33	63	1	23	13	8	83	65	65	95	70	42	90	9	67	54	54	54	3	6	25	22	40	54	26	92	95	31	78	11	19	84	84	32	41	42	88	8	89	52	13	15	86	69	85	76	69	64	45	70	28	1	63	
45	34	4	15	65	19	99	6	62	67	74	58	93	34	77	70	32	55	93	62	30	22	11	10	43	13	25	2	44	20	60	56	19	46	1	15	93	30	6	56	4	44	30	39	8	99	55	3	64	1	71	84	65	87	81	80	39	69	20	83	71	18	0	62	44	33	86	51	49	69	75	14	14	8	35	57	53	80	2	79	66	48	8	45	73	69	76	56	2	6	80	17	0	22	28	61	75	6	2	84	44	5	46	4	16	58	70	90	60	82	3	27	33	40	61	8	45	7	9	97	47	91	26	32	73	2	59	79	25	76	42	75	46	61	21	29	62	80	85	1	30	57	16	89	35	31	70	61	9	17	24	99	11	50	24	48	90	17	97	95	86	72	63	47	0	47	44	35	51	66	61	59	91	56	86	43	98	0	75	24	40	15	40	14	47	86	51	80	68	70	63	48	88	81	88	30	72	98	40	53	45	16	15	19	72	19	7	8	65	96	48	98	75	89	59	38	89	65	94	96	85	38	49	38	44	74	49	77	60	41	20	45	51	52	38	48	13	44	73	70	22	30	73	58	19	67	99	30	56	49	21	94	7	40	47	53	14	92	47	21	64	60	89	2	43	12	98	6	36	41	64	62	3	40	93	72	83	71	12	34	40	23	9	55	88	71	36	50	67	32	39	67	78	52	55	82	7	40	37	2	90	60	85	15	44	30	14	34	91	15	3	12	91	95	42	82	5	51	80	46	23	74	94	75	89	46	16	36	41	51	97	20	26	24	36	78	75	22	43	37	93	51	99	12	51	28	52	23	28	41	53	27	57	52	73	53	33	17	10	54	39	58	13	79	71	16	79	33	7	87	45	1	31	17	59	53	32	26	0	96	32	12	47	13	15	71	38	51	54	69	2	89	47	99	15	99	38	73	8	37	52	29	48	82	87	15	13	22	46	93	80	58	65	31	26	24	74	35	20	59	64	6	18	97	43	76	98	31	5	99	85	43	22	83	80	64	71	82	56	41	38	33	22	94	70	40	18	48	15	81	10	63	75	32	87	98	41	95	90	33	85	98	40	5	29	87	69	4	31	72	68	15	2	4	46	5	46	28	35	52	92	82	53	29	96	16	80	92	85	28	10	52	71	42	59	52	63	60	81	54	10	37	76	42	85	28	10	47	29	2	51	76	63	50	57	43	99	35	84	65	24	5	66	86	6	1	59	85	10	9	61	21	13	96	13	11	12	5	50	86	72	85	56	53	70	75	58	22	79	58	89	82	41	62	55	6	15	13	57	38	27	42	63	72	42	40	90	93	49	91	84	94	5	97	98	51	11	49	72	75	65	42	75	81	98	57	93	14	96	33	31	85	8	53	33	49	91	21	57	28	27	42	23	79	59	30	93	79	49	61	11	36	87	37	85	85	31	34	16	51	22	39	92	66	34	15	70	57	65	65	64	26	48	60	67	65	80	97	19	69	18	31	33	80	71	41	27	38	4	22	49	82	26	49	77	11	96	1	11	27	72	52	15	38	72	38	77	18	93	61	15	84	52	9	57	63	35	44	57	11	38	10	36	20	85	44	62	5	3	28	1	5	13	14	47	10	93	73	52	52	89	90	75	26	91	44	88	43	51	70	92	10	55	22	16	79	7	32	9	80	33	47	72	52	74	82	18	75	82	23	37	55	15	87	56	67	1	83	70	71	70	76	70	85	6	51	7	76	23	72	53	23	54	81	96	47	75	59	7	4	12	23	98	19	97	18	18	41	16	89	5	88	17	17	0	90	80	68	2	49	46	62	54	26	22	57	43	26	47	57	50	42	53	64	34	35	85	51	98	46	17	46	63	66	39	62	86	5	41	55	9	57	92	81	74	7	69	57	10	12	82	57	33	65	74	33	96	47	58	92	15	52	14	48	89	44	24	14	16	88	26	94	65	78	16	10	62	73	3	46	21	56	45	56	74	35	70	49	5	95	48	98	67	41	75	19	92	82	84	54	43	36	57	79	83	82	70	20	62	3	76	62	97	31	81	97	45	31	22	71	51	8	82	92	64	87	4	19	13	30	97	59	86	8	89	25	78	56	37	15	68	42	3	18	98	87	39	78	68	61	3	76	44	66	63	35	48	12	18	84	92	92	87	16	13	65	37	17	61	73	50	58	0	20	19	98	99	49	45	72	35	21	24	95	50	2	59	15	12	93	37	53	51	94	8	22	15	67	37	31	37	96	37	41	58	55	32	97	0	29	53	60	83	50	27	99	65	88	20	20	94	51	53	62	15	45	2	32	21	39	66	57	94	21	88	56	58	4	90	97	79	78	65	97	93	16	13	87	17	7	37	46	61	69	12	11	24	0	86	91	15	36	86	86	63	14	93	71	25	8	93	93	34	81	22	30	47	97	10	2	53	62	41	73	9	52	79	85	85	23	8	76	21	78	69	9	70	62	40	67	97	96	13	28	39	38	42	20	33	76	59	53	16	98	42	16	49	84	75	2	80	32	48	7	12	93	49	25	93	94	59	77	47	10	88	43	73	13	60	85	98	81	53	48	20	17	87	57	61	20	92	36	96	6	32	87	19	12	5	3	40	84	3	76	42	77	12	84	15	54	99	92	84	7	20	48	70	93	70	42	22	61	54	71	9	13	50	0	84	37	62	61	52	30	96	44	54	33	44	66	74	46	26	37	64	82	14	23	31	47	34	48	56	21	74	1	49	90	44	58	98	90	25	42	51	18	77	20	63	12	90	95	34	64	24	10	34	32	86	28	52	9	24	52	55	52	79	57	67	23	56	95	36	58	34	21	64	32	40	96	52	44	29	27	93	44	43	34	34	78	18	88	83	42	98	51	6	76	49	97	65	71	19	44	78	35	45	70	47	55	40	47	97	50	84	37	67	37	46	39	22	18	11	92	61	83	14	93	0	71	19	75	49	43	52	36	8	65	5	3	10	88	82	55	95	86	81	25	44	10	39	91	74	44	68	31	57	43	4	0	99	56	80	48	99	44	5	56	56	88	15	92	18	45	49	73	83	6	52	2	69	2	86	63	37	60	63	58	71	27	35	11	14	53	28	35	83	10	71	91	98	59	31	62	19	85	2	45	68	16	15	91	9	22	80	68	19	87	75	48	61	58	30	29	80	4	39	43	25	0	40	21	15	46	44	21	19	15	27	5	16	58	51	87	97	98	48	69	6	51	74	27	45	88	31	75	66	76	63	81	34	34	77	64	41	52	7	10	91	14	45	28	8	71	71	65	20	26	73	3	90	12	4	54	8	75	97	37	16	2	27	28	45	66	45	41	51	82	50	25	93	20	86	62	5	20	41	11	70	6	63	92	65	58	84	20	17	63	86	5	91	73	83	16	95	32	72	55	39	39	43	26	91	98	99	21	96	51	41	32	18	92	70	22	27	17	98	50	48	9	83	44	32	0	49	28	18	13	7	69	27	31	39	39	81	27	85	94	54	49	10	1	13	99	94	83	12	61	75	7	94	16	2	21	99	49	19	99	82	81	36	22	84	2	28	89	70	49	95	26	93	70	38	98	84	30	34	98	18	0	21	2	29	78	40	81	48	3	10	45	59	7	86	71	41	18	70	33	15	99	33	55	11	8	78	67	56	19	53	91	25	68	54	86	22	44	31	82	96	57	53	61	23	14	30	64	27	11	69	52	77	68	65	45	36	92	18	77	68	74	36	15	31	11	23	49	85	39	80	39	10	70	39	66	34	8	57	66	87	24	33	95	22	55	45	31	14	56	71	44	78	34	35	97	14	8	31	29	85	93	87	89	9	61	20	46	43	12	14	90	60	69	58	14	47	15	96	90	72	38	37	23	33	27	47	52	47	67	77	3	29	88	48	62	72	59	46	4	18	41	73	96	26	68	6	99	66	7	83	38	3	90	6	20	66	6	5	12	98	27	64	24	81	9	28	48	76	92	93	59	97	2	69	26	64	10	30	63	25	65	58	28	93	81	80	91	45	71	22	89	58	37	50	80	31	92	89	70	40	84	53	44	41	11	31	51	4	67	63	95	5	90	26	0	12	10	65	5	62	30	83	23	64	31	86	11	85	98	94	15	59	40	18	94	77	78	44	13	75	91	13	22	73	76	27	12	84	52	76	0	41	94	83	1	52	77	36	0	14	22	85	45	72	96	68	51	16	70	89	30	30	8	99	37	95	59	74	11	10	78	62	47	45	68	97	76	4	40	39	12	48	88	5	69	24	76	21	44	11	20	45	82	62	32	17	68	84	83	5	96	66	39	29	33	8	66	94	38	76	8	78	53	2	48	58	63	53	5	70	99	72	3	58	44	69	58	28	19	98	41	84	66	80	87	67	98	16	72	42	7	38	28	10	12	42	99	63	2	16	89	76	4	63	81	57	20	81	79	68	2	51	14	85	74	83	91	26	73	65	10	87	17	23	74	17	84	9	58	45	83	56	41	62	36	57	59	17	98	73	60	1	38	92	98	63	33	44	42	28	31	19	68	38	49	69	86	97	4	37	31	83	10	91	5	91	74	89	60	33	68	88	25	92	48	14	35	59	74	48	75	0	54	6	27	27	27	8	51	55	55	99	9	75	33	44	16	41	89	97	12	40	54	94	58	32	4	33	14	78	19	80	77	43	91	95	7	43	11	67	57	92	61	42	26	94	20	0	25	15	89	84	11	83	62	19	75	65	94	85	43	39	8	53	60	62	53	87	79	66	67	12	27	43	69	43	81	57	45	92	30	91	67	74	19	82	10	51	44	50	29	44	54	91	78	38	8	13	42	23	84	94	45	5	48	93	80	66	95	87	41	64	92	30	26	94	45	82	52	99	91	71	92	6	87	37	65	50	26	93	27	59	76	31	77	13	46	50	84	76	73	81	34	88	14	52	63	56	25	90	47	52	84	84	26	60	92	68	78	58	18	6	46	9	7	92	91	3	85	85	23	28	28	91	76	19	86	86	53	12	8	3	92	99	34	18	22	54	26	8	73	98	58	67	77	67	92	87	54	35	89	99	20	90	56	43	57	30	34	72	83	1	9	28	12	64	23	77	8	64	71	85	22	62	6	10	51	92	90	26	16	22	92	65	81	18	57	31	23	75	52	95	62	81	28	16	6	78	49	41	21	16	87	98	49	96	10	83	37	36	67	9	83	66	14	92	55	74	80	5	6	93	33	5	99	51	68	3	45	43	52	37	2	28	56	26	67	27	83	42	19	98	26	70	79	75	22	20	87	76	47	42	1	57	1	93	72	78	85	4	76	61	32	26	81	85	35	2	24	56	87	89	62	59	75	91	47	49	42	88	4	2	7	70	41	76	7	52	63	44	56	98	36	6	90	40	36	7	36	80	80	60	12	91	97	91	96	80	34	17	55	13	18	56	56	38	30	93	25	21	57	21	16	92	49	84	21	93	43	36	24	23	24	52	27	46	10	85	17	65	58	58	89	1	66	9	48	66	72	49	15	6	96	78	77	9	30	25	57	36	76	63	70	1	1	94	28	74	9	73	86	44	29	36	33	45	37	34	88	80	80	76	4	84	63	73	20	77	48	19	86	20	13	57	56	11	62	84	5	26	61	27	34	93	19	3	47	93	23	9	65	83	69	98	10	21	33	71	39	75	77	13	83	17	69	4	
8	1	8	8	18	7	6	8	7	16	4	17	8	2	12	13	4	17	11	12	14	12	2	9	7	13	9	19	11	9	19	6	11	16	19	19	13	4	7	2	9	14	7	13	18	5	13	8	10	12	14	5	1	7	20	17	5	12	7	4	16	5	17	15	16	3	9	20	5	19	2	20	7	19	8	18	15	3	20	13	6	16	3	7	2	14	20	5	8	7	1	12	20	8	19	14	20	13	20	18	8	9	3	20	2	7	2	14	6	17	15	15	2	3	17	14	10	20	10	3	12	7	8	20	16	10	10	20	8	13	11	5	1	13	14	17	9	10	13	1	9	11	13	18	15	2	7	5	15	12	15	19	15	5	20	2	11	13	20	11	5	2	10	18	1	19	6	2	7	13	13	8	2	16	11	10	12	4	6	8	9	12	12	3	16	18	14	19	4	18	8	3	5	17	12	2	8	8	2	6	2	1	8	16	4	12	18	9	19	19	6	9	8	2	1	10	20	2	3	6	20	16	13	12	10	10	10	2	13	16	5	8	16	20	3	5	11	10	18	4	10	19	3	15	20	8	18	15	17	19	17	1	2	16	12	10	12	4	13	14	20	13	1	8	7	7	4	19	10	8	15	13	12	8	20	14	19	14	19	9	13	8	3	6	11	19	13	14	13	4	11	3	13	4	17	1	4	20	20	6	3	17	9	11	6	8	2	4	3	19	11	10	11	13	5	19	19	20	17	20	15	5	9	9	14	9	1	3	2	9	2	17	15	3	18	5	13	14	8	18	12	4	15	17	2	18	20	6	4	2	14	11	14	11	12	8	11	11	2	3	10	12	10	16	17	5	3	13	12	16	12	2	18	11	9	13	18	9	8	6	18	16	8	15	15	6	16	8	5	2	16	7	6	11	14	20	7	8	10	13	9	20	5	10	1	6	20	1	11	9	1	3	1	20	19	11	4	2	1	17	16	18	8	4	16	3	15	9	11	4	5	14	11	8	14	16	20	3	12	3	9	13	19	12	17	17	19	9	18	7	12	7	17	3	16	6	18	20	18	3	15	2	14	17	13	6	17	2	13	12	18	4	2	13	1	12	16	11	5	6	8	19	7	2	11	6	20	1	1	20	10	18	8	12	5	11	5	10	2	15	13	2	6	7	12	19	19	11	4	9	4	4	9	8	20	8	6	3	19	19	10	1	3	3	7	8	19	8	9	18	10	12	14	14	16	15	11	10	6	10	9	3	17	19	4	2	3	7	2	12	7	14	12	18	4	5	10	1	6	2	10	10	15	5	17	14	14	4	8	14	6	15	15	15	3	12	20	10	6	19	19	19	16	2	11	13	7	9	15	20	7	5	4	20	17	12	17	12	14	6	13	7	15	5	18	11	14	17	8	6	3	20	10	3	2	7	16	5	10	4	15	10	2	12	18	10	3	12	8	17	7	2	15	16	19	19	3	12	2	4	11	14	11	13	11	16	15	4	3	17	18	14	14	4	13	7	3	20	19	20	11	3	9	1	12	10	17	6	12	17	11	4	14	15	14	12	13	2	9	4	5	5	7	3	16	17	3	12	2	11	3	14	8	10	16	16	3	18	2	13	11	8	16	11	18	17	7	11	8	19	11	13	5	17	9	7	16	2	7	6	17	19	6	15	13	11	14	3	12	17	5	18	9	9	15	10	20	12	10	12	10	4	14	4	16	17	17	17	10	20	15	14	7	2	6	13	3	17	6	11	15	13	17	8	20	7	15	14	19	4	4	8	10	4	9	5	17	16	17	14	9	5	4	2	16	9	20	16	1	12	16	6	18	15	9	1	16	7	19	13	4	10	3	16	11	18	16	20	3	9	15	10	7	8	2	7	5	20	1	20	19	3	10	1	9	9	10	18	11	6	10	10	7	17	17	6	14	10	4	7	12	8	6	19	3	2	18	6	15	19	8	1	18	16	12	6	9	20	17	5	20	7	7	19	5	1	11	10	13	8	6	2	7	5	9	12	11	1	5	2	16	9	4	16	8	9	5	19	19	4	10	5	3	1	13	18	4	18	18	15	4	20	9	18	16	19	5	10	16	6	6	3	6	4	1	11	2	7	17	19	16	14	5	13	9	1	2	12	17	5	12	11	1	13	14	18	15	13	11	1	18	20	1	11	14	3	8	15	1	16	3	8	14	4	1	2	13	7	16	17	11	10	9	4	9	20	12	11	9	19	7	2	11	14	15	20	4	18	5	17	2	7	18	6	5	3	10	19	18	6	7	7	10	17	18	10	11	11	20	5	4	10	17	9	9	18	11	15	16	9	7	7	12	15	18	8	13	8	19	19	1	3	11	16	15	9	9	1	20	6	15	1	9	12	14	18	16	7	3	18	20	13	2	8	8	10	1	10	20	15	20	9	18	18	2	6	13	6	18	18	17	7	3	7	9	7	11	4	5	19	1	15	6	11	14	10	18	6	13	13	5	14	2	5	20	15	9	19	17	20	1	20	12	6	5	1	19	11	7	16	18	4	4	12	18	10	13	16	9	1	3	8	11	19	3	13	14	8	1	16	6	14	20	18	12	2	15	9	2	8	9	20	8	14	5	14	8	9	17	11	18	1	10	4	15	4	13	6	5	11	11	14	4	18	20	6	5	19	15	13	6	10	7	14	11	10	3	13	14	9	6	19	9	16	6	14	19	3	7	20	20	12	8	3	5	6	1	12	2	3	19	10	5	20	8	19	20	3	7	7	13	15	16	5	12	19	13	18	6	9	9	1	15	8	2	15	6	8	8	12	7	16	9	6	1	12	14	13	5	2	5	7	5	1	9	1	10	3	7	4	6	9	16	14	14	7	4	10	5	3	9	8	14	13	12	13	3	9	2	11	1	10	4	15	7	4	11	3	1	3	12	9	14	10	5	16	13	8	10	5	10	10	6	11	10	11	11	12	12	9	15	16	7	11	8	3	11	4	8	2	1	15	16	15	2	3	11	15	13	16	7	5	10	1	10	1	4	10	8	9	14	16	9	10	2	5	14	5	12	3	12	3	2	16	7	3	11	4	8	6	3	6	14	2	12	13	13	9	1	5	4	8	1	7	6	13	15	15	7	4	14	3	7	13	16	2	10	1	8	4	15	9	9	12	3	8	12	9	12	6	10	16	13	15	6	8	11	4	7	1	16	7	7	15	8	16	3	16	2	6	2	1	7	12	14	7	2	15	2	16	15	16	8	7	10	6	6	7	3	13	9	1	2	3	9	6	5	8	9	5	14	3	5	14	11	7	3	3	7	7	13	16	13	4	2	11	12	13	7	8	1	4	13	13	14	16	12	7	9	13	11	2	11	12	15	12	6	11	3	6	2	3	15	1	2	1	5	2	10	1	3	13	4	15	6	6	8	15	15	1	2	7	12	1	9	7	1	10	12	3	1	6	5	3	7	2	10	16	16	3	8	1	12	3	11	2	9	16	13	12	7	8	13	11	5	12	7	15	15	6	2	3	6	16	1	13	4	16	10	3	15	13	4	16	5	14	12	11	16	10	3	6	7	10	1	9	12	14	5	10	9	12	12	3	2	8	4	5	15	12	1	6	11	8	16	7	5	1	16	16	13	1	10	11	8	1	11	3	5	4	2	11	13	10	7	9	2	7	9	9	1	2	11	2	13	12	2	1	10	11	8	13	4	11	13	2	4	3	6	6	2	8	15	2	2	7	14	5	8	4	1	8	6	9	10	9	4	3	3	12	2	14	11	6	4	5	2	11	9	8	9	7	4	3	8	1	8	15	6	12	14	11	2	8	8	5	10	3	3	12	13	7	4	4	16	13	9	5	6	11	7	11	12	14	15	13	5	14	13	5	2	12	9	1	7	11	6	11	10	1	7	15	4	12	14	4	4	3	5	5	12	3	11	5	7	14	1	5	12	16	14	14	12	9	1	16	2	6	4	6	8	11	12	10	9	16	1	13	10	14	2	1	6	7	3	2	9	4	16	4	4	15	9	10	1	12	13	10	5	2	5	13	7	3	14	12	16	5	12	12	15	5	10	15	15	5	4	9	14	9	14	2	12	10	8	11	11	11	11	2	7	13	14	14	11	6	14	1	14	14	6	4	1	6	16	4	5	12	9	9	14	10	5	1	10	5	2	9	3	10	1	2	6	8	5	1	11	4	12	7	11	14	7	6	8	6	15	3	3	7	4	7	9	12	10	2	13	12	1	1	9	12	12	15	5	8	11	8	16	14	5	16	5	13	16	5	11	11	4	10	5	2	7	12	14	9	5	16	5	13	1	6	5	9	5	14	13	16	7	3	16	2	1	11	2	11	15	7	9	9	9	13	5	12	5	13	4	7	5	8	14	13	11	2	8	14	13	16	15	10	12	3	4	8	2	8	13	6	15	6	6	11	4	15	1	15	8	1	7	3	12	16	16	6	6	9	4	13	3	7	2	9	1	16	14	11	6	9	14	9	11	6	6	8	6	2	6	10	3	6	14	14	6	16	10	1	15	1	8	3	3	16	4	4	3	8	8	1	3	6	13	7	7	12	8	16	12	2	11	2	6	6	11	5	9	7	14	4	4	13	7	10	2	9	6	9	11	6	6	9	10	9	6	6	8	16	3	2	5	9	14	1	15	3	12	4	15	2	10	5	3	12	9	4	13	7	5	6	3	15	14	11	8	7	12	13	10	16	12	2	2	13	14	2	10	1	9	2	11	12	11	6	12	14	2	7	13	9	1	3	4	8	16	15	1	8	5	11	3	4	1	9	2	16	6	5	5	9	10	13	16	15	16	7	13	6	9	12	4	1	8	7	5	12	11	7	1	2	7	11	3	9	6	11	15	15	11	9	13	8	11	1	2	2	15	16	10	1	6	3	5	5	7	16	5	3	12	4	16	16	8	4	11	9	6	9	11	5	13	5	7	3	13	8	1	7	11	13	8	11	4	3	1	6	11	16	1	14	6	4	4	9	10	7	11	3	15	1	2	13	16	16	8	13	11	15	3	3	4	3	5	15	16	1	3	7	6	2	6	2	8	11	14	7	16	9	7	10	9	11	4	13	2	13	13	8	7	14	6	11	14	3	6	1	16	13	15	7	2	3	11	8	11	10	12	2	8	14	6	8	11	3	5	3	4	11	13	1	2	15	10	2	4	7	16	15	11	2	3	13	5	6	7	9	5	16	9	11	8	12	2	4	16	15	2	6	14	4	5	16	5	13	5	1	12	5	4	3	16	11	2	9	16	1	5	14	1	11	9	4	11	14	8	7	11	14	8	14	5	2	9	15	9	14	7	4	12	4	16	5	16	3	4	15	14	6	11	10	15	15	13	4	13	2	11	16	6	1	2	4	8	2	11	4	8	8	12	4	9	2	14	13	7	1	13	1	10	15	12	4	4	15	7	10	9	11	15	15	5	10	11	12	5	10	16	10	16	4	4	2	5	4	5	13	14	3	16	1	5	10	11	5	16	8	12	13	6	9	2	15	5	16	16	11	4	14	12	13	12	9	9	2	12	1	16	14	1	14	16	7	10	11	8	12	15	5	2	8	14	7	10	5	4	7	6	8	5	12	1	13	6	12	4	9	11	1	15	4	13	9	7	1	12	13	12	4	15	12	5	5	11	3	1	13	9	
850	550	650	310	650	400	140	330	290	200	1000	430	730	310	880	150	670	970	880	660	540	890	760	240	240	240	790	530	360	510	260	540	940	200	110	320	390	220	560	290	450	620	660	820	390	690	180	500	200	130	370	730	220	320	960	400	720	110	210	170	920	110	430	140	750	160	310	850	820	990	810	910	770	870	410	320	230	500	910	540	860	280	110	470	870	800	180	560	740	700	180	510	540	960	370	310	730	770	890	160	550	770	160	410	480	520	1000	110	630	220	170	170	710	880	610	810	820	480	590	710	630	400	530	610	360	130	720	660	630	710	420	970	280	190	570	120	620	660	550	810	130	100	780	800	840	330	250	130	210	630	900	890	880	370	970	620	590	740	700	730	870	260	680	460	840	350	190	340	660	460	280	960	900	900	420	250	570	200	170	460	300	730	830	380	370	440	760	630	960	890	460	740	450	610	990	840	210	910	460	130	580	810	920	440	260	440	610	540	660	450	750	930	610	530	690	250	810	970	940	530	310	310	900	870	660	380	370	250	280	430	750	270	830	780	940	450	820	450	710	300	330	530	930	910	620	500	710	490	250	220	100	590	560	750	890	220	110	640	790	600	500	680	690	270	600	980	290	400	990	110	750	310	240	870	950	780	460	420	980	370	650	490	980	610	1000	900	860	940	130	680	420	320	450	890	870	880	370	430	940	630	760	250	320	830	530	390	900	480	200	820	210	880	120	780	680	150	210	210	320	470	530	160	130	970	610	650	380	210	850	960	870	900	500	170	580	830	290	330	480	830	940	640	160	610	980	280	170	110	610	470	580	760	730	330	640	860	210	150	830	860	400	980	1000	160	710	380	970	950	170	430	310	730	420	360	350	110	240	560	960	940	780	300	440	430	370	870	830	430	650	720	1000	710	490	260	800	620	980	560	330	810	650	280	980	630	180	650	570	830	290	300	840	710	450	430	330	200	940	620	290	390	830	370	420	240	680	110	940	230	190	300	930	120	550	450	200	310	800	200	330	660	840	990	490	780	260	440	930	510	330	1000	460	290	240	510	760	970	720	380	110	370	660	260	730	250	350	710	550	170	930	620	450	510	530	180	930	920	830	580	280	890	500	310	420	840	880	250	680	820	240	440	560	220	520	950	520	800	370	860	510	120	970	880	710	560	500	170	270	630	730	180	560	950	960	780	400	630	500	910	610	210	110	170	350	670	370	920	730	720	370	230	370	1000	350	250	850	250	730	540	160	980	930	620	290	660	200	880	590	980	170	690	520	180	180	410	810	900	580	150	410	300	250	1000	420	850	610	550	980	630	210	620	760	1000	740	300	500	130	240	620	100	190	710	640	510	930	530	310	220	870	400	370	740	650	810	700	740	440	150	120	300	810	980	410	370	990	220	220	450	460	990	220	930	270	530	850	400	990	290	810	940	570	430	520	990	150	400	540	680	440	860	730	650	950	650	360	760	880	280	650	570	920	920	190	570	360	210	290	940	320	220	730	410	340	900	520	650	720	520	1000	750	270	860	990	110	730	120	150	760	590	820	290	760	370	880	260	670	780	260	110	950	750	100	630	880	140	870	990	590	850	680	370	100	130	710	430	540	210	580	540	210	730	830	620	330	940	620	240	230	240	570	350	990	240	240	870	320	550	320	500	760	760	270	720	260	160	870	510	570	360	860	210	420	210	830	1000	710	290	500	830	250	760	630	730	870	620	800	820	430	630	930	790	820	500	750	350	970	270	990	510	800	260	450	620	210	130	900	410	170	420	350	230	450	850	720	680	460	740	920	970	910	980	900	250	360	920	230	930	640	550	320	800	310	300	740	770	980	700	940	770	230	810	410	320	580	960	150	270	180	110	320	380	650	190	980	460	820	730	910	300	210	580	820	290	770	810	540	120	630	900	360	730	190	350	740	450	550	190	730	320	700	730	350	630	630	890	760	680	540	520	200	650	590	970	170	450	940	170	820	640	180	830	940	850	530	580	110	670	440	840	820	970	690	800	850	140	800	760	310	790	560	330	610	710	740	520	130	470	360	630	690	460	190	410	620	660	480	690	900	390	200	860	120	200	570	570	310	890	960	660	280	1000	690	610	230	810	310	830	850	560	670	640	680	620	930	230	930	490	670	540	930	860	890	930	400	550	330	110	240	970	460	300	810	910	660	200	680	950	930	300	630	810	170	160	760	950	800	230	420	480	420	170	210	610	860	570	890	470	310	130	850	550	160	260	340	730	910	710	980	670	790	170	860	410	750	240	160	400	400	650	260	680	400	180	820	940	720	310	110	330	630	990	130	400	790	880	590	190	720	750	210	360	830	470	960	210	1000	630	390	650	770	930	600	670	650	670	540	140	260	870	450	530	480	160	260	860	830	170	380	770	670	480	170	1000	750	690	400	230	920	220	920	910	570	580	930	120	540	170	610	830	470	910	380	440	480	780	670	180	180	200	110	790	140	760	400	190	840	320	200	290	830	580	940	950	410	770	820	750	570	900	530	840	480	540	630	890	180	880	580	460	270	710	100	410	710	630	990	520	970	650	970	120	760	650	820	100	440	870	660	150	150	750	310	420	220	530	540	940	670	820	880	240	500	490	110	310	590	240	390	160	710	180	370	150	390	430	850	380	320	250	420	610	780	160	660	190	260	560	700	130	680	260	200	980	450	210	850	300	430	280	200	810	450	580	270	850	510	790	510	520	920	190	780	340	570	650	820	220	150	270	970	740	860	740	610	980	580	610	780	950	960	490	450	740	440	150	450	400	380	370	210	570	1000	320	140	890	960	450	310	430	730	300	930	720	970	490	990	410	330	360	770	450	570	830	340	510	530	610	800	490	240	530	890	340	300	520	290	910	590	920	530	220	1000	220	610	340	240	130	530	550	610	650	580	310	320	670	210	640	380	500	810	440	980	560	140	480	590	770	620	630	310	620	120	780	740	710	970	110	440	150	910	360	220	840	950	120	440	1000	740	210	300	330	700	280	150	280	860	310	580	300	230	150	820	400	880	380	210	610	270	740	760	150	910	350	970	540	420	880	800	470	620	990	850	430	870	140	790	210	200	880	770	460	280	900	550	620	200	360	820	650	320	400	270	230	420	670	720	110	380	740	960	710	530	120	280	930	180	740	510	670	940	720	790	460	100	200	350	130	500	180	300	600	730	900	990	780	940	380	510	470	780	270	790	320	970	900	360	190	430	890	540	280	190	830	850	960	260	620	720	480	250	490	610	250	750	450	250	220	690	550	610	360	120	630	810	470	170	570	310	730	230	170	960	100	430	720	250	950	960	560	900	680	670	200	470	680	390	460	930	400	650	810	500	480	820	750	650	830	340	940	990	780	140	100	710	580	330	220	960	780	550	430	330	940	800	410	990	260	790	680	270	250	930	690	170	550	900	590	650	240	780	820	780	700	880	450	470	740	550	750	770	500	570	700	610	620	120	110	810	440	640	680	990	410	250	170	430	270	360	810	450	810	260	810	440	730	360	190	300	800	760	910	790	350	660	920	300	930	520	480	690	480	870	980	550	200	580	610	170	1000	990	900	690	270	540	880	470	240	710	180	450	760	210	460	610	300	670	800	400	460	770	930	980	480	750	360	440	960	110	510	800	180	590	220	670	390	250	290	650	480	370	740	190	590	360	640	260	650	990	640	340	840	780	650	280	690	770	900	120	230	760	230	310	200	510	120	810	460	800	400	270	700	120	760	950	260	310	260	590	950	760	250	120	860	190	940	400	960	360	180	790	350	190	100	810	860	210	340	600	620	940	770	650	700	110	140	800	190	680	700	870	140	770	130	860	320	230	900	940	880	460	570	240	910	850	850	290	780	1000	520	650	340	290	970	850	110	730	800	810	140	330	510	620	860	430	770	960	970	300	270	550	260	430	480	390	940	390	980	110	140	880	280	430	760	500	780	310	860	100	550	400	640	540	770	230	750	130	230	190	150	340	380	950	730	400	470	690	1000	510	550	520	380	940	110	170	940	590	190	810	450	950	310	110	190	830	720	170	390	150	620	720	600	640	710	500	420	780	830	600	670	260	440	870	120	450	360	460	220	420	120	100	330	1000	420	250	840	160	490	230	960	500	280	580	130	870	310	800	520	160	230	930	210	940	260	760	950	400	640	310	290	1000	490	960	600	450	760	760	110	830	1000	350	790	400	730	380	780	540	160	590	1000	350	720	620	130	720	300	680	580	390	110	390	460	750	980	800	280	630	320	120	250	910	640	490	430	670	660	220	250	910	310	160	310	640	910	570	370	530	160	720	670	150	410	140	540	520	490	100	860	250	210	490	170	990	880	1000	520	800	630	460	860	760	740	310	930	810	990	310	380	680	620	710	760	330	850	990	690	360	540	420	140	360	280	410	720	490	180	270	940	300	770	650	460	490	150	590	210	830	550	430	690	700	840	340	210	780	290	1000	400	850	140	390	140	700	510	240	200	660	790	390	540	950	830	1000	970	950	210	460	720	510	880	930	870	580	150	350	430	700	650	310	580	370	470	520	950	450	960	1000	450	490	790	740	610	700	860	100	140	120	780	460	590	140	430	230	620	150	800	960	930	270	610	690	300	960	910	620	570	910	200	690	200	250	940	680	390	660	340	170	400	490	240	440	1000	350	930	520	980	630	770	690	330	340	630	540	660	730	840	350	900	320	260	660	150	860	300	950	270	250	270	590	720	230	360	210	900	250	930	770	310	770	330	570	460	980	200	900	630	490	100	730	320	990	860	440	750	200	570	740	280	340	340	710	390	840	380	960	750	100	910	420	900	250	580	570	120	440	640	490	430	980	620	240	120	830	360	760	600	840	540	960	430	690	310	160	140	450	820	430	690	970	130	660	410	610	340	710	710	190	320	610	710	720	540	280	560	630	180	240	920	830	250	120	880	330	540	780	260	260	480	940	380	940	880	200	420	270	610	950	650	530	180	300	670	720	630	190	280	440	300	290	290	640	800	910	280	450	140	900	500	950	410	230	430	340	410	350	890	1000	110	220	880	770	830	390	140	530	840	880	1000	540	940	480	210	780	380	300	810	430	300	300	500	730	300	640	110	130	980	660	720	900	570	640	420	460	370	420	360	930	160	230	750	280	380	280	700	830	970	190	700	920	290	110	720	690	700	840	120	300	620	870	680	120	310	500	930	500	220	880	470	210	580	410	990	650	110	550	900	180	850	470	660	300	180	900	130	270	590	610	320	830	680	760	290	260	190	570	990	170	680	750	700	260	860	440	820	380	590	430	630	740	340	750	490	790	690	410	390	480	390	500	940	150	150	770	950	240	340	710	970	260	840	400	560	930	460	970	730	490	390	510	260	800	330	720	800	280	1000	600	590	950	140	690	660	590	120	140	550	730	800	850	910	260	510	280	910	590	250	520	980	810	400	790	700	940	830	780	470	870	840	630	670	560	530	750	690	790	660	170	450	770	510	940	470	960	340	150	210	170	970	840	210	760	940	740	830	120	410	170	900	790	350	390	420	790	340	140	230	390	590	980	720	580	240	130	490	750	100	830	850	360	480	550	800	890	310	210	280	820	440	980	440	610	470	690	380	500	120	420	820	340	100	710	290	750	410	1000	480	130	910	490	730	420	720	970	400	270	560	510	520	460	550	130	810	400	420	410	950	880	950	520	540	390	780	860	410	990	840	710	
1
