3465
100
3
70
0	0	0	192	0	0	0	0	0	0	0	0	0	0	0	192	0	0	0	0	0	0	0	0	0	0	0	0	0	192	0	0	0	0	0	0	0	0	0	0	0	0	0	0	0	0	0	0	0	0	0	0	0	0	0	0	0	0	0	0	0	0	0	0	0	0	0	0	0	0	0	0	0	0	0	0	0	0	0	0	0	0	0	0	0	0	0	0	0	0	0	0	0	0	0	0	0	192	0	0	
0	0	0	0	0	0	0	0	0	0	0	0	0	0	0	0	0	0	0	0	0	0	0	0	0	0	0	0	0	0	0	0	0	0	0	192	0	0	0	0	0	0	0	0	0	0	0	0	0	0	0	0	0	0	0	0	0	0	0	0	0	0	0	0	0	0	0	0	0	0	0	0	0	0	192	0	192	0	0	0	0	0	0	0	0	0	0	0	0	0	0	0	0	0	0	0	0	0	0	0	
0	0	0	0	0	0	192	0	0	0	0	0	0	0	0	0	0	192	0	0	0	0	0	0	0	0	0	0	0	0	0	0	0	0	0	0	0	0	0	0	0	0	0	0	0	0	0	0	0	0	0	0	0	0	0	0	0	0	0	0	0	0	0	192	0	0	0	0	0	0	0	0	0	0	0	0	0	0	0	0	0	0	0	0	0	0	0	0	0	0	0	0	0	0	0	0	0	0	0	0	
192	0	0	0	0	0	0	0	0	0	0	0	0	0	0	0	0	0	0	0	0	0	0	0	0	0	0	0	0	192	0	0	0	0	0	0	0	0	0	0	0	0	0	0	0	0	0	0	0	0	0	0	0	0	0	0	0	0	0	0	0	0	0	0	0	0	0	0	0	0	0	0	0	0	0	0	0	0	0	0	0	0	0	0	0	0	0	0	0	0	0	0	0	0	0	0	0	192	0	0	
0	0	0	0	0	0	0	0	0	0	0	0	0	0	0	0	0	0	0	0	0	0	0	0	192	0	0	0	0	0	0	0	0	0	0	0	0	192	0	0	0	0	192	0	0	0	0	0	0	0	0	0	0	0	0	0	0	0	0	0	0	0	0	0	0	0	0	0	0	0	0	0	0	0	0	0	0	0	0	0	0	0	0	0	0	0	0	0	0	0	0	0	0	0	0	0	0	0	0	0	
0	0	0	0	0	0	0	0	0	0	0	0	0	0	0	0	0	0	0	0	0	0	0	0	0	0	0	0	0	0	0	0	0	0	0	0	0	0	0	0	0	0	0	0	0	192	0	0	0	0	0	0	0	0	0	0	0	0	0	0	0	0	0	0	0	0	0	0	0	0	0	0	0	0	0	0	0	0	0	0	0	192	0	0	192	0	0	0	0	0	0	0	0	0	0	0	0	0	0	0	
0	0	192	0	0	0	0	0	0	0	0	0	0	0	0	0	0	0	0	0	0	0	0	0	0	0	0	0	0	0	0	0	0	0	0	0	0	0	0	0	0	192	0	0	0	0	0	0	0	192	0	0	0	0	0	0	0	0	0	0	0	0	0	0	0	0	0	0	0	0	0	0	0	0	0	0	0	0	0	0	0	0	0	0	0	0	0	0	0	0	0	0	0	0	0	0	0	0	0	0	
0	0	0	0	0	0	0	0	0	0	192	0	0	0	0	0	0	0	0	0	0	0	0	0	0	0	0	0	0	0	0	0	0	0	0	0	0	0	0	0	0	0	0	0	0	0	0	0	0	0	0	0	0	0	0	0	0	0	0	0	0	0	0	0	0	0	0	0	0	0	0	0	0	0	0	0	0	0	0	0	192	0	0	0	0	0	0	0	0	0	192	0	0	0	0	0	0	0	0	0	
0	0	0	0	0	0	0	0	0	0	0	0	0	0	0	0	0	0	0	0	0	0	0	0	0	0	0	0	0	0	0	0	0	0	0	0	0	0	0	0	0	0	0	0	0	0	0	0	0	0	0	0	0	0	0	0	0	0	0	0	0	0	0	0	0	0	0	0	0	0	0	0	0	192	0	0	0	0	0	0	0	192	0	0	0	0	0	0	0	0	0	0	0	0	0	0	0	0	0	192	
0	0	0	0	0	0	0	0	0	0	0	0	0	0	0	0	0	0	0	0	0	0	192	0	0	0	0	0	0	0	0	0	0	0	0	0	0	0	0	192	0	0	0	0	0	0	0	0	0	0	0	0	0	0	0	0	0	0	0	0	0	0	0	0	0	0	0	0	0	0	0	0	0	0	0	0	0	0	0	0	0	0	0	0	0	0	0	0	0	0	0	192	0	0	0	0	0	0	0	0	
0	0	0	0	0	0	0	192	0	0	0	0	0	0	0	0	0	0	192	0	0	0	0	0	0	0	0	0	0	0	0	0	0	0	0	0	0	0	0	0	0	0	0	0	0	0	0	0	0	0	0	0	0	0	0	0	0	0	0	0	0	0	0	0	0	0	0	0	0	0	0	0	0	0	0	0	0	0	0	0	192	0	0	0	0	0	0	0	0	0	0	0	0	0	0	0	0	0	0	0	
0	0	0	0	0	0	0	0	0	0	0	0	0	0	0	0	0	0	0	0	0	0	0	0	0	0	0	0	0	0	192	0	0	0	0	0	0	0	0	0	0	0	0	0	0	0	0	0	0	0	0	0	0	0	0	0	0	0	0	0	0	0	0	0	0	0	0	0	0	0	0	0	0	0	0	0	0	0	0	0	0	0	0	0	0	192	0	0	0	0	0	0	0	192	0	0	0	0	0	0	
0	0	0	0	0	0	0	0	0	0	0	0	0	0	0	0	0	0	0	0	0	0	0	0	0	0	0	0	0	0	0	0	0	0	0	0	0	0	0	0	0	0	0	0	0	192	0	0	0	0	0	0	0	0	0	0	0	0	0	0	0	0	0	0	0	0	0	0	0	0	0	0	0	0	0	0	0	0	0	0	0	192	0	0	0	0	0	0	0	0	0	0	0	0	0	0	192	0	0	0	
0	0	0	0	0	0	0	0	0	0	0	0	0	0	0	0	0	0	0	0	0	0	0	0	0	0	0	0	0	0	0	0	0	0	0	0	0	0	0	0	0	0	0	0	0	0	0	0	0	0	0	0	0	0	0	0	0	0	192	0	0	0	0	0	0	0	192	0	0	0	0	0	0	0	0	0	0	0	0	192	0	0	0	0	0	0	0	0	0	0	0	0	0	0	0	0	0	0	0	0	
0	0	0	0	0	0	0	0	0	0	0	0	0	0	0	0	0	0	0	0	0	0	0	0	192	0	0	0	0	192	0	0	0	0	0	0	0	0	0	0	0	0	0	0	0	0	0	0	0	0	0	0	0	0	0	0	0	0	0	0	0	0	0	0	0	0	0	0	0	0	0	0	0	0	0	0	0	0	0	0	0	0	0	192	0	0	0	0	0	0	0	0	0	0	0	0	0	0	0	0	
192	0	0	0	0	0	0	0	0	0	0	0	0	0	0	0	0	0	0	0	0	0	0	0	0	0	0	192	0	0	0	0	0	0	0	0	0	0	0	0	0	0	0	0	0	0	0	0	0	0	0	0	0	0	0	0	0	0	0	0	0	0	0	0	0	0	0	0	0	0	0	0	0	0	0	0	0	0	0	0	0	0	0	0	0	0	0	0	0	192	0	0	192	0	0	0	0	0	0	0	
0	0	0	0	0	0	0	0	0	0	0	0	0	0	0	0	0	0	0	0	0	0	0	0	0	0	0	0	0	0	0	0	0	0	0	0	0	0	0	0	0	0	0	0	0	0	0	0	0	0	0	0	0	0	0	192	0	0	0	0	0	0	0	0	0	0	0	0	0	192	0	0	0	0	0	0	0	0	192	0	0	0	0	0	0	0	0	0	0	0	0	0	0	0	0	0	0	0	0	0	
0	0	192	0	0	0	0	0	0	0	0	0	0	0	0	0	0	0	0	0	0	0	0	0	0	0	0	0	0	0	0	0	0	0	0	0	0	0	0	0	0	0	0	0	0	0	0	0	0	0	192	0	0	0	0	0	0	0	0	0	0	0	0	192	0	0	0	0	0	0	0	0	0	0	0	0	0	0	0	0	0	0	0	0	0	0	0	0	0	0	0	0	0	0	0	0	0	0	0	0	
0	0	0	0	0	0	0	0	0	0	192	0	0	0	0	0	0	0	0	0	0	0	0	0	0	0	0	0	0	0	0	0	0	0	0	0	0	0	0	0	0	0	0	0	0	0	0	0	0	0	0	0	0	0	0	0	0	0	0	0	0	0	0	0	0	0	0	0	0	0	0	0	0	0	0	0	0	0	0	0	192	0	0	0	0	0	0	0	0	0	192	0	0	0	0	0	0	0	0	0	
0	0	0	0	0	0	0	0	0	0	0	0	0	0	0	0	0	0	0	0	0	0	0	0	0	192	0	0	0	0	0	0	0	0	0	0	0	0	0	0	0	0	0	192	0	0	0	0	0	0	0	0	0	0	0	0	0	0	0	0	0	0	0	0	0	192	0	0	0	0	0	0	0	0	0	0	0	0	0	0	0	0	0	0	0	0	0	0	0	0	0	0	0	0	0	0	0	0	0	0	
0	0	0	0	0	0	0	0	0	0	0	0	0	0	0	0	0	0	0	0	0	0	0	0	0	0	0	0	0	0	0	0	0	0	0	0	0	0	0	0	0	0	0	192	0	0	0	0	0	0	0	0	0	0	0	0	0	0	0	0	0	0	0	0	0	192	0	0	0	0	0	0	0	0	0	0	0	0	0	0	0	0	0	0	0	0	0	0	0	0	0	0	0	0	0	192	0	0	0	0	
0	0	0	0	0	0	0	0	0	0	0	0	0	0	0	0	0	0	0	0	0	0	0	192	0	0	0	0	0	0	0	0	0	0	0	0	0	0	0	0	0	0	0	0	0	0	0	0	192	0	0	0	0	0	0	0	0	0	0	192	0	0	0	0	0	0	0	0	0	0	0	0	0	0	0	0	0	0	0	0	0	0	0	0	0	0	0	0	0	0	0	0	0	0	0	0	0	0	0	0	
0	0	0	0	0	0	0	0	0	192	0	0	0	0	0	0	0	0	0	0	0	0	0	0	0	0	0	0	0	0	0	0	0	0	0	0	0	0	0	192	0	0	0	0	0	0	0	0	0	0	0	0	0	0	192	0	0	0	0	0	0	0	0	0	0	0	0	0	0	0	0	0	0	0	0	0	0	0	0	0	0	0	0	0	0	0	0	0	0	0	0	0	0	0	0	0	0	0	0	0	
0	0	0	0	0	0	0	0	0	0	0	0	0	0	0	0	0	0	0	0	0	192	0	0	0	0	0	0	0	0	0	0	0	0	0	0	0	0	0	0	0	0	0	0	192	0	0	0	0	0	0	0	0	0	0	0	0	0	0	192	0	0	0	0	0	0	0	0	0	0	0	0	0	0	0	0	0	0	0	0	0	0	0	0	0	0	0	0	0	0	0	0	0	0	0	0	0	0	0	0	
0	0	0	0	192	0	0	0	0	0	0	0	0	0	192	0	0	0	0	0	0	0	0	0	0	0	0	0	0	0	0	0	0	0	0	0	0	192	0	0	0	0	0	0	0	0	0	0	0	0	0	0	0	0	0	0	0	0	0	0	0	0	0	0	0	0	0	0	0	0	0	0	0	0	0	0	0	0	0	0	0	0	0	0	0	0	0	0	0	0	0	0	0	0	0	0	0	0	0	0	
0	0	0	0	0	0	0	0	0	0	0	0	0	0	0	0	0	0	0	192	0	0	0	0	0	0	0	0	0	0	0	0	0	0	0	0	0	0	0	0	0	0	0	0	0	0	0	0	0	0	0	0	0	0	0	0	0	0	0	0	0	0	0	0	0	192	0	0	0	0	0	0	0	0	0	0	0	0	0	0	0	0	0	0	0	0	0	0	0	0	0	0	0	0	0	192	0	0	0	0	
0	0	0	0	0	0	0	0	0	0	0	0	0	0	0	0	0	0	0	0	0	0	0	0	0	0	0	0	0	0	0	0	0	0	0	0	0	0	0	0	0	0	0	0	0	0	192	0	0	192	0	0	0	0	0	0	0	0	0	0	0	0	0	0	0	0	0	0	0	0	0	0	0	0	0	0	0	0	192	0	0	0	0	0	0	0	0	0	0	0	0	0	0	0	0	0	0	0	0	0	
0	0	0	0	0	0	0	0	0	0	0	0	0	0	0	192	0	0	0	0	0	0	0	0	0	0	0	0	0	0	0	0	0	0	0	0	0	0	0	0	0	0	0	0	0	0	0	0	0	0	0	0	0	0	0	0	0	0	0	0	0	0	0	0	0	0	0	0	0	0	0	0	192	0	0	0	0	0	0	0	0	0	0	0	0	0	0	0	0	0	0	0	192	0	0	0	0	0	0	0	
0	0	0	0	0	0	0	0	0	0	0	0	0	0	0	0	0	0	0	0	0	0	0	0	0	0	0	0	0	0	0	0	0	0	0	0	0	0	0	0	0	0	0	0	0	0	0	0	0	0	0	0	0	0	0	0	0	0	0	0	0	0	0	0	0	0	0	0	0	0	0	0	0	0	0	0	0	0	0	0	0	0	192	0	0	0	0	192	0	0	0	0	0	192	0	0	0	0	0	0	
192	0	0	192	0	0	0	0	0	0	0	0	0	0	192	0	0	0	0	0	0	0	0	0	0	0	0	0	0	0	0	0	0	0	0	0	0	0	0	0	0	0	0	0	0	0	0	0	0	0	0	0	0	0	0	0	0	0	0	0	0	0	0	0	0	0	0	0	0	0	0	0	0	0	0	0	0	0	0	0	0	0	0	0	0	0	0	0	0	0	0	0	0	0	0	0	0	0	0	0	
0	0	0	0	0	0	0	0	0	0	0	192	0	0	0	0	0	0	0	0	0	0	0	0	0	0	0	0	0	0	0	0	0	0	0	0	0	0	0	0	0	0	0	0	0	0	0	0	0	0	0	0	0	0	0	0	0	0	0	0	0	0	0	0	0	0	0	0	0	0	0	0	0	0	0	0	0	0	0	0	0	0	0	0	0	192	0	0	0	0	0	0	0	192	0	0	0	0	0	0	
0	0	0	0	0	0	0	0	0	0	0	0	0	0	0	0	0	0	0	0	0	0	0	0	0	0	0	0	0	0	0	0	0	0	0	0	0	0	0	0	0	0	0	0	0	0	0	0	0	0	0	0	192	0	0	0	0	0	0	0	0	0	0	0	0	0	0	0	192	0	0	0	0	0	0	192	0	0	0	0	0	0	0	0	0	0	0	0	0	0	0	0	0	0	0	0	0	0	0	0	
0	0	0	0	0	0	0	0	0	0	0	0	0	0	0	0	0	0	0	0	0	0	0	0	0	0	0	0	0	0	0	0	0	0	0	0	0	0	0	0	0	0	0	0	0	0	0	192	0	0	0	0	0	0	0	0	0	0	0	0	0	0	0	0	0	0	0	0	0	0	0	0	0	192	0	0	0	0	0	0	0	0	0	0	0	0	0	0	0	0	0	0	0	0	0	0	0	0	0	192	
0	0	0	0	0	0	0	0	0	0	0	0	0	0	0	0	0	0	0	0	0	0	0	0	0	0	0	0	0	0	0	0	0	0	0	0	0	0	0	0	0	0	0	0	0	0	0	0	0	0	0	0	0	0	0	0	0	0	0	0	0	0	0	0	0	0	0	0	0	0	0	0	192	0	0	0	0	0	0	0	0	0	0	0	0	0	0	0	0	192	0	0	192	0	0	0	0	0	0	0	
0	0	0	0	0	0	0	0	0	0	0	0	0	0	0	0	0	0	0	0	0	0	0	0	0	0	0	0	0	0	0	0	0	0	0	0	0	0	0	0	0	0	0	0	0	0	0	0	0	0	0	0	0	0	0	0	0	0	0	0	0	192	0	0	192	0	0	0	0	0	0	0	0	0	0	0	0	0	0	0	0	0	0	0	0	0	192	0	0	0	0	0	0	0	0	0	0	0	0	0	
0	192	0	0	0	0	0	0	0	0	0	0	0	0	0	0	0	0	0	0	0	0	0	0	0	0	0	0	0	0	0	0	0	0	0	0	0	0	0	0	0	0	0	0	0	0	0	0	0	0	0	0	0	0	0	0	0	0	0	0	0	0	0	0	0	0	192	0	0	0	0	0	0	0	0	0	192	0	0	0	0	0	0	0	0	0	0	0	0	0	0	0	0	0	0	0	0	0	0	0	
0	0	0	0	0	0	0	0	0	0	0	0	0	0	0	0	0	0	0	0	0	0	0	0	0	0	0	0	0	0	0	0	0	0	0	0	0	0	0	0	0	0	0	0	0	0	192	0	0	0	0	0	0	192	0	0	0	0	0	0	0	0	0	0	0	0	0	0	0	0	0	0	0	0	0	0	0	192	0	0	0	0	0	0	0	0	0	0	0	0	0	0	0	0	0	0	0	0	0	0	
0	0	0	0	192	0	0	0	0	0	0	0	0	0	0	0	0	0	0	0	0	0	0	0	192	0	0	0	0	0	0	0	0	0	0	0	0	0	0	0	0	0	0	0	0	0	0	0	0	0	0	0	0	0	0	0	0	0	0	0	0	0	0	0	0	0	0	0	0	0	0	0	0	0	0	0	0	0	0	0	0	0	0	0	0	0	0	0	0	0	192	0	0	0	0	0	0	0	0	0	
0	0	0	0	0	0	0	0	0	0	0	0	0	0	0	0	0	0	0	0	0	0	0	0	0	0	0	0	0	0	0	0	0	0	0	0	0	0	0	0	0	0	0	0	0	0	0	0	0	0	0	0	0	0	0	0	192	0	0	0	0	0	0	0	0	0	0	0	0	0	0	192	0	0	0	0	0	0	0	0	0	0	0	0	0	0	192	0	0	0	0	0	0	0	0	0	0	0	0	0	
0	0	0	0	0	0	0	0	0	192	0	0	0	0	0	0	0	0	0	0	0	0	192	0	0	0	0	0	0	0	0	0	0	0	0	0	0	0	0	0	0	0	0	0	0	0	0	0	0	0	0	0	0	0	0	0	0	0	0	0	0	0	0	0	0	0	0	0	0	0	0	0	0	0	0	0	0	0	0	0	0	0	0	0	0	0	0	0	0	0	0	192	0	0	0	0	0	0	0	0	
0	0	0	0	0	0	0	0	0	0	0	0	0	0	0	0	0	0	0	0	0	0	0	0	0	0	0	0	0	0	0	0	0	0	0	0	0	0	0	0	0	0	0	192	0	0	0	0	0	0	0	0	0	0	0	0	0	0	0	0	0	0	0	0	0	0	0	192	0	0	192	0	0	0	0	0	0	0	0	0	0	0	0	0	0	0	0	0	0	0	0	0	0	0	0	0	0	0	0	0	
0	0	0	0	0	0	192	0	0	0	0	0	0	0	0	0	0	0	0	0	0	0	0	0	0	0	0	0	0	0	0	0	0	0	0	0	0	0	0	0	0	0	0	0	0	192	0	0	0	192	0	0	0	0	0	0	0	0	0	0	0	0	0	0	0	0	0	0	0	0	0	0	0	0	0	0	0	0	0	0	0	0	0	0	0	0	0	0	0	0	0	0	0	0	0	0	0	0	0	0	
0	0	0	0	192	0	0	0	0	0	0	0	0	0	0	0	0	0	0	0	0	0	0	0	0	0	0	0	0	0	0	0	0	0	0	0	0	0	0	0	0	0	0	0	0	0	0	0	0	0	0	0	0	0	0	0	0	0	0	0	0	0	0	0	0	0	0	192	0	0	192	0	0	0	0	0	0	0	0	0	0	0	0	0	0	0	0	0	0	0	0	0	0	0	0	0	0	0	0	0	
0	0	0	0	0	0	0	0	0	0	0	0	0	0	0	0	0	0	0	192	192	0	0	0	0	0	0	0	0	0	0	0	0	0	0	0	0	0	0	0	192	0	0	0	0	0	0	0	0	0	0	0	0	0	0	0	0	0	0	0	0	0	0	0	0	0	0	0	0	0	0	0	0	0	0	0	0	0	0	0	0	0	0	0	0	0	0	0	0	0	0	0	0	0	0	0	0	0	0	0	
0	0	0	0	0	0	0	0	0	0	0	0	0	0	0	0	0	0	0	0	0	0	0	192	0	0	0	0	0	0	0	0	0	0	0	0	0	0	0	0	0	0	0	0	0	0	0	0	0	0	0	0	0	0	0	0	0	0	0	0	0	0	0	0	0	0	0	0	0	0	0	0	0	0	0	0	0	0	0	0	0	0	0	0	0	0	0	0	192	0	0	0	0	0	192	0	0	0	0	0	
0	0	0	0	0	192	0	0	0	0	0	0	192	0	0	0	0	0	0	0	0	0	0	0	0	0	0	0	0	0	0	0	0	0	0	0	0	0	0	0	0	192	0	0	0	0	0	0	0	0	0	0	0	0	0	0	0	0	0	0	0	0	0	0	0	0	0	0	0	0	0	0	0	0	0	0	0	0	0	0	0	0	0	0	0	0	0	0	0	0	0	0	0	0	0	0	0	0	0	0	
0	0	0	0	0	0	0	0	0	0	0	0	0	0	0	0	0	0	0	0	0	0	0	0	0	0	192	0	0	0	0	0	0	0	0	0	192	0	0	0	0	0	0	0	0	0	0	0	0	0	0	0	0	0	0	0	0	192	0	0	0	0	0	0	0	0	0	0	0	0	0	0	0	0	0	0	0	0	0	0	0	0	0	0	0	0	0	0	0	0	0	0	0	0	0	0	0	0	0	0	
0	0	0	0	0	0	0	0	0	0	0	0	0	0	0	0	0	0	0	0	0	0	0	0	0	0	0	0	0	0	0	0	192	0	0	0	0	0	0	0	0	0	0	0	0	0	0	0	0	0	0	0	0	0	0	0	0	0	0	0	0	0	0	0	0	0	0	0	0	0	0	0	0	0	0	0	0	0	0	0	0	0	0	0	0	0	0	0	0	0	0	0	0	0	0	0	192	0	0	192	
0	0	0	0	0	0	0	0	0	0	0	0	0	0	0	0	0	0	0	0	0	192	0	0	0	0	0	0	0	0	0	0	0	0	0	0	0	0	0	0	0	0	0	0	0	0	0	0	0	0	0	0	0	0	0	0	0	0	0	0	0	0	0	0	0	0	0	0	0	0	0	0	0	0	0	0	0	0	0	0	0	0	0	0	192	0	0	0	0	0	0	0	0	0	0	0	192	0	0	0	
0	0	0	0	0	0	192	0	0	0	0	0	0	0	0	0	0	0	0	0	0	0	0	0	0	0	192	0	0	0	0	0	0	0	0	0	0	0	0	0	0	192	0	0	0	0	0	0	0	0	0	0	0	0	0	0	0	0	0	0	0	0	0	0	0	0	0	0	0	0	0	0	0	0	0	0	0	0	0	0	0	0	0	0	0	0	0	0	0	0	0	0	0	0	0	0	0	0	0	0	
0	0	0	0	0	0	0	0	0	0	0	0	0	0	0	0	0	192	0	0	0	0	0	0	0	0	0	0	0	0	0	0	0	0	0	0	0	0	0	0	0	0	0	0	0	0	0	0	0	0	0	0	0	0	0	0	0	0	0	0	0	0	0	0	0	0	0	0	0	0	0	0	0	0	0	0	0	0	0	0	0	0	0	0	0	0	0	0	0	0	0	192	0	0	192	0	0	0	0	0	
0	0	0	0	0	0	0	0	0	0	0	0	0	0	0	0	0	0	0	0	0	0	0	0	0	0	0	0	0	0	0	0	0	0	0	0	0	0	0	0	0	0	0	0	0	0	0	0	0	0	0	0	192	0	0	0	0	0	192	0	0	0	0	0	0	0	0	0	192	0	0	0	0	0	0	0	0	0	0	0	0	0	0	0	0	0	0	0	0	0	0	0	0	0	0	0	0	0	0	0	
0	0	0	0	0	0	0	0	0	0	0	0	0	0	0	0	0	0	0	0	0	0	0	0	0	0	0	0	0	0	0	192	0	0	0	0	0	0	0	0	0	0	0	0	0	0	0	0	0	0	0	192	0	0	0	0	0	0	0	0	0	0	0	0	0	0	0	0	192	0	0	0	0	0	0	0	0	0	0	0	0	0	0	0	0	0	0	0	0	0	0	0	0	0	0	0	0	0	0	0	
0	0	0	0	0	0	0	0	0	0	0	0	0	0	0	0	0	0	0	0	0	0	0	0	0	0	0	0	0	0	0	0	0	0	0	0	192	0	0	0	0	0	0	0	0	0	0	0	0	0	0	0	0	0	0	0	0	0	0	0	0	0	0	192	0	0	0	0	0	0	0	0	0	0	0	0	0	192	0	0	0	0	0	0	0	0	0	0	0	0	0	0	0	0	0	0	0	0	0	0	
0	0	0	0	0	0	0	0	0	0	0	0	0	0	0	0	0	0	0	0	0	0	192	0	0	0	0	0	0	0	0	0	0	0	0	0	0	0	0	0	0	0	0	0	0	0	0	0	0	0	0	0	0	0	0	0	0	0	0	0	0	0	0	0	0	0	0	0	0	0	0	0	0	0	0	0	0	0	0	0	0	0	192	0	0	0	0	192	0	0	0	0	0	0	0	0	0	0	0	0	
0	0	0	0	0	0	0	0	0	0	0	0	0	0	0	0	192	0	0	0	0	0	0	0	0	0	0	0	0	0	0	0	0	0	0	0	0	0	0	0	0	0	0	0	0	0	0	0	0	0	0	0	0	0	0	0	0	0	0	0	0	0	0	0	0	0	0	0	0	192	0	0	0	0	0	0	0	0	192	0	0	0	0	0	0	0	0	0	0	0	0	0	0	0	0	0	0	0	0	0	
0	0	0	0	0	0	0	0	0	0	0	0	0	0	0	0	0	0	0	0	0	0	0	0	0	0	0	0	0	0	0	0	0	0	0	0	0	0	192	0	0	0	0	0	0	0	0	0	0	0	0	0	0	0	0	0	0	0	0	0	0	0	0	0	0	0	0	0	0	0	0	192	0	0	0	0	0	0	0	0	0	0	0	0	0	0	192	0	0	0	0	0	0	0	0	0	0	0	0	0	
0	0	0	0	0	0	0	0	0	0	0	0	0	0	0	0	0	0	0	0	0	0	0	0	0	0	0	0	0	0	0	0	0	0	0	0	0	0	0	0	0	0	0	0	0	0	192	0	0	0	0	0	0	0	0	0	0	0	0	0	0	192	0	0	192	0	0	0	0	0	0	0	0	0	0	0	0	0	0	0	0	0	0	0	0	0	0	0	0	0	0	0	0	0	0	0	0	0	0	0	
0	0	0	0	0	0	0	0	0	0	0	0	0	192	0	0	0	0	0	0	0	0	0	0	0	0	0	0	0	0	0	0	0	0	0	0	0	0	0	0	0	0	0	0	0	0	0	0	0	0	0	192	0	0	0	0	0	0	0	0	0	0	0	0	0	0	0	0	0	0	0	0	0	0	0	0	0	0	0	192	0	0	0	0	0	0	0	0	0	0	0	0	0	0	0	0	0	0	0	0	
0	0	0	0	0	0	0	0	0	0	0	0	0	0	0	0	0	0	0	0	0	192	0	192	0	0	0	0	0	0	0	0	0	0	0	0	0	0	0	0	0	0	0	0	0	0	0	0	0	0	0	0	0	0	0	0	0	0	0	0	0	0	0	0	0	0	192	0	0	0	0	0	0	0	0	0	0	0	0	0	0	0	0	0	0	0	0	0	0	0	0	0	0	0	0	0	0	0	0	0	
0	0	0	0	0	0	0	0	0	0	0	0	0	0	0	0	0	0	0	0	0	0	0	0	0	0	0	0	0	0	0	0	0	0	0	0	0	0	0	0	0	0	0	0	0	0	0	0	0	0	0	0	0	0	0	0	0	0	0	0	0	0	192	0	0	0	0	0	0	192	0	0	0	0	0	0	0	0	0	0	0	0	0	0	0	0	0	0	0	0	0	0	0	0	0	0	0	0	192	0	
0	0	0	0	0	0	0	0	0	0	0	0	0	0	0	0	0	0	0	0	0	0	0	0	0	0	0	0	0	0	0	0	0	0	192	0	0	0	0	0	0	0	0	0	0	0	0	0	0	0	0	0	0	0	0	0	0	192	0	0	0	0	0	0	192	0	0	0	0	0	0	0	0	0	0	0	0	0	0	0	0	0	0	0	0	0	0	0	0	0	0	0	0	0	0	0	0	0	0	0	
0	0	0	0	0	0	0	0	0	0	0	0	0	0	0	0	0	0	0	0	0	0	0	0	0	0	0	0	0	0	0	0	0	0	0	0	0	0	0	0	0	0	0	0	0	0	0	0	0	0	0	0	0	0	0	0	0	0	0	0	192	0	0	0	0	0	0	0	0	0	0	0	0	0	0	0	0	0	0	0	0	0	0	0	0	0	0	0	0	0	0	0	0	0	0	0	0	192	192	0	
0	0	192	0	0	0	0	0	0	0	0	0	0	0	0	0	0	192	0	0	0	0	0	0	0	0	0	0	0	0	0	0	0	0	0	0	0	0	0	0	0	0	0	0	0	0	0	0	0	0	0	0	0	192	0	0	0	0	0	0	0	0	0	0	0	0	0	0	0	0	0	0	0	0	0	0	0	0	0	0	0	0	0	0	0	0	0	0	0	0	0	0	0	0	0	0	0	0	0	0	
0	0	0	0	0	0	0	0	0	0	0	0	0	0	0	0	0	0	0	0	0	0	0	0	0	0	0	0	0	0	0	0	0	0	192	0	0	0	0	0	0	0	0	0	0	0	0	0	0	0	0	0	0	0	0	0	0	192	0	0	0	192	0	0	0	0	0	0	0	0	0	0	0	0	0	0	0	0	0	0	0	0	0	0	0	0	0	0	0	0	0	0	0	0	0	0	0	0	0	0	
0	0	0	0	0	0	0	0	0	0	0	0	0	0	0	0	0	0	0	192	192	0	0	0	0	192	0	0	0	0	0	0	0	0	0	0	0	0	0	0	0	0	0	0	0	0	0	0	0	0	0	0	0	0	0	0	0	0	0	0	0	0	0	0	0	0	0	0	0	0	0	0	0	0	0	0	0	0	0	0	0	0	0	0	0	0	0	0	0	0	0	0	0	0	0	0	0	0	0	0	
0	0	0	0	0	0	0	0	0	0	0	0	0	192	0	0	0	0	0	0	0	0	0	0	0	0	0	0	0	0	0	0	0	0	0	192	0	0	0	0	0	0	0	0	0	0	0	0	0	0	0	0	0	0	0	0	0	0	0	192	0	0	0	0	0	0	0	0	0	0	0	0	0	0	0	0	0	0	0	0	0	0	0	0	0	0	0	0	0	0	0	0	0	0	0	0	0	0	0	0	
0	0	0	0	0	0	0	0	0	0	0	0	0	0	0	0	0	0	0	0	0	0	0	0	0	0	0	0	0	0	0	0	0	0	0	0	0	0	0	0	192	0	192	0	0	0	0	0	0	0	0	0	0	0	0	0	0	0	0	0	0	0	0	0	0	0	0	0	0	0	192	0	0	0	0	0	0	0	0	0	0	0	0	0	0	0	0	0	0	0	0	0	0	0	0	0	0	0	0	0	
0	0	0	0	0	0	0	0	0	0	0	0	0	0	0	0	0	0	0	0	0	0	0	0	0	0	0	0	0	0	0	192	0	0	0	0	0	0	0	0	0	0	0	0	0	0	0	0	0	0	0	192	192	0	0	0	0	0	0	0	0	0	0	0	0	0	0	0	0	0	0	0	0	0	0	0	0	0	0	0	0	0	0	0	0	0	0	0	0	0	0	0	0	0	0	0	0	0	0	0	
0	0	0	0	0	0	0	0	0	0	0	0	0	0	0	0	192	0	0	0	0	0	0	0	0	0	0	0	0	0	0	0	0	0	0	0	0	0	0	0	0	0	0	0	0	0	0	0	0	0	0	0	0	0	0	192	0	0	0	0	192	0	0	0	0	0	0	0	0	0	0	0	0	0	0	0	0	0	0	0	0	0	0	0	0	0	0	0	0	0	0	0	0	0	0	0	0	0	0	0	
0	0	0	0	0	0	0	0	0	0	0	0	0	0	0	0	0	0	0	0	0	0	0	0	0	0	0	0	0	0	0	0	0	0	0	0	0	0	0	0	192	0	192	0	0	0	0	0	0	0	0	0	0	0	0	0	0	0	0	0	0	0	0	0	0	0	0	192	0	0	0	0	0	0	0	0	0	0	0	0	0	0	0	0	0	0	0	0	0	0	0	0	0	0	0	0	0	0	0	0	
0	0	0	0	0	0	0	0	0	0	0	0	0	0	0	0	0	0	0	0	0	0	0	0	0	0	0	0	0	0	0	0	0	0	0	0	0	0	192	0	0	0	0	0	0	0	0	0	0	0	0	0	0	0	0	0	192	0	0	0	0	0	0	0	0	0	0	0	0	0	0	0	0	0	0	0	0	192	0	0	0	0	0	0	0	0	0	0	0	0	0	0	0	0	0	0	0	0	0	0	
0	0	0	0	0	0	0	0	0	0	0	0	0	0	0	0	0	0	0	0	0	0	0	0	0	0	0	192	0	0	0	0	0	192	0	0	0	0	0	0	0	0	0	0	0	0	0	0	0	0	0	0	0	0	0	0	0	0	0	0	0	0	0	0	0	0	0	0	0	0	0	0	0	0	0	0	0	0	0	0	0	0	0	0	0	0	0	0	0	192	0	0	0	0	0	0	0	0	0	0	
0	0	0	0	0	0	0	0	192	0	0	0	0	0	0	0	0	0	0	0	0	0	0	0	0	0	0	0	0	0	0	0	192	0	0	0	0	0	0	0	0	0	0	0	0	0	0	0	0	0	0	0	0	0	0	0	0	0	0	0	0	0	0	0	0	0	0	0	0	0	0	0	0	0	0	0	0	0	0	0	0	0	0	0	192	0	0	0	0	0	0	0	0	0	0	0	0	0	0	0	
0	192	0	0	0	0	0	0	0	0	0	0	0	0	0	0	0	0	0	0	0	0	0	0	0	0	0	0	0	0	0	0	0	0	0	0	0	0	0	0	0	0	0	0	0	0	0	0	0	0	0	0	0	0	0	0	0	0	0	0	0	0	0	0	0	0	0	0	0	0	0	0	0	0	0	0	192	0	0	0	0	0	0	0	0	0	0	0	0	0	0	0	0	0	0	192	0	0	0	0	
0	0	0	0	0	0	0	0	0	0	0	0	0	0	0	0	0	0	0	0	0	0	0	0	0	0	0	0	0	0	0	192	0	0	0	0	0	0	0	0	0	0	0	0	0	0	0	0	0	0	0	0	0	0	0	0	0	0	0	0	0	0	0	0	0	0	0	0	0	0	0	0	0	0	0	0	0	0	0	0	0	0	192	0	0	0	0	192	0	0	0	0	0	0	0	0	0	0	0	0	
0	192	0	0	0	0	0	0	0	0	0	0	0	0	0	0	0	0	0	0	0	0	0	0	0	0	0	0	0	0	0	0	0	0	0	192	0	0	0	0	0	0	0	0	0	0	0	0	0	0	0	0	0	0	0	0	0	0	0	0	0	0	0	0	0	0	0	0	0	0	0	0	0	0	192	0	0	0	0	0	0	0	0	0	0	0	0	0	0	0	0	0	0	0	0	0	0	0	0	0	
0	0	0	0	0	0	0	0	0	0	0	0	0	0	0	0	0	0	0	0	0	0	0	0	0	0	0	0	0	0	0	0	0	0	0	0	192	0	0	0	0	0	0	0	0	0	0	0	0	0	0	0	0	192	0	0	0	0	0	0	0	0	0	0	0	0	0	0	0	0	0	192	0	0	0	0	0	0	0	0	0	0	0	0	0	0	0	0	0	0	0	0	0	0	0	0	0	0	0	0	
0	0	0	0	0	0	0	0	0	0	0	0	0	0	0	0	192	0	0	0	0	0	0	0	0	0	192	0	0	0	0	0	0	0	0	0	0	0	0	0	0	0	0	0	0	0	0	0	0	0	0	0	0	0	0	192	0	0	0	0	0	0	0	0	0	0	0	0	0	0	0	0	0	0	0	0	0	0	0	0	0	0	0	0	0	0	0	0	0	0	0	0	0	0	0	0	0	0	0	0	
0	0	0	0	0	0	0	0	0	0	0	0	0	192	0	0	0	0	0	0	0	0	0	0	0	0	0	0	0	0	0	0	0	0	0	0	0	0	0	0	0	0	0	0	0	0	0	0	0	0	0	0	0	0	0	0	0	0	192	0	0	0	0	0	0	0	0	0	0	0	0	0	0	0	0	0	0	0	0	0	0	0	0	0	0	0	0	0	192	0	0	0	0	0	0	0	0	0	0	0	
0	0	0	0	0	0	0	192	0	0	192	0	0	0	0	0	0	0	192	0	0	0	0	0	0	0	0	0	0	0	0	0	0	0	0	0	0	0	0	0	0	0	0	0	0	0	0	0	0	0	0	0	0	0	0	0	0	0	0	0	0	0	0	0	0	0	0	0	0	0	0	0	0	0	0	0	0	0	0	0	0	0	0	0	0	0	0	0	0	0	0	0	0	0	0	0	0	0	0	0	
0	0	0	0	0	192	0	0	192	0	0	0	192	0	0	0	0	0	0	0	0	0	0	0	0	0	0	0	0	0	0	0	0	0	0	0	0	0	0	0	0	0	0	0	0	0	0	0	0	0	0	0	0	0	0	0	0	0	0	0	0	0	0	0	0	0	0	0	0	0	0	0	0	0	0	0	0	0	0	0	0	0	0	0	0	0	0	0	0	0	0	0	0	0	0	0	0	0	0	0	
0	0	0	0	0	0	0	0	0	0	0	0	0	0	0	0	0	0	0	0	0	0	0	0	0	0	0	0	192	0	0	0	0	0	0	0	0	0	0	0	0	0	0	0	0	0	0	0	0	0	0	0	0	0	192	0	0	0	0	0	0	0	0	0	0	0	0	0	0	0	0	0	0	0	0	192	0	0	0	0	0	0	0	0	0	0	0	0	0	0	0	0	0	0	0	0	0	0	0	0	
0	0	0	0	0	0	0	0	0	0	0	0	0	0	192	0	0	0	0	0	0	0	0	0	0	0	0	0	0	0	0	0	0	0	0	0	0	0	0	0	0	0	0	0	0	0	0	0	0	0	0	0	0	0	0	0	0	0	0	0	0	0	0	0	0	0	0	0	0	0	0	0	0	0	0	0	0	0	0	0	0	0	0	0	0	0	0	0	192	0	0	0	0	0	0	0	0	0	192	0	
0	0	0	0	0	192	0	0	0	0	0	0	0	0	0	0	0	0	0	0	0	0	0	0	0	0	0	0	0	0	0	0	0	0	0	0	0	0	0	0	0	0	0	0	0	0	0	0	192	0	0	0	0	0	0	0	0	0	0	0	0	0	0	0	0	0	0	0	0	0	0	0	0	192	0	0	0	0	0	0	0	0	0	0	0	0	0	0	0	0	0	0	0	0	0	0	0	0	0	0	
0	0	0	0	0	0	0	0	0	0	0	192	0	0	0	0	0	0	0	0	0	0	0	0	0	0	0	0	0	0	192	0	0	0	0	0	0	0	0	0	0	0	0	0	0	0	0	0	0	0	0	0	0	0	0	0	0	0	0	0	0	0	0	0	0	0	0	0	0	0	0	0	0	0	0	0	0	0	0	0	0	0	0	0	0	0	0	0	0	0	0	0	0	0	192	0	0	0	0	0	
0	0	0	0	0	0	0	0	0	0	0	0	0	0	0	0	0	0	0	0	0	0	0	0	0	0	0	0	0	0	0	0	0	0	192	0	0	0	192	0	0	0	0	0	0	0	0	0	0	0	0	0	0	0	0	0	192	0	0	0	0	0	0	0	0	0	0	0	0	0	0	0	0	0	0	0	0	0	0	0	0	0	0	0	0	0	0	0	0	0	0	0	0	0	0	0	0	0	0	0	
0	0	0	0	0	0	0	0	0	0	0	0	0	0	0	0	0	0	0	0	0	0	0	0	0	0	0	0	192	0	0	0	0	0	0	0	0	0	0	0	0	0	0	0	0	0	0	0	0	0	0	0	0	0	192	0	0	0	0	0	0	0	0	0	0	0	0	0	0	0	0	0	0	0	0	192	0	0	0	0	0	0	0	0	0	0	0	0	0	0	0	0	0	0	0	0	0	0	0	0	
0	0	0	0	0	0	0	0	0	0	0	0	0	0	0	0	0	0	0	0	0	0	0	0	0	0	0	0	0	0	0	0	0	0	0	0	0	0	0	0	0	0	0	0	192	0	0	0	0	0	0	0	0	0	0	0	0	0	0	0	0	0	0	0	0	0	0	0	0	0	0	0	0	0	0	0	0	0	0	192	0	0	0	192	0	0	0	0	0	0	0	0	0	0	0	0	0	0	0	0	
0	0	0	0	0	0	0	0	0	0	0	0	0	0	0	192	0	0	0	0	0	0	0	0	0	0	0	0	0	0	0	0	0	192	0	0	0	0	0	0	0	0	0	0	0	0	0	0	0	0	0	0	0	0	0	0	0	0	0	0	0	0	0	0	0	0	0	0	0	0	0	0	192	0	0	0	0	0	0	0	0	0	0	0	0	0	0	0	0	0	0	0	0	0	0	0	0	0	0	0	
0	0	0	0	0	0	0	192	0	0	0	0	0	0	0	0	0	0	192	0	0	0	0	0	0	0	0	0	0	0	0	0	0	0	0	0	0	192	0	0	0	0	0	0	0	0	0	0	0	0	0	0	0	0	0	0	0	0	0	0	0	0	0	0	0	0	0	0	0	0	0	0	0	0	0	0	0	0	0	0	0	0	0	0	0	0	0	0	0	0	0	0	0	0	0	0	0	0	0	0	
0	0	0	0	0	0	0	0	0	192	0	0	0	0	0	0	0	0	0	0	0	0	0	0	0	0	0	0	0	0	0	0	0	0	0	0	0	0	0	192	0	0	0	0	0	0	0	0	0	0	192	0	0	0	0	0	0	0	0	0	0	0	0	0	0	0	0	0	0	0	0	0	0	0	0	0	0	0	0	0	0	0	0	0	0	0	0	0	0	0	0	0	0	0	0	0	0	0	0	0	
0	0	0	0	0	0	0	0	0	0	0	0	0	0	0	192	0	0	0	0	0	0	0	0	0	0	0	192	0	0	0	0	0	192	0	0	0	0	0	0	0	0	0	0	0	0	0	0	0	0	0	0	0	0	0	0	0	0	0	0	0	0	0	0	0	0	0	0	0	0	0	0	0	0	0	0	0	0	0	0	0	0	0	0	0	0	0	0	0	0	0	0	0	0	0	0	0	0	0	0	
0	0	0	0	0	0	0	0	0	0	0	192	0	0	0	0	0	0	0	0	0	0	0	0	0	0	0	0	192	0	192	0	0	0	0	0	0	0	0	0	0	0	0	0	0	0	0	0	0	0	0	0	0	0	0	0	0	0	0	0	0	0	0	0	0	0	0	0	0	0	0	0	0	0	0	0	0	0	0	0	0	0	0	0	0	0	0	0	0	0	0	0	0	0	0	0	0	0	0	0	
0	0	0	0	0	0	0	0	0	0	0	0	0	0	0	0	0	0	0	0	0	0	0	0	0	0	0	0	0	0	0	0	0	0	0	0	0	0	0	0	0	0	0	0	192	0	0	0	0	0	192	0	0	0	0	0	0	0	0	0	0	0	0	0	0	0	0	0	0	0	0	0	0	0	0	0	0	0	0	0	0	0	0	0	0	192	0	0	0	0	0	0	0	0	0	0	0	0	0	0	
0	0	0	0	0	0	0	0	0	0	0	0	0	0	0	0	0	0	0	0	192	0	0	0	0	192	0	0	0	0	0	0	0	0	0	0	0	0	0	0	0	0	0	0	0	0	0	0	0	0	0	0	0	0	0	0	0	0	0	0	0	0	0	0	0	0	0	0	0	0	0	0	0	0	192	0	0	0	0	0	0	0	0	0	0	0	0	0	0	0	0	0	0	0	0	0	0	0	0	0	
0	0	0	0	0	0	0	0	0	0	0	0	192	0	0	0	0	0	0	0	0	0	0	0	0	0	0	0	0	0	0	0	0	0	0	0	0	0	0	0	0	0	0	0	0	0	0	192	192	0	0	0	0	0	0	0	0	0	0	0	0	0	0	0	0	0	0	0	0	0	0	0	0	0	0	0	0	0	0	0	0	0	0	0	0	0	0	0	0	0	0	0	0	0	0	0	0	0	0	0	
192	0	0	192	0	0	0	0	0	0	0	0	0	0	0	0	0	0	0	0	0	0	0	0	0	0	0	0	0	0	0	0	0	0	0	0	0	0	0	0	0	0	0	0	0	0	0	0	0	0	0	0	0	0	0	0	0	0	0	0	0	0	192	0	0	0	0	0	0	0	0	0	0	0	0	0	0	0	0	0	0	0	0	0	0	0	0	0	0	0	0	0	0	0	0	0	0	0	0	0	
0	0	0	0	0	0	0	0	0	0	0	0	0	0	0	0	0	0	0	0	0	0	0	0	0	0	0	0	0	0	0	0	0	0	0	0	0	0	0	0	0	0	0	0	0	0	0	0	0	0	0	0	0	0	0	0	0	0	0	0	192	0	192	0	0	0	0	0	0	0	0	0	0	0	0	0	0	0	0	0	0	0	0	192	0	0	0	0	0	0	0	0	0	0	0	0	0	0	0	0	
0	0	0	0	0	0	0	0	192	0	0	0	0	0	0	0	0	0	0	0	0	0	0	0	0	0	0	0	0	0	0	0	192	0	0	0	0	0	0	0	0	0	0	0	0	0	0	192	0	0	0	0	0	0	0	0	0	0	0	0	0	0	0	0	0	0	0	0	0	0	0	0	0	0	0	0	0	0	0	0	0	0	0	0	0	0	0	0	0	0	0	0	0	0	0	0	0	0	0	0	
33	16	98	30	29	22	34	67	61	9	94	17	90	40	71	24	24	30	75	79	53	86	26	31	78	63	85	14	40	0	54	65	80	73	97	36	2	35	11	9	41	35	46	36	84	22	10	59	5	1	92	83	93	69	62	24	77	71	28	56	29	33	71	23	87	22	36	47	56	45	69	52	65	73	67	60	99	13	17	88	31	25	90	76	77	94	70	18	68	20	79	22	3	54	45	74	88	16	29	66	20	4	21	64	95	13	1	61	32	1	70	45	94	54	13	98	35	11	28	16	12	31	84	49	58	81	56	22	73	44	87	99	88	68	13	50	62	73	96	75	41	6	84	36	26	75	42	17	61	9	47	24	73	22	21	10	89	37	48	71	8	24	22	81	57	57	23	80	25	7	28	6	59	17	66	95	87	10	19	37	53	9	75	9	79	14	68	71	58	6	1	25	51	9	77	15	19	54	61	23	14	38	77	58	78	84	66	28	73	78	57	62	38	29	88	11	58	95	71	6	60	43	59	88	35	56	34	7	74	85	76	83	92	49	55	35	63	96	94	37	12	67	68	97	43	59	98	65	7	17	44	49	59	2	35	28	53	83	4	60	46	1	45	33	19	30	6	5	40	73	96	28	31	29	33	76	66	49	53	9	20	68	61	73	47	70	7	85	67	11	99	9	67	22	78	39	90	99	78	7	38	3	83	35	96	20	94	4	33	89	61	14	58	36	71	47	87	66	20	95	7	93	62	92	65	68	56	42	3	78	47	11	54	39	66	64	34	23	64	85	42	97	37	48	85	73	87	73	77	12	86	94	67	83	43	48	0	95	92	43	85	53	93	88	82	67	27	17	73	96	23	23	87	63	59	51	29	67	83	93	76	95	85	86	9	2	17	44	36	87	28	80	31	46	28	74	51	8	8	0	9	58	16	54	98	37	38	90	18	38	9	5	48	66	61	75	95	3	35	27	57	25	7	16	78	41	55	6	52	91	91	49	61	74	16	26	73	89	59	90	98	82	25	19	56	29	38	21	1	45	97	53	89	93	74	61	66	7	38	60	40	92	94	53	33	12	31	4	26	34	38	83	30	37	44	50	13	94	66	62	30	88	57	24	82	50	82	34	55	42	2	56	33	73	78	43	46	4	59	40	79	35	90	1	56	80	25	1	46	90	84	80	45	72	36	12	88	24	89	86	6	50	74	15	36	97	3	29	10	0	36	35	89	28	12	84	95	40	6	64	33	43	29	65	22	63	20	98	54	57	29	32	4	89	33	27	35	46	33	82	5	27	93	33	69	19	97	25	20	45	1	91	67	37	55	90	1	72	55	87	76	26	8	92	0	57	45	88	0	54	77	85	23	38	44	67	69	84	47	18	77	96	72	88	99	57	81	66	70	24	3	20	68	52	74	37	36	39	28	82	68	66	52	81	73	61	3	7	45	18	12	77	95	85	48	51	65	13	57	41	44	6	43	44	9	73	53	39	78	98	14	74	2	92	95	67	67	19	84	50	97	92	88	12	92	54	79	3	85	69	14	79	67	34	89	94	4	61	41	26	8	89	51	21	12	56	99	93	28	74	40	2	6	34	55	43	41	75	4	99	12	87	9	26	61	10	9	62	71	60	80	60	85	26	46	89	96	47	60	33	5	93	26	99	42	37	12	64	75	79	69	14	91	88	18	5	6	28	97	36	12	44	82	60	69	31	93	94	82	69	89	48	1	16	89	5	86	44	87	69	56	29	90	19	52	90	49	82	37	68	34	4	53	62	94	57	77	52	13	94	20	3	89	43	32	40	94	66	25	3	1	12	61	34	39	23	83	59	72	34	50	28	5	30	2	20	30	67	54	11	26	14	26	66	72	36	93	72	45	45	95	29	4	80	18	61	58	23	92	55	0	48	26	13	79	65	72	71	11	73	61	46	90	40	72	37	27	81	64	50	25	67	5	39	4	63	3	99	38	61	53	87	59	89	93	24	72	98	80	97	60	30	77	33	75	88	93	80	21	58	66	92	42	36	21	35	83	42	9	33	35	25	22	9	34	15	99	13	95	75	26	81	49	66	83	33	73	6	94	85	16	90	52	61	56	97	61	63	9	83	79	4	22	72	28	94	16	18	63	43	85	75	31	18	29	38	64	77	23	32	99	76	45	98	87	46	92	85	70	88	7	58	64	10	25	89	34	74	91	85	5	37	41	47	88	85	23	24	18	92	90	26	91	10	16	43	41	21	0	6	80	91	69	43	31	12	0	17	10	59	28	87	71	84	23	84	95	37	9	23	75	22	14	87	77	58	92	39	64	79	58	49	87	65	7	58	84	27	34	89	40	21	31	53	89	59	78	74	23	27	35	54	71	35	89	0	11	65	77	8	89	11	56	28	15	96	20	79	86	82	75	11	34	10	17	46	75	26	27	38	45	26	69	23	72	2	61	84	41	74	11	52	73	66	4	86	69	81	95	34	69	64	92	8	34	81	84	46	90	29	51	70	80	64	86	89	42	90	20	60	51	32	18	87	69	99	18	57	26	51	83	69	22	83	11	44	27	93	3	77	81	50	99	78	77	23	26	8	42	15	5	51	0	94	25	36	40	96	23	78	21	8	46	91	87	23	86	80	57	48	98	4	55	57	58	70	97	59	5	63	62	37	12	40	93	85	8	67	72	7	43	32	91	53	30	31	7	49	35	88	20	90	51	25	68	2	50	86	40	78	66	45	68	4	2	46	43	78	76	85	59	27	62	0	49	34	99	45	40	85	94	51	42	79	11	56	34	58	92	7	23	52	67	52	61	42	62	61	14	39	30	26	15	34	77	18	73	78	36	77	11	73	28	11	44	81	87	63	26	37	89	14	96	86	46	12	73	57	32	52	73	42	49	69	38	88	70	89	57	91	8	5	69	39	77	84	21	83	94	27	81	11	61	32	95	26	45	17	74	84	5	79	84	65	98	98	1	79	36	82	98	51	28	50	11	56	49	31	94	40	35	91	58	39	47	83	60	94	43	21	59	75	48	30	14	70	20	78	42	60	93	92	30	63	89	50	7	81	81	67	94	77	60	39	60	85	49	93	5	25	21	65	51	40	68	14	44	71	57	87	80	24	34	34	75	8	55	68	35	83	5	80	41	85	19	97	86	87	85	73	85	30	24	69	54	30	47	82	96	45	8	46	65	42	81	70	79	41	21	96	5	4	37	59	7	21	21	68	89	52	73	97	59	99	36	98	26	94	47	16	1	36	26	78	97	1	60	20	82	88	15	45	26	34	51	45	23	16	16	57	76	87	91	45	41	97	40	67	76	93	11	12	89	94	67	53	82	69	30	38	85	42	41	75	26	5	94	92	92	95	29	52	48	61	56	80	90	28	43	48	43	50	48	21	40	50	92	89	49	60	76	28	1	80	40	65	35	58	87	78	97	30	47	78	99	42	83	15	45	7	73	74	71	60	75	48	58	50	66	58	97	30	76	58	59	23	86	51	81	41	72	42	64	34	86	95	50	25	17	45	51	7	65	20	73	9	90	29	8	82	63	84	0	95	44	76	2	68	41	1	15	56	26	91	72	40	82	15	37	83	90	43	66	80	33	25	24	26	27	76	7	19	64	41	98	92	27	4	93	2	84	26	80	12	37	7	56	8	35	99	86	42	18	1	47	56	2	90	24	8	17	1	95	50	13	54	88	34	73	54	56	50	86	12	2	69	52	8	80	54	74	97	92	95	81	55	70	87	2	47	45	10	25	56	15	28	41	81	81	20	32	43	73	58	18	87	68	44	48	56	84	27	43	41	5	35	65	19	75	38	18	91	48	89	58	37	48	33	7	26	56	51	10	85	36	59	10	75	53	65	68	73	8	15	75	31	22	46	23	0	24	87	84	20	30	32	77	15	5	92	18	23	83	54	23	30	50	24	79	38	10	84	85	26	70	10	16	68	83	20	79	40	20	77	83	46	96	38	87	58	32	77	28	66	98	82	56	28	31	47	64	70	25	15	79	65	5	65	30	24	85	99	13	10	92	18	38	41	62	6	48	28	23	1	12	33	0	90	2	0	86	42	25	15	65	84	51	68	39	41	84	57	49	64	31	64	78	13	77	9	22	84	87	44	14	22	81	87	29	73	95	44	35	12	44	28	78	94	90	23	24	94	24	27	63	81	42	50	15	68	52	35	92	93	76	43	40	88	84	69	37	81	11	85	67	14	9	9	87	1	21	88	23	11	39	95	87	14	36	96	6	44	48	69	82	42	19	23	38	47	13	92	8	42	60	23	22	36	69	27	58	9	63	14	55	27	21	66	31	66	15	56	99	78	86	0	41	93	78	61	22	76	50	68	84	85	91	73	19	83	88	11	8	49	74	31	71	88	79	5	50	83	50	89	2	84	39	86	37	61	5	24	77	48	40	34	42	30	84	72	77	89	34	33	68	34	77	21	27	91	12	31	26	17	35	38	26	40	76	76	80	62	81	13	39	71	3	8	63	10	67	70	61	51	76	66	69	29	5	54	65	98	54	85	82	3	54	99	51	42	21	30	45	67	50	69	54	46	40	78	47	20	72	76	46	37	71	59	34	74	32	96	70	13	50	27	3	47	0	77	91	7	9	7	61	14	15	35	31	66	29	42	82	9	80	33	68	92	70	71	34	35	63	93	60	35	45	20	23	2	53	40	3	28	62	48	23	87	32	1	69	2	80	68	37	69	89	98	6	9	6	58	14	88	93	53	78	20	56	87	37	12	72	72	69	79	56	58	6	21	78	53	13	71	92	77	5	38	48	80	83	27	57	70	26	25	69	89	97	84	27	10	66	40	49	91	21	79	33	45	56	89	83	11	17	86	37	25	42	61	81	18	83	80	84	6	2	40	34	96	91	59	71	12	36	89	80	44	74	30	3	47	57	89	3	53	70	27	35	25	2	34	81	89	17	61	73	9	27	87	13	72	47	61	18	48	68	61	27	2	11	30	42	66	73	4	57	69	96	92	63	36	65	5	41	44	17	42	66	97	53	74	26	52	74	38	83	34	2	49	62	75	71	26	91	65	59	98	65	93	91	58	17	44	80	40	76	23	11	50	16	86	18	60	69	61	97	35	80	46	73	82	31	17	85	58	98	88	3	96	19	27	93	88	66	41	74	77	95	65	16	26	47	95	17	36	8	57	49	86	48	40	90	71	15	55	86	73	24	53	40	45	44	13	28	38	91	33	79	87	60	5	35	65	52	16	57	90	42	87	71	21	77	87	6	36	8	30	78	8	75	19	71	35	0	70	85	8	55	51	59	75	10	97	50	24	67	43	22	44	64	14	35	83	5	48	22	26	27	90	68	6	82	39	40	0	65	99	88	94	54	98	43	69	26	68	51	45	85	22	22	78	98	71	41	28	44	22	83	9	31	63	40	61	85	22	9	67	34	73	4	77	35	85	58	89	10	79	44	27	12	5	85	30	88	12	9	98	16	15	21	16	35	40	74	27	90	7	94	77	51	78	0	90	40	31	70	35	32	58	55	96	24	6	45	52	84	13	34	59	92	83	73	6	7	90	82	80	76	1	43	14	54	81	27	34	56	13	90	30	43	71	7	48	93	84	39	22	47	9	44	73	73	41	13	41	42	9	96	7	38	52	92	38	11	21	58	33	88	70	59	55	38	37	85	32	4	56	37	21	32	77	94	93	71	65	25	7	91	7	42	14	79	12	52	83	53	47	89	22	26	65	27	58	94	86	35	7	18	89	13	91	73	89	64	50	47	77	18	90	87	13	68	10	58	99	65	97	67	81	45	13	6	77	97	81	96	50	44	68	15	62	60	21	82	41	93	74	27	89	24	88	14	49	72	43	82	26	3	39	63	61	44	4	74	67	3	68	3	68	50	93	50	0	60	1	41	18	37	30	44	0	12	84	33	81	5	59	49	53	90	99	15	72	76	77	12	37	72	79	94	87	28	41	40	31	76	78	9	48	85	19	24	1	89	6	11	14	8	79	95	41	27	96	3	37	71	54	74	22	83	98	82	32	61	51	6	8	18	57	30	22	41	95	39	39	84	68	90	49	4	26	81	18	35	76	47	56	15	24	33	3	20	70	24	7	56	49	55	62	25	5	94	54	18	40	46	90	11	73	93	81	1	55	94	38	16	32	48	60	46	35	26	32	35	63	73	58	71	52	67	59	51	3	36	79	38	11	8	37	47	22	17	48	66	12	53	80	40	34	28	52	7	99	46	65	78	25	92	28	4	49	43	65	5	64	68	76	81	45	95	35	64	15	86	82	37	11	44	72	73	60	52	72	3	90	77	27	0	34	29	74	20	57	40	72	42	34	8	31	80	77	64	55	88	94	5	65	73	64	60	80	64	36	48	83	26	19	62	5	27	26	32	72	48	20	8	73	82	73	55	3	21	95	42	27	42	1	92	74	6	38	50	72	17	25	95	90	53	16	7	80	45	8	67	43	24	17	49	61	70	76	14	73	45	93	49	67	22	81	26	25	84	57	87	52	76	18	73	26	64	67	34	38	27	12	68	62	51	8	93	1	98	45	50	86	5	17	51	13	78	63	42	59	20	52	66	38	3	67	3	61	70	84	50	53	85	24	49	50	93	19	52	22	1	84	98	17	7	14	37	21	26	36	8	14	68	64	9	78	96	26	67	36	81	69	99	41	60	45	30	89	26	34	9	9	47	12	16	48	41	41	15	92	51	94	25	17	76	53	99	20	75	14	95	19	26	93	55	23	9	68	76	36	27	35	57	18	46	24	41	23	37	78	39	51	39	34	19	35	74	90	29	2	94	64	44	90	35	98	98	45	93	21	2	6	33	51	63	31	17	78	21	11	65	8	20	64	13	0	1	24	50	60	21	66	26	84	86	22	49	26	52	22	51	76	91	95	34	70	26	53	79	45	84	79	96	2	91	3	64	77	34	64	61	20	60	81	61	78	87	1	5	77	59	13	9	79	80	12	3	52	74	6	48	33	53	19	87	27	19	46	1	17	5	85	42	69	17	16	68	88	86	29	17	92	73	31	96	87	4	34	76	59	2	41	54	98	27	23	17	1	44	6	0	42	7	82	25	51	71	60	56	46	18	91	28	2	32	18	0	50	50	93	2	50	89	75	97	60	98	15	32	26	42	7	53	60	56	65	6	11	40	88	80	76	30	24	14	61	66	48	13	36	64	18	4	57	35	91	99	16	87	75	36	76	96	25	75	32	42	36	93	66	93	10	87	6	26	78	24	29	1	28	4	14	57	19	68	35	66	11	34	54	32	64	78	47	93	14	90	0	98	31	50	22	37	8	62	17	44	83	41	58	91	5	4	77	52	93	32	35	52	11	78	50	75	2	14	23	40	33	92	47	51	13	68	72	57	15	50	11	39	48	56	44	79	50	83	70	74	46	25	39	71	80	93	25	13	81	9	10	64	30	70	62	81	27	14	22	11	38	80	97	55	86	68	23	71	14	65	1	10	17	76	78	55	95	86	78	90	29	90	70	56	11	47	73	37	39	98	81	54	55	70	19	58	54	89	99	34	81	26	18	72	9	78	77	48	70	6	35	1	13	32	89	27	32	43	67	97	88	55	10	93	42	9	32	40	11	86	62	39	73	61	16	79	56	50	1	81	99	28	75	92	41	52	73	60	64	29	12	70	86	49	9	78	68	11	82	30	7	60	2	48	12	51	29	6	28	80	53	67	47	88	31	74	76	20	98	41	94	3	23	15	56	86	91	66	71	50	46	54	66	57	88	15	24	91	48	4	43	56	18	10	93	68	19	40	90	17	99	5	82	99	34	92	3	61	10	5	69	6	40	70	24	40	57	73	2	57	50	13	34	49	68	15	0	36	6	13	45	20	43	14	56	58	97	46	0	35	9	87	14	1	
24	24	5	75	90	6	32	9	17	14	39	75	42	97	57	82	73	56	32	67	16	68	41	8	75	17	73	73	71	53	38	28	54	29	7	48	13	85	74	40	92	92	21	44	33	97	67	17	88	38	86	81	35	19	80	28	54	63	92	7	39	81	56	4	50	95	6	42	49	77	57	44	20	98	16	98	49	37	94	14	60	32	54	60	39	20	23	13	43	89	72	38	72	86	88	0	59	62	34	45	42	23	45	41	81	73	88	94	34	91	98	27	2	80	98	27	9	78	72	86	88	37	44	54	13	72	65	42	61	66	18	81	76	93	34	88	23	53	1	18	4	61	79	46	60	52	83	4	59	28	53	37	71	78	6	43	48	78	50	17	71	83	60	6	95	60	24	75	26	15	87	95	39	56	2	25	83	22	5	81	2	80	99	89	38	84	56	96	87	78	9	49	3	49	23	40	14	64	43	55	38	93	42	14	20	81	29	22	19	28	65	80	19	4	7	29	39	62	24	35	80	11	37	58	72	4	3	76	83	77	91	52	39	96	98	29	61	6	57	23	49	76	89	55	92	74	75	15	52	50	40	15	6	49	65	0	90	56	64	32	13	3	96	22	77	28	83	29	43	40	18	22	51	72	78	64	34	61	1	34	27	87	38	92	80	64	59	99	4	41	69	33	20	18	58	22	32	30	65	39	46	88	76	69	74	22	61	30	26	36	47	10	42	13	44	22	16	28	14	11	32	99	20	67	84	59	5	38	20	40	72	45	50	20	95	57	66	32	68	72	14	9	78	30	46	0	92	60	60	81	29	56	17	2	76	90	53	64	36	95	53	63	68	4	71	46	40	7	7	40	32	48	15	15	27	20	20	19	12	96	62	63	34	58	42	58	5	58	39	6	49	13	79	40	53	41	57	0	5	41	46	52	82	48	74	29	20	99	10	12	2	53	1	10	28	5	21	37	48	97	30	48	63	66	77	26	32	35	88	11	90	44	35	69	17	81	83	65	38	41	23	52	81	25	97	98	45	32	96	25	57	25	60	30	4	60	99	49	29	10	61	20	95	4	28	48	5	12	72	29	13	81	31	53	9	98	53	57	80	47	44	98	84	42	16	72	66	22	90	17	63	82	92	10	96	66	11	19	98	63	66	78	14	74	69	44	76	56	16	32	23	44	13	21	80	92	27	66	91	74	29	30	33	70	48	3	0	42	15	15	39	46	8	9	5	15	71	31	70	99	83	70	66	50	10	66	72	27	15	41	91	96	80	2	9	53	29	22	92	36	12	0	96	15	87	80	15	91	57	36	88	70	66	12	72	1	99	4	20	15	49	72	91	32	59	63	57	51	20	48	3	86	87	78	92	42	16	13	78	26	78	23	25	76	63	39	69	81	65	96	83	80	57	73	98	29	91	69	66	76	45	11	58	16	39	40	66	28	66	70	24	34	79	11	13	80	20	27	86	97	82	46	69	48	80	88	20	17	85	89	32	72	47	53	72	10	84	58	47	71	45	15	22	59	46	70	67	87	59	65	16	16	69	11	51	40	78	70	96	98	25	48	13	33	97	38	2	45	10	63	80	70	88	73	13	72	63	59	19	47	75	1	21	60	11	21	29	76	23	12	83	25	6	58	22	26	61	56	38	60	19	46	50	65	25	46	25	2	84	84	75	49	75	94	57	11	11	15	71	3	75	92	32	12	10	0	81	91	25	79	40	65	88	31	7	58	92	15	53	38	49	86	31	46	9	89	8	39	6	98	22	81	55	17	41	22	28	83	21	85	93	50	43	38	75	44	65	73	20	67	64	87	5	87	93	45	52	94	74	75	46	50	26	74	57	81	71	57	24	56	93	38	32	22	46	81	94	67	30	80	56	19	81	78	4	99	51	27	40	11	28	80	65	1	64	91	79	1	26	36	88	27	57	37	6	45	3	1	13	69	41	71	90	60	27	93	14	69	8	32	88	30	9	58	78	83	43	35	4	8	99	60	22	44	68	51	1	96	51	57	53	45	79	17	94	20	42	80	95	62	78	2	35	91	10	39	93	29	36	21	54	20	91	35	67	58	20	0	83	23	41	80	15	85	87	9	72	5	18	13	88	92	56	51	4	11	54	45	88	27	80	8	75	52	89	28	96	19	65	19	2	9	83	40	2	47	24	5	25	95	34	19	13	23	75	65	54	22	68	8	9	92	74	84	52	71	41	33	47	43	44	78	39	30	67	58	77	55	7	68	81	66	47	26	52	27	23	54	64	56	50	80	7	16	28	89	8	8	54	55	11	48	10	80	35	9	53	22	37	77	21	94	0	45	28	65	29	65	48	93	50	88	40	43	66	90	65	18	78	52	55	11	17	69	67	72	26	53	44	32	48	15	10	62	79	45	26	90	97	90	51	68	80	79	47	27	9	71	17	2	32	69	45	1	61	40	6	15	88	90	89	36	67	67	99	78	83	42	74	45	67	46	20	99	42	9	51	97	81	63	82	16	42	52	83	11	51	46	1	79	68	84	6	20	18	63	56	7	13	39	68	45	21	79	43	16	80	3	47	90	45	18	44	33	37	14	87	5	4	88	75	34	39	75	18	50	25	11	81	55	4	93	6	74	82	10	77	54	88	65	40	52	13	64	92	0	84	16	6	64	46	49	8	90	1	5	75	82	77	40	72	18	83	42	63	14	78	27	31	1	99	25	2	86	40	32	52	92	9	14	72	90	2	11	61	82	85	13	72	28	35	94	93	93	65	87	79	52	47	95	56	83	43	25	61	84	85	9	14	40	80	92	33	51	12	36	75	20	32	18	1	30	33	30	16	84	6	53	70	98	47	6	57	43	82	72	66	73	44	31	97	83	90	16	54	87	12	46	85	5	80	87	31	1	33	71	54	16	64	47	16	25	99	7	82	24	13	48	16	68	10	95	76	26	31	96	16	1	25	0	73	47	15	40	79	75	43	78	55	32	19	82	19	58	28	65	50	59	59	75	96	25	17	55	66	59	66	6	46	10	37	38	2	61	41	59	11	75	22	91	42	31	29	54	96	94	4	85	2	65	23	0	64	74	83	84	56	23	99	12	2	71	16	47	50	66	70	30	59	36	90	97	48	25	64	72	10	13	92	44	88	94	11	93	28	3	97	10	37	20	55	45	97	59	69	36	99	27	73	76	57	30	20	19	12	52	41	20	14	33	85	17	31	90	3	16	4	25	16	30	74	94	67	22	19	48	60	38	61	37	0	76	29	98	78	67	64	23	43	41	34	80	18	47	65	18	24	53	61	40	33	36	46	40	95	49	74	58	40	75	78	52	83	4	20	47	59	96	73	13	43	41	88	93	60	30	59	73	85	84	8	18	81	35	65	95	58	55	87	19	24	60	96	66	55	95	99	20	56	29	82	15	67	52	93	7	38	93	85	17	59	93	23	35	50	46	52	70	63	39	1	92	15	52	74	95	32	5	97	36	68	79	59	99	35	88	97	5	42	21	2	61	39	73	80	20	86	11	7	78	22	29	9	57	74	96	43	56	63	46	82	5	70	50	7	40	29	28	2	62	79	74	8	92	48	37	33	24	22	12	1	55	89	48	64	99	1	97	5	53	28	61	72	19	6	12	4	95	38	60	91	32	77	83	76	24	59	17	8	42	71	12	12	60	86	9	84	28	82	1	8	73	3	9	80	20	14	58	21	30	7	82	96	71	17	98	3	5	33	90	69	11	52	3	67	10	58	78	72	4	5	11	80	14	76	61	42	78	45	79	5	65	35	49	83	55	67	80	25	13	10	19	34	80	22	72	83	83	61	16	2	58	99	0	22	9	55	61	38	90	98	37	9	6	81	65	56	59	14	95	86	53	40	84	31	12	3	44	8	72	8	77	11	27	25	63	78	69	45	13	52	58	90	13	5	14	29	96	32	1	75	97	91	80	31	62	19	26	64	55	6	34	86	70	59	21	62	3	95	26	6	31	91	84	2	64	3	75	39	34	0	96	68	19	58	4	33	8	75	4	48	66	54	96	14	47	10	78	9	56	95	26	8	45	26	5	97	88	82	88	82	37	22	19	10	31	35	59	78	61	86	63	61	86	4	83	35	84	33	43	15	82	43	10	96	88	79	27	94	70	60	38	69	31	23	62	10	30	56	90	68	98	86	12	96	26	15	3	97	37	74	38	72	99	28	96	90	81	16	77	84	2	3	72	9	6	59	57	11	29	40	94	38	10	49	3	12	69	10	45	84	63	80	63	37	79	52	34	87	83	52	67	6	36	41	93	6	97	66	33	46	3	69	28	19	1	45	6	2	89	28	69	72	97	48	13	27	77	22	48	0	90	58	78	35	37	7	74	11	54	47	45	80	89	16	89	87	45	32	95	5	35	73	33	26	29	95	5	40	19	24	41	9	50	8	54	98	64	49	8	33	81	98	40	67	97	98	2	46	58	38	89	57	20	32	76	86	51	82	26	24	95	7	18	15	90	39	26	58	0	46	35	24	60	32	74	12	15	10	46	1	82	98	75	88	52	47	1	13	86	87	25	80	88	73	15	7	56	29	88	13	19	21	48	26	78	54	17	64	8	20	21	7	99	51	78	10	80	39	54	87	4	63	82	96	52	59	27	37	28	98	2	29	31	94	64	45	78	95	35	11	73	43	49	8	45	2	33	17	40	22	69	55	88	70	56	50	44	83	19	43	59	97	65	27	33	95	57	77	99	23	96	19	64	59	70	86	73	74	66	70	3	27	25	10	39	85	1	74	51	24	41	1	92	47	91	57	8	56	4	75	91	20	59	55	36	89	55	99	63	25	73	67	84	52	43	47	90	12	29	12	10	82	69	61	66	65	12	43	23	32	40	79	40	40	76	87	91	20	49	0	76	42	63	37	69	27	77	17	10	55	37	93	30	69	58	58	29	54	89	80	81	43	82	67	83	6	50	78	89	8	48	51	18	61	66	73	79	71	42	75	1	92	57	84	29	73	93	9	74	84	5	58	23	34	6	37	45	46	50	45	45	51	19	59	16	34	47	31	47	61	27	25	46	1	16	52	14	53	75	81	73	84	23	86	57	14	89	69	36	66	10	93	67	25	8	39	57	46	85	67	21	68	59	55	24	27	47	4	33	11	80	43	83	76	12	14	67	26	68	47	29	73	28	43	9	78	61	15	92	67	61	98	52	0	93	40	17	95	6	47	10	90	94	60	56	99	70	55	12	26	39	96	40	16	6	8	63	83	60	65	45	47	38	25	7	26	97	67	90	9	9	8	37	94	5	4	17	90	71	52	73	84	76	87	43	84	22	30	22	55	81	58	68	15	23	3	19	75	49	95	69	94	94	46	22	99	49	6	82	67	99	85	54	44	17	96	65	37	75	73	28	2	3	47	68	24	73	88	22	65	1	12	46	28	41	26	1	99	2	69	67	5	89	29	67	41	70	9	12	43	46	73	78	84	70	90	3	61	0	85	65	86	88	85	23	68	61	9	19	99	86	34	99	38	50	17	72	68	12	39	51	2	59	97	75	66	46	62	22	19	74	82	99	50	42	70	74	75	81	33	44	32	24	45	84	5	8	99	80	26	10	31	30	50	83	43	55	0	82	77	69	6	35	19	98	71	26	53	49	37	76	37	19	10	19	93	0	77	82	61	62	57	31	3	44	8	57	89	12	31	59	50	28	54	17	38	14	93	19	43	0	63	20	90	89	78	99	86	85	71	68	77	1	63	57	59	85	93	64	44	15	94	24	93	92	74	51	48	65	6	7	34	36	14	57	83	27	51	85	77	62	29	39	35	7	17	9	71	12	4	15	11	59	45	12	11	59	76	15	51	72	1	11	56	36	41	74	40	75	81	23	92	24	84	32	84	48	76	9	34	97	52	64	80	17	98	41	18	93	11	47	64	96	99	9	6	80	22	95	12	21	13	53	31	55	74	97	84	60	57	28	0	51	99	29	87	55	62	39	91	34	74	62	74	68	40	49	60	56	22	93	25	41	7	76	6	87	79	58	42	41	72	25	86	16	11	48	23	47	74	25	22	44	21	99	73	38	43	40	55	50	35	67	6	50	5	79	41	37	85	85	11	12	36	83	93	3	1	83	60	17	25	85	42	26	71	98	67	75	80	26	2	5	31	10	46	93	39	5	12	93	25	12	43	4	7	35	90	23	88	37	52	37	88	16	90	83	68	56	70	12	25	26	31	64	44	53	25	66	97	8	16	27	15	27	61	59	56	44	27	39	67	47	85	93	67	37	72	49	53	84	61	17	50	70	24	2	62	97	1	9	99	37	56	33	87	98	83	38	0	25	4	11	71	42	39	31	82	62	72	5	47	7	95	72	25	32	41	74	1	66	50	32	72	44	9	65	27	44	24	47	5	92	88	36	75	79	77	37	68	91	41	21	14	54	26	16	15	43	37	93	27	93	4	61	76	92	90	28	79	66	69	19	78	61	3	50	25	58	52	80	75	24	9	57	55	50	68	44	42	46	7	7	5	80	10	30	22	78	3	43	19	0	33	21	91	2	91	42	73	63	45	60	26	60	68	36	9	44	17	27	64	68	74	57	82	83	54	90	55	46	1	73	3	11	90	59	20	10	55	14	44	73	20	24	19	28	56	48	10	55	17	63	32	48	75	79	89	40	56	94	14	61	89	66	8	6	66	33	5	66	87	61	69	19	36	37	66	26	13	63	16	26	19	79	98	4	88	59	73	7	58	94	5	41	9	70	2	72	5	10	66	99	90	59	53	14	7	3	16	28	77	89	98	26	43	88	9	54	9	46	78	7	55	24	69	32	67	46	29	14	21	77	90	75	13	52	89	36	7	46	95	50	24	37	32	20	54	25	92	37	10	3	96	25	80	73	3	71	61	30	34	23	26	77	94	75	4	93	96	67	57	63	81	8	77	70	61	66	3	26	1	48	77	71	95	47	31	56	94	53	37	76	93	31	34	12	65	17	81	18	29	22	24	60	41	67	61	44	77	77	51	13	13	69	64	27	63	11	29	66	95	50	10	74	35	56	2	91	69	38	47	3	54	33	15	27	33	32	10	12	24	86	76	92	66	18	38	52	14	12	52	47	81	70	85	46	8	16	16	3	63	73	49	87	4	3	71	47	48	73	50	83	91	92	70	50	42	57	65	92	11	36	9	4	25	15	26	82	57	51	16	25	74	50	95	73	9	66	68	84	14	43	66	47	35	17	76	16	53	26	9	0	40	4	35	74	19	91	57	87	83	86	13	59	60	56	49	25	92	20	93	75	1	24	22	33	8	18	43	47	10	60	28	23	80	87	38	88	41	55	67	54	71	79	81	30	21	45	16	93	32	26	90	10	18	76	11	77	53	49	42	44	50	90	84	17	32	22	62	74	56	91	47	72	46	91	73	94	4	27	52	69	78	73	48	16	1	17	12	39	45	76	55	95	48	52	89	2	6	20	58	98	23	0	86	15	23	62	81	10	84	27	53	79	67	87	90	52	12	23	86	6	75	13	39	38	20	98	87	70	99	97	38	29	89	79	14	91	19	22	76	97	1	72	27	25	61	12	26	10	56	83	46	61	36	23	42	91	2	4	19	8	82	87	65	38	27	34	58	40	51	17	57	94	6	80	87	56	19	65	62	61	74	74	41	3	31	56	68	34	18	28	56	20	8	57	46	10	11	15	61	25	3	79	56	46	50	32	66	5	0	30	78	51	62	31	40	49	39	57	40	66	43	17	77	20	77	8	33	20	46	57	2	48	27	55	18	55	14	71	8	79	61	5	3	97	92	1	97	42	60	91	27	77	61	71	56	94	79	19	89	18	79	92	58	59	15	50	1	79	20	1	30	15	24	58	11	69	81	42	34	47	62	95	0	28	95	94	82	91	99	47	13	
2	13	9	3	16	10	19	14	16	18	8	5	3	6	8	4	15	14	13	11	8	7	20	1	15	7	1	17	17	15	18	18	11	18	8	7	19	4	4	11	9	3	10	9	5	10	4	15	15	6	11	6	9	7	19	8	14	15	18	16	13	18	5	4	13	9	8	13	15	10	5	12	2	17	9	6	5	8	5	16	3	3	17	11	11	20	19	3	18	7	20	3	7	18	12	15	13	9	13	15	11	1	20	14	4	12	1	20	5	15	19	13	13	18	17	20	7	18	4	16	6	17	10	11	1	7	4	7	5	14	11	11	9	10	4	9	8	1	11	3	14	15	10	16	4	1	5	14	15	17	2	6	12	7	6	5	17	1	6	8	14	16	14	4	12	11	20	14	12	18	13	2	4	7	5	3	15	17	19	13	16	1	17	17	15	3	15	3	14	20	16	6	12	6	2	17	8	6	10	15	10	4	4	15	7	9	10	12	8	11	13	1	10	10	5	20	3	4	9	15	11	9	8	13	15	10	7	12	8	9	4	1	20	15	12	1	11	12	20	1	6	5	12	10	2	8	3	13	12	17	7	19	2	10	16	13	19	11	17	4	14	14	12	4	3	3	10	8	20	7	11	20	8	20	17	16	10	19	5	15	10	4	15	12	17	8	1	6	12	1	8	4	17	3	17	17	12	12	4	4	2	4	19	15	4	5	18	19	3	7	20	14	17	19	16	15	18	7	4	20	15	16	4	10	17	10	14	2	5	14	11	17	9	10	20	16	17	6	13	16	6	4	20	17	5	4	18	14	11	7	3	15	18	15	13	9	6	17	13	16	16	5	7	7	1	20	17	9	14	12	8	17	5	14	1	14	6	1	16	19	2	5	3	7	14	4	19	8	3	9	16	7	3	5	16	10	10	8	20	16	1	4	9	7	13	9	11	12	8	8	16	4	9	11	9	4	11	18	5	7	18	17	4	7	19	3	11	13	6	16	15	16	4	18	13	16	15	9	10	3	15	16	6	4	5	9	16	1	15	4	15	4	17	7	5	1	5	19	15	5	11	4	6	17	8	16	3	14	2	20	7	17	13	20	7	16	10	6	12	18	7	3	6	14	9	7	19	20	11	8	5	13	16	2	3	10	13	20	15	17	14	16	6	17	4	14	9	5	6	13	20	1	13	15	19	14	7	14	12	20	1	11	19	9	3	4	2	5	12	8	4	14	11	2	1	4	10	6	2	5	18	8	13	14	4	19	2	6	15	1	3	11	8	14	1	3	9	15	4	13	3	1	14	15	10	7	4	8	5	9	1	2	16	7	8	3	11	1	7	12	6	8	11	8	7	6	5	6	15	8	10	4	3	12	16	5	2	6	9	3	8	15	3	11	8	10	14	3	5	13	6	9	2	12	5	16	6	11	5	16	7	3	2	16	10	6	12	4	7	11	15	3	3	5	6	13	2	3	6	16	16	7	16	11	6	10	5	16	7	11	9	5	11	7	15	9	14	2	14	12	6	8	2	2	2	5	10	14	16	1	13	1	1	8	3	5	8	3	13	2	3	1	14	4	15	1	15	1	12	1	8	15	3	7	4	4	8	12	8	6	12	13	15	7	5	11	7	11	15	6	7	6	5	15	10	11	10	8	8	10	16	4	13	8	1	8	5	3	13	9	3	1	11	9	7	6	7	16	12	5	10	4	6	5	2	10	13	16	14	5	8	10	16	10	12	5	7	4	12	1	12	2	15	3	8	6	3	14	11	7	11	4	3	8	2	13	7	13	12	13	7	3	9	7	4	11	14	1	2	10	15	13	15	3	2	10	16	2	11	1	3	1	16	14	13	9	12	6	12	7	3	11	1	9	1	4	7	11	9	12	5	4	9	11	9	3	4	10	4	16	8	13	8	7	10	12	4	6	8	15	12	8	15	6	3	16	9	7	5	9	5	8	9	9	2	10	13	1	9	1	14	11	10	8	1	16	5	6	4	9	2	1	10	12	8	12	15	1	15	3	11	7	8	9	12	4	14	13	3	8	4	15	11	2	12	4	3	6	3	5	9	10	16	11	8	5	15	11	5	12	2	3	16	3	1	15	5	12	16	13	14	7	15	15	5	8	2	10	5	13	8	3	16	4	12	13	12	10	12	4	13	11	8	1	7	2	4	11	7	10	4	6	6	15	8	8	9	5	1	15	4	7	1	14	15	2	3	15	8	6	13	12	8	11	4	8	5	6	4	10	4	1	10	14	8	15	16	5	14	5	4	13	14	1	3	4	7	11	6	6	6	8	5	10	5	2	9	7	13	5	15	11	9	6	4	6	7	3	16	6	12	14	4	13	13	12	7	7	1	11	4	9	11	4	3	5	11	2	10	8	9	9	13	11	12	10	16	10	12	8	4	13	10	10	15	14	8	8	5	14	16	7	5	11	9	12	14	1	14	5	10	12	12	15	3	10	14	2	4	2	16	16	3	15	14	6	13	4	8	1	6	15	6	7	16	13	16	9	7	14	4	5	8	7	6	11	7	13	15	16	15	7	13	2	15	9	8	15	10	13	12	9	1	11	6	9	4	3	6	11	2	2	4	1	2	4	3	7	8	5	1	11	2	9	3	15	11	10	7	2	9	4	7	13	13	10	11	14	12	9	4	6	3	9	8	14	15	12	16	9	16	8	4	15	1	8	11	14	8	16	8	9	12	3	13	10	2	9	2	9	10	6	14	9	5	3	9	9	3	15	15	2	3	3	16	3	4	5	12	8	1	16	5	5	2	13	14	1	13	3	10	12	1	15	2	1	3	7	2	7	9	7	4	12	11	12	9	6	8	8	9	11	13	10	3	1	16	2	1	5	3	7	5	14	7	12	1	16	15	1	8	4	3	5	16	13	4	15	5	3	4	1	4	13	1	7	5	16	2	15	13	1	10	2	4	2	7	8	3	15	8	11	12	16	6	8	2	11	4	13	2	7	11	2	13	10	2	2	8	1	11	11	12	4	6	15	8	10	11	10	15	2	10	10	16	11	15	9	9	7	4	14	15	15	2	8	5	13	12	6	12	16	10	15	3	10	14	3	4	14	1	4	10	6	12	15	8	4	10	12	10	11	12	10	13	4	2	13	6	7	11	8	6	11	2	8	12	15	3	3	3	1	16	16	10	10	2	1	2	4	12	12	5	8	8	6	11	10	7	12	2	15	11	14	5	8	13	5	7	10	5	9	1	10	4	12	9	12	16	15	10	10	15	3	13	9	10	3	16	8	4	10	3	2	1	11	16	9	8	4	3	8	2	8	1	14	3	12	3	15	5	8	9	14	4	8	15	12	10	5	14	5	10	12	3	8	11	10	11	1	5	7	2	4	5	16	3	12	1	11	3	6	12	1	10	5	5	11	2	8	15	12	13	9	8	8	10	1	3	12	3	8	14	14	12	6	5	5	16	15	7	16	13	1	5	8	10	13	9	3	13	14	13	15	8	9	15	9	6	8	2	10	8	13	15	11	6	8	2	15	6	2	1	13	16	7	13	12	6	8	13	14	3	4	10	14	16	7	16	15	2	12	16	15	14	4	11	16	13	2	14	8	6	10	8	9	16	2	8	11	3	13	3	14	14	11	16	11	5	16	4	8	9	8	14	4	8	14	3	8	13	9	7	3	12	15	2	16	15	5	2	6	1	16	15	6	15	10	5	7	1	16	10	9	6	9	12	6	16	7	6	11	16	11	6	15	4	5	8	7	2	16	2	10	16	13	7	11	5	12	3	13	5	6	7	14	14	11	5	11	14	15	1	8	4	10	3	11	6	6	7	9	10	7	16	6	5	8	7	1	12	15	3	1	14	14	13	16	3	16	12	15	16	14	9	1	7	4	10	8	9	16	6	2	10	16	5	3	7	16	7	3	15	5	16	7	12	7	9	15	6	11	4	10	16	4	16	8	10	10	11	2	12	8	14	12	8	3	7	14	14	2	12	1	10	3	10	3	9	10	8	7	1	1	4	13	4	11	2	16	2	11	8	16	16	1	8	9	11	3	3	5	14	14	5	8	13	5	2	3	7	3	5	16	10	16	9	15	13	8	2	15	4	2	15	8	13	15	9	7	15	3	8	1	13	12	7	13	14	16	15	1	4	3	11	1	16	11	5	10	7	5	13	7	1	13	9	2	13	4	16	8	5	13	13	16	15	1	11	11	2	15	8	8	9	10	15	4	3	6	9	11	8	1	12	12	15	5	3	4	15	12	14	14	5	9	9	1	2	7	3	3	7	14	14	15	9	16	5	7	15	13	8	16	13	8	12	2	8	5	15	9	15	4	8	6	5	10	1	13	14	12	16	7	11	5	4	6	8	9	6	2	14	1	1	9	10	8	4	13	4	6	4	10	7	16	12	7	1	15	14	1	13	11	12	4	7	13	13	15	5	6	7	11	14	2	9	13	5	9	14	6	12	8	11	11	12	7	15	15	12	13	7	15	14	8	10	3	2	4	1	10	12	13	1	2	8	8	14	11	11	2	15	1	5	3	7	1	4	2	6	4	15	7	1	5	9	4	4	11	9	8	1	16	5	11	13	9	15	8	7	10	15	14	12	10	1	4	15	11	16	16	11	12	16	11	7	7	6	1	9	2	1	14	1	16	14	12	12	1	9	12	8	14	8	6	15	13	1	16	2	2	12	9	16	14	7	16	3	12	4	16	10	7	11	14	6	5	8	12	11	3	10	1	11	7	13	10	1	15	2	10	13	11	12	5	10	13	8	3	12	7	13	5	3	4	12	13	16	15	10	2	2	5	4	9	2	14	11	9	3	5	11	16	8	6	1	5	2	9	16	7	5	14	9	3	13	12	1	4	14	13	8	1	15	10	16	12	14	11	4	11	12	13	15	16	3	2	1	13	8	10	2	8	1	3	11	12	2	7	12	4	4	11	9	7	11	8	2	4	8	13	15	8	8	3	11	14	7	14	12	8	13	7	16	7	9	8	9	5	4	2	5	1	12	10	6	2	1	9	2	4	7	7	10	1	13	4	10	10	6	6	16	9	9	9	10	13	2	5	7	3	10	14	8	14	6	15	10	4	6	9	6	9	4	1	8	11	15	8	3	5	4	9	5	9	6	14	13	11	4	1	14	11	9	11	5	15	5	13	13	3	12	4	14	4	8	8	4	2	7	13	5	1	11	10	4	8	6	8	10	9	5	15	2	14	6	4	15	10	10	7	16	15	7	7	5	1	10	13	9	3	3	6	6	2	7	12	4	9	10	11	15	8	1	11	14	5	16	7	14	15	8	13	11	3	10	5	3	8	16	3	16	4	5	15	5	4	11	6	12	1	2	5	7	2	1	14	2	14	5	14	8	13	15	5	1	13	9	1	15	4	5	4	6	1	10	5	16	2	3	14	16	12	1	10	5	2	4	2	6	1	10	7	9	3	13	15	15	13	3	1	7	10	9	16	4	12	3	5	12	13	15	16	10	5	11	5	3	1	1	16	8	10	10	9	9	15	7	7	13	8	12	8	5	9	16	16	8	8	4	15	2	2	8	5	9	16	12	10	12	5	15	6	14	11	9	13	1	8	3	8	16	4	10	14	8	4	16	14	2	14	5	12	1	9	6	7	16	13	4	16	15	2	14	11	8	11	2	13	6	16	16	15	13	12	9	10	6	6	3	16	10	7	10	4	9	10	15	13	15	13	3	3	8	8	1	13	5	13	6	13	14	2	10	16	11	16	4	6	5	7	15	13	12	9	4	6	9	6	2	4	14	4	14	7	6	14	13	11	8	7	4	7	3	12	13	5	2	6	14	15	14	8	9	5	1	4	9	16	8	16	11	6	13	7	10	12	5	4	15	14	15	15	3	4	1	7	1	5	4	16	6	9	3	3	8	15	1	2	15	4	11	14	11	14	5	16	9	5	16	2	15	16	13	9	1	13	5	7	16	16	1	3	8	15	8	1	5	2	4	14	10	3	10	3	16	6	11	12	16	16	4	6	2	2	2	5	14	8	3	7	5	13	15	16	11	9	2	1	6	14	10	12	10	8	13	8	5	13	11	12	9	8	14	9	3	13	16	15	12	10	9	9	4	4	9	7	1	16	7	1	7	9	9	1	4	15	5	4	8	16	7	6	7	11	8	7	6	8	12	4	11	3	7	11	6	9	7	9	13	9	6	8	7	16	11	7	3	16	14	9	2	6	14	11	16	14	8	15	7	14	1	1	8	12	15	1	13	2	2	6	13	1	8	9	3	6	14	12	3	2	1	6	1	12	8	3	8	8	13	14	14	4	10	8	9	1	7	12	8	2	7	13	6	13	16	10	3	8	12	3	1	9	12	16	5	4	13	3	9	4	5	8	13	15	6	1	1	2	10	9	10	6	16	15	8	10	2	3	7	12	4	10	6	12	11	13	6	11	11	5	12	16	6	1	9	6	10	6	9	11	3	5	7	8	4	4	10	14	8	12	10	3	5	4	11	11	11	15	12	2	8	12	7	10	3	3	13	15	9	14	9	9	3	10	5	4	9	3	8	2	8	6	2	11	8	11	13	6	5	1	2	11	2	10	8	4	16	3	3	4	2	7	5	5	1	13	11	2	8	4	15	8	5	8	16	9	9	3	16	13	3	15	10	5	3	16	6	8	15	6	16	7	16	1	10	2	10	8	12	14	3	14	10	12	8	5	1	3	11	2	5	2	4	9	13	7	1	1	13	15	6	2	12	16	9	4	5	4	16	14	4	10	4	8	2	1	1	5	4	16	3	16	13	11	13	11	14	9	7	15	6	11	11	14	15	11	7	14	11	12	9	16	11	10	3	3	2	12	3	4	11	3	4	13	2	7	5	16	9	3	16	15	16	11	1	1	1	10	6	2	8	2	5	5	6	12	9	13	12	11	9	15	9	2	7	5	7	3	2	15	13	2	16	3	11	2	6	11	2	11	13	11	16	15	4	2	11	9	15	5	12	2	8	12	6	5	8	10	14	6	7	16	7	1	2	1	8	5	10	16	1	12	12	11	1	11	13	15	11	12	13	9	8	1	1	14	13	6	8	12	1	11	8	6	1	3	6	6	11	9	14	6	7	8	13	4	14	5	13	11	4	7	2	12	11	15	9	12	4	9	6	2	7	4	16	12	4	8	4	1	6	4	16	9	3	1	15	2	7	15	3	1	9	3	8	7	5	9	11	14	2	3	7	12	12	16	8	8	1	5	2	12	6	3	14	2	4	14	13	5	4	7	10	2	4	11	3	2	8	7	8	15	10	16	10	13	8	2	6	6	1	8	9	7	13	14	3	14	15	4	4	11	9	12	9	8	6	4	6	8	13	10	13	5	14	6	4	13	11	12	11	9	16	15	8	13	1	8	7	13	1	14	8	7	4	12	14	3	11	5	3	2	16	1	1	12	15	4	10	6	11	3	11	2	10	8	8	5	14	9	16	15	11	16	5	13	15	14	5	10	4	16	15	2	9	4	6	3	11	5	2	13	2	8	12	7	6	9	14	6	4	1	6	11	10	5	11	12	6	3	15	10	15	5	12	5	3	12	6	6	6	11	15	7	12	7	7	14	6	1	7	16	14	15	6	6	3	14	8	16	1	9	8	8	8	14	5	15	9	1	7	7	12	15	4	8	15	12	1	1	15	5	11	11	10	5	14	6	7	2	1	15	15	8	15	1	7	3	13	4	13	7	2	10	3	5	14	4	8	7	1	11	3	14	4	9	7	14	8	8	9	11	2	5	7	13	14	16	10	5	1	11	5	10	15	14	16	10	15	7	7	10	6	15	5	14	15	7	2	7	5	13	6	10	15	1	11	15	10	11	6	14	5	14	6	6	4	14	16	15	13	2	8	14	9	8	9	3	6	1	9	14	12	
290	190	780	680	450	440	910	320	430	970	870	300	360	540	510	640	560	500	730	270	570	570	120	850	140	850	720	350	190	120	550	490	770	340	270	840	400	180	920	180	460	520	850	110	770	800	680	980	290	150	780	530	130	700	410	200	690	410	170	340	490	400	750	250	310	470	450	370	150	790	100	940	980	950	290	230	520	230	470	300	130	820	750	330	580	900	720	490	790	930	970	710	230	770	590	1000	930	760	550	430	730	670	310	710	340	740	1000	830	700	690	910	560	180	730	560	650	950	380	350	830	760	770	370	730	400	460	290	910	900	280	710	110	480	680	790	720	460	670	450	230	500	480	260	120	540	910	580	680	430	170	370	380	550	890	250	470	280	400	740	160	310	200	990	560	350	260	690	900	450	110	530	340	920	710	540	860	400	490	700	560	190	390	750	290	340	590	900	1000	890	880	340	560	190	500	540	790	430	220	240	560	560	920	400	420	340	510	840	150	770	660	330	390	330	180	800	630	320	800	500	580	410	960	970	610	620	530	570	210	970	830	390	700	750	560	180	530	510	830	450	860	920	550	260	240	800	630	650	590	410	660	170	280	940	740	870	230	890	350	150	560	110	220	380	490	360	830	100	770	860	130	280	440	870	280	810	340	100	960	300	320	880	460	800	180	580	440	260	570	170	900	340	340	830	510	270	100	400	180	150	290	420	270	610	610	800	800	200	630	910	300	950	730	920	220	710	350	510	160	110	720	400	550	270	390	410	740	200	500	880	390	450	250	280	460	530	800	890	490	330	510	680	590	670	230	560	980	120	970	760	790	560	920	670	350	170	930	870	190	320	870	180	750	320	660	540	820	160	160	170	380	500	800	420	140	690	740	950	130	900	370	580	770	840	340	350	320	100	230	400	820	670	540	210	460	660	830	390	480	570	530	720	510	680	930	230	950	980	430	220	530	400	370	1000	230	100	800	430	680	780	540	190	180	510	320	110	120	570	360	150	640	650	640	130	890	290	480	270	560	630	260	430	830	230	280	520	770	890	450	130	930	910	370	950	580	200	100	440	520	410	570	970	360	420	110	830	200	650	940	420	680	750	790	370	560	1000	150	870	690	690	660	730	830	110	450	800	400	130	410	410	320	670	800	390	330	660	130	790	560	850	560	380	990	870	810	800	330	150	890	570	160	890	770	620	400	250	290	940	500	360	150	450	580	480	560	490	490	850	570	680	240	340	530	100	800	770	440	870	690	650	980	100	920	650	370	270	930	780	590	650	600	230	880	540	100	440	720	360	800	350	680	440	770	290	910	120	470	220	830	670	980	180	540	180	480	110	930	350	570	380	880	860	560	320	860	510	770	800	540	200	900	690	330	400	490	110	940	140	840	720	410	650	760	220	660	800	160	490	570	690	600	830	820	690	410	900	650	620	780	670	760	270	320	670	480	420	790	870	440	340	870	410	210	500	590	970	850	860	960	750	700	410	480	500	260	480	990	850	470	580	550	400	400	200	520	260	960	260	430	180	170	400	670	550	440	330	290	940	380	670	900	870	960	700	830	990	940	130	140	110	170	990	790	150	230	1000	690	390	940	280	860	280	260	960	110	620	140	490	620	140	380	980	180	320	710	100	850	880	170	940	170	190	640	870	170	240	250	310	700	1000	770	180	270	200	560	460	520	180	790	660	430	270	980	320	320	740	240	160	820	570	880	100	390	310	950	590	570	580	670	810	400	270	680	700	690	560	800	440	970	150	590	610	560	110	200	330	690	770	240	600	810	550	520	870	410	400	870	220	400	700	220	380	360	910	510	580	960	920	780	160	920	450	740	260	550	460	780	690	290	620	840	570	190	120	750	860	140	710	490	440	500	130	320	370	480	750	990	240	580	890	510	620	370	620	800	710	190	610	420	720	890	770	190	400	440	540	370	320	610	460	230	1000	270	660	400	610	180	810	280	990	100	300	380	920	290	260	350	660	340	290	880	800	370	140	700	590	240	170	380	380	700	840	960	240	280	360	320	900	1000	800	590	650	680	740	990	760	890	800	530	610	990	210	540	180	240	250	190	460	180	650	190	840	200	380	220	810	220	530	840	700	280	280	990	980	960	950	950	510	650	140	280	420	220	440	660	370	880	620	370	180	440	570	390	200	190	550	140	420	920	230	290	410	690	500	410	930	700	190	310	210	440	900	160	480	480	890	710	400	940	710	510	420	110	740	1000	350	120	320	230	540	790	250	400	610	110	210	390	200	940	670	150	330	500	170	160	230	700	830	400	480	840	540	280	380	900	300	880	340	970	930	240	550	850	390	770	130	640	160	950	610	420	390	980	300	280	130	610	640	740	400	170	410	580	940	430	510	920	870	930	890	100	400	210	850	580	860	740	500	370	790	880	220	380	860	820	510	270	760	640	330	960	290	540	960	820	290	990	910	580	920	780	430	940	200	910	370	210	290	1000	100	580	510	370	510	700	1000	750	940	970	740	420	230	340	790	690	280	1000	350	920	940	740	470	440	220	610	730	440	930	960	570	300	420	220	970	640	470	310	510	730	960	570	390	920	960	790	460	210	110	340	150	990	1000	940	240	380	910	850	140	330	370	460	890	340	160	490	390	790	390	220	730	170	540	780	440	330	240	390	610	190	770	310	710	470	100	230	240	540	520	180	730	890	380	330	260	820	460	500	500	430	320	350	170	830	420	680	460	500	490	800	310	120	450	250	870	750	970	710	660	530	420	220	970	1000	350	730	940	550	790	830	880	800	560	150	330	360	960	890	750	580	590	450	950	390	610	270	500	550	620	670	650	940	660	710	330	660	350	710	790	100	530	720	430	100	960	840	530	320	950	230	450	770	610	550	500	580	320	380	450	720	170	130	210	940	680	970	850	550	820	580	890	960	870	160	380	420	610	1000	530	320	920	220	180	260	560	390	270	150	420	490	930	770	790	190	260	190	290	370	370	810	630	130	250	640	770	350	500	670	1000	190	670	450	690	490	580	370	980	840	730	690	360	990	820	790	720	900	550	450	480	230	170	660	710	540	890	630	430	210	610	880	420	230	170	510	470	510	900	750	910	120	800	650	170	870	220	770	580	330	910	520	240	850	520	670	120	690	800	990	360	790	540	580	560	870	270	960	470	430	870	450	250	480	210	790	810	390	290	470	520	970	740	350	700	290	880	880	360	770	850	740	430	460	360	370	610	440	690	400	890	320	920	400	160	130	550	230	770	460	730	200	180	580	970	470	610	830	560	920	210	720	600	770	1000	720	580	330	320	590	840	680	1000	100	970	360	760	120	980	220	760	810	370	560	340	430	310	990	710	180	960	210	420	860	550	940	950	200	310	980	990	980	760	450	200	290	800	420	890	170	940	190	940	550	530	770	840	630	300	270	270	660	210	920	670	860	810	360	600	240	470	720	860	590	980	870	880	850	210	250	970	190	530	200	350	130	400	370	420	440	180	770	670	460	380	590	140	940	140	640	990	790	370	720	600	250	150	860	1000	320	760	540	800	380	260	150	820	990	410	470	560	790	940	270	990	100	560	840	340	220	580	130	540	120	990	260	230	310	710	240	340	220	440	230	280	230	930	430	870	560	410	460	660	230	900	670	340	770	820	220	470	170	320	170	920	200	980	450	680	540	440	570	890	580	280	900	440	340	640	470	750	240	440	750	460	540	440	190	970	480	610	200	380	300	690	290	120	380	140	160	420	420	670	540	510	550	280	810	890	200	780	520	910	510	500	220	420	780	970	660	900	920	380	770	180	270	580	960	550	760	230	230	460	600	920	550	800	400	850	100	210	720	600	100	730	850	680	530	990	490	240	710	340	750	250	190	830	320	470	700	480	590	650	900	900	990	780	490	160	420	390	760	450	800	420	890	120	590	970	530	230	260	180	630	510	520	130	110	890	430	770	920	160	910	860	740	720	840	130	720	310	640	870	550	700	650	990	810	1000	200	390	390	420	180	490	580	680	670	390	560	120	730	900	260	560	620	400	780	300	420	590	370	650	450	330	210	690	670	190	410	210	900	830	310	910	230	520	350	940	800	610	830	700	740	780	370	390	400	790	240	640	980	130	690	290	970	410	710	690	730	600	780	330	330	910	620	800	670	170	790	490	240	810	490	940	230	960	950	410	210	660	720	740	230	200	790	210	830	720	530	630	950	430	230	760	340	840	460	850	870	790	270	420	720	410	730	440	830	650	840	310	130	470	420	470	260	690	1000	680	350	320	420	800	560	510	450	570	540	100	470	610	270	550	430	170	530	330	810	190	250	600	420	990	750	570	990	940	300	120	180	920	810	880	620	170	590	590	160	770	370	880	740	300	360	860	590	460	900	160	280	950	650	590	590	200	950	450	420	380	630	190	520	730	620	140	550	370	550	910	650	560	270	500	990	410	740	230	160	160	740	260	990	910	720	770	180	980	970	960	600	840	810	370	540	780	960	290	140	860	230	890	540	830	560	480	480	490	240	510	550	770	390	630	680	230	860	160	370	730	940	470	550	820	190	920	850	910	980	990	540	420	740	300	250	200	200	160	940	400	140	700	910	150	990	500	820	320	940	360	980	690	560	370	550	790	570	510	700	660	340	390	310	160	670	880	690	520	520	100	920	870	220	290	370	420	220	440	710	120	830	260	830	210	680	330	270	410	970	190	260	940	250	920	580	210	850	910	430	610	550	530	240	940	390	950	780	450	390	860	470	290	810	130	350	290	700	910	430	510	870	160	830	400	660	440	220	250	540	890	410	290	180	840	920	360	530	740	670	730	920	940	740	930	730	230	570	150	990	720	340	740	600	380	600	830	720	130	400	160	210	110	110	1000	570	190	640	340	670	880	220	470	210	360	980	990	790	650	110	580	450	490	900	260	270	150	490	280	350	690	270	870	900	1000	680	550	480	460	800	490	760	420	540	360	650	430	150	350	100	660	900	950	760	960	500	160	430	830	580	210	190	810	120	730	500	280	100	900	1000	430	200	850	460	870	140	940	840	840	220	560	920	230	510	960	460	930	310	280	750	320	480	410	760	830	670	640	380	360	940	480	700	650	850	850	260	670	820	530	610	240	840	990	300	690	920	250	110	370	960	740	790	550	900	840	740	200	420	360	550	130	160	610	180	560	670	650	190	110	920	530	130	100	210	540	890	960	390	130	130	940	990	300	840	100	980	770	930	900	300	280	720	300	180	220	350	480	590	340	660	240	640	870	920	670	670	820	860	400	790	250	870	670	180	800	750	510	820	510	600	260	990	410	620	120	150	890	450	660	670	540	110	600	760	380	730	460	270	870	860	810	660	730	840	260	230	550	910	910	430	750	660	980	150	950	920	240	230	390	240	990	670	100	490	570	280	560	500	100	280	220	730	930	810	660	660	330	900	310	620	360	480	300	370	830	290	300	960	790	550	100	700	250	630	480	270	230	340	540	960	480	780	830	370	260	550	840	630	520	660	660	400	110	230	830	360	110	200	680	890	300	520	940	430	950	960	180	650	860	740	850	750	710	170	880	980	420	430	830	600	680	270	530	800	120	430	900	520	950	360	190	750	1000	230	940	940	140	180	950	670	130	710	320	330	320	500	830	640	130	400	500	190	480	490	920	800	880	430	110	800	710	650	730	700	350	860	380	110	570	790	750	280	420	600	570	560	740	730	180	580	370	210	310	860	470	100	980	880	210	570	340	670	680	730	320	470	780	480	370	910	470	120	130	840	470	480	720	850	970	710	530	260	350	320	750	140	100	360	920	520	150	330	190	700	990	280	190	640	280	600	370	950	750	640	460	360	840	150	880	500	140	990	300	160	300	990	170	850	190	970	140	880	440	300	190	600	710	770	720	410	680	610	580	500	920	140	720	290	790	720	700	500	930	480	520	480	870	780	260	300	290	760	870	930	390	860	260	960	110	640	530	510	130	370	620	980	220	550	450	850	400	200	920	440	740	890	200	340	500	100	830	990	100	480	670	200	390	720	190	560	260	340	170	1000	610	420	130	750	500	380	640	950	100	910	780	970	710	390	750	460	520	860	940	660	650	500	240	160	270	700	440	110	450	530	470	510	370	520	920	820	460	160	520	560	750	320	240	260	290	480	570	570	230	740	890	130	460	410	250	670	100	700	470	680	300	100	600	310	160	480	200	260	300	110	520	380	860	270	370	910	840	830	170	420	930	500	250	820	400	850	540	210	100	290	190	920	980	600	330	650	910	740	200	830	350	860	770	500	440	740	730	590	460	600	130	670	630	370	220	270	630	490	680	990	1000	130	140	870	890	980	100	800	360	610	530	280	340	310	430	310	270	680	790	660	100	310	430	620	400	440	350	620	100	780	960	220	980	990	500	410	640	810	750	110	160	190	480	650	270	760	290	610	940	230	930	370	700	840	150	330	630	210	490	330	200	570	600	200	840	550	400	650	390	640	550	460	380	440	250	400	660	800	650	140	640	920	840	260	150	810	920	600	490	770	840	470	750	900	240	890	1000	480	880	200	530	950	210	720	760	460	480	260	610	700	680	730	880	170	610	910	870	690	140	580	820	130	200	140	310	410	200	860	900	890	380	950	360	310	760	960	210	110	810	440	250	450	760	700	440	820	900	480	100	810	460	100	980	840	450	370	700	450	340	510	700	460	250	160	470	860	560	470	530	280	260	180	270	580	240	970	380	900	640	1000	770	420	180	270	750	600	180	250	390	860	860	950	390	250	750	240	100	430	770	820	560	750	920	450	450	360	210	800	470	830	740	380	700	720	260	320	180	560	770	930	300	990	310	200	610	490	710	470	880	190	340	750	100	130	250	420	250	670	890	230	280	760	130	900	670	110	240	460	910	750	720	920	170	820	150	280	650	120	880	150	680	260	750	540	250	680	760	190	800	710	340	360	560	900	620	600	150	950	980	810	700	830	990	170	780	390	990	760	890	490	690	540	400	910	100	860	870	300	470	290	470	310	140	150	230	500	910	440	830	230	940	640	880	780	180	300	200	560	850	930	180	600	770	600	290	540	110	410	110	440	110	280	720	260	420	400	460	900	960	290	440	980	930	450	640	240	190	620	660	560	230	300	510	940	440	760	330	720	860	940	200	220	280	610	630	740	880	730	640	320	380	570	320	270	910	810	370	840	750	590	200	870	800	770	620	840	530	450	890	730	490	150	640	230	940	470	970	270	840	980	340	470	530	530	870	570	770	490	990	100	660	220	690	860	480	680	550	390	630	850	650	430	830	570	650	120	190	300	770	940	920	160	870	320	430	500	600	110	430	270	570	940	100	510	300	830	640	450	1000	330	470	130	130	290	220	480	690	280	450	240	340	730	940	920	310	410	130	180	880	310	940	180	660	220	180	240	110	980	870	650	750	110	860	470	840	690	830	210	210	1000	960	490	230	720	110	980	750	690	750	670	540	380	790	310	970	190	240	100	480	580	400	110	820	190	820	540	960	700	100	770	330	770	440	120	700	250	570	890	840	980	340	430	380	820	470	800	460	520	920	810	660	280	690	240	960	330	980	750	400	350	610	120	890	120	670	430	340	720	770	100	740	140	940	100	850	630	840	250	980	850	530	110	460	260	120	630	190	210	990	710	300	740	140	650	830	420	710	470	550	470	640	390	160	480	780	350	340	910	130	890	180	160	810	470	220	140	1000	290	350	430	790	990	170	270	320	770	500	790	170	310	450	160	200	970	230	590	830	320	650	830	690	500	220	830	880	240	580	900	910	330	340	320	360	640	700	690	240	160	970	830	910	290	440	420	640	210	990	440	1000	720	440	160	850	360	610	660	390	320	890	960	320	420	180	940	820	420	110	880	750	130	940	870	650	660	730	180	600	630	670	950	530	730	550	450	290	830	200	790	220	560	880	480	490	940	420	120	700	700	700	810	180	390	920	620	700	490	250	290	960	290	940	880	230	680	390	780	430	
1
