4455
100
3
90
0	0	0	500	0	0	0	0	0	0	0	0	0	0	0	500	0	0	0	0	0	0	0	0	0	0	0	0	0	500	0	0	0	0	0	0	0	0	0	0	0	0	0	0	0	0	0	0	0	0	0	0	0	0	0	0	0	0	0	0	0	0	0	0	0	0	0	0	0	0	0	0	0	0	0	0	0	0	0	0	0	0	0	0	0	0	0	0	0	0	0	0	0	0	0	0	0	500	0	0	
0	0	0	0	0	0	0	0	0	0	0	0	0	0	0	0	0	0	0	0	0	0	0	0	0	0	0	0	0	0	0	0	0	0	0	500	0	0	0	0	0	0	0	0	0	0	0	0	0	0	0	0	0	0	0	0	0	0	0	0	0	0	0	0	0	0	0	0	0	0	0	0	0	0	500	0	500	0	0	0	0	0	0	0	0	0	0	0	0	0	0	0	0	0	0	0	0	0	0	0	
0	0	0	0	0	0	500	0	0	0	0	0	0	0	0	0	0	500	0	0	0	0	0	0	0	0	0	0	0	0	0	0	0	0	0	0	0	0	0	0	0	0	0	0	0	0	0	0	0	0	0	0	0	0	0	0	0	0	0	0	0	0	0	500	0	0	0	0	0	0	0	0	0	0	0	0	0	0	0	0	0	0	0	0	0	0	0	0	0	0	0	0	0	0	0	0	0	0	0	0	
500	0	0	0	0	0	0	0	0	0	0	0	0	0	0	0	0	0	0	0	0	0	0	0	0	0	0	0	0	500	0	0	0	0	0	0	0	0	0	0	0	0	0	0	0	0	0	0	0	0	0	0	0	0	0	0	0	0	0	0	0	0	0	0	0	0	0	0	0	0	0	0	0	0	0	0	0	0	0	0	0	0	0	0	0	0	0	0	0	0	0	0	0	0	0	0	0	500	0	0	
0	0	0	0	0	0	0	0	0	0	0	0	0	0	0	0	0	0	0	0	0	0	0	0	500	0	0	0	0	0	0	0	0	0	0	0	0	500	0	0	0	0	500	0	0	0	0	0	0	0	0	0	0	0	0	0	0	0	0	0	0	0	0	0	0	0	0	0	0	0	0	0	0	0	0	0	0	0	0	0	0	0	0	0	0	0	0	0	0	0	0	0	0	0	0	0	0	0	0	0	
0	0	0	0	0	0	0	0	0	0	0	0	0	0	0	0	0	0	0	0	0	0	0	0	0	0	0	0	0	0	0	0	0	0	0	0	0	0	0	0	0	0	0	0	0	500	0	0	0	0	0	0	0	0	0	0	0	0	0	0	0	0	0	0	0	0	0	0	0	0	0	0	0	0	0	0	0	0	0	0	0	500	0	0	500	0	0	0	0	0	0	0	0	0	0	0	0	0	0	0	
0	0	500	0	0	0	0	0	0	0	0	0	0	0	0	0	0	0	0	0	0	0	0	0	0	0	0	0	0	0	0	0	0	0	0	0	0	0	0	0	0	500	0	0	0	0	0	0	0	500	0	0	0	0	0	0	0	0	0	0	0	0	0	0	0	0	0	0	0	0	0	0	0	0	0	0	0	0	0	0	0	0	0	0	0	0	0	0	0	0	0	0	0	0	0	0	0	0	0	0	
0	0	0	0	0	0	0	0	0	0	500	0	0	0	0	0	0	0	0	0	0	0	0	0	0	0	0	0	0	0	0	0	0	0	0	0	0	0	0	0	0	0	0	0	0	0	0	0	0	0	0	0	0	0	0	0	0	0	0	0	0	0	0	0	0	0	0	0	0	0	0	0	0	0	0	0	0	0	0	0	500	0	0	0	0	0	0	0	0	0	500	0	0	0	0	0	0	0	0	0	
0	0	0	0	0	0	0	0	0	0	0	0	0	0	0	0	0	0	0	0	0	0	0	0	0	0	0	0	0	0	0	0	0	0	0	0	0	0	0	0	0	0	0	0	0	0	0	0	0	0	0	0	0	0	0	0	0	0	0	0	0	0	0	0	0	0	0	0	0	0	0	0	0	500	0	0	0	0	0	0	0	500	0	0	0	0	0	0	0	0	0	0	0	0	0	0	0	0	0	500	
0	0	0	0	0	0	0	0	0	0	0	0	0	0	0	0	0	0	0	0	0	0	500	0	0	0	0	0	0	0	0	0	0	0	0	0	0	0	0	500	0	0	0	0	0	0	0	0	0	0	0	0	0	0	0	0	0	0	0	0	0	0	0	0	0	0	0	0	0	0	0	0	0	0	0	0	0	0	0	0	0	0	0	0	0	0	0	0	0	0	0	500	0	0	0	0	0	0	0	0	
0	0	0	0	0	0	0	500	0	0	0	0	0	0	0	0	0	0	500	0	0	0	0	0	0	0	0	0	0	0	0	0	0	0	0	0	0	0	0	0	0	0	0	0	0	0	0	0	0	0	0	0	0	0	0	0	0	0	0	0	0	0	0	0	0	0	0	0	0	0	0	0	0	0	0	0	0	0	0	0	500	0	0	0	0	0	0	0	0	0	0	0	0	0	0	0	0	0	0	0	
0	0	0	0	0	0	0	0	0	0	0	0	0	0	0	0	0	0	0	0	0	0	0	0	0	0	0	0	0	0	500	0	0	0	0	0	0	0	0	0	0	0	0	0	0	0	0	0	0	0	0	0	0	0	0	0	0	0	0	0	0	0	0	0	0	0	0	0	0	0	0	0	0	0	0	0	0	0	0	0	0	0	0	0	0	500	0	0	0	0	0	0	0	500	0	0	0	0	0	0	
0	0	0	0	0	0	0	0	0	0	0	0	0	0	0	0	0	0	0	0	0	0	0	0	0	0	0	0	0	0	0	0	0	0	0	0	0	0	0	0	0	0	0	0	0	500	0	0	0	0	0	0	0	0	0	0	0	0	0	0	0	0	0	0	0	0	0	0	0	0	0	0	0	0	0	0	0	0	0	0	0	500	0	0	0	0	0	0	0	0	0	0	0	0	0	0	500	0	0	0	
0	0	0	0	0	0	0	0	0	0	0	0	0	0	0	0	0	0	0	0	0	0	0	0	0	0	0	0	0	0	0	0	0	0	0	0	0	0	0	0	0	0	0	0	0	0	0	0	0	0	0	0	0	0	0	0	0	0	500	0	0	0	0	0	0	0	500	0	0	0	0	0	0	0	0	0	0	0	0	500	0	0	0	0	0	0	0	0	0	0	0	0	0	0	0	0	0	0	0	0	
0	0	0	0	0	0	0	0	0	0	0	0	0	0	0	0	0	0	0	0	0	0	0	0	500	0	0	0	0	500	0	0	0	0	0	0	0	0	0	0	0	0	0	0	0	0	0	0	0	0	0	0	0	0	0	0	0	0	0	0	0	0	0	0	0	0	0	0	0	0	0	0	0	0	0	0	0	0	0	0	0	0	0	500	0	0	0	0	0	0	0	0	0	0	0	0	0	0	0	0	
500	0	0	0	0	0	0	0	0	0	0	0	0	0	0	0	0	0	0	0	0	0	0	0	0	0	0	500	0	0	0	0	0	0	0	0	0	0	0	0	0	0	0	0	0	0	0	0	0	0	0	0	0	0	0	0	0	0	0	0	0	0	0	0	0	0	0	0	0	0	0	0	0	0	0	0	0	0	0	0	0	0	0	0	0	0	0	0	0	500	0	0	500	0	0	0	0	0	0	0	
0	0	0	0	0	0	0	0	0	0	0	0	0	0	0	0	0	0	0	0	0	0	0	0	0	0	0	0	0	0	0	0	0	0	0	0	0	0	0	0	0	0	0	0	0	0	0	0	0	0	0	0	0	0	0	500	0	0	0	0	0	0	0	0	0	0	0	0	0	500	0	0	0	0	0	0	0	0	500	0	0	0	0	0	0	0	0	0	0	0	0	0	0	0	0	0	0	0	0	0	
0	0	500	0	0	0	0	0	0	0	0	0	0	0	0	0	0	0	0	0	0	0	0	0	0	0	0	0	0	0	0	0	0	0	0	0	0	0	0	0	0	0	0	0	0	0	0	0	0	0	500	0	0	0	0	0	0	0	0	0	0	0	0	500	0	0	0	0	0	0	0	0	0	0	0	0	0	0	0	0	0	0	0	0	0	0	0	0	0	0	0	0	0	0	0	0	0	0	0	0	
0	0	0	0	0	0	0	0	0	0	500	0	0	0	0	0	0	0	0	0	0	0	0	0	0	0	0	0	0	0	0	0	0	0	0	0	0	0	0	0	0	0	0	0	0	0	0	0	0	0	0	0	0	0	0	0	0	0	0	0	0	0	0	0	0	0	0	0	0	0	0	0	0	0	0	0	0	0	0	0	500	0	0	0	0	0	0	0	0	0	500	0	0	0	0	0	0	0	0	0	
0	0	0	0	0	0	0	0	0	0	0	0	0	0	0	0	0	0	0	0	0	0	0	0	0	500	0	0	0	0	0	0	0	0	0	0	0	0	0	0	0	0	0	500	0	0	0	0	0	0	0	0	0	0	0	0	0	0	0	0	0	0	0	0	0	500	0	0	0	0	0	0	0	0	0	0	0	0	0	0	0	0	0	0	0	0	0	0	0	0	0	0	0	0	0	0	0	0	0	0	
0	0	0	0	0	0	0	0	0	0	0	0	0	0	0	0	0	0	0	0	0	0	0	0	0	0	0	0	0	0	0	0	0	0	0	0	0	0	0	0	0	0	0	500	0	0	0	0	0	0	0	0	0	0	0	0	0	0	0	0	0	0	0	0	0	500	0	0	0	0	0	0	0	0	0	0	0	0	0	0	0	0	0	0	0	0	0	0	0	0	0	0	0	0	0	500	0	0	0	0	
0	0	0	0	0	0	0	0	0	0	0	0	0	0	0	0	0	0	0	0	0	0	0	500	0	0	0	0	0	0	0	0	0	0	0	0	0	0	0	0	0	0	0	0	0	0	0	0	500	0	0	0	0	0	0	0	0	0	0	500	0	0	0	0	0	0	0	0	0	0	0	0	0	0	0	0	0	0	0	0	0	0	0	0	0	0	0	0	0	0	0	0	0	0	0	0	0	0	0	0	
0	0	0	0	0	0	0	0	0	500	0	0	0	0	0	0	0	0	0	0	0	0	0	0	0	0	0	0	0	0	0	0	0	0	0	0	0	0	0	500	0	0	0	0	0	0	0	0	0	0	0	0	0	0	500	0	0	0	0	0	0	0	0	0	0	0	0	0	0	0	0	0	0	0	0	0	0	0	0	0	0	0	0	0	0	0	0	0	0	0	0	0	0	0	0	0	0	0	0	0	
0	0	0	0	0	0	0	0	0	0	0	0	0	0	0	0	0	0	0	0	0	500	0	0	0	0	0	0	0	0	0	0	0	0	0	0	0	0	0	0	0	0	0	0	500	0	0	0	0	0	0	0	0	0	0	0	0	0	0	500	0	0	0	0	0	0	0	0	0	0	0	0	0	0	0	0	0	0	0	0	0	0	0	0	0	0	0	0	0	0	0	0	0	0	0	0	0	0	0	0	
0	0	0	0	500	0	0	0	0	0	0	0	0	0	500	0	0	0	0	0	0	0	0	0	0	0	0	0	0	0	0	0	0	0	0	0	0	500	0	0	0	0	0	0	0	0	0	0	0	0	0	0	0	0	0	0	0	0	0	0	0	0	0	0	0	0	0	0	0	0	0	0	0	0	0	0	0	0	0	0	0	0	0	0	0	0	0	0	0	0	0	0	0	0	0	0	0	0	0	0	
0	0	0	0	0	0	0	0	0	0	0	0	0	0	0	0	0	0	0	500	0	0	0	0	0	0	0	0	0	0	0	0	0	0	0	0	0	0	0	0	0	0	0	0	0	0	0	0	0	0	0	0	0	0	0	0	0	0	0	0	0	0	0	0	0	500	0	0	0	0	0	0	0	0	0	0	0	0	0	0	0	0	0	0	0	0	0	0	0	0	0	0	0	0	0	500	0	0	0	0	
0	0	0	0	0	0	0	0	0	0	0	0	0	0	0	0	0	0	0	0	0	0	0	0	0	0	0	0	0	0	0	0	0	0	0	0	0	0	0	0	0	0	0	0	0	0	500	0	0	500	0	0	0	0	0	0	0	0	0	0	0	0	0	0	0	0	0	0	0	0	0	0	0	0	0	0	0	0	500	0	0	0	0	0	0	0	0	0	0	0	0	0	0	0	0	0	0	0	0	0	
0	0	0	0	0	0	0	0	0	0	0	0	0	0	0	500	0	0	0	0	0	0	0	0	0	0	0	0	0	0	0	0	0	0	0	0	0	0	0	0	0	0	0	0	0	0	0	0	0	0	0	0	0	0	0	0	0	0	0	0	0	0	0	0	0	0	0	0	0	0	0	0	500	0	0	0	0	0	0	0	0	0	0	0	0	0	0	0	0	0	0	0	500	0	0	0	0	0	0	0	
0	0	0	0	0	0	0	0	0	0	0	0	0	0	0	0	0	0	0	0	0	0	0	0	0	0	0	0	0	0	0	0	0	0	0	0	0	0	0	0	0	0	0	0	0	0	0	0	0	0	0	0	0	0	0	0	0	0	0	0	0	0	0	0	0	0	0	0	0	0	0	0	0	0	0	0	0	0	0	0	0	0	500	0	0	0	0	500	0	0	0	0	0	500	0	0	0	0	0	0	
500	0	0	500	0	0	0	0	0	0	0	0	0	0	500	0	0	0	0	0	0	0	0	0	0	0	0	0	0	0	0	0	0	0	0	0	0	0	0	0	0	0	0	0	0	0	0	0	0	0	0	0	0	0	0	0	0	0	0	0	0	0	0	0	0	0	0	0	0	0	0	0	0	0	0	0	0	0	0	0	0	0	0	0	0	0	0	0	0	0	0	0	0	0	0	0	0	0	0	0	
0	0	0	0	0	0	0	0	0	0	0	500	0	0	0	0	0	0	0	0	0	0	0	0	0	0	0	0	0	0	0	0	0	0	0	0	0	0	0	0	0	0	0	0	0	0	0	0	0	0	0	0	0	0	0	0	0	0	0	0	0	0	0	0	0	0	0	0	0	0	0	0	0	0	0	0	0	0	0	0	0	0	0	0	0	500	0	0	0	0	0	0	0	500	0	0	0	0	0	0	
0	0	0	0	0	0	0	0	0	0	0	0	0	0	0	0	0	0	0	0	0	0	0	0	0	0	0	0	0	0	0	0	0	0	0	0	0	0	0	0	0	0	0	0	0	0	0	0	0	0	0	0	500	0	0	0	0	0	0	0	0	0	0	0	0	0	0	0	500	0	0	0	0	0	0	500	0	0	0	0	0	0	0	0	0	0	0	0	0	0	0	0	0	0	0	0	0	0	0	0	
0	0	0	0	0	0	0	0	0	0	0	0	0	0	0	0	0	0	0	0	0	0	0	0	0	0	0	0	0	0	0	0	0	0	0	0	0	0	0	0	0	0	0	0	0	0	0	500	0	0	0	0	0	0	0	0	0	0	0	0	0	0	0	0	0	0	0	0	0	0	0	0	0	500	0	0	0	0	0	0	0	0	0	0	0	0	0	0	0	0	0	0	0	0	0	0	0	0	0	500	
0	0	0	0	0	0	0	0	0	0	0	0	0	0	0	0	0	0	0	0	0	0	0	0	0	0	0	0	0	0	0	0	0	0	0	0	0	0	0	0	0	0	0	0	0	0	0	0	0	0	0	0	0	0	0	0	0	0	0	0	0	0	0	0	0	0	0	0	0	0	0	0	500	0	0	0	0	0	0	0	0	0	0	0	0	0	0	0	0	500	0	0	500	0	0	0	0	0	0	0	
0	0	0	0	0	0	0	0	0	0	0	0	0	0	0	0	0	0	0	0	0	0	0	0	0	0	0	0	0	0	0	0	0	0	0	0	0	0	0	0	0	0	0	0	0	0	0	0	0	0	0	0	0	0	0	0	0	0	0	0	0	500	0	0	500	0	0	0	0	0	0	0	0	0	0	0	0	0	0	0	0	0	0	0	0	0	500	0	0	0	0	0	0	0	0	0	0	0	0	0	
0	500	0	0	0	0	0	0	0	0	0	0	0	0	0	0	0	0	0	0	0	0	0	0	0	0	0	0	0	0	0	0	0	0	0	0	0	0	0	0	0	0	0	0	0	0	0	0	0	0	0	0	0	0	0	0	0	0	0	0	0	0	0	0	0	0	500	0	0	0	0	0	0	0	0	0	500	0	0	0	0	0	0	0	0	0	0	0	0	0	0	0	0	0	0	0	0	0	0	0	
0	0	0	0	0	0	0	0	0	0	0	0	0	0	0	0	0	0	0	0	0	0	0	0	0	0	0	0	0	0	0	0	0	0	0	0	0	0	0	0	0	0	0	0	0	0	500	0	0	0	0	0	0	500	0	0	0	0	0	0	0	0	0	0	0	0	0	0	0	0	0	0	0	0	0	0	0	500	0	0	0	0	0	0	0	0	0	0	0	0	0	0	0	0	0	0	0	0	0	0	
0	0	0	0	500	0	0	0	0	0	0	0	0	0	0	0	0	0	0	0	0	0	0	0	500	0	0	0	0	0	0	0	0	0	0	0	0	0	0	0	0	0	0	0	0	0	0	0	0	0	0	0	0	0	0	0	0	0	0	0	0	0	0	0	0	0	0	0	0	0	0	0	0	0	0	0	0	0	0	0	0	0	0	0	0	0	0	0	0	0	500	0	0	0	0	0	0	0	0	0	
0	0	0	0	0	0	0	0	0	0	0	0	0	0	0	0	0	0	0	0	0	0	0	0	0	0	0	0	0	0	0	0	0	0	0	0	0	0	0	0	0	0	0	0	0	0	0	0	0	0	0	0	0	0	0	0	500	0	0	0	0	0	0	0	0	0	0	0	0	0	0	500	0	0	0	0	0	0	0	0	0	0	0	0	0	0	500	0	0	0	0	0	0	0	0	0	0	0	0	0	
0	0	0	0	0	0	0	0	0	500	0	0	0	0	0	0	0	0	0	0	0	0	500	0	0	0	0	0	0	0	0	0	0	0	0	0	0	0	0	0	0	0	0	0	0	0	0	0	0	0	0	0	0	0	0	0	0	0	0	0	0	0	0	0	0	0	0	0	0	0	0	0	0	0	0	0	0	0	0	0	0	0	0	0	0	0	0	0	0	0	0	500	0	0	0	0	0	0	0	0	
0	0	0	0	0	0	0	0	0	0	0	0	0	0	0	0	0	0	0	0	0	0	0	0	0	0	0	0	0	0	0	0	0	0	0	0	0	0	0	0	0	0	0	500	0	0	0	0	0	0	0	0	0	0	0	0	0	0	0	0	0	0	0	0	0	0	0	500	0	0	500	0	0	0	0	0	0	0	0	0	0	0	0	0	0	0	0	0	0	0	0	0	0	0	0	0	0	0	0	0	
0	0	0	0	0	0	500	0	0	0	0	0	0	0	0	0	0	0	0	0	0	0	0	0	0	0	0	0	0	0	0	0	0	0	0	0	0	0	0	0	0	0	0	0	0	500	0	0	0	500	0	0	0	0	0	0	0	0	0	0	0	0	0	0	0	0	0	0	0	0	0	0	0	0	0	0	0	0	0	0	0	0	0	0	0	0	0	0	0	0	0	0	0	0	0	0	0	0	0	0	
0	0	0	0	500	0	0	0	0	0	0	0	0	0	0	0	0	0	0	0	0	0	0	0	0	0	0	0	0	0	0	0	0	0	0	0	0	0	0	0	0	0	0	0	0	0	0	0	0	0	0	0	0	0	0	0	0	0	0	0	0	0	0	0	0	0	0	500	0	0	500	0	0	0	0	0	0	0	0	0	0	0	0	0	0	0	0	0	0	0	0	0	0	0	0	0	0	0	0	0	
0	0	0	0	0	0	0	0	0	0	0	0	0	0	0	0	0	0	0	500	500	0	0	0	0	0	0	0	0	0	0	0	0	0	0	0	0	0	0	0	500	0	0	0	0	0	0	0	0	0	0	0	0	0	0	0	0	0	0	0	0	0	0	0	0	0	0	0	0	0	0	0	0	0	0	0	0	0	0	0	0	0	0	0	0	0	0	0	0	0	0	0	0	0	0	0	0	0	0	0	
0	0	0	0	0	0	0	0	0	0	0	0	0	0	0	0	0	0	0	0	0	0	0	500	0	0	0	0	0	0	0	0	0	0	0	0	0	0	0	0	0	0	0	0	0	0	0	0	0	0	0	0	0	0	0	0	0	0	0	0	0	0	0	0	0	0	0	0	0	0	0	0	0	0	0	0	0	0	0	0	0	0	0	0	0	0	0	0	500	0	0	0	0	0	500	0	0	0	0	0	
0	0	0	0	0	500	0	0	0	0	0	0	500	0	0	0	0	0	0	0	0	0	0	0	0	0	0	0	0	0	0	0	0	0	0	0	0	0	0	0	0	500	0	0	0	0	0	0	0	0	0	0	0	0	0	0	0	0	0	0	0	0	0	0	0	0	0	0	0	0	0	0	0	0	0	0	0	0	0	0	0	0	0	0	0	0	0	0	0	0	0	0	0	0	0	0	0	0	0	0	
0	0	0	0	0	0	0	0	0	0	0	0	0	0	0	0	0	0	0	0	0	0	0	0	0	0	500	0	0	0	0	0	0	0	0	0	500	0	0	0	0	0	0	0	0	0	0	0	0	0	0	0	0	0	0	0	0	500	0	0	0	0	0	0	0	0	0	0	0	0	0	0	0	0	0	0	0	0	0	0	0	0	0	0	0	0	0	0	0	0	0	0	0	0	0	0	0	0	0	0	
0	0	0	0	0	0	0	0	0	0	0	0	0	0	0	0	0	0	0	0	0	0	0	0	0	0	0	0	0	0	0	0	500	0	0	0	0	0	0	0	0	0	0	0	0	0	0	0	0	0	0	0	0	0	0	0	0	0	0	0	0	0	0	0	0	0	0	0	0	0	0	0	0	0	0	0	0	0	0	0	0	0	0	0	0	0	0	0	0	0	0	0	0	0	0	0	500	0	0	500	
0	0	0	0	0	0	0	0	0	0	0	0	0	0	0	0	0	0	0	0	0	500	0	0	0	0	0	0	0	0	0	0	0	0	0	0	0	0	0	0	0	0	0	0	0	0	0	0	0	0	0	0	0	0	0	0	0	0	0	0	0	0	0	0	0	0	0	0	0	0	0	0	0	0	0	0	0	0	0	0	0	0	0	0	500	0	0	0	0	0	0	0	0	0	0	0	500	0	0	0	
0	0	0	0	0	0	500	0	0	0	0	0	0	0	0	0	0	0	0	0	0	0	0	0	0	0	500	0	0	0	0	0	0	0	0	0	0	0	0	0	0	500	0	0	0	0	0	0	0	0	0	0	0	0	0	0	0	0	0	0	0	0	0	0	0	0	0	0	0	0	0	0	0	0	0	0	0	0	0	0	0	0	0	0	0	0	0	0	0	0	0	0	0	0	0	0	0	0	0	0	
0	0	0	0	0	0	0	0	0	0	0	0	0	0	0	0	0	500	0	0	0	0	0	0	0	0	0	0	0	0	0	0	0	0	0	0	0	0	0	0	0	0	0	0	0	0	0	0	0	0	0	0	0	0	0	0	0	0	0	0	0	0	0	0	0	0	0	0	0	0	0	0	0	0	0	0	0	0	0	0	0	0	0	0	0	0	0	0	0	0	0	500	0	0	500	0	0	0	0	0	
0	0	0	0	0	0	0	0	0	0	0	0	0	0	0	0	0	0	0	0	0	0	0	0	0	0	0	0	0	0	0	0	0	0	0	0	0	0	0	0	0	0	0	0	0	0	0	0	0	0	0	0	500	0	0	0	0	0	500	0	0	0	0	0	0	0	0	0	500	0	0	0	0	0	0	0	0	0	0	0	0	0	0	0	0	0	0	0	0	0	0	0	0	0	0	0	0	0	0	0	
0	0	0	0	0	0	0	0	0	0	0	0	0	0	0	0	0	0	0	0	0	0	0	0	0	0	0	0	0	0	0	500	0	0	0	0	0	0	0	0	0	0	0	0	0	0	0	0	0	0	0	500	0	0	0	0	0	0	0	0	0	0	0	0	0	0	0	0	500	0	0	0	0	0	0	0	0	0	0	0	0	0	0	0	0	0	0	0	0	0	0	0	0	0	0	0	0	0	0	0	
0	0	0	0	0	0	0	0	0	0	0	0	0	0	0	0	0	0	0	0	0	0	0	0	0	0	0	0	0	0	0	0	0	0	0	0	500	0	0	0	0	0	0	0	0	0	0	0	0	0	0	0	0	0	0	0	0	0	0	0	0	0	0	500	0	0	0	0	0	0	0	0	0	0	0	0	0	500	0	0	0	0	0	0	0	0	0	0	0	0	0	0	0	0	0	0	0	0	0	0	
0	0	0	0	0	0	0	0	0	0	0	0	0	0	0	0	0	0	0	0	0	0	500	0	0	0	0	0	0	0	0	0	0	0	0	0	0	0	0	0	0	0	0	0	0	0	0	0	0	0	0	0	0	0	0	0	0	0	0	0	0	0	0	0	0	0	0	0	0	0	0	0	0	0	0	0	0	0	0	0	0	0	500	0	0	0	0	500	0	0	0	0	0	0	0	0	0	0	0	0	
0	0	0	0	0	0	0	0	0	0	0	0	0	0	0	0	500	0	0	0	0	0	0	0	0	0	0	0	0	0	0	0	0	0	0	0	0	0	0	0	0	0	0	0	0	0	0	0	0	0	0	0	0	0	0	0	0	0	0	0	0	0	0	0	0	0	0	0	0	500	0	0	0	0	0	0	0	0	500	0	0	0	0	0	0	0	0	0	0	0	0	0	0	0	0	0	0	0	0	0	
0	0	0	0	0	0	0	0	0	0	0	0	0	0	0	0	0	0	0	0	0	0	0	0	0	0	0	0	0	0	0	0	0	0	0	0	0	0	500	0	0	0	0	0	0	0	0	0	0	0	0	0	0	0	0	0	0	0	0	0	0	0	0	0	0	0	0	0	0	0	0	500	0	0	0	0	0	0	0	0	0	0	0	0	0	0	500	0	0	0	0	0	0	0	0	0	0	0	0	0	
0	0	0	0	0	0	0	0	0	0	0	0	0	0	0	0	0	0	0	0	0	0	0	0	0	0	0	0	0	0	0	0	0	0	0	0	0	0	0	0	0	0	0	0	0	0	500	0	0	0	0	0	0	0	0	0	0	0	0	0	0	500	0	0	500	0	0	0	0	0	0	0	0	0	0	0	0	0	0	0	0	0	0	0	0	0	0	0	0	0	0	0	0	0	0	0	0	0	0	0	
0	0	0	0	0	0	0	0	0	0	0	0	0	500	0	0	0	0	0	0	0	0	0	0	0	0	0	0	0	0	0	0	0	0	0	0	0	0	0	0	0	0	0	0	0	0	0	0	0	0	0	500	0	0	0	0	0	0	0	0	0	0	0	0	0	0	0	0	0	0	0	0	0	0	0	0	0	0	0	500	0	0	0	0	0	0	0	0	0	0	0	0	0	0	0	0	0	0	0	0	
0	0	0	0	0	0	0	0	0	0	0	0	0	0	0	0	0	0	0	0	0	500	0	500	0	0	0	0	0	0	0	0	0	0	0	0	0	0	0	0	0	0	0	0	0	0	0	0	0	0	0	0	0	0	0	0	0	0	0	0	0	0	0	0	0	0	500	0	0	0	0	0	0	0	0	0	0	0	0	0	0	0	0	0	0	0	0	0	0	0	0	0	0	0	0	0	0	0	0	0	
0	0	0	0	0	0	0	0	0	0	0	0	0	0	0	0	0	0	0	0	0	0	0	0	0	0	0	0	0	0	0	0	0	0	0	0	0	0	0	0	0	0	0	0	0	0	0	0	0	0	0	0	0	0	0	0	0	0	0	0	0	0	500	0	0	0	0	0	0	500	0	0	0	0	0	0	0	0	0	0	0	0	0	0	0	0	0	0	0	0	0	0	0	0	0	0	0	0	500	0	
0	0	0	0	0	0	0	0	0	0	0	0	0	0	0	0	0	0	0	0	0	0	0	0	0	0	0	0	0	0	0	0	0	0	500	0	0	0	0	0	0	0	0	0	0	0	0	0	0	0	0	0	0	0	0	0	0	500	0	0	0	0	0	0	500	0	0	0	0	0	0	0	0	0	0	0	0	0	0	0	0	0	0	0	0	0	0	0	0	0	0	0	0	0	0	0	0	0	0	0	
0	0	0	0	0	0	0	0	0	0	0	0	0	0	0	0	0	0	0	0	0	0	0	0	0	0	0	0	0	0	0	0	0	0	0	0	0	0	0	0	0	0	0	0	0	0	0	0	0	0	0	0	0	0	0	0	0	0	0	0	500	0	0	0	0	0	0	0	0	0	0	0	0	0	0	0	0	0	0	0	0	0	0	0	0	0	0	0	0	0	0	0	0	0	0	0	0	500	500	0	
0	0	500	0	0	0	0	0	0	0	0	0	0	0	0	0	0	500	0	0	0	0	0	0	0	0	0	0	0	0	0	0	0	0	0	0	0	0	0	0	0	0	0	0	0	0	0	0	0	0	0	0	0	500	0	0	0	0	0	0	0	0	0	0	0	0	0	0	0	0	0	0	0	0	0	0	0	0	0	0	0	0	0	0	0	0	0	0	0	0	0	0	0	0	0	0	0	0	0	0	
0	0	0	0	0	0	0	0	0	0	0	0	0	0	0	0	0	0	0	0	0	0	0	0	0	0	0	0	0	0	0	0	0	0	500	0	0	0	0	0	0	0	0	0	0	0	0	0	0	0	0	0	0	0	0	0	0	500	0	0	0	500	0	0	0	0	0	0	0	0	0	0	0	0	0	0	0	0	0	0	0	0	0	0	0	0	0	0	0	0	0	0	0	0	0	0	0	0	0	0	
0	0	0	0	0	0	0	0	0	0	0	0	0	0	0	0	0	0	0	500	500	0	0	0	0	500	0	0	0	0	0	0	0	0	0	0	0	0	0	0	0	0	0	0	0	0	0	0	0	0	0	0	0	0	0	0	0	0	0	0	0	0	0	0	0	0	0	0	0	0	0	0	0	0	0	0	0	0	0	0	0	0	0	0	0	0	0	0	0	0	0	0	0	0	0	0	0	0	0	0	
0	0	0	0	0	0	0	0	0	0	0	0	0	500	0	0	0	0	0	0	0	0	0	0	0	0	0	0	0	0	0	0	0	0	0	500	0	0	0	0	0	0	0	0	0	0	0	0	0	0	0	0	0	0	0	0	0	0	0	500	0	0	0	0	0	0	0	0	0	0	0	0	0	0	0	0	0	0	0	0	0	0	0	0	0	0	0	0	0	0	0	0	0	0	0	0	0	0	0	0	
0	0	0	0	0	0	0	0	0	0	0	0	0	0	0	0	0	0	0	0	0	0	0	0	0	0	0	0	0	0	0	0	0	0	0	0	0	0	0	0	500	0	500	0	0	0	0	0	0	0	0	0	0	0	0	0	0	0	0	0	0	0	0	0	0	0	0	0	0	0	500	0	0	0	0	0	0	0	0	0	0	0	0	0	0	0	0	0	0	0	0	0	0	0	0	0	0	0	0	0	
0	0	0	0	0	0	0	0	0	0	0	0	0	0	0	0	0	0	0	0	0	0	0	0	0	0	0	0	0	0	0	500	0	0	0	0	0	0	0	0	0	0	0	0	0	0	0	0	0	0	0	500	500	0	0	0	0	0	0	0	0	0	0	0	0	0	0	0	0	0	0	0	0	0	0	0	0	0	0	0	0	0	0	0	0	0	0	0	0	0	0	0	0	0	0	0	0	0	0	0	
0	0	0	0	0	0	0	0	0	0	0	0	0	0	0	0	500	0	0	0	0	0	0	0	0	0	0	0	0	0	0	0	0	0	0	0	0	0	0	0	0	0	0	0	0	0	0	0	0	0	0	0	0	0	0	500	0	0	0	0	500	0	0	0	0	0	0	0	0	0	0	0	0	0	0	0	0	0	0	0	0	0	0	0	0	0	0	0	0	0	0	0	0	0	0	0	0	0	0	0	
0	0	0	0	0	0	0	0	0	0	0	0	0	0	0	0	0	0	0	0	0	0	0	0	0	0	0	0	0	0	0	0	0	0	0	0	0	0	0	0	500	0	500	0	0	0	0	0	0	0	0	0	0	0	0	0	0	0	0	0	0	0	0	0	0	0	0	500	0	0	0	0	0	0	0	0	0	0	0	0	0	0	0	0	0	0	0	0	0	0	0	0	0	0	0	0	0	0	0	0	
0	0	0	0	0	0	0	0	0	0	0	0	0	0	0	0	0	0	0	0	0	0	0	0	0	0	0	0	0	0	0	0	0	0	0	0	0	0	500	0	0	0	0	0	0	0	0	0	0	0	0	0	0	0	0	0	500	0	0	0	0	0	0	0	0	0	0	0	0	0	0	0	0	0	0	0	0	500	0	0	0	0	0	0	0	0	0	0	0	0	0	0	0	0	0	0	0	0	0	0	
0	0	0	0	0	0	0	0	0	0	0	0	0	0	0	0	0	0	0	0	0	0	0	0	0	0	0	500	0	0	0	0	0	500	0	0	0	0	0	0	0	0	0	0	0	0	0	0	0	0	0	0	0	0	0	0	0	0	0	0	0	0	0	0	0	0	0	0	0	0	0	0	0	0	0	0	0	0	0	0	0	0	0	0	0	0	0	0	0	500	0	0	0	0	0	0	0	0	0	0	
0	0	0	0	0	0	0	0	500	0	0	0	0	0	0	0	0	0	0	0	0	0	0	0	0	0	0	0	0	0	0	0	500	0	0	0	0	0	0	0	0	0	0	0	0	0	0	0	0	0	0	0	0	0	0	0	0	0	0	0	0	0	0	0	0	0	0	0	0	0	0	0	0	0	0	0	0	0	0	0	0	0	0	0	500	0	0	0	0	0	0	0	0	0	0	0	0	0	0	0	
0	500	0	0	0	0	0	0	0	0	0	0	0	0	0	0	0	0	0	0	0	0	0	0	0	0	0	0	0	0	0	0	0	0	0	0	0	0	0	0	0	0	0	0	0	0	0	0	0	0	0	0	0	0	0	0	0	0	0	0	0	0	0	0	0	0	0	0	0	0	0	0	0	0	0	0	500	0	0	0	0	0	0	0	0	0	0	0	0	0	0	0	0	0	0	500	0	0	0	0	
0	0	0	0	0	0	0	0	0	0	0	0	0	0	0	0	0	0	0	0	0	0	0	0	0	0	0	0	0	0	0	500	0	0	0	0	0	0	0	0	0	0	0	0	0	0	0	0	0	0	0	0	0	0	0	0	0	0	0	0	0	0	0	0	0	0	0	0	0	0	0	0	0	0	0	0	0	0	0	0	0	0	500	0	0	0	0	500	0	0	0	0	0	0	0	0	0	0	0	0	
0	500	0	0	0	0	0	0	0	0	0	0	0	0	0	0	0	0	0	0	0	0	0	0	0	0	0	0	0	0	0	0	0	0	0	500	0	0	0	0	0	0	0	0	0	0	0	0	0	0	0	0	0	0	0	0	0	0	0	0	0	0	0	0	0	0	0	0	0	0	0	0	0	0	500	0	0	0	0	0	0	0	0	0	0	0	0	0	0	0	0	0	0	0	0	0	0	0	0	0	
0	0	0	0	0	0	0	0	0	0	0	0	0	0	0	0	0	0	0	0	0	0	0	0	0	0	0	0	0	0	0	0	0	0	0	0	500	0	0	0	0	0	0	0	0	0	0	0	0	0	0	0	0	500	0	0	0	0	0	0	0	0	0	0	0	0	0	0	0	0	0	500	0	0	0	0	0	0	0	0	0	0	0	0	0	0	0	0	0	0	0	0	0	0	0	0	0	0	0	0	
0	0	0	0	0	0	0	0	0	0	0	0	0	0	0	0	500	0	0	0	0	0	0	0	0	0	500	0	0	0	0	0	0	0	0	0	0	0	0	0	0	0	0	0	0	0	0	0	0	0	0	0	0	0	0	500	0	0	0	0	0	0	0	0	0	0	0	0	0	0	0	0	0	0	0	0	0	0	0	0	0	0	0	0	0	0	0	0	0	0	0	0	0	0	0	0	0	0	0	0	
0	0	0	0	0	0	0	0	0	0	0	0	0	500	0	0	0	0	0	0	0	0	0	0	0	0	0	0	0	0	0	0	0	0	0	0	0	0	0	0	0	0	0	0	0	0	0	0	0	0	0	0	0	0	0	0	0	0	500	0	0	0	0	0	0	0	0	0	0	0	0	0	0	0	0	0	0	0	0	0	0	0	0	0	0	0	0	0	500	0	0	0	0	0	0	0	0	0	0	0	
0	0	0	0	0	0	0	500	0	0	500	0	0	0	0	0	0	0	500	0	0	0	0	0	0	0	0	0	0	0	0	0	0	0	0	0	0	0	0	0	0	0	0	0	0	0	0	0	0	0	0	0	0	0	0	0	0	0	0	0	0	0	0	0	0	0	0	0	0	0	0	0	0	0	0	0	0	0	0	0	0	0	0	0	0	0	0	0	0	0	0	0	0	0	0	0	0	0	0	0	
0	0	0	0	0	500	0	0	500	0	0	0	500	0	0	0	0	0	0	0	0	0	0	0	0	0	0	0	0	0	0	0	0	0	0	0	0	0	0	0	0	0	0	0	0	0	0	0	0	0	0	0	0	0	0	0	0	0	0	0	0	0	0	0	0	0	0	0	0	0	0	0	0	0	0	0	0	0	0	0	0	0	0	0	0	0	0	0	0	0	0	0	0	0	0	0	0	0	0	0	
0	0	0	0	0	0	0	0	0	0	0	0	0	0	0	0	0	0	0	0	0	0	0	0	0	0	0	0	500	0	0	0	0	0	0	0	0	0	0	0	0	0	0	0	0	0	0	0	0	0	0	0	0	0	500	0	0	0	0	0	0	0	0	0	0	0	0	0	0	0	0	0	0	0	0	500	0	0	0	0	0	0	0	0	0	0	0	0	0	0	0	0	0	0	0	0	0	0	0	0	
0	0	0	0	0	0	0	0	0	0	0	0	0	0	500	0	0	0	0	0	0	0	0	0	0	0	0	0	0	0	0	0	0	0	0	0	0	0	0	0	0	0	0	0	0	0	0	0	0	0	0	0	0	0	0	0	0	0	0	0	0	0	0	0	0	0	0	0	0	0	0	0	0	0	0	0	0	0	0	0	0	0	0	0	0	0	0	0	500	0	0	0	0	0	0	0	0	0	500	0	
0	0	0	0	0	500	0	0	0	0	0	0	0	0	0	0	0	0	0	0	0	0	0	0	0	0	0	0	0	0	0	0	0	0	0	0	0	0	0	0	0	0	0	0	0	0	0	0	500	0	0	0	0	0	0	0	0	0	0	0	0	0	0	0	0	0	0	0	0	0	0	0	0	500	0	0	0	0	0	0	0	0	0	0	0	0	0	0	0	0	0	0	0	0	0	0	0	0	0	0	
0	0	0	0	0	0	0	0	0	0	0	500	0	0	0	0	0	0	0	0	0	0	0	0	0	0	0	0	0	0	500	0	0	0	0	0	0	0	0	0	0	0	0	0	0	0	0	0	0	0	0	0	0	0	0	0	0	0	0	0	0	0	0	0	0	0	0	0	0	0	0	0	0	0	0	0	0	0	0	0	0	0	0	0	0	0	0	0	0	0	0	0	0	0	500	0	0	0	0	0	
0	0	0	0	0	0	0	0	0	0	0	0	0	0	0	0	0	0	0	0	0	0	0	0	0	0	0	0	0	0	0	0	0	0	500	0	0	0	500	0	0	0	0	0	0	0	0	0	0	0	0	0	0	0	0	0	500	0	0	0	0	0	0	0	0	0	0	0	0	0	0	0	0	0	0	0	0	0	0	0	0	0	0	0	0	0	0	0	0	0	0	0	0	0	0	0	0	0	0	0	
0	0	0	0	0	0	0	0	0	0	0	0	0	0	0	0	0	0	0	0	0	0	0	0	0	0	0	0	500	0	0	0	0	0	0	0	0	0	0	0	0	0	0	0	0	0	0	0	0	0	0	0	0	0	500	0	0	0	0	0	0	0	0	0	0	0	0	0	0	0	0	0	0	0	0	500	0	0	0	0	0	0	0	0	0	0	0	0	0	0	0	0	0	0	0	0	0	0	0	0	
0	0	0	0	0	0	0	0	0	0	0	0	0	0	0	0	0	0	0	0	0	0	0	0	0	0	0	0	0	0	0	0	0	0	0	0	0	0	0	0	0	0	0	0	500	0	0	0	0	0	0	0	0	0	0	0	0	0	0	0	0	0	0	0	0	0	0	0	0	0	0	0	0	0	0	0	0	0	0	500	0	0	0	500	0	0	0	0	0	0	0	0	0	0	0	0	0	0	0	0	
0	0	0	0	0	0	0	0	0	0	0	0	0	0	0	500	0	0	0	0	0	0	0	0	0	0	0	0	0	0	0	0	0	500	0	0	0	0	0	0	0	0	0	0	0	0	0	0	0	0	0	0	0	0	0	0	0	0	0	0	0	0	0	0	0	0	0	0	0	0	0	0	500	0	0	0	0	0	0	0	0	0	0	0	0	0	0	0	0	0	0	0	0	0	0	0	0	0	0	0	
0	0	0	0	0	0	0	500	0	0	0	0	0	0	0	0	0	0	500	0	0	0	0	0	0	0	0	0	0	0	0	0	0	0	0	0	0	500	0	0	0	0	0	0	0	0	0	0	0	0	0	0	0	0	0	0	0	0	0	0	0	0	0	0	0	0	0	0	0	0	0	0	0	0	0	0	0	0	0	0	0	0	0	0	0	0	0	0	0	0	0	0	0	0	0	0	0	0	0	0	
0	0	0	0	0	0	0	0	0	500	0	0	0	0	0	0	0	0	0	0	0	0	0	0	0	0	0	0	0	0	0	0	0	0	0	0	0	0	0	500	0	0	0	0	0	0	0	0	0	0	500	0	0	0	0	0	0	0	0	0	0	0	0	0	0	0	0	0	0	0	0	0	0	0	0	0	0	0	0	0	0	0	0	0	0	0	0	0	0	0	0	0	0	0	0	0	0	0	0	0	
0	0	0	0	0	0	0	0	0	0	0	0	0	0	0	500	0	0	0	0	0	0	0	0	0	0	0	500	0	0	0	0	0	500	0	0	0	0	0	0	0	0	0	0	0	0	0	0	0	0	0	0	0	0	0	0	0	0	0	0	0	0	0	0	0	0	0	0	0	0	0	0	0	0	0	0	0	0	0	0	0	0	0	0	0	0	0	0	0	0	0	0	0	0	0	0	0	0	0	0	
0	0	0	0	0	0	0	0	0	0	0	500	0	0	0	0	0	0	0	0	0	0	0	0	0	0	0	0	500	0	500	0	0	0	0	0	0	0	0	0	0	0	0	0	0	0	0	0	0	0	0	0	0	0	0	0	0	0	0	0	0	0	0	0	0	0	0	0	0	0	0	0	0	0	0	0	0	0	0	0	0	0	0	0	0	0	0	0	0	0	0	0	0	0	0	0	0	0	0	0	
0	0	0	0	0	0	0	0	0	0	0	0	0	0	0	0	0	0	0	0	0	0	0	0	0	0	0	0	0	0	0	0	0	0	0	0	0	0	0	0	0	0	0	0	500	0	0	0	0	0	500	0	0	0	0	0	0	0	0	0	0	0	0	0	0	0	0	0	0	0	0	0	0	0	0	0	0	0	0	0	0	0	0	0	0	500	0	0	0	0	0	0	0	0	0	0	0	0	0	0	
0	0	0	0	0	0	0	0	0	0	0	0	0	0	0	0	0	0	0	0	500	0	0	0	0	500	0	0	0	0	0	0	0	0	0	0	0	0	0	0	0	0	0	0	0	0	0	0	0	0	0	0	0	0	0	0	0	0	0	0	0	0	0	0	0	0	0	0	0	0	0	0	0	0	500	0	0	0	0	0	0	0	0	0	0	0	0	0	0	0	0	0	0	0	0	0	0	0	0	0	
0	0	0	0	0	0	0	0	0	0	0	0	500	0	0	0	0	0	0	0	0	0	0	0	0	0	0	0	0	0	0	0	0	0	0	0	0	0	0	0	0	0	0	0	0	0	0	500	500	0	0	0	0	0	0	0	0	0	0	0	0	0	0	0	0	0	0	0	0	0	0	0	0	0	0	0	0	0	0	0	0	0	0	0	0	0	0	0	0	0	0	0	0	0	0	0	0	0	0	0	
500	0	0	500	0	0	0	0	0	0	0	0	0	0	0	0	0	0	0	0	0	0	0	0	0	0	0	0	0	0	0	0	0	0	0	0	0	0	0	0	0	0	0	0	0	0	0	0	0	0	0	0	0	0	0	0	0	0	0	0	0	0	500	0	0	0	0	0	0	0	0	0	0	0	0	0	0	0	0	0	0	0	0	0	0	0	0	0	0	0	0	0	0	0	0	0	0	0	0	0	
0	0	0	0	0	0	0	0	0	0	0	0	0	0	0	0	0	0	0	0	0	0	0	0	0	0	0	0	0	0	0	0	0	0	0	0	0	0	0	0	0	0	0	0	0	0	0	0	0	0	0	0	0	0	0	0	0	0	0	0	500	0	500	0	0	0	0	0	0	0	0	0	0	0	0	0	0	0	0	0	0	0	0	500	0	0	0	0	0	0	0	0	0	0	0	0	0	0	0	0	
0	0	0	0	0	0	0	0	500	0	0	0	0	0	0	0	0	0	0	0	0	0	0	0	0	0	0	0	0	0	0	0	500	0	0	0	0	0	0	0	0	0	0	0	0	0	0	500	0	0	0	0	0	0	0	0	0	0	0	0	0	0	0	0	0	0	0	0	0	0	0	0	0	0	0	0	0	0	0	0	0	0	0	0	0	0	0	0	0	0	0	0	0	0	0	0	0	0	0	0	
17	30	41	67	46	30	47	53	93	64	18	49	17	78	0	38	51	12	38	31	11	49	53	92	14	19	54	98	25	90	85	14	98	1	5	5	90	54	33	17	40	81	60	49	87	54	61	67	96	63	99	45	51	15	13	83	32	55	61	68	61	85	8	34	10	3	8	51	11	32	28	8	52	19	16	14	47	98	31	90	36	65	33	61	77	64	87	53	46	23	17	86	96	79	14	37	89	11	86	75	22	66	57	49	23	54	70	57	53	16	8	71	94	44	93	32	14	88	83	49	67	9	29	64	13	47	13	4	25	48	4	24	9	61	56	24	74	30	0	53	20	98	82	1	72	60	15	27	76	65	52	62	29	12	38	26	2	40	46	5	42	62	72	66	2	33	31	32	62	96	47	67	4	61	93	80	60	60	73	16	87	12	2	88	91	12	51	74	21	37	87	70	33	38	65	1	88	66	92	4	48	34	87	97	97	89	48	40	16	30	77	29	40	75	9	32	79	92	78	71	28	92	77	0	88	90	55	61	95	7	45	74	18	62	28	44	91	98	25	48	34	85	65	68	89	75	13	88	48	70	26	17	81	83	92	28	64	67	86	78	10	42	68	9	33	94	10	40	42	4	63	70	1	72	14	32	27	25	54	57	58	61	2	79	70	64	5	52	53	21	30	52	27	86	31	72	86	48	73	86	10	55	2	5	76	45	97	84	46	75	8	7	65	81	48	23	88	50	90	74	79	32	88	82	42	0	33	33	84	43	8	88	37	28	5	0	10	85	97	40	58	56	21	46	80	68	58	31	82	27	15	45	67	30	46	47	24	73	46	86	16	11	25	55	73	24	95	74	68	59	26	74	33	55	86	49	42	12	55	99	88	82	9	77	28	44	54	37	95	10	21	44	77	49	30	18	0	21	78	16	73	1	19	81	24	81	68	11	31	58	93	49	83	72	12	24	37	26	87	64	26	92	60	39	38	95	71	45	31	20	66	48	46	0	12	96	48	51	12	99	41	28	11	5	20	63	48	52	36	49	98	40	58	83	21	15	73	46	38	50	40	19	47	16	29	87	63	37	41	95	37	62	56	31	21	56	37	28	2	21	29	83	49	70	85	3	72	5	67	39	7	28	48	85	67	67	73	38	68	75	12	67	9	48	65	82	88	35	4	71	67	91	38	45	32	46	80	29	43	89	60	74	53	8	5	11	84	78	53	56	77	58	29	90	60	89	59	11	43	94	50	71	18	24	0	27	43	13	15	20	54	46	82	20	45	48	87	7	80	87	60	10	73	62	80	30	60	7	34	13	12	18	68	81	7	51	91	57	99	15	92	18	95	32	4	9	16	44	14	75	0	92	34	58	28	75	57	42	91	54	55	90	41	39	26	88	99	93	11	2	75	31	39	93	18	98	77	59	81	45	90	81	52	36	81	62	66	82	88	96	85	37	19	12	54	20	9	49	8	46	93	15	74	53	21	61	12	80	31	89	80	55	23	0	45	46	59	28	99	5	81	6	92	99	25	18	83	19	24	28	62	53	8	50	96	27	21	13	87	92	9	60	61	27	61	79	4	91	53	19	41	15	22	3	98	94	2	70	99	36	0	56	75	99	76	89	54	40	64	95	71	90	71	25	31	14	58	56	51	49	85	78	76	52	16	11	30	75	65	42	70	32	41	49	58	67	11	61	49	7	30	69	79	12	64	56	46	77	56	45	52	70	1	46	57	23	23	4	38	69	6	49	22	88	52	37	88	81	68	4	28	32	78	62	6	19	43	85	92	92	10	34	40	50	6	35	81	36	92	31	39	3	39	71	18	36	22	38	68	77	27	61	45	12	56	10	14	42	62	68	27	74	92	96	1	85	68	68	8	8	21	68	62	20	47	52	5	84	52	27	36	19	37	61	25	24	55	41	97	27	75	44	43	60	18	18	93	85	86	21	21	48	72	86	46	57	59	45	55	28	31	30	26	84	73	40	89	51	9	59	6	55	37	39	17	62	34	65	56	52	80	56	81	90	52	17	84	73	88	96	91	91	99	62	17	49	98	28	63	11	67	0	85	27	97	50	44	91	47	78	55	57	82	43	82	69	1	95	36	58	56	27	86	54	1	7	3	91	58	47	97	50	83	56	41	39	27	62	41	94	36	94	23	94	76	96	10	71	90	69	75	65	53	43	96	87	82	32	77	83	18	86	51	10	26	22	88	17	63	33	34	92	59	40	13	76	19	98	93	20	44	51	73	54	43	61	67	39	65	63	72	10	45	58	0	82	42	32	57	90	3	77	32	73	50	90	65	11	85	54	33	5	45	69	42	85	42	31	94	10	71	43	32	56	63	96	90	83	65	50	2	54	30	96	88	8	65	94	18	64	10	30	86	45	37	30	77	90	90	3	8	72	49	48	9	49	53	65	35	10	51	1	59	58	38	11	29	98	70	36	46	9	68	34	5	13	5	66	0	52	93	65	17	99	89	98	39	51	31	28	92	39	87	14	80	11	47	99	31	96	55	41	3	28	88	84	14	40	84	22	40	61	1	32	76	42	7	95	27	70	91	27	28	62	58	14	75	28	59	23	82	87	58	99	9	21	55	54	96	99	36	95	75	7	81	32	5	32	1	17	34	62	87	88	54	55	91	43	68	79	47	55	97	86	38	93	20	97	38	89	31	30	31	75	23	33	98	12	55	11	62	51	12	97	21	90	84	90	67	50	90	73	24	35	86	42	66	22	97	65	23	19	57	62	65	37	0	80	71	6	61	45	99	25	30	42	19	70	26	25	21	67	27	35	85	61	98	74	29	5	47	23	96	70	42	64	10	24	91	3	70	98	6	14	32	49	50	36	57	59	6	55	77	66	24	3	74	1	63	46	29	54	39	31	20	88	3	28	52	88	39	57	22	35	13	95	87	3	44	27	1	33	33	62	0	53	46	47	57	23	61	76	92	21	22	16	62	26	47	36	50	60	31	91	13	77	90	95	74	93	78	34	7	16	49	94	68	40	82	95	45	96	96	19	6	83	7	79	2	10	15	92	93	75	89	85	36	69	16	48	71	8	50	11	30	30	30	23	61	47	5	50	74	24	60	52	44	55	71	96	91	39	17	84	2	98	33	15	71	23	17	16	0	3	17	98	33	81	4	89	56	59	3	25	15	8	53	26	99	72	78	21	44	85	86	71	88	23	60	99	56	57	16	59	21	84	61	0	95	64	66	32	61	56	52	87	29	43	44	16	22	3	50	80	80	33	75	9	20	78	49	73	83	18	69	71	21	9	85	77	46	7	85	22	81	89	3	99	73	71	24	2	74	59	8	74	72	4	87	50	25	83	21	59	74	74	32	11	82	73	62	53	47	48	39	74	36	9	34	90	27	25	27	74	97	49	86	40	87	63	2	35	22	83	53	39	76	89	54	62	96	90	62	30	96	72	83	17	36	89	2	10	73	5	11	93	39	14	18	32	79	90	82	17	58	99	16	94	79	40	87	15	58	9	49	48	31	35	99	41	35	23	32	64	63	1	45	75	94	3	33	62	35	14	28	95	22	95	24	17	60	78	18	39	15	94	25	4	8	25	13	15	52	94	73	16	71	56	17	69	77	57	23	43	51	29	59	51	47	70	60	54	73	85	8	97	60	72	60	83	24	6	45	65	20	30	46	17	51	92	86	84	83	42	93	60	82	31	79	25	30	25	54	38	76	10	12	53	79	37	44	31	95	67	3	49	2	24	60	48	63	65	12	87	13	24	43	48	5	92	41	0	38	55	9	89	4	25	76	70	4	1	0	44	1	83	92	4	97	13	3	33	40	33	75	54	60	98	29	62	0	55	92	1	55	93	77	85	2	30	26	72	0	58	80	9	71	7	48	53	47	53	3	34	66	62	40	43	96	24	83	84	4	65	66	94	90	11	41	52	42	12	6	54	0	26	67	91	42	55	91	88	10	57	43	38	73	9	13	80	21	44	57	28	66	74	54	29	18	27	9	49	66	48	4	73	26	91	86	59	45	34	16	10	65	22	74	15	11	31	1	59	25	21	82	13	45	12	36	97	75	43	89	89	39	94	3	36	61	83	40	8	12	93	92	53	5	65	63	15	50	8	63	84	55	45	28	67	79	89	50	94	20	13	77	10	47	99	17	59	50	33	84	68	80	65	5	36	97	5	64	56	77	51	22	74	92	53	11	78	57	96	33	36	71	1	6	21	64	34	6	7	11	95	95	38	14	81	16	65	91	85	60	17	44	95	17	62	61	99	98	14	62	2	92	93	2	41	2	17	69	46	49	89	68	95	12	14	70	28	90	31	75	22	86	13	7	48	11	12	19	35	45	65	7	42	37	44	63	53	74	64	82	97	20	85	78	34	43	85	5	13	67	27	14	47	22	96	64	46	84	20	9	13	5	56	22	70	1	62	6	78	71	5	96	3	10	5	14	52	65	36	79	58	9	78	52	12	74	76	77	97	46	26	22	78	59	73	71	73	66	95	58	88	40	99	43	57	43	5	26	0	3	0	9	82	26	21	65	8	53	31	15	46	64	26	88	69	1	32	39	69	71	96	64	36	68	21	54	36	75	55	92	89	45	44	38	23	28	89	64	80	97	82	80	95	80	54	83	27	51	10	99	21	76	5	96	79	4	47	33	83	36	30	89	45	33	30	42	42	49	74	26	67	32	85	94	76	89	14	10	70	45	55	95	43	89	81	51	8	76	12	66	93	93	67	40	83	3	40	92	32	90	55	72	16	40	4	41	7	13	91	38	80	4	52	31	13	35	17	88	89	24	83	0	23	43	50	0	88	2	64	37	80	96	6	50	75	30	86	30	51	68	13	40	8	85	33	22	55	75	14	6	63	69	96	55	16	23	95	54	33	16	62	24	76	30	54	17	99	17	19	58	89	56	44	61	16	42	73	62	11	73	7	62	42	33	55	73	7	53	19	67	17	82	17	56	96	1	83	98	38	7	95	18	3	42	8	54	98	50	70	53	74	53	67	14	26	24	59	2	34	62	21	52	18	25	51	54	22	82	41	79	63	77	86	3	11	50	70	6	76	32	99	27	47	11	65	85	50	14	85	60	0	65	90	50	47	61	20	61	80	61	91	51	99	14	68	70	28	18	54	67	25	61	8	62	10	51	16	34	10	44	49	16	13	23	53	81	48	12	20	15	40	85	62	32	29	81	13	17	92	28	32	86	63	10	92	71	85	72	21	30	20	1	8	30	5	0	64	86	31	48	60	99	21	96	9	91	96	92	55	55	70	12	12	7	27	87	95	25	82	60	71	80	1	71	39	33	40	82	30	99	57	30	22	50	96	88	60	8	98	33	15	48	20	30	33	7	85	4	23	4	7	36	33	58	78	40	86	78	8	19	89	42	42	70	85	15	47	88	71	71	78	85	26	11	59	65	42	30	37	52	61	90	78	5	7	54	71	91	80	24	68	21	7	3	16	88	88	75	85	83	29	71	44	63	71	60	52	71	73	34	85	7	38	76	7	84	90	98	98	4	69	6	17	63	63	86	81	44	79	14	80	34	96	82	30	39	39	40	55	54	75	47	84	58	90	99	14	39	14	39	83	65	4	99	60	44	90	93	11	78	25	38	24	9	99	89	16	33	71	71	3	51	12	67	28	56	96	2	3	8	75	50	43	93	26	9	3	62	33	97	7	26	33	88	76	24	15	40	39	11	34	0	27	30	2	56	3	28	85	78	75	34	63	52	33	16	13	9	26	40	5	7	17	96	75	86	71	84	4	26	55	36	80	80	66	60	62	3	11	94	28	84	2	1	5	72	19	0	31	50	73	54	12	80	31	6	9	99	99	55	27	27	34	89	31	17	64	78	31	35	25	20	88	79	54	5	31	38	21	17	56	8	4	33	2	18	44	67	79	93	0	27	60	20	81	97	67	95	95	13	92	54	55	53	78	1	53	47	17	5	27	43	75	93	96	98	90	84	16	57	20	60	87	56	87	8	76	69	67	53	72	72	93	78	84	45	89	84	33	77	51	72	20	51	52	44	98	10	23	52	96	0	16	56	77	63	59	2	10	42	55	13	74	93	54	34	25	70	1	99	31	43	9	23	36	28	78	87	14	62	24	65	62	78	68	70	33	98	36	19	25	15	48	58	67	10	42	21	78	35	53	62	12	77	86	56	83	82	36	25	75	84	83	73	79	24	16	89	77	58	43	34	60	65	79	39	96	68	13	63	16	49	19	86	75	54	2	86	24	75	87	85	85	43	89	63	30	91	55	31	53	93	42	58	68	64	90	51	71	90	31	33	60	28	61	95	22	88	10	41	85	19	53	63	52	13	83	52	85	73	53	41	34	90	9	2	39	43	49	59	32	62	88	38	27	74	21	24	50	34	88	78	50	44	19	30	76	68	52	49	16	29	91	72	96	93	93	93	35	74	2	43	90	49	56	61	82	56	13	89	14	29	17	62	60	64	14	80	15	0	17	11	49	98	57	66	13	41	77	3	96	21	57	42	64	64	61	98	38	78	92	32	96	26	90	76	63	9	54	21	94	72	4	31	88	62	77	54	82	82	84	28	19	58	90	75	81	52	63	9	83	98	0	90	36	47	66	40	23	30	28	9	26	28	8	10	30	24	11	56	68	69	14	34	35	95	58	54	63	28	26	50	55	16	67	73	40	47	40	83	56	25	67	83	65	86	6	97	85	19	33	91	88	16	28	42	54	2	69	51	92	76	82	10	10	75	74	42	1	37	84	75	61	20	34	36	53	54	37	46	2	60	55	89	11	7	31	42	20	84	3	95	96	42	38	54	96	87	8	91	21	93	32	98	98	94	62	1	86	85	0	83	57	19	80	94	45	12	37	31	36	64	38	25	30	21	4	47	63	65	24	92	68	99	86	77	35	53	81	94	35	36	18	2	1	80	31	64	57	78	74	65	56	22	93	93	34	63	22	90	5	44	48	99	63	16	93	99	39	67	17	46	7	15	99	85	39	26	13	88	37	77	53	53	18	27	77	86	54	96	6	30	39	87	88	84	21	31	6	62	2	75	7	43	51	82	73	5	35	87	26	78	5	98	65	60	41	96	23	19	73	89	9	68	89	46	26	60	65	83	6	33	61	59	23	95	88	92	87	32	83	61	79	26	27	80	22	48	28	90	70	63	78	86	24	99	80	2	63	35	39	3	52	48	1	51	30	7	16	36	12	97	23	63	73	40	52	26	70	34	63	37	2	76	70	63	85	28	59	31	14	77	9	91	13	30	83	90	18	5	93	95	15	95	10	90	23	56	24	9	51	79	54	96	83	22	7	78	74	73	67	42	73	27	3	80	10	59	67	90	96	82	59	37	7	59	95	53	30	19	23	59	92	41	7	9	40	85	85	73	2	45	62	10	24	90	91	61	46	77	19	16	95	73	86	22	82	12	26	20	47	50	38	4	82	83	43	25	26	12	80	82	55	97	33	51	41	41	54	47	75	36	1	82	2	41	11	31	46	22	43	31	54	8	51	4	78	49	24	89	24	18	7	31	0	98	85	78	99	17	74	27	7	9	82	84	72	23	47	0	81	38	57	28	21	32	17	47	87	38	34	53	62	98	42	18	21	2	50	26	13	32	4	55	53	67	73	25	82	34	67	49	51	51	1	46	85	90	30	63	93	56	86	95	59	31	16	69	56	3	74	3	5	54	77	59	27	77	40	51	10	22	99	34	96	63	73	54	36	65	37	38	50	7	67	88	29	67	66	47	52	94	57	37	39	98	67	12	3	46	76	37	76	54	3	63	8	85	78	50	90	38	17	76	44	45	1	5	74	32	64	52	75	26	8	52	14	48	68	69	53	98	90	70	87	49	68	58	13	76	23	99	4	96	87	76	0	14	17	95	90	1	48	91	11	42	52	85	88	3	96	8	48	64	8	10	35	55	8	58	74	61	66	81	99	34	73	91	27	67	45	95	22	13	83	65	73	9	65	74	12	17	87	35	88	10	45	95	21	39	84	80	26	15	95	68	92	77	64	4	41	54	42	3	73	50	64	55	89	68	90	14	25	10	50	61	30	40	12	34	60	3	55	84	18	69	42	47	60	96	96	14	83	64	87	60	61	95	9	59	46	57	37	75	81	57	5	48	34	87	92	40	74	29	70	28	52	75	77	86	14	82	92	7	10	53	56	59	16	35	70	55	6	47	43	88	20	9	27	21	58	18	54	73	68	35	30	59	54	13	51	19	7	46	42	20	55	99	46	68	21	20	30	38	39	22	96	33	2	21	91	18	72	64	79	86	25	65	17	31	54	54	93	27	83	27	73	34	38	28	43	89	91	27	0	37	48	98	69	25	49	4	68	85	82	32	70	67	21	95	1	71	93	97	45	71	80	97	57	86	2	78	5	54	42	59	49	77	60	56	65	19	19	78	29	30	17	40	92	82	45	59	32	4	6	2	22	99	80	43	99	59	13	33	2	57	53	31	76	32	2	76	43	83	21	96	25	18	38	80	44	61	95	50	60	72	16	20	87	93	82	91	5	31	49	72	69	41	74	62	65	2	66	40	45	62	19	97	67	66	3	56	49	73	42	80	37	75	7	3	60	38	31	98	93	1	11	89	44	41	44	26	73	30	90	61	50	67	11	61	36	27	49	37	58	77	86	58	21	42	26	35	78	67	81	59	88	8	45	65	83	11	72	16	19	86	71	94	88	17	54	89	61	20	85	19	61	68	27	24	1	97	36	13	81	76	37	96	82	55	63	91	0	52	59	44	99	71	45	9	90	8	99	3	16	56	91	15	81	62	59	23	12	37	87	33	32	89	12	12	58	73	58	78	3	12	84	67	76	11	74	0	52	95	72	2	19	6	82	33	44	10	93	82	43	38	23	36	32	16	57	17	58	18	45	44	24	55	6	68	14	14	20	2	71	28	92	71	76	77	55	34	0	38	48	73	27	35	58	12	47	69	38	44	63	60	88	67	48	80	22	25	45	98	61	42	97	44	52	69	26	52	82	16	82	48	2	45	60	60	18	91	96	59	91	44	70	26	5	89	41	34	63	47	79	2	63	87	64	72	85	0	5	39	54	12	21	96	95	77	12	19	31	1	41	13	5	49	54	95	66	71	21	93	22	58	3	34	27	11	55	2	57	86	54	34	44	50	26	1	2	86	17	81	57	65	37	83	8	81	35	30	76	78	16	59	42	20	32	35	83	7	59	13	41	18	52	44	88	64	93	5	78	73	39	49	7	20	78	20	37	77	75	40	39	33	59	46	54	78	90	46	75	96	7	63	95	8	4	36	82	27	19	30	84	91	75	98	61	27	29	40	30	95	3	29	38	50	97	50	53	14	54	68	79	53	71	56	61	75	63	70	72	75	99	6	77	14	21	72	11	89	4	41	84	23	55	24	14	73	84	61	20	61	3	76	57	12	16	64	75	92	0	46	30	42	23	74	61	1	36	28	58	3	4	9	78	65	16	60	76	53	7	70	96	69	46	22	96	82	26	11	79	37	48	20	37	29	62	25	98	24	15	28	26	86	50	27	1	26	39	59	85	50	88	29	90	25	96	53	71	98	54	60	14	95	66	81	98	85	61	86	10	30	76	1	93	90	30	72	3	68	12	9	74	25	28	78	22	79	55	59	69	76	75	37	32	48	62	45	57	10	93	27	57	56	11	30	13	88	10	80	34	87	49	76	82	30	42	82	3	35	29	26	66	52	61	99	21	79	75	93	34	41	87	70	45	93	59	90	45	75	13	51	58	50	0	83	70	3	50	81	2	54	11	18	77	85	84	98	30	93	85	59	42	90	53	55	44	10	55	54	95	36	45	23	12	83	57	58	32	64	1	17	47	0	65	72	10	8	57	35	73	77	70	76	31	28	89	4	82	34	56	62	2	20	26	66	64	60	13	0	78	8	3	17	38	72	29	84	37	77	45	44	89	31	53	98	28	82	65	36	79	19	9	2	12	58	88	13	16	50	51	64	36	97	67	7	49	87	89	51	66	79	27	67	55	55	32	59	21	70	17	76	87	2	15	88	27	50	7	91	78	84	40	99	10	11	97	34	93	81	47	22	21	74	7	28	93	10	77	69	90	50	72	83	11	80	31	78	51	60	37	70	59	62	68	94	61	22	21	26	
18	70	47	4	8	55	55	88	37	47	48	65	52	77	77	75	79	92	27	40	51	55	89	61	65	2	22	42	21	10	11	29	9	88	99	94	43	73	21	75	86	66	58	65	10	30	44	26	72	71	94	52	73	76	56	74	10	2	63	25	60	34	68	4	93	77	45	79	31	61	29	48	83	70	79	95	35	78	59	38	68	19	10	56	70	4	77	22	47	31	77	24	40	5	79	39	30	74	93	48	56	13	67	85	30	38	13	75	7	13	14	50	5	69	35	67	17	13	71	43	19	7	92	48	53	16	92	3	7	81	62	67	23	43	41	51	82	10	29	28	77	45	59	42	96	71	84	26	68	27	54	14	8	32	92	14	95	16	13	31	18	84	61	35	91	69	29	82	99	76	2	90	71	94	1	15	67	79	35	71	85	94	6	65	9	58	89	57	89	93	55	25	54	1	0	88	20	9	5	46	73	50	75	29	50	11	20	5	43	8	31	0	58	34	67	34	48	69	60	76	33	64	26	20	11	82	88	62	70	13	47	80	32	86	26	13	38	82	55	81	53	46	16	50	49	99	17	87	83	17	11	9	50	47	71	52	81	12	38	89	33	66	65	82	36	35	98	79	31	58	52	77	55	9	98	22	16	73	64	62	12	54	55	22	67	27	32	20	55	80	56	41	5	57	1	21	77	80	66	25	89	22	22	26	10	17	89	18	88	8	84	25	89	64	0	85	46	56	86	94	63	0	13	96	78	98	60	87	12	2	51	28	8	33	20	54	70	21	43	4	83	62	78	16	76	89	43	5	62	30	14	95	36	71	71	31	65	81	23	93	18	15	19	57	28	86	46	50	38	64	92	24	7	19	78	5	8	14	90	72	64	11	35	42	62	23	48	99	32	52	41	64	98	41	8	51	82	80	52	65	57	98	80	30	88	24	32	87	47	83	77	22	24	96	76	27	12	67	46	68	72	27	53	37	32	80	77	27	14	7	35	52	26	64	56	81	66	6	62	98	79	52	76	96	54	17	77	81	51	32	33	25	68	52	94	34	34	40	91	40	38	42	63	37	92	4	86	69	94	73	90	76	58	40	25	74	79	74	34	23	40	88	0	69	11	2	8	39	0	56	2	66	32	76	69	93	96	59	14	50	33	21	70	58	27	47	56	52	70	27	60	65	17	34	44	61	40	22	0	42	91	91	81	33	1	14	65	46	33	8	16	87	94	82	16	69	47	50	22	53	51	7	33	3	21	48	20	57	87	42	52	48	98	40	89	68	40	5	57	35	8	64	60	54	64	52	55	5	33	29	3	30	16	8	22	28	1	59	38	82	89	70	69	1	82	5	21	27	51	68	25	46	81	65	15	31	79	82	7	43	26	77	24	38	68	83	23	27	42	17	76	99	70	54	37	51	1	30	42	72	12	83	5	91	52	12	84	99	95	0	3	12	1	8	53	47	78	99	80	7	26	98	86	31	55	58	23	1	7	70	93	67	54	74	10	80	13	74	68	97	72	41	61	89	86	58	21	73	45	16	97	6	5	84	36	60	19	39	64	68	44	79	14	1	14	58	42	95	83	43	94	64	98	84	6	4	5	81	44	84	45	41	48	41	32	74	80	38	1	70	89	42	97	69	56	95	29	58	66	47	95	80	39	44	74	32	26	65	69	77	27	73	50	96	41	81	46	10	91	97	85	78	44	65	95	7	33	95	30	27	68	91	29	59	63	40	12	76	29	4	79	95	46	99	1	50	51	45	74	94	60	76	31	28	72	26	13	76	37	89	69	91	63	22	14	85	9	70	68	53	29	6	26	84	87	23	58	32	13	18	91	65	11	15	52	86	18	24	12	37	56	26	15	32	28	76	41	7	36	40	58	86	69	78	38	13	4	92	72	2	7	41	26	94	41	36	19	50	24	22	3	68	50	66	39	48	91	2	47	80	28	46	60	62	32	52	85	65	57	27	37	62	41	76	11	16	94	17	93	26	65	95	5	3	87	10	10	12	29	64	81	47	84	16	48	47	14	83	77	40	1	3	36	75	92	30	82	59	54	51	63	44	12	65	35	99	41	15	79	15	94	33	59	16	68	18	84	30	78	14	14	15	11	32	4	26	42	32	73	5	13	44	96	20	44	23	87	74	33	35	80	21	88	21	14	10	12	67	81	15	67	44	5	78	3	74	83	90	25	47	0	94	75	88	5	32	80	54	57	44	6	31	30	29	12	61	34	53	5	37	69	50	23	78	33	47	43	75	67	55	43	33	60	11	8	42	61	4	15	47	46	88	54	60	46	31	72	79	96	76	75	21	28	30	90	44	0	98	35	71	20	97	75	22	52	25	23	60	20	60	57	52	27	82	2	86	74	68	19	97	20	72	62	58	72	12	96	39	44	26	72	83	36	89	76	33	56	51	19	47	83	87	67	76	36	75	87	27	54	52	54	5	24	17	7	35	98	32	94	6	73	45	42	45	61	14	14	25	16	54	58	78	41	96	78	3	31	96	22	7	33	57	43	9	37	97	34	4	24	96	89	80	26	60	14	66	65	82	90	89	38	60	75	51	91	12	30	84	33	6	32	43	82	76	15	35	15	71	7	53	45	79	42	93	87	46	94	57	97	57	96	83	73	25	7	81	77	19	96	63	50	64	67	1	90	15	97	47	67	58	97	46	99	81	7	52	75	0	79	26	58	57	21	21	68	59	13	75	34	4	17	25	57	76	1	11	81	78	21	4	81	17	89	69	42	72	93	96	47	76	14	6	50	42	70	10	79	96	61	14	26	26	6	51	23	49	70	88	6	6	22	72	7	0	60	28	22	12	75	19	25	97	36	23	71	44	65	84	80	93	58	33	95	59	11	19	63	13	58	44	21	97	0	2	40	78	59	75	28	66	56	31	43	17	14	48	94	70	84	13	97	17	3	41	80	62	11	37	52	32	0	52	12	20	40	71	15	74	41	50	9	82	39	12	65	96	48	32	98	64	82	33	69	73	17	72	63	97	9	14	76	89	49	0	88	84	48	68	55	25	90	2	81	36	59	72	89	48	61	17	15	29	64	88	29	45	14	40	23	40	16	73	2	37	24	72	66	21	69	82	95	10	76	47	80	53	2	58	88	58	60	10	24	64	63	72	10	29	69	55	20	22	93	4	33	47	64	34	46	3	30	74	5	57	98	43	46	80	78	30	28	82	40	6	55	30	2	50	57	20	63	79	29	37	70	12	67	12	63	82	12	12	79	15	31	5	16	74	5	75	50	67	35	50	19	5	25	90	72	29	88	17	57	2	6	43	99	58	59	7	48	78	87	60	11	66	57	65	3	71	94	42	34	71	75	84	87	24	42	23	5	33	83	62	97	58	91	63	72	52	54	3	56	81	31	21	10	63	68	34	68	32	79	42	14	63	53	54	92	37	9	62	26	84	49	43	12	15	7	98	13	32	74	89	25	6	25	4	13	97	66	82	63	21	94	73	71	32	71	35	99	40	63	19	21	33	45	47	89	89	50	41	8	90	54	20	34	11	34	15	39	38	19	20	76	65	65	25	72	97	22	27	94	73	95	46	23	51	86	49	26	71	75	10	33	36	62	99	9	1	15	52	51	14	82	34	36	49	54	55	18	59	26	42	74	84	98	14	57	23	6	93	6	72	17	11	80	63	96	44	47	80	78	51	61	97	7	6	15	64	63	39	98	42	12	46	89	92	38	14	31	3	54	71	15	69	31	89	48	75	2	79	95	74	48	58	36	99	23	95	5	12	53	31	70	75	28	48	89	0	13	4	71	30	14	45	55	39	22	5	24	46	42	32	28	48	45	7	1	76	63	58	78	59	79	65	96	62	62	21	7	66	12	28	87	7	80	72	8	1	48	94	23	65	7	74	6	73	62	65	93	54	8	69	8	68	1	84	15	76	11	38	96	28	41	4	61	62	95	35	39	81	98	59	25	12	0	39	19	52	32	56	18	97	39	46	70	55	6	80	25	21	87	87	33	50	60	17	42	39	14	2	33	42	34	60	50	90	45	78	38	27	80	68	16	22	61	33	18	51	97	46	47	12	80	18	6	35	28	52	84	60	1	33	0	95	78	45	55	66	69	54	76	3	29	27	68	49	98	56	90	74	13	6	42	91	81	95	65	9	75	28	36	49	58	66	97	51	74	24	30	76	8	32	23	5	28	59	98	87	17	74	72	87	32	96	78	26	35	86	30	16	46	84	81	72	89	60	91	90	6	38	82	62	50	62	71	34	27	96	59	77	49	49	19	94	41	67	42	62	44	7	54	45	92	36	42	39	34	9	93	20	71	5	37	55	2	91	59	39	90	16	87	14	60	58	88	78	87	51	73	7	66	5	77	81	61	81	65	8	77	16	73	19	45	1	9	48	73	3	95	91	76	57	6	76	86	51	37	61	52	14	89	85	89	32	99	87	90	40	45	34	71	4	45	79	83	81	71	67	84	14	51	43	97	79	72	74	9	84	91	38	29	16	38	38	40	55	54	28	16	52	99	96	55	56	40	39	4	20	6	61	90	66	73	82	39	24	70	56	15	64	6	47	23	69	43	74	9	23	92	79	94	82	69	40	92	50	35	39	1	52	65	92	19	82	63	73	48	31	79	34	60	61	82	96	82	42	11	23	59	27	33	66	80	18	31	68	3	86	54	49	15	36	29	90	42	54	28	23	27	49	23	64	66	35	74	54	50	38	73	22	58	16	58	58	46	5	50	70	28	5	31	17	49	18	75	23	31	81	83	85	81	55	48	70	48	10	7	76	70	55	65	19	67	68	37	0	25	15	16	54	25	64	97	74	94	97	36	36	2	97	72	51	38	58	15	46	87	87	26	92	72	14	8	16	5	91	40	74	87	66	45	96	4	22	71	79	67	15	6	27	25	42	13	81	57	6	48	25	78	42	38	11	59	18	72	86	92	34	50	75	17	48	67	86	2	75	2	66	70	35	48	42	19	84	87	52	6	52	47	73	56	26	67	89	28	28	19	64	86	97	78	98	6	85	72	36	55	36	52	53	20	35	15	43	67	39	49	11	72	35	89	58	67	85	23	47	66	7	85	66	26	69	36	89	59	5	39	28	43	88	81	92	77	13	86	5	68	93	99	48	95	32	77	11	58	7	41	32	6	53	19	10	0	5	25	68	4	66	31	22	50	43	75	82	44	28	66	95	50	6	89	61	28	74	28	85	13	30	37	22	23	94	76	5	62	50	22	63	23	61	75	13	22	0	80	61	8	24	55	92	47	22	33	36	95	98	39	20	83	30	78	57	49	73	28	32	97	42	57	43	73	38	37	26	46	23	71	48	68	25	63	65	85	56	35	11	66	41	56	49	49	99	56	57	50	55	87	26	36	84	17	76	61	83	90	22	32	63	98	27	0	60	28	55	93	39	34	74	99	39	17	77	61	67	9	9	48	67	79	56	66	29	44	72	72	26	67	42	70	8	49	62	78	58	67	96	36	81	2	37	37	71	62	72	69	0	54	28	55	35	34	37	15	50	82	93	40	65	78	2	59	97	66	21	40	48	25	36	31	77	6	85	58	85	48	58	76	92	80	75	85	87	8	47	20	10	86	28	73	18	46	18	64	44	84	92	11	60	65	29	77	2	23	8	73	27	10	84	86	20	2	71	77	30	98	84	34	1	51	32	61	98	80	44	47	99	54	14	18	36	30	84	96	23	17	95	53	87	77	97	24	18	28	35	16	67	75	37	89	17	45	25	79	42	60	97	12	22	36	53	12	54	32	29	53	0	8	51	57	41	5	47	11	30	79	14	22	0	40	72	35	79	24	33	26	64	69	94	67	95	75	11	38	73	2	85	41	94	29	49	33	90	79	92	75	94	9	64	24	13	8	33	16	85	31	12	35	80	81	39	26	98	5	23	28	2	37	41	73	21	74	50	89	42	98	6	70	5	18	30	10	66	15	45	56	71	4	23	97	96	96	48	88	1	76	96	14	58	29	26	23	89	29	13	67	26	5	47	11	38	67	2	26	8	50	86	62	43	12	36	72	54	13	96	37	36	79	16	47	88	62	32	95	75	21	21	51	26	24	75	40	70	14	91	61	95	87	22	27	13	41	56	69	30	28	96	91	49	74	29	97	53	1	31	45	88	34	95	61	22	94	97	86	84	61	10	19	12	8	67	28	9	87	36	92	99	1	5	30	31	43	6	83	66	63	29	74	4	44	74	11	35	35	87	59	90	34	44	71	38	61	98	91	87	5	77	2	82	20	12	50	23	37	82	64	79	54	87	78	4	69	50	31	32	42	85	40	20	72	60	68	71	75	51	70	84	46	10	57	1	63	11	55	77	4	64	64	47	67	68	54	79	34	32	75	51	31	43	53	44	24	46	18	14	97	84	66	93	26	40	37	85	62	37	94	81	52	94	11	64	86	83	26	74	20	48	74	6	57	46	85	74	45	21	40	83	48	29	15	43	82	98	46	63	27	35	34	33	5	31	97	7	27	68	14	44	85	6	45	89	36	80	94	14	70	69	57	50	26	76	59	39	34	73	84	20	37	68	60	57	34	25	39	10	79	65	74	37	38	42	75	82	28	85	36	61	3	56	25	66	2	36	63	52	23	81	42	50	97	32	25	60	64	17	52	8	86	52	32	40	26	55	42	15	99	87	69	85	68	38	55	57	61	4	38	57	17	7	57	3	84	44	72	68	49	71	52	19	14	39	14	75	75	56	39	55	41	29	5	43	54	96	63	18	14	72	19	16	33	45	16	34	73	69	67	41	22	50	88	63	2	60	89	97	83	76	31	81	34	40	6	96	45	56	26	4	71	67	5	87	78	22	43	20	71	77	72	48	3	25	82	88	58	91	59	92	16	39	71	60	50	16	43	41	35	98	90	49	99	66	49	64	67	65	15	61	3	98	47	33	47	15	56	23	10	8	98	95	54	72	0	63	90	40	40	45	39	12	14	24	80	13	59	83	33	20	79	50	59	67	76	0	5	50	10	40	97	64	90	66	9	28	8	97	31	51	51	0	42	21	12	63	17	84	55	81	91	66	68	11	16	75	56	91	10	17	81	20	80	10	28	98	40	50	91	37	57	55	8	60	31	17	90	77	52	17	44	51	82	43	5	11	99	36	0	69	6	69	7	79	25	78	53	59	92	8	81	32	40	47	86	2	78	53	21	14	43	40	91	81	85	63	45	95	61	68	8	55	89	86	1	67	33	17	35	67	5	87	48	45	79	59	75	28	46	58	85	52	1	33	45	2	0	19	58	75	49	42	6	12	23	45	8	66	81	66	78	45	60	69	72	24	10	50	9	41	60	29	7	47	4	36	87	43	29	48	76	64	0	4	71	73	93	15	29	87	81	4	40	80	58	20	63	92	52	72	60	84	57	12	49	16	1	5	89	6	61	7	64	61	78	55	28	7	2	81	82	73	72	76	70	4	84	6	71	82	49	28	5	64	10	0	73	44	39	52	94	85	25	69	65	64	43	93	58	81	72	64	57	83	44	30	22	76	46	9	83	80	19	69	34	2	26	15	34	89	61	56	61	37	86	64	28	80	19	88	38	25	78	11	64	84	29	56	88	88	15	12	67	42	39	54	44	6	0	98	27	90	41	65	95	87	65	39	73	29	43	57	22	31	75	58	66	45	49	41	23	39	43	38	34	5	4	63	75	9	83	99	33	91	45	85	41	10	95	35	92	31	5	49	9	91	26	80	16	86	79	92	27	52	33	48	11	67	45	24	17	95	53	46	69	97	15	79	67	25	71	6	16	25	65	79	86	4	16	70	12	19	90	43	86	88	94	40	96	0	45	8	80	30	27	64	28	53	23	94	15	23	18	70	53	29	1	19	16	28	6	36	74	49	52	50	54	10	57	90	92	84	69	83	57	16	25	89	6	54	55	17	67	35	80	62	8	51	90	39	71	83	33	42	45	53	86	93	47	41	86	96	8	46	75	40	45	19	15	18	67	98	10	94	27	24	20	86	17	61	8	0	69	40	69	93	58	43	56	19	56	67	75	5	25	78	78	4	26	30	29	3	75	82	42	47	18	13	44	77	90	44	37	81	94	26	62	64	35	35	0	7	87	0	45	38	63	19	84	24	46	86	42	39	15	58	79	34	91	0	14	0	70	54	50	10	99	71	96	24	95	47	43	92	28	87	37	66	33	10	43	71	17	18	15	49	40	33	1	59	2	93	77	27	41	78	70	95	55	26	75	36	21	31	91	4	80	86	13	86	54	20	52	3	37	10	49	78	6	38	21	8	43	86	35	30	20	2	61	28	98	76	94	25	42	52	19	76	48	73	95	36	72	14	35	62	10	57	43	4	13	89	44	37	79	60	58	34	96	46	43	47	21	84	48	37	1	81	82	64	49	92	94	83	88	32	96	25	34	96	7	85	42	61	87	61	61	40	82	92	26	64	15	27	91	0	73	46	72	17	64	11	38	22	99	50	75	92	32	47	22	46	19	29	61	38	91	90	85	37	28	12	64	17	7	26	19	97	24	7	47	23	23	95	36	84	94	97	15	91	72	3	49	25	26	26	51	83	47	96	82	19	35	24	16	82	47	77	29	81	46	91	35	48	25	88	11	24	9	24	99	16	95	52	86	4	0	89	42	14	40	92	91	58	93	1	62	86	96	97	7	44	17	92	97	6	29	46	58	38	81	39	37	55	73	83	85	25	16	43	92	59	3	30	1	67	45	16	68	51	25	91	45	98	51	36	81	56	78	7	47	43	83	75	20	6	50	49	97	98	34	32	41	46	57	44	1	52	8	76	13	50	4	22	74	92	78	88	33	88	45	9	6	15	20	37	77	14	82	93	74	82	64	63	75	0	95	82	45	50	20	0	99	17	64	33	1	50	53	43	84	34	77	65	91	82	99	19	55	41	31	57	49	8	4	47	67	30	95	20	42	30	56	53	34	65	27	62	66	98	43	61	70	78	52	67	64	68	77	96	17	31	7	5	34	10	6	52	5	4	31	10	58	17	71	16	42	15	53	49	9	57	76	12	2	19	63	14	63	26	26	96	4	88	84	23	10	53	74	65	41	56	10	40	10	73	2	95	80	61	63	87	73	10	59	58	85	81	9	98	27	50	11	34	29	85	17	13	28	94	39	65	7	12	82	75	88	56	89	52	48	40	28	13	61	81	28	79	48	22	8	7	8	18	22	27	98	79	96	58	71	46	34	7	44	9	48	49	46	63	75	40	43	47	93	42	52	11	41	19	78	35	55	58	64	8	68	45	81	19	70	72	87	85	15	42	65	35	17	32	6	86	69	8	45	12	81	12	34	61	98	36	51	57	82	71	23	41	27	25	73	72	32	28	7	78	3	39	40	95	80	76	16	95	94	30	73	84	18	17	83	61	4	78	85	7	57	56	3	92	29	18	36	63	18	77	23	93	1	48	91	59	66	93	73	44	99	24	34	1	62	61	90	65	69	24	69	43	47	90	80	75	2	53	58	81	96	0	31	16	31	78	86	50	12	96	65	35	99	58	31	61	34	69	97	3	35	81	90	91	77	2	80	48	16	5	62	65	41	3	37	48	92	0	13	51	61	65	73	26	46	73	64	22	92	74	58	86	59	22	92	52	66	30	12	7	13	6	27	31	65	34	89	14	49	78	95	86	50	48	67	75	38	52	47	96	20	35	40	37	51	30	58	54	84	76	3	74	83	89	86	70	81	53	65	23	30	6	99	41	68	41	89	20	88	32	47	64	37	32	13	48	98	61	43	66	2	76	5	90	78	44	7	20	15	13	27	18	27	87	24	40	21	42	97	33	31	86	82	12	88	64	35	64	13	83	23	48	44	83	91	61	31	51	59	41	93	52	48	58	91	53	35	0	61	62	30	64	33	87	24	60	35	87	67	30	6	73	81	65	34	60	81	67	24	40	63	75	90	11	69	72	63	21	72	85	48	41	52	24	26	51	0	86	80	58	45	89	13	16	76	90	48	82	72	36	35	73	84	81	14	10	31	57	32	83	87	75	62	43	32	93	32	38	98	70	13	90	55	31	67	92	0	49	70	15	4	88	61	7	8	99	90	43	41	25	46	87	97	62	92	18	57	77	34	96	17	77	78	81	4	6	48	76	83	64	32	
13	20	12	7	17	19	5	11	3	8	2	20	2	1	11	3	1	2	2	14	4	4	12	4	20	1	14	15	3	10	13	4	4	3	17	9	7	14	12	5	10	15	15	6	20	9	6	9	13	5	11	3	8	2	13	13	6	2	1	12	13	13	14	5	11	3	13	3	3	13	10	1	13	11	5	7	1	10	19	15	9	11	14	5	10	7	10	15	13	7	20	2	15	4	9	2	17	11	19	20	11	1	3	18	7	4	8	13	19	3	5	18	2	1	2	1	1	13	13	3	3	10	10	6	15	16	2	11	15	12	10	2	17	19	20	1	15	10	8	16	9	10	12	13	15	12	8	1	13	13	1	16	5	6	8	4	20	17	11	1	11	5	2	5	7	5	19	4	4	12	10	13	17	1	4	6	5	8	14	14	14	18	2	14	5	20	8	6	6	15	2	16	4	12	11	9	18	8	18	13	2	20	4	18	9	14	1	12	8	5	10	5	8	15	20	17	13	18	13	18	13	10	5	9	9	11	13	14	6	20	19	2	13	13	15	4	15	11	6	11	4	15	18	4	14	14	7	5	3	9	3	7	5	14	1	14	16	12	20	12	12	9	5	5	17	11	11	7	1	17	1	2	9	6	12	20	10	6	15	6	5	6	1	12	2	15	15	8	20	13	20	7	10	16	7	17	10	10	17	11	13	9	1	7	12	18	2	6	11	19	16	12	12	15	9	11	9	20	17	3	17	16	4	3	7	4	17	10	9	14	20	3	11	13	20	15	2	1	8	19	5	20	15	1	20	3	20	17	13	9	17	5	15	6	6	5	9	2	4	7	8	7	15	17	2	8	13	13	5	16	6	3	5	1	20	4	20	1	6	6	3	15	7	6	11	17	2	8	8	19	10	9	8	16	15	18	3	12	2	9	11	11	20	6	1	7	7	3	5	14	10	12	17	19	12	7	10	4	5	19	20	18	14	8	13	10	4	20	9	16	8	14	2	3	7	7	1	14	15	3	19	8	3	15	16	12	2	4	13	4	20	8	13	17	6	20	15	4	13	11	16	10	15	9	19	4	19	12	11	14	20	4	5	11	19	18	5	20	18	14	4	10	18	14	17	8	19	17	9	3	3	16	11	17	17	3	12	5	17	11	3	10	13	13	7	9	3	8	9	2	11	4	4	2	5	10	19	2	7	2	8	12	17	10	4	11	12	14	8	2	10	20	1	5	19	5	16	13	1	6	10	3	8	11	11	20	9	2	6	6	18	7	6	8	19	8	9	13	17	14	4	13	18	13	12	5	7	15	18	18	9	12	12	14	14	12	12	10	7	15	9	7	6	7	11	15	15	9	12	9	3	12	15	2	8	14	3	13	8	1	5	10	7	4	16	3	2	4	11	11	8	1	7	3	15	10	5	10	4	4	4	9	1	1	4	5	9	5	4	8	11	8	3	14	3	1	6	7	9	1	4	5	4	15	12	5	8	11	13	7	3	14	12	3	8	4	16	8	10	1	8	5	10	5	3	15	12	2	15	12	11	16	8	10	4	12	7	2	11	2	9	16	10	13	2	10	11	9	16	5	14	12	3	1	14	4	11	12	16	13	12	14	7	2	9	14	16	1	7	9	5	7	4	13	5	2	1	9	13	8	5	8	16	10	6	10	13	10	9	4	1	10	4	2	4	2	16	3	3	8	9	3	4	6	6	7	10	15	9	10	9	6	5	3	6	11	6	1	6	7	5	5	11	5	2	11	6	5	14	3	15	3	15	5	1	6	4	11	9	3	7	16	10	8	3	14	3	8	7	9	5	13	11	8	9	4	2	11	8	7	14	4	8	10	2	4	7	5	9	5	16	3	12	3	6	9	5	10	5	10	13	7	16	15	10	10	13	7	7	4	8	12	7	7	4	5	14	3	15	1	10	6	15	14	6	6	1	3	10	16	10	9	16	2	6	12	2	15	1	12	1	5	16	10	15	10	8	4	3	6	9	16	1	6	12	4	14	1	1	16	14	14	9	6	7	10	1	6	15	2	15	7	13	11	1	8	14	10	2	11	1	3	10	9	11	10	11	13	1	6	11	14	6	3	6	14	3	15	2	13	5	15	15	14	2	8	2	10	8	14	15	12	7	9	15	1	12	6	12	4	7	11	14	3	1	9	11	1	6	8	11	14	16	15	1	6	14	1	4	3	3	6	9	2	10	7	6	4	4	14	5	12	11	13	3	1	13	2	3	5	16	15	10	12	12	11	15	15	2	1	16	4	8	12	9	13	2	3	6	8	9	15	14	9	7	10	16	4	15	10	3	11	2	11	4	16	1	7	15	16	15	8	11	12	6	13	12	11	2	13	3	1	5	14	14	2	6	4	4	1	4	1	6	16	3	8	1	5	14	4	9	8	12	5	5	9	3	10	3	4	14	10	7	11	3	7	9	8	10	4	13	3	14	6	15	15	16	11	11	1	7	1	3	7	5	6	10	16	2	1	10	6	7	13	7	9	16	4	11	6	7	7	5	8	6	11	10	9	2	14	2	9	5	2	2	6	3	5	16	12	2	7	13	16	6	2	4	12	12	11	12	9	16	10	10	9	4	13	13	9	10	7	9	14	11	4	11	16	11	12	2	14	10	11	16	12	11	4	9	13	5	1	2	9	4	14	10	6	12	10	2	15	12	13	9	10	8	6	4	10	1	13	4	16	6	12	3	15	8	6	10	15	3	10	2	16	10	4	11	6	11	7	13	10	16	6	14	2	12	10	5	2	1	6	14	15	1	3	11	2	11	12	16	11	8	9	4	5	14	16	13	5	8	16	12	8	13	3	10	14	9	7	4	9	1	12	14	13	4	9	3	14	10	10	16	2	2	8	8	13	12	10	8	3	16	1	2	10	9	4	6	11	16	13	2	6	9	6	14	4	11	8	13	6	1	5	2	5	10	7	8	15	13	8	9	15	2	8	15	7	15	15	8	2	14	1	1	2	5	10	13	14	1	8	2	12	5	12	16	3	14	11	2	5	6	7	8	4	12	12	11	16	7	4	16	1	1	3	14	12	14	9	10	16	6	3	5	3	2	5	6	12	5	3	2	9	4	15	4	7	13	14	13	7	6	16	2	12	12	15	13	3	2	8	12	16	13	13	7	3	12	11	4	14	7	4	10	10	15	2	5	12	1	3	6	9	15	3	12	2	12	1	13	13	6	9	13	2	8	4	15	5	8	13	16	12	15	2	14	14	4	14	3	8	3	11	3	9	11	6	2	5	9	10	4	6	13	6	8	8	15	11	14	6	3	14	3	1	16	12	2	5	3	1	6	12	2	5	10	14	16	13	13	10	14	11	10	1	7	11	3	1	7	8	10	15	7	5	6	12	9	15	11	13	4	2	14	16	16	9	11	7	2	11	5	5	2	6	8	13	14	1	5	15	5	6	14	9	10	4	7	14	13	10	16	6	7	15	16	7	14	6	6	12	14	1	14	3	6	2	1	12	5	15	14	4	7	3	15	8	9	11	15	3	7	7	8	13	12	9	16	14	8	5	3	4	10	12	6	15	10	8	3	6	4	2	7	4	8	2	15	12	14	13	15	11	8	14	3	13	12	10	6	5	6	1	2	3	7	5	16	12	1	6	9	7	3	4	15	15	15	1	9	4	9	1	1	3	12	15	9	16	7	13	16	1	2	9	16	6	10	13	9	3	1	7	3	4	5	15	9	7	13	10	15	8	10	16	14	13	2	11	2	13	2	5	16	13	9	10	12	12	1	15	16	11	10	6	16	3	11	3	10	7	9	13	1	2	8	1	11	5	9	2	12	2	9	14	16	12	15	7	13	13	14	15	2	13	9	1	9	4	5	5	13	11	14	14	4	12	16	12	11	9	5	15	2	10	4	6	13	4	4	8	12	12	13	5	12	8	12	8	5	12	16	5	7	13	5	1	9	7	3	16	8	2	12	10	13	13	12	13	10	11	11	6	6	16	13	16	9	13	4	5	16	2	8	2	2	2	16	11	8	16	12	14	10	6	10	12	1	13	5	1	14	2	13	6	1	11	11	7	6	9	16	10	5	14	1	2	15	14	7	14	15	4	8	6	1	15	12	11	16	7	6	6	5	14	14	9	9	8	3	13	13	10	9	12	1	9	12	10	2	12	12	16	7	7	8	2	16	11	3	2	3	2	9	12	4	8	6	3	12	8	1	1	15	12	6	11	13	11	8	12	13	9	8	6	7	4	14	10	3	3	3	14	8	2	10	1	3	7	8	15	6	1	13	11	13	10	16	15	16	9	4	11	2	4	3	12	4	16	4	10	15	10	12	2	13	8	1	6	6	15	11	16	9	4	2	13	14	9	5	12	11	3	9	10	7	2	10	14	7	14	10	2	2	6	15	4	15	16	3	12	6	5	2	8	5	13	5	8	10	3	15	5	2	16	14	11	1	8	16	12	16	10	16	6	8	11	13	10	7	5	15	7	13	10	2	8	5	7	1	1	2	12	1	15	3	2	11	5	5	7	9	8	12	10	13	9	15	9	6	6	13	2	8	12	16	12	4	7	10	2	12	4	6	10	4	13	10	5	12	8	4	5	7	14	3	7	11	3	10	13	8	3	9	7	2	8	6	4	15	10	11	3	13	1	11	15	2	12	6	7	10	1	13	16	11	5	9	15	8	12	7	7	2	14	14	3	1	5	8	16	12	6	13	1	16	9	8	12	7	9	9	7	15	2	14	14	5	10	10	16	10	14	11	7	4	14	9	4	3	8	12	11	15	14	10	1	3	10	1	6	12	16	8	11	15	5	7	13	1	11	5	2	4	4	14	14	16	4	12	5	10	11	13	15	6	2	13	11	1	15	2	11	9	4	3	10	5	10	4	16	6	14	1	8	13	10	11	1	1	9	13	9	5	9	6	16	2	4	5	3	1	3	10	8	3	9	1	16	14	13	2	9	8	16	1	11	7	10	9	3	2	11	12	15	12	9	2	16	2	1	11	7	15	14	1	2	14	13	15	12	8	8	2	13	11	3	10	12	10	16	10	13	3	2	15	15	5	3	4	12	16	6	10	14	5	16	8	9	11	7	4	11	9	11	4	3	16	3	5	16	5	13	16	3	1	3	1	1	9	6	4	7	6	8	8	15	7	7	7	3	11	1	14	13	15	3	2	14	12	1	6	6	10	16	3	12	6	11	5	13	10	6	5	16	10	14	1	5	7	5	6	2	9	7	14	3	15	15	11	5	3	12	10	8	16	7	3	13	3	16	3	12	1	3	7	10	3	16	7	7	13	5	3	7	16	13	13	3	2	13	7	1	15	2	1	16	15	14	10	6	13	2	12	8	7	15	10	11	13	1	14	5	1	15	14	6	1	7	10	2	12	7	5	9	10	12	13	2	11	12	5	16	5	7	13	5	15	4	14	1	4	14	16	8	10	7	5	2	8	11	5	9	5	8	10	8	15	1	7	13	6	2	13	9	12	11	16	5	1	5	6	9	10	11	6	10	11	5	9	8	4	10	3	1	15	8	14	4	4	2	3	10	6	2	16	6	1	8	2	11	4	5	2	4	16	8	14	9	15	15	14	3	2	12	1	16	6	1	7	4	2	15	10	1	16	5	15	3	13	2	13	13	2	15	13	4	8	5	10	15	5	8	14	3	2	1	7	2	11	7	8	16	15	1	10	8	10	15	15	3	5	16	6	4	11	1	7	12	7	1	8	6	14	12	15	8	4	15	13	6	13	2	12	12	2	8	9	12	6	10	11	9	5	12	7	2	7	1	1	9	8	13	4	15	5	8	14	2	3	9	14	12	9	10	1	16	3	2	6	2	2	12	3	2	13	8	2	10	11	3	13	12	13	11	16	14	3	15	4	12	15	5	5	11	12	4	4	8	9	11	15	13	3	8	10	11	7	10	16	1	10	9	8	11	14	10	4	8	9	16	6	15	13	15	11	16	5	5	16	16	1	6	9	6	14	11	6	14	6	16	15	9	14	7	13	1	16	14	1	8	12	13	8	15	14	12	4	15	6	5	12	15	13	14	5	4	3	6	12	8	2	7	8	10	9	12	1	9	1	5	1	3	3	1	6	14	1	4	10	12	5	14	1	6	14	4	2	9	11	3	14	12	3	5	9	4	2	1	12	16	1	3	5	5	10	1	11	8	5	2	2	2	16	7	6	10	15	3	11	10	15	9	12	2	5	13	8	9	5	7	13	15	9	3	13	1	14	16	4	16	6	12	8	13	9	4	6	12	5	8	9	3	4	15	1	14	14	13	10	7	16	6	2	2	7	12	10	13	15	9	16	1	15	5	5	13	15	14	11	10	15	2	6	9	6	13	9	13	8	10	16	12	15	9	8	6	1	10	11	9	16	8	3	14	11	10	7	6	12	10	9	15	8	9	11	11	16	6	7	16	11	11	5	6	5	1	14	3	14	12	4	11	13	5	10	12	5	9	5	12	11	14	3	8	12	13	10	9	9	9	13	1	7	16	14	13	9	1	7	2	4	10	9	11	4	5	14	13	2	11	16	9	3	16	7	8	12	3	13	7	11	14	16	1	3	10	2	4	5	12	5	7	10	8	16	5	5	9	9	12	10	7	5	13	13	3	2	3	4	16	14	8	9	4	10	16	12	10	7	16	1	9	13	15	9	13	9	13	11	10	2	2	10	13	10	10	12	15	3	14	8	13	10	6	11	3	1	3	3	1	7	10	14	7	11	7	5	1	3	14	14	3	16	7	10	12	4	7	8	6	16	1	2	11	14	4	16	9	6	14	6	14	15	3	14	3	7	16	15	1	9	3	8	11	9	8	14	4	4	11	15	9	13	14	11	5	13	8	13	6	5	9	14	9	4	16	1	10	8	11	11	7	13	3	9	1	4	10	7	7	1	16	12	6	12	8	15	16	5	12	14	7	3	1	3	5	11	5	4	13	12	13	14	1	1	10	6	13	3	1	2	7	13	6	2	15	9	3	7	7	12	14	8	6	14	13	4	14	7	4	9	11	4	6	10	6	11	15	2	8	13	12	4	5	6	11	15	11	10	8	5	5	12	9	15	5	5	10	4	15	4	2	2	3	13	10	16	1	11	9	14	11	3	4	9	4	1	9	8	12	14	1	16	12	6	11	10	5	4	5	6	5	10	14	4	3	16	12	8	4	8	3	10	6	5	12	2	10	2	15	1	5	8	8	10	13	10	9	4	1	9	11	12	9	5	5	1	12	8	8	15	6	6	2	2	8	2	10	7	11	12	6	13	1	14	15	11	7	14	1	1	16	3	12	5	11	8	2	13	16	2	3	5	8	12	13	4	10	12	10	3	12	9	7	9	10	6	2	7	10	14	11	16	10	2	8	10	13	3	16	12	13	13	8	11	3	10	2	6	2	6	16	7	8	11	16	5	1	6	15	4	9	16	4	11	2	9	8	13	1	11	2	8	1	4	5	15	11	2	14	2	10	16	1	9	2	13	2	16	3	3	12	12	8	7	10	11	3	9	1	1	14	10	4	8	7	14	1	7	8	9	3	8	3	8	2	8	6	5	7	5	16	6	3	15	15	8	7	6	7	5	7	14	14	16	11	5	15	7	13	9	7	12	7	15	11	1	11	11	16	1	9	5	3	15	16	13	16	10	15	8	14	8	4	10	6	11	11	1	1	3	2	2	12	1	9	13	7	7	7	1	13	2	12	2	12	1	14	5	10	13	9	11	12	15	4	4	10	10	4	14	13	9	16	9	3	9	9	16	16	15	5	13	2	15	14	13	1	7	10	12	4	12	2	12	11	1	7	14	10	14	11	16	9	1	8	5	16	6	6	5	1	3	2	16	16	15	3	2	2	11	16	10	2	5	1	11	7	6	15	14	10	9	8	6	7	10	3	8	10	5	14	1	3	9	9	7	2	11	11	11	3	7	13	13	14	1	2	15	7	12	16	4	6	16	11	10	9	9	2	11	3	11	8	9	10	7	15	10	14	7	9	14	10	3	11	8	12	15	5	7	15	11	5	5	11	15	9	14	6	5	5	8	6	13	8	6	11	2	3	16	3	8	15	15	10	9	2	8	8	5	8	10	5	5	13	14	6	7	14	15	7	8	1	7	3	14	4	4	9	7	8	3	7	3	8	13	8	1	9	13	7	12	5	14	10	16	12	13	12	12	5	3	5	4	13	4	16	9	3	9	1	10	2	9	16	13	9	10	12	15	2	2	13	15	11	8	5	5	2	12	8	16	11	16	9	5	7	13	16	3	7	4	16	11	3	1	3	1	11	14	8	1	9	11	10	5	2	16	1	13	12	16	15	11	7	6	2	13	5	3	12	12	16	14	13	3	14	12	3	8	11	9	15	13	12	9	14	3	9	3	12	9	13	11	16	6	12	4	2	6	11	13	7	5	8	13	12	16	11	3	7	5	16	9	5	2	11	5	11	10	10	15	16	8	13	3	3	3	11	6	7	5	6	12	15	10	4	4	1	6	12	11	9	15	4	5	10	11	6	2	13	5	6	4	16	5	1	7	8	14	9	5	13	9	13	3	8	4	11	6	8	11	14	7	3	15	2	11	13	14	12	7	9	3	7	5	3	16	16	9	3	10	10	8	15	9	11	6	16	7	16	2	16	4	11	7	13	9	3	15	1	9	15	5	11	12	11	2	3	14	14	12	6	15	11	10	3	8	11	4	3	3	9	7	11	6	14	16	14	2	2	5	5	14	7	5	4	5	1	4	13	16	8	1	2	14	5	5	7	1	10	8	5	2	6	12	2	2	14	13	8	4	8	5	4	7	1	12	5	15	15	3	4	4	5	3	1	2	6	11	6	5	16	14	13	10	16	5	10	16	12	3	13	6	14	4	11	2	11	12	6	2	9	13	7	12	4	3	1	6	3	9	15	16	7	11	16	12	6	16	13	6	2	9	6	7	6	3	16	12	15	8	12	9	5	3	6	16	8	9	2	5	11	10	12	9	13	14	1	5	11	14	4	12	1	11	8	5	5	15	3	12	11	3	2	9	3	6	4	8	13	5	15	14	9	6	7	10	2	11	5	2	5	4	12	1	5	11	1	2	2	4	3	8	7	11	11	1	9	15	2	16	16	5	8	2	11	4	5	9	3	4	11	2	13	6	14	13	5	11	6	6	15	6	3	10	5	9	14	15	12	6	13	6	10	12	11	6	6	5	10	1	5	8	6	9	9	11	3	15	3	1	9	13	8	12	15	2	3	16	6	13	6	1	1	12	3	12	6	7	9	7	16	5	2	2	4	3	16	14	15	1	11	5	7	11	14	14	4	12	1	13	13	5	9	16	13	10	11	11	15	12	5	12	9	13	3	6	16	1	14	12	4	12	3	11	10	5	8	8	8	5	10	4	4	13	12	12	1	15	10	6	12	13	2	2	8	2	7	4	9	13	10	14	5	8	16	16	16	7	5	16	4	16	2	6	2	11	11	15	6	1	14	12	9	13	15	11	3	6	5	2	5	2	11	3	14	4	11	2	7	6	12	14	3	2	9	9	16	5	9	16	13	9	16	10	14	5	13	6	5	7	8	4	14	6	6	2	8	9	4	6	1	4	14	12	14	2	14	14	1	1	4	12	2	11	2	15	9	15	12	13	12	8	4	16	14	8	15	5	16	10	3	12	14	1	6	12	6	6	15	13	7	2	9	3	9	4	1	4	10	6	16	12	13	5	15	10	2	12	3	8	12	9	5	4	4	9	10	5	16	1	2	3	15	15	10	8	10	2	14	7	14	12	9	7	14	2	13	15	7	5	12	5	16	12	5	7	12	3	5	5	6	5	10	1	15	10	3	2	12	11	5	8	15	8	2	4	7	6	8	1	10	7	2	10	12	16	3	15	12	10	11	14	15	2	8	5	3	11	2	3	14	16	3	6	15	13	4	3	7	14	1	3	1	16	16	3	7	16	5	11	10	11	10	2	6	9	1	12	3	16	16	5	9	15	12	1	1	9	16	11	16	16	1	5	11	12	3	12	12	1	11	12	7	7	7	8	16	15	6	5	10	1	4	10	14	6	9	14	12	15	14	7	12	8	6	13	12	14	4	8	11	1	5	10	4	4	12	10	3	10	13	12	2	8	15	14	12	11	
860	140	770	790	610	680	270	700	910	330	380	940	890	480	210	660	540	260	390	880	400	160	290	860	100	180	240	840	550	880	180	980	140	490	700	540	300	440	610	530	680	920	950	520	540	530	420	290	520	580	300	590	600	380	590	400	520	110	930	690	740	840	230	290	390	280	300	820	200	220	380	320	170	110	270	420	950	200	300	350	860	920	150	150	140	890	560	990	460	760	140	130	980	1000	240	930	220	540	850	820	510	130	250	380	330	680	920	870	730	150	930	350	610	620	470	170	810	330	110	480	100	370	620	760	530	150	450	460	700	860	930	310	550	210	140	430	960	550	110	100	830	580	440	590	720	920	130	230	880	440	100	570	660	800	120	820	150	200	890	910	990	430	730	310	310	560	1000	780	400	860	610	160	580	500	770	440	250	860	800	460	240	320	740	400	490	320	560	280	730	340	840	430	490	170	360	880	940	340	190	470	460	730	850	250	970	260	140	880	280	680	120	910	960	220	230	180	720	760	310	260	620	720	410	150	930	260	840	500	670	570	640	640	550	230	710	360	230	610	540	130	110	390	750	800	450	150	570	950	430	550	230	810	870	530	540	100	720	850	540	940	570	490	640	410	640	540	540	770	340	960	280	210	580	240	170	170	510	360	900	940	670	690	580	320	640	770	510	500	920	140	400	520	630	200	220	840	810	740	300	530	470	430	280	280	160	230	290	240	400	770	410	200	620	280	500	660	990	700	430	490	610	130	330	900	470	330	830	640	730	680	200	140	700	540	610	720	530	930	570	290	930	410	440	600	370	470	600	480	840	520	830	780	650	130	510	990	880	170	870	290	490	470	200	700	780	520	710	800	940	260	630	400	630	620	370	620	320	370	540	140	690	120	630	920	740	500	650	440	500	950	530	420	810	850	330	980	510	400	290	720	520	750	730	640	780	910	320	920	730	800	590	550	450	200	440	400	720	790	740	100	940	260	590	430	280	860	300	850	110	150	110	920	880	320	600	830	690	470	380	940	860	740	310	290	840	890	210	830	460	870	280	430	190	480	630	930	200	1000	600	860	270	330	750	110	840	470	680	740	930	860	230	790	750	550	610	440	680	260	470	410	980	810	180	720	160	810	820	280	330	280	550	350	420	150	1000	980	800	950	140	110	670	460	640	160	240	950	440	410	690	520	500	400	190	390	860	830	520	990	890	260	660	110	140	630	350	320	560	560	120	550	690	490	550	750	460	340	120	250	1000	690	940	270	940	770	490	240	370	600	550	670	570	680	260	420	470	110	490	340	140	600	840	370	120	840	160	700	480	790	870	660	980	910	420	660	910	420	940	520	940	940	330	250	340	450	950	370	960	600	610	290	170	470	270	230	150	900	300	220	700	600	130	190	380	340	890	250	890	670	510	630	360	930	340	970	110	350	920	1000	980	840	750	780	950	940	120	550	100	560	420	780	850	460	910	230	990	240	700	930	1000	180	740	840	570	260	140	830	300	590	250	420	410	160	180	860	210	870	850	110	220	210	800	800	290	130	480	140	360	210	300	790	950	170	220	550	950	1000	920	380	370	240	680	970	860	860	110	530	390	930	250	350	450	950	570	270	860	600	930	160	720	970	250	920	400	620	210	220	470	810	290	240	770	580	790	750	720	420	680	890	370	180	160	290	700	290	290	230	890	640	400	400	540	460	750	800	110	220	590	200	400	390	580	870	180	380	950	650	180	130	260	780	800	710	880	910	550	290	270	900	510	410	330	620	120	630	430	940	160	320	990	400	200	330	880	510	370	520	190	220	240	540	820	410	130	720	230	430	860	740	370	200	940	370	320	530	450	440	880	580	300	510	490	620	150	400	340	270	660	290	640	160	640	960	780	540	350	580	280	650	590	540	470	980	780	280	290	940	680	280	730	600	680	540	430	430	560	520	370	990	840	300	790	500	900	450	120	320	350	490	890	210	830	950	460	100	280	860	730	790	760	320	610	670	940	460	970	620	890	780	490	990	910	970	550	290	210	460	470	200	290	220	370	540	440	220	180	380	760	220	170	500	720	860	460	280	980	920	140	420	640	320	650	760	770	990	160	830	800	730	470	690	130	530	740	510	1000	680	940	820	890	260	210	760	250	130	750	410	330	560	920	750	510	990	880	970	900	770	140	710	620	110	830	260	280	810	310	750	640	860	840	220	900	880	360	830	640	590	540	110	110	710	580	870	110	210	570	640	770	360	760	510	550	730	660	670	340	990	220	110	410	570	760	200	250	690	180	810	110	190	670	690	400	1000	310	780	910	660	240	940	700	620	190	660	580	530	100	830	130	730	330	640	710	240	630	600	640	930	630	560	850	150	770	100	450	960	210	420	710	260	720	490	650	550	480	680	720	580	260	690	820	940	990	460	950	900	400	300	580	910	1000	620	440	400	420	310	400	980	300	340	400	530	430	320	370	420	540	400	550	890	830	130	350	360	240	440	430	350	870	740	150	890	260	440	520	140	570	190	400	780	230	410	310	890	910	780	980	850	1000	320	150	520	460	790	890	150	170	660	490	700	200	170	910	440	250	200	250	420	820	100	460	400	230	550	470	520	190	180	720	120	830	720	600	480	270	560	350	620	200	930	190	720	780	950	580	400	350	420	510	370	870	380	140	590	820	970	200	670	220	380	250	440	780	830	250	810	670	290	340	570	1000	470	750	250	280	550	160	110	370	510	800	460	130	150	160	140	420	690	670	880	330	970	710	430	680	940	970	210	810	660	240	480	760	490	170	690	640	180	370	460	290	670	320	700	120	730	1000	740	490	830	660	100	540	800	390	700	650	860	210	160	650	410	120	890	710	310	260	370	980	310	710	190	790	860	630	720	650	690	490	240	300	420	720	510	250	120	120	130	750	810	430	110	960	650	400	390	980	180	500	390	950	510	100	480	190	160	140	910	430	170	730	550	300	960	520	810	250	110	250	860	760	340	320	540	330	810	480	420	860	840	840	440	800	260	910	810	130	340	750	300	530	560	330	140	830	430	810	360	260	320	640	600	260	660	260	820	510	760	960	450	890	720	260	480	570	780	870	740	560	100	150	920	410	880	730	900	960	260	710	620	860	670	420	960	1000	700	980	620	920	190	800	170	430	940	540	840	810	200	890	640	280	740	610	370	430	890	490	690	430	460	350	910	380	680	230	230	270	590	550	490	400	570	890	420	960	920	990	360	860	270	660	140	860	910	230	100	490	430	360	550	660	500	860	590	780	970	200	510	430	760	850	640	740	230	690	330	250	590	820	220	590	980	510	770	140	350	980	250	690	570	510	550	790	930	270	380	250	190	760	820	210	160	480	410	920	810	810	160	350	690	540	950	830	290	130	680	710	590	560	530	640	720	600	480	760	490	920	300	220	730	560	160	400	800	310	480	690	500	470	440	370	240	180	160	650	130	660	660	190	120	520	460	180	790	220	640	120	410	970	460	990	350	700	860	390	180	790	870	470	450	990	660	740	270	940	890	870	210	240	160	790	860	520	720	400	710	830	960	180	420	390	290	970	390	900	450	200	600	600	360	900	610	390	910	850	150	360	330	180	510	180	590	360	750	480	530	950	300	120	930	900	890	840	230	860	420	840	720	990	790	980	190	940	140	320	890	370	410	340	830	570	100	210	440	810	340	700	310	520	480	320	810	610	220	320	960	530	730	780	140	170	920	150	740	840	630	730	310	900	640	880	940	650	330	320	850	710	590	920	700	110	140	610	340	710	510	550	650	900	600	750	140	730	290	440	800	350	900	400	780	800	940	930	150	720	180	280	930	510	580	470	740	320	240	160	940	510	140	340	330	370	220	550	740	640	940	680	450	180	430	710	870	710	730	150	180	980	420	710	210	520	690	600	430	430	910	620	410	480	440	440	340	770	180	450	530	190	680	500	220	660	120	140	400	210	390	420	190	410	960	210	900	680	970	600	110	730	410	200	150	530	810	970	790	800	740	160	340	690	510	590	520	960	740	500	640	800	150	580	730	890	850	690	130	430	710	940	350	320	720	500	800	780	430	330	750	260	990	530	980	280	690	900	670	230	530	810	360	320	370	400	430	120	850	860	160	780	980	250	290	500	920	910	310	110	130	210	520	710	630	660	170	650	160	870	940	620	620	420	320	810	160	440	200	320	630	830	430	630	420	230	240	790	610	700	980	920	330	990	280	660	470	440	160	990	660	160	130	260	650	780	110	950	910	330	450	180	910	270	280	450	670	370	680	590	200	840	110	680	830	170	930	570	560	970	120	740	940	110	630	990	910	360	380	240	210	710	980	300	250	420	350	260	190	100	890	820	250	900	480	320	990	390	110	570	920	340	520	890	680	900	370	550	870	880	700	440	630	800	910	690	230	980	420	380	150	620	580	190	740	400	880	720	100	540	360	240	360	410	240	160	790	320	360	140	620	410	900	990	210	110	520	970	160	520	810	800	580	250	500	1000	250	860	770	210	590	850	950	420	850	290	520	260	670	500	620	810	150	320	820	630	700	370	210	1000	780	980	560	320	320	260	800	910	370	140	1000	290	380	570	420	730	860	290	160	880	550	970	780	590	150	200	290	270	130	610	130	380	740	550	430	930	820	130	350	570	510	160	680	730	260	750	970	320	730	840	600	770	960	200	610	640	330	550	870	120	870	670	420	190	960	160	630	610	470	350	110	650	220	370	670	290	480	820	510	660	460	210	880	370	800	960	970	160	980	860	500	400	100	480	820	680	530	350	850	870	480	740	970	1000	130	780	410	430	490	670	590	780	420	330	800	270	410	170	340	560	1000	530	740	100	710	600	660	610	110	930	160	790	300	600	360	300	400	330	420	320	150	150	530	760	700	760	420	430	1000	210	730	530	200	980	560	550	350	650	510	550	390	320	120	640	680	610	450	220	880	870	990	520	310	930	830	530	870	330	330	950	260	600	120	850	750	110	130	100	870	680	680	920	970	810	120	930	570	710	610	790	380	840	980	880	260	140	790	240	730	1000	120	640	200	410	670	170	330	770	220	960	470	520	890	850	520	680	770	120	710	960	220	1000	200	560	800	510	650	180	990	660	300	130	540	980	150	160	200	560	680	730	310	560	710	970	540	150	590	280	180	660	180	530	320	500	420	1000	930	410	310	870	250	740	110	960	670	560	300	1000	850	770	120	350	370	720	830	870	530	360	100	930	100	220	990	350	340	890	580	830	970	910	430	630	910	570	130	270	790	460	740	120	930	840	590	930	400	870	300	680	660	610	800	750	410	510	830	430	940	280	320	980	970	480	570	550	820	510	730	850	740	520	280	540	750	720	630	610	430	620	270	270	930	360	810	840	1000	710	430	1000	250	490	130	350	970	940	110	470	760	400	240	950	240	510	770	360	780	360	290	770	320	350	700	340	460	960	980	710	280	280	380	710	860	440	320	910	670	380	390	720	800	990	910	110	770	810	420	570	1000	350	640	730	930	650	480	940	950	330	350	690	650	250	260	330	430	390	710	630	870	440	850	520	690	170	170	1000	260	790	700	280	560	430	360	590	740	600	890	1000	620	880	190	610	470	630	330	650	540	300	910	870	260	560	680	940	730	360	960	300	440	250	750	900	410	300	460	880	140	880	320	990	100	150	250	250	420	950	440	210	860	500	760	280	100	690	340	880	940	780	100	620	970	130	970	270	590	140	830	490	800	620	890	440	680	110	760	990	170	290	130	330	300	740	250	870	750	100	420	110	910	160	880	230	890	490	170	760	920	570	210	940	290	340	470	730	720	560	330	260	220	400	420	260	800	870	590	320	100	130	450	320	860	840	760	700	890	690	380	570	900	970	610	980	810	240	370	340	990	210	320	620	920	650	550	660	160	510	730	640	780	540	840	910	120	560	290	230	440	300	370	260	310	980	680	210	250	440	610	130	490	300	130	510	870	160	400	950	750	840	480	250	790	450	190	790	650	590	610	910	360	610	240	320	880	420	840	260	740	630	570	230	250	720	490	230	790	850	730	730	1000	860	420	140	350	310	710	610	910	280	610	270	480	980	390	290	880	460	960	150	490	960	820	520	640	900	980	590	240	540	410	960	160	590	190	680	480	320	550	520	820	220	540	120	980	410	890	650	400	980	190	490	250	830	570	390	170	800	960	690	880	200	370	870	670	750	420	940	560	720	550	290	430	480	580	400	480	210	270	730	740	800	780	970	730	190	500	270	190	840	750	490	410	300	990	770	680	370	470	780	270	320	370	660	910	490	570	320	850	830	460	100	990	780	890	290	930	830	420	670	660	940	590	650	560	420	910	610	730	470	900	690	730	280	570	820	820	390	460	670	100	700	420	440	500	930	300	140	120	950	870	470	160	190	740	810	740	760	100	100	1000	550	480	600	650	380	700	580	540	530	160	550	180	170	940	220	370	980	710	610	340	730	110	410	900	120	620	510	650	540	400	280	350	760	600	830	360	310	160	590	170	330	540	150	800	120	320	610	990	770	230	190	310	410	860	400	740	600	440	670	430	430	160	160	420	190	730	390	430	360	220	590	200	820	650	980	180	700	550	1000	290	700	800	430	930	300	690	910	560	730	680	740	890	590	860	310	400	940	280	680	580	820	930	600	120	290	350	1000	930	510	990	810	630	720	980	440	190	760	120	950	880	520	750	350	470	690	680	790	300	560	680	820	300	460	240	390	530	150	530	250	520	910	870	960	760	350	870	610	730	250	280	370	480	220	120	570	110	650	160	160	220	350	710	880	440	360	180	650	990	990	260	300	870	820	140	660	120	630	280	680	870	610	320	280	410	300	140	970	970	230	560	510	630	730	750	890	710	610	390	380	460	220	300	420	300	490	230	930	430	410	170	510	650	520	240	550	960	110	680	860	420	750	550	420	550	670	190	630	750	140	1000	870	480	670	700	160	220	320	270	760	630	430	490	880	820	460	600	870	500	700	240	350	830	720	780	550	190	760	200	840	360	620	490	600	140	980	100	660	170	410	800	130	240	540	540	390	950	450	700	680	490	680	420	990	690	340	770	910	670	260	480	140	290	120	240	380	430	490	950	710	290	620	270	520	820	130	160	380	920	480	990	740	190	960	650	620	260	230	650	850	590	580	610	330	900	660	600	570	150	250	360	810	790	960	490	850	500	430	220	780	890	660	710	800	500	240	920	450	400	370	770	620	860	430	910	470	370	860	780	620	520	420	450	580	330	510	670	540	510	360	160	840	120	150	670	330	890	720	880	880	150	1000	1000	820	790	860	420	910	100	880	140	170	770	450	700	760	200	860	410	440	830	210	430	820	780	580	210	600	330	810	780	130	960	170	240	150	510	970	110	180	720	300	950	890	390	190	350	330	140	510	220	750	810	860	560	210	810	710	300	1000	970	250	380	760	970	820	820	550	210	270	210	950	130	520	390	220	630	210	970	120	280	560	640	410	580	890	810	730	230	760	730	200	560	960	770	810	360	670	540	760	900	170	590	550	880	950	670	930	820	550	790	320	750	550	900	210	370	690	280	860	650	310	530	250	630	100	240	820	1000	880	750	730	640	900	750	340	680	970	700	690	590	150	470	310	520	140	720	380	160	490	510	870	740	950	960	670	890	400	850	310	350	120	510	850	100	630	250	860	600	790	870	870	900	160	740	120	510	620	960	960	330	570	200	520	900	300	110	740	450	710	870	900	860	180	410	480	450	700	160	300	410	730	1000	210	790	720	970	900	910	900	490	260	700	760	100	130	580	160	470	700	500	620	860	430	140	620	640	840	110	380	380	350	230	160	490	670	590	180	370	240	770	700	810	380	170	880	200	180	920	460	420	160	830	580	530	270	840	490	140	840	450	230	530	710	840	480	580	840	320	970	590	360	520	440	200	660	550	400	160	500	780	390	750	660	330	170	840	460	170	760	910	280	160	370	190	250	340	750	330	620	790	970	320	270	300	370	420	560	1000	810	220	310	970	120	910	560	990	580	470	120	620	780	750	540	650	570	270	600	220	160	260	890	140	380	640	360	720	160	760	910	200	350	680	290	740	390	400	710	610	490	510	400	610	490	660	890	770	500	730	790	830	390	110	460	660	750	250	700	230	390	680	240	290	570	680	330	880	710	230	710	190	690	850	190	450	920	210	650	640	390	530	850	370	480	290	960	340	980	990	190	470	670	420	470	860	520	620	990	920	230	630	630	220	930	150	180	140	880	490	950	220	450	480	300	930	440	920	190	890	590	580	400	520	850	330	190	440	320	740	780	400	970	310	430	990	740	930	620	570	130	520	210	580	120	720	100	760	950	720	990	870	970	880	740	820	850	400	940	850	340	780	520	400	130	840	980	440	600	380	780	950	470	710	530	170	500	860	100	960	870	220	910	210	580	360	660	560	420	190	210	530	940	130	580	920	110	230	880	710	210	940	240	730	920	580	820	970	510	600	430	880	540	520	380	200	570	390	610	790	410	260	450	510	190	570	410	170	730	730	970	620	540	180	510	170	760	500	330	260	540	800	880	330	930	830	970	620	360	500	210	120	380	560	990	680	450	110	380	850	540	350	890	410	100	180	560	160	340	180	830	410	940	390	450	760	640	440	410	510	740	340	1000	980	390	400	220	380	270	340	630	360	930	530	620	460	100	720	370	120	600	490	760	580	360	860	590	580	880	500	770	730	690	450	910	720	350	190	1000	670	160	830	330	450	200	630	610	990	470	280	540	870	640	840	980	660	640	180	610	270	980	390	440	500	650	780	710	1000	950	330	630	910	400	260	310	930	280	480	840	460	340	150	250	150	110	550	160	230	910	440	930	370	280	940	790	160	610	970	820	610	550	210	400	510	760	500	810	910	890	230	660	880	750	700	420	620	340	260	920	960	630	860	300	620	910	440	470	150	340	620	810	250	850	600	760	200	110	440	880	460	270	320	740	750	700	360	640	520	830	800	360	470	300	450	180	950	110	740	690	660	870	160	750	560	390	700	390	130	490	510	260	890	880	700	550	380	290	880	800	100	810	1000	830	440	630	160	730	500	880	250	880	940	670	730	500	220	880	760	420	100	710	610	220	210	210	690	700	160	940	640	370	520	860	400	620	760	500	670	810	590	600	990	860	840	410	840	960	950	500	350	270	510	900	500	460	350	850	790	250	120	450	980	150	800	240	100	470	390	510	220	670	500	540	540	970	130	680	300	420	910	360	110	800	720	870	700	330	480	410	400	260	490	550	150	130	290	460	600	200	370	920	100	310	930	710	760	480	210	410	640	550	330	550	260	770	740	730	550	180	220	120	400	990	960	520	850	910	610	900	150	230	410	930	130	530	780	900	310	930	540	650	660	660	840	100	870	780	810	300	990	860	750	860	650	880	870	360	670	710	140	900	610	860	550	220	830	230	890	730	280	280	260	730	870	830	160	880	990	450	270	850	670	160	500	550	320	350	710	610	220	850	300	330	700	430	580	740	610	1000	260	310	920	960	780	550	730	820	540	920	130	590	370	830	790	990	450	400	800	250	410	560	630	250	670	880	470	660	530	110	440	670	440	560	250	710	380	650	840	630	250	400	780	180	950	600	960	500	280	880	740	350	320	420	510	470	960	960	330	790	870	130	810	300	860	460	470	420	200	160	640	210	640	600	530	510	400	420	280	180	430	500	930	310	790	300	420	130	540	860	470	200	460	860	720	370	970	380	970	470	970	170	440	280	920	300	800	210	780	540	430	550	160	270	790	370	490	530	970	690	790	670	110	960	670	560	310	110	940	350	290	110	750	650	640	210	790	610	1000	150	720	890	600	670	910	770	290	430	710	700	880	580	980	360	470	210	210	640	620	270	880	510	100	230	550	720	150	290	680	540	160	730	790	910	910	580	980	150	500	860	810	710	570	660	870	210	790	940	120	390	660	1000	570	980	800	360	380	940	880	730	530	380	670	420	560	250	850	760	300	130	890	860	780	850	710	740	370	140	920	350	890	230	570	250	140	850	140	370	170	390	590	670	660	100	340	230	110	730	190	720	750	340	460	130	560	890	140	580	760	330	130	230	110	470	850	550	420	360	900	550	380	210	130	160	670	850	970	600	640	850	600	640	740	940	960	860	170	180	770	190	770	760	740	330	610	270	470	710	760	880	670	450	320	680	100	110	490	870	110	320	440	620	130	750	570	750	630	520	490	540	370	320	760	330	850	330	180	270	930	810	770	380	610	640	200	960	940	560	
1
