2475
100
2
50
0	500	0	500	500	500	0	500	0	0	0	500	0	0	0	500	0	0	0	0	0	0	0	0	0	0	0	0	0	500	0	0	0	0	0	0	0	0	500	0	500	0	0	0	0	0	0	0	0	0	0	0	0	0	0	0	0	0	0	0	0	0	0	0	0	0	0	0	0	0	0	0	0	0	0	0	0	0	0	0	0	0	0	0	0	0	0	0	0	0	0	0	0	0	0	0	0	0	0	0	
500	0	0	0	0	0	0	0	0	0	0	0	0	0	0	0	0	0	0	0	0	0	0	0	0	0	0	0	0	0	0	0	0	0	0	0	0	0	0	0	0	0	0	0	0	0	0	0	0	0	0	0	0	0	0	0	0	0	0	0	0	0	0	0	0	0	0	0	0	0	0	0	0	0	500	0	500	0	0	0	0	0	0	0	0	0	0	0	0	0	0	0	0	0	0	0	0	0	0	0	
0	0	0	0	0	0	500	0	0	0	0	0	0	0	0	0	0	0	0	0	0	0	0	0	0	0	0	0	0	0	0	0	0	0	0	0	0	0	0	0	0	0	0	0	0	0	0	0	0	0	0	0	0	0	0	0	0	0	0	0	0	0	0	500	0	0	0	0	0	0	0	0	0	0	0	0	0	0	0	0	0	0	0	0	0	0	0	0	0	0	0	0	0	0	0	0	0	0	0	0	
500	0	0	0	0	0	0	0	0	0	0	0	0	0	0	0	0	0	0	0	0	0	0	0	0	0	0	0	0	500	0	0	0	0	0	0	0	0	0	0	0	0	0	0	0	0	0	0	0	0	0	0	0	0	0	0	0	0	0	0	0	0	0	0	0	0	0	0	0	0	0	0	0	0	0	0	0	0	0	0	0	0	0	0	0	0	0	0	0	0	0	0	0	0	0	0	0	0	0	0	
500	0	0	0	0	0	0	0	0	0	0	0	0	0	0	0	0	0	0	0	0	0	0	0	500	0	0	0	0	0	0	0	0	0	0	0	0	500	0	0	0	0	0	0	0	0	0	0	0	0	0	0	0	0	0	0	0	0	0	0	0	0	0	0	0	0	0	0	0	0	0	0	0	0	0	0	0	0	0	0	0	0	0	0	0	0	0	0	0	0	0	0	0	0	0	0	0	0	0	0	
500	0	0	0	0	0	0	0	0	0	0	0	0	0	0	0	0	0	0	0	0	0	0	0	0	0	0	0	0	0	0	0	0	0	0	0	0	0	0	0	0	0	0	0	0	500	0	0	0	0	0	0	0	0	0	0	0	0	0	0	0	0	0	0	0	0	0	0	0	0	0	0	0	0	0	0	0	0	0	0	0	500	0	0	0	0	0	0	0	0	0	0	0	0	0	0	0	0	0	0	
0	0	500	0	0	0	0	0	0	0	0	0	0	0	0	0	0	0	0	0	0	0	0	0	0	0	0	0	0	0	0	0	0	0	0	0	0	0	0	0	0	500	0	0	0	0	0	0	0	0	0	0	0	0	0	0	0	0	0	0	0	0	0	0	0	0	0	0	0	0	0	0	0	0	0	0	0	0	0	0	0	0	0	0	0	0	0	0	0	0	0	0	0	0	0	0	0	0	0	0	
500	0	0	0	0	0	0	0	0	0	0	0	0	0	0	0	0	0	0	0	0	0	0	0	0	0	0	0	0	0	0	0	0	0	0	0	0	0	0	0	0	0	0	0	0	0	0	0	0	0	0	0	0	0	0	0	0	0	0	0	0	0	0	0	0	0	0	0	0	0	0	0	0	0	0	0	0	0	0	0	500	0	0	0	0	0	0	0	0	0	500	0	0	0	0	0	0	0	0	0	
0	0	0	0	0	0	0	0	0	0	0	0	0	0	0	0	0	0	0	0	0	0	0	0	0	0	0	0	0	0	0	0	0	0	0	0	0	0	0	0	0	0	0	0	0	0	0	0	0	0	0	0	0	0	0	0	0	0	0	0	0	0	0	0	0	0	0	0	0	0	0	0	0	500	0	0	0	0	0	0	0	0	0	0	0	0	0	0	0	0	0	0	0	0	0	0	0	0	0	500	
0	0	0	0	0	0	0	0	0	0	0	0	0	0	0	0	0	0	0	0	0	0	0	0	0	0	0	0	0	0	0	0	0	0	0	0	0	0	0	500	0	0	0	0	0	0	0	0	0	0	0	0	0	0	0	0	0	0	0	0	0	0	0	0	0	0	0	0	0	0	0	0	0	0	0	0	0	0	0	0	0	0	0	0	0	0	0	0	0	0	0	500	0	0	0	0	0	0	0	0	
0	0	0	0	0	0	0	0	0	0	0	0	0	0	0	0	0	0	500	0	0	0	0	0	0	0	0	0	0	0	0	0	0	0	0	0	0	0	0	0	0	0	0	0	0	0	0	0	0	0	0	0	0	0	0	0	0	0	0	0	0	0	0	0	0	0	0	0	0	0	0	0	0	0	0	0	0	0	0	0	500	0	0	0	0	0	0	0	0	0	0	0	0	0	0	0	0	0	0	0	
500	0	0	0	0	0	0	0	0	0	0	0	0	0	0	0	0	0	0	0	0	0	0	0	0	0	0	0	0	0	0	0	0	0	0	0	0	0	0	0	0	0	0	0	0	0	0	0	0	0	0	0	0	0	0	0	0	0	0	0	0	0	0	0	0	0	0	0	0	0	0	0	0	0	0	0	0	0	0	0	0	0	0	0	0	500	0	0	0	0	0	0	0	500	0	0	0	0	0	0	
0	0	0	0	0	0	0	0	0	0	0	0	0	0	0	0	0	0	0	0	0	0	0	0	0	0	0	0	0	0	0	0	0	0	0	0	0	0	0	0	0	0	0	0	0	500	0	0	0	0	0	0	0	0	0	0	0	0	0	0	0	0	0	0	0	0	0	0	0	0	0	0	0	0	0	0	0	0	0	0	0	500	0	0	0	0	0	0	0	0	0	0	0	0	0	0	0	0	0	0	
0	0	0	0	0	0	0	0	0	0	0	0	0	0	0	0	0	0	0	0	0	0	0	0	0	0	0	0	0	0	0	0	0	0	0	0	0	0	0	0	0	0	0	0	0	0	0	0	0	0	0	0	0	0	0	0	0	0	500	0	0	0	0	0	0	0	0	0	0	0	0	0	0	0	0	0	0	0	0	500	0	0	0	0	0	0	0	0	0	0	0	0	0	0	0	0	0	0	0	0	
0	0	0	0	0	0	0	0	0	0	0	0	0	0	0	0	0	0	0	0	0	0	0	0	500	0	0	0	0	0	0	0	0	0	0	0	0	0	0	0	0	0	0	0	0	0	0	0	0	0	0	0	0	0	0	0	0	0	0	0	0	0	0	0	0	0	0	0	0	0	0	0	0	0	0	0	0	0	0	0	0	0	0	500	0	0	0	0	0	0	0	0	0	0	0	0	0	0	0	0	
500	0	0	0	0	0	0	0	0	0	0	0	0	0	0	0	0	0	0	0	0	0	0	0	0	0	0	0	0	0	0	0	0	0	0	0	0	0	0	0	0	0	0	0	0	0	0	0	0	0	0	0	0	0	0	0	0	0	0	0	0	0	0	0	0	0	0	0	0	0	0	0	0	0	0	0	0	0	0	0	0	0	0	0	0	0	0	0	0	500	0	0	500	0	0	0	0	0	0	0	
0	0	0	0	0	0	0	0	0	0	0	0	0	0	0	0	0	0	0	0	0	0	0	0	0	0	0	0	0	0	0	0	0	0	0	0	0	0	0	0	0	0	0	0	0	0	0	0	0	0	0	0	0	0	0	500	0	0	0	0	0	0	0	0	0	0	0	0	0	0	0	0	0	0	0	0	0	0	500	0	0	0	0	0	0	0	0	0	0	0	0	0	0	0	0	0	0	0	0	0	
0	0	0	0	0	0	0	0	0	0	0	0	0	0	0	0	0	0	0	0	0	0	0	0	0	0	0	0	0	0	0	0	0	0	0	0	0	0	0	0	0	0	0	0	0	0	0	0	0	0	500	0	0	0	0	0	0	0	0	0	0	0	0	500	0	0	0	0	0	0	0	0	0	0	0	0	0	0	0	0	0	0	0	0	0	0	0	0	0	0	0	0	0	0	0	0	0	0	0	0	
0	0	0	0	0	0	0	0	0	0	500	0	0	0	0	0	0	0	0	0	0	0	0	0	0	0	0	0	0	0	0	0	0	0	0	0	0	0	0	0	0	0	0	0	0	0	0	0	0	0	0	0	0	0	0	0	0	0	0	0	0	0	0	0	0	0	0	0	0	0	0	0	0	0	0	0	0	0	0	0	0	0	0	0	0	0	0	0	0	0	500	0	0	0	0	0	0	0	0	0	
0	0	0	0	0	0	0	0	0	0	0	0	0	0	0	0	0	0	0	0	0	0	0	0	0	500	0	0	0	0	0	0	0	0	0	0	0	0	0	0	0	0	0	500	0	0	0	0	0	0	0	0	0	0	0	0	0	0	0	0	0	0	0	0	0	0	0	0	0	0	0	0	0	0	0	0	0	0	0	0	0	0	0	0	0	0	0	0	0	0	0	0	0	0	0	0	0	0	0	0	
0	0	0	0	0	0	0	0	0	0	0	0	0	0	0	0	0	0	0	0	0	0	0	0	0	0	0	0	0	0	0	0	0	0	0	0	0	0	0	0	0	0	0	0	0	0	0	0	0	0	0	0	0	0	0	0	0	0	0	0	0	0	0	0	0	500	0	0	0	0	0	0	0	0	0	0	0	0	0	0	0	0	0	0	0	0	0	0	0	0	0	0	0	0	0	500	0	0	0	0	
0	0	0	0	0	0	0	0	0	0	0	0	0	0	0	0	0	0	0	0	0	0	0	500	0	0	0	0	0	0	0	0	0	0	0	0	0	0	0	0	0	0	0	0	0	0	0	0	500	0	0	0	0	0	0	0	0	0	0	0	0	0	0	0	0	0	0	0	0	0	0	0	0	0	0	0	0	0	0	0	0	0	0	0	0	0	0	0	0	0	0	0	0	0	0	0	0	0	0	0	
0	0	0	0	0	0	0	0	0	0	0	0	0	0	0	0	0	0	0	0	0	0	0	0	0	0	0	0	0	0	0	0	0	0	0	0	0	0	0	500	0	0	0	0	0	0	0	0	0	0	0	0	0	0	500	0	0	0	0	0	0	0	0	0	0	0	0	0	0	0	0	0	0	0	0	0	0	0	0	0	0	0	0	0	0	0	0	0	0	0	0	0	0	0	0	0	0	0	0	0	
0	0	0	0	0	0	0	0	0	0	0	0	0	0	0	0	0	0	0	0	0	500	0	0	0	0	0	0	0	0	0	0	0	0	0	0	0	0	0	0	0	0	0	0	0	0	0	0	0	0	0	0	0	0	0	0	0	0	0	500	0	0	0	0	0	0	0	0	0	0	0	0	0	0	0	0	0	0	0	0	0	0	0	0	0	0	0	0	0	0	0	0	0	0	0	0	0	0	0	0	
0	0	0	0	500	0	0	0	0	0	0	0	0	0	500	0	0	0	0	0	0	0	0	0	0	0	0	0	0	0	0	0	0	0	0	0	0	0	0	0	0	0	0	0	0	0	0	0	0	0	0	0	0	0	0	0	0	0	0	0	0	0	0	0	0	0	0	0	0	0	0	0	0	0	0	0	0	0	0	0	0	0	0	0	0	0	0	0	0	0	0	0	0	0	0	0	0	0	0	0	
0	0	0	0	0	0	0	0	0	0	0	0	0	0	0	0	0	0	0	500	0	0	0	0	0	0	0	0	0	0	0	0	0	0	0	0	0	0	0	0	0	0	0	0	0	0	0	0	0	0	0	0	0	0	0	0	0	0	0	0	0	0	0	0	0	500	0	0	0	0	0	0	0	0	0	0	0	0	0	0	0	0	0	0	0	0	0	0	0	0	0	0	0	0	0	0	0	0	0	0	
0	0	0	0	0	0	0	0	0	0	0	0	0	0	0	0	0	0	0	0	0	0	0	0	0	0	0	0	0	0	0	0	0	0	0	0	0	0	0	0	0	0	0	0	0	0	500	0	0	0	0	0	0	0	0	0	0	0	0	0	0	0	0	0	0	0	0	0	0	0	0	0	0	0	0	0	0	0	500	0	0	0	0	0	0	0	0	0	0	0	0	0	0	0	0	0	0	0	0	0	
0	0	0	0	0	0	0	0	0	0	0	0	0	0	0	0	0	0	0	0	0	0	0	0	0	0	0	0	0	0	0	0	0	0	0	0	0	0	0	0	0	0	0	0	0	0	0	0	0	0	0	0	0	0	0	0	0	0	0	0	0	0	0	0	0	0	0	0	0	0	0	0	500	0	0	0	0	0	0	0	0	0	0	0	0	0	0	0	0	0	0	0	500	0	0	0	0	0	0	0	
0	0	0	0	0	0	0	0	0	0	0	0	0	0	0	0	0	0	0	0	0	0	0	0	0	0	0	0	0	0	0	0	0	0	0	0	0	0	0	0	0	0	0	0	0	0	0	0	0	0	0	0	0	0	0	0	0	0	0	0	0	0	0	0	0	0	0	0	0	0	0	0	0	0	0	0	0	0	0	0	0	0	500	0	0	0	0	500	0	0	0	0	0	0	0	0	0	0	0	0	
500	0	0	500	0	0	0	0	0	0	0	0	0	0	0	0	0	0	0	0	0	0	0	0	0	0	0	0	0	0	0	0	0	0	0	0	0	0	0	0	0	0	0	0	0	0	0	0	0	0	0	0	0	0	0	0	0	0	0	0	0	0	0	0	0	0	0	0	0	0	0	0	0	0	0	0	0	0	0	0	0	0	0	0	0	0	0	0	0	0	0	0	0	0	0	0	0	0	0	0	
0	0	0	0	0	0	0	0	0	0	0	0	0	0	0	0	0	0	0	0	0	0	0	0	0	0	0	0	0	0	0	0	0	0	0	0	0	0	0	0	0	0	0	0	0	0	0	0	0	0	0	0	0	0	0	0	0	0	0	0	0	0	0	0	0	0	0	0	0	0	0	0	0	0	0	0	0	0	0	0	0	0	0	0	0	500	0	0	0	0	0	0	0	500	0	0	0	0	0	0	
0	0	0	0	0	0	0	0	0	0	0	0	0	0	0	0	0	0	0	0	0	0	0	0	0	0	0	0	0	0	0	0	0	0	0	0	0	0	0	0	0	0	0	0	0	0	0	0	0	0	0	0	500	0	0	0	0	0	0	0	0	0	0	0	0	0	0	0	500	0	0	0	0	0	0	0	0	0	0	0	0	0	0	0	0	0	0	0	0	0	0	0	0	0	0	0	0	0	0	0	
0	0	0	0	0	0	0	0	0	0	0	0	0	0	0	0	0	0	0	0	0	0	0	0	0	0	0	0	0	0	0	0	0	0	0	0	0	0	0	0	0	0	0	0	0	0	0	500	0	0	0	0	0	0	0	0	0	0	0	0	0	0	0	0	0	0	0	0	0	0	0	0	0	0	0	0	0	0	0	0	0	0	0	0	0	0	0	0	0	0	0	0	0	0	0	0	0	0	0	500	
0	0	0	0	0	0	0	0	0	0	0	0	0	0	0	0	0	0	0	0	0	0	0	0	0	0	0	0	0	0	0	0	0	0	0	0	0	0	0	0	0	0	0	0	0	0	0	0	0	0	0	0	0	0	0	0	0	0	0	0	0	0	0	0	0	0	0	0	0	0	0	0	500	0	0	0	0	0	0	0	0	0	0	0	0	0	0	0	0	500	0	0	0	0	0	0	0	0	0	0	
0	0	0	0	0	0	0	0	0	0	0	0	0	0	0	0	0	0	0	0	0	0	0	0	0	0	0	0	0	0	0	0	0	0	0	0	0	0	0	0	0	0	0	0	0	0	0	0	0	0	0	0	0	0	0	0	0	0	0	0	0	500	0	0	500	0	0	0	0	0	0	0	0	0	0	0	0	0	0	0	0	0	0	0	0	0	0	0	0	0	0	0	0	0	0	0	0	0	0	0	
0	0	0	0	0	0	0	0	0	0	0	0	0	0	0	0	0	0	0	0	0	0	0	0	0	0	0	0	0	0	0	0	0	0	0	0	0	0	0	0	0	0	0	0	0	0	0	0	0	0	0	0	0	0	0	0	0	0	0	0	0	0	0	0	0	0	500	0	0	0	0	0	0	0	0	0	500	0	0	0	0	0	0	0	0	0	0	0	0	0	0	0	0	0	0	0	0	0	0	0	
0	0	0	0	0	0	0	0	0	0	0	0	0	0	0	0	0	0	0	0	0	0	0	0	0	0	0	0	0	0	0	0	0	0	0	0	0	0	0	0	0	0	0	0	0	0	500	0	0	0	0	0	0	0	0	0	0	0	0	0	0	0	0	0	0	0	0	0	0	0	0	0	0	0	0	0	0	500	0	0	0	0	0	0	0	0	0	0	0	0	0	0	0	0	0	0	0	0	0	0	
0	0	0	0	500	0	0	0	0	0	0	0	0	0	0	0	0	0	0	0	0	0	0	0	0	0	0	0	0	0	0	0	0	0	0	0	0	0	0	0	0	0	0	0	0	0	0	0	0	0	0	0	0	0	0	0	0	0	0	0	0	0	0	0	0	0	0	0	0	0	0	0	0	0	0	0	0	0	0	0	0	0	0	500	0	0	0	0	0	0	0	0	0	0	0	0	0	0	0	0	
500	0	0	0	0	0	0	0	0	0	0	0	0	0	0	0	0	0	0	0	0	0	0	0	0	0	0	0	0	0	0	0	0	0	0	0	0	0	0	0	0	0	0	0	0	0	0	0	0	0	0	0	0	0	0	0	500	0	0	0	0	0	0	0	0	0	0	0	0	0	0	500	0	0	0	0	0	0	0	0	0	0	0	0	0	0	0	0	0	0	0	0	0	0	0	0	0	0	0	0	
0	0	0	0	0	0	0	0	0	500	0	0	0	0	0	0	0	0	0	0	0	0	500	0	0	0	0	0	0	0	0	0	0	0	0	0	0	0	0	0	0	0	0	0	0	0	0	0	0	0	0	0	0	0	0	0	0	0	0	0	0	0	0	0	0	0	0	0	0	0	0	0	0	0	0	0	0	0	0	0	0	0	0	0	0	0	0	0	0	0	0	0	0	0	0	0	0	0	0	0	
500	0	0	0	0	0	0	0	0	0	0	0	0	0	0	0	0	0	0	0	0	0	0	0	0	0	0	0	0	0	0	0	0	0	0	0	0	0	0	0	0	0	0	0	0	0	0	0	0	0	0	0	0	0	0	0	0	0	0	0	0	0	0	0	0	0	0	500	0	0	500	0	0	0	0	0	0	0	0	0	0	0	0	0	0	0	0	0	0	0	0	0	0	0	0	0	0	0	0	0	
0	0	0	0	0	0	500	0	0	0	0	0	0	0	0	0	0	0	0	0	0	0	0	0	0	0	0	0	0	0	0	0	0	0	0	0	0	0	0	0	0	0	0	0	0	0	0	0	0	500	0	0	0	0	0	0	0	0	0	0	0	0	0	0	0	0	0	0	0	0	0	0	0	0	0	0	0	0	0	0	0	0	0	0	0	0	0	0	0	0	0	0	0	0	0	0	0	0	0	0	
0	0	0	0	0	0	0	0	0	0	0	0	0	0	0	0	0	0	0	0	0	0	0	0	0	0	0	0	0	0	0	0	0	0	0	0	0	0	0	0	0	0	0	0	0	0	0	0	0	0	0	0	0	0	0	0	0	0	0	0	0	0	0	0	0	0	0	500	0	0	500	0	0	0	0	0	0	0	0	0	0	0	0	0	0	0	0	0	0	0	0	0	0	0	0	0	0	0	0	0	
0	0	0	0	0	0	0	0	0	0	0	0	0	0	0	0	0	0	0	500	0	0	0	0	0	0	0	0	0	0	0	0	0	0	0	0	0	0	0	0	0	0	0	0	0	0	0	0	0	0	0	0	0	0	0	0	0	0	0	0	0	0	0	0	0	0	0	0	0	0	0	0	0	0	500	0	0	0	0	0	0	0	0	0	0	0	0	0	0	0	0	0	0	0	0	0	0	0	0	0	
0	0	0	0	0	0	0	0	0	0	0	0	0	0	0	0	0	0	0	0	0	0	0	0	0	0	0	0	0	0	0	0	0	0	0	0	0	0	0	0	0	0	0	0	0	0	0	0	0	0	0	0	0	0	0	0	0	0	0	0	0	0	0	0	0	0	0	0	0	0	0	0	0	0	0	0	0	0	0	0	0	0	0	0	0	0	0	0	500	0	0	0	0	0	500	0	0	0	0	0	
0	0	0	0	0	500	0	0	0	0	0	0	500	0	0	0	0	0	0	0	0	0	0	0	0	0	0	0	0	0	0	0	0	0	0	0	0	0	0	0	0	0	0	0	0	0	0	0	0	0	0	0	0	0	0	0	0	0	0	0	0	0	0	0	0	0	0	0	0	0	0	0	0	0	0	0	0	0	0	0	0	0	0	0	0	0	0	0	0	0	0	0	0	0	0	0	0	0	0	0	
0	0	0	0	0	0	0	0	0	0	0	0	0	0	0	0	0	0	0	0	0	0	0	0	0	0	500	0	0	0	0	0	0	0	0	0	500	0	0	0	0	0	0	0	0	0	0	0	0	0	0	0	0	0	0	0	0	0	0	0	0	0	0	0	0	0	0	0	0	0	0	0	0	0	0	0	0	0	0	0	0	0	0	0	0	0	0	0	0	0	0	0	0	0	0	0	0	0	0	0	
0	0	0	0	0	0	0	0	0	0	0	0	0	0	0	0	0	0	0	0	0	0	0	0	0	0	0	0	0	0	0	0	500	0	0	0	0	0	0	0	0	0	0	0	0	0	0	0	0	0	0	0	0	0	0	0	0	0	0	0	0	0	0	0	0	0	0	0	0	0	0	0	0	0	0	0	0	0	0	0	0	0	0	0	0	0	0	0	0	0	0	0	0	0	0	0	500	0	0	0	
0	0	0	0	0	0	0	0	0	0	0	0	0	0	0	0	0	0	0	0	0	500	0	0	0	0	0	0	0	0	0	0	0	0	0	0	0	0	0	0	0	0	0	0	0	0	0	0	0	0	0	0	0	0	0	0	0	0	0	0	0	0	0	0	0	0	0	0	0	0	0	0	0	0	0	0	0	0	0	0	0	0	0	0	0	0	0	0	0	0	0	0	0	0	0	0	500	0	0	0	
0	0	0	0	0	0	0	0	0	0	0	0	0	0	0	0	0	0	0	0	0	0	0	0	0	0	0	0	0	0	0	0	0	0	0	0	0	0	0	0	0	500	0	0	0	0	0	0	0	0	0	0	0	0	0	0	0	0	0	0	0	0	0	0	0	0	0	0	0	0	0	0	0	500	0	0	0	0	0	0	0	0	0	0	0	0	0	0	0	0	0	0	0	0	0	0	0	0	0	0	
0	0	0	0	0	0	0	0	0	0	0	0	0	0	0	0	0	500	0	0	0	0	0	0	0	0	0	0	0	0	0	0	0	0	0	0	0	0	0	0	0	0	0	0	0	0	0	0	0	0	0	0	0	0	0	0	0	0	0	0	0	0	0	0	0	0	0	0	0	0	0	0	0	0	0	0	0	0	0	0	0	0	0	0	0	0	0	0	0	0	0	0	0	0	500	0	0	0	0	0	
0	0	0	0	0	0	0	0	0	0	0	0	0	0	0	0	0	0	0	0	0	0	0	0	0	0	0	0	0	0	0	0	0	0	0	0	0	0	0	0	0	0	0	0	0	0	0	0	0	0	0	0	0	0	0	0	0	0	500	0	0	0	0	0	0	0	0	0	500	0	0	0	0	0	0	0	0	0	0	0	0	0	0	0	0	0	0	0	0	0	0	0	0	0	0	0	0	0	0	0	
0	0	0	0	0	0	0	0	0	0	0	0	0	0	0	0	0	0	0	0	0	0	0	0	0	0	0	0	0	0	0	500	0	0	0	0	0	0	0	0	0	0	0	0	0	0	0	0	0	0	0	0	0	0	0	0	0	0	0	0	0	0	0	0	0	0	0	0	0	0	0	0	0	0	0	500	0	0	0	0	0	0	0	0	0	0	0	0	0	0	0	0	0	0	0	0	0	0	0	0	
0	0	0	0	0	0	0	0	0	0	0	0	0	0	0	0	0	0	0	0	0	0	0	0	0	0	0	0	0	0	0	0	0	0	0	0	0	0	0	0	0	0	0	0	0	0	0	0	0	0	0	0	0	0	0	0	0	500	0	0	0	0	0	0	0	0	0	0	0	0	0	0	0	0	0	0	0	500	0	0	0	0	0	0	0	0	0	0	0	0	0	0	0	0	0	0	0	0	0	0	
0	0	0	0	0	0	0	0	0	0	0	0	0	0	0	0	0	0	0	0	0	0	500	0	0	0	0	0	0	0	0	0	0	0	0	0	0	0	0	0	0	0	0	0	0	0	0	0	0	0	0	0	0	0	0	0	0	0	0	0	0	0	0	0	0	0	0	0	0	0	0	0	0	0	0	0	0	0	0	0	0	0	500	0	0	0	0	0	0	0	0	0	0	0	0	0	0	0	0	0	
0	0	0	0	0	0	0	0	0	0	0	0	0	0	0	0	500	0	0	0	0	0	0	0	0	0	0	0	0	0	0	0	0	0	0	0	0	0	0	0	0	0	0	0	0	0	0	0	0	0	0	0	0	0	0	0	0	0	0	0	0	0	0	0	0	0	0	0	0	500	0	0	0	0	0	0	0	0	0	0	0	0	0	0	0	0	0	0	0	0	0	0	0	0	0	0	0	0	0	0	
0	0	0	0	0	0	0	0	0	0	0	0	0	0	0	0	0	0	0	0	0	0	0	0	0	0	0	0	0	0	0	0	0	0	0	0	0	0	500	0	0	0	0	0	0	0	0	0	0	0	0	0	0	0	0	0	0	0	0	0	0	0	0	0	0	0	0	0	0	0	0	500	0	0	0	0	0	0	0	0	0	0	0	0	0	0	0	0	0	0	0	0	0	0	0	0	0	0	0	0	
0	0	0	0	0	0	0	0	0	0	0	0	0	0	0	0	0	0	0	0	0	0	0	0	0	0	0	0	0	0	0	0	0	0	0	0	0	0	0	0	0	0	0	0	0	0	0	0	0	0	0	0	0	500	0	0	0	0	0	0	0	0	0	0	500	0	0	0	0	0	0	0	0	0	0	0	0	0	0	0	0	0	0	0	0	0	0	0	0	0	0	0	0	0	0	0	0	0	0	0	
0	0	0	0	0	0	0	0	0	0	0	0	0	500	0	0	0	0	0	0	0	0	0	0	0	0	0	0	0	0	0	0	0	0	0	0	0	0	0	0	0	0	0	0	0	0	0	0	0	0	0	500	0	0	0	0	0	0	0	0	0	0	0	0	0	0	0	0	0	0	0	0	0	0	0	0	0	0	0	0	0	0	0	0	0	0	0	0	0	0	0	0	0	0	0	0	0	0	0	0	
0	0	0	0	0	0	0	0	0	0	0	0	0	0	0	0	0	0	0	0	0	0	0	500	0	0	0	0	0	0	0	0	0	0	0	0	0	0	0	0	0	0	0	0	0	0	0	0	0	0	0	0	0	0	0	0	0	0	0	0	0	0	0	0	0	0	500	0	0	0	0	0	0	0	0	0	0	0	0	0	0	0	0	0	0	0	0	0	0	0	0	0	0	0	0	0	0	0	0	0	
0	0	0	0	0	0	0	0	0	0	0	0	0	0	0	0	0	0	0	0	0	0	0	0	0	0	0	0	0	0	0	0	0	0	0	0	0	0	0	0	0	0	0	0	0	0	0	0	0	0	0	0	0	0	0	0	0	0	0	0	0	0	500	0	0	0	0	0	0	500	0	0	0	0	0	0	0	0	0	0	0	0	0	0	0	0	0	0	0	0	0	0	0	0	0	0	0	0	0	0	
0	0	0	0	0	0	0	0	0	0	0	0	0	0	0	0	0	0	0	0	0	0	0	0	0	0	0	0	0	0	0	0	0	0	500	0	0	0	0	0	0	0	0	0	0	0	0	0	0	0	0	0	0	0	0	0	0	0	0	0	0	0	0	0	0	0	0	0	0	0	0	0	0	0	0	0	0	0	0	0	0	0	0	0	0	0	500	0	0	0	0	0	0	0	0	0	0	0	0	0	
0	0	0	0	0	0	0	0	0	0	0	0	0	0	0	0	0	0	0	0	0	0	0	0	0	0	0	0	0	0	0	0	0	0	0	0	0	0	0	0	0	0	0	0	0	0	0	0	0	0	0	0	0	0	0	0	0	0	0	0	500	0	0	0	0	0	0	0	0	0	0	0	0	0	0	0	0	0	0	0	0	0	0	0	0	0	0	0	0	0	0	0	0	0	0	0	0	0	500	0	
0	0	500	0	0	0	0	0	0	0	0	0	0	0	0	0	0	500	0	0	0	0	0	0	0	0	0	0	0	0	0	0	0	0	0	0	0	0	0	0	0	0	0	0	0	0	0	0	0	0	0	0	0	0	0	0	0	0	0	0	0	0	0	0	0	0	0	0	0	0	0	0	0	0	0	0	0	0	0	0	0	0	0	0	0	0	0	0	0	0	0	0	0	0	0	0	0	0	0	0	
0	0	0	0	0	0	0	0	0	0	0	0	0	0	0	0	0	0	0	0	0	0	0	0	0	0	0	0	0	0	0	0	0	0	500	0	0	0	0	0	0	0	0	0	0	0	0	0	0	0	0	0	0	0	0	0	0	500	0	0	0	0	0	0	0	0	0	0	0	0	0	0	0	0	0	0	0	0	0	0	0	0	0	0	0	0	0	0	0	0	0	0	0	0	0	0	0	0	0	0	
0	0	0	0	0	0	0	0	0	0	0	0	0	0	0	0	0	0	0	0	500	0	0	0	0	500	0	0	0	0	0	0	0	0	0	0	0	0	0	0	0	0	0	0	0	0	0	0	0	0	0	0	0	0	0	0	0	0	0	0	0	0	0	0	0	0	0	0	0	0	0	0	0	0	0	0	0	0	0	0	0	0	0	0	0	0	0	0	0	0	0	0	0	0	0	0	0	0	0	0	
0	0	0	0	0	0	0	0	0	0	0	0	0	0	0	0	0	0	0	0	0	0	0	0	0	0	0	0	0	0	0	0	0	0	0	500	0	0	0	0	0	0	0	0	0	0	0	0	0	0	0	0	0	0	0	0	0	0	0	500	0	0	0	0	0	0	0	0	0	0	0	0	0	0	0	0	0	0	0	0	0	0	0	0	0	0	0	0	0	0	0	0	0	0	0	0	0	0	0	0	
0	0	0	0	0	0	0	0	0	0	0	0	0	0	0	0	0	0	0	0	0	0	0	0	0	0	0	0	0	0	0	0	0	0	0	0	0	0	0	0	500	0	500	0	0	0	0	0	0	0	0	0	0	0	0	0	0	0	0	0	0	0	0	0	0	0	0	0	0	0	0	0	0	0	0	0	0	0	0	0	0	0	0	0	0	0	0	0	0	0	0	0	0	0	0	0	0	0	0	0	
0	0	0	0	0	0	0	0	0	0	0	0	0	0	0	0	0	0	0	0	0	0	0	0	0	0	0	0	0	0	0	500	0	0	0	0	0	0	0	0	0	0	0	0	0	0	0	0	0	0	0	500	0	0	0	0	0	0	0	0	0	0	0	0	0	0	0	0	0	0	0	0	0	0	0	0	0	0	0	0	0	0	0	0	0	0	0	0	0	0	0	0	0	0	0	0	0	0	0	0	
0	0	0	0	0	0	0	0	0	0	0	0	0	0	0	0	0	0	0	0	0	0	0	0	0	0	0	0	0	0	0	0	0	0	0	0	0	0	0	0	0	0	0	0	0	0	0	0	0	0	0	0	0	0	0	500	0	0	0	0	500	0	0	0	0	0	0	0	0	0	0	0	0	0	0	0	0	0	0	0	0	0	0	0	0	0	0	0	0	0	0	0	0	0	0	0	0	0	0	0	
0	0	0	0	0	0	0	0	0	0	0	0	0	0	0	0	0	0	0	0	0	0	0	0	0	0	0	0	0	0	0	0	0	0	0	0	0	0	0	0	500	0	500	0	0	0	0	0	0	0	0	0	0	0	0	0	0	0	0	0	0	0	0	0	0	0	0	0	0	0	0	0	0	0	0	0	0	0	0	0	0	0	0	0	0	0	0	0	0	0	0	0	0	0	0	0	0	0	0	0	
0	0	0	0	0	0	0	0	0	0	0	0	0	0	0	0	0	0	0	0	0	0	0	0	0	0	0	0	0	0	0	0	0	0	0	0	0	0	500	0	0	0	0	0	0	0	0	0	0	0	0	0	0	0	0	0	500	0	0	0	0	0	0	0	0	0	0	0	0	0	0	0	0	0	0	0	0	0	0	0	0	0	0	0	0	0	0	0	0	0	0	0	0	0	0	0	0	0	0	0	
0	0	0	0	0	0	0	0	0	0	0	0	0	0	0	0	0	0	0	0	0	0	0	0	0	0	0	500	0	0	0	0	0	500	0	0	0	0	0	0	0	0	0	0	0	0	0	0	0	0	0	0	0	0	0	0	0	0	0	0	0	0	0	0	0	0	0	0	0	0	0	0	0	0	0	0	0	0	0	0	0	0	0	0	0	0	0	0	0	0	0	0	0	0	0	0	0	0	0	0	
0	0	0	0	0	0	0	0	500	0	0	0	0	0	0	0	0	0	0	0	0	0	0	0	0	0	0	0	0	0	0	0	0	0	0	0	0	0	0	0	0	0	0	0	0	0	0	0	0	500	0	0	0	0	0	0	0	0	0	0	0	0	0	0	0	0	0	0	0	0	0	0	0	0	0	0	0	0	0	0	0	0	0	0	0	0	0	0	0	0	0	0	0	0	0	0	0	0	0	0	
0	500	0	0	0	0	0	0	0	0	0	0	0	0	0	0	0	0	0	0	0	0	0	0	0	0	0	0	0	0	0	0	0	0	0	0	0	0	0	0	0	0	0	500	0	0	0	0	0	0	0	0	0	0	0	0	0	0	0	0	0	0	0	0	0	0	0	0	0	0	0	0	0	0	0	0	0	0	0	0	0	0	0	0	0	0	0	0	0	0	0	0	0	0	0	0	0	0	0	0	
0	0	0	0	0	0	0	0	0	0	0	0	0	0	0	0	0	0	0	0	0	0	0	0	0	0	0	0	0	0	0	0	0	0	0	0	0	0	0	0	0	0	0	0	0	0	0	0	0	0	0	0	500	0	0	0	0	0	0	0	0	0	0	0	0	0	0	0	0	0	0	0	0	0	0	0	0	0	0	0	0	0	0	0	0	0	0	500	0	0	0	0	0	0	0	0	0	0	0	0	
0	500	0	0	0	0	0	0	0	0	0	0	0	0	0	0	0	0	0	0	0	0	0	0	0	0	0	0	0	0	0	0	0	0	0	500	0	0	0	0	0	0	0	0	0	0	0	0	0	0	0	0	0	0	0	0	0	0	0	0	0	0	0	0	0	0	0	0	0	0	0	0	0	0	0	0	0	0	0	0	0	0	0	0	0	0	0	0	0	0	0	0	0	0	0	0	0	0	0	0	
0	0	0	0	0	0	0	0	0	0	0	0	0	0	0	0	0	0	0	0	0	0	0	0	0	0	0	0	0	0	0	0	0	0	0	0	500	0	0	0	0	0	0	0	0	0	0	0	0	0	0	0	0	500	0	0	0	0	0	0	0	0	0	0	0	0	0	0	0	0	0	0	0	0	0	0	0	0	0	0	0	0	0	0	0	0	0	0	0	0	0	0	0	0	0	0	0	0	0	0	
0	0	0	0	0	0	0	0	0	0	0	0	0	0	0	0	500	0	0	0	0	0	0	0	0	0	500	0	0	0	0	0	0	0	0	0	0	0	0	0	0	0	0	0	0	0	0	0	0	0	0	0	0	0	0	0	0	0	0	0	0	0	0	0	0	0	0	0	0	0	0	0	0	0	0	0	0	0	0	0	0	0	0	0	0	0	0	0	0	0	0	0	0	0	0	0	0	0	0	0	
0	0	0	0	0	0	0	0	0	0	0	0	0	500	0	0	0	0	0	0	0	0	0	0	0	0	0	0	0	0	0	0	0	0	0	0	0	0	0	0	0	0	0	0	0	0	0	0	0	0	0	0	0	0	0	0	0	0	0	0	0	0	0	0	0	0	0	0	0	0	0	0	0	0	0	0	0	0	0	0	0	0	0	0	0	0	0	0	500	0	0	0	0	0	0	0	0	0	0	0	
0	0	0	0	0	0	0	500	0	0	500	0	0	0	0	0	0	0	0	0	0	0	0	0	0	0	0	0	0	0	0	0	0	0	0	0	0	0	0	0	0	0	0	0	0	0	0	0	0	0	0	0	0	0	0	0	0	0	0	0	0	0	0	0	0	0	0	0	0	0	0	0	0	0	0	0	0	0	0	0	0	0	0	0	0	0	0	0	0	0	0	0	0	0	0	0	0	0	0	0	
0	0	0	0	0	500	0	0	0	0	0	0	500	0	0	0	0	0	0	0	0	0	0	0	0	0	0	0	0	0	0	0	0	0	0	0	0	0	0	0	0	0	0	0	0	0	0	0	0	0	0	0	0	0	0	0	0	0	0	0	0	0	0	0	0	0	0	0	0	0	0	0	0	0	0	0	0	0	0	0	0	0	0	0	0	0	0	0	0	0	0	0	0	0	0	0	0	0	0	0	
0	0	0	0	0	0	0	0	0	0	0	0	0	0	0	0	0	0	0	0	0	0	0	0	0	0	0	0	500	0	0	0	0	0	0	0	0	0	0	0	0	0	0	0	0	0	0	0	0	0	0	0	0	0	500	0	0	0	0	0	0	0	0	0	0	0	0	0	0	0	0	0	0	0	0	0	0	0	0	0	0	0	0	0	0	0	0	0	0	0	0	0	0	0	0	0	0	0	0	0	
0	0	0	0	0	0	0	0	0	0	0	0	0	0	500	0	0	0	0	0	0	0	0	0	0	0	0	0	0	0	0	0	0	0	0	0	0	500	0	0	0	0	0	0	0	0	0	0	0	0	0	0	0	0	0	0	0	0	0	0	0	0	0	0	0	0	0	0	0	0	0	0	0	0	0	0	0	0	0	0	0	0	0	0	0	0	0	0	0	0	0	0	0	0	0	0	0	0	0	0	
0	0	0	0	0	0	0	0	0	0	0	0	0	0	0	0	0	0	0	0	0	0	0	0	0	0	0	0	0	0	0	0	0	0	0	0	0	0	0	0	0	0	0	0	0	0	0	0	0	0	0	0	0	0	0	0	0	0	0	0	0	0	0	0	0	0	0	0	0	0	0	0	0	0	0	0	0	0	0	0	0	0	0	0	0	0	0	0	0	0	0	500	0	0	0	0	0	500	0	0	
0	0	0	0	0	0	0	0	0	0	0	500	0	0	0	0	0	0	0	0	0	0	0	0	0	0	0	0	0	0	500	0	0	0	0	0	0	0	0	0	0	0	0	0	0	0	0	0	0	0	0	0	0	0	0	0	0	0	0	0	0	0	0	0	0	0	0	0	0	0	0	0	0	0	0	0	0	0	0	0	0	0	0	0	0	0	0	0	0	0	0	0	0	0	0	0	0	0	0	0	
0	0	0	0	0	0	0	0	0	0	0	0	0	0	0	0	0	0	0	0	0	0	0	0	0	0	0	0	0	0	0	0	0	0	0	0	0	0	0	0	0	0	0	0	0	0	0	0	0	0	0	0	0	0	0	0	0	0	0	0	0	500	0	0	0	0	0	0	0	0	0	0	0	0	0	0	0	0	0	0	0	0	0	0	0	0	0	0	0	0	0	0	0	0	0	0	0	500	0	0	
0	0	0	0	0	0	0	0	0	0	0	0	0	0	0	0	0	0	0	0	0	0	0	0	0	0	0	0	500	0	0	0	0	0	0	0	0	0	0	0	0	0	0	0	0	0	0	0	0	0	0	0	0	0	0	0	0	0	0	0	0	0	0	0	0	0	0	0	0	0	0	0	0	0	0	500	0	0	0	0	0	0	0	0	0	0	0	0	0	0	0	0	0	0	0	0	0	0	0	0	
0	0	0	0	0	0	0	0	0	0	0	0	0	0	0	0	0	0	0	0	0	0	0	0	0	0	0	0	0	0	0	0	0	0	0	0	0	0	0	0	0	0	0	0	500	0	0	0	0	0	0	0	0	0	0	0	0	0	0	0	0	0	0	0	0	0	0	0	0	0	0	0	0	0	0	0	0	0	0	500	0	0	0	0	0	0	0	0	0	0	0	0	0	0	0	0	0	0	0	0	
0	0	0	0	0	0	0	0	0	0	0	0	0	0	0	500	0	0	0	0	0	0	0	0	0	0	0	0	0	0	0	0	0	500	0	0	0	0	0	0	0	0	0	0	0	0	0	0	0	0	0	0	0	0	0	0	0	0	0	0	0	0	0	0	0	0	0	0	0	0	0	0	0	0	0	0	0	0	0	0	0	0	0	0	0	0	0	0	0	0	0	0	0	0	0	0	0	0	0	0	
0	0	0	0	0	0	0	500	0	0	0	0	0	0	0	0	0	0	500	0	0	0	0	0	0	0	0	0	0	0	0	0	0	0	0	0	0	0	0	0	0	0	0	0	0	0	0	0	0	0	0	0	0	0	0	0	0	0	0	0	0	0	0	0	0	0	0	0	0	0	0	0	0	0	0	0	0	0	0	0	0	0	0	0	0	0	0	0	0	0	0	0	0	0	0	0	0	0	0	0	
0	0	0	0	0	0	0	0	0	500	0	0	0	0	0	0	0	0	0	0	0	0	0	0	0	0	0	0	0	0	0	0	0	0	0	0	0	0	0	0	0	0	0	0	0	0	0	0	0	0	0	0	0	0	0	0	0	0	0	0	0	0	0	0	0	0	0	0	0	0	0	0	0	0	0	0	0	0	0	0	0	0	0	0	500	0	0	0	0	0	0	0	0	0	0	0	0	0	0	0	
0	0	0	0	0	0	0	0	0	0	0	0	0	0	0	500	0	0	0	0	0	0	0	0	0	0	0	500	0	0	0	0	0	0	0	0	0	0	0	0	0	0	0	0	0	0	0	0	0	0	0	0	0	0	0	0	0	0	0	0	0	0	0	0	0	0	0	0	0	0	0	0	0	0	0	0	0	0	0	0	0	0	0	0	0	0	0	0	0	0	0	0	0	0	0	0	0	0	0	0	
0	0	0	0	0	0	0	0	0	0	0	500	0	0	0	0	0	0	0	0	0	0	0	0	0	0	0	0	0	0	500	0	0	0	0	0	0	0	0	0	0	0	0	0	0	0	0	0	0	0	0	0	0	0	0	0	0	0	0	0	0	0	0	0	0	0	0	0	0	0	0	0	0	0	0	0	0	0	0	0	0	0	0	0	0	0	0	0	0	0	0	0	0	0	0	0	0	0	0	0	
0	0	0	0	0	0	0	0	0	0	0	0	0	0	0	0	0	0	0	0	0	0	0	0	0	0	0	0	0	0	0	0	0	0	0	0	0	0	0	0	0	0	0	0	500	0	0	0	0	0	500	0	0	0	0	0	0	0	0	0	0	0	0	0	0	0	0	0	0	0	0	0	0	0	0	0	0	0	0	0	0	0	0	0	0	0	0	0	0	0	0	0	0	0	0	0	0	0	0	0	
0	0	0	0	0	0	0	0	0	0	0	0	0	0	0	0	0	0	0	0	500	0	0	0	0	0	0	0	0	0	0	0	0	0	0	0	0	0	0	0	0	0	0	0	0	0	0	0	0	0	0	0	0	0	0	0	0	0	0	0	0	0	0	0	0	0	0	0	0	0	0	0	0	0	0	0	0	0	0	0	0	0	0	0	0	0	0	0	0	0	0	0	0	0	0	0	0	0	500	0	
0	0	0	0	0	0	0	0	0	0	0	0	0	0	0	0	0	0	0	0	0	0	0	0	0	0	0	0	0	0	0	0	0	0	0	0	0	0	0	0	0	0	0	0	0	0	0	500	500	0	0	0	0	0	0	0	0	0	0	0	0	0	0	0	0	0	0	0	0	0	0	0	0	0	0	0	0	0	0	0	0	0	0	0	0	0	0	0	0	0	0	0	0	0	0	0	0	0	0	0	
0	0	0	0	0	0	0	0	0	0	0	0	0	0	0	0	0	0	0	0	0	0	0	0	0	0	0	0	0	0	0	0	0	0	0	0	0	0	0	0	0	0	0	0	0	0	0	0	0	0	0	0	0	0	0	0	0	0	0	0	0	0	0	0	0	0	0	0	0	0	0	0	0	0	0	0	0	0	0	0	0	0	0	0	500	0	500	0	0	0	0	0	0	0	0	0	0	0	0	0	
0	0	0	0	0	0	0	0	0	0	0	0	0	0	0	0	0	0	0	0	0	0	0	0	0	0	0	0	0	0	0	0	0	0	0	0	0	0	0	0	0	0	0	0	0	0	0	0	0	0	0	0	0	0	0	0	0	0	0	0	0	0	500	0	0	0	0	0	0	0	0	0	0	0	0	0	0	0	0	0	0	0	0	0	0	0	0	0	0	0	0	0	0	0	0	500	0	0	0	0	
0	0	0	0	0	0	0	0	500	0	0	0	0	0	0	0	0	0	0	0	0	0	0	0	0	0	0	0	0	0	0	0	500	0	0	0	0	0	0	0	0	0	0	0	0	0	0	0	0	0	0	0	0	0	0	0	0	0	0	0	0	0	0	0	0	0	0	0	0	0	0	0	0	0	0	0	0	0	0	0	0	0	0	0	0	0	0	0	0	0	0	0	0	0	0	0	0	0	0	0	
54	37	38	79	56	74	47	95	58	71	65	43	33	68	71	76	13	28	27	60	92	6	30	63	14	8	81	22	40	90	9	66	76	18	35	20	2	29	40	62	36	0	53	20	94	99	15	67	18	96	15	20	12	79	42	32	30	59	56	25	44	55	80	47	35	37	98	7	61	9	46	34	15	17	83	41	89	34	8	22	4	61	4	9	6	54	29	14	42	91	54	72	1	38	36	54	36	36	81	97	47	78	57	43	56	45	84	44	88	93	41	85	83	97	72	92	75	28	79	78	73	33	89	18	69	83	5	39	89	48	18	54	2	49	55	79	68	63	20	51	49	75	78	32	54	22	62	26	23	68	94	22	97	92	53	78	79	57	30	30	92	65	4	4	14	30	22	64	37	59	40	87	63	30	12	51	5	43	57	36	71	61	49	79	43	52	90	50	21	80	24	62	40	72	84	18	6	71	35	30	23	47	90	88	58	9	18	11	29	14	65	95	48	23	22	22	1	33	44	4	25	68	63	34	56	87	32	30	8	25	36	80	18	16	76	86	26	30	42	48	86	86	97	3	15	74	88	81	65	19	91	6	82	9	23	84	2	95	25	43	11	77	70	16	50	83	44	85	27	43	58	94	36	28	14	63	74	14	42	80	27	33	29	94	97	67	97	7	91	88	35	16	80	97	31	74	3	16	70	85	55	81	26	68	20	9	92	50	99	22	76	1	41	47	32	90	35	16	85	18	10	79	99	78	63	55	68	54	52	76	80	80	28	28	17	73	97	39	43	26	53	82	40	4	96	99	32	8	6	61	86	34	34	44	36	8	0	38	49	11	17	94	22	36	85	52	76	59	73	77	38	95	98	86	35	92	7	51	66	68	83	45	75	75	64	56	63	87	87	67	68	12	61	26	46	68	90	6	14	27	44	40	33	3	8	69	49	56	27	58	42	40	85	39	5	19	89	91	55	39	1	54	14	84	5	1	86	76	33	97	40	35	21	63	18	11	55	68	16	72	80	1	63	48	44	83	0	44	54	87	97	48	41	74	89	81	51	45	0	45	84	54	44	65	11	48	48	65	47	17	24	22	70	78	17	74	64	44	84	98	0	8	79	26	77	59	86	87	37	23	42	55	17	7	49	63	49	21	78	79	19	46	28	53	5	20	60	29	53	82	13	28	67	18	22	89	14	5	55	46	4	29	1	70	68	37	69	40	17	83	70	49	13	28	99	97	89	97	16	73	90	79	10	7	72	87	99	71	1	26	82	7	9	81	14	55	94	89	99	61	10	44	61	57	9	44	24	15	36	1	18	18	10	46	46	82	98	25	15	52	27	75	52	65	13	0	8	19	18	90	74	97	18	25	92	28	17	17	38	27	43	18	55	78	13	22	51	98	81	69	55	70	87	15	50	86	49	18	97	46	88	15	54	13	69	81	33	1	29	99	0	18	37	85	40	11	62	48	76	10	65	93	12	52	27	77	86	6	85	42	69	72	51	40	26	16	84	68	81	22	67	8	48	63	5	58	80	10	88	28	3	21	20	4	47	67	8	6	0	82	32	7	88	3	2	41	48	55	33	12	48	54	87	18	26	35	26	51	42	14	54	16	23	11	92	11	99	96	65	36	98	94	78	8	15	43	92	37	24	21	45	12	29	16	16	36	8	52	56	16	90	42	21	5	3	34	33	18	73	40	78	85	9	71	58	45	34	97	63	49	43	62	98	20	19	87	51	23	90	98	24	93	93	83	89	26	37	31	56	14	30	20	65	3	48	46	22	58	53	58	52	60	31	82	99	30	23	22	92	64	43	79	38	29	18	63	80	48	46	70	3	47	93	93	85	67	87	14	3	72	48	57	89	41	51	99	92	25	92	21	83	50	8	77	37	13	48	52	71	71	65	93	11	76	49	7	6	39	15	86	4	51	41	40	11	54	25	57	83	65	14	34	26	41	71	36	57	74	68	65	68	23	13	13	84	67	17	38	32	48	52	76	63	55	19	52	22	61	35	12	77	27	7	20	43	14	85	21	50	94	63	91	98	64	15	67	68	36	58	14	66	96	72	77	43	24	8	16	34	1	4	2	79	30	28	43	92	29	63	83	16	41	7	61	30	78	5	44	98	2	69	55	77	69	53	65	4	9	74	97	32	74	72	78	19	78	18	78	97	85	27	66	63	45	0	44	10	82	15	3	24	97	57	93	13	96	11	79	30	80	29	10	80	80	22	39	8	52	24	31	96	38	91	46	91	98	70	2	42	21	4	70	53	36	93	57	91	31	48	47	69	12	99	69	1	11	25	76	25	20	91	2	86	47	3	28	29	43	29	70	98	28	2	86	27	91	12	96	14	17	3	14	98	83	36	49	41	54	17	89	14	45	62	79	70	83	49	99	4	24	37	96	2	61	60	81	32	89	45	63	34	39	25	21	24	58	95	52	44	93	76	30	42	47	28	81	41	1	24	35	11	85	77	74	53	28	57	38	79	74	63	73	23	66	78	71	58	44	74	21	4	36	28	21	7	4	37	51	55	82	90	65	55	29	88	87	77	3	21	38	73	13	40	8	46	23	16	1	6	8	41	86	41	92	80	37	5	27	82	50	19	80	93	87	63	2	64	20	43	83	6	15	80	24	59	72	50	22	12	76	31	78	46	72	15	8	78	82	60	99	77	79	27	43	77	71	61	88	49	75	42	84	24	36	59	96	30	32	27	13	76	28	25	68	63	48	86	6	29	89	37	8	29	40	5	58	50	51	43	39	20	55	33	58	51	71	15	31	9	80	88	89	98	23	12	49	10	13	10	14	20	64	53	30	67	9	75	98	47	36	77	87	74	10	51	10	84	53	19	44	54	46	10	3	73	53	81	82	62	91	52	43	51	50	98	47	35	70	27	55	66	14	40	19	57	4	66	41	88	60	44	15	12	23	85	68	8	74	80	8	71	64	41	32	58	7	85	84	17	25	1	8	37	5	50	3	3	55	6	29	71	35	16	41	16	94	38	92	71	97	31	33	97	32	82	81	93	97	69	96	59	45	85	13	8	1	83	27	26	70	49	26	72	8	41	77	65	53	46	41	61	72	59	28	70	39	89	78	21	39	33	21	60	23	0	39	68	3	91	83	67	49	35	52	57	30	69	2	67	95	51	91	11	3	26	12	25	58	1	16	11	27	13	18	67	97	39	26	88	30	37	19	98	48	12	63	74	39	4	42	93	0	75	99	98	46	7	90	13	11	93	69	22	19	92	99	6	22	13	45	52	70	45	40	80	77	11	26	74	30	62	50	30	44	77	45	72	24	25	45	72	52	50	35	33	93	43	87	6	89	19	85	4	94	68	64	36	86	60	75	31	54	98	9	32	77	30	71	25	21	90	0	20	12	63	74	81	65	83	11	48	75	93	23	12	93	10	17	34	6	91	50	99	27	15	59	91	37	72	35	61	97	24	95	47	40	26	98	68	47	61	22	75	85	86	96	11	31	32	54	93	62	77	6	58	91	99	74	34	44	29	53	65	36	89	17	48	61	2	4	10	88	17	71	34	57	33	3	87	99	87	71	76	98	31	0	80	47	45	62	34	92	45	89	26	66	13	64	4	31	85	24	11	85	58	3	9	91	51	61	44	66	63	77	3	33	36	16	62	87	84	73	89	11	4	84	59	28	29	67	34	69	58	50	96	1	2	87	19	4	4	78	46	16	29	60	52	57	14	94	11	5	38	72	82	59	29	12	61	27	44	83	38	40	14	93	3	9	77	89	96	8	88	2	37	1	51	23	56	48	69	84	50	24	75	14	21	8	48	90	67	65	30	48	82	26	59	63	11	80	58	94	3	56	34	47	6	51	44	61	55	95	81	65	47	28	73	42	33	41	35	99	52	16	14	81	42	80	36	39	63	70	51	93	16	13	25	24	99	15	4	95	35	80	91	80	64	81	75	97	87	94	92	0	13	77	76	25	49	95	92	24	87	29	87	75	43	30	18	25	29	17	81	44	52	3	62	56	40	6	8	94	42	64	23	63	76	40	14	22	36	70	61	75	89	30	74	97	42	79	91	45	88	32	13	10	78	51	60	83	84	84	79	42	13	6	40	68	80	75	16	6	81	4	1	37	98	99	32	45	13	3	42	70	81	35	78	89	90	66	44	66	36	73	73	54	85	54	33	67	95	42	2	16	61	11	6	71	2	94	0	6	73	21	78	53	25	64	72	40	71	7	86	13	40	7	0	26	35	35	26	50	35	33	34	89	74	75	90	17	76	84	28	60	27	80	46	4	86	13	7	80	81	69	22	59	59	54	25	11	64	69	14	71	43	50	95	3	16	82	32	50	86	70	94	50	64	2	81	53	18	31	41	74	78	84	37	89	58	38	6	92	38	55	56	45	86	46	10	7	43	70	53	18	49	45	34	63	53	6	86	72	50	66	7	52	77	34	89	31	54	77	28	35	19	78	82	52	19	25	27	73	80	66	49	85	35	34	39	89	37	71	16	97	78	18	24	47	22	28	44	43	67	99	28	45	51	41	35	55	38	91	3	7	59	92	56	46	41	90	14	47	55	68	17	80	44	84	35	34	87	67	58	60	27	32	79	69	66	30	14	95	78	47	8	72	20	10	16	68	99	72	25	72	85	84	91	10	41	22	31	86	64	79	56	59	67	13	83	52	19	63	66	19	72	18	17	47	57	42	89	17	15	52	97	46	47	3	80	21	25	87	62	41	46	36	69	10	68	71	93	69	77	13	28	2	55	79	52	95	69	92	25	39	91	80	0	98	90	30	85	23	80	81	71	73	39	90	22	91	0	12	92	88	17	9	36	5	62	85	20	34	48	69	73	20	17	8	94	67	49	1	71	39	63	7	69	7	92	3	78	11	2	89	97	26	52	13	30	63	47	11	95	36	36	90	28	34	8	85	91	16	4	72	35	91	54	92	36	85	18	29	2	22	52	19	36	24	78	84	60	48	44	88	19	88	26	10	14	40	38	26	83	5	9	4	45	22	10	9	24	84	6	3	8	29	71	31	62	30	5	65	95	18	98	50	13	27	47	51	56	70	74	2	65	67	97	65	36	39	57	59	71	59	12	79	69	26	42	96	3	33	19	83	91	20	48	50	95	73	72	72	68	31	1	86	82	86	43	59	84	96	32	68	33	51	62	33	11	36	46	28	33	65	93	21	4	73	35	61	99	22	33	83	66	87	95	38	13	23	45	60	48	72	15	66	34	55	15	47	99	68	63	94	51	99	19	57	15	82	7	10	2	35	85	25	48	95	28	22	46	39	4	21	42	98	56	48	69	56	50	84	57	20	67	29	5	19	60	19	85	70	87	21	65	32	19	81	81	73	25	53	27	91	80	94	63	19	48	66	1	15	43	91	58	61	76	69	34	90	38	63	49	24	20	43	14	43	74	11	0	31	58	1	57	3	57	6	61	20	86	72	83	95	86	90	11	23	30	26	93	2	95	0	53	9	64	94	61	1	93	93	27	27	17	55	31	28	45	94	35	41	54	39	70	45	61	54	76	36	82	13	41	9	3	85	30	24	31	20	10	11	18	87	76	47	35	7	52	3	32	94	33	66	53	87	37	94	69	68	88	73	54	65	78	61	6	77	12	61	49	78	52	33	69	
45	81	63	53	49	70	80	1	94	63	56	13	31	31	78	1	19	93	61	23	83	35	48	54	54	86	3	38	79	31	3	25	7	55	13	99	96	90	63	38	95	63	96	9	89	5	83	72	42	34	32	93	16	96	0	96	11	82	40	66	13	38	17	5	7	45	49	69	53	64	51	52	73	83	58	30	88	65	58	44	66	85	44	72	5	90	89	42	54	74	88	24	16	0	24	34	46	25	18	83	19	98	58	41	71	57	62	61	95	54	67	12	76	87	65	34	79	96	97	14	86	22	49	71	84	10	14	19	3	98	52	35	37	50	57	51	9	16	86	54	38	28	47	71	64	31	73	80	40	14	79	94	2	35	19	98	97	14	29	69	9	40	72	83	19	23	81	35	77	27	86	8	86	66	4	96	76	32	3	71	25	94	37	80	24	57	2	3	76	23	36	48	16	28	12	57	55	29	34	87	25	4	36	19	91	81	6	45	34	1	90	68	23	46	76	31	39	0	34	12	71	17	9	84	80	40	45	84	64	80	52	36	10	26	2	51	41	53	25	16	92	52	70	33	22	16	65	11	67	44	87	54	71	71	51	5	21	90	39	27	65	20	39	78	52	36	58	95	55	94	97	35	72	92	60	23	75	77	16	79	17	77	84	59	87	94	95	57	90	78	33	61	62	32	55	18	18	39	34	89	93	58	76	60	92	52	57	19	38	88	74	68	74	25	93	7	90	54	26	74	55	14	74	62	6	4	10	27	23	59	92	70	76	34	72	53	2	48	75	5	22	93	50	2	80	17	47	17	98	71	90	64	77	19	32	44	90	49	31	53	13	56	17	79	39	31	32	19	80	79	94	61	80	46	2	27	63	57	95	85	36	33	37	85	78	91	54	15	46	32	21	1	67	13	1	99	96	2	70	98	83	10	77	76	0	89	43	62	10	55	21	68	16	91	29	55	35	72	11	53	62	29	60	98	88	41	25	92	2	7	0	63	59	62	17	1	98	16	17	78	49	50	37	84	85	69	14	87	58	79	41	96	62	99	0	89	26	39	23	79	6	20	87	37	24	75	46	95	89	4	55	67	97	50	41	25	59	45	56	7	61	50	77	36	31	50	73	33	64	77	94	86	22	50	0	76	26	56	63	13	89	62	95	22	39	63	34	78	22	90	55	73	94	62	85	97	49	89	11	54	20	1	41	4	12	91	83	78	96	61	43	76	40	78	21	89	97	67	50	20	44	61	12	10	58	49	7	77	96	89	44	26	10	48	13	2	23	84	48	72	24	38	84	68	32	53	81	93	22	5	89	54	20	26	41	52	61	83	90	20	41	45	88	34	56	27	0	92	25	16	16	63	59	64	67	38	88	35	46	45	60	7	46	0	58	57	43	99	57	17	4	83	63	33	3	96	56	72	57	55	39	44	98	56	16	65	84	98	13	72	48	52	81	3	10	12	82	38	52	12	2	50	35	91	89	17	11	23	40	63	66	80	76	10	36	61	26	54	52	98	57	75	98	61	60	65	3	62	15	14	21	78	80	54	25	79	79	39	56	21	34	79	79	10	18	88	79	29	59	2	26	37	71	57	71	67	39	57	5	79	27	5	60	98	64	64	0	41	16	52	52	46	8	73	72	29	52	46	65	59	86	98	60	42	23	64	62	86	59	79	84	4	27	77	48	64	36	65	91	8	96	80	60	68	18	5	25	49	61	66	46	88	32	95	74	63	87	37	12	41	51	3	5	24	62	3	88	25	48	8	52	54	74	51	7	54	21	76	46	91	71	21	34	59	76	54	83	25	41	65	31	16	75	34	59	23	32	19	28	20	88	28	3	5	60	3	52	81	46	97	41	39	5	85	63	26	76	47	66	73	16	46	20	95	12	71	70	75	3	52	13	44	81	73	78	25	11	84	1	13	43	78	12	87	53	7	72	23	58	56	94	73	67	63	14	44	86	93	78	44	31	82	15	29	15	91	18	78	52	74	60	79	5	36	33	0	1	65	33	39	20	82	88	44	67	59	52	9	95	39	21	23	39	94	21	64	36	81	25	44	92	14	34	56	28	42	17	85	59	98	67	20	80	38	36	34	68	96	23	97	30	56	79	85	62	68	26	66	74	93	66	39	17	47	26	84	60	84	8	6	62	5	96	15	31	6	73	70	85	57	67	94	51	79	22	19	29	24	25	98	45	58	71	52	63	1	50	46	93	43	59	73	79	57	11	95	66	76	19	27	91	36	68	12	57	31	54	32	1	99	13	0	40	22	12	75	45	7	5	5	71	1	96	66	65	59	40	89	19	56	11	30	10	59	38	7	8	45	55	86	90	73	1	61	20	2	82	24	60	35	39	89	18	26	66	27	24	71	18	25	78	25	58	96	4	23	29	55	14	57	49	83	62	45	55	21	80	76	76	67	53	98	88	50	95	64	99	77	27	2	23	74	41	89	26	80	54	70	73	40	95	9	60	91	61	32	89	30	53	59	25	13	69	27	60	79	64	94	12	47	80	24	49	47	47	94	93	83	73	17	5	26	6	71	21	11	37	32	47	68	54	30	55	15	42	21	11	86	14	70	35	69	35	62	73	24	22	19	14	15	72	33	26	80	59	66	19	52	58	70	69	24	83	94	90	77	40	71	18	11	65	83	15	45	10	62	62	66	18	42	23	40	41	30	72	0	72	2	89	10	12	92	60	93	94	95	34	96	83	59	87	49	36	13	20	33	63	67	88	69	91	41	25	86	31	21	47	12	98	26	37	45	83	43	88	6	23	44	33	34	66	47	91	74	13	95	62	40	54	57	35	96	2	6	72	0	58	50	1	52	2	32	79	38	92	48	23	78	60	19	70	33	73	17	74	61	30	29	34	83	88	82	29	75	69	44	62	43	85	39	7	31	55	15	98	32	49	76	1	96	90	43	5	18	25	81	46	95	8	20	46	1	71	70	40	24	27	26	23	0	75	87	57	94	36	50	27	75	10	70	74	50	33	19	7	27	65	7	2	91	61	73	15	6	70	61	53	80	40	40	35	39	47	48	78	99	47	40	30	33	63	39	51	31	54	28	63	22	89	46	97	68	11	0	62	94	50	21	77	61	93	38	96	73	27	37	94	30	30	34	69	35	34	75	2	40	20	28	58	89	47	35	36	46	65	54	62	99	33	11	48	55	41	13	33	73	18	66	52	13	6	79	1	99	98	57	55	62	27	29	78	24	78	57	82	62	59	59	96	51	63	43	99	14	21	85	62	91	23	81	55	69	64	23	61	63	91	19	23	85	89	52	14	75	90	2	48	76	67	2	78	60	21	92	51	76	53	21	3	16	37	94	1	24	46	24	5	59	26	8	0	69	7	14	42	84	95	95	91	11	80	67	70	2	71	12	59	43	44	16	32	82	56	75	96	13	47	2	61	99	28	96	29	35	20	16	41	97	38	52	14	15	96	0	39	55	52	16	35	1	28	80	33	60	98	53	51	51	73	57	7	58	86	94	40	44	37	48	5	95	79	67	13	69	38	65	29	20	58	39	53	61	48	54	0	97	13	62	62	96	30	6	29	64	89	41	7	72	63	94	47	16	20	63	24	7	76	84	41	75	9	34	80	17	3	52	67	5	14	69	20	86	12	12	8	9	51	78	54	93	30	22	34	54	98	85	14	59	33	25	51	63	6	6	82	69	50	93	52	72	22	65	97	82	38	38	74	19	30	62	19	1	93	9	64	52	85	83	99	67	52	89	18	36	33	58	55	62	50	20	62	52	16	41	6	83	36	25	82	44	0	27	71	8	69	90	5	43	88	61	75	13	23	76	37	68	17	75	30	38	82	59	17	37	27	41	88	38	57	38	67	55	14	29	30	11	97	19	25	49	63	35	48	61	76	63	79	84	81	78	79	44	9	85	66	17	21	96	88	23	5	79	59	20	45	0	14	85	68	2	26	13	45	85	2	94	1	76	66	12	39	91	46	80	23	20	35	2	5	60	92	63	58	67	36	79	25	13	6	69	85	71	15	22	95	40	92	71	99	78	30	12	77	26	59	8	44	50	76	19	25	20	30	36	66	46	61	97	73	60	61	47	97	54	3	32	25	59	63	3	44	28	16	46	61	70	18	20	98	73	77	38	67	47	2	28	77	0	5	57	11	93	81	63	34	29	40	89	80	95	87	20	44	49	38	69	63	54	65	41	80	47	26	76	50	34	71	43	18	87	56	59	81	65	95	59	37	48	95	36	67	80	80	97	95	8	60	33	16	78	31	42	17	73	1	61	71	47	78	91	83	73	3	62	51	73	39	34	97	90	38	9	11	57	4	80	70	29	60	61	99	48	3	44	4	91	59	47	46	51	62	78	3	98	82	52	90	76	16	27	72	67	25	60	86	59	8	35	45	38	33	73	58	69	63	58	61	21	91	1	31	43	72	6	78	25	29	30	8	80	66	33	25	89	25	82	76	79	30	19	54	97	71	92	61	32	26	24	8	14	46	20	42	6	24	67	44	33	50	73	96	60	72	63	7	33	13	21	54	59	82	61	38	75	2	31	4	60	52	65	79	62	34	32	55	99	59	16	81	28	92	96	89	67	55	46	63	98	37	70	56	48	52	91	98	83	42	62	61	56	68	93	95	53	75	83	74	80	7	85	85	91	94	21	81	14	12	4	28	76	10	11	91	26	87	92	88	85	72	41	31	67	67	84	50	89	60	26	37	4	4	52	34	28	58	40	23	57	19	15	19	4	14	83	58	82	53	61	33	48	99	90	28	53	69	47	81	57	59	99	79	96	59	63	15	4	34	22	58	93	27	74	71	82	30	20	21	32	99	70	19	88	71	98	9	34	50	26	77	27	28	95	7	97	89	71	32	23	53	6	14	37	65	83	20	43	94	9	66	25	79	37	91	48	50	16	10	55	99	53	98	2	26	91	38	49	16	21	39	81	90	11	73	99	27	75	85	0	48	29	35	94	91	49	7	85	35	19	97	23	40	57	53	35	13	22	98	33	65	71	75	36	52	96	14	36	10	0	28	10	33	10	74	71	44	82	50	62	83	95	27	25	54	38	48	59	53	12	74	5	91	33	5	90	69	62	70	55	24	71	48	62	55	25	67	76	66	20	87	40	77	81	37	78	15	89	33	37	27	97	22	99	60	49	32	9	78	37	84	12	16	66	16	54	33	96	77	40	21	13	13	40	84	43	51	38	98	10	63	0	0	12	84	71	63	61	89	32	7	15	78	80	91	73	89	75	76	76	54	16	68	80	16	10	59	66	33	51	65	41	81	97	30	40	22	72	83	12	43	9	52	3	43	84	95	56	70	43	2	31	13	16	13	61	53	83	28	29	35	34	26	42	10	34	66	61	2	8	29	8	57	58	98	8	68	73	23	30	48	65	18	8	29	25	96	24	74	25	58	84	18	43	68	27	13	10	75	97	65	85	74	80	56	97	9	78	70	16	49	50	3	25	4	39	31	4	69	55	62	43	25	97	81	36	4	54	70	58	38	99	37	93	89	64	66	64	78	88	45	95	43	29	14	53	70	93	95	64	98	36	12	26	80	23	67	27	12	8	53	17	39	16	18	90	19	13	24	66	30	5	30	59	35	99	25	17	68	3	46	63	67	28	58	50	60	
10	11	20	2	11	14	9	9	5	20	20	19	1	10	18	9	8	5	2	13	3	6	19	16	18	7	17	18	7	15	2	1	8	5	10	18	4	16	10	9	20	7	16	19	11	2	12	18	8	17	15	19	14	3	11	10	12	8	20	13	4	17	3	9	7	11	5	6	1	16	16	1	17	15	9	13	18	10	3	4	14	15	9	6	18	13	5	9	6	14	9	12	12	3	6	6	18	1	4	7	5	13	10	1	9	3	16	4	12	6	2	17	18	13	19	13	8	17	7	13	12	1	3	19	15	20	11	7	1	16	6	7	4	2	4	2	20	15	2	19	11	11	1	6	9	16	10	9	16	3	9	7	4	1	9	3	19	14	18	5	1	8	13	3	8	16	3	13	4	15	1	12	3	10	20	13	1	13	9	13	12	14	17	2	5	2	13	20	8	5	10	4	2	18	9	16	1	4	15	8	17	13	9	5	8	9	8	16	11	15	9	19	14	2	9	6	18	8	6	10	13	5	11	1	12	8	10	2	11	8	20	16	3	19	18	7	2	6	6	9	17	1	7	18	4	14	7	15	9	10	3	5	4	6	5	14	7	19	20	5	14	1	14	14	6	18	4	15	18	3	20	11	12	13	6	16	13	13	6	4	4	19	18	4	4	3	11	5	5	20	2	4	12	16	12	7	15	3	18	18	10	8	9	10	7	2	10	20	18	6	18	13	12	15	17	3	7	12	6	6	12	2	17	7	19	20	2	3	17	5	16	7	16	19	14	9	5	15	3	9	19	1	10	12	18	3	17	15	12	2	18	20	8	14	20	10	19	1	9	8	13	4	18	1	1	3	19	12	6	4	3	20	3	16	19	6	13	13	2	12	3	13	10	10	12	15	1	17	9	9	7	7	1	8	9	16	2	1	20	18	8	4	17	9	10	8	9	6	10	4	2	19	12	15	20	20	18	8	3	19	1	13	2	8	13	15	17	20	4	3	10	9	15	2	8	11	18	5	1	20	11	4	15	12	3	18	10	4	14	10	19	10	14	19	11	2	15	4	15	13	12	15	4	1	15	9	4	6	8	11	2	10	18	9	17	5	18	6	9	1	7	5	15	5	8	9	20	1	6	9	9	11	12	7	16	14	1	20	16	11	6	9	16	9	17	19	4	20	19	11	17	14	20	14	8	6	3	16	14	17	6	20	5	16	15	17	15	13	4	16	6	13	7	7	2	15	10	11	11	2	4	2	11	4	4	4	6	2	1	6	11	17	18	2	15	18	3	12	6	20	18	4	12	20	5	13	10	14	17	1	12	6	11	3	4	12	7	11	2	3	10	1	11	15	16	16	13	3	15	3	11	12	15	13	20	11	8	16	2	1	3	19	5	7	12	15	13	3	8	7	7	10	19	18	11	7	8	7	9	17	7	18	5	13	18	10	6	14	4	12	3	10	5	7	2	10	3	9	5	8	17	10	10	15	3	4	17	10	3	7	14	4	20	14	17	4	13	3	20	18	14	16	10	15	12	18	2	6	11	15	11	15	8	10	12	13	8	18	14	13	12	3	15	14	9	10	11	7	12	17	12	14	6	7	14	20	8	3	11	5	3	14	20	4	4	15	20	4	16	1	11	15	4	16	20	9	1	6	8	17	12	18	17	14	18	19	20	2	16	13	9	13	7	14	17	14	1	13	14	18	2	14	15	16	6	20	9	11	16	11	1	4	7	12	11	19	10	16	20	6	20	12	14	10	20	6	9	4	1	18	19	16	1	13	8	4	14	4	14	9	19	12	13	19	6	19	2	8	20	4	19	13	2	14	1	6	1	18	4	17	18	3	1	15	6	4	18	1	14	8	15	7	15	18	2	7	6	11	11	14	4	6	7	20	17	6	13	19	20	2	15	16	13	1	8	8	12	4	20	3	4	6	13	11	8	18	8	4	15	11	20	12	8	8	9	17	9	14	9	17	8	12	7	8	8	13	12	1	19	9	4	6	2	9	17	7	10	14	7	7	7	8	4	4	8	2	16	9	19	6	1	1	18	1	11	12	20	8	20	19	20	3	7	3	11	1	15	6	15	17	8	20	9	5	10	3	1	2	16	7	9	17	10	9	1	19	17	18	7	12	6	8	20	19	3	3	16	3	3	20	16	6	4	9	11	9	12	2	19	16	18	9	20	6	5	9	5	18	20	10	11	2	2	18	8	3	15	4	9	10	16	12	18	19	2	7	9	13	6	15	19	11	1	12	20	7	5	6	2	8	11	20	11	18	10	17	7	1	3	2	13	16	11	5	5	4	9	9	11	11	1	5	12	10	1	12	1	4	6	1	16	17	5	15	5	7	2	16	17	6	3	6	13	20	12	16	18	4	8	8	4	10	19	1	4	13	18	12	12	13	11	16	7	10	10	14	8	3	14	20	6	1	15	4	13	8	3	7	14	5	15	15	4	1	6	3	20	20	6	5	6	20	14	9	16	15	9	8	10	1	18	7	6	13	4	20	1	1	2	2	7	10	19	5	1	9	7	3	9	2	10	11	4	12	19	17	14	9	10	14	12	17	15	11	12	16	1	10	11	10	16	7	9	9	20	3	20	14	8	20	20	17	20	2	6	13	17	10	9	5	7	9	19	2	1	5	19	7	3	13	2	19	10	1	16	5	11	7	7	7	15	6	15	9	7	18	10	15	19	12	8	1	14	17	19	5	8	11	11	11	14	18	10	10	5	15	9	9	14	4	4	10	2	20	20	18	6	10	19	10	3	3	13	18	18	6	5	19	20	7	18	11	7	10	5	1	11	9	16	18	17	9	11	3	15	8	20	12	17	18	16	20	12	20	7	19	13	8	15	17	5	14	1	16	17	12	1	17	19	14	13	6	6	5	17	12	6	1	14	1	13	13	11	14	8	10	11	5	4	8	16	3	13	11	3	1	11	14	11	15	2	15	1	16	6	9	15	12	14	7	2	11	4	4	12	10	7	16	4	9	10	8	4	15	5	2	8	3	13	15	9	13	6	5	4	5	16	4	8	4	6	9	8	6	7	2	14	5	15	2	11	15	12	13	11	12	13	14	12	5	2	8	13	3	14	6	9	12	10	13	4	13	9	8	7	5	11	16	11	12	10	5	15	2	2	1	14	14	16	10	6	16	2	8	12	14	2	11	11	15	5	14	1	9	2	2	8	16	6	6	9	7	16	11	1	1	16	7	4	15	6	11	7	4	12	16	8	16	8	9	16	11	4	11	14	7	5	4	12	4	1	12	3	8	5	16	3	12	14	2	7	3	15	8	6	5	15	9	5	3	12	10	13	3	11	8	3	8	13	11	10	11	13	8	4	1	2	10	5	1	8	14	11	1	16	3	15	14	5	10	13	10	15	6	13	11	14	14	6	10	13	12	15	12	1	15	12	4	11	3	11	6	11	9	13	9	13	15	16	4	1	6	3	5	4	14	3	7	8	11	14	13	13	14	15	9	10	7	9	11	16	12	16	13	13	9	16	9	16	4	7	7	15	9	4	11	9	8	3	2	6	13	13	16	7	1	7	8	11	4	8	6	1	15	8	5	12	13	16	9	2	12	1	13	11	7	2	12	4	16	11	8	16	16	2	15	16	4	10	4	5	13	11	16	13	3	10	5	4	3	6	12	4	3	10	4	10	4	5	7	10	9	13	9	13	14	3	5	2	2	6	7	8	14	5	9	16	10	14	10	8	7	8	16	11	5	2	13	1	1	8	2	13	12	13	10	8	10	13	13	7	16	8	13	9	15	1	2	15	13	8	11	1	5	12	9	10	9	13	10	2	11	2	15	6	6	13	10	2	6	16	13	4	5	12	10	10	9	15	8	5	2	7	11	10	14	3	2	14	10	13	7	3	1	8	1	12	10	4	2	14	6	16	13	1	3	3	3	4	12	13	2	8	9	11	9	16	6	2	8	4	11	3	2	11	16	6	10	9	11	11	3	9	4	15	3	3	14	6	9	7	6	9	8	13	8	8	11	14	6	6	8	7	6	15	6	2	15	15	7	13	1	10	14	2	3	13	10	1	5	2	2	16	11	4	13	2	9	7	14	16	8	14	12	1	16	2	7	11	16	13	10	4	2	5	11	12	16	15	9	10	15	2	10	13	16	4	1	4	9	9	13	3	16	15	4	4	10	13	3	2	14	2	5	8	6	13	2	10	14	13	10	15	1	12	1	4	12	14	1	3	5	9	1	13	10	11	11	13	15	14	6	11	12	13	2	15	4	1	8	3	4	16	16	10	9	12	7	5	9	16	3	1	7	7	10	4	3	11	14	5	12	8	10	11	13	16	7	5	13	13	16	14	16	15	13	1	3	13	5	9	3	15	5	12	12	16	14	10	5	2	3	2	12	5	5	9	1	9	15	14	7	10	3	11	4	13	10	9	16	12	6	5	11	7	13	5	6	4	4	12	13	8	3	6	5	8	4	1	15	2	2	13	10	4	13	16	9	4	3	4	1	10	13	15	13	14	15	16	16	15	1	16	2	12	14	9	7	11	9	10	12	3	11	14	2	15	10	9	1	4	11	2	12	1	14	15	10	1	3	7	9	7	2	12	16	6	15	12	2	4	2	11	5	5	5	5	6	16	7	2	15	6	14	2	14	5	5	15	12	13	7	3	8	4	12	2	12	15	6	9	8	8	3	14	2	7	14	12	8	9	6	8	12	16	3	10	12	16	6	12	5	1	13	12	9	5	10	13	12	14	15	3	10	6	13	2	10	11	2	1	6	14	9	14	14	11	11	8	15	2	3	11	7	14	11	2	6	3	7	6	3	11	8	6	16	4	3	2	5	10	5	10	15	14	2	8	3	2	6	7	12	10	10	7	5	13	13	1	8	6	8	15	8	14	12	9	14	10	9	9	9	12	4	9	9	13	16	3	15	4	10	7	9	1	4	13	15	12	5	10	2	7	4	16	7	7	14	13	14	4	5	15	13	13	3	1	14	12	1	4	16	4	2	6	16	10	6	7	16	7	7	1	14	14	3	3	7	2	2	6	2	4	14	1	14	1	13	10	15	9	15	5	14	6	16	16	15	3	4	12	12	3	9	14	2	1	11	15	13	6	12	7	12	7	10	8	15	14	8	6	2	13	12	4	11	7	6	11	3	1	15	8	15	7	2	14	12	8	9	3	6	1	11	8	2	3	4	2	8	9	6	11	9	13	2	1	8	6	2	6	1	11	7	2	9	6	2	4	8	6	3	10	12	3	1	15	16	12	14	4	14	9	1	10	10	10	15	13	7	2	13	10	4	13	15	9	12	11	5	15	11	6	2	6	7	11	14	6	12	6	14	14	10	14	8	3	3	13	9	9	13	3	16	8	8	2	5	6	13	15	10	8	13	14	16	1	1	7	7	4	7	1	7	14	2	7	12	2	5	10	16	13	2	7	3	11	2	5	1	16	15	3	1	1	9	6	9	10	16	12	3	13	16	4	14	2	1	15	13	15	6	8	15	8	15	13	5	10	12	5	3	16	1	5	1	3	4	14	15	2	14	7	4	3	13	9	12	13	16	5	16	1	11	12	14	8	3	10	7	11	4	16	16	5	9	2	10	15	5	10	16	13	2	2	4	8	5	1	12	1	12	9	13	16	
940	460	650	410	210	660	510	760	880	640	390	590	230	230	570	780	950	950	760	130	820	830	940	660	480	620	490	370	980	330	890	580	790	950	380	330	870	770	940	930	960	930	440	790	740	610	710	420	830	270	150	180	500	310	310	830	810	230	160	930	910	650	850	460	500	350	140	840	220	880	800	470	550	230	330	940	760	190	190	700	980	830	160	500	320	240	890	110	810	970	170	180	560	700	600	490	900	380	770	600	500	160	420	390	100	980	920	930	300	550	230	760	180	120	620	540	170	960	890	130	280	140	770	650	160	120	930	780	760	520	100	210	770	590	780	720	320	370	980	860	860	490	350	960	630	650	550	1000	300	150	410	920	940	860	760	120	310	810	510	100	530	620	310	760	410	540	980	290	110	730	630	950	320	170	880	580	420	390	660	840	940	960	1000	250	530	970	720	100	660	520	730	950	810	240	1000	100	870	500	610	530	990	800	470	910	270	960	480	950	920	970	780	730	880	330	360	640	560	210	160	210	910	800	370	120	340	950	990	670	790	280	330	220	840	230	230	330	430	790	810	940	930	140	330	360	600	630	900	770	750	940	730	120	610	230	990	130	630	480	870	240	870	450	550	870	140	480	350	820	280	120	390	170	160	890	500	660	520	390	870	380	960	1000	560	580	130	350	920	270	930	120	290	580	200	900	750	960	870	290	610	890	490	180	900	300	150	360	800	920	220	220	380	160	490	910	480	290	450	490	110	970	860	400	230	940	920	800	550	280	480	810	960	950	500	170	360	730	610	980	310	900	990	560	440	460	230	670	400	350	970	680	820	700	930	960	240	150	950	290	910	130	330	220	590	500	950	140	520	910	440	220	540	160	100	140	360	900	620	820	500	750	730	370	670	310	410	320	610	610	380	540	370	310	960	630	880	250	420	870	480	690	210	810	490	340	740	670	440	320	920	550	980	1000	430	520	870	350	470	510	170	520	800	240	670	260	980	510	830	460	390	870	910	560	530	890	410	470	860	840	920	250	680	170	310	640	530	710	380	460	770	790	310	220	530	350	230	620	320	120	430	750	490	770	420	320	860	970	800	1000	180	370	340	410	440	170	980	130	680	590	720	260	200	130	800	260	260	530	470	940	530	840	170	820	460	990	510	480	190	780	350	800	160	590	370	490	930	210	690	170	420	750	570	200	140	770	260	170	480	360	160	980	240	610	740	350	390	500	330	1000	920	800	730	680	700	830	670	790	820	110	160	670	160	930	270	600	640	530	170	450	580	170	350	260	120	470	980	520	470	300	580	960	610	810	430	180	890	210	260	980	440	810	600	510	580	180	610	870	890	790	350	490	530	860	520	1000	540	960	510	640	510	990	680	840	810	620	580	710	990	120	830	650	970	450	860	660	190	340	910	810	160	200	960	860	840	360	620	500	980	460	110	140	700	490	160	400	580	880	400	980	430	810	320	630	440	950	930	360	100	540	620	760	350	460	980	210	250	170	840	580	390	450	740	980	600	110	180	810	100	150	1000	290	720	610	530	750	660	310	520	540	480	860	980	330	180	390	740	310	360	820	970	820	970	640	480	700	170	490	410	520	390	270	560	840	780	230	270	780	260	700	280	370	680	590	920	290	180	730	120	980	460	360	110	810	620	180	760	720	660	660	500	530	660	250	260	840	550	830	390	850	430	400	790	790	380	490	960	430	200	390	640	810	990	300	110	780	670	560	380	360	250	670	310	970	230	320	1000	950	690	510	190	240	230	330	900	350	580	130	700	520	460	430	640	940	420	960	110	350	920	780	960	960	680	890	660	150	870	850	990	520	270	950	250	800	930	250	110	140	340	510	680	460	660	900	720	470	270	900	210	470	150	970	680	510	600	110	270	360	580	940	200	470	340	920	440	940	580	440	420	780	490	820	760	540	810	230	920	380	520	380	450	270	360	570	570	910	990	260	840	740	430	860	500	780	900	450	780	880	410	740	870	510	360	320	170	830	220	260	440	710	510	400	120	820	700	410	750	460	260	450	920	530	770	780	210	170	180	710	530	790	480	500	340	180	440	500	570	810	820	640	410	160	100	700	860	580	200	290	950	980	700	580	170	510	780	800	650	630	270	200	770	150	260	460	150	270	690	330	170	420	240	220	550	450	650	580	960	440	710	540	320	830	640	1000	270	490	160	120	820	490	580	220	120	270	900	750	130	580	630	360	930	560	750	820	110	600	170	400	680	570	790	720	150	380	740	450	130	510	250	900	880	750	410	670	410	260	630	600	740	600	420	410	220	310	860	910	950	470	500	740	220	580	600	250	130	450	780	800	860	760	820	730	680	530	600	640	610	510	360	630	100	300	310	220	490	450	960	420	800	770	310	620	860	740	940	790	980	910	420	370	400	640	620	770	720	590	220	380	260	690	130	420	500	660	540	470	910	710	400	180	990	610	330	950	290	930	930	110	640	760	470	710	290	260	810	690	170	450	290	950	1000	650	800	920	380	960	230	880	710	990	830	740	480	530	580	400	1000	390	720	240	130	1000	270	550	910	840	470	460	220	840	280	710	450	930	150	980	300	530	920	650	140	230	310	660	660	940	1000	170	540	720	740	490	350	130	310	340	660	700	340	710	230	430	800	610	570	480	390	720	570	400	100	620	820	830	400	510	970	860	470	310	970	740	970	770	430	840	930	640	970	280	230	170	630	830	740	280	950	970	310	780	960	250	970	510	520	510	650	670	250	890	460	470	120	880	140	750	880	930	850	270	590	250	590	380	160	720	460	210	350	940	390	810	300	680	490	950	740	840	490	130	360	420	220	560	750	880	640	130	840	520	650	310	270	840	890	660	570	520	610	550	910	980	500	430	190	620	170	290	580	660	630	200	530	150	710	190	350	250	760	100	610	700	910	550	240	630	840	570	340	180	960	280	910	720	210	390	960	650	810	460	270	980	770	550	180	970	640	630	870	410	160	670	220	200	570	780	460	580	870	840	390	980	110	780	200	690	690	550	600	140	400	770	300	150	560	480	860	290	230	100	510	250	620	630	690	360	450	950	930	530	600	280	100	410	830	250	170	970	950	800	710	930	740	810	930	370	390	230	450	380	330	400	350	950	540	1000	830	330	490	730	910	700	920	440	140	920	780	470	950	490	230	490	450	320	970	220	540	790	880	120	760	700	920	480	430	310	720	580	260	490	810	340	960	620	350	970	820	560	450	580	530	740	800	750	770	710	100	700	750	720	490	520	740	740	400	950	250	240	900	850	1000	590	250	890	360	830	930	720	810	390	500	560	740	750	330	410	270	560	980	460	380	670	140	820	200	200	930	380	720	700	110	500	120	640	170	700	290	590	590	350	920	1000	870	470	950	200	260	580	810	170	550	270	240	190	860	240	980	190	340	990	580	280	410	880	620	420	560	890	410	370	910	130	110	110	900	350	180	990	590	430	570	310	820	940	510	470	940	560	250	500	890	110	590	750	460	330	680	560	470	840	400	600	390	580	430	500	140	1000	300	900	480	230	500	460	540	490	750	810	320	920	430	740	160	640	110	310	1000	170	100	550	690	540	960	770	800	800	250	520	810	840	860	320	480	580	150	160	390	690	990	140	430	320	200	100	540	250	840	920	570	860	430	850	870	340	130	470	270	250	550	530	100	320	520	480	690	990	930	620	440	210	860	620	550	770	280	450	510	730	500	600	500	290	120	420	460	440	910	930	280	740	420	480	500	730	410	800	650	920	630	770	360	650	540	990	770	100	490	410	900	420	780	840	280	200	210	390	720	300	580	630	540	980	190	500	810	170	120	530	320	340	390	420	270	220	610	650	640	480	740	570	700	400	120	700	900	880	680	270	750	470	830	350	190	990	270	520	380	670	150	420	840	720	540	980	190	890	310	670	480	420	600	400	920	630	750	270	140	800	140	550	520	530	290	250	570	350	740	210	110	820	400	730	630	480	670	800	890	470	510	890	160	930	460	430	530	560	490	320	990	180	550	410	1000	980	810	980	260	710	650	650	780	380	970	280	700	850	260	370	510	630	330	510	530	430	980	570	470	650	610	270	950	860	290	640	950	620	790	290	610	340	550	820	780	220	670	220	940	990	120	550	730	540	140	860	240	940	220	670	970	830	340	460	990	160	950	340	180	980	740	930	450	970	850	610	520	580	220	710	890	1000	580	360	230	630	490	280	420	630	990	110	510	690	850	740	220	140	180	300	380	560	670	970	990	550	640	840	500	770	880	220	250	870	380	460	590	280	810	870	330	750	350	470	1000	270	100	740	410	830	830	570	330	690	600	320	420	530	920	420	880	120	790	230	550	590	450	610	310	900	390	110	320	240	410	220	720	380	900	840	470	560	810	430	360	540	250	750	410	270	800	520	420	620	570	780	110	350	800	480	920	300	710	510	820	310	990	830	840	960	570	160	810	100	380	810	190	510	870	180	950	660	550	910	720	720	130	570	800	730	400	1000	980	420	670	390	150	830	650	120	620	360	420	150	110	530	710	450	120	240	570	210	390	750	860	840	260	260	150	800	170	540	900	950	420	740	380	190	150	530	670	910	540	590	620	850	250	400	570	130	390	380	660	680	350	330	860	320	690	130	650	380	940	720	180	640	450	620	350	260	170	100	150	580	400	760	400	460	260	890	500	230	230	790	580	590	150	270	870	510	170	460	320	640	190	300	880	600	130	860	610	1000	850	440	600	530	860	170	530	370	850	940	150	950	870	130	460	880	770	510	280	150	530	420	790	940	930	400	790	270	180	390	560	460	820	710	590	290	630	620	990	490	390	960	830	500	720	600	350	530	520	680	110	940	350	310	840	510	270	590	670	920	850	810	820	990	750	970	310	990	1000	750	100	800	870	920	450	750	150	170	840	890	900	520	930	990	180	680	190	780	750	350	410	930	110	980	580	840	620	280	230	260	450	990	750	470	840	390	560	530	670	560	320	690	150	380	810	110	970	160	670	610	710	170	890	510	160	410	580	890	760	410	690	300	390	500	750	370	220	630	200	660	320	990	480	100	730	330	120	960	120	770	410	360	760	140	510	190	520	870	450	1000	150	190	270	480	840	890	840	940	800	710	850	830	520	200	210	400	200	660	800	890	940	510	810	870	480	440	900	100	310	180	230	710	410	350	650	980	390	540	970	760	510	380	140	220	370	410	800	850	890	500	490	620	670	560	990	390	930	610	640	490	420	780	600	480	950	260	180	470	270	290	970	900	240	970	500	610	890	170	960	600	450	140	650	230	780	530	930	820	670	180	780	880	200	650	970	320	890	540	450	140	560	580	260	930	710	970	730	930	560	970	170	530	170	430	480	250	780	920	550	740	350	440	350	130	300	880	720	420	660	850	750	530	860	630	240	160	380	890	850	530	160	140	620	470	120	220	140	610	200	730	940	410	720	440	830	530	950	870	620	220	830	410	190	500	440	850	750	800	780	730	300	860	130	150	650	110	390	820	770	410	970	320	580	910	610	920	330	220	890	880	270	840	690	360	120	220	770	530	230	540	970	670	540	920	920	1000	430	460	670	600	850	720	540	620	310	820	860	890	790	240	370	410	480	370	590	610	610	460	820	520	850	520	380	500	740	430	680	420	510	190	140	380	760	500	640	390	170	580	460	600	680	590	450	700	380	110	600	370	1000	400	340	750	350	360	100	850	230	
10
