3465
100
3
70
0	0	0	500	0	0	0	0	0	0	0	0	0	0	0	500	0	0	0	0	0	0	0	0	0	0	0	0	0	500	0	0	0	0	0	0	0	0	0	0	0	0	0	0	0	0	0	0	0	0	0	0	0	0	0	0	0	0	0	0	0	0	0	0	0	0	0	0	0	0	0	0	0	0	0	0	0	0	0	0	0	0	0	0	0	0	0	0	0	0	0	0	0	0	0	0	0	500	0	0	
0	0	0	0	0	0	0	0	0	0	0	0	0	0	0	0	0	0	0	0	0	0	0	0	0	0	0	0	0	0	0	0	0	0	0	500	0	0	0	0	0	0	0	0	0	0	0	0	0	0	0	0	0	0	0	0	0	0	0	0	0	0	0	0	0	0	0	0	0	0	0	0	0	0	500	0	500	0	0	0	0	0	0	0	0	0	0	0	0	0	0	0	0	0	0	0	0	0	0	0	
0	0	0	0	0	0	500	0	0	0	0	0	0	0	0	0	0	500	0	0	0	0	0	0	0	0	0	0	0	0	0	0	0	0	0	0	0	0	0	0	0	0	0	0	0	0	0	0	0	0	0	0	0	0	0	0	0	0	0	0	0	0	0	500	0	0	0	0	0	0	0	0	0	0	0	0	0	0	0	0	0	0	0	0	0	0	0	0	0	0	0	0	0	0	0	0	0	0	0	0	
500	0	0	0	0	0	0	0	0	0	0	0	0	0	0	0	0	0	0	0	0	0	0	0	0	0	0	0	0	500	0	0	0	0	0	0	0	0	0	0	0	0	0	0	0	0	0	0	0	0	0	0	0	0	0	0	0	0	0	0	0	0	0	0	0	0	0	0	0	0	0	0	0	0	0	0	0	0	0	0	0	0	0	0	0	0	0	0	0	0	0	0	0	0	0	0	0	500	0	0	
0	0	0	0	0	0	0	0	0	0	0	0	0	0	0	0	0	0	0	0	0	0	0	0	500	0	0	0	0	0	0	0	0	0	0	0	0	500	0	0	0	0	500	0	0	0	0	0	0	0	0	0	0	0	0	0	0	0	0	0	0	0	0	0	0	0	0	0	0	0	0	0	0	0	0	0	0	0	0	0	0	0	0	0	0	0	0	0	0	0	0	0	0	0	0	0	0	0	0	0	
0	0	0	0	0	0	0	0	0	0	0	0	0	0	0	0	0	0	0	0	0	0	0	0	0	0	0	0	0	0	0	0	0	0	0	0	0	0	0	0	0	0	0	0	0	500	0	0	0	0	0	0	0	0	0	0	0	0	0	0	0	0	0	0	0	0	0	0	0	0	0	0	0	0	0	0	0	0	0	0	0	500	0	0	500	0	0	0	0	0	0	0	0	0	0	0	0	0	0	0	
0	0	500	0	0	0	0	0	0	0	0	0	0	0	0	0	0	0	0	0	0	0	0	0	0	0	0	0	0	0	0	0	0	0	0	0	0	0	0	0	0	500	0	0	0	0	0	0	0	500	0	0	0	0	0	0	0	0	0	0	0	0	0	0	0	0	0	0	0	0	0	0	0	0	0	0	0	0	0	0	0	0	0	0	0	0	0	0	0	0	0	0	0	0	0	0	0	0	0	0	
0	0	0	0	0	0	0	0	0	0	500	0	0	0	0	0	0	0	0	0	0	0	0	0	0	0	0	0	0	0	0	0	0	0	0	0	0	0	0	0	0	0	0	0	0	0	0	0	0	0	0	0	0	0	0	0	0	0	0	0	0	0	0	0	0	0	0	0	0	0	0	0	0	0	0	0	0	0	0	0	500	0	0	0	0	0	0	0	0	0	500	0	0	0	0	0	0	0	0	0	
0	0	0	0	0	0	0	0	0	0	0	0	0	0	0	0	0	0	0	0	0	0	0	0	0	0	0	0	0	0	0	0	0	0	0	0	0	0	0	0	0	0	0	0	0	0	0	0	0	0	0	0	0	0	0	0	0	0	0	0	0	0	0	0	0	0	0	0	0	0	0	0	0	500	0	0	0	0	0	0	0	500	0	0	0	0	0	0	0	0	0	0	0	0	0	0	0	0	0	500	
0	0	0	0	0	0	0	0	0	0	0	0	0	0	0	0	0	0	0	0	0	0	500	0	0	0	0	0	0	0	0	0	0	0	0	0	0	0	0	500	0	0	0	0	0	0	0	0	0	0	0	0	0	0	0	0	0	0	0	0	0	0	0	0	0	0	0	0	0	0	0	0	0	0	0	0	0	0	0	0	0	0	0	0	0	0	0	0	0	0	0	500	0	0	0	0	0	0	0	0	
0	0	0	0	0	0	0	500	0	0	0	0	0	0	0	0	0	0	500	0	0	0	0	0	0	0	0	0	0	0	0	0	0	0	0	0	0	0	0	0	0	0	0	0	0	0	0	0	0	0	0	0	0	0	0	0	0	0	0	0	0	0	0	0	0	0	0	0	0	0	0	0	0	0	0	0	0	0	0	0	500	0	0	0	0	0	0	0	0	0	0	0	0	0	0	0	0	0	0	0	
0	0	0	0	0	0	0	0	0	0	0	0	0	0	0	0	0	0	0	0	0	0	0	0	0	0	0	0	0	0	500	0	0	0	0	0	0	0	0	0	0	0	0	0	0	0	0	0	0	0	0	0	0	0	0	0	0	0	0	0	0	0	0	0	0	0	0	0	0	0	0	0	0	0	0	0	0	0	0	0	0	0	0	0	0	500	0	0	0	0	0	0	0	500	0	0	0	0	0	0	
0	0	0	0	0	0	0	0	0	0	0	0	0	0	0	0	0	0	0	0	0	0	0	0	0	0	0	0	0	0	0	0	0	0	0	0	0	0	0	0	0	0	0	0	0	500	0	0	0	0	0	0	0	0	0	0	0	0	0	0	0	0	0	0	0	0	0	0	0	0	0	0	0	0	0	0	0	0	0	0	0	500	0	0	0	0	0	0	0	0	0	0	0	0	0	0	500	0	0	0	
0	0	0	0	0	0	0	0	0	0	0	0	0	0	0	0	0	0	0	0	0	0	0	0	0	0	0	0	0	0	0	0	0	0	0	0	0	0	0	0	0	0	0	0	0	0	0	0	0	0	0	0	0	0	0	0	0	0	500	0	0	0	0	0	0	0	500	0	0	0	0	0	0	0	0	0	0	0	0	500	0	0	0	0	0	0	0	0	0	0	0	0	0	0	0	0	0	0	0	0	
0	0	0	0	0	0	0	0	0	0	0	0	0	0	0	0	0	0	0	0	0	0	0	0	500	0	0	0	0	500	0	0	0	0	0	0	0	0	0	0	0	0	0	0	0	0	0	0	0	0	0	0	0	0	0	0	0	0	0	0	0	0	0	0	0	0	0	0	0	0	0	0	0	0	0	0	0	0	0	0	0	0	0	500	0	0	0	0	0	0	0	0	0	0	0	0	0	0	0	0	
500	0	0	0	0	0	0	0	0	0	0	0	0	0	0	0	0	0	0	0	0	0	0	0	0	0	0	500	0	0	0	0	0	0	0	0	0	0	0	0	0	0	0	0	0	0	0	0	0	0	0	0	0	0	0	0	0	0	0	0	0	0	0	0	0	0	0	0	0	0	0	0	0	0	0	0	0	0	0	0	0	0	0	0	0	0	0	0	0	500	0	0	500	0	0	0	0	0	0	0	
0	0	0	0	0	0	0	0	0	0	0	0	0	0	0	0	0	0	0	0	0	0	0	0	0	0	0	0	0	0	0	0	0	0	0	0	0	0	0	0	0	0	0	0	0	0	0	0	0	0	0	0	0	0	0	500	0	0	0	0	0	0	0	0	0	0	0	0	0	500	0	0	0	0	0	0	0	0	500	0	0	0	0	0	0	0	0	0	0	0	0	0	0	0	0	0	0	0	0	0	
0	0	500	0	0	0	0	0	0	0	0	0	0	0	0	0	0	0	0	0	0	0	0	0	0	0	0	0	0	0	0	0	0	0	0	0	0	0	0	0	0	0	0	0	0	0	0	0	0	0	500	0	0	0	0	0	0	0	0	0	0	0	0	500	0	0	0	0	0	0	0	0	0	0	0	0	0	0	0	0	0	0	0	0	0	0	0	0	0	0	0	0	0	0	0	0	0	0	0	0	
0	0	0	0	0	0	0	0	0	0	500	0	0	0	0	0	0	0	0	0	0	0	0	0	0	0	0	0	0	0	0	0	0	0	0	0	0	0	0	0	0	0	0	0	0	0	0	0	0	0	0	0	0	0	0	0	0	0	0	0	0	0	0	0	0	0	0	0	0	0	0	0	0	0	0	0	0	0	0	0	500	0	0	0	0	0	0	0	0	0	500	0	0	0	0	0	0	0	0	0	
0	0	0	0	0	0	0	0	0	0	0	0	0	0	0	0	0	0	0	0	0	0	0	0	0	500	0	0	0	0	0	0	0	0	0	0	0	0	0	0	0	0	0	500	0	0	0	0	0	0	0	0	0	0	0	0	0	0	0	0	0	0	0	0	0	500	0	0	0	0	0	0	0	0	0	0	0	0	0	0	0	0	0	0	0	0	0	0	0	0	0	0	0	0	0	0	0	0	0	0	
0	0	0	0	0	0	0	0	0	0	0	0	0	0	0	0	0	0	0	0	0	0	0	0	0	0	0	0	0	0	0	0	0	0	0	0	0	0	0	0	0	0	0	500	0	0	0	0	0	0	0	0	0	0	0	0	0	0	0	0	0	0	0	0	0	500	0	0	0	0	0	0	0	0	0	0	0	0	0	0	0	0	0	0	0	0	0	0	0	0	0	0	0	0	0	500	0	0	0	0	
0	0	0	0	0	0	0	0	0	0	0	0	0	0	0	0	0	0	0	0	0	0	0	500	0	0	0	0	0	0	0	0	0	0	0	0	0	0	0	0	0	0	0	0	0	0	0	0	500	0	0	0	0	0	0	0	0	0	0	500	0	0	0	0	0	0	0	0	0	0	0	0	0	0	0	0	0	0	0	0	0	0	0	0	0	0	0	0	0	0	0	0	0	0	0	0	0	0	0	0	
0	0	0	0	0	0	0	0	0	500	0	0	0	0	0	0	0	0	0	0	0	0	0	0	0	0	0	0	0	0	0	0	0	0	0	0	0	0	0	500	0	0	0	0	0	0	0	0	0	0	0	0	0	0	500	0	0	0	0	0	0	0	0	0	0	0	0	0	0	0	0	0	0	0	0	0	0	0	0	0	0	0	0	0	0	0	0	0	0	0	0	0	0	0	0	0	0	0	0	0	
0	0	0	0	0	0	0	0	0	0	0	0	0	0	0	0	0	0	0	0	0	500	0	0	0	0	0	0	0	0	0	0	0	0	0	0	0	0	0	0	0	0	0	0	500	0	0	0	0	0	0	0	0	0	0	0	0	0	0	500	0	0	0	0	0	0	0	0	0	0	0	0	0	0	0	0	0	0	0	0	0	0	0	0	0	0	0	0	0	0	0	0	0	0	0	0	0	0	0	0	
0	0	0	0	500	0	0	0	0	0	0	0	0	0	500	0	0	0	0	0	0	0	0	0	0	0	0	0	0	0	0	0	0	0	0	0	0	500	0	0	0	0	0	0	0	0	0	0	0	0	0	0	0	0	0	0	0	0	0	0	0	0	0	0	0	0	0	0	0	0	0	0	0	0	0	0	0	0	0	0	0	0	0	0	0	0	0	0	0	0	0	0	0	0	0	0	0	0	0	0	
0	0	0	0	0	0	0	0	0	0	0	0	0	0	0	0	0	0	0	500	0	0	0	0	0	0	0	0	0	0	0	0	0	0	0	0	0	0	0	0	0	0	0	0	0	0	0	0	0	0	0	0	0	0	0	0	0	0	0	0	0	0	0	0	0	500	0	0	0	0	0	0	0	0	0	0	0	0	0	0	0	0	0	0	0	0	0	0	0	0	0	0	0	0	0	500	0	0	0	0	
0	0	0	0	0	0	0	0	0	0	0	0	0	0	0	0	0	0	0	0	0	0	0	0	0	0	0	0	0	0	0	0	0	0	0	0	0	0	0	0	0	0	0	0	0	0	500	0	0	500	0	0	0	0	0	0	0	0	0	0	0	0	0	0	0	0	0	0	0	0	0	0	0	0	0	0	0	0	500	0	0	0	0	0	0	0	0	0	0	0	0	0	0	0	0	0	0	0	0	0	
0	0	0	0	0	0	0	0	0	0	0	0	0	0	0	500	0	0	0	0	0	0	0	0	0	0	0	0	0	0	0	0	0	0	0	0	0	0	0	0	0	0	0	0	0	0	0	0	0	0	0	0	0	0	0	0	0	0	0	0	0	0	0	0	0	0	0	0	0	0	0	0	500	0	0	0	0	0	0	0	0	0	0	0	0	0	0	0	0	0	0	0	500	0	0	0	0	0	0	0	
0	0	0	0	0	0	0	0	0	0	0	0	0	0	0	0	0	0	0	0	0	0	0	0	0	0	0	0	0	0	0	0	0	0	0	0	0	0	0	0	0	0	0	0	0	0	0	0	0	0	0	0	0	0	0	0	0	0	0	0	0	0	0	0	0	0	0	0	0	0	0	0	0	0	0	0	0	0	0	0	0	0	500	0	0	0	0	500	0	0	0	0	0	500	0	0	0	0	0	0	
500	0	0	500	0	0	0	0	0	0	0	0	0	0	500	0	0	0	0	0	0	0	0	0	0	0	0	0	0	0	0	0	0	0	0	0	0	0	0	0	0	0	0	0	0	0	0	0	0	0	0	0	0	0	0	0	0	0	0	0	0	0	0	0	0	0	0	0	0	0	0	0	0	0	0	0	0	0	0	0	0	0	0	0	0	0	0	0	0	0	0	0	0	0	0	0	0	0	0	0	
0	0	0	0	0	0	0	0	0	0	0	500	0	0	0	0	0	0	0	0	0	0	0	0	0	0	0	0	0	0	0	0	0	0	0	0	0	0	0	0	0	0	0	0	0	0	0	0	0	0	0	0	0	0	0	0	0	0	0	0	0	0	0	0	0	0	0	0	0	0	0	0	0	0	0	0	0	0	0	0	0	0	0	0	0	500	0	0	0	0	0	0	0	500	0	0	0	0	0	0	
0	0	0	0	0	0	0	0	0	0	0	0	0	0	0	0	0	0	0	0	0	0	0	0	0	0	0	0	0	0	0	0	0	0	0	0	0	0	0	0	0	0	0	0	0	0	0	0	0	0	0	0	500	0	0	0	0	0	0	0	0	0	0	0	0	0	0	0	500	0	0	0	0	0	0	500	0	0	0	0	0	0	0	0	0	0	0	0	0	0	0	0	0	0	0	0	0	0	0	0	
0	0	0	0	0	0	0	0	0	0	0	0	0	0	0	0	0	0	0	0	0	0	0	0	0	0	0	0	0	0	0	0	0	0	0	0	0	0	0	0	0	0	0	0	0	0	0	500	0	0	0	0	0	0	0	0	0	0	0	0	0	0	0	0	0	0	0	0	0	0	0	0	0	500	0	0	0	0	0	0	0	0	0	0	0	0	0	0	0	0	0	0	0	0	0	0	0	0	0	500	
0	0	0	0	0	0	0	0	0	0	0	0	0	0	0	0	0	0	0	0	0	0	0	0	0	0	0	0	0	0	0	0	0	0	0	0	0	0	0	0	0	0	0	0	0	0	0	0	0	0	0	0	0	0	0	0	0	0	0	0	0	0	0	0	0	0	0	0	0	0	0	0	500	0	0	0	0	0	0	0	0	0	0	0	0	0	0	0	0	500	0	0	500	0	0	0	0	0	0	0	
0	0	0	0	0	0	0	0	0	0	0	0	0	0	0	0	0	0	0	0	0	0	0	0	0	0	0	0	0	0	0	0	0	0	0	0	0	0	0	0	0	0	0	0	0	0	0	0	0	0	0	0	0	0	0	0	0	0	0	0	0	500	0	0	500	0	0	0	0	0	0	0	0	0	0	0	0	0	0	0	0	0	0	0	0	0	500	0	0	0	0	0	0	0	0	0	0	0	0	0	
0	500	0	0	0	0	0	0	0	0	0	0	0	0	0	0	0	0	0	0	0	0	0	0	0	0	0	0	0	0	0	0	0	0	0	0	0	0	0	0	0	0	0	0	0	0	0	0	0	0	0	0	0	0	0	0	0	0	0	0	0	0	0	0	0	0	500	0	0	0	0	0	0	0	0	0	500	0	0	0	0	0	0	0	0	0	0	0	0	0	0	0	0	0	0	0	0	0	0	0	
0	0	0	0	0	0	0	0	0	0	0	0	0	0	0	0	0	0	0	0	0	0	0	0	0	0	0	0	0	0	0	0	0	0	0	0	0	0	0	0	0	0	0	0	0	0	500	0	0	0	0	0	0	500	0	0	0	0	0	0	0	0	0	0	0	0	0	0	0	0	0	0	0	0	0	0	0	500	0	0	0	0	0	0	0	0	0	0	0	0	0	0	0	0	0	0	0	0	0	0	
0	0	0	0	500	0	0	0	0	0	0	0	0	0	0	0	0	0	0	0	0	0	0	0	500	0	0	0	0	0	0	0	0	0	0	0	0	0	0	0	0	0	0	0	0	0	0	0	0	0	0	0	0	0	0	0	0	0	0	0	0	0	0	0	0	0	0	0	0	0	0	0	0	0	0	0	0	0	0	0	0	0	0	0	0	0	0	0	0	0	500	0	0	0	0	0	0	0	0	0	
0	0	0	0	0	0	0	0	0	0	0	0	0	0	0	0	0	0	0	0	0	0	0	0	0	0	0	0	0	0	0	0	0	0	0	0	0	0	0	0	0	0	0	0	0	0	0	0	0	0	0	0	0	0	0	0	500	0	0	0	0	0	0	0	0	0	0	0	0	0	0	500	0	0	0	0	0	0	0	0	0	0	0	0	0	0	500	0	0	0	0	0	0	0	0	0	0	0	0	0	
0	0	0	0	0	0	0	0	0	500	0	0	0	0	0	0	0	0	0	0	0	0	500	0	0	0	0	0	0	0	0	0	0	0	0	0	0	0	0	0	0	0	0	0	0	0	0	0	0	0	0	0	0	0	0	0	0	0	0	0	0	0	0	0	0	0	0	0	0	0	0	0	0	0	0	0	0	0	0	0	0	0	0	0	0	0	0	0	0	0	0	500	0	0	0	0	0	0	0	0	
0	0	0	0	0	0	0	0	0	0	0	0	0	0	0	0	0	0	0	0	0	0	0	0	0	0	0	0	0	0	0	0	0	0	0	0	0	0	0	0	0	0	0	500	0	0	0	0	0	0	0	0	0	0	0	0	0	0	0	0	0	0	0	0	0	0	0	500	0	0	500	0	0	0	0	0	0	0	0	0	0	0	0	0	0	0	0	0	0	0	0	0	0	0	0	0	0	0	0	0	
0	0	0	0	0	0	500	0	0	0	0	0	0	0	0	0	0	0	0	0	0	0	0	0	0	0	0	0	0	0	0	0	0	0	0	0	0	0	0	0	0	0	0	0	0	500	0	0	0	500	0	0	0	0	0	0	0	0	0	0	0	0	0	0	0	0	0	0	0	0	0	0	0	0	0	0	0	0	0	0	0	0	0	0	0	0	0	0	0	0	0	0	0	0	0	0	0	0	0	0	
0	0	0	0	500	0	0	0	0	0	0	0	0	0	0	0	0	0	0	0	0	0	0	0	0	0	0	0	0	0	0	0	0	0	0	0	0	0	0	0	0	0	0	0	0	0	0	0	0	0	0	0	0	0	0	0	0	0	0	0	0	0	0	0	0	0	0	500	0	0	500	0	0	0	0	0	0	0	0	0	0	0	0	0	0	0	0	0	0	0	0	0	0	0	0	0	0	0	0	0	
0	0	0	0	0	0	0	0	0	0	0	0	0	0	0	0	0	0	0	500	500	0	0	0	0	0	0	0	0	0	0	0	0	0	0	0	0	0	0	0	500	0	0	0	0	0	0	0	0	0	0	0	0	0	0	0	0	0	0	0	0	0	0	0	0	0	0	0	0	0	0	0	0	0	0	0	0	0	0	0	0	0	0	0	0	0	0	0	0	0	0	0	0	0	0	0	0	0	0	0	
0	0	0	0	0	0	0	0	0	0	0	0	0	0	0	0	0	0	0	0	0	0	0	500	0	0	0	0	0	0	0	0	0	0	0	0	0	0	0	0	0	0	0	0	0	0	0	0	0	0	0	0	0	0	0	0	0	0	0	0	0	0	0	0	0	0	0	0	0	0	0	0	0	0	0	0	0	0	0	0	0	0	0	0	0	0	0	0	500	0	0	0	0	0	500	0	0	0	0	0	
0	0	0	0	0	500	0	0	0	0	0	0	500	0	0	0	0	0	0	0	0	0	0	0	0	0	0	0	0	0	0	0	0	0	0	0	0	0	0	0	0	500	0	0	0	0	0	0	0	0	0	0	0	0	0	0	0	0	0	0	0	0	0	0	0	0	0	0	0	0	0	0	0	0	0	0	0	0	0	0	0	0	0	0	0	0	0	0	0	0	0	0	0	0	0	0	0	0	0	0	
0	0	0	0	0	0	0	0	0	0	0	0	0	0	0	0	0	0	0	0	0	0	0	0	0	0	500	0	0	0	0	0	0	0	0	0	500	0	0	0	0	0	0	0	0	0	0	0	0	0	0	0	0	0	0	0	0	500	0	0	0	0	0	0	0	0	0	0	0	0	0	0	0	0	0	0	0	0	0	0	0	0	0	0	0	0	0	0	0	0	0	0	0	0	0	0	0	0	0	0	
0	0	0	0	0	0	0	0	0	0	0	0	0	0	0	0	0	0	0	0	0	0	0	0	0	0	0	0	0	0	0	0	500	0	0	0	0	0	0	0	0	0	0	0	0	0	0	0	0	0	0	0	0	0	0	0	0	0	0	0	0	0	0	0	0	0	0	0	0	0	0	0	0	0	0	0	0	0	0	0	0	0	0	0	0	0	0	0	0	0	0	0	0	0	0	0	500	0	0	500	
0	0	0	0	0	0	0	0	0	0	0	0	0	0	0	0	0	0	0	0	0	500	0	0	0	0	0	0	0	0	0	0	0	0	0	0	0	0	0	0	0	0	0	0	0	0	0	0	0	0	0	0	0	0	0	0	0	0	0	0	0	0	0	0	0	0	0	0	0	0	0	0	0	0	0	0	0	0	0	0	0	0	0	0	500	0	0	0	0	0	0	0	0	0	0	0	500	0	0	0	
0	0	0	0	0	0	500	0	0	0	0	0	0	0	0	0	0	0	0	0	0	0	0	0	0	0	500	0	0	0	0	0	0	0	0	0	0	0	0	0	0	500	0	0	0	0	0	0	0	0	0	0	0	0	0	0	0	0	0	0	0	0	0	0	0	0	0	0	0	0	0	0	0	0	0	0	0	0	0	0	0	0	0	0	0	0	0	0	0	0	0	0	0	0	0	0	0	0	0	0	
0	0	0	0	0	0	0	0	0	0	0	0	0	0	0	0	0	500	0	0	0	0	0	0	0	0	0	0	0	0	0	0	0	0	0	0	0	0	0	0	0	0	0	0	0	0	0	0	0	0	0	0	0	0	0	0	0	0	0	0	0	0	0	0	0	0	0	0	0	0	0	0	0	0	0	0	0	0	0	0	0	0	0	0	0	0	0	0	0	0	0	500	0	0	500	0	0	0	0	0	
0	0	0	0	0	0	0	0	0	0	0	0	0	0	0	0	0	0	0	0	0	0	0	0	0	0	0	0	0	0	0	0	0	0	0	0	0	0	0	0	0	0	0	0	0	0	0	0	0	0	0	0	500	0	0	0	0	0	500	0	0	0	0	0	0	0	0	0	500	0	0	0	0	0	0	0	0	0	0	0	0	0	0	0	0	0	0	0	0	0	0	0	0	0	0	0	0	0	0	0	
0	0	0	0	0	0	0	0	0	0	0	0	0	0	0	0	0	0	0	0	0	0	0	0	0	0	0	0	0	0	0	500	0	0	0	0	0	0	0	0	0	0	0	0	0	0	0	0	0	0	0	500	0	0	0	0	0	0	0	0	0	0	0	0	0	0	0	0	500	0	0	0	0	0	0	0	0	0	0	0	0	0	0	0	0	0	0	0	0	0	0	0	0	0	0	0	0	0	0	0	
0	0	0	0	0	0	0	0	0	0	0	0	0	0	0	0	0	0	0	0	0	0	0	0	0	0	0	0	0	0	0	0	0	0	0	0	500	0	0	0	0	0	0	0	0	0	0	0	0	0	0	0	0	0	0	0	0	0	0	0	0	0	0	500	0	0	0	0	0	0	0	0	0	0	0	0	0	500	0	0	0	0	0	0	0	0	0	0	0	0	0	0	0	0	0	0	0	0	0	0	
0	0	0	0	0	0	0	0	0	0	0	0	0	0	0	0	0	0	0	0	0	0	500	0	0	0	0	0	0	0	0	0	0	0	0	0	0	0	0	0	0	0	0	0	0	0	0	0	0	0	0	0	0	0	0	0	0	0	0	0	0	0	0	0	0	0	0	0	0	0	0	0	0	0	0	0	0	0	0	0	0	0	500	0	0	0	0	500	0	0	0	0	0	0	0	0	0	0	0	0	
0	0	0	0	0	0	0	0	0	0	0	0	0	0	0	0	500	0	0	0	0	0	0	0	0	0	0	0	0	0	0	0	0	0	0	0	0	0	0	0	0	0	0	0	0	0	0	0	0	0	0	0	0	0	0	0	0	0	0	0	0	0	0	0	0	0	0	0	0	500	0	0	0	0	0	0	0	0	500	0	0	0	0	0	0	0	0	0	0	0	0	0	0	0	0	0	0	0	0	0	
0	0	0	0	0	0	0	0	0	0	0	0	0	0	0	0	0	0	0	0	0	0	0	0	0	0	0	0	0	0	0	0	0	0	0	0	0	0	500	0	0	0	0	0	0	0	0	0	0	0	0	0	0	0	0	0	0	0	0	0	0	0	0	0	0	0	0	0	0	0	0	500	0	0	0	0	0	0	0	0	0	0	0	0	0	0	500	0	0	0	0	0	0	0	0	0	0	0	0	0	
0	0	0	0	0	0	0	0	0	0	0	0	0	0	0	0	0	0	0	0	0	0	0	0	0	0	0	0	0	0	0	0	0	0	0	0	0	0	0	0	0	0	0	0	0	0	500	0	0	0	0	0	0	0	0	0	0	0	0	0	0	500	0	0	500	0	0	0	0	0	0	0	0	0	0	0	0	0	0	0	0	0	0	0	0	0	0	0	0	0	0	0	0	0	0	0	0	0	0	0	
0	0	0	0	0	0	0	0	0	0	0	0	0	500	0	0	0	0	0	0	0	0	0	0	0	0	0	0	0	0	0	0	0	0	0	0	0	0	0	0	0	0	0	0	0	0	0	0	0	0	0	500	0	0	0	0	0	0	0	0	0	0	0	0	0	0	0	0	0	0	0	0	0	0	0	0	0	0	0	500	0	0	0	0	0	0	0	0	0	0	0	0	0	0	0	0	0	0	0	0	
0	0	0	0	0	0	0	0	0	0	0	0	0	0	0	0	0	0	0	0	0	500	0	500	0	0	0	0	0	0	0	0	0	0	0	0	0	0	0	0	0	0	0	0	0	0	0	0	0	0	0	0	0	0	0	0	0	0	0	0	0	0	0	0	0	0	500	0	0	0	0	0	0	0	0	0	0	0	0	0	0	0	0	0	0	0	0	0	0	0	0	0	0	0	0	0	0	0	0	0	
0	0	0	0	0	0	0	0	0	0	0	0	0	0	0	0	0	0	0	0	0	0	0	0	0	0	0	0	0	0	0	0	0	0	0	0	0	0	0	0	0	0	0	0	0	0	0	0	0	0	0	0	0	0	0	0	0	0	0	0	0	0	500	0	0	0	0	0	0	500	0	0	0	0	0	0	0	0	0	0	0	0	0	0	0	0	0	0	0	0	0	0	0	0	0	0	0	0	500	0	
0	0	0	0	0	0	0	0	0	0	0	0	0	0	0	0	0	0	0	0	0	0	0	0	0	0	0	0	0	0	0	0	0	0	500	0	0	0	0	0	0	0	0	0	0	0	0	0	0	0	0	0	0	0	0	0	0	500	0	0	0	0	0	0	500	0	0	0	0	0	0	0	0	0	0	0	0	0	0	0	0	0	0	0	0	0	0	0	0	0	0	0	0	0	0	0	0	0	0	0	
0	0	0	0	0	0	0	0	0	0	0	0	0	0	0	0	0	0	0	0	0	0	0	0	0	0	0	0	0	0	0	0	0	0	0	0	0	0	0	0	0	0	0	0	0	0	0	0	0	0	0	0	0	0	0	0	0	0	0	0	500	0	0	0	0	0	0	0	0	0	0	0	0	0	0	0	0	0	0	0	0	0	0	0	0	0	0	0	0	0	0	0	0	0	0	0	0	500	500	0	
0	0	500	0	0	0	0	0	0	0	0	0	0	0	0	0	0	500	0	0	0	0	0	0	0	0	0	0	0	0	0	0	0	0	0	0	0	0	0	0	0	0	0	0	0	0	0	0	0	0	0	0	0	500	0	0	0	0	0	0	0	0	0	0	0	0	0	0	0	0	0	0	0	0	0	0	0	0	0	0	0	0	0	0	0	0	0	0	0	0	0	0	0	0	0	0	0	0	0	0	
0	0	0	0	0	0	0	0	0	0	0	0	0	0	0	0	0	0	0	0	0	0	0	0	0	0	0	0	0	0	0	0	0	0	500	0	0	0	0	0	0	0	0	0	0	0	0	0	0	0	0	0	0	0	0	0	0	500	0	0	0	500	0	0	0	0	0	0	0	0	0	0	0	0	0	0	0	0	0	0	0	0	0	0	0	0	0	0	0	0	0	0	0	0	0	0	0	0	0	0	
0	0	0	0	0	0	0	0	0	0	0	0	0	0	0	0	0	0	0	500	500	0	0	0	0	500	0	0	0	0	0	0	0	0	0	0	0	0	0	0	0	0	0	0	0	0	0	0	0	0	0	0	0	0	0	0	0	0	0	0	0	0	0	0	0	0	0	0	0	0	0	0	0	0	0	0	0	0	0	0	0	0	0	0	0	0	0	0	0	0	0	0	0	0	0	0	0	0	0	0	
0	0	0	0	0	0	0	0	0	0	0	0	0	500	0	0	0	0	0	0	0	0	0	0	0	0	0	0	0	0	0	0	0	0	0	500	0	0	0	0	0	0	0	0	0	0	0	0	0	0	0	0	0	0	0	0	0	0	0	500	0	0	0	0	0	0	0	0	0	0	0	0	0	0	0	0	0	0	0	0	0	0	0	0	0	0	0	0	0	0	0	0	0	0	0	0	0	0	0	0	
0	0	0	0	0	0	0	0	0	0	0	0	0	0	0	0	0	0	0	0	0	0	0	0	0	0	0	0	0	0	0	0	0	0	0	0	0	0	0	0	500	0	500	0	0	0	0	0	0	0	0	0	0	0	0	0	0	0	0	0	0	0	0	0	0	0	0	0	0	0	500	0	0	0	0	0	0	0	0	0	0	0	0	0	0	0	0	0	0	0	0	0	0	0	0	0	0	0	0	0	
0	0	0	0	0	0	0	0	0	0	0	0	0	0	0	0	0	0	0	0	0	0	0	0	0	0	0	0	0	0	0	500	0	0	0	0	0	0	0	0	0	0	0	0	0	0	0	0	0	0	0	500	500	0	0	0	0	0	0	0	0	0	0	0	0	0	0	0	0	0	0	0	0	0	0	0	0	0	0	0	0	0	0	0	0	0	0	0	0	0	0	0	0	0	0	0	0	0	0	0	
0	0	0	0	0	0	0	0	0	0	0	0	0	0	0	0	500	0	0	0	0	0	0	0	0	0	0	0	0	0	0	0	0	0	0	0	0	0	0	0	0	0	0	0	0	0	0	0	0	0	0	0	0	0	0	500	0	0	0	0	500	0	0	0	0	0	0	0	0	0	0	0	0	0	0	0	0	0	0	0	0	0	0	0	0	0	0	0	0	0	0	0	0	0	0	0	0	0	0	0	
0	0	0	0	0	0	0	0	0	0	0	0	0	0	0	0	0	0	0	0	0	0	0	0	0	0	0	0	0	0	0	0	0	0	0	0	0	0	0	0	500	0	500	0	0	0	0	0	0	0	0	0	0	0	0	0	0	0	0	0	0	0	0	0	0	0	0	500	0	0	0	0	0	0	0	0	0	0	0	0	0	0	0	0	0	0	0	0	0	0	0	0	0	0	0	0	0	0	0	0	
0	0	0	0	0	0	0	0	0	0	0	0	0	0	0	0	0	0	0	0	0	0	0	0	0	0	0	0	0	0	0	0	0	0	0	0	0	0	500	0	0	0	0	0	0	0	0	0	0	0	0	0	0	0	0	0	500	0	0	0	0	0	0	0	0	0	0	0	0	0	0	0	0	0	0	0	0	500	0	0	0	0	0	0	0	0	0	0	0	0	0	0	0	0	0	0	0	0	0	0	
0	0	0	0	0	0	0	0	0	0	0	0	0	0	0	0	0	0	0	0	0	0	0	0	0	0	0	500	0	0	0	0	0	500	0	0	0	0	0	0	0	0	0	0	0	0	0	0	0	0	0	0	0	0	0	0	0	0	0	0	0	0	0	0	0	0	0	0	0	0	0	0	0	0	0	0	0	0	0	0	0	0	0	0	0	0	0	0	0	500	0	0	0	0	0	0	0	0	0	0	
0	0	0	0	0	0	0	0	500	0	0	0	0	0	0	0	0	0	0	0	0	0	0	0	0	0	0	0	0	0	0	0	500	0	0	0	0	0	0	0	0	0	0	0	0	0	0	0	0	0	0	0	0	0	0	0	0	0	0	0	0	0	0	0	0	0	0	0	0	0	0	0	0	0	0	0	0	0	0	0	0	0	0	0	500	0	0	0	0	0	0	0	0	0	0	0	0	0	0	0	
0	500	0	0	0	0	0	0	0	0	0	0	0	0	0	0	0	0	0	0	0	0	0	0	0	0	0	0	0	0	0	0	0	0	0	0	0	0	0	0	0	0	0	0	0	0	0	0	0	0	0	0	0	0	0	0	0	0	0	0	0	0	0	0	0	0	0	0	0	0	0	0	0	0	0	0	500	0	0	0	0	0	0	0	0	0	0	0	0	0	0	0	0	0	0	500	0	0	0	0	
0	0	0	0	0	0	0	0	0	0	0	0	0	0	0	0	0	0	0	0	0	0	0	0	0	0	0	0	0	0	0	500	0	0	0	0	0	0	0	0	0	0	0	0	0	0	0	0	0	0	0	0	0	0	0	0	0	0	0	0	0	0	0	0	0	0	0	0	0	0	0	0	0	0	0	0	0	0	0	0	0	0	500	0	0	0	0	500	0	0	0	0	0	0	0	0	0	0	0	0	
0	500	0	0	0	0	0	0	0	0	0	0	0	0	0	0	0	0	0	0	0	0	0	0	0	0	0	0	0	0	0	0	0	0	0	500	0	0	0	0	0	0	0	0	0	0	0	0	0	0	0	0	0	0	0	0	0	0	0	0	0	0	0	0	0	0	0	0	0	0	0	0	0	0	500	0	0	0	0	0	0	0	0	0	0	0	0	0	0	0	0	0	0	0	0	0	0	0	0	0	
0	0	0	0	0	0	0	0	0	0	0	0	0	0	0	0	0	0	0	0	0	0	0	0	0	0	0	0	0	0	0	0	0	0	0	0	500	0	0	0	0	0	0	0	0	0	0	0	0	0	0	0	0	500	0	0	0	0	0	0	0	0	0	0	0	0	0	0	0	0	0	500	0	0	0	0	0	0	0	0	0	0	0	0	0	0	0	0	0	0	0	0	0	0	0	0	0	0	0	0	
0	0	0	0	0	0	0	0	0	0	0	0	0	0	0	0	500	0	0	0	0	0	0	0	0	0	500	0	0	0	0	0	0	0	0	0	0	0	0	0	0	0	0	0	0	0	0	0	0	0	0	0	0	0	0	500	0	0	0	0	0	0	0	0	0	0	0	0	0	0	0	0	0	0	0	0	0	0	0	0	0	0	0	0	0	0	0	0	0	0	0	0	0	0	0	0	0	0	0	0	
0	0	0	0	0	0	0	0	0	0	0	0	0	500	0	0	0	0	0	0	0	0	0	0	0	0	0	0	0	0	0	0	0	0	0	0	0	0	0	0	0	0	0	0	0	0	0	0	0	0	0	0	0	0	0	0	0	0	500	0	0	0	0	0	0	0	0	0	0	0	0	0	0	0	0	0	0	0	0	0	0	0	0	0	0	0	0	0	500	0	0	0	0	0	0	0	0	0	0	0	
0	0	0	0	0	0	0	500	0	0	500	0	0	0	0	0	0	0	500	0	0	0	0	0	0	0	0	0	0	0	0	0	0	0	0	0	0	0	0	0	0	0	0	0	0	0	0	0	0	0	0	0	0	0	0	0	0	0	0	0	0	0	0	0	0	0	0	0	0	0	0	0	0	0	0	0	0	0	0	0	0	0	0	0	0	0	0	0	0	0	0	0	0	0	0	0	0	0	0	0	
0	0	0	0	0	500	0	0	500	0	0	0	500	0	0	0	0	0	0	0	0	0	0	0	0	0	0	0	0	0	0	0	0	0	0	0	0	0	0	0	0	0	0	0	0	0	0	0	0	0	0	0	0	0	0	0	0	0	0	0	0	0	0	0	0	0	0	0	0	0	0	0	0	0	0	0	0	0	0	0	0	0	0	0	0	0	0	0	0	0	0	0	0	0	0	0	0	0	0	0	
0	0	0	0	0	0	0	0	0	0	0	0	0	0	0	0	0	0	0	0	0	0	0	0	0	0	0	0	500	0	0	0	0	0	0	0	0	0	0	0	0	0	0	0	0	0	0	0	0	0	0	0	0	0	500	0	0	0	0	0	0	0	0	0	0	0	0	0	0	0	0	0	0	0	0	500	0	0	0	0	0	0	0	0	0	0	0	0	0	0	0	0	0	0	0	0	0	0	0	0	
0	0	0	0	0	0	0	0	0	0	0	0	0	0	500	0	0	0	0	0	0	0	0	0	0	0	0	0	0	0	0	0	0	0	0	0	0	0	0	0	0	0	0	0	0	0	0	0	0	0	0	0	0	0	0	0	0	0	0	0	0	0	0	0	0	0	0	0	0	0	0	0	0	0	0	0	0	0	0	0	0	0	0	0	0	0	0	0	500	0	0	0	0	0	0	0	0	0	500	0	
0	0	0	0	0	500	0	0	0	0	0	0	0	0	0	0	0	0	0	0	0	0	0	0	0	0	0	0	0	0	0	0	0	0	0	0	0	0	0	0	0	0	0	0	0	0	0	0	500	0	0	0	0	0	0	0	0	0	0	0	0	0	0	0	0	0	0	0	0	0	0	0	0	500	0	0	0	0	0	0	0	0	0	0	0	0	0	0	0	0	0	0	0	0	0	0	0	0	0	0	
0	0	0	0	0	0	0	0	0	0	0	500	0	0	0	0	0	0	0	0	0	0	0	0	0	0	0	0	0	0	500	0	0	0	0	0	0	0	0	0	0	0	0	0	0	0	0	0	0	0	0	0	0	0	0	0	0	0	0	0	0	0	0	0	0	0	0	0	0	0	0	0	0	0	0	0	0	0	0	0	0	0	0	0	0	0	0	0	0	0	0	0	0	0	500	0	0	0	0	0	
0	0	0	0	0	0	0	0	0	0	0	0	0	0	0	0	0	0	0	0	0	0	0	0	0	0	0	0	0	0	0	0	0	0	500	0	0	0	500	0	0	0	0	0	0	0	0	0	0	0	0	0	0	0	0	0	500	0	0	0	0	0	0	0	0	0	0	0	0	0	0	0	0	0	0	0	0	0	0	0	0	0	0	0	0	0	0	0	0	0	0	0	0	0	0	0	0	0	0	0	
0	0	0	0	0	0	0	0	0	0	0	0	0	0	0	0	0	0	0	0	0	0	0	0	0	0	0	0	500	0	0	0	0	0	0	0	0	0	0	0	0	0	0	0	0	0	0	0	0	0	0	0	0	0	500	0	0	0	0	0	0	0	0	0	0	0	0	0	0	0	0	0	0	0	0	500	0	0	0	0	0	0	0	0	0	0	0	0	0	0	0	0	0	0	0	0	0	0	0	0	
0	0	0	0	0	0	0	0	0	0	0	0	0	0	0	0	0	0	0	0	0	0	0	0	0	0	0	0	0	0	0	0	0	0	0	0	0	0	0	0	0	0	0	0	500	0	0	0	0	0	0	0	0	0	0	0	0	0	0	0	0	0	0	0	0	0	0	0	0	0	0	0	0	0	0	0	0	0	0	500	0	0	0	500	0	0	0	0	0	0	0	0	0	0	0	0	0	0	0	0	
0	0	0	0	0	0	0	0	0	0	0	0	0	0	0	500	0	0	0	0	0	0	0	0	0	0	0	0	0	0	0	0	0	500	0	0	0	0	0	0	0	0	0	0	0	0	0	0	0	0	0	0	0	0	0	0	0	0	0	0	0	0	0	0	0	0	0	0	0	0	0	0	500	0	0	0	0	0	0	0	0	0	0	0	0	0	0	0	0	0	0	0	0	0	0	0	0	0	0	0	
0	0	0	0	0	0	0	500	0	0	0	0	0	0	0	0	0	0	500	0	0	0	0	0	0	0	0	0	0	0	0	0	0	0	0	0	0	500	0	0	0	0	0	0	0	0	0	0	0	0	0	0	0	0	0	0	0	0	0	0	0	0	0	0	0	0	0	0	0	0	0	0	0	0	0	0	0	0	0	0	0	0	0	0	0	0	0	0	0	0	0	0	0	0	0	0	0	0	0	0	
0	0	0	0	0	0	0	0	0	500	0	0	0	0	0	0	0	0	0	0	0	0	0	0	0	0	0	0	0	0	0	0	0	0	0	0	0	0	0	500	0	0	0	0	0	0	0	0	0	0	500	0	0	0	0	0	0	0	0	0	0	0	0	0	0	0	0	0	0	0	0	0	0	0	0	0	0	0	0	0	0	0	0	0	0	0	0	0	0	0	0	0	0	0	0	0	0	0	0	0	
0	0	0	0	0	0	0	0	0	0	0	0	0	0	0	500	0	0	0	0	0	0	0	0	0	0	0	500	0	0	0	0	0	500	0	0	0	0	0	0	0	0	0	0	0	0	0	0	0	0	0	0	0	0	0	0	0	0	0	0	0	0	0	0	0	0	0	0	0	0	0	0	0	0	0	0	0	0	0	0	0	0	0	0	0	0	0	0	0	0	0	0	0	0	0	0	0	0	0	0	
0	0	0	0	0	0	0	0	0	0	0	500	0	0	0	0	0	0	0	0	0	0	0	0	0	0	0	0	500	0	500	0	0	0	0	0	0	0	0	0	0	0	0	0	0	0	0	0	0	0	0	0	0	0	0	0	0	0	0	0	0	0	0	0	0	0	0	0	0	0	0	0	0	0	0	0	0	0	0	0	0	0	0	0	0	0	0	0	0	0	0	0	0	0	0	0	0	0	0	0	
0	0	0	0	0	0	0	0	0	0	0	0	0	0	0	0	0	0	0	0	0	0	0	0	0	0	0	0	0	0	0	0	0	0	0	0	0	0	0	0	0	0	0	0	500	0	0	0	0	0	500	0	0	0	0	0	0	0	0	0	0	0	0	0	0	0	0	0	0	0	0	0	0	0	0	0	0	0	0	0	0	0	0	0	0	500	0	0	0	0	0	0	0	0	0	0	0	0	0	0	
0	0	0	0	0	0	0	0	0	0	0	0	0	0	0	0	0	0	0	0	500	0	0	0	0	500	0	0	0	0	0	0	0	0	0	0	0	0	0	0	0	0	0	0	0	0	0	0	0	0	0	0	0	0	0	0	0	0	0	0	0	0	0	0	0	0	0	0	0	0	0	0	0	0	500	0	0	0	0	0	0	0	0	0	0	0	0	0	0	0	0	0	0	0	0	0	0	0	0	0	
0	0	0	0	0	0	0	0	0	0	0	0	500	0	0	0	0	0	0	0	0	0	0	0	0	0	0	0	0	0	0	0	0	0	0	0	0	0	0	0	0	0	0	0	0	0	0	500	500	0	0	0	0	0	0	0	0	0	0	0	0	0	0	0	0	0	0	0	0	0	0	0	0	0	0	0	0	0	0	0	0	0	0	0	0	0	0	0	0	0	0	0	0	0	0	0	0	0	0	0	
500	0	0	500	0	0	0	0	0	0	0	0	0	0	0	0	0	0	0	0	0	0	0	0	0	0	0	0	0	0	0	0	0	0	0	0	0	0	0	0	0	0	0	0	0	0	0	0	0	0	0	0	0	0	0	0	0	0	0	0	0	0	500	0	0	0	0	0	0	0	0	0	0	0	0	0	0	0	0	0	0	0	0	0	0	0	0	0	0	0	0	0	0	0	0	0	0	0	0	0	
0	0	0	0	0	0	0	0	0	0	0	0	0	0	0	0	0	0	0	0	0	0	0	0	0	0	0	0	0	0	0	0	0	0	0	0	0	0	0	0	0	0	0	0	0	0	0	0	0	0	0	0	0	0	0	0	0	0	0	0	500	0	500	0	0	0	0	0	0	0	0	0	0	0	0	0	0	0	0	0	0	0	0	500	0	0	0	0	0	0	0	0	0	0	0	0	0	0	0	0	
0	0	0	0	0	0	0	0	500	0	0	0	0	0	0	0	0	0	0	0	0	0	0	0	0	0	0	0	0	0	0	0	500	0	0	0	0	0	0	0	0	0	0	0	0	0	0	500	0	0	0	0	0	0	0	0	0	0	0	0	0	0	0	0	0	0	0	0	0	0	0	0	0	0	0	0	0	0	0	0	0	0	0	0	0	0	0	0	0	0	0	0	0	0	0	0	0	0	0	0	
99	90	25	59	41	43	36	35	47	13	68	25	29	56	18	88	87	65	41	47	20	1	27	75	32	17	83	75	16	99	78	82	0	43	52	90	95	39	35	56	1	10	87	77	91	3	14	77	90	54	44	14	82	13	43	61	2	43	59	51	98	83	34	20	59	77	84	62	50	31	47	98	96	21	23	29	62	72	26	8	97	5	92	59	46	17	95	56	62	26	92	64	90	16	62	19	7	48	69	47	70	12	52	38	28	32	56	86	6	49	35	51	41	36	66	20	38	71	65	32	74	22	61	18	87	54	80	83	40	13	87	18	19	70	98	10	29	32	34	57	87	59	21	80	54	5	80	35	60	30	99	60	72	51	84	20	84	85	99	20	89	26	18	13	61	93	33	55	63	13	37	44	1	59	1	33	65	66	15	11	38	49	47	82	82	5	71	44	15	65	99	66	52	76	9	5	60	6	37	13	26	28	14	89	49	35	85	84	72	45	52	87	74	18	19	69	6	71	40	93	11	18	63	29	28	19	10	66	48	95	90	89	18	67	11	94	25	45	90	3	72	61	37	1	30	92	33	61	39	39	2	75	99	64	37	81	45	79	0	68	21	17	8	21	99	19	9	68	94	75	28	64	98	69	51	28	3	94	99	93	12	64	72	94	81	27	36	62	35	35	73	57	89	75	99	54	30	42	93	50	31	46	95	55	45	47	43	66	96	42	97	8	55	4	70	89	22	3	60	67	61	6	75	42	67	40	97	57	51	49	11	51	11	99	68	2	93	65	16	10	52	98	57	1	14	54	82	52	9	22	32	20	60	87	91	9	53	95	16	61	61	73	5	21	41	8	19	97	34	24	14	27	53	59	35	4	19	52	84	41	85	46	45	62	3	9	43	73	20	38	16	50	68	14	37	8	31	39	74	90	8	25	60	33	7	93	21	0	40	68	66	38	58	75	49	10	39	80	79	61	41	31	52	49	34	6	63	11	46	26	29	55	3	30	24	21	32	9	4	22	64	21	60	0	14	83	7	59	87	2	7	12	8	77	50	57	42	74	72	91	10	51	36	29	40	54	66	38	10	5	92	23	48	69	46	56	84	39	27	62	66	14	55	59	35	46	75	23	1	0	34	17	29	4	55	94	36	10	80	31	25	22	66	34	9	77	68	79	75	73	33	61	34	38	30	81	68	55	73	19	53	61	41	39	56	95	49	16	33	94	94	57	84	14	12	26	74	76	59	13	7	18	37	45	4	17	40	53	51	73	85	65	98	55	99	88	94	75	77	38	45	16	84	67	51	91	93	8	78	68	11	74	70	30	50	93	89	66	2	58	91	42	21	32	3	62	96	51	99	62	91	92	78	71	86	55	67	43	86	4	33	5	63	29	98	85	66	90	99	8	38	89	30	51	15	29	63	97	81	58	13	74	28	68	62	97	73	53	82	88	91	83	96	49	77	61	11	0	26	41	64	47	18	19	48	55	16	68	91	10	57	66	23	56	1	19	81	52	64	75	79	38	12	14	36	61	17	56	96	16	18	52	37	51	58	93	2	36	67	88	4	83	50	51	30	17	6	75	66	60	9	28	46	74	34	50	43	12	50	42	19	12	59	22	70	66	97	19	89	16	21	69	24	30	44	50	41	8	95	3	12	50	35	56	19	89	6	49	71	40	71	61	65	8	27	83	42	58	90	81	14	79	55	32	96	98	32	91	23	14	24	58	42	73	77	62	59	89	80	71	9	83	60	78	46	20	76	6	51	46	35	69	13	37	9	7	46	38	18	70	80	23	86	67	37	35	27	38	88	96	28	42	35	85	15	13	94	39	31	68	64	81	70	15	11	52	92	66	68	79	83	90	65	96	91	14	51	92	44	84	58	92	36	91	8	90	35	13	73	67	0	19	44	97	77	57	31	70	4	74	25	5	96	67	33	21	38	47	40	11	82	18	49	85	61	56	37	30	71	95	45	58	10	32	73	58	98	34	88	74	70	23	51	98	53	19	75	9	75	85	32	18	10	26	76	36	4	44	34	56	60	59	60	5	63	52	30	65	37	97	15	13	23	31	29	71	91	86	33	70	30	16	60	13	20	94	8	95	76	60	80	7	24	65	96	40	51	40	54	62	71	30	14	60	89	21	10	58	65	51	43	51	6	54	27	71	90	37	38	5	90	35	92	65	63	83	95	73	79	1	25	94	68	45	29	89	52	15	45	53	7	61	42	55	25	78	55	67	84	40	49	55	41	49	83	51	14	62	41	97	51	33	2	30	38	69	2	89	54	38	30	54	19	50	38	62	23	23	11	31	47	78	44	44	66	20	58	62	52	7	21	67	27	26	13	72	46	35	47	49	94	31	96	98	57	5	42	75	41	99	2	56	1	62	84	82	20	96	6	35	4	51	3	56	6	88	99	76	96	13	51	11	39	45	12	93	71	90	63	58	5	90	52	79	71	99	86	74	83	97	74	46	18	88	20	36	12	96	22	32	4	63	65	65	76	33	88	1	13	80	61	66	3	14	58	95	31	39	91	41	23	71	59	77	26	5	62	66	36	76	24	15	83	56	65	79	88	82	16	76	0	59	69	93	95	21	36	33	26	61	67	7	59	1	22	98	7	9	61	81	84	43	56	37	13	23	95	84	24	76	58	99	62	73	73	95	43	39	35	61	32	43	27	29	3	71	78	38	48	59	97	95	59	77	24	50	56	80	13	35	24	22	4	23	63	26	19	70	42	4	60	82	53	26	87	33	55	60	67	76	42	43	95	28	86	95	32	97	84	98	30	32	93	86	51	9	60	91	44	83	32	81	13	66	42	41	49	73	34	44	46	15	65	79	58	80	27	19	44	98	70	67	27	12	65	73	83	14	57	4	57	29	80	53	90	80	98	54	82	45	50	62	60	76	16	38	44	11	25	19	8	51	10	29	6	13	15	0	41	24	86	20	54	15	67	76	86	79	4	27	55	46	35	21	86	11	13	67	72	27	48	34	73	92	10	5	27	40	63	33	19	64	14	31	7	88	10	28	98	33	93	95	5	93	59	10	79	34	75	6	4	33	72	69	51	19	7	7	29	20	42	71	36	51	30	75	59	20	9	28	93	94	52	69	52	32	1	19	78	52	76	68	12	22	4	18	23	12	21	25	65	93	19	41	6	1	37	32	81	75	24	34	83	8	99	56	77	22	2	81	98	99	93	1	97	71	90	11	59	80	14	32	66	23	97	90	86	42	55	3	53	49	56	18	80	30	32	17	36	15	57	47	10	77	84	89	7	64	11	44	24	39	1	50	29	41	28	8	34	6	32	49	59	22	16	47	84	93	55	42	17	6	21	16	97	50	2	90	98	45	89	32	65	85	13	87	74	73	77	37	78	14	18	82	93	40	87	28	89	66	85	93	56	97	88	51	20	71	6	53	47	98	86	51	56	58	50	66	33	76	73	83	2	99	6	9	35	32	78	57	67	24	6	10	1	97	72	16	73	80	40	79	50	42	79	9	32	47	43	2	32	29	58	73	41	68	69	30	70	29	52	54	48	78	36	93	17	23	31	18	80	85	25	98	10	35	90	61	50	99	19	18	10	64	7	30	83	41	67	20	53	45	99	5	67	52	5	56	66	49	1	13	53	92	63	93	5	26	40	45	93	95	81	83	55	41	55	16	9	23	98	37	57	75	69	15	46	28	2	24	87	8	66	51	6	93	53	78	40	4	1	78	71	42	77	90	43	51	97	45	93	19	99	46	11	88	56	38	21	77	78	73	20	76	39	9	59	45	85	91	87	18	76	9	80	88	61	81	61	51	52	97	31	99	8	65	79	77	53	52	97	74	63	55	69	9	89	53	64	54	55	58	5	95	24	38	83	37	72	54	73	67	91	62	14	8	96	67	12	64	30	91	24	2	13	93	29	61	14	88	40	22	41	96	39	75	5	86	14	98	99	11	11	80	12	31	30	18	98	80	23	44	34	20	66	4	56	54	96	67	77	71	61	44	75	55	52	82	63	67	40	11	70	77	2	1	24	13	87	72	94	62	10	40	76	37	69	75	25	20	29	20	65	35	29	30	19	56	99	80	98	7	22	96	0	21	70	23	84	53	30	21	48	90	62	3	81	82	28	28	1	3	22	13	8	81	84	22	12	50	96	87	35	33	36	74	26	78	18	53	99	3	56	18	74	38	69	91	64	53	31	2	92	32	0	76	66	38	95	60	47	83	22	47	31	39	22	1	74	25	38	23	53	90	58	84	12	33	97	85	96	82	41	45	48	10	81	48	25	25	75	15	36	16	68	5	48	51	37	27	87	28	70	9	66	42	45	61	75	44	23	98	96	42	26	12	80	86	4	95	48	67	93	63	58	53	1	5	78	23	6	34	56	77	98	65	50	6	57	75	64	60	48	28	58	99	98	54	7	73	89	78	14	58	47	49	91	23	42	37	91	60	32	96	13	38	4	43	31	20	87	39	86	27	65	49	63	4	44	91	45	17	16	83	3	90	25	14	39	72	30	18	91	36	65	59	16	68	33	29	91	24	4	68	73	82	39	42	56	79	83	27	74	73	34	93	70	71	67	24	33	28	60	47	82	20	44	29	81	68	50	9	59	60	75	30	18	39	56	3	28	49	98	88	8	81	92	77	45	94	70	68	27	4	84	5	27	70	44	6	9	88	42	50	81	68	75	89	12	4	77	93	40	95	85	22	94	35	96	22	94	44	97	58	68	99	60	96	63	43	56	77	23	26	89	90	53	16	57	43	49	47	38	75	24	40	75	51	4	87	37	34	55	45	5	49	2	90	76	14	69	30	56	23	31	57	4	66	28	96	68	44	39	82	11	29	89	12	34	5	97	39	78	91	53	23	92	55	96	99	83	64	23	94	75	60	96	54	68	53	98	11	96	1	31	88	39	92	36	92	41	28	21	19	71	30	5	85	99	35	89	71	6	86	50	74	54	80	8	33	90	51	54	83	95	77	78	1	15	47	89	82	86	67	42	50	17	92	77	33	98	85	14	52	18	93	63	47	13	5	89	56	88	55	74	47	1	48	23	70	10	87	95	84	12	43	43	68	75	95	40	15	90	37	71	47	77	0	90	75	13	11	27	10	6	51	22	23	94	7	77	1	47	14	69	64	16	34	45	36	17	95	83	28	22	99	59	45	59	23	10	36	66	30	3	6	20	9	11	66	15	46	12	67	85	74	65	29	17	98	59	76	7	79	48	64	12	42	42	7	92	18	11	67	66	39	75	21	50	23	23	14	11	60	28	37	49	53	85	23	68	20	3	62	51	42	54	87	9	6	60	43	58	70	3	61	82	73	42	26	64	8	94	12	11	84	6	22	45	6	86	97	64	72	18	58	70	56	61	8	36	66	74	9	19	12	70	28	9	39	87	74	53	7	72	97	84	51	40	38	96	21	69	6	68	19	63	31	0	52	74	18	19	40	98	82	25	23	76	45	7	66	46	32	40	30	3	50	92	45	87	34	88	49	41	23	78	70	94	62	73	33	64	88	30	1	86	71	64	34	85	21	81	64	61	35	77	22	40	54	52	1	51	2	30	11	60	2	93	34	59	17	95	10	15	44	31	16	4	37	38	59	57	5	38	62	51	25	24	28	68	38	23	88	34	29	58	51	51	66	59	0	88	97	11	39	81	21	18	47	2	98	57	49	59	55	61	59	99	29	49	40	91	29	37	86	26	78	95	42	35	58	44	28	90	82	68	42	63	10	48	70	68	55	28	98	79	28	95	28	0	77	13	28	84	21	62	75	99	23	2	3	42	24	85	2	11	50	92	52	2	46	25	15	76	29	12	87	78	29	5	0	66	22	90	20	71	10	99	46	66	71	29	12	92	27	47	85	42	52	93	9	4	24	36	2	51	54	15	29	75	7	46	94	71	42	17	98	89	69	16	8	52	70	2	54	65	65	58	24	2	42	24	35	99	73	41	29	68	97	59	54	12	42	91	41	87	50	71	59	2	24	16	3	42	64	4	97	93	45	28	10	41	62	75	60	67	16	60	5	83	87	98	11	37	52	83	79	16	25	46	3	90	51	86	65	14	36	8	29	59	69	39	0	74	83	23	84	41	15	98	54	70	20	51	26	41	61	11	41	89	26	75	85	88	63	94	87	28	77	57	48	5	36	91	5	99	74	8	39	92	99	46	96	10	47	69	62	5	81	64	59	99	88	5	87	62	12	3	23	68	29	68	13	88	25	68	99	98	20	75	23	20	62	70	38	72	33	63	74	43	49	4	28	24	16	82	20	96	66	61	98	0	99	47	20	48	31	83	27	0	67	49	43	64	83	29	58	87	84	7	93	15	20	81	61	31	95	30	96	27	58	93	79	22	36	58	98	5	53	66	25	87	2	20	48	47	52	91	51	19	70	66	87	2	37	33	1	4	61	24	38	43	89	80	82	99	51	27	6	43	73	28	66	84	65	99	89	37	10	99	54	67	30	81	96	28	62	17	35	98	38	23	85	49	68	91	40	57	31	17	95	79	22	45	21	90	63	21	97	38	29	86	29	27	6	28	75	0	18	58	21	76	46	79	9	98	9	39	92	31	87	2	40	29	52	87	90	8	75	16	86	6	91	67	66	49	21	35	53	42	60	81	70	41	48	80	53	74	62	78	3	52	23	90	70	61	72	60	44	75	46	12	81	19	57	27	26	66	98	34	30	64	55	60	90	18	38	82	75	12	8	98	90	53	68	84	74	41	74	26	67	76	46	3	90	4	66	48	50	95	13	46	42	39	17	97	96	40	27	74	97	37	70	66	32	56	56	3	4	64	3	74	41	85	48	14	5	3	87	71	13	82	78	13	19	59	49	8	71	0	19	63	78	18	37	48	20	93	61	31	13	67	54	62	52	51	24	58	2	20	67	31	93	34	35	71	49	20	48	95	88	56	5	13	77	31	1	11	44	59	11	2	52	85	27	11	6	82	72	72	25	21	8	12	98	76	59	55	35	46	79	45	42	14	39	86	35	77	83	9	53	35	92	8	38	2	2	3	25	69	1	65	0	92	72	24	90	40	30	10	29	45	3	41	94	14	15	92	37	22	54	69	46	78	63	46	67	81	70	18	38	9	50	49	65	60	54	90	83	48	2	15	53	2	55	94	19	51	91	57	0	66	79	61	31	39	43	99	5	37	11	41	77	55	32	93	7	19	49	26	15	47	62	37	69	53	90	62	84	15	29	85	87	98	90	29	49	73	46	28	17	85	35	49	50	87	72	31	14	6	79	50	91	53	93	36	22	65	82	85	63	82	48	83	53	16	0	23	98	93	21	27	68	57	96	73	69	7	28	46	67	7	98	91	40	5	46	29	24	58	68	24	94	33	34	90	45	1	16	65	63	85	86	44	67	73	28	46	53	33	95	45	37	49	79	8	22	51	18	99	99	84	76	11	41	60	75	13	59	62	22	0	9	67	36	62	8	36	73	96	43	14	91	83	32	7	36	10	36	16	72	79	70	21	4	77	95	92	71	53	49	17	87	68	36	30	1	78	38	27	65	75	68	85	5	5	71	43	0	89	45	79	96	33	71	90	35	25	96	86	36	56	66	7	83	14	94	39	45	17	2	11	77	17	58	87	92	20	10	36	83	34	61	82	36	13	12	66	56	36	16	62	47	58	84	37	6	84	25	89	53	66	3	21	40	9	90	4	42	25	91	35	74	22	54	28	64	59	11	47	52	55	37	94	98	1	1	49	44	99	92	48	61	31	43	62	53	21	9	85	16	62	25	33	61	84	86	68	7	9	13	54	98	43	3	40	90	44	5	57	93	65	10	74	67	87	74	91	85	1	13	93	17	0	78	57	78	7	32	46	57	25	60	37	49	33	0	14	4	36	41	69	5	41	
82	50	96	28	79	11	18	34	43	40	11	11	7	17	28	22	16	3	19	82	28	0	89	37	2	15	93	80	67	55	7	87	18	56	18	12	39	80	83	16	39	42	99	59	43	9	65	3	24	25	67	37	30	79	56	70	52	60	33	66	41	97	82	35	88	8	64	66	37	9	17	87	20	97	13	96	59	93	58	22	52	59	52	85	74	67	21	68	75	93	9	65	69	17	9	92	35	41	27	4	79	31	44	31	62	41	40	6	97	71	0	57	9	38	34	10	35	31	74	46	80	80	78	30	21	45	14	10	30	51	32	44	74	47	88	97	73	38	7	37	99	10	83	94	71	62	69	61	85	73	41	54	73	88	32	7	74	18	56	69	51	73	37	0	98	23	41	35	61	88	72	5	39	73	32	47	78	0	49	20	99	24	12	75	31	80	63	13	36	32	59	21	5	73	32	58	24	57	95	26	65	23	26	62	23	30	69	34	70	46	66	4	87	84	13	24	27	26	28	65	47	55	79	14	31	50	43	65	58	83	6	54	95	11	25	55	29	12	19	69	23	69	76	29	88	85	99	19	35	56	85	45	15	19	75	64	39	4	60	36	77	66	66	35	26	84	28	2	95	50	43	38	45	70	71	11	78	27	97	75	65	72	91	71	16	25	5	87	67	65	50	20	58	33	24	78	67	62	35	53	45	32	25	10	36	49	82	98	22	32	93	61	30	18	44	22	58	6	15	60	8	48	13	86	72	46	56	27	7	79	20	37	18	4	51	41	34	8	74	15	24	55	9	2	6	23	86	86	95	63	17	39	14	99	81	36	7	85	32	0	87	41	18	77	79	37	86	24	33	5	34	78	36	86	18	44	95	41	4	67	77	97	9	47	93	24	81	91	7	85	46	46	20	16	21	27	42	63	90	45	44	6	55	38	69	30	44	3	41	73	24	81	80	60	52	68	62	48	74	76	11	81	5	23	60	94	95	55	59	54	27	23	66	48	76	31	19	48	63	51	53	40	48	84	41	94	56	18	84	75	8	6	46	71	91	29	90	39	28	2	80	69	73	37	7	56	12	39	19	78	52	29	75	86	94	73	36	41	59	33	70	22	36	90	7	4	73	40	68	79	74	30	88	47	69	80	1	64	45	59	33	1	80	75	55	17	71	26	11	18	96	78	55	64	22	66	62	12	66	58	89	71	92	97	68	76	60	90	18	72	31	84	53	93	74	67	6	78	13	34	74	30	66	94	27	53	2	59	6	72	17	84	34	53	39	12	93	69	13	20	75	43	34	45	50	55	90	16	62	41	86	9	51	65	63	54	64	58	27	59	5	30	37	0	29	10	81	74	71	90	24	85	73	18	81	21	26	34	76	78	98	2	96	92	26	77	32	25	19	81	78	44	20	11	41	28	38	30	92	55	76	7	19	5	29	95	39	98	49	55	42	54	35	15	66	97	55	64	36	91	48	69	92	59	46	91	83	91	24	34	76	81	32	90	40	85	84	99	27	85	3	14	91	72	97	99	84	73	11	19	25	46	2	53	65	50	87	52	15	23	55	95	41	75	22	67	45	55	19	5	32	14	38	35	66	81	80	95	81	55	88	88	54	2	78	25	42	26	80	95	53	13	91	16	59	30	70	82	61	31	56	34	83	77	2	59	15	25	44	0	8	23	20	95	80	91	13	49	74	47	46	71	38	0	82	7	3	79	66	27	69	86	64	24	66	22	93	66	22	94	35	14	65	9	70	92	56	63	6	82	1	11	44	62	41	41	12	65	88	71	34	71	73	12	67	10	68	37	73	85	93	85	75	96	85	54	83	51	76	30	75	80	12	56	74	91	33	20	90	14	22	78	91	41	0	39	88	63	0	63	82	26	54	97	74	3	28	39	18	22	5	67	53	61	21	17	9	4	81	77	51	88	71	32	50	66	24	80	72	96	90	7	6	24	19	39	81	10	25	49	34	32	74	31	21	44	10	38	25	89	62	35	74	2	0	66	69	44	52	23	69	40	85	39	34	26	92	50	43	4	14	19	80	2	6	55	65	70	52	57	89	30	0	28	3	94	12	22	90	88	77	92	25	52	27	31	13	99	78	93	72	35	60	38	57	87	35	15	1	76	22	93	35	22	44	15	60	63	11	70	16	90	76	49	51	24	14	11	79	10	36	54	50	64	47	84	88	58	5	6	14	12	48	17	8	59	4	41	75	76	11	69	68	84	29	33	95	11	26	36	79	46	0	21	98	30	57	73	59	19	12	53	91	77	46	44	44	40	63	59	37	90	41	10	50	77	60	97	71	15	77	99	89	56	45	64	73	17	36	27	67	16	56	7	58	21	32	50	74	51	80	50	54	32	92	3	91	65	50	47	55	80	51	93	72	6	45	33	48	24	90	48	58	40	91	7	15	91	88	55	2	16	32	75	52	84	47	32	98	22	2	98	38	13	97	52	91	89	14	1	45	64	37	8	85	16	61	4	85	65	67	71	69	35	50	78	12	92	30	6	76	8	46	86	42	3	1	94	13	64	40	21	38	93	21	13	31	91	17	80	51	16	20	87	93	49	62	20	56	77	20	72	26	76	59	82	70	54	90	9	69	64	0	18	63	11	44	15	10	31	52	26	93	47	74	53	97	89	38	97	9	18	20	32	89	70	26	51	53	43	37	61	19	44	7	83	87	48	35	53	12	16	16	94	96	64	45	73	75	16	94	0	93	20	77	8	44	27	17	80	91	92	21	74	37	87	70	32	19	41	86	60	51	6	26	56	91	71	77	53	22	4	77	51	50	64	93	58	7	53	38	30	92	31	66	29	74	74	74	30	24	95	64	95	51	51	29	39	54	2	23	95	91	81	59	43	69	1	88	70	20	57	69	50	0	38	66	45	96	32	44	27	89	23	67	66	34	60	75	61	81	67	28	86	32	68	26	17	89	58	78	93	84	3	35	5	70	96	24	65	47	24	60	3	3	21	44	69	40	78	88	65	26	27	48	89	33	13	16	62	5	8	78	49	28	9	79	19	89	97	1	52	15	6	97	61	72	75	12	25	21	64	55	67	72	58	69	84	28	64	79	37	41	37	87	38	86	80	34	77	20	64	40	91	55	69	38	17	73	22	67	80	55	53	11	20	85	7	10	45	15	96	39	63	37	38	64	30	21	43	47	64	34	27	48	50	23	79	23	52	71	57	90	2	79	17	91	25	10	71	12	49	52	36	63	12	52	50	64	17	41	40	51	65	52	53	97	89	26	31	75	46	58	52	17	68	84	32	55	68	29	1	74	21	90	35	18	47	55	70	6	86	78	19	20	21	38	47	5	99	51	9	64	87	87	7	68	33	61	8	38	53	88	62	78	16	60	19	97	88	45	53	83	6	7	81	37	71	68	78	54	26	62	4	76	57	57	32	24	89	68	39	95	81	39	97	83	85	94	5	97	73	69	85	85	29	14	40	46	83	30	23	73	19	47	59	74	34	32	6	3	58	52	52	90	13	58	14	90	21	95	81	97	20	80	40	33	45	1	68	97	30	34	10	48	7	92	91	3	95	19	2	90	81	58	77	29	65	27	33	77	39	93	24	38	28	1	26	79	44	98	25	82	56	60	72	21	44	42	46	47	5	79	24	55	0	70	56	18	6	45	13	35	62	61	14	79	56	7	38	32	38	84	57	71	49	74	22	92	47	98	95	6	71	20	68	76	83	42	17	70	99	20	20	75	96	11	76	30	36	99	91	39	21	37	76	48	12	8	35	8	71	77	68	77	90	31	27	26	81	64	36	33	93	18	11	66	13	5	3	44	31	48	42	40	50	97	84	4	15	64	86	18	54	53	31	23	55	87	70	37	77	17	29	5	26	53	34	99	14	96	13	50	14	67	41	97	70	13	83	80	64	74	4	19	57	7	29	42	77	72	48	54	24	35	71	51	79	27	15	0	69	82	63	26	34	98	11	40	32	48	41	45	7	78	44	32	39	6	75	21	27	40	29	84	84	72	50	83	94	61	23	31	18	66	72	9	4	70	45	16	16	68	20	99	83	45	77	51	24	11	13	88	42	33	26	35	96	65	26	76	83	12	86	80	92	20	86	64	36	95	69	22	0	3	81	61	14	16	72	39	71	19	90	73	52	17	70	87	10	29	85	44	41	73	30	5	72	88	12	69	92	70	81	27	34	2	4	56	61	74	17	72	68	42	65	19	83	65	91	33	38	96	60	85	69	15	61	97	7	56	6	88	21	12	42	79	7	61	40	77	64	51	37	96	48	24	2	71	90	14	60	54	96	93	18	90	73	61	39	49	85	29	58	7	96	83	16	2	98	30	96	54	47	76	55	41	5	53	94	59	12	50	76	31	93	84	70	51	99	41	77	31	17	16	49	77	98	58	80	28	6	39	33	90	8	27	61	18	29	7	71	68	54	49	31	75	64	54	26	96	18	67	37	22	42	9	59	11	42	30	78	11	22	99	74	44	65	23	88	70	0	49	71	8	53	43	2	26	10	90	53	64	14	51	61	24	66	17	46	47	59	93	91	17	19	75	61	50	46	9	48	57	92	8	73	7	51	84	34	74	90	15	0	33	24	65	71	46	34	27	75	36	14	53	80	57	70	67	96	29	90	0	99	97	88	2	85	91	81	43	23	21	1	37	45	10	92	64	28	44	55	11	9	40	79	65	25	2	21	65	39	84	36	9	26	19	24	34	72	97	50	57	39	72	12	20	93	77	48	66	40	1	68	41	52	36	38	31	44	67	57	70	66	74	57	78	52	75	57	53	62	93	74	28	60	32	43	11	12	20	32	16	38	10	29	29	74	74	45	63	4	90	14	72	52	87	30	17	61	60	79	43	41	45	45	79	75	64	29	14	11	0	13	17	28	5	11	19	69	17	84	95	73	12	86	77	48	67	53	67	22	76	27	93	29	10	15	90	72	54	1	45	97	13	9	44	51	70	83	14	53	36	85	52	71	51	61	98	27	21	19	59	27	51	53	4	7	19	26	89	87	29	63	64	1	90	60	35	43	24	9	53	81	54	73	8	85	92	85	26	14	10	58	99	70	9	76	7	29	37	95	36	15	68	74	11	77	16	8	90	72	30	30	70	81	8	12	73	95	86	16	86	7	99	57	61	65	14	47	47	99	8	58	29	74	7	69	17	77	20	80	86	31	30	41	73	75	2	78	30	91	28	32	31	81	88	86	79	70	5	60	80	65	8	19	22	13	59	76	98	84	83	46	89	65	38	88	57	30	28	94	50	90	88	72	61	66	11	59	70	51	26	7	98	48	71	69	59	67	36	68	9	64	28	20	57	37	37	64	3	68	19	71	38	5	7	69	98	43	94	19	91	73	91	34	18	85	47	85	51	56	9	35	77	34	10	64	42	0	33	81	45	40	62	44	2	93	16	74	89	91	35	36	6	92	9	89	54	9	89	2	96	5	9	35	52	54	62	94	10	69	39	75	50	59	60	43	59	20	99	94	47	11	77	96	35	58	73	25	36	26	95	82	74	43	10	36	79	12	69	72	69	40	70	17	89	92	36	23	31	68	67	88	10	81	39	47	17	59	80	7	82	17	3	39	61	79	55	75	73	27	85	21	36	72	3	40	53	90	81	69	47	23	19	59	5	30	18	51	85	24	63	78	75	43	27	32	58	46	85	38	35	70	98	52	85	49	61	56	85	51	93	87	51	15	59	68	76	14	44	57	29	97	17	59	34	20	42	36	98	75	13	26	31	77	11	60	35	45	39	93	65	36	57	18	89	42	23	72	57	37	6	40	3	71	3	2	44	39	51	16	52	33	58	25	42	29	56	7	1	61	95	90	14	91	16	18	10	37	54	1	47	18	34	81	84	0	63	42	36	95	71	70	65	69	77	36	48	55	60	94	32	31	3	33	42	62	57	88	31	52	75	64	68	44	93	11	94	70	32	46	95	81	97	23	3	75	17	12	23	74	86	64	64	99	69	78	13	66	45	43	80	29	34	85	79	58	57	66	54	34	53	5	23	31	85	94	52	3	3	58	39	56	80	58	71	6	90	74	36	61	82	56	8	89	81	5	83	4	7	72	1	46	90	65	98	69	5	78	73	77	55	81	98	13	12	95	2	23	23	42	45	11	1	95	50	91	73	6	90	77	28	34	83	92	23	18	91	68	56	36	97	8	93	27	84	92	14	4	89	86	97	29	27	16	91	7	73	22	20	36	44	36	84	77	37	88	39	45	76	9	99	22	15	3	68	65	35	25	78	67	8	86	49	0	12	89	29	77	39	67	18	7	6	59	78	11	96	5	99	53	43	85	14	78	97	74	30	36	8	22	18	38	72	29	63	90	5	47	4	23	7	9	66	98	89	14	75	7	79	97	85	90	25	88	46	53	16	23	46	72	84	81	98	17	29	89	21	59	91	18	51	97	79	13	59	57	48	9	84	83	12	48	93	0	43	55	17	86	61	38	4	4	76	74	16	50	36	59	79	31	81	16	71	57	29	30	5	46	93	52	67	60	75	44	31	97	27	61	25	5	20	7	78	68	79	27	79	77	93	24	63	49	80	26	76	24	16	53	83	0	91	63	20	77	92	86	33	56	67	87	28	45	71	43	11	20	60	86	17	78	35	73	46	83	58	98	54	57	56	23	82	21	36	10	94	52	16	23	21	85	72	89	99	91	0	75	49	33	36	69	24	52	68	14	54	51	8	47	38	97	78	15	61	58	63	92	36	23	51	59	85	99	89	63	62	60	92	96	22	79	3	51	48	27	10	82	65	14	23	12	62	13	7	50	94	53	50	95	18	6	89	10	82	66	24	1	0	47	49	56	67	9	6	96	74	80	92	81	61	29	80	27	62	16	22	49	26	26	88	67	23	37	63	79	76	12	71	77	17	2	79	58	17	37	9	20	6	91	27	17	75	47	29	87	20	5	66	25	48	34	3	64	0	53	28	3	52	33	6	47	55	42	53	84	21	23	74	91	29	0	50	7	80	89	41	36	55	18	69	52	0	14	80	99	48	10	86	42	11	56	33	95	10	25	87	66	71	86	78	10	66	36	80	67	75	3	18	91	67	2	51	60	57	6	39	98	7	92	10	49	3	34	98	18	1	91	5	19	26	26	94	51	5	74	51	32	80	82	55	50	1	38	53	67	20	42	37	90	94	41	18	1	70	81	23	34	51	83	52	6	74	10	18	68	13	54	34	54	47	68	93	15	2	4	64	40	80	38	58	83	46	43	81	53	62	17	27	77	82	39	77	56	97	44	98	50	38	40	95	38	41	21	49	83	34	87	36	91	48	66	38	66	95	2	95	67	11	50	30	16	44	6	84	43	60	86	91	8	57	37	70	73	49	17	98	56	43	93	81	67	98	81	7	28	88	27	24	18	11	81	52	97	50	70	64	50	36	58	56	24	76	1	79	29	27	84	46	71	63	99	79	50	91	56	98	86	39	23	75	67	65	92	22	54	25	64	89	98	74	53	29	6	17	40	73	33	59	9	72	78	97	91	69	96	56	15	39	96	26	43	43	97	61	15	24	70	85	5	97	31	90	4	59	88	97	91	42	48	81	34	69	84	47	52	82	53	44	43	23	82	18	64	50	69	78	61	60	79	74	24	17	32	49	0	38	63	91	81	78	40	91	63	22	10	98	47	51	3	7	28	35	54	9	16	33	81	63	68	33	89	8	52	98	80	45	48	31	48	57	22	70	7	56	77	76	28	41	52	85	46	70	41	29	38	42	1	31	48	73	34	72	13	61	27	1	96	34	36	40	20	26	89	82	4	81	70	97	20	79	7	31	73	94	65	16	36	56	10	25	63	13	40	46	24	21	44	97	41	38	33	67	18	67	12	29	98	93	59	57	62	0	61	91	
9	3	19	8	19	19	11	12	1	11	12	5	16	7	17	16	1	20	7	8	12	3	18	20	20	17	15	1	8	7	4	2	10	7	1	6	20	17	7	10	1	1	8	13	15	6	16	17	14	20	5	6	1	9	19	11	4	20	7	10	15	11	3	7	5	4	11	16	9	15	9	14	5	5	9	13	18	15	8	15	17	2	12	13	3	15	17	15	9	20	5	15	7	4	12	10	4	14	19	8	11	14	12	11	14	17	3	15	14	8	1	19	1	13	16	17	17	19	13	5	6	13	7	18	16	18	13	9	20	5	4	13	18	14	16	13	13	15	10	2	12	11	15	19	9	16	13	10	9	4	13	19	9	11	19	9	6	9	20	18	9	13	17	10	14	8	16	8	12	1	6	10	18	10	7	8	15	17	12	1	10	6	2	18	1	9	7	18	17	5	7	12	19	11	4	9	12	2	14	19	16	20	7	11	10	11	11	14	9	3	19	8	12	8	12	11	2	17	12	15	5	18	12	14	6	13	8	13	10	17	13	16	18	1	5	17	18	16	20	17	17	5	3	16	10	20	20	20	16	6	11	9	10	4	5	14	2	8	16	9	17	17	5	18	8	14	3	4	16	3	18	17	9	1	20	9	14	13	20	14	15	12	10	13	4	19	20	10	11	4	11	18	7	11	20	16	12	1	17	6	10	2	17	7	3	17	19	14	7	4	1	19	4	14	8	7	6	8	17	19	14	18	17	12	9	14	12	15	5	13	1	17	14	15	7	19	13	2	8	19	12	14	13	4	19	17	10	16	4	19	14	17	10	18	4	15	16	11	10	6	3	18	5	9	3	9	14	8	13	20	1	16	18	13	17	2	20	12	17	3	15	19	7	12	16	3	20	7	9	20	1	3	18	16	6	10	8	11	6	14	1	7	16	10	17	4	2	5	17	5	17	3	19	4	18	2	9	13	6	2	13	3	3	13	9	13	10	10	10	7	12	3	6	9	14	1	13	8	13	16	2	14	8	8	8	4	3	15	2	5	4	7	3	15	7	1	11	8	9	15	11	4	1	5	6	7	2	3	4	15	5	14	5	9	12	11	7	10	16	12	5	3	12	15	7	10	1	6	6	4	9	4	10	6	2	16	8	10	16	1	9	7	6	9	7	11	7	15	13	11	8	9	1	16	12	16	15	14	12	9	11	1	13	5	9	3	5	2	1	16	7	12	5	15	5	15	1	13	13	4	4	14	8	2	7	14	12	15	6	7	4	15	6	2	10	7	9	9	1	3	12	12	10	2	1	15	16	9	7	8	7	15	5	11	4	1	4	10	12	11	6	3	1	11	14	4	1	14	8	8	15	9	16	2	15	3	16	11	10	14	7	14	14	9	4	16	15	14	14	1	12	7	12	15	15	15	13	10	12	4	11	3	10	4	16	6	10	5	16	4	5	1	15	5	9	15	8	12	14	4	7	8	14	2	13	10	8	16	1	16	5	3	4	12	8	15	7	3	9	15	16	9	6	14	11	1	8	12	4	6	16	12	2	14	11	9	13	9	6	4	13	8	16	11	8	15	10	1	14	2	4	8	12	7	10	9	6	15	6	3	9	6	4	2	12	2	15	4	14	3	7	3	3	7	11	7	5	11	5	14	6	7	9	10	6	11	4	7	16	1	1	16	7	5	2	2	9	10	14	11	9	15	11	4	9	12	2	9	10	4	5	8	6	1	2	1	15	11	5	7	11	11	3	8	1	16	15	7	12	11	13	2	4	6	1	10	10	14	9	14	1	6	2	13	11	3	3	4	1	13	4	12	16	12	14	9	7	2	6	7	8	4	9	7	15	7	10	6	11	3	13	4	2	9	5	4	9	2	14	2	3	15	16	2	11	2	13	6	4	11	9	8	12	16	9	16	7	12	14	12	12	5	13	10	13	2	10	14	14	6	13	9	14	10	8	15	14	6	15	6	1	1	6	15	10	4	10	5	14	3	4	7	12	13	5	9	14	3	11	16	12	15	12	4	13	13	8	2	11	7	2	15	4	10	3	2	14	5	1	12	1	3	9	10	2	13	16	5	14	10	15	6	7	16	2	7	10	9	13	15	8	10	7	9	5	11	16	9	9	11	16	15	13	8	12	13	3	2	15	6	2	6	2	5	8	5	12	6	15	1	3	16	6	4	4	6	13	2	12	1	9	3	8	3	8	9	8	3	11	7	3	16	12	2	7	4	10	10	3	4	13	12	8	14	16	14	7	14	4	12	4	5	12	14	8	12	9	15	5	13	4	9	13	16	13	7	6	1	15	10	3	5	11	10	2	11	16	15	14	12	6	4	1	7	5	7	6	13	6	8	9	6	10	15	13	2	11	12	15	5	9	9	8	15	14	4	11	5	12	6	5	15	10	7	6	1	11	12	8	9	14	15	12	8	3	14	14	10	1	9	5	1	16	9	13	12	16	16	3	12	5	3	16	1	7	9	13	16	16	11	15	5	6	15	13	11	8	14	16	9	15	7	11	6	6	3	6	5	5	16	8	16	2	1	16	14	2	12	14	7	8	15	14	12	9	14	2	11	1	9	7	6	11	16	1	6	7	5	6	13	1	9	1	16	16	7	11	15	13	12	3	8	15	16	2	7	15	14	2	7	5	15	8	7	5	13	4	5	5	14	1	9	6	13	11	9	9	7	6	9	16	9	10	3	7	9	16	7	1	16	14	7	7	11	8	2	13	14	15	11	8	16	8	2	3	13	1	1	8	6	1	12	3	6	16	13	6	4	9	7	3	14	11	6	16	12	7	12	5	1	3	13	9	1	16	1	6	5	9	8	3	3	8	1	3	7	5	10	13	14	14	16	8	14	5	6	13	10	15	5	13	9	3	5	3	8	9	5	16	7	14	13	11	11	13	14	12	13	7	6	13	12	5	14	4	15	9	6	8	3	6	12	11	2	14	7	15	13	16	15	14	8	11	16	5	1	11	16	4	3	3	16	16	11	1	13	4	14	13	4	9	14	9	14	9	16	13	12	14	15	9	6	6	11	8	15	14	12	8	11	6	1	12	10	15	12	12	4	12	8	12	13	5	4	9	11	12	9	5	14	1	6	13	15	7	10	13	15	3	3	2	3	9	11	6	3	14	15	15	14	5	6	15	5	16	2	7	7	12	7	3	12	13	4	6	2	1	8	16	2	7	14	10	15	1	5	8	14	3	13	1	1	3	14	3	7	15	16	13	12	8	4	1	4	13	1	2	3	7	14	12	1	8	4	10	7	16	16	9	4	10	5	14	15	2	1	8	9	9	5	8	12	15	8	1	16	11	15	8	8	6	1	2	10	5	2	14	14	6	4	6	9	8	9	16	13	3	2	5	6	5	12	3	7	2	11	4	6	4	8	9	15	13	9	2	3	3	14	15	5	7	2	11	8	14	7	10	3	8	11	14	6	15	3	15	6	3	6	6	1	3	7	13	15	2	10	13	15	6	6	3	11	1	11	14	16	15	7	2	9	1	8	12	6	1	2	16	11	11	16	6	8	10	16	4	5	16	4	6	12	11	8	13	15	4	9	3	15	1	16	13	11	1	9	9	3	11	16	5	16	14	3	9	16	3	11	14	9	14	9	7	3	15	14	15	7	14	5	3	14	4	9	11	5	11	13	15	14	8	9	10	5	1	11	15	12	14	8	15	5	6	7	5	13	14	3	3	8	8	3	15	4	11	16	7	4	13	9	7	10	13	6	8	7	12	15	4	14	12	10	13	10	10	2	9	11	8	11	9	3	10	6	6	9	16	1	2	2	8	8	8	7	1	4	7	9	4	11	14	10	4	2	14	14	12	12	15	16	3	16	14	6	8	2	3	9	14	9	15	1	5	5	5	16	12	8	13	3	14	8	13	8	4	3	7	4	10	13	10	5	16	12	2	12	9	3	15	15	7	5	13	1	7	12	10	6	9	7	11	1	8	1	1	10	11	6	16	10	7	5	11	5	15	4	6	14	11	11	10	4	11	7	12	10	12	9	12	12	2	8	13	13	13	3	9	11	7	6	14	4	11	13	16	10	7	8	14	6	10	7	7	14	4	3	14	5	7	4	2	15	14	12	15	6	7	6	8	12	11	12	7	10	16	6	9	3	2	1	3	9	8	14	16	6	14	4	6	14	8	16	10	15	3	3	13	1	8	9	9	10	3	2	3	6	5	16	1	5	3	14	4	1	10	3	14	4	12	15	2	13	2	6	2	4	3	5	14	1	16	13	10	13	16	3	4	8	7	4	2	5	10	4	12	13	10	13	11	10	16	12	11	4	1	16	11	5	4	9	13	7	7	8	5	3	11	16	9	14	13	13	11	12	9	14	14	2	2	2	8	3	13	5	3	8	14	12	9	13	3	10	5	8	13	15	16	7	11	4	16	3	16	1	5	5	14	14	4	14	15	9	7	15	11	15	12	11	1	8	8	11	2	9	1	16	9	2	3	3	14	14	14	5	5	11	5	16	8	16	14	2	5	13	9	3	2	1	15	1	15	5	7	5	1	2	4	10	10	1	16	10	3	16	8	11	9	1	10	5	16	3	6	3	14	15	11	15	13	8	13	10	13	14	5	8	1	9	3	8	13	9	13	6	15	14	2	4	14	5	15	4	14	3	2	4	3	13	12	7	7	13	11	7	8	5	7	14	11	9	10	11	14	7	1	13	13	12	2	10	8	3	15	10	4	7	14	6	5	1	15	4	12	13	2	4	15	8	13	15	13	2	5	12	16	3	16	4	7	12	10	11	6	8	1	3	13	7	11	6	4	14	12	13	5	11	16	5	4	13	7	9	4	1	3	5	15	7	4	7	2	4	8	1	11	4	2	5	11	9	16	10	8	11	2	3	5	16	14	6	2	6	15	9	16	4	8	9	4	1	4	16	5	6	11	11	15	9	5	15	15	2	13	7	1	3	16	11	7	2	14	6	5	16	5	9	7	4	3	1	14	2	2	11	4	2	9	2	10	5	1	10	9	6	2	16	13	7	1	1	16	16	3	7	4	12	2	5	1	1	14	3	16	15	7	4	3	6	1	10	2	13	5	12	8	15	4	16	5	8	10	13	10	2	9	6	4	9	13	5	13	1	13	10	10	14	11	8	5	2	15	7	10	13	11	7	1	4	8	13	3	15	10	8	3	1	3	6	13	10	8	7	7	13	12	4	3	11	10	13	2	7	4	13	1	6	1	9	14	14	15	1	6	3	1	1	12	2	12	4	5	9	2	9	8	8	5	10	16	8	5	3	10	8	16	14	16	4	14	2	8	6	7	8	13	2	8	6	15	6	16	16	3	14	7	6	4	12	14	2	16	12	15	13	8	5	6	8	5	10	4	8	2	2	15	1	15	6	16	1	6	8	1	10	3	12	2	12	5	5	6	11	6	1	4	6	3	3	15	6	10	8	12	10	5	13	3	11	16	8	11	8	2	10	1	4	8	12	7	5	16	11	6	5	1	3	15	6	1	16	3	15	14	12	8	4	5	1	10	9	1	14	14	12	2	13	8	1	1	11	14	2	16	4	16	14	11	14	6	3	15	5	15	2	13	11	3	10	11	3	9	16	15	4	12	11	16	2	8	4	15	4	6	8	9	3	6	8	16	4	1	5	14	6	1	1	11	16	1	6	1	6	1	16	1	5	2	9	5	12	4	16	3	11	6	2	9	4	13	12	16	9	7	4	16	1	2	11	16	16	7	4	11	2	2	9	8	8	6	1	5	10	15	10	1	11	3	15	6	6	14	12	1	13	12	14	14	2	6	14	8	11	5	7	6	4	5	8	11	15	12	5	4	11	1	9	6	12	14	10	8	3	7	13	12	13	10	2	16	4	8	16	9	9	14	1	2	15	10	7	16	8	5	16	10	10	9	8	2	15	13	7	9	2	6	2	14	15	12	5	2	1	6	8	13	5	11	15	4	7	10	14	9	5	9	1	8	9	12	10	2	4	1	11	16	11	10	1	12	13	6	4	12	10	1	4	4	15	16	16	5	2	12	5	3	2	7	15	2	12	10	11	9	11	6	7	1	15	10	10	6	4	5	14	2	1	2	7	12	15	10	6	8	3	14	4	10	15	13	15	14	8	7	10	2	11	15	1	16	4	16	13	1	7	9	16	7	7	10	7	4	16	5	4	15	9	7	10	14	16	16	5	16	8	6	2	15	11	15	2	2	4	11	8	4	2	5	11	12	12	13	12	14	8	5	15	1	15	4	16	13	1	11	7	6	7	6	13	8	11	1	7	14	13	4	1	1	16	5	7	11	14	8	5	9	6	7	7	6	15	15	9	2	15	9	16	15	14	13	9	3	15	4	15	5	8	4	10	10	10	5	1	14	5	3	11	2	16	1	13	5	14	5	15	15	2	1	15	11	5	3	9	4	3	5	13	11	5	13	4	16	10	14	5	6	8	2	16	1	10	7	15	7	10	6	2	1	9	13	9	16	1	9	5	16	9	7	9	11	7	16	9	2	16	15	5	16	3	3	4	12	10	12	11	10	1	13	5	5	14	6	15	10	1	9	13	6	11	9	4	3	11	7	7	2	9	14	15	1	15	14	11	15	2	11	15	4	16	3	15	3	8	8	8	16	3	8	12	1	16	10	8	13	10	3	9	10	12	3	10	8	2	11	1	16	7	3	16	9	13	13	3	14	10	12	16	10	2	4	13	11	1	14	2	7	2	8	4	6	9	1	10	16	13	14	11	14	9	5	6	8	15	3	8	6	15	9	1	16	6	4	10	11	8	4	5	16	1	16	6	13	15	16	1	12	15	2	14	6	10	4	5	11	12	2	7	12	8	7	12	15	2	2	8	4	2	9	3	14	9	10	15	4	9	1	10	9	12	5	6	12	11	7	4	14	3	6	15	4	8	2	16	15	4	3	8	11	12	5	14	9	7	10	3	15	8	9	1	14	6	1	16	5	6	11	2	2	9	5	9	7	3	9	14	3	10	11	8	15	10	3	5	15	5	3	11	7	2	6	8	6	2	1	1	5	9	9	9	12	3	9	5	6	9	8	4	16	11	16	8	15	2	3	6	2	6	7	8	1	2	10	4	10	4	14	10	2	4	14	2	13	8	14	5	4	10	1	1	10	16	4	3	4	9	10	6	4	2	2	9	1	12	6	7	6	1	2	10	2	10	11	14	9	7	15	7	6	1	14	16	10	11	16	12	2	10	1	15	15	2	4	3	11	14	4	5	7	12	5	14	11	14	5	11	13	8	16	1	1	4	13	6	15	10	3	6	14	6	1	11	8	7	11	9	1	9	6	3	2	6	7	1	7	14	8	16	16	1	11	3	9	6	4	16	5	3	4	14	2	10	4	13	8	12	4	1	9	6	5	12	1	14	15	14	15	5	16	13	9	5	9	7	11	15	11	15	15	15	4	5	1	4	2	11	15	2	10	16	15	13	9	5	11	11	12	4	6	14	6	12	3	14	1	3	15	12	16	12	13	11	10	8	5	4	7	6	4	14	16	9	4	3	8	15	8	15	7	11	10	7	9	9	15	6	5	13	11	10	3	11	8	13	4	4	11	1	13	10	4	13	15	1	7	12	15	5	6	13	12	14	9	7	1	4	16	8	16	4	9	2	9	10	6	2	6	8	14	16	16	14	12	10	12	9	2	15	14	1	14	3	7	14	11	16	3	12	12	6	12	1	6	3	11	12	12	4	3	2	14	4	2	13	2	1	14	10	10	9	12	2	14	16	12	1	16	6	8	15	5	1	11	3	12	6	10	1	10	16	3	12	11	15	3	13	5	4	8	6	1	13	14	14	2	2	10	8	3	8	15	12	14	4	2	7	4	3	12	10	4	14	12	12	10	3	5	6	10	
930	390	220	790	660	130	360	750	720	520	820	310	690	500	600	150	710	210	720	100	310	720	800	1000	310	530	740	960	900	290	880	520	900	380	980	480	340	770	240	800	580	510	870	720	370	510	140	480	250	110	120	610	470	460	500	440	290	380	490	850	840	310	450	600	370	110	240	880	460	610	180	450	230	940	670	840	150	520	100	430	900	360	630	710	1000	190	180	300	910	440	790	230	700	120	270	200	730	940	440	560	860	1000	780	430	240	660	920	320	510	110	170	540	430	700	900	930	720	340	290	300	780	530	350	550	970	310	970	710	750	720	350	310	190	770	740	280	350	100	230	520	110	800	960	470	460	740	690	930	950	580	540	910	530	180	680	640	400	560	330	920	160	860	430	600	930	520	690	730	140	830	130	340	610	510	190	760	500	160	550	410	600	610	530	950	750	980	590	960	470	470	720	400	360	310	380	990	770	760	240	330	180	650	320	170	580	600	370	300	290	380	170	850	160	100	880	120	1000	690	520	240	840	710	990	700	170	400	890	370	420	270	900	640	210	140	430	720	770	730	130	390	410	170	900	960	280	470	380	640	210	830	250	1000	180	800	690	610	930	800	510	200	380	530	490	460	720	800	140	730	670	680	160	830	500	200	720	400	450	480	470	490	670	150	310	1000	130	420	520	530	710	210	140	280	100	380	790	360	590	850	250	430	200	590	1000	700	510	270	560	360	940	750	920	650	810	970	360	210	190	300	500	180	800	440	180	370	530	910	770	300	980	930	800	650	350	860	360	260	920	110	360	880	750	270	640	640	850	820	970	520	600	630	820	440	770	300	450	740	520	750	960	610	340	740	400	350	790	640	510	460	220	150	880	350	720	520	110	620	340	950	300	880	910	980	650	900	100	670	190	470	260	840	440	450	680	580	190	750	810	950	690	500	270	340	460	670	940	710	320	590	440	680	310	540	390	570	600	730	450	910	340	880	200	170	780	710	230	300	900	650	900	720	810	350	530	710	300	540	830	490	820	370	130	150	440	800	350	710	220	1000	540	260	250	100	270	640	390	670	680	540	250	440	610	250	400	470	830	710	320	140	260	820	820	690	630	210	900	640	410	480	790	210	970	740	860	340	810	510	500	750	350	170	200	370	710	580	380	870	210	710	860	830	380	210	580	690	130	1000	720	970	150	310	640	840	1000	890	950	130	500	620	820	460	280	490	700	510	710	610	1000	580	780	380	200	220	1000	930	160	1000	660	650	510	250	340	620	850	370	960	750	530	590	660	190	320	120	200	810	600	290	120	810	660	190	700	490	990	450	640	590	790	830	100	400	610	210	240	430	350	770	190	690	900	880	220	370	460	300	280	830	950	670	530	300	170	850	170	540	980	710	660	350	110	790	300	620	420	960	520	940	510	930	660	760	380	540	530	670	400	450	250	990	170	220	920	610	480	100	430	600	900	920	160	290	470	420	940	770	850	350	600	810	790	510	450	850	960	490	160	630	460	930	370	630	940	420	490	450	510	830	980	700	570	820	720	140	420	430	520	300	930	570	300	590	440	300	590	840	400	680	920	630	190	270	550	820	880	150	610	140	360	120	300	270	440	100	490	210	860	560	190	370	170	610	630	240	570	110	400	440	790	580	760	960	230	980	570	740	260	710	840	230	430	890	360	490	940	390	890	850	770	160	120	330	970	490	340	410	930	120	620	670	830	680	180	520	400	150	780	740	210	810	800	640	470	990	920	260	270	820	260	350	720	510	920	710	600	300	1000	740	730	820	480	270	500	900	360	700	550	130	900	820	770	440	170	540	840	600	330	410	490	120	460	860	190	280	800	720	160	590	970	440	640	450	130	670	670	680	630	950	930	570	260	160	480	370	400	360	490	150	720	940	650	610	110	200	800	580	880	150	930	630	410	270	150	940	310	410	140	680	710	170	440	140	270	940	920	810	120	140	140	210	670	540	930	800	270	120	640	990	710	680	640	750	570	930	960	310	940	570	320	180	360	720	370	720	990	140	810	390	470	470	430	760	930	300	450	590	470	290	720	570	650	570	850	120	720	890	480	190	130	400	760	320	630	430	870	260	770	170	770	700	230	190	970	420	840	760	210	420	150	700	620	430	620	190	350	230	400	590	890	710	500	710	400	860	780	730	800	320	320	160	430	680	860	650	880	870	430	520	140	960	990	500	720	290	550	600	410	820	400	430	780	600	950	580	980	330	390	460	430	130	360	500	930	600	640	860	750	610	450	850	320	490	910	790	510	560	770	460	560	880	620	100	870	510	190	990	320	530	380	270	830	320	140	150	260	890	560	750	100	860	970	230	690	700	890	720	100	860	380	820	1000	420	650	950	640	360	960	660	950	470	330	310	800	550	500	940	340	890	210	440	360	710	890	330	730	280	880	700	520	670	380	570	350	730	250	460	510	800	670	770	130	950	760	810	660	1000	210	220	290	820	890	1000	410	610	810	460	380	950	860	590	660	460	370	590	300	290	970	390	240	350	230	590	190	470	880	880	880	950	950	630	550	360	500	790	1000	450	220	120	150	890	970	240	470	280	860	240	790	150	640	520	990	810	110	780	170	250	570	560	390	500	430	830	170	310	370	990	210	420	860	860	560	760	480	660	620	330	520	840	680	620	950	940	280	890	600	850	600	530	250	970	590	290	690	940	170	630	650	710	220	390	650	240	830	980	130	100	800	360	930	190	920	690	660	290	950	630	510	900	430	300	160	860	990	690	340	820	110	680	220	600	590	670	210	130	360	680	750	440	480	480	540	830	610	240	420	620	440	510	450	180	100	970	370	280	580	340	400	990	650	260	390	280	860	930	760	600	540	700	360	960	770	420	550	500	510	400	850	180	870	620	570	440	540	440	670	420	230	890	290	410	130	510	530	470	660	710	530	950	460	290	420	700	540	800	570	470	300	800	800	700	100	790	1000	240	950	140	220	220	330	590	590	390	380	500	260	790	210	1000	650	620	170	850	360	780	550	940	230	680	500	970	360	660	250	350	810	530	330	190	920	450	990	250	200	900	240	120	910	890	550	250	780	300	600	390	230	180	440	270	200	950	980	780	400	510	900	540	250	210	560	270	780	760	160	180	920	280	250	1000	410	970	540	580	380	740	230	480	270	420	1000	350	740	380	510	320	550	950	220	580	720	580	240	690	930	670	550	550	630	680	400	890	930	840	830	470	420	940	150	730	640	860	770	350	860	690	810	630	230	100	210	940	220	250	540	130	720	190	740	610	840	680	220	250	670	960	830	280	170	930	750	250	140	190	910	980	600	510	760	250	600	400	770	650	150	530	950	230	150	180	340	800	840	210	420	340	850	910	170	310	490	910	110	640	560	980	730	380	870	430	750	840	640	840	100	580	950	930	380	450	340	720	870	450	380	400	470	320	1000	640	990	690	900	1000	560	870	760	850	330	730	400	760	840	230	350	860	320	300	950	310	580	340	640	720	460	370	180	810	190	610	540	170	540	280	820	780	630	530	810	570	260	310	290	230	460	830	360	200	860	440	670	480	140	210	230	350	240	960	430	320	540	690	100	900	180	310	950	370	410	560	410	270	250	610	360	600	470	560	750	840	250	630	410	480	670	970	920	470	400	360	260	530	970	380	490	870	660	360	900	990	670	210	380	950	560	730	710	840	400	640	860	910	810	880	970	430	210	310	310	750	320	460	580	370	790	710	470	290	620	170	980	440	710	890	770	480	310	360	340	400	690	570	530	670	710	760	880	120	620	860	670	580	470	880	310	750	190	260	580	390	400	300	280	990	550	320	130	600	120	200	260	680	870	110	460	900	510	800	370	160	770	460	610	530	380	810	820	690	190	330	110	240	790	830	990	200	960	120	860	900	820	780	310	530	260	850	960	320	420	410	170	440	960	940	380	970	920	940	190	580	690	350	230	710	620	440	970	890	820	810	980	670	960	530	870	830	670	640	250	900	480	980	730	640	190	140	710	820	940	990	510	230	620	660	290	330	340	340	610	140	950	370	250	420	990	700	850	490	330	500	320	670	610	750	420	200	330	190	490	660	860	250	340	550	950	340	810	110	260	850	580	730	1000	740	810	400	460	120	790	940	840	320	850	380	270	770	130	790	400	470	710	800	440	660	100	690	290	590	800	520	510	680	800	100	360	770	160	620	950	940	780	740	860	540	510	720	160	890	710	380	220	730	370	700	400	200	360	990	690	130	500	690	540	120	680	800	330	680	800	1000	900	480	510	730	600	970	610	470	460	830	620	650	300	250	140	660	240	620	120	500	290	620	500	820	560	770	910	570	400	220	990	770	440	820	140	540	940	500	970	690	770	150	200	550	130	960	120	560	320	360	400	570	270	680	340	760	520	330	860	880	520	450	630	1000	580	310	620	120	600	580	100	330	170	320	930	910	900	960	360	440	120	620	620	400	200	260	410	850	160	760	170	1000	170	310	500	450	210	630	780	850	210	330	520	270	200	290	170	510	570	540	420	460	410	460	330	480	740	580	250	280	890	210	290	890	890	850	590	350	470	580	390	260	470	610	420	560	870	790	530	150	320	750	290	660	570	330	630	950	170	760	150	350	910	230	1000	320	930	760	840	630	510	790	870	700	190	540	700	120	740	140	340	190	760	330	640	1000	260	630	720	380	910	870	730	990	420	830	330	850	350	410	850	720	110	910	120	450	520	110	850	1000	630	540	630	850	420	500	370	230	580	110	950	920	430	800	870	550	190	150	900	670	150	200	600	460	980	780	140	610	430	790	420	860	580	390	760	630	770	970	430	300	760	790	330	590	240	280	860	400	500	100	720	270	840	110	880	910	550	170	420	290	440	400	250	570	380	590	550	160	730	240	830	360	300	350	210	220	470	650	320	320	140	680	170	690	130	590	210	740	900	810	140	230	730	470	340	280	370	380	510	390	550	250	580	850	550	940	340	600	840	140	830	170	840	810	740	600	990	950	900	590	440	590	970	580	780	180	420	580	480	240	150	890	390	350	470	670	100	420	400	490	130	260	850	930	150	250	970	490	340	650	480	130	660	630	570	880	930	490	890	130	340	1000	200	270	600	560	490	380	690	580	580	930	420	190	830	590	800	960	440	690	480	570	570	720	260	180	380	960	970	630	520	220	730	300	930	570	500	680	480	1000	400	880	200	740	150	980	930	540	240	260	490	740	230	120	380	180	110	490	950	160	560	450	220	350	960	330	800	180	980	350	930	800	640	110	930	840	870	440	290	970	100	260	370	820	400	190	680	880	990	860	510	570	960	820	600	880	100	790	650	590	860	710	400	170	180	960	930	480	260	350	590	740	440	450	340	310	910	220	790	580	620	260	480	250	820	380	360	260	550	810	610	560	920	620	250	610	770	940	280	860	180	290	600	730	930	280	740	440	740	440	150	280	310	170	270	940	820	790	280	790	710	800	270	820	910	750	200	560	650	300	770	290	630	900	170	150	310	950	770	850	950	800	240	980	230	190	130	760	290	720	400	750	900	140	750	780	160	250	910	740	940	960	830	480	980	100	200	140	500	670	950	940	860	230	370	990	990	950	870	380	260	760	720	660	770	690	320	610	290	740	990	250	610	310	850	660	840	700	200	870	670	930	830	480	890	780	250	790	940	970	250	690	210	340	780	590	410	920	410	520	780	240	630	560	770	620	920	790	150	790	270	510	940	670	330	700	180	510	620	530	360	690	210	780	560	900	130	330	710	690	560	490	110	290	310	410	330	480	580	520	230	630	590	950	160	680	490	320	570	930	260	590	370	310	960	790	770	970	460	170	800	880	940	230	920	400	100	260	380	910	690	870	900	530	390	400	140	940	540	690	850	150	270	510	360	170	740	730	890	450	250	620	370	640	670	450	880	170	220	840	160	550	490	600	200	650	400	620	990	580	310	190	510	410	600	960	690	290	460	630	290	100	380	100	420	720	610	920	400	770	650	860	310	260	520	370	100	540	290	620	310	790	430	620	510	500	890	200	490	800	290	870	470	350	300	970	350	830	620	240	760	960	890	640	450	360	170	970	150	380	850	790	940	950	700	110	540	450	280	700	940	530	220	990	430	880	700	260	150	910	340	350	810	900	180	350	810	790	630	590	150	470	350	470	670	240	890	520	600	960	960	250	970	940	690	530	300	850	750	640	600	270	940	620	530	790	570	290	260	100	570	400	160	150	380	550	300	150	970	600	110	190	630	770	250	320	220	350	300	770	230	830	160	800	200	710	210	580	860	640	780	740	780	780	580	350	900	900	260	510	460	670	790	900	220	910	430	740	290	740	850	840	260	910	190	670	240	610	580	590	500	330	730	860	460	280	850	460	330	990	640	430	330	550	610	310	950	400	220	400	310	890	900	730	230	110	180	510	840	530	110	840	550	690	590	240	850	840	380	920	610	780	900	970	150	980	840	500	750	190	640	790	280	610	760	360	290	200	700	420	110	820	370	980	350	290	790	370	350	370	340	490	590	340	750	870	390	110	690	350	210	480	180	750	400	520	930	750	960	800	590	970	150	690	690	540	320	470	320	570	520	140	310	690	680	540	480	400	100	340	840	740	580	100	480	990	160	800	200	930	180	200	570	230	760	510	190	880	670	540	410	240	930	120	170	290	720	800	310	650	770	620	320	540	470	400	750	390	870	850	960	490	490	490	610	450	240	960	600	120	400	280	570	530	700	480	390	900	450	990	180	750	180	400	310	870	100	450	220	710	500	1000	290	920	310	910	730	910	280	370	880	500	290	650	850	370	670	300	430	610	930	1000	390	410	350	320	950	750	200	760	970	190	1000	160	320	330	140	460	130	230	350	460	630	100	250	240	610	740	520	660	440	530	640	140	260	320	640	990	920	920	910	820	710	840	560	180	470	190	980	260	770	1000	150	970	500	960	360	660	820	420	880	180	320	110	800	510	230	750	610	820	250	430	300	440	580	870	270	620	570	770	430	950	840	690	390	580	920	200	830	450	830	650	370	110	920	180	300	190	960	250	810	960	770	270	490	180	1000	890	780	520	700	190	140	830	330	870	170	250	760	470	210	230	590	790	990	190	120	210	780	470	140	790	760	960	630	830	550	210	130	220	990	240	840	360	350	570	860	120	490	100	140	530	690	110	510	120	430	470	930	370	970	620	440	690	300	770	190	400	630	280	430	490	410	590	980	610	920	310	110	570	140	780	450	450	760	120	970	480	230	590	990	670	630	500	830	660	940	710	490	880	220	950	650	920	420	950	490	820	410	300	170	920	690	640	800	760	870	740	750	970	380	330	850	930	140	140	800	190	440	120	600	980	830	200	530	860	560	960	350	340	730	210	730	190	350	730	240	320	720	370	250	600	220	330	300	470	710	470	850	210	400	550	460	580	140	720	910	420	810	670	150	940	410	690	960	720	320	760	300	930	710	330	810	620	780	680	780	740	950	790	750	460	460	630	950	380	190	730	540	990	700	330	940	880	730	170	760	950	430	230	940	800	410	820	940	800	240	840	760	570	950	450	760	770	700	830	840	930	1000	280	370	250	230	380	420	270	230	110	440	410	970	220	370	510	190	160	290	800	490	260	220	600	120	720	100	990	280	710	700	660	590	260	230	980	660	930	530	820	660	170	200	510	570	650	210	620	840	630	270	930	820	380	140	870	190	820	900	290	630	380	350	940	820	450	690	240	740	480	470	1000	960	590	230	280	630	810	290	870	720	760	160	320	970	210	390	100	830	630	240	340	660	230	310	670	450	710	890	800	720	930	310	300	390	500	650	220	670	740	900	120	490	580	790	650	190	780	470	940	520	190	400	720	760	880	440	220	900	200	810	610	180	820	300	710	480	670	650	730	890	230	870	410	890	320	640	740	160	660	550	110	290	140	790	140	620	230	310	730	610	930	570	280	720	800	520	960	580	700	410	680	480	170	340	560	240	620	930	960	110	
100
