4455
100
4
90
0	0	0	192	0	0	0	0	0	0	0	0	0	0	0	0	0	0	0	0	0	0	0	0	0	0	0	0	0	192	0	0	0	0	0	0	0	0	0	0	0	0	0	0	0	0	0	0	0	0	0	0	0	0	0	0	0	0	0	0	0	0	0	0	0	0	0	0	0	0	0	0	0	0	0	0	0	0	0	0	192	0	0	0	0	0	0	0	0	0	0	0	0	0	0	0	0	192	0	0	
0	0	0	0	0	0	0	0	0	0	0	0	0	0	0	0	0	0	0	0	0	0	0	0	0	0	0	0	0	0	0	0	0	0	0	192	0	0	0	0	0	0	0	0	0	0	0	0	0	0	0	0	0	0	0	0	0	0	0	0	0	0	0	0	0	0	0	0	0	0	192	0	0	0	192	0	192	0	0	0	0	0	0	0	0	0	0	0	0	0	0	0	0	0	0	0	0	0	0	0	
0	0	0	0	0	0	192	0	0	0	0	0	0	0	0	0	0	192	0	0	0	0	0	0	0	0	0	0	0	0	0	0	0	0	0	0	0	0	0	0	0	0	0	0	0	0	0	0	0	192	0	0	0	0	0	0	0	0	0	0	0	0	0	192	0	0	0	0	0	0	0	0	0	0	0	0	0	0	0	0	0	0	0	0	0	0	0	0	0	0	0	0	0	0	0	0	0	0	0	0	
192	0	0	0	0	0	0	0	0	0	0	0	0	0	0	0	0	0	0	0	0	0	0	0	0	0	0	0	0	192	0	0	0	0	0	0	0	0	0	0	0	0	0	0	0	0	0	0	0	0	0	0	0	0	0	0	0	0	0	0	0	0	0	0	0	0	0	0	0	0	0	0	0	0	0	0	0	0	0	0	192	0	0	0	0	0	0	0	0	0	0	0	0	0	0	0	0	192	0	0	
0	0	0	0	0	0	0	0	0	0	0	0	0	0	0	0	0	0	0	0	192	0	0	0	192	0	0	0	0	0	0	0	0	0	0	0	0	192	0	0	0	0	192	0	0	0	0	0	0	0	0	0	0	0	0	0	0	0	0	0	0	0	0	0	0	0	0	0	0	0	0	0	0	0	0	0	0	0	0	0	0	0	0	0	0	0	0	0	0	0	0	0	0	0	0	0	0	0	0	0	
0	0	0	0	0	0	0	0	0	0	0	0	192	0	0	0	0	0	0	0	0	0	0	0	0	0	0	0	0	0	0	0	0	0	0	0	0	0	0	0	0	0	0	0	0	192	0	0	0	0	0	0	0	0	0	0	0	0	0	0	0	0	0	0	0	0	0	0	0	0	0	0	0	0	0	0	0	0	0	0	0	192	0	0	192	0	0	0	0	0	0	0	0	0	0	0	0	0	0	0	
0	0	192	0	0	0	0	0	0	0	0	0	0	0	0	0	0	0	0	0	0	0	0	0	0	0	0	0	0	0	0	0	0	0	0	0	0	0	0	0	0	192	0	0	0	0	0	0	0	192	0	0	0	0	0	0	0	0	0	0	0	0	0	0	0	0	0	0	0	0	0	0	0	0	0	0	0	0	0	0	0	0	0	0	192	0	0	0	0	0	0	0	0	0	0	0	0	0	0	0	
0	0	0	0	0	0	0	0	0	0	192	0	0	0	0	0	0	0	0	0	0	0	0	0	0	0	0	0	0	192	0	0	0	0	0	0	0	0	0	0	0	0	0	0	0	0	0	0	0	0	0	0	0	0	0	0	0	0	0	0	0	0	0	0	0	0	0	0	0	0	0	0	0	0	0	0	0	0	0	0	192	0	0	0	0	0	0	0	0	0	192	0	0	0	0	0	0	0	0	0	
0	0	0	0	0	0	0	0	0	0	0	0	192	0	0	0	0	0	0	0	0	0	0	0	0	0	0	0	0	0	0	0	0	0	0	0	0	0	0	0	0	0	0	0	0	0	0	0	0	0	0	0	0	0	0	0	0	0	0	0	0	0	0	0	0	0	0	0	0	0	0	0	0	192	0	0	0	0	0	0	0	192	0	0	0	0	0	0	0	0	0	0	0	0	0	0	0	0	0	192	
0	0	0	0	0	0	0	0	0	0	0	0	0	0	0	0	0	0	0	0	0	0	192	0	0	0	0	0	0	0	0	0	0	0	0	0	0	0	0	192	0	0	0	0	0	0	0	0	0	0	0	0	0	0	192	0	0	0	0	0	0	0	0	0	0	0	0	0	0	0	0	0	0	0	0	0	0	0	0	0	0	0	0	0	0	0	0	0	0	0	0	192	0	0	0	0	0	0	0	0	
0	0	0	0	0	0	0	192	0	0	0	0	0	0	0	0	0	0	192	0	0	0	0	0	0	0	0	0	0	0	0	0	0	0	0	0	0	0	0	0	0	0	0	0	0	0	0	0	0	0	0	0	0	0	0	0	0	0	0	0	0	0	0	0	0	0	0	0	0	0	0	0	0	0	0	0	0	0	0	0	192	0	0	0	0	0	0	0	0	0	192	0	0	0	0	0	0	0	0	0	
0	0	0	0	0	0	0	0	0	0	0	0	0	0	0	0	0	0	0	0	0	0	0	0	0	0	0	0	192	0	192	0	0	0	0	0	0	0	0	0	0	0	0	0	0	0	0	0	0	0	0	0	0	0	0	0	0	0	0	0	0	0	0	0	0	0	0	0	0	0	0	0	0	0	0	0	0	0	0	0	0	0	0	0	0	192	0	0	0	0	0	0	0	192	0	0	0	0	0	0	
0	0	0	0	0	192	0	0	192	0	0	0	0	0	0	0	0	0	0	0	0	0	0	0	0	0	0	0	0	0	0	0	0	0	0	0	0	0	0	0	0	0	0	0	0	192	0	0	0	0	0	0	0	0	0	0	0	0	0	0	0	0	0	0	0	0	0	0	0	0	0	0	0	0	0	0	0	0	0	0	0	192	0	0	0	0	0	0	0	0	0	0	0	0	0	0	0	0	0	0	
0	0	0	0	0	0	0	0	0	0	0	0	0	0	0	0	0	0	0	0	0	0	0	0	0	0	0	0	0	0	0	0	0	0	0	0	0	0	0	0	0	0	0	0	0	0	0	0	0	0	0	192	0	0	0	0	0	0	192	0	0	0	0	0	0	0	192	0	0	0	0	0	0	0	0	0	0	0	0	192	0	0	0	0	0	0	0	0	0	0	0	0	0	0	0	0	0	0	0	0	
0	0	0	0	0	0	0	0	0	0	0	0	0	0	0	0	0	0	0	0	0	0	0	0	192	0	0	0	0	192	0	0	0	0	0	0	0	192	0	0	0	0	0	0	0	0	0	0	0	0	0	0	0	0	0	0	0	0	0	0	0	0	0	0	0	0	0	0	0	0	0	0	0	0	0	0	0	0	0	0	0	0	0	192	0	0	0	0	0	0	0	0	0	0	0	0	0	0	0	0	
0	0	0	0	0	0	0	0	0	0	0	0	0	0	0	0	0	0	0	0	0	0	0	0	0	0	0	192	0	0	0	0	0	192	0	0	0	0	0	0	0	0	0	0	0	0	0	0	0	0	0	0	0	0	0	0	0	0	0	0	0	0	0	0	0	0	0	0	0	0	0	0	0	0	0	0	0	0	0	0	0	0	0	0	0	0	0	0	0	192	0	0	192	0	0	0	0	0	0	0	
0	0	0	0	0	0	0	0	0	0	0	0	0	0	0	0	0	0	0	0	0	0	0	0	0	0	0	0	0	0	0	0	0	0	0	0	0	0	0	0	0	0	0	0	0	0	0	0	0	0	0	0	0	0	0	192	0	0	0	0	0	0	192	0	0	0	0	0	0	192	0	0	0	0	0	0	0	0	192	0	0	0	0	0	0	0	0	0	0	0	0	0	0	0	0	0	0	0	0	0	
0	0	192	0	0	0	0	0	0	0	0	0	0	0	0	0	0	0	0	0	0	0	0	0	0	0	0	0	0	0	0	0	0	0	0	0	0	0	0	0	0	0	0	0	0	0	0	0	0	0	192	0	0	192	0	0	0	0	0	0	0	0	0	192	0	0	0	0	0	0	0	0	0	0	0	0	0	0	0	0	0	0	0	0	0	0	0	0	0	0	0	0	0	0	0	0	0	0	0	0	
0	0	0	0	0	0	0	0	0	0	192	0	0	0	0	0	0	0	0	0	0	0	0	0	0	0	0	0	0	0	0	0	0	0	0	0	0	0	0	0	0	0	0	0	0	0	0	0	0	0	0	0	0	0	0	0	0	0	0	0	0	0	0	0	0	0	0	0	0	0	0	0	0	0	0	0	0	0	0	0	0	0	0	0	0	0	0	0	0	0	192	0	0	0	0	0	0	192	192	0	
0	0	0	0	0	0	0	0	0	0	0	0	0	0	0	0	0	0	0	0	0	0	0	0	0	192	0	0	0	0	0	0	0	0	0	0	0	0	0	0	192	0	0	192	0	0	0	0	0	0	0	0	0	0	0	0	0	0	0	0	0	0	0	0	0	192	0	0	0	0	0	0	0	0	0	0	0	0	0	0	0	0	0	0	0	0	0	0	0	0	0	0	0	0	0	0	0	0	0	0	
0	0	0	0	192	0	0	0	0	0	0	0	0	0	0	0	0	0	0	0	0	0	0	0	0	0	0	0	0	0	0	0	0	0	0	0	0	0	0	0	0	0	0	192	0	0	0	0	0	0	0	0	0	0	0	0	0	0	0	0	0	0	0	0	0	192	0	0	0	0	0	0	0	0	0	0	0	0	0	0	0	0	0	0	0	0	0	0	0	0	0	0	0	0	0	192	0	0	0	0	
0	0	0	0	0	0	0	0	0	0	0	0	0	0	0	0	0	0	0	0	0	0	0	192	0	0	0	0	0	0	0	0	0	0	0	0	0	0	0	0	0	0	0	0	0	0	0	0	192	0	0	0	0	0	0	0	0	0	0	192	0	0	0	0	0	0	0	0	0	0	0	0	0	0	0	0	0	0	0	0	0	0	0	0	0	0	0	0	0	0	0	0	0	0	0	0	192	0	0	0	
0	0	0	0	0	0	0	0	0	192	0	0	0	0	0	0	0	0	0	0	0	0	0	0	0	0	0	0	0	0	0	0	0	0	0	0	0	0	0	192	0	0	0	0	0	0	0	0	0	0	0	0	0	0	192	0	0	0	0	0	0	0	0	0	0	0	0	0	0	0	0	0	0	0	0	0	0	0	0	0	0	0	0	0	0	0	0	0	0	0	0	192	0	0	0	0	0	0	0	0	
0	0	0	0	0	0	0	0	0	0	0	0	0	0	0	0	0	0	0	0	0	192	0	0	0	0	0	0	0	0	0	0	0	0	0	0	0	0	0	0	0	0	0	0	192	0	0	0	192	0	0	0	0	0	0	0	0	0	0	192	0	0	0	0	0	0	0	0	0	0	0	0	0	0	0	0	0	0	0	0	0	0	0	0	0	0	0	0	0	0	0	0	0	0	0	0	0	0	0	0	
0	0	0	0	192	0	0	0	0	0	0	0	0	0	192	0	0	0	0	0	0	0	0	0	0	0	0	0	0	0	0	0	0	0	0	0	0	192	0	0	0	0	0	0	0	0	0	0	0	0	0	0	0	0	0	0	0	0	0	0	0	0	0	0	0	0	0	0	0	0	0	0	0	0	0	0	0	0	0	0	0	0	0	0	0	0	0	0	0	0	192	0	0	0	0	0	0	0	0	0	
0	0	0	0	0	0	0	0	0	0	0	0	0	0	0	0	0	0	0	192	0	0	0	0	0	0	0	0	0	0	0	0	0	0	0	0	0	0	0	0	0	0	0	192	0	0	0	0	0	0	0	0	0	0	0	0	0	0	0	0	0	0	0	0	0	192	0	0	0	0	0	0	0	0	0	0	0	0	0	0	0	0	0	0	0	0	0	0	0	0	0	0	0	0	0	192	0	0	0	0	
0	0	0	0	0	0	0	0	0	0	0	0	0	0	0	0	0	0	0	0	0	0	0	0	0	0	0	0	0	0	0	0	0	0	192	0	0	0	0	0	0	0	0	0	0	0	192	0	0	192	0	0	0	0	0	0	0	0	0	0	0	0	0	0	0	0	0	0	0	0	0	0	0	0	0	0	0	0	192	0	0	0	0	0	0	0	0	0	0	0	0	0	0	0	0	0	0	0	0	0	
0	0	0	0	0	0	0	0	0	0	0	0	0	0	0	192	0	0	0	0	0	0	0	0	0	0	0	0	0	0	0	0	0	192	0	0	0	0	0	0	0	0	0	0	0	0	0	0	0	0	0	0	0	0	0	0	0	0	0	0	0	0	0	0	0	0	0	0	0	0	0	0	192	0	0	0	0	0	0	0	0	0	0	0	0	0	0	0	0	0	0	0	192	0	0	0	0	0	0	0	
0	0	0	0	0	0	0	0	0	0	0	192	0	0	0	0	0	0	0	0	0	0	0	0	0	0	0	0	0	0	0	0	0	0	0	0	0	0	0	0	0	0	0	0	0	0	0	0	0	0	0	0	0	0	0	0	0	0	0	0	0	0	0	0	0	0	0	0	0	0	0	0	0	0	0	0	0	0	0	0	0	0	192	0	0	0	0	192	0	0	0	0	0	192	0	0	0	0	0	0	
192	0	0	192	0	0	0	192	0	0	0	0	0	0	192	0	0	0	0	0	0	0	0	0	0	0	0	0	0	0	0	0	0	0	0	0	0	0	0	0	0	0	0	0	0	0	0	0	0	0	0	0	0	0	0	0	0	0	0	0	0	0	0	0	0	0	0	0	0	0	0	0	0	0	0	0	0	0	0	0	0	0	0	0	0	0	0	0	0	0	0	0	0	0	0	0	0	0	0	0	
0	0	0	0	0	0	0	0	0	0	0	192	0	0	0	0	0	0	0	0	0	0	0	0	0	0	0	0	0	0	0	0	0	0	0	0	0	0	0	0	0	0	0	0	0	0	0	0	0	0	0	0	0	0	0	0	0	0	0	0	0	0	0	0	0	0	0	0	0	0	0	0	192	0	0	0	0	0	0	0	0	0	0	0	0	192	0	0	0	0	0	0	0	192	0	0	0	0	0	0	
0	0	0	0	0	0	0	0	0	0	0	0	0	0	0	0	0	0	0	0	0	0	0	0	0	0	0	0	0	0	0	0	0	0	0	0	0	0	0	0	0	0	0	0	0	0	0	0	0	0	0	192	192	0	0	0	0	0	0	0	0	0	0	0	0	0	0	0	192	0	0	0	0	0	0	192	0	0	0	0	0	0	0	0	0	0	0	0	0	0	0	0	0	0	0	0	0	0	0	0	
0	0	0	0	0	0	0	0	0	0	0	0	0	0	0	0	0	0	0	0	0	0	0	0	0	0	0	0	0	0	0	0	0	0	0	0	0	0	0	0	0	0	0	0	0	0	0	192	0	0	0	0	0	0	0	0	0	0	0	0	0	0	0	0	0	0	0	0	0	0	0	0	0	192	0	0	0	0	0	0	0	192	0	0	0	0	0	0	0	0	0	0	0	0	0	0	0	0	0	192	
0	0	0	0	0	0	0	0	0	0	0	0	0	0	0	192	0	0	0	0	0	0	0	0	0	0	0	192	0	0	0	0	0	0	0	0	0	0	0	0	0	0	0	0	0	0	0	0	0	0	0	0	0	0	0	0	0	0	0	0	0	0	0	0	0	0	0	0	0	0	0	0	192	0	0	0	0	0	0	0	0	0	0	0	0	0	0	0	0	0	0	0	192	0	0	0	0	0	0	0	
0	0	0	0	0	0	0	0	0	0	0	0	0	0	0	0	0	0	0	0	0	0	0	0	0	0	192	0	0	0	0	0	0	0	0	0	0	0	0	0	0	0	0	0	0	0	0	0	0	0	0	0	0	0	0	0	0	0	0	0	0	192	0	0	192	0	0	0	0	0	0	0	0	0	0	0	0	0	0	0	0	0	0	0	0	0	192	0	0	0	0	0	0	0	0	0	0	0	0	0	
0	192	0	0	0	0	0	0	0	0	0	0	0	0	0	0	0	0	0	0	0	0	0	0	0	0	0	0	0	0	0	0	0	0	0	0	0	0	0	0	0	0	0	0	0	0	0	0	0	0	0	0	0	0	0	0	0	0	0	0	0	0	0	0	0	0	192	0	0	0	0	0	0	0	192	0	192	0	0	0	0	0	0	0	0	0	0	0	0	0	0	0	0	0	0	0	0	0	0	0	
0	0	0	0	0	0	0	0	0	0	0	0	0	0	0	0	0	0	0	0	0	0	0	0	0	0	0	0	0	0	0	0	0	0	0	0	0	0	0	0	0	0	0	0	0	0	192	0	0	0	0	0	0	192	0	0	0	0	0	0	0	0	0	192	0	0	0	0	0	0	0	0	0	0	0	0	0	192	0	0	0	0	0	0	0	0	0	0	0	0	0	0	0	0	0	0	0	0	0	0	
0	0	0	0	192	0	0	0	0	0	0	0	0	0	192	0	0	0	0	0	0	0	0	0	192	0	0	0	0	0	0	0	0	0	0	0	0	0	0	0	0	0	0	0	0	0	0	0	0	0	0	0	0	0	0	0	0	0	0	0	0	0	0	0	0	0	0	0	0	0	0	0	0	0	0	0	0	0	0	0	0	0	0	192	0	0	0	0	0	0	0	0	0	0	0	0	0	0	0	0	
0	0	0	0	0	0	0	0	0	0	0	0	0	0	0	0	0	0	0	0	0	0	0	0	0	0	0	0	0	0	0	0	0	0	0	0	0	0	0	0	0	0	0	0	0	0	0	0	0	0	0	0	0	0	0	0	192	0	0	0	0	192	0	0	0	0	0	0	0	0	0	192	0	0	0	0	0	0	0	0	0	0	0	0	0	0	192	0	0	0	0	0	0	0	0	0	0	0	0	0	
0	0	0	0	0	0	0	0	0	192	0	0	0	0	0	0	0	0	0	0	0	0	192	0	0	0	0	0	0	0	0	0	0	0	0	0	0	0	0	0	0	0	0	0	0	0	0	0	0	0	0	0	0	0	0	0	0	0	0	0	0	0	0	0	0	0	0	0	0	0	0	0	0	0	0	0	0	0	0	0	0	0	0	0	0	0	0	0	0	0	0	192	0	0	192	0	0	0	0	0	
0	0	0	0	0	0	0	0	0	0	0	0	0	0	0	0	0	0	0	192	0	0	0	0	0	0	0	0	0	0	0	0	0	0	0	0	0	0	0	0	0	0	0	192	0	0	0	0	0	0	0	0	0	0	0	0	0	0	0	0	0	0	0	0	0	0	0	192	0	0	192	0	0	0	0	0	0	0	0	0	0	0	0	0	0	0	0	0	0	0	0	0	0	0	0	0	0	0	0	0	
0	0	0	0	0	0	192	0	0	0	0	0	0	0	0	0	0	0	0	0	0	0	0	0	0	0	0	0	0	0	0	0	0	0	0	0	0	0	0	0	0	0	0	0	0	192	0	0	0	192	0	0	0	0	0	0	0	0	0	0	0	0	0	0	0	0	0	0	0	0	0	0	0	192	0	0	0	0	0	0	0	0	0	0	0	0	0	0	0	0	0	0	0	0	0	0	0	0	0	0	
0	0	0	0	192	0	0	0	0	0	0	0	0	0	0	0	0	0	0	0	0	0	0	0	0	0	0	0	0	0	0	0	0	0	0	0	0	0	0	0	0	0	0	0	0	0	0	0	0	0	0	0	0	0	0	0	0	0	0	0	0	0	0	0	0	0	0	192	0	0	192	0	0	0	192	0	0	0	0	0	0	0	0	0	0	0	0	0	0	0	0	0	0	0	0	0	0	0	0	0	
0	0	0	0	0	0	0	0	0	0	0	0	0	0	0	0	0	0	0	192	192	0	0	0	0	192	0	0	0	0	0	0	0	0	0	0	0	0	0	0	192	0	0	0	0	0	0	0	0	0	0	0	0	0	0	0	0	0	0	0	0	0	0	0	0	0	0	0	0	0	0	0	0	0	0	0	0	0	0	0	0	0	0	0	0	0	0	0	0	0	0	0	0	0	0	0	0	0	0	0	
0	0	0	0	0	0	0	0	0	0	0	0	0	0	0	0	0	0	0	0	0	0	0	192	0	0	0	0	0	0	0	0	0	0	0	0	0	0	0	0	0	0	0	0	0	0	0	0	0	0	0	0	0	0	192	0	0	0	0	0	0	0	0	0	0	0	0	0	0	0	0	0	0	0	0	0	0	0	0	0	0	0	0	0	0	0	0	0	192	0	0	0	0	0	192	0	0	0	0	0	
0	0	0	0	0	192	0	0	0	0	0	0	192	0	0	0	0	0	0	0	0	0	0	0	0	0	0	0	0	0	0	0	0	0	0	0	0	0	0	0	0	192	0	0	0	0	0	0	0	0	0	0	0	0	0	0	0	0	0	0	0	0	0	0	0	0	0	0	0	0	0	0	0	0	0	0	0	0	0	0	0	0	0	0	192	0	0	0	0	0	0	0	0	0	0	0	0	0	0	0	
0	0	0	0	0	0	0	0	0	0	0	0	0	0	0	0	0	0	0	0	0	0	0	0	0	0	192	0	0	0	0	0	0	0	0	0	192	0	0	0	0	0	0	0	0	0	0	0	0	0	0	0	0	192	0	0	0	192	0	0	0	0	0	0	0	0	0	0	0	0	0	0	0	0	0	0	0	0	0	0	0	0	0	0	0	0	0	0	0	0	0	0	0	0	0	0	0	0	0	0	
0	0	0	0	0	0	0	0	0	0	0	0	0	0	0	0	0	0	0	0	0	0	0	0	0	0	0	0	0	0	0	0	192	0	0	0	0	0	0	0	0	0	0	0	0	0	0	0	0	0	0	0	0	0	0	0	0	0	0	0	0	0	0	0	0	0	0	0	0	0	0	0	0	0	0	0	0	0	0	0	0	0	0	192	0	0	0	0	0	0	0	0	0	0	0	0	192	0	0	192	
0	0	0	0	0	0	0	0	0	0	0	0	0	0	0	0	0	0	0	0	0	192	0	192	0	0	0	0	0	0	0	0	0	0	0	0	0	0	0	0	0	0	0	0	0	0	0	0	0	0	0	0	0	0	0	0	0	0	0	0	0	0	0	0	0	0	0	0	0	0	0	0	0	0	0	0	0	0	0	0	0	0	0	0	192	0	0	0	0	0	0	0	0	0	0	0	192	0	0	0	
0	0	192	0	0	0	192	0	0	0	0	0	0	0	0	0	0	0	0	0	0	0	0	0	0	0	192	0	0	0	0	0	0	0	0	0	0	0	0	0	0	192	0	0	0	0	0	0	0	0	0	0	0	0	0	0	0	0	0	0	0	0	0	0	0	0	0	0	0	0	0	0	0	0	0	0	0	0	0	0	0	0	0	0	0	0	0	0	0	0	0	0	0	0	0	0	0	0	0	0	
0	0	0	0	0	0	0	0	0	0	0	0	0	0	0	0	0	192	0	0	0	0	0	0	0	0	0	0	0	0	0	0	0	0	0	0	0	0	0	0	0	0	0	0	0	0	0	0	0	0	0	0	0	0	0	0	0	0	0	0	0	0	0	192	0	0	0	0	0	0	0	0	0	0	0	0	0	0	0	0	0	0	0	0	0	0	0	0	0	0	0	192	0	0	192	0	0	0	0	0	
0	0	0	0	0	0	0	0	0	0	0	0	0	192	0	0	0	0	0	0	0	0	0	0	0	0	0	0	0	0	0	192	0	0	0	0	0	0	0	0	0	0	0	0	0	0	0	0	0	0	0	0	0	0	0	0	0	0	192	0	0	0	0	0	0	0	0	0	192	0	0	0	0	0	0	0	0	0	0	0	0	0	0	0	0	0	0	0	0	0	0	0	0	0	0	0	0	0	0	0	
0	0	0	0	0	0	0	0	0	0	0	0	0	0	0	0	0	0	0	0	0	0	0	0	0	0	0	0	0	0	0	192	0	0	0	0	0	0	0	0	0	0	0	0	0	0	0	0	0	0	0	0	0	0	0	0	0	0	0	0	0	0	0	0	0	0	0	0	192	0	0	0	0	0	0	192	0	0	0	0	0	0	0	0	0	0	0	0	192	0	0	0	0	0	0	0	0	0	0	0	
0	0	0	0	0	0	0	0	0	0	0	0	0	0	0	0	0	192	0	0	0	0	0	0	0	0	0	0	0	0	0	0	0	0	0	0	192	0	0	0	0	0	0	0	0	0	192	0	0	0	0	0	0	0	0	0	0	0	0	0	0	0	0	0	0	0	0	0	0	0	0	0	0	0	0	0	0	192	0	0	0	0	0	0	0	0	0	0	0	0	0	0	0	0	0	0	0	0	0	0	
0	0	0	0	0	0	0	0	0	192	0	0	0	0	0	0	0	0	0	0	0	0	192	0	0	0	0	0	0	0	0	0	0	0	0	0	0	0	0	0	0	0	0	0	192	0	0	0	0	0	0	0	0	0	0	0	0	0	0	0	0	0	0	0	0	0	0	0	0	0	0	0	0	0	0	0	0	0	0	0	0	0	192	0	0	0	0	0	0	0	0	0	0	0	0	0	0	0	0	0	
0	0	0	0	0	0	0	0	0	0	0	0	0	0	0	0	192	0	0	0	0	0	0	0	0	0	0	0	0	0	0	0	0	0	0	0	0	0	0	0	0	0	0	0	0	0	0	0	0	0	0	0	0	0	0	0	0	0	0	0	0	0	192	0	0	0	0	0	0	192	0	0	0	0	0	0	0	0	192	0	0	0	0	0	0	0	0	0	0	0	0	0	0	0	0	0	0	0	0	0	
0	0	0	0	0	0	0	0	0	0	0	0	0	0	0	0	0	0	0	0	0	0	0	0	0	0	0	0	0	0	0	0	0	0	0	0	0	0	192	0	0	0	0	0	0	0	0	0	0	0	0	0	0	0	0	0	0	0	0	0	0	192	0	0	0	0	0	0	0	0	0	192	0	0	0	0	0	0	0	0	0	0	0	0	0	0	192	0	0	0	0	0	0	0	0	0	0	0	0	0	
0	0	0	0	0	0	0	0	0	0	0	0	0	0	0	0	0	0	0	0	0	0	0	0	0	0	0	0	0	0	0	0	0	0	0	0	0	0	0	0	0	0	0	0	0	0	192	0	0	0	0	0	0	0	0	0	0	0	0	0	0	192	0	0	192	0	0	0	0	0	0	0	0	0	0	0	0	0	0	0	0	0	0	0	0	0	192	0	0	0	0	0	0	0	0	0	0	0	0	0	
0	0	0	0	0	0	0	0	0	0	0	0	0	192	0	0	0	0	0	0	0	0	0	0	0	0	0	0	0	0	0	0	0	0	0	0	0	0	0	0	0	0	0	0	0	0	0	0	0	0	0	192	0	0	0	0	0	0	0	0	0	0	0	0	0	0	0	0	192	0	0	0	0	0	0	0	0	0	0	192	0	0	0	0	0	0	0	0	0	0	0	0	0	0	0	0	0	0	0	0	
0	0	0	0	0	0	0	0	0	0	0	0	0	0	0	0	0	0	0	0	0	192	0	192	0	0	0	0	0	0	0	0	0	0	0	0	0	0	0	0	0	0	0	0	0	0	0	0	0	0	0	0	0	0	0	0	0	0	0	0	0	0	0	0	0	0	192	0	0	0	0	0	0	0	0	0	192	0	0	0	0	0	0	0	0	0	0	0	0	0	0	0	0	0	0	0	0	0	0	0	
0	0	0	0	0	0	0	0	0	0	0	0	0	0	0	0	0	0	0	0	0	0	0	0	0	0	0	0	0	0	0	0	0	0	0	0	0	0	0	0	0	0	0	0	0	0	0	0	0	0	0	0	0	0	0	0	0	0	0	0	0	0	192	0	0	0	0	0	0	192	0	0	0	0	0	0	0	0	0	0	0	0	0	0	0	0	0	0	0	0	0	0	0	0	0	0	0	0	192	192	
0	0	0	0	0	0	0	0	0	0	0	0	0	0	0	0	0	0	0	0	0	0	0	0	0	0	0	0	0	0	0	0	0	0	192	0	0	0	192	0	0	0	0	0	0	0	0	0	0	0	0	0	0	0	0	0	192	192	0	0	0	0	0	0	0	0	0	0	0	0	0	0	0	0	0	0	0	0	0	0	0	0	0	0	0	0	0	0	0	0	0	0	0	0	0	0	0	0	0	0	
0	0	0	0	0	0	0	0	0	0	0	0	0	0	0	0	192	0	0	0	0	0	0	0	0	0	0	0	0	0	0	0	0	0	0	0	0	0	0	0	0	0	0	0	0	0	0	0	0	0	0	0	0	0	0	192	0	0	0	0	192	0	0	0	0	0	0	0	0	192	0	0	0	0	0	0	0	0	0	0	0	0	0	0	0	0	0	0	0	0	0	0	0	0	0	0	0	0	0	0	
0	0	192	0	0	0	0	0	0	0	0	0	0	0	0	0	0	192	0	0	0	0	0	0	0	0	0	0	0	0	0	0	0	0	0	0	192	0	0	0	0	0	0	0	0	0	0	0	0	0	192	0	0	0	0	0	0	0	0	0	0	0	0	0	0	0	0	0	0	0	0	0	0	0	0	0	0	0	0	0	0	0	0	0	0	0	0	0	0	0	0	0	0	0	0	0	0	0	0	0	
0	0	0	0	0	0	0	0	0	0	0	0	0	0	0	0	0	0	0	0	0	0	0	0	0	0	0	0	0	0	0	0	0	0	192	0	0	0	0	0	0	0	0	0	0	0	0	0	0	0	0	0	0	0	0	0	0	192	0	0	0	0	0	0	0	0	0	0	0	0	0	192	0	0	0	0	0	192	0	0	0	0	0	0	0	0	0	0	0	0	0	0	0	0	0	0	0	0	0	0	
0	0	0	0	0	0	0	0	0	0	0	0	0	0	0	0	0	0	0	192	192	0	0	0	0	192	0	0	0	0	0	0	0	0	0	0	0	0	0	0	0	0	0	0	0	0	0	0	0	0	0	0	0	0	0	0	0	0	0	0	0	0	0	0	0	0	0	0	0	0	0	0	0	0	0	0	0	0	0	0	0	0	0	0	0	0	0	0	0	0	0	0	0	0	0	192	0	0	0	0	
0	0	0	0	0	0	0	0	0	0	0	0	0	192	0	0	0	0	0	0	0	0	0	0	0	0	0	0	0	0	0	0	0	0	0	192	0	0	0	0	0	0	0	0	0	0	0	0	0	0	0	0	0	0	0	0	0	0	0	192	0	0	0	0	0	0	0	0	0	0	0	0	0	0	192	0	0	0	0	0	0	0	0	0	0	0	0	0	0	0	0	0	0	0	0	0	0	0	0	0	
0	0	0	0	0	0	0	0	0	0	0	0	0	0	0	0	0	0	0	0	0	0	0	0	0	0	0	0	0	0	0	0	0	0	0	0	0	0	0	0	192	0	192	0	0	0	0	0	0	0	0	0	0	0	0	0	0	0	0	0	0	0	0	0	0	0	0	0	0	0	192	0	0	0	0	0	192	0	0	0	0	0	0	0	0	0	0	0	0	0	0	0	0	0	0	0	0	0	0	0	
0	0	0	0	0	0	0	0	0	0	0	0	0	0	0	0	0	0	0	0	0	0	0	0	0	0	0	0	0	0	0	192	0	0	0	0	0	0	0	0	0	0	0	0	0	0	0	0	0	0	0	192	192	0	0	0	0	0	192	0	0	0	0	0	0	0	0	0	0	0	0	0	0	0	0	0	0	0	0	0	0	0	0	0	0	0	0	0	0	0	0	0	0	0	0	0	0	0	0	0	
0	0	0	0	0	0	0	0	0	0	0	0	0	0	0	0	192	0	0	0	0	0	0	0	0	0	0	0	0	0	0	0	0	0	0	0	0	0	0	0	0	0	0	0	0	0	0	0	0	0	0	0	0	0	0	192	0	0	0	0	192	0	192	0	0	0	0	0	0	0	0	0	0	0	0	0	0	0	0	0	0	0	0	0	0	0	0	0	0	0	0	0	0	0	0	0	0	0	0	0	
0	192	0	0	0	0	0	0	0	0	0	0	0	0	0	0	0	0	0	0	0	0	0	0	0	0	0	0	0	0	0	0	0	0	0	0	0	0	0	0	192	0	192	0	0	0	0	0	0	0	0	0	0	0	0	0	0	0	0	0	0	0	0	0	0	0	0	192	0	0	0	0	0	0	0	0	0	0	0	0	0	0	0	0	0	0	0	0	0	0	0	0	0	0	0	0	0	0	0	0	
0	0	0	0	0	0	0	0	0	0	0	0	0	0	0	0	0	0	0	0	0	0	0	0	0	0	0	0	0	0	0	0	0	0	0	0	0	0	192	0	0	0	0	0	0	0	0	0	0	0	0	0	0	0	0	0	192	0	0	0	0	0	0	0	192	0	0	0	0	0	0	0	0	0	0	0	0	0	192	0	0	0	0	0	0	0	0	0	0	0	0	0	0	0	0	0	0	0	0	0	
0	0	0	0	0	0	0	0	0	0	0	0	0	0	0	0	0	0	0	0	0	0	0	0	0	0	0	192	0	0	192	0	0	192	0	0	0	0	0	0	0	0	0	0	0	0	0	0	0	0	0	0	0	0	0	0	0	0	0	0	0	0	0	0	0	0	0	0	0	0	0	0	0	0	0	0	0	0	0	0	0	0	0	0	0	0	0	0	0	0	0	0	192	0	0	0	0	0	0	0	
0	0	0	0	0	0	0	0	192	0	0	0	0	0	0	0	0	0	0	0	0	0	0	0	0	0	0	0	0	0	0	0	192	0	0	0	0	0	0	0	0	192	0	0	0	0	0	0	0	0	0	0	0	0	0	0	0	0	0	0	0	0	0	0	0	0	0	0	0	0	0	0	0	0	0	0	0	0	0	0	0	0	0	0	0	0	0	0	0	0	0	0	0	0	0	0	192	0	0	0	
0	192	0	0	0	0	0	0	0	0	0	0	0	0	0	0	0	0	0	0	0	0	0	0	0	0	0	0	0	0	0	0	0	0	0	192	0	0	0	0	0	0	192	0	0	0	0	0	0	0	0	0	0	0	0	0	0	0	0	0	0	0	0	0	0	0	192	0	0	0	0	0	0	0	0	0	0	0	0	0	0	0	0	0	0	0	0	0	0	0	0	0	0	0	0	0	0	0	0	0	
0	0	0	0	0	0	0	0	0	0	0	0	0	0	0	0	0	0	0	0	0	0	0	0	0	0	0	0	0	0	0	192	0	0	0	0	0	0	0	0	0	0	0	0	0	0	0	0	0	0	0	0	192	0	0	0	0	0	0	0	0	0	0	0	0	0	0	0	0	0	0	0	0	0	0	0	0	0	0	0	0	0	192	0	0	0	0	192	0	0	0	0	0	0	0	0	0	0	0	0	
0	192	0	0	0	0	0	0	0	0	0	0	0	0	0	0	0	0	0	0	0	0	0	0	0	0	0	0	0	0	0	0	0	0	0	192	0	0	0	0	0	0	0	0	0	0	0	0	0	0	0	0	0	0	0	0	0	0	0	192	0	0	0	0	0	0	0	192	0	0	0	0	0	0	0	0	0	0	0	0	0	0	0	0	0	0	0	0	0	0	0	0	0	0	0	0	0	0	0	0	
0	0	0	0	0	0	0	0	0	0	0	0	0	0	0	0	0	0	0	0	0	0	0	0	0	0	0	0	0	0	0	0	0	0	0	0	192	0	0	0	0	0	0	0	0	0	0	0	0	0	0	0	0	192	0	0	0	0	0	0	0	0	0	0	192	0	0	0	0	0	0	0	0	0	0	0	0	0	0	0	0	0	0	0	0	0	0	0	0	192	0	0	0	0	0	0	0	0	0	0	
0	0	0	0	0	0	0	0	0	0	0	0	0	0	0	0	192	0	0	0	0	0	0	0	0	0	192	0	0	0	0	0	0	0	0	0	0	0	0	0	0	0	0	0	0	0	0	0	0	0	0	0	0	0	0	192	0	0	0	0	0	0	0	0	0	0	0	0	0	0	0	192	0	0	0	0	0	0	0	0	0	0	0	0	0	0	0	0	0	0	0	0	0	0	0	0	0	0	0	0	
0	0	0	0	0	0	0	0	0	0	0	0	0	192	0	0	0	0	0	0	0	0	0	0	0	0	0	0	0	0	0	0	0	0	0	0	0	0	0	0	0	0	0	0	0	0	0	0	0	0	0	0	0	0	0	0	0	0	192	0	0	0	0	0	0	0	0	0	0	0	0	0	0	0	0	0	0	0	0	0	0	0	0	0	0	0	0	192	192	0	0	0	0	0	0	0	0	0	0	0	
192	0	0	192	0	0	0	192	0	0	192	0	0	0	0	0	0	0	0	0	0	0	0	0	0	0	0	0	0	0	0	0	0	0	0	0	0	0	0	0	0	0	0	0	0	0	0	0	0	0	0	0	0	0	0	0	0	0	0	0	0	0	0	0	0	0	0	0	0	0	0	0	0	0	0	0	0	0	0	0	0	0	0	0	0	0	0	0	0	0	0	0	0	0	0	0	0	0	0	0	
0	0	0	0	0	192	0	0	192	0	0	0	192	0	0	0	0	0	0	0	0	0	0	0	0	0	0	0	0	0	0	0	192	0	0	0	0	0	0	0	0	0	0	0	0	0	0	0	0	0	0	0	0	0	0	0	0	0	0	0	0	0	0	0	0	0	0	0	0	0	0	0	0	0	0	0	0	0	0	0	0	0	0	0	0	0	0	0	0	0	0	0	0	0	0	0	0	0	0	0	
0	0	0	0	0	0	0	0	0	0	0	0	0	0	0	0	0	0	0	0	0	0	0	0	0	0	0	0	192	0	0	0	0	0	0	0	0	0	0	0	0	0	0	0	0	0	0	0	0	0	0	0	0	0	192	0	0	0	0	0	0	0	0	0	0	0	0	0	0	0	0	0	0	0	0	192	0	0	0	0	0	0	0	0	0	0	0	192	0	0	0	0	0	0	0	0	0	0	0	0	
0	0	0	0	0	0	0	0	0	0	0	0	0	0	192	0	0	0	0	0	0	0	0	0	0	0	0	0	0	0	0	0	0	0	0	0	0	192	0	0	0	0	0	0	0	0	0	192	0	0	0	0	0	0	0	0	0	0	0	0	0	0	0	0	0	0	0	0	0	0	0	0	0	0	0	0	0	0	0	0	0	0	0	0	0	0	0	0	0	0	0	0	0	0	0	0	0	192	0	0	
0	0	0	0	0	192	192	0	0	0	0	0	0	0	0	0	0	0	0	0	0	0	0	0	0	0	0	0	0	0	0	0	0	0	0	0	0	0	0	0	0	0	0	0	0	192	0	0	192	0	0	0	0	0	0	0	0	0	0	0	0	0	0	0	0	0	0	0	0	0	0	0	0	0	0	0	0	0	0	0	0	0	0	0	0	0	0	0	0	0	0	0	0	0	0	0	0	0	0	0	
0	0	0	0	0	0	0	0	0	0	0	192	0	0	0	0	0	0	0	0	0	0	0	0	0	0	0	0	0	0	192	0	0	0	0	0	0	0	0	0	0	0	0	0	0	0	0	0	0	0	0	0	0	0	0	0	0	0	0	0	0	0	0	0	0	0	0	0	0	0	0	0	0	0	0	0	0	0	0	0	0	0	0	0	0	0	0	0	0	192	0	0	0	192	0	0	0	0	0	0	
0	0	0	0	0	0	0	0	0	0	0	0	0	0	0	0	0	0	0	0	0	0	0	0	0	0	0	0	0	0	0	0	0	0	192	0	0	0	192	0	0	0	0	0	0	0	0	0	0	0	0	0	0	0	0	0	192	192	0	0	0	0	0	0	0	0	0	0	0	0	0	0	0	0	0	0	0	0	0	0	0	0	0	0	0	0	0	0	0	0	0	0	0	0	0	0	0	0	0	0	
0	0	0	0	0	0	0	0	0	0	0	0	0	0	0	0	0	0	0	0	0	0	0	0	0	0	0	0	192	0	0	0	0	0	0	0	0	0	0	0	0	0	0	0	0	0	0	0	0	0	0	0	0	0	0	0	0	0	0	0	0	0	0	0	0	0	0	0	0	0	0	0	0	0	0	192	0	0	0	192	0	0	192	0	0	0	0	0	0	0	0	0	0	0	0	0	0	0	0	0	
0	0	0	0	0	0	0	0	0	0	0	0	0	0	0	0	0	0	0	0	0	0	0	0	0	0	0	0	0	0	0	0	0	0	0	0	0	0	0	0	0	0	0	0	192	0	0	0	0	0	0	0	192	0	0	0	0	0	0	0	0	0	0	0	0	0	0	0	0	0	0	0	0	0	0	0	0	0	0	192	0	0	0	0	0	0	0	0	0	0	0	0	0	0	192	0	0	0	0	0	
0	0	0	0	0	0	0	0	0	0	0	0	0	0	0	192	0	0	0	0	0	0	0	0	0	0	0	0	0	0	0	0	0	0	0	0	0	0	0	0	0	0	0	0	0	0	0	0	0	0	0	0	0	0	0	0	0	0	0	0	0	0	0	0	0	0	0	0	0	0	0	0	0	0	0	0	0	192	0	0	0	0	0	0	0	192	0	0	0	0	0	0	0	0	0	0	0	0	192	0	
0	0	0	0	0	0	0	192	0	0	192	0	0	0	0	0	0	0	192	0	0	0	0	0	192	0	0	0	0	0	0	0	0	0	0	0	0	0	0	0	0	0	0	0	0	0	0	0	0	0	0	0	0	0	0	0	0	0	0	0	0	0	0	0	0	0	0	0	0	0	0	0	0	0	0	0	0	0	0	0	0	0	0	0	0	0	0	0	0	0	0	0	0	0	0	0	0	0	0	0	
0	0	0	0	0	0	0	0	0	192	0	0	0	0	0	0	0	0	0	0	0	0	192	0	0	0	0	0	0	0	0	0	0	0	0	0	0	0	0	192	0	0	0	0	0	0	0	0	0	0	192	0	0	0	0	0	0	0	0	0	0	0	0	0	0	0	0	0	0	0	0	0	0	0	0	0	0	0	0	0	0	0	0	0	0	0	0	0	0	0	0	0	0	0	0	0	0	0	0	0	
0	0	0	0	0	0	0	0	0	0	0	0	0	0	0	192	0	0	0	0	0	0	0	0	0	0	0	192	0	0	0	0	0	192	0	0	0	0	0	0	0	0	0	0	0	0	0	0	0	0	0	0	0	0	0	0	0	0	0	0	0	0	0	0	0	0	0	0	0	0	0	0	192	0	0	0	0	0	0	0	0	0	0	0	0	0	0	0	0	0	0	0	0	0	0	0	0	0	0	0	
0	0	0	0	0	0	0	0	0	0	0	192	0	0	0	0	0	0	0	0	0	0	0	0	0	0	0	0	192	0	192	0	0	0	0	0	0	0	0	0	0	0	0	0	0	0	0	0	0	0	0	0	0	0	0	0	0	0	0	0	0	0	0	0	0	0	0	0	0	0	0	0	0	0	0	0	0	0	0	0	0	0	0	0	0	192	0	0	0	0	0	0	0	0	0	0	0	0	0	0	
0	0	0	0	0	0	0	0	0	0	0	0	0	0	0	0	0	0	0	0	0	0	0	0	0	0	0	0	0	0	0	0	0	0	0	0	0	0	0	192	0	0	0	0	192	0	0	0	0	0	192	0	0	0	0	0	0	0	0	0	0	0	0	0	0	0	0	0	0	0	0	0	0	0	0	0	0	0	0	0	0	0	0	0	0	0	0	0	192	0	0	0	0	0	0	0	0	0	0	0	
0	0	0	0	0	0	0	0	0	0	0	0	0	0	0	0	0	0	0	0	192	0	0	0	0	192	0	0	0	0	0	0	0	0	0	0	0	0	0	0	0	0	0	0	0	0	0	0	0	0	0	0	0	0	0	0	0	0	0	0	0	0	0	0	0	192	0	0	0	0	0	0	0	0	0	0	0	0	0	0	0	0	0	0	0	0	0	0	0	0	0	0	0	0	0	0	0	0	192	0	
0	0	0	0	0	0	0	0	0	0	0	0	0	0	0	0	0	0	0	0	0	192	0	0	0	0	0	0	0	0	0	0	0	0	0	0	0	0	0	0	0	0	0	0	0	0	0	192	192	0	0	0	0	0	0	0	0	0	0	0	0	0	0	0	0	0	0	0	0	0	0	0	0	192	0	0	0	0	0	0	0	0	0	0	0	0	0	0	0	0	0	0	0	0	0	0	0	0	0	0	
192	0	0	192	0	0	0	0	0	0	0	0	0	0	0	0	0	0	192	0	0	0	0	0	0	0	0	0	0	0	0	0	0	0	0	0	0	0	0	0	0	0	0	0	0	0	0	0	0	0	0	0	0	0	0	0	0	0	0	0	0	0	0	0	0	0	0	0	0	0	0	0	0	0	0	0	0	0	0	0	0	0	0	192	0	0	0	0	0	0	0	0	0	0	0	0	0	0	0	0	
0	0	0	0	0	0	0	0	0	0	0	0	0	0	0	0	0	0	192	0	0	0	0	0	0	0	0	0	0	0	0	0	0	0	0	0	0	0	0	0	0	0	0	0	0	0	0	0	0	0	0	0	0	0	0	0	0	0	0	0	192	0	0	0	0	0	0	0	0	0	0	0	0	0	0	0	0	0	0	0	0	0	0	0	0	0	0	0	0	192	0	0	0	0	0	192	0	0	0	0	
0	0	0	0	0	0	0	0	192	0	0	0	0	0	0	0	0	0	0	0	0	0	0	0	0	0	0	0	0	0	0	0	192	0	0	0	0	0	0	0	0	0	0	0	0	0	0	192	0	0	0	0	0	0	0	0	0	0	0	0	192	0	0	0	0	0	0	0	0	0	0	0	0	0	0	0	0	0	0	0	0	0	0	0	0	0	0	0	0	0	0	0	0	0	0	0	0	0	0	0	
78	22	56	83	67	89	63	10	58	69	66	55	12	6	68	13	14	93	35	90	38	36	47	7	7	47	70	84	59	12	80	52	76	78	27	98	74	28	64	40	37	63	39	51	84	75	34	88	87	5	49	91	77	26	33	90	57	12	59	27	97	46	77	48	42	97	7	63	45	94	65	92	67	85	13	57	4	73	38	78	50	6	31	4	26	8	35	45	44	10	22	25	2	75	70	22	77	65	82	56	58	70	57	89	41	65	11	21	56	44	13	14	68	17	77	96	97	99	26	17	57	16	19	12	49	57	52	69	49	79	14	19	15	95	86	99	80	86	1	43	51	33	26	78	67	58	47	30	39	61	26	45	70	23	7	19	42	25	3	95	28	20	40	88	8	79	81	82	65	48	18	27	71	2	97	88	24	31	16	19	95	47	77	87	40	77	60	43	9	90	77	79	57	0	4	23	68	88	47	42	16	98	0	28	61	40	37	34	48	43	54	37	66	59	87	26	13	53	76	75	25	35	99	31	4	22	65	12	10	2	7	40	0	61	50	62	83	76	92	61	39	49	92	16	38	14	25	53	12	46	11	81	90	56	36	80	97	64	24	48	9	84	21	50	61	0	36	95	25	12	88	12	90	20	93	65	45	90	98	4	51	85	64	34	93	29	21	35	24	59	65	41	77	41	50	82	9	71	93	96	86	2	90	83	87	79	94	38	90	24	95	76	84	45	98	3	10	15	35	99	13	23	47	96	82	15	28	22	3	7	71	19	59	32	44	48	92	52	76	41	71	71	66	76	9	14	24	62	72	70	25	76	27	45	18	83	56	98	3	11	69	64	82	66	41	92	99	13	38	93	56	13	54	86	57	46	24	48	24	50	74	82	73	38	30	11	58	75	63	11	23	53	40	31	42	47	96	4	67	16	22	24	44	93	33	27	50	21	59	2	12	39	82	75	58	25	18	46	15	44	99	76	0	89	80	30	63	96	56	58	65	31	6	36	90	87	41	81	23	9	12	34	38	69	59	37	96	54	77	99	23	82	50	89	97	58	77	21	61	14	40	31	37	75	32	14	37	64	45	44	36	56	66	83	34	48	71	59	13	42	34	13	96	66	44	12	34	31	12	75	5	65	75	97	64	47	19	77	47	91	28	37	59	77	41	90	73	0	61	62	10	88	18	64	94	12	44	0	61	69	44	74	77	48	45	38	84	16	33	89	15	61	95	71	83	98	61	46	75	61	84	93	84	12	15	34	19	79	45	88	25	47	5	14	55	66	48	79	74	3	86	71	31	79	91	79	49	63	85	66	71	23	62	28	42	56	96	70	62	64	20	83	76	80	91	11	47	54	36	68	98	24	92	52	0	63	52	62	36	60	77	65	89	91	51	69	18	60	35	15	91	19	26	73	44	77	84	20	68	78	68	82	35	78	36	2	84	62	80	19	15	72	77	67	82	61	76	7	45	96	35	93	55	52	17	19	24	25	25	64	43	32	10	96	35	27	42	37	36	67	4	41	24	63	66	22	78	76	6	78	25	29	22	87	79	24	45	75	72	96	76	25	5	37	98	71	61	11	71	77	97	12	31	88	77	44	20	12	49	19	1	41	66	56	49	15	29	40	74	88	4	71	12	70	66	17	3	69	19	73	66	49	3	4	64	30	14	71	41	36	21	43	59	61	36	78	44	4	15	86	57	14	67	63	63	69	17	45	80	57	47	17	12	37	61	47	25	58	11	61	61	65	83	9	91	51	27	76	86	65	10	16	65	49	31	72	36	28	17	42	4	14	31	4	77	65	11	7	56	58	71	52	99	35	39	98	71	73	46	84	76	32	7	79	9	66	75	68	12	86	26	89	28	77	33	85	5	17	82	97	16	32	46	89	63	19	31	68	40	85	54	56	37	27	66	3	39	10	8	30	47	44	75	92	40	68	55	87	44	6	58	66	37	83	0	39	80	77	77	56	40	20	25	30	38	7	26	87	43	28	97	37	59	24	94	57	99	60	0	18	61	77	52	31	90	40	4	11	92	2	23	84	71	74	31	93	14	54	35	81	12	38	26	88	95	66	37	75	28	98	52	74	95	39	32	15	72	71	61	91	62	45	12	81	23	33	76	32	76	24	2	84	49	86	27	6	99	48	3	82	19	16	12	31	22	46	39	60	88	62	66	1	66	27	5	17	30	90	27	59	53	84	18	94	68	59	38	25	27	8	66	34	3	45	40	80	96	79	10	26	30	55	78	81	38	64	36	95	4	98	20	75	89	58	74	53	46	29	34	50	57	75	11	45	20	45	71	17	85	83	62	72	68	40	40	32	10	76	26	35	69	54	1	59	79	78	49	7	78	24	73	63	94	16	20	13	24	42	10	54	93	89	29	32	20	42	70	37	67	20	97	28	8	37	28	61	58	27	50	49	88	92	35	22	53	47	20	72	85	19	40	66	99	54	85	18	58	47	88	97	48	11	53	59	81	53	65	34	74	56	11	36	3	28	96	71	56	57	97	11	8	71	75	41	65	15	87	40	81	71	92	68	88	71	85	14	86	56	59	17	16	99	67	41	62	96	13	49	53	8	57	95	92	13	92	36	73	39	57	8	89	12	2	96	76	52	13	6	76	85	71	23	43	90	15	50	48	52	20	0	92	31	95	14	65	15	81	21	57	87	59	61	80	77	75	52	16	18	38	24	33	57	92	29	28	23	15	31	69	57	41	13	34	66	8	30	97	73	42	93	79	47	14	24	64	93	32	11	60	50	96	41	18	73	28	66	47	71	73	20	84	14	8	41	95	90	95	19	46	9	96	35	42	81	57	71	31	8	0	84	3	26	10	30	24	67	44	76	37	93	33	36	17	14	23	71	63	30	58	77	96	35	67	33	35	41	25	78	11	28	56	94	21	69	95	64	75	67	93	50	23	86	66	13	30	32	40	48	10	55	80	31	3	49	60	70	87	16	84	96	22	56	76	61	33	4	70	54	27	20	69	6	61	21	33	17	66	77	83	13	43	9	50	10	74	62	49	26	30	41	77	18	59	58	59	20	27	65	43	40	18	96	94	63	7	68	49	22	34	89	85	61	67	37	51	15	80	22	22	30	49	97	13	77	69	29	48	22	24	60	41	60	37	22	6	58	22	44	27	1	62	63	60	54	86	46	83	74	9	66	50	64	27	59	92	24	67	10	19	66	0	35	64	52	79	87	78	46	50	5	85	75	41	82	12	31	9	67	26	98	67	73	53	48	84	17	6	3	25	17	81	41	92	8	57	37	18	51	11	45	62	78	28	13	69	99	76	88	67	53	18	84	82	43	50	5	24	15	86	52	26	45	42	61	66	34	24	4	77	31	0	68	24	89	93	99	63	27	4	16	44	4	3	53	79	3	20	65	93	50	72	76	98	68	58	74	93	39	36	5	98	24	94	98	58	98	87	90	2	28	98	17	74	99	28	49	14	83	32	30	17	60	43	88	92	6	70	91	98	41	64	8	13	44	11	51	66	76	19	93	7	51	43	84	14	54	88	73	60	64	32	21	10	98	77	20	84	56	75	5	60	40	53	81	66	40	90	62	7	70	16	47	56	20	50	73	8	82	67	81	84	4	7	54	46	11	20	0	16	13	53	75	33	8	24	4	31	27	25	70	85	91	56	88	42	79	91	48	79	43	79	7	77	21	36	45	55	74	80	67	83	31	11	29	12	20	0	24	51	19	79	98	56	73	77	98	93	38	65	46	10	93	3	92	9	94	25	63	66	95	41	78	84	74	32	8	11	3	34	63	23	63	57	68	95	68	13	27	82	51	62	81	78	54	79	35	75	73	53	23	55	78	49	81	96	18	90	18	18	12	43	33	98	15	5	87	87	2	74	7	53	7	84	17	51	57	88	6	36	12	99	20	4	1	85	49	47	15	73	55	20	58	4	15	95	93	8	42	13	33	79	28	77	55	21	56	76	85	43	0	55	85	26	10	18	54	93	66	41	18	57	17	14	47	44	31	2	54	17	33	71	47	13	77	37	52	53	14	0	27	66	59	57	39	51	18	88	81	27	65	17	30	77	11	13	17	6	51	15	28	0	13	98	30	41	14	21	95	91	23	7	14	29	0	3	96	54	59	57	98	37	41	40	61	15	5	12	2	30	40	71	24	93	29	30	57	82	13	63	10	66	79	1	84	2	34	76	87	11	93	88	49	21	77	21	73	62	53	58	18	20	30	9	7	55	70	47	92	4	93	71	29	25	69	87	64	88	56	79	91	13	25	66	26	34	33	37	8	56	56	92	94	21	70	63	97	37	43	33	25	99	18	34	13	77	26	74	40	51	86	98	66	43	44	85	50	94	32	19	17	33	69	50	22	62	22	98	53	25	75	1	87	2	88	26	68	98	3	36	88	9	45	32	36	90	12	41	50	15	85	92	17	43	71	35	61	83	84	63	76	7	90	49	33	5	76	3	85	72	45	99	3	88	82	86	90	27	2	27	47	87	80	71	1	9	65	4	26	19	67	76	37	78	7	83	8	80	34	16	49	7	42	26	6	15	95	9	79	96	56	88	9	62	39	55	6	27	67	26	11	83	99	15	85	25	72	56	52	12	84	96	61	9	72	91	94	47	2	18	2	15	94	92	12	56	94	39	33	47	25	97	94	62	97	4	74	0	49	22	48	19	17	97	71	84	42	76	68	99	2	59	14	51	23	70	31	89	19	94	5	97	56	6	69	54	62	60	85	39	55	68	37	11	18	17	54	20	39	67	73	46	85	31	57	11	87	59	31	78	48	10	69	83	33	33	37	16	57	37	23	88	31	96	24	1	74	83	46	96	76	84	10	72	58	91	66	64	14	23	40	39	22	17	69	12	91	36	92	53	98	59	93	15	97	57	88	43	68	43	91	11	44	1	1	51	66	21	29	59	10	12	77	24	89	66	47	64	53	19	58	48	68	24	64	64	9	38	30	27	65	80	61	19	70	46	56	14	25	45	0	47	30	61	51	90	89	60	63	29	72	79	64	80	7	23	62	4	14	28	56	55	92	12	89	41	23	44	11	57	74	82	1	75	86	39	66	20	40	33	54	64	73	8	56	84	12	55	53	0	15	72	49	57	50	72	13	41	63	76	3	45	71	2	2	35	34	88	9	37	95	35	83	13	63	57	85	45	17	57	29	78	32	32	33	17	73	33	8	83	94	37	94	94	32	65	84	81	85	1	94	64	23	29	1	25	56	66	21	33	12	84	60	45	16	53	82	13	8	19	76	1	95	50	33	47	66	87	89	40	86	74	16	42	27	72	46	9	89	54	64	99	85	66	16	84	61	91	88	36	20	52	76	76	9	14	73	35	42	66	1	85	82	46	3	59	23	35	43	57	45	3	17	59	26	33	46	3	58	41	19	24	52	23	53	39	91	52	42	92	10	61	54	27	97	68	21	97	48	10	0	79	37	48	7	90	89	53	6	60	60	45	62	98	5	21	42	95	33	61	65	99	94	37	65	17	92	98	51	11	28	64	0	63	13	28	73	11	9	88	26	94	6	85	76	61	25	90	9	92	28	81	49	29	12	93	53	67	83	47	26	13	99	5	71	57	95	66	76	44	9	36	96	80	94	36	82	78	53	70	22	94	23	46	63	7	2	86	86	6	53	44	21	76	4	50	55	9	16	16	16	34	27	61	64	84	78	92	1	79	90	24	71	29	37	4	66	63	12	22	72	62	37	83	95	56	72	65	39	54	21	8	37	22	33	80	81	95	59	75	30	2	42	86	3	59	81	53	80	60	6	2	32	45	46	72	65	68	40	62	33	38	87	19	97	12	60	77	69	99	81	55	47	29	44	5	9	30	63	83	90	49	95	56	46	37	83	27	29	59	82	36	40	4	3	62	46	89	12	92	84	43	99	21	25	38	5	5	36	85	11	85	67	41	18	92	30	63	26	89	18	19	28	89	9	69	74	84	44	9	37	13	61	88	46	63	82	58	69	20	6	59	22	86	20	32	70	87	56	26	5	83	48	45	61	69	34	65	64	51	0	10	53	60	94	17	43	14	71	55	89	87	95	11	84	73	22	85	54	26	49	4	11	6	60	17	91	23	58	97	81	31	20	20	89	2	72	71	41	13	66	81	97	41	48	83	19	80	62	78	6	63	87	61	2	4	73	58	0	24	83	79	9	3	74	35	44	88	45	98	22	51	94	33	33	32	11	50	78	14	75	91	56	79	45	38	85	31	24	26	87	19	7	55	66	87	94	87	1	42	9	86	10	36	90	33	36	69	19	44	91	1	83	15	54	94	41	58	89	0	22	7	34	39	81	82	66	13	22	22	82	49	61	12	47	91	96	10	81	90	99	84	6	19	0	9	26	83	75	64	16	38	25	11	60	43	64	57	8	92	95	37	63	63	88	73	35	78	19	62	71	26	81	84	53	23	28	6	99	28	22	68	33	13	93	64	52	97	32	77	17	49	76	41	71	94	44	68	60	85	11	16	50	21	30	48	40	81	39	86	84	5	70	42	11	19	78	41	92	45	28	85	81	50	36	88	3	40	79	90	57	63	5	32	87	80	77	0	25	96	2	44	33	43	39	81	27	80	89	5	90	30	23	57	51	8	75	76	52	27	63	65	52	74	22	96	50	62	69	22	91	34	50	40	91	99	90	16	97	68	46	88	75	51	47	72	99	54	93	73	10	8	10	69	14	18	28	19	92	50	6	56	81	17	19	9	53	53	16	72	4	42	6	48	73	32	74	67	82	10	6	22	11	61	88	2	4	56	86	22	35	0	36	60	10	63	19	58	17	65	62	60	84	72	5	53	47	48	30	48	23	41	19	47	62	71	65	55	72	90	89	1	86	9	69	10	29	61	33	87	70	99	7	76	8	23	14	22	69	44	90	56	82	24	24	15	87	87	93	33	72	98	7	50	83	17	45	12	51	13	45	26	16	50	55	10	10	25	67	32	60	14	10	49	31	19	94	12	46	7	72	60	25	28	71	76	15	15	40	82	81	0	18	85	38	94	7	69	48	38	64	82	3	14	29	34	1	29	0	85	60	5	64	44	87	69	48	40	98	9	30	76	59	30	8	45	45	34	34	91	58	17	21	19	38	29	36	88	0	91	98	55	41	18	41	75	84	65	57	65	24	99	64	61	3	52	52	23	46	36	66	63	6	71	78	53	56	23	69	97	39	56	56	6	8	13	80	44	71	10	37	96	73	0	51	55	50	1	49	3	94	17	25	7	8	99	87	86	73	8	79	73	68	46	89	80	24	6	11	26	34	27	38	40	74	6	55	14	75	35	25	43	84	82	72	72	68	76	87	0	88	45	93	6	75	3	59	32	18	18	68	55	36	14	46	43	78	61	23	91	24	88	89	61	61	5	6	35	17	5	99	57	9	6	36	87	66	0	83	11	97	92	64	42	79	56	52	72	60	99	9	15	51	92	36	24	88	99	45	27	95	38	81	23	86	7	32	77	79	10	29	57	73	96	21	20	82	59	72	77	54	82	34	80	12	55	28	86	49	1	3	65	49	68	43	49	20	4	6	39	94	98	41	34	4	66	94	49	81	22	97	62	68	62	12	46	2	85	24	38	6	1	12	91	54	50	87	18	10	23	72	83	24	14	81	78	87	79	29	35	12	49	70	25	40	7	37	26	65	71	50	65	11	87	40	35	78	95	5	31	59	95	68	87	99	74	67	88	33	5	59	69	30	94	10	16	32	36	7	84	36	67	53	77	62	90	83	87	44	47	57	54	44	61	73	17	43	20	33	88	14	49	1	69	31	50	53	9	58	75	53	94	34	49	8	7	64	17	47	35	53	28	54	68	17	27	91	3	89	1	93	65	6	24	59	48	58	23	79	82	51	65	79	5	24	11	48	3	1	65	43	87	43	64	98	62	78	53	50	54	96	98	27	14	27	16	30	95	14	19	95	94	10	21	32	84	97	87	44	64	88	31	2	84	38	39	40	29	5	94	73	13	3	17	25	64	75	51	36	0	90	88	48	88	70	28	74	78	89	44	20	62	70	1	65	85	25	58	56	62	74	75	38	8	56	45	28	88	42	71	19	91	49	69	48	56	59	17	74	31	68	45	14	94	78	62	64	34	6	19	3	6	24	79	9	58	93	87	69	8	34	98	38	88	59	75	84	75	65	60	32	26	67	34	8	80	93	76	12	20	16	99	31	71	89	79	90	40	43	30	98	88	72	0	72	85	13	25	21	47	7	90	19	21	73	48	8	67	36	96	13	39	17	59	40	96	76	84	31	26	95	21	62	11	29	74	70	31	29	86	29	13	44	76	41	48	75	4	51	5	65	86	63	7	49	51	82	24	58	58	74	70	44	64	48	14	3	89	98	78	96	63	55	10	62	85	67	80	86	55	97	63	29	88	99	38	4	88	98	99	79	78	22	7	12	13	31	68	29	72	83	97	49	27	39	54	62	52	21	4	11	25	47	69	31	42	95	40	50	61	19	73	70	4	72	17	16	62	23	98	96	5	53	73	57	31	2	66	34	43	57	68	70	46	34	54	75	1	19	6	22	64	92	33	58	32	83	49	62	41	2	34	14	72	70	7	25	21	19	97	46	11	59	98	96	83	48	47	74	3	47	23	24	73	95	38	54	50	50	31	39	37	95	82	80	77	67	8	12	34	18	68	62	31	93	98	29	21	53	88	27	26	15	86	64	6	70	65	68	23	35	14	91	91	17	83	50	89	80	22	2	36	17	17	2	5	88	32	70	97	23	62	1	6	12	78	74	41	51	64	48	55	32	51	29	26	70	8	69	45	73	10	9	64	39	50	48	47	61	96	59	26	35	73	96	71	9	25	53	38	84	96	32	18	88	30	18	49	23	70	35	45	35	86	43	22	34	73	80	39	56	34	52	25	53	56	12	41	53	2	83	49	66	30	45	50	91	21	80	97	71	0	61	84	72	99	95	62	72	33	63	86	26	77	34	97	34	26	17	43	85	88	42	66	35	19	9	58	22	87	77	37	74	14	79	44	0	40	16	10	12	8	16	73	49	76	44	51	50	48	50	59	61	54	78	23	5	80	86	12	15	64	96	45	80	36	35	27	56	52	84	49	85	54	19	55	46	11	22	57	94	63	6	53	53	15	90	99	67	42	34	17	90	5	38	64	23	42	92	80	45	48	34	59	22	97	80	14	17	69	98	80	12	13	36	41	95	49	31	24	29	82	77	61	88	76	46	51	36	74	19	89	10	45	61	22	19	19	62	83	4	96	27	53	32	70	37	27	87	15	24	53	74	90	21	32	74	31	87	93	88	8	86	59	69	91	43	94	78	62	34	16	11	86	10	13	48	14	44	43	36	3	48	15	69	44	62	92	11	73	8	81	81	58	27	37	79	46	47	58	2	66	23	94	41	47	88	96	38	87	53	9	1	83	98	93	58	42	52	63	51	59	47	22	46	44	93	97	40	74	87	19	52	41	66	23	72	52	7	51	49	43	21	81	88	56	11	18	15	2	27	77	97	66	72	73	42	60	85	14	49	72	12	7	49	0	70	40	35	79	38	83	16	44	49	65	41	10	89	82	22	9	21	45	52	37	76	95	82	55	45	6	42	11	92	77	19	78	79	10	66	27	65	19	89	40	70	50	62	95	76	66	50	28	14	44	80	91	31	74	45	32	55	33	90	44	28	24	12	55	11	95	56	78	9	67	23	75	70	77	91	84	78	45	38	77	68	31	69	76	1	83	27	10	10	50	66	58	28	92	85	55	72	72	64	82	13	96	74	18	20	58	77	39	66	60	79	85	14	0	61	2	43	30	75	25	57	97	20	20	36	40	54	46	29	68	18	84	79	77	37	46	50	88	66	60	48	32	85	5	43	27	37	18	19	40	14	46	17	27	23	85	98	57	86	36	68	53	82	22	38	96	83	71	90	49	47	15	90	89	89	0	59	93	18	49	59	90	48	20	98	43	43	42	42	71	26	94	75	74	91	20	45	92	83	92	44	47	18	74	93	99	58	85	71	38	18	23	72	69	53	50	90	85	78	73	98	92	56	79	57	3	14	74	79	90	41	77	45	40	82	5	3	14	22	59	52	7	25	80	4	23	43	69	54	35	42	49	40	34	32	94	71	41	33	82	
84	6	20	2	19	62	46	77	72	49	21	99	52	44	49	59	27	8	95	38	4	98	5	90	30	15	38	83	19	16	94	47	19	54	79	50	36	70	27	18	3	89	44	72	65	16	50	44	55	68	63	37	44	59	86	67	82	38	26	38	69	97	53	74	58	29	20	11	37	51	9	88	41	44	36	74	29	37	67	3	67	52	62	28	8	44	90	58	97	24	9	77	63	32	39	91	83	13	14	68	73	36	26	54	96	38	36	54	75	1	22	72	73	64	92	62	65	74	60	41	65	27	58	29	58	16	55	0	89	6	65	95	99	22	88	62	3	76	78	39	70	60	23	32	32	13	42	77	50	40	13	25	59	61	49	68	2	42	31	75	51	56	44	39	24	2	56	55	35	88	6	53	39	66	27	35	51	55	39	2	18	11	35	67	64	76	21	6	97	93	66	1	0	53	78	53	97	4	54	59	4	64	56	95	16	1	21	59	37	80	13	53	39	6	98	87	5	72	24	41	35	40	0	26	66	14	45	76	15	24	61	56	58	5	83	75	78	90	25	24	91	84	94	47	28	60	61	86	60	15	35	8	87	19	10	35	4	99	91	64	62	78	85	31	40	96	12	74	29	82	82	98	7	74	7	99	56	84	49	68	31	65	99	40	58	34	90	4	58	8	2	94	76	56	24	79	17	76	82	68	66	44	65	65	60	17	57	37	8	93	3	38	59	75	65	76	98	2	55	42	70	70	98	34	52	4	57	93	4	85	34	27	9	75	28	42	27	14	4	75	26	86	77	46	85	15	91	1	79	19	33	29	83	85	68	99	64	20	6	19	44	55	91	31	64	6	32	11	46	31	35	30	17	65	65	43	15	15	34	64	77	21	43	17	36	52	2	72	53	2	96	6	9	86	76	64	41	71	34	22	26	33	80	50	89	93	90	77	58	77	54	47	32	40	83	54	71	73	62	71	59	52	19	6	75	78	51	9	78	69	24	57	75	20	26	55	49	38	75	31	23	31	7	99	20	76	72	38	37	30	28	68	99	67	18	61	32	65	96	91	48	40	34	39	92	83	53	99	18	73	49	94	38	24	96	30	94	17	73	61	4	60	16	0	36	63	36	70	10	57	8	2	73	71	21	67	80	73	44	30	79	73	16	49	58	21	27	23	99	46	33	68	96	59	0	24	34	64	13	68	90	56	42	67	82	73	54	85	77	6	90	75	93	56	79	7	33	53	72	3	15	65	86	51	2	17	95	29	85	48	24	85	2	72	59	36	14	75	42	35	21	1	93	92	66	78	89	66	5	52	24	83	89	0	46	33	40	31	1	37	76	45	75	98	71	89	81	56	44	29	93	90	90	13	11	16	56	44	92	88	75	69	15	0	16	2	72	86	93	14	50	23	51	47	25	90	13	22	57	9	33	2	54	61	25	33	33	39	21	52	0	36	99	58	74	41	98	49	64	53	59	10	40	21	26	58	85	21	36	91	54	86	49	54	45	13	5	51	51	76	86	55	17	4	74	83	94	59	46	48	62	49	61	20	21	66	71	37	82	28	18	99	20	51	49	50	38	51	78	69	85	4	64	74	76	5	0	49	41	95	63	43	25	3	86	10	53	63	36	66	60	88	47	55	20	13	99	0	17	96	32	35	31	60	17	68	69	41	74	92	36	52	24	12	31	21	18	87	28	87	96	60	77	13	26	18	2	55	24	41	19	14	66	13	69	38	75	77	22	99	92	9	1	32	80	30	22	84	12	56	1	59	8	29	69	71	48	88	63	51	92	77	26	27	51	46	85	26	34	5	4	7	55	16	9	56	92	4	33	25	36	70	31	53	14	49	14	34	89	13	18	24	56	29	80	97	17	90	62	4	10	73	52	54	58	71	4	74	44	96	9	83	96	4	87	51	42	47	70	48	26	91	15	93	79	83	77	59	89	36	40	1	80	35	84	37	77	65	38	98	68	97	66	21	8	69	76	6	27	17	2	29	53	60	42	73	2	75	85	32	7	92	20	81	89	65	13	24	32	97	47	41	30	1	5	17	52	97	30	21	86	67	13	56	1	57	61	89	22	73	98	45	1	28	6	77	39	42	40	2	84	77	18	29	35	24	8	67	60	39	53	67	73	40	10	42	6	87	24	19	49	91	24	1	39	95	88	3	11	31	82	49	38	37	26	25	11	66	59	37	26	2	93	33	37	18	99	60	26	86	53	88	30	65	95	51	79	82	28	78	41	47	33	44	63	23	83	67	88	27	23	82	45	5	58	26	25	1	77	75	32	28	7	34	62	34	85	80	6	99	35	89	14	81	43	74	26	16	54	55	79	3	12	80	33	83	44	35	47	26	22	0	52	6	59	15	60	1	50	68	57	24	65	80	12	26	44	53	89	57	26	0	48	89	93	67	60	81	34	51	36	55	76	26	83	23	78	47	67	72	10	17	7	70	24	76	7	88	63	2	57	67	17	18	96	31	8	45	72	68	74	24	99	71	78	55	77	8	52	22	60	70	21	25	99	32	45	87	62	51	53	76	97	3	80	56	66	44	88	69	69	83	24	99	2	35	15	34	15	97	14	31	60	34	46	7	67	34	68	61	98	90	33	95	45	51	38	72	65	66	51	85	71	35	41	32	51	10	51	82	52	69	61	38	62	16	79	82	7	46	82	32	9	49	71	51	37	20	67	68	31	53	18	87	56	69	88	58	44	10	40	5	20	55	95	3	55	55	8	1	78	5	39	38	74	39	71	89	0	13	83	56	89	27	35	94	70	34	62	19	14	28	22	65	76	9	46	73	8	22	15	72	22	45	18	36	12	70	32	93	47	81	69	72	22	0	94	3	67	12	91	62	6	69	44	34	2	52	33	41	24	78	74	22	90	26	5	91	90	97	5	85	16	88	45	94	91	42	79	69	29	94	51	74	71	68	22	21	61	32	76	94	45	29	81	74	70	26	68	76	94	1	30	47	3	13	82	95	98	9	85	76	67	41	19	38	85	67	11	2	20	61	94	85	23	86	78	29	7	49	24	43	33	55	37	94	19	96	24	20	82	91	61	29	35	5	59	82	49	29	59	67	51	13	60	40	77	87	97	69	51	6	72	76	14	14	16	92	48	72	73	45	76	50	12	80	50	87	60	72	26	4	86	20	12	3	71	29	8	47	75	90	21	45	44	41	21	68	7	11	74	8	40	44	69	8	41	13	26	0	73	61	17	46	23	61	60	28	24	69	57	14	66	41	33	8	51	78	96	16	88	81	49	95	24	47	64	82	52	94	16	8	24	11	54	87	16	23	78	23	17	48	51	57	79	8	64	64	58	97	77	16	19	55	24	44	22	36	84	55	45	83	45	81	9	94	73	38	80	71	98	90	81	43	49	43	73	64	51	55	83	47	95	47	68	94	75	8	3	92	69	6	20	22	68	63	28	84	88	79	11	55	57	51	32	85	20	8	53	61	59	61	6	17	45	43	7	59	4	48	16	84	72	48	13	9	6	68	71	92	51	48	72	6	95	23	65	41	43	74	77	13	28	44	47	73	45	35	85	14	28	2	60	50	3	54	49	82	18	32	44	46	92	70	5	97	35	76	60	40	20	60	94	17	17	21	95	56	65	84	93	3	75	40	23	2	95	18	39	37	19	89	87	41	83	93	5	19	10	25	5	13	41	64	64	87	31	40	46	10	6	58	60	36	91	42	59	83	84	88	86	45	59	80	31	45	47	3	5	95	39	6	16	86	25	48	57	24	49	65	86	86	61	58	4	81	58	68	75	77	45	48	20	63	72	54	95	37	84	50	93	57	60	86	39	15	12	75	19	61	68	93	72	77	69	53	50	72	15	24	48	36	14	58	38	80	5	71	2	89	74	38	21	84	56	94	28	55	27	15	93	45	33	6	39	64	72	31	58	47	73	4	69	20	73	82	18	18	53	10	75	31	70	40	0	17	67	58	65	20	56	69	55	36	78	85	15	75	53	86	29	34	60	26	1	82	92	32	54	82	29	64	73	31	85	64	84	26	51	37	93	78	93	3	4	82	51	17	64	11	8	49	69	39	56	8	93	71	5	10	20	87	54	48	46	90	60	32	17	38	47	55	77	21	24	90	83	36	44	83	78	32	24	55	62	23	21	77	82	55	8	3	36	16	5	15	12	70	90	82	14	43	56	5	55	37	8	68	91	42	10	57	9	29	63	8	74	63	55	60	29	2	21	84	56	43	3	98	94	84	2	27	27	57	11	11	0	17	26	19	68	97	98	76	39	36	64	45	93	14	70	45	74	76	98	93	16	99	30	70	96	61	44	69	65	59	77	48	23	1	77	21	35	29	6	57	50	71	1	3	25	51	10	73	86	12	50	7	16	56	76	21	68	17	54	94	11	1	68	53	34	15	96	26	69	97	54	56	99	43	60	0	91	98	42	93	13	10	77	72	98	53	53	67	94	49	64	95	0	13	80	81	89	96	12	28	94	38	55	30	37	82	82	68	5	95	56	89	15	36	39	70	45	21	94	44	50	43	86	77	79	74	14	48	25	27	63	66	87	78	55	68	10	38	3	82	31	39	85	26	45	68	96	16	34	80	30	17	92	94	12	20	53	36	68	70	68	9	75	50	68	36	32	20	7	31	88	38	30	82	10	41	74	35	38	90	13	32	20	5	49	24	25	42	74	25	7	85	18	49	79	23	48	71	68	14	25	82	70	97	56	36	13	13	84	49	45	5	96	88	4	10	74	30	57	49	1	24	59	10	78	58	43	64	66	75	10	79	0	16	5	77	58	97	58	55	21	51	72	83	52	42	69	43	71	9	53	71	56	14	15	27	51	64	13	16	91	95	71	27	85	68	85	8	92	28	97	38	42	53	87	89	0	13	30	96	96	33	60	95	79	48	38	61	84	80	6	23	68	63	53	8	58	38	59	40	13	62	81	36	88	4	63	39	54	53	72	61	30	69	96	71	59	47	57	14	31	65	90	18	84	92	29	7	68	63	68	79	54	84	94	53	74	32	96	82	22	40	94	98	50	26	78	33	28	45	83	34	95	81	63	75	15	8	92	41	67	52	1	99	44	80	57	60	14	51	8	75	24	71	70	97	88	93	87	41	9	64	12	15	56	4	5	78	69	76	94	18	62	92	40	3	57	91	36	16	39	11	52	19	43	77	13	12	36	30	83	65	50	90	34	13	68	92	59	20	23	33	35	61	65	72	39	60	67	44	19	57	3	30	40	56	70	0	38	84	17	37	16	14	55	77	24	98	18	3	90	10	99	99	65	11	28	90	63	19	94	17	72	94	63	20	83	8	38	31	54	15	84	50	86	33	22	28	79	41	23	69	82	20	87	36	34	48	82	44	51	30	87	66	98	75	71	82	53	75	54	13	69	30	62	28	54	63	72	32	21	86	17	73	52	69	67	43	95	86	46	41	18	92	56	30	76	56	65	68	6	45	32	98	38	25	60	59	46	7	15	2	28	69	25	37	69	34	69	88	85	53	21	44	21	51	95	8	95	69	49	40	23	13	42	58	15	40	8	35	82	12	75	5	69	69	45	54	7	72	10	97	87	63	62	53	20	18	64	82	11	95	38	38	8	83	91	74	72	21	20	14	32	8	91	99	12	46	25	81	41	44	49	23	25	97	78	46	30	29	30	15	36	89	78	50	66	11	66	47	20	61	72	82	4	14	58	7	56	49	28	21	38	86	98	28	60	89	98	61	76	12	70	83	63	21	84	31	54	27	2	70	4	96	89	13	94	4	60	17	85	57	1	0	59	87	85	10	84	81	52	32	27	89	48	97	55	47	50	40	48	91	86	85	98	42	79	72	48	50	50	43	30	19	3	47	4	19	63	68	23	81	58	70	8	3	51	75	49	49	48	20	42	59	19	80	32	20	36	21	41	5	5	71	78	69	90	49	31	26	95	22	54	3	77	94	8	32	91	49	99	17	5	30	48	48	77	95	43	81	60	25	82	51	81	66	59	88	21	76	31	0	10	16	67	26	79	5	3	10	93	47	71	35	11	69	54	30	10	3	45	15	28	95	25	53	22	64	62	86	59	30	37	90	67	96	24	54	49	89	92	20	79	10	63	54	96	59	73	78	61	33	90	9	8	19	30	24	26	37	96	69	1	12	11	70	49	70	72	14	73	68	66	6	32	93	48	70	6	41	41	14	25	65	37	6	38	25	94	90	13	15	2	47	17	71	16	28	63	96	55	42	28	72	22	50	26	70	18	9	88	40	90	22	45	65	99	1	36	31	89	42	49	10	35	67	67	93	56	17	52	74	43	7	37	9	17	56	62	89	98	67	13	64	59	37	56	57	65	46	76	40	57	98	11	46	57	11	65	47	44	73	76	80	72	4	12	24	98	50	93	87	13	78	28	14	93	43	27	57	34	80	30	53	50	38	91	27	1	15	36	26	94	77	10	69	18	79	18	8	58	4	98	36	73	71	43	91	99	72	69	55	10	84	84	41	15	21	86	43	23	21	60	40	3	13	47	59	98	72	47	4	73	18	12	73	79	44	92	78	71	42	55	51	85	71	4	63	84	25	62	3	72	20	26	82	31	57	45	30	15	15	13	46	10	84	36	95	93	90	68	87	63	92	95	49	13	34	74	84	90	85	47	69	7	97	25	77	30	89	80	16	81	55	98	16	0	10	73	34	43	68	57	71	53	20	51	38	71	54	35	69	40	67	67	46	49	82	28	49	33	89	4	95	34	78	94	31	36	49	59	66	63	44	14	31	18	36	27	71	20	26	89	77	39	19	5	89	43	48	19	75	51	93	45	79	1	3	92	99	13	36	0	58	39	9	46	1	41	67	13	91	42	48	49	5	92	16	47	93	56	64	4	23	37	52	22	66	49	54	79	82	36	73	52	72	19	98	29	65	20	36	79	51	6	92	32	31	79	68	27	86	70	35	98	69	13	27	0	23	27	39	13	72	77	48	56	6	41	15	40	60	0	43	54	70	22	58	23	36	39	81	85	36	31	51	93	71	62	41	89	14	96	62	15	61	12	84	40	52	48	58	43	35	90	10	25	58	78	91	92	32	89	52	71	67	95	96	38	97	77	27	86	32	4	28	58	25	57	37	16	64	37	18	91	56	43	86	64	90	44	30	40	29	35	66	56	88	25	45	61	0	67	60	40	86	24	20	65	66	2	97	20	22	18	10	95	56	17	65	72	34	79	65	19	3	49	68	34	56	63	20	67	21	44	57	75	36	58	83	76	94	98	71	0	18	52	27	81	7	23	93	46	57	14	32	0	97	74	87	36	29	87	30	31	18	79	48	53	4	56	18	53	64	20	5	78	22	88	66	30	54	9	71	56	31	62	32	45	73	88	10	6	34	12	66	73	36	0	38	91	20	35	52	79	72	17	92	4	30	11	33	89	74	23	69	17	97	77	40	18	92	66	1	73	60	28	9	35	23	55	31	37	68	81	22	35	26	47	4	94	53	48	18	78	87	7	58	90	20	28	76	10	73	83	33	38	86	95	57	33	98	11	61	21	80	53	73	32	97	67	89	24	38	49	99	28	30	99	72	73	45	59	17	56	65	34	52	7	60	59	15	15	75	54	79	83	91	60	30	89	33	57	59	43	55	2	5	7	15	64	68	97	85	28	58	16	81	0	6	43	88	86	11	72	48	43	81	79	12	13	90	82	16	43	90	88	11	11	74	66	63	19	91	27	9	13	26	80	78	37	92	67	24	70	76	14	56	37	74	94	71	76	42	46	90	34	12	23	35	89	52	3	24	51	46	70	0	78	88	49	70	29	60	91	94	7	87	53	95	98	67	19	7	26	87	15	58	77	16	93	37	33	36	15	57	74	73	37	14	48	13	86	23	20	33	43	23	86	45	60	93	52	30	53	98	39	25	22	60	16	13	95	77	50	8	63	33	55	65	4	43	42	81	23	59	29	79	63	78	4	35	68	52	36	80	4	83	38	84	50	36	14	0	42	38	0	36	62	20	88	72	62	88	77	24	41	53	62	84	2	52	17	37	26	41	23	27	52	88	84	76	1	52	37	22	50	50	85	31	43	24	29	48	84	15	66	82	52	54	64	15	8	46	68	35	0	22	2	51	62	26	60	35	25	66	3	93	27	25	67	74	93	62	78	50	28	33	44	63	5	68	51	34	36	18	95	63	22	99	73	83	60	10	27	35	34	84	1	9	9	96	14	43	60	32	50	0	12	31	46	65	92	44	58	58	5	28	72	94	28	48	91	60	91	94	64	48	43	3	86	16	89	14	43	33	78	57	35	72	19	58	83	99	8	82	72	35	25	53	55	17	72	54	72	89	79	44	62	60	2	47	25	65	89	72	12	46	29	93	99	15	77	25	92	7	54	75	19	35	65	13	90	3	49	24	1	21	25	97	7	2	97	86	67	67	57	2	51	65	82	13	35	71	98	3	62	63	59	56	39	55	60	71	24	84	37	51	46	38	63	58	89	65	14	76	16	0	88	17	47	30	88	10	20	2	24	70	26	19	93	89	4	18	23	40	32	67	40	94	84	72	0	96	96	38	20	14	22	56	14	12	49	55	97	94	14	92	13	55	1	99	46	28	52	28	16	76	74	0	52	5	56	66	50	39	88	10	55	28	2	53	4	80	29	7	59	92	11	51	26	35	15	87	8	84	25	94	46	12	6	6	58	78	20	37	43	44	13	97	4	50	50	28	44	54	17	65	35	74	3	45	69	8	86	64	73	93	97	77	12	40	50	41	69	61	60	44	48	32	42	49	16	17	69	62	65	95	57	92	33	90	25	49	11	59	47	15	78	43	8	2	80	31	89	63	42	1	17	0	66	77	45	15	1	60	27	77	78	4	59	70	1	1	20	21	74	2	54	19	48	92	45	26	10	67	50	7	35	26	22	34	56	45	67	37	23	77	58	84	34	57	50	57	38	55	94	12	54	4	31	27	85	80	9	21	26	32	84	74	48	57	95	62	11	79	79	91	29	4	21	20	50	34	76	97	82	0	29	31	61	83	75	91	80	40	53	61	93	32	14	34	46	63	46	17	79	12	49	46	90	39	75	80	86	50	34	62	55	58	8	51	99	46	4	75	10	81	0	35	26	48	6	21	71	3	73	65	20	19	91	5	23	16	80	52	97	75	7	16	80	41	69	85	5	15	18	65	34	44	53	78	19	67	40	86	42	25	65	96	28	58	37	0	23	70	33	64	65	20	9	19	11	74	82	21	59	19	44	41	34	0	26	79	22	61	26	24	71	32	59	21	29	68	23	19	95	46	34	41	88	45	91	22	58	89	31	53	55	98	90	94	15	31	85	40	71	33	75	92	53	36	78	74	62	97	16	92	9	19	1	69	97	75	99	40	67	73	32	78	56	6	54	33	69	68	80	65	29	85	17	9	24	68	80	94	52	5	15	28	96	95	38	35	95	93	44	61	19	31	89	47	29	88	2	61	35	36	10	80	87	1	94	48	17	20	42	23	29	94	47	88	34	39	27	35	20	69	43	1	62	51	4	80	78	42	39	55	97	33	85	31	40	73	2	97	13	27	5	85	40	30	91	83	44	35	54	80	43	53	52	58	67	13	27	5	87	24	93	17	23	60	82	56	67	77	4	27	62	49	73	11	49	10	50	18	6	97	74	0	27	49	52	65	31	91	66	18	12	98	76	99	57	32	1	52	97	85	71	44	33	19	95	51	91	18	61	1	50	14	83	11	34	48	63	11	24	36	77	20	12	14	34	28	56	30	85	69	79	90	51	32	37	70	92	89	53	64	65	88	68	22	83	6	11	62	85	95	69	79	26	39	90	30	95	63	65	67	18	61	67	95	46	57	1	15	58	75	9	32	44	26	46	73	58	61	69	61	97	91	32	49	23	7	37	74	9	82	3	92	11	69	1	28	44	37	88	46	80	50	16	7	17	67	24	66	0	20	32	11	52	37	41	67	37	36	41	48	99	54	82	40	3	24	67	37	70	16	18	88	66	79	39	96	72	56	23	99	81	86	66	90	95	16	47	51	17	98	21	62	47	60	9	63	83	0	37	41	44	58	49	17	88	57	8	43	77	67	9	42	57	91	85	92	33	12	14	78	87	8	57	81	57	0	51	95	53	40	79	
1	16	4	6	16	8	13	12	18	10	18	17	7	8	14	10	13	7	3	9	4	20	3	1	2	19	17	13	15	14	11	5	16	17	6	19	3	11	11	6	17	19	7	9	10	2	19	8	19	3	12	12	20	10	15	16	18	9	18	16	19	16	5	2	8	9	1	7	7	2	6	16	7	19	2	1	2	5	13	1	2	2	9	3	11	10	11	9	5	10	7	16	7	8	10	13	1	16	10	4	4	19	4	7	5	19	1	12	5	20	17	2	17	3	5	6	14	10	7	7	1	17	4	9	4	9	8	16	14	20	9	10	14	10	20	20	19	8	13	2	8	20	18	11	16	20	8	18	5	19	6	3	12	12	5	9	5	10	12	5	14	4	14	3	11	2	2	7	17	17	15	11	12	3	4	19	11	3	3	4	7	12	4	16	18	17	8	11	5	5	20	15	17	18	14	20	3	14	13	15	7	4	12	18	19	6	19	2	7	13	3	15	5	10	2	18	18	18	3	17	15	10	17	8	12	7	12	5	15	2	2	16	17	12	14	19	14	17	17	4	10	14	12	10	7	4	16	17	3	13	6	10	1	11	16	10	4	5	14	9	11	18	18	20	1	2	4	18	20	14	13	6	5	15	15	17	20	7	10	18	12	13	12	16	17	8	1	20	19	19	2	4	9	13	1	17	18	18	10	16	16	8	18	9	16	2	19	10	15	2	17	19	2	2	6	18	10	6	18	4	19	11	11	9	20	2	20	15	20	16	5	3	18	10	20	9	13	9	16	15	15	7	18	13	13	16	9	5	8	1	17	4	17	15	8	15	8	7	17	6	4	2	4	2	8	14	7	14	2	2	2	17	12	5	7	1	9	19	18	18	7	5	4	18	7	8	15	9	13	13	15	18	16	9	1	11	12	6	7	12	9	16	14	4	5	4	1	9	14	7	19	15	19	14	17	16	10	14	6	17	20	8	14	14	5	14	7	9	8	4	16	7	17	14	10	8	4	7	20	10	19	3	2	10	4	16	14	15	12	3	3	5	1	12	11	16	10	9	8	7	2	14	14	16	14	9	2	15	13	9	10	3	13	3	16	3	13	6	14	14	7	4	14	12	12	6	13	5	12	13	12	16	14	3	12	13	15	8	6	4	6	7	16	14	11	1	15	16	13	6	1	15	7	9	3	14	5	6	3	9	8	3	6	5	12	12	15	4	3	7	13	16	5	5	11	6	13	12	7	12	13	5	5	13	4	4	14	5	5	3	16	11	9	8	16	5	9	1	5	13	14	6	9	16	12	5	11	8	15	8	2	3	11	16	14	1	14	8	7	2	15	16	3	3	5	10	15	11	5	10	6	10	15	4	5	10	6	4	12	7	13	3	2	5	16	10	16	5	12	6	3	8	14	13	11	9	3	11	8	5	14	9	4	2	3	12	3	7	15	5	4	15	12	13	11	13	9	10	1	16	12	5	12	16	3	7	4	5	10	15	1	1	14	12	7	6	5	10	4	5	4	9	2	9	8	3	7	16	1	1	9	1	5	3	5	10	6	5	13	7	4	14	16	6	2	8	15	9	11	9	2	6	11	14	12	10	7	11	7	8	14	3	14	3	10	12	12	8	3	16	5	3	1	2	1	9	8	16	2	1	9	12	3	14	9	2	6	9	7	7	3	6	10	6	10	5	16	10	8	8	14	4	4	11	15	7	9	4	2	3	15	14	6	10	1	12	13	14	11	3	2	1	3	11	12	14	14	15	2	7	1	12	13	1	16	10	2	5	15	7	12	8	3	8	11	15	6	10	8	13	3	9	12	13	7	16	12	4	10	10	4	4	7	7	14	13	5	1	13	11	11	12	3	8	10	11	2	16	4	15	7	10	7	11	8	15	11	2	2	13	13	11	10	8	7	2	7	11	2	11	9	2	10	10	4	1	4	8	11	1	7	7	12	14	2	2	14	1	5	2	3	9	4	5	5	7	13	16	10	6	5	12	12	4	2	9	15	4	1	11	14	10	15	12	10	6	10	12	3	2	15	4	13	15	15	8	9	10	9	4	11	4	12	16	4	14	12	4	11	9	9	12	4	13	8	5	13	12	4	12	12	8	7	13	4	10	15	14	10	9	4	9	5	16	15	1	9	14	7	1	14	8	10	7	3	5	3	11	14	5	5	16	14	11	12	2	9	14	6	5	11	11	15	5	15	16	3	7	7	4	15	14	9	8	13	1	9	6	15	10	9	10	13	9	10	6	13	9	2	15	1	8	3	2	3	10	2	3	13	9	5	13	3	1	10	12	9	7	10	11	12	6	8	10	6	3	11	15	6	3	2	15	11	3	6	10	5	7	6	4	4	16	14	12	11	10	6	7	10	12	15	5	1	1	4	1	1	9	13	8	12	6	5	12	4	2	9	16	4	13	9	11	3	9	9	11	16	3	13	5	11	7	11	2	2	3	1	9	3	2	13	1	15	1	12	7	3	10	16	13	5	12	14	16	1	14	2	13	9	14	5	3	6	8	14	15	2	5	12	2	7	10	15	2	1	9	9	15	2	10	4	1	6	12	13	3	4	13	7	11	4	6	10	16	12	8	14	6	1	16	1	4	1	3	11	16	4	8	6	10	14	16	5	6	2	8	11	11	6	12	15	14	2	12	14	6	6	14	1	14	16	9	7	13	6	3	12	15	13	10	14	9	2	7	16	10	2	3	10	10	9	14	7	4	12	16	16	14	12	14	7	4	11	4	2	13	13	13	9	8	3	5	9	10	14	14	16	2	4	13	7	15	6	14	6	9	15	2	12	4	7	16	16	8	8	6	2	12	16	10	16	1	14	4	14	12	14	16	11	12	5	16	11	2	16	13	4	10	3	12	4	9	8	7	6	1	3	16	6	10	2	13	11	13	8	6	16	9	9	15	9	10	2	1	13	9	6	13	7	5	14	15	4	1	8	16	9	6	15	13	8	1	8	4	14	6	13	4	6	5	10	5	13	3	3	7	1	14	5	3	10	1	4	15	13	8	8	9	1	4	8	2	10	16	4	4	8	4	1	11	15	1	13	2	9	16	5	8	11	11	9	10	1	2	10	12	6	3	16	9	13	9	14	5	16	10	4	14	12	6	2	14	4	11	9	3	12	2	14	2	16	6	10	8	15	11	7	6	14	15	2	12	14	11	16	5	2	7	1	11	11	16	5	4	2	8	14	14	7	11	4	8	12	15	15	9	9	15	12	15	5	3	10	7	8	10	9	13	3	11	3	15	16	4	7	8	14	7	14	15	3	3	14	7	10	3	5	16	8	4	7	9	12	8	8	1	12	15	16	6	4	7	14	12	16	15	4	9	1	2	13	8	15	1	11	15	13	3	16	12	11	15	1	3	2	11	9	2	11	10	6	11	4	5	9	11	10	9	10	11	15	10	1	5	9	12	4	7	11	2	16	4	3	7	3	11	7	16	14	2	9	14	8	2	9	3	7	5	16	10	4	3	14	14	10	10	14	3	1	9	13	14	7	9	11	14	12	13	5	15	1	10	9	5	5	8	4	7	6	11	6	10	10	12	2	3	12	8	4	3	13	5	9	10	7	1	8	1	16	7	13	5	7	4	4	15	11	15	15	3	16	11	13	1	12	9	7	3	12	11	1	14	2	7	7	10	1	16	13	2	1	9	8	8	14	5	3	13	16	2	14	5	12	3	9	16	15	7	10	10	13	15	16	15	4	7	5	6	16	10	1	14	5	1	11	10	8	4	9	14	2	2	4	2	7	13	13	11	1	5	8	10	8	7	16	9	2	4	6	14	16	13	3	7	8	8	9	7	8	9	1	1	14	10	12	6	14	14	2	16	15	8	13	6	15	10	7	3	2	13	8	4	15	5	5	5	15	14	11	7	7	6	4	14	11	11	2	2	9	13	9	9	8	5	15	3	12	15	10	12	8	15	3	8	15	16	7	3	12	15	7	12	15	4	2	13	16	12	15	6	13	1	11	10	8	13	15	10	10	7	9	4	4	1	11	7	10	1	13	8	1	6	8	11	8	2	2	4	14	12	7	7	6	9	14	1	6	10	11	16	11	1	13	8	2	1	9	15	1	12	9	4	14	6	10	15	11	9	14	2	11	14	6	1	14	14	2	8	1	6	6	16	1	11	16	6	6	14	4	2	4	5	12	10	10	4	15	13	9	9	5	12	3	6	8	2	4	14	4	9	12	12	11	8	8	14	2	3	12	14	11	3	1	15	4	5	6	1	12	1	5	6	11	12	5	16	12	2	4	16	8	12	11	1	1	12	4	12	11	15	16	9	9	9	16	14	10	14	2	12	2	4	8	11	5	12	1	4	6	15	13	10	14	16	11	6	9	8	1	14	3	16	10	1	2	12	7	7	9	4	15	14	7	6	10	14	13	10	3	6	3	8	2	10	11	1	2	16	10	5	2	11	3	7	14	12	5	13	7	7	16	2	7	16	7	7	10	14	4	11	14	8	1	2	8	10	14	14	1	13	13	15	16	2	15	13	12	16	14	11	7	4	7	5	3	4	10	4	13	13	10	16	2	14	16	9	7	16	13	6	12	14	3	2	10	8	14	8	1	16	5	4	5	7	11	9	2	6	16	2	14	15	12	3	9	14	9	7	2	2	6	1	15	9	5	6	12	4	1	8	4	9	14	8	9	4	6	1	16	2	1	12	2	1	7	5	13	7	5	11	9	8	8	10	1	14	10	2	8	14	6	13	12	11	1	15	14	5	10	6	5	7	14	15	5	10	13	8	12	15	2	5	7	8	2	9	11	5	14	11	10	6	14	16	3	16	9	9	2	11	7	3	12	12	15	14	14	4	12	9	12	5	12	9	14	2	1	7	4	4	5	7	1	9	7	11	10	6	16	16	5	16	8	13	14	8	12	14	7	2	1	3	10	14	11	13	3	12	10	6	15	9	15	13	2	12	15	12	2	1	4	11	7	9	16	8	4	1	9	13	5	13	2	2	4	14	11	1	9	6	2	16	9	3	15	11	2	7	2	4	9	3	15	7	8	16	6	3	9	8	16	6	16	15	14	1	10	4	14	7	3	3	9	11	13	3	11	9	9	3	6	16	9	12	11	3	6	14	16	2	13	14	6	5	11	13	15	5	11	9	10	8	8	5	2	11	2	10	4	16	12	15	1	8	2	14	16	13	6	9	4	14	12	3	16	15	12	11	8	1	15	4	10	4	5	8	5	3	15	7	16	15	3	3	16	11	11	6	15	11	15	15	4	1	8	7	12	3	4	8	2	5	11	8	11	2	8	9	13	12	11	2	3	2	15	6	16	4	13	14	11	16	10	11	10	6	9	10	13	1	7	12	15	15	9	1	8	12	15	16	5	8	14	16	2	2	13	1	11	2	16	15	6	1	9	11	5	9	8	2	10	1	7	10	8	9	9	2	4	11	3	9	9	8	14	8	14	8	4	10	10	3	9	16	10	13	12	8	7	11	15	8	2	5	2	4	12	16	8	16	11	5	1	8	12	6	7	14	13	9	7	11	3	15	6	7	1	15	12	10	9	3	6	4	6	4	5	1	16	14	11	1	3	7	1	16	8	9	3	6	14	15	3	12	6	12	4	14	12	16	15	6	2	9	12	3	15	10	15	14	10	13	4	13	5	3	10	2	9	13	10	11	12	6	14	9	8	5	14	1	15	16	3	8	7	3	3	16	7	7	7	16	12	11	13	13	14	3	8	6	4	14	6	14	15	11	1	9	15	13	8	4	10	12	4	13	8	14	4	15	10	11	4	3	8	12	13	16	3	4	16	5	9	13	1	15	4	13	9	16	11	3	7	12	1	3	2	2	16	5	1	4	13	1	11	12	12	15	12	16	13	5	12	3	4	13	13	4	11	1	8	7	8	16	11	13	7	13	6	1	5	11	5	14	2	12	5	9	6	6	1	10	6	7	11	16	10	12	11	10	6	10	16	2	2	10	9	12	13	14	3	4	13	2	16	9	3	11	3	7	10	16	10	12	11	16	1	3	10	2	2	6	3	3	6	11	14	8	7	10	6	6	5	15	12	5	8	9	9	15	12	6	2	12	2	11	4	16	8	15	11	1	2	13	14	3	10	1	7	2	1	16	6	11	1	11	1	9	7	14	11	2	12	13	5	12	1	10	1	8	14	1	13	10	12	7	1	4	8	12	11	11	5	9	7	13	12	11	10	6	16	16	13	13	2	13	14	16	2	6	15	8	16	11	9	10	4	13	11	15	15	5	5	11	2	4	14	11	8	8	7	11	13	10	7	6	4	14	15	14	16	5	3	3	10	11	6	9	8	1	2	9	3	7	1	10	9	9	6	3	11	1	13	12	11	6	12	9	10	7	6	12	4	8	13	10	5	1	15	3	2	14	2	12	5	5	9	4	12	3	6	2	8	1	15	9	5	10	6	13	3	3	16	4	5	8	6	4	6	3	3	15	16	8	15	15	8	13	11	3	15	6	2	7	14	8	10	10	5	4	16	8	6	14	12	3	10	7	1	2	1	11	3	13	10	6	16	12	14	2	7	5	8	8	9	15	10	12	1	6	9	9	6	3	9	9	8	5	2	5	2	1	9	3	13	13	8	10	1	14	10	6	8	15	3	13	5	3	15	1	14	15	15	13	5	2	16	3	3	1	3	5	12	13	7	8	10	16	4	2	7	8	1	3	9	8	11	15	4	12	14	15	2	7	1	13	2	2	2	10	9	16	5	7	5	4	2	9	9	8	6	15	16	13	16	2	8	10	12	14	9	6	3	9	10	12	2	6	5	3	6	11	16	6	15	14	4	3	13	6	16	14	5	2	6	7	13	8	13	9	7	3	10	12	12	6	11	4	4	15	4	2	7	5	5	13	12	8	11	10	6	11	7	11	12	1	13	5	5	11	1	10	15	5	15	3	4	8	6	1	4	3	15	6	16	1	11	9	15	13	1	11	13	14	8	10	4	5	16	4	3	1	1	8	9	2	4	12	2	16	14	3	5	8	10	11	1	2	9	16	16	1	16	6	8	4	16	2	3	13	6	9	15	2	4	6	12	6	16	11	3	14	15	8	1	1	4	5	6	2	3	13	13	5	10	9	3	8	8	11	10	15	7	10	2	15	11	4	14	3	4	14	12	15	8	15	14	11	14	13	6	7	16	2	13	1	7	7	10	15	8	14	2	6	5	9	16	5	3	5	3	6	2	15	9	13	11	6	7	10	12	16	14	3	6	14	15	13	3	6	1	4	16	15	5	5	16	7	7	4	7	5	14	2	15	6	15	16	7	14	1	5	1	11	5	3	16	14	7	10	15	8	2	14	11	15	7	8	2	14	2	13	14	4	11	7	4	11	7	12	12	3	1	15	15	10	7	14	13	14	5	7	11	16	3	10	5	16	14	16	9	16	15	11	7	2	7	3	13	16	11	13	4	2	8	15	8	16	11	8	10	6	13	6	4	5	3	8	14	1	12	1	13	7	16	3	4	7	13	5	2	8	14	8	15	16	2	16	15	13	7	13	4	6	2	4	4	15	4	4	7	12	3	7	7	12	10	13	16	13	16	1	3	2	15	8	12	15	12	15	10	15	10	14	3	3	13	9	2	2	11	16	13	12	1	12	8	3	1	10	6	4	13	15	2	8	8	16	1	12	15	4	9	16	2	15	16	11	16	11	6	7	11	13	12	1	7	15	14	8	16	15	4	2	14	1	14	14	9	1	16	1	16	1	12	6	8	13	10	5	6	4	11	8	1	9	11	7	1	4	4	9	1	3	15	7	1	14	9	6	16	13	10	13	8	14	14	1	6	13	14	1	7	16	6	16	12	6	7	5	11	11	6	2	15	2	5	13	9	16	8	3	1	10	6	9	14	4	6	4	12	10	1	2	16	11	10	3	1	4	16	10	13	6	6	5	9	13	2	9	10	13	3	10	4	1	11	15	9	2	3	3	6	12	4	16	9	7	15	13	6	13	15	7	8	6	14	3	11	12	10	16	7	10	3	4	15	10	10	2	5	11	15	7	5	13	7	10	9	1	1	10	6	16	15	6	16	9	6	9	5	9	6	10	4	16	14	16	1	15	12	7	6	10	2	4	13	9	16	14	2	14	3	16	6	10	6	12	5	14	5	13	1	2	8	16	15	5	10	1	12	3	16	9	16	7	10	7	4	11	1	6	13	11	13	6	8	1	4	8	3	11	6	16	8	4	14	13	14	5	6	11	4	1	8	1	9	14	10	3	5	9	4	11	4	8	7	9	16	2	11	2	15	6	15	9	16	11	6	6	12	10	10	13	13	7	2	9	16	13	11	9	14	13	5	11	14	15	6	2	6	13	6	10	11	16	12	15	14	16	2	15	13	12	10	9	6	11	11	12	15	6	13	3	12	9	10	14	9	9	9	11	3	9	5	11	8	3	12	3	2	2	10	15	2	16	14	10	11	11	6	14	15	8	3	11	15	10	14	2	4	9	2	3	6	6	12	10	14	2	1	4	7	5	7	7	16	7	11	3	12	16	7	7	9	3	16	12	12	5	4	11	10	13	16	7	11	12	5	13	14	1	12	5	1	3	10	3	13	14	16	9	13	11	2	12	2	9	5	3	9	1	12	7	12	11	16	1	13	16	4	6	9	12	2	14	8	7	16	7	5	14	6	16	2	14	8	9	11	10	4	3	6	5	5	2	5	3	12	9	10	16	10	4	14	16	4	10	9	10	12	5	15	13	9	11	13	4	2	12	11	12	7	13	10	15	8	7	4	11	2	6	13	15	16	10	9	15	4	13	14	8	3	3	10	16	4	7	2	1	1	2	8	7	12	7	2	13	1	10	2	5	9	3	16	1	12	1	16	1	14	5	1	7	16	16	10	8	3	5	13	8	9	1	7	12	8	3	6	13	14	6	9	11	10	15	6	8	3	1	10	14	16	11	14	11	11	10	8	15	2	10	13	8	10	6	6	5	14	14	12	5	4	6	14	1	10	15	1	6	2	11	16	7	14	12	14	14	16	7	2	10	11	3	4	1	14	10	8	8	15	6	8	7	14	6	15	13	4	7	11	10	11	13	16	10	10	13	1	11	12	8	2	5	11	7	13	11	12	15	5	11	16	7	11	2	15	6	7	15	8	3	1	9	7	10	15	11	6	8	12	2	10	4	9	11	2	2	9	8	7	9	5	1	3	3	16	16	6	15	3	9	8	16	9	3	3	13	13	13	6	11	9	5	1	8	9	14	16	11	3	11	3	8	15	15	12	1	1	1	3	5	4	5	11	3	13	3	4	5	16	14	2	6	9	4	3	6	13	3	2	16	16	9	1	5	10	5	1	13	11	16	4	7	6	6	9	6	10	13	2	13	1	1	5	5	8	8	9	1	12	1	11	16	6	12	15	14	2	4	11	12	10	6	15	16	11	4	11	3	14	12	12	10	8	8	2	4	14	11	10	12	13	3	15	1	14	4	1	11	3	3	11	15	8	13	7	14	15	4	4	2	9	16	8	12	11	4	8	13	12	9	13	9	1	16	10	8	14	5	6	4	7	3	15	13	4	16	9	10	9	2	1	11	16	9	16	16	9	16	4	2	5	10	14	8	4	16	10	6	16	15	13	4	2	12	1	8	15	13	15	2	4	1	15	13	6	5	16	12	8	13	8	5	7	5	12	10	14	5	1	3	2	6	3	10	16	5	15	16	5	16	12	9	6	12	12	10	12	8	11	14	1	13	8	11	12	15	11	11	15	9	11	10	3	5	12	8	15	1	6	9	10	16	4	6	13	3	7	10	5	11	2	3	12	11	7	9	6	1	14	11	15	10	9	7	4	3	10	7	10	6	12	7	4	8	15	4	6	16	14	13	16	2	15	6	5	8	10	1	7	1	5	15	12	9	1	9	4	13	11	16	3	8	11	11	16	15	10	1	6	14	11	8	1	12	13	16	7	10	8	5	10	4	13	13	4	16	7	16	4	8	2	11	15	5	10	10	1	3	15	1	2	15	6	9	12	16	16	10	8	5	14	16	14	7	13	16	1	13	11	13	13	6	1	11	6	8	6	9	2	5	10	16	2	2	13	9	7	6	16	15	4	3	2	10	11	1	11	15	10	6	16	2	13	
660	370	150	310	1000	750	610	400	840	910	590	270	580	740	700	250	310	750	590	350	500	140	670	330	150	810	700	560	510	550	180	300	630	730	300	330	570	340	670	980	300	230	640	930	890	740	470	760	130	190	340	360	160	190	610	890	390	600	520	280	640	320	980	730	740	570	390	470	420	100	170	920	510	810	610	160	130	360	670	130	180	180	840	310	710	420	230	650	980	490	230	310	490	970	950	720	250	950	520	580	750	850	1000	320	610	310	430	180	380	190	230	940	660	930	390	840	260	280	720	410	870	170	450	150	530	790	330	380	180	940	630	420	750	620	490	180	550	340	780	240	750	820	400	790	230	300	510	330	770	990	430	730	560	470	930	200	200	170	130	650	170	290	1000	650	840	600	940	200	870	450	500	440	110	280	540	520	910	580	510	960	950	290	980	920	250	940	770	860	470	380	920	810	240	810	740	230	710	120	460	800	660	480	770	1000	910	520	540	580	590	610	710	730	760	890	660	290	120	880	620	240	120	800	450	190	670	750	810	200	880	830	810	800	220	370	730	980	710	190	390	150	390	920	550	560	430	980	880	880	740	760	490	150	600	800	790	850	1000	900	630	260	820	100	310	250	910	240	450	360	970	660	1000	660	590	680	460	990	330	920	610	860	390	880	660	260	230	380	300	970	860	280	250	310	530	640	150	300	890	730	510	510	130	890	710	330	640	520	270	550	230	270	830	880	340	860	140	470	320	320	670	140	440	500	480	330	990	630	260	290	120	170	700	540	490	440	210	780	180	950	410	920	780	770	330	660	980	470	390	340	380	300	590	820	300	160	940	870	100	580	330	680	830	890	540	170	740	750	940	730	700	820	600	690	650	940	480	750	330	280	190	490	230	830	680	840	100	910	350	740	260	100	880	380	940	670	570	780	520	570	780	750	950	560	520	470	410	640	960	870	600	900	980	580	360	760	570	810	320	470	290	410	980	670	800	830	940	100	580	280	420	430	260	470	680	770	720	910	780	290	570	580	720	1000	560	320	510	520	850	530	550	460	890	160	530	700	700	420	890	740	330	990	420	370	630	290	630	870	620	980	520	1000	180	860	330	240	350	360	310	880	550	820	720	770	480	830	250	930	420	460	580	640	220	570	960	660	890	970	160	600	630	1000	550	310	320	460	250	270	420	600	660	1000	810	920	780	990	350	130	400	790	560	980	600	370	290	360	630	580	770	270	860	790	680	610	700	730	820	670	330	120	710	750	110	450	140	270	990	440	520	780	150	760	370	630	100	170	570	910	170	430	550	900	330	180	240	600	540	460	360	210	240	240	300	100	570	220	430	970	190	410	980	650	930	800	660	520	740	710	140	750	780	460	370	960	140	180	500	330	640	710	290	1000	510	880	810	950	730	440	840	250	490	220	230	750	160	210	890	490	450	990	230	700	980	400	860	390	480	820	790	960	980	240	520	850	400	620	120	100	960	630	190	150	860	790	300	800	630	830	900	750	300	500	470	710	430	550	530	650	260	680	200	790	870	420	400	420	700	750	690	270	410	630	780	400	150	900	810	500	990	200	490	460	630	900	850	620	490	900	670	840	890	350	120	730	840	380	440	190	790	540	510	490	390	730	650	310	970	220	460	500	800	980	870	660	520	270	400	310	120	340	340	380	360	890	430	610	620	480	350	250	910	960	910	790	510	470	870	160	910	140	350	450	350	800	1000	320	820	440	650	830	770	210	990	210	800	720	130	610	560	270	130	840	580	610	310	360	170	910	780	200	160	590	410	220	230	620	580	670	730	450	720	690	410	160	720	680	960	590	770	480	990	550	900	960	290	810	690	850	340	110	390	590	850	930	420	110	840	110	630	300	420	620	840	800	380	110	430	680	680	540	530	970	990	470	270	350	210	640	230	540	950	910	1000	440	310	750	590	650	890	340	980	830	170	700	480	990	120	590	820	920	500	750	370	890	470	410	520	160	240	570	300	410	910	820	490	620	160	670	740	300	430	220	900	1000	980	480	430	450	910	140	890	430	590	330	880	690	840	160	380	170	480	1000	840	470	820	370	620	210	450	480	940	120	520	740	430	670	440	260	320	580	230	650	950	380	220	990	970	230	970	480	760	650	850	620	160	990	840	650	960	910	600	930	820	960	770	720	270	910	900	390	140	980	700	610	960	590	720	260	910	920	760	460	640	900	420	230	890	410	480	180	1000	300	710	400	900	100	850	810	860	600	990	180	780	400	570	330	330	900	510	960	440	840	770	780	160	880	690	220	760	570	970	1000	260	480	290	740	950	720	480	630	730	530	690	700	340	640	270	140	990	410	870	420	750	160	510	450	110	990	960	280	600	550	670	180	630	930	290	470	300	430	180	990	960	740	470	950	130	200	1000	140	950	290	260	290	160	440	610	260	910	710	530	140	480	480	220	990	370	670	700	180	320	300	960	920	630	350	450	400	160	700	680	260	930	110	760	850	670	820	310	860	350	700	160	440	380	890	700	110	180	860	490	560	730	160	250	330	930	240	460	310	160	170	160	340	390	340	900	210	450	420	890	760	490	480	880	290	940	640	600	720	180	460	290	590	690	760	880	310	420	280	120	850	650	290	150	590	190	260	500	820	340	960	130	370	160	610	180	690	420	870	790	230	200	190	490	470	400	1000	170	620	620	850	350	720	650	120	250	600	720	350	330	400	350	920	340	130	550	250	460	420	180	700	510	770	680	590	760	210	570	870	240	460	690	960	760	830	900	410	620	100	720	920	540	260	550	290	720	620	300	920	540	700	730	200	810	780	970	290	350	800	460	590	840	840	440	520	100	610	660	180	540	950	350	240	920	440	980	750	930	600	490	240	600	220	920	630	770	650	400	210	570	950	390	970	350	570	290	840	450	650	460	510	950	860	420	690	200	560	710	320	690	400	770	700	950	830	420	840	440	180	570	770	690	150	790	570	940	600	680	710	730	490	460	120	340	710	100	550	760	500	410	780	580	730	860	760	280	580	210	760	110	870	820	790	280	480	480	690	260	990	430	330	280	980	260	740	120	150	260	720	200	760	820	730	700	900	830	920	220	750	370	420	320	330	410	590	690	140	220	390	160	200	480	330	690	870	830	520	480	360	490	200	180	510	680	130	280	520	740	760	830	260	640	190	600	500	970	420	650	130	230	320	310	610	270	900	380	510	870	820	490	170	870	810	190	570	280	660	610	870	190	240	660	500	750	560	640	520	270	440	540	620	1000	200	210	260	120	120	630	680	330	280	310	750	220	990	970	560	800	420	310	160	680	780	100	950	180	620	420	150	700	560	300	490	420	220	990	810	840	580	310	970	250	560	550	190	800	810	160	410	660	590	500	390	480	320	200	700	290	870	900	690	280	520	120	290	420	890	230	540	390	140	810	480	580	110	800	200	230	300	100	310	210	980	310	160	910	680	750	740	620	120	340	160	710	420	460	370	460	800	530	190	640	990	470	430	460	700	750	710	800	370	330	810	570	570	210	170	840	610	730	630	870	960	870	760	750	900	620	780	880	690	430	300	710	680	530	430	420	410	990	310	620	750	440	120	100	340	840	920	880	370	240	420	600	850	240	940	370	750	290	550	270	800	220	830	410	680	740	370	530	310	980	410	560	560	350	150	960	970	630	980	330	910	870	770	530	750	190	490	590	310	360	590	160	910	300	690	980	180	160	760	400	390	770	250	1000	620	910	640	990	560	740	740	220	860	780	170	370	140	380	560	650	320	440	780	510	800	390	590	370	560	820	790	300	110	500	470	810	780	450	590	760	980	240	290	760	600	120	500	210	100	250	590	430	140	450	840	650	160	120	660	370	830	250	610	660	270	850	830	870	630	360	910	260	980	190	990	500	170	600	280	470	400	520	490	270	820	390	440	390	280	980	850	930	510	130	910	960	750	970	690	170	370	100	170	110	610	600	390	190	860	910	990	830	270	100	350	1000	880	880	560	390	840	310	480	730	590	290	450	680	700	430	220	540	300	330	800	450	380	970	840	120	510	620	570	100	730	960	570	830	500	800	130	620	530	700	990	500	640	930	740	330	410	750	750	600	660	710	270	910	600	790	590	920	440	450	740	870	250	990	670	340	900	920	880	100	510	440	220	110	790	830	660	590	570	890	550	900	130	610	810	400	350	190	230	230	310	130	230	170	470	490	680	240	750	790	310	710	550	200	110	360	680	650	200	580	970	490	610	950	940	680	180	260	970	390	690	390	700	960	120	370	700	880	410	870	870	540	490	390	570	130	510	210	240	630	810	530	600	530	440	260	530	850	940	330	450	440	280	570	640	750	650	570	320	550	190	100	910	670	250	160	610	680	210	880	170	330	390	640	710	590	350	890	620	410	870	280	670	450	770	620	240	540	900	810	410	460	430	840	950	740	140	590	180	790	350	130	200	740	790	510	610	170	470	290	790	260	120	460	930	410	110	980	210	650	670	850	990	990	120	520	380	170	490	910	930	290	110	250	850	910	310	920	680	570	220	790	410	760	670	350	520	250	780	220	680	700	410	650	340	1000	700	860	880	970	580	920	430	210	590	180	740	880	360	640	790	570	430	940	990	970	240	210	1000	970	600	800	220	250	940	880	260	810	670	300	390	380	210	270	170	740	900	570	250	720	190	430	980	390	280	900	330	370	510	860	120	720	630	290	480	250	490	590	430	930	640	140	430	310	820	730	340	850	650	270	770	700	640	990	680	290	260	480	500	340	470	220	690	750	240	280	980	950	580	890	410	920	330	290	430	140	870	230	690	870	940	460	290	790	200	650	880	850	800	870	200	980	540	230	620	840	940	920	450	500	960	860	940	920	650	860	930	500	300	550	660	250	650	410	810	970	360	560	760	960	250	530	770	710	250	550	750	950	760	840	680	870	690	660	780	260	390	140	660	440	660	930	630	960	840	630	910	290	140	800	480	670	210	500	210	920	270	500	260	480	950	960	720	730	680	990	150	270	110	710	640	360	740	820	230	590	370	140	810	1000	120	450	930	500	460	620	800	140	410	670	460	130	810	970	650	490	360	870	400	790	850	510	220	520	870	570	190	790	310	1000	250	810	670	230	350	250	880	970	720	270	360	450	370	570	830	480	650	170	480	880	110	310	910	100	250	940	790	940	910	480	930	240	410	500	520	460	330	970	680	340	960	870	160	670	750	410	470	890	370	160	120	860	900	690	720	860	790	560	350	960	610	170	930	910	940	820	280	760	160	290	560	890	270	1000	390	140	740	590	950	410	150	270	310	290	830	470	600	220	920	980	900	720	130	400	850	890	930	590	760	720	860	920	370	440	600	310	430	980	350	140	420	800	230	840	330	300	200	420	600	380	630	770	630	870	290	450	530	890	810	660	200	150	700	140	590	430	520	200	130	110	780	840	810	240	520	800	470	270	810	370	820	280	940	630	910	400	430	350	900	370	710	190	810	350	820	570	1000	200	640	390	390	500	800	480	660	890	390	320	330	610	750	600	680	640	650	390	910	650	200	530	280	110	790	570	140	720	890	450	890	870	440	730	470	280	640	200	670	350	580	500	610	380	940	210	890	990	620	130	860	100	820	990	740	160	960	600	620	200	750	960	470	900	740	180	880	970	700	700	920	300	400	590	980	860	320	150	310	270	850	240	620	780	1000	620	650	880	830	420	770	410	960	310	270	710	210	420	980	880	550	540	560	240	720	130	860	320	260	340	770	350	370	730	920	590	380	380	350	480	840	400	160	290	750	910	170	820	600	310	220	140	390	230	580	250	150	250	400	910	660	180	180	960	590	760	210	670	420	170	670	990	140	190	900	830	460	890	690	140	500	950	380	670	290	290	920	350	770	360	720	570	980	950	600	260	810	430	250	620	230	420	930	500	710	270	690	600	100	810	250	790	180	420	190	870	990	490	240	430	180	940	610	260	660	930	200	790	190	110	100	270	480	230	170	540	590	410	560	660	610	850	530	560	450	390	150	840	970	240	680	650	840	770	120	220	460	250	890	990	760	170	440	470	140	690	220	350	880	150	420	370	820	370	760	140	380	150	130	720	140	770	250	500	120	950	940	540	500	120	670	420	900	510	490	760	720	170	350	260	510	960	400	560	890	110	650	420	600	530	900	110	710	990	960	200	950	100	290	220	770	330	910	820	560	450	780	400	540	240	910	920	710	370	640	440	330	340	460	840	340	860	450	470	140	910	240	390	930	140	440	870	760	690	930	160	400	250	340	660	600	270	610	300	740	320	660	730	260	760	910	730	760	570	620	980	640	270	530	250	730	550	600	790	890	380	450	810	250	950	450	480	790	270	610	990	290	300	110	480	800	290	510	470	960	710	410	880	760	410	560	290	1000	100	740	930	750	920	880	480	100	660	530	670	740	570	330	640	600	710	420	850	650	460	520	310	940	200	300	440	200	310	120	380	150	910	620	290	470	590	850	350	940	280	810	750	250	330	890	300	700	680	250	560	450	510	140	700	910	570	880	330	930	510	950	1000	900	220	450	960	620	210	120	370	370	940	540	870	870	930	240	630	980	150	970	620	900	580	870	770	930	550	630	530	120	470	750	380	950	280	180	840	140	210	220	360	220	770	530	100	840	650	120	240	690	930	1000	140	500	400	800	610	810	970	780	100	520	870	930	750	340	660	300	130	690	880	750	750	610	800	250	700	490	230	330	940	370	520	190	600	690	850	190	810	760	860	420	150	610	220	260	360	280	530	890	340	630	680	890	740	610	120	960	510	890	640	300	630	860	150	140	410	800	160	990	230	970	370	250	980	980	840	230	380	990	650	950	840	620	430	360	220	720	790	340	560	270	620	250	710	660	320	480	480	630	560	590	450	640	290	850	410	750	1000	220	300	620	960	530	340	860	800	650	340	360	860	790	970	250	870	110	500	750	730	320	380	180	700	620	540	620	360	870	630	690	850	980	840	260	400	400	530	550	720	220	630	510	980	900	990	700	440	710	750	220	180	840	710	990	300	230	410	860	190	450	730	910	540	510	640	580	740	790	920	960	420	600	100	160	980	270	640	560	640	300	690	590	910	550	400	860	470	130	330	920	840	820	430	1000	170	460	940	580	150	210	990	100	800	530	890	580	980	190	260	140	230	660	760	930	580	280	710	540	260	820	380	260	780	300	560	910	540	950	290	160	190	490	550	890	540	660	420	720	170	600	780	290	490	880	570	780	190	830	450	540	670	370	560	330	910	810	480	910	510	780	860	230	390	190	910	760	710	230	510	840	430	590	640	240	840	650	240	380	510	380	690	390	220	350	610	110	250	320	290	700	770	580	120	370	270	960	340	290	610	690	1000	430	600	820	920	700	570	890	970	200	670	200	570	640	750	560	450	110	650	620	870	840	170	660	960	690	1000	560	640	270	860	800	490	410	300	810	690	970	530	710	910	580	150	730	190	650	510	140	740	110	680	270	910	460	870	630	130	780	850	920	590	400	720	400	760	740	400	200	300	880	350	290	650	180	520	440	580	900	590	450	720	390	600	630	120	420	900	350	190	350	990	900	100	660	200	140	1000	930	560	280	740	750	940	150	110	750	480	480	380	340	990	740	280	760	920	950	200	930	490	690	760	530	320	740	610	620	330	200	570	880	890	410	400	190	400	560	500	680	200	310	530	860	570	170	560	670	640	640	770	930	300	350	710	490	400	970	300	900	260	280	970	600	560	110	300	430	650	380	920	750	290	690	520	440	630	390	310	740	390	870	240	830	150	190	840	500	350	290	480	280	400	910	750	100	700	780	430	570	490	930	870	560	350	370	680	610	290	400	130	560	330	490	230	920	450	320	610	500	530	190	320	620	960	660	660	830	100	550	240	370	290	520	270	380	220	210	850	420	690	560	700	760	440	290	360	160	110	110	780	410	270	650	390	330	100	560	430	260	660	770	930	120	390	420	150	460	380	390	630	380	400	690	230	660	550	300	350	670	970	240	620	540	230	970	340	270	630	920	420	140	140	990	300	120	690	160	190	520	750	960	950	500	640	240	580	640	440	770	500	940	980	120	400	940	150	990	880	560	520	140	520	340	910	230	700	430	920	320	210	980	510	490	120	950	720	380	180	870	290	500	670	720	730	690	190	370	390	210	580	670	380	730	720	940	120	620	810	650	680	660	200	180	450	440	270	950	640	610	330	440	350	270	740	980	240	590	130	140	790	780	340	770	440	170	590	140	680	530	290	900	610	180	870	300	100	850	430	980	160	580	880	550	940	370	540	870	140	320	970	220	810	400	470	110	470	790	330	160	870	290	990	950	460	350	960	560	100	980	380	840	560	820	750	810	530	170	610	470	940	280	850	220	950	900	760	320	410	480	690	750	910	590	250	500	940	500	410	290	340	500	570	390	950	760	280	780	100	230	710	410	240	660	870	610	490	370	140	470	190	330	880	310	510	600	380	640	360	440	970	260	140	770	630	950	860	170	160	230	210	210	400	800	240	250	780	770	520	350	690	170	230	430	270	640	770	410	930	200	770	410	580	570	330	450	230	840	460	140	480	930	750	1000	670	660	400	950	120	790	390	360	360	640	860	920	160	420	410	660	340	530	630	170	640	550	690	380	160	790	190	230	690	260	520	1000	540	600	480	270	360	320	750	450	810	830	650	960	660	970	390	430	490	120	940	730	780	420	900	170	240	770	910	140	720	240	730	440	550	610	810	210	890	490	380	910	490	660	450	110	170	270	800	680	670	620	320	210	350	650	410	390	540	730	790	340	570	590	900	640	600	700	300	330	930	900	320	710	780	640	550	310	680	550	680	430	1000	690	190	460	120	570	590	290	720	500	120	760	440	370	860	490	420	220	580	580	630	600	560	420	400	560	950	320	560	100	770	710	600	780	470	820	140	290	220	900	320	900	240	340	470	650	390	770	940	490	550	410	110	620	550	940	320	500	860	390	990	370	220	140	350	730	980	960	290	460	250	510	870	840	910	990	640	140	360	990	300	950	850	210	940	980	740	410	300	900	530	190	180	840	670	520	940	870	480	920	260	210	190	770	720	670	920	600	380	670	400	860	300	640	780	820	770	970	850	360	890	770	290	950	180	600	140	600	860	990	680	280	960	730	770	320	250	460	440	900	400	710	840	390	640	340	210	440	780	430	160	700	900	590	470	370	400	780	230	660	130	760	340	970	230	770	480	960	310	130	970	820	740	930	550	760	230	450	540	760	420	840	980	570	360	830	520	940	860	560	910	440	950	410	480	420	700	430	410	360	970	760	200	870	960	630	970	590	170	530	220	240	240	360	530	420	110	210	830	100	380	370	450	690	980	800	290	350	300	200	410	500	710	120	900	960	930	760	210	310	380	880	420	730	920	940	100	510	470	830	980	820	350	840	950	410	450	160	470	580	820	760	390	310	680	860	300	420	840	650	130	470	200	700	630	420	450	880	960	850	670	160	740	390	880	440	720	630	530	150	300	460	770	410	910	140	550	780	580	190	670	150	520	800	210	770	220	170	940	290	610	630	790	390	660	790	980	150	120	900	850	570	800	270	490	250	420	330	860	630	510	770	570	960	400	440	730	850	870	200	120	750	580	430	480	510	960	920	290	820	290	1000	220	620	360	480	390	580	470	830	280	920	280	470	220	190	910	180	860	660	390	870	430	500	330	700	850	370	520	710	380	830	690	650	120	380	880	710	590	980	400	790	470	120	430	370	130	900	820	990	690	360	820	840	140	430	760	300	880	440	340	650	610	820	310	110	200	280	360	880	860	560	740	390	330	1000	350	900	180	170	600	920	680	180	770	590	230	240	430	210	440	570	980	370	1000	810	320	560	1000	190	250	770	370	310	260	150	850	830	940	590	800	560	290	950	630	400	720	510	570	510	890	470	190	160	880	170	720	870	760	180	330	330	520	390	680	210	140	290	550	360	590	510	570	830	860	510	600	760	890	690	890	450	520	100	580	960	440	860	230	560	600	640	280	300	210	530	850	980	230	810	340	240	990	830	420	170	640	580	590	640	590	850	170	990	560	1000	100	680	890	990	840	910	850	820	420	320	940	910	760	880	730	780	120	590	400	890	520	260	440	260	340	510	680	340	840	930	130	970	710	750	400	750	790	900	760	330	520	590	630	310	590	330	570	320	950	980	690	120	540	130	840	760	290	370	990	300	910	680	210	850	260	170	520	140	900	780	390	560	690	840	150	750	820	
100
