3465
100
4
70
0	0	0	48	0	0	0	0	0	0	0	0	0	0	0	0	0	0	0	0	0	0	0	0	0	0	0	0	0	48	0	0	0	0	0	0	0	0	0	0	0	0	0	0	0	0	0	0	0	0	0	0	0	0	0	0	0	0	0	0	0	0	0	0	0	0	0	0	0	0	0	0	0	0	0	0	0	0	0	0	48	0	0	0	0	0	0	0	0	0	0	0	0	0	0	0	0	48	0	0	
0	0	0	0	0	0	0	0	0	0	0	0	0	0	0	0	0	0	0	0	0	0	0	0	0	0	0	0	0	0	0	0	0	0	0	48	0	0	0	0	0	0	0	0	0	0	0	0	0	0	0	0	0	0	0	0	0	0	0	0	0	0	0	0	0	0	0	0	0	0	48	0	0	0	48	0	48	0	0	0	0	0	0	0	0	0	0	0	0	0	0	0	0	0	0	0	0	0	0	0	
0	0	0	0	0	0	48	0	0	0	0	0	0	0	0	0	0	48	0	0	0	0	0	0	0	0	0	0	0	0	0	0	0	0	0	0	0	0	0	0	0	0	0	0	0	0	0	0	0	48	0	0	0	0	0	0	0	0	0	0	0	0	0	48	0	0	0	0	0	0	0	0	0	0	0	0	0	0	0	0	0	0	0	0	0	0	0	0	0	0	0	0	0	0	0	0	0	0	0	0	
48	0	0	0	0	0	0	0	0	0	0	0	0	0	0	0	0	0	0	0	0	0	0	0	0	0	0	0	0	48	0	0	0	0	0	0	0	0	0	0	0	0	0	0	0	0	0	0	0	0	0	0	0	0	0	0	0	0	0	0	0	0	0	0	0	0	0	0	0	0	0	0	0	0	0	0	0	0	0	0	48	0	0	0	0	0	0	0	0	0	0	0	0	0	0	0	0	48	0	0	
0	0	0	0	0	0	0	0	0	0	0	0	0	0	0	0	0	0	0	0	48	0	0	0	48	0	0	0	0	0	0	0	0	0	0	0	0	48	0	0	0	0	48	0	0	0	0	0	0	0	0	0	0	0	0	0	0	0	0	0	0	0	0	0	0	0	0	0	0	0	0	0	0	0	0	0	0	0	0	0	0	0	0	0	0	0	0	0	0	0	0	0	0	0	0	0	0	0	0	0	
0	0	0	0	0	0	0	0	0	0	0	0	48	0	0	0	0	0	0	0	0	0	0	0	0	0	0	0	0	0	0	0	0	0	0	0	0	0	0	0	0	0	0	0	0	48	0	0	0	0	0	0	0	0	0	0	0	0	0	0	0	0	0	0	0	0	0	0	0	0	0	0	0	0	0	0	0	0	0	0	0	48	0	0	48	0	0	0	0	0	0	0	0	0	0	0	0	0	0	0	
0	0	48	0	0	0	0	0	0	0	0	0	0	0	0	0	0	0	0	0	0	0	0	0	0	0	0	0	0	0	0	0	0	0	0	0	0	0	0	0	0	48	0	0	0	0	0	0	0	48	0	0	0	0	0	0	0	0	0	0	0	0	0	0	0	0	0	0	0	0	0	0	0	0	0	0	0	0	0	0	0	0	0	0	48	0	0	0	0	0	0	0	0	0	0	0	0	0	0	0	
0	0	0	0	0	0	0	0	0	0	48	0	0	0	0	0	0	0	0	0	0	0	0	0	0	0	0	0	0	48	0	0	0	0	0	0	0	0	0	0	0	0	0	0	0	0	0	0	0	0	0	0	0	0	0	0	0	0	0	0	0	0	0	0	0	0	0	0	0	0	0	0	0	0	0	0	0	0	0	0	48	0	0	0	0	0	0	0	0	0	48	0	0	0	0	0	0	0	0	0	
0	0	0	0	0	0	0	0	0	0	0	0	48	0	0	0	0	0	0	0	0	0	0	0	0	0	0	0	0	0	0	0	0	0	0	0	0	0	0	0	0	0	0	0	0	0	0	0	0	0	0	0	0	0	0	0	0	0	0	0	0	0	0	0	0	0	0	0	0	0	0	0	0	48	0	0	0	0	0	0	0	48	0	0	0	0	0	0	0	0	0	0	0	0	0	0	0	0	0	48	
0	0	0	0	0	0	0	0	0	0	0	0	0	0	0	0	0	0	0	0	0	0	48	0	0	0	0	0	0	0	0	0	0	0	0	0	0	0	0	48	0	0	0	0	0	0	0	0	0	0	0	0	0	0	48	0	0	0	0	0	0	0	0	0	0	0	0	0	0	0	0	0	0	0	0	0	0	0	0	0	0	0	0	0	0	0	0	0	0	0	0	48	0	0	0	0	0	0	0	0	
0	0	0	0	0	0	0	48	0	0	0	0	0	0	0	0	0	0	48	0	0	0	0	0	0	0	0	0	0	0	0	0	0	0	0	0	0	0	0	0	0	0	0	0	0	0	0	0	0	0	0	0	0	0	0	0	0	0	0	0	0	0	0	0	0	0	0	0	0	0	0	0	0	0	0	0	0	0	0	0	48	0	0	0	0	0	0	0	0	0	48	0	0	0	0	0	0	0	0	0	
0	0	0	0	0	0	0	0	0	0	0	0	0	0	0	0	0	0	0	0	0	0	0	0	0	0	0	0	48	0	48	0	0	0	0	0	0	0	0	0	0	0	0	0	0	0	0	0	0	0	0	0	0	0	0	0	0	0	0	0	0	0	0	0	0	0	0	0	0	0	0	0	0	0	0	0	0	0	0	0	0	0	0	0	0	48	0	0	0	0	0	0	0	48	0	0	0	0	0	0	
0	0	0	0	0	48	0	0	48	0	0	0	0	0	0	0	0	0	0	0	0	0	0	0	0	0	0	0	0	0	0	0	0	0	0	0	0	0	0	0	0	0	0	0	0	48	0	0	0	0	0	0	0	0	0	0	0	0	0	0	0	0	0	0	0	0	0	0	0	0	0	0	0	0	0	0	0	0	0	0	0	48	0	0	0	0	0	0	0	0	0	0	0	0	0	0	0	0	0	0	
0	0	0	0	0	0	0	0	0	0	0	0	0	0	0	0	0	0	0	0	0	0	0	0	0	0	0	0	0	0	0	0	0	0	0	0	0	0	0	0	0	0	0	0	0	0	0	0	0	0	0	48	0	0	0	0	0	0	48	0	0	0	0	0	0	0	48	0	0	0	0	0	0	0	0	0	0	0	0	48	0	0	0	0	0	0	0	0	0	0	0	0	0	0	0	0	0	0	0	0	
0	0	0	0	0	0	0	0	0	0	0	0	0	0	0	0	0	0	0	0	0	0	0	0	48	0	0	0	0	48	0	0	0	0	0	0	0	48	0	0	0	0	0	0	0	0	0	0	0	0	0	0	0	0	0	0	0	0	0	0	0	0	0	0	0	0	0	0	0	0	0	0	0	0	0	0	0	0	0	0	0	0	0	48	0	0	0	0	0	0	0	0	0	0	0	0	0	0	0	0	
0	0	0	0	0	0	0	0	0	0	0	0	0	0	0	0	0	0	0	0	0	0	0	0	0	0	0	48	0	0	0	0	0	48	0	0	0	0	0	0	0	0	0	0	0	0	0	0	0	0	0	0	0	0	0	0	0	0	0	0	0	0	0	0	0	0	0	0	0	0	0	0	0	0	0	0	0	0	0	0	0	0	0	0	0	0	0	0	0	48	0	0	48	0	0	0	0	0	0	0	
0	0	0	0	0	0	0	0	0	0	0	0	0	0	0	0	0	0	0	0	0	0	0	0	0	0	0	0	0	0	0	0	0	0	0	0	0	0	0	0	0	0	0	0	0	0	0	0	0	0	0	0	0	0	0	48	0	0	0	0	0	0	48	0	0	0	0	0	0	48	0	0	0	0	0	0	0	0	48	0	0	0	0	0	0	0	0	0	0	0	0	0	0	0	0	0	0	0	0	0	
0	0	48	0	0	0	0	0	0	0	0	0	0	0	0	0	0	0	0	0	0	0	0	0	0	0	0	0	0	0	0	0	0	0	0	0	0	0	0	0	0	0	0	0	0	0	0	0	0	0	48	0	0	48	0	0	0	0	0	0	0	0	0	48	0	0	0	0	0	0	0	0	0	0	0	0	0	0	0	0	0	0	0	0	0	0	0	0	0	0	0	0	0	0	0	0	0	0	0	0	
0	0	0	0	0	0	0	0	0	0	48	0	0	0	0	0	0	0	0	0	0	0	0	0	0	0	0	0	0	0	0	0	0	0	0	0	0	0	0	0	0	0	0	0	0	0	0	0	0	0	0	0	0	0	0	0	0	0	0	0	0	0	0	0	0	0	0	0	0	0	0	0	0	0	0	0	0	0	0	0	0	0	0	0	0	0	0	0	0	0	48	0	0	0	0	0	0	48	48	0	
0	0	0	0	0	0	0	0	0	0	0	0	0	0	0	0	0	0	0	0	0	0	0	0	0	48	0	0	0	0	0	0	0	0	0	0	0	0	0	0	48	0	0	48	0	0	0	0	0	0	0	0	0	0	0	0	0	0	0	0	0	0	0	0	0	48	0	0	0	0	0	0	0	0	0	0	0	0	0	0	0	0	0	0	0	0	0	0	0	0	0	0	0	0	0	0	0	0	0	0	
0	0	0	0	48	0	0	0	0	0	0	0	0	0	0	0	0	0	0	0	0	0	0	0	0	0	0	0	0	0	0	0	0	0	0	0	0	0	0	0	0	0	0	48	0	0	0	0	0	0	0	0	0	0	0	0	0	0	0	0	0	0	0	0	0	48	0	0	0	0	0	0	0	0	0	0	0	0	0	0	0	0	0	0	0	0	0	0	0	0	0	0	0	0	0	48	0	0	0	0	
0	0	0	0	0	0	0	0	0	0	0	0	0	0	0	0	0	0	0	0	0	0	0	48	0	0	0	0	0	0	0	0	0	0	0	0	0	0	0	0	0	0	0	0	0	0	0	0	48	0	0	0	0	0	0	0	0	0	0	48	0	0	0	0	0	0	0	0	0	0	0	0	0	0	0	0	0	0	0	0	0	0	0	0	0	0	0	0	0	0	0	0	0	0	0	0	48	0	0	0	
0	0	0	0	0	0	0	0	0	48	0	0	0	0	0	0	0	0	0	0	0	0	0	0	0	0	0	0	0	0	0	0	0	0	0	0	0	0	0	48	0	0	0	0	0	0	0	0	0	0	0	0	0	0	48	0	0	0	0	0	0	0	0	0	0	0	0	0	0	0	0	0	0	0	0	0	0	0	0	0	0	0	0	0	0	0	0	0	0	0	0	48	0	0	0	0	0	0	0	0	
0	0	0	0	0	0	0	0	0	0	0	0	0	0	0	0	0	0	0	0	0	48	0	0	0	0	0	0	0	0	0	0	0	0	0	0	0	0	0	0	0	0	0	0	48	0	0	0	48	0	0	0	0	0	0	0	0	0	0	48	0	0	0	0	0	0	0	0	0	0	0	0	0	0	0	0	0	0	0	0	0	0	0	0	0	0	0	0	0	0	0	0	0	0	0	0	0	0	0	0	
0	0	0	0	48	0	0	0	0	0	0	0	0	0	48	0	0	0	0	0	0	0	0	0	0	0	0	0	0	0	0	0	0	0	0	0	0	48	0	0	0	0	0	0	0	0	0	0	0	0	0	0	0	0	0	0	0	0	0	0	0	0	0	0	0	0	0	0	0	0	0	0	0	0	0	0	0	0	0	0	0	0	0	0	0	0	0	0	0	0	48	0	0	0	0	0	0	0	0	0	
0	0	0	0	0	0	0	0	0	0	0	0	0	0	0	0	0	0	0	48	0	0	0	0	0	0	0	0	0	0	0	0	0	0	0	0	0	0	0	0	0	0	0	48	0	0	0	0	0	0	0	0	0	0	0	0	0	0	0	0	0	0	0	0	0	48	0	0	0	0	0	0	0	0	0	0	0	0	0	0	0	0	0	0	0	0	0	0	0	0	0	0	0	0	0	48	0	0	0	0	
0	0	0	0	0	0	0	0	0	0	0	0	0	0	0	0	0	0	0	0	0	0	0	0	0	0	0	0	0	0	0	0	0	0	48	0	0	0	0	0	0	0	0	0	0	0	48	0	0	48	0	0	0	0	0	0	0	0	0	0	0	0	0	0	0	0	0	0	0	0	0	0	0	0	0	0	0	0	48	0	0	0	0	0	0	0	0	0	0	0	0	0	0	0	0	0	0	0	0	0	
0	0	0	0	0	0	0	0	0	0	0	0	0	0	0	48	0	0	0	0	0	0	0	0	0	0	0	0	0	0	0	0	0	48	0	0	0	0	0	0	0	0	0	0	0	0	0	0	0	0	0	0	0	0	0	0	0	0	0	0	0	0	0	0	0	0	0	0	0	0	0	0	48	0	0	0	0	0	0	0	0	0	0	0	0	0	0	0	0	0	0	0	48	0	0	0	0	0	0	0	
0	0	0	0	0	0	0	0	0	0	0	48	0	0	0	0	0	0	0	0	0	0	0	0	0	0	0	0	0	0	0	0	0	0	0	0	0	0	0	0	0	0	0	0	0	0	0	0	0	0	0	0	0	0	0	0	0	0	0	0	0	0	0	0	0	0	0	0	0	0	0	0	0	0	0	0	0	0	0	0	0	0	48	0	0	0	0	48	0	0	0	0	0	48	0	0	0	0	0	0	
48	0	0	48	0	0	0	48	0	0	0	0	0	0	48	0	0	0	0	0	0	0	0	0	0	0	0	0	0	0	0	0	0	0	0	0	0	0	0	0	0	0	0	0	0	0	0	0	0	0	0	0	0	0	0	0	0	0	0	0	0	0	0	0	0	0	0	0	0	0	0	0	0	0	0	0	0	0	0	0	0	0	0	0	0	0	0	0	0	0	0	0	0	0	0	0	0	0	0	0	
0	0	0	0	0	0	0	0	0	0	0	48	0	0	0	0	0	0	0	0	0	0	0	0	0	0	0	0	0	0	0	0	0	0	0	0	0	0	0	0	0	0	0	0	0	0	0	0	0	0	0	0	0	0	0	0	0	0	0	0	0	0	0	0	0	0	0	0	0	0	0	0	48	0	0	0	0	0	0	0	0	0	0	0	0	48	0	0	0	0	0	0	0	48	0	0	0	0	0	0	
0	0	0	0	0	0	0	0	0	0	0	0	0	0	0	0	0	0	0	0	0	0	0	0	0	0	0	0	0	0	0	0	0	0	0	0	0	0	0	0	0	0	0	0	0	0	0	0	0	0	0	48	48	0	0	0	0	0	0	0	0	0	0	0	0	0	0	0	48	0	0	0	0	0	0	48	0	0	0	0	0	0	0	0	0	0	0	0	0	0	0	0	0	0	0	0	0	0	0	0	
0	0	0	0	0	0	0	0	0	0	0	0	0	0	0	0	0	0	0	0	0	0	0	0	0	0	0	0	0	0	0	0	0	0	0	0	0	0	0	0	0	0	0	0	0	0	0	48	0	0	0	0	0	0	0	0	0	0	0	0	0	0	0	0	0	0	0	0	0	0	0	0	0	48	0	0	0	0	0	0	0	48	0	0	0	0	0	0	0	0	0	0	0	0	0	0	0	0	0	48	
0	0	0	0	0	0	0	0	0	0	0	0	0	0	0	48	0	0	0	0	0	0	0	0	0	0	0	48	0	0	0	0	0	0	0	0	0	0	0	0	0	0	0	0	0	0	0	0	0	0	0	0	0	0	0	0	0	0	0	0	0	0	0	0	0	0	0	0	0	0	0	0	48	0	0	0	0	0	0	0	0	0	0	0	0	0	0	0	0	0	0	0	48	0	0	0	0	0	0	0	
0	0	0	0	0	0	0	0	0	0	0	0	0	0	0	0	0	0	0	0	0	0	0	0	0	0	48	0	0	0	0	0	0	0	0	0	0	0	0	0	0	0	0	0	0	0	0	0	0	0	0	0	0	0	0	0	0	0	0	0	0	48	0	0	48	0	0	0	0	0	0	0	0	0	0	0	0	0	0	0	0	0	0	0	0	0	48	0	0	0	0	0	0	0	0	0	0	0	0	0	
0	48	0	0	0	0	0	0	0	0	0	0	0	0	0	0	0	0	0	0	0	0	0	0	0	0	0	0	0	0	0	0	0	0	0	0	0	0	0	0	0	0	0	0	0	0	0	0	0	0	0	0	0	0	0	0	0	0	0	0	0	0	0	0	0	0	48	0	0	0	0	0	0	0	48	0	48	0	0	0	0	0	0	0	0	0	0	0	0	0	0	0	0	0	0	0	0	0	0	0	
0	0	0	0	0	0	0	0	0	0	0	0	0	0	0	0	0	0	0	0	0	0	0	0	0	0	0	0	0	0	0	0	0	0	0	0	0	0	0	0	0	0	0	0	0	0	48	0	0	0	0	0	0	48	0	0	0	0	0	0	0	0	0	48	0	0	0	0	0	0	0	0	0	0	0	0	0	48	0	0	0	0	0	0	0	0	0	0	0	0	0	0	0	0	0	0	0	0	0	0	
0	0	0	0	48	0	0	0	0	0	0	0	0	0	48	0	0	0	0	0	0	0	0	0	48	0	0	0	0	0	0	0	0	0	0	0	0	0	0	0	0	0	0	0	0	0	0	0	0	0	0	0	0	0	0	0	0	0	0	0	0	0	0	0	0	0	0	0	0	0	0	0	0	0	0	0	0	0	0	0	0	0	0	48	0	0	0	0	0	0	0	0	0	0	0	0	0	0	0	0	
0	0	0	0	0	0	0	0	0	0	0	0	0	0	0	0	0	0	0	0	0	0	0	0	0	0	0	0	0	0	0	0	0	0	0	0	0	0	0	0	0	0	0	0	0	0	0	0	0	0	0	0	0	0	0	0	48	0	0	0	0	48	0	0	0	0	0	0	0	0	0	48	0	0	0	0	0	0	0	0	0	0	0	0	0	0	48	0	0	0	0	0	0	0	0	0	0	0	0	0	
0	0	0	0	0	0	0	0	0	48	0	0	0	0	0	0	0	0	0	0	0	0	48	0	0	0	0	0	0	0	0	0	0	0	0	0	0	0	0	0	0	0	0	0	0	0	0	0	0	0	0	0	0	0	0	0	0	0	0	0	0	0	0	0	0	0	0	0	0	0	0	0	0	0	0	0	0	0	0	0	0	0	0	0	0	0	0	0	0	0	0	48	0	0	48	0	0	0	0	0	
0	0	0	0	0	0	0	0	0	0	0	0	0	0	0	0	0	0	0	48	0	0	0	0	0	0	0	0	0	0	0	0	0	0	0	0	0	0	0	0	0	0	0	48	0	0	0	0	0	0	0	0	0	0	0	0	0	0	0	0	0	0	0	0	0	0	0	48	0	0	48	0	0	0	0	0	0	0	0	0	0	0	0	0	0	0	0	0	0	0	0	0	0	0	0	0	0	0	0	0	
0	0	0	0	0	0	48	0	0	0	0	0	0	0	0	0	0	0	0	0	0	0	0	0	0	0	0	0	0	0	0	0	0	0	0	0	0	0	0	0	0	0	0	0	0	48	0	0	0	48	0	0	0	0	0	0	0	0	0	0	0	0	0	0	0	0	0	0	0	0	0	0	0	48	0	0	0	0	0	0	0	0	0	0	0	0	0	0	0	0	0	0	0	0	0	0	0	0	0	0	
0	0	0	0	48	0	0	0	0	0	0	0	0	0	0	0	0	0	0	0	0	0	0	0	0	0	0	0	0	0	0	0	0	0	0	0	0	0	0	0	0	0	0	0	0	0	0	0	0	0	0	0	0	0	0	0	0	0	0	0	0	0	0	0	0	0	0	48	0	0	48	0	0	0	48	0	0	0	0	0	0	0	0	0	0	0	0	0	0	0	0	0	0	0	0	0	0	0	0	0	
0	0	0	0	0	0	0	0	0	0	0	0	0	0	0	0	0	0	0	48	48	0	0	0	0	48	0	0	0	0	0	0	0	0	0	0	0	0	0	0	48	0	0	0	0	0	0	0	0	0	0	0	0	0	0	0	0	0	0	0	0	0	0	0	0	0	0	0	0	0	0	0	0	0	0	0	0	0	0	0	0	0	0	0	0	0	0	0	0	0	0	0	0	0	0	0	0	0	0	0	
0	0	0	0	0	0	0	0	0	0	0	0	0	0	0	0	0	0	0	0	0	0	0	48	0	0	0	0	0	0	0	0	0	0	0	0	0	0	0	0	0	0	0	0	0	0	0	0	0	0	0	0	0	0	48	0	0	0	0	0	0	0	0	0	0	0	0	0	0	0	0	0	0	0	0	0	0	0	0	0	0	0	0	0	0	0	0	0	48	0	0	0	0	0	48	0	0	0	0	0	
0	0	0	0	0	48	0	0	0	0	0	0	48	0	0	0	0	0	0	0	0	0	0	0	0	0	0	0	0	0	0	0	0	0	0	0	0	0	0	0	0	48	0	0	0	0	0	0	0	0	0	0	0	0	0	0	0	0	0	0	0	0	0	0	0	0	0	0	0	0	0	0	0	0	0	0	0	0	0	0	0	0	0	0	48	0	0	0	0	0	0	0	0	0	0	0	0	0	0	0	
0	0	0	0	0	0	0	0	0	0	0	0	0	0	0	0	0	0	0	0	0	0	0	0	0	0	48	0	0	0	0	0	0	0	0	0	48	0	0	0	0	0	0	0	0	0	0	0	0	0	0	0	0	48	0	0	0	48	0	0	0	0	0	0	0	0	0	0	0	0	0	0	0	0	0	0	0	0	0	0	0	0	0	0	0	0	0	0	0	0	0	0	0	0	0	0	0	0	0	0	
0	0	0	0	0	0	0	0	0	0	0	0	0	0	0	0	0	0	0	0	0	0	0	0	0	0	0	0	0	0	0	0	48	0	0	0	0	0	0	0	0	0	0	0	0	0	0	0	0	0	0	0	0	0	0	0	0	0	0	0	0	0	0	0	0	0	0	0	0	0	0	0	0	0	0	0	0	0	0	0	0	0	0	48	0	0	0	0	0	0	0	0	0	0	0	0	48	0	0	48	
0	0	0	0	0	0	0	0	0	0	0	0	0	0	0	0	0	0	0	0	0	48	0	48	0	0	0	0	0	0	0	0	0	0	0	0	0	0	0	0	0	0	0	0	0	0	0	0	0	0	0	0	0	0	0	0	0	0	0	0	0	0	0	0	0	0	0	0	0	0	0	0	0	0	0	0	0	0	0	0	0	0	0	0	48	0	0	0	0	0	0	0	0	0	0	0	48	0	0	0	
0	0	48	0	0	0	48	0	0	0	0	0	0	0	0	0	0	0	0	0	0	0	0	0	0	0	48	0	0	0	0	0	0	0	0	0	0	0	0	0	0	48	0	0	0	0	0	0	0	0	0	0	0	0	0	0	0	0	0	0	0	0	0	0	0	0	0	0	0	0	0	0	0	0	0	0	0	0	0	0	0	0	0	0	0	0	0	0	0	0	0	0	0	0	0	0	0	0	0	0	
0	0	0	0	0	0	0	0	0	0	0	0	0	0	0	0	0	48	0	0	0	0	0	0	0	0	0	0	0	0	0	0	0	0	0	0	0	0	0	0	0	0	0	0	0	0	0	0	0	0	0	0	0	0	0	0	0	0	0	0	0	0	0	48	0	0	0	0	0	0	0	0	0	0	0	0	0	0	0	0	0	0	0	0	0	0	0	0	0	0	0	48	0	0	48	0	0	0	0	0	
0	0	0	0	0	0	0	0	0	0	0	0	0	48	0	0	0	0	0	0	0	0	0	0	0	0	0	0	0	0	0	48	0	0	0	0	0	0	0	0	0	0	0	0	0	0	0	0	0	0	0	0	0	0	0	0	0	0	48	0	0	0	0	0	0	0	0	0	48	0	0	0	0	0	0	0	0	0	0	0	0	0	0	0	0	0	0	0	0	0	0	0	0	0	0	0	0	0	0	0	
0	0	0	0	0	0	0	0	0	0	0	0	0	0	0	0	0	0	0	0	0	0	0	0	0	0	0	0	0	0	0	48	0	0	0	0	0	0	0	0	0	0	0	0	0	0	0	0	0	0	0	0	0	0	0	0	0	0	0	0	0	0	0	0	0	0	0	0	48	0	0	0	0	0	0	48	0	0	0	0	0	0	0	0	0	0	0	0	48	0	0	0	0	0	0	0	0	0	0	0	
0	0	0	0	0	0	0	0	0	0	0	0	0	0	0	0	0	48	0	0	0	0	0	0	0	0	0	0	0	0	0	0	0	0	0	0	48	0	0	0	0	0	0	0	0	0	48	0	0	0	0	0	0	0	0	0	0	0	0	0	0	0	0	0	0	0	0	0	0	0	0	0	0	0	0	0	0	48	0	0	0	0	0	0	0	0	0	0	0	0	0	0	0	0	0	0	0	0	0	0	
0	0	0	0	0	0	0	0	0	48	0	0	0	0	0	0	0	0	0	0	0	0	48	0	0	0	0	0	0	0	0	0	0	0	0	0	0	0	0	0	0	0	0	0	48	0	0	0	0	0	0	0	0	0	0	0	0	0	0	0	0	0	0	0	0	0	0	0	0	0	0	0	0	0	0	0	0	0	0	0	0	0	48	0	0	0	0	0	0	0	0	0	0	0	0	0	0	0	0	0	
0	0	0	0	0	0	0	0	0	0	0	0	0	0	0	0	48	0	0	0	0	0	0	0	0	0	0	0	0	0	0	0	0	0	0	0	0	0	0	0	0	0	0	0	0	0	0	0	0	0	0	0	0	0	0	0	0	0	0	0	0	0	48	0	0	0	0	0	0	48	0	0	0	0	0	0	0	0	48	0	0	0	0	0	0	0	0	0	0	0	0	0	0	0	0	0	0	0	0	0	
0	0	0	0	0	0	0	0	0	0	0	0	0	0	0	0	0	0	0	0	0	0	0	0	0	0	0	0	0	0	0	0	0	0	0	0	0	0	48	0	0	0	0	0	0	0	0	0	0	0	0	0	0	0	0	0	0	0	0	0	0	48	0	0	0	0	0	0	0	0	0	48	0	0	0	0	0	0	0	0	0	0	0	0	0	0	48	0	0	0	0	0	0	0	0	0	0	0	0	0	
0	0	0	0	0	0	0	0	0	0	0	0	0	0	0	0	0	0	0	0	0	0	0	0	0	0	0	0	0	0	0	0	0	0	0	0	0	0	0	0	0	0	0	0	0	0	48	0	0	0	0	0	0	0	0	0	0	0	0	0	0	48	0	0	48	0	0	0	0	0	0	0	0	0	0	0	0	0	0	0	0	0	0	0	0	0	48	0	0	0	0	0	0	0	0	0	0	0	0	0	
0	0	0	0	0	0	0	0	0	0	0	0	0	48	0	0	0	0	0	0	0	0	0	0	0	0	0	0	0	0	0	0	0	0	0	0	0	0	0	0	0	0	0	0	0	0	0	0	0	0	0	48	0	0	0	0	0	0	0	0	0	0	0	0	0	0	0	0	48	0	0	0	0	0	0	0	0	0	0	48	0	0	0	0	0	0	0	0	0	0	0	0	0	0	0	0	0	0	0	0	
0	0	0	0	0	0	0	0	0	0	0	0	0	0	0	0	0	0	0	0	0	48	0	48	0	0	0	0	0	0	0	0	0	0	0	0	0	0	0	0	0	0	0	0	0	0	0	0	0	0	0	0	0	0	0	0	0	0	0	0	0	0	0	0	0	0	48	0	0	0	0	0	0	0	0	0	48	0	0	0	0	0	0	0	0	0	0	0	0	0	0	0	0	0	0	0	0	0	0	0	
0	0	0	0	0	0	0	0	0	0	0	0	0	0	0	0	0	0	0	0	0	0	0	0	0	0	0	0	0	0	0	0	0	0	0	0	0	0	0	0	0	0	0	0	0	0	0	0	0	0	0	0	0	0	0	0	0	0	0	0	0	0	48	0	0	0	0	0	0	48	0	0	0	0	0	0	0	0	0	0	0	0	0	0	0	0	0	0	0	0	0	0	0	0	0	0	0	0	48	48	
0	0	0	0	0	0	0	0	0	0	0	0	0	0	0	0	0	0	0	0	0	0	0	0	0	0	0	0	0	0	0	0	0	0	48	0	0	0	48	0	0	0	0	0	0	0	0	0	0	0	0	0	0	0	0	0	48	48	0	0	0	0	0	0	0	0	0	0	0	0	0	0	0	0	0	0	0	0	0	0	0	0	0	0	0	0	0	0	0	0	0	0	0	0	0	0	0	0	0	0	
0	0	0	0	0	0	0	0	0	0	0	0	0	0	0	0	48	0	0	0	0	0	0	0	0	0	0	0	0	0	0	0	0	0	0	0	0	0	0	0	0	0	0	0	0	0	0	0	0	0	0	0	0	0	0	48	0	0	0	0	48	0	0	0	0	0	0	0	0	48	0	0	0	0	0	0	0	0	0	0	0	0	0	0	0	0	0	0	0	0	0	0	0	0	0	0	0	0	0	0	
0	0	48	0	0	0	0	0	0	0	0	0	0	0	0	0	0	48	0	0	0	0	0	0	0	0	0	0	0	0	0	0	0	0	0	0	48	0	0	0	0	0	0	0	0	0	0	0	0	0	48	0	0	0	0	0	0	0	0	0	0	0	0	0	0	0	0	0	0	0	0	0	0	0	0	0	0	0	0	0	0	0	0	0	0	0	0	0	0	0	0	0	0	0	0	0	0	0	0	0	
0	0	0	0	0	0	0	0	0	0	0	0	0	0	0	0	0	0	0	0	0	0	0	0	0	0	0	0	0	0	0	0	0	0	48	0	0	0	0	0	0	0	0	0	0	0	0	0	0	0	0	0	0	0	0	0	0	48	0	0	0	0	0	0	0	0	0	0	0	0	0	48	0	0	0	0	0	48	0	0	0	0	0	0	0	0	0	0	0	0	0	0	0	0	0	0	0	0	0	0	
0	0	0	0	0	0	0	0	0	0	0	0	0	0	0	0	0	0	0	48	48	0	0	0	0	48	0	0	0	0	0	0	0	0	0	0	0	0	0	0	0	0	0	0	0	0	0	0	0	0	0	0	0	0	0	0	0	0	0	0	0	0	0	0	0	0	0	0	0	0	0	0	0	0	0	0	0	0	0	0	0	0	0	0	0	0	0	0	0	0	0	0	0	0	0	48	0	0	0	0	
0	0	0	0	0	0	0	0	0	0	0	0	0	48	0	0	0	0	0	0	0	0	0	0	0	0	0	0	0	0	0	0	0	0	0	48	0	0	0	0	0	0	0	0	0	0	0	0	0	0	0	0	0	0	0	0	0	0	0	48	0	0	0	0	0	0	0	0	0	0	0	0	0	0	48	0	0	0	0	0	0	0	0	0	0	0	0	0	0	0	0	0	0	0	0	0	0	0	0	0	
0	0	0	0	0	0	0	0	0	0	0	0	0	0	0	0	0	0	0	0	0	0	0	0	0	0	0	0	0	0	0	0	0	0	0	0	0	0	0	0	48	0	48	0	0	0	0	0	0	0	0	0	0	0	0	0	0	0	0	0	0	0	0	0	0	0	0	0	0	0	48	0	0	0	0	0	48	0	0	0	0	0	0	0	0	0	0	0	0	0	0	0	0	0	0	0	0	0	0	0	
0	0	0	0	0	0	0	0	0	0	0	0	0	0	0	0	0	0	0	0	0	0	0	0	0	0	0	0	0	0	0	48	0	0	0	0	0	0	0	0	0	0	0	0	0	0	0	0	0	0	0	48	48	0	0	0	0	0	48	0	0	0	0	0	0	0	0	0	0	0	0	0	0	0	0	0	0	0	0	0	0	0	0	0	0	0	0	0	0	0	0	0	0	0	0	0	0	0	0	0	
0	0	0	0	0	0	0	0	0	0	0	0	0	0	0	0	48	0	0	0	0	0	0	0	0	0	0	0	0	0	0	0	0	0	0	0	0	0	0	0	0	0	0	0	0	0	0	0	0	0	0	0	0	0	0	48	0	0	0	0	48	0	48	0	0	0	0	0	0	0	0	0	0	0	0	0	0	0	0	0	0	0	0	0	0	0	0	0	0	0	0	0	0	0	0	0	0	0	0	0	
0	48	0	0	0	0	0	0	0	0	0	0	0	0	0	0	0	0	0	0	0	0	0	0	0	0	0	0	0	0	0	0	0	0	0	0	0	0	0	0	48	0	48	0	0	0	0	0	0	0	0	0	0	0	0	0	0	0	0	0	0	0	0	0	0	0	0	48	0	0	0	0	0	0	0	0	0	0	0	0	0	0	0	0	0	0	0	0	0	0	0	0	0	0	0	0	0	0	0	0	
0	0	0	0	0	0	0	0	0	0	0	0	0	0	0	0	0	0	0	0	0	0	0	0	0	0	0	0	0	0	0	0	0	0	0	0	0	0	48	0	0	0	0	0	0	0	0	0	0	0	0	0	0	0	0	0	48	0	0	0	0	0	0	0	48	0	0	0	0	0	0	0	0	0	0	0	0	0	48	0	0	0	0	0	0	0	0	0	0	0	0	0	0	0	0	0	0	0	0	0	
0	0	0	0	0	0	0	0	0	0	0	0	0	0	0	0	0	0	0	0	0	0	0	0	0	0	0	48	0	0	48	0	0	48	0	0	0	0	0	0	0	0	0	0	0	0	0	0	0	0	0	0	0	0	0	0	0	0	0	0	0	0	0	0	0	0	0	0	0	0	0	0	0	0	0	0	0	0	0	0	0	0	0	0	0	0	0	0	0	0	0	0	48	0	0	0	0	0	0	0	
0	0	0	0	0	0	0	0	48	0	0	0	0	0	0	0	0	0	0	0	0	0	0	0	0	0	0	0	0	0	0	0	48	0	0	0	0	0	0	0	0	48	0	0	0	0	0	0	0	0	0	0	0	0	0	0	0	0	0	0	0	0	0	0	0	0	0	0	0	0	0	0	0	0	0	0	0	0	0	0	0	0	0	0	0	0	0	0	0	0	0	0	0	0	0	0	48	0	0	0	
0	48	0	0	0	0	0	0	0	0	0	0	0	0	0	0	0	0	0	0	0	0	0	0	0	0	0	0	0	0	0	0	0	0	0	48	0	0	0	0	0	0	48	0	0	0	0	0	0	0	0	0	0	0	0	0	0	0	0	0	0	0	0	0	0	0	48	0	0	0	0	0	0	0	0	0	0	0	0	0	0	0	0	0	0	0	0	0	0	0	0	0	0	0	0	0	0	0	0	0	
0	0	0	0	0	0	0	0	0	0	0	0	0	0	0	0	0	0	0	0	0	0	0	0	0	0	0	0	0	0	0	48	0	0	0	0	0	0	0	0	0	0	0	0	0	0	0	0	0	0	0	0	48	0	0	0	0	0	0	0	0	0	0	0	0	0	0	0	0	0	0	0	0	0	0	0	0	0	0	0	0	0	48	0	0	0	0	48	0	0	0	0	0	0	0	0	0	0	0	0	
0	48	0	0	0	0	0	0	0	0	0	0	0	0	0	0	0	0	0	0	0	0	0	0	0	0	0	0	0	0	0	0	0	0	0	48	0	0	0	0	0	0	0	0	0	0	0	0	0	0	0	0	0	0	0	0	0	0	0	48	0	0	0	0	0	0	0	48	0	0	0	0	0	0	0	0	0	0	0	0	0	0	0	0	0	0	0	0	0	0	0	0	0	0	0	0	0	0	0	0	
0	0	0	0	0	0	0	0	0	0	0	0	0	0	0	0	0	0	0	0	0	0	0	0	0	0	0	0	0	0	0	0	0	0	0	0	48	0	0	0	0	0	0	0	0	0	0	0	0	0	0	0	0	48	0	0	0	0	0	0	0	0	0	0	48	0	0	0	0	0	0	0	0	0	0	0	0	0	0	0	0	0	0	0	0	0	0	0	0	48	0	0	0	0	0	0	0	0	0	0	
0	0	0	0	0	0	0	0	0	0	0	0	0	0	0	0	48	0	0	0	0	0	0	0	0	0	48	0	0	0	0	0	0	0	0	0	0	0	0	0	0	0	0	0	0	0	0	0	0	0	0	0	0	0	0	48	0	0	0	0	0	0	0	0	0	0	0	0	0	0	0	48	0	0	0	0	0	0	0	0	0	0	0	0	0	0	0	0	0	0	0	0	0	0	0	0	0	0	0	0	
0	0	0	0	0	0	0	0	0	0	0	0	0	48	0	0	0	0	0	0	0	0	0	0	0	0	0	0	0	0	0	0	0	0	0	0	0	0	0	0	0	0	0	0	0	0	0	0	0	0	0	0	0	0	0	0	0	0	48	0	0	0	0	0	0	0	0	0	0	0	0	0	0	0	0	0	0	0	0	0	0	0	0	0	0	0	0	48	48	0	0	0	0	0	0	0	0	0	0	0	
48	0	0	48	0	0	0	48	0	0	48	0	0	0	0	0	0	0	0	0	0	0	0	0	0	0	0	0	0	0	0	0	0	0	0	0	0	0	0	0	0	0	0	0	0	0	0	0	0	0	0	0	0	0	0	0	0	0	0	0	0	0	0	0	0	0	0	0	0	0	0	0	0	0	0	0	0	0	0	0	0	0	0	0	0	0	0	0	0	0	0	0	0	0	0	0	0	0	0	0	
0	0	0	0	0	48	0	0	48	0	0	0	48	0	0	0	0	0	0	0	0	0	0	0	0	0	0	0	0	0	0	0	48	0	0	0	0	0	0	0	0	0	0	0	0	0	0	0	0	0	0	0	0	0	0	0	0	0	0	0	0	0	0	0	0	0	0	0	0	0	0	0	0	0	0	0	0	0	0	0	0	0	0	0	0	0	0	0	0	0	0	0	0	0	0	0	0	0	0	0	
0	0	0	0	0	0	0	0	0	0	0	0	0	0	0	0	0	0	0	0	0	0	0	0	0	0	0	0	48	0	0	0	0	0	0	0	0	0	0	0	0	0	0	0	0	0	0	0	0	0	0	0	0	0	48	0	0	0	0	0	0	0	0	0	0	0	0	0	0	0	0	0	0	0	0	48	0	0	0	0	0	0	0	0	0	0	0	48	0	0	0	0	0	0	0	0	0	0	0	0	
0	0	0	0	0	0	0	0	0	0	0	0	0	0	48	0	0	0	0	0	0	0	0	0	0	0	0	0	0	0	0	0	0	0	0	0	0	48	0	0	0	0	0	0	0	0	0	48	0	0	0	0	0	0	0	0	0	0	0	0	0	0	0	0	0	0	0	0	0	0	0	0	0	0	0	0	0	0	0	0	0	0	0	0	0	0	0	0	0	0	0	0	0	0	0	0	0	48	0	0	
0	0	0	0	0	48	48	0	0	0	0	0	0	0	0	0	0	0	0	0	0	0	0	0	0	0	0	0	0	0	0	0	0	0	0	0	0	0	0	0	0	0	0	0	0	48	0	0	48	0	0	0	0	0	0	0	0	0	0	0	0	0	0	0	0	0	0	0	0	0	0	0	0	0	0	0	0	0	0	0	0	0	0	0	0	0	0	0	0	0	0	0	0	0	0	0	0	0	0	0	
0	0	0	0	0	0	0	0	0	0	0	48	0	0	0	0	0	0	0	0	0	0	0	0	0	0	0	0	0	0	48	0	0	0	0	0	0	0	0	0	0	0	0	0	0	0	0	0	0	0	0	0	0	0	0	0	0	0	0	0	0	0	0	0	0	0	0	0	0	0	0	0	0	0	0	0	0	0	0	0	0	0	0	0	0	0	0	0	0	48	0	0	0	48	0	0	0	0	0	0	
0	0	0	0	0	0	0	0	0	0	0	0	0	0	0	0	0	0	0	0	0	0	0	0	0	0	0	0	0	0	0	0	0	0	48	0	0	0	48	0	0	0	0	0	0	0	0	0	0	0	0	0	0	0	0	0	48	48	0	0	0	0	0	0	0	0	0	0	0	0	0	0	0	0	0	0	0	0	0	0	0	0	0	0	0	0	0	0	0	0	0	0	0	0	0	0	0	0	0	0	
0	0	0	0	0	0	0	0	0	0	0	0	0	0	0	0	0	0	0	0	0	0	0	0	0	0	0	0	48	0	0	0	0	0	0	0	0	0	0	0	0	0	0	0	0	0	0	0	0	0	0	0	0	0	0	0	0	0	0	0	0	0	0	0	0	0	0	0	0	0	0	0	0	0	0	48	0	0	0	48	0	0	48	0	0	0	0	0	0	0	0	0	0	0	0	0	0	0	0	0	
0	0	0	0	0	0	0	0	0	0	0	0	0	0	0	0	0	0	0	0	0	0	0	0	0	0	0	0	0	0	0	0	0	0	0	0	0	0	0	0	0	0	0	0	48	0	0	0	0	0	0	0	48	0	0	0	0	0	0	0	0	0	0	0	0	0	0	0	0	0	0	0	0	0	0	0	0	0	0	48	0	0	0	0	0	0	0	0	0	0	0	0	0	0	48	0	0	0	0	0	
0	0	0	0	0	0	0	0	0	0	0	0	0	0	0	48	0	0	0	0	0	0	0	0	0	0	0	0	0	0	0	0	0	0	0	0	0	0	0	0	0	0	0	0	0	0	0	0	0	0	0	0	0	0	0	0	0	0	0	0	0	0	0	0	0	0	0	0	0	0	0	0	0	0	0	0	0	48	0	0	0	0	0	0	0	48	0	0	0	0	0	0	0	0	0	0	0	0	48	0	
0	0	0	0	0	0	0	48	0	0	48	0	0	0	0	0	0	0	48	0	0	0	0	0	48	0	0	0	0	0	0	0	0	0	0	0	0	0	0	0	0	0	0	0	0	0	0	0	0	0	0	0	0	0	0	0	0	0	0	0	0	0	0	0	0	0	0	0	0	0	0	0	0	0	0	0	0	0	0	0	0	0	0	0	0	0	0	0	0	0	0	0	0	0	0	0	0	0	0	0	
0	0	0	0	0	0	0	0	0	48	0	0	0	0	0	0	0	0	0	0	0	0	48	0	0	0	0	0	0	0	0	0	0	0	0	0	0	0	0	48	0	0	0	0	0	0	0	0	0	0	48	0	0	0	0	0	0	0	0	0	0	0	0	0	0	0	0	0	0	0	0	0	0	0	0	0	0	0	0	0	0	0	0	0	0	0	0	0	0	0	0	0	0	0	0	0	0	0	0	0	
0	0	0	0	0	0	0	0	0	0	0	0	0	0	0	48	0	0	0	0	0	0	0	0	0	0	0	48	0	0	0	0	0	48	0	0	0	0	0	0	0	0	0	0	0	0	0	0	0	0	0	0	0	0	0	0	0	0	0	0	0	0	0	0	0	0	0	0	0	0	0	0	48	0	0	0	0	0	0	0	0	0	0	0	0	0	0	0	0	0	0	0	0	0	0	0	0	0	0	0	
0	0	0	0	0	0	0	0	0	0	0	48	0	0	0	0	0	0	0	0	0	0	0	0	0	0	0	0	48	0	48	0	0	0	0	0	0	0	0	0	0	0	0	0	0	0	0	0	0	0	0	0	0	0	0	0	0	0	0	0	0	0	0	0	0	0	0	0	0	0	0	0	0	0	0	0	0	0	0	0	0	0	0	0	0	48	0	0	0	0	0	0	0	0	0	0	0	0	0	0	
0	0	0	0	0	0	0	0	0	0	0	0	0	0	0	0	0	0	0	0	0	0	0	0	0	0	0	0	0	0	0	0	0	0	0	0	0	0	0	48	0	0	0	0	48	0	0	0	0	0	48	0	0	0	0	0	0	0	0	0	0	0	0	0	0	0	0	0	0	0	0	0	0	0	0	0	0	0	0	0	0	0	0	0	0	0	0	0	48	0	0	0	0	0	0	0	0	0	0	0	
0	0	0	0	0	0	0	0	0	0	0	0	0	0	0	0	0	0	0	0	48	0	0	0	0	48	0	0	0	0	0	0	0	0	0	0	0	0	0	0	0	0	0	0	0	0	0	0	0	0	0	0	0	0	0	0	0	0	0	0	0	0	0	0	0	48	0	0	0	0	0	0	0	0	0	0	0	0	0	0	0	0	0	0	0	0	0	0	0	0	0	0	0	0	0	0	0	0	48	0	
0	0	0	0	0	0	0	0	0	0	0	0	0	0	0	0	0	0	0	0	0	48	0	0	0	0	0	0	0	0	0	0	0	0	0	0	0	0	0	0	0	0	0	0	0	0	0	48	48	0	0	0	0	0	0	0	0	0	0	0	0	0	0	0	0	0	0	0	0	0	0	0	0	48	0	0	0	0	0	0	0	0	0	0	0	0	0	0	0	0	0	0	0	0	0	0	0	0	0	0	
48	0	0	48	0	0	0	0	0	0	0	0	0	0	0	0	0	0	48	0	0	0	0	0	0	0	0	0	0	0	0	0	0	0	0	0	0	0	0	0	0	0	0	0	0	0	0	0	0	0	0	0	0	0	0	0	0	0	0	0	0	0	0	0	0	0	0	0	0	0	0	0	0	0	0	0	0	0	0	0	0	0	0	48	0	0	0	0	0	0	0	0	0	0	0	0	0	0	0	0	
0	0	0	0	0	0	0	0	0	0	0	0	0	0	0	0	0	0	48	0	0	0	0	0	0	0	0	0	0	0	0	0	0	0	0	0	0	0	0	0	0	0	0	0	0	0	0	0	0	0	0	0	0	0	0	0	0	0	0	0	48	0	0	0	0	0	0	0	0	0	0	0	0	0	0	0	0	0	0	0	0	0	0	0	0	0	0	0	0	48	0	0	0	0	0	48	0	0	0	0	
0	0	0	0	0	0	0	0	48	0	0	0	0	0	0	0	0	0	0	0	0	0	0	0	0	0	0	0	0	0	0	0	48	0	0	0	0	0	0	0	0	0	0	0	0	0	0	48	0	0	0	0	0	0	0	0	0	0	0	0	48	0	0	0	0	0	0	0	0	0	0	0	0	0	0	0	0	0	0	0	0	0	0	0	0	0	0	0	0	0	0	0	0	0	0	0	0	0	0	0	
6	58	22	34	19	93	85	60	94	67	88	97	21	85	14	53	16	79	25	80	29	11	93	72	64	66	1	63	15	49	25	83	22	76	78	96	71	45	93	55	90	56	62	2	41	16	64	92	88	60	55	0	56	49	53	71	43	4	71	8	63	7	85	87	75	77	99	36	15	31	19	10	58	8	82	16	4	35	51	48	15	24	18	83	38	97	90	73	7	50	57	9	3	52	87	50	48	5	90	54	33	69	74	6	89	33	85	11	72	7	60	30	30	79	27	99	38	54	32	37	84	10	71	99	69	94	54	75	70	90	26	86	72	72	71	12	25	11	70	28	40	95	2	21	23	30	33	93	4	64	83	61	58	26	19	74	12	42	22	56	30	75	78	58	23	28	85	12	6	61	42	48	53	75	65	79	71	18	58	9	66	70	2	80	63	86	35	16	10	78	21	66	66	23	9	93	70	14	72	3	96	67	52	11	92	41	9	70	32	76	64	60	58	41	82	63	40	69	72	99	84	66	25	8	9	65	68	3	51	89	97	36	89	61	61	64	70	80	29	9	40	28	15	87	3	35	6	7	57	60	97	0	15	73	80	4	42	67	81	78	74	99	43	19	29	47	5	90	52	6	19	27	91	18	82	89	88	35	3	25	72	84	60	77	27	21	96	61	84	3	54	79	50	79	66	3	6	85	86	74	39	12	17	70	28	28	78	28	82	45	93	40	68	14	59	55	69	54	38	71	51	48	89	28	58	35	99	12	72	17	4	71	14	40	93	94	97	99	3	28	1	68	76	75	92	24	28	26	23	44	72	58	95	73	53	18	84	44	40	70	44	82	23	41	59	96	78	92	83	7	22	81	61	48	84	88	62	55	65	82	6	35	31	45	28	56	10	74	42	46	49	71	12	18	48	32	84	53	47	48	19	74	79	83	88	69	20	63	70	98	72	98	18	26	76	32	25	67	94	52	92	22	20	10	46	91	67	19	38	68	0	88	32	74	0	46	6	45	23	70	43	34	68	21	3	39	62	69	4	1	35	85	1	56	44	43	98	14	66	49	97	8	29	31	37	62	47	73	49	85	74	78	62	72	1	94	48	57	25	46	40	20	5	95	39	72	61	6	35	26	33	36	4	88	51	6	72	55	88	47	40	60	55	19	29	33	50	49	21	35	40	67	70	51	61	30	50	1	12	37	25	74	58	83	86	90	37	33	24	46	81	57	13	54	6	86	95	82	47	32	44	98	23	25	85	62	40	25	90	66	50	48	82	5	39	43	68	3	39	8	58	38	50	36	61	41	41	60	98	76	9	45	27	16	93	10	56	92	21	44	3	23	51	25	23	85	1	26	39	48	74	51	90	35	31	58	45	46	82	27	74	29	58	1	64	86	34	64	12	89	48	31	31	87	80	34	31	20	19	90	20	15	3	34	40	1	40	1	86	12	99	34	25	75	72	73	46	32	59	45	71	42	7	34	44	98	43	95	24	33	50	51	44	85	41	13	62	6	79	12	61	21	63	66	31	26	93	28	68	62	6	69	54	94	72	42	56	83	52	37	11	15	19	33	7	11	58	59	87	8	34	78	45	98	66	65	87	96	67	29	30	31	55	65	28	93	71	73	53	22	93	56	87	72	22	4	89	70	14	4	69	23	3	97	31	22	21	64	6	31	48	83	82	5	7	33	44	5	86	78	75	97	61	36	70	39	16	76	9	14	38	28	25	75	46	58	48	86	65	72	95	56	90	84	74	24	90	29	54	48	50	64	85	95	18	45	59	28	9	81	10	27	50	15	92	44	77	27	43	12	57	96	29	57	38	33	9	2	99	7	60	48	50	6	94	44	92	88	16	20	54	52	69	23	59	4	76	4	86	72	74	11	30	77	24	5	62	53	2	45	18	43	5	93	16	86	75	74	23	41	86	21	6	37	47	79	49	93	12	92	37	27	53	81	93	23	82	7	94	22	62	29	0	55	80	86	49	36	18	63	79	65	64	31	35	99	52	5	60	9	78	33	53	88	57	20	8	51	72	81	29	44	40	5	29	60	33	25	30	58	51	15	50	94	51	6	47	72	12	75	77	76	2	90	46	43	69	35	84	9	40	4	38	4	91	24	68	91	85	71	46	32	71	30	78	80	2	38	20	56	53	83	88	80	10	18	81	85	17	22	64	71	25	85	33	74	9	57	94	50	91	83	42	92	94	20	51	48	56	30	70	52	6	93	42	1	0	45	21	33	0	12	50	98	42	42	84	11	81	61	16	1	86	27	65	52	16	41	9	94	51	71	26	16	10	82	53	98	88	27	78	1	53	27	72	42	32	34	99	69	78	64	27	43	79	21	94	41	55	79	85	15	20	78	53	91	70	8	20	87	92	67	93	24	77	85	75	1	51	43	63	27	96	43	1	59	17	3	39	24	77	13	99	15	24	76	90	34	79	9	66	9	97	62	74	54	16	21	95	16	39	14	74	60	89	13	46	8	75	83	57	93	47	35	47	53	65	13	22	87	45	21	77	26	89	78	34	14	83	73	92	94	77	70	19	85	67	66	50	82	4	56	19	31	3	74	77	32	8	73	4	16	20	96	62	13	10	44	21	67	46	3	37	0	32	37	96	4	4	79	96	7	50	97	48	44	51	48	10	86	72	89	0	83	73	2	89	57	83	76	15	22	35	33	64	14	43	67	12	44	13	16	27	6	19	13	68	83	61	45	54	68	78	48	91	40	92	5	42	71	58	37	70	77	21	50	71	21	88	57	46	61	90	61	18	33	75	34	28	17	76	37	48	73	84	44	30	78	61	51	79	9	40	29	0	13	59	34	50	69	73	78	78	20	27	31	68	17	52	76	57	44	84	46	82	62	37	97	92	23	22	29	90	25	21	38	50	71	79	98	68	21	35	12	49	50	42	5	7	28	2	23	57	85	35	75	51	9	60	58	8	5	36	32	97	8	78	22	4	55	80	59	45	98	58	5	26	56	91	72	13	16	87	21	55	28	43	56	87	16	76	41	95	71	81	34	63	97	71	11	89	95	39	92	79	31	23	19	11	47	37	21	76	14	60	57	52	45	40	82	35	39	39	62	58	9	40	25	9	2	74	72	82	59	89	53	73	41	20	29	6	23	7	72	67	25	29	13	96	30	70	90	73	53	60	33	1	25	53	3	83	29	32	34	64	92	20	37	65	63	24	56	94	34	1	51	3	4	56	67	97	15	3	59	58	78	6	3	70	14	36	86	14	44	88	22	59	8	27	75	20	81	11	43	54	35	56	15	93	46	16	51	89	44	3	56	4	33	4	88	21	1	51	16	96	90	16	34	43	10	21	48	39	27	84	10	11	39	67	81	66	85	76	32	97	51	5	68	85	89	34	98	30	89	42	36	71	90	98	53	88	97	0	0	70	47	91	54	5	57	65	74	97	50	99	61	6	2	64	24	0	26	48	54	38	3	66	93	34	14	51	47	83	80	52	7	5	37	10	88	42	44	17	3	70	1	70	4	5	96	21	69	71	39	35	32	11	50	10	60	29	42	70	10	61	66	76	41	43	46	39	38	97	16	92	23	35	10	68	6	26	44	37	34	82	35	67	94	50	47	34	97	92	74	65	24	9	18	1	41	60	58	87	71	9	77	79	31	3	84	96	13	6	82	53	35	23	63	17	18	43	90	60	66	52	11	55	92	21	65	82	18	98	39	34	20	86	90	58	28	57	39	84	67	63	34	36	91	71	97	49	33	12	13	57	55	37	38	64	78	58	11	73	94	61	14	42	83	69	60	45	53	31	20	6	17	87	33	98	44	32	63	22	39	8	66	91	29	33	89	68	98	77	86	80	25	3	25	45	92	89	46	1	38	67	64	72	83	23	10	12	63	0	75	82	93	98	44	41	4	64	30	76	3	68	26	51	64	1	99	5	70	10	39	85	95	19	43	49	0	89	96	97	95	67	89	33	14	77	70	59	41	62	63	87	35	87	76	0	71	59	29	94	71	75	12	5	46	75	16	9	13	42	85	99	70	95	63	4	74	34	19	71	61	69	65	68	29	15	74	3	14	57	8	74	33	29	52	25	15	33	18	39	63	15	59	2	48	46	82	87	43	83	82	74	37	99	36	56	32	15	88	14	15	57	62	18	67	16	91	8	49	63	32	71	13	18	43	84	32	50	5	85	73	48	85	3	24	12	11	35	46	24	7	15	57	18	90	55	61	38	20	39	30	47	83	98	24	93	19	78	47	54	5	43	15	12	58	29	33	3	39	36	54	0	29	53	34	88	58	41	46	99	16	33	89	31	91	44	89	91	36	38	70	68	5	50	18	10	27	8	28	98	87	0	49	93	79	78	5	15	66	98	1	77	12	70	78	78	44	4	1	87	85	36	74	51	42	86	27	88	1	68	53	81	86	47	81	57	97	40	47	46	61	83	90	74	50	31	55	7	13	44	46	44	13	26	63	14	28	58	31	54	60	67	26	92	75	2	44	97	0	66	6	98	0	0	69	85	0	89	52	48	61	99	39	94	94	53	55	44	35	92	0	83	58	63	99	53	25	29	85	81	54	77	73	38	0	6	86	36	50	27	79	33	46	14	29	37	76	38	12	14	98	15	11	1	68	50	62	27	20	95	98	91	2	18	68	1	10	64	16	29	73	58	52	34	15	23	42	59	88	19	99	1	80	13	89	11	42	78	85	60	28	24	83	26	29	95	99	72	43	95	17	62	10	38	44	44	3	60	55	8	98	31	41	10	45	16	68	36	81	2	79	76	42	8	21	39	42	48	10	68	5	29	25	91	84	23	46	40	71	23	46	25	57	56	79	64	61	28	37	44	71	58	25	43	48	51	13	91	0	47	70	90	25	19	2	84	26	36	27	74	68	36	46	25	21	86	60	15	43	67	79	59	40	2	36	69	90	43	31	31	58	31	50	30	85	14	12	36	8	43	86	26	31	24	95	3	63	64	87	0	39	85	55	88	59	95	77	91	95	98	29	91	79	99	61	24	5	55	96	38	66	63	10	5	74	51	24	29	93	75	62	98	56	34	57	91	83	29	42	50	69	73	71	63	1	58	37	41	69	79	6	8	16	49	80	74	64	6	98	83	70	47	67	68	90	25	22	51	5	76	72	17	43	19	15	76	6	45	58	22	46	9	99	41	53	78	93	13	51	43	1	65	82	48	85	3	91	50	5	78	1	64	31	3	78	65	97	8	89	36	93	83	93	36	30	0	2	1	83	11	3	17	20	74	88	76	71	69	30	78	45	58	32	82	49	6	73	86	53	95	62	75	14	44	70	82	81	82	29	6	59	65	53	78	16	57	72	16	60	15	87	2	39	47	20	34	27	84	71	15	78	89	27	91	93	12	68	18	33	40	23	13	5	79	40	60	27	9	94	11	82	70	25	81	48	79	43	37	11	72	54	27	31	54	83	23	33	54	84	39	41	22	79	33	30	65	7	18	45	14	81	64	46	8	86	73	80	88	47	36	77	5	79	83	11	38	48	85	88	87	26	50	95	55	93	1	25	38	82	48	38	4	80	89	74	60	73	58	35	65	6	98	49	77	18	2	29	21	44	13	56	54	77	71	24	36	30	95	0	16	51	48	22	81	96	68	31	62	36	56	52	51	24	57	6	73	90	27	6	10	74	32	25	61	50	36	48	17	26	37	12	42	40	60	26	9	48	86	61	25	88	88	49	17	99	86	62	85	81	60	93	84	36	85	83	62	85	7	42	29	57	72	36	43	15	65	37	54	81	32	94	97	81	3	69	88	18	21	52	48	99	26	34	96	42	87	91	99	12	95	62	93	28	52	60	8	8	76	30	99	37	76	62	1	27	29	49	79	63	37	17	70	18	14	91	64	10	72	20	49	59	69	54	83	53	16	49	40	47	26	24	49	79	5	59	71	84	97	39	41	68	70	51	67	69	25	58	74	85	73	63	82	8	66	25	25	76	45	64	70	46	1	29	91	53	76	66	50	30	65	90	74	2	71	57	73	34	10	26	39	39	28	50	12	60	48	86	47	35	43	55	11	23	71	69	1	72	12	18	65	59	68	84	0	56	17	78	47	85	89	58	93	27	68	4	79	10	2	90	58	65	25	86	74	68	19	21	42	43	56	35	51	6	91	46	32	17	69	85	20	29	63	15	74	93	51	89	66	64	0	41	84	94	25	7	0	5	92	51	41	46	23	89	8	74	24	23	7	40	89	62	96	68	74	45	63	2	77	16	19	93	15	98	35	75	73	82	88	29	18	15	83	52	51	31	13	91	33	89	10	76	94	68	35	97	61	38	44	77	84	14	62	37	83	8	87	15	90	45	86	68	2	58	43	85	67	14	99	39	76	68	55	89	64	50	10	58	97	52	2	43	49	40	1	28	63	86	90	38	9	60	87	91	36	72	59	7	85	1	49	27	21	96	50	35	1	17	39	21	23	86	27	8	70	10	91	64	82	60	65	91	20	69	2	58	52	20	87	71	7	99	9	9	48	7	90	50	73	4	88	93	37	85	6	76	91	35	13	13	94	54	43	48	44	24	32	48	73	5	36	74	9	64	55	15	70	99	3	15	99	32	65	17	73	37	24	87	97	36	79	52	68	78	2	19	2	96	71	54	88	56	78	84	79	28	83	2	65	20	99	2	43	6	84	23	26	31	83	69	23	81	16	78	11	80	73	68	83	32	88	48	0	1	32	56	18	59	33	15	58	55	4	66	5	0	16	22	53	76	82	40	25	16	86	74	88	33	51	89	78	73	17	44	64	11	9	69	29	66	81	35	38	70	84	3	76	23	55	31	87	86	12	30	49	43	61	60	47	23	87	32	74	15	4	6	50	57	37	0	82	34	60	76	7	96	80	6	84	19	54	26	91	60	89	25	84	65	12	67	44	54	73	6	3	74	20	88	99	54	11	17	9	7	25	52	76	7	37	69	11	75	34	41	45	7	38	59	81	73	1	37	28	38	21	34	76	6	59	28	81	45	91	56	45	98	89	11	34	84	96	83	7	83	96	14	98	31	0	23	20	77	1	82	90	58	55	38	16	81	42	10	27	9	82	19	22	83	15	90	91	16	53	18	84	95	99	17	41	9	0	1	78	63	88	22	97	5	54	81	78	9	35	46	61	4	44	12	89	60	17	80	93	98	48	5	13	79	74	72	63	76	63	39	99	97	26	70	9	43	51	58	7	23	37	38	32	13	8	96	21	34	51	79	94	12	70	5	47	65	74	48	1	92	53	34	2	42	69	56	41	6	94	25	73	4	2	10	53	70	58	2	93	82	53	66	32	68	10	69	89	64	4	26	62	55	74	16	32	41	82	9	50	42	62	9	21	32	89	90	35	91	0	16	92	80	20	21	20	18	44	65	76	80	7	58	52	3	90	51	75	18	93	59	45	78	1	18	4	95	45	72	72	63	76	20	34	0	50	51	25	34	66	4	43	57	44	99	66	58	28	29	22	60	59	21	63	49	0	66	73	31	77	82	22	92	87	9	48	97	85	54	73	31	85	2	81	28	42	82	86	25	54	35	30	77	33	78	70	4	74	49	18	71	85	10	46	76	1	89	93	66	92	47	85	11	23	25	53	85	51	17	14	72	80	70	46	65	84	40	81	59	25	65	16	64	27	95	90	86	58	74	64	67	24	33	14	70	51	48	83	17	62	81	37	78	43	34	58	27	35	27	62	47	58	1	94	50	73	73	34	7	7	87	31	42	87	44	56	62	99	32	53	63	6	20	65	93	82	93	64	97	59	60	79	41	82	93	69	25	3	44	39	28	21	27	90	59	48	24	94	80	26	30	40	12	32	11	67	28	20	11	47	58	9	84	72	31	62	32	18	20	87	53	37	66	66	79	14	91	61	30	47	
40	33	90	42	54	39	21	86	35	50	99	48	91	69	73	93	93	46	53	11	99	42	18	66	89	54	31	12	53	18	87	33	0	61	53	59	70	46	21	45	81	48	81	83	42	2	0	11	29	82	44	36	0	3	74	64	54	70	70	91	77	53	75	42	44	66	2	43	99	0	61	41	16	9	64	17	17	55	37	59	4	77	39	17	93	49	69	75	71	53	79	99	93	60	91	17	46	8	69	31	75	51	69	61	23	96	55	65	5	30	1	3	63	16	18	1	6	89	86	84	58	52	74	24	38	36	84	26	69	68	0	64	92	27	59	70	50	48	6	70	26	70	71	5	26	52	5	39	95	85	12	69	54	97	6	13	19	8	42	16	85	41	16	63	25	16	35	76	27	80	52	13	57	36	81	43	24	81	99	98	64	20	59	31	35	66	83	52	17	96	31	49	37	87	52	28	62	76	27	29	6	52	54	2	77	92	16	55	89	52	8	98	11	99	2	54	62	5	71	45	73	96	39	50	14	33	71	67	83	28	61	1	27	94	73	16	88	56	84	78	79	63	72	0	97	40	17	90	70	25	57	30	5	85	60	89	62	99	71	63	69	67	32	98	36	54	83	26	32	5	49	85	66	94	52	56	31	92	17	88	16	94	59	97	58	23	61	20	10	78	48	96	64	75	68	4	91	3	78	13	22	28	47	66	95	5	41	13	99	1	65	74	51	92	47	36	48	22	80	73	43	10	33	25	84	29	4	10	10	18	26	37	76	63	78	79	85	78	8	64	52	43	98	9	59	26	87	41	63	90	15	38	77	8	64	44	50	39	74	46	10	41	59	22	80	92	10	53	87	19	87	67	10	29	48	86	92	74	48	6	19	71	4	77	0	14	8	80	12	65	94	17	31	17	42	94	16	98	0	26	8	86	17	19	35	49	86	32	33	73	90	94	66	1	46	13	35	24	25	60	39	62	24	4	98	37	45	92	72	21	29	91	44	83	44	75	86	0	27	93	83	1	97	25	43	52	0	58	73	29	91	27	61	66	79	2	20	2	36	27	3	60	80	73	78	56	51	75	48	52	63	19	53	59	8	49	26	92	76	52	64	43	59	63	80	98	43	16	79	9	40	92	38	49	76	23	50	19	68	76	81	94	65	68	4	94	21	21	39	33	44	80	80	55	72	96	55	39	77	84	82	86	65	63	95	8	28	53	57	86	29	30	75	72	42	58	86	35	99	95	54	66	33	33	86	91	96	0	8	99	43	32	28	91	87	79	35	19	46	80	35	2	17	2	84	70	13	54	17	27	43	55	85	2	68	85	81	65	16	45	36	15	36	96	0	20	65	20	0	20	50	5	61	27	12	73	32	42	0	17	46	99	93	89	84	0	71	5	20	63	39	69	96	12	46	79	59	49	73	56	93	24	10	74	45	29	93	60	70	19	50	30	3	67	93	89	30	41	71	61	80	92	30	71	50	1	68	90	78	24	32	77	58	45	53	78	90	78	33	20	71	11	89	98	94	12	63	40	63	15	74	52	65	96	19	53	47	99	37	10	12	85	80	98	2	25	29	36	25	25	60	46	64	72	59	58	40	11	5	73	39	83	12	40	40	29	76	95	87	20	2	41	34	28	57	80	96	51	66	34	94	54	7	95	9	27	35	20	2	23	66	63	3	84	8	70	59	8	55	71	73	64	13	57	51	30	47	23	37	51	33	80	53	73	49	66	9	53	14	34	76	59	55	11	47	96	9	38	74	72	36	80	70	28	35	10	12	1	5	19	96	43	18	5	52	63	60	22	64	92	70	99	38	60	47	44	73	64	65	13	93	5	19	3	62	72	34	15	11	50	66	70	42	28	4	23	95	25	11	11	29	97	60	5	33	48	47	70	87	94	74	24	69	70	90	4	27	78	25	50	77	0	87	39	88	99	26	23	80	91	50	93	47	6	73	83	27	1	9	80	51	97	70	75	65	82	63	93	11	87	85	39	94	44	99	13	98	78	43	27	24	77	94	40	37	29	80	94	58	36	44	39	18	11	21	54	36	71	33	14	56	0	10	32	82	93	36	65	6	11	40	90	76	47	2	85	28	63	21	80	0	5	62	74	94	93	69	60	25	59	83	25	3	31	37	35	16	5	84	53	73	5	86	93	98	82	29	71	93	47	36	76	35	13	42	7	34	4	11	51	86	11	24	40	84	7	86	13	37	68	39	87	71	18	26	43	84	60	0	3	98	27	77	48	14	9	5	77	10	24	91	42	85	37	63	19	82	22	90	90	8	86	42	23	72	42	97	0	18	92	89	19	16	77	48	68	95	96	91	87	44	93	94	19	28	97	30	92	79	21	14	91	72	95	61	87	85	5	54	37	49	30	5	17	97	86	10	91	20	31	92	50	53	28	3	8	83	68	25	62	19	29	19	98	6	16	78	64	64	36	87	55	76	60	37	70	41	82	10	69	47	93	77	12	53	82	6	28	73	35	1	50	79	54	63	89	47	87	16	36	57	20	44	74	56	91	9	10	59	94	6	67	98	30	34	11	71	14	57	6	35	39	7	49	46	22	86	19	79	87	49	87	76	99	55	89	60	81	56	38	53	35	33	88	57	26	31	47	47	24	37	59	43	63	91	62	10	32	12	60	70	59	40	13	58	72	73	2	7	59	37	9	21	54	31	18	69	8	40	50	99	23	58	50	42	46	88	65	68	69	52	2	5	94	72	36	23	65	20	46	87	97	57	16	83	27	22	8	69	23	43	11	33	13	63	72	47	84	77	8	55	78	83	56	22	65	19	82	92	89	66	58	27	35	79	24	99	86	33	11	75	41	57	67	71	3	19	85	95	58	90	2	41	20	10	41	51	15	1	91	84	27	39	82	36	39	60	0	80	43	36	63	53	18	88	90	79	75	96	1	80	33	26	11	57	76	64	76	25	0	10	87	38	70	37	98	14	62	49	68	50	68	77	32	72	15	53	94	24	71	75	84	57	97	75	44	67	73	25	23	8	95	91	61	64	57	33	2	7	12	69	46	42	59	53	88	66	82	38	83	99	87	19	88	5	62	27	94	86	92	76	8	53	77	46	36	44	88	86	11	29	91	95	0	97	9	36	1	14	14	74	85	67	77	27	28	81	53	33	70	46	84	42	39	59	27	98	91	21	76	40	88	50	69	7	78	76	70	75	71	30	48	68	94	19	40	35	12	94	11	25	20	91	11	93	99	53	92	60	73	51	10	20	39	82	50	81	79	67	86	14	21	76	91	36	4	51	19	20	22	35	29	86	6	82	53	2	68	98	13	9	15	47	85	1	3	22	69	56	44	0	86	77	57	43	92	13	74	58	26	40	30	15	80	50	48	75	82	97	67	45	59	78	33	29	66	62	64	61	16	73	51	7	68	84	28	52	3	42	35	5	11	75	94	55	85	97	84	3	57	89	16	82	53	56	2	17	28	98	10	25	31	21	16	15	18	59	28	68	25	30	25	72	71	69	86	84	3	72	14	36	8	50	2	13	60	40	37	32	70	47	10	23	80	97	78	97	66	48	90	45	39	30	8	63	97	37	0	21	95	47	71	7	85	99	41	47	57	5	86	86	67	77	86	5	61	56	38	43	30	6	66	68	7	91	45	77	3	32	20	3	27	19	1	87	66	88	32	35	88	90	50	76	80	79	62	77	76	94	50	20	70	25	92	57	30	20	47	29	0	54	35	9	37	88	1	45	78	35	69	88	64	57	1	59	12	0	21	65	18	37	8	20	65	68	44	70	2	10	27	58	89	6	80	89	44	66	3	44	29	15	72	74	1	23	95	16	11	61	47	77	62	5	66	73	28	63	63	76	53	22	20	68	36	23	67	18	1	99	37	68	26	14	0	67	14	85	32	35	94	99	44	46	90	0	1	96	25	74	85	13	8	19	10	90	65	36	74	34	73	26	97	11	28	32	20	9	46	31	12	94	88	6	94	63	75	67	26	91	98	20	41	0	41	60	56	97	29	2	79	33	56	98	7	1	21	82	61	8	54	77	41	41	47	26	77	65	62	65	52	24	12	59	84	55	14	22	80	59	72	20	72	4	67	33	19	33	8	88	59	55	48	38	78	13	82	2	93	68	46	70	63	61	98	14	15	76	27	69	36	44	15	6	85	53	23	31	91	69	0	70	60	94	13	70	66	78	65	91	5	88	88	15	24	6	56	27	17	73	9	83	69	60	44	20	45	51	57	67	49	35	28	51	41	93	4	51	6	66	40	33	84	33	83	35	27	26	87	1	98	6	33	47	98	46	46	70	12	59	65	29	44	90	25	75	82	89	24	18	42	66	46	13	78	69	22	13	4	37	61	87	34	83	13	78	24	24	58	73	94	60	56	51	4	33	59	50	79	62	88	9	15	76	64	3	8	3	4	90	67	65	67	97	23	84	55	73	12	46	8	85	74	47	67	40	41	2	84	38	73	92	60	90	76	80	6	6	72	83	57	83	64	10	3	24	4	91	90	4	64	30	45	96	27	13	4	93	45	93	54	21	26	47	16	32	56	54	86	66	19	4	41	59	60	48	42	63	42	67	88	88	96	52	31	29	81	18	54	30	32	31	47	28	35	38	23	55	19	94	2	15	21	16	13	76	44	46	24	96	64	0	19	58	7	64	50	61	53	47	61	25	95	48	4	49	4	88	68	39	20	4	92	23	15	47	55	60	9	1	53	48	18	70	63	4	39	91	58	21	81	26	42	71	19	98	71	54	81	24	72	76	69	52	22	33	94	78	32	21	94	16	96	36	49	71	99	92	30	58	29	15	76	86	27	54	41	29	90	54	1	24	44	95	15	56	55	95	13	29	65	15	48	69	79	73	65	51	95	71	3	2	18	16	25	8	31	55	25	65	84	34	15	92	27	38	95	6	53	30	27	98	18	9	47	53	58	84	77	45	68	73	14	60	92	98	12	31	69	70	6	65	95	42	63	39	23	75	51	11	37	85	77	21	64	43	67	45	20	78	40	89	93	55	68	65	23	86	40	24	23	84	96	12	54	4	71	84	88	36	38	9	14	57	0	82	67	67	27	18	50	8	67	98	44	68	55	74	70	85	90	40	65	37	56	48	1	99	10	13	25	82	93	64	6	79	12	61	4	45	90	37	99	4	0	42	15	17	98	11	16	89	97	90	91	31	53	1	94	8	34	53	65	99	28	34	37	24	50	90	4	53	90	96	1	41	35	81	12	13	9	8	50	44	41	27	47	58	95	6	92	16	67	81	63	43	63	65	46	95	55	67	83	3	50	92	51	32	64	24	85	67	3	23	29	63	41	84	77	5	67	85	73	81	10	15	46	37	71	25	77	19	30	61	89	67	44	6	76	78	40	94	54	70	84	71	51	81	43	42	50	37	76	19	81	84	46	52	8	73	87	87	32	61	4	75	68	52	9	10	29	25	80	20	21	57	52	37	32	63	1	52	98	70	20	38	99	36	54	21	18	57	29	53	52	24	26	20	51	53	27	5	99	54	79	90	46	76	82	33	46	28	21	79	79	73	3	74	52	99	10	79	55	68	82	45	65	44	84	65	21	96	24	96	96	58	21	95	76	4	65	7	22	50	33	11	32	50	55	47	57	4	28	0	26	81	91	79	4	27	17	97	80	46	24	11	80	43	53	69	3	76	77	66	44	98	56	73	71	32	8	64	31	78	35	8	12	61	73	63	97	19	64	41	81	20	34	11	68	40	35	15	87	40	47	28	33	76	67	79	8	44	17	30	99	78	57	2	17	91	98	2	68	20	72	69	52	33	49	82	65	11	59	74	39	5	83	23	0	15	17	96	51	75	99	65	48	16	17	15	95	58	27	4	44	57	49	77	56	63	28	13	0	67	50	55	68	62	90	1	88	42	1	92	3	76	42	93	38	37	81	70	4	42	75	31	65	87	12	33	21	84	43	20	21	93	26	39	70	20	74	48	79	51	37	33	57	7	62	91	45	26	56	96	64	43	61	39	2	99	94	35	52	1	56	4	32	60	88	75	48	1	66	27	89	93	62	66	15	11	10	76	71	29	6	40	34	33	98	64	95	9	68	14	87	57	60	17	97	19	97	34	34	12	19	72	18	12	24	90	52	39	38	31	92	89	37	51	90	95	1	44	7	73	22	2	68	37	42	53	60	86	46	90	55	62	33	92	9	78	23	23	29	87	87	19	81	3	7	21	13	46	71	95	84	80	52	94	88	65	57	16	42	60	57	74	19	72	78	59	31	24	82	29	86	87	24	74	69	2	22	17	43	54	68	55	14	85	60	44	89	63	33	26	22	75	15	51	55	5	74	86	17	94	74	55	2	97	80	35	70	95	66	30	26	39	32	4	54	35	52	54	74	71	46	17	8	56	25	9	56	36	55	65	46	26	34	18	9	22	61	66	36	20	90	81	86	53	52	7	81	30	17	91	61	31	51	6	36	9	75	62	76	93	11	13	74	37	94	54	1	30	73	41	90	54	16	98	51	81	75	34	45	0	72	18	25	62	38	21	34	24	87	28	1	64	61	82	47	74	13	86	79	64	47	15	93	78	48	5	18	19	2	46	37	34	65	19	36	26	12	23	7	29	87	38	32	54	72	4	70	88	79	73	48	22	75	8	90	99	63	54	66	41	38	90	50	34	5	63	93	11	74	13	69	24	74	61	39	21	43	77	54	79	64	27	62	89	20	37	16	89	58	53	38	92	70	51	93	6	37	24	16	12	94	61	52	99	8	99	61	10	95	76	8	21	95	5	86	53	96	53	55	60	47	79	78	8	23	60	95	17	42	45	92	80	38	95	13	19	82	19	15	76	98	82	77	92	2	24	80	64	69	61	89	95	81	38	92	98	55	32	18	8	82	80	84	69	23	6	27	95	80	69	22	9	86	27	48	6	4	18	92	71	11	36	34	92	55	62	20	11	82	21	62	56	78	82	56	9	61	93	13	17	97	79	2	14	4	70	68	41	88	85	59	27	25	23	26	85	25	57	43	15	33	81	36	63	5	56	20	80	53	54	80	94	3	25	53	0	80	2	58	51	38	73	4	74	67	95	8	41	65	84	54	47	35	68	65	64	80	97	76	62	33	48	31	81	19	86	49	59	95	58	37	3	11	84	15	74	19	6	23	31	81	4	3	79	58	41	29	34	11	86	29	19	33	93	41	44	54	36	21	3	90	66	94	89	51	77	72	12	37	96	81	21	22	97	31	26	44	26	77	1	66	49	69	5	73	39	47	16	28	85	10	2	31	42	48	72	84	37	91	16	27	60	7	41	27	59	16	67	6	95	36	28	24	0	19	26	46	26	60	95	72	58	91	40	57	36	22	45	6	90	22	65	15	38	81	7	45	90	59	11	29	83	6	56	67	66	40	55	52	35	8	55	38	9	3	94	23	3	57	13	16	73	36	49	78	28	70	10	50	98	90	85	23	36	10	24	34	3	66	16	20	24	44	14	61	23	4	45	50	40	34	55	46	53	22	54	88	89	91	88	98	61	93	29	6	2	51	98	53	80	54	57	24	72	45	69	13	75	43	66	14	52	46	8	22	20	43	39	54	50	10	34	55	86	3	85	33	70	3	67	44	63	54	87	64	48	14	35	81	30	36	15	67	7	44	54	32	87	66	61	57	56	59	60	38	2	44	86	68	40	12	97	20	23	29	12	52	20	0	3	46	53	74	35	24	31	34	37	33	73	12	69	35	85	47	11	61	94	14	95	84	99	57	48	47	94	45	95	87	5	69	8	1	5	43	54	44	15	54	94	72	45	65	29	67	33	63	98	90	24	98	12	64	27	89	8	82	13	93	1	24	76	87	89	24	52	18	98	66	24	49	77	95	62	63	7	88	10	51	84	82	11	
8	4	6	6	16	4	2	17	16	5	10	2	5	14	20	6	20	11	4	16	18	17	11	7	19	17	19	12	9	20	12	13	13	11	16	7	12	20	6	2	3	14	9	16	19	19	18	13	8	9	8	19	4	15	20	19	20	15	4	8	14	11	7	1	17	12	12	20	5	14	2	13	8	12	15	1	6	1	17	1	13	6	19	14	9	14	11	14	20	16	10	12	2	1	9	15	12	12	5	20	16	12	7	14	6	7	20	12	20	5	13	13	14	13	3	12	18	14	15	18	8	13	1	18	18	13	8	19	20	1	20	4	3	19	9	16	17	7	10	16	15	15	11	11	17	8	8	8	16	11	7	19	18	4	14	9	7	13	20	11	5	15	15	14	12	2	5	15	15	8	9	17	1	19	5	18	20	12	2	16	20	11	17	15	16	11	7	8	13	11	1	5	14	1	9	18	2	7	3	8	14	20	7	5	4	5	8	17	5	9	14	2	10	12	11	20	10	7	5	15	13	8	18	19	8	19	16	6	12	17	10	12	10	8	4	15	8	16	17	13	5	15	11	17	11	8	6	20	15	15	12	17	19	10	13	11	7	12	19	17	11	13	19	2	14	6	1	8	4	9	7	16	14	10	13	14	17	2	9	17	14	15	11	12	10	5	17	9	2	13	8	17	7	13	4	12	18	9	3	5	1	6	9	3	7	2	12	1	3	17	13	2	17	12	8	8	13	9	14	7	10	12	5	18	12	2	6	12	8	1	14	19	15	13	13	20	6	15	16	16	14	17	13	4	1	19	13	8	10	10	8	7	4	4	8	4	6	1	2	17	7	2	18	3	6	9	1	14	10	10	5	17	7	2	15	11	6	14	15	6	20	4	3	11	2	9	12	7	17	20	5	19	1	14	18	20	14	4	11	12	16	8	3	19	9	1	2	10	2	17	13	20	8	20	16	15	11	4	8	7	11	11	15	10	2	8	17	12	9	1	11	2	12	3	6	10	14	19	16	5	6	2	20	11	17	13	17	13	10	17	11	13	4	15	20	19	16	4	15	17	5	5	19	11	6	6	12	2	9	14	3	8	2	5	9	18	4	3	15	20	1	11	7	3	17	16	5	1	12	5	14	10	2	1	19	4	12	10	14	7	7	3	8	10	3	15	9	11	9	6	11	16	13	1	1	3	4	12	10	3	3	13	13	15	4	12	2	7	2	3	4	11	16	14	15	11	16	10	10	9	6	11	7	2	7	16	13	13	3	5	6	1	12	6	16	16	12	4	14	4	15	12	12	14	9	7	1	6	16	4	12	8	15	11	16	13	13	1	8	8	10	1	12	14	11	6	8	16	11	9	1	8	13	13	4	3	1	16	10	1	16	10	16	16	6	1	16	8	1	12	3	4	5	13	5	9	1	8	2	2	5	5	11	9	9	12	14	3	4	6	15	11	3	6	1	9	11	13	13	1	12	15	16	15	12	1	1	11	10	15	16	8	7	16	4	16	2	7	5	7	1	7	3	15	12	7	8	11	8	13	12	8	16	5	6	14	16	4	4	13	8	16	1	14	3	15	7	12	2	5	3	6	5	15	10	1	16	14	9	7	10	2	2	14	13	6	4	12	12	12	15	9	1	1	9	12	16	3	9	4	16	6	13	12	10	12	8	9	2	16	9	14	1	2	10	10	11	13	10	14	6	6	12	2	16	4	2	14	6	1	1	9	12	11	5	14	2	3	15	14	11	10	15	7	4	12	13	14	4	2	1	16	12	13	4	9	16	16	4	15	8	12	10	9	11	12	11	10	9	9	13	4	8	11	13	13	12	2	10	10	16	10	12	5	7	7	10	9	10	9	4	3	7	14	16	11	1	5	1	5	13	9	14	6	1	4	12	9	4	5	13	9	6	1	8	5	13	13	12	6	16	14	16	16	8	14	7	6	10	1	1	11	8	15	5	12	13	10	7	14	10	7	15	1	11	8	10	8	14	13	13	4	14	6	7	10	1	15	10	3	1	10	3	8	14	13	6	13	15	13	8	16	10	3	11	10	16	16	7	7	14	15	6	6	11	3	10	9	7	14	10	5	15	14	8	13	11	12	1	9	11	4	5	1	15	8	12	5	8	15	10	4	8	3	6	9	1	2	16	12	5	5	3	9	16	11	9	13	1	11	14	5	1	8	13	5	3	8	16	4	3	15	11	5	14	1	8	1	6	14	11	1	3	6	9	3	13	6	13	13	14	15	12	12	11	2	11	12	2	4	8	13	2	14	4	4	13	4	12	4	10	6	2	2	1	14	14	12	11	2	3	7	2	2	14	15	8	13	4	9	6	1	9	4	12	11	14	2	14	15	16	11	16	13	16	6	15	2	11	2	1	11	10	15	4	3	11	15	3	6	5	16	16	10	11	7	13	11	10	14	3	2	16	7	9	9	9	4	7	1	5	5	5	2	12	11	2	13	10	12	12	16	12	3	9	4	13	3	16	6	1	12	7	13	11	9	3	3	9	12	5	5	12	15	8	7	5	3	12	8	2	15	7	5	7	5	11	3	1	7	7	12	7	10	4	3	13	15	3	10	13	5	1	15	15	1	14	8	1	1	15	10	3	2	10	11	1	13	2	3	15	13	7	13	13	1	15	5	8	9	15	12	3	8	13	2	11	8	1	9	2	6	5	9	7	1	11	5	3	6	6	10	2	5	13	5	13	10	6	3	11	15	12	3	5	14	15	15	4	5	4	4	9	1	2	13	15	2	6	3	15	15	5	14	13	13	11	12	10	2	12	13	5	13	4	13	13	8	2	3	4	10	10	14	3	1	16	12	6	5	8	10	16	7	11	13	11	6	14	12	5	2	10	2	12	1	11	1	3	12	3	14	14	2	8	7	11	4	3	1	5	3	14	16	7	14	7	7	6	7	2	7	9	14	10	9	6	15	10	13	16	13	3	1	5	14	2	8	15	13	7	15	11	1	6	11	13	1	9	4	6	14	13	7	9	14	13	5	12	11	8	12	1	10	9	14	3	10	9	7	9	3	4	1	4	12	5	12	13	14	16	11	14	7	7	9	13	13	14	7	11	5	7	14	3	14	15	16	9	5	10	15	15	8	13	3	4	5	1	8	12	8	11	5	15	13	2	1	15	16	9	16	14	3	8	1	15	1	15	9	2	9	9	12	5	6	4	3	12	15	7	12	11	7	9	8	11	8	9	8	9	11	16	9	13	4	7	15	8	1	16	3	16	7	1	4	13	8	2	12	13	15	3	9	7	4	1	1	16	4	15	13	15	4	12	7	7	5	13	11	8	16	13	10	5	9	11	3	10	16	11	7	3	15	2	11	10	13	11	11	12	5	7	1	5	6	11	16	14	5	14	2	11	1	7	1	2	10	16	2	4	1	16	15	9	1	9	9	16	14	15	12	11	5	10	5	12	2	14	8	11	16	12	10	1	4	7	4	1	11	16	1	13	7	1	2	14	1	7	8	3	13	4	16	9	12	9	5	1	6	7	9	9	3	14	14	8	13	9	6	5	9	1	15	1	10	3	7	12	6	13	2	13	16	2	10	2	7	6	12	3	1	9	12	2	7	11	10	15	10	12	6	9	9	7	12	6	9	7	8	10	4	10	8	6	16	13	11	15	11	7	8	11	11	8	1	1	13	3	3	8	2	12	10	1	12	2	11	15	10	13	10	12	6	5	14	9	14	13	1	16	3	9	16	6	1	15	1	15	7	5	10	12	3	15	16	14	13	9	15	2	16	12	4	16	5	6	5	12	16	8	13	6	7	16	15	2	16	6	11	13	2	3	1	3	6	3	3	1	4	11	4	8	11	8	8	9	8	6	5	1	15	9	7	15	15	3	13	12	2	12	6	5	5	14	10	10	16	6	2	9	12	13	6	9	1	6	3	15	6	13	12	16	4	1	14	4	16	15	10	8	2	14	16	3	9	10	5	2	3	6	3	14	11	4	7	4	9	7	8	4	3	16	7	13	2	11	1	4	10	11	9	16	8	15	2	12	1	5	8	10	3	15	12	5	1	16	2	9	16	3	14	4	15	14	15	1	1	6	3	6	2	2	13	6	2	8	15	2	12	3	13	15	11	3	11	9	8	13	2	3	14	14	15	16	13	11	13	16	10	2	7	15	2	3	14	3	6	8	1	14	11	15	3	11	13	13	7	15	13	11	1	13	7	15	6	3	4	12	4	14	14	13	13	3	9	8	5	2	8	15	12	15	7	7	3	2	11	6	6	15	10	2	7	4	12	3	7	7	6	15	4	9	3	7	8	4	5	1	15	2	9	15	9	11	8	6	11	16	15	15	9	11	7	9	9	5	2	8	14	6	2	14	11	16	9	8	3	5	12	16	11	11	3	2	5	8	2	12	6	7	16	9	7	10	7	7	11	6	9	2	15	16	12	1	12	7	8	15	9	14	4	10	10	9	13	14	9	8	15	2	11	4	7	7	14	3	11	15	6	15	3	14	11	7	9	13	1	1	2	3	7	9	14	7	7	6	7	13	11	1	11	2	1	8	13	4	14	5	10	13	7	14	4	10	16	4	10	7	1	14	16	16	10	16	13	3	13	8	10	15	11	7	2	10	4	11	10	8	3	11	12	7	8	2	8	14	14	12	1	12	11	11	12	8	10	8	16	9	2	5	13	1	13	4	8	11	15	3	6	12	5	2	12	6	4	12	5	5	15	14	1	11	8	1	12	16	16	5	1	13	3	3	5	14	11	4	9	10	14	10	9	3	16	2	14	8	9	13	2	10	1	15	5	15	9	3	2	12	2	10	6	4	4	16	14	7	4	4	10	13	12	14	6	5	12	16	3	7	3	9	15	8	15	14	5	15	16	16	4	16	8	7	13	8	13	12	1	14	11	4	13	8	9	9	10	8	8	8	4	15	15	6	16	6	13	10	15	10	1	11	12	9	11	2	15	16	4	9	9	5	8	16	8	9	6	11	7	3	14	10	9	1	13	9	1	1	2	4	9	11	11	2	4	12	11	1	4	9	3	8	10	6	4	1	12	6	7	12	13	1	1	14	15	6	5	12	9	3	16	4	5	3	11	10	9	3	3	14	14	4	16	11	9	11	3	3	7	2	14	6	1	9	5	6	12	13	7	13	4	2	16	2	8	10	1	9	3	14	14	6	10	11	11	2	3	15	16	10	12	12	12	16	8	8	13	13	6	8	16	14	16	12	8	3	12	5	2	15	14	11	13	11	11	14	9	8	2	4	12	16	16	6	16	12	11	5	1	6	7	10	6	10	3	11	14	12	9	1	3	13	2	8	3	15	4	13	15	1	9	7	8	10	2	2	12	5	15	8	5	11	6	10	7	9	4	16	3	5	3	3	16	7	1	13	1	6	4	6	7	9	4	13	4	4	6	2	15	3	4	5	10	7	10	7	14	1	9	11	9	15	10	6	12	5	9	1	11	9	16	5	8	6	7	5	12	16	9	15	5	8	3	5	14	12	9	5	12	4	8	11	7	9	16	15	14	13	16	1	10	14	6	3	9	16	7	3	6	10	11	8	1	5	12	8	1	9	8	15	5	3	13	10	7	1	4	5	11	8	1	6	12	2	4	15	15	5	12	14	6	13	10	13	10	2	1	11	13	2	7	15	11	13	5	4	9	14	12	1	13	14	13	6	7	8	4	4	12	6	16	8	9	1	9	8	15	5	3	2	2	2	6	9	15	16	5	13	4	10	4	16	2	2	10	16	15	7	8	7	2	16	7	10	9	6	7	13	15	11	10	14	11	14	16	8	10	13	6	13	1	10	6	6	13	4	4	1	5	13	13	7	11	6	5	12	1	10	7	15	16	2	5	12	13	3	13	11	13	10	15	12	3	2	16	16	14	16	11	5	14	12	13	6	15	13	9	5	6	14	7	12	2	6	6	3	15	7	4	13	7	15	14	16	10	15	12	8	16	2	12	11	14	14	7	10	15	2	6	2	12	11	7	8	3	15	12	13	8	6	10	10	4	11	15	12	9	9	7	10	6	1	13	10	3	1	11	16	8	8	14	1	16	1	5	2	9	4	6	9	5	8	10	10	9	11	1	10	16	4	14	2	5	3	7	1	15	11	10	7	5	14	1	2	13	7	6	12	14	11	15	13	11	13	12	6	3	8	14	15	13	15	7	9	12	7	4	15	6	3	3	16	11	16	1	9	9	1	13	7	15	1	14	9	9	2	9	13	16	14	11	11	4	1	9	14	1	12	1	12	4	11	11	9	13	5	9	14	9	7	8	5	1	3	2	8	3	13	7	4	10	14	3	10	2	8	8	10	13	2	4	3	1	16	9	15	16	5	14	12	4	12	11	9	12	2	1	13	2	13	7	4	2	8	8	7	7	8	1	3	4	1	4	1	7	7	6	2	15	12	1	4	8	13	7	8	8	13	15	14	11	12	8	13	10	8	1	3	2	16	12	13	4	8	1	1	16	10	2	2	2	8	9	16	9	14	2	13	15	14	1	7	10	14	9	5	4	3	13	8	12	16	9	7	1	10	5	1	5	3	11	13	12	7	8	11	1	11	16	3	6	8	12	5	4	2	8	1	5	15	6	11	14	9	9	16	14	8	10	13	16	11	2	12	12	15	4	12	10	6	10	1	6	7	15	12	13	7	9	14	6	16	10	6	7	11	16	4	6	9	3	6	10	14	6	5	11	7	3	5	2	9	10	16	12	9	6	4	13	1	9	8	10	9	1	16	5	1	3	8	15	7	5	10	10	7	8	4	2	2	7	6	5	14	6	8	2	2	16	7	6	1	6	13	9	10	4	12	16	5	9	14	9	14	4	16	8	6	10	16	13	9	6	7	12	8	3	1	15	1	10	6	2	16	2	15	12	6	6	15	15	14	9	7	1	3	3	7	16	5	15	11	4	16	15	8	10	11	12	10	16	2	6	10	8	5	10	5	4	15	12	4	10	8	15	5	4	5	2	4	8	10	2	14	4	5	1	11	3	2	1	7	8	6	6	16	10	6	5	1	13	9	7	11	5	1	5	14	13	10	2	8	13	13	13	11	15	7	5	10	2	11	13	16	8	3	5	14	2	4	4	5	14	8	7	12	1	3	7	11	15	10	10	14	5	10	12	8	10	13	9	7	8	7	13	6	5	4	10	13	15	10	11	11	6	11	11	2	10	1	9	1	7	14	5	12	13	3	10	1	12	10	14	5	10	2	14	5	16	9	7	14	15	1	8	9	13	9	4	1	13	2	13	10	2	1	8	5	2	11	15	12	1	5	6	11	13	16	10	1	11	2	4	4	13	7	8	16	15	13	12	15	15	12	10	13	8	11	6	13	14	16	11	2	8	2	15	16	5	16	2	1	1	8	3	4	14	3	5	14	5	7	9	1	16	15	12	7	8	15	11	11	7	5	15	4	1	2	13	14	10	9	14	7	12	2	5	2	6	6	14	4	13	16	16	13	2	10	15	1	13	4	14	11	2	1	2	1	3	2	10	9	9	4	6	13	2	7	7	3	7	7	6	7	11	2	5	10	12	16	15	13	1	9	14	9	4	1	5	8	2	6	14	10	14	16	9	5	12	12	9	15	4	1	4	2	10	3	2	15	12	6	12	4	8	3	7	16	12	2	4	15	12	8	13	15	6	2	14	5	14	3	6	7	14	9	9	13	9	10	6	10	2	10	2	13	4	8	16	13	6	13	2	13	8	9	15	3	15	1	6	5	4	7	5	5	4	11	3	4	14	16	11	15	12	4	3	8	14	5	3	15	9	10	13	4	7	4	14	11	7	2	10	15	10	12	3	1	3	2	1	15	6	12	13	12	9	14	8	6	4	2	6	15	3	2	16	16	13	1	4	7	5	3	6	9	
860	1000	620	580	450	230	390	220	480	890	500	320	680	480	780	1000	970	270	350	430	140	680	560	620	370	430	180	720	970	140	200	340	250	360	970	500	890	120	550	960	890	170	580	160	720	510	760	680	800	130	600	190	430	180	380	170	940	160	580	600	190	130	650	830	260	560	410	160	750	670	530	990	620	590	520	280	460	970	890	730	940	390	360	780	730	700	200	590	350	900	740	710	290	520	620	930	960	820	110	410	940	720	250	110	540	810	460	300	110	500	890	770	830	840	620	300	890	540	830	660	810	130	500	270	370	660	620	400	870	120	200	590	250	850	910	750	670	490	910	780	740	730	870	970	820	310	540	670	450	650	630	480	550	720	840	310	770	530	730	900	100	340	850	740	300	910	320	260	100	610	850	410	250	140	950	680	720	660	720	310	230	590	360	700	730	960	230	960	220	900	780	410	910	210	770	730	350	690	130	1000	860	180	440	840	140	960	170	130	880	770	260	120	180	930	240	410	150	880	190	760	170	850	810	490	260	670	530	420	900	640	560	210	980	760	980	170	130	990	600	310	880	910	440	780	450	270	380	510	560	190	600	890	240	990	240	590	600	580	680	880	830	130	130	930	340	830	970	640	200	710	830	770	860	620	310	120	930	190	810	960	880	840	450	630	430	940	590	340	300	840	500	800	200	270	870	930	970	130	980	380	800	810	690	410	510	220	400	400	360	270	280	320	360	350	720	120	830	130	160	550	280	560	200	170	920	180	160	360	480	440	960	370	300	580	210	140	230	740	860	630	720	720	650	540	910	430	780	360	620	240	920	560	790	760	740	210	350	960	950	280	600	190	220	680	670	960	610	190	770	390	810	110	460	720	230	800	870	500	520	570	880	730	260	350	850	630	350	830	480	820	480	600	730	910	710	560	350	590	1000	800	230	100	720	270	750	740	260	380	220	940	750	270	820	570	640	200	490	500	140	110	130	310	300	790	730	300	940	780	800	130	960	810	770	920	340	990	620	310	140	150	930	380	890	330	280	340	390	140	680	550	330	620	920	160	670	390	620	980	840	170	880	520	200	530	770	440	380	350	860	760	280	870	530	530	930	840	630	510	590	620	140	460	810	750	280	320	190	370	380	720	480	120	150	370	940	840	270	820	800	940	390	450	460	980	660	630	890	850	740	280	310	760	590	540	190	770	1000	960	670	160	700	100	470	210	600	430	610	310	110	290	300	580	100	570	950	300	320	420	270	500	220	930	150	500	690	440	690	300	770	870	340	790	790	580	570	830	340	980	590	610	530	840	210	560	230	260	570	840	560	690	670	770	290	250	130	350	690	930	100	840	160	260	980	670	440	350	820	910	840	450	110	260	920	560	870	210	870	650	940	440	920	720	270	120	540	580	370	420	530	480	160	740	450	240	310	440	790	690	700	940	890	150	380	990	890	900	660	510	440	990	530	870	510	940	570	690	370	850	630	320	740	610	780	450	130	300	510	370	250	380	290	960	170	520	270	260	510	130	770	240	550	370	310	500	430	700	720	300	970	380	750	490	860	580	550	390	480	110	290	590	880	420	910	420	510	830	850	110	240	560	840	120	960	160	720	460	590	720	270	380	750	380	730	190	900	260	610	460	510	280	380	300	830	230	530	190	570	470	950	520	700	450	460	800	370	560	610	500	280	190	780	170	610	480	630	680	340	800	660	620	540	960	400	300	970	370	940	110	350	740	740	520	320	140	570	640	690	600	290	980	500	350	980	770	780	450	220	710	580	490	730	800	390	470	250	570	500	790	370	420	470	810	170	970	830	880	790	170	970	750	670	960	570	250	840	600	520	600	430	780	190	230	310	430	330	120	740	790	880	630	430	310	100	290	960	420	490	250	360	560	180	670	930	290	800	880	100	420	110	500	300	350	640	520	920	380	360	260	870	120	470	840	690	750	990	960	380	470	220	470	910	270	300	250	480	100	670	370	640	700	430	390	190	930	1000	400	610	590	780	790	520	190	830	380	470	630	720	450	140	430	710	110	630	650	340	560	820	110	300	420	660	570	350	460	890	940	620	850	270	980	250	100	920	630	890	220	510	700	960	390	370	890	970	890	550	460	690	340	190	200	760	820	630	750	900	270	690	410	430	870	930	420	430	720	660	260	250	290	280	870	780	540	970	650	520	110	900	720	250	880	650	170	760	460	860	500	280	340	160	810	670	400	100	860	450	640	350	360	720	980	580	910	530	900	540	440	330	350	890	290	170	420	680	580	260	820	370	650	120	500	780	240	500	690	700	310	720	260	980	910	690	870	470	530	900	240	490	630	610	740	620	270	520	700	660	760	360	650	270	120	900	430	170	770	320	990	330	560	620	180	310	750	640	120	660	520	200	870	470	440	490	130	710	480	200	970	380	650	280	750	240	520	710	750	160	650	650	550	790	630	570	270	430	630	350	960	410	530	850	330	940	280	860	690	570	250	320	250	220	100	740	980	880	390	430	590	980	840	250	400	880	820	960	420	920	280	330	220	710	400	960	800	720	740	1000	480	970	380	850	680	450	580	600	860	960	660	870	920	680	930	860	870	760	890	460	790	770	570	500	270	730	430	100	330	250	770	840	830	530	640	930	360	660	670	790	270	110	420	840	110	610	560	690	760	290	260	940	380	610	270	430	560	710	610	210	920	830	210	280	180	680	550	790	800	380	860	230	130	480	180	700	350	350	600	570	230	440	530	730	620	1000	620	700	280	920	910	810	190	200	820	690	110	390	460	460	700	820	900	830	310	880	570	980	790	710	630	590	640	700	1000	110	270	110	630	980	540	210	160	530	340	880	490	570	400	620	380	950	170	450	650	970	950	810	930	680	180	540	720	400	640	780	680	390	250	580	170	620	690	990	880	120	720	990	550	530	600	570	220	220	270	410	190	770	970	1000	150	170	620	790	130	590	780	660	480	710	610	620	900	1000	810	840	1000	770	320	930	290	140	530	110	140	650	580	220	870	420	820	210	700	700	490	800	530	250	470	380	240	990	830	880	700	590	480	340	840	270	330	700	250	140	570	230	260	280	400	170	870	890	620	500	830	910	980	200	490	170	760	200	780	740	550	400	520	200	570	170	170	650	560	500	860	440	310	300	460	440	870	700	530	210	360	190	680	540	710	330	600	880	1000	120	670	260	570	960	370	770	460	900	620	730	290	430	880	780	220	840	430	640	900	480	160	1000	690	780	940	990	520	860	630	330	660	520	310	170	840	330	300	860	490	890	440	240	900	620	500	500	990	970	670	890	140	340	820	290	930	440	210	330	330	260	510	410	850	410	1000	800	210	680	440	280	750	430	560	860	570	710	500	470	350	940	420	960	860	320	200	310	850	510	550	630	330	250	440	330	170	230	340	180	880	240	800	700	790	960	880	270	700	850	910	930	710	730	860	340	870	530	330	570	600	840	220	970	660	560	920	820	940	690	110	740	120	430	990	940	900	780	780	1000	740	770	110	200	800	850	270	150	490	720	160	780	990	930	480	220	230	650	730	280	1000	140	910	300	880	290	990	220	620	1000	430	640	550	640	860	620	440	520	280	130	270	790	450	100	850	610	420	120	350	780	250	940	300	980	750	1000	390	110	390	790	450	940	1000	710	100	670	980	660	260	980	160	240	640	790	910	990	900	180	840	330	290	430	280	330	460	920	280	820	820	820	600	640	590	730	340	830	450	520	610	400	680	920	360	660	280	470	400	940	570	320	920	170	790	510	890	840	290	170	230	280	860	450	970	920	290	100	390	680	110	740	200	180	930	980	190	700	680	800	830	820	640	300	640	390	130	420	820	730	990	390	110	220	750	840	790	720	440	710	1000	970	210	1000	870	290	270	810	190	920	340	940	960	850	240	440	420	210	290	470	330	730	720	610	530	440	280	100	430	380	490	810	340	890	210	810	760	870	540	880	800	490	710	670	200	820	620	400	540	870	790	600	770	940	160	480	830	200	990	750	390	150	310	250	930	540	150	450	410	940	550	140	950	340	720	430	540	790	340	160	110	610	940	710	580	890	700	820	160	630	230	790	1000	900	620	430	600	190	380	870	580	690	890	510	540	490	430	330	340	550	410	860	100	420	410	440	500	720	480	1000	470	260	790	420	460	880	360	360	380	770	930	350	290	570	160	480	990	110	470	770	260	870	460	440	880	520	180	320	410	670	230	500	160	640	100	180	910	980	700	900	790	270	250	480	750	460	310	930	890	300	170	430	970	910	920	890	240	200	390	830	560	770	250	320	540	190	150	330	150	810	330	790	280	470	970	630	880	670	490	220	770	950	430	480	800	940	830	900	260	820	490	810	670	480	940	760	290	850	110	740	180	540	340	280	620	890	530	100	330	390	780	220	460	360	170	700	140	430	650	370	140	630	810	390	850	190	350	430	580	900	570	390	350	190	650	990	970	410	920	400	250	780	830	250	570	710	760	250	480	290	400	420	140	370	500	440	540	190	970	780	500	920	130	310	970	380	270	240	460	130	860	630	510	940	360	530	530	530	910	300	460	520	830	520	340	390	650	250	150	120	810	240	660	840	980	200	880	670	600	290	940	900	970	920	810	210	360	470	610	980	130	360	350	740	800	450	700	300	840	600	530	470	190	560	760	310	410	780	130	590	960	320	580	720	820	430	400	190	460	710	240	770	880	650	1000	640	380	960	920	120	510	130	360	360	230	800	770	230	800	150	920	280	560	610	370	820	830	670	720	910	260	150	540	550	520	470	470	230	770	280	560	560	150	660	840	870	860	650	710	270	440	450	850	920	960	650	930	680	180	750	920	260	300	720	990	830	710	980	820	320	790	640	400	910	390	320	570	650	540	270	610	490	210	750	670	950	120	620	410	130	150	780	310	610	270	390	720	290	290	240	490	660	770	890	250	670	1000	250	230	200	330	230	490	700	160	600	300	170	650	960	370	430	520	400	800	430	940	450	730	530	800	260	300	250	150	790	730	370	260	290	660	740	670	880	790	730	810	300	130	1000	120	570	560	350	820	910	550	480	420	940	520	620	620	180	770	620	840	350	530	380	250	510	700	200	390	780	320	710	800	570	100	460	370	310	930	670	320	580	410	460	590	830	880	650	310	950	710	530	740	510	920	960	800	540	800	870	660	980	590	480	800	600	550	150	510	640	890	270	300	140	660	530	850	840	230	630	450	130	460	990	870	150	810	820	770	590	720	790	460	870	540	380	800	300	550	420	270	920	850	680	940	600	960	270	610	540	780	250	880	560	260	970	980	540	310	420	630	750	540	970	270	600	280	150	100	550	140	390	500	430	190	520	550	510	360	430	850	250	560	340	500	650	120	150	780	670	890	710	950	910	310	810	510	390	350	670	120	780	320	960	450	900	750	710	880	720	990	720	1000	550	590	440	990	940	750	920	880	690	520	520	860	460	610	200	490	840	160	400	920	660	100	670	760	820	670	280	200	440	860	910	110	840	550	150	440	340	660	550	740	740	610	420	320	590	610	990	350	810	820	160	650	420	920	400	970	200	730	280	510	780	540	150	300	530	450	140	470	340	590	710	800	120	110	630	710	250	720	290	620	240	280	570	350	710	290	360	640	840	850	160	780	820	740	450	480	720	820	750	820	140	950	580	860	350	600	770	130	740	110	240	960	570	810	850	680	840	110	800	470	650	990	950	960	160	1000	410	220	440	1000	150	420	990	870	470	360	910	270	760	730	140	640	260	220	480	370	380	610	740	380	130	830	100	110	600	330	400	720	860	350	190	360	520	470	300	720	730	210	480	700	870	720	280	130	340	150	190	120	590	880	860	610	360	600	210	520	320	540	210	880	440	540	930	250	480	840	190	840	910	510	800	280	410	330	240	700	780	590	180	340	530	510	780	930	750	910	140	520	590	750	480	880	490	750	160	550	260	930	460	1000	760	420	590	190	470	670	860	140	990	630	840	690	250	610	460	660	130	600	920	320	120	710	220	780	300	780	830	740	370	300	280	940	920	930	790	700	620	440	440	370	440	400	580	630	910	150	690	970	270	810	620	550	460	490	130	900	900	140	420	1000	240	290	370	650	610	500	440	140	370	660	880	150	720	710	290	260	790	560	340	800	390	920	240	940	460	310	430	150	950	220	770	700	600	280	670	810	800	670	820	980	780	200	580	300	800	660	610	160	400	890	870	930	470	780	640	420	350	320	720	250	500	690	430	150	400	290	440	360	750	970	320	390	750	590	140	780	560	480	390	940	920	680	1000	590	790	770	150	700	430	580	340	640	830	880	840	260	450	170	320	380	400	160	500	290	210	770	690	400	310	370	720	880	710	630	110	830	890	280	220	450	350	820	450	540	150	470	550	940	660	280	380	880	620	780	750	470	610	120	390	760	300	370	860	670	530	270	170	690	640	220	320	750	700	330	200	370	200	520	480	410	690	650	760	440	850	730	630	650	180	140	270	330	340	440	530	820	330	490	380	650	700	940	550	210	430	270	850	710	310	900	860	930	340	100	340	370	450	800	170	680	390	610	630	360	700	900	320	950	880	360	870	830	460	390	110	310	150	360	280	790	250	110	770	510	260	920	890	200	120	560	480	810	1000	250	190	240	580	540	150	540	620	660	400	150	220	740	170	260	180	540	310	230	550	630	990	120	370	170	290	300	690	890	630	780	200	270	160	500	460	630	720	950	320	840	650	320	870	310	120	750	180	520	670	360	530	220	590	750	430	740	410	750	660	450	630	320	850	140	630	420	170	170	350	950	760	790	450	310	910	780	620	170	540	550	720	620	570	730	220	180	460	230	710	820	200	890	130	780	740	780	600	430	950	680	800	500	540	840	130	180	150	640	150	850	930	920	570	770	850	760	730	320	480	460	700	140	660	230	800	860	530	540	290	780	950	310	650	740	550	500	180	110	150	600	560	120	960	440	740	940	240	650	250	990	420	580	940	700	770	230	630	720	810	970	520	120	350	190	570	140	600	370	810	220	650	850	290	810	260	640	480	780	830	760	240	110	840	570	700	320	620	760	710	910	540	290	550	240	700	990	740	970	310	820	680	830	500	540	240	880	120	540	360	790	640	520	310	760	420	780	710	930	910	850	740	650	770	490	460	740	760	940	600	240	500	170	310	480	330	400	750	580	790	480	670	760	590	890	260	300	840	770	410	870	730	580	1000	540	450	990	290	290	620	330	430	750	170	890	290	560	370	190	120	220	970	300	400	710	630	830	550	550	450	110	250	180	730	360	600	520	740	620	380	970	480	130	860	590	950	570	210	240	250	470	480	810	720	740	750	230	500	270	880	650	990	390	720	740	430	980	630	560	250	860	750	400	530	240	260	860	840	350	180	990	190	840	190	360	380	910	570	700	870	540	470	670	450	130	660	210	720	980	570	760	220	500	540	720	770	260	990	360	780	620	180	880	400	510	840	800	810	270	420	830	820	880	610	510	270	270	400	150	850	210	230	200	400	130	370	130	720	730	710	290	180	130	920	810	560	980	270	170	160	130	850	530	920	160	970	560	860	810	250	140	730	970	240	510	1000	680	700	330	1000	180	830	630	740	110	480	310	360	660	870	400	230	940	470	540	490	630	990	220	150	590	880	520	840	380	990	150	410	460	890	520	380	760	820	860	620	870	570	640	160	790	240	840	700	200	830	570	940	190	670	570	970	890	960	640	940	590	480	130	520	470	420	130	790	410	760	590	720	620	1000	760	320	780	720	690	940	890	570	160	830	220	740	210	180	530	830	100	100	880	290	330	190	850	610	330	870	370	620	670	700	720	650	740	500	950	280	480	250	130	720	980	610	900	270	380	610	760	970	640	560	630	720	870	350	730	510	740	540	320	210	760	180	630	880	520	740	910	400	890	900	670	870	240	120	320	420	580	100	610	110	770	370	120	850	650	460	710	610	960	180	410	280	680	750	170	870	600	990	
100
