3465
100
3
70
0	0	0	0	0	0	0	0	0	0	0	0	0	0	0	0	0	0	0	0	0	0	0	0	0	0	0	0	0	48	0	0	0	48	0	0	0	0	0	0	48	0	0	0	0	0	0	0	0	0	0	0	0	0	0	0	0	0	0	0	0	0	0	0	0	0	0	0	0	0	0	0	0	0	0	0	0	0	0	0	0	0	0	0	0	0	0	0	0	0	0	0	0	0	0	0	0	0	0	0	
0	0	0	0	0	0	0	0	0	0	48	0	0	0	0	0	0	0	0	0	0	0	0	0	0	0	0	0	0	0	0	0	0	0	0	0	0	0	0	0	0	48	0	0	0	0	0	0	0	0	0	0	0	0	0	0	0	0	0	0	0	0	0	0	0	0	0	0	0	0	48	0	0	0	0	0	0	0	0	0	0	0	0	0	0	0	0	0	0	0	0	0	0	0	0	0	0	0	0	0	
0	0	0	0	0	0	0	0	0	0	0	0	0	0	0	0	0	0	0	0	0	0	0	0	0	0	0	0	0	0	0	0	0	0	0	0	0	0	0	0	0	0	0	48	0	0	0	0	0	0	0	0	0	0	0	0	48	0	0	0	0	0	0	0	0	48	0	0	0	0	0	0	0	0	0	0	0	0	0	0	0	0	0	0	0	0	0	0	0	0	0	0	0	0	0	0	0	0	0	0	
0	0	0	0	0	0	0	0	0	0	0	0	0	0	0	0	0	0	0	0	0	0	0	0	0	0	0	0	0	0	0	0	0	0	0	0	0	48	0	0	0	0	0	0	0	0	0	0	0	0	0	0	0	0	0	0	0	0	0	0	0	0	0	0	0	0	0	0	0	0	0	0	0	0	0	0	0	0	0	0	0	0	0	0	0	48	0	0	0	0	0	0	0	0	0	48	0	0	0	0	
0	0	0	0	0	0	0	0	0	0	0	0	0	0	0	0	0	0	0	0	0	0	48	0	0	0	0	0	0	0	0	0	0	0	0	0	0	0	0	48	0	0	0	0	48	0	0	0	0	0	0	0	0	0	0	0	0	0	0	0	0	0	0	0	0	0	0	0	0	0	0	0	0	0	0	0	0	0	0	0	0	0	0	0	0	0	0	0	0	0	0	0	0	0	0	0	0	0	0	0	
0	0	0	0	0	0	0	0	0	0	0	0	0	0	0	0	0	0	0	0	0	48	0	0	0	0	0	48	0	0	0	0	0	0	0	0	0	0	0	0	0	0	0	0	0	0	0	0	0	0	0	0	0	0	0	0	0	0	0	0	0	0	0	0	0	0	0	0	0	0	48	0	0	0	0	0	0	0	0	0	0	0	0	0	0	0	0	0	0	0	0	0	0	0	0	0	0	0	0	0	
0	0	0	0	0	0	0	0	0	0	0	0	0	0	0	0	0	0	0	0	0	0	0	0	0	0	0	0	0	0	0	0	0	0	0	0	0	0	0	0	0	0	0	0	0	0	0	0	0	0	0	0	0	0	0	0	0	0	48	0	0	0	0	0	48	0	0	0	0	0	0	48	0	0	0	0	0	0	0	0	0	0	0	0	0	0	0	0	0	0	0	0	0	0	0	0	0	0	0	0	
0	0	0	0	0	0	0	0	0	0	0	0	0	0	0	0	0	0	0	0	0	0	0	0	0	0	0	0	0	0	0	0	0	0	0	0	0	0	0	0	0	0	0	0	0	0	0	0	0	0	0	0	0	0	0	0	0	0	48	0	0	0	0	0	0	0	0	0	0	0	0	48	0	0	0	0	0	0	48	0	0	0	0	0	0	0	0	0	0	0	0	0	0	0	0	0	0	0	0	0	
0	0	0	0	0	0	0	0	0	0	0	0	0	0	0	0	0	0	0	0	0	0	0	0	0	0	0	0	0	0	0	0	0	0	0	0	0	0	0	0	0	0	0	0	0	0	0	0	0	0	0	0	0	48	0	0	0	0	48	0	0	0	0	0	0	0	0	0	0	0	0	48	0	0	0	0	0	0	0	0	0	0	0	0	0	0	0	0	0	0	0	0	0	0	0	0	0	0	0	0	
0	0	0	0	0	0	0	0	0	0	0	0	0	0	0	0	0	0	0	0	0	0	0	0	0	0	0	0	0	0	0	48	0	0	0	48	0	0	0	0	48	0	0	0	0	0	0	0	0	0	0	0	0	0	0	0	0	0	0	0	0	0	0	0	0	0	0	0	0	0	0	0	0	0	0	0	0	0	0	0	0	0	0	0	0	0	0	0	0	0	0	0	0	0	0	0	0	0	0	0	
0	48	0	0	0	0	0	0	0	0	0	0	0	0	0	0	0	0	0	0	0	0	0	0	0	0	0	0	0	0	0	0	0	0	0	0	0	0	0	0	0	48	0	0	0	0	0	0	0	0	0	0	0	0	0	0	0	0	0	0	0	0	0	0	0	0	0	0	0	0	48	0	0	0	0	0	0	0	0	0	0	0	0	0	0	0	0	0	0	0	0	0	0	0	0	0	0	0	0	0	
0	0	0	0	0	0	0	0	0	0	0	0	0	0	0	0	0	0	0	0	0	0	0	0	0	0	48	0	0	0	0	0	0	48	0	0	0	0	48	0	0	0	0	0	0	0	0	0	0	0	0	0	0	0	0	0	0	0	0	0	0	0	0	0	0	0	0	0	0	0	0	0	0	0	0	0	0	0	0	0	0	0	0	0	0	0	0	0	0	0	0	0	0	0	0	0	0	0	0	0	
0	0	0	0	0	0	0	0	0	0	0	0	0	0	0	0	0	0	0	0	0	0	0	0	0	0	0	0	0	0	0	0	0	0	0	0	0	0	0	0	0	0	0	48	0	0	0	0	0	0	0	0	0	0	0	0	48	0	0	0	0	0	0	0	0	0	0	0	0	0	0	0	0	0	0	0	0	0	0	0	0	0	0	0	48	0	0	0	0	0	0	0	0	0	0	0	0	0	0	0	
0	0	0	0	0	0	0	0	0	0	0	0	0	0	0	0	0	0	0	0	0	0	0	0	0	0	0	0	0	0	0	0	0	0	0	0	0	0	0	0	0	0	0	0	0	0	0	0	0	0	0	0	0	48	0	0	0	0	0	0	0	0	0	0	0	0	0	0	0	0	0	0	0	0	0	0	0	0	0	0	48	0	0	0	0	0	0	0	0	0	0	48	0	0	0	0	0	0	0	0	
0	0	0	0	0	0	0	0	0	0	0	0	0	0	0	0	0	0	0	0	0	0	0	0	0	48	0	0	0	0	0	0	0	0	0	0	0	0	0	0	0	0	0	0	0	48	0	0	0	48	0	0	0	0	0	0	0	0	0	0	0	0	0	0	0	0	0	0	0	0	0	0	0	0	0	0	0	0	0	0	0	0	0	0	0	0	0	0	0	0	0	0	0	0	0	0	0	0	0	0	
0	0	0	0	0	0	0	0	0	0	0	0	0	0	0	0	0	0	0	0	0	0	0	0	0	0	0	0	0	0	0	0	0	0	0	0	0	0	0	0	0	0	0	0	0	0	0	0	0	0	0	0	0	0	0	48	0	0	0	0	0	0	0	0	0	0	0	0	0	0	0	0	0	0	0	0	0	0	0	0	0	0	0	0	0	0	0	0	0	0	0	48	0	0	48	0	0	0	0	0	
0	0	0	0	0	0	0	0	0	0	0	0	0	0	0	0	0	0	0	0	0	0	0	0	0	0	0	0	0	0	0	48	0	0	0	0	0	0	0	0	0	0	0	0	0	0	0	0	0	0	0	0	0	0	0	0	0	0	0	0	0	0	0	0	0	0	0	0	48	0	0	0	0	0	0	0	48	0	0	0	0	0	0	0	0	0	0	0	0	0	0	0	0	0	0	0	0	0	0	0	
0	0	0	0	0	0	0	0	0	0	0	0	0	0	0	0	0	0	0	0	0	0	0	0	0	0	0	0	0	0	0	0	0	0	0	0	0	0	0	0	0	0	0	0	0	0	0	0	0	0	0	0	0	0	0	0	0	0	0	0	0	0	0	0	48	0	0	0	0	0	0	0	0	0	48	0	0	0	0	0	0	0	0	0	0	0	0	0	0	0	48	0	0	0	0	0	0	0	0	0	
0	0	0	0	0	0	0	0	0	0	0	0	0	0	0	0	0	0	0	0	0	0	0	0	0	0	0	0	0	0	0	0	0	0	0	0	0	0	0	0	0	0	0	0	0	0	0	0	0	0	0	0	0	48	0	0	0	0	0	0	0	0	0	0	48	0	0	0	0	0	0	0	0	0	48	0	0	0	0	0	0	0	0	0	0	0	0	0	0	0	0	0	0	0	0	0	0	0	0	0	
0	0	0	0	0	0	0	0	0	0	0	0	0	0	0	0	0	0	0	0	0	0	0	48	0	0	0	0	0	0	0	0	0	0	0	0	0	0	0	0	0	0	0	0	0	0	0	0	0	0	0	48	0	0	0	0	0	0	0	0	0	0	0	0	0	0	0	0	0	48	0	0	0	0	0	0	0	0	0	0	0	0	0	0	0	0	0	0	0	0	0	0	0	0	0	0	0	0	0	0	
0	0	0	0	0	0	0	0	0	0	0	0	0	0	0	0	0	0	0	0	0	0	0	0	0	0	0	0	0	0	0	0	0	0	0	0	0	0	0	0	0	0	0	0	0	0	0	0	0	0	0	48	0	0	0	0	0	0	0	0	0	0	0	0	0	0	0	0	0	0	0	0	0	0	0	0	0	0	0	48	0	0	0	0	0	0	0	0	0	48	0	0	0	0	0	0	0	0	0	0	
0	0	0	0	0	48	0	0	0	0	0	0	0	0	0	0	0	0	0	0	0	0	0	0	0	0	48	48	0	0	0	0	0	0	0	0	0	0	0	0	0	0	0	0	0	0	0	0	0	0	0	0	0	0	0	0	0	0	0	0	0	0	0	0	0	0	0	0	0	0	0	0	0	0	0	0	0	0	0	0	0	0	0	0	0	0	0	0	0	0	0	0	0	0	0	0	0	0	0	0	
0	0	0	0	48	0	0	0	0	0	0	0	0	0	0	0	0	0	0	0	0	0	0	0	0	0	0	0	0	0	0	0	0	0	0	0	0	0	0	48	0	0	0	0	0	0	0	0	0	0	0	0	0	0	0	0	0	0	0	0	0	0	48	0	0	0	0	0	0	0	0	0	0	0	0	0	0	0	0	0	0	0	0	0	0	0	0	0	0	0	0	0	0	0	0	0	0	0	0	0	
0	0	0	0	0	0	0	0	0	0	0	0	0	0	0	0	0	0	0	48	0	0	0	0	0	0	0	0	0	0	0	0	0	0	48	0	0	0	0	0	0	0	0	0	0	0	0	0	48	0	0	0	0	0	0	0	0	0	0	0	0	0	0	0	0	0	0	0	0	0	0	0	0	0	0	0	0	0	0	0	0	0	0	0	0	0	0	0	0	0	0	0	0	0	0	0	0	0	0	0	
0	0	0	0	0	0	0	0	0	0	0	0	0	0	0	0	0	0	0	0	0	0	0	0	0	0	0	0	0	0	0	0	0	0	0	0	0	0	0	0	0	0	0	0	0	0	0	0	0	0	0	0	0	0	0	0	0	0	0	0	0	0	0	0	0	0	0	0	0	0	0	0	0	0	0	0	0	0	48	48	0	0	0	0	0	0	0	0	0	48	0	0	0	0	0	0	0	0	0	0	
0	0	0	0	0	0	0	0	0	0	0	0	0	0	48	0	0	0	0	0	0	0	0	0	0	0	0	0	0	0	0	0	0	0	0	0	0	0	0	0	0	0	0	0	0	0	0	0	0	48	0	0	0	0	0	0	0	0	0	0	0	0	0	0	0	0	0	0	0	0	0	0	48	0	0	0	0	0	0	0	0	0	0	0	0	0	0	0	0	0	0	0	0	0	0	0	0	0	0	0	
0	0	0	0	0	0	0	0	0	0	0	48	0	0	0	0	0	0	0	0	0	48	0	0	0	0	0	0	0	0	0	0	0	0	0	0	0	0	0	0	0	0	0	0	0	0	0	0	0	0	0	0	0	0	0	0	0	0	0	0	0	0	0	0	0	0	0	0	0	0	0	0	0	0	0	0	0	0	0	0	0	0	0	0	0	0	0	0	0	0	0	0	0	0	0	0	0	0	0	48	
0	0	0	0	0	48	0	0	0	0	0	0	0	0	0	0	0	0	0	0	0	48	0	0	0	0	0	0	0	0	0	0	0	0	0	0	0	0	0	0	0	48	0	0	0	0	0	0	0	0	0	0	0	0	0	0	0	0	0	0	0	0	0	0	0	0	0	0	0	0	0	0	0	0	0	0	0	0	0	0	0	0	0	0	0	0	0	0	0	0	0	0	0	0	0	0	0	0	0	0	
0	0	0	0	0	0	0	0	0	0	0	0	0	0	0	0	0	0	0	0	0	0	0	0	0	0	0	0	0	0	0	0	0	0	0	0	0	0	0	0	0	0	0	0	0	0	0	0	0	0	0	0	0	0	0	0	0	48	0	0	0	0	0	0	0	0	0	0	0	0	0	0	0	0	0	0	0	0	0	0	0	48	0	48	0	0	0	0	0	0	0	0	0	0	0	0	0	0	0	0	
48	0	0	0	0	0	0	0	0	0	0	0	0	0	0	0	0	0	0	0	0	0	0	0	0	0	0	0	0	0	0	0	0	48	0	0	0	0	0	0	0	0	0	0	0	0	0	0	0	0	0	0	0	0	0	0	0	0	0	0	0	48	0	0	0	0	0	0	0	0	0	0	0	0	0	0	0	0	0	0	0	0	0	0	0	0	0	0	0	0	0	0	0	0	0	0	0	0	0	0	
0	0	0	0	0	0	0	0	0	0	0	0	0	0	0	0	0	0	0	0	0	0	0	0	0	0	0	0	0	0	0	0	0	0	0	0	0	0	0	0	0	0	0	0	0	0	0	48	0	0	0	0	0	0	0	0	0	0	0	0	0	0	0	0	0	0	0	48	0	0	0	0	0	0	0	0	0	0	0	0	0	0	48	0	0	0	0	0	0	0	0	0	0	0	0	0	0	0	0	0	
0	0	0	0	0	0	0	0	0	48	0	0	0	0	0	0	48	0	0	0	0	0	0	0	0	0	0	0	0	0	0	0	0	0	0	0	0	0	0	0	0	0	0	0	0	0	0	0	0	0	0	0	0	0	0	0	0	0	0	0	0	0	0	0	0	0	0	0	48	0	0	0	0	0	0	0	0	0	0	0	0	0	0	0	0	0	0	0	0	0	0	0	0	0	0	0	0	0	0	0	
0	0	0	0	0	0	0	0	0	0	0	0	0	0	0	0	0	0	0	0	0	0	0	0	0	0	0	0	0	0	0	0	0	0	0	0	0	0	0	0	0	0	0	0	0	48	0	0	0	0	0	0	0	0	0	0	0	0	0	48	0	0	48	0	0	0	0	0	0	0	0	0	0	0	0	0	0	0	0	0	0	0	0	0	0	0	0	0	0	0	0	0	0	0	0	0	0	0	0	0	
48	0	0	0	0	0	0	0	0	0	0	48	0	0	0	0	0	0	0	0	0	0	0	0	0	0	0	0	0	48	0	0	0	0	0	0	0	0	0	0	0	0	0	0	0	0	0	0	0	0	0	0	0	0	0	0	0	0	0	0	0	0	0	0	0	0	0	0	0	0	0	0	0	0	0	0	0	0	0	0	0	0	0	0	0	0	0	0	0	0	0	0	0	0	0	0	0	0	0	0	
0	0	0	0	0	0	0	0	0	0	0	0	0	0	0	0	0	0	0	0	0	0	0	48	0	0	0	0	0	0	0	0	0	0	0	0	0	0	0	0	0	0	0	0	0	0	0	0	48	0	0	0	0	0	0	0	0	0	0	0	0	0	0	0	0	0	0	0	0	48	0	0	0	0	0	0	0	0	0	0	0	0	0	0	0	0	0	0	0	0	0	0	0	0	0	0	0	0	0	0	
0	0	0	0	0	0	0	0	0	48	0	0	0	0	0	0	0	0	0	0	0	0	0	0	0	0	0	0	0	0	0	0	0	0	0	0	0	0	0	0	48	0	0	0	0	0	0	0	0	0	0	0	0	0	0	0	0	0	0	0	0	48	0	0	0	0	0	0	0	0	0	0	0	0	0	0	0	0	0	0	0	0	0	0	0	0	0	0	0	0	0	0	0	0	0	0	0	0	0	0	
0	0	0	0	0	0	0	0	0	0	0	0	0	0	0	0	0	0	0	0	0	0	0	0	0	0	0	0	0	0	0	0	0	0	0	0	0	48	0	0	0	0	0	48	0	0	0	0	0	0	0	0	0	0	0	0	0	0	0	0	0	0	0	0	0	0	0	0	0	0	0	0	0	0	0	0	0	0	0	0	0	0	0	0	0	48	0	0	0	0	0	0	0	0	0	0	0	0	0	0	
0	0	0	48	0	0	0	0	0	0	0	0	0	0	0	0	0	0	0	0	0	0	0	0	0	0	0	0	0	0	0	0	0	0	0	0	48	0	0	0	0	0	0	0	0	0	0	0	0	0	0	0	0	0	0	0	0	0	0	0	0	0	0	0	0	0	0	0	0	0	0	0	0	0	0	0	0	0	0	0	0	0	0	0	0	0	0	0	0	0	0	0	0	0	0	48	0	0	0	0	
0	0	0	0	0	0	0	0	0	0	0	48	0	0	0	0	0	0	0	0	0	0	0	0	0	0	0	0	0	0	0	0	0	0	0	0	0	0	0	0	0	0	0	0	0	0	0	0	0	0	48	0	0	0	0	0	0	0	0	0	0	0	0	0	0	0	0	48	0	0	0	0	0	0	0	0	0	0	0	0	0	0	0	0	0	0	0	0	0	0	0	0	0	0	0	0	0	0	0	0	
0	0	0	0	48	0	0	0	0	0	0	0	0	0	0	0	0	0	0	0	0	0	48	0	0	0	0	0	0	0	0	0	0	0	0	0	0	0	0	0	0	0	0	0	0	0	0	0	0	0	0	0	0	0	0	0	0	0	0	48	0	0	0	0	0	0	0	0	0	0	0	0	0	0	0	0	0	0	0	0	0	0	0	0	0	0	0	0	0	0	0	0	0	0	0	0	0	0	0	0	
48	0	0	0	0	0	0	0	0	48	0	0	0	0	0	0	0	0	0	0	0	0	0	0	0	0	0	0	0	0	0	0	0	0	0	48	0	0	0	0	0	0	0	0	0	0	0	0	0	0	0	0	0	0	0	0	0	0	0	0	0	0	0	0	0	0	0	0	0	0	0	0	0	0	0	0	0	0	0	0	0	0	0	0	0	0	0	0	0	0	0	0	0	0	0	0	0	0	0	0	
0	48	0	0	0	0	0	0	0	0	48	0	0	0	0	0	0	0	0	0	0	0	0	0	0	0	0	48	0	0	0	0	0	0	0	0	0	0	0	0	0	0	0	0	0	0	0	0	0	0	0	0	0	0	0	0	0	0	0	0	0	0	0	0	0	0	0	0	0	0	0	0	0	0	0	0	0	0	0	0	0	0	0	0	0	0	0	0	0	0	0	0	0	0	0	0	0	0	0	0	
0	0	0	0	0	0	0	0	0	0	0	0	0	0	0	0	0	0	0	0	0	0	0	0	0	0	0	0	0	0	0	0	0	0	0	0	0	0	0	0	0	0	0	0	0	0	0	0	0	0	0	0	0	0	0	0	0	0	0	0	0	0	0	0	0	0	0	0	0	0	0	0	0	0	48	0	48	0	0	0	0	0	0	0	0	0	0	0	0	0	48	0	0	0	0	0	0	0	0	0	
0	0	48	0	0	0	0	0	0	0	0	0	48	0	0	0	0	0	0	0	0	0	0	0	0	0	0	0	0	0	0	0	0	0	0	0	48	0	0	0	0	0	0	0	0	0	0	0	0	0	0	0	0	0	0	0	0	0	0	0	0	0	0	0	0	0	0	0	0	0	0	0	0	0	0	0	0	0	0	0	0	0	0	0	0	0	0	0	0	0	0	0	0	0	0	0	0	0	0	0	
0	0	0	0	48	0	0	0	0	0	0	0	0	0	0	0	0	0	0	0	0	0	0	0	0	0	0	0	0	0	0	0	0	0	0	0	0	0	0	0	0	0	0	0	0	0	0	0	0	0	0	0	48	0	0	0	0	0	0	0	0	0	0	0	0	0	0	0	0	0	0	0	0	0	0	0	0	0	0	0	0	0	0	48	0	0	0	0	0	0	0	0	0	0	0	0	0	0	0	0	
0	0	0	0	0	0	0	0	0	0	0	0	0	0	48	0	0	0	0	0	0	0	0	0	0	0	0	0	0	0	0	0	48	0	0	0	0	0	0	0	0	0	0	0	0	0	0	0	0	48	0	0	0	0	0	0	0	0	0	0	0	0	0	0	0	0	0	0	0	0	0	0	0	0	0	0	0	0	0	0	0	0	0	0	0	0	0	0	0	0	0	0	0	0	0	0	0	0	0	0	
0	0	0	0	0	0	0	0	0	0	0	0	0	0	0	0	0	0	0	0	0	0	0	0	0	0	0	0	0	0	0	0	0	0	0	0	0	0	0	0	0	0	0	0	0	0	0	0	0	0	0	0	0	0	0	0	0	0	0	0	0	0	0	0	0	0	0	0	48	0	0	0	0	0	0	0	0	0	0	0	0	0	0	0	48	0	0	0	0	0	48	0	0	0	0	0	0	0	0	0	
0	0	0	0	0	0	0	0	0	0	0	0	0	0	0	0	0	0	0	0	0	0	0	0	0	0	0	0	0	0	48	0	0	0	0	0	0	0	0	0	0	0	0	0	0	0	0	0	0	0	0	0	0	0	0	0	0	0	0	0	0	0	0	0	0	0	0	0	0	0	0	0	0	0	0	0	0	0	0	0	0	0	48	0	0	0	0	0	0	0	0	0	0	0	0	0	0	48	0	0	
0	0	0	0	0	0	0	0	0	0	0	0	0	0	0	0	0	0	0	0	0	0	0	48	0	0	0	0	0	0	0	0	0	0	48	0	0	0	0	0	0	0	0	0	0	0	0	0	0	0	0	0	0	0	0	0	0	0	0	0	0	0	0	0	0	0	0	0	0	48	0	0	0	0	0	0	0	0	0	0	0	0	0	0	0	0	0	0	0	0	0	0	0	0	0	0	0	0	0	0	
0	0	0	0	0	0	0	0	0	0	0	0	0	0	48	0	0	0	0	0	0	0	0	0	0	48	0	0	0	0	0	0	0	0	0	0	0	0	0	0	0	0	0	0	0	48	0	0	0	0	0	0	0	0	0	0	0	0	0	0	0	0	0	0	0	0	0	0	0	0	0	0	0	0	0	0	0	0	0	0	0	0	0	0	0	0	0	0	0	0	0	0	0	0	0	0	0	0	0	0	
0	0	0	0	0	0	0	0	0	0	0	0	0	0	0	0	0	0	0	0	0	0	0	0	0	0	0	0	0	0	0	0	0	0	0	0	0	0	48	0	0	0	0	0	0	0	0	0	0	0	0	0	0	0	0	0	0	0	0	0	0	48	0	0	0	0	0	48	0	0	0	0	0	0	0	0	0	0	0	0	0	0	0	0	0	0	0	0	0	0	0	0	0	0	0	0	0	0	0	0	
0	0	0	0	0	0	0	0	0	0	0	0	0	0	0	0	0	0	0	48	48	0	0	0	0	0	0	0	0	0	0	0	0	0	0	0	0	0	0	0	0	0	0	0	0	0	0	0	0	0	0	0	0	0	0	0	0	0	0	0	0	0	0	0	0	0	0	0	0	0	0	0	0	0	0	0	0	0	0	0	0	0	0	0	0	0	0	0	0	48	0	0	0	0	0	0	0	0	0	0	
0	0	0	0	0	0	0	0	0	0	0	0	0	0	0	0	0	0	0	0	0	0	0	0	0	0	0	0	0	0	0	0	0	0	0	0	0	0	0	0	0	0	0	0	48	0	0	0	0	0	0	0	0	0	0	0	0	48	0	0	0	0	0	0	0	0	0	0	0	0	0	0	0	0	0	0	0	0	0	0	0	0	0	48	0	0	0	0	0	0	0	0	0	0	0	0	0	0	0	0	
0	0	0	0	0	0	0	0	48	0	0	0	0	48	0	0	0	0	48	0	0	0	0	0	0	0	0	0	0	0	0	0	0	0	0	0	0	0	0	0	0	0	0	0	0	0	0	0	0	0	0	0	0	0	0	0	0	0	0	0	0	0	0	0	0	0	0	0	0	0	0	0	0	0	0	0	0	0	0	0	0	0	0	0	0	0	0	0	0	0	0	0	0	0	0	0	0	0	0	0	
0	0	0	0	0	0	0	0	0	0	0	0	0	0	0	0	0	0	0	0	0	0	0	0	0	0	0	0	0	0	0	0	0	0	0	0	0	0	0	0	0	0	0	0	0	0	0	0	0	0	0	0	0	0	0	48	0	0	0	0	0	0	0	0	0	0	0	0	0	0	0	0	48	48	0	0	0	0	0	0	0	0	0	0	0	0	0	0	0	0	0	0	0	0	0	0	0	0	0	0	
0	0	0	0	0	0	0	0	0	0	0	0	0	0	0	48	0	0	0	0	0	0	0	0	0	0	0	0	0	0	0	0	0	0	0	0	0	0	0	0	0	0	0	0	0	0	0	0	0	0	0	0	0	0	48	0	0	0	0	0	0	0	0	0	0	0	0	0	0	0	0	0	0	48	0	0	0	0	0	0	0	0	0	0	0	0	0	0	0	0	0	0	0	0	0	0	0	0	0	0	
0	0	48	0	0	0	0	0	0	0	0	0	48	0	0	0	0	0	0	0	0	0	0	0	0	0	0	0	0	0	0	0	0	0	0	0	0	0	0	0	0	0	0	0	0	0	0	0	0	0	0	0	0	0	0	0	0	0	0	0	0	0	0	0	0	0	0	0	0	0	0	0	0	0	0	0	0	0	0	0	0	0	0	0	48	0	0	0	0	0	0	0	0	0	0	0	0	0	0	0	
0	0	0	0	0	0	0	0	0	0	0	0	0	0	0	0	0	0	0	0	0	0	0	0	0	0	0	0	48	0	0	0	0	0	0	0	0	0	0	0	0	0	0	0	0	0	0	0	0	0	0	0	48	0	0	0	0	0	0	0	0	0	0	0	0	0	48	0	0	0	0	0	0	0	0	0	0	0	0	0	0	0	0	0	0	0	0	0	0	0	0	0	0	0	0	0	0	0	0	0	
0	0	0	0	0	0	48	48	48	0	0	0	0	0	0	0	0	0	0	0	0	0	0	0	0	0	0	0	0	0	0	0	0	0	0	0	0	0	0	0	0	0	0	0	0	0	0	0	0	0	0	0	0	0	0	0	0	0	0	0	0	0	0	0	0	0	0	0	0	0	0	0	0	0	0	0	0	0	0	0	0	0	0	0	0	0	0	0	0	0	0	0	0	0	0	0	0	0	0	0	
0	0	0	0	0	0	0	0	0	0	0	0	0	0	0	0	0	0	0	0	0	0	0	0	0	0	0	0	0	0	0	0	48	0	0	0	0	0	0	48	0	0	0	0	0	0	0	0	0	0	0	0	0	0	0	0	0	0	0	0	0	0	48	0	0	0	0	0	0	0	0	0	0	0	0	0	0	0	0	0	0	0	0	0	0	0	0	0	0	0	0	0	0	0	0	0	0	0	0	0	
0	0	0	0	0	0	0	0	0	0	0	0	0	0	0	0	0	0	0	0	0	0	0	0	0	0	0	0	0	0	0	0	0	0	0	0	0	0	0	0	0	0	0	0	0	0	0	0	0	0	0	0	0	0	0	0	0	0	0	0	0	0	0	48	0	0	0	0	0	0	0	0	0	0	0	0	0	0	0	0	0	0	0	0	0	0	0	0	48	0	0	0	48	0	0	0	0	0	0	0	
0	0	0	0	0	0	0	0	0	0	0	0	0	0	0	0	0	0	0	0	0	0	0	0	0	0	0	0	0	48	0	0	0	0	0	48	0	0	0	0	0	0	0	0	0	0	0	0	0	0	48	0	0	0	0	0	0	0	0	0	0	0	0	0	0	0	0	0	0	0	0	0	0	0	0	0	0	0	0	0	0	0	0	0	0	0	0	0	0	0	0	0	0	0	0	0	0	0	0	0	
0	0	0	0	0	0	0	0	0	0	0	0	0	0	0	0	0	0	0	0	0	0	48	0	0	0	0	0	0	0	0	0	48	0	0	0	0	0	0	0	0	0	0	0	0	0	0	0	0	0	0	0	0	0	0	0	0	0	0	48	0	0	0	0	0	0	0	0	0	0	0	0	0	0	0	0	0	0	0	0	0	0	0	0	0	0	0	0	0	0	0	0	0	0	0	0	0	0	0	0	
0	0	0	0	0	0	0	0	0	0	0	0	0	0	0	0	0	0	0	0	0	0	0	0	0	0	0	0	0	0	0	0	0	0	0	0	0	0	0	0	0	0	0	0	0	0	0	0	0	0	0	0	0	0	0	0	0	0	0	0	48	0	0	0	0	0	0	0	0	0	0	0	0	0	0	0	0	0	0	0	0	0	0	0	0	0	0	0	48	0	0	0	48	0	0	0	0	0	0	0	
0	0	0	0	0	0	48	0	0	0	0	0	0	0	0	0	0	48	48	0	0	0	0	0	0	0	0	0	0	0	0	0	0	0	0	0	0	0	0	0	0	0	0	0	0	0	0	0	0	0	0	0	0	0	0	0	0	0	0	0	0	0	0	0	0	0	0	0	0	0	0	0	0	0	0	0	0	0	0	0	0	0	0	0	0	0	0	0	0	0	0	0	0	0	0	0	0	0	0	0	
0	0	48	0	0	0	0	0	0	0	0	0	0	0	0	0	0	0	0	0	0	0	0	0	0	0	0	0	0	0	0	0	0	0	0	0	0	0	0	0	0	0	0	0	0	0	0	0	0	0	0	0	0	0	0	0	0	0	0	0	0	0	0	0	0	0	0	0	0	0	0	0	0	0	0	0	0	0	0	0	0	0	0	0	0	48	0	0	0	0	0	0	0	0	0	48	0	0	0	0	
0	0	0	0	0	0	0	0	0	0	0	0	0	0	0	0	0	0	0	0	0	0	0	0	0	0	0	0	0	0	0	0	0	0	0	0	0	0	0	0	0	0	0	0	0	0	0	0	0	0	0	0	0	0	0	0	0	48	0	0	0	0	0	0	0	0	0	0	0	0	0	0	0	0	0	0	0	48	0	0	0	48	0	0	0	0	0	0	0	0	0	0	0	0	0	0	0	0	0	0	
0	0	0	0	0	0	0	0	0	0	0	0	0	0	0	0	0	0	0	0	0	0	0	0	0	0	0	0	0	0	48	0	0	0	0	0	0	0	48	0	0	0	0	0	0	0	0	0	0	0	48	0	0	0	0	0	0	0	0	0	0	0	0	0	0	0	0	0	0	0	0	0	0	0	0	0	0	0	0	0	0	0	0	0	0	0	0	0	0	0	0	0	0	0	0	0	0	0	0	0	
0	0	0	0	0	0	0	0	0	0	0	0	0	0	0	0	48	0	0	0	0	0	0	0	0	0	0	0	0	0	0	48	0	0	0	0	0	0	0	0	0	0	0	0	0	0	48	0	0	0	0	0	0	0	0	0	0	0	0	0	0	0	0	0	0	0	0	0	0	0	0	0	0	0	0	0	0	0	0	0	0	0	0	0	0	0	0	0	0	0	0	0	0	0	0	0	0	0	0	0	
0	0	0	0	0	0	0	0	0	0	0	0	0	0	0	0	0	0	0	48	0	0	0	0	0	0	0	0	0	0	0	0	0	0	48	0	0	0	0	0	0	0	0	0	0	0	0	0	48	0	0	0	0	0	0	0	0	0	0	0	0	0	0	0	0	0	0	0	0	0	0	0	0	0	0	0	0	0	0	0	0	0	0	0	0	0	0	0	0	0	0	0	0	0	0	0	0	0	0	0	
0	48	0	0	0	48	0	0	0	0	48	0	0	0	0	0	0	0	0	0	0	0	0	0	0	0	0	0	0	0	0	0	0	0	0	0	0	0	0	0	0	0	0	0	0	0	0	0	0	0	0	0	0	0	0	0	0	0	0	0	0	0	0	0	0	0	0	0	0	0	0	0	0	0	0	0	0	0	0	0	0	0	0	0	0	0	0	0	0	0	0	0	0	0	0	0	0	0	0	0	
0	0	0	0	0	0	48	48	48	0	0	0	0	0	0	0	0	0	0	0	0	0	0	0	0	0	0	0	0	0	0	0	0	0	0	0	0	0	0	0	0	0	0	0	0	0	0	0	0	0	0	0	0	0	0	0	0	0	0	0	0	0	0	0	0	0	0	0	0	0	0	0	0	0	0	0	0	0	0	0	0	0	0	0	0	0	0	0	0	0	0	0	0	0	0	0	0	0	0	0	
0	0	0	0	0	0	0	0	0	0	0	0	0	0	0	0	0	0	0	0	0	0	0	0	0	48	0	0	0	0	0	0	0	0	0	0	0	0	0	0	0	0	0	0	0	0	0	0	0	0	0	0	0	0	48	0	0	0	0	0	0	0	0	0	0	0	0	0	0	0	0	0	0	0	0	0	0	0	0	0	0	0	0	0	0	0	0	0	0	0	0	0	0	0	48	0	0	0	0	0	
0	0	0	0	0	0	0	0	0	0	0	0	0	0	0	0	0	0	0	0	0	0	0	0	0	0	0	0	0	0	0	0	0	0	0	0	0	0	0	0	0	0	0	0	0	0	0	0	0	0	0	0	0	0	48	48	0	0	0	0	0	0	0	0	0	0	0	0	0	0	0	0	0	0	0	0	0	0	0	0	0	0	0	0	0	0	0	0	0	0	0	0	0	48	0	0	0	0	0	0	
0	0	0	0	0	0	0	0	0	0	0	0	0	0	0	0	0	48	48	0	0	0	0	0	0	0	0	0	0	0	0	0	0	0	0	0	0	0	0	0	0	0	48	0	0	0	0	0	0	0	0	0	0	0	0	0	0	0	0	0	0	0	0	0	0	0	0	0	0	0	0	0	0	0	0	0	0	0	0	0	0	0	0	0	0	0	0	0	0	0	0	0	0	0	0	0	0	0	0	0	
0	0	0	0	0	0	0	0	0	0	0	0	0	0	0	0	0	0	0	0	0	0	0	0	0	0	0	0	0	0	0	0	0	0	0	0	0	0	0	0	0	0	0	0	0	0	0	0	0	0	0	0	0	0	0	0	0	0	0	0	0	0	0	0	0	0	0	0	0	0	0	0	0	0	0	0	0	0	0	0	0	48	0	0	0	0	0	0	0	0	0	0	0	0	0	0	48	0	48	0	
0	0	0	0	0	0	0	0	0	0	0	0	0	0	0	0	48	0	0	0	0	0	0	0	0	0	0	0	0	0	0	0	0	0	0	0	0	0	0	0	0	0	48	0	0	0	0	0	0	0	0	0	0	0	0	0	0	0	0	0	0	0	0	0	0	0	0	0	0	0	0	0	0	0	0	0	0	48	0	0	0	0	0	0	0	0	0	0	0	0	0	0	0	0	0	0	0	0	0	0	
0	0	0	0	0	0	0	0	0	0	0	0	0	0	0	0	0	0	0	0	0	0	0	0	0	0	0	0	0	0	0	0	0	0	0	0	0	0	0	0	0	0	0	0	0	0	0	0	0	0	0	0	0	0	0	0	0	0	0	0	0	0	0	0	0	0	48	0	0	0	0	0	0	0	0	0	48	0	0	0	0	0	0	0	0	0	0	0	0	0	0	48	0	0	0	0	0	0	0	0	
0	0	0	0	0	0	0	48	0	0	0	0	0	0	0	0	0	0	0	0	0	0	0	0	48	0	0	0	0	0	0	0	0	0	0	0	0	0	0	0	0	0	0	0	0	0	0	0	0	0	0	0	0	0	0	0	0	0	0	0	0	0	0	0	0	0	0	0	0	0	0	0	0	0	0	0	0	0	0	48	0	0	0	0	0	0	0	0	0	0	0	0	0	0	0	0	0	0	0	0	
0	0	0	0	0	0	0	0	0	0	0	0	0	0	0	0	0	0	0	0	48	0	0	0	48	0	0	0	0	0	0	0	0	0	0	0	0	0	0	0	0	0	0	0	0	0	0	0	0	0	0	0	0	0	0	0	0	0	0	0	0	0	0	0	0	0	0	0	0	0	0	0	0	0	0	0	0	0	48	0	0	0	0	0	0	0	0	0	0	0	0	0	0	0	0	0	0	0	0	0	
0	0	0	0	0	0	0	0	0	0	0	0	0	48	0	0	0	0	0	0	0	0	0	0	0	0	0	0	0	0	0	0	0	0	0	0	0	0	0	0	0	0	0	0	0	0	0	0	0	0	0	0	0	0	0	0	0	0	0	0	0	0	0	0	0	0	0	0	0	0	0	0	0	0	0	0	0	0	0	0	0	0	0	0	0	0	0	0	0	0	0	0	0	48	48	0	0	0	0	0	
0	0	0	0	0	0	0	0	0	0	0	0	0	0	0	0	0	0	0	0	0	0	0	0	0	0	0	0	48	0	0	0	0	0	0	0	0	0	0	0	0	0	0	0	0	0	0	0	0	0	0	0	0	0	0	0	0	0	0	0	0	0	0	0	0	0	48	0	0	0	0	0	0	0	0	48	0	0	0	0	0	0	0	0	0	0	0	0	0	0	0	0	0	0	0	0	0	0	0	0	
0	0	0	0	0	0	0	0	0	0	0	0	0	0	0	0	0	0	0	0	0	0	0	0	0	0	0	0	0	0	48	0	0	0	0	0	0	0	0	0	0	0	0	0	0	0	0	48	0	0	0	0	0	0	0	0	0	0	0	0	0	0	0	0	0	0	0	0	0	0	0	0	0	0	0	0	0	0	0	0	0	0	0	0	0	0	0	0	0	0	0	0	0	0	0	0	0	48	0	0	
0	0	0	0	0	0	0	0	0	0	0	0	0	0	0	0	0	0	0	0	0	0	0	0	0	0	0	0	48	0	0	0	0	0	0	0	0	0	0	0	0	0	0	0	48	0	0	0	0	0	0	0	48	0	0	0	0	0	0	0	0	0	0	0	0	0	0	0	0	0	0	0	0	0	0	0	0	0	0	0	0	0	0	0	0	0	0	0	0	0	0	0	0	0	0	0	0	0	0	0	
0	0	0	0	0	0	0	0	0	0	0	0	48	0	0	0	0	0	0	0	0	0	0	0	0	0	0	0	0	0	0	0	0	0	0	0	0	0	0	0	0	0	0	0	0	0	48	0	0	0	0	0	0	0	0	0	48	0	0	0	0	0	0	0	0	0	0	0	0	0	0	0	0	0	0	0	0	0	0	0	0	0	0	0	0	0	0	0	0	0	0	0	0	0	0	0	0	0	0	0	
0	0	0	48	0	0	0	0	0	0	0	0	0	0	0	0	0	0	0	0	0	0	0	0	0	0	0	0	0	0	0	0	0	0	0	0	48	0	0	0	0	0	0	0	0	0	0	0	0	0	0	0	0	0	0	0	0	0	0	0	0	0	0	0	0	48	0	0	0	0	0	0	0	0	0	0	0	0	0	0	0	0	0	0	0	0	0	0	0	0	0	0	0	0	0	0	0	0	0	0	
0	0	0	0	0	0	0	0	0	0	0	0	0	0	0	0	0	0	0	0	0	0	0	0	0	0	0	0	0	0	0	0	0	0	0	0	0	0	0	0	0	0	0	0	0	0	0	0	0	0	0	0	0	0	0	0	0	0	0	0	0	0	0	0	0	0	0	0	0	0	0	0	0	0	0	0	0	0	0	0	0	0	0	0	0	0	0	48	0	0	0	0	0	48	0	0	0	0	0	48	
0	0	0	0	0	0	0	0	0	0	0	0	0	0	0	0	0	0	0	0	0	0	0	0	0	0	0	0	0	0	0	0	0	0	0	0	0	0	0	0	0	0	0	0	0	0	0	0	0	0	0	0	0	0	0	0	0	0	0	0	0	0	0	0	0	0	0	0	0	0	0	0	0	0	0	0	0	0	0	0	0	0	0	0	0	0	48	0	48	0	0	0	0	0	0	0	0	48	0	0	
0	0	0	0	0	0	0	0	0	0	0	0	0	0	0	0	0	0	0	0	0	0	0	0	0	0	0	0	0	0	0	0	0	0	0	0	0	0	0	0	0	0	0	0	0	0	0	0	0	0	0	0	0	0	0	0	0	0	0	0	48	0	0	48	0	0	0	0	0	0	0	0	0	0	0	0	0	0	0	0	0	0	0	0	0	0	0	48	0	0	0	0	0	0	0	0	0	0	0	0	
0	0	0	0	0	0	0	0	0	0	0	0	0	0	0	0	0	0	0	0	48	0	0	0	48	0	0	0	0	0	0	0	0	0	0	0	0	0	0	0	0	0	0	0	0	0	0	0	0	0	0	48	0	0	0	0	0	0	0	0	0	0	0	0	0	0	0	0	0	0	0	0	0	0	0	0	0	0	0	0	0	0	0	0	0	0	0	0	0	0	0	0	0	0	0	0	0	0	0	0	
0	0	0	0	0	0	0	0	0	0	0	0	0	0	0	0	0	48	0	0	0	0	0	0	0	0	0	0	0	0	0	0	0	0	0	0	0	0	0	0	0	0	48	0	0	0	48	0	0	0	0	0	0	0	0	0	0	0	0	0	0	0	0	0	0	0	0	0	0	0	0	0	0	0	0	0	0	0	0	0	0	0	0	0	0	0	0	0	0	0	0	0	0	0	0	0	0	0	0	0	
0	0	0	0	0	0	0	0	0	0	0	0	0	48	0	48	0	0	0	0	0	0	0	0	0	0	0	0	0	0	0	0	0	0	0	0	0	0	0	0	0	0	0	0	0	0	0	0	0	0	0	0	0	0	0	0	0	0	0	0	0	0	0	0	0	0	0	0	0	0	0	0	0	0	0	0	0	48	0	0	0	0	0	0	0	0	0	0	0	0	0	0	0	0	0	0	0	0	0	0	
0	0	0	0	0	0	0	0	0	0	0	0	0	0	0	0	0	0	0	0	0	0	0	0	0	0	0	0	0	0	0	0	0	0	0	0	0	0	0	0	0	0	0	0	0	0	0	0	0	0	0	0	0	0	0	0	0	0	0	0	48	0	0	48	0	0	0	0	0	0	0	0	0	0	0	0	0	0	0	0	0	0	0	0	0	0	0	0	0	0	0	0	0	0	0	0	0	0	48	0	
0	0	0	0	0	0	0	0	0	0	0	0	0	0	0	0	0	0	0	0	0	0	0	0	0	0	0	0	0	0	0	0	0	0	0	0	0	0	0	0	0	0	0	0	0	0	0	0	0	0	0	0	0	0	0	0	0	0	0	0	0	0	0	0	0	0	0	0	0	0	0	0	0	48	0	0	0	0	0	0	48	0	0	0	0	0	48	0	0	0	0	0	0	0	0	0	0	0	0	0	
0	0	0	0	0	0	0	0	0	0	0	0	0	0	0	48	0	0	0	0	0	0	0	0	0	0	0	0	0	0	0	0	0	0	0	0	0	0	0	0	0	0	0	0	0	0	0	0	0	0	0	0	0	0	0	0	0	0	0	0	0	0	0	0	0	0	0	0	0	0	0	0	48	0	0	0	0	0	0	0	48	0	0	0	0	0	0	0	0	0	0	0	0	0	0	0	0	0	0	0	
0	0	0	48	0	0	0	0	0	0	0	0	0	0	0	0	0	0	0	0	0	0	0	0	0	0	0	0	0	0	0	0	0	0	0	0	0	48	0	0	0	0	0	0	0	0	0	0	0	0	0	0	0	0	0	0	0	0	0	0	0	0	0	0	0	48	0	0	0	0	0	0	0	0	0	0	0	0	0	0	0	0	0	0	0	0	0	0	0	0	0	0	0	0	0	0	0	0	0	0	
0	0	0	0	0	0	0	0	0	0	0	0	0	0	0	0	0	0	0	0	0	0	0	0	0	0	0	0	0	0	0	0	0	0	0	0	0	0	0	0	0	0	0	0	0	0	0	0	0	0	0	0	0	0	0	0	0	0	0	0	0	0	0	0	0	0	0	0	0	0	0	0	0	0	0	48	0	0	0	0	0	0	0	0	0	0	0	0	0	0	0	0	0	0	0	0	0	0	48	48	
0	0	0	0	0	0	0	0	0	0	0	0	0	0	0	0	0	0	0	0	0	0	0	0	0	0	0	0	0	0	0	0	0	0	0	0	0	0	0	0	0	0	0	0	0	0	0	48	0	0	0	0	0	0	0	0	0	0	0	0	0	0	0	0	0	0	0	0	0	0	0	0	0	0	0	0	0	0	0	0	0	0	48	0	0	0	0	48	0	0	0	0	0	0	0	0	0	0	0	0	
0	0	0	0	0	0	0	0	0	0	0	0	0	0	0	0	0	0	0	0	0	0	0	0	0	0	0	0	0	0	0	0	0	0	0	0	0	0	0	0	0	0	0	0	0	0	0	0	0	0	0	0	0	0	0	0	0	0	0	0	0	0	0	0	0	0	0	0	0	0	0	0	0	0	0	48	0	0	0	0	0	0	0	0	0	0	0	0	0	0	0	0	48	0	0	0	48	0	0	0	
0	0	0	0	0	0	0	0	0	0	0	0	0	0	0	0	0	0	0	0	0	0	0	0	0	0	48	0	0	0	0	0	0	0	0	0	0	0	0	0	0	0	0	0	0	0	0	0	0	0	0	0	0	0	0	0	0	0	0	0	0	0	0	0	0	0	0	0	0	0	0	0	0	0	0	0	0	0	0	0	0	0	0	0	0	0	48	0	0	0	0	0	0	0	0	0	48	0	0	0	
58	18	65	7	73	14	52	41	81	38	80	90	19	13	96	92	8	74	55	24	73	17	22	55	15	72	31	18	67	55	47	33	58	39	30	38	14	46	36	29	21	35	27	11	34	25	85	20	55	39	63	86	25	43	14	85	60	28	16	34	54	12	65	19	68	24	42	61	27	13	76	4	83	0	0	89	14	46	56	6	12	48	16	32	56	99	85	14	97	84	24	84	97	44	15	0	84	72	89	29	20	40	61	60	90	99	83	73	75	1	49	5	67	2	82	38	80	25	69	69	2	77	26	34	96	97	18	6	79	96	53	28	18	99	21	74	44	24	98	68	1	29	70	8	12	65	21	47	20	27	16	65	72	31	45	24	59	58	64	72	67	5	50	63	89	25	5	66	2	80	41	73	11	9	88	23	1	87	46	66	44	62	89	58	15	35	16	61	1	43	35	31	53	36	28	23	54	53	82	7	10	77	50	84	26	67	75	58	11	86	37	55	70	2	86	66	57	10	37	10	68	53	4	9	28	4	13	84	10	12	33	48	68	81	80	62	26	97	9	4	81	92	39	21	98	36	92	40	35	1	92	21	82	52	61	72	88	35	25	95	64	41	51	79	17	94	47	25	70	11	64	97	94	6	83	33	68	6	62	86	11	67	73	76	38	75	94	34	4	37	74	79	12	56	57	65	30	44	88	28	34	63	29	67	91	12	69	81	33	67	72	60	40	65	19	89	19	11	28	96	14	27	24	3	85	33	91	95	59	54	83	9	72	72	68	74	13	67	12	58	38	32	51	15	86	52	42	30	89	49	44	99	80	62	55	41	80	59	3	3	65	99	81	96	72	77	11	42	50	71	85	32	66	51	48	31	75	41	82	50	28	54	71	64	20	87	1	46	65	50	84	67	17	95	58	50	3	74	47	73	49	47	57	61	84	64	40	50	58	35	85	82	42	94	58	1	98	53	19	18	27	41	90	36	14	95	20	81	43	21	40	97	5	95	69	46	16	18	0	65	21	19	69	31	20	15	14	24	0	8	7	54	89	73	13	26	63	1	90	37	37	85	14	31	90	80	47	69	1	44	58	94	9	23	27	43	61	46	6	43	7	51	33	76	91	30	43	36	72	77	34	52	33	47	78	93	82	56	1	52	68	66	23	90	33	97	79	80	80	75	59	90	96	35	23	63	60	85	10	86	19	63	58	85	41	68	7	57	55	19	2	49	80	56	94	22	55	72	52	19	73	50	98	66	92	76	23	50	37	24	90	83	99	98	1	17	22	45	35	82	35	32	10	14	24	72	98	27	30	70	75	35	27	4	42	38	15	54	8	82	24	19	27	72	74	41	11	30	25	62	17	18	25	94	48	84	80	43	96	54	69	97	36	61	15	6	49	29	56	89	90	23	9	18	41	42	67	91	79	11	20	1	96	99	81	18	78	13	0	81	73	52	40	5	1	54	9	80	44	47	80	82	27	29	87	69	35	69	98	14	32	3	87	91	53	92	41	30	64	30	2	58	15	67	7	49	27	89	0	35	21	49	76	79	48	69	32	84	49	30	26	69	8	75	62	40	79	59	66	48	38	65	85	65	25	15	18	80	65	56	25	78	29	8	31	48	47	87	19	90	21	58	4	69	20	93	0	16	21	37	35	65	50	8	71	44	23	79	34	62	61	24	30	98	69	5	60	29	40	96	15	8	35	45	17	58	53	0	87	58	37	88	91	75	1	24	17	41	7	66	57	19	38	84	86	29	46	65	69	36	72	55	86	70	13	58	3	81	68	23	68	99	52	89	11	84	3	89	82	55	24	49	69	80	35	23	10	62	66	89	78	90	30	32	82	61	6	71	20	15	73	16	58	11	37	70	15	36	80	54	64	87	12	5	91	58	85	30	34	97	64	85	68	4	94	60	33	68	53	75	19	39	54	62	73	75	81	0	34	86	25	39	76	32	62	3	57	9	12	61	56	70	33	88	86	46	54	0	97	34	85	66	65	95	71	37	71	71	4	71	62	90	45	34	12	48	95	28	49	95	18	39	82	12	80	45	61	54	61	38	90	10	77	11	82	22	70	45	16	98	27	70	44	37	9	42	75	87	0	41	16	59	34	69	17	78	20	74	17	70	6	34	1	93	70	0	2	98	52	9	3	97	84	59	97	39	72	97	58	75	56	70	42	27	92	30	12	2	90	44	11	64	54	89	27	99	8	85	62	76	38	76	14	55	69	91	22	57	94	14	20	26	34	57	43	58	40	95	83	4	30	6	42	52	51	22	15	10	6	20	80	80	84	6	87	51	17	7	75	60	4	85	14	96	25	59	60	72	23	79	87	4	37	38	59	63	99	33	69	60	41	90	26	77	1	35	43	67	75	75	65	44	59	54	56	30	7	24	89	55	1	77	49	94	73	65	79	6	60	93	82	68	34	2	23	78	47	67	47	29	87	69	89	0	3	43	1	42	38	31	71	93	9	64	16	63	79	6	9	39	25	90	95	98	53	39	65	83	47	79	39	56	34	32	76	46	51	68	42	90	52	27	61	95	43	67	81	89	50	90	45	54	79	75	82	27	62	86	97	77	23	73	88	56	91	50	68	64	9	51	26	24	28	27	47	87	12	35	46	90	24	21	3	43	62	72	8	28	47	19	95	5	56	49	19	36	43	0	17	91	14	56	35	67	76	52	84	66	70	48	33	91	57	67	17	52	95	42	3	85	98	94	60	55	38	85	76	89	24	49	82	72	65	49	8	86	98	82	5	29	29	92	44	28	65	35	24	78	3	99	33	69	22	46	12	70	72	66	45	12	61	69	42	6	21	26	95	49	15	78	67	46	53	0	99	23	66	86	81	4	1	19	55	76	18	70	34	4	58	64	61	2	17	63	75	94	71	70	44	72	54	54	26	46	60	2	29	2	31	45	77	58	54	64	62	44	71	52	68	8	29	31	31	19	11	41	73	67	6	35	14	64	35	6	16	86	62	51	75	32	18	19	12	44	38	20	21	68	62	28	2	32	98	66	34	60	65	1	75	68	4	28	31	69	24	3	39	25	44	22	86	71	83	31	63	53	84	39	0	52	86	20	56	57	27	48	36	40	22	32	11	24	79	53	39	16	18	14	32	60	15	34	68	63	51	38	29	97	91	17	32	97	12	23	54	85	12	92	11	4	9	89	97	5	63	27	10	22	65	89	30	31	36	71	32	86	29	28	47	92	38	77	77	84	33	68	86	73	7	76	40	37	51	53	97	4	50	73	59	55	41	37	80	13	17	60	25	74	57	22	23	98	46	54	72	57	1	30	4	4	77	22	49	8	70	0	13	39	16	76	4	45	37	97	44	47	14	77	38	34	9	29	16	57	65	92	0	25	71	18	77	45	24	21	63	93	36	65	99	39	3	40	12	33	84	25	59	81	90	37	31	1	18	45	19	11	5	48	25	92	36	61	28	49	71	38	65	48	52	80	72	89	96	65	31	72	57	79	13	53	39	31	17	29	50	86	8	48	74	78	19	20	18	6	24	23	74	27	85	87	89	28	44	13	42	58	81	86	31	66	89	58	32	25	30	55	83	39	59	22	49	0	43	10	45	57	60	78	28	6	2	29	73	73	92	54	6	98	41	18	82	2	91	41	49	98	75	28	61	68	48	8	68	28	44	76	16	66	51	23	23	11	85	13	84	76	91	89	8	77	32	91	39	11	82	9	32	73	60	52	89	33	29	78	13	17	99	3	17	58	14	49	30	20	29	12	81	24	30	31	29	35	42	8	93	99	36	75	81	99	44	13	2	28	61	7	35	70	82	93	32	53	66	79	55	61	13	50	35	5	84	61	53	51	8	49	2	85	19	53	91	45	50	88	34	65	19	46	99	15	81	22	12	1	86	79	99	2	66	98	54	82	97	42	24	3	93	88	91	93	92	34	28	73	26	46	23	35	75	52	83	19	6	82	62	87	78	79	81	3	90	48	48	40	24	66	39	72	31	73	9	66	10	47	50	4	38	87	88	61	76	37	50	2	41	3	37	45	77	35	75	7	35	13	40	85	51	38	97	43	93	27	66	51	67	6	24	69	8	55	25	41	4	3	53	84	77	18	48	86	33	36	87	96	55	69	75	34	42	49	92	73	94	80	75	94	47	43	43	29	9	54	78	88	53	62	19	90	37	74	91	56	59	53	20	7	65	2	31	50	22	66	95	26	10	81	82	57	47	40	62	21	0	68	23	22	80	62	96	43	55	61	24	50	91	65	21	11	94	48	99	74	35	28	38	61	17	52	68	24	23	0	54	27	4	85	68	19	12	48	24	69	80	84	56	6	59	53	11	38	11	71	69	19	92	24	88	23	77	24	60	51	92	0	58	65	42	56	92	99	39	2	96	79	1	45	78	44	65	83	21	89	52	75	32	8	5	40	63	72	33	26	94	48	88	7	70	90	57	61	19	74	27	47	88	98	62	57	3	84	65	45	48	6	24	7	14	36	51	29	92	36	47	51	13	74	15	78	40	47	66	5	94	76	46	41	22	87	4	71	6	73	46	79	85	49	74	8	31	54	56	71	74	69	74	88	38	94	58	19	39	82	57	37	93	99	82	69	8	14	88	75	44	62	9	91	3	19	54	11	65	19	34	28	88	60	28	79	78	33	36	75	45	66	62	44	44	38	68	56	65	60	92	76	24	11	18	18	57	24	68	51	39	88	21	46	19	28	17	87	17	92	86	9	37	44	48	46	65	0	38	75	93	85	59	91	77	31	27	97	44	12	46	3	38	4	9	80	18	75	49	45	23	38	80	42	74	18	6	38	99	78	1	3	40	63	12	47	11	86	12	53	52	16	77	74	7	35	82	4	42	16	31	1	54	70	29	69	55	16	36	73	40	97	53	18	9	76	7	9	72	96	21	6	32	30	68	46	48	20	65	81	32	8	78	90	23	62	56	65	4	6	57	92	69	75	53	28	13	87	58	7	37	76	36	26	5	99	61	86	31	97	84	7	42	88	5	8	94	16	91	86	19	46	31	30	51	71	65	77	23	76	99	4	30	86	20	50	7	17	38	41	3	40	65	80	86	46	16	65	0	28	23	76	19	24	85	62	57	31	55	74	77	94	89	60	41	31	2	6	23	37	18	81	62	93	62	14	93	26	5	5	33	40	0	96	44	58	16	28	16	95	21	89	88	50	20	85	91	43	62	8	83	28	52	5	36	40	26	14	77	56	22	84	70	76	30	88	31	34	87	56	93	75	78	33	69	76	66	67	76	6	31	75	17	41	54	83	12	92	64	87	94	0	36	46	23	36	50	33	44	33	67	23	60	42	95	59	92	92	53	63	44	59	86	38	19	33	97	43	71	81	41	27	28	71	77	22	17	43	29	87	48	28	65	63	42	83	76	72	62	48	94	14	59	20	87	96	75	73	42	92	67	24	50	3	53	95	53	65	58	58	48	49	24	11	32	48	38	46	24	78	94	27	27	9	57	88	71	9	58	29	32	89	2	2	0	70	39	30	58	50	28	19	25	18	80	45	60	53	36	10	81	13	67	67	93	34	10	82	73	36	54	84	33	31	37	88	47	51	83	14	84	73	30	75	43	83	60	8	53	1	30	92	41	49	56	81	65	54	4	89	64	36	35	78	26	27	30	97	91	25	8	98	22	28	95	51	15	56	93	51	72	56	6	89	74	87	73	15	86	33	40	6	3	41	0	34	29	73	96	68	13	96	32	46	91	24	32	16	22	50	45	90	23	20	26	10	77	40	27	12	21	60	92	87	4	79	15	63	12	33	83	70	46	59	20	71	15	96	17	64	59	50	54	24	45	11	18	54	36	53	7	62	53	75	7	28	40	55	28	84	14	90	14	76	66	86	82	65	91	53	12	96	62	72	59	9	21	42	79	32	0	48	78	9	75	74	35	87	34	82	2	65	51	25	80	98	4	62	29	0	41	22	96	55	65	18	87	8	17	13	97	72	78	58	5	61	72	41	75	9	69	52	59	49	80	8	73	68	97	41	51	57	4	45	0	88	38	66	23	26	39	71	19	97	78	89	78	46	0	15	97	54	58	91	84	93	6	76	23	76	36	32	22	87	96	93	3	62	5	97	50	58	47	45	87	7	83	35	28	18	51	53	78	62	99	16	21	84	89	2	13	26	43	75	15	24	2	61	38	67	54	81	60	18	28	58	17	98	88	61	56	90	11	83	75	34	50	67	22	12	63	66	34	87	82	87	49	85	34	14	81	6	13	57	98	55	66	46	95	23	57	2	40	57	71	93	10	19	62	48	40	65	0	21	57	3	10	93	40	12	46	88	33	91	9	85	94	3	44	53	74	54	78	51	6	45	3	18	21	24	92	44	96	68	35	36	92	10	99	74	55	66	87	42	6	17	76	95	95	55	81	18	13	56	39	83	47	16	13	68	87	69	69	19	88	34	25	5	52	19	38	11	47	27	46	10	41	70	35	62	60	27	38	41	51	87	60	30	78	67	42	37	84	13	19	91	11	2	17	63	81	97	49	9	84	23	0	22	86	39	21	26	67	17	61	0	36	41	47	78	10	39	0	66	35	45	21	32	77	56	46	60	72	26	28	78	41	31	52	81	2	65	80	8	16	66	61	11	57	59	74	52	10	26	73	8	33	84	9	60	34	4	21	1	16	48	86	70	11	19	0	62	82	20	38	22	97	40	60	52	76	31	85	63	62	43	12	50	30	34	49	4	54	22	81	44	17	75	29	39	5	96	75	24	59	49	26	42	58	16	52	25	75	18	27	51	46	82	58	52	32	78	48	1	76	58	52	97	66	80	16	33	95	65	70	98	98	96	73	39	87	90	7	14	34	14	28	26	97	51	18	86	93	66	80	43	11	11	43	19	3	43	10	72	98	34	59	70	15	24	62	42	83	0	50	62	77	85	71	48	20	53	33	77	36	51	9	20	32	34	28	59	80	31	99	87	46	30	20	81	45	44	38	87	40	55	90	99	61	7	88	91	74	92	3	7	28	98	46	74	78	75	1	48	2	83	28	43	26	54	37	77	28	38	66	50	10	61	5	94	80	57	52	67	59	67	61	24	24	51	68	9	86	11	39	74	77	64	2	82	18	38	41	2	86	91	68	87	51	98	26	32	96	23	26	38	20	76	24	2	2	89	88	2	86	50	62	20	92	63	61	53	38	28	63	86	27	65	9	56	65	40	53	3	6	31	96	7	48	31	91	45	93	10	28	19	50	84	28	8	52	28	34	67	24	92	67	18	26	55	77	42	2	31	48	80	59	35	7	17	77	42	69	62	60	85	9	55	69	88	60	74	63	3	82	46	39	2	37	3	44	41	48	62	12	25	97	47	48	45	77	85	71	26	50	21	79	98	86	58	31	69	67	85	96	42	38	58	72	45	39	35	80	13	25	33	25	60	79	69	20	21	58	46	56	14	6	94	98	85	7	75	74	19	53	83	40	83	33	7	78	30	14	75	39	80	40	94	21	12	2	56	6	31	86	62	27	44	26	79	80	24	30	51	70	5	28	76	85	99	84	92	56	15	49	96	87	31	15	70	9	64	86	92	78	54	59	96	36	98	71	93	72	82	17	76	94	3	69	66	86	14	15	67	35	79	48	62	55	82	52	62	67	9	16	26	71	43	60	83	83	61	77	88	85	58	54	51	8	30	34	71	25	30	74	29	7	93	19	43	74	76	80	35	73	83	69	66	52	80	65	50	86	84	49	24	88	70	75	18	17	40	62	17	22	98	84	45	67	21	49	63	65	69	65	39	97	44	31	23	28	87	18	78	60	26	13	99	21	30	77	41	31	77	49	47	38	15	0	76	39	12	97	61	50	56	87	89	65	26	74	84	72	89	15	41	54	48	79	24	72	70	88	
13	91	31	39	15	49	28	93	6	26	72	55	59	41	13	15	74	9	38	61	61	9	46	51	77	0	93	98	46	34	72	14	3	35	29	88	71	99	10	31	57	67	14	50	86	84	4	75	27	89	94	46	74	52	80	1	16	92	47	88	98	64	85	81	49	36	34	89	78	69	92	1	73	60	71	33	57	26	96	78	61	76	97	47	3	32	14	46	40	69	12	63	41	62	25	41	67	99	37	90	87	93	62	39	18	65	20	8	44	49	16	59	60	76	60	72	13	21	36	93	86	12	22	11	78	46	62	5	63	61	41	30	37	22	53	81	71	18	61	17	49	83	58	81	24	1	40	24	86	55	69	1	51	2	34	35	61	32	12	13	75	94	64	47	40	28	67	2	13	60	73	31	58	31	8	63	12	93	1	39	8	39	77	37	12	0	53	68	44	66	70	74	81	97	56	25	49	36	17	41	52	80	70	94	35	11	72	75	16	22	48	76	75	77	29	57	77	81	60	83	87	85	49	40	1	67	28	49	40	62	63	98	58	49	46	58	14	60	59	60	27	61	42	6	44	63	41	53	99	33	80	11	26	36	19	98	16	27	2	3	59	7	67	85	68	21	14	97	32	54	92	78	3	88	3	79	4	35	24	29	79	32	7	99	60	72	9	60	2	64	52	82	0	62	53	62	65	62	83	52	44	33	74	94	51	8	32	73	0	21	48	21	94	23	51	8	95	93	5	43	80	59	76	94	42	26	23	96	50	44	98	36	77	96	72	87	64	37	30	8	84	15	38	94	2	4	68	86	71	99	62	27	96	79	28	88	61	68	60	16	15	34	46	43	64	87	18	96	40	72	17	82	50	33	87	51	14	80	9	60	92	53	98	98	56	9	61	22	68	6	59	77	30	36	47	4	60	49	52	20	73	93	19	97	92	25	62	77	61	67	2	18	61	3	20	99	13	6	96	74	70	74	60	84	54	16	72	30	36	23	94	93	83	90	11	73	7	22	3	9	73	15	32	84	46	34	47	40	72	64	0	31	86	15	57	20	99	40	14	41	34	11	5	66	50	33	51	30	7	23	37	29	94	86	46	76	72	42	78	93	76	72	74	88	81	25	56	58	67	30	99	45	36	51	25	90	28	59	32	0	61	85	87	50	55	87	93	1	28	82	18	0	93	34	50	18	18	62	4	63	93	53	12	57	22	73	15	56	69	5	57	82	43	85	59	23	28	41	50	90	77	11	89	74	66	99	70	17	44	54	21	36	9	94	7	98	67	78	81	45	17	7	57	12	86	78	44	29	95	43	93	46	24	39	77	56	2	86	28	80	7	18	41	48	85	5	10	35	65	67	1	88	93	96	53	51	27	81	10	36	35	89	62	78	95	3	32	56	37	5	1	43	12	9	34	41	57	69	1	55	65	94	54	82	70	12	17	89	27	20	70	93	67	97	6	90	32	75	62	39	52	18	67	43	58	63	82	51	47	66	60	45	39	54	64	33	10	48	7	93	47	72	44	7	79	6	97	38	24	39	97	45	56	58	89	0	44	50	31	37	22	31	9	5	22	51	85	69	67	55	44	21	71	85	6	13	35	77	34	33	50	34	59	13	10	47	15	31	32	2	91	23	79	35	78	88	66	8	60	21	21	25	54	18	55	60	89	57	57	0	48	11	81	61	71	39	77	4	29	51	61	27	62	27	50	12	31	72	74	89	46	16	98	24	44	7	63	61	97	27	1	52	56	52	32	70	66	76	62	80	32	0	87	60	62	35	61	10	22	75	29	24	92	39	6	9	33	43	55	67	65	96	14	85	97	93	95	69	5	12	4	62	80	88	10	2	60	54	78	90	65	94	5	69	61	86	44	51	22	71	18	83	1	80	77	97	75	17	89	51	35	80	26	19	13	90	93	89	46	87	99	90	50	63	23	77	6	31	22	61	14	11	7	7	29	25	64	30	93	98	91	77	2	91	6	26	68	94	6	84	76	32	74	66	41	97	30	93	78	12	2	80	95	43	94	38	14	45	48	91	93	91	45	3	93	11	80	69	86	87	94	24	45	37	24	24	34	97	71	54	2	59	45	69	51	33	41	64	80	83	72	89	75	72	15	70	8	4	79	0	15	16	63	77	44	26	74	25	92	72	89	2	40	25	8	43	83	30	62	9	75	52	4	60	88	67	22	55	51	81	29	46	29	91	88	97	15	50	3	58	15	9	74	70	32	67	16	26	7	85	14	70	71	9	29	19	84	1	61	39	77	82	11	24	76	69	64	52	10	96	52	95	70	3	51	89	35	36	7	95	51	43	74	65	24	48	16	96	11	49	38	38	91	80	29	4	0	68	95	18	29	79	63	28	19	30	80	61	96	82	12	99	75	49	43	62	55	63	58	60	0	97	38	83	3	78	60	12	25	57	9	57	36	14	56	3	46	40	6	10	70	99	26	59	2	65	23	57	95	46	14	43	4	71	53	74	39	46	99	71	98	89	23	4	96	36	58	97	63	57	59	35	80	9	36	43	60	67	82	8	63	23	47	31	47	43	96	86	24	17	38	12	11	43	23	13	2	28	85	70	80	13	97	14	44	85	18	39	12	43	39	17	43	98	38	92	0	1	48	79	91	49	29	45	96	12	52	43	3	79	85	52	78	4	93	1	55	55	98	8	91	25	20	43	33	58	42	22	68	71	94	17	43	14	59	39	61	1	83	7	11	15	12	94	72	28	71	18	34	17	11	71	90	4	18	74	28	65	76	90	77	47	96	4	92	69	55	19	40	28	66	13	19	8	89	68	69	81	66	73	57	38	37	9	53	63	21	50	26	46	37	91	0	22	61	99	79	6	48	93	44	41	93	7	37	44	12	49	21	45	67	47	5	8	59	49	19	87	55	3	91	17	97	91	27	85	14	19	6	13	44	43	7	4	46	85	7	36	60	34	69	97	75	93	53	15	61	22	92	89	0	32	36	43	7	6	13	54	33	79	53	49	72	35	27	62	35	91	26	16	42	26	23	98	76	73	0	87	93	55	79	34	2	59	40	83	20	46	93	40	29	79	4	73	20	21	78	21	64	92	15	35	98	43	76	69	83	84	33	50	82	50	41	27	26	88	91	54	44	85	0	36	23	60	41	69	31	35	23	58	39	29	55	78	23	86	75	32	99	67	5	54	33	26	8	51	90	51	58	34	17	79	80	72	67	91	92	85	12	47	5	57	76	16	80	72	74	45	50	31	92	51	99	88	55	32	86	2	53	25	8	39	31	21	39	24	71	28	71	17	5	0	30	44	51	12	19	9	93	63	60	21	90	84	74	4	43	65	83	87	88	7	51	6	79	4	45	17	21	61	60	39	20	86	15	54	90	35	16	20	71	39	62	77	89	35	6	94	62	98	69	59	6	23	69	84	62	32	78	62	37	77	33	64	2	21	82	82	69	61	47	79	52	14	10	11	49	19	87	32	53	94	19	29	32	42	28	41	7	95	26	35	76	88	29	57	82	27	24	17	9	48	81	75	29	9	68	58	10	8	61	6	26	47	28	93	99	89	75	39	79	65	61	34	74	15	33	35	46	85	57	39	42	92	6	20	52	57	24	23	13	82	65	78	23	93	70	96	80	92	31	41	27	30	15	33	3	90	74	27	60	23	24	80	15	90	63	7	49	1	42	94	47	87	54	28	84	43	3	32	38	4	0	1	75	57	88	0	36	93	91	66	28	51	6	98	82	97	73	43	52	76	94	52	89	32	14	67	17	9	11	96	18	15	85	9	89	44	62	54	95	29	78	5	84	56	96	46	83	70	1	14	86	95	42	79	99	39	92	80	87	6	13	26	15	59	76	72	36	26	6	7	44	16	23	45	43	87	60	54	99	3	48	62	85	54	83	20	39	11	37	63	5	97	10	68	98	30	93	84	62	65	7	90	97	43	15	93	41	87	13	87	38	86	46	19	9	17	24	23	6	35	79	86	2	59	45	12	14	98	94	21	20	58	43	97	96	45	25	58	18	58	74	78	75	0	24	35	27	81	93	13	55	37	18	94	35	85	53	30	45	7	85	36	46	33	47	63	0	4	45	31	29	73	2	80	98	90	61	65	83	15	56	57	93	4	55	29	79	82	4	16	37	57	35	33	8	23	35	8	59	8	61	56	28	48	54	29	32	55	82	59	40	25	27	60	18	43	23	45	69	73	11	52	99	85	39	72	84	54	73	58	76	38	47	53	67	85	63	26	27	15	2	51	30	57	11	32	58	42	1	86	10	96	35	54	7	23	5	3	5	68	74	73	31	81	7	97	62	15	84	80	97	61	48	1	44	25	30	73	34	88	98	75	83	4	63	29	16	11	36	3	55	83	50	44	57	11	73	22	81	77	67	78	82	88	85	92	73	2	46	0	75	56	28	83	62	48	91	60	77	24	96	37	12	37	89	86	15	64	52	21	80	81	35	15	71	1	46	86	77	20	5	33	18	80	94	44	88	91	45	93	14	50	21	96	26	49	23	85	44	95	45	22	17	6	43	40	9	92	91	55	12	63	71	64	2	71	27	85	69	5	73	31	4	81	0	83	8	64	45	1	3	42	32	34	34	98	91	35	71	5	52	81	91	67	71	72	57	46	57	61	85	32	0	63	57	53	15	89	37	84	72	84	63	72	23	84	25	19	78	99	35	38	72	45	3	94	62	6	44	57	37	54	46	41	44	98	97	22	48	87	39	52	21	38	55	65	31	32	65	90	42	89	25	87	13	3	5	85	69	54	88	44	64	45	61	54	47	38	22	41	25	6	19	57	12	2	99	1	74	86	20	73	15	30	31	27	65	51	17	68	96	73	92	57	13	50	97	67	38	41	70	97	57	36	12	12	82	36	33	83	54	22	62	98	33	77	44	2	4	43	78	57	51	53	22	40	4	70	98	63	80	96	48	64	79	26	90	4	13	67	76	62	86	42	57	74	43	97	14	86	23	68	87	20	66	57	84	8	95	86	79	69	33	17	56	76	76	76	99	0	34	64	5	50	94	14	20	58	46	41	44	70	20	56	70	26	94	70	13	4	49	69	78	85	75	34	84	40	65	8	70	81	92	35	25	60	7	9	10	38	36	15	80	17	68	23	5	96	97	17	70	14	58	24	28	13	91	91	94	89	30	10	68	59	85	60	19	26	82	61	90	0	17	86	82	45	27	11	85	65	17	51	49	62	26	35	56	72	6	15	12	97	55	89	33	35	37	43	30	10	54	72	51	16	91	26	68	50	92	31	9	90	40	43	29	52	37	89	9	21	98	10	79	15	69	90	30	13	29	46	60	85	99	19	34	7	61	66	54	43	36	83	35	26	30	23	95	70	26	8	65	96	93	41	15	78	84	41	38	2	72	93	43	81	41	55	42	42	20	22	4	8	12	77	95	26	21	60	96	75	28	47	17	87	69	94	73	81	59	68	61	63	37	26	75	73	31	95	94	21	52	8	64	69	53	12	91	67	30	87	8	79	32	64	36	69	38	99	36	61	96	75	9	95	67	95	90	60	16	67	86	18	85	90	14	31	58	39	58	46	12	88	18	62	74	29	34	28	25	55	80	81	60	76	47	25	30	12	59	59	65	50	1	65	97	74	36	60	75	37	98	8	2	23	54	85	80	33	59	33	89	30	32	32	25	67	91	55	52	18	0	52	71	35	60	30	30	47	68	49	44	31	56	68	40	90	4	49	51	94	62	93	89	34	61	22	23	10	6	56	79	41	60	53	28	22	15	8	58	88	0	42	94	28	18	38	18	3	17	27	51	37	2	54	47	46	91	39	51	53	17	31	58	51	6	55	36	3	99	40	31	57	20	28	16	25	89	95	88	57	5	41	9	67	62	11	43	91	57	0	15	91	61	13	38	67	78	69	87	61	85	63	65	86	77	0	16	81	63	73	85	36	85	27	4	61	98	73	59	85	53	64	84	54	9	8	71	95	84	38	99	70	97	5	38	65	42	27	87	35	39	70	95	95	99	36	83	85	78	86	33	15	33	82	65	73	15	38	29	56	47	83	32	86	74	96	73	70	23	13	87	2	18	81	73	43	98	8	95	73	47	99	38	38	62	88	41	67	27	42	36	84	60	70	38	59	8	10	32	55	4	67	14	93	62	56	17	23	35	52	67	60	78	33	36	47	36	63	50	1	51	55	6	22	7	33	65	60	78	1	23	89	17	56	5	32	63	97	49	95	9	55	78	92	62	71	47	14	5	83	15	20	49	36	43	71	48	68	53	33	33	23	66	90	55	59	23	11	27	9	16	47	84	87	22	61	44	3	60	71	6	98	82	62	23	61	9	44	20	13	46	33	95	65	88	19	8	26	9	65	15	66	92	58	16	87	31	57	10	34	11	52	16	10	46	27	84	17	89	79	67	34	90	93	95	62	26	6	99	1	90	94	93	95	60	13	92	79	60	28	93	52	5	16	86	21	34	83	2	19	83	55	24	43	43	85	96	18	38	40	21	42	76	46	48	69	25	23	77	62	16	79	12	98	50	39	60	88	95	96	52	52	59	46	63	26	50	24	18	68	87	67	51	62	2	27	39	58	95	74	37	90	35	93	94	18	73	87	41	56	79	18	18	95	31	3	69	10	83	71	0	51	86	96	8	76	0	91	72	65	56	59	54	92	95	60	66	4	10	96	78	81	18	58	51	35	28	23	52	50	82	61	66	67	67	15	7	20	81	24	28	64	32	56	33	43	88	98	27	74	97	12	57	1	65	52	6	24	85	9	28	77	71	99	91	88	73	33	72	33	90	84	31	7	28	13	62	46	84	14	35	47	27	46	1	33	90	40	1	20	17	87	79	57	39	57	68	41	52	41	80	69	29	93	8	74	70	96	14	61	42	0	62	7	76	75	84	98	90	32	20	41	89	57	21	76	45	65	61	66	82	95	83	76	13	44	70	79	19	16	81	74	68	64	8	26	6	7	85	29	53	35	22	44	59	37	92	28	94	94	26	64	21	33	17	41	1	75	10	8	68	98	13	96	14	64	36	23	66	92	91	60	61	98	96	86	18	93	90	76	96	74	26	87	51	60	54	79	61	60	51	20	24	46	16	70	33	67	14	77	1	9	21	28	12	84	83	3	27	60	63	64	56	56	42	68	10	74	79	66	82	5	86	66	30	76	33	72	57	6	19	64	89	65	40	82	88	80	80	12	92	48	77	92	26	47	34	80	62	68	84	50	82	13	62	61	48	28	37	20	68	6	37	53	79	96	96	56	57	17	72	9	19	56	25	4	31	98	10	69	80	91	72	85	89	53	70	53	35	38	95	9	14	45	58	55	69	36	26	78	94	24	80	3	57	11	43	23	4	64	60	87	44	36	69	66	51	6	58	59	53	11	11	81	54	57	72	87	99	30	70	59	73	29	42	0	22	96	19	41	71	53	34	28	5	36	16	49	48	27	4	19	40	88	10	99	85	14	23	76	50	84	78	25	52	57	97	72	55	53	49	26	24	76	17	76	48	23	25	69	45	95	22	19	87	79	74	86	55	13	77	87	37	94	27	82	22	42	44	8	14	80	24	33	61	50	64	26	37	68	32	12	87	68	18	72	84	21	95	94	13	46	20	83	77	99	40	26	48	97	7	22	88	99	88	46	31	51	33	9	38	57	5	53	73	61	41	4	95	46	99	32	13	48	19	33	11	6	61	56	69	50	73	70	87	49	20	28	37	95	6	14	61	71	11	97	95	95	37	61	36	36	81	22	7	41	63	32	80	61	21	35	19	15	42	13	43	62	82	46	1	3	76	40	43	62	47	78	61	57	21	95	41	89	72	31	71	79	95	35	26	67	3	43	38	79	97	14	27	46	78	92	21	47	55	69	13	59	92	82	52	19	50	
18	20	1	14	20	4	19	5	4	1	3	7	10	8	2	15	8	16	12	8	14	12	12	5	5	10	10	18	3	6	18	13	13	6	11	4	7	15	2	3	3	4	12	15	18	7	4	12	15	6	20	19	5	4	12	8	16	13	9	5	17	19	2	7	13	2	10	11	9	3	14	2	18	19	4	5	5	12	5	8	11	14	5	13	17	7	5	1	9	19	12	17	14	7	1	10	3	20	5	8	3	16	18	18	9	15	17	19	13	3	2	9	16	3	15	1	11	6	12	3	19	1	15	2	1	20	9	9	2	15	16	3	8	2	6	9	20	15	18	20	13	19	19	4	8	15	9	7	16	20	1	10	8	7	9	13	6	17	17	9	15	19	14	16	8	14	5	2	5	19	8	17	8	3	11	18	18	11	19	1	4	8	13	7	10	12	15	7	19	10	9	3	6	20	4	14	20	15	14	9	12	16	2	20	17	13	11	17	9	9	10	12	17	6	6	15	2	8	13	11	12	10	14	2	14	13	15	6	13	20	9	11	9	5	10	18	8	5	2	17	11	1	10	17	3	18	7	5	12	9	4	1	10	10	16	17	4	9	12	19	11	8	13	2	13	6	18	8	4	3	2	1	19	8	18	12	16	2	17	3	4	15	11	2	3	18	10	15	12	2	13	15	7	15	17	6	16	10	13	2	1	20	9	7	4	2	3	3	8	2	18	19	3	15	10	20	18	12	17	6	18	17	15	15	7	6	6	19	16	15	14	12	12	6	4	15	10	5	14	20	13	6	20	17	3	8	7	3	1	6	1	2	16	16	14	4	5	15	16	9	14	19	8	2	14	1	11	1	16	11	4	9	4	9	12	6	16	5	15	18	16	16	7	12	5	2	6	6	20	12	3	9	15	5	3	11	2	15	5	3	6	2	8	16	9	5	15	5	7	5	17	13	6	1	12	4	13	15	20	3	7	19	12	3	17	7	11	13	6	15	4	10	17	2	10	19	11	18	7	13	16	11	11	14	13	2	5	17	19	6	12	17	12	14	15	13	20	3	13	20	16	19	4	2	2	7	4	7	6	11	16	2	13	5	17	6	16	13	7	12	19	15	11	18	20	4	7	17	14	8	19	13	20	8	9	8	13	5	1	7	3	1	17	15	16	12	1	20	11	3	3	16	19	8	15	20	3	18	7	1	2	8	8	20	3	7	14	1	5	14	3	3	18	14	8	15	6	12	12	2	16	13	12	16	10	2	15	3	12	12	15	14	6	1	15	12	8	7	4	16	8	10	4	4	16	14	10	8	14	3	14	13	1	6	10	15	16	10	4	6	13	12	6	7	1	10	11	9	10	12	14	12	14	8	12	11	11	1	2	16	12	7	1	7	7	14	5	14	12	15	14	8	14	9	12	9	15	4	13	3	2	13	13	1	12	12	12	3	14	7	1	14	5	11	12	5	2	8	1	11	10	16	8	15	15	2	9	4	9	14	15	10	9	14	2	9	9	7	10	14	7	12	16	11	16	7	14	1	7	15	13	14	5	16	3	9	8	9	3	1	1	6	8	6	1	4	7	10	10	7	11	6	11	6	1	10	8	12	10	6	7	6	9	11	5	3	16	11	4	11	5	12	12	6	9	12	1	2	6	2	9	16	12	6	9	11	15	3	14	2	14	7	6	2	6	2	14	12	4	7	5	1	3	5	5	10	16	11	10	8	13	5	4	15	2	5	8	12	8	3	9	15	11	12	16	12	3	11	11	15	6	9	15	7	16	10	11	11	4	9	4	6	14	3	3	10	7	14	15	10	12	8	5	7	1	7	8	1	5	13	10	15	1	9	12	5	5	3	11	6	15	3	8	12	16	10	8	6	1	5	8	12	7	9	6	8	11	16	8	6	6	5	16	3	15	12	10	1	5	13	2	13	14	3	13	11	7	10	8	11	16	13	15	16	9	14	1	9	7	7	11	8	15	14	10	4	7	4	3	6	7	5	10	4	14	3	7	14	2	1	15	11	9	10	14	10	12	12	4	4	14	12	3	16	15	4	15	5	5	6	7	8	1	3	8	2	8	6	10	7	11	3	12	1	3	2	7	16	5	10	7	16	7	5	1	5	11	9	12	7	13	16	7	2	12	13	3	11	3	9	5	1	13	1	3	9	6	1	10	6	6	3	2	15	5	3	9	1	15	11	3	16	14	14	6	7	6	14	12	6	3	2	15	5	16	12	14	12	4	9	13	7	5	7	16	6	16	11	4	10	12	15	2	12	3	8	6	8	2	2	6	4	2	13	6	10	15	5	7	13	13	2	8	14	16	1	4	5	10	2	13	6	15	14	5	13	12	12	12	12	13	14	2	14	1	3	7	7	7	11	11	4	7	3	9	7	12	3	10	1	5	9	10	9	15	9	7	9	10	12	7	1	15	13	7	10	2	6	6	8	5	8	7	12	1	16	15	14	6	9	4	1	6	3	9	2	14	4	12	8	11	4	2	4	5	7	11	12	3	5	11	7	11	13	16	5	9	10	14	14	12	11	15	1	13	8	15	4	15	6	3	12	15	3	16	6	13	6	7	1	2	13	11	4	15	4	1	3	10	4	14	3	4	13	4	1	16	14	16	16	12	6	2	5	4	11	3	9	9	5	13	14	16	9	7	3	9	5	11	11	2	14	5	7	13	1	15	8	5	16	5	13	9	1	8	13	10	5	7	9	5	14	2	11	4	5	13	7	7	15	12	15	9	4	15	16	4	9	11	6	15	16	6	13	5	6	4	16	16	1	15	14	16	6	7	6	12	2	10	1	9	11	13	16	4	11	1	6	4	7	10	12	4	12	9	5	2	2	4	2	12	1	15	6	6	12	10	15	10	8	5	7	16	16	6	13	11	1	2	2	12	2	4	8	3	9	13	2	12	16	16	12	7	15	1	14	15	12	15	15	7	8	3	15	11	15	4	12	9	14	6	12	2	6	6	11	8	12	9	15	4	9	5	16	3	14	5	7	10	15	7	13	3	2	10	16	16	13	3	4	14	10	15	1	13	4	11	7	14	14	13	8	12	11	10	6	14	6	6	5	16	16	14	13	12	14	10	9	10	15	6	12	3	2	15	12	10	4	16	3	10	3	2	10	2	13	5	3	8	8	4	7	7	1	4	4	15	11	12	2	6	6	7	3	2	16	13	5	11	9	1	2	11	2	11	11	2	14	10	7	3	1	11	13	6	11	9	16	2	9	14	7	6	11	15	10	8	5	14	13	1	11	9	1	1	14	11	5	2	3	11	7	13	9	4	5	10	16	9	1	10	13	14	15	8	16	5	15	15	7	12	4	9	9	1	10	9	13	14	16	7	11	9	3	14	12	13	1	16	2	12	7	8	4	1	10	11	10	4	4	2	3	7	9	1	15	14	7	14	1	6	11	10	5	1	8	11	3	9	3	3	14	4	12	6	13	8	12	13	3	5	13	16	4	12	2	6	11	7	16	2	5	12	13	15	5	4	2	5	12	3	2	5	16	15	8	10	12	8	14	2	8	8	8	3	12	5	15	10	11	3	1	12	6	1	3	3	3	10	5	8	9	6	10	16	2	8	7	5	12	15	7	1	6	2	12	7	11	4	11	11	16	9	8	6	10	4	9	12	13	16	2	9	11	14	1	4	7	11	5	15	16	8	16	10	5	7	10	16	8	1	3	14	3	11	13	3	12	14	8	2	9	14	2	12	15	3	9	12	13	15	3	13	4	14	7	16	9	8	16	4	2	2	3	15	14	1	8	12	10	5	7	11	12	7	15	3	10	12	5	5	12	9	4	13	7	16	9	16	3	5	3	16	5	10	9	1	15	1	9	15	2	4	13	7	9	10	1	12	1	16	12	7	3	13	5	15	16	1	15	2	3	15	14	4	11	5	7	1	11	7	10	2	16	2	14	1	11	8	5	14	16	5	8	13	4	11	1	14	4	16	4	12	1	8	5	4	9	5	11	16	9	7	3	8	7	2	5	9	1	5	5	14	5	4	15	15	2	7	2	10	13	1	15	12	8	2	5	15	4	16	9	6	2	1	5	16	13	13	3	4	2	16	5	7	2	2	7	3	2	15	4	12	15	3	5	15	2	13	7	3	2	1	9	7	6	7	7	6	16	13	11	5	12	7	1	15	15	12	15	7	1	11	3	13	2	5	2	8	15	5	13	14	11	14	11	14	14	15	4	10	2	13	4	5	13	14	12	8	7	8	1	4	2	5	8	5	11	10	14	3	7	8	15	15	6	16	2	8	11	14	11	12	8	10	5	11	10	6	14	10	15	12	11	7	5	2	5	14	4	4	3	1	15	14	9	13	7	6	13	15	5	6	5	16	13	8	10	7	16	13	1	16	8	5	8	14	11	14	9	4	2	8	6	15	5	8	11	10	4	15	9	12	2	1	7	11	7	16	9	4	15	10	12	12	14	16	8	9	3	13	9	14	3	3	14	8	9	7	13	11	4	10	14	15	7	16	10	7	9	4	8	1	10	15	15	11	16	3	11	1	15	8	8	15	11	13	12	7	8	6	1	7	1	9	2	7	5	4	15	6	14	6	6	6	3	16	5	14	13	9	10	2	7	11	4	13	8	6	4	6	5	11	5	12	4	13	16	16	13	15	7	16	1	11	13	1	6	15	10	11	15	10	5	1	3	1	1	10	3	11	6	5	2	10	1	16	8	14	3	8	13	10	16	13	6	15	3	12	7	4	14	15	1	7	8	1	3	11	6	9	5	13	6	13	2	1	14	3	12	14	5	15	6	3	6	9	12	2	2	6	9	13	7	16	16	15	15	3	2	9	8	6	2	1	14	14	10	1	8	1	12	2	15	9	6	11	8	14	15	7	11	14	9	14	11	3	4	7	13	6	15	1	8	13	8	14	12	4	13	4	16	9	11	12	12	3	5	12	14	15	12	10	7	7	12	13	10	14	3	3	14	14	15	11	4	6	2	5	6	11	9	2	16	1	16	15	5	16	9	4	15	10	8	2	10	14	2	5	15	1	5	1	9	6	7	11	1	2	3	15	15	5	13	10	16	16	9	16	12	2	13	6	14	13	3	14	7	5	3	16	11	10	15	12	10	13	10	6	7	6	7	3	7	4	7	11	7	14	2	9	12	8	15	15	9	15	1	4	11	1	11	5	5	8	10	4	12	3	4	10	6	3	12	12	9	14	7	6	3	4	14	9	6	3	13	4	14	16	16	3	7	10	14	13	12	1	2	2	11	15	13	13	5	13	5	5	10	9	1	3	3	8	7	2	12	7	5	8	15	2	2	8	5	15	16	14	13	10	5	7	3	13	7	12	3	1	2	2	3	4	9	8	8	15	4	14	5	3	15	1	6	5	7	11	10	11	15	6	6	11	10	4	15	12	7	1	7	15	13	10	6	8	16	15	6	5	9	8	3	8	15	11	15	10	16	2	15	4	16	11	12	2	16	16	15	8	11	12	4	7	11	14	9	10	15	13	14	3	7	3	1	15	16	4	10	7	10	15	16	13	2	7	15	10	5	5	13	2	5	5	11	8	8	1	4	1	7	10	1	10	14	13	14	4	5	8	5	4	15	10	7	16	13	9	5	15	1	3	1	9	13	4	8	13	10	2	2	13	9	2	16	9	7	10	6	14	11	7	3	5	5	11	3	11	6	12	8	8	4	7	16	13	1	8	1	5	4	15	5	15	14	9	7	11	8	14	10	8	16	4	1	1	8	10	3	5	11	5	2	9	10	4	5	2	13	1	7	4	12	11	3	4	1	5	5	15	3	1	16	11	1	1	7	1	15	13	12	10	1	4	13	2	7	6	2	9	10	11	12	5	12	4	7	16	15	10	10	13	4	16	1	4	14	2	12	3	15	4	15	1	1	14	9	13	6	9	9	9	2	5	9	5	10	12	8	13	5	1	11	16	3	13	15	8	7	16	4	1	14	6	11	9	9	15	8	3	1	12	11	5	1	11	15	4	1	11	2	10	11	9	10	2	10	5	13	10	7	9	7	2	13	10	9	4	6	12	13	1	6	13	10	16	14	5	4	12	8	5	5	11	14	7	6	4	4	5	14	1	9	6	12	4	2	4	4	3	15	14	9	4	2	10	14	4	3	8	4	5	1	14	7	16	5	14	15	11	7	5	3	12	10	4	9	4	11	13	11	2	13	4	10	11	13	12	15	1	13	10	10	4	1	8	13	9	15	1	9	2	12	7	11	11	16	4	11	5	3	6	6	16	12	5	16	3	14	3	13	16	13	14	13	11	7	6	1	10	13	14	5	15	1	6	7	15	9	4	14	10	8	4	13	8	15	2	16	1	12	11	2	1	14	12	15	2	3	10	1	3	14	13	1	11	2	15	5	6	4	6	14	12	15	4	7	10	6	5	14	3	13	3	3	5	11	13	15	15	10	3	7	7	3	5	6	3	5	6	6	4	12	4	15	11	1	8	14	16	11	4	16	16	8	4	11	8	15	11	14	2	5	15	16	11	5	6	14	4	2	14	6	6	15	2	5	10	15	6	12	9	16	5	5	14	13	14	11	3	14	10	8	14	1	7	1	12	3	5	3	12	3	11	2	9	10	16	5	7	16	16	9	7	5	5	8	4	3	1	8	14	11	7	4	13	3	13	8	3	6	8	1	13	2	13	2	10	1	14	2	7	11	11	4	7	6	10	9	3	6	7	2	10	9	8	8	14	11	2	6	14	9	12	13	16	1	13	7	2	1	13	4	8	1	7	3	15	8	12	3	16	14	2	11	2	14	1	3	10	5	14	9	16	13	9	6	11	13	4	3	13	15	8	8	8	3	11	6	4	1	4	13	6	15	1	6	16	2	9	12	12	1	15	16	6	4	12	11	11	14	2	16	12	2	7	10	3	5	9	9	11	12	16	16	3	4	1	15	7	14	14	1	5	9	15	10	2	10	13	14	7	11	11	9	5	1	3	1	10	14	15	11	15	8	1	13	13	8	13	3	16	8	10	15	16	8	1	4	16	11	5	16	4	14	5	14	2	14	8	3	8	16	4	1	12	10	8	12	12	12	9	4	10	13	9	5	12	16	5	1	5	10	8	5	1	16	3	10	3	7	5	4	14	7	7	1	7	9	15	13	5	10	2	16	9	16	9	9	11	15	13	11	4	12	10	16	13	13	5	14	4	2	5	13	16	3	4	13	7	12	6	16	7	1	13	15	9	9	1	9	5	5	14	3	5	11	9	9	6	16	10	2	11	15	15	13	16	1	1	13	3	15	2	4	8	9	3	6	16	1	10	3	1	16	16	16	14	1	6	12	7	2	13	9	2	13	6	1	1	2	8	3	4	4	3	8	4	10	2	5	14	15	16	4	9	14	5	9	9	13	13	2	7	8	2	7	8	2	7	1	9	2	11	9	12	14	9	6	6	16	11	12	13	9	3	1	10	4	7	6	10	1	5	8	14	7	13	9	5	1	9	4	11	7	15	8	16	11	12	6	2	4	4	13	2	9	5	4	11	12	11	12	11	8	8	3	7	3	4	14	15	13	16	8	4	5	9	1	7	3	2	1	4	12	3	12	5	14	9	15	14	3	9	10	14	1	2	4	2	15	3	2	6	12	7	12	13	2	3	14	6	1	6	9	8	9	11	10	10	4	2	3	14	3	5	14	16	6	12	5	4	6	5	5	13	1	2	11	9	11	6	4	2	13	12	4	13	7	12	2	2	10	13	13	13	3	8	8	9	11	3	8	15	4	4	6	14	3	4	16	15	14	2	1	10	6	11	12	1	16	16	5	12	13	10	1	1	5	10	6	12	10	1	8	1	16	5	9	16	8	8	1	11	9	8	16	15	5	3	1	13	16	14	14	9	11	7	
450	460	780	380	230	420	110	490	440	780	870	670	490	180	260	100	270	550	140	1000	980	830	460	250	680	750	150	420	470	320	930	550	100	670	900	810	640	450	910	560	110	490	710	320	130	550	580	250	440	220	490	870	290	130	170	920	930	640	660	440	830	360	960	510	440	110	450	120	210	940	830	930	690	720	890	690	690	120	550	650	970	230	620	180	400	670	320	180	750	490	420	600	260	510	480	290	730	510	290	560	570	260	590	850	910	740	490	530	100	750	740	480	400	860	540	610	400	380	910	540	700	650	300	850	820	540	540	820	450	660	610	440	940	1000	180	990	100	710	230	760	110	510	820	210	260	500	630	900	610	400	260	380	840	300	690	320	370	150	310	160	560	900	400	620	440	590	870	230	630	230	850	850	910	750	530	870	510	320	540	370	410	910	720	530	650	740	150	440	650	720	290	540	980	110	600	890	760	780	230	920	780	210	180	750	780	390	930	740	310	400	230	240	470	540	990	970	780	970	640	640	690	380	690	610	840	220	340	100	800	100	680	160	650	420	250	770	170	680	480	250	850	290	140	130	120	480	260	700	740	550	170	990	340	560	160	680	530	230	760	360	680	420	920	390	800	330	920	590	740	890	410	590	320	580	550	630	120	700	760	660	660	790	920	980	480	670	410	890	810	960	640	160	940	790	850	960	970	340	420	790	960	650	200	110	740	360	370	190	120	780	490	110	670	710	590	390	110	960	180	470	790	520	790	160	200	410	760	1000	370	920	590	250	550	520	310	600	700	580	240	660	800	780	920	470	650	980	690	780	950	200	1000	960	230	390	750	150	910	780	210	570	930	530	190	700	850	900	820	680	830	120	180	980	100	910	630	180	920	860	850	850	350	940	240	780	390	840	760	620	510	640	600	410	510	270	590	900	570	940	260	260	980	630	230	500	690	930	590	770	680	830	720	450	450	120	490	660	640	790	710	1000	430	840	900	930	240	730	730	1000	710	370	320	810	110	330	690	220	640	630	940	730	110	160	870	430	540	160	930	350	380	380	610	290	190	360	180	580	160	160	620	280	570	300	890	670	220	100	790	230	970	140	830	240	310	860	810	390	340	790	760	900	920	900	310	700	930	720	910	800	530	360	770	920	950	430	690	780	550	830	650	540	610	640	460	500	550	190	330	390	510	120	840	800	100	310	420	270	420	810	700	920	990	310	110	660	350	300	220	210	690	380	630	420	510	380	320	990	540	880	190	970	690	890	840	760	730	750	960	930	740	680	120	940	780	680	840	450	450	730	920	310	620	360	350	910	460	550	900	450	220	320	900	180	390	940	310	140	460	410	690	990	530	280	950	400	750	300	920	500	740	100	200	540	720	390	760	670	290	380	170	570	550	880	670	680	600	850	820	470	650	490	700	250	1000	110	700	640	800	950	100	750	630	690	760	870	170	530	460	150	290	260	610	790	930	110	690	250	270	460	170	430	630	110	420	970	950	330	460	430	120	740	320	780	250	440	620	210	760	450	150	700	310	720	920	640	280	550	340	290	870	690	690	1000	140	490	580	700	590	990	490	690	170	110	250	670	500	820	790	640	570	930	280	350	530	460	590	500	570	220	340	920	910	920	880	310	510	350	330	290	980	440	470	960	510	850	680	180	230	380	340	790	880	370	970	230	170	930	170	470	510	250	470	250	170	530	250	930	210	180	150	300	520	910	690	960	120	290	760	750	120	440	330	630	420	450	810	110	880	940	430	900	260	290	600	320	880	350	250	310	800	130	470	880	640	950	390	200	550	730	620	410	540	450	660	210	510	990	920	300	740	720	960	260	900	240	280	250	920	220	260	310	280	540	400	630	440	140	930	900	490	190	770	290	210	980	250	190	1000	520	680	340	540	590	430	430	920	190	600	700	130	750	130	800	820	540	920	870	180	110	150	550	110	870	490	810	200	790	310	1000	320	110	980	230	850	320	900	460	900	320	580	300	620	450	670	870	280	440	270	550	620	830	480	360	1000	930	650	970	100	970	570	230	470	970	770	160	370	820	430	530	360	710	280	200	510	710	900	280	160	180	640	370	520	640	830	550	300	440	180	600	140	470	590	600	600	780	280	540	190	570	210	760	660	480	360	160	190	540	650	430	820	420	180	290	270	340	210	730	480	440	130	530	460	250	390	660	780	620	390	650	900	280	380	110	870	870	740	500	150	550	200	830	980	420	190	790	420	950	520	650	210	760	930	940	110	630	930	410	930	810	610	620	350	520	870	930	920	340	900	650	340	880	120	450	170	110	800	430	300	580	300	650	920	260	280	130	740	570	900	180	400	700	650	760	790	470	1000	280	810	510	260	460	260	710	750	970	1000	130	540	130	260	820	960	280	800	830	750	640	680	460	620	260	910	890	210	300	630	580	460	850	340	190	190	480	700	330	900	620	360	560	890	670	660	940	470	710	850	720	230	700	450	360	930	720	970	770	1000	450	170	620	600	360	620	140	970	310	310	360	770	310	970	500	670	640	980	880	580	130	960	260	780	800	530	530	240	220	400	990	330	840	540	560	760	430	760	710	340	690	300	950	690	930	280	410	780	740	750	420	830	740	350	440	680	160	910	740	780	410	800	220	470	680	890	210	620	310	960	570	780	180	760	650	660	990	220	120	650	530	940	440	120	320	450	600	550	900	750	180	540	200	580	300	1000	170	990	670	800	300	280	280	750	320	670	380	190	620	430	280	590	240	680	370	680	290	730	420	570	770	990	610	150	220	950	790	870	500	630	910	190	170	770	730	600	870	250	680	260	420	450	400	770	100	560	640	670	810	580	680	520	230	620	670	870	530	260	610	700	710	780	280	680	210	920	810	140	540	600	770	850	860	580	190	650	800	620	810	250	730	610	400	650	600	460	530	180	150	420	340	530	460	820	850	490	140	900	950	530	850	250	660	270	730	950	720	1000	460	150	420	280	900	560	510	600	760	870	250	280	410	310	570	950	750	820	870	220	570	960	270	500	590	580	260	220	680	660	140	340	570	220	760	610	440	970	850	380	280	500	310	950	400	580	680	150	470	850	320	980	300	590	810	100	840	830	100	100	1000	720	670	390	390	500	750	930	590	1000	650	480	550	760	810	860	580	570	360	140	150	240	250	600	670	150	650	970	670	540	270	410	830	530	970	980	540	660	930	160	100	640	420	140	430	320	790	900	960	690	790	130	920	220	830	940	140	300	400	990	820	940	380	450	300	220	620	230	370	950	750	610	720	470	990	390	890	210	170	1000	540	350	230	740	910	800	560	230	390	910	230	120	180	460	1000	120	980	630	110	140	770	290	120	470	470	410	740	290	650	460	1000	210	850	360	990	220	770	610	550	340	310	870	430	290	280	790	190	580	530	150	740	150	960	840	510	260	140	820	530	230	200	500	730	690	800	720	100	1000	630	650	930	770	990	890	100	590	890	860	690	530	770	260	330	300	580	930	220	130	510	940	870	280	670	940	780	540	380	130	110	560	390	930	710	870	130	180	820	740	240	550	290	640	170	290	950	640	900	990	540	780	920	690	510	780	900	950	310	590	680	110	510	610	120	680	640	940	340	890	300	460	810	880	790	210	750	140	900	100	360	300	780	380	910	740	920	420	470	190	420	220	460	240	910	380	850	490	730	390	440	780	440	930	180	740	730	450	920	640	160	430	340	980	720	710	890	610	920	490	540	300	810	100	200	370	430	530	710	430	520	560	530	580	570	960	760	190	540	440	200	530	820	110	200	780	810	490	680	820	260	360	590	790	470	340	690	950	610	1000	430	760	420	250	740	190	770	240	670	570	870	660	500	780	840	450	930	190	430	260	110	510	540	980	940	850	680	190	680	970	650	850	680	750	290	420	560	490	750	610	320	1000	180	340	740	510	910	580	860	140	320	160	880	120	680	440	250	880	320	420	310	360	250	600	450	460	460	610	440	720	960	520	990	890	370	880	440	610	850	870	490	810	580	900	270	210	970	420	140	830	230	180	660	960	300	620	700	160	480	250	260	860	300	140	990	410	320	570	150	930	360	270	360	350	140	230	240	370	170	350	270	280	450	870	770	710	970	340	470	820	160	350	600	510	480	190	960	670	470	110	200	640	400	310	290	460	310	260	970	570	290	210	110	640	650	390	690	510	100	960	280	400	260	860	1000	900	390	970	300	620	780	890	520	810	360	960	320	530	440	760	240	1000	900	200	410	620	480	840	610	790	870	260	530	870	910	250	880	890	550	250	210	890	550	690	280	240	480	710	920	560	860	790	170	310	170	910	650	660	130	240	520	650	170	650	140	820	960	990	500	110	920	900	670	500	940	320	680	430	900	960	770	890	640	560	680	470	130	110	240	750	200	100	970	340	1000	680	140	140	650	380	600	220	330	670	520	390	620	300	210	970	410	570	820	190	520	770	870	760	140	650	320	530	220	610	780	300	570	590	840	800	520	970	720	230	740	710	200	820	450	270	410	610	760	100	380	150	830	970	420	520	970	620	200	550	480	620	250	610	870	810	260	450	970	760	600	950	810	340	150	490	260	690	160	970	460	550	110	950	570	550	720	1000	930	250	420	270	950	820	620	400	910	210	680	990	490	960	300	820	850	900	330	110	870	390	990	150	400	280	420	990	110	110	180	100	770	230	910	870	940	670	310	740	810	770	160	970	970	650	270	190	710	450	660	530	230	380	520	280	690	890	860	890	830	480	880	390	170	400	950	900	540	690	120	900	500	300	430	670	810	290	630	410	280	110	850	160	590	440	180	730	950	460	670	840	240	490	150	630	220	390	510	760	670	350	750	640	480	900	650	200	430	430	450	130	900	290	490	190	970	170	110	200	490	540	470	830	220	830	970	480	900	850	460	830	760	970	800	950	390	570	270	290	380	590	140	190	650	430	640	960	730	640	580	470	360	320	510	730	130	480	540	210	380	260	900	940	970	310	940	930	840	620	590	470	540	280	990	330	250	210	480	800	120	1000	550	270	570	360	770	630	810	200	870	560	180	970	380	830	390	760	630	370	550	130	140	290	630	700	440	340	280	320	410	630	660	170	650	830	800	580	220	140	820	170	990	420	510	860	270	420	150	170	840	310	150	590	100	530	870	920	890	170	190	220	280	390	490	480	340	310	520	130	210	490	160	160	110	760	870	460	140	420	260	670	560	840	750	380	590	390	350	160	590	890	400	950	180	210	310	540	540	610	640	760	850	880	590	210	880	610	280	210	990	360	520	610	500	900	200	190	630	720	470	460	550	160	750	820	900	940	150	820	690	170	370	380	370	780	110	430	120	730	690	990	500	710	510	980	730	430	630	450	180	510	410	780	700	140	470	580	260	390	120	780	320	560	410	400	250	460	770	440	580	530	610	640	200	620	620	840	1000	790	690	370	870	660	620	910	580	400	540	900	910	910	660	540	380	200	540	890	420	440	770	810	810	380	460	180	910	740	420	190	200	150	490	990	850	860	460	110	490	220	180	580	680	360	630	580	310	990	220	210	500	330	650	990	760	830	760	350	240	490	100	360	990	960	770	920	840	200	180	900	140	120	530	250	600	540	510	750	710	100	660	280	570	960	920	190	140	860	480	930	460	250	700	910	390	530	600	470	240	940	310	270	850	630	510	520	280	480	650	860	660	800	800	360	700	400	560	550	270	980	890	220	210	890	820	190	620	880	400	730	410	610	580	300	310	730	740	530	710	880	230	970	200	430	820	860	140	490	930	910	920	670	970	540	520	800	500	580	180	160	320	430	240	650	880	740	610	220	950	550	640	610	710	510	340	870	540	130	610	720	470	910	320	960	420	680	900	910	730	210	370	140	660	670	740	600	620	150	190	980	540	630	430	860	870	650	290	950	100	670	780	840	490	860	1000	230	720	390	460	480	480	780	880	450	630	800	320	630	980	920	790	490	590	620	360	740	740	170	270	430	780	590	950	160	140	870	290	410	780	850	1000	110	120	370	560	400	560	410	280	760	920	990	970	140	240	590	250	420	700	840	370	360	800	480	960	160	720	270	740	510	210	410	340	390	840	120	490	910	830	160	680	700	800	800	660	490	260	190	310	300	590	290	280	390	900	450	1000	360	160	650	770	740	600	820	820	280	230	520	600	440	760	190	520	120	790	410	950	120	130	950	250	240	200	520	440	210	150	480	740	930	210	590	110	400	520	160	610	870	800	670	980	880	810	250	590	490	230	200	550	160	990	290	910	400	620	530	980	840	380	420	530	320	120	480	710	220	390	160	980	980	330	660	330	160	930	620	220	620	850	930	240	760	630	210	930	280	210	440	210	690	890	890	1000	480	540	760	210	250	650	140	400	420	110	550	560	720	510	610	470	580	160	640	440	990	180	560	960	580	680	120	650	470	740	440	990	790	790	300	410	100	490	520	400	300	370	630	890	480	520	560	460	100	310	720	210	450	100	550	760	580	950	690	460	260	360	990	140	730	500	840	750	970	280	550	650	770	1000	180	190	1000	710	820	730	520	100	640	430	810	130	700	390	540	630	850	940	310	210	400	470	150	1000	690	1000	650	580	340	810	210	890	670	860	640	330	450	760	760	940	740	520	260	850	270	290	950	490	570	940	160	500	720	670	850	450	880	930	290	870	420	600	410	110	350	840	760	590	980	740	510	690	580	980	130	180	680	960	990	750	380	370	240	840	800	850	630	930	360	720	620	840	280	450	860	570	460	670	470	160	950	530	970	570	150	380	610	580	610	510	330	170	740	230	240	610	780	370	970	510	840	390	750	760	700	500	640	960	970	910	750	410	330	100	720	610	590	280	190	770	240	460	860	920	400	870	560	1000	710	590	150	920	290	120	750	690	280	120	680	610	290	120	590	220	880	500	1000	740	950	660	160	520	950	340	340	380	460	650	120	830	810	640	660	530	880	370	300	810	640	100	370	960	870	350	210	740	160	550	270	750	310	600	900	900	120	380	140	430	250	980	880	220	790	600	810	990	270	450	580	150	140	630	990	760	830	940	880	930	370	670	470	890	730	290	930	940	920	510	300	550	840	950	690	820	340	110	690	240	560	610	930	100	430	900	230	270	700	610	190	210	210	350	340	360	910	900	450	390	590	820	360	400	490	890	840	150	170	640	260	960	490	880	980	450	570	200	750	120	160	560	470	100	100	810	860	250	600	520	590	710	850	300	120	870	140	110	530	510	130	820	450	740	460	770	990	490	920	880	690	650	440	550	700	870	190	450	870	990	510	840	210	170	180	390	860	180	450	280	460	180	910	240	760	920	300	290	490	360	340	910	230	810	190	280	700	830	110	370	630	720	890	170	430	150	310	550	680	850	160	410	140	300	280	430	850	980	110	930	300	760	580	300	1000	610	300	380	750	910	460	970	340	230	410	640	220	930	100	100	750	640	800	560	330	930	490	760	970	240	670	250	580	820	300	640	860	340	290	200	240	760	930	300	760	450	120	150	680	110	680	630	940	380	220	700	800	360	560	800	370	460	870	140	280	380	170	910	350	230	690	570	520	650	120	500	770	560	270	240	710	900	420	900	290	520	680	330	1000	610	650	730	550	640	400	830	210	990	580	140	320	700	820	780	150	970	120	540	730	710	340	840	460	160	570	960	410	530	910	740	930	890	550	510	680	810	780	790	600	630	110	260	710	690	310	290	210	330	360	190	510	680	210	470	820	840	330	140	270	940	520	770	880	320	590	170	940	710	100	730	910	120	670	410	920	350	480	170	980	490	980	280	960	730	430	430	480	310	710	800	880	210	400	130	200	190	330	520	860	130	600	890	110	970	560	300	210	810	810	210	380	680	650	500	870	940	670	590	300	270	390	440	410	380	300	950	720	240	810	310	680	710	860	810	820	640	780	230	790	530	720	710	330	690	210	830	980	800	780	170	180	220	330	710	370	140	800	240	470	700	700	100	320	440	660	170	890	
10
