3465
100
2
70
0	0	500	500	500	0	500	0	0	0	0	0	0	500	500	0	0	0	0	500	500	0	0	0	0	0	0	0	0	500	500	0	0	0	0	0	0	0	0	0	500	0	0	0	0	0	0	0	0	0	0	0	0	0	500	0	0	0	0	0	500	0	0	0	0	0	0	0	0	0	0	0	0	0	0	0	0	0	0	0	0	0	0	0	0	0	0	0	0	0	0	0	0	0	0	0	0	0	0	0	
0	0	0	0	0	0	0	0	0	0	500	0	0	0	0	0	0	0	0	0	0	0	0	0	0	0	0	0	0	0	0	0	0	0	0	0	0	0	0	0	0	0	0	0	0	0	0	0	0	0	0	0	0	0	0	0	0	0	0	0	0	0	0	0	0	0	0	0	0	0	500	0	0	0	0	0	0	0	0	0	0	0	0	0	0	0	0	0	0	0	0	0	0	0	0	0	0	0	0	0	
500	0	0	0	0	0	0	0	0	0	0	0	0	0	0	0	0	0	0	0	0	0	0	0	0	0	0	0	0	0	0	0	0	0	0	0	0	0	0	0	0	0	0	500	0	0	0	0	0	0	0	0	0	0	0	0	0	0	0	0	0	0	0	0	0	500	0	0	0	0	0	0	0	0	0	0	0	0	0	0	0	0	0	0	0	0	0	0	0	0	0	0	0	0	0	0	0	0	0	0	
500	0	0	0	0	0	0	0	0	0	0	0	0	0	0	0	0	0	0	0	0	0	0	0	0	0	0	0	0	0	0	0	0	0	0	0	0	500	0	0	0	0	0	0	0	0	0	0	0	0	0	0	0	0	0	0	0	0	0	0	0	0	0	0	0	0	0	0	0	0	0	0	0	0	0	0	0	0	0	0	0	0	0	0	0	0	0	0	0	0	0	0	0	0	0	500	0	0	0	0	
500	0	0	0	0	0	0	0	0	0	0	0	0	0	0	0	0	0	0	0	0	0	500	0	0	0	0	0	0	0	0	0	0	0	0	0	0	0	0	500	0	0	0	0	0	0	0	0	0	0	0	0	0	0	0	0	0	0	0	0	0	0	0	0	0	0	0	0	0	0	0	0	0	0	0	0	0	0	0	0	0	0	0	0	0	0	0	0	0	0	0	0	0	0	0	0	0	0	0	0	
0	0	0	0	0	0	0	0	0	0	0	0	0	0	0	0	0	0	0	0	0	0	0	0	0	0	0	500	0	0	0	0	0	0	0	0	0	0	0	0	0	0	0	0	0	0	0	0	0	0	0	0	0	0	0	0	0	0	0	0	0	0	0	0	0	0	0	0	0	0	500	0	0	0	0	0	0	0	0	0	0	0	0	0	0	0	0	0	0	0	0	0	0	0	0	0	0	0	0	0	
500	0	0	0	0	0	0	0	0	0	0	0	0	0	0	0	0	0	0	0	0	0	0	0	0	0	0	0	0	0	0	0	0	0	0	0	0	0	0	0	0	0	0	0	0	0	0	0	0	0	0	0	0	0	0	0	0	0	0	0	0	0	0	0	500	0	0	0	0	0	0	500	0	0	0	0	0	0	0	0	0	0	0	0	0	0	0	0	0	0	0	0	0	0	0	0	0	0	0	0	
0	0	0	0	0	0	0	0	0	0	0	0	0	0	0	0	0	0	0	0	0	0	0	0	0	0	0	0	0	0	0	0	0	0	0	0	0	0	0	0	0	0	0	0	0	0	0	0	0	0	0	0	0	0	0	0	0	0	0	0	0	0	0	0	0	0	0	0	0	0	0	500	0	0	0	0	0	0	500	0	0	0	0	0	0	0	0	0	0	0	0	0	0	0	0	0	0	0	0	0	
0	0	0	0	0	0	0	0	0	0	0	0	0	0	0	0	0	0	0	0	0	0	0	0	0	0	0	0	0	0	0	0	0	0	0	0	0	0	0	0	0	0	0	0	0	0	0	0	0	0	0	0	0	500	0	0	0	0	500	0	0	0	0	0	0	0	0	0	0	0	0	0	0	0	0	0	0	0	0	0	0	0	0	0	0	0	0	0	0	0	0	0	0	0	0	0	0	0	0	0	
0	0	0	0	0	0	0	0	0	0	0	0	0	0	0	0	0	0	0	0	0	0	0	0	0	0	0	0	0	0	0	500	0	0	0	500	0	0	0	0	0	0	0	0	0	0	0	0	0	0	0	0	0	0	0	0	0	0	0	0	0	0	0	0	0	0	0	0	0	0	0	0	0	0	0	0	0	0	0	0	0	0	0	0	0	0	0	0	0	0	0	0	0	0	0	0	0	0	0	0	
0	500	0	0	0	0	0	0	0	0	0	0	0	0	0	0	0	0	0	0	0	0	0	0	0	0	0	0	0	0	0	0	0	0	0	0	0	0	0	0	0	500	0	0	0	0	0	0	0	0	0	0	0	0	0	0	0	0	0	0	0	0	0	0	0	0	0	0	0	0	0	0	0	0	0	0	0	0	0	0	0	0	0	0	0	0	0	0	0	0	0	0	0	0	0	0	0	0	0	0	
0	0	0	0	0	0	0	0	0	0	0	0	0	0	0	0	0	0	0	0	0	0	0	0	0	0	500	0	0	0	0	0	0	0	0	0	0	0	500	0	0	0	0	0	0	0	0	0	0	0	0	0	0	0	0	0	0	0	0	0	0	0	0	0	0	0	0	0	0	0	0	0	0	0	0	0	0	0	0	0	0	0	0	0	0	0	0	0	0	0	0	0	0	0	0	0	0	0	0	0	
0	0	0	0	0	0	0	0	0	0	0	0	0	0	0	0	0	0	0	0	0	0	0	0	0	0	0	0	0	0	0	0	0	0	0	0	0	0	0	0	0	0	0	0	0	0	0	0	0	0	0	0	0	0	0	0	500	0	0	0	0	0	0	0	0	0	0	0	0	0	0	0	0	0	0	0	0	0	0	0	0	0	0	0	500	0	0	0	0	0	0	0	0	0	0	0	0	0	0	0	
500	0	0	0	0	0	0	0	0	0	0	0	0	0	0	0	0	0	0	0	0	0	0	0	0	0	0	0	0	0	0	0	0	0	0	0	0	0	0	0	0	0	0	0	0	0	0	0	0	0	0	0	0	0	0	0	0	0	0	0	0	0	0	0	0	0	0	0	0	0	0	0	0	0	0	0	0	0	0	0	500	0	0	0	0	0	0	0	0	0	0	500	0	0	0	0	0	0	0	0	
500	0	0	0	0	0	0	0	0	0	0	0	0	0	0	0	0	0	0	0	0	0	0	0	0	500	0	0	0	0	0	0	0	0	0	0	0	0	0	0	0	0	0	0	0	500	0	0	0	0	0	0	0	0	0	0	0	0	0	0	0	0	0	0	0	0	0	0	0	0	0	0	0	0	0	0	0	0	0	0	0	0	0	0	0	0	0	0	0	0	0	0	0	0	0	0	0	0	0	0	
0	0	0	0	0	0	0	0	0	0	0	0	0	0	0	0	0	0	0	0	0	0	0	0	0	0	0	0	0	0	0	0	0	0	0	0	0	0	0	0	0	0	0	0	0	0	0	0	0	0	0	0	0	0	0	0	0	0	0	0	0	0	0	0	0	0	0	0	0	0	0	0	0	0	0	0	0	0	0	0	0	0	0	0	0	0	0	0	0	0	0	500	0	0	500	0	0	0	0	0	
0	0	0	0	0	0	0	0	0	0	0	0	0	0	0	0	0	0	0	0	0	0	0	0	0	0	0	0	0	0	0	0	0	0	0	0	0	0	0	0	0	0	0	0	0	0	0	0	0	0	0	0	0	0	0	0	0	0	0	0	0	0	0	0	0	0	0	0	500	0	0	0	0	0	0	0	500	0	0	0	0	0	0	0	0	0	0	0	0	0	0	0	0	0	0	0	0	0	0	0	
0	0	0	0	0	0	0	0	0	0	0	0	0	0	0	0	0	0	0	0	0	0	0	0	0	0	0	0	0	0	0	0	0	0	0	0	0	0	0	0	0	0	0	0	0	0	0	0	0	0	0	0	0	0	0	0	0	0	0	0	0	0	0	0	0	0	0	0	0	0	0	0	0	0	500	0	0	0	0	0	0	0	0	0	0	0	0	0	0	0	500	0	0	0	0	0	0	0	0	0	
0	0	0	0	0	0	0	0	0	0	0	0	0	0	0	0	0	0	0	0	0	0	0	0	0	0	0	0	0	0	0	0	0	0	0	0	0	0	0	0	0	0	0	0	0	0	0	0	0	0	0	0	0	500	0	0	0	0	0	0	0	0	0	0	500	0	0	0	0	0	0	0	0	0	0	0	0	0	0	0	0	0	0	0	0	0	0	0	0	0	0	0	0	0	0	0	0	0	0	0	
500	0	0	0	0	0	0	0	0	0	0	0	0	0	0	0	0	0	0	0	0	0	0	500	0	0	0	0	0	0	0	0	0	0	0	0	0	0	0	0	0	0	0	0	0	0	0	0	0	0	0	500	0	0	0	0	0	0	0	0	0	0	0	0	0	0	0	0	0	0	0	0	0	0	0	0	0	0	0	0	0	0	0	0	0	0	0	0	0	0	0	0	0	0	0	0	0	0	0	0	
500	0	0	0	0	0	0	0	0	0	0	0	0	0	0	0	0	0	0	0	0	0	0	0	0	0	0	0	0	0	0	0	0	0	0	0	0	0	0	0	0	0	0	0	0	0	0	0	0	0	0	0	0	0	0	0	0	0	0	0	0	0	0	0	0	0	0	0	0	0	0	0	0	0	0	0	0	0	0	500	0	0	0	0	0	0	0	0	0	500	0	0	0	0	0	0	0	0	0	0	
0	0	0	0	0	0	0	0	0	0	0	0	0	0	0	0	0	0	0	0	0	0	0	0	0	0	500	500	0	0	0	0	0	0	0	0	0	0	0	0	0	0	0	0	0	0	0	0	0	0	0	0	0	0	0	0	0	0	0	0	0	0	0	0	0	0	0	0	0	0	0	0	0	0	0	0	0	0	0	0	0	0	0	0	0	0	0	0	0	0	0	0	0	0	0	0	0	0	0	0	
0	0	0	0	500	0	0	0	0	0	0	0	0	0	0	0	0	0	0	0	0	0	0	0	0	0	0	0	0	0	0	0	0	0	0	0	0	0	0	500	0	0	0	0	0	0	0	0	0	0	0	0	0	0	0	0	0	0	0	0	0	0	0	0	0	0	0	0	0	0	0	0	0	0	0	0	0	0	0	0	0	0	0	0	0	0	0	0	0	0	0	0	0	0	0	0	0	0	0	0	
0	0	0	0	0	0	0	0	0	0	0	0	0	0	0	0	0	0	0	500	0	0	0	0	0	0	0	0	0	0	0	0	0	0	500	0	0	0	0	0	0	0	0	0	0	0	0	0	0	0	0	0	0	0	0	0	0	0	0	0	0	0	0	0	0	0	0	0	0	0	0	0	0	0	0	0	0	0	0	0	0	0	0	0	0	0	0	0	0	0	0	0	0	0	0	0	0	0	0	0	
0	0	0	0	0	0	0	0	0	0	0	0	0	0	0	0	0	0	0	0	0	0	0	0	0	0	0	0	0	0	0	0	0	0	0	0	0	0	0	0	0	0	0	0	0	0	0	0	0	0	0	0	0	0	0	0	0	0	0	0	0	0	0	0	0	0	0	0	0	0	0	0	0	0	0	0	0	0	0	500	0	0	0	0	0	0	0	0	0	500	0	0	0	0	0	0	0	0	0	0	
0	0	0	0	0	0	0	0	0	0	0	0	0	0	500	0	0	0	0	0	0	0	0	0	0	0	0	0	0	0	0	0	0	0	0	0	0	0	0	0	0	0	0	0	0	0	0	0	0	500	0	0	0	0	0	0	0	0	0	0	0	0	0	0	0	0	0	0	0	0	0	0	0	0	0	0	0	0	0	0	0	0	0	0	0	0	0	0	0	0	0	0	0	0	0	0	0	0	0	0	
0	0	0	0	0	0	0	0	0	0	0	500	0	0	0	0	0	0	0	0	0	500	0	0	0	0	0	0	0	0	0	0	0	0	0	0	0	0	0	0	0	0	0	0	0	0	0	0	0	0	0	0	0	0	0	0	0	0	0	0	0	0	0	0	0	0	0	0	0	0	0	0	0	0	0	0	0	0	0	0	0	0	0	0	0	0	0	0	0	0	0	0	0	0	0	0	0	0	0	0	
0	0	0	0	0	500	0	0	0	0	0	0	0	0	0	0	0	0	0	0	0	500	0	0	0	0	0	0	0	0	0	0	0	0	0	0	0	0	0	0	0	0	0	0	0	0	0	0	0	0	0	0	0	0	0	0	0	0	0	0	0	0	0	0	0	0	0	0	0	0	0	0	0	0	0	0	0	0	0	0	0	0	0	0	0	0	0	0	0	0	0	0	0	0	0	0	0	0	0	0	
0	0	0	0	0	0	0	0	0	0	0	0	0	0	0	0	0	0	0	0	0	0	0	0	0	0	0	0	0	0	0	0	0	0	0	0	0	0	0	0	0	0	0	0	0	0	0	0	0	0	0	0	0	0	0	0	0	0	0	0	0	0	0	0	0	0	0	0	0	0	0	0	0	0	0	0	0	0	0	0	0	500	0	500	0	0	0	0	0	0	0	0	0	0	0	0	0	0	0	0	
500	0	0	0	0	0	0	0	0	0	0	0	0	0	0	0	0	0	0	0	0	0	0	0	0	0	0	0	0	0	0	0	0	500	0	0	0	0	0	0	0	0	0	0	0	0	0	0	0	0	0	0	0	0	0	0	0	0	0	0	0	0	0	0	0	0	0	0	0	0	0	0	0	0	0	0	0	0	0	0	0	0	0	0	0	0	0	0	0	0	0	0	0	0	0	0	0	0	0	0	
500	0	0	0	0	0	0	0	0	0	0	0	0	0	0	0	0	0	0	0	0	0	0	0	0	0	0	0	0	0	0	0	0	0	0	0	0	0	0	0	0	0	0	0	0	0	0	0	0	0	0	0	0	0	0	0	0	0	0	0	0	0	0	0	0	0	0	500	0	0	0	0	0	0	0	0	0	0	0	0	0	0	500	0	0	0	0	0	0	0	0	0	0	0	0	0	0	0	0	0	
0	0	0	0	0	0	0	0	0	500	0	0	0	0	0	0	0	0	0	0	0	0	0	0	0	0	0	0	0	0	0	0	0	0	0	0	0	0	0	0	0	0	0	0	0	0	0	0	0	0	0	0	0	0	0	0	0	0	0	0	0	0	0	0	0	0	0	0	500	0	0	0	0	0	0	0	0	0	0	0	0	0	0	0	0	0	0	0	0	0	0	0	0	0	0	0	0	0	0	0	
0	0	0	0	0	0	0	0	0	0	0	0	0	0	0	0	0	0	0	0	0	0	0	0	0	0	0	0	0	0	0	0	0	0	0	0	0	0	0	0	0	0	0	0	0	500	0	0	0	0	0	0	0	0	0	0	0	0	0	500	0	0	0	0	0	0	0	0	0	0	0	0	0	0	0	0	0	0	0	0	0	0	0	0	0	0	0	0	0	0	0	0	0	0	0	0	0	0	0	0	
0	0	0	0	0	0	0	0	0	0	0	0	0	0	0	0	0	0	0	0	0	0	0	0	0	0	0	0	0	500	0	0	0	0	0	0	0	0	0	0	0	0	0	0	0	0	0	0	0	0	500	0	0	0	0	0	0	0	0	0	0	0	0	0	0	0	0	0	0	0	0	0	0	0	0	0	0	0	0	0	0	0	0	0	0	0	0	0	0	0	0	0	0	0	0	0	0	0	0	0	
0	0	0	0	0	0	0	0	0	0	0	0	0	0	0	0	0	0	0	0	0	0	0	500	0	0	0	0	0	0	0	0	0	0	0	0	0	0	0	0	0	0	0	0	0	0	0	0	500	0	0	0	0	0	0	0	0	0	0	0	0	0	0	0	0	0	0	0	0	0	0	0	0	0	0	0	0	0	0	0	0	0	0	0	0	0	0	0	0	0	0	0	0	0	0	0	0	0	0	0	
0	0	0	0	0	0	0	0	0	500	0	0	0	0	0	0	0	0	0	0	0	0	0	0	0	0	0	0	0	0	0	0	0	0	0	0	0	0	0	0	500	0	0	0	0	0	0	0	0	0	0	0	0	0	0	0	0	0	0	0	0	0	0	0	0	0	0	0	0	0	0	0	0	0	0	0	0	0	0	0	0	0	0	0	0	0	0	0	0	0	0	0	0	0	0	0	0	0	0	0	
0	0	0	0	0	0	0	0	0	0	0	0	0	0	0	0	0	0	0	0	0	0	0	0	0	0	0	0	0	0	0	0	0	0	0	0	0	0	0	0	0	500	0	0	0	0	0	0	0	0	0	0	0	0	0	0	0	0	0	0	0	0	0	0	0	0	0	0	0	0	0	0	0	0	0	0	0	0	0	0	0	0	0	0	0	500	0	0	0	0	0	0	0	0	0	0	0	0	0	0	
0	0	0	500	0	0	0	0	0	0	0	0	0	0	0	0	0	0	0	0	0	0	0	0	0	0	0	0	0	0	0	0	0	0	0	0	0	0	0	0	0	0	0	0	0	0	0	0	0	0	0	0	0	0	0	0	0	0	0	0	0	0	0	0	0	0	0	0	0	0	0	0	0	0	0	0	0	0	0	0	0	0	0	0	0	0	0	0	0	0	0	0	0	0	0	500	0	0	0	0	
0	0	0	0	0	0	0	0	0	0	0	500	0	0	0	0	0	0	0	0	0	0	0	0	0	0	0	0	0	0	0	0	0	0	0	0	0	0	0	0	0	0	0	0	0	0	0	0	0	0	500	0	0	0	0	0	0	0	0	0	0	0	0	0	0	0	0	0	0	0	0	0	0	0	0	0	0	0	0	0	0	0	0	0	0	0	0	0	0	0	0	0	0	0	0	0	0	0	0	0	
0	0	0	0	500	0	0	0	0	0	0	0	0	0	0	0	0	0	0	0	0	0	500	0	0	0	0	0	0	0	0	0	0	0	0	0	0	0	0	0	0	0	0	0	0	0	0	0	0	0	0	0	0	0	0	0	0	0	0	0	0	0	0	0	0	0	0	0	0	0	0	0	0	0	0	0	0	0	0	0	0	0	0	0	0	0	0	0	0	0	0	0	0	0	0	0	0	0	0	0	
500	0	0	0	0	0	0	0	0	0	0	0	0	0	0	0	0	0	0	0	0	0	0	0	0	0	0	0	0	0	0	0	0	0	0	500	0	0	0	0	0	0	0	0	0	0	0	0	0	0	0	0	0	0	0	0	0	0	0	0	0	0	0	0	0	0	0	0	0	0	0	0	0	0	0	0	0	0	0	0	0	0	0	0	0	0	0	0	0	0	0	0	0	0	0	0	0	0	0	0	
0	0	0	0	0	0	0	0	0	0	500	0	0	0	0	0	0	0	0	0	0	0	0	0	0	0	0	0	0	0	0	0	0	0	0	0	500	0	0	0	0	0	0	0	0	0	0	0	0	0	0	0	0	0	0	0	0	0	0	0	0	0	0	0	0	0	0	0	0	0	0	0	0	0	0	0	0	0	0	0	0	0	0	0	0	0	0	0	0	0	0	0	0	0	0	0	0	0	0	0	
0	0	0	0	0	0	0	0	0	0	0	0	0	0	0	0	0	0	0	0	0	0	0	0	0	0	0	0	0	0	0	0	0	0	0	0	0	0	0	0	0	0	0	0	0	0	0	0	0	0	0	0	0	0	0	0	0	0	0	0	0	0	0	0	0	0	0	0	0	0	0	0	0	0	500	0	500	0	0	0	0	0	0	0	0	0	0	0	0	0	0	0	0	0	0	0	0	0	0	0	
0	0	500	0	0	0	0	0	0	0	0	0	0	0	0	0	0	0	0	0	0	0	0	0	0	0	0	0	0	0	0	0	0	0	0	0	0	0	0	0	0	0	0	0	0	0	0	0	0	0	0	0	0	0	0	0	0	0	0	0	0	0	0	0	0	500	0	0	0	0	0	0	0	0	0	0	0	0	0	0	0	0	0	0	0	0	0	0	0	0	0	0	0	0	0	0	0	0	0	0	
0	0	0	0	0	0	0	0	0	0	0	0	0	0	0	0	0	0	0	0	0	0	0	0	0	0	0	0	0	0	0	0	0	0	0	0	0	0	0	0	0	0	0	0	0	0	0	0	0	0	0	0	500	0	0	0	0	0	0	0	0	0	0	0	0	0	0	0	0	0	0	0	0	0	0	0	0	0	0	0	0	0	0	500	0	0	0	0	0	0	0	0	0	0	0	0	0	0	0	0	
0	0	0	0	0	0	0	0	0	0	0	0	0	0	500	0	0	0	0	0	0	0	0	0	0	0	0	0	0	0	0	0	500	0	0	0	0	0	0	0	0	0	0	0	0	0	0	0	0	0	0	0	0	0	0	0	0	0	0	0	0	0	0	0	0	0	0	0	0	0	0	0	0	0	0	0	0	0	0	0	0	0	0	0	0	0	0	0	0	0	0	0	0	0	0	0	0	0	0	0	
0	0	0	0	0	0	0	0	0	0	0	0	0	0	0	0	0	0	0	0	0	0	0	0	0	0	0	0	0	0	0	0	0	0	0	0	0	0	0	0	0	0	0	0	0	0	0	0	0	0	0	0	0	0	0	0	0	0	0	0	0	0	0	0	0	0	0	0	0	0	0	0	0	0	0	0	0	0	0	0	0	0	0	0	500	0	0	0	0	0	500	0	0	0	0	0	0	0	0	0	
0	0	0	0	0	0	0	0	0	0	0	0	0	0	0	0	0	0	0	0	0	0	0	0	0	0	0	0	0	0	0	0	0	0	0	0	0	0	0	0	0	0	0	0	0	0	0	0	0	0	0	0	0	0	0	0	0	0	0	0	0	0	0	0	0	0	0	0	0	0	0	0	0	0	0	0	0	0	0	0	0	0	500	0	0	0	0	0	0	0	0	0	0	0	0	0	0	500	0	0	
0	0	0	0	0	0	0	0	0	0	0	0	0	0	0	0	0	0	0	0	0	0	0	0	0	0	0	0	0	0	0	0	0	0	500	0	0	0	0	0	0	0	0	0	0	0	0	0	0	0	0	0	0	0	0	0	0	0	0	0	0	0	0	0	0	0	0	0	0	500	0	0	0	0	0	0	0	0	0	0	0	0	0	0	0	0	0	0	0	0	0	0	0	0	0	0	0	0	0	0	
0	0	0	0	0	0	0	0	0	0	0	0	0	0	0	0	0	0	0	0	0	0	0	0	0	500	0	0	0	0	0	0	0	0	0	0	0	0	0	0	0	0	0	0	0	0	0	0	0	0	0	0	0	0	0	0	0	0	0	0	0	0	0	0	0	0	0	0	0	0	0	0	500	0	0	0	0	0	0	0	0	0	0	0	0	0	0	0	0	0	0	0	0	0	0	0	0	0	0	0	
0	0	0	0	0	0	0	0	0	0	0	0	0	0	0	0	0	0	0	0	0	0	0	0	0	0	0	0	0	0	0	0	0	500	0	0	0	0	500	0	0	0	0	0	0	0	0	0	0	0	0	0	0	0	0	0	0	0	0	0	0	0	0	0	0	0	0	0	0	0	0	0	0	0	0	0	0	0	0	0	0	0	0	0	0	0	0	0	0	0	0	0	0	0	0	0	0	0	0	0	
0	0	0	0	0	0	0	0	0	0	0	0	0	0	0	0	0	0	0	500	0	0	0	0	0	0	0	0	0	0	0	0	0	0	0	0	0	0	0	0	0	0	0	0	0	0	0	0	0	0	0	0	0	0	0	0	0	0	0	0	0	0	0	0	0	0	0	0	0	500	0	0	0	0	0	0	0	0	0	0	0	0	0	0	0	0	0	0	0	0	0	0	0	0	0	0	0	0	0	0	
0	0	0	0	0	0	0	0	0	0	0	0	0	0	0	0	0	0	0	0	0	0	0	0	0	0	0	0	0	0	0	0	0	0	0	0	0	0	0	0	0	0	0	0	500	0	0	0	0	0	0	0	0	0	0	0	0	500	0	0	0	0	0	0	0	0	0	0	0	0	0	0	0	0	0	0	0	0	0	0	0	0	0	0	0	0	0	0	0	0	0	0	0	0	0	0	0	0	0	0	
0	0	0	0	0	0	0	0	500	0	0	0	0	0	0	0	0	0	500	0	0	0	0	0	0	0	0	0	0	0	0	0	0	0	0	0	0	0	0	0	0	0	0	0	0	0	0	0	0	0	0	0	0	0	0	0	0	0	0	0	0	0	0	0	0	0	0	0	0	0	0	0	0	0	0	0	0	0	0	0	0	0	0	0	0	0	0	0	0	0	0	0	0	0	0	0	0	0	0	0	
500	0	0	0	0	0	0	0	0	0	0	0	0	0	0	0	0	0	0	0	0	0	0	0	0	0	0	0	0	0	0	0	0	0	0	0	0	0	0	0	0	0	0	0	0	0	0	0	0	0	0	0	0	0	0	500	0	0	0	0	0	0	0	0	0	0	0	0	0	0	0	0	0	500	0	0	0	0	0	0	0	0	0	0	0	0	0	0	0	0	0	0	0	0	0	0	0	0	0	0	
0	0	0	0	0	0	0	0	0	0	0	0	0	0	0	0	0	0	0	0	0	0	0	0	0	0	0	0	0	0	0	0	0	0	0	0	0	0	0	0	0	0	0	0	0	0	0	0	0	0	0	0	0	0	500	0	0	0	0	0	0	0	0	0	0	0	0	0	0	0	0	0	0	500	0	0	0	0	0	0	0	0	0	0	0	0	0	0	0	0	0	0	0	0	0	0	0	0	0	0	
0	0	0	0	0	0	0	0	0	0	0	0	500	0	0	0	0	0	0	0	0	0	0	0	0	0	0	0	0	0	0	0	0	0	0	0	0	0	0	0	0	0	0	0	0	0	0	0	0	0	0	0	0	0	0	0	0	0	0	0	0	0	0	0	0	0	0	0	0	0	0	0	0	0	0	0	0	0	0	0	0	0	0	0	0	0	0	0	0	0	0	0	0	0	0	0	0	0	0	500	
0	0	0	0	0	0	0	0	0	0	0	0	0	0	0	0	0	0	0	0	0	0	0	0	0	0	0	0	0	0	0	0	0	0	0	0	0	0	0	0	0	0	0	0	0	0	0	0	0	0	0	0	500	0	0	0	0	0	0	0	0	0	0	0	0	0	500	0	0	0	0	0	0	0	0	0	0	0	0	0	0	0	0	0	0	0	0	0	0	0	0	0	0	0	0	0	0	0	0	0	
0	0	0	0	0	0	0	0	500	0	0	0	0	0	0	0	0	0	0	0	0	0	0	0	0	0	0	0	0	0	0	0	0	0	0	0	0	0	0	0	0	0	0	0	0	0	0	0	0	0	0	0	0	0	0	0	0	0	0	0	0	0	0	0	0	0	0	0	0	0	0	0	0	0	0	0	0	0	500	0	0	0	0	0	0	0	0	0	0	0	0	0	0	0	0	0	0	0	0	0	
0	0	0	0	0	0	0	0	0	0	0	0	0	0	0	0	0	0	0	0	0	0	0	0	0	0	0	0	0	0	0	0	500	0	0	0	0	0	0	0	0	0	0	0	0	0	0	0	0	0	0	0	0	0	0	0	0	0	0	0	0	0	500	0	0	0	0	0	0	0	0	0	0	0	0	0	0	0	0	0	0	0	0	0	0	0	0	0	0	0	0	0	0	0	0	0	0	0	0	0	
500	0	0	0	0	0	0	0	0	0	0	0	0	0	0	0	0	0	0	0	0	0	0	0	0	0	0	0	0	0	0	0	0	0	0	0	0	0	0	0	0	0	0	0	0	0	0	0	0	0	0	0	0	0	0	0	0	0	0	0	0	0	0	500	0	0	0	0	0	0	0	0	0	0	0	0	0	0	0	0	0	0	0	0	0	0	0	0	0	0	0	0	500	0	0	0	0	0	0	0	
0	0	0	0	0	0	0	0	0	0	0	0	0	0	0	0	0	0	0	0	0	0	0	0	0	0	0	0	0	0	0	0	0	0	0	0	0	0	0	0	0	0	0	0	0	0	0	0	0	0	0	0	0	0	0	0	0	0	0	0	0	0	0	0	0	0	0	500	0	0	0	0	0	0	0	0	0	0	0	0	0	0	0	0	0	0	0	500	0	0	0	0	0	0	0	0	0	0	0	0	
0	0	0	0	0	0	0	0	0	0	0	0	0	0	0	0	0	0	0	0	0	0	0	0	0	0	0	0	0	0	0	0	0	0	0	0	0	0	0	0	0	0	0	0	0	0	0	0	0	0	0	0	0	0	0	0	0	0	0	500	0	0	0	0	0	0	0	0	0	0	0	0	500	0	0	0	0	0	0	0	0	0	0	0	0	0	0	0	0	0	0	0	0	0	0	0	0	0	0	0	
0	0	0	0	0	0	0	0	0	0	0	0	0	0	0	0	0	0	0	0	0	0	0	0	0	0	0	0	0	0	0	0	0	0	0	0	0	0	0	0	0	0	0	0	0	0	0	0	0	0	0	0	0	0	0	0	0	0	0	0	500	0	0	0	0	0	0	0	0	0	0	0	0	0	0	0	0	0	0	0	0	0	0	0	0	0	0	0	0	0	0	0	500	0	0	0	0	0	0	0	
0	0	0	0	0	0	500	0	0	0	0	0	0	0	0	0	0	0	500	0	0	0	0	0	0	0	0	0	0	0	0	0	0	0	0	0	0	0	0	0	0	0	0	0	0	0	0	0	0	0	0	0	0	0	0	0	0	0	0	0	0	0	0	0	0	0	0	0	0	0	0	0	0	0	0	0	0	0	0	0	0	0	0	0	0	0	0	0	0	0	0	0	0	0	0	0	0	0	0	0	
0	0	500	0	0	0	0	0	0	0	0	0	0	0	0	0	0	0	0	0	0	0	0	0	0	0	0	0	0	0	0	0	0	0	0	0	0	0	0	0	0	0	0	500	0	0	0	0	0	0	0	0	0	0	0	0	0	0	0	0	0	0	0	0	0	0	0	0	0	0	0	0	0	0	0	0	0	0	0	0	0	0	0	0	0	0	0	0	0	0	0	0	0	0	0	0	0	0	0	0	
0	0	0	0	0	0	0	0	0	0	0	0	0	0	0	0	0	0	0	0	0	0	0	0	0	0	0	0	0	0	0	0	0	0	0	0	0	0	0	0	0	0	0	0	0	0	0	0	0	0	0	0	0	0	0	0	0	500	0	0	0	0	0	0	0	0	0	0	0	0	0	0	0	0	0	0	0	500	0	0	0	0	0	0	0	0	0	0	0	0	0	0	0	0	0	0	0	0	0	0	
0	0	0	0	0	0	0	0	0	0	0	0	0	0	0	0	0	0	0	0	0	0	0	0	0	0	0	0	0	0	500	0	0	0	0	0	0	0	0	0	0	0	0	0	0	0	0	0	0	0	0	0	0	0	0	0	0	0	0	0	0	500	0	0	0	0	0	0	0	0	0	0	0	0	0	0	0	0	0	0	0	0	0	0	0	0	0	0	0	0	0	0	0	0	0	0	0	0	0	0	
0	0	0	0	0	0	0	0	0	0	0	0	0	0	0	0	500	0	0	0	0	0	0	0	0	0	0	0	0	0	0	500	0	0	0	0	0	0	0	0	0	0	0	0	0	0	0	0	0	0	0	0	0	0	0	0	0	0	0	0	0	0	0	0	0	0	0	0	0	0	0	0	0	0	0	0	0	0	0	0	0	0	0	0	0	0	0	0	0	0	0	0	0	0	0	0	0	0	0	0	
0	0	0	0	0	0	0	0	0	0	0	0	0	0	0	0	0	0	0	0	0	0	0	0	0	0	0	0	0	0	0	0	0	0	0	0	0	0	0	0	0	0	0	0	0	0	0	0	500	0	0	500	0	0	0	0	0	0	0	0	0	0	0	0	0	0	0	0	0	0	0	0	0	0	0	0	0	0	0	0	0	0	0	0	0	0	0	0	0	0	0	0	0	0	0	0	0	0	0	0	
0	500	0	0	0	500	0	0	0	0	0	0	0	0	0	0	0	0	0	0	0	0	0	0	0	0	0	0	0	0	0	0	0	0	0	0	0	0	0	0	0	0	0	0	0	0	0	0	0	0	0	0	0	0	0	0	0	0	0	0	0	0	0	0	0	0	0	0	0	0	0	0	0	0	0	0	0	0	0	0	0	0	0	0	0	0	0	0	0	0	0	0	0	0	0	0	0	0	0	0	
0	0	0	0	0	0	500	500	0	0	0	0	0	0	0	0	0	0	0	0	0	0	0	0	0	0	0	0	0	0	0	0	0	0	0	0	0	0	0	0	0	0	0	0	0	0	0	0	0	0	0	0	0	0	0	0	0	0	0	0	0	0	0	0	0	0	0	0	0	0	0	0	0	0	0	0	0	0	0	0	0	0	0	0	0	0	0	0	0	0	0	0	0	0	0	0	0	0	0	0	
0	0	0	0	0	0	0	0	0	0	0	0	0	0	0	0	0	0	0	0	0	0	0	0	0	0	0	0	0	0	0	0	0	0	0	0	0	0	0	0	0	0	0	0	0	0	0	0	0	500	0	0	0	0	0	0	0	0	0	0	0	0	500	0	0	0	0	0	0	0	0	0	0	0	0	0	0	0	0	0	0	0	0	0	0	0	0	0	0	0	0	0	0	0	0	0	0	0	0	0	
0	0	0	0	0	0	0	0	0	0	0	0	0	0	0	0	0	0	0	0	0	0	0	0	0	0	0	0	0	0	0	0	0	0	0	0	0	0	0	0	0	0	0	0	0	0	0	0	0	0	0	0	0	0	500	500	0	0	0	0	0	0	0	0	0	0	0	0	0	0	0	0	0	0	0	0	0	0	0	0	0	0	0	0	0	0	0	0	0	0	0	0	0	0	0	0	0	0	0	0	
0	0	0	0	0	0	0	0	0	0	0	0	0	0	0	0	0	500	0	0	0	0	0	0	0	0	0	0	0	0	0	0	0	0	0	0	0	0	0	0	0	0	500	0	0	0	0	0	0	0	0	0	0	0	0	0	0	0	0	0	0	0	0	0	0	0	0	0	0	0	0	0	0	0	0	0	0	0	0	0	0	0	0	0	0	0	0	0	0	0	0	0	0	0	0	0	0	0	0	0	
0	0	0	0	0	0	0	0	0	0	0	0	0	0	0	0	0	0	0	0	0	0	0	0	0	0	0	0	0	0	0	0	0	0	0	0	0	0	0	0	0	0	0	0	0	0	0	0	0	0	0	0	0	0	0	0	0	0	0	0	0	0	0	0	0	0	0	0	0	0	0	0	0	0	0	0	0	0	0	0	0	500	0	0	0	0	0	0	0	0	0	0	0	0	0	0	500	0	0	0	
0	0	0	0	0	0	0	0	0	0	0	0	0	0	0	0	500	0	0	0	0	0	0	0	0	0	0	0	0	0	0	0	0	0	0	0	0	0	0	0	0	0	500	0	0	0	0	0	0	0	0	0	0	0	0	0	0	0	0	0	0	0	0	0	0	0	0	0	0	0	0	0	0	0	0	0	0	0	0	0	0	0	0	0	0	0	0	0	0	0	0	0	0	0	0	0	0	0	0	0	
0	0	0	0	0	0	0	0	0	0	0	0	0	0	0	0	0	0	0	0	0	0	0	0	0	0	0	0	0	0	0	0	0	0	0	0	0	0	0	0	0	0	0	0	0	0	0	0	0	0	0	0	0	0	0	0	0	0	0	0	0	0	0	0	0	0	500	0	0	0	0	0	0	0	0	0	0	0	0	0	0	0	0	0	0	0	0	0	0	0	0	0	0	0	500	0	0	0	0	0	
0	0	0	0	0	0	0	500	0	0	0	0	0	0	0	0	0	0	0	0	0	0	0	0	0	0	0	0	0	0	0	0	0	0	0	0	0	0	0	0	0	0	0	0	0	0	0	0	0	0	0	0	0	0	0	0	0	0	500	0	0	0	0	0	0	0	0	0	0	0	0	0	0	0	0	0	0	0	0	0	0	0	0	0	0	0	0	0	0	0	0	0	0	0	0	0	0	0	0	0	
0	0	0	0	0	0	0	0	0	0	0	0	0	0	0	0	0	0	0	0	500	0	0	0	500	0	0	0	0	0	0	0	0	0	0	0	0	0	0	0	0	0	0	0	0	0	0	0	0	0	0	0	0	0	0	0	0	0	0	0	0	0	0	0	0	0	0	0	0	0	0	0	0	0	0	0	0	0	0	0	0	0	0	0	0	0	0	0	0	0	0	0	0	0	0	0	0	0	0	0	
0	0	0	0	0	0	0	0	0	0	0	0	0	500	0	0	0	0	0	0	0	0	0	0	0	0	0	0	0	0	0	0	0	0	0	0	0	0	0	0	0	0	0	0	0	0	0	0	0	0	0	0	0	0	0	0	0	0	0	0	0	0	0	0	0	0	0	0	0	0	0	0	0	0	0	0	0	0	0	0	0	0	0	0	0	0	0	0	0	0	0	0	0	500	0	0	0	0	0	0	
0	0	0	0	0	0	0	0	0	0	0	0	0	0	0	0	0	0	0	0	0	0	0	0	0	0	0	0	500	0	0	0	0	0	0	0	0	0	0	0	0	0	0	0	0	0	0	0	0	0	0	0	0	0	0	0	0	0	0	0	0	0	0	0	0	0	0	0	0	0	0	0	0	0	0	500	0	0	0	0	0	0	0	0	0	0	0	0	0	0	0	0	0	0	0	0	0	0	0	0	
0	0	0	0	0	0	0	0	0	0	0	0	0	0	0	0	0	0	0	0	0	0	0	0	0	0	0	0	0	0	500	0	0	0	0	0	0	0	0	0	0	0	0	0	0	0	0	500	0	0	0	0	0	0	0	0	0	0	0	0	0	0	0	0	0	0	0	0	0	0	0	0	0	0	0	0	0	0	0	0	0	0	0	0	0	0	0	0	0	0	0	0	0	0	0	0	0	0	0	0	
0	0	0	0	0	0	0	0	0	0	0	0	0	0	0	0	0	0	0	0	0	0	0	0	0	0	0	0	500	0	0	0	0	0	0	0	0	0	0	0	0	0	0	0	500	0	0	0	0	0	0	0	0	0	0	0	0	0	0	0	0	0	0	0	0	0	0	0	0	0	0	0	0	0	0	0	0	0	0	0	0	0	0	0	0	0	0	0	0	0	0	0	0	0	0	0	0	0	0	0	
0	0	0	0	0	0	0	0	0	0	0	0	500	0	0	0	0	0	0	0	0	0	0	0	0	0	0	0	0	0	0	0	0	0	0	0	0	0	0	0	0	0	0	0	0	0	500	0	0	0	0	0	0	0	0	0	0	0	0	0	0	0	0	0	0	0	0	0	0	0	0	0	0	0	0	0	0	0	0	0	0	0	0	0	0	0	0	0	0	0	0	0	0	0	0	0	0	0	0	0	
0	0	0	0	0	0	0	0	0	0	0	0	0	0	0	0	0	0	0	0	0	0	0	0	0	0	0	0	0	0	0	0	0	0	0	0	500	0	0	0	0	0	0	0	0	0	0	0	0	0	0	0	0	0	0	0	0	0	0	0	0	0	0	0	0	0	0	0	0	0	0	0	0	0	0	0	0	0	0	0	0	0	0	0	0	0	500	0	0	0	0	0	0	0	0	0	0	0	0	0	
0	0	0	0	0	0	0	0	0	0	0	0	0	0	0	0	0	0	0	0	0	0	0	0	0	0	0	0	0	0	0	0	0	0	0	0	0	0	0	0	0	0	0	0	0	0	0	0	0	0	0	0	0	0	0	0	0	0	0	0	0	0	0	0	0	0	0	0	0	0	0	0	0	0	0	0	0	0	0	0	0	0	0	0	0	500	0	0	0	0	0	0	0	0	0	0	0	0	0	500	
0	0	0	0	0	0	0	0	0	0	0	0	0	0	0	0	0	0	0	0	0	0	0	0	0	0	0	0	0	0	0	0	0	0	0	0	0	0	0	0	0	0	0	0	0	0	0	0	0	0	0	0	0	0	0	0	0	0	0	0	0	500	0	0	0	0	0	0	0	0	0	0	0	0	0	0	0	0	0	0	0	0	0	0	0	0	0	0	0	0	0	0	0	0	0	0	0	500	0	0	
0	0	0	0	0	0	0	0	0	0	0	0	0	0	0	0	0	0	0	0	0	0	0	0	0	0	0	0	0	0	0	0	0	0	0	0	0	0	0	0	0	0	0	0	0	0	0	0	0	0	0	0	0	0	0	0	0	0	0	0	0	0	0	0	0	0	0	0	0	0	0	0	0	0	0	0	0	0	0	0	0	0	0	0	0	0	0	0	0	0	0	0	0	0	0	0	500	0	500	0	
0	0	0	0	0	0	0	0	0	0	0	0	0	0	0	0	0	0	0	0	500	0	0	0	500	0	0	0	0	0	0	0	0	0	0	0	0	0	0	0	0	0	0	0	0	0	0	0	0	0	0	0	0	0	0	0	0	0	0	0	0	0	0	0	0	0	0	0	0	0	0	0	0	0	0	0	0	0	0	0	0	0	0	0	0	0	0	0	0	0	0	0	0	0	0	0	0	0	0	0	
0	0	0	0	0	0	0	0	0	0	0	0	0	0	0	0	0	500	0	0	0	0	0	0	0	0	0	0	0	0	0	0	0	0	0	0	0	0	0	0	0	0	0	0	0	0	500	0	0	0	0	0	0	0	0	0	0	0	0	0	0	0	0	0	0	0	0	0	0	0	0	0	0	0	0	0	0	0	0	0	0	0	0	0	0	0	0	0	0	0	0	0	0	0	0	0	0	0	0	0	
0	0	0	0	0	0	0	0	0	0	0	0	0	500	0	500	0	0	0	0	0	0	0	0	0	0	0	0	0	0	0	0	0	0	0	0	0	0	0	0	0	0	0	0	0	0	0	0	0	0	0	0	0	0	0	0	0	0	0	0	0	0	0	0	0	0	0	0	0	0	0	0	0	0	0	0	0	0	0	0	0	0	0	0	0	0	0	0	0	0	0	0	0	0	0	0	0	0	0	0	
0	0	0	0	0	0	0	0	0	0	0	0	0	0	0	0	0	0	0	0	0	0	0	0	0	0	0	0	0	0	0	0	0	0	0	0	0	0	0	0	0	0	0	0	0	0	0	0	0	0	0	0	0	0	0	0	0	0	0	0	500	0	0	500	0	0	0	0	0	0	0	0	0	0	0	0	0	0	0	0	0	0	0	0	0	0	0	0	0	0	0	0	0	0	0	0	0	0	0	0	
0	0	0	0	0	0	0	0	0	0	0	0	0	0	0	0	0	0	0	0	0	0	0	0	0	0	0	0	0	0	0	0	0	0	0	0	0	0	0	0	0	0	0	0	0	0	0	0	0	0	0	0	0	0	0	0	0	0	0	0	0	0	0	0	0	0	0	0	0	0	0	0	0	0	0	0	0	0	0	0	500	0	0	0	0	0	0	0	0	0	0	0	0	0	0	0	0	0	500	0	
0	0	0	0	0	0	0	0	0	0	0	0	0	0	0	500	0	0	0	0	0	0	0	0	0	0	0	0	0	0	0	0	0	0	0	0	0	0	0	0	0	0	0	0	0	0	0	0	0	0	0	0	0	0	0	0	0	0	0	0	0	0	0	0	0	0	0	0	0	0	0	0	0	0	0	0	0	500	0	0	0	0	0	0	0	0	0	0	0	0	0	0	0	0	0	0	0	0	0	0	
0	0	0	500	0	0	0	0	0	0	0	0	0	0	0	0	0	0	0	0	0	0	0	0	0	0	0	0	0	0	0	0	0	0	0	0	0	500	0	0	0	0	0	0	0	0	0	0	0	0	0	0	0	0	0	0	0	0	0	0	0	0	0	0	0	0	0	0	0	0	0	0	0	0	0	0	0	0	0	0	0	0	0	0	0	0	0	0	0	0	0	0	0	0	0	0	0	0	0	0	
0	0	0	0	0	0	0	0	0	0	0	0	0	0	0	0	0	0	0	0	0	0	0	0	0	0	0	0	0	0	0	0	0	0	0	0	0	0	0	0	0	0	0	0	0	0	0	0	0	0	0	0	0	0	0	0	0	0	0	0	0	0	0	0	0	0	0	0	0	0	0	0	0	0	0	500	0	0	0	0	0	0	0	0	0	0	0	0	500	0	0	0	0	0	0	0	0	0	0	0	
0	0	0	0	0	0	0	0	0	0	0	0	0	0	0	0	0	0	0	0	0	0	0	0	0	0	0	0	0	0	0	0	0	0	0	0	0	0	0	0	0	0	0	0	0	0	0	500	0	0	0	0	0	0	0	0	0	0	0	0	0	0	0	0	0	0	0	0	0	0	0	0	0	0	0	0	0	0	0	0	0	0	0	0	0	0	0	500	0	0	0	0	0	0	0	0	0	0	0	0	
0	0	0	0	0	0	0	0	0	0	0	0	0	0	0	0	0	0	0	0	0	0	0	0	0	0	0	0	0	0	0	0	0	0	0	0	0	0	0	0	0	0	0	0	0	0	0	0	0	0	0	0	0	0	0	0	0	0	0	0	0	0	0	0	0	0	0	0	0	0	0	0	0	0	0	0	0	0	0	0	0	0	0	0	0	0	0	0	500	0	0	0	0	500	0	0	0	0	0	0	
0	0	0	0	0	0	0	0	0	0	0	0	0	0	0	0	0	0	0	0	0	0	0	0	0	0	0	0	0	0	0	0	0	0	0	0	0	0	0	0	0	0	0	0	0	0	0	0	0	0	0	0	0	0	0	0	500	0	0	0	0	0	0	0	0	0	0	0	0	0	0	0	0	0	0	0	0	0	0	0	0	0	0	0	0	0	500	0	0	0	0	0	0	0	0	0	0	0	0	0	
45	69	27	45	57	65	68	4	88	48	75	8	72	95	5	91	54	79	80	6	70	90	0	31	66	61	91	63	40	87	64	95	41	9	96	53	48	9	88	32	36	96	96	26	98	42	67	85	6	77	20	80	17	82	25	70	92	53	55	91	65	0	51	20	68	71	85	41	62	16	92	23	48	88	49	65	71	97	88	57	66	13	87	11	3	32	58	42	28	35	31	1	4	3	30	39	2	66	85	97	1	44	48	10	75	26	33	93	70	86	4	16	49	59	11	84	71	92	74	49	39	82	99	93	44	60	83	2	77	37	98	46	13	17	69	97	79	5	22	34	82	91	89	59	42	27	32	45	75	42	48	77	76	81	45	67	61	94	96	70	78	41	83	88	26	39	39	25	25	14	28	93	71	2	60	28	75	40	35	68	81	69	58	98	37	54	47	62	86	29	51	83	36	66	22	60	72	35	70	98	43	75	99	76	33	73	27	61	13	49	98	24	83	28	54	83	52	92	23	18	85	85	95	45	79	68	62	36	15	91	42	57	30	9	15	88	33	29	7	64	21	16	34	20	82	45	82	74	19	15	52	39	53	86	40	64	75	3	83	53	19	64	71	40	50	9	92	70	69	23	80	75	61	59	60	94	7	39	24	42	68	79	81	65	21	88	69	12	83	59	33	51	47	10	37	52	35	93	10	24	70	13	95	68	30	68	54	52	56	2	58	59	30	40	24	68	55	79	96	93	5	28	60	70	65	85	20	33	81	86	50	60	68	53	62	81	28	33	66	0	27	85	2	65	68	53	95	71	92	82	27	16	18	1	77	18	94	85	46	7	25	41	77	47	63	84	46	73	11	17	19	72	13	13	60	61	86	51	79	7	47	42	7	57	44	61	53	69	52	75	61	43	66	73	20	13	69	58	12	12	20	81	85	65	26	1	73	88	62	49	68	83	39	54	76	67	64	11	13	32	39	3	5	80	53	70	12	12	47	69	63	97	11	33	48	27	40	75	44	88	4	45	87	16	8	87	58	62	85	82	51	89	63	67	34	30	61	64	13	92	75	48	24	42	90	74	32	42	62	70	63	44	54	70	58	23	62	73	77	94	82	42	89	90	69	33	40	72	70	27	89	71	62	77	33	88	95	2	45	12	50	46	25	32	57	67	11	8	43	60	32	95	79	97	8	44	21	76	45	94	26	29	31	68	31	74	96	36	1	55	49	15	2	57	26	86	17	90	5	9	97	90	15	31	62	74	84	35	25	20	50	52	78	1	82	0	55	18	34	5	4	9	88	50	66	68	23	20	95	24	70	74	60	45	97	3	65	67	7	5	59	64	77	15	28	14	54	14	75	77	39	80	88	59	34	38	15	40	24	80	79	75	0	45	86	79	2	7	62	47	59	1	85	93	87	91	2	23	64	97	77	37	5	96	15	85	25	12	66	67	54	52	82	29	17	46	30	46	7	37	8	88	13	33	32	71	44	76	25	31	34	12	79	18	79	82	57	64	13	89	63	71	66	23	99	83	34	1	57	45	21	93	58	40	59	11	70	32	49	7	23	77	78	72	26	11	72	22	70	2	3	17	8	28	40	16	33	50	52	15	27	69	39	15	65	82	16	79	53	41	76	66	86	40	91	32	21	73	6	86	16	14	20	66	60	17	22	27	45	68	47	12	32	10	11	92	78	70	34	3	86	12	37	1	52	2	73	81	0	28	56	59	99	33	57	0	92	44	36	51	39	61	67	39	20	63	15	59	31	23	46	60	38	3	97	66	26	46	28	74	30	33	75	9	76	76	9	12	29	48	38	25	4	86	20	63	21	39	53	41	51	17	20	59	39	77	30	59	58	5	14	54	5	83	30	39	74	69	84	21	92	63	96	74	81	95	57	51	97	3	34	39	5	81	77	78	77	42	99	52	11	4	16	99	84	12	98	97	65	72	98	37	64	9	33	22	63	76	93	44	66	77	95	43	87	89	60	87	98	4	7	52	36	18	73	62	46	23	90	20	51	96	29	1	75	36	59	32	30	8	65	73	5	94	3	6	10	16	45	14	77	6	53	64	57	97	43	42	31	54	62	63	14	91	95	64	96	81	52	30	29	17	88	18	51	34	99	45	78	96	55	86	3	73	99	71	0	8	30	70	29	4	80	18	72	42	60	43	63	43	17	29	76	12	64	4	17	55	64	94	73	75	16	15	97	61	49	29	44	7	1	51	21	45	18	34	77	14	67	14	70	34	35	44	65	28	41	67	94	50	93	84	35	0	21	91	40	0	50	71	55	42	13	41	59	79	28	73	60	87	96	88	18	14	12	37	79	74	16	78	65	24	7	49	80	87	61	45	98	65	77	39	88	12	69	30	79	36	74	24	77	0	29	14	80	41	66	36	24	60	82	16	41	55	73	62	51	28	7	93	94	50	78	53	90	88	91	29	37	66	35	9	74	81	70	48	87	11	66	76	43	46	62	5	53	62	14	89	31	10	1	75	70	80	88	47	11	31	6	59	41	89	19	54	29	63	34	85	70	64	7	45	68	95	35	64	63	74	48	40	12	87	88	20	88	34	45	74	94	50	20	8	70	75	60	21	3	61	82	11	22	38	13	28	74	43	70	29	40	54	90	12	50	13	97	49	77	50	64	93	54	70	35	85	92	17	11	1	29	95	44	70	52	49	44	17	33	77	24	72	75	66	31	13	66	31	98	82	43	91	96	7	38	65	32	91	53	64	4	93	93	87	14	61	93	32	56	17	65	46	27	91	69	97	91	31	29	49	9	48	61	43	51	67	80	26	39	43	60	94	98	65	56	24	94	70	99	86	28	97	35	50	7	1	30	6	13	46	26	36	59	72	84	2	96	76	2	24	96	73	92	54	7	15	38	95	62	36	66	3	11	6	83	0	60	33	13	70	79	36	42	86	53	20	11	67	21	69	31	45	66	2	4	1	51	29	46	57	63	39	18	45	70	48	27	98	9	47	85	14	30	56	95	52	5	87	21	0	89	20	5	32	53	34	81	33	71	88	82	36	93	27	55	52	29	3	58	93	8	76	92	20	4	71	50	83	34	14	12	53	83	70	27	77	54	76	9	9	83	25	27	32	7	20	6	63	58	93	27	95	22	74	75	74	44	71	6	1	36	12	38	35	57	80	3	70	10	45	64	14	27	28	94	21	43	40	71	4	89	81	72	33	79	1	96	60	11	11	47	21	62	71	58	26	14	16	26	41	64	22	58	81	24	89	84	56	77	18	11	64	45	89	42	98	13	90	88	80	88	1	20	54	85	91	98	18	95	91	11	91	40	88	61	59	7	89	24	54	19	82	78	77	40	77	85	32	69	93	79	9	5	68	35	73	45	82	50	18	56	76	35	10	73	32	10	30	84	83	30	75	40	58	60	20	96	75	31	64	31	95	32	76	90	31	16	66	1	89	45	49	31	34	15	95	98	75	85	55	86	4	31	83	80	20	97	76	23	39	40	71	98	17	45	56	22	76	83	43	45	62	32	18	94	53	32	60	25	35	20	66	52	73	61	39	54	53	42	62	71	78	99	38	91	80	1	21	24	59	41	46	56	90	52	97	5	81	93	10	56	65	3	42	17	52	94	39	15	71	13	66	82	29	9	44	48	44	44	56	80	76	55	17	21	67	20	65	67	24	25	98	20	27	91	17	44	66	97	98	67	46	38	96	83	11	32	91	56	58	58	68	6	21	87	86	81	16	81	6	74	69	16	29	49	71	88	57	93	64	94	91	35	32	73	63	46	66	39	93	58	25	28	37	23	10	1	73	34	32	93	72	87	86	91	85	62	6	17	76	22	66	65	38	15	8	52	31	83	38	35	77	31	61	90	98	60	49	66	61	61	26	18	90	21	65	66	12	27	68	88	54	11	35	25	63	11	85	99	20	87	98	69	31	75	64	56	84	98	97	11	26	33	12	19	46	48	26	33	0	19	24	80	35	32	50	55	18	61	15	47	95	79	40	2	47	65	18	18	1	51	4	99	74	11	46	49	44	91	50	89	56	72	89	82	60	64	88	74	86	5	85	71	9	67	54	67	8	48	76	34	82	57	82	43	99	58	7	94	6	71	83	51	26	19	85	4	50	4	33	43	21	5	3	94	78	75	18	33	44	87	20	58	5	6	97	74	17	33	91	37	61	60	29	99	9	55	3	54	84	21	80	71	14	66	33	63	16	45	30	90	92	39	31	90	25	47	48	52	7	16	99	87	92	75	66	22	27	22	72	94	13	98	26	13	14	77	99	15	65	97	3	61	90	96	55	28	15	30	83	94	6	29	39	24	1	6	56	70	16	86	70	44	25	95	69	75	47	51	93	84	53	84	27	48	78	70	70	10	51	2	81	6	57	29	82	35	88	5	31	24	78	54	9	24	68	93	95	30	79	63	11	19	61	42	86	61	6	14	61	38	50	66	98	73	30	40	0	99	89	91	55	9	24	26	23	36	61	56	46	85	95	66	75	26	45	73	47	79	93	44	22	37	12	53	34	80	32	63	75	50	26	66	24	11	67	95	91	94	9	35	82	25	89	85	49	43	67	31	24	68	79	78	59	24	33	58	76	19	43	2	64	5	31	22	58	83	23	18	37	62	47	93	96	12	54	16	97	9	33	46	74	18	86	58	86	73	13	74	83	1	37	89	64	6	89	93	87	82	90	76	57	72	80	33	11	82	36	14	6	45	37	47	25	94	87	43	78	97	10	66	57	24	76	38	26	35	38	74	71	76	98	73	79	26	86	78	53	39	69	99	78	62	31	77	49	34	14	27	27	27	33	44	22	75	27	74	82	21	96	6	17	32	88	60	85	89	9	52	12	63	19	12	38	10	66	26	44	57	50	70	56	3	57	45	68	2	86	73	39	58	82	17	91	36	54	7	60	9	23	87	33	90	27	82	75	77	75	8	62	29	10	41	34	42	93	85	64	70	25	7	9	98	98	28	72	20	77	82	81	81	26	28	58	75	21	95	11	43	52	95	27	15	4	97	16	22	54	99	45	77	51	85	60	32	0	22	28	32	17	12	31	41	53	56	86	87	85	69	52	20	72	83	91	38	11	31	80	64	71	37	0	58	15	53	63	46	74	56	64	9	99	97	54	90	19	42	71	23	19	62	75	79	21	98	88	5	8	93	6	34	22	73	6	87	32	99	93	41	53	59	13	79	52	3	58	52	34	15	62	43	9	1	27	7	36	55	95	79	48	13	3	13	98	57	88	46	92	95	5	0	39	32	10	41	62	83	62	13	15	93	29	22	21	52	72	31	89	19	22	42	24	87	79	84	86	96	42	99	5	18	42	31	23	41	43	13	90	7	96	43	93	12	45	69	94	8	1	85	6	63	15	34	15	20	80	19	28	2	99	95	75	17	22	67	13	12	60	67	16	80	5	45	50	90	9	7	66	80	93	25	37	16	34	12	43	13	81	30	10	3	66	13	31	64	37	61	26	96	63	41	11	15	97	15	11	40	41	93	16	45	48	13	38	29	49	28	43	23	9	36	58	40	72	5	82	69	85	76	11	49	15	98	42	59	88	11	23	77	14	82	75	61	55	36	91	7	87	37	81	33	6	94	53	4	7	55	6	80	4	34	97	7	11	51	59	48	56	43	98	98	24	34	76	51	82	64	25	20	28	94	86	15	93	77	97	84	22	29	1	82	90	84	73	92	48	26	28	13	67	22	35	22	28	33	77	29	1	76	37	22	23	71	49	48	87	20	57	44	34	78	19	78	49	67	87	91	74	1	31	14	33	2	70	62	0	85	92	30	7	73	28	4	65	18	2	67	21	13	16	22	35	12	82	97	38	5	34	38	44	91	75	80	95	47	56	41	47	64	39	90	25	61	42	22	24	59	54	85	73	54	63	15	16	21	65	80	88	64	53	20	47	44	6	12	67	88	27	66	61	9	83	83	19	74	12	37	3	30	85	93	5	32	29	35	71	76	75	15	17	56	66	19	84	33	4	96	60	60	78	76	59	7	33	98	78	6	56	4	83	70	9	60	74	1	57	84	61	95	33	11	34	74	20	9	96	53	47	99	43	75	61	62	29	70	84	26	74	23	66	61	93	96	69	85	12	67	96	55	22	73	14	34	35	71	20	40	5	6	36	51	98	31	76	58	72	81	58	14	7	66	97	28	25	5	62	96	0	7	94	52	12	4	46	82	78	83	56	97	80	79	24	89	92	10	11	80	76	25	92	82	10	81	20	39	98	55	67	69	26	4	16	48	61	2	5	74	50	18	18	20	31	71	81	99	12	82	46	48	62	20	20	27	71	63	0	98	55	90	80	20	16	91	77	8	62	99	8	64	94	27	45	8	54	20	69	18	24	77	81	35	45	80	20	48	55	51	1	55	68	86	51	78	53	85	19	80	6	44	44	1	93	11	95	96	10	79	49	85	52	8	36	26	2	66	23	18	14	53	23	42	44	95	66	70	8	86	15	53	91	21	28	11	35	61	42	64	98	47	78	11	32	19	9	60	32	8	82	2	57	55	13	1	52	70	61	92	54	1	35	56	82	9	94	32	44	77	7	91	33	55	6	78	33	41	42	30	67	35	92	52	66	35	12	9	53	68	81	42	29	58	53	51	59	85	56	13	43	84	74	25	64	33	71	88	76	97	75	94	37	49	34	71	2	10	13	71	44	83	28	6	38	90	40	21	8	43	19	28	31	12	66	9	42	80	46	36	39	66	5	28	98	76	58	75	39	49	93	72	62	80	45	69	26	70	67	71	9	56	56	71	17	14	38	87	22	33	78	23	40	58	24	63	47	95	23	62	55	80	50	30	40	77	4	97	99	70	68	21	20	84	47	68	96	28	22	51	14	39	14	21	24	5	59	28	81	85	0	42	61	99	70	5	91	74	67	73	55	45	28	59	99	80	45	66	79	48	88	73	8	4	89	45	17	98	53	62	19	14	4	65	16	31	81	21	4	4	32	2	12	7	61	82	4	75	59	40	45	60	98	80	62	86	57	79	96	79	9	14	81	45	89	63	16	38	12	12	38	51	14	21	80	99	66	8	39	41	88	34	48	11	12	90	68	98	67	61	38	10	44	78	9	50	61	87	17	57	5	69	91	22	73	0	85	15	78	47	56	91	69	51	29	87	44	96	33	78	56	72	50	40	1	36	44	29	52	80	76	88	75	88	52	14	9	36	97	1	78	78	43	2	54	97	13	94	4	49	49	18	95	48	77	38	77	74	93	27	55	65	85	59	46	66	52	20	43	98	91	22	33	48	84	36	57	60	28	68	70	64	2	58	20	22	58	18	54	81	16	3	41	21	36	38	80	68	6	11	28	40	15	41	98	5	18	57	73	0	56	50	3	22	53	67	87	5	46	14	20	45	84	61	95	85	63	22	24	1	27	43	85	84	56	42	92	30	36	1	20	51	19	53	44	41	31	12	5	2	19	74	39	32	97	33	93	45	76	68	70	51	22	17	39	6	63	89	45	62	30	1	96	5	94	98	54	72	48	31	91	13	60	98	47	30	90	4	66	92	67	57	19	59	95	2	54	6	24	89	52	8	70	7	14	41	7	60	21	10	83	18	55	42	21	46	70	73	72	1	54	46	0	32	46	47	65	58	47	14	45	36	60	80	45	66	38	17	5	18	87	35	38	10	42	85	76	23	43	48	2	68	14	37	64	87	75	58	96	5	14	63	79	38	40	40	79	1	4	6	86	92	61	14	18	80	59	24	75	49	31	90	14	84	76	80	25	12	9	14	38	80	66	6	24	50	6	94	18	4	52	84	81	99	40	88	43	11	13	56	77	81	70	19	71	91	37	6	76	74	64	98	27	88	95	70	76	82	1	96	89	60	81	61	81	78	40	60	19	45	
75	17	92	73	72	64	33	83	97	42	63	41	28	80	59	11	61	38	81	9	56	53	40	68	60	72	4	38	36	32	15	7	37	99	54	82	96	25	89	66	2	34	54	9	53	2	29	48	96	99	47	87	9	4	18	17	77	49	27	85	46	35	90	77	55	72	97	33	94	32	31	94	85	77	66	72	75	34	58	94	14	65	55	75	39	77	26	10	95	21	29	89	28	9	41	76	13	54	42	85	84	58	61	33	34	44	28	41	35	19	35	93	46	71	76	67	31	61	95	99	27	55	62	12	39	52	93	5	3	83	49	92	82	0	0	93	23	12	87	30	65	13	78	56	55	38	42	84	20	70	69	50	87	25	3	12	91	20	38	7	59	5	46	15	13	83	72	90	30	49	98	89	7	47	41	69	18	99	9	74	46	36	35	14	85	29	77	42	24	46	67	34	19	20	23	36	53	40	33	73	62	87	23	1	67	55	17	46	5	84	69	21	52	59	55	3	27	33	40	16	14	28	38	66	61	59	6	6	11	37	75	24	59	58	17	82	55	36	30	5	93	62	46	41	12	39	51	36	22	39	20	15	1	67	42	55	24	92	85	72	25	8	90	60	29	30	71	48	77	57	5	60	90	65	32	50	1	8	49	63	11	9	6	92	93	27	3	81	15	82	17	52	72	51	35	97	48	67	11	47	75	16	0	29	4	26	19	64	59	66	71	99	68	81	56	61	66	44	13	64	44	29	95	28	92	0	68	52	88	38	28	30	23	48	72	94	75	43	94	99	93	13	79	60	34	49	50	83	64	75	93	45	42	17	23	87	43	4	91	97	22	78	3	95	50	95	3	4	54	40	14	63	33	6	22	82	3	8	19	6	77	56	15	8	76	9	23	61	10	47	27	18	54	60	5	24	99	80	70	31	93	4	50	46	21	38	35	32	88	74	86	3	91	69	51	57	40	93	12	97	98	75	57	37	28	10	68	17	6	82	30	88	1	29	39	14	86	38	22	23	18	77	45	89	50	52	59	42	44	75	49	77	83	88	8	4	18	66	88	60	45	69	75	90	53	83	74	18	3	39	77	39	5	86	90	52	98	4	33	48	65	54	28	86	10	21	69	15	8	88	96	21	7	31	31	74	18	13	92	22	72	31	82	26	7	21	52	83	51	90	61	87	63	5	72	98	40	96	85	65	81	84	24	26	76	2	48	65	41	38	61	83	42	19	24	18	31	80	42	82	67	55	65	85	83	45	76	98	54	11	65	15	20	3	63	47	37	76	92	4	96	57	98	56	3	74	29	46	14	9	91	8	86	34	29	79	93	54	17	34	43	49	99	22	72	52	25	56	20	74	31	46	40	37	59	54	25	50	94	65	34	92	40	14	87	44	52	99	8	31	80	14	12	95	51	59	45	61	76	28	94	21	33	18	9	44	34	41	56	55	41	36	79	43	10	16	17	80	52	17	50	87	81	61	33	65	10	60	39	80	82	32	40	50	33	12	85	90	42	77	22	74	63	59	34	3	57	61	83	33	30	80	97	73	6	80	36	88	60	17	83	16	29	68	68	46	3	96	13	31	9	36	3	2	84	12	90	9	84	19	95	39	42	7	51	63	55	27	22	68	90	9	2	25	31	88	28	45	84	97	65	93	36	31	36	35	33	3	32	37	0	98	96	78	47	35	82	11	67	17	63	48	23	35	29	63	68	4	76	90	64	74	66	80	35	29	28	49	48	89	7	81	91	31	28	37	28	22	95	84	17	31	46	5	76	5	42	29	62	44	27	99	55	16	84	57	75	26	45	31	44	10	75	14	0	58	85	40	74	84	58	42	26	46	3	52	76	82	90	9	55	34	74	92	28	13	91	1	68	74	14	60	19	92	28	26	49	23	34	58	36	28	51	43	81	97	95	24	26	11	85	78	40	69	25	25	48	47	41	84	16	84	82	15	94	79	47	3	7	82	21	31	62	9	42	11	28	90	30	18	93	4	75	40	47	84	38	44	2	62	79	24	44	84	50	50	23	64	93	85	1	48	82	19	23	73	13	47	9	96	88	57	47	8	72	72	60	50	28	39	74	7	25	45	58	27	89	50	13	71	51	82	66	64	14	86	98	91	20	37	51	23	40	79	10	35	60	61	20	91	82	1	45	68	25	10	44	59	3	11	18	85	34	64	63	76	45	69	80	92	94	61	99	64	84	80	33	82	7	2	96	15	15	26	45	72	49	71	87	94	53	65	46	70	38	80	15	8	13	0	97	2	19	65	53	93	75	21	56	32	77	80	82	29	99	72	41	5	90	26	68	31	68	24	17	45	50	8	76	40	76	7	24	70	69	94	28	49	58	17	14	24	52	96	59	21	33	19	61	6	14	78	93	35	32	75	52	24	41	71	0	65	43	70	93	16	53	20	99	47	66	83	15	74	91	37	42	13	99	9	49	78	85	17	66	41	91	97	62	54	70	43	28	14	39	14	32	83	43	16	95	82	38	50	99	18	20	0	39	1	45	66	68	55	79	70	24	42	7	30	27	49	18	64	5	14	15	60	17	39	74	61	56	43	93	89	80	44	92	71	89	0	98	43	63	85	47	54	26	22	2	56	47	9	85	16	51	32	92	80	51	13	94	97	13	59	43	47	10	39	43	5	37	12	13	2	50	49	10	43	56	35	92	67	15	67	71	40	85	49	1	58	1	84	12	28	29	74	10	14	50	41	68	33	45	32	24	41	15	2	43	84	21	3	61	74	17	95	22	75	82	23	22	76	70	2	83	8	36	80	78	89	84	2	70	44	29	27	53	19	53	26	27	23	14	91	22	13	25	89	51	58	18	11	81	52	1	93	95	99	53	15	46	87	92	68	16	38	70	91	40	18	59	34	33	93	31	15	21	2	76	66	78	28	30	57	49	35	44	99	44	43	50	18	89	53	76	57	75	53	17	47	92	65	44	34	45	75	68	23	55	36	25	90	43	39	1	37	91	75	90	22	84	38	37	10	36	6	12	53	36	16	67	70	5	43	97	82	86	16	2	84	41	54	58	48	88	68	42	39	56	22	80	5	41	2	76	75	51	23	48	28	22	13	77	20	54	2	98	64	86	52	68	64	55	77	45	92	67	39	52	97	54	71	12	23	30	51	26	67	84	66	5	32	51	10	45	36	11	71	34	26	78	11	48	36	69	77	64	29	12	50	49	6	1	57	63	87	41	14	42	97	20	16	9	8	40	37	74	42	37	83	98	7	3	47	97	98	43	63	17	33	14	6	83	49	92	99	6	95	16	36	88	55	61	74	42	26	21	37	52	75	98	11	83	15	68	78	94	73	94	3	4	62	12	26	39	54	65	64	61	11	89	19	23	71	63	60	67	66	4	65	28	29	69	63	8	52	65	39	16	26	76	11	8	98	11	52	21	22	45	23	77	45	92	96	45	26	42	88	91	98	63	86	88	89	82	19	39	82	36	78	37	27	80	54	55	80	18	9	60	3	77	53	23	22	82	8	7	30	91	46	18	37	8	6	43	16	77	74	54	44	29	68	48	52	66	65	61	76	91	89	83	31	38	33	3	77	87	99	89	56	48	39	81	97	43	95	79	40	13	4	81	55	92	69	5	41	99	9	22	93	0	24	60	70	61	96	11	50	52	33	67	42	59	74	19	54	57	84	13	73	16	81	41	33	44	62	53	42	79	51	67	88	55	47	58	79	59	33	34	57	17	97	82	98	95	11	76	77	85	81	84	77	98	90	18	46	58	69	26	57	5	62	25	69	91	45	78	20	70	84	8	21	9	63	6	41	51	93	35	22	23	92	88	82	8	59	98	6	63	44	41	91	11	67	62	92	66	86	87	20	52	44	7	19	97	46	6	72	55	79	73	11	2	39	41	37	9	58	29	7	48	40	17	8	93	79	96	11	20	42	51	87	9	80	36	5	76	43	76	55	23	91	25	82	52	75	44	49	85	63	55	45	27	55	56	89	23	52	75	1	6	23	36	19	61	15	48	49	97	57	19	50	40	49	27	91	31	99	62	72	78	10	33	5	20	62	13	28	35	56	16	11	14	80	10	84	55	39	32	91	75	66	27	91	22	54	83	23	56	29	32	59	64	8	77	40	23	39	41	66	23	26	12	0	16	58	28	30	22	0	43	86	94	15	48	72	50	83	46	69	22	65	84	75	44	83	46	70	31	45	86	93	98	37	31	78	28	99	13	26	41	92	48	54	71	85	6	49	59	24	64	59	52	37	63	37	79	10	61	90	39	90	91	35	89	91	88	52	22	1	62	69	14	14	71	52	79	77	26	4	17	50	58	82	21	84	29	9	52	1	15	51	52	96	30	1	1	14	60	0	32	82	26	35	72	67	9	54	13	19	7	81	44	46	87	33	5	41	31	29	18	63	28	15	78	2	93	38	72	23	81	3	13	63	15	86	73	47	55	37	4	60	67	58	94	10	41	58	90	18	20	45	94	99	86	39	55	63	79	11	53	58	94	27	1	86	2	88	92	69	34	9	99	12	0	11	9	1	99	43	76	84	86	54	72	7	99	45	90	19	75	29	44	92	15	80	88	33	62	40	91	77	43	77	16	82	15	40	20	17	35	22	6	24	63	64	81	31	51	22	65	60	13	63	87	27	14	23	13	66	78	7	74	93	39	55	33	33	47	68	85	5	67	97	5	25	25	37	59	26	55	10	70	47	30	18	26	18	36	56	63	3	90	1	55	47	82	21	93	18	48	61	34	75	85	27	69	39	49	25	51	71	97	49	0	91	89	67	58	42	75	0	56	71	52	0	86	39	98	45	94	51	55	71	63	7	17	82	79	37	75	52	14	93	67	53	37	80	22	54	34	65	24	13	99	38	42	70	11	72	62	79	49	37	24	32	42	99	67	69	84	51	32	64	25	74	21	41	10	75	29	80	69	28	60	31	10	88	55	87	9	52	69	63	62	19	3	39	57	32	31	19	71	28	92	44	88	13	61	98	60	51	30	48	49	14	41	22	37	0	3	60	87	29	62	80	81	97	95	32	56	21	75	13	14	59	92	36	62	89	41	49	83	77	37	25	34	88	78	28	42	32	8	32	13	11	54	13	84	60	90	87	39	18	64	37	35	94	74	48	12	64	24	98	46	51	97	88	14	46	56	14	91	22	9	56	0	39	56	45	53	3	21	48	62	17	31	68	65	82	23	41	47	82	32	19	45	99	96	34	25	93	77	81	22	40	79	52	78	7	25	20	13	42	46	28	76	85	91	60	8	33	24	41	29	34	12	33	62	15	64	48	30	12	55	94	81	54	68	61	79	31	89	8	96	46	11	98	58	29	48	7	1	91	80	1	74	9	34	25	50	40	2	17	39	24	81	63	14	32	53	41	60	23	67	54	12	10	78	2	45	21	65	16	93	86	50	85	68	51	65	25	91	27	65	99	6	15	53	28	46	76	8	64	78	65	82	18	31	73	0	99	65	70	90	64	54	7	25	73	41	85	29	40	2	41	10	63	4	90	49	91	78	45	33	37	88	62	31	97	50	73	87	38	73	38	69	87	10	35	99	62	19	62	9	81	14	28	62	11	77	77	75	83	55	47	56	37	61	43	71	39	97	72	39	23	56	30	9	29	44	77	68	41	15	68	17	68	8	12	62	34	87	76	3	75	13	28	79	32	76	58	72	72	46	52	60	97	24	35	77	42	45	65	26	91	2	11	6	20	43	42	48	58	17	86	4	42	79	77	86	97	78	61	27	14	3	87	74	74	85	81	22	42	28	6	52	68	59	10	36	7	62	78	93	63	11	73	86	79	31	73	26	20	0	0	15	68	93	22	38	92	45	65	78	87	55	14	20	40	89	81	39	31	62	86	88	90	59	14	68	37	8	35	44	10	28	86	10	63	78	81	43	79	63	59	23	1	94	26	25	45	58	89	9	97	65	18	4	1	9	79	32	42	56	72	84	22	59	1	33	5	64	90	13	89	38	71	28	86	52	42	52	1	85	77	77	65	9	15	4	16	82	6	29	26	62	63	5	61	26	36	98	69	78	88	6	75	53	81	22	53	42	27	41	66	15	44	72	48	36	98	89	30	32	3	6	97	12	62	4	23	25	26	49	2	14	47	97	50	10	27	71	56	56	85	97	49	65	41	57	40	74	37	5	30	26	46	14	21	69	50	86	99	6	19	51	75	20	64	38	60	35	3	82	90	23	0	93	9	91	18	50	36	19	38	53	36	31	74	84	38	62	56	80	40	93	25	59	26	6	7	8	29	34	77	54	35	76	58	23	91	84	39	77	99	66	69	6	57	12	67	27	43	68	74	41	61	92	0	30	77	27	14	57	24	61	17	42	91	2	80	80	53	89	38	44	50	78	26	74	52	5	96	76	23	9	30	40	49	30	43	52	76	19	49	56	46	73	4	44	84	54	99	28	76	25	82	38	6	57	37	35	13	28	51	8	32	96	1	97	29	28	0	46	54	6	44	38	56	22	9	16	21	13	47	85	9	49	33	10	72	15	53	36	81	23	24	24	93	71	81	50	33	87	12	73	47	35	39	98	56	48	61	39	97	6	52	62	9	24	68	38	20	46	59	36	89	82	23	11	14	21	90	13	92	24	64	56	31	13	20	25	34	45	70	65	96	28	64	65	12	39	88	96	41	21	89	56	89	51	75	55	85	59	62	40	88	54	96	77	36	88	13	93	15	96	76	28	94	8	84	39	89	85	97	19	22	52	32	68	1	59	91	45	70	56	48	45	68	52	38	19	71	69	66	38	33	76	39	81	90	99	46	3	2	18	82	81	79	52	82	56	48	26	12	74	14	65	90	86	82	61	50	57	76	66	26	89	54	84	19	93	1	94	38	73	70	60	29	58	62	19	7	31	2	90	78	87	16	95	6	0	29	30	81	19	90	30	6	52	49	42	4	71	68	73	32	67	6	83	58	4	81	3	69	52	36	44	99	43	49	12	59	89	99	53	40	65	93	11	11	44	47	54	84	2	74	92	39	40	93	7	50	40	49	92	12	13	43	26	61	75	50	74	4	44	77	34	1	30	66	21	18	19	67	41	9	13	22	70	97	57	1	87	17	16	44	61	59	34	86	79	28	98	20	4	96	71	10	84	21	48	9	24	86	53	91	60	83	1	0	44	43	34	64	59	9	65	59	81	70	44	12	82	20	32	9	47	38	40	42	54	45	7	84	30	2	12	93	96	28	28	32	10	20	32	53	28	32	85	88	24	49	41	45	82	87	96	73	25	15	52	0	44	68	45	44	85	0	17	1	96	80	26	17	17	65	7	35	11	46	53	63	17	42	94	80	63	6	8	99	7	64	99	24	54	42	83	41	68	32	86	40	66	29	91	49	33	96	71	42	69	64	55	64	58	45	29	42	45	77	14	77	38	77	40	28	92	19	89	62	23	6	97	26	17	39	58	76	54	54	49	21	45	43	60	88	22	45	92	75	67	67	10	71	97	78	91	71	26	34	31	12	8	51	52	26	14	99	29	73	18	42	61	0	85	37	21	18	31	80	8	83	50	50	4	23	31	10	73	10	75	66	86	12	39	57	43	15	3	54	60	33	37	16	51	78	52	38	35	86	22	85	56	8	95	75	69	40	98	26	88	62	74	85	13	36	53	76	59	66	69	47	62	48	17	74	88	23	60	98	57	70	28	21	66	5	27	0	66	5	60	70	23	4	26	57	22	30	25	26	87	27	80	51	58	75	27	52	12	28	79	16	29	63	13	40	30	52	29	63	33	98	29	48	87	13	96	36	19	30	3	25	20	92	49	8	7	79	84	16	64	62	18	9	63	89	2	23	91	50	80	81	14	43	46	34	60	95	22	33	25	5	68	7	55	98	24	38	14	29	37	
8	1	12	9	1	20	7	12	7	18	11	9	16	20	12	11	12	15	16	14	19	4	14	13	6	5	14	1	6	6	7	17	18	7	1	7	8	15	1	3	13	18	8	3	1	4	20	15	2	12	20	20	5	18	19	16	14	14	10	3	15	11	12	11	13	20	8	8	13	7	5	9	7	9	19	12	17	18	11	1	2	5	8	10	17	1	15	4	4	17	4	15	8	9	12	9	6	6	5	15	2	18	15	1	19	16	19	5	17	15	15	8	4	6	16	2	18	12	5	20	5	1	9	5	16	2	9	16	13	9	1	3	13	13	18	14	12	16	9	7	17	12	16	19	16	13	4	14	9	16	5	18	3	14	4	19	17	4	6	15	5	8	5	11	16	17	14	16	11	6	16	6	3	15	2	11	8	17	9	3	13	17	5	4	13	20	3	7	11	7	13	8	14	8	7	5	12	18	14	19	14	12	8	14	13	10	1	8	2	13	3	13	2	10	14	3	5	11	15	7	6	11	4	2	12	13	6	20	13	9	16	10	18	8	1	11	5	11	1	6	20	11	10	8	19	1	16	12	14	7	1	13	10	8	13	20	11	11	17	3	16	4	7	15	16	8	7	5	9	12	18	9	8	9	10	17	6	5	12	1	12	19	15	11	7	14	2	12	15	6	10	4	7	20	3	9	18	9	10	20	6	11	20	13	17	9	20	18	6	18	16	19	11	5	7	14	1	5	1	16	16	10	11	6	15	1	3	16	17	16	18	4	1	2	8	2	18	14	18	16	10	11	9	11	15	8	11	14	4	7	6	5	2	20	17	16	12	2	11	14	6	11	5	6	6	8	6	11	20	5	2	1	9	16	1	13	11	1	17	20	18	6	7	3	3	3	16	11	3	14	16	1	4	20	6	15	7	1	5	12	19	19	15	2	7	14	1	11	19	4	16	15	9	6	16	2	5	8	8	7	16	8	7	18	3	18	15	16	20	4	1	14	19	18	14	1	10	18	14	14	9	9	12	6	5	15	3	11	19	6	9	16	17	2	11	11	3	1	5	10	3	11	10	5	5	2	13	8	2	3	8	6	19	18	16	15	10	5	2	16	19	4	7	18	16	17	15	4	15	9	5	13	15	14	18	1	4	13	10	14	3	12	3	1	9	3	14	7	11	3	14	1	18	5	19	19	7	18	4	19	11	16	2	2	19	15	15	17	20	9	16	16	11	17	9	5	1	10	11	5	12	1	4	9	7	17	5	13	16	13	10	3	16	9	10	18	20	10	20	17	14	17	19	2	6	14	13	10	12	2	10	9	19	2	4	5	10	1	15	13	7	7	12	9	14	7	14	12	10	12	7	13	6	3	1	1	5	13	15	6	2	7	3	11	16	15	16	10	16	1	9	11	14	9	2	4	11	12	11	1	5	13	1	12	13	8	5	9	8	14	8	10	2	12	16	13	14	6	3	14	12	9	10	15	10	6	16	10	3	1	10	1	2	8	1	13	12	9	11	12	12	14	10	10	6	12	13	2	13	4	7	15	14	12	6	6	8	15	12	4	4	9	9	7	14	4	9	1	13	15	14	14	14	2	3	10	9	9	3	5	7	11	3	15	16	1	14	7	9	13	16	7	11	15	1	7	7	1	9	11	2	3	16	2	3	3	4	5	7	16	2	10	7	7	14	7	8	9	16	12	15	15	14	5	13	7	3	3	9	8	15	12	13	14	9	14	8	9	16	1	13	3	10	11	8	14	9	7	9	8	10	13	10	11	16	5	5	13	7	10	3	4	10	11	9	9	8	2	16	10	14	14	6	3	1	11	13	12	16	10	2	15	6	5	13	14	8	4	12	15	5	5	8	13	14	5	14	15	6	9	13	9	5	15	2	1	8	15	4	13	6	3	6	5	11	14	1	6	14	6	7	15	6	16	10	14	5	12	15	8	16	15	16	2	5	12	12	11	5	1	2	9	16	2	16	14	9	7	10	15	7	2	5	1	11	16	3	6	7	4	1	5	10	16	4	10	6	6	9	7	10	14	2	12	15	9	9	11	12	10	4	11	7	5	1	15	4	4	15	15	7	14	7	10	4	4	7	7	2	8	16	5	15	6	16	15	3	7	11	11	4	2	16	3	9	7	8	16	11	12	1	13	10	8	10	1	8	12	7	14	15	16	11	3	11	9	7	9	9	13	14	3	15	16	16	14	10	15	8	11	13	15	2	1	6	13	9	10	13	4	11	4	6	7	7	16	6	16	9	11	11	6	16	11	16	15	12	9	8	8	10	3	15	5	1	13	11	2	3	2	16	11	10	14	15	9	12	7	11	9	15	7	3	14	4	1	15	5	10	14	16	5	1	14	3	4	7	14	7	3	12	2	8	15	6	10	1	5	9	14	5	3	2	4	13	12	1	8	4	8	5	2	15	7	2	7	8	7	6	6	9	15	5	9	13	15	8	5	13	5	5	4	3	10	12	1	6	12	1	14	1	11	12	15	1	12	2	6	7	4	2	3	15	4	1	14	16	1	12	11	8	1	2	8	12	14	6	5	12	2	9	4	1	12	12	10	8	7	10	12	4	15	5	16	11	1	7	10	6	3	7	3	11	9	13	9	13	4	9	16	2	13	4	9	6	12	16	2	8	16	9	10	10	1	16	14	11	14	16	15	9	11	6	16	11	4	4	7	15	4	16	2	9	1	4	2	7	16	11	7	16	11	5	11	3	5	10	13	16	4	15	12	8	13	4	2	2	2	14	13	9	5	1	6	6	6	3	5	9	15	7	4	12	10	14	14	3	4	16	2	16	12	15	11	7	13	11	14	13	13	12	15	7	1	1	10	11	5	14	7	16	16	5	1	6	1	4	11	2	12	1	7	1	5	16	10	9	9	13	9	6	1	8	4	11	13	8	6	8	8	13	14	11	12	13	8	7	7	8	14	8	13	9	14	7	16	2	11	14	15	11	13	5	4	12	2	16	15	15	4	15	7	2	5	1	11	15	2	3	6	12	10	16	7	2	9	3	2	12	9	6	8	9	15	16	16	2	8	13	7	2	15	7	2	12	12	13	11	1	10	6	15	10	3	16	12	12	5	15	16	12	11	11	2	8	8	13	3	11	7	13	11	11	3	4	15	12	10	12	7	9	14	15	9	16	5	15	13	3	12	9	16	1	13	5	2	14	13	12	10	5	8	13	7	12	7	8	11	2	12	15	10	11	12	11	10	3	4	10	4	7	16	1	15	3	5	16	12	2	16	12	11	2	13	5	12	9	2	4	8	11	4	13	3	11	12	8	13	6	2	14	13	1	7	12	13	12	15	2	13	16	5	14	7	12	14	15	6	4	12	3	11	6	6	13	8	13	8	12	13	15	4	14	13	14	11	14	15	15	8	15	15	4	6	11	16	2	16	13	5	2	7	4	2	2	13	6	15	7	12	8	13	2	10	15	1	12	16	14	9	1	9	3	9	15	13	2	6	3	7	12	1	8	3	5	15	3	11	16	9	3	15	3	14	16	6	5	8	12	1	12	13	13	4	8	3	14	15	10	15	2	15	12	5	11	15	3	8	3	14	11	10	14	9	9	1	15	7	7	4	1	8	1	15	9	12	5	3	15	9	12	6	1	6	12	11	9	12	14	8	14	12	15	4	16	15	13	10	1	7	13	14	1	8	7	14	15	3	15	14	10	7	9	12	13	1	12	16	8	13	5	9	12	12	3	13	4	11	1	11	3	14	8	5	6	8	8	13	6	3	16	3	6	10	16	3	11	8	11	10	9	14	16	14	2	11	12	2	12	7	13	4	10	16	2	9	4	4	9	4	2	8	7	5	4	1	13	6	13	6	14	2	12	10	1	13	5	16	7	9	14	12	7	12	12	6	14	13	2	1	10	5	9	16	11	1	8	1	13	12	3	16	13	8	2	12	3	15	16	9	13	6	5	3	1	13	11	6	15	9	4	8	13	5	8	5	14	5	8	6	3	11	6	15	3	1	13	15	11	7	9	10	9	16	3	12	8	11	5	11	6	15	3	6	7	12	14	8	3	6	9	11	13	7	4	9	15	4	15	2	14	2	7	12	9	1	14	12	10	16	4	10	10	9	14	8	10	4	13	6	2	14	7	2	6	10	9	5	11	9	9	12	15	16	8	12	9	4	16	8	12	16	1	2	12	15	9	11	6	16	14	3	10	6	6	9	4	15	13	13	7	1	2	1	2	4	10	13	3	1	1	13	15	14	12	4	14	13	8	7	13	8	9	7	10	7	15	7	15	11	16	4	8	12	4	6	7	11	14	11	8	3	7	3	12	9	4	8	7	9	12	7	11	8	1	8	3	15	4	9	4	8	10	14	8	9	15	9	12	10	12	11	13	16	8	3	14	11	11	16	13	3	16	7	1	7	5	3	11	1	10	13	8	9	14	11	7	4	13	16	7	5	10	12	11	16	13	2	10	7	2	6	10	6	8	3	13	6	12	6	4	16	2	5	16	13	4	13	7	15	10	9	9	2	6	10	14	8	11	14	1	16	9	8	1	12	10	2	14	5	7	16	2	2	9	13	7	4	14	16	12	6	8	4	10	15	10	3	3	12	13	9	13	1	12	5	13	14	14	13	11	2	6	9	9	16	16	15	4	14	5	3	4	13	10	2	12	4	15	2	8	1	3	9	11	7	7	6	14	13	9	5	13	11	15	1	13	2	13	8	8	4	3	4	16	3	6	7	15	15	10	5	3	7	8	5	8	11	2	9	13	16	5	9	10	6	4	2	6	3	9	4	6	16	11	6	8	12	11	4	5	2	10	12	11	10	9	11	2	14	15	9	3	14	16	5	12	7	15	8	1	2	4	14	2	2	4	4	14	7	16	10	14	4	7	3	14	10	10	7	9	10	2	4	14	11	16	9	16	11	1	7	5	8	12	15	1	10	9	2	11	8	15	3	4	6	13	9	2	6	12	15	2	2	4	9	6	13	2	8	12	13	15	1	12	16	11	12	4	1	7	10	13	13	9	2	10	10	15	14	14	14	1	10	10	12	15	5	8	13	8	13	10	5	4	2	1	6	11	16	1	9	3	7	3	15	15	7	14	5	10	13	1	16	10	10	12	12	7	12	5	4	14	9	6	9	12	15	8	4	14	4	11	2	7	4	16	10	1	13	14	13	11	10	16	1	16	7	2	4	13	7	16	15	15	15	2	8	2	15	10	3	5	13	8	7	1	5	7	2	12	2	8	13	12	4	3	13	13	10	2	12	12	12	3	8	4	3	5	14	11	6	15	9	9	4	3	5	10	1	2	9	2	9	10	5	11	1	16	4	15	1	14	3	9	10	5	8	4	4	14	1	2	10	8	9	6	6	16	7	11	13	5	1	16	10	5	6	1	4	8	13	6	5	1	5	10	1	10	10	4	5	5	7	14	10	15	2	15	7	13	13	3	3	8	14	2	13	10	5	10	1	6	6	16	8	14	16	6	9	1	7	14	4	10	9	11	9	14	1	10	6	11	4	11	9	16	1	2	11	8	2	15	1	1	14	2	15	15	8	5	11	9	9	6	12	1	10	9	10	14	5	2	8	12	10	7	7	13	16	15	14	15	6	7	15	14	6	10	4	6	6	16	11	11	3	2	4	13	2	13	14	10	14	15	16	16	14	1	16	7	6	4	5	6	1	15	7	5	16	16	5	9	5	5	4	4	8	2	7	11	13	15	10	5	14	9	6	5	6	7	2	12	9	8	7	14	10	12	14	13	9	6	4	3	8	14	10	14	2	11	3	10	14	4	1	16	16	14	6	12	13	2	5	2	5	13	1	6	6	9	1	7	7	2	14	14	14	3	13	9	2	13	3	10	13	1	3	12	9	9	11	1	14	8	14	2	11	8	6	1	5	5	12	14	9	4	10	6	10	2	14	6	9	16	8	14	10	4	8	3	10	15	6	10	13	2	2	7	14	3	4	14	7	1	8	5	8	4	15	11	5	4	5	6	13	9	1	3	1	16	7	14	1	1	11	12	15	15	6	11	12	3	6	8	2	1	15	1	7	3	10	2	8	5	1	13	16	7	16	12	8	10	6	15	7	4	3	13	6	16	14	11	3	1	2	5	11	14	13	11	9	6	8	2	1	16	11	14	4	7	1	10	10	5	11	5	5	1	7	8	14	8	12	9	15	16	14	10	5	10	8	13	3	7	13	16	4	7	5	14	12	7	6	9	12	4	6	2	2	4	6	3	13	5	15	2	3	4	8	12	13	14	8	8	10	2	3	4	15	2	4	6	13	7	5	14	15	11	6	8	15	6	7	15	7	5	13	16	12	3	3	16	1	12	1	1	6	13	11	10	2	7	8	6	9	15	7	16	10	3	2	8	1	9	11	14	10	4	13	13	4	9	16	15	4	10	2	4	11	12	12	2	11	4	5	7	1	3	1	15	6	12	2	9	13	1	3	2	6	2	4	4	16	1	5	6	16	3	10	3	3	9	4	4	1	10	4	16	2	2	8	7	9	7	9	6	3	2	5	11	16	9	9	9	10	4	3	13	4	1	1	8	15	9	1	15	10	13	13	16	12	9	14	8	8	8	14	13	4	12	2	5	7	6	5	11	9	10	8	6	1	4	6	12	7	16	10	16	10	6	7	2	4	8	3	10	16	7	15	4	3	9	14	9	1	14	12	14	11	2	12	7	8	1	1	13	2	16	5	6	5	8	13	15	7	6	6	1	4	4	3	4	16	14	8	1	3	2	10	3	2	2	4	12	5	3	12	2	6	2	4	12	9	9	16	16	8	4	15	16	1	13	9	10	3	8	4	8	3	10	7	14	4	3	1	5	4	9	1	14	15	15	3	13	5	10	6	16	3	13	3	14	2	11	1	5	8	1	16	3	9	6	14	13	1	15	15	10	16	15	8	16	12	8	10	5	10	11	12	13	15	4	16	4	1	13	2	3	12	12	7	14	9	5	8	1	7	14	11	4	1	8	4	8	9	4	5	7	2	12	16	7	16	1	9	5	12	12	5	2	3	13	13	11	8	11	8	13	2	7	5	9	5	16	4	14	10	16	10	8	3	9	6	13	12	5	6	7	10	4	8	12	3	11	5	4	8	7	14	3	9	4	2	16	1	7	4	9	10	3	13	4	5	15	2	3	16	11	8	10	10	5	2	9	15	8	7	14	4	7	15	15	10	12	7	12	10	8	15	10	3	11	3	1	9	1	16	12	13	15	9	14	14	12	10	10	9	5	15	13	7	1	1	4	7	8	13	2	1	6	14	9	13	15	11	15	13	1	13	14	5	13	15	6	16	16	3	16	6	4	6	3	6	6	10	12	7	15	8	1	3	16	10	1	8	10	13	1	15	13	2	16	1	16	10	15	10	8	12	3	14	1	12	14	8	10	3	15	10	2	2	14	13	9	10	13	10	15	1	2	15	3	12	12	14	4	4	15	10	10	14	8	6	8	16	11	4	14	15	8	8	1	9	2	14	4	9	3	3	1	12	7	2	8	2	6	11	4	6	7	10	1	13	14	16	4	10	7	2	15	1	3	1	4	5	1	11	13	14	16	7	2	7	14	3	5	14	11	6	12	1	3	16	5	14	7	2	6	4	8	2	1	14	16	9	3	2	9	16	11	14	5	10	8	2	15	16	2	12	16	4	16	4	6	13	9	3	3	14	13	7	13	4	1	3	11	14	8	5	9	2	1	7	4	9	6	1	11	12	2	4	10	16	13	13	2	8	6	6	10	16	11	3	16	9	8	12	12	5	16	5	8	16	10	3	10	11	15	16	9	7	14	12	9	2	2	6	12	16	2	6	12	16	11	3	2	10	4	8	15	13	15	6	16	15	7	7	11	16	11	3	13	9	2	
430	270	300	420	670	560	620	940	890	270	590	1000	350	540	700	290	930	280	740	270	910	770	1000	950	650	830	440	460	660	110	740	720	160	380	760	500	570	850	400	400	450	590	650	930	830	400	960	780	600	170	820	360	180	740	140	920	780	900	480	310	420	490	270	340	510	970	640	660	510	290	440	630	960	220	290	850	280	770	930	800	640	300	770	660	110	430	900	390	340	390	110	210	970	120	130	360	630	930	410	430	650	430	660	990	450	940	200	910	170	400	300	930	800	520	860	410	500	370	530	170	150	950	690	720	280	750	530	440	760	960	510	970	250	410	550	190	800	460	890	810	230	190	200	910	330	350	460	800	500	330	110	510	520	220	940	780	500	440	390	940	130	520	750	100	940	200	310	670	760	200	170	120	940	510	330	130	790	380	830	460	600	810	310	140	380	390	660	110	300	530	250	730	210	860	750	270	810	400	380	270	900	750	610	300	160	350	380	290	860	210	780	950	460	660	760	600	280	370	290	160	330	780	810	290	600	930	210	130	280	590	640	510	880	870	850	170	350	990	820	950	180	350	980	980	810	300	170	550	730	600	520	670	170	870	600	180	200	240	570	230	890	620	540	140	360	260	520	260	250	430	430	920	320	560	990	210	240	500	140	600	460	770	970	280	390	400	490	930	330	360	550	370	410	850	840	530	740	250	210	140	290	860	810	660	860	530	410	240	300	770	130	320	970	540	260	440	730	870	750	530	720	990	820	110	410	110	110	480	850	680	540	600	350	360	510	820	560	750	940	560	590	790	920	500	160	510	1000	710	350	110	790	290	970	530	620	250	660	130	630	830	510	110	820	340	310	760	730	820	920	820	840	930	680	500	680	900	330	660	180	370	520	720	400	780	680	740	250	100	490	350	230	670	760	530	820	570	750	190	410	700	200	500	970	990	730	500	640	620	860	700	150	630	990	1000	910	210	220	200	670	720	550	390	510	530	570	380	500	100	260	550	600	820	700	890	560	580	600	840	970	820	680	650	280	530	200	840	640	410	630	780	200	360	790	390	630	430	130	790	920	740	750	250	470	430	720	160	650	690	250	760	770	840	630	800	740	310	900	610	490	560	110	950	650	190	650	400	820	240	870	330	830	800	130	920	410	990	780	750	640	570	110	780	410	760	670	270	880	840	560	540	970	770	690	420	940	370	140	740	670	860	520	910	520	850	180	460	270	180	940	110	330	600	820	790	640	720	900	930	560	890	300	230	150	280	810	330	570	530	810	440	970	410	400	860	440	880	740	850	500	330	190	860	520	160	360	820	540	530	220	520	330	390	460	110	810	260	740	210	960	600	590	610	140	560	920	750	360	370	940	600	850	950	130	330	190	270	150	650	730	300	380	270	570	270	420	770	490	100	410	410	830	360	730	400	330	450	370	900	170	670	330	350	230	320	260	550	360	510	720	670	720	330	890	660	870	930	800	380	960	110	270	400	500	590	360	960	680	570	780	620	420	570	230	190	750	590	970	900	510	750	180	330	720	110	950	400	170	680	440	440	290	320	920	780	890	560	290	320	100	390	220	360	810	690	780	450	570	470	700	520	570	550	800	830	690	340	640	850	930	890	580	400	830	230	740	590	290	360	650	290	300	190	930	970	350	460	470	550	880	680	160	780	900	290	1000	230	220	1000	570	810	610	490	160	400	300	630	160	380	710	1000	310	360	970	130	900	200	980	760	270	330	330	940	710	480	570	850	610	880	740	200	420	460	120	730	960	990	390	360	550	340	930	270	140	500	340	150	240	320	760	460	120	520	320	950	240	570	480	960	860	640	240	380	460	280	340	400	590	870	160	680	610	710	550	100	810	530	580	500	870	730	450	700	330	330	560	690	590	660	420	180	670	850	300	280	450	600	710	130	460	620	900	820	500	840	610	460	860	580	190	580	890	860	980	690	300	410	370	500	350	610	150	880	820	890	130	440	300	800	1000	100	580	760	170	670	910	920	130	310	180	300	770	280	920	110	410	670	860	880	840	390	140	710	300	600	170	510	440	130	460	820	440	940	540	830	920	540	720	240	940	310	950	180	220	640	810	440	920	540	990	600	430	640	210	360	990	660	260	940	850	990	750	510	290	280	920	730	710	500	640	410	280	130	640	890	200	200	360	140	150	550	940	610	470	290	810	810	590	120	580	380	470	790	150	520	580	390	370	110	240	920	660	950	550	120	970	370	860	250	620	610	950	920	590	650	630	690	290	670	450	770	260	420	140	740	840	400	430	610	450	990	710	990	160	900	350	490	370	830	570	890	450	690	740	910	210	210	850	590	640	600	150	250	800	670	550	270	680	640	170	920	330	510	130	190	230	210	530	540	200	110	310	410	940	790	590	370	510	790	770	550	490	150	930	390	290	950	140	930	510	410	280	550	400	340	300	480	350	100	860	530	590	510	410	190	960	190	670	240	370	900	390	450	780	330	720	420	160	910	540	570	570	930	680	590	570	910	110	530	260	680	370	720	430	670	440	890	790	290	790	480	430	640	870	680	550	880	220	990	480	110	820	380	810	950	530	870	350	950	680	730	450	180	660	810	540	160	980	880	580	770	580	870	520	180	150	260	370	580	870	110	270	900	610	590	110	370	1000	560	230	810	600	260	370	280	730	900	770	270	840	570	920	460	450	100	610	130	810	390	970	980	250	640	350	840	710	230	730	870	810	100	510	560	520	720	190	990	760	610	890	830	880	110	610	280	440	260	630	500	520	740	790	180	800	960	400	720	310	240	330	790	620	390	790	110	640	770	910	870	160	720	980	900	490	870	570	130	770	500	740	700	400	600	290	830	870	620	160	320	140	130	430	880	390	170	210	580	520	320	630	290	890	140	740	320	640	500	440	760	130	430	370	170	540	500	780	510	480	380	130	620	790	140	690	100	910	630	660	690	530	390	560	600	430	900	140	730	750	900	620	190	270	920	710	400	450	660	470	880	990	800	160	430	580	360	560	320	510	110	630	590	360	970	280	420	520	870	780	910	170	480	880	760	220	390	650	300	850	830	330	390	850	880	640	680	620	670	240	190	910	740	400	210	470	860	750	930	210	400	990	120	900	270	130	1000	940	270	500	210	710	810	330	910	940	850	870	660	840	860	830	800	610	790	520	920	860	200	550	600	660	450	870	130	140	560	470	990	1000	440	570	380	870	810	630	220	550	380	200	700	140	430	630	500	470	800	540	170	930	760	680	250	270	840	280	390	230	760	660	170	860	430	830	310	930	800	740	540	500	780	520	360	730	830	530	800	510	600	140	580	520	620	430	740	620	670	990	940	110	850	180	240	900	840	930	220	350	650	640	470	690	930	940	160	310	280	360	310	640	190	130	670	330	380	170	120	280	390	380	320	1000	550	900	950	410	620	280	240	870	620	710	120	120	470	520	590	230	810	250	230	1000	340	730	460	920	650	260	780	930	340	710	960	260	210	770	820	750	280	230	750	240	910	600	750	740	230	930	320	530	940	600	660	160	520	860	300	530	570	220	320	320	680	210	800	440	870	240	780	230	510	460	580	630	930	570	810	590	250	180	120	630	570	270	650	640	830	430	860	300	710	570	310	310	460	700	810	980	430	760	230	990	160	1000	160	560	320	400	780	470	1000	800	160	760	210	600	290	270	550	130	860	130	760	790	630	930	870	780	590	130	660	230	410	980	750	850	290	320	160	370	210	480	550	960	820	690	230	380	300	560	700	510	850	320	290	660	970	620	680	310	850	190	900	720	120	850	850	260	920	540	550	970	940	770	150	270	730	360	260	220	610	480	570	280	430	280	990	770	390	640	670	900	890	420	810	430	870	140	330	670	260	180	140	930	770	810	830	410	140	570	640	780	730	340	870	870	670	800	120	930	110	640	640	440	190	210	800	410	100	460	800	610	810	910	650	490	320	210	600	120	930	630	270	860	580	920	220	890	770	110	250	820	280	420	410	590	220	620	260	320	520	300	520	890	530	690	490	680	820	420	300	970	170	250	170	310	120	250	150	130	1000	400	710	660	280	380	330	180	120	880	940	900	450	540	210	600	790	320	600	680	860	600	890	110	460	390	540	980	330	500	470	270	560	370	690	150	890	780	240	980	590	390	170	100	910	710	570	890	770	750	990	750	200	540	700	900	110	360	200	810	240	290	520	580	310	750	800	510	390	1000	610	330	520	770	300	830	210	720	550	550	760	390	750	570	540	230	520	830	630	500	880	320	410	580	410	200	990	800	660	720	100	410	460	690	840	300	980	250	280	760	820	380	800	170	520	810	460	340	200	280	290	110	660	520	760	780	870	590	810	320	390	780	870	460	250	150	960	990	340	810	830	720	870	260	850	120	580	330	890	900	950	890	960	140	710	570	460	120	840	910	810	320	150	460	840	970	690	730	320	730	180	940	120	470	120	350	670	230	300	480	740	500	940	580	900	170	960	150	410	850	240	570	790	190	670	500	430	350	570	960	590	220	610	710	410	1000	920	570	980	600	320	140	220	750	970	760	470	710	910	640	660	850	980	420	910	790	260	380	560	540	550	160	650	1000	1000	470	530	130	340	780	250	540	720	520	470	690	940	670	780	800	960	130	470	200	940	810	370	650	390	620	480	520	520	720	620	600	850	610	500	680	820	120	720	510	460	720	190	250	650	740	140	910	450	240	260	180	390	390	600	160	850	450	760	370	180	870	850	540	420	380	490	620	850	490	680	900	580	290	420	330	910	220	710	330	430	920	970	730	270	440	260	390	250	390	580	690	290	760	880	140	560	550	930	470	600	300	860	130	880	130	100	210	350	800	720	670	940	210	860	500	270	600	680	790	920	770	230	980	820	490	200	960	730	780	960	230	170	760	460	200	950	810	110	850	660	580	190	610	800	800	860	650	840	130	610	220	480	670	290	830	160	710	420	540	860	590	870	760	450	620	110	380	250	320	410	120	740	680	450	300	860	240	930	680	750	490	680	900	820	410	430	220	800	900	450	390	770	910	500	310	280	960	220	990	940	430	780	450	930	110	910	400	670	950	810	170	780	960	370	360	530	240	210	140	620	350	710	450	930	320	170	800	440	650	340	450	560	570	530	960	870	360	640	450	790	660	710	500	720	850	380	970	880	940	610	100	490	970	630	750	240	820	140	720	870	110	790	330	600	950	570	190	280	460	540	890	170	900	630	930	660	700	530	610	190	930	320	930	290	260	590	570	1000	410	650	920	950	570	170	630	580	380	890	200	420	250	130	680	410	850	800	700	310	820	680	940	180	310	690	460	940	420	610	480	700	830	470	350	860	200	800	910	460	500	870	980	140	900	520	850	980	610	850	580	980	400	190	630	370	610	470	880	850	120	270	460	130	900	760	320	920	830	400	900	570	170	360	370	900	650	490	760	410	840	740	450	270	550	830	450	650	430	790	150	920	320	960	610	520	540	910	630	430	990	950	460	960	930	590	170	980	990	530	740	350	890	690	200	280	340	810	640	800	510	840	780	400	440	770	180	500	250	920	180	550	440	880	780	580	410	630	330	440	160	470	670	210	530	880	230	320	960	890	770	550	350	200	370	790	930	380	230	210	300	930	490	200	500	910	570	270	460	520	650	750	220	450	200	460	360	590	350	910	350	200	750	840	210	300	220	540	180	390	650	300	1000	310	820	540	190	240	560	730	170	800	580	130	210	590	420	330	130	360	450	460	300	190	990	940	280	440	170	360	850	920	150	790	590	600	660	110	650	380	280	900	300	950	770	840	820	260	420	960	900	770	400	380	980	820	110	940	630	960	570	970	250	980	220	880	530	910	620	730	710	960	170	970	360	890	370	260	840	580	690	830	910	640	670	100	900	680	160	420	180	190	890	220	990	130	390	540	930	940	680	920	730	560	710	530	690	490	830	590	130	360	920	860	210	880	340	570	650	480	740	310	590	410	840	680	710	330	640	580	960	950	480	620	720	660	140	690	330	110	630	440	210	840	880	460	280	530	180	110	940	530	480	270	240	550	370	780	850	940	800	870	670	220	690	600	380	790	970	780	950	630	460	460	450	510	950	880	630	190	540	550	250	210	990	720	180	320	900	340	760	480	410	230	250	400	870	900	940	930	330	870	980	510	180	220	230	810	300	890	600	1000	320	790	570	250	460	120	650	160	120	160	560	430	510	650	550	530	680	590	220	670	730	890	110	220	220	460	850	700	610	450	430	950	580	930	390	450	600	400	400	920	320	190	630	500	260	610	1000	520	720	290	700	140	290	360	820	560	900	690	420	220	990	600	410	630	420	840	760	360	960	350	150	580	500	420	620	370	360	560	260	140	500	460	990	170	610	580	420	370	120	370	620	320	890	530	190	830	780	940	530	790	580	160	160	230	600	810	750	230	320	580	900	110	300	390	990	470	840	340	740	840	410	780	160	940	580	760	160	450	500	390	920	890	350	860	230	920	770	180	960	240	750	520	260	570	110	250	180	770	680	570	690	410	790	590	780	690	280	820	690	900	120	810	590	930	530	470	600	390	260	530	220	420	630	900	190	530	930	830	600	370	210	170	500	440	810	360	750	970	860	480	720	530	1000	900	830	540	550	400	180	290	310	370	300	770	420	490	180	630	490	910	620	870	260	450	970	100	220	420	930	820	150	390	560	390	730	510	190	350	400	570	780	940	910	350	250	140	770	600	490	350	110	920	260	160	810	160	980	740	530	830	140	500	730	220	810	930	640	620	340	870	570	1000	540	850	310	660	980	900	320	940	430	380	750	970	240	360	920	260	270	330	170	940	110	230	650	110	150	440	930	610	810	680	390	300	180	690	310	360	120	650	550	800	930	370	940	810	1000	830	760	410	310	260	460	640	240	330	970	1000	360	440	800	990	350	470	940	810	470	710	730	620	590	730	520	190	320	110	800	160	680	600	980	890	140	420	700	220	460	560	810	100	270	620	620	950	320	210	870	360	610	740	540	870	580	920	920	860	700	230	770	760	280	510	640	300	710	100	440	650	410	280	800	680	980	750	230	440	520	560	690	280	540	460	240	210	740	580	810	730	710	890	320	310	410	690	180	380	1000	350	900	250	240	440	930	370	550	230	760	1000	610	470	700	320	700	380	700	390	280	640	600	700	880	490	460	820	520	390	480	480	680	230	700	840	870	650	900	250	480	670	250	320	680	890	460	930	370	890	980	840	700	290	950	670	680	400	750	210	400	950	990	760	390	720	130	120	110	100	210	950	650	620	510	450	810	490	110	670	430	650	490	280	980	760	320	400	660	970	680	170	110	270	410	420	940	170	490	630	620	220	820	390	650	450	270	540	820	550	540	550	340	250	290	990	810	910	420	750	630	400	910	310	570	360	160	810	320	910	690	660	680	270	720	930	690	330	590	770	720	760	360	240	450	650	650	220	970	370	670	590	550	880	580	540	980	910	290	910	600	770	800	810	620	460	220	710	240	770	770	370	310	660	590	750	650	950	580	680	400	580	680	400	340	680	970	770	610	850	710	570	490	950	400	130	710	420	420	290	960	670	240	410	400	100	220	170	800	140	890	210	820	760	980	660	410	570	150	510	710	830	830	150	950	670	390	850	240	380	630	320	220	950	850	390	630	910	830	390	510	660	280	720	880	810	720	950	770	960	660	310	630	440	380	700	400	460	980	850	520	360	430	880	790	580	820	750	830	720	520	260	160	550	340	820	590	140	930	390	500	140	160	970	470	590	380	530	310	460	540	790	600	630	360	360	900	590	220	390	610	270	870	100	830	850	290	860	320	880	880	410	770	720	960	190	830	500	460	570	940	940	220	170	530	810	240	250	770	700	720	180	640	640	210	290	650	150	250	570	870	490	990	660	880	640	570	550	690	570	750	260	950	930	860	590	960	1000	290	460	480	220	980	160	890	510	380	630	700	670	110	350	100	660	890	840	950	
100
