4455
100
3
90
0	0	0	0	0	0	0	0	0	0	0	0	0	0	0	0	0	0	0	0	0	0	0	0	0	0	0	0	0	48	0	0	0	48	0	0	0	0	0	0	48	0	0	0	0	0	0	0	0	0	0	0	0	0	0	0	0	0	0	0	0	0	0	0	0	0	0	0	0	0	0	0	0	0	0	0	0	0	0	0	0	0	0	0	0	0	0	0	0	0	0	0	0	0	0	0	0	0	0	0	
0	0	0	0	0	0	0	0	0	0	48	0	0	0	0	0	0	0	0	0	0	0	0	0	0	0	0	0	0	0	0	0	0	0	0	0	0	0	0	0	0	48	0	0	0	0	0	0	0	0	0	0	0	0	0	0	0	0	0	0	0	0	0	0	0	0	0	0	0	0	48	0	0	0	0	0	0	0	0	0	0	0	0	0	0	0	0	0	0	0	0	0	0	0	0	0	0	0	0	0	
0	0	0	0	0	0	0	0	0	0	0	0	0	0	0	0	0	0	0	0	0	0	0	0	0	0	0	0	0	0	0	0	0	0	0	0	0	0	0	0	0	0	0	48	0	0	0	0	0	0	0	0	0	0	0	0	48	0	0	0	0	0	0	0	0	48	0	0	0	0	0	0	0	0	0	0	0	0	0	0	0	0	0	0	0	0	0	0	0	0	0	0	0	0	0	0	0	0	0	0	
0	0	0	0	0	0	0	0	0	0	0	0	0	0	0	0	0	0	0	0	0	0	0	0	0	0	0	0	0	0	0	0	0	0	0	0	0	48	0	0	0	0	0	0	0	0	0	0	0	0	0	0	0	0	0	0	0	0	0	0	0	0	0	0	0	0	0	0	0	0	0	0	0	0	0	0	0	0	0	0	0	0	0	0	0	48	0	0	0	0	0	0	0	0	0	48	0	0	0	0	
0	0	0	0	0	0	0	0	0	0	0	0	0	0	0	0	0	0	0	0	0	0	48	0	0	0	0	0	0	0	0	0	0	0	0	0	0	0	0	48	0	0	0	0	48	0	0	0	0	0	0	0	0	0	0	0	0	0	0	0	0	0	0	0	0	0	0	0	0	0	0	0	0	0	0	0	0	0	0	0	0	0	0	0	0	0	0	0	0	0	0	0	0	0	0	0	0	0	0	0	
0	0	0	0	0	0	0	0	0	0	0	0	0	0	0	0	0	0	0	0	0	48	0	0	0	0	0	48	0	0	0	0	0	0	0	0	0	0	0	0	0	0	0	0	0	0	0	0	0	0	0	0	0	0	0	0	0	0	0	0	0	0	0	0	0	0	0	0	0	0	48	0	0	0	0	0	0	0	0	0	0	0	0	0	0	0	0	0	0	0	0	0	0	0	0	0	0	0	0	0	
0	0	0	0	0	0	0	0	0	0	0	0	0	0	0	0	0	0	0	0	0	0	0	0	0	0	0	0	0	0	0	0	0	0	0	0	0	0	0	0	0	0	0	0	0	0	0	0	0	0	0	0	0	0	0	0	0	0	48	0	0	0	0	0	48	0	0	0	0	0	0	48	0	0	0	0	0	0	0	0	0	0	0	0	0	0	0	0	0	0	0	0	0	0	0	0	0	0	0	0	
0	0	0	0	0	0	0	0	0	0	0	0	0	0	0	0	0	0	0	0	0	0	0	0	0	0	0	0	0	0	0	0	0	0	0	0	0	0	0	0	0	0	0	0	0	0	0	0	0	0	0	0	0	0	0	0	0	0	48	0	0	0	0	0	0	0	0	0	0	0	0	48	0	0	0	0	0	0	48	0	0	0	0	0	0	0	0	0	0	0	0	0	0	0	0	0	0	0	0	0	
0	0	0	0	0	0	0	0	0	0	0	0	0	0	0	0	0	0	0	0	0	0	0	0	0	0	0	0	0	0	0	0	0	0	0	0	0	0	0	0	0	0	0	0	0	0	0	0	0	0	0	0	0	48	0	0	0	0	48	0	0	0	0	0	0	0	0	0	0	0	0	48	0	0	0	0	0	0	0	0	0	0	0	0	0	0	0	0	0	0	0	0	0	0	0	0	0	0	0	0	
0	0	0	0	0	0	0	0	0	0	0	0	0	0	0	0	0	0	0	0	0	0	0	0	0	0	0	0	0	0	0	48	0	0	0	48	0	0	0	0	48	0	0	0	0	0	0	0	0	0	0	0	0	0	0	0	0	0	0	0	0	0	0	0	0	0	0	0	0	0	0	0	0	0	0	0	0	0	0	0	0	0	0	0	0	0	0	0	0	0	0	0	0	0	0	0	0	0	0	0	
0	48	0	0	0	0	0	0	0	0	0	0	0	0	0	0	0	0	0	0	0	0	0	0	0	0	0	0	0	0	0	0	0	0	0	0	0	0	0	0	0	48	0	0	0	0	0	0	0	0	0	0	0	0	0	0	0	0	0	0	0	0	0	0	0	0	0	0	0	0	48	0	0	0	0	0	0	0	0	0	0	0	0	0	0	0	0	0	0	0	0	0	0	0	0	0	0	0	0	0	
0	0	0	0	0	0	0	0	0	0	0	0	0	0	0	0	0	0	0	0	0	0	0	0	0	0	48	0	0	0	0	0	0	48	0	0	0	0	48	0	0	0	0	0	0	0	0	0	0	0	0	0	0	0	0	0	0	0	0	0	0	0	0	0	0	0	0	0	0	0	0	0	0	0	0	0	0	0	0	0	0	0	0	0	0	0	0	0	0	0	0	0	0	0	0	0	0	0	0	0	
0	0	0	0	0	0	0	0	0	0	0	0	0	0	0	0	0	0	0	0	0	0	0	0	0	0	0	0	0	0	0	0	0	0	0	0	0	0	0	0	0	0	0	48	0	0	0	0	0	0	0	0	0	0	0	0	48	0	0	0	0	0	0	0	0	0	0	0	0	0	0	0	0	0	0	0	0	0	0	0	0	0	0	0	48	0	0	0	0	0	0	0	0	0	0	0	0	0	0	0	
0	0	0	0	0	0	0	0	0	0	0	0	0	0	0	0	0	0	0	0	0	0	0	0	0	0	0	0	0	0	0	0	0	0	0	0	0	0	0	0	0	0	0	0	0	0	0	0	0	0	0	0	0	48	0	0	0	0	0	0	0	0	0	0	0	0	0	0	0	0	0	0	0	0	0	0	0	0	0	0	48	0	0	0	0	0	0	0	0	0	0	48	0	0	0	0	0	0	0	0	
0	0	0	0	0	0	0	0	0	0	0	0	0	0	0	0	0	0	0	0	0	0	0	0	0	48	0	0	0	0	0	0	0	0	0	0	0	0	0	0	0	0	0	0	0	48	0	0	0	48	0	0	0	0	0	0	0	0	0	0	0	0	0	0	0	0	0	0	0	0	0	0	0	0	0	0	0	0	0	0	0	0	0	0	0	0	0	0	0	0	0	0	0	0	0	0	0	0	0	0	
0	0	0	0	0	0	0	0	0	0	0	0	0	0	0	0	0	0	0	0	0	0	0	0	0	0	0	0	0	0	0	0	0	0	0	0	0	0	0	0	0	0	0	0	0	0	0	0	0	0	0	0	0	0	0	48	0	0	0	0	0	0	0	0	0	0	0	0	0	0	0	0	0	0	0	0	0	0	0	0	0	0	0	0	0	0	0	0	0	0	0	48	0	0	48	0	0	0	0	0	
0	0	0	0	0	0	0	0	0	0	0	0	0	0	0	0	0	0	0	0	0	0	0	0	0	0	0	0	0	0	0	48	0	0	0	0	0	0	0	0	0	0	0	0	0	0	0	0	0	0	0	0	0	0	0	0	0	0	0	0	0	0	0	0	0	0	0	0	48	0	0	0	0	0	0	0	48	0	0	0	0	0	0	0	0	0	0	0	0	0	0	0	0	0	0	0	0	0	0	0	
0	0	0	0	0	0	0	0	0	0	0	0	0	0	0	0	0	0	0	0	0	0	0	0	0	0	0	0	0	0	0	0	0	0	0	0	0	0	0	0	0	0	0	0	0	0	0	0	0	0	0	0	0	0	0	0	0	0	0	0	0	0	0	0	48	0	0	0	0	0	0	0	0	0	48	0	0	0	0	0	0	0	0	0	0	0	0	0	0	0	48	0	0	0	0	0	0	0	0	0	
0	0	0	0	0	0	0	0	0	0	0	0	0	0	0	0	0	0	0	0	0	0	0	0	0	0	0	0	0	0	0	0	0	0	0	0	0	0	0	0	0	0	0	0	0	0	0	0	0	0	0	0	0	48	0	0	0	0	0	0	0	0	0	0	48	0	0	0	0	0	0	0	0	0	48	0	0	0	0	0	0	0	0	0	0	0	0	0	0	0	0	0	0	0	0	0	0	0	0	0	
0	0	0	0	0	0	0	0	0	0	0	0	0	0	0	0	0	0	0	0	0	0	0	48	0	0	0	0	0	0	0	0	0	0	0	0	0	0	0	0	0	0	0	0	0	0	0	0	0	0	0	48	0	0	0	0	0	0	0	0	0	0	0	0	0	0	0	0	0	48	0	0	0	0	0	0	0	0	0	0	0	0	0	0	0	0	0	0	0	0	0	0	0	0	0	0	0	0	0	0	
0	0	0	0	0	0	0	0	0	0	0	0	0	0	0	0	0	0	0	0	0	0	0	0	0	0	0	0	0	0	0	0	0	0	0	0	0	0	0	0	0	0	0	0	0	0	0	0	0	0	0	48	0	0	0	0	0	0	0	0	0	0	0	0	0	0	0	0	0	0	0	0	0	0	0	0	0	0	0	48	0	0	0	0	0	0	0	0	0	48	0	0	0	0	0	0	0	0	0	0	
0	0	0	0	0	48	0	0	0	0	0	0	0	0	0	0	0	0	0	0	0	0	0	0	0	0	48	48	0	0	0	0	0	0	0	0	0	0	0	0	0	0	0	0	0	0	0	0	0	0	0	0	0	0	0	0	0	0	0	0	0	0	0	0	0	0	0	0	0	0	0	0	0	0	0	0	0	0	0	0	0	0	0	0	0	0	0	0	0	0	0	0	0	0	0	0	0	0	0	0	
0	0	0	0	48	0	0	0	0	0	0	0	0	0	0	0	0	0	0	0	0	0	0	0	0	0	0	0	0	0	0	0	0	0	0	0	0	0	0	48	0	0	0	0	0	0	0	0	0	0	0	0	0	0	0	0	0	0	0	0	0	0	48	0	0	0	0	0	0	0	0	0	0	0	0	0	0	0	0	0	0	0	0	0	0	0	0	0	0	0	0	0	0	0	0	0	0	0	0	0	
0	0	0	0	0	0	0	0	0	0	0	0	0	0	0	0	0	0	0	48	0	0	0	0	0	0	0	0	0	0	0	0	0	0	48	0	0	0	0	0	0	0	0	0	0	0	0	0	48	0	0	0	0	0	0	0	0	0	0	0	0	0	0	0	0	0	0	0	0	0	0	0	0	0	0	0	0	0	0	0	0	0	0	0	0	0	0	0	0	0	0	0	0	0	0	0	0	0	0	0	
0	0	0	0	0	0	0	0	0	0	0	0	0	0	0	0	0	0	0	0	0	0	0	0	0	0	0	0	0	0	0	0	0	0	0	0	0	0	0	0	0	0	0	0	0	0	0	0	0	0	0	0	0	0	0	0	0	0	0	0	0	0	0	0	0	0	0	0	0	0	0	0	0	0	0	0	0	0	48	48	0	0	0	0	0	0	0	0	0	48	0	0	0	0	0	0	0	0	0	0	
0	0	0	0	0	0	0	0	0	0	0	0	0	0	48	0	0	0	0	0	0	0	0	0	0	0	0	0	0	0	0	0	0	0	0	0	0	0	0	0	0	0	0	0	0	0	0	0	0	48	0	0	0	0	0	0	0	0	0	0	0	0	0	0	0	0	0	0	0	0	0	0	48	0	0	0	0	0	0	0	0	0	0	0	0	0	0	0	0	0	0	0	0	0	0	0	0	0	0	0	
0	0	0	0	0	0	0	0	0	0	0	48	0	0	0	0	0	0	0	0	0	48	0	0	0	0	0	0	0	0	0	0	0	0	0	0	0	0	0	0	0	0	0	0	0	0	0	0	0	0	0	0	0	0	0	0	0	0	0	0	0	0	0	0	0	0	0	0	0	0	0	0	0	0	0	0	0	0	0	0	0	0	0	0	0	0	0	0	0	0	0	0	0	0	0	0	0	0	0	48	
0	0	0	0	0	48	0	0	0	0	0	0	0	0	0	0	0	0	0	0	0	48	0	0	0	0	0	0	0	0	0	0	0	0	0	0	0	0	0	0	0	48	0	0	0	0	0	0	0	0	0	0	0	0	0	0	0	0	0	0	0	0	0	0	0	0	0	0	0	0	0	0	0	0	0	0	0	0	0	0	0	0	0	0	0	0	0	0	0	0	0	0	0	0	0	0	0	0	0	0	
0	0	0	0	0	0	0	0	0	0	0	0	0	0	0	0	0	0	0	0	0	0	0	0	0	0	0	0	0	0	0	0	0	0	0	0	0	0	0	0	0	0	0	0	0	0	0	0	0	0	0	0	0	0	0	0	0	48	0	0	0	0	0	0	0	0	0	0	0	0	0	0	0	0	0	0	0	0	0	0	0	48	0	48	0	0	0	0	0	0	0	0	0	0	0	0	0	0	0	0	
48	0	0	0	0	0	0	0	0	0	0	0	0	0	0	0	0	0	0	0	0	0	0	0	0	0	0	0	0	0	0	0	0	48	0	0	0	0	0	0	0	0	0	0	0	0	0	0	0	0	0	0	0	0	0	0	0	0	0	0	0	48	0	0	0	0	0	0	0	0	0	0	0	0	0	0	0	0	0	0	0	0	0	0	0	0	0	0	0	0	0	0	0	0	0	0	0	0	0	0	
0	0	0	0	0	0	0	0	0	0	0	0	0	0	0	0	0	0	0	0	0	0	0	0	0	0	0	0	0	0	0	0	0	0	0	0	0	0	0	0	0	0	0	0	0	0	0	48	0	0	0	0	0	0	0	0	0	0	0	0	0	0	0	0	0	0	0	48	0	0	0	0	0	0	0	0	0	0	0	0	0	0	48	0	0	0	0	0	0	0	0	0	0	0	0	0	0	0	0	0	
0	0	0	0	0	0	0	0	0	48	0	0	0	0	0	0	48	0	0	0	0	0	0	0	0	0	0	0	0	0	0	0	0	0	0	0	0	0	0	0	0	0	0	0	0	0	0	0	0	0	0	0	0	0	0	0	0	0	0	0	0	0	0	0	0	0	0	0	48	0	0	0	0	0	0	0	0	0	0	0	0	0	0	0	0	0	0	0	0	0	0	0	0	0	0	0	0	0	0	0	
0	0	0	0	0	0	0	0	0	0	0	0	0	0	0	0	0	0	0	0	0	0	0	0	0	0	0	0	0	0	0	0	0	0	0	0	0	0	0	0	0	0	0	0	0	48	0	0	0	0	0	0	0	0	0	0	0	0	0	48	0	0	48	0	0	0	0	0	0	0	0	0	0	0	0	0	0	0	0	0	0	0	0	0	0	0	0	0	0	0	0	0	0	0	0	0	0	0	0	0	
48	0	0	0	0	0	0	0	0	0	0	48	0	0	0	0	0	0	0	0	0	0	0	0	0	0	0	0	0	48	0	0	0	0	0	0	0	0	0	0	0	0	0	0	0	0	0	0	0	0	0	0	0	0	0	0	0	0	0	0	0	0	0	0	0	0	0	0	0	0	0	0	0	0	0	0	0	0	0	0	0	0	0	0	0	0	0	0	0	0	0	0	0	0	0	0	0	0	0	0	
0	0	0	0	0	0	0	0	0	0	0	0	0	0	0	0	0	0	0	0	0	0	0	48	0	0	0	0	0	0	0	0	0	0	0	0	0	0	0	0	0	0	0	0	0	0	0	0	48	0	0	0	0	0	0	0	0	0	0	0	0	0	0	0	0	0	0	0	0	48	0	0	0	0	0	0	0	0	0	0	0	0	0	0	0	0	0	0	0	0	0	0	0	0	0	0	0	0	0	0	
0	0	0	0	0	0	0	0	0	48	0	0	0	0	0	0	0	0	0	0	0	0	0	0	0	0	0	0	0	0	0	0	0	0	0	0	0	0	0	0	48	0	0	0	0	0	0	0	0	0	0	0	0	0	0	0	0	0	0	0	0	48	0	0	0	0	0	0	0	0	0	0	0	0	0	0	0	0	0	0	0	0	0	0	0	0	0	0	0	0	0	0	0	0	0	0	0	0	0	0	
0	0	0	0	0	0	0	0	0	0	0	0	0	0	0	0	0	0	0	0	0	0	0	0	0	0	0	0	0	0	0	0	0	0	0	0	0	48	0	0	0	0	0	48	0	0	0	0	0	0	0	0	0	0	0	0	0	0	0	0	0	0	0	0	0	0	0	0	0	0	0	0	0	0	0	0	0	0	0	0	0	0	0	0	0	48	0	0	0	0	0	0	0	0	0	0	0	0	0	0	
0	0	0	48	0	0	0	0	0	0	0	0	0	0	0	0	0	0	0	0	0	0	0	0	0	0	0	0	0	0	0	0	0	0	0	0	48	0	0	0	0	0	0	0	0	0	0	0	0	0	0	0	0	0	0	0	0	0	0	0	0	0	0	0	0	0	0	0	0	0	0	0	0	0	0	0	0	0	0	0	0	0	0	0	0	0	0	0	0	0	0	0	0	0	0	48	0	0	0	0	
0	0	0	0	0	0	0	0	0	0	0	48	0	0	0	0	0	0	0	0	0	0	0	0	0	0	0	0	0	0	0	0	0	0	0	0	0	0	0	0	0	0	0	0	0	0	0	0	0	0	48	0	0	0	0	0	0	0	0	0	0	0	0	0	0	0	0	48	0	0	0	0	0	0	0	0	0	0	0	0	0	0	0	0	0	0	0	0	0	0	0	0	0	0	0	0	0	0	0	0	
0	0	0	0	48	0	0	0	0	0	0	0	0	0	0	0	0	0	0	0	0	0	48	0	0	0	0	0	0	0	0	0	0	0	0	0	0	0	0	0	0	0	0	0	0	0	0	0	0	0	0	0	0	0	0	0	0	0	0	48	0	0	0	0	0	0	0	0	0	0	0	0	0	0	0	0	0	0	0	0	0	0	0	0	0	0	0	0	0	0	0	0	0	0	0	0	0	0	0	0	
48	0	0	0	0	0	0	0	0	48	0	0	0	0	0	0	0	0	0	0	0	0	0	0	0	0	0	0	0	0	0	0	0	0	0	48	0	0	0	0	0	0	0	0	0	0	0	0	0	0	0	0	0	0	0	0	0	0	0	0	0	0	0	0	0	0	0	0	0	0	0	0	0	0	0	0	0	0	0	0	0	0	0	0	0	0	0	0	0	0	0	0	0	0	0	0	0	0	0	0	
0	48	0	0	0	0	0	0	0	0	48	0	0	0	0	0	0	0	0	0	0	0	0	0	0	0	0	48	0	0	0	0	0	0	0	0	0	0	0	0	0	0	0	0	0	0	0	0	0	0	0	0	0	0	0	0	0	0	0	0	0	0	0	0	0	0	0	0	0	0	0	0	0	0	0	0	0	0	0	0	0	0	0	0	0	0	0	0	0	0	0	0	0	0	0	0	0	0	0	0	
0	0	0	0	0	0	0	0	0	0	0	0	0	0	0	0	0	0	0	0	0	0	0	0	0	0	0	0	0	0	0	0	0	0	0	0	0	0	0	0	0	0	0	0	0	0	0	0	0	0	0	0	0	0	0	0	0	0	0	0	0	0	0	0	0	0	0	0	0	0	0	0	0	0	48	0	48	0	0	0	0	0	0	0	0	0	0	0	0	0	48	0	0	0	0	0	0	0	0	0	
0	0	48	0	0	0	0	0	0	0	0	0	48	0	0	0	0	0	0	0	0	0	0	0	0	0	0	0	0	0	0	0	0	0	0	0	48	0	0	0	0	0	0	0	0	0	0	0	0	0	0	0	0	0	0	0	0	0	0	0	0	0	0	0	0	0	0	0	0	0	0	0	0	0	0	0	0	0	0	0	0	0	0	0	0	0	0	0	0	0	0	0	0	0	0	0	0	0	0	0	
0	0	0	0	48	0	0	0	0	0	0	0	0	0	0	0	0	0	0	0	0	0	0	0	0	0	0	0	0	0	0	0	0	0	0	0	0	0	0	0	0	0	0	0	0	0	0	0	0	0	0	0	48	0	0	0	0	0	0	0	0	0	0	0	0	0	0	0	0	0	0	0	0	0	0	0	0	0	0	0	0	0	0	48	0	0	0	0	0	0	0	0	0	0	0	0	0	0	0	0	
0	0	0	0	0	0	0	0	0	0	0	0	0	0	48	0	0	0	0	0	0	0	0	0	0	0	0	0	0	0	0	0	48	0	0	0	0	0	0	0	0	0	0	0	0	0	0	0	0	48	0	0	0	0	0	0	0	0	0	0	0	0	0	0	0	0	0	0	0	0	0	0	0	0	0	0	0	0	0	0	0	0	0	0	0	0	0	0	0	0	0	0	0	0	0	0	0	0	0	0	
0	0	0	0	0	0	0	0	0	0	0	0	0	0	0	0	0	0	0	0	0	0	0	0	0	0	0	0	0	0	0	0	0	0	0	0	0	0	0	0	0	0	0	0	0	0	0	0	0	0	0	0	0	0	0	0	0	0	0	0	0	0	0	0	0	0	0	0	48	0	0	0	0	0	0	0	0	0	0	0	0	0	0	0	48	0	0	0	0	0	48	0	0	0	0	0	0	0	0	0	
0	0	0	0	0	0	0	0	0	0	0	0	0	0	0	0	0	0	0	0	0	0	0	0	0	0	0	0	0	0	48	0	0	0	0	0	0	0	0	0	0	0	0	0	0	0	0	0	0	0	0	0	0	0	0	0	0	0	0	0	0	0	0	0	0	0	0	0	0	0	0	0	0	0	0	0	0	0	0	0	0	0	48	0	0	0	0	0	0	0	0	0	0	0	0	0	0	48	0	0	
0	0	0	0	0	0	0	0	0	0	0	0	0	0	0	0	0	0	0	0	0	0	0	48	0	0	0	0	0	0	0	0	0	0	48	0	0	0	0	0	0	0	0	0	0	0	0	0	0	0	0	0	0	0	0	0	0	0	0	0	0	0	0	0	0	0	0	0	0	48	0	0	0	0	0	0	0	0	0	0	0	0	0	0	0	0	0	0	0	0	0	0	0	0	0	0	0	0	0	0	
0	0	0	0	0	0	0	0	0	0	0	0	0	0	48	0	0	0	0	0	0	0	0	0	0	48	0	0	0	0	0	0	0	0	0	0	0	0	0	0	0	0	0	0	0	48	0	0	0	0	0	0	0	0	0	0	0	0	0	0	0	0	0	0	0	0	0	0	0	0	0	0	0	0	0	0	0	0	0	0	0	0	0	0	0	0	0	0	0	0	0	0	0	0	0	0	0	0	0	0	
0	0	0	0	0	0	0	0	0	0	0	0	0	0	0	0	0	0	0	0	0	0	0	0	0	0	0	0	0	0	0	0	0	0	0	0	0	0	48	0	0	0	0	0	0	0	0	0	0	0	0	0	0	0	0	0	0	0	0	0	0	48	0	0	0	0	0	48	0	0	0	0	0	0	0	0	0	0	0	0	0	0	0	0	0	0	0	0	0	0	0	0	0	0	0	0	0	0	0	0	
0	0	0	0	0	0	0	0	0	0	0	0	0	0	0	0	0	0	0	48	48	0	0	0	0	0	0	0	0	0	0	0	0	0	0	0	0	0	0	0	0	0	0	0	0	0	0	0	0	0	0	0	0	0	0	0	0	0	0	0	0	0	0	0	0	0	0	0	0	0	0	0	0	0	0	0	0	0	0	0	0	0	0	0	0	0	0	0	0	48	0	0	0	0	0	0	0	0	0	0	
0	0	0	0	0	0	0	0	0	0	0	0	0	0	0	0	0	0	0	0	0	0	0	0	0	0	0	0	0	0	0	0	0	0	0	0	0	0	0	0	0	0	0	0	48	0	0	0	0	0	0	0	0	0	0	0	0	48	0	0	0	0	0	0	0	0	0	0	0	0	0	0	0	0	0	0	0	0	0	0	0	0	0	48	0	0	0	0	0	0	0	0	0	0	0	0	0	0	0	0	
0	0	0	0	0	0	0	0	48	0	0	0	0	48	0	0	0	0	48	0	0	0	0	0	0	0	0	0	0	0	0	0	0	0	0	0	0	0	0	0	0	0	0	0	0	0	0	0	0	0	0	0	0	0	0	0	0	0	0	0	0	0	0	0	0	0	0	0	0	0	0	0	0	0	0	0	0	0	0	0	0	0	0	0	0	0	0	0	0	0	0	0	0	0	0	0	0	0	0	0	
0	0	0	0	0	0	0	0	0	0	0	0	0	0	0	0	0	0	0	0	0	0	0	0	0	0	0	0	0	0	0	0	0	0	0	0	0	0	0	0	0	0	0	0	0	0	0	0	0	0	0	0	0	0	0	48	0	0	0	0	0	0	0	0	0	0	0	0	0	0	0	0	48	48	0	0	0	0	0	0	0	0	0	0	0	0	0	0	0	0	0	0	0	0	0	0	0	0	0	0	
0	0	0	0	0	0	0	0	0	0	0	0	0	0	0	48	0	0	0	0	0	0	0	0	0	0	0	0	0	0	0	0	0	0	0	0	0	0	0	0	0	0	0	0	0	0	0	0	0	0	0	0	0	0	48	0	0	0	0	0	0	0	0	0	0	0	0	0	0	0	0	0	0	48	0	0	0	0	0	0	0	0	0	0	0	0	0	0	0	0	0	0	0	0	0	0	0	0	0	0	
0	0	48	0	0	0	0	0	0	0	0	0	48	0	0	0	0	0	0	0	0	0	0	0	0	0	0	0	0	0	0	0	0	0	0	0	0	0	0	0	0	0	0	0	0	0	0	0	0	0	0	0	0	0	0	0	0	0	0	0	0	0	0	0	0	0	0	0	0	0	0	0	0	0	0	0	0	0	0	0	0	0	0	0	48	0	0	0	0	0	0	0	0	0	0	0	0	0	0	0	
0	0	0	0	0	0	0	0	0	0	0	0	0	0	0	0	0	0	0	0	0	0	0	0	0	0	0	0	48	0	0	0	0	0	0	0	0	0	0	0	0	0	0	0	0	0	0	0	0	0	0	0	48	0	0	0	0	0	0	0	0	0	0	0	0	0	48	0	0	0	0	0	0	0	0	0	0	0	0	0	0	0	0	0	0	0	0	0	0	0	0	0	0	0	0	0	0	0	0	0	
0	0	0	0	0	0	48	48	48	0	0	0	0	0	0	0	0	0	0	0	0	0	0	0	0	0	0	0	0	0	0	0	0	0	0	0	0	0	0	0	0	0	0	0	0	0	0	0	0	0	0	0	0	0	0	0	0	0	0	0	0	0	0	0	0	0	0	0	0	0	0	0	0	0	0	0	0	0	0	0	0	0	0	0	0	0	0	0	0	0	0	0	0	0	0	0	0	0	0	0	
0	0	0	0	0	0	0	0	0	0	0	0	0	0	0	0	0	0	0	0	0	0	0	0	0	0	0	0	0	0	0	0	48	0	0	0	0	0	0	48	0	0	0	0	0	0	0	0	0	0	0	0	0	0	0	0	0	0	0	0	0	0	48	0	0	0	0	0	0	0	0	0	0	0	0	0	0	0	0	0	0	0	0	0	0	0	0	0	0	0	0	0	0	0	0	0	0	0	0	0	
0	0	0	0	0	0	0	0	0	0	0	0	0	0	0	0	0	0	0	0	0	0	0	0	0	0	0	0	0	0	0	0	0	0	0	0	0	0	0	0	0	0	0	0	0	0	0	0	0	0	0	0	0	0	0	0	0	0	0	0	0	0	0	48	0	0	0	0	0	0	0	0	0	0	0	0	0	0	0	0	0	0	0	0	0	0	0	0	48	0	0	0	48	0	0	0	0	0	0	0	
0	0	0	0	0	0	0	0	0	0	0	0	0	0	0	0	0	0	0	0	0	0	0	0	0	0	0	0	0	48	0	0	0	0	0	48	0	0	0	0	0	0	0	0	0	0	0	0	0	0	48	0	0	0	0	0	0	0	0	0	0	0	0	0	0	0	0	0	0	0	0	0	0	0	0	0	0	0	0	0	0	0	0	0	0	0	0	0	0	0	0	0	0	0	0	0	0	0	0	0	
0	0	0	0	0	0	0	0	0	0	0	0	0	0	0	0	0	0	0	0	0	0	48	0	0	0	0	0	0	0	0	0	48	0	0	0	0	0	0	0	0	0	0	0	0	0	0	0	0	0	0	0	0	0	0	0	0	0	0	48	0	0	0	0	0	0	0	0	0	0	0	0	0	0	0	0	0	0	0	0	0	0	0	0	0	0	0	0	0	0	0	0	0	0	0	0	0	0	0	0	
0	0	0	0	0	0	0	0	0	0	0	0	0	0	0	0	0	0	0	0	0	0	0	0	0	0	0	0	0	0	0	0	0	0	0	0	0	0	0	0	0	0	0	0	0	0	0	0	0	0	0	0	0	0	0	0	0	0	0	0	48	0	0	0	0	0	0	0	0	0	0	0	0	0	0	0	0	0	0	0	0	0	0	0	0	0	0	0	48	0	0	0	48	0	0	0	0	0	0	0	
0	0	0	0	0	0	48	0	0	0	0	0	0	0	0	0	0	48	48	0	0	0	0	0	0	0	0	0	0	0	0	0	0	0	0	0	0	0	0	0	0	0	0	0	0	0	0	0	0	0	0	0	0	0	0	0	0	0	0	0	0	0	0	0	0	0	0	0	0	0	0	0	0	0	0	0	0	0	0	0	0	0	0	0	0	0	0	0	0	0	0	0	0	0	0	0	0	0	0	0	
0	0	48	0	0	0	0	0	0	0	0	0	0	0	0	0	0	0	0	0	0	0	0	0	0	0	0	0	0	0	0	0	0	0	0	0	0	0	0	0	0	0	0	0	0	0	0	0	0	0	0	0	0	0	0	0	0	0	0	0	0	0	0	0	0	0	0	0	0	0	0	0	0	0	0	0	0	0	0	0	0	0	0	0	0	48	0	0	0	0	0	0	0	0	0	48	0	0	0	0	
0	0	0	0	0	0	0	0	0	0	0	0	0	0	0	0	0	0	0	0	0	0	0	0	0	0	0	0	0	0	0	0	0	0	0	0	0	0	0	0	0	0	0	0	0	0	0	0	0	0	0	0	0	0	0	0	0	48	0	0	0	0	0	0	0	0	0	0	0	0	0	0	0	0	0	0	0	48	0	0	0	48	0	0	0	0	0	0	0	0	0	0	0	0	0	0	0	0	0	0	
0	0	0	0	0	0	0	0	0	0	0	0	0	0	0	0	0	0	0	0	0	0	0	0	0	0	0	0	0	0	48	0	0	0	0	0	0	0	48	0	0	0	0	0	0	0	0	0	0	0	48	0	0	0	0	0	0	0	0	0	0	0	0	0	0	0	0	0	0	0	0	0	0	0	0	0	0	0	0	0	0	0	0	0	0	0	0	0	0	0	0	0	0	0	0	0	0	0	0	0	
0	0	0	0	0	0	0	0	0	0	0	0	0	0	0	0	48	0	0	0	0	0	0	0	0	0	0	0	0	0	0	48	0	0	0	0	0	0	0	0	0	0	0	0	0	0	48	0	0	0	0	0	0	0	0	0	0	0	0	0	0	0	0	0	0	0	0	0	0	0	0	0	0	0	0	0	0	0	0	0	0	0	0	0	0	0	0	0	0	0	0	0	0	0	0	0	0	0	0	0	
0	0	0	0	0	0	0	0	0	0	0	0	0	0	0	0	0	0	0	48	0	0	0	0	0	0	0	0	0	0	0	0	0	0	48	0	0	0	0	0	0	0	0	0	0	0	0	0	48	0	0	0	0	0	0	0	0	0	0	0	0	0	0	0	0	0	0	0	0	0	0	0	0	0	0	0	0	0	0	0	0	0	0	0	0	0	0	0	0	0	0	0	0	0	0	0	0	0	0	0	
0	48	0	0	0	48	0	0	0	0	48	0	0	0	0	0	0	0	0	0	0	0	0	0	0	0	0	0	0	0	0	0	0	0	0	0	0	0	0	0	0	0	0	0	0	0	0	0	0	0	0	0	0	0	0	0	0	0	0	0	0	0	0	0	0	0	0	0	0	0	0	0	0	0	0	0	0	0	0	0	0	0	0	0	0	0	0	0	0	0	0	0	0	0	0	0	0	0	0	0	
0	0	0	0	0	0	48	48	48	0	0	0	0	0	0	0	0	0	0	0	0	0	0	0	0	0	0	0	0	0	0	0	0	0	0	0	0	0	0	0	0	0	0	0	0	0	0	0	0	0	0	0	0	0	0	0	0	0	0	0	0	0	0	0	0	0	0	0	0	0	0	0	0	0	0	0	0	0	0	0	0	0	0	0	0	0	0	0	0	0	0	0	0	0	0	0	0	0	0	0	
0	0	0	0	0	0	0	0	0	0	0	0	0	0	0	0	0	0	0	0	0	0	0	0	0	48	0	0	0	0	0	0	0	0	0	0	0	0	0	0	0	0	0	0	0	0	0	0	0	0	0	0	0	0	48	0	0	0	0	0	0	0	0	0	0	0	0	0	0	0	0	0	0	0	0	0	0	0	0	0	0	0	0	0	0	0	0	0	0	0	0	0	0	0	48	0	0	0	0	0	
0	0	0	0	0	0	0	0	0	0	0	0	0	0	0	0	0	0	0	0	0	0	0	0	0	0	0	0	0	0	0	0	0	0	0	0	0	0	0	0	0	0	0	0	0	0	0	0	0	0	0	0	0	0	48	48	0	0	0	0	0	0	0	0	0	0	0	0	0	0	0	0	0	0	0	0	0	0	0	0	0	0	0	0	0	0	0	0	0	0	0	0	0	48	0	0	0	0	0	0	
0	0	0	0	0	0	0	0	0	0	0	0	0	0	0	0	0	48	48	0	0	0	0	0	0	0	0	0	0	0	0	0	0	0	0	0	0	0	0	0	0	0	48	0	0	0	0	0	0	0	0	0	0	0	0	0	0	0	0	0	0	0	0	0	0	0	0	0	0	0	0	0	0	0	0	0	0	0	0	0	0	0	0	0	0	0	0	0	0	0	0	0	0	0	0	0	0	0	0	0	
0	0	0	0	0	0	0	0	0	0	0	0	0	0	0	0	0	0	0	0	0	0	0	0	0	0	0	0	0	0	0	0	0	0	0	0	0	0	0	0	0	0	0	0	0	0	0	0	0	0	0	0	0	0	0	0	0	0	0	0	0	0	0	0	0	0	0	0	0	0	0	0	0	0	0	0	0	0	0	0	0	48	0	0	0	0	0	0	0	0	0	0	0	0	0	0	48	0	48	0	
0	0	0	0	0	0	0	0	0	0	0	0	0	0	0	0	48	0	0	0	0	0	0	0	0	0	0	0	0	0	0	0	0	0	0	0	0	0	0	0	0	0	48	0	0	0	0	0	0	0	0	0	0	0	0	0	0	0	0	0	0	0	0	0	0	0	0	0	0	0	0	0	0	0	0	0	0	48	0	0	0	0	0	0	0	0	0	0	0	0	0	0	0	0	0	0	0	0	0	0	
0	0	0	0	0	0	0	0	0	0	0	0	0	0	0	0	0	0	0	0	0	0	0	0	0	0	0	0	0	0	0	0	0	0	0	0	0	0	0	0	0	0	0	0	0	0	0	0	0	0	0	0	0	0	0	0	0	0	0	0	0	0	0	0	0	0	48	0	0	0	0	0	0	0	0	0	48	0	0	0	0	0	0	0	0	0	0	0	0	0	0	48	0	0	0	0	0	0	0	0	
0	0	0	0	0	0	0	48	0	0	0	0	0	0	0	0	0	0	0	0	0	0	0	0	48	0	0	0	0	0	0	0	0	0	0	0	0	0	0	0	0	0	0	0	0	0	0	0	0	0	0	0	0	0	0	0	0	0	0	0	0	0	0	0	0	0	0	0	0	0	0	0	0	0	0	0	0	0	0	48	0	0	0	0	0	0	0	0	0	0	0	0	0	0	0	0	0	0	0	0	
0	0	0	0	0	0	0	0	0	0	0	0	0	0	0	0	0	0	0	0	48	0	0	0	48	0	0	0	0	0	0	0	0	0	0	0	0	0	0	0	0	0	0	0	0	0	0	0	0	0	0	0	0	0	0	0	0	0	0	0	0	0	0	0	0	0	0	0	0	0	0	0	0	0	0	0	0	0	48	0	0	0	0	0	0	0	0	0	0	0	0	0	0	0	0	0	0	0	0	0	
0	0	0	0	0	0	0	0	0	0	0	0	0	48	0	0	0	0	0	0	0	0	0	0	0	0	0	0	0	0	0	0	0	0	0	0	0	0	0	0	0	0	0	0	0	0	0	0	0	0	0	0	0	0	0	0	0	0	0	0	0	0	0	0	0	0	0	0	0	0	0	0	0	0	0	0	0	0	0	0	0	0	0	0	0	0	0	0	0	0	0	0	0	48	48	0	0	0	0	0	
0	0	0	0	0	0	0	0	0	0	0	0	0	0	0	0	0	0	0	0	0	0	0	0	0	0	0	0	48	0	0	0	0	0	0	0	0	0	0	0	0	0	0	0	0	0	0	0	0	0	0	0	0	0	0	0	0	0	0	0	0	0	0	0	0	0	48	0	0	0	0	0	0	0	0	48	0	0	0	0	0	0	0	0	0	0	0	0	0	0	0	0	0	0	0	0	0	0	0	0	
0	0	0	0	0	0	0	0	0	0	0	0	0	0	0	0	0	0	0	0	0	0	0	0	0	0	0	0	0	0	48	0	0	0	0	0	0	0	0	0	0	0	0	0	0	0	0	48	0	0	0	0	0	0	0	0	0	0	0	0	0	0	0	0	0	0	0	0	0	0	0	0	0	0	0	0	0	0	0	0	0	0	0	0	0	0	0	0	0	0	0	0	0	0	0	0	0	48	0	0	
0	0	0	0	0	0	0	0	0	0	0	0	0	0	0	0	0	0	0	0	0	0	0	0	0	0	0	0	48	0	0	0	0	0	0	0	0	0	0	0	0	0	0	0	48	0	0	0	0	0	0	0	48	0	0	0	0	0	0	0	0	0	0	0	0	0	0	0	0	0	0	0	0	0	0	0	0	0	0	0	0	0	0	0	0	0	0	0	0	0	0	0	0	0	0	0	0	0	0	0	
0	0	0	0	0	0	0	0	0	0	0	0	48	0	0	0	0	0	0	0	0	0	0	0	0	0	0	0	0	0	0	0	0	0	0	0	0	0	0	0	0	0	0	0	0	0	48	0	0	0	0	0	0	0	0	0	48	0	0	0	0	0	0	0	0	0	0	0	0	0	0	0	0	0	0	0	0	0	0	0	0	0	0	0	0	0	0	0	0	0	0	0	0	0	0	0	0	0	0	0	
0	0	0	48	0	0	0	0	0	0	0	0	0	0	0	0	0	0	0	0	0	0	0	0	0	0	0	0	0	0	0	0	0	0	0	0	48	0	0	0	0	0	0	0	0	0	0	0	0	0	0	0	0	0	0	0	0	0	0	0	0	0	0	0	0	48	0	0	0	0	0	0	0	0	0	0	0	0	0	0	0	0	0	0	0	0	0	0	0	0	0	0	0	0	0	0	0	0	0	0	
0	0	0	0	0	0	0	0	0	0	0	0	0	0	0	0	0	0	0	0	0	0	0	0	0	0	0	0	0	0	0	0	0	0	0	0	0	0	0	0	0	0	0	0	0	0	0	0	0	0	0	0	0	0	0	0	0	0	0	0	0	0	0	0	0	0	0	0	0	0	0	0	0	0	0	0	0	0	0	0	0	0	0	0	0	0	0	48	0	0	0	0	0	48	0	0	0	0	0	48	
0	0	0	0	0	0	0	0	0	0	0	0	0	0	0	0	0	0	0	0	0	0	0	0	0	0	0	0	0	0	0	0	0	0	0	0	0	0	0	0	0	0	0	0	0	0	0	0	0	0	0	0	0	0	0	0	0	0	0	0	0	0	0	0	0	0	0	0	0	0	0	0	0	0	0	0	0	0	0	0	0	0	0	0	0	0	48	0	48	0	0	0	0	0	0	0	0	48	0	0	
0	0	0	0	0	0	0	0	0	0	0	0	0	0	0	0	0	0	0	0	0	0	0	0	0	0	0	0	0	0	0	0	0	0	0	0	0	0	0	0	0	0	0	0	0	0	0	0	0	0	0	0	0	0	0	0	0	0	0	0	48	0	0	48	0	0	0	0	0	0	0	0	0	0	0	0	0	0	0	0	0	0	0	0	0	0	0	48	0	0	0	0	0	0	0	0	0	0	0	0	
0	0	0	0	0	0	0	0	0	0	0	0	0	0	0	0	0	0	0	0	48	0	0	0	48	0	0	0	0	0	0	0	0	0	0	0	0	0	0	0	0	0	0	0	0	0	0	0	0	0	0	48	0	0	0	0	0	0	0	0	0	0	0	0	0	0	0	0	0	0	0	0	0	0	0	0	0	0	0	0	0	0	0	0	0	0	0	0	0	0	0	0	0	0	0	0	0	0	0	0	
0	0	0	0	0	0	0	0	0	0	0	0	0	0	0	0	0	48	0	0	0	0	0	0	0	0	0	0	0	0	0	0	0	0	0	0	0	0	0	0	0	0	48	0	0	0	48	0	0	0	0	0	0	0	0	0	0	0	0	0	0	0	0	0	0	0	0	0	0	0	0	0	0	0	0	0	0	0	0	0	0	0	0	0	0	0	0	0	0	0	0	0	0	0	0	0	0	0	0	0	
0	0	0	0	0	0	0	0	0	0	0	0	0	48	0	48	0	0	0	0	0	0	0	0	0	0	0	0	0	0	0	0	0	0	0	0	0	0	0	0	0	0	0	0	0	0	0	0	0	0	0	0	0	0	0	0	0	0	0	0	0	0	0	0	0	0	0	0	0	0	0	0	0	0	0	0	0	48	0	0	0	0	0	0	0	0	0	0	0	0	0	0	0	0	0	0	0	0	0	0	
0	0	0	0	0	0	0	0	0	0	0	0	0	0	0	0	0	0	0	0	0	0	0	0	0	0	0	0	0	0	0	0	0	0	0	0	0	0	0	0	0	0	0	0	0	0	0	0	0	0	0	0	0	0	0	0	0	0	0	0	48	0	0	48	0	0	0	0	0	0	0	0	0	0	0	0	0	0	0	0	0	0	0	0	0	0	0	0	0	0	0	0	0	0	0	0	0	0	48	0	
0	0	0	0	0	0	0	0	0	0	0	0	0	0	0	0	0	0	0	0	0	0	0	0	0	0	0	0	0	0	0	0	0	0	0	0	0	0	0	0	0	0	0	0	0	0	0	0	0	0	0	0	0	0	0	0	0	0	0	0	0	0	0	0	0	0	0	0	0	0	0	0	0	48	0	0	0	0	0	0	48	0	0	0	0	0	48	0	0	0	0	0	0	0	0	0	0	0	0	0	
0	0	0	0	0	0	0	0	0	0	0	0	0	0	0	48	0	0	0	0	0	0	0	0	0	0	0	0	0	0	0	0	0	0	0	0	0	0	0	0	0	0	0	0	0	0	0	0	0	0	0	0	0	0	0	0	0	0	0	0	0	0	0	0	0	0	0	0	0	0	0	0	48	0	0	0	0	0	0	0	48	0	0	0	0	0	0	0	0	0	0	0	0	0	0	0	0	0	0	0	
0	0	0	48	0	0	0	0	0	0	0	0	0	0	0	0	0	0	0	0	0	0	0	0	0	0	0	0	0	0	0	0	0	0	0	0	0	48	0	0	0	0	0	0	0	0	0	0	0	0	0	0	0	0	0	0	0	0	0	0	0	0	0	0	0	48	0	0	0	0	0	0	0	0	0	0	0	0	0	0	0	0	0	0	0	0	0	0	0	0	0	0	0	0	0	0	0	0	0	0	
0	0	0	0	0	0	0	0	0	0	0	0	0	0	0	0	0	0	0	0	0	0	0	0	0	0	0	0	0	0	0	0	0	0	0	0	0	0	0	0	0	0	0	0	0	0	0	0	0	0	0	0	0	0	0	0	0	0	0	0	0	0	0	0	0	0	0	0	0	0	0	0	0	0	0	48	0	0	0	0	0	0	0	0	0	0	0	0	0	0	0	0	0	0	0	0	0	0	48	48	
0	0	0	0	0	0	0	0	0	0	0	0	0	0	0	0	0	0	0	0	0	0	0	0	0	0	0	0	0	0	0	0	0	0	0	0	0	0	0	0	0	0	0	0	0	0	0	48	0	0	0	0	0	0	0	0	0	0	0	0	0	0	0	0	0	0	0	0	0	0	0	0	0	0	0	0	0	0	0	0	0	0	48	0	0	0	0	48	0	0	0	0	0	0	0	0	0	0	0	0	
0	0	0	0	0	0	0	0	0	0	0	0	0	0	0	0	0	0	0	0	0	0	0	0	0	0	0	0	0	0	0	0	0	0	0	0	0	0	0	0	0	0	0	0	0	0	0	0	0	0	0	0	0	0	0	0	0	0	0	0	0	0	0	0	0	0	0	0	0	0	0	0	0	0	0	48	0	0	0	0	0	0	0	0	0	0	0	0	0	0	0	0	48	0	0	0	48	0	0	0	
0	0	0	0	0	0	0	0	0	0	0	0	0	0	0	0	0	0	0	0	0	0	0	0	0	0	48	0	0	0	0	0	0	0	0	0	0	0	0	0	0	0	0	0	0	0	0	0	0	0	0	0	0	0	0	0	0	0	0	0	0	0	0	0	0	0	0	0	0	0	0	0	0	0	0	0	0	0	0	0	0	0	0	0	0	0	48	0	0	0	0	0	0	0	0	0	48	0	0	0	
1	41	30	78	17	50	57	88	47	48	75	36	18	44	82	98	56	87	80	4	33	61	43	98	39	49	67	74	43	23	77	92	82	12	19	89	32	96	88	99	67	38	27	51	88	74	52	29	83	12	84	6	99	30	12	40	22	70	54	95	24	63	18	13	44	68	69	6	60	56	20	84	81	49	64	51	7	76	39	4	32	42	81	93	1	48	99	83	70	64	26	82	46	81	59	43	35	48	80	20	17	68	84	33	35	53	54	64	27	60	43	85	86	86	38	90	24	91	2	19	35	6	50	25	92	83	33	38	4	30	84	55	19	10	50	3	15	94	98	78	96	33	96	27	93	82	57	19	17	99	54	71	33	38	60	18	80	78	9	58	69	21	81	34	50	20	49	55	67	44	58	53	30	3	65	21	68	76	0	73	30	48	55	1	12	34	55	47	56	6	81	59	43	61	39	19	90	76	12	11	77	80	35	13	14	9	84	61	97	6	37	76	44	78	73	64	56	36	67	41	74	44	87	65	46	90	54	97	58	67	76	7	88	65	83	92	29	81	11	37	66	41	82	12	23	69	20	5	83	93	58	71	61	36	58	4	24	18	80	28	23	4	5	66	92	20	7	88	44	29	34	62	56	46	88	94	48	47	5	41	67	48	31	95	89	92	69	90	6	20	31	83	4	51	71	2	76	95	44	89	96	6	11	81	2	16	83	54	82	21	44	2	72	97	16	21	45	66	18	81	57	26	71	79	55	82	42	43	78	57	51	39	79	53	85	48	56	4	53	0	30	26	66	69	83	13	30	62	95	25	46	94	3	56	71	68	33	27	14	55	93	14	63	75	68	83	84	65	87	46	19	46	16	61	39	79	52	56	81	61	22	1	80	29	45	61	55	77	25	28	45	28	20	20	37	93	62	5	61	31	60	37	53	21	59	13	52	42	73	33	25	85	42	39	71	6	0	99	5	22	31	83	65	46	72	43	99	11	5	57	6	66	17	50	17	76	72	54	34	47	60	47	90	54	36	73	46	12	48	42	83	60	61	94	33	33	61	55	15	18	8	42	52	90	8	83	74	33	65	20	82	44	88	33	72	88	46	8	35	66	33	94	50	75	29	99	15	73	99	61	89	96	51	92	22	73	40	73	87	3	36	24	98	20	65	38	84	39	57	29	55	58	33	51	2	77	35	53	95	49	12	71	76	30	93	65	5	66	12	2	81	73	56	41	64	67	48	99	51	69	36	25	23	7	30	63	71	62	91	7	10	30	1	64	53	93	45	69	49	78	76	30	96	54	2	86	28	67	68	8	82	70	74	50	16	15	65	99	38	46	83	63	7	50	76	46	25	13	96	10	2	66	69	72	26	64	82	23	91	6	38	72	42	71	95	11	87	87	43	80	9	40	19	11	33	92	26	10	74	54	43	57	80	23	87	36	44	66	48	82	93	96	2	45	23	64	58	60	44	4	16	20	27	28	12	24	20	94	68	66	69	77	25	52	31	72	76	38	89	36	11	56	99	10	27	0	22	45	48	74	91	0	60	62	60	6	94	1	4	5	54	34	2	28	24	11	28	79	28	54	2	33	10	95	49	98	55	23	44	49	51	36	87	9	79	17	48	13	72	74	47	92	34	57	4	1	84	18	96	64	24	84	89	87	21	3	20	90	20	19	91	95	19	61	92	60	18	28	51	28	54	21	48	30	54	3	90	97	13	47	49	82	44	56	49	87	92	50	92	68	33	0	5	25	46	46	58	8	6	59	28	61	38	75	3	65	25	14	4	15	10	54	41	59	24	43	92	80	51	9	33	11	39	55	40	52	98	41	49	24	80	42	88	53	78	9	19	43	11	71	22	44	80	3	77	70	88	39	21	88	96	89	48	77	34	21	94	68	77	59	77	0	88	2	91	35	14	55	62	27	80	89	51	7	68	25	54	45	4	36	7	23	14	81	28	37	74	27	69	17	8	86	65	55	56	81	91	36	57	26	21	95	97	0	90	38	84	55	98	95	68	80	63	11	59	56	26	82	77	59	2	96	88	71	25	63	16	41	45	73	5	59	55	73	13	99	27	69	5	31	5	45	3	17	52	52	83	24	75	32	17	7	5	30	75	11	53	51	92	78	48	64	85	82	20	90	40	74	66	71	2	16	21	77	37	71	45	24	42	86	54	79	4	89	86	27	30	59	45	79	92	13	80	22	19	35	60	94	47	95	48	86	19	86	75	4	64	35	9	32	50	39	78	73	76	11	38	18	51	90	54	99	10	6	64	88	42	61	7	1	73	87	23	13	92	39	98	71	74	68	36	22	24	14	34	75	7	76	7	0	1	6	82	70	44	5	83	22	5	11	51	12	57	12	46	71	5	82	73	54	83	1	55	79	83	63	47	52	4	11	33	89	58	0	24	4	22	34	58	55	23	0	27	22	43	72	72	32	96	42	28	3	54	67	28	86	54	77	26	3	71	72	95	86	9	74	3	5	82	11	37	94	27	58	76	22	32	91	29	32	87	92	55	88	60	95	25	43	71	66	72	95	64	53	64	64	84	57	21	17	44	54	49	54	83	39	42	56	14	9	12	43	78	85	63	25	38	32	91	19	90	2	98	42	1	15	91	3	60	5	65	73	63	92	39	96	22	34	92	19	7	15	27	71	53	65	56	85	99	68	15	9	2	94	76	72	12	96	16	42	69	75	87	36	5	51	88	68	6	49	28	61	45	10	51	12	53	79	60	13	88	18	71	13	79	84	11	84	59	10	2	4	68	90	38	36	13	6	18	75	33	36	91	45	64	21	79	20	29	94	17	18	46	50	82	62	77	22	54	70	98	13	55	3	94	2	75	31	28	91	96	58	13	14	27	56	31	28	59	23	33	31	95	77	29	94	57	55	75	79	45	33	53	45	81	76	13	98	60	49	51	62	58	54	48	58	80	60	64	59	33	46	66	47	53	73	14	93	83	85	57	66	89	72	85	50	38	32	25	60	49	79	26	15	10	20	72	77	28	9	60	47	67	8	89	68	77	8	82	92	69	83	8	85	18	16	84	72	30	36	10	24	40	10	87	11	84	27	50	30	30	55	86	87	9	16	28	48	86	29	78	63	64	92	45	81	36	74	14	55	7	82	40	48	56	85	8	62	0	16	21	46	77	69	3	95	81	76	9	31	30	53	99	66	28	34	52	50	1	67	77	2	26	30	24	74	20	75	53	24	27	18	41	42	40	42	7	3	17	11	45	12	76	68	18	87	43	77	87	12	64	24	23	89	19	96	85	4	92	25	11	28	96	20	64	53	98	5	84	68	10	21	18	61	69	56	51	11	99	47	42	16	98	24	46	19	26	66	13	90	37	34	65	71	78	13	36	18	78	79	67	25	14	82	85	82	10	59	30	33	69	92	88	32	10	45	43	66	54	18	16	18	15	32	72	9	26	1	43	49	16	19	85	87	68	93	95	73	21	51	10	56	8	84	46	51	71	84	74	30	0	5	4	29	26	88	52	33	24	65	23	52	67	66	6	51	64	80	50	74	36	26	98	84	61	80	3	2	51	50	61	86	60	39	30	6	43	91	78	50	50	30	8	49	92	99	84	20	83	76	29	64	62	65	96	73	50	67	90	8	79	29	16	30	71	57	88	49	75	20	37	62	20	79	74	51	30	44	68	14	72	1	45	93	30	5	12	61	4	59	39	19	99	16	13	40	13	61	76	7	39	56	60	16	17	50	82	70	87	17	35	77	23	13	95	69	15	31	74	19	74	78	36	10	46	24	99	23	28	74	64	55	98	28	49	20	37	31	18	71	89	25	24	44	95	15	13	44	60	22	12	83	4	73	45	58	61	6	1	59	53	70	23	32	73	74	46	85	28	76	1	27	30	45	26	92	84	30	91	37	6	28	92	59	82	32	72	95	94	62	85	16	52	12	68	61	29	5	88	85	17	64	1	61	75	98	53	89	49	47	2	45	87	50	2	74	5	57	43	44	61	46	48	46	82	50	82	32	10	46	78	4	71	66	39	98	36	39	42	57	41	24	21	3	67	78	96	58	31	13	38	4	26	3	85	39	85	67	25	20	45	81	85	98	52	43	72	62	49	70	50	82	89	24	54	92	63	37	26	5	48	33	31	28	86	81	38	38	51	76	33	41	67	99	77	10	28	54	61	76	71	35	40	40	78	62	85	79	53	86	70	48	78	80	94	49	32	57	24	25	13	97	70	54	94	59	5	56	47	49	68	14	96	60	55	91	86	81	20	24	5	52	19	62	92	67	43	68	84	18	59	62	9	70	55	86	86	6	94	94	26	44	41	41	97	43	36	18	0	4	36	40	99	15	50	49	27	29	28	53	5	55	30	0	55	86	33	14	69	27	87	75	94	0	35	43	6	0	44	75	17	58	96	26	72	43	84	2	47	54	62	30	28	98	54	44	34	73	63	27	35	9	91	74	27	45	72	59	63	66	81	22	23	36	91	70	47	7	22	37	7	10	52	5	66	24	43	67	80	97	26	45	57	83	24	86	52	5	29	28	59	0	39	80	7	22	46	71	85	57	98	60	25	77	16	53	20	57	19	81	28	8	64	18	50	77	93	45	49	64	5	8	1	33	82	63	79	97	39	38	62	14	73	12	36	19	2	36	86	34	32	27	20	76	55	23	5	64	10	78	77	58	35	7	86	82	42	4	68	40	59	18	2	2	59	13	38	89	80	33	81	73	77	64	80	52	69	94	85	85	75	64	89	50	4	54	37	98	75	33	5	81	39	5	40	10	55	19	84	58	76	32	96	55	17	59	4	49	73	40	77	51	21	79	6	90	69	27	33	51	41	27	16	58	82	3	91	58	63	28	42	32	8	79	12	21	32	52	38	24	25	77	53	3	37	95	87	13	56	81	13	46	61	22	51	62	23	84	13	3	72	32	19	1	93	73	26	21	24	98	89	33	31	5	80	32	19	84	27	90	8	90	7	90	22	49	16	35	29	19	30	85	63	57	12	30	81	92	96	69	25	75	51	10	12	43	75	64	91	92	43	26	39	71	5	19	78	32	95	32	22	24	54	16	71	96	8	34	60	18	30	76	49	39	94	22	33	63	20	92	70	58	13	40	28	21	19	10	77	30	10	23	85	83	37	22	87	15	66	14	28	74	10	7	34	51	69	0	65	85	87	39	73	75	73	75	47	85	17	95	5	88	24	84	53	59	33	12	70	57	35	36	20	6	46	35	18	11	27	54	40	37	25	37	85	39	72	43	31	72	3	84	69	66	69	43	53	0	44	46	73	49	59	91	55	35	77	74	49	91	60	82	3	72	69	38	18	93	2	4	12	22	73	90	96	97	50	52	91	91	43	87	83	76	85	60	46	89	49	58	79	47	40	97	58	71	55	32	35	93	23	58	13	26	1	17	86	97	96	83	50	58	95	48	13	74	5	26	48	39	71	64	32	61	51	0	27	83	56	4	50	65	38	39	43	65	97	10	79	54	92	31	7	76	6	66	91	61	88	48	9	63	25	75	95	74	41	56	58	31	86	46	48	37	68	50	39	36	97	27	21	3	51	87	26	36	85	33	24	20	69	6	16	83	14	74	78	57	1	80	49	92	94	75	55	95	18	72	34	71	50	90	73	31	54	42	95	18	20	68	4	53	89	9	80	7	82	16	53	67	5	44	12	51	58	36	51	81	97	12	91	36	89	60	63	90	12	75	9	1	2	40	1	49	17	8	98	68	43	37	80	88	92	93	40	9	8	44	53	2	59	23	99	89	9	86	23	13	82	32	98	79	64	87	99	57	29	50	75	90	33	22	51	68	55	97	39	67	32	54	20	80	0	84	67	28	46	85	19	1	74	42	98	9	67	17	66	48	92	47	79	92	96	42	97	69	77	8	63	43	59	99	23	84	63	46	5	13	1	42	16	55	98	24	48	84	38	48	90	80	72	7	30	93	88	95	12	47	57	23	91	26	5	73	67	59	35	84	68	0	81	59	10	47	85	59	55	98	92	95	77	6	38	42	44	95	96	99	85	1	22	3	22	66	62	91	90	72	61	56	80	53	85	91	23	81	54	51	35	29	15	49	37	49	74	56	87	84	45	69	40	64	97	19	70	66	49	23	76	27	12	30	6	48	62	19	67	13	82	17	25	11	46	88	76	0	21	7	59	8	55	86	32	14	12	47	31	5	57	7	95	29	2	80	56	37	62	47	58	98	76	49	43	5	6	89	18	99	36	92	98	77	57	35	90	91	7	62	24	80	79	95	79	66	58	24	5	98	75	61	79	52	80	27	55	82	88	92	57	7	55	33	53	31	92	95	73	8	92	21	64	6	88	48	30	56	4	23	42	82	74	29	11	68	5	43	26	32	51	18	54	61	97	61	4	57	4	5	42	83	9	75	61	49	72	73	75	42	77	45	34	49	45	50	71	47	48	88	38	93	92	10	99	5	36	84	43	58	65	69	88	25	14	77	8	36	69	89	13	59	24	70	3	68	59	94	21	13	52	36	13	23	46	67	96	25	39	2	78	30	54	0	70	86	60	30	25	9	44	80	41	76	47	44	15	54	47	36	62	76	37	9	67	65	69	91	45	99	36	98	0	25	78	82	19	26	89	63	35	35	44	70	23	20	97	20	71	65	96	84	56	7	77	4	16	45	5	30	1	68	83	56	24	95	90	38	29	11	97	0	21	5	31	31	55	49	38	73	61	8	42	64	40	38	51	53	32	75	6	91	3	92	67	72	48	56	17	46	90	44	48	40	88	58	61	25	0	54	91	23	11	64	77	55	23	9	99	33	76	32	16	31	58	38	4	67	99	91	35	36	81	14	46	72	57	94	0	87	95	65	46	89	48	51	18	83	31	83	2	26	68	56	70	23	73	53	80	3	13	15	86	58	2	63	29	36	60	60	63	11	20	19	57	53	90	36	77	50	73	83	78	59	78	14	83	14	42	76	38	15	62	41	68	59	52	24	59	70	48	92	71	57	84	84	88	49	37	19	52	73	17	43	88	77	14	12	68	84	92	87	40	82	44	18	55	73	38	19	71	55	37	92	72	2	84	20	98	40	69	49	17	70	0	58	16	72	90	8	98	24	81	35	50	79	12	97	26	88	74	39	42	0	47	86	93	23	13	25	66	0	52	93	82	92	89	27	24	36	29	60	94	44	33	48	94	43	56	49	29	97	76	55	10	41	21	10	95	77	2	60	73	16	20	4	47	11	58	79	20	70	53	87	39	57	49	16	57	28	76	23	69	17	49	66	15	79	62	2	34	48	83	12	60	2	36	26	84	52	34	86	9	9	10	0	63	34	47	39	23	75	26	98	18	13	25	95	81	68	19	88	80	40	26	57	89	63	24	75	10	83	66	71	5	71	66	19	13	70	35	10	8	98	8	91	41	78	78	11	50	5	18	47	60	62	7	45	69	50	16	5	52	20	42	96	27	29	48	12	71	8	0	91	6	30	14	86	10	95	88	31	73	86	89	69	75	30	68	54	17	32	37	63	69	39	46	85	51	8	26	53	64	41	33	21	67	12	53	96	12	62	30	44	83	48	89	0	6	60	50	44	0	50	9	17	42	36	33	30	20	34	29	73	6	40	95	23	84	4	52	65	88	94	28	10	40	88	94	83	38	8	79	83	37	44	14	76	91	91	23	11	2	14	23	87	13	98	95	68	28	91	20	34	55	79	32	58	94	9	3	14	66	51	10	28	25	48	95	19	83	41	60	4	99	71	12	61	33	95	76	42	30	89	61	46	64	3	32	79	1	81	14	19	17	84	60	27	17	32	74	66	61	54	98	72	29	72	86	61	45	51	69	72	12	0	15	76	7	87	92	23	11	11	77	51	54	11	97	23	22	74	40	63	83	99	93	54	84	47	18	83	7	32	7	95	71	31	77	79	88	29	50	92	6	68	16	15	97	78	67	84	40	18	95	75	83	10	55	54	78	89	7	3	56	41	78	4	34	29	53	57	84	57	21	95	52	43	98	75	94	64	24	42	29	27	42	75	63	12	1	96	2	30	78	53	97	0	50	87	88	55	87	89	34	66	73	32	70	86	32	15	55	77	18	95	53	44	31	38	46	25	90	20	44	59	56	23	69	94	89	65	36	49	46	91	64	63	26	18	10	92	75	92	96	58	83	47	9	69	97	6	51	21	25	15	57	11	32	85	72	76	79	0	85	26	75	30	57	98	50	83	58	58	82	87	30	42	82	65	0	99	78	55	45	84	86	13	7	30	41	84	6	45	82	67	48	41	35	35	83	15	99	67	95	83	80	65	93	96	50	6	59	36	16	44	61	39	83	60	99	84	60	12	75	28	28	99	27	97	55	74	69	2	83	7	58	6	92	16	93	51	98	81	15	25	60	94	96	73	53	52	63	41	63	68	78	22	96	73	41	42	75	18	65	61	95	66	76	2	20	71	45	65	36	46	37	28	93	59	22	15	44	74	6	87	77	6	67	22	47	13	45	84	43	81	98	17	24	9	24	16	58	1	49	91	44	75	13	66	67	8	92	24	13	20	3	14	65	95	83	60	85	98	10	37	21	86	62	14	73	88	54	1	58	29	16	0	17	98	10	86	5	78	63	79	38	74	87	82	30	86	2	94	67	82	67	3	93	54	62	30	6	14	7	63	60	61	18	23	66	50	70	26	0	23	73	15	89	4	91	44	10	66	82	65	2	18	57	54	5	5	3	2	80	81	20	97	46	31	41	81	54	74	96	95	34	23	26	5	43	69	49	44	60	60	2	31	39	36	34	36	29	20	16	80	34	55	95	21	76	47	24	26	63	11	1	86	59	31	86	58	61	18	29	14	88	1	22	16	93	4	63	64	40	14	63	66	13	56	89	97	23	53	79	71	88	93	54	29	8	34	59	32	49	87	7	71	93	24	83	37	55	6	95	49	55	46	24	87	34	35	86	32	39	84	16	71	94	20	34	79	35	90	4	44	22	43	50	9	94	65	37	81	33	39	7	58	88	5	56	92	21	54	90	59	28	68	72	34	64	19	55	78	57	19	27	79	12	44	33	37	93	33	38	86	29	71	63	23	81	18	0	55	73	53	59	53	94	59	92	58	13	17	93	16	32	92	24	44	30	11	39	6	30	75	30	30	87	64	58	15	70	9	77	48	51	22	58	38	69	2	66	77	56	18	4	88	66	85	28	74	81	76	66	73	13	14	33	37	37	87	69	66	12	19	51	51	59	66	31	15	40	78	30	87	49	51	6	44	62	24	16	62	96	21	18	41	38	92	68	80	68	64	24	97	83	97	36	3	96	93	85	70	58	20	84	86	38	71	90	69	18	45	28	66	19	56	2	55	34	49	22	62	90	22	98	47	5	56	83	72	21	70	25	6	94	69	35	12	1	92	34	37	41	94	47	95	64	41	20	8	46	24	81	74	89	40	60	1	9	18	30	38	40	73	91	63	9	50	37	1	2	7	92	59	27	19	32	73	56	39	88	29	10	76	6	83	23	45	59	64	44	23	9	30	16	72	83	20	55	54	81	46	22	83	63	77	1	32	18	41	54	36	29	38	49	63	71	63	33	74	27	85	38	23	1	63	75	27	19	41	2	85	85	84	21	21	81	78	31	16	57	35	81	73	64	11	50	97	32	33	67	93	35	95	76	43	4	17	80	88	69	53	85	31	18	56	25	52	28	14	85	94	92	75	36	85	71	12	94	7	33	29	79	28	29	29	81	88	73	75	59	83	38	88	53	50	26	44	14	95	2	95	97	44	59	83	56	35	81	13	67	4	9	61	95	27	82	78	97	83	5	34	93	82	83	0	60	66	33	50	50	1	89	85	9	65	70	76	65	15	51	56	92	38	7	94	51	17	62	24	45	58	22	30	49	30	84	62	36	73	4	13	13	8	62	36	49	45	76	69	61	15	38	65	33	24	13	20	56	94	31	72	17	44	16	94	83	56	26	60	80	12	33	31	18	70	99	23	17	80	41	58	29	89	52	30	0	62	11	85	9	56	27	72	47	51	8	21	49	76	59	73	57	39	21	83	65	46	27	72	75	44	2	25	61	36	9	89	37	39	32	73	12	69	16	94	4	65	90	94	49	94	3	84	55	70	29	90	42	97	97	42	65	84	76	
61	51	85	97	47	56	17	42	87	95	30	26	66	67	76	88	33	23	29	71	45	79	61	5	50	55	89	82	99	66	55	76	87	53	39	83	5	75	3	66	12	82	3	40	58	28	4	42	52	85	24	22	15	54	47	13	23	76	39	80	23	52	16	31	71	79	39	31	51	34	82	83	21	55	45	70	27	50	74	69	36	76	97	99	34	90	11	95	25	53	58	58	16	18	38	70	27	70	52	0	70	75	54	85	36	89	92	45	56	72	20	30	36	71	82	92	86	63	52	73	5	63	81	46	62	41	53	91	8	7	10	50	51	8	55	32	3	59	45	25	67	40	79	83	38	16	48	31	23	85	37	45	17	14	46	67	50	65	64	85	35	96	85	41	40	79	85	16	12	79	70	2	43	97	52	57	25	86	64	74	28	64	4	33	10	86	84	16	94	99	73	12	22	82	9	1	27	94	80	33	46	55	72	4	35	19	73	77	85	25	96	14	23	44	87	67	4	87	66	19	47	53	15	32	90	42	18	54	20	51	32	30	94	71	27	47	14	14	82	15	55	66	13	93	94	31	39	88	35	80	7	43	19	26	27	69	7	80	96	38	81	40	63	51	41	74	61	29	64	88	62	9	36	18	12	44	13	99	28	27	52	12	87	23	71	76	98	34	46	69	53	87	6	71	35	5	65	45	3	63	47	12	31	92	21	6	60	96	21	40	39	91	87	66	8	68	48	74	6	79	30	16	92	45	41	42	76	74	11	43	78	43	96	97	64	65	23	19	84	78	15	82	50	23	23	68	48	57	17	49	82	72	27	70	22	39	84	61	16	77	71	41	6	15	71	13	64	28	39	62	16	47	86	39	47	50	95	43	84	26	21	98	7	68	87	30	59	8	80	18	65	4	79	33	3	49	20	91	26	48	83	94	62	69	7	77	8	86	96	55	30	24	98	0	17	40	92	90	85	66	58	85	67	61	64	38	86	80	73	50	28	32	89	38	4	16	41	20	15	39	89	60	1	91	44	80	92	29	6	39	80	86	48	16	7	18	59	47	65	83	95	14	88	86	87	16	24	60	51	88	15	45	76	78	77	31	59	24	80	7	61	2	60	6	11	69	95	17	94	82	25	26	23	73	27	53	12	52	47	19	83	22	90	72	1	52	9	4	12	13	9	47	91	10	56	38	53	99	65	7	57	36	68	79	79	45	67	69	10	11	52	70	22	78	32	23	87	40	61	17	23	38	56	60	10	25	3	86	97	8	85	19	8	89	69	12	81	12	43	87	57	93	49	73	52	67	74	30	44	94	29	5	30	12	54	28	66	8	52	91	90	64	24	61	48	81	73	31	28	83	7	92	29	34	39	10	94	31	63	27	56	67	58	97	91	35	32	16	57	62	10	13	64	28	96	22	22	29	12	19	18	31	12	40	30	57	45	77	90	80	0	69	25	65	97	24	29	80	74	94	84	61	10	70	96	57	42	67	14	85	13	90	54	1	6	24	29	5	23	39	22	45	85	73	44	85	63	31	47	51	29	73	73	15	86	60	53	31	60	96	79	77	55	94	53	91	53	13	98	78	10	5	75	43	21	71	98	83	59	60	80	20	33	3	38	59	32	28	1	41	13	30	68	5	58	10	8	60	1	86	79	37	24	6	8	83	42	68	86	2	75	52	79	75	35	6	41	90	14	84	19	96	99	41	41	5	23	42	83	88	22	44	78	27	82	51	3	13	7	19	77	88	34	85	36	91	75	95	74	68	2	20	61	83	22	56	6	34	44	95	8	65	78	82	52	33	60	58	25	38	30	29	98	57	68	62	53	38	43	16	98	72	90	98	80	41	23	52	80	87	64	56	15	29	65	26	89	50	57	43	41	2	89	85	86	22	88	7	59	18	85	45	5	47	83	70	68	68	22	64	20	27	40	41	86	58	62	76	99	15	47	99	90	17	50	96	11	39	34	21	70	68	59	11	11	20	88	44	88	27	61	1	4	64	82	93	91	2	18	21	46	91	37	31	33	52	18	28	68	32	52	34	49	28	9	16	37	31	27	68	72	28	95	70	52	13	95	32	31	58	27	29	68	6	68	69	94	85	40	20	93	95	13	67	55	97	12	90	60	19	18	46	92	18	57	34	19	65	54	70	30	3	74	5	59	19	84	84	32	92	29	87	80	79	51	39	35	31	40	81	27	9	16	98	56	84	26	79	92	20	38	82	9	82	93	23	57	8	24	59	0	6	19	28	78	36	33	15	12	37	70	38	7	10	3	47	84	53	67	0	39	16	48	61	86	90	17	8	37	3	65	65	67	82	70	9	92	77	67	39	8	80	71	74	76	17	21	52	45	16	11	96	85	72	45	57	96	35	86	27	92	53	26	56	9	20	5	23	28	75	28	87	93	88	21	58	50	88	44	50	67	38	38	27	80	84	25	64	16	83	61	79	12	6	52	83	78	98	5	24	35	30	49	66	43	66	10	20	16	8	43	59	31	15	59	5	57	23	10	41	57	37	63	39	46	46	48	93	49	93	61	11	24	98	63	80	15	68	8	37	77	84	5	98	72	10	51	95	26	43	76	88	81	91	36	68	14	67	61	91	27	1	79	3	9	59	71	80	50	33	37	97	4	47	15	18	32	49	30	20	29	14	93	20	83	58	62	64	61	35	27	20	77	69	98	91	52	76	58	22	83	87	2	2	55	44	75	37	47	51	99	52	5	47	25	84	36	87	9	56	19	12	53	45	97	47	46	37	51	42	73	79	8	36	31	79	78	60	17	46	4	93	18	75	85	7	50	26	44	39	32	40	10	71	17	79	56	19	51	13	36	16	50	30	28	51	53	51	20	30	1	7	48	45	34	36	82	67	77	29	29	42	19	23	48	56	70	15	54	64	91	15	13	93	91	56	57	43	83	84	42	35	93	74	26	79	33	61	73	24	73	17	31	63	93	54	65	12	88	81	79	68	14	27	5	91	99	73	80	8	76	30	92	39	19	46	74	61	51	58	75	64	84	59	75	16	50	62	42	43	30	57	19	39	52	68	45	41	34	33	78	16	78	79	24	22	87	57	94	49	64	33	0	41	98	24	96	88	44	99	80	6	62	19	27	17	39	89	94	86	23	55	97	86	60	26	90	57	6	60	89	75	69	39	75	39	4	29	8	59	52	12	61	54	95	21	51	82	55	38	37	87	4	71	77	43	42	9	43	81	97	46	60	84	0	62	23	36	13	43	80	35	30	86	3	48	20	17	86	47	37	3	69	38	9	25	47	5	55	49	76	47	56	14	13	22	92	92	89	25	12	5	37	56	19	83	91	37	24	69	93	29	40	88	35	84	58	95	0	78	29	17	8	17	40	52	16	54	24	75	4	27	1	87	67	25	92	92	3	26	84	44	52	93	18	99	80	22	10	86	35	31	57	21	97	84	50	5	39	37	33	27	52	72	13	40	90	85	30	11	46	68	16	25	71	80	76	85	8	7	15	11	51	98	31	2	22	54	41	94	98	87	25	85	38	44	19	40	28	64	25	45	86	1	39	44	72	91	12	66	97	9	72	98	96	80	34	93	39	69	81	12	68	29	19	61	61	14	29	21	50	35	99	0	40	44	98	71	45	5	97	44	58	21	8	59	43	87	15	53	1	98	37	66	36	22	63	87	58	39	61	13	24	67	51	73	33	5	54	37	5	8	31	60	8	91	81	6	21	74	54	75	68	56	82	36	32	68	2	53	21	69	12	21	55	0	89	45	56	49	31	17	99	43	61	54	72	29	45	16	62	36	95	30	35	99	57	30	48	10	79	53	55	34	11	0	72	13	88	82	9	16	91	47	85	7	96	68	7	79	20	92	79	61	65	28	86	87	18	46	97	14	9	52	37	28	47	43	23	3	10	30	20	96	22	81	17	32	52	6	1	94	28	58	7	60	25	72	57	23	25	53	39	77	30	49	18	5	27	18	30	85	77	71	1	69	33	88	42	83	70	59	36	27	14	48	37	92	28	26	51	30	53	22	8	69	23	24	57	60	27	22	26	59	32	17	10	86	14	19	57	52	41	72	64	61	30	37	3	27	51	72	40	68	70	77	64	81	97	2	72	46	39	60	56	27	3	10	19	59	21	97	60	35	31	59	55	62	65	91	43	76	96	19	47	63	47	19	13	91	90	17	35	20	66	59	90	54	65	64	35	15	1	2	38	8	23	11	15	55	40	79	68	90	25	23	91	51	19	50	25	94	28	33	53	45	83	58	85	42	22	81	25	54	73	24	74	63	36	67	41	36	27	68	59	74	50	51	47	87	6	99	82	9	68	1	57	21	62	74	46	57	84	89	70	82	71	96	55	43	6	68	23	35	1	77	40	26	23	6	54	20	40	96	83	21	84	13	49	31	33	14	75	10	59	93	37	56	1	7	51	12	84	1	95	13	9	29	56	33	54	60	13	36	28	96	86	69	69	69	5	55	49	70	89	30	8	42	14	76	77	77	73	81	95	77	38	21	73	18	82	47	64	86	84	66	40	35	33	94	39	48	99	76	18	42	40	8	67	34	99	27	92	19	8	85	53	15	2	53	74	32	71	12	79	48	98	88	62	33	18	96	86	17	19	88	46	1	24	84	91	75	75	39	76	74	97	81	18	58	13	40	97	1	86	91	81	26	53	81	44	37	7	48	0	90	20	24	83	4	74	54	72	43	39	98	4	2	3	40	95	16	55	46	64	33	37	32	49	8	81	1	33	67	30	2	18	94	83	50	33	18	96	65	84	28	12	4	71	80	50	79	57	45	44	63	91	45	48	53	82	46	40	91	11	77	11	65	34	15	1	17	39	35	64	93	77	16	26	76	33	48	7	18	51	74	69	37	7	99	93	97	60	87	72	45	18	57	80	14	37	8	74	17	11	8	42	22	10	8	0	37	38	17	91	20	21	14	69	62	39	11	8	36	29	80	66	73	81	54	93	50	17	35	29	2	71	13	83	41	84	52	70	53	95	71	63	19	88	92	36	36	95	37	93	92	53	5	53	78	56	54	77	98	97	68	1	43	6	79	66	32	7	47	5	21	10	32	75	94	73	86	50	86	48	1	37	31	49	16	61	53	19	78	70	89	17	49	43	68	95	60	12	36	66	21	67	22	64	20	68	56	81	14	59	12	36	45	9	7	3	0	83	82	27	0	81	8	86	18	38	20	29	64	65	22	42	82	46	54	44	64	25	89	79	49	37	94	15	67	1	9	91	36	46	15	41	24	3	64	59	0	88	41	94	20	38	8	76	91	59	72	19	47	39	94	79	61	0	88	37	36	40	46	13	77	91	79	54	93	29	63	37	51	13	8	68	76	66	42	42	47	38	69	11	45	59	57	23	26	81	31	45	22	38	10	28	40	42	87	59	0	76	15	77	78	90	9	12	59	39	35	6	47	87	87	9	32	85	18	29	38	33	40	81	82	85	71	90	21	16	56	30	10	29	84	94	17	89	59	55	22	0	19	84	41	11	6	84	67	21	93	59	64	10	81	96	10	54	55	34	55	97	73	81	58	62	82	72	58	7	18	48	32	43	5	37	41	14	85	11	82	56	67	94	63	69	7	25	30	73	44	28	23	52	28	59	31	88	19	74	83	33	53	61	49	83	88	96	10	58	33	77	29	92	36	66	25	65	82	56	1	88	93	8	99	15	15	92	59	70	55	21	65	4	68	46	64	12	21	48	23	96	67	27	96	14	58	73	44	59	29	5	8	4	80	33	13	63	9	69	69	44	50	49	24	44	20	34	40	75	51	59	67	97	88	83	24	84	49	97	11	95	21	83	0	82	78	74	87	12	94	85	96	34	26	17	6	46	40	38	26	20	85	20	89	92	29	28	56	74	82	6	96	77	92	42	29	82	63	19	4	99	14	45	94	14	94	29	68	64	61	0	29	75	90	50	85	39	61	39	47	89	21	33	2	96	2	98	70	64	96	22	30	54	31	15	66	13	67	15	9	60	52	98	28	34	99	3	72	9	57	53	96	71	11	23	84	9	94	12	70	73	19	72	99	16	14	69	13	22	5	16	38	45	14	97	91	72	68	86	32	30	3	32	0	59	27	61	23	30	91	14	80	96	57	63	12	65	72	2	81	28	30	71	98	8	69	74	56	70	74	52	53	39	73	53	24	22	16	68	22	82	20	54	11	78	92	26	44	63	25	82	97	10	69	24	35	62	52	2	3	55	45	83	65	46	26	74	90	66	56	45	83	94	71	2	69	32	2	67	15	9	22	12	59	52	22	70	11	63	12	44	19	60	15	79	52	8	50	32	8	99	70	95	88	21	56	39	58	17	45	23	52	18	93	36	87	99	7	69	72	88	35	3	55	4	69	71	32	13	55	58	22	82	65	26	56	54	89	57	8	32	12	42	83	86	79	36	63	30	19	64	6	96	78	82	85	76	76	77	86	19	36	41	78	76	80	46	0	32	7	20	37	45	19	40	1	35	52	84	12	15	87	76	54	17	2	30	54	65	69	72	37	70	50	24	4	83	90	75	58	49	38	84	34	75	12	37	20	28	29	43	77	34	49	25	23	75	1	76	63	76	41	35	60	78	36	4	66	45	92	28	48	2	71	32	97	19	10	6	78	74	0	25	10	91	98	90	66	34	8	11	49	27	38	92	81	27	88	24	73	86	93	60	54	42	80	63	55	12	66	36	15	84	48	6	59	67	94	24	85	75	85	34	66	9	53	13	55	30	66	61	44	91	76	28	95	66	13	58	70	55	98	90	89	17	29	49	1	53	42	94	3	86	5	15	24	70	94	7	23	70	61	13	73	37	29	25	17	92	51	32	47	56	75	58	37	35	82	39	52	5	30	8	4	22	25	20	80	55	48	68	41	82	55	39	96	90	79	44	36	51	18	43	28	31	44	3	86	37	82	10	28	53	56	54	7	63	7	32	7	30	58	64	59	90	72	22	35	89	27	38	36	51	62	94	67	73	61	6	61	28	94	64	46	21	60	90	77	40	58	68	15	21	59	97	92	7	65	55	91	52	37	25	56	24	94	55	21	74	0	91	25	96	88	29	34	58	53	11	36	8	17	28	68	58	24	73	1	56	56	17	29	0	52	97	21	27	3	72	23	54	92	1	69	38	50	90	49	24	82	64	84	12	58	72	90	8	90	72	34	7	35	66	67	87	25	19	18	84	89	84	19	56	96	19	40	67	0	87	17	95	46	51	34	10	37	1	87	66	21	19	74	29	67	50	65	48	43	34	63	22	73	55	28	49	31	73	44	65	57	21	58	37	65	20	87	98	68	81	65	55	17	50	88	46	58	96	35	27	10	86	15	5	45	21	83	10	45	13	8	61	15	72	0	11	68	21	26	24	19	91	75	62	16	98	75	31	66	83	20	39	65	30	51	9	77	90	74	49	82	21	71	65	75	51	71	95	82	76	77	34	97	91	2	53	19	97	10	72	84	94	66	36	30	11	97	12	93	56	35	0	11	82	87	28	61	50	43	39	58	89	47	43	20	74	53	54	48	36	9	8	15	87	99	79	77	21	78	13	47	45	79	63	29	65	55	91	45	60	20	98	67	32	62	38	63	99	32	83	48	37	12	43	40	42	19	17	17	60	33	70	67	43	81	80	73	96	1	88	70	43	36	87	58	38	50	90	85	22	16	84	52	90	66	76	50	36	96	6	53	68	73	24	84	63	67	21	53	97	86	74	18	94	16	43	43	8	68	25	49	68	79	78	52	82	7	40	16	38	75	5	24	85	89	98	35	78	64	18	92	6	57	87	44	33	16	35	35	24	88	31	18	27	8	76	51	2	21	94	88	91	64	42	13	74	99	39	22	2	32	44	66	86	78	13	30	82	20	82	90	58	17	85	1	21	93	48	87	21	45	14	5	24	44	24	40	60	35	62	83	39	22	1	13	47	79	4	19	80	12	81	87	46	48	83	67	19	66	68	18	36	99	27	61	62	84	91	2	88	20	59	60	33	42	18	48	48	19	3	62	85	61	44	70	31	78	10	94	65	43	2	16	38	8	96	69	71	22	49	38	47	63	7	20	85	46	88	75	53	82	69	31	43	36	17	39	44	9	6	59	8	14	68	34	48	71	65	10	65	11	27	18	30	55	38	57	62	93	27	54	92	68	22	61	76	0	32	13	73	74	62	26	70	83	17	34	45	1	71	85	84	61	11	84	36	68	21	71	52	46	21	23	1	68	57	77	5	4	15	18	32	21	77	84	1	82	55	26	47	1	88	4	11	13	1	80	80	52	61	96	37	93	27	80	39	57	67	18	40	70	30	32	10	59	49	77	41	31	55	72	14	61	87	96	95	90	10	52	59	50	45	91	79	8	27	50	27	82	86	56	86	14	62	20	61	57	3	56	18	92	20	3	23	59	38	67	6	21	36	44	38	95	10	42	59	95	64	29	4	27	75	5	17	86	92	49	53	78	61	76	92	13	43	14	53	84	46	33	87	65	76	28	28	20	96	48	77	78	25	67	73	20	72	87	59	31	0	94	55	45	82	91	30	45	82	62	55	86	19	60	23	72	12	87	84	17	33	4	71	75	10	15	27	27	22	61	93	70	25	21	58	46	58	97	8	2	8	2	58	1	51	74	58	13	89	63	81	68	49	33	99	10	99	47	12	71	44	37	12	32	74	74	55	20	87	69	9	77	63	42	88	98	49	75	78	27	52	86	11	24	75	60	34	8	49	23	32	90	39	25	66	50	66	51	64	9	70	20	22	82	45	7	74	22	15	1	51	32	33	47	92	64	50	66	97	3	28	6	71	60	42	10	97	11	44	30	2	8	99	79	55	94	56	3	61	95	33	27	35	66	17	21	98	8	91	66	40	41	74	21	63	16	69	80	24	5	69	53	33	87	84	60	3	47	33	2	85	38	73	90	37	46	16	10	99	77	40	95	74	14	20	67	45	13	11	70	47	36	48	41	83	3	21	26	39	63	32	12	18	47	3	75	16	79	89	98	4	14	8	88	50	66	61	7	52	69	63	14	32	80	70	2	60	51	51	6	89	97	34	48	87	41	1	61	23	32	43	37	23	89	74	66	56	32	28	0	28	14	96	91	39	89	8	62	62	66	78	18	42	5	20	24	14	86	8	16	24	68	7	85	18	56	81	97	77	27	68	86	28	61	98	89	39	46	46	59	99	40	7	25	1	54	81	81	97	21	38	50	66	34	74	22	37	7	36	23	3	14	51	56	27	22	52	62	46	59	13	91	21	15	47	94	27	70	51	8	34	7	36	11	87	46	57	7	99	35	25	56	55	9	33	66	74	89	20	81	52	75	62	29	19	77	18	74	61	34	25	59	46	0	35	53	5	61	82	43	31	52	83	51	31	86	34	15	89	81	41	90	27	80	61	11	19	83	80	25	53	95	55	13	26	30	21	87	39	35	28	74	21	55	2	14	1	15	75	15	16	55	96	24	34	45	33	57	55	90	2	8	76	62	38	47	8	10	26	67	38	17	92	67	89	24	95	19	6	52	87	28	88	11	28	39	97	66	90	33	89	99	48	25	26	73	44	80	69	84	31	21	53	58	95	68	54	29	74	80	33	33	15	42	98	5	13	33	56	73	52	7	53	61	92	30	58	64	96	66	59	68	16	49	7	49	61	57	47	95	87	36	55	79	0	48	87	65	56	11	56	1	5	21	6	31	46	83	18	5	19	26	37	88	88	62	18	8	94	85	5	97	19	81	74	8	79	96	25	97	77	18	0	75	69	65	94	47	27	8	28	5	16	90	64	31	25	39	34	1	52	88	0	1	72	48	98	25	68	19	18	59	49	30	32	34	77	82	57	84	0	93	7	18	49	65	92	63	91	65	0	49	27	22	62	52	47	37	45	96	76	62	44	5	19	27	59	53	6	89	40	80	65	84	17	55	10	11	5	75	81	72	91	54	92	23	34	92	33	85	30	36	55	71	26	79	23	47	34	67	67	96	4	14	46	79	23	70	95	71	56	32	84	44	0	99	18	59	61	32	38	53	46	43	48	88	40	14	47	67	38	35	64	41	10	5	99	3	94	51	17	12	4	75	68	51	18	45	94	31	99	8	21	7	78	4	95	10	34	26	41	61	0	11	94	48	15	
1	12	17	11	9	5	5	13	9	8	5	13	14	6	3	6	5	5	20	11	19	17	8	6	13	11	4	16	13	1	19	2	18	15	7	20	6	18	12	16	19	4	9	4	9	13	3	11	16	19	12	3	11	5	1	20	14	10	2	9	10	6	13	17	20	19	10	6	17	5	19	1	14	1	17	15	16	5	20	17	20	13	17	3	20	10	15	4	11	14	17	7	8	13	12	2	6	4	10	6	16	13	4	19	18	16	14	16	20	14	10	20	9	8	12	13	13	4	14	16	5	3	4	14	7	4	12	12	18	14	19	6	16	5	9	2	18	15	16	9	10	4	8	4	11	1	7	4	20	8	2	14	5	8	17	10	2	1	6	2	2	9	13	3	13	3	12	18	12	3	7	16	12	7	8	1	7	10	12	8	12	16	3	4	1	15	11	3	19	6	12	2	8	1	8	14	19	2	15	7	15	12	11	19	8	2	5	16	15	17	5	9	16	17	1	3	2	3	1	5	13	12	19	19	18	14	16	17	15	15	14	6	13	17	10	11	4	13	10	1	20	8	17	5	19	3	15	15	17	19	6	20	8	13	16	2	14	10	19	1	13	11	3	15	1	5	14	1	5	9	11	11	8	16	13	2	16	7	12	8	9	19	18	10	11	2	19	4	2	3	12	3	4	16	14	10	1	2	2	19	4	6	10	17	4	10	18	1	11	1	19	19	14	17	15	9	6	11	6	15	11	17	17	7	19	18	5	17	6	11	7	19	17	11	3	10	11	6	18	16	5	9	5	6	3	18	17	10	15	12	3	1	10	12	17	14	5	13	3	13	8	7	6	16	17	3	11	2	17	10	15	4	20	16	16	2	20	8	14	10	6	14	6	12	10	18	5	13	3	3	8	15	3	20	5	10	14	20	4	12	11	2	2	9	8	4	8	19	18	12	12	18	14	17	17	4	8	9	10	13	5	5	3	14	8	14	17	13	20	10	10	3	19	8	17	7	18	9	17	1	1	8	10	16	14	17	18	13	18	17	16	5	1	1	19	7	5	14	11	17	3	12	13	14	20	18	2	11	12	11	11	12	17	6	14	6	16	3	19	3	5	6	11	3	14	17	15	4	12	10	5	2	8	5	12	4	8	4	14	2	4	14	8	13	13	8	9	16	3	1	16	4	4	13	7	7	1	9	7	8	12	10	4	14	14	5	10	7	12	13	16	14	5	10	1	2	3	7	9	7	8	5	11	5	4	9	8	9	12	11	7	15	3	11	16	7	4	14	11	6	13	7	14	16	6	15	11	9	1	9	14	7	3	5	7	7	3	14	7	14	9	6	10	14	16	3	16	15	11	16	14	3	4	7	10	15	9	12	4	16	15	4	6	15	15	4	5	13	9	13	7	12	14	2	15	8	1	3	9	16	10	11	14	2	15	10	13	7	15	3	13	5	4	2	3	11	7	16	10	11	1	3	8	14	11	14	12	3	15	2	10	6	11	16	8	5	3	8	1	5	12	9	2	15	1	5	14	9	16	1	3	10	10	1	5	6	3	15	12	9	16	3	12	8	5	5	15	11	2	14	2	5	2	7	6	13	5	8	14	12	11	14	12	4	2	12	4	2	4	11	11	10	4	2	12	2	14	2	6	10	15	8	4	8	15	5	8	10	13	3	16	2	15	1	1	10	14	1	11	15	10	15	15	13	2	3	3	15	15	3	3	7	16	10	5	10	13	11	6	2	7	9	13	10	8	2	16	4	11	10	11	14	10	12	14	7	5	9	10	11	9	16	12	2	3	2	13	16	2	10	14	6	8	8	13	10	10	8	9	10	8	14	4	16	6	13	6	1	15	12	13	4	15	14	3	13	13	9	2	5	9	3	14	6	6	5	7	5	14	14	16	9	9	3	1	16	8	16	10	12	13	11	3	12	1	6	6	7	12	6	14	9	5	8	11	14	14	1	16	8	3	9	5	7	16	16	2	4	5	3	3	7	12	15	2	2	1	8	16	10	7	7	2	11	10	10	14	13	14	10	12	13	3	1	4	13	11	3	3	16	7	1	2	10	3	11	6	3	11	15	1	1	14	1	3	15	8	4	4	16	7	6	16	8	10	13	8	15	8	4	16	12	4	11	3	4	3	16	1	8	1	6	6	8	5	15	5	10	14	14	1	16	15	11	10	16	15	4	16	12	8	12	7	15	8	12	8	7	7	3	14	16	1	11	16	15	9	12	9	14	4	5	16	13	1	1	13	12	2	3	15	2	6	4	3	14	11	13	8	10	11	16	11	7	13	7	13	5	8	6	9	1	11	3	1	3	3	6	13	6	16	14	6	12	5	5	7	5	4	8	11	10	5	4	13	9	5	10	16	10	7	6	4	14	9	15	10	11	9	10	3	8	11	7	2	2	6	2	15	16	8	7	8	10	6	7	4	12	3	7	5	1	16	15	6	12	9	15	5	9	1	15	12	3	10	2	16	8	13	14	8	8	4	8	13	11	7	5	11	11	9	4	16	8	16	9	16	7	14	14	5	8	10	7	3	6	12	3	5	6	14	5	10	14	6	10	7	15	8	1	16	9	12	10	9	11	9	5	13	11	12	6	7	15	7	2	3	1	14	16	9	8	12	13	12	6	7	9	12	7	15	15	14	7	7	6	1	4	5	3	3	6	2	11	6	2	8	13	2	6	5	7	12	1	2	4	10	7	4	10	2	4	3	3	6	12	16	4	3	16	10	5	2	5	10	5	8	10	2	8	7	12	5	7	1	8	14	4	1	7	11	15	11	15	2	11	7	10	6	10	9	3	3	8	13	6	9	16	7	15	1	12	7	16	9	6	14	15	6	15	3	8	8	8	14	4	16	13	14	11	13	2	1	5	13	8	1	12	9	13	2	14	5	4	11	4	5	15	12	15	15	2	14	1	14	16	14	15	6	6	10	8	11	10	3	4	13	3	16	15	5	14	6	6	4	14	12	8	4	13	14	10	14	8	8	8	14	11	9	6	11	4	10	12	14	7	9	5	12	9	5	8	9	3	3	5	3	14	15	4	2	13	7	12	12	8	12	14	6	13	2	6	6	15	13	2	9	11	8	1	8	4	1	11	4	9	13	13	11	12	13	4	4	3	11	10	15	4	8	12	15	12	14	12	5	15	8	3	4	12	16	2	1	13	7	3	5	9	5	3	16	11	10	8	14	5	15	5	5	13	11	14	8	5	13	9	1	2	4	16	16	9	15	13	8	7	6	6	15	5	7	2	16	10	9	3	2	8	11	16	7	7	8	3	10	10	15	16	8	5	1	16	3	9	9	14	14	11	8	9	15	5	13	4	14	7	5	12	5	12	6	13	1	12	2	8	6	7	16	10	4	2	11	13	11	1	16	16	1	1	5	13	15	1	1	13	7	10	5	15	4	8	15	16	7	5	14	7	8	2	2	7	2	6	7	10	9	4	16	11	6	9	11	2	9	5	12	16	8	10	15	14	9	12	3	4	8	7	6	12	10	4	9	8	14	6	1	8	13	7	1	9	10	5	2	4	1	1	5	12	2	5	2	1	2	2	6	16	2	14	15	15	5	2	8	6	16	13	11	13	12	5	6	11	13	8	6	7	10	15	7	9	15	8	2	8	4	7	5	14	4	5	9	16	4	6	11	8	9	15	10	8	1	4	6	1	12	16	15	12	5	4	12	1	3	10	14	1	7	15	8	7	1	9	3	10	11	11	15	7	15	8	7	14	5	5	9	13	3	4	11	12	13	7	10	4	7	15	6	16	3	7	5	6	4	15	9	5	11	7	16	4	7	15	1	14	12	5	2	11	1	4	5	7	8	6	2	9	4	5	2	11	15	8	5	7	2	10	14	10	15	12	11	10	15	10	4	14	16	3	15	13	6	10	12	13	16	13	16	7	6	1	13	2	1	9	16	10	10	4	5	14	13	16	6	10	10	9	5	3	6	10	3	5	8	2	16	14	12	16	10	14	11	16	3	10	7	12	14	11	15	5	14	16	3	1	1	6	8	5	3	4	11	9	1	3	10	14	2	15	15	13	12	11	10	6	14	8	14	3	8	9	10	13	15	15	12	16	8	8	9	8	16	3	1	10	9	2	5	11	1	1	1	1	10	2	7	1	10	10	5	2	6	10	5	1	12	2	13	2	15	6	9	1	1	13	3	16	10	15	16	10	11	8	15	7	10	11	3	15	7	6	11	2	3	6	15	7	9	12	5	5	6	11	12	8	12	16	6	14	12	15	4	2	8	11	7	4	12	5	2	12	12	4	6	16	10	15	10	11	15	8	4	4	1	4	14	14	10	5	11	3	10	4	2	15	8	12	4	7	2	15	13	16	9	6	6	5	13	3	10	2	15	14	7	16	2	10	16	13	1	13	10	13	5	13	13	10	7	4	2	9	14	7	11	10	14	15	10	4	3	9	1	10	11	15	13	7	1	2	15	2	3	13	7	7	2	5	7	16	16	2	15	11	5	3	1	1	2	15	5	16	7	3	2	2	4	2	11	8	14	9	2	14	14	2	10	5	9	16	4	6	5	1	15	3	7	8	3	6	7	15	9	13	16	10	7	3	7	7	6	13	3	15	3	2	9	3	3	9	9	16	10	3	10	10	11	8	9	7	3	3	15	8	2	15	6	13	16	7	7	1	3	9	12	9	5	11	11	5	6	3	6	13	9	2	4	5	11	2	8	7	5	13	12	4	7	7	12	1	14	13	1	4	2	1	3	2	3	6	1	11	12	14	4	12	4	12	1	1	6	16	13	13	8	2	15	16	7	1	14	10	7	12	11	11	10	13	10	9	3	9	3	3	10	2	14	16	13	14	4	8	8	13	4	4	6	14	3	1	10	10	12	4	14	14	7	15	5	3	9	12	6	13	9	15	5	13	14	16	10	13	15	1	1	14	13	4	12	5	4	3	16	7	15	15	4	10	6	11	13	8	7	9	4	7	5	12	5	12	15	7	14	3	15	16	3	2	10	10	11	6	6	16	8	2	5	14	15	10	7	12	8	10	4	16	6	9	14	6	5	16	1	14	3	4	11	10	4	3	7	1	6	9	5	11	7	10	10	4	1	7	10	14	9	13	13	16	1	7	14	9	3	13	13	5	12	3	1	11	7	11	3	6	13	4	16	7	3	1	16	11	1	15	6	4	4	13	14	7	6	6	4	3	15	10	16	7	2	16	8	14	14	12	4	3	13	4	2	4	11	2	9	2	12	1	8	12	16	15	5	15	7	4	16	4	11	9	14	6	16	16	2	10	2	3	4	12	15	11	9	16	16	16	9	3	3	2	5	16	3	11	9	3	4	10	1	5	1	4	15	2	2	14	16	3	6	8	10	16	7	13	14	6	6	5	3	7	6	9	10	13	11	3	12	4	7	16	1	1	6	15	9	3	8	12	13	15	9	6	16	9	7	8	1	6	3	8	16	16	13	10	9	13	12	11	3	9	9	10	7	1	3	2	6	4	4	14	7	8	16	10	11	9	14	8	7	16	2	7	14	5	10	6	6	6	1	12	7	12	12	4	11	11	8	7	5	4	16	5	5	1	2	3	14	3	6	11	8	14	9	13	13	6	3	16	4	13	13	14	5	15	12	5	14	12	6	10	8	2	12	11	16	10	1	13	10	12	11	4	14	10	6	15	2	16	10	16	6	9	11	16	14	7	8	12	3	15	12	9	1	1	16	4	12	5	2	5	11	12	9	2	15	9	2	9	14	5	7	1	8	15	9	13	16	8	5	8	10	16	15	15	8	7	4	11	7	15	6	13	14	12	6	5	3	16	3	15	5	13	1	14	7	12	11	15	6	1	13	16	16	15	16	10	4	7	1	10	9	15	15	2	2	5	8	10	10	7	8	4	5	14	9	16	6	8	12	9	9	14	9	13	8	13	5	7	2	14	15	3	14	8	15	15	2	10	14	11	7	2	7	4	13	6	7	6	11	1	13	15	15	7	9	15	5	3	9	5	6	10	16	10	6	3	13	12	16	6	5	15	8	12	3	6	3	4	2	13	2	10	15	10	10	12	8	12	13	6	2	13	9	11	4	5	15	8	14	5	5	8	10	7	3	15	1	16	1	7	16	4	9	12	9	3	5	9	14	10	15	11	10	7	16	11	15	10	1	4	2	1	15	13	8	12	7	5	12	13	6	3	1	10	12	6	15	3	13	16	3	6	16	7	9	10	7	6	12	7	14	15	13	10	15	1	14	10	14	10	1	4	16	10	1	9	9	6	6	4	5	7	11	13	11	13	10	5	2	12	9	16	10	1	5	16	16	12	13	16	10	12	13	8	5	6	12	15	13	2	12	11	6	4	1	6	9	6	14	14	15	5	14	1	2	11	14	15	2	4	2	4	11	15	13	9	15	11	11	10	11	6	13	7	5	14	5	8	11	1	4	16	16	5	11	8	5	1	7	15	16	4	11	4	2	5	12	3	15	1	1	5	12	12	3	14	10	5	14	5	1	7	9	9	8	8	15	7	8	15	10	2	3	13	9	12	13	6	11	7	8	9	14	5	14	4	13	7	11	11	7	9	6	10	11	16	8	15	7	14	10	13	1	14	7	9	2	5	7	7	14	14	3	8	16	14	5	6	5	4	1	11	1	15	10	6	14	8	2	16	14	7	15	14	12	9	14	13	12	14	12	16	9	3	16	10	4	8	15	10	7	7	9	6	11	5	12	14	9	5	8	15	12	7	4	15	10	5	6	4	8	12	9	11	16	8	3	14	5	6	15	7	12	2	15	11	11	15	5	14	10	16	9	9	15	2	14	6	16	3	10	5	5	15	16	13	1	16	14	10	7	6	10	13	5	11	2	4	11	4	5	16	12	2	5	10	13	1	16	5	6	14	12	1	12	10	12	6	11	16	11	14	3	3	11	7	9	6	16	1	10	7	15	16	16	16	13	11	5	12	5	12	7	2	4	14	10	11	15	13	4	7	11	14	1	8	1	6	15	3	3	2	4	1	6	13	12	9	6	2	10	7	6	15	15	11	1	14	6	10	1	6	11	5	10	13	1	3	4	2	6	10	11	8	2	6	1	8	11	5	4	3	16	5	4	16	8	5	7	7	2	10	15	2	1	14	6	9	12	2	4	14	13	2	13	8	10	10	1	7	5	6	6	15	12	16	15	4	4	10	4	15	9	14	15	7	3	5	13	8	8	13	15	5	9	1	1	11	8	14	10	15	16	11	7	3	5	14	14	2	15	9	4	4	11	11	2	3	15	3	13	16	14	16	11	6	8	8	1	13	9	4	13	1	6	2	15	10	1	13	11	12	13	8	1	4	15	10	2	8	8	4	3	4	7	8	15	2	5	6	5	13	4	5	5	4	2	9	11	1	7	11	7	14	2	13	4	10	5	2	12	16	15	14	3	16	6	5	5	14	10	7	6	4	9	6	12	15	12	1	16	8	5	9	3	5	6	6	8	15	4	15	16	5	13	14	12	5	12	2	11	12	14	1	5	1	16	10	2	5	10	3	1	7	5	16	11	7	6	15	14	9	14	12	16	13	12	13	4	3	4	9	15	10	10	16	15	16	4	5	15	1	9	4	14	16	10	5	16	14	15	2	11	11	10	6	13	9	11	8	9	15	4	6	13	14	15	3	10	12	1	15	2	11	10	13	7	2	16	8	3	1	16	10	2	7	7	15	2	8	4	3	16	15	4	12	13	9	13	15	14	5	2	1	8	8	10	12	9	16	11	7	15	11	9	10	13	14	9	5	3	9	10	7	16	3	8	12	5	2	11	1	16	8	10	1	2	6	12	7	15	10	14	10	16	12	6	11	8	8	8	13	16	5	15	9	3	2	6	16	2	12	16	4	7	13	13	8	8	6	6	10	16	1	7	14	1	15	6	9	9	4	7	1	1	8	15	15	4	10	11	4	1	3	1	11	5	7	11	15	5	3	11	14	13	3	5	16	9	3	4	5	15	2	10	7	13	2	14	2	9	1	11	10	8	3	14	16	7	16	2	4	3	1	6	1	8	12	11	10	8	7	7	15	9	16	16	9	1	11	7	14	12	14	9	4	16	1	7	5	1	16	1	6	1	15	8	14	7	11	4	3	14	12	11	8	3	8	1	16	1	10	1	12	3	7	9	12	15	7	1	6	15	16	13	1	5	10	16	3	3	5	1	5	2	12	16	6	13	2	1	6	13	16	5	11	7	5	7	10	10	3	5	2	10	7	10	13	2	5	2	16	1	7	3	14	2	6	1	5	8	1	5	14	14	16	11	2	13	7	5	13	16	6	11	1	16	16	3	2	7	6	9	16	9	1	3	8	12	12	8	8	1	1	7	11	2	9	12	11	14	3	13	1	7	2	12	3	9	3	16	11	8	4	5	2	1	1	5	10	5	3	3	11	3	13	6	11	5	11	16	7	12	13	4	6	6	7	11	1	13	5	4	2	4	4	5	11	3	4	3	14	14	9	7	13	8	16	4	2	1	3	2	3	15	3	5	11	13	13	11	1	15	6	1	9	5	3	16	7	8	10	6	15	3	14	11	8	16	6	3	7	9	6	4	5	5	8	11	15	13	15	10	6	7	10	7	5	6	15	3	1	14	11	8	10	11	7	15	3	6	4	5	15	11	10	15	3	12	6	3	12	16	14	10	9	15	8	11	13	14	7	15	15	15	7	6	4	2	11	10	13	15	8	13	14	5	9	15	4	5	15	16	6	7	7	9	1	5	1	12	1	5	6	3	1	10	7	2	7	15	5	5	10	1	10	5	13	11	11	15	4	11	2	1	1	10	2	4	15	9	2	3	8	16	3	13	4	15	6	15	3	15	5	11	6	1	14	1	7	6	3	10	10	8	11	11	11	13	13	3	3	14	16	14	12	16	16	10	8	1	13	15	2	5	15	4	13	15	6	6	3	13	1	4	16	9	8	15	13	1	2	2	7	11	15	10	11	5	16	14	15	6	16	2	1	3	1	2	14	15	14	12	8	12	14	14	2	9	6	3	4	3	12	10	3	1	7	10	6	5	1	2	7	16	12	7	9	9	1	8	7	12	2	9	2	12	12	5	7	3	2	9	5	6	6	6	10	13	4	13	7	12	15	11	11	4	12	15	10	16	10	15	7	1	10	7	3	8	3	4	9	3	15	2	11	5	10	1	9	16	1	10	2	2	16	15	1	2	7	6	2	7	11	13	11	6	10	2	11	6	15	14	9	16	9	5	11	12	14	8	6	2	6	1	11	15	9	2	6	2	13	16	15	3	10	7	7	11	11	4	8	6	3	7	6	4	6	1	15	8	11	4	7	4	5	8	9	14	6	2	10	10	8	8	7	2	15	10	4	7	7	4	8	1	3	15	7	8	4	5	13	8	3	3	16	14	8	10	5	10	3	2	4	12	6	6	3	11	2	11	3	10	12	16	7	1	10	5	8	8	14	4	8	6	10	8	15	3	10	3	6	14	10	3	4	8	2	9	15	7	10	8	4	8	4	2	2	14	2	1	11	12	10	1	13	2	9	1	8	16	9	1	5	6	14	8	9	16	11	8	1	3	6	13	9	5	12	14	15	10	9	9	1	3	6	16	9	8	7	13	14	16	13	7	11	5	14	10	3	2	13	1	15	5	6	10	7	11	8	4	3	15	9	12	3	13	2	6	6	15	10	11	13	7	5	3	4	4	16	10	13	1	7	13	13	11	16	3	3	16	6	9	15	16	3	8	3	1	15	3	7	10	3	9	2	1	5	13	14	14	3	9	5	7	4	6	13	13	6	11	10	15	9	1	2	1	1	9	4	3	10	3	14	16	14	16	8	11	2	11	12	7	16	7	15	5	6	14	5	5	8	9	13	8	5	13	11	1	15	10	2	7	1	8	2	10	16	14	15	2	10	7	3	1	2	6	6	8	14	14	1	15	11	3	10	4	14	4	13	16	9	4	12	14	4	14	2	2	7	10	2	8	9	16	9	15	3	16	14	13	15	16	3	14	14	3	16	2	1	13	5	7	8	11	14	5	4	12	11	5	15	12	11	14	9	6	10	11	4	8	12	2	11	11	16	12	6	8	3	11	8	2	13	1	8	4	4	1	1	8	1	11	15	8	11	5	
610	760	430	460	220	720	440	620	160	830	660	780	930	550	480	660	240	580	820	340	630	970	410	1000	780	190	220	610	580	800	870	850	820	990	910	400	600	260	140	620	760	100	890	750	610	540	280	850	250	990	790	920	770	390	800	710	780	380	930	630	620	590	620	260	740	500	640	530	790	310	610	730	470	150	500	690	340	830	990	200	360	330	480	520	400	830	570	160	340	240	680	350	370	280	740	100	470	310	510	170	890	990	810	270	110	420	630	890	280	630	940	420	820	430	790	860	360	680	680	480	460	620	440	750	680	890	700	520	100	540	710	220	170	670	140	140	860	790	320	360	460	110	170	850	720	590	180	450	900	870	350	660	240	900	400	980	970	870	450	760	560	370	310	910	440	210	450	580	970	680	710	250	120	310	700	630	250	820	440	180	210	590	620	120	920	110	540	300	340	170	130	890	260	830	520	490	980	870	970	570	550	960	100	690	280	330	700	840	400	420	870	270	360	960	710	580	610	340	240	670	620	720	780	980	210	210	460	850	950	320	540	990	1000	640	110	570	160	190	730	820	330	820	750	170	840	430	620	240	700	1000	970	320	560	480	830	450	990	780	440	710	250	970	280	270	240	940	210	310	830	820	220	780	610	590	610	150	890	240	970	200	720	810	340	470	910	540	480	850	330	460	980	900	970	500	500	690	270	100	870	510	120	1000	310	530	930	640	240	230	570	220	260	630	910	730	500	360	210	520	150	530	830	680	690	640	650	580	830	820	970	870	300	690	260	970	110	290	700	350	600	470	790	180	530	850	840	770	840	640	880	550	710	510	470	640	610	530	800	320	960	180	310	540	660	500	320	590	610	820	570	350	100	210	170	920	280	840	790	280	900	610	340	140	890	650	730	520	970	840	290	150	630	270	450	800	1000	500	610	250	830	590	850	970	950	150	150	820	350	110	710	310	200	710	970	790	830	170	640	930	110	470	480	180	600	620	640	680	520	790	270	100	100	720	850	390	580	420	120	950	780	620	820	110	520	300	110	770	700	920	350	300	780	530	620	470	140	440	170	480	310	590	370	220	190	320	630	590	920	240	970	560	740	730	280	750	120	400	770	220	700	310	730	460	350	140	910	210	180	840	940	220	340	310	580	250	320	890	560	250	610	470	540	960	100	390	490	560	540	710	900	680	870	960	320	220	870	840	170	760	880	860	110	840	480	480	580	550	380	170	910	260	160	230	480	260	740	520	660	320	310	110	390	440	240	540	420	740	190	790	990	900	840	900	820	100	630	620	410	660	800	530	730	920	170	820	150	330	580	110	960	500	550	110	460	300	100	530	300	890	780	260	730	210	510	980	820	500	850	240	310	130	640	330	520	570	100	520	530	940	880	100	960	460	430	850	390	850	280	240	100	990	830	920	130	910	410	920	950	430	810	960	770	770	590	670	850	410	340	300	620	560	780	810	320	360	430	810	480	660	340	280	840	130	730	920	460	900	920	130	820	940	460	270	790	490	550	260	380	950	870	500	600	780	100	130	450	200	900	750	670	370	910	230	240	800	660	800	750	710	940	280	920	490	540	830	170	370	480	140	580	320	180	820	640	650	240	170	740	840	520	170	670	570	500	130	990	730	280	870	780	410	780	130	110	250	840	170	600	790	770	490	860	990	770	830	170	230	880	310	610	150	110	750	110	450	550	400	300	680	580	680	930	780	190	290	830	690	730	740	520	410	780	420	500	700	620	990	850	510	370	680	880	140	110	510	910	180	430	140	570	430	970	150	340	510	530	320	320	660	990	970	290	890	630	380	950	130	760	560	610	360	890	600	670	250	100	820	650	610	700	270	160	290	510	830	730	950	290	710	210	510	210	480	380	350	720	520	380	860	580	190	200	810	350	210	990	960	140	700	250	140	180	190	180	210	960	100	700	240	710	650	860	340	140	110	470	510	480	840	620	610	620	600	630	240	790	360	310	180	850	380	160	130	830	390	530	870	870	530	780	150	650	890	600	910	690	240	970	150	520	550	180	770	530	270	570	220	250	850	350	930	450	110	630	1000	700	710	910	750	140	460	810	560	330	330	950	890	470	960	180	970	170	290	310	660	320	260	740	460	810	220	960	730	670	510	290	710	120	180	590	700	840	550	180	890	360	950	730	540	420	310	550	890	240	990	910	580	110	880	900	290	420	460	460	120	350	830	390	920	550	480	100	500	340	710	990	800	1000	440	910	320	320	160	600	700	690	470	100	900	580	250	700	830	780	330	210	250	900	480	170	490	390	610	410	830	630	500	560	110	150	910	930	230	640	500	560	670	590	780	970	430	570	720	870	230	190	350	620	440	210	230	330	480	760	230	270	140	530	390	330	250	610	250	210	770	280	340	980	690	840	710	580	340	870	780	210	120	770	320	640	480	200	760	780	940	560	940	500	650	630	130	190	620	340	930	650	660	550	600	760	440	430	320	210	300	440	260	310	340	300	270	340	670	560	360	300	920	530	540	670	850	620	250	190	410	520	520	170	340	960	180	760	500	650	960	720	270	700	310	690	460	410	840	590	350	640	440	600	540	160	440	770	740	280	660	940	460	910	970	310	380	470	480	700	950	420	830	850	380	530	670	860	870	380	870	830	400	350	500	370	630	290	740	320	410	830	750	900	180	780	680	580	580	660	600	550	250	180	600	590	710	630	890	290	470	200	760	890	790	790	460	610	670	220	310	380	880	210	340	490	950	470	820	870	600	120	890	680	870	920	100	670	260	140	590	170	370	790	920	920	260	280	300	730	120	360	910	770	250	130	940	920	550	140	750	210	250	670	380	830	870	200	340	280	750	330	660	210	540	710	180	570	260	440	740	150	220	150	660	510	240	530	520	690	420	430	720	180	710	740	170	680	660	1000	400	420	710	360	150	130	640	820	210	240	630	230	830	670	850	280	620	960	620	160	560	610	920	790	320	390	130	200	510	670	530	250	900	140	520	670	150	100	250	230	180	840	400	100	210	460	910	990	890	180	410	150	550	730	590	1000	360	500	740	980	400	730	830	1000	250	130	610	460	340	290	660	960	880	550	280	610	480	660	220	850	800	880	970	890	770	240	570	240	210	780	590	440	380	980	690	280	320	600	590	670	420	620	690	240	160	280	530	280	270	600	140	990	510	850	910	250	310	470	890	540	470	150	730	940	570	680	970	710	700	200	270	590	420	120	380	340	250	300	210	580	440	410	110	740	840	190	650	210	180	740	870	320	320	480	430	430	900	430	740	290	700	570	920	990	850	470	650	740	430	360	280	580	510	100	370	780	910	990	440	570	690	550	300	220	640	450	580	700	880	290	300	850	830	980	650	750	360	680	510	610	360	780	670	690	910	440	730	440	680	370	750	150	630	970	870	750	420	500	380	140	160	630	240	500	380	300	980	130	180	690	420	730	690	890	890	220	720	550	970	460	610	480	660	710	230	270	630	680	950	220	490	520	250	660	530	120	640	640	340	220	390	370	490	460	710	880	400	780	460	420	110	650	620	710	200	920	980	570	140	410	240	540	950	740	170	900	110	890	270	790	960	440	550	490	750	220	770	520	390	140	980	930	590	230	710	660	450	970	800	480	900	670	900	380	950	580	790	860	430	140	190	540	670	100	100	860	540	500	440	430	970	650	740	740	570	570	390	540	740	790	860	320	390	370	600	350	710	610	690	450	300	230	840	820	990	780	830	150	110	590	480	580	620	170	590	680	170	290	930	620	120	290	450	650	450	840	620	320	370	520	140	650	480	250	420	640	210	610	250	140	280	140	430	410	270	310	650	290	970	820	460	280	710	710	870	810	780	520	460	220	840	740	400	980	750	760	510	470	620	250	580	740	380	430	300	540	620	780	610	340	410	640	210	520	220	420	710	330	470	940	870	380	530	320	420	180	140	300	950	650	750	260	710	530	540	930	900	440	790	820	850	150	980	800	780	630	460	460	790	370	360	710	370	440	630	500	580	780	250	520	100	590	870	300	570	280	720	210	810	660	790	860	260	610	660	400	940	580	520	440	960	610	700	190	710	630	320	220	170	600	580	860	470	520	760	310	610	150	620	160	290	950	500	640	510	400	460	960	840	130	170	880	840	840	130	350	410	360	270	350	370	970	800	780	420	430	290	250	340	120	920	250	130	880	730	220	490	150	290	390	680	980	430	870	250	340	390	250	840	980	1000	100	400	540	960	910	880	980	470	580	770	870	140	210	820	380	310	450	190	840	790	650	360	170	900	740	510	310	800	880	600	690	830	380	470	720	810	400	860	560	850	670	520	820	620	810	920	600	360	940	760	730	290	850	540	560	240	570	180	540	500	400	470	490	900	180	330	340	500	180	630	660	270	460	710	450	360	950	440	550	500	270	760	120	880	900	930	900	440	650	550	910	340	600	140	250	320	410	390	600	300	360	890	610	210	750	320	900	840	980	520	170	450	270	970	320	290	490	350	380	980	750	450	550	980	210	470	410	290	840	390	860	1000	540	910	240	880	520	440	810	190	360	410	650	980	480	1000	760	190	790	570	610	390	640	310	1000	860	440	620	260	860	640	250	990	850	610	300	160	990	470	350	690	410	320	710	380	590	740	490	430	100	910	670	220	340	480	190	190	990	250	670	690	900	480	210	950	970	680	260	290	690	320	120	610	100	880	800	410	910	590	300	500	950	700	160	840	790	200	420	350	170	220	420	160	140	760	470	910	930	630	180	990	150	110	740	840	940	160	840	670	700	960	750	170	340	580	890	110	840	290	100	140	180	870	800	950	880	270	930	140	280	500	420	770	960	480	120	380	850	730	480	790	460	130	740	560	570	770	880	730	650	520	820	180	290	760	530	810	300	870	500	220	1000	430	890	310	220	970	100	310	300	720	470	660	910	830	820	530	1000	680	660	650	410	670	810	380	190	270	720	650	490	710	970	200	890	670	1000	980	380	660	690	970	890	630	220	610	990	650	360	900	240	620	800	660	100	430	700	670	630	950	610	500	400	310	320	660	610	200	280	600	610	460	960	920	440	940	120	900	940	830	810	230	710	100	200	710	620	960	910	850	180	960	540	190	710	830	130	210	740	720	700	270	660	640	730	810	890	550	460	190	300	980	800	490	280	300	330	340	530	220	730	440	910	380	150	150	320	620	300	730	880	470	620	210	420	480	440	650	510	290	950	910	680	950	230	330	760	290	120	240	990	750	530	940	860	130	230	140	720	510	560	560	390	360	680	390	460	420	450	110	730	340	940	630	210	630	300	800	400	340	380	810	220	880	480	210	950	550	880	670	670	870	500	970	490	200	560	190	700	210	950	390	700	940	740	810	940	220	940	430	210	700	530	800	930	840	290	920	750	140	490	310	680	1000	190	370	960	840	500	540	230	640	450	280	430	320	510	460	790	240	570	580	530	370	660	170	320	490	210	860	890	810	310	200	680	810	330	900	990	260	810	930	160	210	360	300	380	740	500	350	150	170	440	330	280	760	740	360	550	880	130	850	110	140	870	690	860	680	790	720	240	320	270	410	650	260	640	470	650	830	910	980	490	830	380	300	480	430	810	240	270	300	550	590	850	190	950	490	910	150	200	300	480	860	100	600	310	480	780	390	350	990	470	600	460	800	310	250	360	370	860	240	620	1000	680	930	880	750	890	110	630	130	400	180	270	830	980	850	480	370	630	220	180	280	840	500	150	170	390	540	580	740	680	340	390	820	890	110	970	970	500	440	210	960	400	360	150	800	590	580	990	270	870	830	800	510	750	170	500	320	280	680	710	230	220	130	280	190	110	810	760	950	230	780	520	380	300	310	480	600	550	720	620	730	500	740	630	810	540	990	550	830	330	370	320	640	660	980	610	210	1000	640	440	510	440	990	850	470	740	370	600	920	160	700	960	310	160	610	280	980	670	530	930	430	470	220	210	840	590	700	450	890	310	990	280	840	950	660	890	500	170	250	280	900	310	760	510	810	840	440	270	390	730	510	450	620	470	550	850	420	940	530	440	750	980	280	520	910	420	350	500	490	890	850	270	830	810	590	360	610	650	300	370	730	910	1000	560	210	320	300	920	200	280	290	330	110	910	800	780	910	430	200	790	800	400	690	500	170	880	220	210	450	840	410	670	470	660	840	880	400	960	900	830	490	320	900	860	490	720	960	420	400	760	930	150	890	620	540	180	330	670	420	220	640	240	100	630	790	570	620	800	150	660	720	220	820	730	580	410	200	950	380	460	370	900	330	900	290	880	750	990	580	350	640	250	290	750	700	340	150	620	850	650	800	870	720	950	170	680	670	180	510	830	710	150	370	610	450	760	150	530	380	630	260	850	380	110	530	580	110	810	340	820	100	980	1000	900	400	460	480	260	910	400	820	750	810	100	990	980	670	460	360	570	240	190	280	140	380	530	270	980	200	870	410	900	570	710	280	540	980	340	470	390	960	150	110	180	200	360	970	280	610	400	220	170	750	1000	840	860	270	310	100	280	690	790	980	230	240	410	810	910	600	580	100	230	610	550	910	310	130	620	220	170	940	120	290	420	330	750	620	220	420	290	100	610	520	100	350	550	310	850	100	470	800	740	520	440	290	870	260	630	770	370	930	980	740	590	570	640	100	390	540	280	280	910	160	530	310	170	750	580	800	860	670	280	730	700	990	620	870	170	120	740	680	580	100	680	240	180	570	860	760	570	870	490	800	890	520	370	630	810	510	680	450	690	270	900	140	530	840	200	330	950	610	740	500	980	160	450	370	350	680	490	200	230	830	620	220	320	500	310	160	100	720	270	260	960	830	950	910	650	130	940	930	920	660	960	970	360	780	910	120	760	930	890	330	860	550	230	890	670	110	360	280	300	880	110	400	670	830	230	200	520	160	410	520	1000	580	480	420	930	500	790	820	1000	570	860	830	960	750	870	360	490	230	780	360	540	770	760	990	220	880	520	660	380	600	390	810	780	100	900	150	510	250	290	350	360	140	510	900	470	840	810	150	640	150	380	220	780	600	100	310	250	160	330	270	550	470	690	110	460	510	120	480	410	920	430	670	350	230	600	600	350	670	270	710	530	290	690	480	140	920	560	990	570	480	930	750	530	610	190	730	650	620	820	740	730	190	690	590	460	490	340	590	450	750	300	890	950	230	150	900	240	830	440	580	880	350	950	930	480	530	750	190	540	260	180	960	920	970	570	480	970	920	390	390	960	760	320	300	700	900	860	340	650	870	130	240	470	760	600	400	990	870	270	410	660	130	290	520	940	650	230	300	210	100	970	660	980	300	540	550	750	280	170	710	480	540	870	730	670	110	820	560	310	160	530	510	690	130	680	210	840	920	230	1000	820	920	770	960	180	800	720	130	920	810	320	650	720	430	160	150	290	110	830	640	780	130	620	180	800	790	260	840	380	400	300	620	320	710	230	620	870	220	250	490	260	680	900	510	940	870	770	440	570	490	930	420	210	120	870	530	140	590	450	850	600	480	130	150	710	130	340	120	600	580	950	430	500	370	600	550	210	140	450	630	660	760	150	570	660	600	850	850	690	760	420	750	360	560	840	620	620	810	790	460	220	290	650	390	730	560	100	200	460	930	240	830	790	420	580	280	260	360	460	440	830	320	660	600	290	440	290	140	440	350	210	720	990	520	590	100	230	550	850	650	750	780	230	640	660	630	120	610	920	120	150	430	270	230	460	920	510	590	210	720	300	340	340	250	390	470	550	930	840	810	340	100	690	340	810	270	340	890	780	870	580	490	780	150	810	840	970	710	750	910	570	960	360	550	160	570	380	700	380	840	440	250	490	280	560	190	420	570	240	360	640	980	240	500	1000	100	140	790	550	490	760	230	970	350	820	930	570	120	600	230	770	840	330	240	880	880	110	270	380	370	890	390	780	510	340	860	870	870	960	640	380	550	100	140	100	590	370	420	280	140	850	920	770	470	640	480	970	130	260	500	800	390	370	210	220	590	820	340	910	350	130	340	620	370	410	430	430	360	800	940	590	870	790	800	900	880	530	300	210	540	690	520	990	410	550	590	510	260	850	510	610	790	250	830	800	760	110	650	370	140	720	270	580	150	910	910	870	470	200	210	170	890	960	600	440	290	410	190	760	700	320	610	890	320	750	820	200	230	430	960	890	340	580	680	830	130	980	210	720	860	310	740	300	100	240	160	240	550	980	100	880	710	320	630	590	480	400	310	270	440	600	620	370	960	390	760	730	390	190	220	550	460	570	590	400	830	290	490	470	230	250	970	270	270	410	490	560	940	1000	710	250	330	530	440	160	390	650	540	950	420	250	670	830	120	280	240	640	960	740	930	680	110	950	930	390	960	1000	770	130	480	430	210	600	660	190	280	1000	510	740	140	160	120	920	770	780	700	370	290	910	540	420	720	530	500	870	720	380	190	790	780	640	560	870	260	580	160	100	920	800	770	780	530	890	870	870	740	660	630	960	580	680	520	770	930	600	690	630	130	810	780	890	940	460	290	580	740	390	530	810	920	270	710	110	820	970	120	460	230	890	130	220	750	380	820	380	790	140	120	200	160	470	190	990	500	120	160	220	230	130	620	580	250	430	720	380	420	610	200	620	480	780	120	990	930	410	530	560	970	750	430	100	800	290	370	810	530	710	290	490	560	280	260	540	240	500	100	780	750	300	410	240	200	370	960	530	320	660	620	340	250	600	150	410	510	770	350	140	150	550	420	120	380	240	200	480	110	530	460	750	110	370	490	300	260	790	190	770	130	300	200	230	250	400	620	780	800	950	510	800	970	400	510	220	220	110	740	310	890	540	800	430	780	440	700	140	190	790	500	610	500	960	640	230	970	690	800	990	670	100	990	590	620	230	460	460	830	860	750	660	170	830	400	650	220	690	490	530	770	700	220	310	670	810	980	680	660	200	780	170	230	550	310	380	650	230	270	650	160	360	120	790	160	260	350	330	840	550	850	490	270	100	980	190	810	240	120	770	860	340	640	520	1000	400	620	560	320	140	430	720	850	960	690	420	930	140	290	620	250	340	340	250	360	370	680	920	670	440	230	990	700	860	830	890	570	960	860	730	100	400	270	410	260	260	600	760	760	200	830	950	910	500	940	200	340	370	290	500	1000	910	430	540	870	750	790	620	180	770	940	280	970	510	610	300	710	530	110	830	680	930	100	490	330	160	150	480	940	850	780	620	830	690	500	140	260	240	650	100	530	220	590	540	620	240	730	740	650	510	790	990	130	820	400	320	260	250	270	210	230	840	700	150	490	370	250	580	190	960	130	550	570	800	580	970	260	580	180	160	100	160	830	450	790	490	820	420	100	560	380	410	850	870	930	900	630	540	100	720	660	870	520	650	510	390	880	310	580	140	490	430	840	700	490	480	350	940	480	250	680	200	610	900	530	740	800	830	980	380	980	620	920	990	940	310	950	750	310	490	750	150	450	760	420	640	920	730	540	630	530	700	610	680	600	180	540	810	980	490	1000	780	440	950	630	720	180	390	450	760	320	170	500	650	720	960	670	430	330	730	440	260	110	490	300	490	170	250	460	210	670	970	220	250	510	920	610	450	790	130	770	890	190	460	920	650	150	840	240	500	460	930	350	160	330	630	980	660	110	480	100	520	810	720	570	160	520	790	970	240	550	820	260	210	480	250	550	140	790	960	960	530	730	870	490	840	510	380	700	460	890	860	100	100	950	860	610	530	370	180	990	410	590	490	580	160	110	300	660	830	720	410	830	550	510	160	980	910	210	190	820	450	820	990	670	640	580	640	310	330	980	260	850	600	920	1000	570	720	950	920	590	880	420	690	340	330	300	180	940	550	150	770	580	130	920	530	620	800	480	850	500	900	130	510	490	290	270	400	510	620	460	150	920	700	550	950	960	710	910	100	530	680	580	710	370	870	630	420	510	950	720	1000	200	540	130	750	400	920	540	910	500	170	560	180	960	430	680	200	710	200	140	440	740	910	210	720	100	210	520	350	190	250	670	860	180	360	830	710	110	740	920	790	860	740	790	930	730	470	180	360	100	330	360	300	620	700	390	270	460	510	970	940	420	260	340	330	930	620	520	390	290	420	950	750	790	260	610	850	410	360	910	300	670	280	180	930	310	120	940	800	690	750	250	240	170	260	750	830	150	170	110	710	730	150	750	820	400	590	180	870	880	410	470	960	800	940	140	880	820	
100
