4455
100
2
90
0	0	0	500	0	0	0	0	0	500	0	500	500	0	0	0	0	0	0	500	0	0	0	0	0	0	0	0	0	500	0	0	0	0	0	0	0	0	0	0	0	0	0	0	500	0	0	0	0	0	0	0	0	0	0	0	0	0	0	0	0	0	0	0	0	0	0	500	0	0	0	0	0	0	0	0	0	0	0	0	0	0	0	0	0	0	0	0	0	0	0	0	0	0	0	0	0	0	0	0	
0	0	0	0	0	0	0	0	0	0	0	0	0	0	0	0	0	0	500	0	0	0	0	0	0	0	0	0	0	0	0	0	0	0	0	0	0	0	0	0	0	0	0	0	0	0	0	0	0	0	0	0	0	0	0	0	0	0	0	0	0	0	0	0	0	0	0	0	0	0	0	0	0	500	0	0	0	0	0	0	0	0	0	0	0	0	0	0	0	0	0	0	0	0	0	0	0	0	0	0	
0	0	0	0	0	0	0	0	0	0	0	0	0	0	0	0	0	0	0	0	0	0	0	0	0	0	0	0	0	0	0	0	0	0	0	0	0	0	0	0	0	0	0	0	0	0	0	0	0	0	0	0	0	0	0	0	0	0	0	0	0	0	0	0	0	0	0	0	0	0	0	0	0	0	0	500	0	0	0	0	0	0	500	0	0	0	0	0	0	0	0	0	0	0	0	0	0	0	0	0	
500	0	0	0	0	0	0	500	0	0	0	0	0	0	0	0	0	0	0	0	0	0	0	0	500	0	0	0	0	0	0	0	0	0	0	0	0	0	0	0	0	0	0	0	0	0	0	0	0	0	0	0	0	0	0	0	0	0	0	0	0	0	0	0	0	0	0	0	0	0	0	0	0	0	0	0	0	0	0	0	0	0	0	0	0	0	0	0	0	0	0	0	0	0	0	0	0	0	0	0	
0	0	0	0	0	0	0	0	0	0	0	0	0	0	0	0	0	0	0	0	0	0	0	0	0	0	0	0	0	0	0	0	0	0	0	0	0	0	0	0	0	500	0	0	0	0	0	0	0	0	0	0	0	500	0	0	0	0	0	0	0	0	0	0	0	0	0	0	0	0	0	0	0	0	0	0	0	0	0	0	0	0	0	0	0	0	0	0	0	0	0	0	0	0	0	0	0	0	0	0	
0	0	0	0	0	0	0	0	0	0	0	0	0	0	0	0	0	0	0	0	0	0	0	0	0	0	0	0	0	0	0	0	0	0	0	0	0	0	0	0	0	0	0	0	0	0	0	0	0	0	0	500	0	0	0	0	0	0	0	0	0	0	0	0	0	0	0	0	0	0	0	0	500	0	0	0	0	0	0	0	0	0	0	0	0	0	0	0	0	0	0	0	0	0	0	0	0	0	0	0	
0	0	0	0	0	0	0	0	0	0	0	0	0	0	0	0	0	0	0	0	0	0	0	0	0	0	0	0	0	0	0	0	0	500	0	0	0	0	0	0	0	0	0	0	0	0	0	0	0	0	0	0	0	0	0	0	0	0	0	0	0	0	0	0	0	0	0	0	0	0	0	0	0	0	0	0	0	0	0	0	0	0	0	0	0	0	0	0	0	0	0	0	0	0	0	500	0	0	0	0	
0	0	0	500	0	0	0	0	0	0	0	0	0	0	0	0	0	0	0	0	0	0	0	0	0	0	0	0	0	0	0	0	0	0	0	0	0	0	0	0	0	0	0	0	0	0	0	0	0	0	0	0	0	0	0	0	0	0	0	500	0	0	0	0	0	0	0	0	0	0	0	0	0	0	0	0	0	0	0	0	0	0	0	0	0	0	0	0	0	0	0	0	0	0	0	0	0	0	0	0	
0	0	0	0	0	0	0	0	0	0	0	0	0	0	0	0	0	0	0	0	0	0	0	0	0	0	0	0	0	0	0	0	0	0	0	0	0	0	0	0	0	0	0	0	0	0	0	0	0	0	0	0	0	0	0	0	500	0	0	0	0	0	0	0	0	500	0	0	0	0	0	0	0	0	0	0	0	0	0	0	0	0	0	0	0	0	0	0	0	0	0	0	0	0	0	0	0	0	0	0	
500	0	0	0	0	0	0	0	0	0	500	0	0	0	500	0	0	0	0	0	0	0	0	0	0	0	0	0	0	0	0	0	0	0	0	0	0	0	0	0	0	0	0	0	0	0	0	0	0	0	0	0	0	0	0	0	0	0	0	0	0	0	0	0	0	0	0	0	0	0	0	0	0	0	0	0	0	0	0	0	0	0	0	0	0	0	0	0	0	0	0	0	0	0	0	0	0	0	0	0	
0	0	0	0	0	0	0	0	0	500	0	0	0	0	500	0	0	0	0	0	0	0	0	0	0	0	0	0	0	0	0	0	0	0	0	0	0	0	0	0	0	0	0	0	0	0	0	0	0	0	0	0	0	0	0	0	0	0	0	0	0	0	0	0	0	0	0	0	0	0	0	0	0	0	0	0	0	0	0	0	0	0	0	0	0	0	0	0	0	0	0	0	0	0	0	0	0	0	0	0	
500	0	0	0	0	0	0	0	0	0	0	0	0	0	0	0	0	0	0	0	0	0	0	0	0	0	0	0	0	0	0	0	0	0	0	0	500	0	0	0	0	0	0	0	0	0	0	0	0	0	0	0	0	0	0	0	0	0	0	0	0	0	0	0	0	0	0	0	0	0	0	0	0	0	0	0	0	0	0	0	0	0	0	0	0	0	0	0	0	0	0	0	0	0	0	0	0	0	0	500	
500	0	0	0	0	0	0	0	0	0	0	0	0	0	0	0	0	500	0	0	0	0	0	0	0	0	0	0	0	0	0	0	0	0	0	0	0	0	0	0	0	0	0	0	0	0	0	0	0	0	0	0	0	0	0	0	0	0	0	0	0	0	0	0	0	0	0	0	0	0	0	0	0	0	0	0	0	0	0	0	0	0	0	0	0	0	0	0	0	0	0	0	0	0	0	0	0	0	0	0	
0	0	0	0	0	0	0	0	0	0	0	0	0	0	0	0	0	500	0	0	0	0	0	0	0	0	0	0	0	0	500	0	0	0	0	0	0	0	0	0	0	0	0	0	0	0	0	0	0	0	0	0	0	0	0	0	0	0	0	0	0	0	0	0	0	0	0	0	0	0	0	0	0	0	0	0	0	0	0	0	0	0	0	0	0	0	0	0	0	0	0	0	0	0	0	0	0	0	0	0	
0	0	0	0	0	0	0	0	0	500	500	0	0	0	0	0	0	0	0	0	0	0	0	0	0	0	0	0	0	0	0	0	0	0	0	0	0	0	0	0	0	0	0	0	0	0	0	0	0	0	0	0	0	0	0	0	0	0	0	0	0	0	0	0	0	0	0	0	0	0	0	0	0	0	0	0	0	0	0	0	0	0	0	0	0	0	0	0	0	0	0	0	0	0	0	0	0	0	0	0	
0	0	0	0	0	0	0	0	0	0	0	0	0	0	0	0	0	0	0	0	0	0	0	0	0	0	0	0	0	0	0	0	0	0	0	0	0	0	0	0	500	0	0	0	0	0	0	0	0	0	0	0	0	0	0	0	0	0	0	0	0	0	0	0	0	0	0	0	0	0	0	0	0	0	0	0	0	0	0	0	500	0	0	0	0	0	0	0	0	0	0	0	0	0	0	0	0	0	0	0	
0	0	0	0	0	0	0	0	0	0	0	0	0	0	0	0	0	0	0	0	0	0	0	0	0	0	0	0	0	0	0	0	0	0	0	0	0	0	0	0	0	0	0	500	0	0	0	0	0	0	0	0	0	0	0	0	0	0	0	0	0	0	0	0	0	0	0	0	0	0	0	0	0	0	0	0	0	0	0	0	0	0	0	0	0	500	0	0	0	0	0	0	0	0	0	0	0	0	0	0	
0	0	0	0	0	0	0	0	0	0	0	0	500	500	0	0	0	0	0	0	0	0	0	0	0	0	0	0	0	0	0	0	0	0	0	0	0	0	0	0	0	0	0	0	0	0	0	0	0	0	0	0	0	0	0	0	0	0	0	0	0	0	0	0	0	0	0	0	0	0	0	0	0	0	0	0	0	0	0	0	0	0	0	0	0	0	0	0	0	0	0	0	0	0	0	0	0	0	0	0	
0	500	0	0	0	0	0	0	0	0	0	0	0	0	0	0	0	0	0	0	0	0	0	0	0	0	0	0	0	0	0	0	0	0	0	0	0	0	0	0	0	0	500	0	0	0	0	0	0	0	0	0	0	0	0	0	0	0	0	0	0	0	0	0	0	0	0	0	0	0	0	0	0	0	0	0	0	0	0	0	0	0	0	0	0	0	0	0	0	0	0	0	0	0	0	0	0	0	0	0	
500	0	0	0	0	0	0	0	0	0	0	0	0	0	0	0	0	0	0	0	0	0	0	0	0	0	0	0	0	0	0	0	0	0	0	0	0	0	0	0	0	0	0	0	0	0	0	0	0	0	0	0	0	0	0	0	0	0	0	0	0	0	0	0	0	0	0	0	0	0	0	0	0	0	0	0	0	0	0	0	0	0	0	0	0	0	500	0	0	0	0	0	0	0	500	0	0	0	0	0	
0	0	0	0	0	0	0	0	0	0	0	0	0	0	0	0	0	0	0	0	0	0	0	0	0	0	0	0	0	0	0	0	0	0	0	0	0	0	0	0	0	0	0	0	0	0	0	0	0	0	0	0	0	0	0	0	0	0	0	0	500	0	0	0	0	500	0	0	0	0	0	0	0	0	0	0	0	0	0	0	0	0	0	0	0	0	0	0	0	0	0	0	0	0	0	0	0	0	0	0	
0	0	0	0	0	0	0	0	0	0	0	0	0	0	0	0	0	0	0	0	0	0	0	0	0	0	0	0	0	0	0	0	0	0	0	0	0	0	0	0	0	0	0	0	0	0	0	0	0	0	0	0	500	0	0	0	0	0	500	0	0	0	0	0	0	0	0	0	0	0	0	0	0	0	0	0	0	0	0	0	0	0	0	0	0	0	0	0	0	0	0	0	0	0	0	0	0	0	0	0	
0	0	0	0	0	0	0	0	0	0	0	0	0	0	0	0	0	0	0	0	0	0	0	0	0	0	0	0	0	0	0	0	0	0	0	0	0	0	0	0	0	0	0	0	0	0	0	0	0	0	0	0	0	0	0	0	0	0	0	0	0	0	0	0	0	0	0	0	0	0	0	0	0	0	0	0	0	0	0	0	0	0	0	0	0	0	0	0	500	0	0	0	0	0	0	0	500	0	0	0	
0	0	0	0	0	0	0	0	0	0	0	0	0	0	0	0	0	0	0	0	0	0	0	0	0	0	0	0	500	0	0	0	0	0	0	0	0	0	0	0	0	0	0	0	0	0	0	0	0	0	0	0	0	500	0	0	0	0	0	0	0	0	0	0	0	0	0	0	0	0	0	0	0	0	0	0	0	0	0	0	0	0	0	0	0	0	0	0	0	0	0	0	0	0	0	0	0	0	0	0	
0	0	0	500	0	0	0	0	0	0	0	0	0	0	0	0	0	0	0	0	0	0	0	0	0	0	0	0	0	0	0	0	0	0	0	0	0	500	0	0	0	0	0	0	0	0	0	0	0	0	0	0	0	0	0	0	0	0	0	0	0	0	0	0	0	0	0	0	0	0	0	0	0	0	0	0	0	0	0	0	0	0	0	0	0	0	0	0	0	0	0	0	0	0	0	0	0	0	0	0	
0	0	0	0	0	0	0	0	0	0	0	0	0	0	0	0	0	0	0	0	0	0	0	0	0	0	0	0	0	0	0	0	0	0	0	0	0	0	0	0	0	0	0	0	0	0	0	0	0	0	0	0	0	0	0	0	0	0	0	0	0	0	0	0	0	0	0	500	0	0	500	0	0	0	0	0	0	0	0	0	0	0	0	0	0	0	0	0	0	0	0	0	0	0	0	0	0	0	0	0	
0	0	0	0	0	0	0	0	0	0	0	0	0	0	0	0	0	0	0	0	0	0	0	0	0	0	0	0	0	0	0	0	0	0	0	0	0	0	0	0	0	0	0	0	0	0	0	0	0	0	0	0	0	0	0	0	0	0	0	0	0	0	0	0	0	0	0	0	0	0	0	0	0	0	0	500	0	0	0	0	500	0	0	0	0	0	0	0	0	0	0	0	0	0	0	0	0	0	0	0	
0	0	0	0	0	0	0	0	0	0	0	0	0	0	0	0	0	0	0	0	0	0	0	0	0	0	0	0	0	0	0	0	0	0	0	0	0	0	0	500	0	0	0	0	0	500	0	0	0	0	0	0	0	0	0	0	0	0	0	0	0	0	0	0	0	0	0	0	0	0	0	0	0	0	0	0	0	0	0	0	0	0	0	0	0	0	0	0	0	0	0	0	0	0	0	0	0	0	0	0	
0	0	0	0	0	0	0	0	0	0	0	0	0	0	0	0	0	0	0	0	0	0	0	500	0	0	0	0	0	0	0	0	500	0	0	0	0	0	0	0	0	0	0	0	0	0	0	0	0	0	0	0	0	0	0	0	0	0	0	0	0	0	0	0	0	0	0	0	0	0	0	0	0	0	0	0	0	0	0	0	0	0	0	0	0	0	0	0	0	0	0	0	0	0	0	0	0	0	0	0	
500	0	0	0	0	0	0	0	0	0	0	0	0	0	0	0	0	0	0	0	0	0	0	0	0	0	0	0	0	0	0	0	0	0	0	0	0	0	0	0	0	0	0	0	0	0	0	0	0	0	0	0	0	0	0	0	0	500	0	0	0	0	0	0	0	0	0	0	0	0	0	0	0	0	0	0	0	0	0	500	0	0	0	0	0	0	0	0	0	0	0	0	0	0	0	0	0	0	0	0	
0	0	0	0	0	0	0	0	0	0	0	0	0	500	0	0	0	0	0	0	0	0	0	0	0	0	0	0	0	0	0	0	0	0	0	0	0	0	0	0	0	0	0	0	0	0	0	0	0	0	0	0	0	0	0	0	0	0	0	0	0	0	0	0	0	0	0	0	0	0	0	0	0	0	0	0	0	0	0	0	0	0	500	0	0	0	0	0	0	0	0	0	0	0	0	0	0	0	0	0	
0	0	0	0	0	0	0	0	0	0	0	0	0	0	0	0	0	0	0	0	0	0	0	0	0	0	0	0	0	0	0	0	0	0	0	0	0	0	0	0	0	0	0	0	0	0	500	0	0	0	0	0	0	0	0	0	0	0	0	0	0	0	0	0	0	0	0	0	0	0	0	0	0	0	0	0	0	0	0	0	0	0	0	0	500	0	0	0	0	0	0	0	0	0	0	0	0	0	0	0	
0	0	0	0	0	0	0	0	0	0	0	0	0	0	0	0	0	0	0	0	0	0	0	0	0	0	0	0	500	0	0	0	0	0	0	500	0	0	0	0	0	0	0	0	0	0	0	0	0	0	0	0	0	0	0	0	0	0	0	0	0	0	0	0	0	0	0	0	0	0	0	0	0	0	0	0	0	0	0	0	0	0	0	0	0	0	0	0	0	0	0	0	0	0	0	0	0	0	0	0	
0	0	0	0	0	0	500	0	0	0	0	0	0	0	0	0	0	0	0	0	0	0	0	0	0	0	0	0	0	0	0	0	0	0	0	0	0	0	0	0	0	0	0	0	0	500	0	0	0	0	0	0	0	0	0	0	0	0	0	0	0	0	0	0	0	0	0	0	0	0	0	0	0	0	0	0	0	0	0	0	0	0	0	0	0	0	0	0	0	0	0	0	0	0	0	0	0	0	0	0	
0	0	0	0	0	0	0	0	0	0	0	0	0	0	0	0	0	0	0	0	0	0	0	0	0	0	0	0	0	0	0	0	0	0	0	0	0	0	0	0	0	0	0	0	0	0	0	0	0	0	0	0	0	0	0	0	0	0	0	0	0	0	0	0	0	0	0	0	0	0	0	0	0	0	0	0	0	0	0	0	0	0	0	0	0	0	500	0	0	0	0	0	0	0	500	0	0	0	0	0	
0	0	0	0	0	0	0	0	0	0	0	0	0	0	0	0	0	0	0	0	0	0	0	0	0	0	0	0	0	0	0	0	500	0	0	0	0	0	0	0	0	0	0	0	0	0	0	0	500	0	0	0	0	0	0	0	0	0	0	0	0	0	0	0	0	0	0	0	0	0	0	0	0	0	0	0	0	0	0	0	0	0	0	0	0	0	0	0	0	0	0	0	0	0	0	0	0	0	0	0	
0	0	0	0	0	0	0	0	0	0	0	500	0	0	0	0	0	0	0	0	0	0	0	0	0	0	0	0	0	0	0	0	0	0	0	0	0	0	0	0	0	0	0	0	0	0	0	0	0	0	0	0	0	0	0	0	0	0	0	0	0	0	0	0	0	0	0	0	0	0	0	0	0	0	0	0	0	0	0	0	0	0	0	0	0	0	0	0	0	0	0	0	0	0	0	0	0	0	0	500	
0	0	0	0	0	0	0	0	0	0	0	0	0	0	0	0	0	0	0	0	0	0	0	0	500	0	0	0	0	0	0	0	0	0	0	0	0	0	0	0	0	0	0	0	0	0	500	0	0	0	0	0	0	0	0	0	0	0	0	0	0	0	0	0	0	0	0	0	0	0	0	0	0	0	0	0	0	0	0	0	0	0	0	0	0	0	0	0	0	0	0	0	0	0	0	0	0	0	0	0	
0	0	0	0	0	0	0	0	0	0	0	0	0	0	0	0	0	0	0	0	0	0	0	0	0	0	0	0	0	0	0	0	0	0	0	0	0	0	0	0	0	0	0	0	0	0	0	0	500	0	0	0	0	0	0	0	0	0	0	0	0	0	0	0	0	0	0	0	0	0	0	500	0	0	0	0	0	0	0	0	0	0	0	0	0	0	0	0	0	0	0	0	0	0	0	0	0	0	0	0	
0	0	0	0	0	0	0	0	0	0	0	0	0	0	0	0	0	0	0	0	0	0	0	0	0	0	0	500	0	0	0	0	0	0	0	0	0	0	0	0	0	0	0	0	0	0	0	0	0	0	0	0	0	0	0	0	0	0	0	0	0	0	0	0	0	0	0	0	0	0	0	0	500	0	0	0	0	0	0	0	0	0	0	0	0	0	0	0	0	0	0	0	0	0	0	0	0	0	0	0	
0	0	0	0	0	0	0	0	0	0	0	0	0	0	0	500	0	0	0	0	0	0	0	0	0	0	0	0	0	0	0	0	0	0	0	0	0	0	0	0	0	0	0	0	0	0	0	0	0	0	0	0	0	0	0	0	0	0	0	0	0	0	0	0	500	0	0	0	0	0	0	0	0	0	0	0	0	0	0	0	0	0	0	0	0	0	0	0	0	0	0	0	0	0	0	0	0	0	0	0	
0	0	0	0	500	0	0	0	0	0	0	0	0	0	0	0	0	0	0	0	0	0	0	0	0	0	0	0	0	0	0	0	0	0	0	0	0	0	0	0	0	0	0	0	0	0	0	0	0	0	0	0	0	0	0	0	0	0	0	0	0	0	0	0	0	0	0	0	0	0	500	0	0	0	0	0	0	0	0	0	0	0	0	0	0	0	0	0	0	0	0	0	0	0	0	0	0	0	0	0	
0	0	0	0	0	0	0	0	0	0	0	0	0	0	0	0	0	0	500	0	0	0	0	0	0	0	0	0	0	0	0	0	0	0	0	0	0	0	0	0	0	0	0	0	0	0	0	0	0	0	0	0	0	0	0	0	0	0	0	0	0	0	0	0	0	0	0	0	0	0	0	0	0	0	0	0	0	500	0	0	0	0	0	0	0	0	0	0	0	0	0	0	0	0	0	0	0	0	0	0	
0	0	0	0	0	0	0	0	0	0	0	0	0	0	0	0	500	0	0	0	0	0	0	0	0	0	0	0	0	0	0	0	0	0	0	0	0	0	0	0	0	0	0	0	0	0	0	0	0	0	500	0	0	0	0	0	0	0	0	0	0	0	0	0	0	0	0	0	0	0	0	0	0	0	0	0	0	0	0	0	0	0	0	0	0	0	0	0	0	0	0	0	0	0	0	0	0	0	0	0	
500	0	0	0	0	0	0	0	0	0	0	0	0	0	0	0	0	0	0	0	0	0	0	0	0	0	0	0	0	0	0	0	0	0	0	0	0	0	0	0	0	0	0	0	0	0	0	500	0	0	0	0	0	0	0	0	0	0	0	0	0	0	0	0	0	0	0	0	0	0	0	0	0	0	0	0	0	0	0	0	0	0	0	0	0	0	0	0	0	0	500	0	0	0	0	0	0	0	0	0	
0	0	0	0	0	0	0	0	0	0	0	0	0	0	0	0	0	0	0	0	0	0	0	0	0	0	0	500	0	0	0	0	0	500	0	0	0	0	0	0	0	0	0	0	0	0	0	0	0	0	0	0	0	0	0	0	0	0	0	0	0	0	0	0	0	0	0	0	0	0	0	0	0	0	0	0	0	0	0	0	0	0	0	0	0	0	0	0	0	0	0	0	0	0	0	0	0	0	0	0	
0	0	0	0	0	0	0	0	0	0	0	0	0	0	0	0	0	0	0	0	0	0	0	0	0	0	0	0	0	0	0	500	0	0	0	0	0	500	0	0	0	0	0	0	0	0	0	0	0	0	0	0	0	0	0	0	0	0	0	0	0	0	0	0	0	0	0	0	0	0	0	0	0	0	0	0	0	0	0	0	0	0	0	0	0	0	0	0	0	0	0	0	0	0	0	0	0	0	0	0	
0	0	0	0	0	0	0	0	0	0	0	0	0	0	0	0	0	0	0	0	0	0	0	0	0	0	0	0	0	0	0	0	0	0	0	0	0	0	0	0	0	0	0	0	500	0	0	0	0	0	0	0	0	0	0	0	0	0	0	0	0	0	0	0	0	0	0	0	0	0	0	0	0	0	0	0	0	0	0	0	0	0	0	0	0	0	0	0	0	0	500	0	0	0	0	0	0	0	0	0	
0	0	0	0	0	0	0	0	0	0	0	0	0	0	0	0	0	0	0	0	0	0	0	0	0	0	0	0	0	0	0	0	0	0	0	500	0	0	500	0	0	0	0	0	0	0	0	0	0	0	0	0	0	0	0	0	0	0	0	0	0	0	0	0	0	0	0	0	0	0	0	0	0	0	0	0	0	0	0	0	0	0	0	0	0	0	0	0	0	0	0	0	0	0	0	0	0	0	0	0	
0	0	0	0	0	0	0	0	0	0	0	0	0	0	0	0	0	0	0	0	0	0	0	0	0	0	0	0	0	0	0	0	0	0	0	0	0	0	0	0	0	0	0	0	0	0	0	0	0	0	0	0	0	0	0	0	0	0	0	0	0	0	0	0	0	0	0	0	0	0	0	0	0	0	0	0	0	0	0	0	0	0	0	0	0	0	0	500	0	0	0	500	0	0	0	0	0	0	0	0	
0	0	0	0	0	0	0	0	0	0	0	0	0	0	0	0	0	0	0	0	0	0	0	0	0	0	0	0	0	0	0	0	0	0	0	0	0	0	0	0	0	0	0	500	0	0	0	0	0	0	0	0	0	0	0	0	0	0	0	0	0	0	0	0	0	0	0	0	0	0	0	0	0	500	0	0	0	0	0	0	0	0	0	0	0	0	0	0	0	0	0	0	0	0	0	0	0	0	0	0	
0	0	0	0	0	500	0	0	0	0	0	0	0	0	0	0	0	0	0	0	0	0	0	0	0	0	0	0	0	0	0	0	0	0	0	0	0	0	0	0	0	0	0	0	0	0	0	0	0	0	0	0	0	0	0	0	0	0	0	0	0	0	0	0	0	0	500	0	0	0	0	0	0	0	0	0	0	0	0	0	0	0	0	0	0	0	0	0	0	0	0	0	0	0	0	0	0	0	0	0	
0	0	0	0	0	0	0	0	0	0	0	0	0	0	0	0	0	0	0	0	0	500	0	0	0	0	0	0	0	0	0	0	0	0	0	0	0	0	0	0	0	0	0	0	0	0	0	0	0	0	0	0	0	0	0	0	0	0	0	0	0	0	0	0	0	0	0	0	0	0	0	0	0	0	0	0	0	0	0	0	0	0	0	0	0	0	0	0	0	0	0	0	0	0	0	500	0	0	0	0	
0	0	0	0	500	0	0	0	0	0	0	0	0	0	0	0	0	0	0	0	0	0	0	500	0	0	0	0	0	0	0	0	0	0	0	0	0	0	0	0	0	0	0	0	0	0	0	0	0	0	0	0	0	0	0	0	0	0	0	0	0	0	0	0	0	0	0	0	0	0	0	0	0	0	0	0	0	0	0	0	0	0	0	0	0	0	0	0	0	0	0	0	0	0	0	0	0	0	0	0	
0	0	0	0	0	0	0	0	0	0	0	0	0	0	0	0	0	0	0	0	0	0	0	0	0	0	0	0	0	0	0	0	0	0	0	0	0	0	0	0	0	0	0	0	0	0	0	0	0	0	0	0	0	0	0	0	0	0	0	0	0	0	0	0	0	0	500	0	0	0	0	0	0	0	500	0	0	0	0	0	0	0	0	0	0	0	0	0	0	0	0	0	0	0	0	0	0	0	0	0	
0	0	0	0	0	0	0	0	0	0	0	0	0	0	0	0	0	0	0	0	0	0	0	0	0	0	0	0	0	0	0	0	0	0	0	0	0	0	0	0	0	0	0	0	0	0	0	0	0	0	0	0	0	0	0	0	0	0	0	0	0	0	0	0	0	0	0	0	0	0	0	0	0	0	0	0	0	0	0	0	0	0	0	0	0	0	0	0	0	0	0	0	0	500	0	0	0	500	0	0	
0	0	0	0	0	0	0	0	500	0	0	0	0	0	0	0	0	0	0	0	0	0	0	0	0	0	0	0	0	0	0	0	0	0	0	0	0	0	0	0	0	0	0	0	0	0	0	0	0	0	0	0	0	0	0	0	0	0	0	0	0	0	0	0	0	0	0	0	0	0	0	0	0	0	0	0	0	0	0	0	0	0	0	500	0	0	0	0	0	0	0	0	0	0	0	0	0	0	0	0	
0	0	0	0	0	0	0	0	0	0	0	0	0	0	0	0	0	0	0	0	0	0	0	0	0	0	0	0	0	500	0	0	0	0	0	0	0	0	0	0	0	0	0	0	0	0	0	0	0	0	0	0	0	0	0	0	0	0	0	0	0	0	0	0	0	0	0	0	0	0	0	0	0	0	0	0	0	0	0	500	0	0	0	0	0	0	0	0	0	0	0	0	0	0	0	0	0	0	0	0	
0	0	0	0	0	0	0	0	0	0	0	0	0	0	0	0	0	0	0	0	0	500	0	0	0	0	0	0	0	0	0	0	0	0	0	0	0	0	0	0	0	0	0	0	0	0	0	0	0	0	0	0	0	0	0	0	0	0	0	0	0	0	0	0	0	0	0	0	0	0	0	0	0	0	0	0	0	0	0	0	0	0	0	0	0	0	0	0	0	500	0	0	0	0	0	0	0	0	0	0	
0	0	0	0	0	0	0	500	0	0	0	0	0	0	0	0	0	0	0	0	0	0	0	0	0	0	0	0	0	0	0	0	0	0	0	0	0	0	0	0	0	0	0	0	0	0	0	0	0	0	0	0	0	0	0	0	0	0	0	0	0	0	0	0	0	0	0	0	0	0	0	0	0	0	0	0	0	0	0	0	0	0	0	0	500	0	0	0	0	0	0	0	0	0	0	0	0	0	0	0	
0	0	0	0	0	0	0	0	0	0	0	0	0	0	0	0	0	0	0	0	500	0	0	0	0	0	0	0	0	0	0	0	0	0	0	0	0	0	0	0	0	0	0	0	0	0	0	0	0	0	0	0	0	0	0	0	0	0	0	0	0	0	0	0	0	0	0	0	0	0	0	0	0	0	0	0	0	0	500	0	0	0	0	0	0	0	0	0	0	0	0	0	0	0	0	0	0	0	0	0	
0	0	0	0	0	0	0	0	0	0	0	0	0	0	0	0	0	0	0	0	0	0	0	0	0	0	0	0	0	0	0	0	0	0	0	0	0	0	0	0	0	0	0	0	0	0	0	0	0	0	0	0	0	0	0	0	0	0	0	0	0	0	0	0	0	0	0	0	0	0	0	0	0	0	0	0	0	0	0	0	0	500	0	0	0	0	0	0	500	0	0	0	0	0	0	0	0	0	0	0	
0	0	0	0	0	0	0	0	0	0	0	0	0	0	0	0	0	0	0	0	0	0	0	0	0	0	0	0	0	0	0	0	0	0	0	0	0	0	0	0	0	0	0	0	0	0	0	0	0	0	0	0	0	0	0	0	0	0	0	0	0	0	0	0	500	0	0	0	0	0	0	0	0	0	0	0	0	0	0	0	0	0	0	0	0	0	0	0	0	500	0	0	0	0	0	0	0	0	0	0	
0	0	0	0	0	0	0	0	0	0	0	0	0	0	0	0	0	0	0	0	0	0	0	0	0	0	0	0	0	0	0	0	0	0	0	0	0	0	0	0	0	0	0	0	0	0	0	0	0	0	0	0	0	0	0	0	0	0	0	0	0	0	0	0	0	0	0	0	500	0	0	0	0	0	0	0	0	0	0	0	0	0	0	0	0	0	0	0	0	0	0	500	0	0	0	0	0	0	0	0	
0	0	0	0	0	0	0	0	0	0	0	0	0	0	0	0	0	0	0	0	0	0	0	0	0	0	0	0	0	0	0	0	0	0	0	0	0	0	0	0	500	0	0	0	0	0	0	0	0	0	0	0	0	0	0	0	0	0	0	0	0	0	500	0	0	0	0	0	0	0	0	0	0	0	0	0	0	0	0	0	0	0	0	0	0	0	0	0	0	0	0	0	0	0	0	0	0	0	0	0	
0	0	0	0	0	0	0	0	500	0	0	0	0	0	0	0	0	0	0	0	500	0	0	0	0	0	0	0	0	0	0	0	0	0	0	0	0	0	0	0	0	0	0	0	0	0	0	0	0	0	0	0	0	0	0	0	0	0	0	0	0	0	0	0	0	0	0	0	0	0	0	0	0	0	0	0	0	0	0	0	0	0	0	0	0	0	0	0	0	0	0	0	0	0	0	0	0	0	0	0	
0	0	0	0	0	0	0	0	0	0	0	0	0	0	0	0	0	0	0	0	0	0	0	0	0	0	0	0	0	0	0	0	0	0	0	0	0	0	0	0	0	0	0	0	0	0	0	0	0	0	0	500	0	0	500	0	0	0	0	0	0	0	0	0	0	0	0	0	0	0	0	0	0	0	0	0	0	0	0	0	0	0	0	0	0	0	0	0	0	0	0	0	0	0	0	0	0	0	0	0	
500	0	0	0	0	0	0	0	0	0	0	0	0	0	0	0	0	0	0	0	0	0	0	0	0	500	0	0	0	0	0	0	0	0	0	0	0	0	0	0	0	0	0	0	0	0	0	0	0	0	0	0	0	0	0	0	0	0	0	0	0	0	0	0	0	0	0	0	0	0	0	0	0	0	0	0	0	0	0	0	0	0	0	0	0	0	0	0	0	0	0	0	0	0	0	0	0	0	0	0	
0	0	0	0	0	0	0	0	0	0	0	0	0	0	0	0	0	0	0	0	0	0	0	0	0	0	0	0	0	0	0	0	0	0	0	0	0	0	0	0	0	0	0	0	0	0	0	0	0	0	0	0	0	0	0	0	0	0	0	0	0	0	0	500	0	0	0	0	0	0	0	0	0	0	500	0	0	0	0	0	0	0	0	0	0	0	0	0	0	0	0	0	0	0	0	0	0	0	0	0	
0	0	0	0	0	0	0	0	0	0	0	0	0	0	0	0	0	0	0	0	0	0	0	0	0	0	0	0	0	0	0	0	0	0	0	0	0	0	0	0	0	0	0	0	0	0	0	0	0	0	0	0	0	0	0	0	0	0	0	0	0	0	0	0	0	0	0	0	0	0	0	0	0	0	0	0	0	500	0	0	0	500	0	0	0	0	0	0	0	0	0	0	0	0	0	0	0	0	0	0	
0	0	0	0	0	0	0	0	0	0	0	0	0	0	0	0	0	0	0	0	0	0	0	0	0	500	0	0	0	0	0	0	0	0	0	0	0	0	0	0	0	500	0	0	0	0	0	0	0	0	0	0	0	0	0	0	0	0	0	0	0	0	0	0	0	0	0	0	0	0	0	0	0	0	0	0	0	0	0	0	0	0	0	0	0	0	0	0	0	0	0	0	0	0	0	0	0	0	0	0	
0	0	0	0	0	0	0	0	0	0	0	0	0	0	0	0	0	0	0	0	0	0	0	0	0	0	0	0	0	0	0	0	0	0	0	0	0	0	500	0	0	0	0	0	0	0	0	0	0	0	0	0	0	0	0	0	0	0	0	0	0	0	0	0	0	0	0	0	0	0	0	0	0	0	0	0	0	0	0	0	0	0	0	0	0	0	0	0	0	0	0	0	0	0	0	0	0	500	0	0	
0	0	0	0	0	500	0	0	0	0	0	0	0	0	0	0	0	0	0	0	0	0	0	0	0	0	0	0	0	0	0	0	0	0	0	0	0	0	0	500	0	0	0	0	0	0	0	0	0	0	0	0	0	0	0	0	0	0	0	0	0	0	0	0	0	0	0	0	0	0	0	0	0	0	0	0	0	0	0	0	0	0	0	0	0	0	0	0	0	0	0	0	0	0	0	0	0	0	0	0	
0	500	0	0	0	0	0	0	0	0	0	0	0	0	0	0	0	0	0	0	0	0	0	0	0	0	0	0	0	0	0	0	0	0	0	0	0	0	0	0	0	0	0	0	0	0	0	0	0	0	500	0	0	0	0	0	0	0	0	0	0	0	0	0	0	0	0	0	0	0	0	0	0	0	0	0	0	0	0	0	0	0	0	0	0	0	0	0	0	0	0	0	0	0	0	0	0	0	0	0	
0	0	0	0	0	0	0	0	0	0	0	0	0	0	0	0	0	0	0	0	0	0	0	0	0	0	0	0	0	0	0	0	0	0	0	0	0	0	0	0	0	0	0	0	0	0	0	0	0	0	0	0	0	0	500	0	0	0	0	0	0	0	0	0	0	0	0	0	500	0	0	0	0	0	0	0	0	0	0	0	0	0	0	0	0	0	0	0	0	0	0	0	0	0	0	0	0	0	0	0	
0	0	500	0	0	0	0	0	0	0	0	0	0	0	0	0	0	0	0	0	0	0	0	0	0	0	500	0	0	0	0	0	0	0	0	0	0	0	0	0	0	0	0	0	0	0	0	0	0	0	0	0	0	0	0	0	0	0	0	0	0	0	0	0	0	0	0	0	0	0	0	0	0	0	0	0	0	0	0	0	0	0	0	0	0	0	0	0	0	0	0	0	0	0	0	0	0	0	0	0	
0	0	0	0	0	0	0	0	0	0	0	0	0	0	0	0	0	0	0	0	0	0	0	0	0	0	0	0	0	0	0	0	0	0	0	0	0	0	0	0	0	0	0	0	0	0	0	0	0	0	0	0	0	0	0	0	0	0	0	0	0	0	0	0	0	0	0	0	0	0	0	0	0	0	0	0	0	0	0	0	0	0	0	500	0	0	0	0	0	0	0	0	0	0	0	0	0	0	500	0	
0	0	0	0	0	0	0	0	0	0	0	0	0	0	0	0	0	0	0	0	0	0	0	0	0	0	0	0	0	0	0	0	0	0	0	0	0	0	0	0	0	0	500	0	0	0	0	0	0	0	0	0	0	0	0	0	0	0	0	0	0	0	0	0	0	0	0	0	0	500	0	0	0	0	0	0	0	0	0	0	0	0	0	0	0	0	0	0	0	0	0	0	0	0	0	0	0	0	0	0	
0	0	0	0	0	0	0	0	0	0	0	0	0	0	0	0	0	0	0	0	0	0	0	0	0	0	0	0	0	0	0	0	0	0	0	0	0	0	0	0	0	0	0	0	0	0	0	0	0	0	0	0	0	0	0	0	0	0	0	0	500	0	0	0	0	0	0	0	0	0	0	0	0	0	0	0	0	0	0	0	0	0	0	0	0	500	0	0	0	0	0	0	0	0	0	0	0	0	0	0	
0	0	0	0	0	0	0	0	0	0	0	0	0	0	0	0	0	0	0	0	0	0	0	0	0	0	0	0	0	500	0	0	0	0	0	0	0	0	0	0	0	0	0	0	0	0	0	0	0	0	0	0	0	0	0	0	0	500	0	0	0	0	0	0	0	0	0	0	0	0	0	0	0	0	0	0	0	0	0	0	0	0	0	0	0	0	0	0	0	0	0	0	0	0	0	0	0	0	0	0	
0	0	0	0	0	0	0	0	0	0	0	0	0	0	0	500	0	0	0	0	0	0	0	0	0	0	500	0	0	0	0	0	0	0	0	0	0	0	0	0	0	0	0	0	0	0	0	0	0	0	0	0	0	0	0	0	0	0	0	0	0	0	0	0	0	0	0	0	0	0	0	0	0	0	0	0	0	0	0	0	0	0	0	0	0	0	0	0	0	0	0	0	0	0	0	0	0	0	0	0	
0	0	0	0	0	0	0	0	0	0	0	0	0	0	0	0	0	0	0	0	0	0	0	0	0	0	0	0	0	0	0	0	0	0	0	0	0	0	0	0	0	0	0	0	0	0	0	0	0	0	0	0	0	0	0	0	0	0	0	0	0	500	0	0	0	0	0	0	0	500	0	0	0	0	0	0	0	0	0	0	0	0	0	0	0	0	0	0	0	0	0	0	0	0	0	0	0	0	0	0	
0	0	500	0	0	0	0	0	0	0	0	0	0	0	0	0	0	0	0	0	0	0	0	0	0	0	0	0	0	0	500	0	0	0	0	0	0	0	0	0	0	0	0	0	0	0	0	0	0	0	0	0	0	0	0	0	0	0	0	0	0	0	0	0	0	0	0	0	0	0	0	0	0	0	0	0	0	0	0	0	0	0	0	0	0	0	0	0	0	0	0	0	0	0	0	0	0	0	0	0	
0	0	0	0	0	0	0	0	0	0	0	0	0	0	0	0	0	0	0	0	0	0	0	0	0	0	0	0	0	0	0	0	0	0	0	0	0	0	0	0	0	0	0	0	0	0	0	0	0	0	0	0	0	0	0	0	500	0	0	0	0	0	0	0	0	0	0	0	0	0	0	0	0	0	0	0	500	0	0	0	0	0	0	0	0	0	0	0	0	0	0	0	0	0	0	0	0	0	0	0	
0	0	0	0	0	0	0	0	0	0	0	0	0	0	0	0	0	0	0	0	0	0	0	0	0	0	0	0	0	0	0	500	0	0	0	0	0	0	0	0	0	0	0	0	0	0	0	0	0	0	0	0	0	0	0	0	0	0	0	500	0	0	0	0	0	0	0	0	0	0	0	0	0	0	0	0	0	0	0	0	0	0	0	0	0	0	0	0	0	0	0	0	0	0	0	0	0	0	0	0	
0	0	0	0	0	0	0	0	0	0	0	0	0	0	0	0	500	0	0	0	0	0	0	0	0	0	0	0	0	0	0	0	0	0	0	0	0	0	0	0	0	0	0	0	0	0	0	0	0	0	0	0	0	0	0	0	0	0	0	0	0	0	0	0	0	0	0	0	0	0	0	0	0	0	0	0	0	0	500	0	0	0	0	0	0	0	0	0	0	0	0	0	0	0	0	0	0	0	0	0	
0	0	0	0	0	0	0	0	0	0	0	0	0	0	0	0	0	0	0	500	0	0	0	0	0	0	0	0	0	0	0	0	0	0	500	0	0	0	0	0	0	0	0	0	0	0	0	0	0	0	0	0	0	0	0	0	0	0	0	0	0	0	0	0	0	0	0	0	0	0	0	0	0	0	0	0	0	0	0	0	0	0	0	0	0	0	0	0	0	0	0	0	0	0	0	0	0	0	0	0	
0	0	0	0	0	0	0	0	0	0	0	0	0	0	0	0	0	0	0	0	0	0	0	0	0	0	0	0	0	0	0	0	0	0	0	0	0	0	0	0	0	0	0	0	0	0	0	0	0	500	0	0	0	0	0	0	0	0	0	0	0	0	0	0	0	0	0	0	0	0	0	0	0	0	0	0	0	0	0	0	0	0	0	0	0	0	0	0	0	0	0	0	500	0	0	0	0	0	0	0	
0	0	0	0	0	0	0	0	0	0	0	0	0	0	0	0	0	0	0	0	0	0	500	0	0	0	0	0	0	0	0	0	0	0	0	0	0	0	0	0	0	0	0	0	0	0	0	0	0	0	0	0	0	0	0	0	0	0	0	0	0	500	0	0	0	0	0	0	0	0	0	0	0	0	0	0	0	0	0	0	0	0	0	0	0	0	0	0	0	0	0	0	0	0	0	0	0	0	0	0	
0	0	0	0	0	0	0	0	0	0	0	0	0	0	0	0	0	0	0	0	0	0	0	0	0	0	0	0	0	0	0	0	0	0	0	0	0	0	0	0	0	0	0	0	0	0	0	0	0	0	0	0	0	0	0	0	0	0	500	0	0	0	500	0	0	0	0	0	0	0	0	0	0	0	0	0	0	0	0	0	0	0	0	0	0	0	0	0	0	0	0	0	0	0	0	0	0	0	0	0	
0	0	0	0	0	0	0	0	0	0	0	0	0	0	0	0	0	0	0	0	0	0	0	0	0	0	0	0	0	0	0	0	0	0	0	0	0	0	0	0	0	0	0	0	500	0	0	500	0	0	0	0	0	0	0	0	0	0	0	0	0	0	0	0	0	0	0	0	0	0	0	0	0	0	0	0	0	0	0	0	0	0	0	0	0	0	0	0	0	0	0	0	0	0	0	0	0	0	0	0	
0	0	0	0	0	0	0	0	0	0	0	0	0	0	0	0	0	0	0	0	0	0	0	0	0	0	0	0	0	0	0	0	0	0	0	0	0	0	0	0	0	0	0	0	0	0	0	0	0	500	0	0	0	0	0	0	0	0	0	0	0	0	0	500	0	0	0	0	0	0	0	0	0	0	0	0	0	0	0	0	0	0	0	0	0	0	0	0	0	0	0	0	0	0	0	0	0	0	0	0	
0	0	0	0	0	0	0	0	0	0	0	0	0	0	0	0	0	0	0	0	0	0	0	0	0	0	0	0	0	0	0	0	0	0	0	0	0	0	0	0	0	0	0	0	0	0	0	0	0	0	0	0	0	0	0	0	0	0	0	0	0	0	0	0	0	0	0	0	0	0	0	0	0	0	0	0	0	0	0	0	0	0	0	0	0	0	0	500	0	0	0	0	0	0	0	0	0	0	500	0	
0	0	0	0	0	0	0	0	0	0	0	0	0	0	0	0	0	0	0	0	0	0	0	0	0	0	0	0	0	0	0	0	0	0	0	0	0	0	0	0	0	0	0	0	0	0	0	0	0	0	0	0	0	0	0	500	0	0	0	0	0	0	0	0	0	0	0	0	0	0	0	0	0	0	0	0	0	0	0	0	0	0	0	0	0	0	0	0	0	0	0	0	0	0	0	0	500	0	0	0	
0	0	0	0	0	0	0	0	0	0	0	0	0	0	0	0	0	0	0	500	0	0	0	0	0	0	0	0	0	0	0	0	0	0	500	0	0	0	0	0	0	0	0	0	0	0	0	0	0	0	0	0	0	0	0	0	0	0	0	0	0	0	0	0	0	0	0	0	0	0	0	0	0	0	0	0	0	0	0	0	0	0	0	0	0	0	0	0	0	0	0	0	0	0	0	0	0	0	0	0	
0	0	0	0	0	0	500	0	0	0	0	0	0	0	0	0	0	0	0	0	0	0	0	0	0	0	0	0	0	0	0	0	0	0	0	0	0	0	0	0	0	0	0	0	0	0	0	0	0	0	0	0	500	0	0	0	0	0	0	0	0	0	0	0	0	0	0	0	0	0	0	0	0	0	0	0	0	0	0	0	0	0	0	0	0	0	0	0	0	0	0	0	0	0	0	0	0	0	0	0	
0	0	0	0	0	0	0	0	0	0	0	0	0	0	0	0	0	0	0	0	0	0	500	0	0	0	0	0	0	0	0	0	0	0	0	0	0	0	0	0	0	0	0	0	0	0	0	0	0	0	0	0	0	0	0	0	0	0	0	0	0	0	0	0	0	0	0	0	0	0	0	0	0	0	0	0	0	0	0	0	0	0	0	0	0	0	0	0	0	0	0	0	0	500	0	0	0	0	0	0	
0	0	0	0	0	0	0	0	0	0	0	0	0	0	0	0	0	0	0	0	0	0	0	0	0	0	0	0	0	0	0	0	0	0	0	0	0	0	0	0	0	0	0	0	0	0	0	0	0	0	0	0	0	0	0	500	0	0	0	0	0	0	0	0	0	0	0	0	0	0	0	500	0	0	0	0	0	0	0	0	0	0	0	0	0	0	0	0	0	0	0	0	0	0	0	0	0	0	0	0	
0	0	0	0	0	0	0	0	0	0	0	0	0	0	0	0	0	0	0	0	0	0	0	0	0	0	0	0	0	0	0	0	0	0	0	0	0	0	0	0	0	0	0	0	0	0	0	0	0	0	0	0	0	0	0	0	0	0	0	0	0	0	0	0	0	0	0	0	0	0	0	0	0	0	0	0	500	0	0	0	0	0	0	0	0	0	0	0	0	0	0	0	500	0	0	0	0	0	0	0	
0	0	0	0	0	0	0	0	0	0	0	500	0	0	0	0	0	0	0	0	0	0	0	0	0	0	0	0	0	0	0	0	0	0	0	0	500	0	0	0	0	0	0	0	0	0	0	0	0	0	0	0	0	0	0	0	0	0	0	0	0	0	0	0	0	0	0	0	0	0	0	0	0	0	0	0	0	0	0	0	0	0	0	0	0	0	0	0	0	0	0	0	0	0	0	0	0	0	0	0	
53	64	29	92	21	21	29	19	56	49	11	23	21	40	83	19	61	29	23	45	77	68	59	50	94	91	10	62	54	34	38	48	44	6	23	7	94	53	11	41	42	97	95	94	95	60	54	48	4	32	99	33	84	88	14	76	52	3	20	49	75	56	62	22	87	30	54	90	57	82	79	10	65	35	69	18	14	47	94	8	0	60	74	77	91	38	86	1	10	18	20	22	72	17	52	17	72	88	56	18	93	21	83	23	85	95	81	36	49	57	61	91	41	35	88	53	60	46	55	39	22	47	28	89	71	43	95	20	97	7	42	35	82	49	1	33	1	36	94	91	16	35	48	79	16	26	39	66	58	14	37	5	86	44	89	40	11	42	28	93	16	31	50	0	8	78	32	35	62	81	88	56	83	4	37	79	13	32	69	2	78	87	19	27	77	52	0	73	21	52	35	74	55	92	43	8	59	52	79	87	74	77	54	91	33	17	38	67	58	13	83	51	17	61	60	0	91	15	45	59	6	40	22	49	86	12	77	35	28	16	27	87	18	74	16	8	4	71	43	32	55	88	59	53	53	60	31	82	94	47	98	54	15	52	78	45	94	93	19	76	67	58	36	72	7	9	36	94	8	2	49	63	50	59	92	28	98	89	26	26	98	52	24	10	98	61	66	82	87	39	99	49	23	81	34	62	54	84	9	0	21	82	85	78	22	64	42	64	33	14	75	50	47	66	51	15	29	36	48	79	81	54	11	43	40	52	49	76	1	4	62	84	23	79	13	98	14	73	73	80	68	76	4	44	89	92	39	89	22	47	19	94	52	74	85	79	29	13	77	4	98	6	61	96	94	40	80	62	10	58	78	20	52	86	75	30	72	78	17	21	63	69	96	80	69	2	37	34	45	93	35	97	51	19	4	10	76	62	95	94	13	50	33	93	74	76	66	53	2	9	84	67	13	71	87	88	80	50	37	76	44	79	74	77	58	19	20	32	35	32	31	30	96	66	41	80	6	30	75	58	2	6	93	94	57	34	72	37	68	83	50	15	68	6	71	75	34	77	1	88	71	75	69	44	88	32	19	15	46	57	15	53	55	78	86	40	43	53	81	46	59	53	76	58	12	38	21	3	2	61	80	50	92	63	46	37	90	38	85	70	84	22	54	39	9	28	1	4	36	5	95	75	57	79	46	61	51	80	67	42	67	74	74	16	77	68	68	7	79	56	78	60	30	47	86	65	70	61	23	18	89	89	39	88	55	90	20	9	46	54	93	9	2	2	39	1	59	66	34	2	34	96	52	21	45	19	18	83	50	29	14	50	95	73	62	18	55	65	69	8	69	17	43	49	34	68	39	64	99	8	59	8	57	21	36	28	88	1	90	56	67	22	43	90	92	83	5	62	19	54	64	80	30	61	19	50	19	41	29	48	86	80	56	6	3	50	75	3	87	21	89	64	41	11	77	19	42	54	6	88	6	81	10	98	24	56	48	96	84	87	81	70	5	95	22	46	24	73	57	84	73	81	56	2	67	89	53	18	58	46	70	92	93	31	40	44	63	80	79	51	59	87	32	28	95	73	99	29	75	5	55	42	75	33	29	3	92	63	57	46	54	48	66	55	73	69	78	46	72	13	86	0	21	20	25	57	13	57	94	20	46	88	82	54	18	4	11	45	1	58	50	67	91	31	53	88	90	50	55	17	21	80	21	52	19	63	45	22	54	29	23	39	57	6	33	3	40	67	85	93	69	85	2	52	31	64	77	89	18	53	19	15	73	81	98	33	58	46	86	80	29	74	25	15	0	87	95	63	24	26	29	92	53	66	57	50	39	94	85	49	43	66	27	53	58	1	27	89	71	21	90	22	31	25	99	94	59	87	49	52	6	99	61	30	81	64	57	60	30	77	26	18	67	72	70	10	68	78	88	47	60	68	99	7	36	30	36	7	82	68	82	86	98	6	53	13	25	11	26	64	24	58	77	68	63	22	59	54	83	22	74	14	62	26	94	8	85	86	34	4	2	64	68	46	21	0	91	34	73	97	27	61	49	89	45	2	62	48	67	12	11	78	93	18	61	31	52	3	49	74	90	79	73	93	64	54	60	13	48	32	57	65	58	36	64	54	39	64	10	72	66	64	32	65	41	12	24	93	64	4	45	2	54	83	47	30	47	44	46	96	28	82	25	37	18	1	41	38	24	8	73	74	52	60	29	68	61	38	85	81	86	13	48	20	44	36	36	52	2	86	66	89	77	57	66	62	5	23	32	61	48	33	41	93	13	23	84	70	91	95	18	65	23	32	18	52	20	0	31	19	98	36	24	97	7	78	95	54	0	14	97	38	42	65	15	4	11	36	71	45	89	92	64	10	40	4	24	3	85	50	38	28	87	66	31	73	50	6	85	19	82	56	20	3	71	78	79	68	89	13	97	11	36	69	19	65	6	60	80	30	0	29	50	63	2	72	72	72	38	72	20	81	35	87	41	89	9	64	11	36	63	36	31	80	51	9	38	0	30	4	30	24	98	27	17	39	63	32	39	35	77	94	92	64	11	12	56	75	15	66	19	80	32	30	34	99	84	31	87	58	90	95	50	77	4	85	27	90	57	46	95	21	2	0	89	7	46	18	54	70	94	92	2	47	88	21	6	93	25	62	12	81	29	37	53	24	77	75	0	95	0	48	22	4	11	73	30	11	12	56	79	18	89	14	84	98	36	23	41	35	56	17	40	44	52	88	83	97	44	20	4	27	73	5	75	21	43	88	21	15	35	60	90	12	62	16	99	1	46	31	30	77	8	40	26	46	25	93	86	99	10	25	31	63	43	78	23	19	89	56	51	19	20	73	2	22	17	57	86	49	89	9	10	92	46	51	81	90	19	11	40	39	60	91	58	37	42	18	58	88	80	37	88	48	7	46	91	90	19	43	12	75	95	58	32	61	70	19	69	34	39	85	89	24	90	67	31	30	77	90	14	79	75	99	4	11	94	6	9	60	14	54	86	72	50	10	5	14	31	83	2	66	64	70	4	49	25	16	58	76	96	42	49	37	31	5	6	34	80	7	63	56	55	24	5	11	94	27	26	58	12	10	27	97	66	94	52	26	76	72	97	68	2	26	22	4	36	3	15	39	58	42	30	12	67	18	86	46	44	27	91	36	18	7	31	76	37	19	34	0	65	76	93	11	63	3	43	34	99	76	99	59	53	61	69	17	32	97	69	13	28	8	81	67	21	50	1	78	19	85	98	91	75	86	38	90	30	19	66	63	86	90	68	58	62	97	0	63	91	6	75	33	2	79	51	54	12	16	40	53	89	90	18	53	89	71	71	17	70	33	90	41	67	69	64	84	54	29	14	61	12	30	81	91	49	71	8	11	80	16	69	24	88	74	67	23	10	76	29	10	69	15	14	29	90	47	4	45	77	92	41	29	35	9	30	43	29	13	28	78	26	45	18	86	68	55	42	33	27	30	75	86	66	79	83	77	30	64	71	27	5	82	3	15	13	48	8	8	29	50	55	31	86	35	15	13	5	0	17	56	14	35	67	34	0	86	36	28	15	47	69	56	62	66	44	19	88	19	50	66	65	78	7	64	60	31	81	40	92	25	21	7	88	52	53	29	7	40	22	55	28	98	30	98	23	10	96	89	69	27	16	82	7	77	83	13	10	29	80	30	29	63	79	67	27	14	48	5	57	11	4	94	40	5	77	27	88	89	93	99	33	83	13	12	0	65	56	28	38	50	13	12	58	37	96	58	57	36	81	44	91	70	67	4	63	73	73	25	91	81	67	5	78	32	47	91	15	25	52	12	29	86	10	73	9	94	43	3	41	90	51	82	76	98	0	97	17	12	20	86	4	69	80	63	76	94	68	68	95	60	37	30	37	33	94	45	4	44	62	30	97	77	76	26	1	87	12	83	82	23	7	61	86	95	42	89	60	79	51	7	88	13	47	25	38	19	40	52	46	83	59	56	19	39	40	61	16	56	86	51	55	71	77	28	71	40	63	23	11	63	43	59	51	72	39	40	26	58	15	20	92	42	34	56	21	59	50	0	75	47	99	22	18	85	1	72	17	89	46	47	96	61	85	33	4	45	23	10	49	81	33	76	65	38	19	38	52	56	0	3	40	22	57	74	29	65	79	51	82	75	33	43	96	19	49	19	51	54	9	84	17	15	40	98	48	17	88	53	14	95	8	13	92	28	26	84	71	5	88	29	82	12	95	4	23	87	72	8	25	70	72	75	21	31	34	50	47	30	9	53	57	67	39	16	90	18	58	94	61	40	80	88	56	69	23	72	7	83	55	34	57	37	57	5	59	50	50	36	83	11	69	97	70	68	59	58	86	11	35	72	66	76	34	23	24	24	29	53	69	44	82	63	78	89	31	85	63	93	77	96	93	97	80	18	78	22	67	12	36	30	46	31	49	39	88	51	9	65	10	70	67	68	98	19	51	11	20	83	69	65	67	92	71	9	1	63	98	27	23	0	27	87	39	88	62	18	46	66	27	83	49	65	50	14	45	12	56	11	30	36	42	36	34	62	81	60	50	75	63	87	14	48	53	90	29	23	53	32	76	50	90	40	4	71	86	91	77	35	33	78	41	63	84	2	90	65	18	70	29	8	79	68	70	51	11	25	89	81	48	74	31	57	7	41	59	40	41	67	17	34	71	27	98	3	81	3	83	40	94	95	27	14	55	78	55	70	12	53	52	31	40	40	52	83	29	33	71	61	46	60	94	12	81	62	7	85	29	54	71	69	22	70	89	24	72	61	34	8	28	6	36	30	43	89	2	77	25	54	18	1	82	97	21	52	45	90	74	50	71	73	39	93	32	69	10	31	96	38	42	8	75	49	97	34	95	79	76	70	87	70	30	69	27	70	47	53	90	89	33	90	59	90	8	24	27	2	14	67	61	43	5	49	36	42	7	19	29	55	45	63	68	91	41	5	77	60	56	35	52	3	25	70	55	29	47	91	58	48	21	18	15	58	75	81	67	50	1	3	23	37	25	68	88	14	54	7	85	3	20	3	84	51	13	72	29	25	47	79	60	42	22	79	82	5	80	70	58	7	6	98	83	69	40	89	17	46	72	84	9	96	88	34	60	60	21	21	27	28	68	85	12	98	10	6	24	15	66	27	15	84	96	89	69	10	69	87	85	90	75	78	85	23	95	20	94	99	31	93	87	86	89	54	54	73	96	54	65	89	84	78	83	77	16	8	87	36	38	17	26	29	88	73	10	53	70	24	90	99	63	56	26	48	45	80	30	22	33	89	99	70	31	4	64	44	93	35	5	98	95	98	43	12	12	40	31	69	70	35	87	19	0	18	71	9	46	27	40	80	66	70	44	1	99	66	6	46	86	20	21	81	16	58	99	69	79	13	6	16	87	92	86	97	63	16	34	49	94	92	19	15	32	37	77	83	86	73	75	52	97	32	50	60	73	35	77	18	90	9	38	12	22	83	55	66	33	36	53	52	31	80	9	12	17	19	43	58	0	74	26	92	30	9	83	83	73	48	23	96	68	45	29	78	94	99	44	65	15	84	94	34	22	71	3	56	5	32	29	56	4	3	64	84	22	0	60	24	85	60	86	74	78	57	83	82	75	25	47	57	27	76	98	55	11	34	93	94	34	8	42	63	62	60	28	64	35	5	19	48	17	84	99	3	22	64	5	21	45	3	55	73	72	98	73	30	82	86	52	30	13	21	10	27	42	35	97	3	84	11	34	61	10	67	83	65	18	85	47	30	15	41	84	9	24	66	69	61	80	75	81	16	92	31	56	39	8	42	51	20	11	21	83	88	12	93	59	20	68	43	10	94	30	6	79	23	18	86	73	86	11	54	66	93	91	94	69	15	55	97	77	5	12	20	2	10	3	27	31	47	27	4	62	36	69	58	32	87	62	69	33	96	65	21	12	29	58	25	44	24	55	42	90	34	99	10	9	52	58	53	86	28	82	43	39	6	66	26	53	60	95	80	50	58	31	21	93	23	94	35	6	84	29	96	51	47	69	70	40	74	82	0	75	12	65	26	89	9	56	87	73	25	56	22	11	84	87	32	3	26	56	67	21	26	70	38	87	77	7	79	76	53	13	30	86	1	20	97	42	22	77	58	88	38	70	69	0	38	76	81	47	22	90	66	40	1	41	58	74	5	78	55	32	22	37	28	14	78	9	35	25	46	44	21	3	21	98	1	84	24	21	93	74	99	27	90	81	16	21	40	54	58	62	0	7	52	37	13	99	94	78	79	4	52	54	96	60	73	78	72	16	14	70	78	10	80	8	65	29	18	17	95	36	59	74	24	52	81	30	85	17	76	43	46	76	8	45	8	68	33	3	66	60	59	53	78	17	98	99	29	16	96	13	60	24	68	71	81	19	86	50	92	53	85	21	53	55	8	67	91	69	49	37	35	23	46	60	68	20	97	40	81	28	97	59	62	47	86	1	51	15	18	5	90	36	89	97	15	55	26	26	32	79	39	18	51	37	54	43	39	75	19	68	13	25	74	11	51	43	43	14	87	28	43	79	62	34	3	77	39	51	22	70	14	86	16	90	17	1	83	33	99	5	58	61	39	66	90	89	96	21	12	93	12	94	44	91	72	51	5	94	40	5	39	79	16	54	62	15	29	33	22	43	98	99	37	26	98	56	77	1	29	62	64	85	63	67	60	60	5	67	37	16	36	17	47	8	47	20	59	71	19	52	12	87	8	28	20	69	21	90	79	18	98	91	42	49	98	71	6	86	1	27	87	68	68	66	27	26	43	34	59	5	58	56	22	68	83	30	10	23	45	96	45	49	15	55	72	65	21	60	12	61	53	14	55	15	92	93	27	42	0	10	5	93	53	28	65	55	17	34	56	59	61	77	12	89	2	25	3	86	74	24	17	42	0	43	82	17	35	67	80	87	40	48	57	25	26	57	21	96	20	81	76	49	48	51	51	49	97	65	28	30	57	11	5	51	61	78	86	23	94	71	46	5	67	46	66	66	97	13	52	24	4	26	0	4	81	3	44	65	99	76	0	68	32	32	69	13	45	9	45	65	21	82	66	86	23	65	65	39	38	97	48	54	99	60	57	97	99	46	82	82	13	21	92	26	63	48	21	12	9	47	34	65	15	59	89	70	84	73	90	2	31	24	32	72	49	43	86	39	85	89	54	92	27	63	16	98	88	49	72	49	5	26	55	71	95	59	42	5	32	50	82	70	89	60	82	55	63	62	47	81	28	92	36	67	3	26	37	28	6	87	52	12	32	36	88	52	22	29	15	23	29	29	12	0	84	0	77	86	24	40	43	34	82	26	14	0	49	51	22	41	89	9	23	36	11	83	29	84	48	70	75	65	61	99	79	30	85	13	13	88	41	60	21	7	10	17	39	60	26	81	76	60	46	36	40	21	29	36	58	64	22	26	34	6	13	75	29	64	17	97	97	57	10	25	77	31	98	73	74	42	59	94	38	47	15	36	22	29	88	19	14	79	73	80	4	39	54	87	44	76	67	92	88	50	45	97	41	28	11	91	13	84	71	4	87	0	86	75	28	49	83	78	16	91	1	51	87	40	82	61	29	67	61	11	21	16	51	19	15	63	5	93	68	9	83	31	0	34	61	40	48	58	45	11	64	22	45	48	78	60	53	39	22	23	3	32	1	46	29	1	99	5	87	54	20	99	51	31	71	85	27	37	68	52	57	98	8	83	54	9	37	66	93	47	52	68	62	55	67	30	70	15	18	34	55	58	79	4	58	85	26	40	81	76	88	88	87	53	55	16	3	89	57	10	11	72	14	87	1	88	69	97	6	88	42	24	7	37	43	64	82	26	27	14	44	81	53	33	62	8	16	63	62	74	64	23	47	6	36	35	32	5	72	53	79	27	6	92	58	93	76	35	32	4	25	18	45	54	42	43	89	54	50	54	83	93	61	60	39	82	23	84	92	26	50	34	97	6	92	22	14	25	84	3	0	62	15	74	30	26	25	1	99	13	99	74	15	97	17	8	88	41	1	17	59	23	83	45	11	20	61	6	34	16	76	86	99	32	28	72	25	70	99	25	10	59	93	97	1	16	97	36	11	73	73	35	99	2	41	30	33	34	42	35	87	94	3	63	14	45	64	36	67	28	56	85	21	66	53	63	98	60	91	92	56	30	17	71	68	57	92	95	8	25	80	73	82	6	15	31	16	20	73	42	25	26	42	29	93	7	68	30	90	4	73	32	54	54	77	70	50	42	25	99	38	4	85	51	3	18	13	77	74	58	58	44	51	76	34	88	2	39	23	74	33	58	43	30	57	55	3	89	32	99	54	60	34	70	10	9	68	50	57	79	54	93	52	2	68	9	24	66	45	40	31	33	20	77	36	17	93	88	11	93	32	66	5	56	44	56	61	40	91	35	72	9	23	29	80	67	6	87	36	6	25	82	29	39	72	39	62	11	42	76	48	26	92	13	59	26	16	22	73	73	77	52	89	27	82	12	50	69	98	25	41	81	41	8	45	84	11	38	87	6	82	96	82	70	56	81	85	44	43	28	96	50	5	59	16	98	68	34	46	19	55	91	78	19	6	92	89	92	65	65	98	41	39	7	99	43	77	25	48	35	78	26	95	34	64	27	21	30	85	8	23	87	15	11	69	86	49	53	78	66	36	68	96	59	13	28	73	45	5	47	68	19	61	57	34	87	26	76	55	13	17	44	29	44	87	74	41	51	1	15	91	15	44	61	93	12	16	32	57	77	30	74	9	57	86	1	55	50	40	71	74	25	96	17	32	3	22	21	59	67	1	92	58	13	96	81	8	67	72	88	15	60	38	31	9	6	3	88	92	71	61	49	82	73	27	28	65	9	63	57	30	62	0	60	20	19	88	66	75	87	70	72	23	6	50	22	46	46	26	37	10	96	61	72	74	78	39	12	48	80	81	25	7	27	60	54	46	99	26	86	65	2	47	8	56	24	16	62	88	50	71	52	95	52	10	4	73	25	61	90	44	40	89	56	30	68	54	21	1	51	9	35	84	3	84	48	19	46	57	44	19	74	78	12	72	57	73	45	92	63	63	43	12	11	61	73	13	88	93	64	51	67	57	42	33	59	15	40	60	9	60	19	90	89	45	43	88	77	17	58	21	29	54	31	19	16	94	91	98	83	79	93	25	10	0	85	73	65	80	4	50	5	67	4	85	1	17	38	79	28	20	16	49	30	77	16	29	42	79	88	6	36	83	62	44	38	12	56	85	28	37	99	62	81	49	40	14	40	54	5	63	62	99	40	56	50	47	7	45	1	26	57	8	77	28	22	18	97	4	78	48	25	36	67	29	45	52	13	94	78	54	73	84	36	58	94	90	20	43	17	35	72	2	96	60	22	35	0	69	55	47	79	10	82	87	46	75	99	63	54	62	69	90	74	1	83	23	64	79	29	41	54	80	26	70	71	46	30	76	62	57	14	74	30	32	95	91	0	90	94	49	77	98	31	24	26	74	2	58	21	10	37	90	90	59	13	78	61	43	22	39	13	34	66	94	14	66	93	83	34	79	35	56	95	30	49	45	75	50	62	93	76	76	31	37	91	5	90	46	78	83	80	50	78	43	26	67	33	44	99	53	94	63	15	79	78	53	68	27	73	61	88	77	11	19	80	33	7	95	66	67	53	79	85	84	13	1	3	6	59	25	7	63	47	85	40	77	7	84	9	88	45	42	76	48	8	25	96	4	43	6	90	26	62	94	65	29	60	22	20	8	32	71	88	52	46	10	7	1	94	5	86	99	9	7	10	91	23	42	16	84	66	71	20	24	52	55	18	77	30	93	43	41	62	29	8	98	83	56	60	55	75	24	84	39	91	43	21	10	41	51	29	1	62	60	83	19	8	56	9	3	53	83	49	28	81	43	57	61	36	72	22	21	58	48	23	29	64	88	84	96	10	1	5	49	53	71	74	19	96	27	44	60	22	53	48	95	67	28	38	23	58	69	99	8	94	35	31	47	70	47	95	56	54	5	40	37	76	88	99	36	9	86	31	38	5	55	95	30	87	47	40	49	5	8	17	97	10	87	35	56	46	98	86	71	13	76	62	7	87	91	41	68	16	91	54	59	31	41	77	65	74	19	75	61	97	60	21	85	82	
3	9	20	59	36	70	34	70	54	26	87	54	81	5	32	68	43	9	6	8	57	21	43	0	8	55	15	0	60	69	83	86	75	42	44	58	18	20	4	30	71	92	4	54	72	31	64	2	73	22	20	22	90	18	21	68	97	11	60	16	27	4	82	50	8	90	60	93	82	83	16	57	74	90	77	67	95	4	19	44	9	41	6	38	98	11	52	80	18	74	10	61	70	40	9	76	92	66	77	4	55	12	77	89	59	7	28	48	26	18	40	22	35	99	10	16	14	66	42	87	69	18	95	44	16	72	56	76	36	23	56	12	18	69	50	58	40	82	55	81	6	61	82	16	10	39	87	18	59	34	78	6	41	55	5	8	50	54	89	69	53	97	91	74	82	92	96	84	31	54	16	10	14	30	39	15	10	83	59	96	23	90	72	1	58	8	9	28	28	79	51	34	2	11	40	15	13	25	24	22	46	35	41	34	75	25	24	72	15	60	53	87	28	69	29	58	43	26	94	16	65	87	69	84	87	77	70	91	2	34	54	20	15	53	99	82	96	1	46	67	80	94	83	24	57	46	20	97	80	41	37	84	10	88	31	74	33	28	60	64	64	83	57	67	37	28	70	95	74	83	85	38	38	10	62	9	11	40	87	21	35	40	16	2	29	38	51	10	3	88	92	38	67	61	45	35	40	17	2	45	41	57	89	91	53	26	6	16	19	6	15	69	70	81	13	45	85	24	75	63	63	77	45	21	71	56	34	32	56	42	43	5	25	12	38	64	89	36	96	51	11	38	85	15	82	87	74	49	41	72	53	41	8	19	67	85	75	60	4	94	17	24	5	13	67	89	82	80	26	25	86	22	14	30	16	9	60	46	49	23	61	81	12	96	18	47	85	11	28	19	90	55	48	62	91	62	55	95	22	96	81	57	50	91	1	28	4	4	71	69	68	16	47	41	48	95	24	74	0	23	89	59	21	92	97	47	21	37	83	10	76	57	38	70	96	18	65	26	85	80	10	25	73	93	95	43	8	62	35	65	87	0	48	32	56	3	47	14	64	5	93	66	31	43	71	63	10	49	75	86	38	32	73	77	4	32	25	15	84	41	58	16	19	84	40	77	49	57	28	20	92	35	79	69	89	21	63	34	84	21	43	47	3	64	86	21	98	71	7	22	38	31	0	62	44	82	7	56	44	49	58	78	85	22	33	6	89	27	25	32	29	6	28	70	82	98	38	72	72	53	8	36	85	9	28	58	10	1	25	40	60	84	26	23	32	25	80	89	54	10	94	51	5	0	0	68	31	18	93	86	80	90	92	29	6	97	45	6	37	81	68	91	94	65	23	44	25	8	67	23	68	38	22	73	21	5	35	88	54	13	42	98	26	1	32	65	55	51	10	5	19	60	81	14	77	74	21	67	35	26	66	89	89	75	61	12	10	62	89	29	45	85	2	31	27	21	71	58	8	21	89	6	30	77	55	11	38	83	38	27	2	79	83	99	20	28	4	46	32	14	69	68	8	32	34	32	39	1	97	76	42	94	37	75	7	97	3	74	78	15	40	39	0	6	28	25	45	8	72	77	77	68	0	25	48	64	50	28	86	67	82	83	57	77	54	79	67	71	21	15	0	47	4	27	59	10	93	21	11	26	90	97	38	5	19	46	15	92	73	52	6	52	0	11	26	8	34	43	64	94	80	12	92	6	84	48	5	11	82	22	20	20	67	96	44	89	55	54	44	63	83	69	89	6	69	80	61	87	92	27	9	49	59	26	25	12	62	81	90	75	94	73	14	77	24	22	15	18	62	32	21	68	45	73	7	99	49	95	50	46	29	6	64	48	87	60	85	86	61	99	51	18	14	61	23	66	84	55	77	9	5	77	81	68	18	24	71	59	79	46	17	23	46	93	26	19	98	57	87	30	26	67	44	89	71	93	8	40	91	41	69	73	86	9	54	14	36	7	80	5	53	68	87	1	4	70	43	17	31	81	31	95	20	8	96	69	45	45	96	24	67	6	2	33	44	43	53	73	43	5	56	7	33	80	12	63	22	86	15	47	17	81	26	44	99	21	31	79	91	72	46	51	55	31	94	90	75	78	92	85	6	59	1	15	73	26	38	3	94	50	1	75	8	67	64	63	76	33	88	63	7	54	0	71	50	11	61	25	48	19	77	63	38	30	66	15	87	40	51	15	34	56	8	18	51	37	87	80	22	52	52	76	94	25	74	62	5	53	73	14	15	43	89	1	22	29	57	65	68	51	73	14	12	63	92	33	63	42	14	31	9	76	14	76	88	27	57	47	34	60	56	94	27	14	46	47	7	18	48	49	8	74	28	63	86	77	1	32	92	78	13	20	57	82	98	94	34	74	89	71	21	64	70	52	45	62	11	88	43	57	4	39	82	11	31	35	58	84	79	30	79	81	47	94	99	4	33	20	50	28	95	73	13	99	15	38	43	67	20	32	91	83	78	94	23	2	75	32	38	13	67	5	81	57	43	11	2	97	50	10	63	54	67	1	31	68	14	27	46	97	8	72	78	1	99	87	97	93	45	60	8	17	95	91	48	25	92	6	20	1	4	98	68	51	92	1	82	79	46	1	49	94	57	62	2	35	77	95	26	25	52	74	57	5	92	52	85	72	27	92	24	22	33	90	22	19	25	15	19	39	99	87	69	65	43	50	68	94	47	6	29	90	44	83	37	20	93	50	47	32	39	44	70	5	63	15	65	88	81	79	5	9	10	26	43	11	35	0	73	59	73	57	77	25	43	0	68	42	7	61	94	35	1	51	75	90	58	96	1	1	65	24	1	81	39	86	70	33	10	16	46	45	25	6	89	5	88	68	62	80	19	14	0	42	83	26	6	0	92	8	97	43	91	71	34	85	63	53	99	50	96	6	69	98	56	36	69	77	66	32	74	64	15	26	98	29	78	64	82	13	28	49	76	75	45	18	86	45	32	31	58	87	51	32	91	49	38	92	23	7	38	97	52	50	26	67	43	58	47	1	4	40	25	66	69	80	34	27	73	43	4	56	84	98	73	76	56	22	57	82	10	67	46	92	11	78	92	93	73	94	68	63	9	94	16	7	86	14	52	9	58	13	77	34	7	55	10	82	28	97	48	74	31	51	87	30	11	99	50	54	21	84	43	99	24	82	3	58	1	63	70	73	49	90	35	1	13	47	96	49	56	46	45	67	22	49	5	48	75	67	63	55	48	16	92	43	31	98	0	48	52	46	20	67	32	55	54	17	23	11	0	53	26	65	40	19	12	42	67	76	64	27	27	62	98	90	27	11	17	28	31	80	11	89	6	44	30	83	75	17	3	61	20	53	85	76	88	63	11	37	91	75	25	62	1	82	11	0	78	19	8	63	67	83	62	70	75	82	41	49	59	26	64	10	68	4	41	12	49	59	9	15	99	66	18	22	85	4	69	61	57	61	88	2	66	77	68	80	51	33	12	75	33	64	73	34	58	5	10	93	53	73	62	44	3	14	93	6	62	86	91	75	49	44	3	94	58	61	28	95	3	48	20	27	54	54	34	0	72	82	3	69	54	50	93	96	64	7	82	51	52	71	28	24	45	63	82	53	11	45	68	13	47	11	17	77	39	44	9	57	3	35	98	44	25	21	57	36	27	31	55	95	11	87	46	68	76	58	67	83	22	12	23	61	46	64	63	0	85	18	16	76	8	66	41	57	74	15	53	41	18	63	48	24	42	89	23	8	3	73	50	95	21	58	2	18	52	92	58	62	96	33	10	96	32	12	81	45	68	17	92	75	62	86	42	31	95	5	20	21	39	64	94	14	83	12	24	2	21	14	23	30	75	26	45	72	93	83	11	4	55	80	56	50	47	62	41	7	29	86	26	56	11	85	54	96	41	63	43	19	31	62	34	27	77	38	15	86	41	54	46	13	73	79	93	5	69	77	22	66	8	27	79	85	45	4	56	73	43	60	9	0	89	68	85	70	96	46	26	80	54	25	83	6	77	83	10	60	38	61	63	90	95	24	18	29	83	60	71	6	77	97	79	19	87	2	90	41	36	69	25	2	77	52	82	47	1	63	85	88	23	38	23	46	86	44	5	72	37	45	38	84	69	76	94	64	97	73	28	30	68	41	71	82	28	91	48	11	51	67	96	16	75	0	13	78	0	57	37	63	6	88	82	30	67	11	96	46	11	59	84	43	6	41	27	96	11	97	73	16	53	16	14	16	74	38	50	86	91	73	96	57	31	70	84	6	23	27	34	60	17	26	80	12	38	96	27	80	92	10	16	68	12	31	40	78	70	64	65	94	98	69	79	14	42	97	93	46	9	34	61	74	83	20	42	67	46	87	67	81	71	45	78	65	68	38	62	87	63	97	97	40	30	58	83	75	71	2	26	92	84	6	75	2	66	35	81	89	51	65	26	76	7	88	2	41	38	88	95	13	31	23	84	78	12	57	67	5	44	84	74	7	64	33	89	74	12	32	13	94	31	30	94	83	90	86	34	62	6	61	24	31	76	77	36	33	38	37	79	56	35	43	6	25	92	56	74	25	35	68	8	66	62	40	30	99	15	36	29	48	57	60	66	97	6	18	45	6	56	33	72	21	74	86	36	29	34	24	51	53	8	7	15	27	90	55	35	60	89	2	45	70	70	57	68	11	22	26	47	84	66	44	82	89	19	75	20	14	92	63	70	89	22	61	73	0	42	7	62	53	31	64	28	4	34	99	89	98	98	91	47	51	85	77	26	93	85	74	99	59	5	98	77	60	1	87	45	92	3	90	96	45	18	91	60	39	28	10	13	31	92	30	94	49	2	16	1	26	95	15	22	50	57	81	61	27	20	57	65	12	76	23	53	29	1	65	48	71	38	93	18	27	61	30	12	5	0	44	97	30	27	59	80	84	93	98	45	63	90	88	52	94	55	50	31	0	59	24	55	43	47	41	65	51	13	81	25	3	14	69	38	90	92	76	22	38	15	17	29	91	95	73	67	69	99	82	81	2	31	81	60	29	38	41	22	8	20	93	76	95	26	31	65	4	87	21	62	90	3	67	2	11	39	68	2	72	59	35	5	56	54	4	25	22	25	35	1	45	87	39	9	15	19	93	30	37	89	90	22	77	64	40	73	41	28	86	35	93	6	42	61	71	28	53	73	62	69	8	15	93	28	48	75	3	6	74	99	50	77	65	49	95	5	83	2	18	15	28	49	40	30	96	30	29	57	45	45	4	55	74	62	4	42	63	44	70	18	22	57	34	23	22	31	48	49	14	80	5	71	80	77	22	57	13	13	1	92	72	91	58	68	40	72	49	8	61	43	69	29	47	11	21	44	40	27	23	71	30	4	54	28	28	96	62	41	80	2	31	30	10	94	21	68	30	3	53	5	74	81	13	1	4	68	95	3	7	44	80	16	0	57	21	75	99	72	48	4	77	55	15	98	22	80	11	54	39	28	14	91	15	29	47	43	70	72	20	74	84	79	1	3	31	13	38	17	63	27	99	97	95	9	12	27	42	83	33	51	31	93	84	3	42	68	2	30	85	51	18	23	33	64	73	98	28	66	6	13	42	51	63	19	57	10	71	77	11	65	93	74	78	87	67	93	9	6	24	84	77	34	92	90	18	71	54	44	61	4	20	53	78	24	57	57	49	59	72	27	93	49	68	75	82	38	50	64	57	46	5	54	70	65	41	44	94	76	77	14	4	41	23	8	71	26	30	49	54	20	91	99	75	95	36	23	81	45	73	74	53	1	23	85	99	89	27	81	14	73	21	26	69	55	1	16	47	10	77	45	57	9	10	50	77	57	45	36	40	83	64	2	23	55	18	89	86	8	58	69	85	67	49	41	18	22	74	59	80	56	87	3	32	25	33	20	21	91	89	72	52	7	32	70	58	87	0	95	80	24	99	20	39	7	35	4	42	21	89	79	50	90	75	17	63	46	75	44	91	51	75	36	34	34	83	35	32	74	10	88	72	27	52	0	48	47	81	36	82	19	73	89	51	62	93	26	38	85	40	63	52	73	60	25	24	60	33	2	47	37	81	39	54	92	9	76	22	48	91	15	37	44	17	42	0	25	42	14	4	97	10	80	75	83	50	6	26	15	14	51	61	10	72	37	32	56	81	72	14	69	79	11	79	62	18	0	4	26	44	10	98	3	79	11	92	59	13	65	43	12	1	62	38	59	67	56	0	38	22	19	94	96	65	26	48	51	33	1	96	1	34	34	42	37	2	3	93	72	87	94	24	59	43	42	34	43	8	5	15	74	30	72	89	3	68	77	59	16	58	27	85	4	62	46	38	23	60	11	89	37	9	62	51	59	41	95	52	83	35	81	4	44	71	47	70	74	42	13	25	5	90	85	43	75	81	84	11	45	8	24	16	95	12	97	35	16	12	31	60	87	41	87	60	35	64	92	72	69	0	83	25	3	56	80	70	28	47	28	11	67	40	83	68	44	82	92	68	40	57	56	60	47	37	45	62	50	66	13	26	0	20	72	9	67	37	49	32	62	25	57	62	74	24	5	68	52	76	38	99	37	78	93	79	11	93	39	37	11	76	26	18	10	5	50	2	54	84	91	94	90	30	0	72	60	84	59	24	3	0	48	52	87	39	89	91	30	20	64	77	40	48	56	16	30	53	39	70	91	88	92	37	22	41	41	32	58	13	53	17	29	42	90	47	13	97	75	99	96	12	96	31	80	13	65	47	16	72	72	26	85	32	19	37	33	56	51	9	70	6	20	71	30	29	15	37	64	23	5	62	86	94	83	56	64	83	2	43	3	34	52	46	14	2	2	1	24	76	7	44	70	3	23	88	17	75	66	72	40	27	81	21	41	88	29	67	44	80	58	20	13	76	90	54	56	0	67	16	61	16	31	33	71	17	87	14	50	18	76	70	63	38	1	67	91	81	64	27	30	6	36	74	16	34	94	13	8	52	17	65	97	93	89	26	14	82	28	28	80	10	93	36	49	36	46	33	57	11	37	77	34	8	63	19	32	87	75	35	71	43	69	81	90	94	29	34	55	48	70	60	1	15	20	31	80	0	15	77	30	48	83	44	72	2	26	64	18	1	76	79	33	78	56	3	63	54	29	65	68	15	90	46	1	97	29	95	9	57	41	87	75	71	43	59	20	63	17	22	15	90	52	89	53	31	0	42	39	24	53	35	95	54	34	67	60	67	56	58	89	59	68	15	76	15	86	62	14	88	76	69	77	46	77	42	62	17	55	66	24	47	93	83	60	66	96	46	31	35	22	50	28	40	59	86	75	31	50	96	17	22	40	34	42	30	15	85	94	27	29	52	76	25	40	86	37	95	49	93	57	47	12	4	7	21	4	92	78	43	75	26	14	32	68	74	89	60	31	15	89	24	84	70	34	16	18	48	73	34	61	51	48	80	74	82	23	58	9	46	55	50	4	17	39	52	57	83	83	1	49	3	17	23	20	71	3	0	43	15	61	40	29	81	40	78	0	42	62	0	15	61	25	97	93	48	99	46	88	62	14	41	91	25	71	8	79	63	52	63	60	50	94	96	52	72	0	14	60	86	35	88	55	72	18	70	75	37	84	79	69	49	48	8	57	72	16	80	79	81	57	54	67	92	85	80	29	83	97	49	26	22	79	95	52	28	30	57	32	14	11	71	49	82	59	70	23	40	37	78	37	99	79	61	56	2	29	88	46	17	49	25	64	11	19	62	79	56	57	97	60	39	34	67	79	32	89	78	49	53	96	29	36	27	94	92	59	4	69	44	74	38	93	26	23	36	37	93	63	49	96	54	9	70	14	26	73	74	38	10	67	56	84	8	5	67	30	50	1	57	24	66	34	57	94	96	58	75	50	92	43	94	68	96	12	40	10	48	29	41	84	40	65	58	28	45	56	58	73	7	26	97	26	83	61	99	23	11	37	75	61	55	33	84	77	84	61	25	66	82	99	3	8	9	82	88	58	81	77	41	41	38	35	80	44	35	91	80	70	42	65	81	85	58	72	62	18	74	21	33	56	23	28	76	2	98	87	36	92	51	30	67	5	6	29	4	53	19	38	13	21	41	90	14	72	83	72	32	70	75	88	8	98	11	49	65	38	83	50	92	52	16	17	79	18	27	87	38	4	4	71	65	75	37	94	22	37	63	4	15	56	19	3	59	93	83	9	16	21	81	0	78	88	85	59	70	91	58	80	37	44	89	62	67	19	69	17	66	91	23	52	54	33	41	65	98	44	12	68	13	67	90	95	24	81	37	48	87	0	23	42	78	91	58	46	43	76	13	41	52	97	38	97	68	50	7	88	6	2	86	38	74	14	25	35	81	3	25	37	68	97	75	44	79	49	19	19	38	29	10	12	94	81	53	9	3	67	66	35	73	90	92	21	48	83	60	41	13	26	36	48	25	57	65	6	43	46	61	90	48	20	27	64	7	36	63	83	49	62	41	0	67	5	27	15	43	55	12	98	12	4	88	27	94	57	86	1	65	98	52	42	74	86	27	20	99	33	70	76	15	61	94	58	73	77	49	65	59	60	94	5	13	83	10	91	5	50	9	1	38	83	43	17	54	11	79	90	67	91	23	38	65	98	90	75	77	22	76	99	58	98	45	82	11	87	49	56	69	66	98	41	79	79	90	68	82	79	41	24	20	90	65	30	52	85	25	71	4	66	55	85	93	39	27	70	95	27	39	94	54	55	73	49	51	34	73	89	95	3	81	62	86	70	23	59	29	67	37	20	60	4	19	8	39	26	20	75	34	57	11	8	18	66	11	84	25	97	68	11	73	59	61	93	2	50	80	84	25	51	4	93	35	27	60	26	81	75	68	98	6	45	0	46	43	47	82	13	38	12	36	65	91	27	36	66	48	72	62	79	30	55	72	1	90	10	94	78	40	74	96	96	76	76	76	7	45	98	80	26	55	83	29	10	50	89	18	14	43	76	2	13	72	25	3	20	46	45	2	73	47	22	45	65	60	76	60	61	19	69	90	9	56	89	63	5	5	83	90	29	79	36	6	30	25	2	27	82	41	15	52	81	11	2	75	8	97	47	53	70	56	94	86	89	78	4	52	67	64	64	45	40	35	58	22	56	61	65	95	26	5	38	44	25	98	80	58	12	91	30	86	23	45	76	42	56	65	68	46	23	12	10	70	94	9	50	65	7	32	73	15	62	30	66	55	39	19	69	81	16	29	78	90	62	53	47	95	12	34	70	9	92	39	55	37	26	20	67	52	46	63	7	27	71	78	85	17	35	94	58	79	32	87	64	5	29	18	32	97	24	53	96	28	35	52	86	55	13	67	40	42	4	49	2	19	91	59	11	70	18	89	63	67	53	39	93	98	14	14	42	75	43	58	59	93	30	13	77	47	49	99	5	37	64	40	15	18	68	28	84	6	27	68	5	26	75	85	51	94	41	13	80	36	36	85	2	68	7	5	38	24	22	75	57	96	26	53	85	42	62	51	47	58	22	53	80	67	65	65	29	98	37	24	76	13	86	95	0	60	62	63	52	45	37	0	31	56	81	93	0	90	79	69	48	90	36	5	39	80	82	8	11	14	36	13	25	64	77	15	81	73	29	55	29	47	79	9	3	28	80	35	55	99	49	93	80	40	98	99	61	68	40	4	16	84	25	70	1	18	32	85	74	49	9	37	88	16	87	51	9	57	39	22	82	8	33	82	89	22	18	21	86	95	86	87	91	49	44	26	55	17	12	72	30	49	83	52	54	85	44	17	72	57	1	43	62	20	2	93	32	56	29	21	87	50	6	8	6	87	54	37	98	33	78	68	81	60	11	24	43	25	84	99	17	67	86	57	99	16	62	59	37	33	57	43	83	61	46	37	59	47	48	94	67	34	12	9	15	18	13	91	34	92	45	17	39	86	28	18	75	24	8	20	70	29	75	7	57	79	51	71	31	21	89	40	19	92	28	0	56	3	33	55	54	99	66	63	87	76	80	4	53	6	99	6	16	51	64	14	35	1	87	77	49	72	40	31	32	8	68	18	9	48	93	82	40	94	46	35	10	14	21	79	80	32	42	77	10	72	87	54	2	65	43	7	7	28	41	21	53	58	91	38	73	22	54	81	84	4	39	79	69	58	15	25	40	60	84	82	2	98	51	
7	16	16	13	10	10	7	9	4	19	20	16	17	10	7	10	9	13	6	16	18	12	2	3	16	10	17	5	4	6	2	6	12	10	7	15	13	18	9	13	3	16	13	11	19	2	16	1	12	8	8	14	3	9	4	15	14	16	3	18	14	11	9	12	1	7	6	16	18	9	8	4	20	18	1	16	20	1	7	2	6	9	5	3	12	10	2	3	15	4	10	3	16	6	3	17	3	3	8	14	18	6	12	14	10	15	19	2	20	18	11	16	20	6	4	5	1	19	3	9	2	14	13	18	16	7	19	16	2	5	19	17	11	20	1	5	13	1	19	17	9	4	8	4	16	4	7	8	2	9	4	12	17	4	5	13	18	18	9	3	18	8	15	16	5	11	3	1	9	20	5	13	12	1	3	20	7	3	9	2	11	1	9	6	4	13	10	17	4	9	15	15	8	4	12	2	13	8	7	18	7	6	7	4	12	3	11	14	13	4	7	1	2	18	20	20	5	2	19	7	19	13	6	4	9	12	13	3	19	16	9	2	3	9	7	4	13	6	12	6	12	7	2	12	7	4	8	7	3	20	17	1	15	18	9	3	6	5	14	4	14	20	19	4	7	14	11	17	12	10	10	15	8	6	1	20	8	8	6	3	3	15	16	5	8	5	10	10	12	19	16	19	18	2	7	14	9	11	13	15	15	3	13	8	16	3	18	2	19	16	12	8	11	6	16	9	9	8	16	14	16	14	19	3	15	9	16	6	20	9	11	11	7	13	13	7	6	4	4	16	18	9	15	10	20	3	1	11	20	9	10	3	12	18	7	16	1	8	14	14	15	16	6	19	4	9	5	8	10	12	13	3	10	4	17	13	8	6	19	16	15	7	16	9	2	12	3	12	15	3	7	19	8	7	9	19	4	3	9	20	5	19	12	4	7	16	20	3	17	7	5	7	7	2	4	5	13	12	11	18	18	20	18	6	5	10	11	18	20	15	2	17	8	20	8	6	6	6	3	6	3	6	11	8	11	18	1	15	13	13	19	12	1	14	18	9	7	17	9	7	5	19	3	19	8	9	1	1	10	11	13	13	11	6	3	5	15	20	9	4	4	1	9	3	7	6	12	15	10	10	3	18	1	3	10	11	17	5	8	5	4	19	4	7	10	14	16	16	16	16	9	14	15	7	15	6	13	18	7	20	16	2	18	13	17	2	20	6	14	15	7	8	17	12	19	3	5	15	1	1	8	10	19	15	15	9	14	6	15	1	18	18	17	4	12	11	10	19	18	8	4	18	16	2	4	8	3	3	5	5	5	6	12	1	15	14	3	4	15	12	14	10	14	11	1	1	12	3	8	9	16	10	6	16	14	7	16	5	3	9	15	12	2	8	11	13	1	6	11	5	10	8	16	10	14	11	12	4	15	14	12	13	3	6	12	7	10	2	16	15	6	8	12	6	4	15	10	16	8	2	11	7	5	15	7	5	2	10	12	8	4	8	2	1	8	13	8	6	15	4	13	2	7	10	13	9	8	7	16	7	3	13	8	1	14	9	12	4	1	10	14	12	15	7	7	4	12	16	8	8	11	2	4	5	15	6	8	14	11	16	3	13	10	7	5	8	15	5	10	8	9	6	10	4	1	12	15	4	8	7	16	5	3	4	2	11	1	6	13	16	1	3	13	13	9	1	2	8	3	15	14	4	16	7	5	16	13	6	12	10	2	14	5	16	5	13	6	1	5	10	6	4	16	14	13	1	16	11	2	6	2	2	2	12	5	8	8	15	9	16	10	14	8	2	7	16	8	9	11	14	10	2	13	10	2	12	5	6	6	13	13	13	3	6	7	7	6	14	3	6	6	15	1	8	2	2	4	7	8	14	4	3	11	10	2	8	4	2	5	9	8	3	2	6	3	3	2	15	11	12	3	3	11	6	13	2	9	13	16	1	12	10	15	15	3	9	3	9	9	14	8	8	7	5	5	9	4	13	5	14	7	4	3	9	9	10	16	8	7	3	1	7	1	12	2	6	10	5	4	12	9	12	10	16	4	2	12	8	5	7	16	2	10	1	6	1	1	5	10	16	9	13	12	4	8	13	5	4	13	1	1	9	10	5	3	10	8	3	5	4	12	9	4	8	16	10	9	14	12	15	1	10	2	16	5	9	14	8	10	15	4	12	13	12	4	6	11	16	13	4	12	14	16	8	8	2	13	6	5	10	8	15	15	2	4	10	6	7	5	2	7	4	8	12	7	13	14	12	11	9	11	6	7	12	10	7	1	13	13	8	4	7	8	6	15	10	8	5	2	14	1	9	15	10	14	13	2	14	2	4	9	5	11	11	3	9	4	6	1	3	7	10	1	8	8	4	10	9	5	4	14	10	6	8	9	1	7	14	4	2	5	3	16	7	9	16	12	14	7	3	4	15	11	13	16	8	12	10	11	14	8	7	2	5	3	5	3	9	8	1	12	7	13	10	7	12	3	7	9	3	14	4	4	2	13	9	5	15	2	11	12	10	15	10	8	8	1	2	6	7	5	5	7	2	13	11	2	5	8	14	5	12	2	14	15	4	15	6	12	15	11	15	10	7	8	4	10	13	2	2	14	2	1	5	13	12	9	5	11	4	5	6	12	9	10	9	4	7	10	8	3	4	9	16	9	12	13	16	9	11	13	9	10	16	3	12	11	1	12	12	2	16	12	3	5	14	14	16	16	9	15	15	3	5	11	1	15	5	1	7	4	1	14	15	12	15	4	10	1	12	11	11	4	10	8	15	16	16	10	16	8	10	9	7	12	4	13	11	6	9	4	12	12	16	12	8	7	11	3	16	8	7	7	15	11	14	15	11	6	1	12	11	12	16	13	7	14	6	15	7	6	13	14	3	5	2	15	15	15	12	1	11	15	15	9	4	5	5	13	5	1	15	2	8	4	1	1	6	13	9	16	7	13	16	1	14	9	6	13	1	4	5	2	13	8	7	15	1	6	2	13	1	2	10	16	5	1	14	2	7	10	3	4	14	16	4	9	16	5	4	1	2	2	15	5	13	16	2	6	3	8	3	9	12	8	10	6	3	8	1	2	11	14	13	10	1	5	16	2	13	9	14	16	12	5	12	11	5	8	2	3	10	6	2	6	5	16	16	7	15	11	12	3	8	5	4	16	11	5	11	5	12	16	10	13	6	1	8	12	5	6	14	4	8	9	4	4	13	6	3	7	16	12	3	1	15	3	12	15	15	15	16	15	3	6	13	4	12	11	4	12	2	8	13	15	14	15	7	10	14	2	14	11	5	9	9	7	8	3	9	12	1	14	2	15	6	14	12	13	4	3	12	15	3	6	15	11	15	5	10	16	13	11	14	15	9	6	3	15	13	9	5	11	8	6	10	14	3	3	5	16	10	8	11	1	4	13	16	12	1	10	3	14	7	15	1	12	6	3	4	6	16	12	2	9	16	15	2	9	14	3	8	6	3	11	5	12	10	12	7	12	10	15	8	3	2	13	12	2	16	12	13	9	6	1	8	12	3	2	14	14	10	7	4	5	12	12	7	16	10	12	13	9	13	5	7	8	11	2	6	5	6	11	16	16	11	13	16	2	11	10	16	13	11	14	15	11	10	3	11	11	1	10	4	6	5	13	11	5	2	1	10	9	16	16	9	8	8	5	13	4	1	13	11	9	5	9	2	1	12	11	1	12	1	15	14	1	16	6	5	15	7	13	8	13	12	4	13	4	6	16	13	12	11	12	7	7	10	3	6	16	3	1	4	1	13	3	6	8	7	2	14	3	11	10	1	7	14	10	12	16	14	13	12	4	6	9	4	7	10	7	14	1	1	10	9	4	15	2	8	5	4	14	7	7	12	8	15	9	2	2	10	3	7	8	5	4	16	5	10	3	4	5	14	11	1	4	13	16	10	1	15	6	9	2	10	7	4	10	11	8	11	6	13	15	14	15	4	9	15	5	7	1	13	9	10	15	12	8	15	12	4	8	1	1	15	14	11	6	5	7	4	5	14	14	10	2	11	11	8	15	8	11	9	2	13	14	15	1	2	2	16	1	11	13	9	5	7	11	14	8	10	10	6	10	13	10	1	16	16	6	11	6	2	13	5	13	2	11	5	16	7	11	11	14	5	2	4	9	12	3	11	12	6	7	2	9	16	1	12	4	15	13	14	12	6	2	14	4	1	16	3	14	15	10	7	16	1	8	1	11	3	2	12	2	14	1	1	2	5	13	13	13	16	9	2	16	5	5	15	13	15	14	14	16	15	13	9	5	2	15	10	12	9	5	15	12	5	11	11	1	1	6	1	15	12	2	10	14	11	11	12	14	14	5	3	9	3	4	13	10	16	16	6	6	10	8	6	16	16	3	12	6	13	9	16	4	14	3	2	9	3	10	6	9	4	2	1	8	2	5	8	8	5	6	15	13	5	15	1	9	3	16	4	3	14	16	8	8	10	14	2	4	5	11	11	10	13	11	10	8	16	2	7	1	6	3	13	8	3	16	6	14	13	16	12	4	3	14	6	13	3	7	11	8	9	7	13	16	10	3	12	6	15	10	11	13	8	8	4	16	2	14	8	6	15	14	2	13	2	16	4	5	10	4	10	4	1	3	7	9	14	12	7	5	7	7	9	11	6	10	15	16	15	11	1	2	12	14	13	4	4	5	15	12	7	2	12	12	15	12	10	11	1	2	1	15	9	16	13	7	6	7	9	9	13	13	10	15	9	11	15	6	5	8	7	15	16	3	5	10	6	9	16	9	11	9	13	10	15	11	14	10	14	5	3	9	16	3	11	10	16	13	1	15	8	3	6	6	10	10	13	2	15	16	1	1	14	7	8	2	3	1	9	1	2	10	15	6	14	5	5	2	3	14	9	7	9	3	4	7	16	4	15	15	16	10	1	8	14	4	3	9	10	5	6	2	13	15	3	4	12	6	16	1	5	14	11	13	14	6	13	12	14	14	3	6	4	10	10	8	16	9	15	6	14	10	4	13	1	5	7	1	10	10	13	11	7	15	8	6	11	11	3	11	12	11	11	14	14	4	6	2	7	2	7	3	3	2	1	5	6	16	7	7	13	5	3	9	14	13	8	2	10	4	6	2	12	2	10	9	12	5	6	1	1	5	9	7	3	4	1	14	9	15	1	6	8	8	14	8	15	13	7	6	13	4	13	13	4	8	14	13	12	16	8	15	13	16	5	6	12	11	14	1	12	7	11	3	7	10	12	16	1	9	10	4	4	11	3	15	1	16	3	5	9	13	5	2	11	14	2	3	9	14	3	6	11	12	10	11	2	13	12	1	15	4	8	13	2	12	5	7	2	15	1	1	12	6	15	11	12	5	14	1	5	10	13	4	9	8	14	3	15	1	8	9	14	13	2	3	1	4	2	10	11	14	11	14	9	12	14	8	9	7	9	5	16	16	8	12	6	15	11	16	2	12	15	11	10	3	8	9	8	6	2	5	1	4	3	14	12	1	14	4	6	4	1	2	9	12	16	1	10	1	9	1	14	9	8	7	1	12	1	10	9	1	1	6	14	13	8	14	13	1	1	2	7	10	2	16	3	16	14	16	6	13	10	13	13	12	9	2	10	2	13	10	16	10	3	4	16	16	12	13	3	12	3	5	13	12	11	1	6	16	8	16	4	5	9	14	3	8	3	8	1	2	16	11	13	1	10	9	5	15	11	14	6	1	12	12	9	5	4	6	7	7	1	5	1	14	1	2	12	15	15	13	12	7	8	12	10	11	15	11	8	1	15	11	16	7	12	5	4	16	15	13	7	16	5	1	3	11	10	4	9	2	16	16	2	2	2	9	10	4	11	2	11	2	14	16	1	5	1	8	2	9	2	8	1	1	8	15	15	10	13	9	3	14	12	9	14	5	2	1	5	16	16	6	12	12	10	13	11	13	13	1	6	14	11	9	6	5	13	6	4	16	11	6	6	7	12	16	11	9	1	10	14	4	9	16	12	16	1	5	14	7	7	9	6	3	9	16	14	12	1	11	14	4	3	5	13	6	16	12	5	7	14	9	11	2	3	5	8	2	3	3	1	5	14	8	7	14	9	13	11	9	13	9	5	10	5	7	16	8	12	10	12	12	5	4	2	3	5	6	9	16	11	5	16	9	13	15	7	3	13	11	4	2	14	5	13	8	5	5	11	11	14	13	10	8	4	15	2	16	9	6	14	16	1	3	1	14	16	6	9	15	5	14	2	9	4	14	8	1	5	9	1	10	16	8	15	6	1	9	8	11	16	13	5	4	15	16	4	9	9	10	15	2	9	2	12	15	14	2	7	11	4	14	9	8	4	12	15	8	2	16	2	8	1	10	5	15	3	4	13	1	15	2	10	13	3	16	16	2	9	16	4	9	4	15	4	2	13	6	15	16	4	16	4	7	1	7	10	2	7	6	5	13	9	6	13	8	12	13	15	10	8	7	6	16	3	6	16	11	1	5	3	12	3	14	7	10	10	12	6	6	10	7	15	14	16	2	10	8	12	7	4	9	4	5	7	10	10	1	3	13	13	16	9	12	10	16	6	1	2	5	10	16	6	15	3	12	11	4	6	3	6	9	2	3	14	7	15	4	7	5	5	4	6	16	5	10	16	9	5	11	1	8	7	13	11	7	5	12	7	16	5	5	5	8	7	5	9	5	2	6	8	11	12	9	12	8	13	9	13	16	3	6	10	5	5	3	10	7	13	14	13	11	15	9	1	3	12	10	9	11	5	10	8	16	4	6	4	6	10	7	2	3	4	11	10	15	15	11	4	12	15	7	6	15	8	1	5	3	12	11	6	13	2	9	10	13	11	8	15	14	4	9	15	3	13	7	8	12	15	7	14	12	5	2	16	9	10	14	2	14	14	15	2	3	8	7	2	2	13	11	14	15	9	2	4	15	1	11	6	14	13	3	2	4	11	7	7	5	15	9	12	3	8	1	12	15	12	2	16	9	8	1	16	8	12	14	1	2	2	15	15	10	11	15	13	4	16	4	14	9	11	1	8	1	9	14	16	15	7	1	2	14	2	1	8	4	15	10	5	1	5	10	2	1	6	16	9	8	15	15	14	11	13	13	5	2	4	7	15	11	14	3	4	8	15	9	5	5	4	14	12	1	7	14	2	14	14	2	2	13	5	1	6	2	13	2	16	4	16	10	6	11	11	9	16	15	13	12	14	1	12	5	8	7	16	8	13	1	13	6	13	16	16	1	6	6	8	15	11	5	2	1	9	15	5	6	14	6	13	3	7	16	3	5	14	16	12	3	15	4	12	8	14	11	3	4	14	13	3	15	15	10	7	16	1	3	11	15	14	5	4	2	14	4	12	10	7	15	10	14	2	10	6	14	16	6	5	6	4	2	15	11	4	9	10	4	9	11	1	7	11	14	3	4	15	9	9	13	16	16	2	3	3	7	6	11	6	9	1	16	7	2	9	14	13	6	15	5	15	10	8	7	13	10	2	1	4	14	15	10	6	2	8	5	13	3	6	2	8	2	13	15	14	9	10	2	2	14	11	11	10	15	6	16	1	3	16	3	6	10	1	12	2	12	7	13	6	11	7	14	5	2	16	9	11	11	6	2	3	5	14	7	9	2	3	2	10	6	13	11	7	1	9	15	16	1	15	11	15	6	12	6	16	16	7	14	8	12	8	4	3	3	13	12	16	8	6	13	8	9	2	16	14	10	7	6	6	15	7	9	2	10	13	5	6	15	12	9	4	7	2	4	12	3	16	7	10	1	1	6	4	4	1	3	14	8	7	11	6	16	3	13	3	10	8	9	6	9	15	16	9	11	13	8	15	15	6	9	10	7	12	16	12	1	8	10	7	16	8	2	5	13	14	2	8	6	12	14	10	10	14	5	9	6	15	2	15	11	3	5	14	13	11	10	15	7	5	14	1	15	7	13	9	7	13	13	8	4	6	5	15	4	12	1	2	11	15	13	7	2	1	11	11	15	4	11	4	16	7	4	2	13	10	2	5	8	1	14	6	15	16	9	13	8	5	16	12	11	3	8	6	8	7	3	9	12	13	4	13	7	3	16	1	12	7	3	4	15	16	8	4	5	4	13	10	6	6	15	11	12	6	4	3	7	11	5	16	1	12	3	15	6	10	16	10	11	9	5	4	2	11	12	10	10	13	1	11	2	13	5	1	7	14	8	16	15	11	6	11	14	14	15	12	11	3	4	3	6	15	16	9	1	2	15	15	4	9	15	14	12	9	13	12	15	9	9	5	3	14	2	13	14	8	7	4	9	12	1	10	16	7	9	4	5	1	2	9	15	1	9	16	14	11	16	15	9	12	5	10	6	13	13	1	9	2	7	16	3	5	10	2	1	6	16	10	7	8	1	4	12	1	14	1	3	3	4	16	10	12	16	13	5	13	12	3	4	13	7	11	4	5	5	11	1	4	14	15	3	13	16	12	5	3	7	6	12	6	2	6	7	1	4	14	14	4	11	16	6	14	1	10	11	15	14	5	15	4	12	7	12	15	14	1	1	7	12	2	14	7	13	9	10	5	16	10	6	2	6	2	4	6	12	13	15	9	4	4	11	1	16	11	13	5	16	16	2	6	10	10	7	2	16	12	16	11	10	7	6	2	12	6	3	9	13	11	1	15	5	10	1	12	3	6	9	3	9	8	11	13	10	14	3	1	2	12	16	9	12	8	13	13	7	16	2	6	9	3	16	14	13	6	15	6	6	5	14	14	2	2	5	10	11	15	13	2	13	9	3	5	1	10	4	9	10	3	11	6	10	8	11	3	1	2	5	16	1	11	9	13	10	10	1	15	5	2	3	3	12	2	6	6	1	6	12	8	5	5	15	9	7	11	5	10	7	7	2	2	14	2	14	2	6	9	4	12	2	3	7	3	13	1	11	5	3	5	14	7	10	1	14	13	6	11	2	13	6	12	11	7	11	7	16	12	6	8	15	11	4	11	9	5	16	10	14	11	9	1	1	13	11	1	3	14	16	11	9	1	2	16	13	7	2	8	7	15	5	12	13	1	1	9	14	7	1	13	7	1	6	11	5	13	9	12	7	1	4	10	3	7	4	6	6	1	16	12	16	15	2	9	9	15	5	12	1	7	3	7	8	8	2	3	1	1	13	8	13	11	11	8	16	4	6	16	11	11	11	8	1	10	1	1	10	7	12	2	7	10	10	10	1	9	9	16	9	12	7	10	1	2	13	12	4	2	12	14	2	7	12	7	13	4	12	11	4	4	7	14	9	15	1	15	16	13	14	6	14	16	2	12	9	5	2	7	12	15	11	13	11	1	3	1	5	8	7	3	12	16	13	3	1	14	10	2	14	3	3	11	16	16	2	8	9	15	3	13	11	3	1	8	8	6	5	15	6	12	3	6	1	3	16	3	13	11	13	8	2	9	12	4	8	1	11	11	12	16	12	6	15	15	16	1	7	16	13	8	14	12	7	16	13	15	2	2	4	16	12	9	11	7	13	8	9	5	14	16	2	16	6	8	15	12	11	11	1	10	9	16	1	7	5	9	13	6	4	4	11	2	5	13	15	13	13	8	2	6	15	9	15	9	6	11	15	5	7	14	3	14	9	12	2	7	1	11	6	12	16	11	15	8	16	14	2	4	7	15	2	15	16	16	12	13	4	3	10	8	15	12	9	9	5	16	1	2	1	11	11	5	3	1	3	13	13	12	8	12	15	2	5	5	8	7	10	15	14	4	2	14	2	3	16	15	10	2	16	13	14	2	2	11	10	10	1	10	14	5	13	2	12	6	7	4	6	8	4	16	12	14	2	4	10	8	3	15	5	10	6	3	14	10	2	13	4	16	5	14	2	10	3	11	1	7	6	5	13	1	5	13	15	5	3	9	3	2	13	12	5	5	1	7	15	14	7	8	6	1	15	11	6	13	16	14	9	8	4	2	14	4	3	2	7	9	15	5	9	7	6	8	6	4	11	14	7	14	3	11	4	4	11	12	14	15	8	14	5	11	3	2	6	1	13	12	3	1	14	10	9	10	16	12	5	3	8	9	3	7	10	3	14	15	3	6	8	3	9	8	9	5	13	16	10	8	14	16	13	14	13	10	7	13	11	7	3	4	12	8	3	5	3	
880	520	240	110	900	250	300	310	130	180	610	320	410	150	570	920	330	760	720	130	700	520	600	850	1000	580	620	720	900	680	210	210	790	470	610	900	390	120	330	940	660	260	640	500	250	310	320	480	130	140	710	430	610	590	910	260	960	900	880	220	200	810	650	780	120	200	620	340	870	400	940	860	310	600	560	760	350	490	280	920	680	370	930	700	920	730	150	970	420	280	240	150	140	270	920	900	760	430	560	1000	160	230	340	360	470	320	790	160	920	260	940	560	420	630	930	160	490	130	110	730	610	260	110	870	960	710	850	730	650	360	700	760	140	610	970	100	930	330	500	190	430	180	300	190	560	790	480	750	110	160	680	100	500	810	710	630	260	720	700	740	250	490	810	980	380	120	690	630	340	980	500	500	240	140	700	620	640	250	870	130	800	770	530	460	960	570	870	420	180	160	780	560	850	710	1000	730	590	100	850	210	340	370	420	600	850	100	230	290	750	420	920	760	980	750	530	310	650	280	200	400	180	120	100	120	830	290	760	710	830	100	930	420	590	330	520	420	690	190	700	610	160	380	780	250	780	850	280	960	130	600	750	250	310	300	440	340	310	600	290	610	690	370	700	610	820	110	230	230	660	500	470	870	100	110	550	540	280	390	560	630	550	770	880	900	650	770	170	600	180	730	860	530	310	990	250	760	110	710	310	920	990	260	550	200	530	700	490	1000	600	270	800	440	140	890	620	740	420	860	150	120	740	920	570	530	820	220	690	150	500	450	210	860	730	550	130	700	620	470	540	610	880	750	110	330	860	200	210	810	670	490	620	660	980	260	610	790	460	960	210	630	230	250	850	170	940	960	110	100	410	550	580	920	110	560	850	180	200	150	660	690	740	780	770	480	840	950	570	880	460	350	810	220	290	790	600	930	100	210	480	660	450	670	360	310	720	350	390	650	400	710	440	820	640	240	430	940	740	600	870	610	520	490	730	920	130	810	130	860	180	840	700	890	460	660	580	260	580	590	100	560	1000	220	970	480	300	1000	580	850	430	900	480	650	680	760	540	100	120	650	260	990	650	700	320	410	170	340	860	330	400	240	740	420	270	170	130	640	820	670	600	580	590	470	460	940	920	560	570	460	680	710	590	100	770	270	320	700	570	910	930	340	890	380	880	250	740	390	280	370	470	760	760	540	1000	170	230	240	760	680	830	530	890	600	750	390	690	540	260	430	720	630	270	100	460	810	200	550	340	650	730	710	800	620	370	940	290	430	600	680	900	980	660	670	300	660	700	920	260	860	590	380	960	880	940	780	640	560	110	960	960	470	510	220	880	780	920	840	370	190	830	840	600	300	910	380	360	940	280	650	120	850	880	550	310	950	710	410	820	1000	900	170	740	630	310	730	980	590	540	280	910	230	740	560	620	620	320	510	740	460	450	100	260	280	570	470	940	100	470	940	410	430	460	960	680	920	890	450	590	910	790	140	170	380	520	820	200	360	730	600	700	500	780	770	1000	680	530	620	990	550	300	150	490	470	710	550	840	680	930	730	800	660	570	1000	410	860	590	350	510	950	870	530	760	460	430	490	760	250	260	630	460	210	210	760	950	410	220	340	970	580	490	360	530	970	490	160	650	280	470	380	970	430	790	940	720	160	390	130	280	870	850	550	530	120	560	690	690	580	250	630	580	620	460	460	940	980	950	140	190	770	320	550	310	340	570	170	570	850	610	760	140	490	220	940	120	510	610	870	560	960	940	820	850	600	460	160	640	200	630	680	150	540	810	690	440	970	590	680	650	610	180	410	630	130	530	240	750	150	240	220	220	560	900	730	760	620	280	340	310	700	520	220	440	990	860	720	520	850	510	730	650	460	310	990	270	410	190	340	520	940	730	500	140	200	490	180	700	930	710	980	740	560	280	360	770	550	800	220	460	920	570	400	830	440	870	280	220	700	730	960	240	870	490	900	570	150	310	510	780	740	770	790	410	1000	520	930	340	1000	500	690	970	250	390	910	250	400	740	670	520	820	970	620	970	210	280	460	160	480	440	880	690	690	580	920	910	140	510	450	390	390	700	510	120	330	890	930	920	700	480	360	350	510	480	360	850	870	900	110	210	480	770	730	700	600	110	360	950	760	100	800	780	380	190	1000	920	990	350	580	380	180	730	540	910	130	310	850	980	920	400	640	510	110	700	810	510	940	470	310	840	160	320	790	510	710	860	700	510	300	640	480	130	590	130	450	850	490	880	740	270	240	520	310	310	670	130	320	160	180	490	210	120	620	170	500	430	140	640	450	870	100	260	290	110	570	210	850	750	710	700	270	710	400	260	230	850	100	970	780	790	730	500	680	120	940	330	590	310	250	300	760	360	600	290	420	540	180	760	960	170	230	840	520	800	540	430	550	340	870	290	660	250	650	470	170	170	820	810	510	950	930	450	740	370	610	970	220	210	140	850	990	930	430	630	910	990	680	870	150	650	980	920	630	100	260	170	910	980	850	810	730	180	490	690	350	650	840	120	490	680	500	660	940	570	570	650	570	860	620	550	980	190	730	820	470	740	500	190	940	130	720	790	220	690	260	760	590	980	790	690	910	260	740	430	480	100	300	850	740	800	310	610	450	260	600	760	460	950	940	360	720	100	850	460	510	500	240	1000	500	520	140	650	110	910	630	530	460	930	850	390	910	580	570	820	620	250	500	220	630	220	370	530	570	560	610	970	560	710	690	960	760	440	910	790	740	540	440	770	340	400	240	390	440	190	910	410	200	390	560	380	490	310	580	500	240	650	400	790	720	100	290	310	970	130	630	110	240	430	850	800	110	800	390	960	150	1000	790	340	490	500	290	910	980	880	310	530	650	820	390	100	430	860	910	350	190	420	410	190	110	930	220	930	390	750	800	320	430	240	140	510	420	170	680	570	880	870	880	150	650	860	940	650	110	920	200	250	950	710	940	560	700	220	640	150	850	970	840	950	910	720	500	930	610	290	820	160	730	830	950	950	640	360	780	980	630	950	290	710	890	220	490	850	470	110	630	270	680	480	690	100	170	190	250	560	210	760	730	290	670	380	410	450	640	110	510	870	540	220	110	740	470	530	280	590	270	270	450	110	890	800	620	690	220	120	930	710	630	560	870	700	780	570	910	470	940	740	230	370	660	750	580	330	630	130	190	610	870	120	650	840	970	190	270	140	260	680	380	240	520	710	420	470	480	760	230	450	230	510	350	620	100	370	900	920	980	670	460	840	320	390	720	600	180	260	440	960	480	900	790	530	280	650	380	180	720	450	250	810	330	560	230	180	540	690	990	700	560	660	110	740	720	760	440	770	140	610	210	990	150	380	210	690	100	290	530	450	380	430	490	930	620	800	550	770	880	730	960	310	320	370	610	200	610	230	880	260	290	470	870	810	760	810	440	730	170	640	410	1000	990	860	760	130	730	140	990	800	440	360	770	550	640	610	550	750	380	390	800	670	210	1000	400	530	640	350	710	780	590	940	510	590	930	940	350	290	470	190	140	240	720	860	460	610	370	700	740	200	970	220	260	760	190	750	770	380	940	470	490	800	460	180	650	930	780	950	710	990	820	740	280	120	430	310	600	580	640	790	850	990	760	990	360	140	930	370	510	820	240	500	310	490	660	860	520	200	380	790	940	820	900	670	930	600	830	530	130	470	320	630	560	770	620	850	770	200	520	820	330	850	700	440	190	770	490	450	600	970	620	760	820	390	450	740	300	420	660	230	670	480	980	340	740	1000	980	690	540	540	100	110	550	230	100	720	920	110	130	130	580	170	170	570	820	920	100	920	490	470	850	280	300	310	980	350	970	770	480	270	900	250	500	800	760	820	1000	690	860	320	550	880	840	100	900	200	500	260	100	910	500	940	320	440	850	680	710	820	290	130	270	130	540	480	690	860	540	630	330	130	270	230	480	610	660	980	960	510	680	440	360	310	830	560	420	460	210	610	960	970	830	590	130	630	190	200	690	560	920	650	370	280	820	440	450	880	880	730	240	230	930	660	280	260	590	980	540	160	360	600	310	450	570	940	330	240	560	580	200	870	300	820	280	200	270	930	710	860	480	710	670	230	220	230	580	610	810	940	420	630	130	590	690	340	470	710	500	360	540	530	630	100	450	680	540	830	650	490	830	350	790	620	910	220	780	490	200	950	910	810	850	100	660	260	390	690	610	620	140	730	1000	170	890	180	360	490	760	910	750	860	170	250	960	980	870	690	820	110	580	370	760	350	390	570	690	240	680	980	500	740	380	330	840	710	930	720	460	960	780	430	380	450	280	730	690	680	240	880	130	770	560	680	630	660	180	370	350	310	980	440	650	260	500	350	310	210	540	170	660	750	600	450	480	770	220	680	960	600	220	940	100	250	390	160	720	850	380	700	810	740	320	440	710	720	250	950	570	930	130	350	220	730	450	360	550	660	170	650	900	830	210	780	510	840	350	320	840	200	880	960	650	930	630	930	740	730	750	600	310	170	710	980	540	930	950	960	410	430	570	550	440	200	840	100	540	130	550	700	260	530	430	240	740	270	560	210	800	820	1000	150	880	760	880	610	290	370	660	160	780	150	890	570	500	760	990	550	150	520	630	660	670	740	870	380	940	690	480	960	420	990	630	560	600	410	510	820	270	780	600	150	550	630	900	650	250	180	930	390	880	400	910	790	370	890	690	970	140	1000	620	380	820	510	410	550	190	290	930	290	200	570	510	580	940	220	870	480	540	790	570	750	250	640	340	980	630	840	310	240	910	410	210	660	810	630	770	250	840	410	130	910	320	440	520	520	220	300	610	730	260	560	480	660	450	250	860	680	870	370	220	290	310	560	130	680	1000	310	660	160	920	690	590	140	390	610	120	730	420	900	410	970	130	820	680	620	100	650	570	290	640	800	250	840	400	670	510	970	730	860	670	990	790	870	850	670	170	190	950	990	250	600	520	540	560	330	340	140	670	870	550	590	150	770	490	140	770	140	530	780	620	610	990	730	680	420	610	770	530	860	590	640	910	250	760	960	830	890	630	680	810	470	580	650	600	520	550	110	210	340	280	270	710	230	210	150	680	890	530	920	950	450	150	420	950	830	660	840	950	230	590	870	320	380	390	230	240	380	950	250	240	350	330	100	970	420	880	820	440	110	140	520	860	890	200	260	710	570	810	210	610	720	480	490	890	530	240	450	720	240	570	290	650	450	210	760	1000	470	370	360	750	570	710	280	380	550	160	220	220	320	860	790	690	530	920	470	560	240	210	160	790	790	420	840	440	270	840	750	490	130	710	730	860	510	890	610	340	330	210	750	890	340	100	690	450	380	840	470	970	130	800	510	140	580	130	690	730	380	490	590	1000	900	200	320	370	430	220	990	840	410	280	140	210	220	880	520	730	600	440	600	650	920	570	370	640	200	730	220	510	780	810	190	490	490	230	210	710	480	530	490	1000	120	870	970	580	980	790	700	250	980	650	240	540	310	190	370	530	440	290	830	210	220	810	220	930	520	950	390	190	200	280	660	250	450	760	340	700	780	290	220	260	910	840	850	720	380	530	170	760	710	260	350	770	490	960	400	960	950	790	440	520	800	820	400	530	310	190	680	460	810	270	360	270	680	430	750	600	230	420	980	450	710	400	940	450	300	260	680	600	570	300	650	120	170	130	530	400	390	350	150	970	670	840	190	930	460	350	820	450	770	160	550	610	460	180	670	250	600	520	510	970	970	280	820	600	630	780	520	460	320	570	640	890	200	440	430	510	700	260	350	740	190	520	730	200	310	420	460	110	970	150	550	270	580	680	370	670	110	470	140	890	210	520	140	470	310	110	870	770	640	660	910	280	940	500	870	210	950	230	660	960	480	970	590	570	460	870	310	250	510	340	230	740	630	630	720	720	290	280	470	900	890	540	340	290	450	430	960	540	140	820	240	660	120	120	320	560	210	520	460	210	700	930	360	330	880	480	250	730	690	430	370	630	710	580	430	820	860	950	260	960	200	400	610	470	990	1000	490	480	290	890	320	910	270	960	400	890	280	870	220	600	880	510	180	830	630	110	280	260	770	810	700	200	780	860	830	300	190	560	220	820	680	880	450	360	960	730	840	320	1000	310	310	210	640	390	890	310	250	210	320	320	720	470	500	940	140	100	530	810	510	830	660	220	800	490	420	480	670	300	160	140	270	1000	820	980	420	510	660	440	250	230	840	860	330	930	580	430	760	710	720	900	630	210	280	960	430	250	730	190	520	210	620	120	110	930	680	800	360	920	620	200	730	120	330	940	630	830	390	900	570	860	130	170	980	200	630	300	470	850	440	530	330	1000	980	740	630	570	530	1000	920	100	580	470	110	600	860	110	490	710	430	1000	660	450	280	320	430	410	670	980	150	560	530	600	440	430	430	100	360	660	820	330	310	540	470	530	950	980	490	780	110	330	610	840	430	830	390	770	230	720	840	610	980	800	320	670	510	960	460	770	390	730	360	830	120	550	730	320	660	590	420	940	140	910	850	510	750	230	120	470	340	140	620	360	350	690	410	280	680	390	640	740	310	230	650	400	290	140	380	780	640	990	230	160	460	660	410	330	250	220	440	740	400	680	560	120	190	890	500	550	300	380	320	440	960	300	330	740	490	530	170	490	470	130	510	280	230	260	530	240	250	730	270	580	870	330	770	670	740	590	230	410	160	620	700	810	240	730	560	730	700	730	240	900	350	210	360	280	280	940	630	510	930	230	750	430	340	810	550	130	280	530	150	490	370	720	900	830	960	530	780	920	780	260	630	440	360	810	870	840	680	980	840	620	430	740	410	370	590	340	300	900	140	190	920	120	190	340	730	530	530	690	410	350	250	320	930	230	400	580	700	960	560	970	810	670	830	900	920	130	750	810	570	170	370	270	230	210	300	600	440	550	670	310	440	180	900	990	640	570	970	820	190	630	960	370	890	300	990	100	210	210	180	350	520	860	1000	990	280	440	580	500	170	410	480	710	670	690	220	470	690	880	280	840	450	100	380	350	480	220	330	540	860	310	410	640	250	270	380	250	770	760	910	120	500	150	890	860	210	150	370	940	510	610	110	850	880	990	170	180	210	590	660	850	830	930	730	630	360	840	620	880	820	200	110	630	340	760	660	800	910	450	460	770	120	880	720	270	1000	930	890	430	280	430	400	370	870	140	600	330	290	160	740	300	510	770	530	200	690	290	850	610	230	520	500	970	970	530	610	480	860	310	160	950	130	720	410	970	320	270	230	950	840	510	600	850	910	960	980	350	390	840	730	920	220	150	260	230	630	570	580	320	390	850	670	790	880	470	220	240	640	410	860	780	480	310	400	140	120	540	140	300	910	640	480	440	590	970	240	120	390	440	900	770	970	110	110	980	510	640	120	900	360	1000	530	660	430	990	100	400	990	320	210	890	790	960	940	240	910	570	780	950	190	890	170	850	710	460	720	140	900	170	820	110	560	830	920	250	710	130	380	1000	920	630	940	900	440	410	860	900	260	490	710	580	630	630	550	890	550	300	420	960	860	280	210	750	990	350	910	810	470	850	180	790	990	820	330	290	560	480	670	790	650	790	400	350	470	460	890	370	310	100	340	380	480	660	870	690	370	380	110	360	140	550	870	310	190	990	830	1000	560	950	310	270	720	570	880	190	590	100	860	270	360	360	460	820	420	130	360	640	620	620	100	570	310	310	380	790	140	120	920	560	490	130	930	260	560	580	240	830	240	140	530	380	690	380	490	700	830	620	930	600	790	660	480	530	180	500	360	510	160	300	690	830	350	150	200	470	710	990	150	340	670	150	750	230	810	180	480	390	360	340	940	410	740	310	770	820	510	290	740	620	300	520	270	190	810	250	470	220	910	200	130	990	240	200	490	980	210	1000	370	920	240	230	780	130	710	290	260	420	900	320	940	580	810	510	800	810	890	850	730	100	140	490	530	420	160	770	150	600	330	580	520	300	450	730	750	650	180	950	160	490	990	290	740	560	270	380	760	490	300	990	570	960	700	720	400	610	710	270	280	970	480	800	500	500	770	750	460	370	770	470	580	560	780	660	990	830	210	830	720	210	430	220	830	380	880	520	610	750	900	790	420	210	600	780	420	890	690	360	160	830	290	490	910	890	240	520	590	420	390	770	950	660	430	250	840	440	420	740	390	820	670	690	740	760	710	930	400	570	740	540	200	980	550	940	810	350	250	330	920	780	440	630	310	990	780	280	970	140	760	330	910	600	840	470	840	370	940	430	180	880	710	420	880	650	410	310	530	660	440	380	530	410	790	760	780	930	260	510	360	350	810	210	730	820	300	390	130	150	250	200	610	410	100	750	320	680	160	110	500	830	480	940	600	790	530	650	310	420	930	780	820	420	530	120	510	450	180	450	450	250	310	210	660	870	210	610	750	840	280	740	650	1000	350	620	600	700	190	970	850	400	940	980	230	360	150	520	290	370	670	690	320	140	440	940	780	100	700	900	500	450	890	350	970	260	850	990	210	250	960	690	280	380	220	980	750	860	760	860	550	160	720	200	760	730	360	800	330	560	700	120	990	570	110	610	530	350	240	370	950	170	970	370	140	780	850	180	480	530	150	170	390	230	430	820	220	130	360	700	580	530	670	900	320	140	770	430	450	910	620	760	780	670	610	230	460	960	430	390	830	140	730	940	820	870	870	860	470	840	880	350	660	630	290	490	840	210	600	900	260	620	610	140	100	150	490	150	420	170	540	880	140	310	570	620	530	560	540	630	120	650	760	170	1000	580	730	180	770	830	340	910	830	150	150	440	590	350	390	470	920	410	940	110	310	130	350	580	900	790	770	500	140	350	590	870	340	370	730	490	430	770	510	120	350	400	680	670	190	180	790	760	150	150	480	400	120	1000	420	750	270	970	680	710	450	500	670	300	500	660	910	700	530	240	250	240	310	160	580	320	610	600	110	820	660	430	490	800	580	890	760	990	760	490	300	640	520	260	740	790	860	710	920	500	920	940	920	410	440	810	630	480	490	940	140	130	660	530	490	400	200	540	260	640	960	860	1000	230	640	180	460	870	480	890	410	260	450	700	970	940	390	180	470	440	830	760	390	880	560	770	470	750	590	670	400	940	900	660	360	830	640	570	440	800	750	940	520	380	980	760	750	120	620	780	180	450	690	790	550	200	480	550	930	220	410	690	260	780	450	770	730	890	230	310	580	320	180	100	990	520	410	540	830	870	460	900	280	450	160	220	330	670	740	100	210	920	710	500	310	580	440	950	820	300	580	120	580	530	160	830	580	400	450	160	160	710	800	680	690	210	740	790	870	600	680	130	930	930	320	270	490	590	390	380	590	920	910	600	890	830	810	270	740	690	930	540	910	640	510	200	330	390	380	560	390	210	430	670	870	390	220	260	990	120	180	170	800	600	820	430	320	370	300	960	410	100	100	620	600	100	780	280	280	370	610	470	920	210	290	460	150	430	520	330	400	160	820	680	630	420	360	960	390	190	100	210	800	580	980	1000	620	440	130	900	590	450	260	470	270	100	980	830	170	810	180	460	390	330	260	230	520	750	110	870	680	240	340	980	500	370	710	840	150	710	180	440	280	730	840	870	500	120	460	290	590	640	470	520	680	1000	900	920	360	210	310	920	460	940	430	240	170	610	340	950	780	670	730	720	280	480	430	260	800	350	670	360	510	630	260	460	970	230	390	540	1000	110	810	790	730	490	710	340	820	680	310	610	400	480	650	900	730	960	430	630	150	760	390	860	230	210	290	100	340	400	190	710	480	470	320	880	380	250	690	230	880	160	190	860	660	320	150	800	820	310	100	480	130	230	440	590	390	360	750	250	780	230	550	760	400	290	440	160	340	670	910	380	360	590	330	480	410	720	390	190	570	850	150	570	970	780	950	130	140	540	460	940	560	620	850	470	320	200	940	940	220	420	120	1000	110	660	100	330	680	660	910	160	650	120	310	510	960	520	260	590	970	750	870	290	200	130	510	310	120	770	900	260	930	990	690	470	410	640	750	510	320	320	700	740	730	360	300	200	850	200	570	550	450	110	880	140	740	110	680	820	430	220	920	610	320	440	330	210	760	210	670	100	860	170	750	460	500	790	690	550	580	670	720	910	290	150	550	420	740	1000	210	560	690	630	980	990	300	370	780	460	130	880	980	270	350	440	620	920	810	690	470	
100
