2475
100
3
50
0	0	0	0	0	0	0	0	0	0	0	0	0	0	0	0	0	0	0	0	0	0	0	0	0	0	0	0	0	192	0	0	0	192	0	0	0	0	0	0	192	0	0	0	0	0	0	0	0	0	0	0	0	0	0	0	0	0	0	0	0	0	0	0	0	0	0	0	0	0	0	0	0	0	0	0	0	0	0	0	0	0	0	0	0	0	0	0	0	0	0	0	0	0	0	0	0	0	0	0	
0	0	0	0	0	0	0	0	0	0	192	0	0	0	0	0	0	0	0	0	0	0	0	0	0	0	0	0	0	0	0	0	0	0	0	0	0	0	0	0	0	192	0	0	0	0	0	0	0	0	0	0	0	0	0	0	0	0	0	0	0	0	0	0	0	0	0	0	0	0	192	0	0	0	0	0	0	0	0	0	0	0	0	0	0	0	0	0	0	0	0	0	0	0	0	0	0	0	0	0	
0	0	0	0	0	0	0	0	0	0	0	0	0	0	0	0	0	0	0	0	0	0	0	0	0	0	0	0	0	0	0	0	0	0	0	0	0	0	0	0	0	0	0	192	0	0	0	0	0	0	0	0	0	0	0	0	192	0	0	0	0	0	0	0	0	192	0	0	0	0	0	0	0	0	0	0	0	0	0	0	0	0	0	0	0	0	0	0	0	0	0	0	0	0	0	0	0	0	0	0	
0	0	0	0	0	0	0	0	0	0	0	0	0	0	0	0	0	0	0	0	0	0	0	0	0	0	0	0	0	0	0	0	0	0	0	0	0	192	0	0	0	0	0	0	0	0	0	0	0	0	0	0	0	0	0	0	0	0	0	0	0	0	0	0	0	0	0	0	0	0	0	0	0	0	0	0	0	0	0	0	0	0	0	0	0	192	0	0	0	0	0	0	0	0	0	192	0	0	0	0	
0	0	0	0	0	0	0	0	0	0	0	0	0	0	0	0	0	0	0	0	0	0	192	0	0	0	0	0	0	0	0	0	0	0	0	0	0	0	0	192	0	0	0	0	192	0	0	0	0	0	0	0	0	0	0	0	0	0	0	0	0	0	0	0	0	0	0	0	0	0	0	0	0	0	0	0	0	0	0	0	0	0	0	0	0	0	0	0	0	0	0	0	0	0	0	0	0	0	0	0	
0	0	0	0	0	0	0	0	0	0	0	0	0	0	0	0	0	0	0	0	0	192	0	0	0	0	0	192	0	0	0	0	0	0	0	0	0	0	0	0	0	0	0	0	0	0	0	0	0	0	0	0	0	0	0	0	0	0	0	0	0	0	0	0	0	0	0	0	0	0	192	0	0	0	0	0	0	0	0	0	0	0	0	0	0	0	0	0	0	0	0	0	0	0	0	0	0	0	0	0	
0	0	0	0	0	0	0	0	0	0	0	0	0	0	0	0	0	0	0	0	0	0	0	0	0	0	0	0	0	0	0	0	0	0	0	0	0	0	0	0	0	0	0	0	0	0	0	0	0	0	0	0	0	0	0	0	0	0	192	0	0	0	0	0	192	0	0	0	0	0	0	192	0	0	0	0	0	0	0	0	0	0	0	0	0	0	0	0	0	0	0	0	0	0	0	0	0	0	0	0	
0	0	0	0	0	0	0	0	0	0	0	0	0	0	0	0	0	0	0	0	0	0	0	0	0	0	0	0	0	0	0	0	0	0	0	0	0	0	0	0	0	0	0	0	0	0	0	0	0	0	0	0	0	0	0	0	0	0	192	0	0	0	0	0	0	0	0	0	0	0	0	192	0	0	0	0	0	0	192	0	0	0	0	0	0	0	0	0	0	0	0	0	0	0	0	0	0	0	0	0	
0	0	0	0	0	0	0	0	0	0	0	0	0	0	0	0	0	0	0	0	0	0	0	0	0	0	0	0	0	0	0	0	0	0	0	0	0	0	0	0	0	0	0	0	0	0	0	0	0	0	0	0	0	192	0	0	0	0	192	0	0	0	0	0	0	0	0	0	0	0	0	192	0	0	0	0	0	0	0	0	0	0	0	0	0	0	0	0	0	0	0	0	0	0	0	0	0	0	0	0	
0	0	0	0	0	0	0	0	0	0	0	0	0	0	0	0	0	0	0	0	0	0	0	0	0	0	0	0	0	0	0	192	0	0	0	192	0	0	0	0	192	0	0	0	0	0	0	0	0	0	0	0	0	0	0	0	0	0	0	0	0	0	0	0	0	0	0	0	0	0	0	0	0	0	0	0	0	0	0	0	0	0	0	0	0	0	0	0	0	0	0	0	0	0	0	0	0	0	0	0	
0	192	0	0	0	0	0	0	0	0	0	0	0	0	0	0	0	0	0	0	0	0	0	0	0	0	0	0	0	0	0	0	0	0	0	0	0	0	0	0	0	192	0	0	0	0	0	0	0	0	0	0	0	0	0	0	0	0	0	0	0	0	0	0	0	0	0	0	0	0	192	0	0	0	0	0	0	0	0	0	0	0	0	0	0	0	0	0	0	0	0	0	0	0	0	0	0	0	0	0	
0	0	0	0	0	0	0	0	0	0	0	0	0	0	0	0	0	0	0	0	0	0	0	0	0	0	192	0	0	0	0	0	0	192	0	0	0	0	192	0	0	0	0	0	0	0	0	0	0	0	0	0	0	0	0	0	0	0	0	0	0	0	0	0	0	0	0	0	0	0	0	0	0	0	0	0	0	0	0	0	0	0	0	0	0	0	0	0	0	0	0	0	0	0	0	0	0	0	0	0	
0	0	0	0	0	0	0	0	0	0	0	0	0	0	0	0	0	0	0	0	0	0	0	0	0	0	0	0	0	0	0	0	0	0	0	0	0	0	0	0	0	0	0	192	0	0	0	0	0	0	0	0	0	0	0	0	192	0	0	0	0	0	0	0	0	0	0	0	0	0	0	0	0	0	0	0	0	0	0	0	0	0	0	0	192	0	0	0	0	0	0	0	0	0	0	0	0	0	0	0	
0	0	0	0	0	0	0	0	0	0	0	0	0	0	0	0	0	0	0	0	0	0	0	0	0	0	0	0	0	0	0	0	0	0	0	0	0	0	0	0	0	0	0	0	0	0	0	0	0	0	0	0	0	192	0	0	0	0	0	0	0	0	0	0	0	0	0	0	0	0	0	0	0	0	0	0	0	0	0	0	192	0	0	0	0	0	0	0	0	0	0	192	0	0	0	0	0	0	0	0	
0	0	0	0	0	0	0	0	0	0	0	0	0	0	0	0	0	0	0	0	0	0	0	0	0	192	0	0	0	0	0	0	0	0	0	0	0	0	0	0	0	0	0	0	0	192	0	0	0	192	0	0	0	0	0	0	0	0	0	0	0	0	0	0	0	0	0	0	0	0	0	0	0	0	0	0	0	0	0	0	0	0	0	0	0	0	0	0	0	0	0	0	0	0	0	0	0	0	0	0	
0	0	0	0	0	0	0	0	0	0	0	0	0	0	0	0	0	0	0	0	0	0	0	0	0	0	0	0	0	0	0	0	0	0	0	0	0	0	0	0	0	0	0	0	0	0	0	0	0	0	0	0	0	0	0	192	0	0	0	0	0	0	0	0	0	0	0	0	0	0	0	0	0	0	0	0	0	0	0	0	0	0	0	0	0	0	0	0	0	0	0	192	0	0	192	0	0	0	0	0	
0	0	0	0	0	0	0	0	0	0	0	0	0	0	0	0	0	0	0	0	0	0	0	0	0	0	0	0	0	0	0	192	0	0	0	0	0	0	0	0	0	0	0	0	0	0	0	0	0	0	0	0	0	0	0	0	0	0	0	0	0	0	0	0	0	0	0	0	192	0	0	0	0	0	0	0	192	0	0	0	0	0	0	0	0	0	0	0	0	0	0	0	0	0	0	0	0	0	0	0	
0	0	0	0	0	0	0	0	0	0	0	0	0	0	0	0	0	0	0	0	0	0	0	0	0	0	0	0	0	0	0	0	0	0	0	0	0	0	0	0	0	0	0	0	0	0	0	0	0	0	0	0	0	0	0	0	0	0	0	0	0	0	0	0	192	0	0	0	0	0	0	0	0	0	192	0	0	0	0	0	0	0	0	0	0	0	0	0	0	0	192	0	0	0	0	0	0	0	0	0	
0	0	0	0	0	0	0	0	0	0	0	0	0	0	0	0	0	0	0	0	0	0	0	0	0	0	0	0	0	0	0	0	0	0	0	0	0	0	0	0	0	0	0	0	0	0	0	0	0	0	0	0	0	192	0	0	0	0	0	0	0	0	0	0	192	0	0	0	0	0	0	0	0	0	192	0	0	0	0	0	0	0	0	0	0	0	0	0	0	0	0	0	0	0	0	0	0	0	0	0	
0	0	0	0	0	0	0	0	0	0	0	0	0	0	0	0	0	0	0	0	0	0	0	192	0	0	0	0	0	0	0	0	0	0	0	0	0	0	0	0	0	0	0	0	0	0	0	0	0	0	0	192	0	0	0	0	0	0	0	0	0	0	0	0	0	0	0	0	0	192	0	0	0	0	0	0	0	0	0	0	0	0	0	0	0	0	0	0	0	0	0	0	0	0	0	0	0	0	0	0	
0	0	0	0	0	0	0	0	0	0	0	0	0	0	0	0	0	0	0	0	0	0	0	0	0	0	0	0	0	0	0	0	0	0	0	0	0	0	0	0	0	0	0	0	0	0	0	0	0	0	0	192	0	0	0	0	0	0	0	0	0	0	0	0	0	0	0	0	0	0	0	0	0	0	0	0	0	0	0	192	0	0	0	0	0	0	0	0	0	192	0	0	0	0	0	0	0	0	0	0	
0	0	0	0	0	192	0	0	0	0	0	0	0	0	0	0	0	0	0	0	0	0	0	0	0	0	192	192	0	0	0	0	0	0	0	0	0	0	0	0	0	0	0	0	0	0	0	0	0	0	0	0	0	0	0	0	0	0	0	0	0	0	0	0	0	0	0	0	0	0	0	0	0	0	0	0	0	0	0	0	0	0	0	0	0	0	0	0	0	0	0	0	0	0	0	0	0	0	0	0	
0	0	0	0	192	0	0	0	0	0	0	0	0	0	0	0	0	0	0	0	0	0	0	0	0	0	0	0	0	0	0	0	0	0	0	0	0	0	0	192	0	0	0	0	0	0	0	0	0	0	0	0	0	0	0	0	0	0	0	0	0	0	192	0	0	0	0	0	0	0	0	0	0	0	0	0	0	0	0	0	0	0	0	0	0	0	0	0	0	0	0	0	0	0	0	0	0	0	0	0	
0	0	0	0	0	0	0	0	0	0	0	0	0	0	0	0	0	0	0	192	0	0	0	0	0	0	0	0	0	0	0	0	0	0	192	0	0	0	0	0	0	0	0	0	0	0	0	0	192	0	0	0	0	0	0	0	0	0	0	0	0	0	0	0	0	0	0	0	0	0	0	0	0	0	0	0	0	0	0	0	0	0	0	0	0	0	0	0	0	0	0	0	0	0	0	0	0	0	0	0	
0	0	0	0	0	0	0	0	0	0	0	0	0	0	0	0	0	0	0	0	0	0	0	0	0	0	0	0	0	0	0	0	0	0	0	0	0	0	0	0	0	0	0	0	0	0	0	0	0	0	0	0	0	0	0	0	0	0	0	0	0	0	0	0	0	0	0	0	0	0	0	0	0	0	0	0	0	0	192	192	0	0	0	0	0	0	0	0	0	192	0	0	0	0	0	0	0	0	0	0	
0	0	0	0	0	0	0	0	0	0	0	0	0	0	192	0	0	0	0	0	0	0	0	0	0	0	0	0	0	0	0	0	0	0	0	0	0	0	0	0	0	0	0	0	0	0	0	0	0	192	0	0	0	0	0	0	0	0	0	0	0	0	0	0	0	0	0	0	0	0	0	0	192	0	0	0	0	0	0	0	0	0	0	0	0	0	0	0	0	0	0	0	0	0	0	0	0	0	0	0	
0	0	0	0	0	0	0	0	0	0	0	192	0	0	0	0	0	0	0	0	0	192	0	0	0	0	0	0	0	0	0	0	0	0	0	0	0	0	0	0	0	0	0	0	0	0	0	0	0	0	0	0	0	0	0	0	0	0	0	0	0	0	0	0	0	0	0	0	0	0	0	0	0	0	0	0	0	0	0	0	0	0	0	0	0	0	0	0	0	0	0	0	0	0	0	0	0	0	0	192	
0	0	0	0	0	192	0	0	0	0	0	0	0	0	0	0	0	0	0	0	0	192	0	0	0	0	0	0	0	0	0	0	0	0	0	0	0	0	0	0	0	192	0	0	0	0	0	0	0	0	0	0	0	0	0	0	0	0	0	0	0	0	0	0	0	0	0	0	0	0	0	0	0	0	0	0	0	0	0	0	0	0	0	0	0	0	0	0	0	0	0	0	0	0	0	0	0	0	0	0	
0	0	0	0	0	0	0	0	0	0	0	0	0	0	0	0	0	0	0	0	0	0	0	0	0	0	0	0	0	0	0	0	0	0	0	0	0	0	0	0	0	0	0	0	0	0	0	0	0	0	0	0	0	0	0	0	0	192	0	0	0	0	0	0	0	0	0	0	0	0	0	0	0	0	0	0	0	0	0	0	0	192	0	192	0	0	0	0	0	0	0	0	0	0	0	0	0	0	0	0	
192	0	0	0	0	0	0	0	0	0	0	0	0	0	0	0	0	0	0	0	0	0	0	0	0	0	0	0	0	0	0	0	0	192	0	0	0	0	0	0	0	0	0	0	0	0	0	0	0	0	0	0	0	0	0	0	0	0	0	0	0	192	0	0	0	0	0	0	0	0	0	0	0	0	0	0	0	0	0	0	0	0	0	0	0	0	0	0	0	0	0	0	0	0	0	0	0	0	0	0	
0	0	0	0	0	0	0	0	0	0	0	0	0	0	0	0	0	0	0	0	0	0	0	0	0	0	0	0	0	0	0	0	0	0	0	0	0	0	0	0	0	0	0	0	0	0	0	192	0	0	0	0	0	0	0	0	0	0	0	0	0	0	0	0	0	0	0	192	0	0	0	0	0	0	0	0	0	0	0	0	0	0	192	0	0	0	0	0	0	0	0	0	0	0	0	0	0	0	0	0	
0	0	0	0	0	0	0	0	0	192	0	0	0	0	0	0	192	0	0	0	0	0	0	0	0	0	0	0	0	0	0	0	0	0	0	0	0	0	0	0	0	0	0	0	0	0	0	0	0	0	0	0	0	0	0	0	0	0	0	0	0	0	0	0	0	0	0	0	192	0	0	0	0	0	0	0	0	0	0	0	0	0	0	0	0	0	0	0	0	0	0	0	0	0	0	0	0	0	0	0	
0	0	0	0	0	0	0	0	0	0	0	0	0	0	0	0	0	0	0	0	0	0	0	0	0	0	0	0	0	0	0	0	0	0	0	0	0	0	0	0	0	0	0	0	0	192	0	0	0	0	0	0	0	0	0	0	0	0	0	192	0	0	192	0	0	0	0	0	0	0	0	0	0	0	0	0	0	0	0	0	0	0	0	0	0	0	0	0	0	0	0	0	0	0	0	0	0	0	0	0	
192	0	0	0	0	0	0	0	0	0	0	192	0	0	0	0	0	0	0	0	0	0	0	0	0	0	0	0	0	192	0	0	0	0	0	0	0	0	0	0	0	0	0	0	0	0	0	0	0	0	0	0	0	0	0	0	0	0	0	0	0	0	0	0	0	0	0	0	0	0	0	0	0	0	0	0	0	0	0	0	0	0	0	0	0	0	0	0	0	0	0	0	0	0	0	0	0	0	0	0	
0	0	0	0	0	0	0	0	0	0	0	0	0	0	0	0	0	0	0	0	0	0	0	192	0	0	0	0	0	0	0	0	0	0	0	0	0	0	0	0	0	0	0	0	0	0	0	0	192	0	0	0	0	0	0	0	0	0	0	0	0	0	0	0	0	0	0	0	0	192	0	0	0	0	0	0	0	0	0	0	0	0	0	0	0	0	0	0	0	0	0	0	0	0	0	0	0	0	0	0	
0	0	0	0	0	0	0	0	0	192	0	0	0	0	0	0	0	0	0	0	0	0	0	0	0	0	0	0	0	0	0	0	0	0	0	0	0	0	0	0	192	0	0	0	0	0	0	0	0	0	0	0	0	0	0	0	0	0	0	0	0	192	0	0	0	0	0	0	0	0	0	0	0	0	0	0	0	0	0	0	0	0	0	0	0	0	0	0	0	0	0	0	0	0	0	0	0	0	0	0	
0	0	0	0	0	0	0	0	0	0	0	0	0	0	0	0	0	0	0	0	0	0	0	0	0	0	0	0	0	0	0	0	0	0	0	0	0	192	0	0	0	0	0	192	0	0	0	0	0	0	0	0	0	0	0	0	0	0	0	0	0	0	0	0	0	0	0	0	0	0	0	0	0	0	0	0	0	0	0	0	0	0	0	0	0	192	0	0	0	0	0	0	0	0	0	0	0	0	0	0	
0	0	0	192	0	0	0	0	0	0	0	0	0	0	0	0	0	0	0	0	0	0	0	0	0	0	0	0	0	0	0	0	0	0	0	0	192	0	0	0	0	0	0	0	0	0	0	0	0	0	0	0	0	0	0	0	0	0	0	0	0	0	0	0	0	0	0	0	0	0	0	0	0	0	0	0	0	0	0	0	0	0	0	0	0	0	0	0	0	0	0	0	0	0	0	192	0	0	0	0	
0	0	0	0	0	0	0	0	0	0	0	192	0	0	0	0	0	0	0	0	0	0	0	0	0	0	0	0	0	0	0	0	0	0	0	0	0	0	0	0	0	0	0	0	0	0	0	0	0	0	192	0	0	0	0	0	0	0	0	0	0	0	0	0	0	0	0	192	0	0	0	0	0	0	0	0	0	0	0	0	0	0	0	0	0	0	0	0	0	0	0	0	0	0	0	0	0	0	0	0	
0	0	0	0	192	0	0	0	0	0	0	0	0	0	0	0	0	0	0	0	0	0	192	0	0	0	0	0	0	0	0	0	0	0	0	0	0	0	0	0	0	0	0	0	0	0	0	0	0	0	0	0	0	0	0	0	0	0	0	192	0	0	0	0	0	0	0	0	0	0	0	0	0	0	0	0	0	0	0	0	0	0	0	0	0	0	0	0	0	0	0	0	0	0	0	0	0	0	0	0	
192	0	0	0	0	0	0	0	0	192	0	0	0	0	0	0	0	0	0	0	0	0	0	0	0	0	0	0	0	0	0	0	0	0	0	192	0	0	0	0	0	0	0	0	0	0	0	0	0	0	0	0	0	0	0	0	0	0	0	0	0	0	0	0	0	0	0	0	0	0	0	0	0	0	0	0	0	0	0	0	0	0	0	0	0	0	0	0	0	0	0	0	0	0	0	0	0	0	0	0	
0	192	0	0	0	0	0	0	0	0	192	0	0	0	0	0	0	0	0	0	0	0	0	0	0	0	0	192	0	0	0	0	0	0	0	0	0	0	0	0	0	0	0	0	0	0	0	0	0	0	0	0	0	0	0	0	0	0	0	0	0	0	0	0	0	0	0	0	0	0	0	0	0	0	0	0	0	0	0	0	0	0	0	0	0	0	0	0	0	0	0	0	0	0	0	0	0	0	0	0	
0	0	0	0	0	0	0	0	0	0	0	0	0	0	0	0	0	0	0	0	0	0	0	0	0	0	0	0	0	0	0	0	0	0	0	0	0	0	0	0	0	0	0	0	0	0	0	0	0	0	0	0	0	0	0	0	0	0	0	0	0	0	0	0	0	0	0	0	0	0	0	0	0	0	192	0	192	0	0	0	0	0	0	0	0	0	0	0	0	0	192	0	0	0	0	0	0	0	0	0	
0	0	192	0	0	0	0	0	0	0	0	0	192	0	0	0	0	0	0	0	0	0	0	0	0	0	0	0	0	0	0	0	0	0	0	0	192	0	0	0	0	0	0	0	0	0	0	0	0	0	0	0	0	0	0	0	0	0	0	0	0	0	0	0	0	0	0	0	0	0	0	0	0	0	0	0	0	0	0	0	0	0	0	0	0	0	0	0	0	0	0	0	0	0	0	0	0	0	0	0	
0	0	0	0	192	0	0	0	0	0	0	0	0	0	0	0	0	0	0	0	0	0	0	0	0	0	0	0	0	0	0	0	0	0	0	0	0	0	0	0	0	0	0	0	0	0	0	0	0	0	0	0	192	0	0	0	0	0	0	0	0	0	0	0	0	0	0	0	0	0	0	0	0	0	0	0	0	0	0	0	0	0	0	192	0	0	0	0	0	0	0	0	0	0	0	0	0	0	0	0	
0	0	0	0	0	0	0	0	0	0	0	0	0	0	192	0	0	0	0	0	0	0	0	0	0	0	0	0	0	0	0	0	192	0	0	0	0	0	0	0	0	0	0	0	0	0	0	0	0	192	0	0	0	0	0	0	0	0	0	0	0	0	0	0	0	0	0	0	0	0	0	0	0	0	0	0	0	0	0	0	0	0	0	0	0	0	0	0	0	0	0	0	0	0	0	0	0	0	0	0	
0	0	0	0	0	0	0	0	0	0	0	0	0	0	0	0	0	0	0	0	0	0	0	0	0	0	0	0	0	0	0	0	0	0	0	0	0	0	0	0	0	0	0	0	0	0	0	0	0	0	0	0	0	0	0	0	0	0	0	0	0	0	0	0	0	0	0	0	192	0	0	0	0	0	0	0	0	0	0	0	0	0	0	0	192	0	0	0	0	0	192	0	0	0	0	0	0	0	0	0	
0	0	0	0	0	0	0	0	0	0	0	0	0	0	0	0	0	0	0	0	0	0	0	0	0	0	0	0	0	0	192	0	0	0	0	0	0	0	0	0	0	0	0	0	0	0	0	0	0	0	0	0	0	0	0	0	0	0	0	0	0	0	0	0	0	0	0	0	0	0	0	0	0	0	0	0	0	0	0	0	0	0	192	0	0	0	0	0	0	0	0	0	0	0	0	0	0	192	0	0	
0	0	0	0	0	0	0	0	0	0	0	0	0	0	0	0	0	0	0	0	0	0	0	192	0	0	0	0	0	0	0	0	0	0	192	0	0	0	0	0	0	0	0	0	0	0	0	0	0	0	0	0	0	0	0	0	0	0	0	0	0	0	0	0	0	0	0	0	0	192	0	0	0	0	0	0	0	0	0	0	0	0	0	0	0	0	0	0	0	0	0	0	0	0	0	0	0	0	0	0	
0	0	0	0	0	0	0	0	0	0	0	0	0	0	192	0	0	0	0	0	0	0	0	0	0	192	0	0	0	0	0	0	0	0	0	0	0	0	0	0	0	0	0	0	0	192	0	0	0	0	0	0	0	0	0	0	0	0	0	0	0	0	0	0	0	0	0	0	0	0	0	0	0	0	0	0	0	0	0	0	0	0	0	0	0	0	0	0	0	0	0	0	0	0	0	0	0	0	0	0	
0	0	0	0	0	0	0	0	0	0	0	0	0	0	0	0	0	0	0	0	0	0	0	0	0	0	0	0	0	0	0	0	0	0	0	0	0	0	192	0	0	0	0	0	0	0	0	0	0	0	0	0	0	0	0	0	0	0	0	0	0	192	0	0	0	0	0	192	0	0	0	0	0	0	0	0	0	0	0	0	0	0	0	0	0	0	0	0	0	0	0	0	0	0	0	0	0	0	0	0	
0	0	0	0	0	0	0	0	0	0	0	0	0	0	0	0	0	0	0	192	192	0	0	0	0	0	0	0	0	0	0	0	0	0	0	0	0	0	0	0	0	0	0	0	0	0	0	0	0	0	0	0	0	0	0	0	0	0	0	0	0	0	0	0	0	0	0	0	0	0	0	0	0	0	0	0	0	0	0	0	0	0	0	0	0	0	0	0	0	192	0	0	0	0	0	0	0	0	0	0	
0	0	0	0	0	0	0	0	0	0	0	0	0	0	0	0	0	0	0	0	0	0	0	0	0	0	0	0	0	0	0	0	0	0	0	0	0	0	0	0	0	0	0	0	192	0	0	0	0	0	0	0	0	0	0	0	0	192	0	0	0	0	0	0	0	0	0	0	0	0	0	0	0	0	0	0	0	0	0	0	0	0	0	192	0	0	0	0	0	0	0	0	0	0	0	0	0	0	0	0	
0	0	0	0	0	0	0	0	192	0	0	0	0	192	0	0	0	0	192	0	0	0	0	0	0	0	0	0	0	0	0	0	0	0	0	0	0	0	0	0	0	0	0	0	0	0	0	0	0	0	0	0	0	0	0	0	0	0	0	0	0	0	0	0	0	0	0	0	0	0	0	0	0	0	0	0	0	0	0	0	0	0	0	0	0	0	0	0	0	0	0	0	0	0	0	0	0	0	0	0	
0	0	0	0	0	0	0	0	0	0	0	0	0	0	0	0	0	0	0	0	0	0	0	0	0	0	0	0	0	0	0	0	0	0	0	0	0	0	0	0	0	0	0	0	0	0	0	0	0	0	0	0	0	0	0	192	0	0	0	0	0	0	0	0	0	0	0	0	0	0	0	0	192	192	0	0	0	0	0	0	0	0	0	0	0	0	0	0	0	0	0	0	0	0	0	0	0	0	0	0	
0	0	0	0	0	0	0	0	0	0	0	0	0	0	0	192	0	0	0	0	0	0	0	0	0	0	0	0	0	0	0	0	0	0	0	0	0	0	0	0	0	0	0	0	0	0	0	0	0	0	0	0	0	0	192	0	0	0	0	0	0	0	0	0	0	0	0	0	0	0	0	0	0	192	0	0	0	0	0	0	0	0	0	0	0	0	0	0	0	0	0	0	0	0	0	0	0	0	0	0	
0	0	192	0	0	0	0	0	0	0	0	0	192	0	0	0	0	0	0	0	0	0	0	0	0	0	0	0	0	0	0	0	0	0	0	0	0	0	0	0	0	0	0	0	0	0	0	0	0	0	0	0	0	0	0	0	0	0	0	0	0	0	0	0	0	0	0	0	0	0	0	0	0	0	0	0	0	0	0	0	0	0	0	0	192	0	0	0	0	0	0	0	0	0	0	0	0	0	0	0	
0	0	0	0	0	0	0	0	0	0	0	0	0	0	0	0	0	0	0	0	0	0	0	0	0	0	0	0	192	0	0	0	0	0	0	0	0	0	0	0	0	0	0	0	0	0	0	0	0	0	0	0	192	0	0	0	0	0	0	0	0	0	0	0	0	0	192	0	0	0	0	0	0	0	0	0	0	0	0	0	0	0	0	0	0	0	0	0	0	0	0	0	0	0	0	0	0	0	0	0	
0	0	0	0	0	0	192	192	192	0	0	0	0	0	0	0	0	0	0	0	0	0	0	0	0	0	0	0	0	0	0	0	0	0	0	0	0	0	0	0	0	0	0	0	0	0	0	0	0	0	0	0	0	0	0	0	0	0	0	0	0	0	0	0	0	0	0	0	0	0	0	0	0	0	0	0	0	0	0	0	0	0	0	0	0	0	0	0	0	0	0	0	0	0	0	0	0	0	0	0	
0	0	0	0	0	0	0	0	0	0	0	0	0	0	0	0	0	0	0	0	0	0	0	0	0	0	0	0	0	0	0	0	192	0	0	0	0	0	0	192	0	0	0	0	0	0	0	0	0	0	0	0	0	0	0	0	0	0	0	0	0	0	192	0	0	0	0	0	0	0	0	0	0	0	0	0	0	0	0	0	0	0	0	0	0	0	0	0	0	0	0	0	0	0	0	0	0	0	0	0	
0	0	0	0	0	0	0	0	0	0	0	0	0	0	0	0	0	0	0	0	0	0	0	0	0	0	0	0	0	0	0	0	0	0	0	0	0	0	0	0	0	0	0	0	0	0	0	0	0	0	0	0	0	0	0	0	0	0	0	0	0	0	0	192	0	0	0	0	0	0	0	0	0	0	0	0	0	0	0	0	0	0	0	0	0	0	0	0	192	0	0	0	192	0	0	0	0	0	0	0	
0	0	0	0	0	0	0	0	0	0	0	0	0	0	0	0	0	0	0	0	0	0	0	0	0	0	0	0	0	192	0	0	0	0	0	192	0	0	0	0	0	0	0	0	0	0	0	0	0	0	192	0	0	0	0	0	0	0	0	0	0	0	0	0	0	0	0	0	0	0	0	0	0	0	0	0	0	0	0	0	0	0	0	0	0	0	0	0	0	0	0	0	0	0	0	0	0	0	0	0	
0	0	0	0	0	0	0	0	0	0	0	0	0	0	0	0	0	0	0	0	0	0	192	0	0	0	0	0	0	0	0	0	192	0	0	0	0	0	0	0	0	0	0	0	0	0	0	0	0	0	0	0	0	0	0	0	0	0	0	192	0	0	0	0	0	0	0	0	0	0	0	0	0	0	0	0	0	0	0	0	0	0	0	0	0	0	0	0	0	0	0	0	0	0	0	0	0	0	0	0	
0	0	0	0	0	0	0	0	0	0	0	0	0	0	0	0	0	0	0	0	0	0	0	0	0	0	0	0	0	0	0	0	0	0	0	0	0	0	0	0	0	0	0	0	0	0	0	0	0	0	0	0	0	0	0	0	0	0	0	0	192	0	0	0	0	0	0	0	0	0	0	0	0	0	0	0	0	0	0	0	0	0	0	0	0	0	0	0	192	0	0	0	192	0	0	0	0	0	0	0	
0	0	0	0	0	0	192	0	0	0	0	0	0	0	0	0	0	192	192	0	0	0	0	0	0	0	0	0	0	0	0	0	0	0	0	0	0	0	0	0	0	0	0	0	0	0	0	0	0	0	0	0	0	0	0	0	0	0	0	0	0	0	0	0	0	0	0	0	0	0	0	0	0	0	0	0	0	0	0	0	0	0	0	0	0	0	0	0	0	0	0	0	0	0	0	0	0	0	0	0	
0	0	192	0	0	0	0	0	0	0	0	0	0	0	0	0	0	0	0	0	0	0	0	0	0	0	0	0	0	0	0	0	0	0	0	0	0	0	0	0	0	0	0	0	0	0	0	0	0	0	0	0	0	0	0	0	0	0	0	0	0	0	0	0	0	0	0	0	0	0	0	0	0	0	0	0	0	0	0	0	0	0	0	0	0	192	0	0	0	0	0	0	0	0	0	192	0	0	0	0	
0	0	0	0	0	0	0	0	0	0	0	0	0	0	0	0	0	0	0	0	0	0	0	0	0	0	0	0	0	0	0	0	0	0	0	0	0	0	0	0	0	0	0	0	0	0	0	0	0	0	0	0	0	0	0	0	0	192	0	0	0	0	0	0	0	0	0	0	0	0	0	0	0	0	0	0	0	192	0	0	0	192	0	0	0	0	0	0	0	0	0	0	0	0	0	0	0	0	0	0	
0	0	0	0	0	0	0	0	0	0	0	0	0	0	0	0	0	0	0	0	0	0	0	0	0	0	0	0	0	0	192	0	0	0	0	0	0	0	192	0	0	0	0	0	0	0	0	0	0	0	192	0	0	0	0	0	0	0	0	0	0	0	0	0	0	0	0	0	0	0	0	0	0	0	0	0	0	0	0	0	0	0	0	0	0	0	0	0	0	0	0	0	0	0	0	0	0	0	0	0	
0	0	0	0	0	0	0	0	0	0	0	0	0	0	0	0	192	0	0	0	0	0	0	0	0	0	0	0	0	0	0	192	0	0	0	0	0	0	0	0	0	0	0	0	0	0	192	0	0	0	0	0	0	0	0	0	0	0	0	0	0	0	0	0	0	0	0	0	0	0	0	0	0	0	0	0	0	0	0	0	0	0	0	0	0	0	0	0	0	0	0	0	0	0	0	0	0	0	0	0	
0	0	0	0	0	0	0	0	0	0	0	0	0	0	0	0	0	0	0	192	0	0	0	0	0	0	0	0	0	0	0	0	0	0	192	0	0	0	0	0	0	0	0	0	0	0	0	0	192	0	0	0	0	0	0	0	0	0	0	0	0	0	0	0	0	0	0	0	0	0	0	0	0	0	0	0	0	0	0	0	0	0	0	0	0	0	0	0	0	0	0	0	0	0	0	0	0	0	0	0	
0	192	0	0	0	192	0	0	0	0	192	0	0	0	0	0	0	0	0	0	0	0	0	0	0	0	0	0	0	0	0	0	0	0	0	0	0	0	0	0	0	0	0	0	0	0	0	0	0	0	0	0	0	0	0	0	0	0	0	0	0	0	0	0	0	0	0	0	0	0	0	0	0	0	0	0	0	0	0	0	0	0	0	0	0	0	0	0	0	0	0	0	0	0	0	0	0	0	0	0	
0	0	0	0	0	0	192	192	192	0	0	0	0	0	0	0	0	0	0	0	0	0	0	0	0	0	0	0	0	0	0	0	0	0	0	0	0	0	0	0	0	0	0	0	0	0	0	0	0	0	0	0	0	0	0	0	0	0	0	0	0	0	0	0	0	0	0	0	0	0	0	0	0	0	0	0	0	0	0	0	0	0	0	0	0	0	0	0	0	0	0	0	0	0	0	0	0	0	0	0	
0	0	0	0	0	0	0	0	0	0	0	0	0	0	0	0	0	0	0	0	0	0	0	0	0	192	0	0	0	0	0	0	0	0	0	0	0	0	0	0	0	0	0	0	0	0	0	0	0	0	0	0	0	0	192	0	0	0	0	0	0	0	0	0	0	0	0	0	0	0	0	0	0	0	0	0	0	0	0	0	0	0	0	0	0	0	0	0	0	0	0	0	0	0	192	0	0	0	0	0	
0	0	0	0	0	0	0	0	0	0	0	0	0	0	0	0	0	0	0	0	0	0	0	0	0	0	0	0	0	0	0	0	0	0	0	0	0	0	0	0	0	0	0	0	0	0	0	0	0	0	0	0	0	0	192	192	0	0	0	0	0	0	0	0	0	0	0	0	0	0	0	0	0	0	0	0	0	0	0	0	0	0	0	0	0	0	0	0	0	0	0	0	0	192	0	0	0	0	0	0	
0	0	0	0	0	0	0	0	0	0	0	0	0	0	0	0	0	192	192	0	0	0	0	0	0	0	0	0	0	0	0	0	0	0	0	0	0	0	0	0	0	0	192	0	0	0	0	0	0	0	0	0	0	0	0	0	0	0	0	0	0	0	0	0	0	0	0	0	0	0	0	0	0	0	0	0	0	0	0	0	0	0	0	0	0	0	0	0	0	0	0	0	0	0	0	0	0	0	0	0	
0	0	0	0	0	0	0	0	0	0	0	0	0	0	0	0	0	0	0	0	0	0	0	0	0	0	0	0	0	0	0	0	0	0	0	0	0	0	0	0	0	0	0	0	0	0	0	0	0	0	0	0	0	0	0	0	0	0	0	0	0	0	0	0	0	0	0	0	0	0	0	0	0	0	0	0	0	0	0	0	0	192	0	0	0	0	0	0	0	0	0	0	0	0	0	0	192	0	192	0	
0	0	0	0	0	0	0	0	0	0	0	0	0	0	0	0	192	0	0	0	0	0	0	0	0	0	0	0	0	0	0	0	0	0	0	0	0	0	0	0	0	0	192	0	0	0	0	0	0	0	0	0	0	0	0	0	0	0	0	0	0	0	0	0	0	0	0	0	0	0	0	0	0	0	0	0	0	192	0	0	0	0	0	0	0	0	0	0	0	0	0	0	0	0	0	0	0	0	0	0	
0	0	0	0	0	0	0	0	0	0	0	0	0	0	0	0	0	0	0	0	0	0	0	0	0	0	0	0	0	0	0	0	0	0	0	0	0	0	0	0	0	0	0	0	0	0	0	0	0	0	0	0	0	0	0	0	0	0	0	0	0	0	0	0	0	0	192	0	0	0	0	0	0	0	0	0	192	0	0	0	0	0	0	0	0	0	0	0	0	0	0	192	0	0	0	0	0	0	0	0	
0	0	0	0	0	0	0	192	0	0	0	0	0	0	0	0	0	0	0	0	0	0	0	0	192	0	0	0	0	0	0	0	0	0	0	0	0	0	0	0	0	0	0	0	0	0	0	0	0	0	0	0	0	0	0	0	0	0	0	0	0	0	0	0	0	0	0	0	0	0	0	0	0	0	0	0	0	0	0	192	0	0	0	0	0	0	0	0	0	0	0	0	0	0	0	0	0	0	0	0	
0	0	0	0	0	0	0	0	0	0	0	0	0	0	0	0	0	0	0	0	192	0	0	0	192	0	0	0	0	0	0	0	0	0	0	0	0	0	0	0	0	0	0	0	0	0	0	0	0	0	0	0	0	0	0	0	0	0	0	0	0	0	0	0	0	0	0	0	0	0	0	0	0	0	0	0	0	0	192	0	0	0	0	0	0	0	0	0	0	0	0	0	0	0	0	0	0	0	0	0	
0	0	0	0	0	0	0	0	0	0	0	0	0	192	0	0	0	0	0	0	0	0	0	0	0	0	0	0	0	0	0	0	0	0	0	0	0	0	0	0	0	0	0	0	0	0	0	0	0	0	0	0	0	0	0	0	0	0	0	0	0	0	0	0	0	0	0	0	0	0	0	0	0	0	0	0	0	0	0	0	0	0	0	0	0	0	0	0	0	0	0	0	0	192	192	0	0	0	0	0	
0	0	0	0	0	0	0	0	0	0	0	0	0	0	0	0	0	0	0	0	0	0	0	0	0	0	0	0	192	0	0	0	0	0	0	0	0	0	0	0	0	0	0	0	0	0	0	0	0	0	0	0	0	0	0	0	0	0	0	0	0	0	0	0	0	0	192	0	0	0	0	0	0	0	0	192	0	0	0	0	0	0	0	0	0	0	0	0	0	0	0	0	0	0	0	0	0	0	0	0	
0	0	0	0	0	0	0	0	0	0	0	0	0	0	0	0	0	0	0	0	0	0	0	0	0	0	0	0	0	0	192	0	0	0	0	0	0	0	0	0	0	0	0	0	0	0	0	192	0	0	0	0	0	0	0	0	0	0	0	0	0	0	0	0	0	0	0	0	0	0	0	0	0	0	0	0	0	0	0	0	0	0	0	0	0	0	0	0	0	0	0	0	0	0	0	0	0	192	0	0	
0	0	0	0	0	0	0	0	0	0	0	0	0	0	0	0	0	0	0	0	0	0	0	0	0	0	0	0	192	0	0	0	0	0	0	0	0	0	0	0	0	0	0	0	192	0	0	0	0	0	0	0	192	0	0	0	0	0	0	0	0	0	0	0	0	0	0	0	0	0	0	0	0	0	0	0	0	0	0	0	0	0	0	0	0	0	0	0	0	0	0	0	0	0	0	0	0	0	0	0	
0	0	0	0	0	0	0	0	0	0	0	0	192	0	0	0	0	0	0	0	0	0	0	0	0	0	0	0	0	0	0	0	0	0	0	0	0	0	0	0	0	0	0	0	0	0	192	0	0	0	0	0	0	0	0	0	192	0	0	0	0	0	0	0	0	0	0	0	0	0	0	0	0	0	0	0	0	0	0	0	0	0	0	0	0	0	0	0	0	0	0	0	0	0	0	0	0	0	0	0	
0	0	0	192	0	0	0	0	0	0	0	0	0	0	0	0	0	0	0	0	0	0	0	0	0	0	0	0	0	0	0	0	0	0	0	0	192	0	0	0	0	0	0	0	0	0	0	0	0	0	0	0	0	0	0	0	0	0	0	0	0	0	0	0	0	192	0	0	0	0	0	0	0	0	0	0	0	0	0	0	0	0	0	0	0	0	0	0	0	0	0	0	0	0	0	0	0	0	0	0	
0	0	0	0	0	0	0	0	0	0	0	0	0	0	0	0	0	0	0	0	0	0	0	0	0	0	0	0	0	0	0	0	0	0	0	0	0	0	0	0	0	0	0	0	0	0	0	0	0	0	0	0	0	0	0	0	0	0	0	0	0	0	0	0	0	0	0	0	0	0	0	0	0	0	0	0	0	0	0	0	0	0	0	0	0	0	0	192	0	0	0	0	0	192	0	0	0	0	0	192	
0	0	0	0	0	0	0	0	0	0	0	0	0	0	0	0	0	0	0	0	0	0	0	0	0	0	0	0	0	0	0	0	0	0	0	0	0	0	0	0	0	0	0	0	0	0	0	0	0	0	0	0	0	0	0	0	0	0	0	0	0	0	0	0	0	0	0	0	0	0	0	0	0	0	0	0	0	0	0	0	0	0	0	0	0	0	192	0	192	0	0	0	0	0	0	0	0	192	0	0	
0	0	0	0	0	0	0	0	0	0	0	0	0	0	0	0	0	0	0	0	0	0	0	0	0	0	0	0	0	0	0	0	0	0	0	0	0	0	0	0	0	0	0	0	0	0	0	0	0	0	0	0	0	0	0	0	0	0	0	0	192	0	0	192	0	0	0	0	0	0	0	0	0	0	0	0	0	0	0	0	0	0	0	0	0	0	0	192	0	0	0	0	0	0	0	0	0	0	0	0	
0	0	0	0	0	0	0	0	0	0	0	0	0	0	0	0	0	0	0	0	192	0	0	0	192	0	0	0	0	0	0	0	0	0	0	0	0	0	0	0	0	0	0	0	0	0	0	0	0	0	0	192	0	0	0	0	0	0	0	0	0	0	0	0	0	0	0	0	0	0	0	0	0	0	0	0	0	0	0	0	0	0	0	0	0	0	0	0	0	0	0	0	0	0	0	0	0	0	0	0	
0	0	0	0	0	0	0	0	0	0	0	0	0	0	0	0	0	192	0	0	0	0	0	0	0	0	0	0	0	0	0	0	0	0	0	0	0	0	0	0	0	0	192	0	0	0	192	0	0	0	0	0	0	0	0	0	0	0	0	0	0	0	0	0	0	0	0	0	0	0	0	0	0	0	0	0	0	0	0	0	0	0	0	0	0	0	0	0	0	0	0	0	0	0	0	0	0	0	0	0	
0	0	0	0	0	0	0	0	0	0	0	0	0	192	0	192	0	0	0	0	0	0	0	0	0	0	0	0	0	0	0	0	0	0	0	0	0	0	0	0	0	0	0	0	0	0	0	0	0	0	0	0	0	0	0	0	0	0	0	0	0	0	0	0	0	0	0	0	0	0	0	0	0	0	0	0	0	192	0	0	0	0	0	0	0	0	0	0	0	0	0	0	0	0	0	0	0	0	0	0	
0	0	0	0	0	0	0	0	0	0	0	0	0	0	0	0	0	0	0	0	0	0	0	0	0	0	0	0	0	0	0	0	0	0	0	0	0	0	0	0	0	0	0	0	0	0	0	0	0	0	0	0	0	0	0	0	0	0	0	0	192	0	0	192	0	0	0	0	0	0	0	0	0	0	0	0	0	0	0	0	0	0	0	0	0	0	0	0	0	0	0	0	0	0	0	0	0	0	192	0	
0	0	0	0	0	0	0	0	0	0	0	0	0	0	0	0	0	0	0	0	0	0	0	0	0	0	0	0	0	0	0	0	0	0	0	0	0	0	0	0	0	0	0	0	0	0	0	0	0	0	0	0	0	0	0	0	0	0	0	0	0	0	0	0	0	0	0	0	0	0	0	0	0	192	0	0	0	0	0	0	192	0	0	0	0	0	192	0	0	0	0	0	0	0	0	0	0	0	0	0	
0	0	0	0	0	0	0	0	0	0	0	0	0	0	0	192	0	0	0	0	0	0	0	0	0	0	0	0	0	0	0	0	0	0	0	0	0	0	0	0	0	0	0	0	0	0	0	0	0	0	0	0	0	0	0	0	0	0	0	0	0	0	0	0	0	0	0	0	0	0	0	0	192	0	0	0	0	0	0	0	192	0	0	0	0	0	0	0	0	0	0	0	0	0	0	0	0	0	0	0	
0	0	0	192	0	0	0	0	0	0	0	0	0	0	0	0	0	0	0	0	0	0	0	0	0	0	0	0	0	0	0	0	0	0	0	0	0	192	0	0	0	0	0	0	0	0	0	0	0	0	0	0	0	0	0	0	0	0	0	0	0	0	0	0	0	192	0	0	0	0	0	0	0	0	0	0	0	0	0	0	0	0	0	0	0	0	0	0	0	0	0	0	0	0	0	0	0	0	0	0	
0	0	0	0	0	0	0	0	0	0	0	0	0	0	0	0	0	0	0	0	0	0	0	0	0	0	0	0	0	0	0	0	0	0	0	0	0	0	0	0	0	0	0	0	0	0	0	0	0	0	0	0	0	0	0	0	0	0	0	0	0	0	0	0	0	0	0	0	0	0	0	0	0	0	0	192	0	0	0	0	0	0	0	0	0	0	0	0	0	0	0	0	0	0	0	0	0	0	192	192	
0	0	0	0	0	0	0	0	0	0	0	0	0	0	0	0	0	0	0	0	0	0	0	0	0	0	0	0	0	0	0	0	0	0	0	0	0	0	0	0	0	0	0	0	0	0	0	192	0	0	0	0	0	0	0	0	0	0	0	0	0	0	0	0	0	0	0	0	0	0	0	0	0	0	0	0	0	0	0	0	0	0	192	0	0	0	0	192	0	0	0	0	0	0	0	0	0	0	0	0	
0	0	0	0	0	0	0	0	0	0	0	0	0	0	0	0	0	0	0	0	0	0	0	0	0	0	0	0	0	0	0	0	0	0	0	0	0	0	0	0	0	0	0	0	0	0	0	0	0	0	0	0	0	0	0	0	0	0	0	0	0	0	0	0	0	0	0	0	0	0	0	0	0	0	0	192	0	0	0	0	0	0	0	0	0	0	0	0	0	0	0	0	192	0	0	0	192	0	0	0	
0	0	0	0	0	0	0	0	0	0	0	0	0	0	0	0	0	0	0	0	0	0	0	0	0	0	192	0	0	0	0	0	0	0	0	0	0	0	0	0	0	0	0	0	0	0	0	0	0	0	0	0	0	0	0	0	0	0	0	0	0	0	0	0	0	0	0	0	0	0	0	0	0	0	0	0	0	0	0	0	0	0	0	0	0	0	192	0	0	0	0	0	0	0	0	0	192	0	0	0	
49	62	95	68	53	28	86	58	87	36	97	19	35	48	70	59	4	75	80	16	14	44	64	27	58	19	14	13	36	73	47	50	51	8	57	28	66	60	21	16	76	17	19	18	24	99	36	48	45	96	94	11	82	22	1	43	25	59	98	71	32	31	8	33	66	27	69	61	17	32	68	86	6	56	62	86	38	99	15	6	70	6	52	86	43	74	31	32	70	72	0	69	72	74	25	78	70	19	22	15	49	46	53	22	85	51	86	40	49	48	26	81	89	72	79	59	37	34	78	43	36	90	11	29	97	97	23	63	3	16	40	42	65	69	66	3	22	68	15	26	65	14	99	57	40	92	36	76	4	67	98	58	95	13	54	30	48	38	26	41	41	19	47	22	11	65	33	80	55	5	5	61	94	61	89	50	33	1	9	91	89	42	51	26	22	73	91	55	67	91	58	61	24	26	2	7	25	66	44	3	61	64	16	97	12	89	87	7	74	30	59	82	62	21	93	99	59	38	8	22	27	94	80	37	28	2	95	45	17	7	56	54	48	43	72	82	59	98	87	14	41	13	11	3	32	73	42	55	42	81	0	20	98	21	84	83	15	7	62	87	72	42	0	46	68	15	10	21	3	18	95	33	58	60	22	7	38	79	44	88	20	87	75	48	65	17	68	10	95	67	96	78	98	56	62	50	39	56	58	3	66	5	5	77	13	96	52	26	41	30	68	85	26	56	75	97	98	59	36	75	62	95	30	99	94	19	37	10	43	6	69	73	91	94	73	78	11	3	53	25	35	68	66	63	60	19	82	41	1	49	66	59	19	62	22	11	52	52	63	51	19	98	33	92	64	36	56	65	69	46	87	14	60	41	43	94	69	3	2	32	20	95	93	97	80	14	57	91	27	41	25	63	32	68	37	26	35	12	93	77	62	24	3	2	97	71	25	25	34	46	14	59	70	67	95	73	11	43	95	66	78	95	34	6	77	74	85	24	4	92	78	9	38	53	56	48	71	48	15	3	7	89	81	30	24	97	61	20	31	5	55	42	5	82	97	34	82	34	7	33	53	60	94	35	61	54	20	62	64	98	21	22	63	23	78	69	99	8	72	40	80	9	57	39	13	14	41	43	97	22	62	63	54	53	12	34	93	56	28	17	35	36	63	90	44	46	47	49	59	56	40	69	87	73	76	92	62	47	11	38	17	60	98	86	4	59	74	77	30	47	93	13	78	84	55	79	78	46	2	7	99	24	10	11	78	18	92	56	52	65	4	36	8	74	74	79	15	30	93	6	51	98	96	19	52	73	97	94	48	70	50	12	55	27	6	86	2	25	15	61	35	92	54	38	71	30	88	75	94	8	2	44	93	26	89	98	14	46	58	99	65	21	54	78	36	19	90	2	35	95	75	99	16	7	45	54	39	95	27	12	33	94	29	63	96	74	75	10	85	32	64	0	16	89	35	86	22	13	95	47	57	93	79	1	49	28	18	50	36	85	95	22	90	6	48	94	85	28	35	31	0	42	99	0	57	96	58	8	47	87	81	59	20	32	41	11	89	48	71	8	46	4	68	32	73	24	10	46	54	75	33	14	23	72	77	34	73	29	1	61	5	71	26	52	71	43	47	71	88	26	82	7	87	49	17	57	19	33	47	63	37	38	99	98	48	11	97	42	47	59	22	60	3	68	48	85	42	47	58	31	85	5	22	99	97	67	14	60	34	82	50	73	21	71	75	19	16	74	12	14	23	63	9	17	21	89	45	82	96	30	78	58	75	22	4	54	88	62	49	3	61	35	1	21	74	39	6	75	35	22	29	72	99	70	82	26	70	38	23	22	25	54	16	4	13	0	63	88	81	4	25	41	52	89	0	84	50	32	25	6	13	61	50	61	66	81	39	57	22	85	93	28	38	34	25	78	86	70	41	5	72	24	80	34	45	34	70	1	10	93	97	35	39	18	92	2	54	6	2	47	4	42	15	78	78	75	21	44	12	6	11	47	48	61	9	56	67	99	56	47	38	38	89	90	2	19	22	25	79	31	51	37	51	16	46	80	71	49	82	7	47	88	98	62	82	15	34	87	23	49	47	34	8	64	59	81	41	62	30	8	79	73	70	39	18	97	42	54	61	50	32	39	86	1	34	28	26	87	35	24	28	86	59	91	7	30	99	57	78	87	49	12	80	80	29	16	71	58	88	55	56	12	88	74	12	24	81	65	32	8	25	42	32	55	60	90	35	20	51	73	80	59	44	53	10	13	31	27	36	51	78	83	96	55	56	3	63	88	65	51	90	77	27	96	38	58	92	73	64	67	83	55	13	10	59	92	3	8	79	39	58	89	78	34	32	27	83	83	9	62	15	25	1	5	45	2	72	75	49	12	71	79	68	90	69	79	48	22	6	50	13	52	47	43	89	67	57	50	0	2	49	89	0	91	28	80	66	15	3	28	57	6	35	34	25	2	49	7	53	88	46	77	78	73	94	56	95	34	54	0	79	51	67	94	62	23	71	6	8	52	7	26	16	7	9	2	0	45	80	23	32	19	11	67	94	26	53	78	55	14	65	77	11	74	31	46	72	37	33	97	7	66	30	0	80	92	44	15	45	33	69	75	47	70	77	6	34	96	8	96	80	92	45	11	85	70	21	43	31	29	39	53	87	56	13	87	57	81	53	17	63	18	3	92	22	6	59	78	86	3	80	44	97	50	35	1	96	55	11	20	31	81	66	74	8	76	34	55	39	96	11	12	14	51	93	7	18	47	67	84	44	31	77	24	68	41	45	34	37	94	88	96	64	5	13	55	37	62	62	46	13	57	61	43	98	61	40	58	66	64	43	70	51	85	52	94	96	73	78	53	77	24	23	53	38	26	6	94	4	77	49	84	74	50	2	14	11	2	2	81	54	54	84	40	98	0	80	69	2	42	75	28	40	29	69	88	40	90	0	15	7	37	67	65	39	49	50	53	20	83	76	50	21	90	69	12	26	59	6	80	99	34	94	34	33	1	25	28	22	8	71	77	43	94	89	1	19	83	24	68	26	30	48	54	60	16	16	83	17	80	71	32	9	4	6	94	70	37	43	10	82	70	42	50	89	54	3	39	14	21	61	26	60	0	62	8	13	55	31	92	81	83	92	67	18	29	67	15	72	98	67	53	95	11	80	48	54	8	26	56	79	85	70	99	41	55	83	65	90	94	72	1	27	63	98	5	83	8	32	90	62	62	34	64	36	62	50	84	15	77	21	69	31	85	0	37	85	22	47	22	42	88	27	19	72	24	94	68	60	62	44	19	50	53	92	76	33	46	26	69	7	16	69	82	25	34	7	21	60	19	12	21	7	68	10	15	42	7	35	85	83	7	62	48	46	85	11	1	81	76	93	8	43	33	64	69	4	95	59	75	29	60	36	52	40	70	69	33	61	89	18	4	91	11	30	47	43	67	74	87	59	65	79	32	14	37	36	80	44	90	28	98	82	20	90	52	77	97	48	46	44	38	37	62	71	58	5	14	23	89	14	42	17	33	94	6	49	41	59	27	84	43	3	60	81	66	74	80	38	98	71	24	28	88	19	14	60	78	45	32	56	95	38	85	10	0	80	42	18	43	52	65	56	59	57	81	29	6	99	50	38	42	70	82	84	41	83	19	75	37	99	32	94	93	23	71	50	93	66	97	36	36	73	44	43	4	51	84	96	68	44	22	87	83	87	3	22	51	34	48	51	91	44	65	85	61	63	44	20	29	97	12	15	56	16	70	75	71	26	68	28	54	91	0	92	26	80	97	90	58	83	8	82	28	24	48	9	24	26	33	39	97	11	18	73	61	10	98	17	29	45	30	15	47	77	23	1	1	49	38	8	79	18	84	36	49	6	63	15	27	27	39	77	87	69	26	19	55	49	94	83	35	80	70	47	98	97	1	99	44	94	86	16	79	53	18	18	79	71	77	44	27	16	9	29	68	78	93	90	0	5	1	96	52	43	81	77	99	76	46	87	36	10	76	73	18	24	52	78	5	62	8	15	13	78	81	63	20	99	28	32	57	85	11	22	24	85	25	34	21	44	53	26	55	8	76	19	55	65	60	34	55	99	27	59	52	4	59	0	61	93	35	15	76	90	59	51	54	9	33	88	66	56	32	10	62	94	33	91	99	5	90	52	16	49	52	98	65	75	15	78	37	48	70	98	61	0	89	9	93	65	88	14	17	90	71	90	50	2	5	80	80	43	84	45	65	14	8	6	43	61	84	58	66	2	40	14	4	60	53	49	75	47	33	72	95	52	91	25	30	80	24	60	46	28	52	74	72	17	45	60	41	57	91	10	36	15	11	74	31	46	66	70	61	29	43	31	48	4	26	56	64	93	97	6	60	59	92	93	45	92	11	99	91	67	99	6	36	91	3	69	90	19	73	66	40	38	1	43	93	65	60	44	50	44	13	24	86	83	77	8	78	14	65	25	17	96	23	85	86	25	2	7	53	8	58	19	45	5	31	20	73	29	82	8	67	22	69	62	26	30	89	58	76	9	96	23	89	30	31	13	78	92	46	19	77	62	99	8	28	12	20	66	11	58	19	53	72	10	18	3	24	92	80	57	92	58	25	38	98	9	26	30	85	85	28	24	5	68	60	88	99	93	67	65	15	48	60	58	18	38	44	34	73	43	96	86	92	24	72	94	90	84	20	96	94	66	83	3	76	21	61	64	0	45	38	97	74	38	55	14	35	30	94	4	27	49	90	36	83	13	72	50	53	76	68	39	83	9	15	31	47	20	5	17	22	53	8	91	25	34	43	84	77	52	37	19	77	52	15	96	1	93	25	42	85	69	37	9	93	39	99	93	78	93	41	51	51	85	21	36	50	41	71	82	47	69	80	61	87	53	57	65	60	51	80	15	76	98	59	53	78	35	92	72	19	49	21	94	81	24	25	72	34	50	67	82	40	67	35	57	62	20	20	89	25	98	20	33	12	48	8	56	74	80	64	36	62	28	44	93	15	15	89	65	95	13	94	90	59	21	40	39	12	87	69	62	76	34	22	82	27	24	62	39	49	58	99	51	27	99	17	27	75	54	6	40	35	57	58	69	61	89	76	52	77	99	80	59	61	77	5	59	26	22	93	69	9	35	63	54	74	14	98	19	78	57	70	82	37	37	21	83	72	61	31	96	43	59	21	34	50	33	94	90	99	70	70	59	81	65	67	1	14	34	26	77	28	70	86	84	16	64	29	86	57	9	13	63	60	79	90	23	53	21	18	3	22	94	32	98	47	60	42	84	66	49	56	18	99	31	86	49	73	60	4	63	21	3	9	68	71	40	58	60	50	33	66	85	96	13	55	62	22	53	88	53	42	95	4	10	73	93	58	75	39	13	80	1	22	69	90	49	85	55	59	7	68	39	48	71	4	44	38	26	65	48	96	57	18	14	74	17	11	82	66	60	79	35	6	80	29	70	98	30	39	80	90	60	14	52	52	46	12	25	69	24	96	51	71	31	3	47	28	39	34	76	53	74	98	21	27	46	34	92	42	72	4	1	70	92	5	10	82	99	38	39	91	28	69	27	99	83	86	80	7	62	43	46	5	40	77	28	41	84	98	17	54	43	43	77	18	89	47	42	91	97	58	8	8	42	9	89	18	16	
27	47	37	74	67	1	58	29	38	85	28	75	76	95	83	37	98	44	1	82	49	73	35	22	42	33	69	38	42	94	29	82	11	59	55	36	16	40	57	78	84	79	88	67	39	84	56	89	18	80	71	73	86	21	62	92	77	3	81	22	42	39	90	82	96	79	70	76	62	16	29	80	51	65	93	48	11	17	6	65	64	9	18	48	93	73	58	6	88	14	18	40	55	30	28	63	94	77	5	44	82	60	65	19	52	13	2	7	1	64	97	15	42	67	34	29	12	30	51	50	53	38	73	75	25	33	68	45	81	19	26	93	86	46	95	47	93	22	9	90	19	60	85	25	98	54	47	67	53	60	65	75	15	76	72	79	28	54	4	80	33	75	87	39	51	5	10	49	51	96	73	18	74	5	66	81	74	38	49	45	27	31	29	1	82	94	8	36	40	23	62	52	94	47	86	70	85	40	38	43	38	34	22	44	79	67	0	33	48	55	32	49	9	79	1	75	65	29	42	66	4	45	68	81	8	1	45	2	0	85	2	14	63	74	48	50	40	82	11	67	94	73	93	29	9	62	85	81	44	83	94	19	62	72	10	44	60	23	66	70	71	29	64	12	32	39	39	74	10	62	94	49	5	23	52	79	68	94	60	16	5	93	50	58	72	9	67	1	67	32	3	10	41	24	79	39	76	5	57	31	84	35	97	75	17	52	78	76	20	52	15	7	15	1	38	13	77	43	40	27	18	24	50	54	88	57	16	43	1	46	84	67	43	56	47	75	46	69	49	64	40	22	73	92	59	61	87	43	2	94	9	94	5	44	51	78	37	83	97	2	67	57	17	28	68	9	79	82	83	87	94	93	23	89	60	71	54	8	63	22	77	67	94	27	55	34	63	8	0	33	39	23	88	23	52	0	81	96	82	89	28	66	62	34	26	68	66	66	80	24	57	80	3	9	36	66	65	61	43	91	29	45	69	15	87	76	61	35	97	73	5	37	63	82	75	28	76	84	38	63	1	39	73	83	48	38	75	91	25	40	83	10	46	58	41	16	76	7	89	91	83	70	6	30	76	30	19	32	89	29	91	29	94	31	21	79	45	23	68	69	87	0	56	70	76	5	89	42	22	19	66	83	61	29	23	5	14	78	13	21	91	12	52	80	69	92	35	23	8	38	10	88	66	45	94	27	3	24	79	50	69	53	24	68	80	52	89	16	93	64	19	50	95	36	87	40	36	26	46	73	52	54	0	4	73	83	38	34	96	25	24	67	41	20	73	6	63	88	50	4	32	46	8	7	33	95	8	67	10	0	28	90	85	5	72	84	26	77	56	66	40	11	15	14	38	90	89	4	93	21	91	1	11	82	99	95	81	6	24	18	19	18	65	56	47	90	14	61	74	17	71	95	40	59	31	45	31	60	15	7	20	86	26	83	51	14	26	80	50	38	17	7	70	77	83	96	71	0	69	8	63	62	64	20	26	55	13	66	14	47	93	15	72	37	61	86	12	8	4	82	39	53	44	53	49	54	14	29	69	80	17	70	58	1	92	34	71	9	52	6	7	61	39	59	53	30	58	50	28	10	37	19	4	2	90	16	2	17	13	30	91	6	12	18	48	81	3	69	58	88	68	96	2	27	24	3	94	87	79	80	73	74	35	33	33	71	44	4	20	6	76	17	89	5	76	24	43	31	64	77	86	76	62	90	23	90	26	96	23	73	70	84	15	14	2	58	57	60	73	1	46	11	74	29	97	75	92	92	69	64	40	50	1	35	23	80	67	72	87	61	15	66	56	47	20	25	19	18	89	18	73	88	44	94	36	57	33	86	60	47	15	31	6	30	29	78	83	92	19	69	67	4	48	97	4	73	30	77	37	15	70	35	57	4	64	5	92	4	26	82	99	89	20	96	35	83	53	72	50	15	36	51	11	51	86	98	5	23	50	54	96	93	35	4	58	46	39	41	70	49	10	22	43	62	14	4	17	43	24	67	93	71	57	86	92	87	29	13	16	99	54	84	17	76	77	14	52	16	94	50	86	32	23	47	80	19	33	52	28	21	65	76	14	20	67	14	42	3	93	16	4	55	60	11	66	88	44	5	39	71	27	5	15	59	99	53	51	29	21	54	0	22	10	90	27	79	9	10	33	51	19	58	45	3	60	74	47	88	16	20	34	6	77	68	9	4	3	40	6	74	87	28	62	78	23	62	1	11	87	3	42	31	16	75	52	92	27	88	81	65	50	10	22	9	58	55	40	91	22	80	35	62	21	53	6	2	23	40	76	63	11	40	6	19	77	8	54	54	77	82	53	50	51	71	41	60	84	9	2	96	16	91	17	45	90	60	9	42	58	53	16	74	11	97	64	18	28	68	50	40	22	97	6	86	38	32	8	0	24	95	53	73	35	73	55	79	18	49	39	3	48	67	37	33	88	56	50	31	21	61	48	54	74	11	59	54	85	40	5	74	0	20	26	5	35	25	86	96	73	52	63	14	85	34	51	45	81	77	30	76	71	6	9	86	91	93	17	92	63	21	99	22	59	77	16	73	58	19	5	42	18	68	71	59	27	37	92	72	11	30	67	54	54	69	31	27	30	92	99	55	67	10	10	15	75	9	44	53	7	9	25	13	59	65	52	36	93	84	53	20	5	4	89	17	53	10	14	64	18	35	99	7	64	24	70	1	41	25	32	42	9	25	67	20	2	71	58	90	88	73	92	65	69	64	85	44	42	24	77	10	59	88	67	91	58	27	67	93	95	91	38	52	68	61	17	9	50	97	45	64	46	91	0	56	6	89	85	81	18	78	11	22	75	54	95	8	12	66	13	59	20	79	28	59	6	62	29	14	11	5	98	84	45	6	70	30	51	96	46	12	28	59	12	84	12	84	67	11	14	44	11	1	41	89	82	40	2	76	59	77	92	34	45	69	75	35	59	15	11	77	63	88	20	44	41	80	95	11	84	91	95	71	7	71	51	39	56	3	36	13	32	8	51	10	18	78	19	29	66	40	40	88	69	52	71	74	68	70	13	70	71	40	70	48	29	72	37	70	34	97	68	18	37	36	48	97	78	34	39	57	62	39	82	85	98	46	64	4	19	53	78	75	5	13	2	78	94	33	75	45	57	27	71	52	6	93	52	63	36	77	89	52	12	56	88	71	4	33	60	55	91	34	34	0	39	97	77	44	47	38	96	29	38	65	7	1	89	67	77	80	64	94	19	25	52	29	2	19	83	70	97	46	78	13	92	84	14	57	71	69	14	34	5	36	98	8	21	65	64	58	59	92	53	64	49	8	79	3	34	21	57	95	20	84	26	29	14	82	14	20	63	28	82	77	64	28	55	39	63	59	21	51	90	11	45	55	82	61	11	33	71	79	18	27	79	64	13	35	30	84	23	71	2	74	1	19	86	84	70	84	81	1	89	59	53	83	51	54	14	18	57	38	32	62	54	63	71	24	82	29	8	3	4	37	77	71	1	91	5	99	88	37	95	56	13	96	64	36	96	79	85	89	59	77	9	55	85	94	91	59	82	93	31	2	13	82	89	53	12	19	60	44	52	43	21	51	3	73	13	2	29	88	44	2	22	52	86	86	28	63	47	61	0	55	72	17	37	29	45	22	45	31	54	74	7	77	91	55	91	15	94	57	83	13	89	44	21	86	16	4	95	40	36	1	97	75	11	60	4	91	76	47	73	17	8	94	17	19	60	2	21	7	30	84	42	64	28	95	73	7	90	91	40	85	7	97	33	21	80	41	48	8	32	90	47	23	81	95	8	40	12	50	30	42	81	95	70	1	73	42	25	30	6	88	37	22	65	74	28	4	82	97	52	15	36	5	24	39	69	35	19	0	28	42	62	58	85	12	82	90	63	57	98	56	50	1	62	12	54	72	46	85	60	66	84	65	64	78	69	57	58	37	90	23	99	13	29	11	42	95	1	12	2	0	34	59	57	37	10	25	25	4	1	4	63	38	36	4	36	72	14	75	49	94	58	94	25	65	54	27	55	78	62	52	39	49	53	86	91	26	48	42	61	8	80	35	34	37	96	78	10	77	73	75	38	66	43	1	29	58	57	22	60	51	36	57	12	62	15	64	46	23	72	92	51	63	92	28	25	64	38	7	83	79	91	4	86	52	72	17	81	93	70	52	41	80	29	4	19	49	49	0	6	37	99	93	13	58	32	9	94	87	66	18	91	50	42	96	43	77	12	33	83	99	99	93	30	51	26	68	94	91	38	69	84	7	17	79	61	27	59	0	96	92	18	59	82	12	0	97	38	21	77	60	25	75	35	78	45	96	93	75	7	29	8	23	31	2	55	13	53	63	17	60	28	63	53	27	93	58	31	20	5	18	79	29	60	37	84	81	76	34	50	24	14	93	79	42	63	36	79	50	89	88	94	52	95	7	35	61	24	5	98	28	99	26	20	36	81	16	46	24	69	70	57	70	92	47	71	34	88	33	12	45	92	35	64	57	6	95	87	33	38	93	33	17	80	31	47	25	64	27	13	97	22	52	4	22	20	4	58	94	76	89	46	89	72	67	18	62	94	67	67	44	99	22	18	53	34	48	60	51	33	99	73	60	3	66	46	55	83	98	41	70	57	81	70	55	29	46	18	29	45	93	94	85	44	54	31	55	80	30	47	27	26	71	99	75	30	3	71	47	67	8	90	41	5	72	18	63	4	91	7	2	63	96	58	26	15	3	98	14	53	38	94	51	9	2	87	41	92	32	23	48	65	44	68	65	44	79	16	20	0	63	36	32	88	50	19	80	27	69	0	7	78	16	28	2	12	76	83	42	27	87	90	62	3	83	0	26	69	46	37	19	79	72	7	83	57	18	43	91	45	76	38	11	66	2	42	4	45	47	42	25	48	34	91	39	78	95	73	73	74	77	33	33	12	42	31	56	21	63	34	10	43	61	96	18	6	60	39	92	70	47	25	57	19	92	16	83	36	3	80	76	63	79	13	73	9	68	60	68	22	48	93	46	54	44	55	12	11	93	58	42	93	74	87	95	51	11	91	99	83	33	5	78	6	76	62	85	81	53	33	27	87	86	74	45	86	90	53	42	53	89	5	28	98	95	28	28	11	69	95	20	82	47	29	52	0	13	0	59	91	25	25	18	46	63	64	95	2	39	60	70	19	12	23	86	31	53	43	59	34	27	22	79	62	54	57	80	85	26	24	16	69	35	14	19	16	18	47	78	38	23	68	10	84	1	54	26	99	98	55	81	34	95	70	23	11	21	5	95	47	97	68	28	14	49	56	96	73	11	32	63	3	67	93	72	7	67	42	44	65	30	3	66	21	60	19	42	70	19	15	69	64	90	85	65	5	86	98	2	88	53	50	87	78	39	16	92	26	37	67	46	60	93	97	97	60	5	72	44	27	77	34	82	16	49	16	43	50	58	52	29	86	2	84	3	2	54	86	88	56	64	19	46	11	20	75	61	55	82	15	93	87	16	55	19	10	90	77	80	46	85	18	45	24	72	99	36	96	71	89	18	75	90	68	99	33	40	54	90	78	87	85	17	9	25	57	43	39	70	29	83	67	60	34	12	71	35	9	38	12	10	11	41	65	18	45	48	97	21	43	40	64	53	2	65	16	33	47	41	48	85	4	
20	1	9	9	13	7	6	13	10	6	15	7	11	12	1	13	2	18	12	11	10	16	2	13	19	7	17	6	3	2	12	2	17	11	4	2	13	18	20	3	12	18	12	14	8	4	8	16	1	2	10	6	1	13	19	14	15	5	20	19	10	4	9	4	11	14	9	4	10	9	19	2	20	10	1	14	10	17	16	8	6	8	5	19	8	7	13	19	1	20	16	17	15	7	20	10	18	6	18	12	3	10	15	10	16	19	16	18	17	15	14	2	19	10	5	17	4	10	19	10	12	20	5	8	8	12	4	10	10	3	1	16	18	12	16	7	9	17	20	8	13	14	16	4	10	6	6	12	13	6	3	13	8	4	3	4	19	17	17	7	15	9	4	17	14	18	10	5	4	1	8	18	10	18	19	3	14	14	4	4	4	11	15	10	9	14	15	2	2	20	15	5	17	8	5	12	7	6	5	20	11	13	14	14	20	11	11	3	10	16	19	9	11	18	9	11	11	9	11	4	19	3	13	7	20	4	18	3	4	11	5	4	3	18	9	11	3	17	1	20	12	10	7	10	7	13	14	16	18	19	18	19	12	10	16	12	9	2	13	2	12	4	1	20	13	17	10	11	5	19	16	6	13	9	5	4	17	15	9	12	20	19	6	16	2	8	16	16	12	14	17	5	4	19	1	5	7	14	4	17	4	4	2	8	10	18	13	20	12	14	17	5	12	11	16	9	12	8	6	1	15	5	13	6	7	8	1	4	13	4	7	5	18	12	13	6	7	12	7	7	9	5	3	6	19	17	18	12	3	10	1	8	11	6	11	5	7	20	9	3	9	5	3	5	18	8	7	12	2	4	20	2	15	16	17	19	18	14	12	8	11	5	6	6	7	14	4	1	18	6	14	11	4	20	3	19	18	18	10	7	1	16	16	5	3	4	16	12	4	6	18	12	19	1	17	14	17	18	7	5	8	9	10	14	1	10	4	14	6	19	17	14	7	12	12	19	1	7	12	9	5	12	10	3	12	13	9	9	12	6	4	15	1	8	16	20	16	5	16	16	18	2	19	11	16	7	19	12	4	1	13	10	2	18	5	19	11	2	13	5	8	3	2	11	11	13	8	15	11	13	1	3	7	14	6	2	3	6	12	18	8	20	3	12	20	20	13	1	18	20	6	18	9	5	5	8	13	6	13	8	4	19	19	14	13	6	6	13	11	6	17	13	2	20	18	15	15	8	9	15	7	15	13	16	15	3	17	16	9	6	14	2	6	3	20	18	1	11	3	11	1	20	4	11	4	1	9	5	15	16	2	6	2	11	9	11	4	14	17	4	8	17	5	18	4	15	18	15	1	4	8	20	12	13	8	5	17	15	15	20	15	11	19	10	13	14	4	11	5	17	11	20	20	1	14	11	7	3	5	9	10	9	13	7	8	2	12	20	4	5	6	12	20	2	16	6	5	13	4	20	12	9	10	2	9	6	15	10	2	9	1	16	9	7	20	18	9	1	15	15	19	5	19	17	13	16	19	4	1	13	18	11	11	2	15	1	9	11	9	10	19	11	18	11	7	5	4	9	6	19	14	6	3	18	7	2	18	10	14	14	6	10	6	4	8	5	10	20	14	13	5	3	20	18	10	2	16	14	16	7	19	15	11	6	1	19	19	16	7	2	11	10	15	4	6	14	6	1	19	12	12	11	10	1	10	6	19	18	2	17	17	17	17	15	16	2	12	3	2	11	9	10	4	7	6	5	2	19	19	20	9	20	18	13	2	15	7	13	17	9	4	1	1	20	9	13	6	8	3	19	1	18	16	7	6	11	9	3	4	9	6	4	10	3	20	19	19	18	4	16	17	2	4	5	11	9	18	12	10	5	15	14	11	2	17	20	20	18	5	6	5	1	8	11	2	12	10	6	6	9	1	1	1	8	9	10	20	7	9	8	9	17	19	13	15	18	19	5	5	12	4	15	7	10	8	11	13	17	7	1	2	5	7	8	15	11	4	19	3	1	1	12	4	7	17	4	16	2	1	20	3	12	15	9	2	9	8	8	6	7	13	17	12	5	14	3	1	19	16	5	6	4	14	18	13	1	15	17	10	3	18	11	3	20	12	6	10	18	9	7	10	15	20	8	11	15	17	15	17	8	12	1	1	11	11	5	15	18	19	6	4	10	8	7	1	3	1	19	11	2	1	1	4	1	10	16	16	8	20	19	9	5	14	5	2	5	7	1	10	20	5	19	13	7	12	11	5	4	3	8	1	4	9	17	8	19	8	5	19	2	16	1	8	9	16	18	18	11	19	12	9	11	4	4	2	1	4	3	11	3	16	2	20	2	4	2	14	1	18	4	2	8	18	16	20	14	9	10	18	8	6	13	19	5	14	11	6	8	17	3	12	19	6	15	9	10	8	13	6	16	2	5	8	7	15	12	13	7	17	15	18	6	13	15	10	1	20	9	5	20	18	19	5	9	14	19	3	19	10	15	2	4	10	15	14	11	9	4	20	17	4	6	12	11	20	18	3	1	10	2	19	5	15	14	17	8	8	7	13	11	3	7	4	6	7	1	16	11	14	12	6	19	17	5	14	3	13	3	17	4	8	17	6	18	17	7	3	11	6	14	19	12	8	16	3	1	13	9	11	9	8	18	1	15	7	8	9	1	8	17	1	15	6	1	13	20	3	5	11	11	1	14	19	18	3	18	19	18	20	1	3	7	19	12	5	3	18	4	5	19	7	15	1	16	9	17	9	15	3	19	7	12	20	15	16	17	11	11	7	12	8	8	7	10	11	7	13	15	1	6	1	4	7	14	8	14	6	3	13	2	5	5	13	1	12	1	10	9	1	1	11	4	12	8	7	12	12	9	3	5	7	5	12	15	2	9	3	9	8	4	5	3	8	4	2	14	2	5	16	5	11	6	15	14	5	15	8	15	6	9	11	8	6	9	9	4	10	12	5	12	15	15	12	8	4	3	13	7	7	2	8	7	9	10	6	8	8	7	8	11	11	16	8	16	2	16	4	5	1	7	13	8	11	12	10	13	8	13	2	5	8	1	6	15	10	10	13	16	11	3	8	1	13	3	10	15	6	11	5	15	8	9	5	5	13	2	3	16	11	10	15	15	2	4	3	3	7	2	10	15	8	10	15	4	14	4	15	16	10	14	12	6	3	7	13	4	12	4	1	7	9	3	16	13	15	2	2	5	6	8	11	8	6	10	6	9	2	13	6	14	11	3	10	15	1	11	15	9	7	8	13	2	8	2	9	2	4	6	10	14	15	4	3	6	15	10	13	5	5	2	12	11	8	12	16	11	14	7	16	16	4	14	8	11	3	13	13	15	16	8	5	15	5	3	13	14	2	15	15	3	14	13	8	12	11	1	6	3	15	12	12	9	3	15	5	13	9	11	4	4	4	2	11	16	10	8	11	3	9	9	6	14	15	13	1	14	13	8	11	14	7	5	3	5	3	4	5	4	12	7	15	2	16	7	9	7	13	1	2	15	2	15	13	10	6	6	8	14	15	5	13	11	9	9	13	12	13	4	14	4	11	9	16	10	12	16	4	11	16	2	6	1	13	13	4	11	2	16	6	16	15	13	1	1	3	9	4	12	3	3	3	8	10	15	4	5	15	1	16	6	3	7	13	3	14	15	1	11	6	4	15	10	10	4	7	16	4	9	2	8	5	6	9	6	7	13	7	10	16	16	12	13	6	14	2	12	8	8	11	8	11	14	16	10	16	10	4	7	9	3	1	11	6	6	3	11	6	8	6	9	3	1	1	8	16	11	3	16	12	15	6	4	4	9	14	6	9	14	15	10	15	13	16	2	6	8	6	12	4	13	3	15	10	4	16	13	4	14	4	12	2	4	6	11	11	6	6	8	9	2	11	3	7	11	15	6	2	5	14	4	10	8	3	4	14	3	2	1	1	11	2	4	8	8	6	4	5	3	5	9	4	4	10	8	5	4	6	10	16	14	10	9	16	4	14	6	16	8	1	2	4	13	11	4	8	12	1	13	14	11	13	6	11	1	5	4	3	15	8	2	10	10	13	5	11	3	11	14	8	7	3	1	12	10	11	15	13	7	3	8	3	2	13	3	6	10	4	1	5	15	11	11	16	15	15	10	9	14	13	5	6	8	15	10	2	1	14	2	7	12	10	10	15	12	5	10	13	6	7	1	16	1	10	14	3	6	6	1	12	10	3	10	16	2	9	1	12	15	5	4	13	7	9	4	12	12	13	7	12	15	6	14	3	6	1	3	16	13	16	2	16	16	5	4	13	13	13	14	2	4	7	1	2	9	13	6	12	8	16	10	15	8	6	7	7	6	7	9	5	12	10	6	10	11	13	9	16	2	16	6	4	2	4	7	12	4	13	6	15	7	8	10	10	14	14	10	13	8	2	1	16	3	3	10	13	8	6	8	15	16	1	16	13	10	5	13	15	15	7	14	11	9	8	1	2	11	14	10	13	9	11	16	1	2	6	12	14	8	16	13	7	8	16	5	2	16	12	14	14	9	1	13	4	11	5	14	16	15	2	11	14	10	5	3	2	3	5	3	10	16	1	1	15	11	1	11	9	16	15	9	12	8	13	1	16	3	11	13	6	5	9	12	6	1	9	10	2	7	15	3	4	11	9	6	3	2	13	9	4	13	9	2	13	11	12	10	10	9	12	4	4	10	2	11	2	14	13	2	5	10	6	7	9	13	3	6	10	7	14	3	7	11	2	11	3	9	12	13	8	13	11	15	11	8	11	8	2	6	2	10	11	15	1	4	7	4	3	9	2	12	5	13	14	15	1	12	8	3	13	1	9	11	1	2	5	12	13	3	3	10	3	8	10	7	5	3	6	8	5	11	3	5	3	13	10	7	2	5	5	2	12	6	14	4	2	16	5	8	3	3	11	10	11	13	12	9	12	8	16	4	2	5	11	6	6	1	10	6	4	5	10	4	5	16	12	6	1	9	15	11	5	2	13	14	4	9	12	5	7	14	4	2	2	10	7	1	6	5	15	10	14	3	9	14	14	7	2	5	9	13	13	8	2	11	4	15	10	15	3	10	11	9	8	7	7	4	7	10	12	2	8	4	1	3	16	9	11	14	16	4	11	10	12	3	4	5	11	10	7	5	10	12	16	4	16	11	4	16	16	7	14	7	3	12	11	13	1	4	2	6	7	1	6	7	9	9	16	7	14	8	13	14	13	4	11	7	5	12	16	4	1	13	4	1	15	14	6	1	16	6	12	12	12	15	7	12	3	8	3	8	15	15	14	14	4	15	12	8	8	2	5	10	1	7	16	3	14	4	8	15	1	4	11	6	3	1	7	9	4	4	2	1	14	11	5	12	7	12	3	3	16	11	7	10	7	9	9	3	6	12	10	6	14	1	6	14	12	6	16	9	6	15	6	14	5	1	1	3	11	1	15	13	14	10	9	6	1	4	4	6	3	5	8	16	2	1	7	11	15	1	12	6	1	11	2	12	14	7	4	13	6	3	16	4	14	13	1	1	8	6	10	13	8	10	12	6	8	2	13	2	10	2	7	14	4	9	3	9	13	12	9	7	2	3	10	14	10	1	3	15	4	6	8	10	11	2	1	14	2	11	5	16	8	12	3	
320	170	250	360	510	420	990	100	330	680	170	910	840	600	290	1000	710	890	110	490	680	400	710	630	920	980	600	760	910	660	630	270	480	630	760	540	770	610	580	240	320	370	710	850	820	600	430	240	460	270	820	160	710	370	970	370	290	640	800	820	450	510	840	590	490	980	620	840	270	510	400	650	860	180	390	230	670	580	530	940	510	980	580	390	390	360	220	720	810	870	760	790	430	730	660	130	400	440	960	340	960	920	600	430	150	250	350	140	590	410	740	440	950	400	290	380	960	600	250	180	510	140	530	760	120	540	260	720	310	960	880	210	210	310	340	660	140	710	660	590	770	310	310	590	160	500	270	360	560	290	310	520	670	310	280	970	530	890	520	710	400	850	600	540	860	550	590	520	100	860	560	770	250	500	280	630	900	400	410	360	220	330	560	160	310	620	970	620	800	110	780	180	720	160	100	430	290	790	610	180	140	680	950	910	130	850	650	740	550	250	950	450	110	990	140	1000	470	200	870	620	110	140	270	230	460	920	620	130	420	230	460	570	370	280	240	120	600	750	740	110	210	240	220	900	350	520	400	470	110	750	110	210	250	960	680	420	780	700	830	890	450	210	690	150	860	310	710	400	840	110	130	670	140	540	430	660	290	520	740	130	260	650	740	100	680	110	650	680	490	930	910	740	950	370	450	430	570	790	540	390	390	1000	760	460	910	310	230	970	920	680	300	490	960	770	960	750	600	340	740	580	300	1000	350	220	390	210	960	730	450	920	610	920	790	850	430	280	720	550	810	970	420	140	210	870	280	910	960	190	880	290	560	730	270	870	150	480	340	250	700	520	340	110	280	760	480	100	960	760	630	570	140	330	180	800	540	370	110	790	900	1000	300	480	410	570	680	690	180	400	220	870	270	610	990	200	330	500	740	310	920	290	230	200	420	260	260	540	710	620	350	500	650	920	490	910	260	860	720	290	310	100	470	740	780	520	770	260	450	690	140	490	460	590	930	310	910	530	240	440	690	510	770	490	240	490	820	380	580	650	750	350	610	700	250	230	1000	750	880	240	870	520	870	990	420	830	420	930	120	590	690	470	360	260	530	640	290	680	670	970	660	420	100	610	950	980	110	740	550	130	890	430	110	120	370	880	170	350	200	890	260	260	380	710	310	280	260	140	890	570	200	130	640	490	790	340	560	190	970	800	410	730	760	110	780	340	400	200	850	950	370	310	660	760	250	540	670	560	870	940	350	320	430	570	660	860	1000	510	410	580	350	580	940	480	310	380	510	290	580	150	870	640	520	640	680	800	900	830	670	470	670	600	880	990	530	870	870	410	800	920	440	180	930	840	430	250	970	780	520	400	970	300	380	910	710	520	120	620	790	170	190	790	660	650	160	490	620	750	300	320	720	110	790	390	910	490	600	380	100	740	620	550	580	940	310	750	120	240	410	550	670	390	730	920	500	800	900	510	410	710	570	400	230	520	630	440	460	610	570	840	440	440	920	630	470	590	860	380	560	740	140	130	960	320	120	670	580	1000	110	450	350	120	400	220	350	750	310	900	390	240	190	110	550	320	360	250	600	610	210	390	810	580	110	520	930	390	340	260	320	940	470	210	560	910	730	180	990	840	710	580	680	890	820	810	690	110	580	620	940	240	320	200	890	640	630	500	360	800	990	310	600	750	1000	430	730	330	200	830	130	1000	110	900	700	310	260	330	860	200	310	930	680	550	780	790	610	130	390	520	860	830	640	710	950	870	840	760	210	700	570	740	210	540	150	670	910	130	570	340	910	830	140	240	280	250	670	540	290	840	410	160	760	690	200	770	160	830	820	590	960	410	460	680	770	180	660	680	970	410	310	630	240	790	480	280	150	780	830	700	100	720	720	370	820	990	540	970	110	110	960	940	630	250	830	700	300	500	880	360	500	160	320	130	150	860	320	740	860	680	120	560	120	280	330	910	510	230	430	920	890	970	300	810	390	1000	660	290	720	650	770	480	570	860	780	790	880	990	840	320	530	870	550	190	820	300	520	100	930	100	390	960	500	760	140	520	790	870	590	420	820	980	250	810	310	270	180	560	270	840	800	520	680	920	790	200	180	450	950	230	790	260	1000	800	890	610	200	180	930	480	660	150	180	660	240	280	380	200	730	790	140	660	410	680	580	980	600	490	720	760	380	100	850	330	330	660	770	890	910	1000	280	150	360	490	640	320	680	820	320	950	520	390	230	540	430	160	960	460	620	290	390	360	230	730	480	600	870	910	470	750	370	790	110	480	810	670	910	210	450	650	370	430	970	950	570	340	300	350	560	200	720	660	340	710	220	850	480	420	760	660	850	420	890	150	900	990	390	820	610	430	870	820	740	780	480	670	490	150	510	730	500	930	160	270	300	430	820	690	230	800	320	390	550	710	520	190	410	610	880	750	820	370	530	400	800	910	440	800	130	380	380	740	370	860	330	190	230	790	700	910	220	690	330	460	650	140	380	840	210	670	650	360	100	470	320	620	410	850	960	250	700	740	360	380	180	610	910	880	620	300	320	890	230	690	380	680	870	320	400	750	620	580	470	100	640	410	950	520	890	870	860	780	580	490	570	120	690	690	230	750	370	560	110	580	780	200	420	400	240	930	620	470	530	660	740	980	260	280	450	250	290	910	770	620	980	300	320	780	640	940	240	130	450	140	950	420	610	890	850	630	470	920	560	370	340	180	180	830	390	600	370	280	160	560	480	500	740	690	140	110	710	880	550	510	460	400	570	890	130	470	410	270	380	950	840	160	390	710	230	130	770	830	900	490	850	120	360	830	640	380	360	940	950	840	600	700	300	630	890	1000	670	490	190	410	590	880	620	430	150	190	930	120	640	500	640	580	900	400	810	760	480	120	340	640	840	450	580	930	760	190	760	370	280	200	780	450	380	970	470	870	290	250	200	290	620	420	160	890	130	700	770	340	670	390	540	380	840	590	920	690	780	450	990	460	810	900	760	660	410	900	660	380	100	580	850	330	750	840	400	420	600	170	200	910	430	950	570	470	980	740	520	640	680	160	350	690	990	550	130	100	500	590	160	880	540	690	170	640	210	580	130	460	700	370	430	970	980	930	230	790	140	910	580	180	1000	250	460	130	620	780	330	360	620	760	1000	650	800	900	710	920	530	650	570	650	760	210	740	680	200	960	580	900	800	490	900	870	440	390	690	120	110	580	480	960	860	530	180	930	690	820	700	130	900	540	910	280	420	550	840	210	820	270	650	490	310	870	510	510	570	760	110	820	640	830	790	790	600	210	760	220	420	1000	350	210	400	180	630	540	250	390	220	220	470	240	100	840	310	930	370	200	420	500	640	510	120	450	890	690	830	590	600	450	290	670	120	430	220	910	550	920	960	700	990	810	530	330	560	630	310	490	560	190	570	730	890	710	860	170	170	490	170	650	460	270	350	290	660	170	520	270	930	990	850	520	240	250	540	530	700	360	870	200	910	250	180	120	620	470	560	750	400	270	840	340	610	650	110	640	800	940	480	850	270	620	260	730	190	880	750	500	280	980	820	820	890	340	910	600	790	260	330	920	970	240	690	600	580	820	370	150	230	130	220	410	750	220	320	840	370	830	510	590	210	250	590	350	830	400	490	560	880	410	180	670	690	370	890	840	550	970	1000	950	430	930	420	390	200	620	340	170	940	890	340	430	1000	830	720	840	860	690	140	150	760	860	240	720	360	990	110	890	870	470	360	450	810	760	190	880	990	690	260	610	620	280	670	700	890	320	800	160	980	530	240	750	770	500	500	1000	180	530	550	120	950	910	660	980	590	720	510	950	930	330	710	740	930	470	320	710	920	870	740	850	600	800	880	910	500	980	880	180	620	150	490	970	720	340	150	990	400	480	460	580	840	410	230	960	980	700	110	970	840	210	890	810	160	700	560	520	940	730	130	470	650	620	400	950	370	580	540	900	760	650	550	870	700	930	860	800	260	550	800	210	300	1000	580	440	340	450	670	900	830	260	860	370	420	510	710	320	870	310	570	710	750	410	670	350	380	580	730	990	440	600	620	700	160	840	420	220	700	310	860	620	290	690	200	300	180	450	150	680	780	160	440	110	670	590	910	230	180	970	820	580	220	450	190	670	960	320	540	270	400	150	390	850	930	730	520	950	900	220	900	660	120	460	790	230	780	590	830	630	450	740	120	700	760	760	510	560	950	260	910	470	920	560	590	220	290	150	450	980	500	500	570	320	870	240	300	590	960	430	730	150	660	150	570	210	800	830	290	690	320	840	120	740	820	210	1000	220	890	860	600	730	680	360	300	330	750	570	860	720	280	770	700	180	850	210	180	780	710	800	880	990	460	790	820	700	120	470	160	870	550	830	220	290	310	380	390	800	680	160	990	720	260	490	260	410	800	370	910	970	640	180	590	200	970	360	550	630	170	250	610	520	1000	400	660	700	690	490	410	500	280	110	100	850	390	920	310	480	640	830	460	140	190	810	380	100	910	450	110	810	570	300	320	850	910	410	600	520	780	490	830	500	820	520	360	570	340	360	400	840	570	670	290	510	130	430	720	280	320	440	660	310	250	630	230	580	480	830	770	940	620	950	780	140	990	300	620	400	110	200	590	240	840	370	260	710	520	160	120	580	720	330	620	990	350	990	930	240	670	890	380	330	200	410	800	450	970	880	550	780	890	570	270	240	830	600	150	160	660	260	930	490	900	190	370	340	670	890	1000	690	520	350	890	580	470	360	590	780	380	380	170	360	1000	290	460	430	940	980	440	400	250	670	500	370	970	820	680	330	440	610	150	700	150	190	950	480	700	450	560	790	600	980	650	650	270	780	390	100	920	940	780	410	210	440	780	620	1000	740	440	480	230	950	900	490	520	870	670	400	650	630	800	800	550	730	760	320	120	980	710	900	870	180	920	500	990	100	130	170	480	510	600	660	600	360	910	360	830	460	930	650	380	420	410	1000	610	920	240	890	350	810	710	440	600	830	560	760	620	880	100	140	230	670	930	310	610	460	760	120	700	310	420	750	810	850	710	590	160	660	130	210	190	490	580	710	690	850	490	980	160	790	570	200	270	510	750	440	740	340	300	630	830	590	990	350	610	350	410	320	480	150	150	450	160	180	940	920	730	830	970	150	240	260	940	530	670	900	460	620	380	840	490	270	460	220	520	490	420	790	690	450	540	310	220	180	750	560	720	920	470	150	210	710	380	600	720	880	890	790	660	810	200	350	100	720	550	310	180	620	970	320	320	210	560	720	250	320	140	220	860	130	170	240	550	450	340	500	460	430	900	860	590	750	600	470	540	790	220	570	270	440	520	510	380	170	180	260	340	640	470	930	340	240	650	800	670	410	630	440	590	200	240	690	420	730	930	130	750	210	950	230	420	600	140	980	660	870	760	320	730	220	830	580	560	800	850	930	460	160	430	410	130	260	200	680	910	790	810	690	530	110	990	950	640	680	240	910	730	570	860	620	700	280	450	490	840	240	180	980	780	540	790	190	130	920	1000	290	190	100	370	910	1000	920	490	170	260	410	680	600	110	140	680	300	290	970	100	160	540	600	890	460	420	580	500	920	260	730	770	550	630	360	650	720	150	170	910	540	640	400	210	310	680	610	260	320	770	740	140	180	960	250	270	160	180	670	890	860	860	550	330	
100
