3465
100
3
70
0	0	0	0	0	0	0	0	0	192	0	0	192	0	0	0	0	0	0	0	0	0	0	0	0	0	0	0	0	0	0	0	0	0	0	0	0	0	0	0	0	0	0	0	0	0	0	0	0	0	192	0	0	0	0	0	0	0	0	0	0	0	0	0	0	0	0	192	0	0	0	0	0	0	0	0	0	0	0	0	0	0	0	0	0	0	0	0	0	0	0	0	0	0	0	0	0	0	0	0	
0	0	0	0	0	0	0	0	0	0	0	0	0	0	0	0	0	0	192	0	0	0	0	0	0	0	0	0	0	0	0	0	0	0	0	0	0	0	0	0	0	0	192	0	0	0	0	0	0	0	0	0	0	0	0	0	0	0	0	0	0	0	0	0	0	0	0	0	0	0	0	0	0	192	0	0	0	0	0	0	0	0	0	0	0	0	0	0	0	0	0	0	0	0	0	0	0	0	0	0	
0	0	0	0	0	0	0	0	0	0	0	0	0	0	0	0	0	0	0	0	0	0	0	0	0	0	192	0	0	0	0	0	0	0	0	0	0	0	0	0	0	0	0	0	0	0	0	0	0	0	0	0	0	0	0	0	0	0	0	0	0	0	0	0	0	0	0	0	0	0	0	0	0	0	0	192	0	0	0	0	0	0	192	0	0	0	0	0	0	0	0	0	0	0	0	0	0	0	0	0	
0	0	0	0	0	0	0	192	0	0	0	0	0	0	0	0	0	0	0	0	0	0	0	0	192	0	0	0	0	0	0	0	0	0	0	0	0	0	0	0	0	0	0	0	0	0	0	0	0	0	0	0	0	0	0	0	0	0	0	0	0	0	0	0	0	0	0	0	0	0	0	0	0	0	0	0	0	0	0	0	0	0	0	0	0	192	0	0	0	0	0	0	0	0	0	0	0	0	0	0	
0	0	0	0	0	0	0	0	0	0	0	0	0	0	0	0	0	0	0	0	0	0	0	0	0	0	0	0	0	0	0	0	0	0	0	0	0	0	0	0	0	192	0	0	0	0	0	0	0	0	0	0	0	192	0	0	0	0	0	0	0	192	0	0	0	0	0	0	0	0	0	0	0	0	0	0	0	0	0	0	0	0	0	0	0	0	0	0	0	0	0	0	0	0	0	0	0	0	0	0	
0	0	0	0	0	0	0	0	0	0	0	0	0	0	0	0	0	0	0	0	0	0	0	0	0	0	0	0	0	0	0	0	0	0	0	0	0	0	0	0	0	0	0	0	0	0	0	0	0	0	0	192	0	0	0	0	0	0	0	0	0	0	0	0	0	0	0	0	0	0	0	0	192	0	192	0	0	0	0	0	0	0	0	0	0	0	0	0	0	0	0	0	0	0	0	0	0	0	0	0	
0	0	0	0	0	0	0	0	0	0	0	0	0	0	0	0	0	0	0	0	0	0	0	0	0	0	0	0	0	0	0	0	0	192	0	0	0	0	0	0	0	0	0	0	0	0	0	0	0	0	0	0	192	0	0	0	0	0	0	0	0	0	0	0	0	0	0	0	0	0	0	0	0	0	0	0	0	0	0	0	0	0	0	0	0	0	0	0	0	0	0	0	0	0	0	192	0	0	0	0	
0	0	0	192	0	0	0	0	0	0	0	0	0	0	0	0	0	0	0	0	0	0	0	0	0	0	0	0	0	0	0	0	0	0	0	0	0	0	0	0	0	0	0	0	0	0	192	0	0	0	0	0	0	0	0	0	0	0	0	192	0	0	0	0	0	0	0	0	0	0	0	0	0	0	0	0	0	0	0	0	0	0	0	0	0	0	0	0	0	0	0	0	0	0	0	0	0	0	0	0	
0	0	0	0	0	0	0	0	0	0	0	0	0	0	0	0	0	0	0	0	192	0	0	0	0	0	0	0	0	0	0	0	0	0	0	0	0	0	0	0	0	0	0	0	0	0	0	0	0	0	0	0	0	0	0	0	192	0	0	0	0	0	0	0	0	192	0	0	0	0	0	0	0	0	0	0	0	0	0	0	0	0	0	0	0	0	0	0	0	0	0	0	0	0	0	0	0	0	0	0	
192	0	0	0	0	0	0	0	0	0	192	0	0	0	192	0	0	0	0	0	0	0	0	0	0	0	0	0	0	0	0	0	0	0	0	0	0	0	192	0	0	0	0	0	0	0	0	0	0	0	0	0	0	0	0	0	0	0	0	0	0	0	0	0	0	0	0	0	0	0	0	0	0	0	0	0	0	0	0	0	0	0	0	0	0	0	0	0	0	0	0	0	0	0	0	0	0	0	0	0	
0	0	0	0	0	0	0	0	0	192	0	0	0	0	192	0	0	0	0	0	0	0	0	0	0	0	0	0	0	0	0	0	0	0	0	0	0	0	192	0	0	0	0	0	0	0	0	0	0	0	0	0	0	0	0	0	0	0	0	0	0	0	0	0	0	0	0	0	0	0	0	0	0	0	0	0	0	0	0	0	0	0	0	0	0	0	0	0	0	0	0	0	0	0	0	0	0	0	0	0	
0	0	0	0	0	0	0	0	0	0	0	0	0	0	0	0	0	0	0	0	0	0	0	0	0	0	0	0	0	0	0	0	0	0	0	0	192	0	0	0	0	0	0	0	0	0	0	0	0	0	0	0	0	0	0	0	0	0	0	0	0	0	0	0	0	0	0	0	0	0	0	192	0	0	0	0	0	0	0	0	0	0	0	0	0	0	0	0	0	0	0	0	0	0	0	0	0	0	0	192	
192	0	0	0	0	0	0	0	0	0	0	0	0	0	0	0	0	192	0	0	0	0	0	0	0	0	0	0	0	0	0	0	0	0	0	0	0	0	0	0	0	0	0	0	0	0	0	0	0	0	0	0	0	0	0	0	0	0	0	0	0	0	0	0	0	0	0	192	0	0	0	0	0	0	0	0	0	0	0	0	0	0	0	0	0	0	0	0	0	0	0	0	0	0	0	0	0	0	0	0	
0	0	0	0	0	0	0	0	0	0	0	0	0	0	0	0	0	192	0	0	0	0	0	0	0	0	192	0	0	0	192	0	0	0	0	0	0	0	0	0	0	0	0	0	0	0	0	0	0	0	0	0	0	0	0	0	0	0	0	0	0	0	0	0	0	0	0	0	0	0	0	0	0	0	0	0	0	0	0	0	0	0	0	0	0	0	0	0	0	0	0	0	0	0	0	0	0	0	0	0	
0	0	0	0	0	0	0	0	0	192	192	0	0	0	0	0	0	0	0	0	0	0	0	0	0	0	0	0	0	0	0	0	0	0	0	0	0	0	192	0	0	0	0	0	0	0	0	0	0	0	0	0	0	0	0	0	0	0	0	0	0	0	0	0	0	0	0	0	0	0	0	0	0	0	0	0	0	0	0	0	0	0	0	0	0	0	0	0	0	0	0	0	0	0	0	0	0	0	0	0	
0	0	0	0	0	0	0	0	0	0	0	0	0	0	0	0	0	0	0	0	0	0	0	0	0	0	0	0	0	0	0	0	0	0	0	0	0	0	0	0	192	0	0	0	0	0	0	0	0	0	0	0	0	0	0	0	0	0	0	0	0	0	0	0	0	0	0	0	0	0	0	0	0	0	0	0	0	0	0	0	192	0	0	0	0	0	0	0	0	0	0	192	0	0	0	0	0	0	0	0	
0	0	0	0	0	0	0	0	0	0	0	0	0	0	0	0	0	0	0	0	0	0	0	0	0	0	0	0	0	0	0	0	0	0	0	0	0	0	0	0	0	0	0	192	0	0	0	0	0	0	0	0	0	0	0	0	0	0	0	0	0	0	0	0	0	0	0	0	0	0	0	0	0	0	0	0	0	0	0	0	0	0	0	0	0	192	0	0	0	0	0	0	192	0	0	0	0	0	0	0	
0	0	0	0	0	0	0	0	0	0	0	0	192	192	0	0	0	0	0	0	0	0	0	0	0	0	0	0	0	0	0	0	0	0	0	0	0	0	0	0	0	0	0	0	0	0	0	0	0	0	0	0	0	0	0	0	0	0	0	0	0	0	0	0	0	0	0	0	0	0	0	0	0	0	0	0	0	0	0	0	0	0	0	0	0	192	0	0	0	0	0	0	0	0	0	0	0	0	0	0	
0	192	0	0	0	0	0	0	0	0	0	0	0	0	0	0	0	0	0	0	0	0	0	0	0	0	0	0	0	0	0	0	0	0	0	0	0	0	0	0	0	0	192	0	0	0	0	0	0	0	0	0	0	0	0	0	0	0	0	0	0	0	0	0	0	0	0	0	0	0	0	0	0	0	0	0	0	192	0	0	0	0	0	0	0	0	0	0	0	0	0	0	0	0	0	0	0	0	0	0	
0	0	0	0	0	0	0	0	0	0	0	0	0	0	0	0	0	0	0	0	0	0	0	0	0	0	0	0	0	0	0	0	0	0	0	0	0	0	0	0	0	0	0	0	0	0	0	0	192	0	0	0	0	0	0	0	0	0	0	0	0	0	0	0	0	0	0	0	0	0	0	0	0	0	0	0	0	0	0	0	0	0	0	0	0	0	192	0	0	0	0	0	0	0	192	0	0	0	0	0	
0	0	0	0	0	0	0	0	192	0	0	0	0	0	0	0	0	0	0	0	0	0	0	0	0	0	0	0	0	0	0	0	0	0	0	0	0	0	0	0	0	0	0	0	0	0	0	0	0	0	0	0	0	0	0	0	0	0	0	0	192	0	0	0	0	192	0	0	0	0	0	0	0	0	0	0	0	0	0	0	0	0	0	0	0	0	0	0	0	0	0	0	0	0	0	0	0	0	0	0	
0	0	0	0	0	0	0	0	0	0	0	0	0	0	0	0	0	0	0	0	0	0	0	0	0	0	0	0	0	0	0	0	0	0	0	0	0	0	0	0	0	0	0	0	0	0	0	0	0	0	0	0	192	0	0	0	0	0	192	0	0	0	0	0	0	0	0	0	0	0	0	0	0	0	0	0	0	0	0	0	0	0	0	0	0	0	0	0	0	192	0	0	0	0	0	0	0	0	0	0	
0	0	0	0	0	0	0	0	0	0	0	0	0	0	0	0	0	0	0	0	0	0	0	192	0	0	0	0	0	0	0	0	0	0	0	0	0	0	0	0	0	0	0	0	0	0	0	0	0	0	0	0	0	0	0	0	0	0	0	0	0	0	0	0	0	0	0	0	0	0	0	0	0	0	0	0	0	0	0	0	0	0	0	0	0	0	0	0	192	0	0	0	0	0	0	0	192	0	0	0	
0	0	0	0	0	0	0	0	0	0	0	0	0	0	0	0	0	0	0	0	0	0	192	0	0	0	0	0	192	0	0	0	0	0	0	0	0	0	0	0	0	0	0	0	0	0	0	0	0	0	0	0	0	192	0	0	0	0	0	0	0	0	0	0	0	0	0	0	0	0	0	0	0	0	0	0	0	0	0	0	0	0	0	0	0	0	0	0	0	0	0	0	0	0	0	0	0	0	0	0	
0	0	0	192	0	0	0	0	0	0	0	0	0	0	0	0	0	0	0	0	0	0	0	0	0	0	0	0	0	0	0	0	0	0	0	0	0	192	0	0	0	0	0	0	0	0	0	0	0	0	0	0	0	0	0	0	0	0	0	192	0	0	0	0	0	0	0	0	0	0	0	0	0	0	0	0	0	0	0	0	0	0	0	0	0	0	0	0	0	0	0	0	0	0	0	0	0	0	0	0	
0	0	0	0	0	0	0	0	0	0	0	0	0	0	0	0	0	0	0	0	0	0	0	0	0	0	0	0	0	0	0	0	0	0	192	0	0	0	0	0	0	0	0	0	0	0	0	0	0	0	0	0	0	0	0	0	0	0	0	0	0	0	0	0	0	0	0	192	0	0	192	0	0	0	0	0	0	0	0	0	0	0	0	0	0	0	0	0	0	0	0	0	0	0	0	0	0	0	0	0	
0	0	192	0	0	0	0	0	0	0	0	0	0	192	0	0	0	0	0	0	0	0	0	0	0	0	0	0	0	0	0	0	0	0	0	0	0	0	0	0	0	0	0	0	0	0	0	0	0	0	0	0	0	0	0	0	0	0	0	0	0	0	0	0	0	0	0	0	0	0	0	0	0	0	0	192	0	0	0	0	0	0	0	0	0	0	0	0	0	0	0	0	0	0	0	0	0	0	0	0	
0	0	0	0	0	0	0	0	0	0	0	0	0	0	0	0	0	0	0	0	0	0	0	0	0	0	0	0	0	0	0	0	0	0	0	0	0	0	0	192	0	0	0	0	0	192	0	0	0	0	0	0	0	0	0	0	0	0	0	0	0	192	0	0	0	0	0	0	0	0	0	0	0	0	0	0	0	0	0	0	0	0	0	0	0	0	0	0	0	0	0	0	0	0	0	0	0	0	0	0	
0	0	0	0	0	0	0	0	0	0	0	0	0	0	0	0	0	0	0	0	0	0	0	192	0	0	0	0	0	0	0	0	192	0	0	192	0	0	0	0	0	0	0	0	0	0	0	0	0	0	0	0	0	0	0	0	0	0	0	0	0	0	0	0	0	0	0	0	0	0	0	0	0	0	0	0	0	0	0	0	0	0	0	0	0	0	0	0	0	0	0	0	0	0	0	0	0	0	0	0	
0	0	0	0	0	0	0	0	0	0	0	0	0	0	0	0	0	0	0	0	0	0	0	0	0	0	0	0	0	0	0	0	0	0	0	0	0	0	0	0	0	0	0	0	0	0	0	0	0	0	0	0	0	0	0	0	0	192	0	0	0	0	0	0	0	0	0	0	0	0	0	0	0	0	0	0	0	0	0	192	0	0	0	0	0	0	0	0	0	0	0	192	0	0	0	0	0	0	0	0	
0	0	0	0	0	0	0	0	0	0	0	0	0	192	0	0	0	0	0	0	0	0	0	0	0	0	0	0	0	0	0	0	0	0	0	0	0	0	0	0	0	0	0	0	0	0	0	0	0	0	0	0	0	0	0	0	0	0	0	0	0	0	0	0	0	0	0	0	0	0	0	0	0	0	0	192	0	0	0	0	192	0	0	0	0	0	0	0	0	0	0	0	0	0	0	0	0	0	0	0	
0	0	0	0	0	0	0	0	0	0	0	0	0	0	0	0	0	0	0	0	0	0	0	0	0	0	0	0	0	0	0	0	0	0	0	0	0	0	0	0	0	0	0	0	0	0	192	0	0	0	0	0	0	0	0	0	0	0	0	192	0	0	0	0	0	0	0	0	0	0	0	0	0	0	0	0	0	0	0	0	0	0	0	0	192	0	0	0	0	0	0	0	0	0	0	0	0	0	0	0	
0	0	0	0	0	0	0	0	0	0	0	0	0	0	0	0	0	0	0	0	0	0	0	0	0	0	0	0	192	0	0	0	0	0	0	192	0	0	0	0	0	0	0	0	0	0	0	0	192	0	0	0	0	0	0	0	0	0	0	0	0	0	0	0	0	0	0	0	0	0	0	0	0	0	0	0	0	0	0	0	0	0	0	0	0	0	0	0	0	0	0	0	0	0	0	0	0	0	0	0	
0	0	0	0	0	0	192	0	0	0	0	0	0	0	0	0	0	0	0	0	0	0	0	0	0	0	0	0	0	0	0	0	0	0	0	0	0	0	0	0	0	0	0	0	0	192	0	0	0	0	0	0	192	0	0	0	0	0	0	0	0	0	0	0	0	0	0	0	0	0	0	0	0	0	0	0	0	0	0	0	0	0	0	0	0	0	0	0	0	0	0	0	0	0	0	0	0	0	0	0	
0	0	0	0	0	0	0	0	0	0	0	0	0	0	0	0	0	0	0	0	0	0	0	0	0	192	0	0	0	0	0	0	0	0	0	0	0	0	0	0	0	0	0	0	0	0	0	0	0	0	0	0	0	0	0	0	0	0	0	0	0	0	0	0	0	0	0	0	0	0	0	0	0	0	0	0	0	0	0	0	0	0	0	0	0	0	192	0	0	0	0	0	0	0	192	0	0	0	0	0	
0	0	0	0	0	0	0	0	0	0	0	0	0	0	0	0	0	0	0	0	0	0	0	0	0	0	0	0	192	0	0	0	192	0	0	0	0	0	0	0	0	0	0	0	0	0	0	0	192	0	0	0	0	0	0	0	0	0	0	0	0	0	0	0	0	0	0	0	0	0	0	0	0	0	0	0	0	0	0	0	0	0	0	0	0	0	0	0	0	0	0	0	0	0	0	0	0	0	0	0	
0	0	0	0	0	0	0	0	0	0	0	192	0	0	0	0	0	0	0	0	0	0	0	0	0	0	0	0	0	0	0	0	0	0	0	0	0	0	0	0	0	0	0	0	0	0	0	0	0	0	0	0	0	0	0	0	0	0	0	0	0	0	0	0	0	0	0	0	0	0	0	192	0	0	0	0	0	0	0	0	0	0	0	0	0	0	0	0	0	0	0	0	0	0	0	0	0	0	0	192	
0	0	0	0	0	0	0	0	0	0	0	0	0	0	0	0	0	0	0	0	0	0	0	0	192	0	0	0	0	0	0	0	0	0	0	0	0	0	0	0	0	0	0	0	0	0	192	0	0	0	0	0	0	0	0	0	0	0	0	0	0	0	0	0	0	0	0	0	0	0	0	0	0	0	0	0	0	0	0	0	0	0	0	0	192	0	0	0	0	0	0	0	0	0	0	0	0	0	0	0	
0	0	0	0	0	0	0	0	0	192	192	0	0	0	192	0	0	0	0	0	0	0	0	0	0	0	0	0	0	0	0	0	0	0	0	0	0	0	0	0	0	0	0	0	0	0	0	0	0	0	0	0	0	0	0	0	0	0	0	0	0	0	0	0	0	0	0	0	0	0	0	0	0	0	0	0	0	0	0	0	0	0	0	0	0	0	0	0	0	0	0	0	0	0	0	0	0	0	0	0	
0	0	0	0	0	0	0	0	0	0	0	0	0	0	0	0	0	0	0	0	0	0	0	0	0	0	0	192	0	0	0	0	0	0	0	0	0	0	0	0	0	0	0	0	0	192	0	0	0	0	0	0	0	0	0	0	0	0	0	0	0	0	0	0	0	0	0	0	0	0	0	0	192	0	0	0	0	0	0	0	0	0	0	0	0	0	0	0	0	0	0	0	0	0	0	0	0	0	0	0	
0	0	0	0	0	0	0	0	0	0	0	0	0	0	0	192	0	0	0	0	0	0	0	0	0	0	0	0	0	0	0	0	0	0	0	0	0	0	0	0	0	0	0	0	0	0	0	0	0	0	0	0	0	0	0	0	0	0	0	0	0	0	0	0	192	0	0	0	0	0	0	0	0	0	0	0	0	0	0	0	192	0	0	0	0	0	0	0	0	0	0	0	0	0	0	0	0	0	0	0	
0	0	0	0	192	0	0	0	0	0	0	0	0	0	0	0	0	0	0	0	0	0	0	0	0	0	0	0	0	0	0	0	0	0	0	0	0	0	0	0	0	0	0	0	0	0	0	0	0	0	0	0	0	0	0	0	0	0	0	0	0	0	0	0	0	0	0	0	0	0	192	0	0	0	0	0	0	0	0	0	0	192	0	0	0	0	0	0	0	0	0	0	0	0	0	0	0	0	0	0	
0	192	0	0	0	0	0	0	0	0	0	0	0	0	0	0	0	0	192	0	0	0	0	0	0	0	0	0	0	0	0	0	0	0	0	0	0	0	0	0	0	0	0	0	0	0	0	0	0	0	0	0	0	0	0	0	0	0	0	0	0	0	0	0	0	0	0	0	0	0	0	0	0	0	0	0	0	192	0	0	0	0	0	0	0	0	0	0	0	0	0	0	0	0	0	0	0	0	0	0	
0	0	0	0	0	0	0	0	0	0	0	0	0	0	0	0	192	0	0	0	0	0	0	0	0	0	0	0	0	0	0	0	0	0	0	0	0	0	0	0	0	0	0	0	0	0	0	0	0	0	192	0	0	0	0	0	0	0	0	0	0	0	0	0	0	0	0	0	0	0	0	0	0	0	0	0	0	0	0	0	0	0	0	0	0	0	0	0	0	0	0	0	192	0	0	0	0	0	0	0	
0	0	0	0	0	0	0	0	0	0	0	0	0	0	0	0	0	0	0	0	0	0	0	0	0	0	0	0	0	0	0	0	0	0	0	0	0	0	0	0	0	0	0	0	0	0	0	192	0	0	0	0	0	0	0	0	0	0	0	0	0	0	0	0	0	0	0	0	0	0	0	0	0	0	0	0	0	0	0	0	0	0	0	0	0	0	0	0	0	0	192	0	0	0	0	192	0	0	0	0	
0	0	0	0	0	0	0	0	0	0	0	0	0	0	0	0	0	0	0	0	0	0	0	0	0	0	0	192	0	0	0	0	0	192	0	0	0	0	0	192	0	0	0	0	0	0	0	0	0	0	0	0	0	0	0	0	0	0	0	0	0	0	0	0	0	0	0	0	0	0	0	0	0	0	0	0	0	0	0	0	0	0	0	0	0	0	0	0	0	0	0	0	0	0	0	0	0	0	0	0	
0	0	0	0	0	0	0	192	0	0	0	0	0	0	0	0	0	0	0	0	0	0	0	0	0	0	0	0	0	0	0	192	0	0	0	0	0	192	0	0	0	0	0	0	0	0	0	0	0	0	0	0	0	0	0	0	0	0	0	0	0	0	0	0	0	0	0	0	0	0	0	0	0	0	0	0	0	0	0	0	0	0	0	0	0	0	0	0	0	0	0	0	0	0	0	0	0	0	0	0	
0	0	0	0	0	0	0	0	0	0	0	0	0	0	0	0	0	0	0	0	0	0	0	0	0	0	0	0	0	0	0	0	0	0	0	0	0	0	0	0	0	0	0	0	192	0	0	0	0	0	0	0	0	0	0	0	0	0	0	0	0	0	0	0	0	0	0	0	0	0	0	0	0	0	0	0	0	0	0	0	0	0	0	0	0	0	0	0	0	0	192	0	0	0	0	192	0	0	0	0	
0	0	0	0	0	0	0	0	0	0	0	0	0	0	0	0	0	0	0	192	0	0	0	0	0	0	0	0	0	0	0	0	192	0	0	192	0	0	0	0	0	0	0	0	0	0	0	0	0	0	0	0	0	0	0	0	0	0	0	0	0	0	0	0	0	0	0	0	0	0	0	0	0	0	0	0	0	0	0	0	0	0	0	0	0	0	0	0	0	0	0	0	0	0	0	0	0	0	0	0	
0	0	0	0	0	0	0	0	0	0	0	0	0	0	0	0	0	0	0	0	0	0	0	0	0	0	0	0	0	0	0	0	0	0	0	0	0	0	0	0	0	0	0	0	0	0	0	0	0	0	0	0	0	0	0	0	0	0	0	0	0	0	0	0	0	0	0	0	0	0	0	0	0	0	0	0	0	0	0	0	0	0	0	0	192	0	0	192	0	0	0	192	0	0	0	0	0	0	0	0	
192	0	0	0	0	0	0	0	0	0	0	0	0	0	0	0	0	0	0	0	0	0	0	0	0	0	0	0	0	0	0	0	0	0	0	0	0	0	0	0	0	0	0	192	0	0	0	0	0	0	0	0	0	0	0	0	0	0	0	0	0	0	0	0	0	0	0	0	0	0	0	0	0	192	0	0	0	0	0	0	0	0	0	0	0	0	0	0	0	0	0	0	0	0	0	0	0	0	0	0	
0	0	0	0	0	192	0	0	0	0	0	0	0	0	0	0	0	0	0	0	0	0	0	0	0	0	0	0	0	0	0	0	0	0	0	0	0	0	0	0	0	0	0	0	0	0	0	0	0	0	0	0	0	0	0	0	0	0	0	0	0	0	0	0	0	0	192	0	0	0	0	0	0	0	192	0	0	0	0	0	0	0	0	0	0	0	0	0	0	0	0	0	0	0	0	0	0	0	0	0	
0	0	0	0	0	0	192	0	0	0	0	0	0	0	0	0	0	0	0	0	0	192	0	0	0	0	0	0	0	0	0	0	0	192	0	0	0	0	0	0	0	0	0	0	0	0	0	0	0	0	0	0	0	0	0	0	0	0	0	0	0	0	0	0	0	0	0	0	0	0	0	0	0	0	0	0	0	0	0	0	0	0	0	0	0	0	0	0	0	0	0	0	0	0	0	0	0	0	0	0	
0	0	0	0	192	0	0	0	0	0	0	0	0	0	0	0	0	0	0	0	0	0	0	192	0	0	0	0	0	0	0	0	0	0	0	0	0	0	0	0	0	0	0	0	0	0	0	0	0	0	0	0	0	0	0	0	0	0	0	0	0	192	0	0	0	0	0	0	0	0	0	0	0	0	0	0	0	0	0	0	0	0	0	0	0	0	0	0	0	0	0	0	0	0	0	0	0	0	0	0	
0	0	0	0	0	0	0	0	0	0	0	0	0	0	0	0	0	0	0	0	0	0	0	0	0	0	0	0	0	0	0	0	0	0	0	0	0	0	0	0	0	0	0	0	0	0	0	0	0	0	0	0	0	0	0	0	0	0	0	0	0	0	0	0	0	0	192	0	0	0	0	0	0	0	192	0	0	0	0	0	0	0	0	0	0	0	0	0	0	0	192	0	0	0	0	0	0	0	0	0	
0	0	0	0	0	0	0	0	0	0	0	0	0	0	0	0	0	0	0	0	0	0	0	0	0	0	0	0	0	0	0	0	0	0	0	0	0	0	0	0	0	0	0	0	0	0	0	0	0	0	0	0	0	0	0	0	0	0	0	0	0	0	0	0	0	0	0	0	0	0	0	0	0	0	0	0	0	0	0	0	0	0	0	0	0	0	0	0	0	0	0	0	0	192	0	0	0	192	0	192	
0	0	0	0	0	0	0	0	192	0	0	0	0	0	0	0	0	0	0	0	0	0	0	0	0	0	0	0	0	0	0	0	0	0	0	0	0	0	0	0	0	0	0	0	0	0	0	0	0	0	0	0	0	0	0	0	0	0	0	0	0	0	0	0	0	192	0	0	0	0	0	0	0	0	0	0	0	0	0	0	0	0	0	192	0	0	0	0	0	0	0	0	0	0	0	0	0	0	0	0	
0	0	0	0	0	0	0	0	0	0	0	0	0	0	0	0	0	0	0	0	0	0	0	0	0	0	0	0	0	192	0	0	0	0	0	0	0	0	0	0	0	0	0	0	0	0	0	0	0	0	0	0	0	0	0	0	0	0	0	0	0	0	0	192	0	0	0	0	0	0	0	0	0	0	0	0	0	0	0	192	0	0	0	0	0	0	0	0	0	0	0	0	0	0	0	0	0	0	0	0	
0	0	0	0	0	0	0	0	0	0	0	0	0	0	0	0	0	0	0	0	0	192	0	0	0	0	0	0	0	0	0	0	0	0	0	0	0	0	0	0	0	0	0	0	0	0	0	0	0	0	0	0	0	0	0	0	0	0	0	0	0	0	0	192	0	0	0	0	0	0	0	0	0	0	0	0	0	0	0	0	0	0	0	0	0	0	0	0	0	192	0	0	0	0	0	0	0	0	0	0	
0	0	0	0	0	0	0	192	0	0	0	0	0	0	0	0	0	0	0	0	0	0	0	0	192	0	0	0	0	0	0	192	0	0	0	0	0	0	0	0	0	0	0	0	0	0	0	0	0	0	0	0	0	0	0	0	0	0	0	0	0	0	0	0	0	0	0	0	0	0	0	0	0	0	0	0	0	0	0	0	0	0	0	0	0	0	0	0	0	0	0	0	0	0	0	0	0	0	0	0	
0	0	0	0	0	0	0	0	0	0	0	0	0	0	0	0	0	0	0	0	192	0	0	0	0	0	0	0	0	0	0	0	0	0	0	0	0	0	0	0	0	0	0	0	0	0	0	0	0	0	0	0	0	0	0	0	0	0	0	0	0	0	0	0	0	0	0	0	0	0	0	0	0	0	0	0	0	0	192	0	0	0	0	192	0	0	0	0	0	0	0	0	0	0	0	0	0	0	0	0	
0	0	0	0	192	0	0	0	0	0	0	0	0	0	0	0	0	0	0	0	0	0	0	0	0	0	0	192	0	0	0	0	0	0	0	0	0	0	0	0	0	0	0	0	0	0	0	0	0	0	0	0	0	192	0	0	0	0	0	0	0	0	0	0	0	0	0	0	0	0	0	0	0	0	0	0	0	0	0	0	0	0	0	0	0	0	0	0	0	0	0	0	0	0	0	0	0	0	0	0	
0	0	0	0	0	0	0	0	0	0	0	0	0	0	0	0	0	0	0	0	0	0	0	0	0	0	0	0	0	0	0	0	0	0	0	0	0	0	0	0	0	0	0	0	0	0	0	0	0	0	0	0	0	0	0	0	0	0	0	0	0	0	0	0	192	0	0	0	0	0	0	0	0	0	0	0	0	0	0	0	0	0	192	0	0	0	0	0	0	192	0	0	0	0	0	0	0	0	0	0	
0	0	0	0	0	0	0	0	0	0	0	0	0	0	0	0	0	0	0	0	0	0	0	0	0	0	0	0	0	0	0	0	0	0	0	0	0	0	0	0	0	0	0	0	0	0	0	0	0	0	0	0	0	0	0	0	0	192	192	0	0	0	0	0	192	0	0	0	0	0	0	0	0	0	0	0	0	0	0	0	0	0	0	0	0	0	0	0	0	0	0	0	0	0	0	0	0	0	0	0	
0	0	0	0	0	0	0	0	0	0	0	0	0	0	0	0	0	0	0	0	0	0	0	0	0	0	0	0	0	0	0	0	0	0	0	0	0	0	0	0	192	0	0	0	0	0	0	0	0	0	0	0	0	0	0	0	0	0	0	0	0	0	192	192	0	0	0	0	0	0	0	0	0	0	0	0	0	0	0	0	0	0	0	0	0	0	0	0	0	0	0	0	0	0	0	0	0	0	0	0	
0	0	0	0	0	0	0	0	192	0	0	0	0	0	0	0	0	0	0	0	192	0	0	0	0	0	0	0	0	0	0	0	0	0	0	0	0	0	0	0	0	0	0	0	0	0	0	0	0	0	0	0	0	0	0	0	192	0	0	0	0	0	0	0	0	0	0	0	0	0	0	0	0	0	0	0	0	0	0	0	0	0	0	0	0	0	0	0	0	0	0	0	0	0	0	0	0	0	0	0	
0	0	0	0	0	0	0	0	0	0	0	0	0	0	0	0	0	0	0	0	0	0	0	0	0	0	0	0	0	0	0	0	0	0	0	0	0	0	0	0	0	0	0	0	0	0	0	0	0	0	0	192	0	0	192	0	0	0	0	0	0	0	0	0	0	0	0	0	0	0	0	0	192	0	0	0	0	0	0	0	0	0	0	0	0	0	0	0	0	0	0	0	0	0	0	0	0	0	0	0	
192	0	0	0	0	0	0	0	0	0	0	0	192	0	0	0	0	0	0	0	0	0	0	0	0	192	0	0	0	0	0	0	0	0	0	0	0	0	0	0	0	0	0	0	0	0	0	0	0	0	0	0	0	0	0	0	0	0	0	0	0	0	0	0	0	0	0	0	0	0	0	0	0	0	0	0	0	0	0	0	0	0	0	0	0	0	0	0	0	0	0	0	0	0	0	0	0	0	0	0	
0	0	0	0	0	0	0	0	0	0	0	0	0	0	0	0	0	0	0	0	0	0	0	0	0	0	0	0	0	0	0	0	0	0	0	0	0	0	0	0	0	0	0	0	0	0	0	0	0	0	0	0	0	0	0	0	0	0	0	0	0	0	0	0	0	0	0	0	0	0	0	0	0	0	0	0	0	0	0	192	0	192	0	0	0	0	0	192	0	0	0	0	0	0	0	0	0	0	0	0	
0	0	0	0	0	0	0	0	0	0	0	0	0	0	0	0	0	0	0	0	0	0	0	0	0	0	0	0	0	0	0	0	0	0	0	0	0	0	0	0	0	0	0	0	0	0	0	0	0	0	0	0	0	0	0	0	0	0	0	0	0	0	0	0	0	0	0	0	0	0	192	0	0	0	0	0	0	0	0	0	0	192	192	0	0	0	0	0	0	0	0	0	0	0	0	0	0	0	0	0	
0	0	0	0	0	0	0	0	0	0	0	0	0	0	0	0	0	0	0	0	0	0	0	0	0	192	0	0	0	0	0	0	0	0	0	0	0	0	0	0	0	192	0	0	0	0	0	0	0	0	0	0	0	0	0	0	0	0	0	0	0	0	0	0	0	0	0	0	0	192	0	0	0	0	0	0	0	0	0	0	0	0	0	0	0	0	0	0	0	0	0	0	0	0	0	0	0	0	0	0	
0	0	0	0	0	0	0	0	0	0	0	192	0	0	0	0	0	0	0	0	0	0	0	0	0	0	0	0	0	0	0	0	0	0	0	0	192	0	0	0	0	0	0	0	0	0	0	0	0	0	0	0	0	0	0	0	0	0	0	0	0	0	0	0	0	0	0	0	0	0	0	0	0	0	0	0	0	0	0	0	0	0	0	0	0	0	0	0	0	0	0	0	0	0	0	0	0	192	0	0	
0	0	0	0	0	192	0	0	0	0	0	0	0	0	0	0	0	0	0	0	0	0	0	0	0	0	0	0	0	0	0	0	0	0	0	0	0	0	0	192	0	0	0	0	0	0	0	0	0	0	0	0	0	0	0	0	0	0	0	0	0	0	0	0	0	0	192	0	0	0	0	0	0	0	0	0	0	0	0	0	0	0	0	0	0	0	0	0	0	0	0	0	0	0	0	0	0	0	0	0	
0	192	0	0	0	0	0	0	0	0	0	0	0	0	0	0	0	0	0	0	0	0	0	0	0	0	0	0	0	0	0	0	0	0	0	0	0	0	0	0	0	0	0	0	0	0	0	0	0	0	192	0	0	0	0	0	0	0	0	0	0	0	0	0	0	0	0	0	0	0	0	0	0	0	0	0	0	0	0	0	0	0	0	192	0	0	0	0	0	0	0	0	0	0	0	0	0	0	0	0	
0	0	0	0	0	192	0	0	0	0	0	0	0	0	0	0	0	0	0	0	0	0	0	0	0	0	0	0	0	0	0	0	0	0	0	0	0	0	0	0	0	0	0	0	0	0	0	0	0	0	0	192	0	0	192	0	0	0	0	0	0	0	0	0	0	0	0	0	0	0	0	0	0	0	0	0	0	0	0	0	0	0	0	0	0	0	0	0	0	0	0	0	0	0	0	0	0	0	0	0	
0	0	192	0	0	0	0	0	0	0	0	0	0	0	0	0	0	0	0	0	0	0	0	0	0	0	192	0	0	0	192	0	0	0	0	0	0	0	0	0	0	0	0	0	0	0	0	0	0	0	0	0	0	0	0	0	0	0	0	0	0	0	0	0	0	0	0	0	0	0	0	0	0	0	0	0	0	0	0	0	0	0	0	0	0	0	0	0	0	0	0	0	0	0	0	0	0	0	0	0	
0	0	0	0	0	0	0	0	0	0	0	0	0	0	0	0	0	0	0	0	0	0	0	0	0	0	0	0	0	0	0	0	0	0	0	0	0	0	0	0	0	0	0	0	0	0	0	0	0	0	0	0	0	0	0	0	0	0	0	0	0	0	0	0	0	0	0	0	0	0	0	0	0	0	0	0	0	192	0	0	0	0	0	0	0	0	192	0	0	0	0	0	0	0	0	0	0	0	192	0	
0	0	0	0	0	0	0	0	0	0	0	0	0	0	0	0	0	0	192	0	0	0	0	0	0	0	0	0	0	0	0	0	0	0	0	0	0	0	0	0	0	0	192	0	0	0	0	0	0	0	0	0	0	0	0	0	0	0	0	0	0	0	0	0	0	0	0	0	0	0	0	0	0	0	0	0	192	0	0	0	0	0	0	0	0	0	0	0	0	0	0	0	0	0	0	0	0	0	0	0	
0	0	0	0	0	0	0	0	0	0	0	0	0	0	0	0	0	0	0	0	0	0	0	0	0	0	0	0	0	0	0	0	0	0	0	0	0	0	0	0	0	0	0	0	0	0	0	0	0	0	0	0	0	0	0	0	0	0	0	0	192	0	0	0	0	0	0	0	0	0	0	0	0	0	0	0	0	0	0	0	0	0	0	0	0	0	0	0	0	0	0	0	192	0	0	0	0	0	192	0	
0	0	0	0	0	0	0	0	0	0	0	0	0	0	0	0	0	0	0	0	0	0	0	0	0	0	0	0	0	192	0	0	0	0	0	0	0	0	0	0	0	0	0	0	0	0	0	0	0	0	0	0	0	0	0	0	0	192	0	0	0	0	0	0	0	0	0	0	192	0	0	0	0	0	0	0	0	0	0	0	0	0	0	0	0	0	0	0	0	0	0	0	0	0	0	0	0	0	0	0	
0	0	0	0	0	0	0	0	0	0	0	0	0	0	0	192	0	0	0	0	0	0	0	0	0	0	0	0	0	0	192	0	0	0	0	0	0	0	0	0	192	0	0	0	0	0	0	0	0	0	0	0	0	0	0	0	0	0	0	0	0	0	0	0	0	0	0	0	0	0	0	0	0	0	0	0	0	0	0	0	0	0	0	0	0	0	0	0	0	0	0	0	0	0	0	0	0	0	0	0	
0	0	0	0	0	0	0	0	0	0	0	0	0	0	0	0	0	0	0	0	0	0	0	0	0	0	0	0	0	0	0	0	0	0	0	0	0	0	0	0	0	192	0	0	0	0	0	0	0	0	0	0	0	0	0	0	0	0	0	0	0	0	0	0	0	0	0	0	192	192	0	0	0	0	0	0	0	0	0	0	0	0	0	0	0	0	0	0	0	0	0	0	0	0	0	0	0	0	0	0	
0	0	192	0	0	0	0	0	0	0	0	0	0	0	0	0	0	0	0	0	0	0	0	0	0	0	0	0	0	0	0	0	0	0	0	0	0	0	0	0	0	0	0	0	0	0	0	0	0	0	0	0	0	0	0	0	0	0	0	0	0	0	192	0	0	0	0	0	0	192	0	0	0	0	0	0	0	0	0	0	0	0	0	0	0	0	0	0	0	0	0	0	0	0	0	0	0	0	0	0	
0	0	0	0	0	0	0	0	0	0	0	0	0	0	0	0	0	0	0	0	0	0	0	0	0	0	0	0	0	0	0	0	0	0	0	0	0	0	0	0	0	0	0	0	0	0	0	0	0	0	0	0	0	0	0	0	192	0	0	0	192	0	0	0	0	0	0	0	0	0	0	0	0	192	0	0	0	0	0	0	0	0	0	0	0	0	0	0	0	0	0	0	0	0	0	0	0	0	0	0	
0	0	0	0	0	0	0	0	0	0	0	0	0	0	0	0	0	0	0	0	0	0	0	0	0	0	0	0	0	0	0	192	0	0	0	0	0	192	0	0	0	0	0	0	0	0	0	0	0	192	0	0	0	0	0	0	0	0	0	0	0	0	0	0	0	0	0	0	0	0	0	0	0	0	0	0	0	0	0	0	0	0	0	0	0	0	0	0	0	0	0	0	0	0	0	0	0	0	0	0	
0	0	0	192	0	0	0	0	0	0	0	0	0	0	0	0	192	192	0	0	0	0	0	0	0	0	0	0	0	0	0	0	0	0	0	0	0	0	0	0	0	0	0	0	0	0	0	0	0	0	0	0	0	0	0	0	0	0	0	0	0	0	0	0	0	0	0	0	0	0	0	0	0	0	0	0	0	0	0	0	0	0	0	0	0	0	0	0	0	0	0	0	0	0	0	0	0	0	0	0	
0	0	0	0	0	0	0	0	0	0	0	0	0	0	0	0	0	0	0	192	0	0	0	0	0	0	0	0	0	0	0	0	0	0	192	0	0	0	0	0	0	0	0	0	0	0	0	0	0	0	0	0	0	0	0	0	0	0	0	0	0	0	0	0	0	0	0	0	0	0	0	0	0	0	0	0	192	0	0	0	0	0	0	0	0	0	0	0	0	0	0	0	0	0	0	0	0	0	0	0	
0	0	0	0	0	0	0	0	0	0	0	0	0	0	0	0	0	0	0	0	0	0	0	0	0	0	0	0	0	0	0	0	0	0	0	0	0	0	0	0	0	0	0	0	0	0	0	0	0	192	0	0	0	0	0	0	0	0	0	0	0	0	0	0	0	0	0	0	192	0	0	0	0	0	0	0	0	0	0	0	0	0	0	0	0	0	0	0	0	0	0	0	0	0	192	0	0	0	0	0	
0	0	0	0	0	0	0	0	0	0	0	0	0	0	0	0	0	0	0	0	0	0	192	0	0	0	0	0	0	0	0	0	0	0	0	0	0	0	0	0	0	0	0	0	0	0	0	0	0	0	0	0	0	0	0	0	0	0	0	0	0	0	0	0	0	0	0	0	0	0	0	0	0	0	0	0	0	0	0	0	0	0	0	0	0	0	0	0	0	0	0	0	0	192	0	0	192	0	0	0	
0	0	0	0	0	0	0	0	0	0	0	0	0	0	0	0	0	0	0	0	0	192	0	0	0	0	0	0	0	0	0	0	0	0	0	0	0	0	0	0	0	0	0	0	0	0	0	0	0	0	0	0	0	0	0	0	0	0	192	0	0	0	192	0	0	0	0	0	0	0	0	0	0	0	0	0	0	0	0	0	0	0	0	0	0	0	0	0	0	0	0	0	0	0	0	0	0	0	0	0	
0	0	0	0	0	0	0	0	0	0	0	0	0	0	0	0	0	0	0	0	0	0	0	0	0	0	0	0	0	0	0	0	0	0	0	0	0	0	0	0	0	0	0	0	192	0	0	192	0	0	0	0	0	0	192	0	0	0	0	0	0	0	0	0	0	0	0	0	0	0	0	0	0	0	0	0	0	0	0	0	0	0	0	0	0	0	0	0	0	0	0	0	0	0	0	0	0	0	0	0	
0	0	0	0	0	0	0	0	0	0	0	0	0	0	0	192	0	0	0	0	0	0	0	0	0	0	0	0	0	192	0	0	0	0	0	0	0	0	0	0	0	0	0	0	0	0	0	0	0	192	0	0	0	0	0	0	0	0	0	0	0	0	0	0	0	0	0	0	0	0	0	0	0	0	0	0	0	0	0	0	0	0	0	0	0	0	0	0	0	0	0	0	0	0	0	0	0	0	0	0	
0	0	0	0	0	0	0	0	0	0	0	0	0	0	0	0	192	0	0	0	0	0	0	0	0	0	0	0	0	0	0	0	0	0	0	0	0	0	0	0	0	0	0	192	0	0	0	0	0	0	0	0	0	0	0	0	0	0	0	0	0	0	0	0	0	0	0	0	0	0	0	0	0	0	0	0	0	0	192	0	0	0	0	0	0	0	0	0	0	0	0	0	0	0	0	0	0	0	0	0	
0	0	0	0	0	0	0	0	0	0	0	0	0	0	0	0	0	0	0	0	0	0	0	0	0	0	0	0	0	0	0	0	0	0	0	0	0	0	0	0	0	0	0	0	0	0	0	0	0	0	0	0	0	0	0	192	0	0	0	0	0	0	0	0	0	0	0	0	0	0	0	0	0	0	0	0	0	0	0	0	0	0	0	0	0	0	0	0	192	0	0	0	0	0	0	0	0	192	0	0	
0	0	0	0	0	0	0	0	0	0	0	0	0	0	0	0	0	0	0	192	0	0	0	0	0	0	0	0	0	0	0	0	0	0	192	0	0	0	0	0	0	0	0	0	0	0	0	0	0	0	0	0	0	0	0	0	0	0	0	0	0	0	0	0	0	0	0	0	0	0	0	0	0	0	0	0	0	0	0	0	0	0	0	0	0	0	0	192	0	0	0	0	0	0	0	0	0	0	0	0	
0	0	0	0	0	0	192	0	0	0	0	0	0	0	0	0	0	0	0	0	0	0	0	0	0	0	0	0	0	0	0	0	0	0	0	0	0	0	0	0	0	0	0	0	192	0	0	192	0	0	0	0	0	0	0	0	0	0	0	0	0	0	0	0	0	0	0	0	0	0	0	0	0	0	0	0	0	0	0	0	0	0	0	0	0	0	0	0	0	0	0	0	0	0	0	0	0	0	0	0	
0	0	0	0	0	0	0	0	0	0	0	0	0	0	0	0	0	0	0	0	0	0	192	0	0	0	0	0	0	0	0	0	0	0	0	0	0	0	0	0	0	0	0	0	0	0	0	0	0	0	0	0	0	0	0	0	0	0	0	0	0	0	0	0	0	0	0	0	0	0	0	0	0	0	0	0	0	0	0	0	0	0	0	0	0	0	0	0	192	0	0	0	0	0	0	0	0	0	192	0	
0	0	0	0	0	0	0	0	0	0	0	0	0	0	0	0	0	0	0	0	0	0	0	0	0	0	0	0	0	0	0	0	0	0	0	0	0	0	0	0	0	0	0	0	0	0	0	0	0	0	0	0	0	0	0	192	0	0	0	0	0	0	0	0	0	0	0	0	0	0	0	192	0	0	0	0	0	0	0	0	0	0	0	0	0	0	0	0	0	0	0	0	0	192	0	0	0	0	0	0	
0	0	0	0	0	0	0	0	0	0	0	0	0	0	0	0	0	0	0	0	0	0	0	0	0	0	0	0	0	0	0	0	0	0	0	0	0	0	0	0	0	0	0	0	0	0	0	0	0	0	0	0	0	0	0	0	0	0	0	0	0	0	0	0	0	0	0	0	0	0	0	0	0	0	0	0	192	0	192	0	0	0	0	0	0	0	0	0	0	0	0	0	0	0	0	0	192	0	0	0	
0	0	0	0	0	0	0	0	0	0	0	192	0	0	0	0	0	0	0	0	0	0	0	0	0	0	0	0	0	0	0	0	0	0	0	0	192	0	0	0	0	0	0	0	0	0	0	0	0	0	0	0	0	0	0	192	0	0	0	0	0	0	0	0	0	0	0	0	0	0	0	0	0	0	0	0	0	0	0	0	0	0	0	0	0	0	0	0	0	0	0	0	0	0	0	0	0	0	0	0	
59	19	89	31	52	5	40	29	43	13	58	61	61	73	91	98	36	65	41	68	92	14	13	63	78	50	91	98	99	42	94	68	44	57	1	88	79	27	57	73	48	35	60	22	28	90	95	26	36	13	31	43	82	7	9	59	97	10	13	13	40	37	28	27	83	97	41	42	62	87	48	15	59	9	82	8	62	85	24	56	61	15	20	37	84	1	15	53	24	88	39	4	71	76	42	35	69	35	20	87	56	17	49	1	44	5	70	6	98	13	35	92	16	17	18	91	10	52	29	23	16	22	59	15	74	65	97	74	37	24	10	29	43	69	66	59	4	51	6	90	11	73	79	94	16	74	95	50	39	69	98	39	26	42	85	75	46	33	46	67	20	49	81	43	48	82	75	25	9	5	82	10	54	43	30	42	1	93	80	6	35	25	54	57	65	42	64	45	91	79	80	86	64	27	17	83	83	67	44	10	76	30	66	13	39	48	24	46	96	50	68	92	13	16	61	98	74	61	29	48	97	4	70	40	74	27	27	1	27	42	78	2	8	80	45	67	91	60	99	22	72	48	86	77	42	75	83	75	16	1	75	83	72	35	11	16	18	69	24	70	16	25	51	46	58	11	40	22	50	58	70	69	51	9	53	26	34	86	57	89	7	17	77	7	51	64	20	50	48	56	13	61	38	50	87	31	87	22	17	84	15	70	6	13	56	7	60	76	90	21	9	84	7	10	4	8	27	71	51	32	75	69	31	54	69	24	5	81	54	86	38	56	22	52	31	59	86	70	81	95	4	30	77	97	4	65	64	18	87	7	6	64	56	86	82	15	69	63	76	96	13	51	12	4	61	18	21	69	33	14	23	14	62	95	2	90	90	96	65	37	61	52	99	77	49	61	42	9	94	83	76	44	83	21	93	83	98	91	17	37	76	2	10	91	21	89	72	55	34	81	35	64	11	99	63	27	64	15	89	89	98	90	71	74	2	94	25	80	9	31	6	72	32	42	44	61	58	78	44	51	82	0	57	42	28	5	28	84	69	47	32	18	20	7	84	20	36	42	56	48	3	34	49	22	46	26	49	4	10	48	28	6	67	54	99	41	39	99	55	68	31	29	22	3	57	93	2	81	96	68	44	63	33	30	37	45	57	4	38	62	79	74	11	57	54	17	6	19	94	74	60	95	1	15	92	53	32	58	54	95	75	19	92	78	74	53	96	16	82	75	67	36	72	62	34	15	24	22	43	49	29	98	19	97	10	13	66	84	76	48	45	50	5	32	92	83	13	74	78	25	16	76	95	76	63	90	75	19	47	67	89	36	52	25	77	51	83	90	79	89	92	16	22	77	6	78	63	86	88	23	69	73	61	8	49	75	45	32	34	60	86	33	75	76	62	24	73	51	28	21	52	18	76	49	58	34	53	41	80	80	58	78	62	96	14	56	45	71	83	65	24	85	94	81	61	82	7	94	42	50	45	81	88	35	96	56	69	69	92	5	58	82	71	25	88	11	50	10	81	46	41	9	33	94	15	22	62	12	79	63	52	38	12	87	82	80	17	94	63	13	43	76	60	0	42	82	11	86	8	3	23	9	29	44	98	9	80	95	68	22	12	59	10	27	67	98	5	45	4	45	62	85	90	49	74	51	40	23	78	93	59	75	28	90	19	54	5	60	96	50	87	37	78	14	79	97	11	31	70	91	18	88	91	80	59	83	71	72	58	11	83	91	85	54	53	97	96	89	61	51	76	22	59	43	35	3	20	66	19	36	69	75	90	11	96	68	64	9	27	4	78	19	25	32	29	18	1	95	6	21	70	8	82	79	84	88	53	20	6	82	64	70	69	27	9	66	87	52	68	57	48	9	24	95	69	40	75	24	65	29	82	28	71	41	5	63	19	27	34	96	5	11	72	26	61	32	97	0	63	83	33	27	97	64	82	1	60	88	74	87	76	56	10	12	5	86	61	75	31	16	26	31	28	46	99	84	58	41	24	34	4	62	55	12	31	90	17	0	33	94	31	96	24	32	64	99	46	8	40	91	17	17	37	51	41	61	61	83	31	92	97	27	86	65	41	75	3	51	57	78	46	78	37	85	85	88	8	51	88	6	51	75	72	13	16	73	58	80	10	25	87	26	80	20	47	97	50	57	17	17	11	28	70	31	74	60	92	38	40	14	84	81	18	15	10	32	18	19	31	47	16	20	54	66	31	13	21	67	60	41	19	33	24	17	89	25	12	85	82	0	4	61	88	34	5	37	79	40	15	96	22	83	73	85	82	42	2	46	33	55	68	40	37	9	46	96	48	55	22	60	81	5	76	95	54	26	29	25	92	46	79	81	74	85	23	51	12	83	27	39	71	65	70	18	73	40	22	4	90	14	11	78	51	21	94	52	25	31	19	8	51	69	7	42	61	99	89	21	29	46	36	67	14	80	58	91	54	84	47	53	9	40	18	51	62	21	78	16	21	66	5	22	74	81	7	1	88	67	33	82	58	7	1	2	88	32	67	61	66	26	74	24	15	60	77	92	37	97	12	24	38	89	15	98	40	32	8	60	62	48	38	36	20	42	2	82	67	95	23	81	74	28	81	49	53	92	96	72	82	41	14	10	11	84	46	44	59	29	96	56	8	38	61	39	9	53	12	30	25	97	13	50	6	22	74	30	94	3	20	99	6	23	59	30	27	33	26	41	91	81	69	4	83	42	55	49	75	23	87	42	14	13	23	40	39	26	11	8	84	66	54	74	43	89	48	58	92	9	72	41	77	93	85	99	98	89	44	97	90	12	30	44	47	6	44	31	23	7	79	82	4	57	24	21	28	43	48	49	14	33	62	82	56	5	60	66	37	69	53	33	20	39	0	25	75	41	27	50	80	36	91	33	83	26	34	88	61	72	88	29	66	25	9	20	1	45	10	15	37	37	4	15	55	94	57	29	94	69	72	14	16	6	16	9	14	36	24	38	75	48	41	3	42	18	6	25	54	93	66	36	81	5	31	39	1	38	71	22	66	49	2	15	75	95	53	87	18	7	36	63	5	30	67	19	27	30	27	26	81	21	83	48	53	39	38	17	86	19	49	83	90	12	51	45	98	38	61	67	73	68	34	68	71	20	65	88	23	6	58	69	10	48	11	64	25	97	72	29	92	93	67	1	29	21	15	39	13	80	57	24	97	3	27	23	85	96	74	78	16	8	90	12	98	0	34	35	26	53	83	31	83	66	78	58	91	64	43	33	10	52	91	12	76	12	94	33	97	15	86	10	92	7	51	72	4	15	30	93	14	84	69	32	77	22	27	61	84	19	22	47	88	33	16	67	81	15	25	34	59	95	92	37	56	44	20	74	89	99	94	47	77	2	77	50	7	63	12	78	37	34	18	7	97	37	21	54	57	58	68	53	87	65	47	11	69	73	24	62	96	73	71	95	4	55	69	59	8	28	52	81	29	0	71	67	81	68	21	93	5	67	85	22	1	95	71	82	15	13	58	9	75	88	87	45	66	18	40	17	5	15	90	23	49	53	83	86	48	50	21	14	65	58	10	43	15	60	4	26	9	15	68	67	85	72	14	13	70	65	31	36	15	70	20	92	73	83	11	76	83	16	50	17	22	82	43	19	82	18	85	39	68	13	63	81	20	68	7	75	45	58	45	96	79	51	53	33	49	41	36	31	12	28	45	44	87	11	24	7	40	74	92	61	18	34	15	95	59	75	79	92	20	19	42	46	10	5	53	69	16	92	43	50	54	0	34	51	5	28	29	65	79	58	54	37	78	1	28	18	10	45	34	67	19	7	44	63	83	51	42	71	22	74	29	71	6	9	23	36	53	51	94	98	14	27	67	45	90	35	27	57	6	20	80	83	75	54	57	52	99	15	24	31	99	12	61	42	68	93	91	16	92	69	99	89	88	0	42	89	59	33	5	68	92	63	24	19	17	68	14	53	67	42	1	55	89	61	90	99	37	59	90	66	86	62	8	26	15	62	16	68	44	57	34	5	71	1	30	39	69	69	82	13	77	96	20	7	75	17	11	82	15	4	93	55	4	94	47	3	38	17	41	32	8	0	84	20	13	59	98	46	26	53	28	54	26	12	11	86	66	66	85	66	23	67	78	83	3	72	56	95	48	55	99	78	99	32	22	0	1	80	62	98	44	58	10	82	82	88	4	55	44	15	37	24	0	78	75	31	60	46	22	49	43	50	7	8	72	98	77	98	3	86	84	52	16	60	78	15	14	62	83	11	37	82	83	29	66	90	28	8	82	46	74	77	97	98	86	80	85	44	67	8	60	25	66	55	90	93	97	99	33	8	32	23	57	70	30	77	67	62	79	89	48	73	27	83	45	22	80	63	39	19	76	3	79	76	54	45	75	88	63	2	64	42	32	74	99	25	53	58	65	60	69	69	88	61	75	40	26	42	50	67	34	0	20	95	86	46	4	89	88	97	83	39	93	64	56	29	35	40	28	17	2	74	57	31	40	83	15	63	25	33	85	49	69	4	78	91	13	72	18	18	78	45	15	58	89	5	76	99	15	99	35	76	8	90	16	93	5	54	64	37	28	37	13	58	40	94	62	78	81	36	10	60	87	73	89	8	20	57	32	85	59	81	16	23	77	29	32	5	51	95	47	63	41	33	76	88	83	64	48	20	76	30	68	45	65	95	10	95	42	78	37	68	97	91	28	93	13	99	59	35	20	49	50	51	51	78	57	83	61	0	1	27	47	43	92	73	87	19	50	70	66	48	37	90	76	23	63	69	82	67	72	30	79	26	27	11	99	83	61	9	39	59	79	14	9	19	63	83	24	9	21	8	97	11	16	27	89	8	44	17	87	24	33	56	3	28	5	19	65	98	44	50	43	1	50	9	60	75	51	17	25	97	95	50	2	67	88	36	56	75	39	44	78	98	24	84	42	74	14	26	31	15	11	84	82	14	68	69	15	39	70	48	58	0	14	98	53	45	67	42	72	71	90	61	65	74	39	43	42	53	41	92	10	2	6	28	23	30	43	99	76	53	86	35	47	52	13	71	50	82	18	78	51	94	46	18	98	61	76	10	30	1	35	37	89	86	73	12	91	32	32	13	98	54	65	76	25	30	90	93	39	15	90	45	39	16	29	32	67	67	90	9	82	18	62	36	42	6	30	85	24	59	95	7	97	47	92	98	44	4	36	67	76	19	32	66	75	30	73	40	65	29	17	94	76	32	31	53	82	63	76	14	36	71	50	88	70	19	65	66	40	96	60	16	6	96	52	14	21	79	89	27	34	24	12	56	56	47	58	25	65	23	92	83	38	22	71	79	96	30	42	18	63	72	34	28	11	73	31	51	61	56	75	67	70	98	69	21	76	51	13	8	78	3	18	24	76	49	20	90	54	92	30	48	26	90	13	47	52	28	90	30	14	44	4	78	34	82	42	39	39	69	93	31	65	96	20	30	56	35	73	30	38	80	5	65	22	29	3	22	74	61	29	11	41	49	9	73	62	76	18	77	43	35	50	44	61	16	98	11	37	23	29	25	48	78	24	19	29	24	1	43	76	60	10	96	6	11	64	29	29	61	95	10	97	62	15	89	93	93	18	56	64	61	73	67	58	87	94	45	93	88	11	35	71	19	31	23	45	32	41	9	77	75	85	73	40	52	69	3	73	86	35	89	75	75	94	5	36	64	67	31	68	77	14	87	30	6	42	50	57	26	44	87	24	57	96	51	13	22	32	5	8	14	59	88	7	28	51	74	22	15	41	46	56	68	71	57	95	84	3	64	82	68	94	33	28	32	95	40	90	29	21	40	24	95	45	21	36	49	29	45	80	81	94	48	45	51	42	29	86	31	47	31	70	67	58	53	30	22	35	4	40	7	32	14	42	51	56	9	31	43	64	97	32	6	43	31	31	34	21	40	62	17	38	76	94	85	62	45	8	94	14	76	87	56	83	52	56	88	29	35	62	44	84	24	45	67	6	7	39	59	1	34	60	77	94	97	88	7	51	67	6	16	25	36	82	84	77	84	6	89	97	66	73	2	94	10	88	25	78	0	16	5	89	49	47	46	5	85	17	35	21	97	66	86	6	21	47	11	39	67	77	91	21	31	71	0	79	88	54	75	47	73	88	96	50	22	39	48	31	64	88	69	28	80	19	85	92	84	10	36	35	48	33	82	31	35	70	3	92	63	90	18	50	89	28	44	82	83	76	19	26	84	51	67	57	48	79	74	13	46	87	68	17	11	46	50	44	44	8	67	81	98	51	5	31	99	3	42	37	88	30	36	31	92	17	21	62	50	52	93	20	67	45	40	30	40	73	16	47	2	91	39	82	25	81	88	5	30	43	87	8	52	73	31	61	67	13	78	38	98	51	95	28	40	93	23	55	76	61	8	46	90	65	69	52	3	87	7	98	24	27	26	48	75	69	74	5	93	2	35	33	78	71	87	33	55	95	98	93	91	21	76	61	15	5	72	8	37	41	71	59	58	92	35	11	79	71	14	84	76	16	38	8	67	94	87	49	84	2	20	76	85	3	2	21	64	50	84	47	13	12	24	70	78	91	99	61	88	86	84	57	70	35	12	92	24	29	40	53	91	43	57	17	14	81	18	27	34	15	7	78	8	4	75	38	70	38	30	55	56	23	91	96	49	37	45	40	3	18	10	19	97	32	20	0	53	90	91	96	75	82	52	18	49	87	83	67	7	50	71	86	25	53	13	49	98	77	74	58	40	22	7	24	2	95	71	55	72	56	72	65	27	96	48	45	36	78	44	26	88	8	76	25	61	29	71	21	95	88	48	51	77	80	1	3	70	7	25	34	59	0	2	13	63	19	84	28	85	56	42	3	29	58	75	78	63	76	51	59	36	54	66	31	40	19	4	32	67	56	13	35	42	48	10	28	17	16	17	34	11	12	23	83	93	37	57	96	62	18	31	63	77	99	9	4	39	40	64	3	6	37	18	33	85	14	48	12	93	27	83	10	40	35	69	88	26	82	36	66	53	36	80	83	11	30	98	51	85	52	75	77	48	32	99	70	76	21	98	24	85	90	24	34	58	88	36	81	70	13	88	94	3	72	17	18	8	24	44	3	41	41	35	4	75	31	12	28	97	31	52	90	21	24	34	77	97	97	20	63	84	81	10	35	25	31	34	93	27	25	89	86	28	38	39	34	19	21	9	2	86	31	73	20	58	54	74	9	93	51	30	92	93	16	71	71	88	86	66	78	68	93	75	43	11	59	43	18	51	40	0	44	61	40	86	79	49	99	42	81	63	62	80	12	72	33	79	69	98	13	89	24	95	28	51	72	87	67	36	15	45	64	59	13	31	49	50	15	28	56	38	98	75	26	14	86	76	80	4	45	34	31	77	12	17	41	42	60	75	15	28	92	67	30	47	88	0	32	69	64	21	38	26	0	57	32	45	88	2	59	67	45	38	37	71	84	0	9	68	61	78	1	57	56	74	26	94	6	72	77	1	15	19	87	16	93	6	94	81	28	83	12	57	35	3	64	21	17	9	70	45	17	43	5	58	26	78	76	7	66	98	10	82	96	83	70	73	54	70	70	21	53	67	30	15	32	51	55	38	90	70	24	85	54	10	57	7	61	59	81	86	18	41	4	31	74	24	86	17	99	33	25	36	50	92	26	89	81	15	40	14	51	19	93	32	45	48	23	94	23	26	91	94	55	94	94	14	79	19	87	14	12	65	44	92	99	54	76	57	64	93	70	75	65	34	60	0	7	25	71	76	87	80	6	33	89	78	4	19	88	52	20	61	91	5	6	93	29	97	20	59	61	58	6	43	56	77	75	79	13	15	56	40	37	10	56	51	6	6	95	23	20	11	92	50	72	99	47	57	93	87	0	25	5	36	73	45	91	52	92	46	8	
91	87	63	96	76	86	26	75	11	78	13	85	88	7	93	87	73	99	51	86	37	83	44	76	16	59	41	48	76	25	75	77	4	74	10	27	81	86	69	99	58	31	3	82	83	57	38	57	90	63	91	17	38	43	15	8	35	5	7	9	63	48	92	47	86	70	67	60	39	53	33	20	79	54	84	47	88	46	52	37	92	26	54	87	14	64	72	4	8	63	42	23	78	22	90	37	87	1	92	36	38	44	1	25	49	86	78	60	77	3	89	39	11	80	2	34	8	78	74	31	44	32	10	67	70	33	42	12	87	61	3	47	55	66	62	62	8	77	32	97	27	19	82	29	52	89	81	43	0	35	10	89	5	3	46	83	71	18	34	90	8	93	7	7	21	76	26	72	14	97	29	9	44	13	7	11	61	21	54	47	54	1	43	15	67	0	75	47	41	40	55	24	99	69	5	28	39	22	52	11	41	17	59	60	11	44	73	44	89	12	84	29	56	6	10	45	6	82	90	36	99	2	46	99	60	22	52	80	47	65	87	62	73	70	1	68	34	98	51	90	15	28	5	19	37	80	42	15	25	58	71	78	59	62	3	43	91	91	81	78	95	68	49	17	0	76	68	87	10	45	99	49	52	92	7	71	12	34	81	14	90	36	11	43	9	26	65	40	94	67	4	82	87	42	56	85	89	66	77	86	41	26	41	90	71	36	2	79	37	9	38	26	43	74	56	74	83	52	47	18	86	99	23	11	61	66	37	17	16	56	26	17	92	92	56	29	92	45	66	45	75	93	87	86	14	57	15	6	43	22	91	10	91	41	84	65	43	23	67	46	71	36	29	50	25	63	56	32	73	39	43	72	49	2	73	28	62	38	30	39	80	90	7	86	5	76	29	80	58	64	22	22	48	9	66	77	34	8	98	15	5	25	75	99	84	45	89	89	41	82	33	40	5	84	93	98	5	2	72	96	17	94	33	2	35	61	67	65	12	24	26	35	5	40	85	86	26	28	88	97	89	85	34	72	5	87	13	71	9	90	97	87	98	26	63	2	59	2	32	84	95	57	85	51	96	93	36	99	90	76	25	66	16	53	76	24	44	30	1	15	14	25	36	10	48	32	85	22	30	19	49	28	25	97	98	2	29	63	43	8	13	57	63	17	63	43	43	62	64	28	25	45	32	54	98	19	17	38	93	13	67	64	14	93	0	73	35	73	50	76	41	0	66	39	84	39	46	55	9	45	61	25	52	27	6	78	19	96	38	80	37	14	22	3	35	59	9	78	6	6	87	8	2	73	90	85	59	27	42	38	56	88	56	58	52	23	66	7	51	17	89	13	78	71	43	70	18	98	99	38	0	78	69	86	78	16	14	42	42	78	75	98	89	52	97	84	91	46	26	50	62	51	83	22	33	38	93	94	28	71	66	8	52	9	46	76	27	94	75	12	27	79	3	50	59	40	40	30	10	57	2	14	83	26	12	86	79	82	64	67	49	84	13	48	25	45	4	85	0	96	98	6	13	35	29	1	57	42	74	83	53	70	41	41	38	91	39	48	17	75	99	4	68	47	39	7	86	9	80	53	76	16	84	93	85	78	7	28	38	98	19	17	48	62	40	81	38	35	70	40	87	49	8	87	37	86	3	3	72	2	36	81	73	1	43	80	43	1	33	80	94	38	60	55	89	3	63	64	78	84	64	77	78	73	63	0	68	81	3	32	18	9	88	46	3	57	35	13	11	97	30	36	72	23	15	1	79	65	52	74	53	49	59	4	48	33	43	80	15	30	37	67	19	90	88	98	63	41	50	24	10	36	81	18	58	98	48	87	52	52	43	86	91	14	98	25	79	51	69	5	76	73	57	37	50	60	34	49	14	46	84	95	35	67	37	86	84	65	76	13	33	50	11	70	76	83	79	15	40	69	13	74	31	97	89	94	49	44	61	79	26	64	14	57	6	49	97	96	15	44	53	70	34	3	89	37	60	74	41	5	22	89	72	39	32	25	33	86	61	76	55	74	8	76	72	51	84	80	17	97	42	13	44	90	57	11	11	1	4	72	24	15	74	80	68	57	70	47	97	49	61	13	71	76	26	14	88	47	75	10	15	88	68	0	32	12	42	18	42	60	40	91	54	91	19	85	15	18	2	21	7	89	69	52	97	92	26	44	82	61	66	6	26	71	79	86	75	67	22	48	7	39	63	26	41	74	7	27	6	3	51	84	7	9	85	72	18	44	45	50	31	33	21	83	40	96	13	23	34	60	47	36	9	57	26	15	0	99	45	45	18	42	10	26	66	71	45	89	90	4	15	29	36	89	61	1	17	4	75	29	95	53	54	99	10	97	47	4	22	65	43	93	22	34	32	53	78	70	6	61	58	7	3	40	38	67	39	44	73	21	24	43	30	18	7	37	98	58	88	28	96	27	94	97	99	89	2	17	51	20	87	34	60	97	43	51	1	59	24	45	87	93	66	40	25	51	12	50	14	46	47	50	26	34	39	19	93	42	47	9	39	21	18	46	16	0	66	5	18	35	94	45	39	97	86	1	34	61	88	12	51	29	82	58	70	56	5	8	11	96	88	84	32	38	59	95	59	94	51	29	20	13	73	71	7	63	23	44	52	75	24	67	86	49	86	96	21	25	1	25	43	17	10	52	45	80	82	21	4	15	19	87	16	37	93	78	25	92	69	7	12	13	18	54	34	68	13	32	48	15	72	54	45	4	21	21	32	19	3	22	61	32	8	88	63	84	82	54	92	70	7	20	74	32	99	44	34	10	23	1	12	92	71	5	22	77	58	9	12	58	25	36	85	36	7	0	99	92	93	21	26	37	26	23	52	87	50	68	79	81	48	22	92	5	51	49	9	41	25	41	65	30	2	46	39	54	0	55	72	62	70	29	89	72	27	49	27	27	47	28	94	23	0	31	15	51	40	35	74	2	30	44	52	44	96	6	99	11	94	72	84	19	33	77	67	38	65	56	52	94	50	59	29	99	90	45	61	27	93	64	97	97	17	71	8	67	77	65	0	16	38	96	78	8	74	14	54	35	23	14	88	63	94	63	64	14	38	91	87	81	83	85	65	65	20	80	49	16	10	75	95	90	14	46	5	21	89	46	98	54	15	97	80	22	9	54	58	66	79	75	97	74	68	53	7	37	71	34	22	1	72	82	44	58	36	71	47	10	81	42	32	9	25	66	30	23	32	94	30	97	49	77	92	38	32	5	45	71	62	21	83	36	64	81	16	19	66	87	35	16	97	42	68	33	43	40	92	8	42	68	54	41	53	50	49	40	20	35	58	86	71	70	81	15	67	32	72	87	83	22	20	94	32	2	55	60	99	81	24	85	18	93	31	49	65	4	15	64	23	90	93	35	84	66	91	8	86	56	53	85	62	82	27	1	83	37	73	1	21	43	35	30	46	69	75	96	68	43	60	61	4	91	33	16	43	53	69	34	70	88	2	94	14	42	88	62	61	5	42	87	94	74	61	9	14	63	46	24	87	68	10	46	82	90	58	93	91	16	4	49	79	9	73	16	46	64	39	44	19	64	89	87	50	47	10	2	44	59	32	57	77	15	35	96	91	24	95	75	61	77	86	14	98	98	41	92	81	38	14	41	21	90	72	67	16	80	57	56	82	15	40	13	46	29	81	51	48	14	59	76	98	70	32	98	84	83	26	14	44	80	74	44	52	15	42	83	10	71	45	93	13	18	20	23	60	55	36	79	92	15	92	83	39	71	81	86	2	65	5	28	76	24	7	4	62	17	2	97	13	31	69	82	20	16	80	23	50	35	35	66	34	88	26	98	56	75	28	42	63	36	93	17	2	20	47	11	66	56	31	5	93	90	68	5	30	14	35	67	98	90	97	74	44	23	44	39	58	33	3	26	95	12	31	74	80	8	94	86	67	97	55	88	74	22	33	11	55	1	24	59	98	13	51	17	50	19	96	91	41	26	82	81	42	5	47	57	87	44	10	26	99	92	98	63	37	71	56	96	2	84	80	39	70	61	39	86	21	26	89	24	83	47	58	4	89	36	34	75	43	1	76	41	9	95	71	2	72	27	25	25	97	32	64	72	81	60	83	16	93	65	37	26	32	82	33	67	96	87	11	29	33	34	86	73	69	7	14	5	2	81	79	21	13	87	44	47	73	64	44	15	12	8	31	20	25	48	31	13	12	20	8	67	26	27	2	64	48	40	15	95	58	50	68	76	63	13	99	88	90	2	99	71	30	53	24	95	54	35	21	47	87	61	80	90	62	51	44	83	21	72	82	14	41	26	5	4	3	30	16	50	28	52	35	53	10	34	53	81	53	42	38	50	33	14	38	66	60	64	35	69	17	74	5	23	94	47	37	70	94	90	45	55	90	58	12	39	18	85	59	53	38	40	29	78	74	73	85	14	83	18	45	65	13	93	86	96	93	67	30	3	34	10	70	14	42	61	61	87	4	51	26	38	52	14	49	29	80	35	57	95	15	55	93	65	19	33	19	81	99	53	73	79	92	74	25	34	35	14	52	58	40	38	11	66	33	21	85	23	81	95	98	58	57	73	90	15	21	91	13	25	14	97	46	74	15	39	99	1	83	61	34	64	67	16	49	33	36	70	67	52	32	15	96	4	80	26	18	13	4	76	60	41	41	25	1	16	37	61	64	96	99	4	45	45	92	8	29	31	26	9	76	11	37	84	71	62	72	54	15	53	47	18	61	9	34	19	87	68	24	52	62	44	15	63	34	62	61	62	85	64	47	25	45	84	64	16	38	42	33	26	78	22	21	87	94	94	61	35	49	32	63	74	4	58	54	5	40	62	81	1	22	24	11	33	19	1	13	26	33	14	74	74	60	53	70	77	27	53	4	24	66	7	74	23	3	33	3	1	29	95	63	9	52	31	52	69	39	33	6	65	1	54	35	81	78	10	44	13	75	95	7	61	57	43	39	9	28	0	30	51	79	63	4	8	74	17	83	90	63	4	82	36	96	5	44	90	14	67	77	59	71	53	3	27	25	85	32	8	14	22	64	61	48	49	47	39	63	47	86	50	36	0	72	60	49	89	48	73	23	70	67	38	60	56	19	20	23	79	1	42	73	56	57	4	13	96	11	34	10	44	77	64	75	37	13	64	97	34	54	27	35	43	4	17	43	79	48	56	17	1	53	12	86	86	58	32	52	73	79	88	14	17	44	49	53	77	86	92	69	6	5	54	75	48	42	40	29	70	36	86	20	67	67	45	28	14	28	73	90	4	15	16	32	66	29	37	88	5	84	67	26	13	68	59	47	99	27	86	55	11	84	28	22	10	67	78	79	90	50	12	34	82	56	34	79	90	34	82	36	15	53	37	43	46	66	66	83	57	21	32	39	78	7	6	23	22	63	6	64	37	7	42	34	50	21	64	48	29	25	46	3	18	51	58	98	29	66	88	3	91	67	25	99	21	79	93	39	39	21	16	61	67	78	59	73	96	86	89	45	45	17	23	20	96	34	12	31	92	39	9	31	30	13	7	74	83	38	14	96	99	70	41	56	17	75	4	83	20	38	94	80	43	27	18	74	62	49	34	45	45	56	88	22	47	31	57	51	42	16	97	55	3	62	3	26	23	72	7	43	29	54	10	46	44	28	48	10	43	21	68	3	24	72	43	94	42	36	92	11	44	85	92	77	3	28	80	19	34	91	59	76	39	92	81	73	24	71	22	91	45	2	53	78	68	57	29	50	18	82	73	72	92	69	12	49	99	53	31	5	28	23	90	34	32	55	15	83	4	78	84	31	32	91	86	7	1	2	53	86	78	98	53	60	11	76	85	67	63	53	55	81	36	72	35	10	46	7	16	21	99	44	62	61	20	30	28	18	20	54	93	6	82	9	66	61	86	44	5	34	12	43	67	2	71	73	71	6	32	32	74	21	66	34	72	17	55	45	78	48	51	9	46	72	18	71	29	15	25	89	84	20	83	55	53	39	17	59	82	98	58	76	5	1	7	65	67	77	19	64	80	18	48	69	66	59	43	13	56	67	35	20	28	43	67	47	93	82	96	76	3	47	10	49	19	27	13	32	60	87	95	40	36	62	43	30	79	92	76	46	13	36	80	98	23	3	24	63	69	19	30	59	43	46	85	65	99	78	90	1	52	80	65	25	69	8	51	32	39	65	27	96	53	31	32	28	85	27	3	4	2	91	53	34	50	55	60	72	52	27	61	38	2	52	12	5	29	34	52	56	23	59	41	81	80	64	48	27	26	53	86	64	41	82	50	27	96	56	25	49	16	90	81	25	84	60	48	89	37	49	8	27	49	38	41	66	15	24	21	33	76	69	61	72	69	77	89	1	95	27	10	75	70	72	78	90	91	37	97	64	37	80	32	2	2	88	14	67	42	96	36	89	61	52	99	77	36	72	38	40	56	77	99	11	7	97	4	73	51	22	45	28	0	64	19	85	54	64	87	64	96	19	23	10	24	43	36	51	2	4	46	41	73	6	73	2	89	83	24	38	57	7	24	67	69	27	49	74	17	37	38	74	59	15	72	39	71	75	19	97	49	92	82	71	51	39	32	81	74	10	56	34	86	91	40	28	34	81	71	3	56	43	69	43	45	94	47	35	20	0	63	93	63	83	46	46	39	75	58	14	0	15	43	25	73	12	26	73	95	20	78	98	9	35	7	0	26	26	78	27	28	52	52	43	81	76	64	62	42	86	28	55	34	88	58	6	59	29	52	36	98	41	51	34	1	58	82	44	8	90	60	28	46	64	78	76	31	12	14	84	87	20	65	19	45	37	97	50	30	27	93	31	85	19	97	25	94	43	21	35	36	94	10	37	71	72	80	76	25	26	5	66	83	6	23	65	67	59	57	50	85	55	21	64	4	29	82	51	70	76	29	37	67	59	45	81	29	86	11	66	84	0	67	27	87	44	46	18	64	24	92	3	54	34	67	22	55	83	33	15	42	77	79	35	45	38	85	71	96	77	76	68	88	37	75	45	65	63	52	66	80	69	3	18	12	36	33	8	92	57	45	8	53	38	72	86	48	43	91	2	32	87	4	26	89	34	58	6	62	14	70	79	72	91	73	43	14	23	30	13	42	88	6	38	70	61	93	74	31	1	55	61	40	3	1	96	48	71	73	42	98	60	89	62	54	35	76	95	33	50	0	23	30	47	76	82	50	13	4	86	11	61	23	37	75	51	67	74	80	12	68	70	39	23	65	61	16	18	35	73	39	23	88	90	16	13	34	9	44	29	74	54	1	95	66	57	43	32	5	46	51	79	76	87	46	2	11	4	84	6	89	94	10	33	76	57	60	87	82	24	68	67	89	0	5	8	72	70	97	69	56	54	24	24	43	68	7	40	47	71	14	73	48	0	10	83	5	23	7	74	78	66	55	39	42	48	99	60	72	51	59	18	38	11	65	96	18	13	20	71	49	49	77	7	34	80	79	90	99	14	23	89	23	61	61	13	40	70	2	83	0	93	4	75	59	51	82	53	7	51	50	88	80	25	0	41	4	38	36	74	14	85	95	58	65	83	97	14	0	35	95	25	74	39	48	4	45	94	2	31	2	97	57	73	95	17	18	66	25	74	11	16	24	78	41	17	69	63	98	93	17	67	62	36	42	17	72	67	11	19	7	53	71	28	48	68	3	49	92	97	36	28	44	7	39	78	51	48	33	31	51	44	70	10	39	5	9	35	74	51	96	89	35	56	87	61	14	45	50	56	43	85	85	22	51	65	18	64	94	21	1	57	0	48	23	60	7	93	0	55	22	79	59	90	39	28	7	45	54	80	52	42	65	12	56	80	66	42	69	95	13	60	70	73	4	59	30	57	52	63	95	67	6	68	21	14	96	36	38	93	12	75	68	22	17	82	
7	12	20	12	20	15	6	13	6	11	14	3	4	15	9	18	9	13	4	7	2	2	8	3	9	10	2	16	15	12	19	10	4	3	1	11	6	17	3	7	13	15	4	15	3	18	11	9	13	2	19	17	7	2	16	20	7	17	7	7	5	5	17	12	7	7	15	7	8	13	3	17	11	5	18	19	17	7	8	9	17	12	13	19	15	12	15	4	8	9	3	4	18	19	13	8	17	8	16	1	10	16	11	8	14	1	4	9	3	7	19	3	17	4	15	14	5	4	7	19	8	10	19	19	2	5	10	20	16	15	2	2	16	4	15	15	14	10	8	14	18	4	15	9	16	15	16	5	6	15	18	11	18	5	3	20	2	19	16	9	6	18	9	3	3	10	1	3	3	20	2	6	17	18	12	9	20	8	14	13	8	7	14	11	14	9	9	7	7	11	7	20	1	5	2	14	7	7	18	13	7	5	8	18	11	2	19	7	14	20	16	13	9	15	11	5	14	18	11	16	10	7	7	4	12	10	14	20	16	17	11	15	12	1	20	13	15	10	14	3	5	2	10	12	11	17	7	19	18	3	18	13	6	5	15	19	11	11	6	5	16	13	12	5	16	10	15	3	9	10	14	1	4	6	9	7	6	8	14	19	16	11	8	6	6	5	19	12	18	3	13	19	17	19	2	7	12	12	19	6	16	1	14	9	18	14	14	4	2	16	3	13	10	7	7	20	11	10	17	7	6	9	13	14	16	13	9	7	13	4	17	11	8	1	2	14	20	2	13	6	19	17	4	7	18	13	11	19	14	9	8	18	19	4	18	18	7	17	5	8	20	4	15	4	13	10	19	12	7	19	1	8	13	10	2	2	19	16	8	15	13	8	15	19	13	20	1	15	20	9	1	6	5	1	1	12	1	7	16	1	14	14	16	5	12	17	6	11	6	9	7	6	17	11	1	19	20	1	8	17	17	1	13	2	20	16	1	13	15	3	1	9	2	18	6	9	11	13	10	16	6	2	17	9	14	17	12	18	5	17	13	11	12	16	11	5	16	11	5	6	1	7	15	2	1	20	10	11	4	9	19	9	8	2	7	17	2	11	20	5	3	6	9	12	17	18	1	14	18	15	20	14	18	13	14	11	1	16	1	15	10	13	15	10	2	6	15	6	16	10	9	10	14	13	2	6	9	1	14	14	6	13	14	9	4	5	10	3	5	8	4	10	16	13	14	1	12	10	1	4	11	13	11	1	11	5	6	6	13	10	5	14	15	14	4	9	14	16	14	7	16	7	16	16	3	14	13	8	12	8	16	11	7	12	1	12	10	13	2	4	6	5	3	12	9	13	16	8	6	1	11	7	5	3	12	4	10	3	16	16	16	1	2	10	5	1	1	4	6	4	13	10	14	8	4	15	5	6	14	1	12	12	16	8	2	1	8	2	15	15	1	15	16	3	1	1	2	14	9	14	14	9	8	10	7	2	15	11	7	10	16	6	3	10	10	1	13	15	13	1	8	1	10	15	1	5	14	4	6	13	5	9	10	5	12	7	9	16	15	15	8	12	1	8	2	8	12	2	1	6	10	10	2	4	2	13	3	4	16	11	7	6	3	11	9	11	3	8	11	13	3	11	4	16	15	9	12	14	7	7	1	7	7	12	2	3	1	3	5	5	14	10	12	5	8	4	15	8	8	2	3	4	11	12	1	3	2	4	5	7	9	10	5	7	5	4	15	7	2	4	3	1	9	6	6	2	12	2	14	10	4	12	16	7	3	1	5	4	5	10	1	3	3	5	2	15	8	4	5	9	2	14	4	13	2	14	11	11	4	6	13	3	11	2	15	2	8	9	3	13	9	14	11	4	5	16	13	1	8	2	5	14	5	5	6	14	5	12	1	3	12	8	14	3	4	2	3	13	12	9	6	1	15	7	3	3	14	13	7	5	6	10	2	11	10	16	14	16	7	4	16	6	6	8	12	7	10	4	12	14	7	14	14	6	10	3	1	10	15	7	1	14	1	9	11	7	3	8	12	15	11	16	7	9	7	2	12	2	12	9	9	6	9	12	10	15	12	16	15	5	4	7	10	8	4	11	2	8	15	1	4	4	2	2	2	11	9	5	12	9	7	7	4	13	6	14	1	1	7	11	12	11	14	5	8	12	2	8	15	9	4	15	7	8	13	11	4	16	11	16	10	13	8	8	10	9	16	9	7	10	16	2	11	12	12	12	6	2	13	14	1	6	4	12	13	13	8	2	12	8	14	9	4	13	10	6	3	5	13	2	2	2	7	7	1	8	13	3	15	5	5	10	1	14	5	1	5	10	10	9	10	2	14	11	11	8	3	14	5	12	15	1	8	12	7	9	9	10	6	12	9	4	5	9	7	2	12	16	2	9	13	10	12	9	7	5	16	15	10	2	9	2	11	1	6	10	7	2	5	9	11	10	4	5	8	12	10	5	8	1	1	12	9	15	14	14	11	14	10	1	10	15	6	3	3	5	7	5	16	4	8	9	6	4	14	11	13	4	9	8	16	14	11	2	6	12	3	14	6	15	3	9	4	10	9	1	13	16	14	4	11	1	11	6	16	5	12	9	8	3	1	12	12	4	3	3	10	14	6	16	10	2	11	5	6	8	12	7	16	13	16	8	6	11	11	7	10	13	7	14	13	1	8	3	11	11	1	16	8	10	4	11	14	5	14	14	8	10	2	14	7	1	8	16	12	12	7	10	7	2	5	9	15	12	8	10	1	10	1	15	11	7	9	12	10	15	7	5	14	2	10	3	5	5	12	12	13	16	9	8	9	2	15	3	10	1	8	8	15	6	14	16	13	8	15	14	11	11	1	15	12	10	16	2	12	13	4	9	5	12	12	14	14	8	16	2	1	4	14	2	5	16	6	7	8	1	9	5	11	12	12	5	3	11	9	10	11	5	16	1	16	13	3	1	6	10	8	10	12	5	13	3	15	15	15	7	5	15	10	11	6	16	13	16	10	8	14	15	4	6	12	1	10	4	5	8	6	7	16	14	16	11	11	2	14	15	9	11	8	7	13	7	1	6	13	12	1	12	8	5	9	14	16	14	6	1	12	12	13	1	2	7	15	7	7	3	9	6	2	8	15	7	15	6	14	14	15	16	12	16	3	6	6	7	5	16	13	2	4	9	10	12	3	3	7	13	8	13	14	11	3	14	16	1	7	15	16	1	11	6	3	14	4	11	4	10	6	16	5	2	12	4	2	4	2	6	14	16	13	9	16	11	11	15	9	5	11	10	13	4	14	4	15	13	2	11	5	9	8	13	8	15	16	2	6	5	9	10	7	12	1	16	8	1	4	6	1	5	16	1	8	11	2	15	8	7	9	9	1	11	5	7	14	13	11	4	14	6	7	3	15	8	16	4	1	13	14	4	14	1	12	4	7	14	11	7	15	15	15	4	9	11	4	13	5	11	14	12	9	14	15	5	15	5	2	3	10	6	9	16	11	11	2	5	16	11	8	13	15	5	9	5	4	4	16	12	15	6	1	14	5	6	12	8	1	15	14	12	16	4	8	14	1	8	8	12	9	4	3	2	12	8	8	6	16	10	2	2	11	9	8	13	3	7	6	14	12	12	9	1	13	9	5	10	3	4	4	6	14	7	7	8	11	10	6	13	16	14	15	7	16	4	7	7	10	7	14	9	15	15	14	4	12	5	7	10	8	3	15	4	8	9	5	8	16	12	14	5	10	10	15	15	8	7	13	8	14	13	4	13	7	12	3	7	15	10	14	14	3	10	2	6	8	5	3	12	3	2	3	2	7	8	1	5	11	16	9	3	5	8	15	9	10	16	4	14	10	11	9	8	6	10	12	16	16	1	14	16	4	4	4	15	11	1	14	11	6	8	10	15	16	11	10	8	5	6	12	7	2	5	8	10	4	8	8	7	6	12	2	3	13	2	1	3	9	15	5	3	14	16	13	16	12	3	2	3	15	9	3	16	6	12	11	6	6	10	6	1	1	14	12	15	1	11	1	8	1	16	12	4	5	2	14	1	14	9	5	2	5	12	9	10	7	2	9	12	7	2	15	11	15	16	3	5	12	6	4	7	12	3	15	15	7	14	14	1	6	13	7	4	4	4	3	13	7	15	2	8	12	6	7	1	10	12	6	12	8	13	1	7	1	14	16	5	11	8	10	3	14	6	15	11	5	14	6	7	8	1	11	4	7	15	11	9	3	4	2	6	4	11	14	6	15	8	1	11	5	4	11	3	10	14	10	5	1	4	13	13	9	16	8	9	15	15	5	8	15	7	5	5	10	4	14	12	1	9	15	5	15	10	3	6	1	10	7	7	8	5	16	15	1	13	16	14	12	2	1	6	12	11	8	10	4	16	12	3	10	12	6	14	13	2	16	6	16	11	9	2	3	13	6	16	11	1	15	6	1	5	3	10	10	15	12	16	14	12	16	16	15	15	14	9	2	1	4	4	4	13	13	3	10	13	2	13	9	3	12	8	15	11	9	11	16	12	9	10	16	4	13	8	4	11	16	5	14	6	6	8	15	9	8	6	14	13	9	9	7	10	3	6	11	5	3	12	14	16	3	7	4	14	16	1	15	15	12	9	16	9	16	3	3	10	14	2	14	11	11	16	10	4	16	7	14	13	15	6	13	3	6	1	16	7	16	11	1	14	5	13	4	11	15	1	10	8	16	2	1	13	12	10	3	2	14	15	9	8	1	5	11	3	14	16	15	13	11	12	11	9	16	7	1	6	15	7	15	16	5	16	16	16	7	5	1	3	2	15	2	1	5	1	3	12	2	9	4	14	7	2	7	5	16	1	13	4	16	2	12	1	14	14	3	11	13	3	2	1	14	16	1	12	9	6	13	2	10	12	11	4	1	14	11	3	7	14	7	16	2	16	12	6	6	16	8	16	10	9	13	16	2	8	6	10	12	2	1	9	1	11	3	4	12	9	12	1	6	9	9	14	16	10	12	1	5	8	3	3	14	2	8	14	8	4	5	7	4	6	16	15	16	12	16	9	6	13	16	1	1	6	11	7	11	16	2	12	16	14	9	5	8	13	14	6	16	5	14	4	11	13	5	7	2	2	2	7	2	16	6	7	1	6	7	6	6	1	12	12	13	11	2	1	10	11	11	13	15	1	1	16	7	4	11	15	14	11	8	8	10	6	3	9	1	16	7	5	9	11	7	9	16	15	4	9	9	4	7	15	10	1	5	5	3	10	2	9	2	11	16	15	15	4	8	6	15	6	11	3	1	2	14	3	10	14	13	14	4	7	13	10	2	7	13	3	6	12	2	2	6	3	13	1	3	2	12	14	2	15	3	12	16	3	15	3	13	1	15	8	12	1	14	1	14	1	15	14	1	5	5	4	6	15	7	15	11	15	8	1	16	16	1	13	9	5	2	1	13	15	6	11	6	5	5	15	8	16	9	13	16	15	2	11	6	14	16	11	1	13	15	13	9	1	9	11	14	13	3	14	2	11	8	8	13	4	1	8	2	11	6	6	4	8	1	8	11	12	4	4	14	4	5	1	14	7	2	4	14	7	6	2	16	13	8	1	4	4	9	1	14	10	3	1	7	3	11	3	16	4	8	4	5	13	1	7	11	7	4	5	16	9	9	8	3	2	14	1	3	15	7	16	13	5	11	7	12	12	8	12	10	14	14	4	6	7	13	7	2	14	8	16	11	5	16	9	14	7	11	15	5	7	4	1	15	9	6	16	2	11	15	15	10	12	12	15	4	13	16	12	14	15	13	2	15	1	4	6	11	4	16	15	8	13	12	10	8	2	12	3	10	11	1	9	5	7	13	9	16	14	8	8	4	6	10	1	15	4	6	8	11	7	4	4	13	2	1	8	12	7	13	2	4	12	6	9	7	15	10	5	14	4	16	1	6	3	6	13	1	2	8	4	8	14	6	9	11	2	8	8	2	3	7	3	11	14	13	14	9	9	10	4	1	7	4	12	16	7	2	10	11	13	12	16	15	8	16	1	8	3	15	10	10	3	4	9	5	6	3	7	8	12	13	7	6	8	7	2	13	9	11	12	7	8	12	14	9	3	10	13	14	15	1	3	15	6	4	12	16	5	5	9	14	13	1	10	3	2	16	10	12	12	7	5	15	1	14	3	1	5	9	2	11	5	15	16	9	14	16	12	12	12	11	15	12	7	12	16	2	13	12	12	8	12	1	15	16	12	2	2	15	9	7	1	14	14	10	5	10	13	10	12	8	12	7	9	11	7	2	13	16	10	6	8	1	11	11	8	10	13	10	5	9	1	2	2	9	14	3	14	3	9	10	7	9	9	10	8	4	4	15	7	15	15	7	16	2	15	2	6	16	7	7	13	3	14	16	1	10	9	5	15	14	12	6	16	13	8	7	15	8	16	8	4	9	7	10	12	12	2	3	14	3	6	2	1	6	5	11	5	15	7	9	14	5	4	15	3	4	8	15	11	13	8	16	11	11	16	2	5	16	13	12	3	6	9	9	9	14	3	9	2	14	10	13	16	11	1	14	16	5	1	7	15	12	8	14	6	15	15	2	3	1	13	14	10	5	4	15	11	1	14	11	12	11	4	4	7	2	15	1	13	12	10	4	7	16	5	3	3	3	14	16	10	11	11	1	12	2	5	8	12	2	5	13	13	5	12	7	15	10	6	9	4	15	16	6	12	6	12	6	12	13	9	6	8	12	7	11	5	8	10	3	14	7	10	13	11	1	12	1	2	15	9	12	1	16	7	2	3	15	16	8	2	13	15	10	6	8	10	13	8	8	11	3	15	7	4	13	5	10	4	16	8	6	7	16	15	7	15	5	3	12	7	14	14	3	2	13	16	16	12	7	15	14	3	3	12	13	12	9	15	12	7	7	14	8	2	4	16	4	12	8	12	5	15	4	7	16	4	16	12	3	10	4	2	7	11	2	11	2	8	8	12	12	12	14	11	10	11	5	15	16	11	15	3	12	15	4	9	16	12	14	5	9	13	6	7	2	1	16	1	14	14	15	15	13	14	3	10	6	5	7	5	4	7	15	14	3	2	10	9	1	12	13	3	2	11	1	5	15	11	5	14	6	1	6	3	11	10	6	14	1	13	4	6	4	12	11	9	16	12	5	9	12	15	7	5	3	11	6	10	16	16	2	12	7	16	4	3	13	15	5	16	3	10	1	1	3	4	8	7	7	8	9	15	2	15	10	14	13	13	1	9	12	4	4	15	4	12	6	16	16	12	2	2	13	12	7	11	4	12	10	7	7	10	1	7	14	4	4	12	8	8	10	5	1	16	8	9	15	1	9	10	4	12	7	11	5	12	12	13	9	10	3	7	4	15	5	7	13	11	14	10	4	5	3	12	13	16	12	3	8	3	4	1	13	5	6	11	12	1	13	7	3	14	7	4	3	1	11	9	10	13	10	7	9	16	9	1	2	10	3	8	11	2	11	5	11	4	11	4	1	6	9	3	14	8	4	10	5	15	4	8	4	3	4	3	6	13	3	8	7	6	9	10	5	2	6	4	3	7	9	5	8	6	15	13	9	1	6	7	1	16	1	14	5	13	4	8	9	5	1	13	10	15	9	3	6	13	2	8	12	3	7	3	10	2	12	8	13	12	8	16	8	14	1	10	4	5	5	10	3	15	13	5	2	13	1	14	2	8	2	9	8	4	4	2	12	8	8	7	2	7	8	5	2	8	16	4	9	13	9	9	12	2	13	6	13	5	4	7	16	8	4	10	1	15	14	2	2	3	7	6	16	8	9	15	9	9	14	1	1	12	11	10	5	3	16	2	14	8	9	1	7	8	11	13	1	7	12	9	8	7	2	8	7	6	16	3	4	12	5	4	10	7	8	7	10	
170	610	780	820	450	700	120	890	340	260	200	730	580	490	700	200	710	440	210	510	750	780	390	390	210	390	860	610	270	480	690	640	710	460	550	820	840	440	580	350	570	340	820	190	370	100	400	110	260	100	490	840	820	860	460	670	460	690	690	320	850	690	530	390	400	710	660	260	820	640	430	640	240	830	910	990	930	300	390	970	430	570	240	400	880	700	140	720	300	310	310	930	500	460	610	590	790	810	980	430	730	500	940	400	180	180	840	970	130	820	710	250	730	320	300	900	880	860	290	750	990	600	120	810	780	340	750	120	760	550	260	960	240	680	790	310	530	690	480	310	560	970	840	590	960	370	370	740	150	170	930	910	120	140	530	750	480	420	550	320	950	650	100	940	420	130	110	810	940	160	170	290	910	890	560	150	810	860	240	690	380	850	930	870	500	400	110	730	290	240	660	210	950	520	570	120	280	1000	290	880	230	410	580	840	470	880	280	130	970	500	620	560	900	710	1000	760	970	920	580	140	140	930	490	170	700	350	720	640	610	270	930	420	950	540	230	470	380	540	890	840	730	460	720	950	240	510	750	130	700	610	220	700	690	170	320	150	710	280	180	960	380	560	880	510	860	390	280	620	550	180	190	680	330	540	800	790	790	240	890	490	850	890	370	970	950	500	330	920	280	900	520	680	940	100	740	240	130	960	310	920	290	960	720	910	230	210	920	800	320	740	280	780	780	300	1000	670	820	120	320	750	370	760	280	230	970	980	370	340	530	370	450	310	200	550	840	700	200	580	1000	130	710	360	850	950	560	730	480	850	530	950	400	900	150	130	460	550	600	500	770	850	410	280	910	730	370	930	650	440	460	990	240	710	290	930	890	230	340	540	740	820	150	280	680	370	580	980	270	800	900	640	240	160	510	700	970	940	400	490	720	840	840	360	210	210	350	140	340	800	830	760	930	100	640	280	760	310	970	930	600	650	880	920	630	480	190	760	260	930	540	660	400	590	560	650	220	770	330	220	620	210	940	340	960	570	630	800	350	430	850	440	180	430	610	860	280	440	690	840	420	140	290	820	780	290	360	310	490	910	590	420	720	980	270	470	180	310	160	540	230	340	830	600	550	990	440	800	720	850	600	780	570	990	540	460	300	920	150	160	500	150	740	320	940	520	370	230	510	470	660	900	500	500	100	540	530	950	170	540	220	690	560	910	710	660	350	340	150	720	150	330	200	220	700	420	970	570	820	540	230	480	620	730	530	320	230	980	830	950	150	780	830	380	810	140	230	410	960	980	200	280	260	970	120	380	330	850	420	320	930	310	450	830	400	740	770	900	480	610	510	780	360	730	720	640	420	720	340	880	500	350	350	810	690	320	750	470	900	110	850	520	350	670	210	310	590	470	670	110	290	640	390	500	940	870	470	780	640	360	590	160	480	670	660	380	880	940	630	740	510	450	690	860	430	640	290	870	320	880	910	180	880	330	790	140	960	590	570	920	420	140	250	610	240	780	100	520	150	190	990	540	520	660	930	790	530	940	520	610	530	880	880	1000	910	110	120	200	430	190	230	730	670	620	240	150	340	960	100	830	610	210	560	970	540	470	130	830	950	630	820	430	290	150	140	370	300	380	160	210	630	720	320	130	160	590	970	970	720	790	650	170	290	400	780	880	540	290	460	790	470	670	510	930	410	520	470	120	810	530	260	430	480	580	970	770	360	870	540	700	770	830	350	500	590	480	180	930	940	650	430	640	940	630	920	330	680	850	190	670	420	670	410	790	610	830	760	640	150	870	790	440	670	380	880	780	170	260	520	480	320	140	480	120	430	450	550	510	720	980	540	730	520	820	730	950	790	790	670	250	480	260	380	200	470	610	170	930	660	420	950	310	900	150	130	460	370	850	790	540	590	140	120	200	700	310	620	740	280	770	940	620	830	700	780	150	820	750	340	900	200	400	690	840	220	310	680	890	600	590	980	330	700	530	690	640	740	190	450	320	130	460	910	330	990	170	470	500	230	460	500	980	900	910	830	480	530	150	240	490	640	130	490	170	530	640	220	190	830	970	720	290	880	970	220	660	540	550	280	840	480	720	240	560	210	660	460	300	110	920	250	700	930	820	600	370	110	240	770	1000	240	960	290	870	330	570	810	250	670	330	390	300	990	880	370	130	100	820	280	340	930	620	560	390	620	770	740	330	560	330	210	660	710	120	770	710	510	970	950	400	470	900	360	130	370	290	510	720	730	140	740	240	610	720	920	940	450	720	520	700	640	130	400	370	840	840	290	780	1000	320	370	990	170	930	710	270	450	370	660	360	340	520	260	250	370	390	550	890	970	460	170	160	950	860	500	660	460	300	640	880	140	660	300	410	980	920	890	530	370	630	100	1000	360	950	610	810	320	610	650	510	600	300	880	600	170	140	370	550	410	630	610	110	580	760	850	100	240	520	920	200	150	640	950	930	460	520	690	510	990	1000	160	960	340	900	730	260	890	350	450	470	820	590	990	610	390	800	510	770	970	360	770	730	720	670	840	940	320	540	930	990	950	780	260	190	130	490	750	920	450	1000	900	730	340	150	430	990	260	490	240	710	820	440	830	970	550	340	650	890	990	510	590	340	570	310	400	220	460	550	620	410	390	100	550	140	190	910	900	310	620	950	360	930	710	610	550	380	130	460	370	660	1000	100	580	990	630	720	690	190	460	440	960	140	280	280	670	940	160	350	510	530	850	580	850	620	540	820	460	810	640	440	770	210	240	540	370	870	470	210	840	280	230	380	670	490	480	180	130	280	740	680	330	130	770	490	500	160	170	660	770	350	520	870	830	220	660	240	520	690	960	340	260	730	360	570	630	130	240	140	830	250	380	290	150	780	520	370	540	350	280	700	470	650	120	120	220	620	160	650	1000	890	460	360	490	240	210	210	420	540	840	930	190	850	900	990	710	380	880	730	720	720	480	200	210	690	270	780	870	560	440	100	950	130	260	220	830	440	870	240	730	450	630	540	720	480	940	230	420	180	940	930	1000	200	710	150	260	940	940	210	690	890	950	850	550	580	910	460	990	440	970	540	590	570	950	180	800	530	760	870	330	380	500	280	200	130	740	290	890	400	640	920	410	650	940	330	400	640	920	570	700	890	580	300	450	820	400	510	930	520	610	560	840	740	910	140	160	200	270	610	650	660	100	190	330	330	200	680	390	820	430	370	420	960	700	290	970	860	140	630	950	730	590	120	640	250	750	730	580	620	970	320	880	180	930	150	280	220	220	500	370	790	580	570	970	710	180	460	250	460	870	920	180	690	1000	380	760	970	860	810	450	910	610	690	770	1000	420	400	190	830	260	650	940	160	420	580	440	530	850	930	260	920	770	940	750	840	580	420	610	270	830	520	530	700	670	160	330	360	530	420	390	690	490	700	770	400	240	600	210	920	170	190	1000	720	990	740	390	100	260	360	590	370	540	690	750	850	420	470	950	620	760	950	190	400	310	240	930	920	530	710	820	700	730	340	350	850	650	880	540	660	210	630	700	760	240	740	250	680	630	160	470	590	530	330	980	430	330	640	820	700	110	920	540	310	920	450	490	400	150	900	990	420	380	440	630	780	180	810	710	660	220	470	800	860	930	760	140	400	930	190	640	170	350	670	740	510	320	710	530	830	460	790	700	810	810	690	320	520	550	180	380	380	650	840	930	390	350	520	400	260	390	990	600	350	1000	350	170	540	180	760	240	220	380	920	810	980	980	190	700	810	500	450	500	400	390	450	1000	120	110	610	950	810	950	440	400	530	850	990	240	910	690	550	600	890	420	550	200	600	670	170	720	960	960	240	420	950	740	790	520	750	350	510	230	930	620	660	140	650	980	690	680	680	940	970	280	180	240	730	690	650	900	640	220	300	720	570	220	500	370	860	390	940	360	410	540	180	180	500	550	350	780	630	610	920	500	700	140	450	150	220	750	530	110	980	740	330	900	930	590	380	500	910	410	950	280	290	110	660	960	730	160	380	500	410	680	140	570	170	820	380	420	370	600	520	390	880	380	440	660	200	350	910	180	350	560	790	600	770	760	970	860	540	200	400	240	160	760	570	830	230	610	360	900	760	250	120	560	580	720	650	700	490	350	950	480	310	230	160	570	940	480	890	390	660	510	240	810	690	710	880	590	590	910	870	360	410	610	410	960	610	660	470	890	750	870	700	590	900	430	190	210	330	760	340	430	340	870	340	230	920	130	310	690	110	510	750	800	150	800	730	570	300	630	830	390	530	150	470	550	480	670	860	910	490	610	620	140	510	760	920	830	880	300	560	230	760	270	580	340	660	640	190	840	700	790	910	470	290	280	460	400	580	230	400	450	570	510	380	430	330	960	860	630	310	580	870	900	100	730	420	170	240	1000	830	590	380	540	320	410	980	470	900	100	950	380	150	740	260	110	200	400	680	940	540	880	730	280	850	320	360	650	210	430	510	420	500	730	860	280	300	150	870	750	470	300	330	590	710	190	710	960	780	450	500	600	570	120	550	100	400	280	910	520	770	590	150	770	420	260	650	420	310	420	630	390	630	650	710	660	410	1000	400	320	690	260	720	630	670	100	490	700	430	570	550	800	460	310	250	510	880	310	940	110	870	220	400	730	610	600	720	730	660	550	760	310	310	720	910	320	370	680	550	160	170	200	290	420	960	970	190	990	340	850	700	1000	220	820	130	380	310	790	970	340	260	180	230	450	930	510	740	600	510	500	660	100	730	890	180	280	910	310	460	890	910	210	930	970	970	940	220	510	560	210	930	570	570	970	650	570	620	960	910	370	200	260	110	610	460	820	490	600	480	190	790	380	400	700	970	590	950	960	630	440	360	870	290	330	850	520	100	980	440	260	320	610	120	970	870	320	860	550	820	440	740	230	620	930	910	470	180	700	810	600	310	170	970	750	310	700	760	640	930	420	400	520	500	350	250	920	530	510	970	570	640	860	470	270	860	980	220	740	660	750	690	940	930	930	340	910	450	150	280	540	990	520	510	360	740	240	540	860	630	820	310	300	300	950	260	540	210	270	430	710	830	560	400	200	720	980	690	940	990	720	810	240	320	280	810	540	700	390	480	430	820	350	670	600	970	920	690	1000	400	260	860	660	200	200	670	340	190	230	120	170	470	510	640	300	430	290	520	800	840	800	530	690	390	710	940	180	100	470	900	100	370	960	970	160	610	860	700	100	920	580	660	410	750	240	140	610	260	860	180	270	850	1000	470	300	990	220	930	300	780	580	930	960	200	460	740	200	950	240	630	330	300	180	430	470	490	560	590	160	840	420	810	100	870	280	910	740	330	210	440	950	940	370	210	880	310	720	570	470	380	220	190	610	550	870	270	430	550	800	940	460	250	1000	640	650	200	400	880	790	440	970	610	160	970	210	200	540	350	830	260	580	300	470	920	880	980	430	680	280	150	210	700	370	270	230	520	490	940	920	690	610	900	370	730	880	830	780	860	800	110	790	100	840	260	600	140	860	370	650	680	220	580	350	260	590	870	590	880	730	980	630	180	340	560	630	430	130	940	130	120	730	930	350	260	790	750	710	490	490	490	190	470	410	780	810	240	970	450	170	700	740	150	620	130	220	610	340	570	610	570	120	370	950	210	950	450	190	110	720	520	780	360	150	630	720	810	530	730	520	630	570	450	490	510	630	250	420	710	440	740	320	270	860	200	530	140	440	270	790	510	560	610	200	100	400	110	740	240	660	110	530	900	640	300	160	180	480	170	430	670	310	660	180	320	440	160	410	750	290	790	850	800	860	960	200	440	370	830	510	770	790	850	420	680	940	280	440	570	300	930	610	120	860	870	440	290	650	830	280	960	410	490	570	880	920	1000	300	930	360	540	830	180	290	220	820	930	490	240	770	610	880	990	340	850	990	550	890	760	960	950	470	650	970	830	620	590	370	420	400	370	120	520	540	200	300	300	460	800	670	140	520	840	930	560	910	590	880	380	860	290	840	530	880	260	340	910	650	980	110	120	110	560	910	960	460	590	570	420	100	140	660	160	840	880	680	920	980	210	890	960	330	1000	190	560	660	660	690	600	360	540	970	520	570	520	580	360	120	780	890	850	640	280	830	710	280	580	810	910	670	910	970	880	340	630	190	810	830	840	590	210	810	420	780	590	980	520	220	580	830	310	150	300	560	900	990	680	480	810	910	200	120	440	360	630	490	970	800	940	550	580	950	310	710	650	900	260	320	410	460	540	960	770	250	380	190	520	920	890	160	780	590	150	680	850	260	990	430	150	100	410	120	790	810	760	830	700	710	670	120	630	150	860	840	480	740	930	930	420	200	250	200	500	890	520	150	930	130	810	460	290	250	220	560	510	440	140	850	220	130	550	100	840	200	110	460	560	720	480	360	210	420	250	330	800	880	190	740	760	290	500	490	390	190	480	380	970	870	590	720	640	300	1000	630	390	530	570	850	720	330	480	220	190	560	170	1000	770	370	100	650	460	650	780	160	420	610	430	440	840	900	970	960	560	100	260	790	780	330	610	420	920	240	230	100	860	620	130	510	750	970	840	530	560	420	990	950	410	220	120	500	890	290	570	220	930	760	970	360	670	620	860	890	920	200	800	860	590	790	410	250	690	530	1000	740	690	660	180	160	250	760	350	220	940	360	930	140	410	150	590	610	730	900	670	710	270	730	340	250	950	840	750	530	450	100	820	170	930	700	570	370	180	570	160	250	800	620	650	850	820	580	480	650	920	750	610	660	190	160	760	990	680	380	650	520	930	170	690	210	480	280	850	250	430	850	530	940	430	280	160	850	160	950	870	760	410	790	150	370	200	540	350	900	130	570	550	620	200	340	1000	450	590	720	170	920	210	580	130	430	660	310	780	620	310	970	470	150	210	530	870	960	920	930	880	560	360	930	780	640	200	650	950	920	960	130	920	370	970	140	120	690	130	540	350	500	530	410	570	970	210	700	340	750	940	830	970	270	130	390	830	470	550	670	750	780	900	600	150	610	410	450	660	220	600	690	430	190	220	510	910	350	720	540	390	820	480	750	1000	130	920	110	920	320	910	290	450	660	350	1000	970	940	270	590	560	540	740	320	120	920	480	720	360	360	600	100	260	870	130	920	640	290	280	130	290	660	650	370	960	560	420	910	240	120	760	680	130	120	640	740	820	460	430	710	920	430	820	240	580	290	240	210	490	660	210	960	790	940	290	350	440	820	810	950	590	930	780	320	940	450	390	130	780	420	710	960	420	740	360	100	410	390	670	350	700	900	840	940	390	550	780	150	680	740	760	560	610	910	780	870	180	610	640	890	590	400	830	480	430	420	110	690	810	830	140	970	270	260	320	400	170	250	220	960	910	530	360	710	390	580	470	870	690	570	200	200	260	530	410	690	950	690	900	470	960	380	760	330	170	590	710	220	680	700	110	820	800	330	170	600	640	760	250	990	570	160	690	500	980	650	890	640	570	140	220	600	230	530	890	700	840	430	290	480	130	970	790	160	950	410	190	420	260	900	650	300	790	790	640	200	890	650	340	670	300	400	820	760	120	280	220	890	540	540	330	600	870	710	300	530	970	710	260	440	830	550	710	920	530	480	970	870	470	510	520	700	400	200	300	600	350	550	820	530	270	610	850	620	780	670	790	550	850	270	530	580	740	340	590	320	290	550	450	870	530	350	990	890	490	540	150	480	100	640	630	780	140	660	760	500	640	680	140	150	150	360	730	800	860	230	720	840	290	650	260	720	110	820	410	410	740	610	160	590	550	200	190	500	670	890	620	730	540	1000	170	670	260	920	240	480	430	810	1000	830	140	120	520	370	130	370	460	980	320	940	860	260	390	510	930	240	940	910	340	390	420	940	250	300	500	710	800	930	850	380	300	220	570	500	460	880	1000	290	640	990	750	760	970	840	920	960	
1
