4455
100
3
90
0	0	0	0	0	0	0	0	0	192	0	0	192	0	0	0	0	0	0	0	0	0	0	0	0	0	0	0	0	0	0	0	0	0	0	0	0	0	0	0	0	0	0	0	0	0	0	0	0	0	192	0	0	0	0	0	0	0	0	0	0	0	0	0	0	0	0	192	0	0	0	0	0	0	0	0	0	0	0	0	0	0	0	0	0	0	0	0	0	0	0	0	0	0	0	0	0	0	0	0	
0	0	0	0	0	0	0	0	0	0	0	0	0	0	0	0	0	0	192	0	0	0	0	0	0	0	0	0	0	0	0	0	0	0	0	0	0	0	0	0	0	0	192	0	0	0	0	0	0	0	0	0	0	0	0	0	0	0	0	0	0	0	0	0	0	0	0	0	0	0	0	0	0	192	0	0	0	0	0	0	0	0	0	0	0	0	0	0	0	0	0	0	0	0	0	0	0	0	0	0	
0	0	0	0	0	0	0	0	0	0	0	0	0	0	0	0	0	0	0	0	0	0	0	0	0	0	192	0	0	0	0	0	0	0	0	0	0	0	0	0	0	0	0	0	0	0	0	0	0	0	0	0	0	0	0	0	0	0	0	0	0	0	0	0	0	0	0	0	0	0	0	0	0	0	0	192	0	0	0	0	0	0	192	0	0	0	0	0	0	0	0	0	0	0	0	0	0	0	0	0	
0	0	0	0	0	0	0	192	0	0	0	0	0	0	0	0	0	0	0	0	0	0	0	0	192	0	0	0	0	0	0	0	0	0	0	0	0	0	0	0	0	0	0	0	0	0	0	0	0	0	0	0	0	0	0	0	0	0	0	0	0	0	0	0	0	0	0	0	0	0	0	0	0	0	0	0	0	0	0	0	0	0	0	0	0	192	0	0	0	0	0	0	0	0	0	0	0	0	0	0	
0	0	0	0	0	0	0	0	0	0	0	0	0	0	0	0	0	0	0	0	0	0	0	0	0	0	0	0	0	0	0	0	0	0	0	0	0	0	0	0	0	192	0	0	0	0	0	0	0	0	0	0	0	192	0	0	0	0	0	0	0	192	0	0	0	0	0	0	0	0	0	0	0	0	0	0	0	0	0	0	0	0	0	0	0	0	0	0	0	0	0	0	0	0	0	0	0	0	0	0	
0	0	0	0	0	0	0	0	0	0	0	0	0	0	0	0	0	0	0	0	0	0	0	0	0	0	0	0	0	0	0	0	0	0	0	0	0	0	0	0	0	0	0	0	0	0	0	0	0	0	0	192	0	0	0	0	0	0	0	0	0	0	0	0	0	0	0	0	0	0	0	0	192	0	192	0	0	0	0	0	0	0	0	0	0	0	0	0	0	0	0	0	0	0	0	0	0	0	0	0	
0	0	0	0	0	0	0	0	0	0	0	0	0	0	0	0	0	0	0	0	0	0	0	0	0	0	0	0	0	0	0	0	0	192	0	0	0	0	0	0	0	0	0	0	0	0	0	0	0	0	0	0	192	0	0	0	0	0	0	0	0	0	0	0	0	0	0	0	0	0	0	0	0	0	0	0	0	0	0	0	0	0	0	0	0	0	0	0	0	0	0	0	0	0	0	192	0	0	0	0	
0	0	0	192	0	0	0	0	0	0	0	0	0	0	0	0	0	0	0	0	0	0	0	0	0	0	0	0	0	0	0	0	0	0	0	0	0	0	0	0	0	0	0	0	0	0	192	0	0	0	0	0	0	0	0	0	0	0	0	192	0	0	0	0	0	0	0	0	0	0	0	0	0	0	0	0	0	0	0	0	0	0	0	0	0	0	0	0	0	0	0	0	0	0	0	0	0	0	0	0	
0	0	0	0	0	0	0	0	0	0	0	0	0	0	0	0	0	0	0	0	192	0	0	0	0	0	0	0	0	0	0	0	0	0	0	0	0	0	0	0	0	0	0	0	0	0	0	0	0	0	0	0	0	0	0	0	192	0	0	0	0	0	0	0	0	192	0	0	0	0	0	0	0	0	0	0	0	0	0	0	0	0	0	0	0	0	0	0	0	0	0	0	0	0	0	0	0	0	0	0	
192	0	0	0	0	0	0	0	0	0	192	0	0	0	192	0	0	0	0	0	0	0	0	0	0	0	0	0	0	0	0	0	0	0	0	0	0	0	192	0	0	0	0	0	0	0	0	0	0	0	0	0	0	0	0	0	0	0	0	0	0	0	0	0	0	0	0	0	0	0	0	0	0	0	0	0	0	0	0	0	0	0	0	0	0	0	0	0	0	0	0	0	0	0	0	0	0	0	0	0	
0	0	0	0	0	0	0	0	0	192	0	0	0	0	192	0	0	0	0	0	0	0	0	0	0	0	0	0	0	0	0	0	0	0	0	0	0	0	192	0	0	0	0	0	0	0	0	0	0	0	0	0	0	0	0	0	0	0	0	0	0	0	0	0	0	0	0	0	0	0	0	0	0	0	0	0	0	0	0	0	0	0	0	0	0	0	0	0	0	0	0	0	0	0	0	0	0	0	0	0	
0	0	0	0	0	0	0	0	0	0	0	0	0	0	0	0	0	0	0	0	0	0	0	0	0	0	0	0	0	0	0	0	0	0	0	0	192	0	0	0	0	0	0	0	0	0	0	0	0	0	0	0	0	0	0	0	0	0	0	0	0	0	0	0	0	0	0	0	0	0	0	192	0	0	0	0	0	0	0	0	0	0	0	0	0	0	0	0	0	0	0	0	0	0	0	0	0	0	0	192	
192	0	0	0	0	0	0	0	0	0	0	0	0	0	0	0	0	192	0	0	0	0	0	0	0	0	0	0	0	0	0	0	0	0	0	0	0	0	0	0	0	0	0	0	0	0	0	0	0	0	0	0	0	0	0	0	0	0	0	0	0	0	0	0	0	0	0	192	0	0	0	0	0	0	0	0	0	0	0	0	0	0	0	0	0	0	0	0	0	0	0	0	0	0	0	0	0	0	0	0	
0	0	0	0	0	0	0	0	0	0	0	0	0	0	0	0	0	192	0	0	0	0	0	0	0	0	192	0	0	0	192	0	0	0	0	0	0	0	0	0	0	0	0	0	0	0	0	0	0	0	0	0	0	0	0	0	0	0	0	0	0	0	0	0	0	0	0	0	0	0	0	0	0	0	0	0	0	0	0	0	0	0	0	0	0	0	0	0	0	0	0	0	0	0	0	0	0	0	0	0	
0	0	0	0	0	0	0	0	0	192	192	0	0	0	0	0	0	0	0	0	0	0	0	0	0	0	0	0	0	0	0	0	0	0	0	0	0	0	192	0	0	0	0	0	0	0	0	0	0	0	0	0	0	0	0	0	0	0	0	0	0	0	0	0	0	0	0	0	0	0	0	0	0	0	0	0	0	0	0	0	0	0	0	0	0	0	0	0	0	0	0	0	0	0	0	0	0	0	0	0	
0	0	0	0	0	0	0	0	0	0	0	0	0	0	0	0	0	0	0	0	0	0	0	0	0	0	0	0	0	0	0	0	0	0	0	0	0	0	0	0	192	0	0	0	0	0	0	0	0	0	0	0	0	0	0	0	0	0	0	0	0	0	0	0	0	0	0	0	0	0	0	0	0	0	0	0	0	0	0	0	192	0	0	0	0	0	0	0	0	0	0	192	0	0	0	0	0	0	0	0	
0	0	0	0	0	0	0	0	0	0	0	0	0	0	0	0	0	0	0	0	0	0	0	0	0	0	0	0	0	0	0	0	0	0	0	0	0	0	0	0	0	0	0	192	0	0	0	0	0	0	0	0	0	0	0	0	0	0	0	0	0	0	0	0	0	0	0	0	0	0	0	0	0	0	0	0	0	0	0	0	0	0	0	0	0	192	0	0	0	0	0	0	192	0	0	0	0	0	0	0	
0	0	0	0	0	0	0	0	0	0	0	0	192	192	0	0	0	0	0	0	0	0	0	0	0	0	0	0	0	0	0	0	0	0	0	0	0	0	0	0	0	0	0	0	0	0	0	0	0	0	0	0	0	0	0	0	0	0	0	0	0	0	0	0	0	0	0	0	0	0	0	0	0	0	0	0	0	0	0	0	0	0	0	0	0	192	0	0	0	0	0	0	0	0	0	0	0	0	0	0	
0	192	0	0	0	0	0	0	0	0	0	0	0	0	0	0	0	0	0	0	0	0	0	0	0	0	0	0	0	0	0	0	0	0	0	0	0	0	0	0	0	0	192	0	0	0	0	0	0	0	0	0	0	0	0	0	0	0	0	0	0	0	0	0	0	0	0	0	0	0	0	0	0	0	0	0	0	192	0	0	0	0	0	0	0	0	0	0	0	0	0	0	0	0	0	0	0	0	0	0	
0	0	0	0	0	0	0	0	0	0	0	0	0	0	0	0	0	0	0	0	0	0	0	0	0	0	0	0	0	0	0	0	0	0	0	0	0	0	0	0	0	0	0	0	0	0	0	0	192	0	0	0	0	0	0	0	0	0	0	0	0	0	0	0	0	0	0	0	0	0	0	0	0	0	0	0	0	0	0	0	0	0	0	0	0	0	192	0	0	0	0	0	0	0	192	0	0	0	0	0	
0	0	0	0	0	0	0	0	192	0	0	0	0	0	0	0	0	0	0	0	0	0	0	0	0	0	0	0	0	0	0	0	0	0	0	0	0	0	0	0	0	0	0	0	0	0	0	0	0	0	0	0	0	0	0	0	0	0	0	0	192	0	0	0	0	192	0	0	0	0	0	0	0	0	0	0	0	0	0	0	0	0	0	0	0	0	0	0	0	0	0	0	0	0	0	0	0	0	0	0	
0	0	0	0	0	0	0	0	0	0	0	0	0	0	0	0	0	0	0	0	0	0	0	0	0	0	0	0	0	0	0	0	0	0	0	0	0	0	0	0	0	0	0	0	0	0	0	0	0	0	0	0	192	0	0	0	0	0	192	0	0	0	0	0	0	0	0	0	0	0	0	0	0	0	0	0	0	0	0	0	0	0	0	0	0	0	0	0	0	192	0	0	0	0	0	0	0	0	0	0	
0	0	0	0	0	0	0	0	0	0	0	0	0	0	0	0	0	0	0	0	0	0	0	192	0	0	0	0	0	0	0	0	0	0	0	0	0	0	0	0	0	0	0	0	0	0	0	0	0	0	0	0	0	0	0	0	0	0	0	0	0	0	0	0	0	0	0	0	0	0	0	0	0	0	0	0	0	0	0	0	0	0	0	0	0	0	0	0	192	0	0	0	0	0	0	0	192	0	0	0	
0	0	0	0	0	0	0	0	0	0	0	0	0	0	0	0	0	0	0	0	0	0	192	0	0	0	0	0	192	0	0	0	0	0	0	0	0	0	0	0	0	0	0	0	0	0	0	0	0	0	0	0	0	192	0	0	0	0	0	0	0	0	0	0	0	0	0	0	0	0	0	0	0	0	0	0	0	0	0	0	0	0	0	0	0	0	0	0	0	0	0	0	0	0	0	0	0	0	0	0	
0	0	0	192	0	0	0	0	0	0	0	0	0	0	0	0	0	0	0	0	0	0	0	0	0	0	0	0	0	0	0	0	0	0	0	0	0	192	0	0	0	0	0	0	0	0	0	0	0	0	0	0	0	0	0	0	0	0	0	192	0	0	0	0	0	0	0	0	0	0	0	0	0	0	0	0	0	0	0	0	0	0	0	0	0	0	0	0	0	0	0	0	0	0	0	0	0	0	0	0	
0	0	0	0	0	0	0	0	0	0	0	0	0	0	0	0	0	0	0	0	0	0	0	0	0	0	0	0	0	0	0	0	0	0	192	0	0	0	0	0	0	0	0	0	0	0	0	0	0	0	0	0	0	0	0	0	0	0	0	0	0	0	0	0	0	0	0	192	0	0	192	0	0	0	0	0	0	0	0	0	0	0	0	0	0	0	0	0	0	0	0	0	0	0	0	0	0	0	0	0	
0	0	192	0	0	0	0	0	0	0	0	0	0	192	0	0	0	0	0	0	0	0	0	0	0	0	0	0	0	0	0	0	0	0	0	0	0	0	0	0	0	0	0	0	0	0	0	0	0	0	0	0	0	0	0	0	0	0	0	0	0	0	0	0	0	0	0	0	0	0	0	0	0	0	0	192	0	0	0	0	0	0	0	0	0	0	0	0	0	0	0	0	0	0	0	0	0	0	0	0	
0	0	0	0	0	0	0	0	0	0	0	0	0	0	0	0	0	0	0	0	0	0	0	0	0	0	0	0	0	0	0	0	0	0	0	0	0	0	0	192	0	0	0	0	0	192	0	0	0	0	0	0	0	0	0	0	0	0	0	0	0	192	0	0	0	0	0	0	0	0	0	0	0	0	0	0	0	0	0	0	0	0	0	0	0	0	0	0	0	0	0	0	0	0	0	0	0	0	0	0	
0	0	0	0	0	0	0	0	0	0	0	0	0	0	0	0	0	0	0	0	0	0	0	192	0	0	0	0	0	0	0	0	192	0	0	192	0	0	0	0	0	0	0	0	0	0	0	0	0	0	0	0	0	0	0	0	0	0	0	0	0	0	0	0	0	0	0	0	0	0	0	0	0	0	0	0	0	0	0	0	0	0	0	0	0	0	0	0	0	0	0	0	0	0	0	0	0	0	0	0	
0	0	0	0	0	0	0	0	0	0	0	0	0	0	0	0	0	0	0	0	0	0	0	0	0	0	0	0	0	0	0	0	0	0	0	0	0	0	0	0	0	0	0	0	0	0	0	0	0	0	0	0	0	0	0	0	0	192	0	0	0	0	0	0	0	0	0	0	0	0	0	0	0	0	0	0	0	0	0	192	0	0	0	0	0	0	0	0	0	0	0	192	0	0	0	0	0	0	0	0	
0	0	0	0	0	0	0	0	0	0	0	0	0	192	0	0	0	0	0	0	0	0	0	0	0	0	0	0	0	0	0	0	0	0	0	0	0	0	0	0	0	0	0	0	0	0	0	0	0	0	0	0	0	0	0	0	0	0	0	0	0	0	0	0	0	0	0	0	0	0	0	0	0	0	0	192	0	0	0	0	192	0	0	0	0	0	0	0	0	0	0	0	0	0	0	0	0	0	0	0	
0	0	0	0	0	0	0	0	0	0	0	0	0	0	0	0	0	0	0	0	0	0	0	0	0	0	0	0	0	0	0	0	0	0	0	0	0	0	0	0	0	0	0	0	0	0	192	0	0	0	0	0	0	0	0	0	0	0	0	192	0	0	0	0	0	0	0	0	0	0	0	0	0	0	0	0	0	0	0	0	0	0	0	0	192	0	0	0	0	0	0	0	0	0	0	0	0	0	0	0	
0	0	0	0	0	0	0	0	0	0	0	0	0	0	0	0	0	0	0	0	0	0	0	0	0	0	0	0	192	0	0	0	0	0	0	192	0	0	0	0	0	0	0	0	0	0	0	0	192	0	0	0	0	0	0	0	0	0	0	0	0	0	0	0	0	0	0	0	0	0	0	0	0	0	0	0	0	0	0	0	0	0	0	0	0	0	0	0	0	0	0	0	0	0	0	0	0	0	0	0	
0	0	0	0	0	0	192	0	0	0	0	0	0	0	0	0	0	0	0	0	0	0	0	0	0	0	0	0	0	0	0	0	0	0	0	0	0	0	0	0	0	0	0	0	0	192	0	0	0	0	0	0	192	0	0	0	0	0	0	0	0	0	0	0	0	0	0	0	0	0	0	0	0	0	0	0	0	0	0	0	0	0	0	0	0	0	0	0	0	0	0	0	0	0	0	0	0	0	0	0	
0	0	0	0	0	0	0	0	0	0	0	0	0	0	0	0	0	0	0	0	0	0	0	0	0	192	0	0	0	0	0	0	0	0	0	0	0	0	0	0	0	0	0	0	0	0	0	0	0	0	0	0	0	0	0	0	0	0	0	0	0	0	0	0	0	0	0	0	0	0	0	0	0	0	0	0	0	0	0	0	0	0	0	0	0	0	192	0	0	0	0	0	0	0	192	0	0	0	0	0	
0	0	0	0	0	0	0	0	0	0	0	0	0	0	0	0	0	0	0	0	0	0	0	0	0	0	0	0	192	0	0	0	192	0	0	0	0	0	0	0	0	0	0	0	0	0	0	0	192	0	0	0	0	0	0	0	0	0	0	0	0	0	0	0	0	0	0	0	0	0	0	0	0	0	0	0	0	0	0	0	0	0	0	0	0	0	0	0	0	0	0	0	0	0	0	0	0	0	0	0	
0	0	0	0	0	0	0	0	0	0	0	192	0	0	0	0	0	0	0	0	0	0	0	0	0	0	0	0	0	0	0	0	0	0	0	0	0	0	0	0	0	0	0	0	0	0	0	0	0	0	0	0	0	0	0	0	0	0	0	0	0	0	0	0	0	0	0	0	0	0	0	192	0	0	0	0	0	0	0	0	0	0	0	0	0	0	0	0	0	0	0	0	0	0	0	0	0	0	0	192	
0	0	0	0	0	0	0	0	0	0	0	0	0	0	0	0	0	0	0	0	0	0	0	0	192	0	0	0	0	0	0	0	0	0	0	0	0	0	0	0	0	0	0	0	0	0	192	0	0	0	0	0	0	0	0	0	0	0	0	0	0	0	0	0	0	0	0	0	0	0	0	0	0	0	0	0	0	0	0	0	0	0	0	0	192	0	0	0	0	0	0	0	0	0	0	0	0	0	0	0	
0	0	0	0	0	0	0	0	0	192	192	0	0	0	192	0	0	0	0	0	0	0	0	0	0	0	0	0	0	0	0	0	0	0	0	0	0	0	0	0	0	0	0	0	0	0	0	0	0	0	0	0	0	0	0	0	0	0	0	0	0	0	0	0	0	0	0	0	0	0	0	0	0	0	0	0	0	0	0	0	0	0	0	0	0	0	0	0	0	0	0	0	0	0	0	0	0	0	0	0	
0	0	0	0	0	0	0	0	0	0	0	0	0	0	0	0	0	0	0	0	0	0	0	0	0	0	0	192	0	0	0	0	0	0	0	0	0	0	0	0	0	0	0	0	0	192	0	0	0	0	0	0	0	0	0	0	0	0	0	0	0	0	0	0	0	0	0	0	0	0	0	0	192	0	0	0	0	0	0	0	0	0	0	0	0	0	0	0	0	0	0	0	0	0	0	0	0	0	0	0	
0	0	0	0	0	0	0	0	0	0	0	0	0	0	0	192	0	0	0	0	0	0	0	0	0	0	0	0	0	0	0	0	0	0	0	0	0	0	0	0	0	0	0	0	0	0	0	0	0	0	0	0	0	0	0	0	0	0	0	0	0	0	0	0	192	0	0	0	0	0	0	0	0	0	0	0	0	0	0	0	192	0	0	0	0	0	0	0	0	0	0	0	0	0	0	0	0	0	0	0	
0	0	0	0	192	0	0	0	0	0	0	0	0	0	0	0	0	0	0	0	0	0	0	0	0	0	0	0	0	0	0	0	0	0	0	0	0	0	0	0	0	0	0	0	0	0	0	0	0	0	0	0	0	0	0	0	0	0	0	0	0	0	0	0	0	0	0	0	0	0	192	0	0	0	0	0	0	0	0	0	0	192	0	0	0	0	0	0	0	0	0	0	0	0	0	0	0	0	0	0	
0	192	0	0	0	0	0	0	0	0	0	0	0	0	0	0	0	0	192	0	0	0	0	0	0	0	0	0	0	0	0	0	0	0	0	0	0	0	0	0	0	0	0	0	0	0	0	0	0	0	0	0	0	0	0	0	0	0	0	0	0	0	0	0	0	0	0	0	0	0	0	0	0	0	0	0	0	192	0	0	0	0	0	0	0	0	0	0	0	0	0	0	0	0	0	0	0	0	0	0	
0	0	0	0	0	0	0	0	0	0	0	0	0	0	0	0	192	0	0	0	0	0	0	0	0	0	0	0	0	0	0	0	0	0	0	0	0	0	0	0	0	0	0	0	0	0	0	0	0	0	192	0	0	0	0	0	0	0	0	0	0	0	0	0	0	0	0	0	0	0	0	0	0	0	0	0	0	0	0	0	0	0	0	0	0	0	0	0	0	0	0	0	192	0	0	0	0	0	0	0	
0	0	0	0	0	0	0	0	0	0	0	0	0	0	0	0	0	0	0	0	0	0	0	0	0	0	0	0	0	0	0	0	0	0	0	0	0	0	0	0	0	0	0	0	0	0	0	192	0	0	0	0	0	0	0	0	0	0	0	0	0	0	0	0	0	0	0	0	0	0	0	0	0	0	0	0	0	0	0	0	0	0	0	0	0	0	0	0	0	0	192	0	0	0	0	192	0	0	0	0	
0	0	0	0	0	0	0	0	0	0	0	0	0	0	0	0	0	0	0	0	0	0	0	0	0	0	0	192	0	0	0	0	0	192	0	0	0	0	0	192	0	0	0	0	0	0	0	0	0	0	0	0	0	0	0	0	0	0	0	0	0	0	0	0	0	0	0	0	0	0	0	0	0	0	0	0	0	0	0	0	0	0	0	0	0	0	0	0	0	0	0	0	0	0	0	0	0	0	0	0	
0	0	0	0	0	0	0	192	0	0	0	0	0	0	0	0	0	0	0	0	0	0	0	0	0	0	0	0	0	0	0	192	0	0	0	0	0	192	0	0	0	0	0	0	0	0	0	0	0	0	0	0	0	0	0	0	0	0	0	0	0	0	0	0	0	0	0	0	0	0	0	0	0	0	0	0	0	0	0	0	0	0	0	0	0	0	0	0	0	0	0	0	0	0	0	0	0	0	0	0	
0	0	0	0	0	0	0	0	0	0	0	0	0	0	0	0	0	0	0	0	0	0	0	0	0	0	0	0	0	0	0	0	0	0	0	0	0	0	0	0	0	0	0	0	192	0	0	0	0	0	0	0	0	0	0	0	0	0	0	0	0	0	0	0	0	0	0	0	0	0	0	0	0	0	0	0	0	0	0	0	0	0	0	0	0	0	0	0	0	0	192	0	0	0	0	192	0	0	0	0	
0	0	0	0	0	0	0	0	0	0	0	0	0	0	0	0	0	0	0	192	0	0	0	0	0	0	0	0	0	0	0	0	192	0	0	192	0	0	0	0	0	0	0	0	0	0	0	0	0	0	0	0	0	0	0	0	0	0	0	0	0	0	0	0	0	0	0	0	0	0	0	0	0	0	0	0	0	0	0	0	0	0	0	0	0	0	0	0	0	0	0	0	0	0	0	0	0	0	0	0	
0	0	0	0	0	0	0	0	0	0	0	0	0	0	0	0	0	0	0	0	0	0	0	0	0	0	0	0	0	0	0	0	0	0	0	0	0	0	0	0	0	0	0	0	0	0	0	0	0	0	0	0	0	0	0	0	0	0	0	0	0	0	0	0	0	0	0	0	0	0	0	0	0	0	0	0	0	0	0	0	0	0	0	0	192	0	0	192	0	0	0	192	0	0	0	0	0	0	0	0	
192	0	0	0	0	0	0	0	0	0	0	0	0	0	0	0	0	0	0	0	0	0	0	0	0	0	0	0	0	0	0	0	0	0	0	0	0	0	0	0	0	0	0	192	0	0	0	0	0	0	0	0	0	0	0	0	0	0	0	0	0	0	0	0	0	0	0	0	0	0	0	0	0	192	0	0	0	0	0	0	0	0	0	0	0	0	0	0	0	0	0	0	0	0	0	0	0	0	0	0	
0	0	0	0	0	192	0	0	0	0	0	0	0	0	0	0	0	0	0	0	0	0	0	0	0	0	0	0	0	0	0	0	0	0	0	0	0	0	0	0	0	0	0	0	0	0	0	0	0	0	0	0	0	0	0	0	0	0	0	0	0	0	0	0	0	0	192	0	0	0	0	0	0	0	192	0	0	0	0	0	0	0	0	0	0	0	0	0	0	0	0	0	0	0	0	0	0	0	0	0	
0	0	0	0	0	0	192	0	0	0	0	0	0	0	0	0	0	0	0	0	0	192	0	0	0	0	0	0	0	0	0	0	0	192	0	0	0	0	0	0	0	0	0	0	0	0	0	0	0	0	0	0	0	0	0	0	0	0	0	0	0	0	0	0	0	0	0	0	0	0	0	0	0	0	0	0	0	0	0	0	0	0	0	0	0	0	0	0	0	0	0	0	0	0	0	0	0	0	0	0	
0	0	0	0	192	0	0	0	0	0	0	0	0	0	0	0	0	0	0	0	0	0	0	192	0	0	0	0	0	0	0	0	0	0	0	0	0	0	0	0	0	0	0	0	0	0	0	0	0	0	0	0	0	0	0	0	0	0	0	0	0	192	0	0	0	0	0	0	0	0	0	0	0	0	0	0	0	0	0	0	0	0	0	0	0	0	0	0	0	0	0	0	0	0	0	0	0	0	0	0	
0	0	0	0	0	0	0	0	0	0	0	0	0	0	0	0	0	0	0	0	0	0	0	0	0	0	0	0	0	0	0	0	0	0	0	0	0	0	0	0	0	0	0	0	0	0	0	0	0	0	0	0	0	0	0	0	0	0	0	0	0	0	0	0	0	0	192	0	0	0	0	0	0	0	192	0	0	0	0	0	0	0	0	0	0	0	0	0	0	0	192	0	0	0	0	0	0	0	0	0	
0	0	0	0	0	0	0	0	0	0	0	0	0	0	0	0	0	0	0	0	0	0	0	0	0	0	0	0	0	0	0	0	0	0	0	0	0	0	0	0	0	0	0	0	0	0	0	0	0	0	0	0	0	0	0	0	0	0	0	0	0	0	0	0	0	0	0	0	0	0	0	0	0	0	0	0	0	0	0	0	0	0	0	0	0	0	0	0	0	0	0	0	0	192	0	0	0	192	0	192	
0	0	0	0	0	0	0	0	192	0	0	0	0	0	0	0	0	0	0	0	0	0	0	0	0	0	0	0	0	0	0	0	0	0	0	0	0	0	0	0	0	0	0	0	0	0	0	0	0	0	0	0	0	0	0	0	0	0	0	0	0	0	0	0	0	192	0	0	0	0	0	0	0	0	0	0	0	0	0	0	0	0	0	192	0	0	0	0	0	0	0	0	0	0	0	0	0	0	0	0	
0	0	0	0	0	0	0	0	0	0	0	0	0	0	0	0	0	0	0	0	0	0	0	0	0	0	0	0	0	192	0	0	0	0	0	0	0	0	0	0	0	0	0	0	0	0	0	0	0	0	0	0	0	0	0	0	0	0	0	0	0	0	0	192	0	0	0	0	0	0	0	0	0	0	0	0	0	0	0	192	0	0	0	0	0	0	0	0	0	0	0	0	0	0	0	0	0	0	0	0	
0	0	0	0	0	0	0	0	0	0	0	0	0	0	0	0	0	0	0	0	0	192	0	0	0	0	0	0	0	0	0	0	0	0	0	0	0	0	0	0	0	0	0	0	0	0	0	0	0	0	0	0	0	0	0	0	0	0	0	0	0	0	0	192	0	0	0	0	0	0	0	0	0	0	0	0	0	0	0	0	0	0	0	0	0	0	0	0	0	192	0	0	0	0	0	0	0	0	0	0	
0	0	0	0	0	0	0	192	0	0	0	0	0	0	0	0	0	0	0	0	0	0	0	0	192	0	0	0	0	0	0	192	0	0	0	0	0	0	0	0	0	0	0	0	0	0	0	0	0	0	0	0	0	0	0	0	0	0	0	0	0	0	0	0	0	0	0	0	0	0	0	0	0	0	0	0	0	0	0	0	0	0	0	0	0	0	0	0	0	0	0	0	0	0	0	0	0	0	0	0	
0	0	0	0	0	0	0	0	0	0	0	0	0	0	0	0	0	0	0	0	192	0	0	0	0	0	0	0	0	0	0	0	0	0	0	0	0	0	0	0	0	0	0	0	0	0	0	0	0	0	0	0	0	0	0	0	0	0	0	0	0	0	0	0	0	0	0	0	0	0	0	0	0	0	0	0	0	0	192	0	0	0	0	192	0	0	0	0	0	0	0	0	0	0	0	0	0	0	0	0	
0	0	0	0	192	0	0	0	0	0	0	0	0	0	0	0	0	0	0	0	0	0	0	0	0	0	0	192	0	0	0	0	0	0	0	0	0	0	0	0	0	0	0	0	0	0	0	0	0	0	0	0	0	192	0	0	0	0	0	0	0	0	0	0	0	0	0	0	0	0	0	0	0	0	0	0	0	0	0	0	0	0	0	0	0	0	0	0	0	0	0	0	0	0	0	0	0	0	0	0	
0	0	0	0	0	0	0	0	0	0	0	0	0	0	0	0	0	0	0	0	0	0	0	0	0	0	0	0	0	0	0	0	0	0	0	0	0	0	0	0	0	0	0	0	0	0	0	0	0	0	0	0	0	0	0	0	0	0	0	0	0	0	0	0	192	0	0	0	0	0	0	0	0	0	0	0	0	0	0	0	0	0	192	0	0	0	0	0	0	192	0	0	0	0	0	0	0	0	0	0	
0	0	0	0	0	0	0	0	0	0	0	0	0	0	0	0	0	0	0	0	0	0	0	0	0	0	0	0	0	0	0	0	0	0	0	0	0	0	0	0	0	0	0	0	0	0	0	0	0	0	0	0	0	0	0	0	0	192	192	0	0	0	0	0	192	0	0	0	0	0	0	0	0	0	0	0	0	0	0	0	0	0	0	0	0	0	0	0	0	0	0	0	0	0	0	0	0	0	0	0	
0	0	0	0	0	0	0	0	0	0	0	0	0	0	0	0	0	0	0	0	0	0	0	0	0	0	0	0	0	0	0	0	0	0	0	0	0	0	0	0	192	0	0	0	0	0	0	0	0	0	0	0	0	0	0	0	0	0	0	0	0	0	192	192	0	0	0	0	0	0	0	0	0	0	0	0	0	0	0	0	0	0	0	0	0	0	0	0	0	0	0	0	0	0	0	0	0	0	0	0	
0	0	0	0	0	0	0	0	192	0	0	0	0	0	0	0	0	0	0	0	192	0	0	0	0	0	0	0	0	0	0	0	0	0	0	0	0	0	0	0	0	0	0	0	0	0	0	0	0	0	0	0	0	0	0	0	192	0	0	0	0	0	0	0	0	0	0	0	0	0	0	0	0	0	0	0	0	0	0	0	0	0	0	0	0	0	0	0	0	0	0	0	0	0	0	0	0	0	0	0	
0	0	0	0	0	0	0	0	0	0	0	0	0	0	0	0	0	0	0	0	0	0	0	0	0	0	0	0	0	0	0	0	0	0	0	0	0	0	0	0	0	0	0	0	0	0	0	0	0	0	0	192	0	0	192	0	0	0	0	0	0	0	0	0	0	0	0	0	0	0	0	0	192	0	0	0	0	0	0	0	0	0	0	0	0	0	0	0	0	0	0	0	0	0	0	0	0	0	0	0	
192	0	0	0	0	0	0	0	0	0	0	0	192	0	0	0	0	0	0	0	0	0	0	0	0	192	0	0	0	0	0	0	0	0	0	0	0	0	0	0	0	0	0	0	0	0	0	0	0	0	0	0	0	0	0	0	0	0	0	0	0	0	0	0	0	0	0	0	0	0	0	0	0	0	0	0	0	0	0	0	0	0	0	0	0	0	0	0	0	0	0	0	0	0	0	0	0	0	0	0	
0	0	0	0	0	0	0	0	0	0	0	0	0	0	0	0	0	0	0	0	0	0	0	0	0	0	0	0	0	0	0	0	0	0	0	0	0	0	0	0	0	0	0	0	0	0	0	0	0	0	0	0	0	0	0	0	0	0	0	0	0	0	0	0	0	0	0	0	0	0	0	0	0	0	0	0	0	0	0	192	0	192	0	0	0	0	0	192	0	0	0	0	0	0	0	0	0	0	0	0	
0	0	0	0	0	0	0	0	0	0	0	0	0	0	0	0	0	0	0	0	0	0	0	0	0	0	0	0	0	0	0	0	0	0	0	0	0	0	0	0	0	0	0	0	0	0	0	0	0	0	0	0	0	0	0	0	0	0	0	0	0	0	0	0	0	0	0	0	0	0	192	0	0	0	0	0	0	0	0	0	0	192	192	0	0	0	0	0	0	0	0	0	0	0	0	0	0	0	0	0	
0	0	0	0	0	0	0	0	0	0	0	0	0	0	0	0	0	0	0	0	0	0	0	0	0	192	0	0	0	0	0	0	0	0	0	0	0	0	0	0	0	192	0	0	0	0	0	0	0	0	0	0	0	0	0	0	0	0	0	0	0	0	0	0	0	0	0	0	0	192	0	0	0	0	0	0	0	0	0	0	0	0	0	0	0	0	0	0	0	0	0	0	0	0	0	0	0	0	0	0	
0	0	0	0	0	0	0	0	0	0	0	192	0	0	0	0	0	0	0	0	0	0	0	0	0	0	0	0	0	0	0	0	0	0	0	0	192	0	0	0	0	0	0	0	0	0	0	0	0	0	0	0	0	0	0	0	0	0	0	0	0	0	0	0	0	0	0	0	0	0	0	0	0	0	0	0	0	0	0	0	0	0	0	0	0	0	0	0	0	0	0	0	0	0	0	0	0	192	0	0	
0	0	0	0	0	192	0	0	0	0	0	0	0	0	0	0	0	0	0	0	0	0	0	0	0	0	0	0	0	0	0	0	0	0	0	0	0	0	0	192	0	0	0	0	0	0	0	0	0	0	0	0	0	0	0	0	0	0	0	0	0	0	0	0	0	0	192	0	0	0	0	0	0	0	0	0	0	0	0	0	0	0	0	0	0	0	0	0	0	0	0	0	0	0	0	0	0	0	0	0	
0	192	0	0	0	0	0	0	0	0	0	0	0	0	0	0	0	0	0	0	0	0	0	0	0	0	0	0	0	0	0	0	0	0	0	0	0	0	0	0	0	0	0	0	0	0	0	0	0	0	192	0	0	0	0	0	0	0	0	0	0	0	0	0	0	0	0	0	0	0	0	0	0	0	0	0	0	0	0	0	0	0	0	192	0	0	0	0	0	0	0	0	0	0	0	0	0	0	0	0	
0	0	0	0	0	192	0	0	0	0	0	0	0	0	0	0	0	0	0	0	0	0	0	0	0	0	0	0	0	0	0	0	0	0	0	0	0	0	0	0	0	0	0	0	0	0	0	0	0	0	0	192	0	0	192	0	0	0	0	0	0	0	0	0	0	0	0	0	0	0	0	0	0	0	0	0	0	0	0	0	0	0	0	0	0	0	0	0	0	0	0	0	0	0	0	0	0	0	0	0	
0	0	192	0	0	0	0	0	0	0	0	0	0	0	0	0	0	0	0	0	0	0	0	0	0	0	192	0	0	0	192	0	0	0	0	0	0	0	0	0	0	0	0	0	0	0	0	0	0	0	0	0	0	0	0	0	0	0	0	0	0	0	0	0	0	0	0	0	0	0	0	0	0	0	0	0	0	0	0	0	0	0	0	0	0	0	0	0	0	0	0	0	0	0	0	0	0	0	0	0	
0	0	0	0	0	0	0	0	0	0	0	0	0	0	0	0	0	0	0	0	0	0	0	0	0	0	0	0	0	0	0	0	0	0	0	0	0	0	0	0	0	0	0	0	0	0	0	0	0	0	0	0	0	0	0	0	0	0	0	0	0	0	0	0	0	0	0	0	0	0	0	0	0	0	0	0	0	192	0	0	0	0	0	0	0	0	192	0	0	0	0	0	0	0	0	0	0	0	192	0	
0	0	0	0	0	0	0	0	0	0	0	0	0	0	0	0	0	0	192	0	0	0	0	0	0	0	0	0	0	0	0	0	0	0	0	0	0	0	0	0	0	0	192	0	0	0	0	0	0	0	0	0	0	0	0	0	0	0	0	0	0	0	0	0	0	0	0	0	0	0	0	0	0	0	0	0	192	0	0	0	0	0	0	0	0	0	0	0	0	0	0	0	0	0	0	0	0	0	0	0	
0	0	0	0	0	0	0	0	0	0	0	0	0	0	0	0	0	0	0	0	0	0	0	0	0	0	0	0	0	0	0	0	0	0	0	0	0	0	0	0	0	0	0	0	0	0	0	0	0	0	0	0	0	0	0	0	0	0	0	0	192	0	0	0	0	0	0	0	0	0	0	0	0	0	0	0	0	0	0	0	0	0	0	0	0	0	0	0	0	0	0	0	192	0	0	0	0	0	192	0	
0	0	0	0	0	0	0	0	0	0	0	0	0	0	0	0	0	0	0	0	0	0	0	0	0	0	0	0	0	192	0	0	0	0	0	0	0	0	0	0	0	0	0	0	0	0	0	0	0	0	0	0	0	0	0	0	0	192	0	0	0	0	0	0	0	0	0	0	192	0	0	0	0	0	0	0	0	0	0	0	0	0	0	0	0	0	0	0	0	0	0	0	0	0	0	0	0	0	0	0	
0	0	0	0	0	0	0	0	0	0	0	0	0	0	0	192	0	0	0	0	0	0	0	0	0	0	0	0	0	0	192	0	0	0	0	0	0	0	0	0	192	0	0	0	0	0	0	0	0	0	0	0	0	0	0	0	0	0	0	0	0	0	0	0	0	0	0	0	0	0	0	0	0	0	0	0	0	0	0	0	0	0	0	0	0	0	0	0	0	0	0	0	0	0	0	0	0	0	0	0	
0	0	0	0	0	0	0	0	0	0	0	0	0	0	0	0	0	0	0	0	0	0	0	0	0	0	0	0	0	0	0	0	0	0	0	0	0	0	0	0	0	192	0	0	0	0	0	0	0	0	0	0	0	0	0	0	0	0	0	0	0	0	0	0	0	0	0	0	192	192	0	0	0	0	0	0	0	0	0	0	0	0	0	0	0	0	0	0	0	0	0	0	0	0	0	0	0	0	0	0	
0	0	192	0	0	0	0	0	0	0	0	0	0	0	0	0	0	0	0	0	0	0	0	0	0	0	0	0	0	0	0	0	0	0	0	0	0	0	0	0	0	0	0	0	0	0	0	0	0	0	0	0	0	0	0	0	0	0	0	0	0	0	192	0	0	0	0	0	0	192	0	0	0	0	0	0	0	0	0	0	0	0	0	0	0	0	0	0	0	0	0	0	0	0	0	0	0	0	0	0	
0	0	0	0	0	0	0	0	0	0	0	0	0	0	0	0	0	0	0	0	0	0	0	0	0	0	0	0	0	0	0	0	0	0	0	0	0	0	0	0	0	0	0	0	0	0	0	0	0	0	0	0	0	0	0	0	192	0	0	0	192	0	0	0	0	0	0	0	0	0	0	0	0	192	0	0	0	0	0	0	0	0	0	0	0	0	0	0	0	0	0	0	0	0	0	0	0	0	0	0	
0	0	0	0	0	0	0	0	0	0	0	0	0	0	0	0	0	0	0	0	0	0	0	0	0	0	0	0	0	0	0	192	0	0	0	0	0	192	0	0	0	0	0	0	0	0	0	0	0	192	0	0	0	0	0	0	0	0	0	0	0	0	0	0	0	0	0	0	0	0	0	0	0	0	0	0	0	0	0	0	0	0	0	0	0	0	0	0	0	0	0	0	0	0	0	0	0	0	0	0	
0	0	0	192	0	0	0	0	0	0	0	0	0	0	0	0	192	192	0	0	0	0	0	0	0	0	0	0	0	0	0	0	0	0	0	0	0	0	0	0	0	0	0	0	0	0	0	0	0	0	0	0	0	0	0	0	0	0	0	0	0	0	0	0	0	0	0	0	0	0	0	0	0	0	0	0	0	0	0	0	0	0	0	0	0	0	0	0	0	0	0	0	0	0	0	0	0	0	0	0	
0	0	0	0	0	0	0	0	0	0	0	0	0	0	0	0	0	0	0	192	0	0	0	0	0	0	0	0	0	0	0	0	0	0	192	0	0	0	0	0	0	0	0	0	0	0	0	0	0	0	0	0	0	0	0	0	0	0	0	0	0	0	0	0	0	0	0	0	0	0	0	0	0	0	0	0	192	0	0	0	0	0	0	0	0	0	0	0	0	0	0	0	0	0	0	0	0	0	0	0	
0	0	0	0	0	0	0	0	0	0	0	0	0	0	0	0	0	0	0	0	0	0	0	0	0	0	0	0	0	0	0	0	0	0	0	0	0	0	0	0	0	0	0	0	0	0	0	0	0	192	0	0	0	0	0	0	0	0	0	0	0	0	0	0	0	0	0	0	192	0	0	0	0	0	0	0	0	0	0	0	0	0	0	0	0	0	0	0	0	0	0	0	0	0	192	0	0	0	0	0	
0	0	0	0	0	0	0	0	0	0	0	0	0	0	0	0	0	0	0	0	0	0	192	0	0	0	0	0	0	0	0	0	0	0	0	0	0	0	0	0	0	0	0	0	0	0	0	0	0	0	0	0	0	0	0	0	0	0	0	0	0	0	0	0	0	0	0	0	0	0	0	0	0	0	0	0	0	0	0	0	0	0	0	0	0	0	0	0	0	0	0	0	0	192	0	0	192	0	0	0	
0	0	0	0	0	0	0	0	0	0	0	0	0	0	0	0	0	0	0	0	0	192	0	0	0	0	0	0	0	0	0	0	0	0	0	0	0	0	0	0	0	0	0	0	0	0	0	0	0	0	0	0	0	0	0	0	0	0	192	0	0	0	192	0	0	0	0	0	0	0	0	0	0	0	0	0	0	0	0	0	0	0	0	0	0	0	0	0	0	0	0	0	0	0	0	0	0	0	0	0	
0	0	0	0	0	0	0	0	0	0	0	0	0	0	0	0	0	0	0	0	0	0	0	0	0	0	0	0	0	0	0	0	0	0	0	0	0	0	0	0	0	0	0	0	192	0	0	192	0	0	0	0	0	0	192	0	0	0	0	0	0	0	0	0	0	0	0	0	0	0	0	0	0	0	0	0	0	0	0	0	0	0	0	0	0	0	0	0	0	0	0	0	0	0	0	0	0	0	0	0	
0	0	0	0	0	0	0	0	0	0	0	0	0	0	0	192	0	0	0	0	0	0	0	0	0	0	0	0	0	192	0	0	0	0	0	0	0	0	0	0	0	0	0	0	0	0	0	0	0	192	0	0	0	0	0	0	0	0	0	0	0	0	0	0	0	0	0	0	0	0	0	0	0	0	0	0	0	0	0	0	0	0	0	0	0	0	0	0	0	0	0	0	0	0	0	0	0	0	0	0	
0	0	0	0	0	0	0	0	0	0	0	0	0	0	0	0	192	0	0	0	0	0	0	0	0	0	0	0	0	0	0	0	0	0	0	0	0	0	0	0	0	0	0	192	0	0	0	0	0	0	0	0	0	0	0	0	0	0	0	0	0	0	0	0	0	0	0	0	0	0	0	0	0	0	0	0	0	0	192	0	0	0	0	0	0	0	0	0	0	0	0	0	0	0	0	0	0	0	0	0	
0	0	0	0	0	0	0	0	0	0	0	0	0	0	0	0	0	0	0	0	0	0	0	0	0	0	0	0	0	0	0	0	0	0	0	0	0	0	0	0	0	0	0	0	0	0	0	0	0	0	0	0	0	0	0	192	0	0	0	0	0	0	0	0	0	0	0	0	0	0	0	0	0	0	0	0	0	0	0	0	0	0	0	0	0	0	0	0	192	0	0	0	0	0	0	0	0	192	0	0	
0	0	0	0	0	0	0	0	0	0	0	0	0	0	0	0	0	0	0	192	0	0	0	0	0	0	0	0	0	0	0	0	0	0	192	0	0	0	0	0	0	0	0	0	0	0	0	0	0	0	0	0	0	0	0	0	0	0	0	0	0	0	0	0	0	0	0	0	0	0	0	0	0	0	0	0	0	0	0	0	0	0	0	0	0	0	0	192	0	0	0	0	0	0	0	0	0	0	0	0	
0	0	0	0	0	0	192	0	0	0	0	0	0	0	0	0	0	0	0	0	0	0	0	0	0	0	0	0	0	0	0	0	0	0	0	0	0	0	0	0	0	0	0	0	192	0	0	192	0	0	0	0	0	0	0	0	0	0	0	0	0	0	0	0	0	0	0	0	0	0	0	0	0	0	0	0	0	0	0	0	0	0	0	0	0	0	0	0	0	0	0	0	0	0	0	0	0	0	0	0	
0	0	0	0	0	0	0	0	0	0	0	0	0	0	0	0	0	0	0	0	0	0	192	0	0	0	0	0	0	0	0	0	0	0	0	0	0	0	0	0	0	0	0	0	0	0	0	0	0	0	0	0	0	0	0	0	0	0	0	0	0	0	0	0	0	0	0	0	0	0	0	0	0	0	0	0	0	0	0	0	0	0	0	0	0	0	0	0	192	0	0	0	0	0	0	0	0	0	192	0	
0	0	0	0	0	0	0	0	0	0	0	0	0	0	0	0	0	0	0	0	0	0	0	0	0	0	0	0	0	0	0	0	0	0	0	0	0	0	0	0	0	0	0	0	0	0	0	0	0	0	0	0	0	0	0	192	0	0	0	0	0	0	0	0	0	0	0	0	0	0	0	192	0	0	0	0	0	0	0	0	0	0	0	0	0	0	0	0	0	0	0	0	0	192	0	0	0	0	0	0	
0	0	0	0	0	0	0	0	0	0	0	0	0	0	0	0	0	0	0	0	0	0	0	0	0	0	0	0	0	0	0	0	0	0	0	0	0	0	0	0	0	0	0	0	0	0	0	0	0	0	0	0	0	0	0	0	0	0	0	0	0	0	0	0	0	0	0	0	0	0	0	0	0	0	0	0	192	0	192	0	0	0	0	0	0	0	0	0	0	0	0	0	0	0	0	0	192	0	0	0	
0	0	0	0	0	0	0	0	0	0	0	192	0	0	0	0	0	0	0	0	0	0	0	0	0	0	0	0	0	0	0	0	0	0	0	0	192	0	0	0	0	0	0	0	0	0	0	0	0	0	0	0	0	0	0	192	0	0	0	0	0	0	0	0	0	0	0	0	0	0	0	0	0	0	0	0	0	0	0	0	0	0	0	0	0	0	0	0	0	0	0	0	0	0	0	0	0	0	0	0	
35	6	48	62	81	69	23	33	68	1	82	90	59	32	76	2	62	18	56	87	95	78	73	84	9	86	33	76	25	7	73	54	18	13	38	49	36	30	29	93	61	78	82	11	44	27	80	25	98	34	34	70	54	59	26	77	75	76	58	77	30	54	25	21	39	37	69	89	23	87	19	2	52	29	75	38	46	67	16	72	2	31	46	95	98	49	9	54	39	36	67	72	4	26	50	85	96	39	57	58	48	34	14	68	71	45	50	13	69	12	69	20	80	1	74	36	95	77	5	29	99	24	50	72	83	84	67	22	27	41	22	0	9	97	98	4	88	21	21	13	44	22	24	82	63	36	72	7	13	1	65	76	24	69	90	85	0	86	98	76	98	41	48	59	44	38	23	16	6	83	41	82	77	57	99	32	23	64	90	14	88	14	75	5	50	63	39	54	57	93	90	91	78	29	87	43	19	16	73	81	24	58	62	97	35	8	79	79	92	45	13	3	88	44	53	27	45	66	12	57	23	98	63	75	4	35	91	96	36	54	68	11	12	37	36	32	18	5	17	36	6	39	26	48	81	51	85	85	77	39	31	69	99	27	69	71	74	81	44	62	29	18	24	82	5	50	80	32	62	7	63	9	33	38	15	27	35	59	54	21	46	40	47	2	19	41	92	25	58	64	97	49	36	62	61	70	2	56	80	73	34	74	34	12	41	1	98	50	18	64	79	14	57	30	43	63	20	33	51	12	58	9	4	69	55	84	95	19	9	46	53	0	4	30	19	19	66	58	57	95	66	58	46	71	76	69	73	98	34	61	64	8	7	42	48	98	24	74	14	37	57	82	19	87	7	38	64	7	76	0	82	68	48	1	37	70	4	17	88	82	66	54	82	57	10	25	81	44	41	94	35	37	49	91	95	79	43	56	26	53	70	55	19	83	62	21	74	21	77	34	72	59	82	4	57	35	65	16	87	87	12	2	76	93	87	96	99	52	47	79	86	99	86	47	58	14	45	42	40	34	63	13	8	72	51	40	41	86	42	9	86	67	67	60	54	82	38	95	16	83	89	99	98	22	91	72	13	70	33	92	18	52	30	12	86	63	73	84	18	86	75	30	62	96	12	59	21	48	57	30	74	76	75	76	77	75	23	47	46	78	17	78	9	64	23	86	39	78	33	6	52	72	39	34	71	7	32	79	35	61	32	30	94	83	36	56	73	37	43	8	96	92	89	12	58	72	85	64	17	5	36	91	66	15	24	73	22	85	83	86	98	56	69	38	70	67	80	37	2	4	28	76	7	57	65	2	76	86	95	35	66	68	68	70	90	72	51	10	54	80	85	26	1	86	81	66	14	24	27	16	89	64	89	26	46	14	0	10	48	15	27	59	7	17	5	89	55	59	27	98	59	5	16	93	29	86	23	11	27	42	81	86	4	33	18	75	72	16	84	69	78	39	30	72	47	17	67	59	79	26	85	7	19	21	83	94	76	75	21	82	68	69	35	86	77	22	17	82	83	92	10	17	61	53	84	36	16	73	37	44	80	82	22	67	13	39	86	85	77	72	42	32	54	69	1	33	26	39	83	46	52	34	27	6	81	36	86	49	61	13	85	7	29	44	49	28	7	44	30	28	68	32	76	94	56	57	47	29	97	20	45	27	11	61	88	59	66	12	61	88	93	14	33	63	49	82	75	57	68	47	16	17	90	62	56	92	82	37	33	2	64	8	36	53	28	3	92	65	79	93	39	25	94	57	83	71	26	39	49	13	28	83	10	23	96	74	80	36	73	91	91	4	66	75	1	84	4	19	82	31	35	74	17	50	78	24	96	29	44	74	95	72	90	12	47	44	22	4	41	29	5	23	62	53	81	42	55	43	55	89	70	90	6	87	6	2	50	26	65	81	27	36	48	46	51	10	16	4	14	36	94	58	4	93	48	68	18	7	40	34	56	98	15	10	26	74	17	50	3	23	47	54	30	94	54	31	12	17	56	76	79	61	43	60	89	27	55	36	69	53	47	17	86	49	60	79	15	75	17	78	92	36	5	89	92	70	49	75	57	78	25	62	41	84	38	5	69	2	53	95	26	78	38	28	38	34	15	64	33	31	52	36	99	22	62	73	77	25	43	17	44	38	74	64	5	28	92	62	64	30	35	15	18	47	98	1	47	80	93	46	17	2	46	87	14	13	14	77	76	66	85	61	16	30	92	35	8	44	80	18	48	18	93	52	48	35	46	84	90	13	4	31	86	83	62	84	82	75	54	94	56	71	78	5	37	3	2	44	0	27	79	44	22	7	13	97	78	86	5	27	6	31	28	44	89	18	75	50	80	89	2	15	8	86	78	78	41	59	66	31	71	84	52	41	40	15	8	41	84	51	25	11	37	40	88	51	11	49	25	64	72	95	19	19	60	58	27	49	39	6	37	11	27	14	41	76	42	56	76	89	95	31	38	40	93	6	34	72	20	85	63	65	28	36	2	90	51	12	42	37	91	96	63	65	83	96	66	80	97	49	12	40	24	90	90	30	40	50	73	6	26	42	38	14	40	64	66	98	40	93	18	24	24	84	57	45	3	29	35	6	71	31	31	84	42	6	30	34	24	0	26	25	10	13	59	95	26	94	22	70	63	90	82	83	5	88	72	39	12	61	96	89	53	19	57	88	55	56	34	63	75	56	70	60	57	69	51	61	0	79	70	42	81	76	73	28	28	28	79	7	34	70	37	71	70	11	64	15	67	61	19	41	21	36	25	30	4	30	85	31	33	8	57	51	90	95	64	98	26	90	9	26	1	31	74	26	1	39	90	6	60	97	77	52	33	47	55	96	37	11	80	65	72	41	97	5	76	84	54	67	95	32	23	60	42	44	0	82	39	79	72	23	7	38	10	35	60	95	95	81	11	19	9	16	86	98	95	30	56	52	91	55	54	23	35	96	19	74	72	40	65	10	30	78	62	60	14	74	35	91	3	22	33	63	28	8	97	97	28	56	91	94	35	75	96	17	5	70	47	0	46	49	31	91	26	82	32	49	57	47	14	49	0	49	48	67	8	25	40	44	76	50	72	77	81	21	82	38	91	52	86	78	68	82	58	27	42	40	99	38	86	11	36	81	8	50	62	18	11	47	64	72	69	98	2	85	40	59	58	95	30	85	62	97	80	80	99	29	92	41	55	91	49	94	50	21	36	68	61	14	62	6	5	52	44	55	94	60	70	33	82	88	86	9	67	68	53	48	13	56	64	68	98	49	52	10	17	21	1	42	4	24	5	37	97	34	54	83	17	18	23	55	1	81	30	46	26	62	22	38	80	84	79	47	66	76	83	36	91	2	82	42	30	50	65	1	37	70	40	99	11	51	50	21	37	20	66	43	21	41	79	35	3	84	27	29	78	20	88	70	27	33	93	72	19	10	80	1	37	99	92	1	86	20	5	29	81	20	90	67	55	2	31	84	83	78	90	81	3	74	64	78	78	48	8	70	59	72	27	55	31	5	36	70	49	72	59	63	24	11	55	18	44	53	71	36	16	77	75	60	33	17	57	20	1	31	95	49	75	66	44	27	85	59	36	73	42	84	92	66	60	10	85	71	14	43	53	93	52	96	90	97	43	23	42	38	60	35	7	36	11	45	42	41	89	6	64	83	18	23	18	7	93	1	36	64	88	74	10	23	17	90	2	86	68	95	4	66	12	70	3	24	27	47	9	46	71	45	99	60	94	32	48	0	55	61	33	8	5	94	95	6	39	64	84	64	78	44	69	72	96	52	23	91	85	56	73	71	14	26	80	26	59	56	31	16	53	33	76	52	64	27	69	97	51	65	31	36	38	74	7	16	0	8	70	23	14	56	84	93	58	99	64	1	71	67	67	44	66	46	57	51	27	46	56	51	3	38	63	34	69	16	15	24	77	5	17	91	4	64	94	8	87	94	24	24	52	91	57	64	68	41	26	19	51	72	51	7	96	43	56	30	30	55	12	10	47	71	30	56	31	93	67	88	87	49	33	3	56	17	18	57	52	48	11	17	24	29	88	31	31	11	20	40	63	10	77	55	6	65	74	92	62	67	60	75	50	17	20	33	39	38	41	4	54	26	44	73	70	63	41	85	72	68	84	28	65	71	9	51	70	11	88	73	85	32	39	9	88	91	89	77	95	34	6	83	56	37	68	53	46	25	71	31	10	82	6	53	86	95	1	95	98	63	84	79	49	43	55	4	37	43	26	59	10	80	20	46	17	55	10	55	60	35	17	77	72	38	88	20	16	79	21	53	64	10	17	21	61	95	27	6	56	34	10	3	69	57	15	3	95	29	35	12	97	73	5	3	75	67	11	3	85	9	13	27	80	40	61	1	8	14	56	42	26	91	52	19	43	80	95	94	85	48	4	86	5	32	92	74	41	48	70	30	76	99	99	5	35	15	40	60	85	42	84	79	5	44	89	29	12	21	81	12	44	7	59	71	25	62	14	41	89	89	20	99	78	96	40	85	74	82	93	86	39	12	30	46	77	91	8	44	24	63	35	64	83	8	45	81	78	1	51	71	51	68	66	39	86	67	1	24	14	66	67	22	93	50	31	7	99	91	50	17	16	61	99	26	33	25	10	35	92	56	41	48	45	53	38	95	27	91	43	96	55	99	81	31	85	30	68	45	87	91	18	65	18	95	73	4	89	40	34	48	80	51	0	19	56	49	71	61	95	92	89	69	17	35	98	40	15	77	86	12	67	88	43	4	57	47	79	74	12	9	92	22	38	81	11	58	8	71	96	12	37	5	91	30	14	31	69	69	0	19	12	35	84	38	37	29	47	32	75	66	38	89	85	64	36	48	80	84	40	30	47	51	34	20	21	94	3	43	36	5	0	39	13	73	25	83	74	50	90	14	27	78	78	17	9	33	61	59	38	43	18	11	75	39	68	75	54	20	31	23	19	27	10	37	31	2	90	79	88	32	11	26	27	53	74	1	2	11	55	68	42	23	28	98	49	55	80	48	49	28	83	42	69	7	46	68	15	25	77	67	88	39	34	32	89	76	24	77	74	29	80	50	89	51	55	16	71	6	62	88	45	31	78	31	29	38	31	42	44	68	61	27	24	78	92	45	86	93	78	86	93	48	20	66	71	13	54	69	25	21	24	83	10	75	60	1	35	43	17	63	32	78	22	90	77	83	28	65	12	60	74	28	59	56	76	96	84	71	84	86	0	75	46	90	30	62	51	36	96	55	26	60	55	19	24	22	13	80	68	4	95	16	60	29	9	4	11	43	30	0	52	61	40	71	50	68	23	73	76	8	46	20	5	14	50	47	21	95	95	48	18	74	1	89	86	67	8	51	69	18	92	91	81	95	53	34	79	14	15	50	72	8	88	53	77	10	91	0	34	11	85	65	68	44	39	89	9	7	51	79	22	52	0	98	34	66	57	43	69	11	55	47	81	5	67	74	33	90	75	94	55	33	98	65	53	22	95	26	30	11	93	21	44	16	12	26	14	43	3	94	23	51	69	6	90	96	7	1	77	7	47	38	40	63	38	58	44	37	29	70	93	6	28	71	11	41	17	20	23	87	6	29	35	80	42	14	48	99	47	84	84	75	90	33	67	0	45	22	86	91	93	38	33	90	42	71	76	81	54	66	2	98	97	2	92	50	84	37	59	0	1	94	63	79	20	67	86	33	69	46	69	90	46	54	60	89	4	61	13	6	48	48	9	38	10	50	76	71	73	52	7	78	53	66	43	60	26	1	72	92	29	73	88	29	78	73	47	47	20	69	80	89	45	88	36	89	11	32	38	42	3	18	71	10	66	2	46	91	50	29	90	99	62	11	47	81	60	35	78	48	50	1	31	58	69	83	97	57	62	85	32	35	86	58	37	58	61	98	22	98	88	74	46	75	40	20	89	24	94	13	21	70	26	30	0	81	31	81	74	67	68	84	76	13	99	99	64	36	70	97	88	51	74	37	77	33	13	76	26	11	10	47	66	92	16	78	17	60	30	49	72	63	43	51	91	3	27	94	22	60	21	89	46	79	15	94	91	15	21	6	3	56	60	34	94	93	45	44	8	5	7	37	69	71	57	15	45	49	37	88	88	51	7	0	44	7	20	80	87	18	64	10	27	36	79	54	52	48	15	56	43	37	64	55	8	33	73	8	4	45	68	86	96	44	88	56	7	90	10	55	91	99	43	66	15	83	36	37	64	34	37	10	85	21	27	14	46	90	22	53	26	41	72	50	76	43	47	55	3	48	21	37	8	42	7	16	25	81	22	42	47	65	17	79	49	43	63	78	70	21	2	51	27	72	27	35	21	27	13	15	30	63	25	49	42	38	28	36	56	55	53	65	4	55	11	7	96	87	23	29	24	33	91	11	46	91	14	64	14	22	44	30	7	77	66	20	67	43	25	88	71	12	56	51	29	93	19	93	54	13	59	20	0	19	36	71	2	40	28	43	96	61	45	21	51	69	50	16	74	52	85	20	41	3	8	79	41	11	98	46	90	49	34	99	31	80	34	45	96	57	43	86	74	38	61	28	34	18	72	42	37	26	1	22	91	41	3	45	3	62	16	63	11	81	18	46	38	61	38	11	89	10	98	8	7	15	25	43	50	7	2	66	63	73	3	84	38	6	30	1	84	24	5	61	81	25	59	48	96	8	72	74	58	19	69	26	51	4	15	85	58	81	24	49	51	11	76	10	81	35	84	5	70	18	67	94	48	51	61	80	26	46	52	45	49	59	2	37	51	58	49	56	95	53	45	96	52	64	79	63	51	34	62	38	3	67	45	79	5	71	23	65	41	4	35	21	41	86	88	42	30	11	74	1	85	63	13	14	76	72	25	50	57	74	60	59	29	78	25	83	98	9	29	58	49	27	63	55	53	20	69	23	26	27	47	59	86	69	71	99	11	30	33	5	84	43	59	43	85	14	15	40	57	13	24	19	11	1	10	58	84	35	28	60	10	98	41	62	33	14	14	29	10	61	56	22	13	34	31	8	35	45	71	44	0	26	99	55	54	71	77	4	73	74	77	22	55	12	17	99	75	43	68	77	38	48	33	34	64	92	72	31	94	72	63	72	73	45	99	59	59	66	49	39	66	23	6	38	48	30	70	69	81	52	81	33	95	23	91	59	27	94	17	44	57	10	42	53	58	16	80	10	90	69	89	53	79	87	74	73	18	5	30	33	20	37	87	50	93	16	14	40	66	34	23	63	75	22	46	66	21	9	46	33	15	62	76	21	96	31	9	5	17	70	43	50	38	10	62	69	27	88	67	9	40	84	17	15	81	15	66	44	36	47	36	52	6	2	96	32	53	6	85	65	82	83	25	42	79	24	97	33	72	98	11	10	34	99	12	36	6	80	28	33	55	95	28	49	61	99	88	23	75	89	94	89	84	99	36	35	61	33	50	77	83	28	60	26	82	54	30	37	12	52	15	60	24	57	16	52	37	76	54	28	5	88	80	74	20	80	6	98	14	70	92	54	3	84	68	25	64	58	48	24	37	13	26	81	19	1	59	87	74	35	0	7	41	58	27	22	15	69	83	35	79	8	70	43	34	75	80	0	5	47	86	79	51	64	68	34	73	50	68	54	45	2	58	32	99	54	4	26	67	43	91	22	91	5	22	43	73	19	3	57	57	50	85	70	41	38	16	17	44	44	55	46	97	98	50	52	85	35	51	79	39	84	40	71	54	10	67	37	88	55	43	28	50	92	61	46	5	44	90	56	83	41	98	45	61	21	64	94	59	52	73	51	60	3	92	31	71	79	43	93	14	62	47	42	29	22	98	37	8	61	93	52	44	34	47	22	53	14	39	67	54	98	81	17	45	54	27	86	77	87	93	84	76	36	16	92	40	29	69	99	73	24	25	40	4	36	4	87	74	96	15	75	54	41	25	69	14	15	85	84	54	50	62	54	65	78	99	21	9	89	25	84	25	58	22	92	50	58	93	99	99	26	89	18	39	99	82	82	88	16	56	76	79	58	95	99	21	0	37	49	81	9	49	89	72	96	86	10	38	33	84	75	30	75	14	23	56	0	22	80	66	79	71	57	69	69	77	75	61	28	52	20	37	76	67	85	75	39	10	63	72	45	95	37	67	98	49	96	46	21	25	72	29	91	50	36	34	25	48	44	71	96	8	89	77	84	44	22	5	42	42	32	60	76	65	14	24	16	63	46	88	39	91	24	9	13	73	18	17	35	24	57	28	65	45	87	95	11	82	43	92	9	96	69	73	9	39	56	51	64	54	38	87	97	86	75	22	85	89	86	55	73	59	39	48	25	8	18	75	88	38	77	54	49	61	65	85	25	31	86	13	44	71	0	37	43	49	71	79	20	16	13	72	27	0	12	84	46	36	40	7	52	79	87	27	64	20	93	1	92	0	58	32	40	38	60	47	97	58	74	64	20	59	98	95	58	40	1	74	64	17	91	27	59	19	2	69	33	4	33	75	95	64	95	54	58	62	48	57	83	48	13	92	13	14	51	53	79	87	30	16	34	98	37	19	53	91	43	30	9	24	23	54	40	11	13	40	54	78	15	87	46	92	25	93	76	35	45	18	2	16	4	24	43	42	92	31	89	73	13	97	63	97	87	21	70	47	2	69	67	73	46	90	40	82	14	89	3	77	72	70	76	82	87	78	93	20	2	70	85	69	94	26	14	83	8	35	74	44	65	6	21	1	10	75	1	76	66	85	28	3	48	97	81	22	1	88	68	89	51	36	73	94	38	36	3	19	83	1	70	69	74	21	45	94	21	59	89	26	1	1	38	46	44	60	34	77	66	13	95	94	80	88	73	5	16	85	74	27	79	78	10	17	10	26	89	76	98	22	87	35	63	79	59	30	68	89	83	83	9	29	88	75	24	24	63	91	77	43	85	61	9	25	34	63	16	5	49	33	82	84	29	81	35	96	93	37	87	83	97	31	44	36	84	52	41	55	89	70	95	47	82	7	80	16	97	26	7	25	1	80	35	31	56	79	36	61	3	10	9	46	70	59	95	29	36	76	24	19	3	83	57	23	47	78	12	10	81	55	80	50	22	86	20	63	25	50	63	22	35	26	40	75	95	99	16	1	58	10	10	40	65	55	42	41	59	15	66	10	97	24	59	95	60	44	75	92	67	15	25	76	8	3	21	4	94	81	77	23	39	1	36	70	41	31	55	88	27	0	68	87	25	18	55	19	98	94	57	92	78	50	82	28	73	77	17	47	54	58	60	41	4	38	21	26	28	35	29	0	2	38	27	44	80	1	90	43	31	49	69	33	59	56	62	63	23	35	63	66	37	48	49	43	43	60	23	67	85	64	56	20	91	19	78	2	94	61	24	79	9	71	78	34	6	44	6	67	83	28	18	94	71	8	21	19	14	22	86	11	62	88	25	16	31	50	55	1	95	35	4	78	7	38	82	15	65	98	24	32	51	64	24	95	23	49	54	55	19	92	2	88	83	9	41	32	58	93	11	83	86	24	79	68	22	6	67	82	82	96	16	70	98	20	4	71	87	96	11	88	85	24	22	12	75	96	45	97	2	83	90	92	17	67	86	17	15	63	70	43	65	18	24	85	41	2	45	23	72	29	33	73	78	33	23	14	5	22	87	58	12	78	12	34	49	3	97	91	46	72	82	55	5	89	61	36	63	15	97	86	54	42	84	23	58	18	75	59	34	21	85	98	49	61	20	85	13	75	31	65	72	86	76	97	19	46	22	84	23	6	29	18	73	11	4	80	50	17	6	74	17	16	31	22	7	21	32	63	78	60	94	59	28	66	75	96	75	1	42	3	18	21	94	75	76	13	78	86	14	39	53	91	34	7	32	28	75	74	57	11	92	9	74	22	29	50	47	68	84	32	6	92	51	21	55	70	43	83	29	97	73	40	86	78	31	22	21	76	67	69	47	24	56	58	98	70	69	10	74	12	88	25	73	63	14	90	58	78	67	90	57	80	43	89	95	98	11	48	67	13	14	93	4	84	19	55	74	61	2	57	82	47	26	88	55	32	13	2	75	97	65	32	73	96	82	86	40	40	11	54	83	4	3	65	18	11	38	95	45	41	1	45	31	26	9	8	2	1	29	76	80	86	34	99	92	8	15	94	99	89	13	77	6	54	15	8	90	6	
99	26	35	52	24	10	99	42	36	88	75	51	20	35	83	69	49	29	68	56	51	72	20	55	32	84	79	31	9	5	22	66	39	90	99	17	15	67	26	48	89	69	48	29	48	97	35	92	27	84	75	99	52	51	9	35	60	11	55	68	31	25	73	88	20	71	60	55	50	64	77	43	7	63	54	24	36	55	72	4	10	63	66	84	46	99	27	20	48	27	51	90	95	2	48	82	70	88	94	70	27	58	66	62	50	58	38	72	50	99	6	9	59	23	55	81	97	67	54	50	62	21	49	64	63	24	60	89	85	63	81	34	40	34	36	79	15	6	10	10	81	11	49	11	36	84	52	28	97	81	3	61	60	79	24	32	64	44	22	46	24	15	33	15	87	14	99	61	96	94	83	8	92	17	81	14	38	66	71	27	78	56	16	89	72	55	24	29	94	48	44	87	85	31	30	17	58	15	66	79	90	44	70	3	81	0	14	86	25	22	23	16	0	48	42	6	29	35	93	91	13	89	72	17	63	33	48	44	86	62	19	71	57	43	49	67	7	15	24	67	26	74	19	65	90	45	57	49	22	73	43	89	85	91	52	73	54	72	99	0	32	37	1	40	93	43	98	1	65	48	59	24	71	39	5	12	14	31	42	20	17	23	86	61	39	70	62	93	18	4	32	21	58	97	24	89	26	32	63	11	85	21	63	31	53	41	28	59	99	61	7	24	72	7	1	42	1	50	80	79	18	80	89	11	58	63	67	56	20	30	89	98	30	20	16	23	37	33	63	12	73	57	65	97	53	7	66	4	68	15	20	69	16	90	15	42	62	85	76	11	3	57	89	34	27	99	94	4	49	33	92	37	64	70	60	43	86	49	60	83	36	21	24	0	75	53	90	82	32	52	62	24	35	1	5	24	38	12	45	78	18	62	25	76	36	56	73	66	1	83	63	50	65	20	74	9	55	88	26	3	30	53	5	66	48	14	86	2	94	78	12	81	41	76	8	63	49	67	14	70	92	30	51	75	52	0	80	98	52	85	35	41	49	38	80	40	34	52	77	41	86	84	77	17	12	59	88	36	67	23	96	24	89	79	4	61	59	13	56	73	61	95	61	32	22	96	37	84	25	34	13	19	24	97	79	43	45	65	33	9	47	46	28	53	11	53	44	36	80	18	80	31	27	17	22	11	44	64	84	64	47	89	19	6	92	51	58	42	48	17	20	99	44	26	26	92	68	37	84	93	2	44	37	26	26	8	98	23	7	10	14	68	3	48	71	63	4	24	44	12	69	83	99	73	54	1	97	28	0	5	88	8	12	36	78	10	68	32	15	92	99	98	51	70	28	56	41	5	39	54	78	59	7	7	30	0	1	75	1	37	18	66	14	50	41	42	83	47	93	9	18	54	89	54	59	74	0	24	61	77	68	92	18	38	2	16	83	77	23	26	25	77	15	7	68	14	7	79	30	91	63	42	5	84	17	29	12	29	76	64	88	10	60	71	3	50	98	29	80	86	8	2	42	46	33	9	40	87	43	85	15	60	15	4	86	82	97	33	42	34	0	61	46	47	16	32	6	83	31	41	22	48	67	41	64	35	8	92	43	93	97	14	89	29	19	43	77	77	21	66	9	57	72	1	10	23	54	9	15	6	66	17	41	30	38	26	4	38	29	14	59	30	67	45	4	97	89	15	40	26	93	81	12	83	94	94	99	53	81	94	2	24	74	16	30	35	40	99	22	32	88	19	15	77	19	14	77	67	52	53	43	61	17	95	11	60	57	99	19	4	59	6	10	2	96	31	37	9	21	30	95	23	59	57	97	49	22	24	32	24	29	20	29	1	21	27	37	33	99	93	82	78	14	35	97	52	76	39	69	59	65	24	96	75	12	64	59	89	53	34	23	58	57	50	5	45	3	0	33	7	15	24	78	38	38	51	39	68	5	7	91	7	43	32	12	1	81	32	6	3	60	6	8	18	66	51	47	1	35	18	22	56	97	9	86	45	4	35	42	92	62	13	14	51	96	96	68	83	72	97	8	92	58	69	23	16	85	87	77	71	90	56	44	64	34	51	86	65	31	70	41	16	92	29	79	69	25	0	63	52	55	11	13	78	96	93	53	96	46	53	75	11	37	21	84	22	53	11	5	35	34	65	71	3	13	78	74	85	81	30	3	25	27	91	99	84	70	26	86	60	31	22	82	21	81	57	9	16	17	99	85	73	64	78	45	65	7	47	34	2	46	92	42	21	74	86	66	58	90	40	64	27	88	36	36	4	46	46	38	40	53	47	60	48	66	31	92	15	22	0	11	70	71	43	2	72	59	98	64	98	32	49	10	81	41	96	8	70	16	69	97	0	76	88	38	29	23	55	9	81	4	69	87	53	27	45	49	79	4	32	36	58	39	61	35	44	42	18	46	67	87	60	1	65	49	52	46	16	96	53	16	56	28	37	81	12	81	65	22	44	78	14	14	2	96	78	14	48	88	26	52	74	83	15	35	88	8	70	15	63	0	30	63	65	86	44	94	54	80	83	88	28	86	76	74	66	25	35	7	84	81	14	76	55	34	2	35	13	28	2	63	71	17	27	44	46	40	48	14	44	57	67	12	67	12	36	68	93	25	96	82	95	81	62	87	39	13	53	92	66	10	8	11	75	61	44	61	46	88	22	67	63	69	84	67	37	81	44	83	59	76	74	16	0	84	72	70	26	65	30	46	92	69	63	38	64	5	66	11	8	61	90	41	69	33	56	43	6	6	11	37	92	42	8	88	15	31	37	7	14	20	33	37	16	31	17	96	78	12	48	4	57	41	55	10	76	66	89	51	46	69	22	54	40	69	0	80	31	22	98	94	64	47	52	31	17	36	62	83	43	66	11	73	20	25	0	83	15	10	75	83	28	84	59	77	7	12	1	17	1	76	75	83	39	88	53	99	27	75	16	30	87	97	3	65	17	5	70	42	31	63	6	93	48	45	89	26	72	18	55	44	91	94	36	26	81	80	88	37	68	88	12	75	12	19	78	84	76	29	80	11	37	69	40	66	8	79	41	28	31	59	49	45	61	35	40	69	48	47	41	13	90	82	87	15	19	3	45	81	20	46	59	98	89	12	68	26	74	75	25	79	54	0	7	36	55	69	32	85	76	96	95	61	62	3	12	85	7	66	85	69	92	0	25	40	95	54	53	81	90	60	32	43	81	61	8	2	27	5	55	94	58	48	57	36	41	41	33	31	59	89	9	19	74	93	16	35	70	48	30	45	10	29	54	87	84	95	7	47	23	15	86	83	70	77	94	36	48	25	41	10	2	81	34	83	22	70	31	53	74	27	48	85	87	16	12	23	53	63	13	32	84	82	57	77	9	9	68	13	5	48	81	15	49	70	51	66	74	66	88	76	13	73	91	9	43	14	60	97	98	16	27	20	51	37	7	98	98	23	65	80	90	39	78	94	8	56	97	41	23	99	51	53	25	80	49	90	70	49	71	11	4	31	44	4	63	97	75	32	71	1	29	10	30	75	45	35	67	5	97	26	80	54	40	4	57	35	98	17	32	11	1	4	58	56	34	1	86	11	24	82	83	10	13	19	91	70	13	18	27	62	69	50	74	51	23	97	14	43	86	40	84	17	7	71	64	59	18	53	45	8	26	1	89	14	2	62	16	20	90	10	16	71	11	61	52	72	81	60	26	21	70	39	41	51	8	2	38	38	64	26	3	88	93	88	13	77	43	39	7	58	3	48	63	46	3	82	85	53	92	43	16	11	7	93	24	89	1	48	9	19	21	79	84	59	55	39	1	45	79	26	35	9	29	23	64	15	56	53	30	41	19	59	6	46	0	49	88	88	68	92	25	4	31	70	50	87	73	33	63	59	45	92	58	18	61	90	55	93	2	78	37	93	29	74	55	49	21	68	44	31	35	70	32	39	45	30	29	65	27	92	68	84	1	78	37	36	15	63	84	54	41	58	62	97	46	42	87	61	76	47	59	77	0	15	2	71	14	53	59	0	95	39	84	62	22	60	96	33	2	39	18	73	23	66	95	9	98	18	72	98	19	28	96	97	81	76	0	9	56	86	56	79	82	86	78	39	9	92	75	9	11	75	67	41	85	68	18	83	58	7	68	92	28	97	17	42	75	68	96	0	36	1	28	55	82	3	29	77	21	38	15	53	27	53	78	66	1	5	20	89	94	62	49	50	60	84	54	98	13	72	80	14	45	16	16	12	24	16	49	68	42	37	57	15	62	71	81	76	66	14	70	81	26	28	32	60	43	51	83	48	8	57	16	59	62	40	1	89	83	74	63	60	56	70	36	52	64	38	38	15	17	40	49	42	23	99	64	80	3	86	91	57	5	16	72	78	46	91	96	77	19	72	80	65	25	17	97	62	60	87	97	94	56	24	96	37	35	91	72	31	84	9	62	95	14	62	31	50	48	53	39	97	5	13	26	37	7	66	60	59	34	47	57	25	58	73	26	19	56	32	73	80	7	77	99	94	16	80	77	52	91	34	15	72	30	93	41	95	58	67	64	93	33	86	63	15	32	77	32	2	48	79	37	20	78	54	35	33	34	42	78	43	46	5	29	74	8	55	54	33	70	44	51	90	41	56	68	77	60	46	21	88	75	72	45	82	42	84	90	64	40	16	51	79	98	3	32	90	0	22	77	61	59	13	26	63	12	47	68	25	37	23	73	75	17	81	94	55	57	27	61	97	51	12	45	75	97	67	20	1	32	41	35	98	48	93	96	69	77	39	20	42	39	13	36	82	28	97	40	83	5	55	89	24	65	89	33	76	73	2	11	2	73	15	83	89	89	57	15	87	34	36	37	96	36	86	23	39	88	50	48	89	39	55	9	9	48	87	0	83	53	0	63	19	13	83	86	61	84	96	87	10	83	32	85	68	11	23	79	99	0	68	40	96	28	44	41	9	79	53	27	85	16	28	29	8	21	76	70	82	96	49	65	78	7	22	48	35	74	97	24	50	26	8	52	90	63	52	82	51	62	5	56	39	47	4	79	8	80	57	91	7	2	78	84	4	6	81	96	59	63	92	99	55	42	95	78	48	94	0	49	8	32	26	73	69	4	94	20	13	86	30	93	38	40	57	94	10	23	45	24	81	78	4	29	9	63	69	26	61	57	8	55	68	77	48	5	70	71	30	82	40	15	50	88	49	9	13	44	3	87	41	21	53	72	21	11	18	93	74	72	5	21	43	76	13	63	14	34	48	75	72	0	28	69	35	3	7	92	37	19	29	23	25	0	35	59	78	84	20	71	22	82	60	45	83	53	92	55	29	49	57	34	5	0	54	22	81	94	43	22	2	87	75	43	13	43	12	7	54	19	36	51	11	17	90	59	47	27	84	97	63	68	3	25	94	79	50	11	92	1	97	6	63	58	34	17	9	2	39	40	30	72	15	27	33	51	39	36	49	91	39	22	69	85	39	81	94	88	51	38	28	80	14	65	97	26	27	11	15	48	84	46	51	19	50	57	89	73	23	45	65	41	58	62	43	46	80	35	74	23	38	77	17	18	86	64	18	4	76	86	41	25	14	78	56	64	74	80	52	95	16	70	6	14	22	93	5	74	51	10	72	41	47	51	45	75	45	93	62	5	91	7	53	37	33	14	62	96	98	19	75	28	50	16	23	56	51	55	51	70	21	36	19	2	26	67	21	49	39	64	99	56	59	18	67	47	43	6	75	54	11	55	43	13	9	49	97	83	48	10	2	81	43	95	46	20	10	6	6	50	49	34	54	33	74	17	94	86	63	1	92	77	50	11	44	25	24	55	75	77	72	72	50	24	39	29	14	47	35	60	85	97	36	23	10	34	49	5	39	54	76	49	9	42	36	49	13	3	69	28	5	69	85	37	62	30	21	11	50	73	22	59	47	48	28	8	1	19	16	50	68	93	30	89	83	56	12	91	28	9	4	43	94	27	48	29	49	31	54	57	81	22	11	33	9	57	0	20	71	6	47	33	8	48	46	45	27	57	95	93	12	27	47	5	80	37	61	9	36	4	66	68	12	18	1	10	45	28	68	51	65	77	45	33	43	67	7	7	68	19	68	83	30	11	10	74	34	90	43	17	5	37	9	53	45	3	88	3	78	2	25	86	66	90	82	42	69	38	8	96	74	10	24	73	3	22	27	9	49	91	24	9	88	0	76	25	12	67	47	71	29	20	47	91	36	82	41	64	87	56	36	37	77	88	59	85	18	10	81	45	34	35	9	62	92	58	64	55	66	4	23	95	75	77	28	31	48	46	91	24	30	9	47	83	7	55	54	52	51	66	6	73	52	58	71	39	73	11	43	33	65	69	74	58	43	31	89	21	94	84	83	16	54	19	1	13	37	4	58	13	1	24	40	40	15	98	35	50	96	15	72	0	40	17	41	41	25	95	6	65	98	22	25	15	4	79	99	41	99	64	30	79	92	91	9	99	33	47	34	46	22	29	52	66	73	79	38	2	24	94	21	19	37	21	63	9	52	74	73	68	12	92	68	61	13	63	98	84	62	93	17	49	16	23	93	5	19	55	17	71	90	56	7	80	57	22	61	70	13	18	48	50	80	31	39	93	54	22	79	24	37	43	34	75	42	90	68	20	20	91	9	58	4	9	91	85	84	16	31	94	87	29	54	21	91	16	13	58	62	34	31	89	43	69	25	36	68	79	14	27	48	46	28	65	44	27	90	97	4	67	18	14	16	88	47	51	6	35	56	23	50	39	41	44	82	74	24	62	29	92	89	21	3	18	36	88	35	85	61	31	4	49	22	69	73	16	21	33	73	61	67	21	95	78	84	64	72	64	45	26	87	47	47	0	59	6	55	50	42	60	26	68	56	82	66	66	73	22	24	31	59	77	71	43	43	19	75	35	17	6	19	45	87	35	27	73	93	30	60	53	98	83	84	23	44	85	40	38	60	24	29	88	93	20	36	77	64	18	10	85	4	85	48	5	24	85	74	75	75	53	45	51	67	86	28	50	50	54	86	90	50	35	55	55	64	93	56	3	13	77	8	19	9	89	27	7	16	28	64	8	81	59	37	23	74	84	78	9	53	43	68	81	16	86	83	79	89	87	88	59	5	22	15	58	8	2	1	74	29	77	93	74	61	2	13	91	81	2	21	51	91	96	41	31	44	54	71	15	89	15	8	11	32	95	35	24	46	3	83	23	11	46	48	48	61	29	6	78	27	61	11	97	97	49	83	43	99	45	70	14	95	50	11	60	47	73	94	96	37	1	25	62	10	22	10	83	2	86	64	6	1	24	25	37	1	23	46	68	20	9	5	48	41	44	80	24	43	22	29	28	63	96	75	22	68	18	14	2	45	43	16	42	72	70	3	35	24	90	9	29	28	2	22	8	30	82	76	88	27	35	94	7	21	16	63	57	30	90	72	36	49	20	12	21	83	5	38	2	41	37	53	71	13	26	97	72	16	20	66	16	76	79	34	64	63	63	51	53	50	50	46	33	22	34	16	84	9	49	10	48	60	26	44	12	33	64	36	23	3	61	33	23	63	99	44	7	74	47	86	30	53	25	71	25	89	92	14	68	14	84	78	56	0	89	18	60	17	58	45	90	39	65	53	62	0	18	62	13	86	87	70	51	31	13	1	78	19	39	69	34	59	99	5	37	65	98	94	19	15	50	57	22	46	26	65	37	2	12	66	60	45	54	61	91	94	51	71	85	58	64	46	47	22	56	61	17	85	80	94	14	26	35	56	30	66	67	20	78	88	30	26	0	4	66	85	29	41	33	43	26	35	16	16	22	24	53	14	42	30	28	0	13	28	4	74	98	22	54	46	52	76	90	58	73	8	74	18	94	14	28	4	31	86	87	44	61	96	51	0	86	99	24	43	37	66	40	54	89	21	86	10	53	47	3	49	3	87	23	32	58	80	12	14	14	95	17	15	17	20	31	21	73	44	68	86	77	55	36	78	29	33	98	44	7	14	85	19	75	15	32	33	56	64	20	49	62	4	73	65	83	92	84	89	68	1	87	79	82	11	16	66	98	65	73	45	66	98	61	55	91	76	59	15	72	42	47	38	44	31	1	99	59	43	21	52	43	94	26	64	68	42	83	36	41	77	19	41	31	73	16	2	63	42	47	6	34	52	43	77	81	97	78	57	98	54	96	16	67	2	40	1	28	31	82	28	76	26	22	5	5	12	39	94	67	81	42	44	20	88	28	49	94	88	66	34	17	1	66	53	83	49	34	35	13	52	49	28	64	66	51	91	62	24	74	0	57	97	58	60	81	13	10	43	25	78	63	56	71	8	46	70	63	86	59	60	74	85	22	13	67	72	74	54	46	2	79	89	56	45	78	47	26	21	62	23	11	5	20	43	22	4	98	17	44	12	46	75	12	33	72	14	6	1	8	10	70	91	62	18	62	47	73	56	57	73	33	76	76	34	78	88	32	51	23	54	7	53	24	23	71	15	31	46	92	81	47	79	31	44	75	34	11	71	51	93	89	70	70	60	18	6	41	11	11	3	95	15	49	90	47	68	36	36	62	21	61	1	83	28	72	4	45	46	55	22	96	89	6	46	89	7	32	23	24	66	70	55	1	41	35	32	47	6	89	64	56	62	28	56	56	54	9	71	73	9	2	58	42	39	12	92	23	2	85	46	9	84	76	35	12	63	92	30	71	60	64	72	15	48	39	34	47	78	39	62	29	29	25	0	46	16	42	6	88	10	4	21	71	73	81	33	47	46	67	83	25	9	28	97	19	57	5	21	90	7	23	70	53	23	82	46	74	57	83	92	43	9	93	9	12	62	57	37	89	18	94	60	61	84	66	88	33	41	2	7	42	86	12	61	76	67	42	96	37	45	85	36	17	13	10	96	31	13	32	67	71	66	17	8	23	61	31	9	76	37	0	49	79	27	65	6	76	49	23	12	92	91	83	96	45	97	42	51	63	13	84	54	99	16	68	6	34	62	45	51	71	85	40	63	58	5	54	27	52	55	83	78	52	83	70	50	21	78	23	14	89	46	20	41	58	50	26	48	97	59	74	60	89	15	59	92	40	36	1	34	56	63	26	44	52	44	80	93	42	8	92	15	33	71	32	4	34	9	49	54	66	30	16	53	26	60	52	38	15	97	73	89	2	77	20	38	91	80	31	97	50	4	22	43	28	90	42	16	23	85	40	2	70	78	83	70	29	3	27	79	53	38	49	47	71	52	95	95	2	29	76	46	79	48	31	73	60	84	28	1	71	46	49	25	76	7	8	39	9	43	30	92	44	88	30	31	87	46	52	61	98	42	52	32	19	20	15	25	9	87	99	21	12	77	27	48	16	30	27	68	32	68	72	27	7	4	87	11	40	66	75	0	17	29	97	42	28	64	15	82	36	97	20	85	37	74	72	71	61	8	10	55	8	22	16	26	42	37	9	18	81	97	43	32	18	45	52	59	78	53	8	41	96	86	31	11	91	23	81	76	75	55	65	1	85	78	97	15	26	89	51	52	22	11	86	14	57	88	68	63	35	2	79	6	47	64	6	76	66	68	55	87	10	18	2	57	9	4	65	20	21	63	1	73	12	81	25	54	56	44	72	30	72	51	5	89	49	42	63	76	73	98	29	62	12	50	59	20	23	89	19	78	55	10	31	83	85	58	28	99	83	35	95	34	86	73	49	37	91	24	2	43	16	85	62	66	25	54	86	67	44	50	33	10	23	95	95	8	69	17	0	63	16	98	95	5	17	61	4	31	55	39	26	31	20	13	61	97	43	4	52	90	14	34	91	36	35	80	28	24	46	88	65	44	34	72	56	3	68	46	87	48	53	5	26	14	95	55	71	93	27	2	0	89	83	76	37	74	42	27	72	79	99	6	92	38	81	99	18	61	19	95	51	42	97	92	5	34	81	90	44	13	71	85	47	85	42	99	45	89	35	9	37	57	59	32	20	76	60	30	10	22	21	59	36	78	43	21	46	39	47	77	37	23	92	31	73	14	10	55	14	71	7	78	37	16	9	23	64	23	85	1	30	30	89	35	92	11	13	23	97	43	60	8	63	30	42	29	87	64	6	73	41	12	68	53	12	19	46	55	17	65	80	96	77	0	5	26	47	36	84	31	13	71	99	3	40	76	
2	17	9	18	18	16	3	19	12	10	17	19	10	14	2	1	20	2	13	3	11	5	3	18	13	20	7	11	13	11	12	16	14	16	16	8	13	19	12	1	17	1	1	9	9	16	3	3	9	9	16	9	15	8	9	8	14	15	2	6	13	6	2	2	4	7	16	3	5	18	10	4	7	1	13	15	1	8	9	10	8	9	4	20	15	5	11	8	5	11	19	1	10	7	5	2	19	12	17	2	2	7	5	4	10	2	14	3	19	17	12	2	3	2	14	20	17	14	3	20	20	17	1	18	12	8	16	10	11	17	15	15	20	13	17	1	3	12	16	4	17	3	1	7	11	16	12	6	19	4	3	17	9	11	19	19	2	11	13	12	12	4	18	1	15	4	2	2	20	19	7	14	16	14	18	1	9	20	3	4	18	3	17	16	7	11	3	14	2	14	11	18	14	20	10	15	14	11	8	1	18	3	3	17	12	2	4	20	11	12	16	15	19	12	3	19	9	7	16	1	7	7	18	6	4	12	18	3	15	20	19	1	5	11	12	5	17	11	3	16	6	1	5	11	8	1	3	19	13	8	9	5	20	16	17	18	20	2	8	8	1	2	3	6	5	5	6	2	4	13	4	13	11	7	20	4	11	15	7	13	13	15	4	3	11	11	10	8	9	8	11	1	12	16	4	20	18	12	10	4	3	16	1	3	20	18	11	10	6	14	1	11	19	2	12	5	15	14	20	11	15	20	15	20	12	20	14	18	8	20	10	15	3	8	11	14	10	14	11	14	11	18	11	10	13	10	12	9	7	11	3	18	6	5	4	8	9	13	1	2	11	9	19	7	12	1	18	18	9	3	13	6	8	8	11	2	5	20	10	5	5	20	14	15	18	2	10	16	7	15	9	15	3	19	1	4	14	19	15	7	2	13	15	3	7	10	3	12	2	18	4	18	16	11	15	16	18	13	13	2	14	13	10	5	4	18	16	10	18	6	20	17	3	16	11	17	2	1	17	14	7	5	16	13	15	14	17	15	20	12	5	17	6	17	4	4	6	13	4	20	18	18	18	4	13	9	11	12	10	5	15	1	18	10	9	4	20	19	20	14	15	1	6	4	11	6	11	3	10	15	9	9	12	16	14	3	7	13	7	12	11	7	7	9	3	1	7	11	15	6	8	11	6	15	2	4	6	3	2	2	15	14	14	7	1	3	10	16	14	14	9	6	1	11	8	4	8	1	14	11	8	14	8	6	6	15	7	7	14	15	7	10	3	2	12	10	16	8	16	15	16	14	14	11	8	7	11	2	11	11	4	14	10	6	14	11	7	2	5	12	5	7	13	3	14	15	15	16	16	1	14	13	1	9	8	13	7	13	4	16	15	3	8	2	10	6	6	1	1	6	13	13	15	4	6	16	15	6	11	3	5	14	5	2	5	15	11	12	14	1	9	6	6	12	6	14	10	5	7	2	12	8	12	15	6	5	2	14	15	15	11	13	1	16	4	13	8	1	4	9	7	2	5	2	10	5	15	12	10	5	13	10	5	5	6	3	16	1	2	16	6	6	12	1	6	2	10	3	7	15	5	9	12	5	4	2	3	13	6	1	3	4	16	10	1	10	1	1	7	2	9	15	2	10	13	5	6	2	6	4	1	1	9	7	5	8	2	15	3	10	4	4	13	1	13	14	11	7	9	13	13	12	12	12	10	13	4	11	13	12	6	12	10	5	12	2	5	3	16	5	6	13	14	7	10	15	16	2	16	13	12	6	10	5	8	12	8	16	11	2	16	13	16	1	5	2	15	11	8	9	8	3	16	7	9	4	13	14	8	1	11	16	9	13	12	15	10	15	12	14	13	16	15	5	10	8	14	6	8	7	7	7	11	11	10	15	3	15	10	6	3	9	12	9	12	8	14	16	12	12	16	11	15	7	4	11	15	15	11	10	7	8	15	12	1	16	13	13	11	3	11	15	15	13	1	4	5	3	15	8	10	2	11	4	15	15	16	14	15	10	16	6	7	9	3	6	11	9	5	10	11	15	14	16	16	16	9	4	4	2	13	12	9	15	3	8	6	2	5	15	16	15	7	13	5	3	3	5	13	16	4	3	7	10	13	7	4	7	1	15	4	14	9	15	5	5	15	3	7	3	10	6	4	5	16	15	1	13	2	16	8	3	3	11	15	11	13	5	2	9	7	15	15	3	10	9	10	14	12	9	9	16	12	7	16	16	6	1	7	13	3	8	11	3	7	12	13	6	10	4	5	3	1	14	4	4	7	11	11	5	15	16	10	14	5	7	7	10	5	5	8	2	3	5	2	4	10	10	15	10	5	15	11	2	2	5	4	2	3	11	7	2	14	12	3	6	4	16	11	10	13	13	11	4	7	2	4	7	5	8	10	7	1	8	16	13	11	11	16	12	2	6	13	3	8	16	6	11	9	14	3	12	13	10	13	5	1	13	11	13	2	10	10	3	9	2	9	3	6	9	13	10	11	11	7	3	6	3	15	1	12	6	10	16	14	12	13	5	16	16	4	7	9	3	4	15	3	14	3	10	13	13	10	11	7	2	6	16	9	6	3	14	6	15	11	2	2	2	2	7	3	16	13	5	3	15	9	9	6	14	7	5	11	1	1	12	11	1	13	3	4	14	4	14	4	6	14	4	6	15	5	3	6	4	7	7	9	12	14	4	10	3	11	11	15	12	12	3	4	16	9	14	1	13	12	8	5	9	8	13	6	15	5	3	1	15	8	6	7	15	16	6	7	6	2	7	11	12	8	13	11	11	13	8	3	6	1	14	12	6	1	6	1	1	4	7	2	2	9	5	2	3	16	11	8	11	8	4	1	10	2	1	16	8	12	16	7	8	14	1	10	7	9	7	16	10	2	15	11	4	1	3	5	11	4	10	4	6	15	6	10	2	6	4	16	15	13	5	13	6	13	8	14	8	16	6	5	4	10	9	1	3	8	13	5	13	9	13	9	5	4	5	8	4	11	8	8	3	15	15	16	3	3	2	10	15	7	11	16	8	9	16	13	3	5	10	1	3	10	6	12	4	8	13	12	1	8	4	7	15	5	8	13	13	8	10	6	4	5	9	1	12	14	5	1	15	15	4	12	4	11	15	2	12	6	2	13	8	6	6	7	13	7	13	9	15	15	10	7	2	12	1	6	13	9	13	15	9	8	6	6	11	1	7	14	11	2	5	1	5	10	9	9	4	6	8	2	6	5	1	15	13	12	10	10	4	10	2	3	12	11	5	13	9	7	14	14	3	4	3	2	1	5	7	8	13	14	8	2	7	7	7	5	16	6	9	11	3	8	8	5	10	8	3	1	4	16	12	16	5	1	3	11	2	13	14	6	5	9	3	12	12	3	8	11	14	15	16	5	6	15	7	4	9	11	12	15	8	3	8	2	9	14	12	2	1	3	7	10	6	9	16	9	10	11	6	3	7	11	3	2	8	15	14	11	8	1	12	1	1	11	1	7	5	10	14	7	6	1	7	12	8	3	11	2	6	12	7	7	4	2	5	14	6	9	3	1	3	6	8	2	2	5	5	13	1	2	13	15	5	16	5	7	6	5	6	6	7	5	1	15	11	15	7	14	10	6	7	1	16	2	14	2	15	1	4	12	1	9	8	2	6	5	16	11	11	2	13	13	1	5	11	13	8	5	7	2	15	11	9	7	5	15	11	1	7	3	4	15	1	4	10	1	6	5	8	2	8	6	1	15	15	15	15	9	4	6	3	9	3	14	16	9	14	4	11	2	8	15	7	15	12	7	5	11	10	4	4	16	15	11	2	4	11	1	4	5	9	10	11	11	3	10	3	9	15	7	8	6	1	15	14	12	7	7	8	11	10	16	9	4	7	11	3	8	7	15	3	13	13	5	8	1	6	1	14	3	8	3	6	7	11	2	9	9	12	7	4	9	12	7	6	14	6	12	6	14	8	10	3	13	15	9	14	12	14	5	1	14	9	13	16	16	3	16	16	14	15	6	16	16	7	1	10	7	3	2	10	4	1	10	5	7	1	7	9	9	8	12	9	4	3	12	1	2	16	16	6	7	14	7	1	7	2	15	3	8	11	15	9	9	15	8	8	9	6	3	15	16	13	14	10	4	8	3	16	14	4	8	13	11	2	7	15	14	1	5	16	2	13	6	3	8	14	2	9	2	7	5	5	16	7	10	1	1	4	3	6	9	10	12	14	14	16	15	13	9	13	9	5	7	2	6	11	3	11	1	4	13	3	15	11	12	13	2	8	10	3	12	12	12	3	14	11	13	9	8	8	12	4	4	5	6	12	16	13	4	12	16	4	13	6	6	3	9	2	3	6	15	7	3	15	8	5	3	1	16	6	3	9	13	7	14	6	5	7	12	5	14	13	15	16	7	14	1	4	8	8	6	11	3	1	8	11	3	1	13	15	6	8	3	4	15	15	7	13	6	6	13	7	4	3	12	15	9	10	12	9	8	1	5	13	8	1	3	10	13	14	5	7	16	7	10	6	10	10	1	4	10	10	5	4	15	5	13	4	8	11	1	6	12	2	12	10	4	12	3	1	12	16	10	2	14	14	8	5	4	13	1	12	1	15	5	16	7	7	13	11	15	13	10	15	16	2	15	12	4	11	5	13	8	8	3	7	4	10	4	4	15	6	7	10	1	8	14	9	10	13	11	11	11	6	4	2	15	2	6	16	5	9	5	14	15	6	16	8	8	8	14	5	11	5	16	14	16	6	11	12	6	6	13	4	8	3	10	14	1	5	1	10	10	11	2	9	12	10	16	5	13	13	16	2	1	14	7	5	1	2	4	16	9	13	1	6	8	3	7	11	13	6	15	3	8	7	10	7	8	4	8	13	11	8	6	4	3	9	11	6	7	15	4	6	5	9	3	4	2	3	3	15	7	6	13	16	16	2	6	7	10	6	15	5	10	6	1	2	7	11	6	10	8	9	16	6	6	4	16	3	6	10	11	1	15	14	14	4	9	16	13	3	13	6	1	5	9	16	7	5	1	5	7	10	7	8	10	8	14	6	12	2	14	3	2	8	13	1	3	11	14	9	16	12	7	14	7	15	1	1	7	5	6	4	7	12	10	3	4	6	7	1	16	7	11	6	1	7	8	12	12	13	14	15	12	14	16	3	3	11	15	15	8	10	2	6	9	10	2	7	14	15	10	11	12	11	4	6	13	12	5	1	7	8	13	8	15	11	3	10	9	12	3	7	4	12	10	12	6	12	9	8	3	3	12	2	10	14	7	4	5	15	16	4	11	14	12	1	7	11	1	13	6	11	16	2	5	14	15	9	3	12	13	13	8	7	4	4	8	5	1	4	13	15	10	2	13	9	10	9	14	3	14	3	13	10	15	2	4	12	12	10	16	16	1	12	16	14	10	15	11	9	12	13	3	7	2	2	3	12	3	11	16	5	8	5	9	7	3	1	3	14	6	15	14	15	8	7	1	9	1	9	4	9	6	15	8	11	5	9	9	5	5	7	2	3	2	1	15	4	6	11	8	4	15	9	14	16	3	13	8	8	6	6	13	6	4	8	14	14	1	13	11	16	14	5	7	4	5	11	7	3	15	8	5	12	3	9	5	2	10	5	13	8	4	4	1	5	10	7	12	7	16	13	16	5	10	13	3	1	6	9	9	16	6	13	16	1	9	3	5	7	12	8	12	11	4	11	10	14	3	8	14	8	15	5	3	1	7	11	12	9	8	8	13	7	3	1	15	4	6	6	11	4	8	15	9	7	1	12	4	9	2	7	7	12	6	12	6	5	6	6	2	11	12	12	11	2	15	2	14	12	6	1	6	4	10	9	16	10	11	7	16	9	1	7	9	4	3	12	16	6	8	12	10	13	7	1	16	4	1	2	16	13	14	1	1	15	7	10	9	15	10	10	7	7	7	3	7	5	12	11	12	9	4	5	12	6	6	16	1	2	11	1	9	1	12	12	2	1	15	3	4	3	6	1	16	5	15	10	5	6	12	3	3	15	12	7	1	11	7	3	13	10	3	16	15	9	7	16	4	4	5	15	11	7	3	12	5	12	7	13	9	11	13	14	10	6	13	6	4	7	3	10	11	1	2	11	4	11	11	11	2	1	11	11	1	15	2	1	14	16	12	2	1	16	2	7	10	16	1	13	7	1	5	7	8	15	4	15	13	3	10	3	9	9	10	2	2	8	11	14	16	8	11	2	2	1	3	13	12	9	2	4	3	4	15	15	7	6	6	13	8	14	14	6	7	11	15	5	15	9	7	6	16	10	10	2	11	13	6	3	4	6	8	15	4	16	15	8	12	13	5	10	9	8	13	5	2	6	3	14	13	1	6	3	11	11	15	4	1	8	12	16	2	10	14	6	8	7	3	11	13	8	11	12	3	8	14	6	4	8	9	7	11	4	8	13	6	8	13	6	12	11	2	5	16	15	3	3	8	6	3	9	2	4	7	15	12	6	5	9	15	11	7	13	10	15	1	12	5	4	9	4	7	1	16	7	15	16	14	15	11	11	10	7	2	9	11	3	1	10	4	13	13	2	10	15	6	6	9	1	13	12	8	13	5	8	13	5	12	4	12	14	1	13	13	4	2	6	6	12	5	9	11	6	4	16	3	2	12	7	12	6	3	5	1	7	5	6	5	10	15	13	3	7	14	7	6	12	3	8	5	14	2	10	6	6	2	13	5	10	12	6	6	11	11	4	10	11	1	8	15	11	8	8	8	8	1	6	4	11	16	1	16	12	6	12	1	1	5	2	1	2	14	9	13	3	8	7	16	8	6	12	9	4	9	13	14	7	4	4	16	2	5	16	15	16	8	16	5	5	2	3	10	14	4	16	2	16	4	5	5	2	8	9	8	8	9	13	4	4	14	13	13	15	11	5	9	1	5	1	1	16	7	8	4	11	12	3	7	6	14	1	8	15	8	3	8	1	2	12	12	7	7	1	8	13	8	2	7	14	14	12	13	16	1	16	4	1	7	14	11	1	14	6	1	9	10	12	3	16	14	3	7	9	10	13	6	2	8	13	15	7	14	16	16	13	14	8	11	4	16	5	1	7	9	12	6	13	16	1	16	15	2	1	15	5	6	15	8	6	6	14	11	11	8	16	2	15	9	5	8	6	15	2	6	11	12	1	5	13	11	6	2	7	15	3	6	6	3	9	5	15	9	15	10	4	2	16	2	12	1	12	4	1	13	6	9	16	6	1	14	1	3	12	5	16	2	8	4	9	3	14	13	14	12	7	9	7	12	2	11	10	3	1	12	12	14	7	7	16	4	15	7	13	4	4	7	9	2	5	2	13	8	11	13	7	8	11	10	5	16	5	14	5	10	15	9	15	1	8	11	15	8	2	11	5	1	1	16	12	16	2	13	9	2	14	4	9	5	15	6	14	2	13	1	3	1	12	3	11	8	11	4	4	15	7	12	7	16	1	8	4	16	5	9	12	14	16	3	8	7	4	16	15	8	7	5	14	15	10	14	16	12	1	7	5	6	16	7	8	8	6	12	13	9	2	14	13	10	13	16	3	8	16	10	3	8	8	16	3	14	14	12	11	13	16	14	11	7	16	8	14	1	7	1	8	13	9	3	3	8	7	1	3	14	6	8	16	15	5	10	10	11	7	1	3	8	7	5	1	12	10	8	13	1	4	12	6	12	5	4	12	6	3	12	3	8	15	11	8	11	1	12	11	15	14	13	2	10	8	2	6	10	7	8	4	13	15	14	9	15	5	15	2	16	4	13	16	7	10	16	15	5	3	12	2	7	14	1	6	9	7	9	15	15	11	3	10	11	9	14	15	8	8	8	8	7	5	2	12	11	10	6	14	10	5	11	1	12	5	5	13	4	4	16	7	12	1	14	12	6	13	15	14	7	1	13	8	4	4	13	10	4	11	9	16	2	15	8	6	7	1	3	16	3	5	2	5	6	2	6	12	7	6	2	8	4	4	16	7	6	8	4	10	5	4	8	11	2	3	4	11	5	6	2	10	14	6	11	12	6	10	13	10	3	4	13	8	7	9	10	8	7	5	16	13	7	5	15	15	15	14	3	13	14	8	12	6	2	2	12	5	15	13	16	4	10	1	8	2	16	11	10	7	11	16	8	7	7	15	10	7	1	11	3	11	3	12	9	14	12	3	8	5	16	14	15	1	14	14	8	4	5	8	2	10	11	8	5	9	6	2	13	1	10	8	1	9	10	8	3	10	13	3	15	4	16	4	6	10	12	6	13	10	2	3	11	16	4	5	9	5	14	4	3	10	5	8	4	14	8	9	14	11	11	13	12	16	7	14	12	3	10	11	7	11	7	13	5	13	1	13	15	9	13	4	16	6	10	3	2	14	3	12	13	4	15	2	12	15	9	4	7	11	1	1	1	5	9	13	2	8	7	12	5	8	8	3	5	13	7	2	8	1	14	14	8	1	15	5	12	3	8	2	8	15	5	1	16	5	10	5	5	12	5	15	10	4	16	1	6	8	14	11	4	14	1	9	10	15	7	15	1	12	3	16	1	3	5	2	5	6	14	7	1	15	3	9	3	13	10	11	8	3	7	14	12	11	15	13	15	16	4	9	2	4	3	1	5	4	11	7	7	14	8	7	1	1	12	9	13	15	3	5	13	13	10	14	3	8	10	14	2	4	10	2	15	6	6	9	3	2	3	11	7	9	4	9	10	13	10	9	16	1	1	6	1	12	14	13	9	9	16	2	2	6	12	14	9	13	6	16	14	5	8	15	9	6	5	8	5	1	15	14	4	14	5	7	8	3	7	4	9	14	15	6	2	11	5	11	10	10	12	14	1	13	6	9	16	11	7	7	13	1	16	13	3	16	2	13	16	12	6	7	3	2	12	4	10	14	16	4	13	5	1	7	4	2	4	16	16	12	5	4	10	12	9	14	3	14	5	13	2	5	12	11	5	1	15	12	3	16	16	5	7	16	10	13	5	12	2	16	8	10	16	16	4	14	10	2	4	12	8	3	12	10	14	9	7	7	9	15	6	3	16	5	6	10	8	11	9	5	11	14	2	9	16	1	13	16	5	13	12	9	1	16	4	5	7	2	10	9	8	9	12	2	15	15	8	3	15	16	12	2	2	2	8	7	13	13	5	7	6	14	8	2	11	1	6	6	11	10	9	5	6	16	12	1	10	1	7	2	3	12	1	15	5	8	11	1	10	3	6	12	3	14	10	1	15	8	1	16	16	16	3	9	5	7	7	7	12	8	9	15	5	15	13	3	10	11	4	1	14	14	7	7	6	8	16	1	14	16	3	9	8	4	1	16	5	2	1	14	7	8	4	16	16	16	14	3	3	14	15	10	7	7	14	6	3	12	5	13	7	11	2	15	3	6	5	13	9	6	7	14	1	6	12	3	15	7	12	16	4	9	14	4	8	13	16	6	14	11	14	9	4	2	8	10	12	2	8	8	13	5	3	8	10	12	15	4	3	13	15	8	4	1	1	6	6	9	10	2	10	5	9	7	6	8	5	6	5	16	4	9	11	9	6	5	7	16	16	8	7	11	7	4	2	3	8	11	12	15	15	12	9	10	10	9	3	7	16	13	4	12	7	6	6	11	7	12	15	11	12	1	11	13	12	2	3	12	14	2	16	2	2	11	14	2	15	8	9	12	14	3	16	8	16	11	9	6	14	8	5	7	2	13	10	4	6	15	1	1	16	6	10	8	10	8	16	7	1	2	4	16	12	2	6	12	12	5	7	7	12	4	7	14	8	6	3	6	10	5	8	7	16	8	5	8	9	7	4	12	4	4	14	5	6	6	3	14	16	11	13	2	14	1	6	10	10	10	3	3	16	14	3	16	5	16	5	2	6	12	8	9	9	7	16	9	10	8	8	14	15	10	13	4	6	10	4	8	3	13	2	7	16	7	12	11	3	15	4	15	4	3	8	16	3	9	3	5	9	8	11	5	14	14	3	4	15	4	9	2	2	13	2	10	7	1	7	7	9	8	1	12	10	7	3	3	15	2	10	3	4	10	7	3	16	13	15	3	13	15	12	7	5	6	12	14	9	14	2	5	4	3	7	8	15	1	16	8	4	3	1	1	10	10	4	5	5	10	3	15	16	13	7	
240	240	560	360	660	770	490	690	330	290	670	250	310	380	680	860	830	730	100	950	680	330	700	490	750	590	700	600	300	640	750	460	480	920	240	300	270	540	350	180	520	980	130	320	550	520	270	110	740	580	270	500	920	310	440	900	210	360	830	670	680	780	200	830	130	440	200	920	240	420	120	270	200	290	930	900	360	410	770	410	270	450	140	100	800	620	300	350	300	760	640	470	970	990	920	850	680	330	930	150	270	860	280	490	960	510	800	520	350	590	820	680	930	950	100	430	160	980	900	250	850	510	750	580	780	880	570	170	770	230	320	310	880	760	480	660	510	500	400	890	190	850	240	510	670	820	790	150	370	950	910	350	490	300	820	740	790	180	780	210	230	740	760	160	850	570	370	360	350	660	200	620	420	660	420	480	840	670	120	770	200	300	900	240	740	610	500	640	450	320	200	730	350	510	920	280	700	910	590	190	270	760	830	210	630	720	110	260	220	120	390	120	240	490	580	580	360	150	430	690	520	950	320	310	960	240	510	340	210	580	790	710	700	450	140	410	680	660	840	350	320	640	330	540	120	160	450	970	870	530	180	640	600	780	860	610	700	390	930	920	710	940	610	620	420	330	490	790	940	190	370	570	750	110	600	850	510	930	300	150	890	470	390	230	320	500	480	400	160	590	180	700	990	890	550	570	930	880	640	120	250	680	250	370	290	880	760	740	930	590	550	530	200	430	630	810	270	590	720	910	840	640	540	340	740	880	410	140	120	880	310	720	140	930	130	480	450	780	540	690	180	600	990	790	210	200	630	220	140	740	340	250	630	150	840	340	560	620	590	920	240	960	800	530	120	650	580	490	840	420	500	470	670	680	220	760	620	240	950	940	450	600	800	640	860	580	580	370	970	650	900	590	150	680	120	940	880	300	240	980	240	340	290	480	180	360	760	780	220	340	250	730	890	690	830	930	410	650	460	100	680	600	910	790	370	720	550	720	220	590	750	710	990	240	470	490	240	350	380	680	340	880	170	270	160	740	100	720	690	900	140	110	350	250	270	140	660	650	930	530	460	140	770	260	960	680	680	150	530	210	610	140	840	740	260	880	760	370	980	570	500	220	190	980	510	910	530	110	940	590	360	130	740	370	630	220	530	500	110	260	110	830	170	540	110	280	470	240	340	650	390	480	590	510	410	720	770	740	240	970	770	280	900	250	640	800	690	120	120	660	570	580	590	760	860	160	910	670	700	180	900	670	450	880	550	200	830	110	260	280	650	960	640	970	930	100	340	250	470	940	440	310	550	960	680	800	950	250	990	630	230	980	320	700	740	980	210	470	940	980	120	490	760	570	660	320	670	680	540	480	740	240	1000	330	290	230	750	930	350	850	340	610	810	330	710	420	300	490	910	450	170	690	660	960	420	610	280	700	960	790	490	100	730	250	890	510	750	280	390	470	910	450	500	600	860	230	180	510	510	140	150	340	400	450	750	570	690	310	720	460	490	590	160	260	500	970	350	320	520	330	420	180	270	780	400	300	790	610	960	690	220	900	630	880	430	100	700	940	630	950	180	220	720	990	150	730	380	140	170	290	940	650	460	290	990	500	100	540	490	110	290	290	480	480	790	730	940	830	300	350	580	260	540	260	720	620	760	410	370	290	410	170	760	620	530	130	900	210	490	360	410	950	420	140	610	480	170	180	530	240	890	760	1000	430	810	990	220	520	660	630	170	360	440	180	700	490	290	490	240	300	790	410	630	1000	970	760	840	800	520	820	780	740	700	190	480	200	620	960	260	180	240	250	710	860	400	250	200	820	500	620	430	600	440	610	200	750	450	530	630	870	800	600	970	970	160	160	680	970	410	950	310	330	310	620	500	730	120	770	350	640	490	580	460	790	350	990	570	780	820	980	340	300	590	310	230	910	350	660	900	220	820	470	500	290	160	190	190	690	510	700	870	290	460	950	120	730	260	830	710	280	860	230	470	350	920	550	640	430	190	340	110	860	1000	770	100	490	100	190	350	670	620	910	870	250	190	610	880	620	870	990	560	310	260	880	830	180	630	710	700	470	990	610	830	680	970	100	780	360	530	190	420	340	700	550	230	450	330	920	760	380	470	870	190	360	840	940	580	650	590	340	250	730	210	780	230	430	320	790	990	430	640	210	630	100	460	300	160	210	560	130	270	410	900	650	900	970	480	440	900	280	740	110	610	400	420	610	330	250	150	840	920	940	430	860	970	130	230	220	900	230	500	670	430	720	680	910	750	340	690	440	280	430	920	950	460	860	160	350	970	200	180	940	670	430	160	280	730	700	840	100	700	640	880	120	690	440	540	220	750	880	600	270	400	770	390	950	270	870	330	560	920	280	300	630	120	730	540	710	200	1000	140	450	340	780	810	270	640	740	320	310	290	320	480	960	910	800	770	820	550	310	720	320	670	610	470	800	790	120	170	580	680	920	730	650	730	240	140	440	310	290	140	680	800	120	960	880	610	100	810	560	750	890	690	130	890	920	240	600	1000	170	800	310	120	330	770	740	140	170	220	210	340	930	460	750	270	760	270	860	800	880	790	480	1000	580	510	780	210	830	1000	630	210	500	1000	580	600	430	560	580	960	330	220	340	100	380	680	790	520	800	210	800	820	760	340	130	270	410	550	800	860	270	880	100	680	600	170	670	570	130	900	380	780	500	570	100	700	680	230	620	440	670	970	750	790	480	940	380	960	260	380	340	380	590	390	310	830	400	600	380	920	410	130	620	940	780	310	250	610	190	370	340	460	870	930	600	620	320	130	740	250	280	180	440	770	910	120	590	910	140	340	540	800	480	410	640	990	360	900	850	190	680	1000	220	490	810	850	410	310	780	340	780	420	220	770	170	470	320	920	720	180	180	980	660	530	540	300	320	440	630	140	580	900	510	600	270	900	920	720	750	490	790	390	170	240	620	210	960	270	130	590	520	450	500	350	260	970	510	700	280	200	910	100	180	180	790	500	370	130	630	530	920	410	730	860	270	360	200	240	970	270	760	770	300	1000	280	450	420	900	150	850	550	810	950	650	890	750	710	730	670	1000	390	140	450	690	240	100	260	300	820	860	610	770	370	320	390	660	920	790	410	160	580	920	540	170	100	520	400	670	560	780	800	790	370	960	600	720	360	300	370	290	310	450	400	700	910	760	130	800	760	650	780	520	160	520	480	680	940	740	630	170	320	820	950	560	970	220	970	670	580	270	960	290	340	130	780	650	990	250	500	310	490	730	480	170	600	480	530	610	770	180	430	660	510	500	540	710	900	520	490	300	160	360	570	850	850	180	290	910	990	470	680	800	830	810	740	780	180	780	120	300	330	100	620	780	650	140	110	610	370	650	490	930	290	860	650	690	930	430	940	490	420	700	390	250	430	540	660	810	800	980	270	390	470	660	690	900	540	920	200	350	270	780	780	960	470	130	390	980	880	400	640	620	350	810	190	400	130	320	350	880	860	410	280	670	660	580	350	610	460	620	430	850	840	370	860	710	470	550	780	580	610	170	720	800	730	250	650	360	700	450	530	610	860	900	100	940	310	820	310	760	750	740	780	580	180	540	560	120	710	150	370	870	800	540	410	840	240	420	930	610	150	910	820	340	230	100	570	840	760	230	440	650	460	830	530	250	710	630	800	990	180	230	870	780	380	550	840	560	550	750	550	110	810	320	740	870	1000	770	160	390	640	860	940	100	540	470	500	460	860	780	800	780	160	360	680	800	780	680	910	210	150	520	840	660	270	970	300	590	800	480	130	500	710	290	1000	130	300	890	540	450	480	880	280	610	230	730	900	480	230	110	250	660	870	290	700	290	230	990	390	900	610	790	990	820	190	170	890	850	200	360	830	230	860	880	160	960	950	930	370	950	790	440	470	470	740	630	650	620	750	850	750	900	890	310	200	380	460	340	180	990	590	950	610	260	670	460	770	790	590	250	370	620	470	430	120	190	570	880	170	650	430	970	430	390	400	500	970	250	590	620	700	1000	580	740	830	610	660	720	420	230	160	870	880	860	720	360	870	230	910	880	850	570	990	710	140	360	540	740	330	840	920	760	920	180	450	390	670	450	480	540	170	640	650	280	260	130	720	620	500	530	770	230	810	780	500	450	520	840	530	520	530	800	320	140	540	660	440	440	160	170	570	900	480	690	230	500	830	870	490	940	540	1000	150	660	290	440	320	990	660	150	390	300	520	630	810	560	590	550	450	720	520	770	800	560	630	370	610	170	770	750	700	250	490	810	650	410	560	990	950	560	780	580	420	290	190	180	490	150	420	330	240	780	530	640	750	880	330	380	120	680	290	720	980	770	840	590	640	220	900	920	760	560	980	830	300	400	530	120	190	350	410	990	260	140	440	280	890	640	340	160	370	720	340	490	490	670	140	650	640	580	150	860	430	160	790	130	480	290	640	140	770	520	960	320	190	270	180	320	370	350	520	520	530	780	380	980	330	650	570	390	950	360	450	920	230	700	290	280	520	700	430	380	950	690	820	230	510	910	570	570	900	180	360	300	250	320	770	460	100	670	280	100	170	510	930	840	960	880	180	900	540	860	230	810	510	550	710	290	970	400	820	450	580	360	510	300	910	460	880	490	950	230	920	470	320	290	650	340	580	660	460	890	750	100	300	520	620	850	800	270	540	280	840	620	160	690	440	240	650	430	950	750	270	570	880	810	260	880	610	580	870	680	500	180	710	980	430	360	590	870	130	470	700	370	570	640	970	160	350	570	570	790	250	400	850	820	640	740	400	810	570	820	740	110	690	430	690	840	820	170	500	850	810	500	520	150	260	680	660	900	360	710	680	770	730	890	320	210	320	840	610	400	320	730	640	300	410	940	720	210	380	220	320	850	1000	650	160	410	440	490	470	680	580	310	690	520	820	120	470	980	480	560	170	710	860	900	280	320	730	550	600	490	490	640	740	970	920	180	550	530	200	560	560	670	940	440	460	280	600	430	640	860	260	990	930	680	410	500	850	270	400	140	650	280	420	240	960	660	180	250	130	320	690	100	750	390	190	230	870	340	760	140	630	870	140	220	630	270	330	110	920	720	1000	760	820	820	670	440	510	410	670	740	400	630	960	690	880	350	600	400	460	770	470	450	870	680	670	130	380	180	210	960	870	910	750	110	770	940	740	550	860	500	390	180	650	910	110	1000	850	180	300	510	310	580	300	800	660	590	230	1000	330	550	160	550	330	820	170	980	820	310	710	410	360	210	340	850	630	250	970	280	150	290	900	410	870	870	790	860	430	280	280	540	350	470	140	820	100	610	580	230	200	170	640	990	510	980	160	250	920	810	290	210	970	540	140	880	210	590	760	780	470	240	120	100	390	710	680	870	560	220	670	410	470	220	660	150	190	830	570	940	300	940	180	460	620	220	790	710	490	410	710	120	690	510	980	390	330	990	550	280	260	430	190	590	320	510	740	830	620	470	380	390	230	970	380	820	930	150	830	1000	230	250	590	440	400	140	500	100	880	340	370	170	680	970	790	620	850	250	130	710	330	670	390	240	680	690	140	950	280	640	780	310	670	250	630	210	630	890	540	990	480	850	810	530	250	400	1000	950	550	350	830	600	780	920	1000	130	350	320	390	760	870	350	190	820	540	260	470	580	240	550	280	220	760	290	330	470	580	770	740	600	870	640	820	570	510	600	420	330	320	650	680	840	450	970	350	110	240	730	990	560	930	510	620	920	990	790	940	840	250	830	390	560	930	530	420	940	340	630	940	100	750	730	180	520	310	340	1000	640	1000	140	450	460	380	270	370	660	750	230	120	470	270	900	400	640	460	700	630	420	250	310	990	320	450	970	750	740	600	750	780	220	580	300	870	960	430	660	1000	160	370	710	630	130	450	590	590	440	550	270	130	370	890	210	840	290	350	340	860	530	760	150	200	600	850	470	590	410	470	830	670	760	230	360	320	970	620	530	420	280	480	590	420	400	800	180	140	980	720	680	120	960	960	260	250	260	310	450	610	440	440	640	900	990	970	970	190	740	970	680	980	960	580	800	860	340	570	650	950	480	930	860	190	140	660	580	280	960	920	100	240	970	680	380	210	220	250	650	670	390	140	630	560	350	750	110	350	890	440	210	630	800	530	830	600	770	350	710	300	870	390	970	170	390	670	110	830	880	100	120	940	990	750	360	470	650	1000	820	890	1000	550	450	260	490	450	180	850	500	540	580	870	210	180	120	230	860	910	850	500	320	920	620	610	280	320	600	480	430	860	650	170	290	300	420	250	560	900	650	520	740	600	170	870	880	490	1000	760	840	980	670	740	510	860	880	980	160	370	270	970	720	960	880	500	150	950	980	640	330	110	810	800	540	540	150	270	360	410	830	910	960	770	940	170	840	930	720	620	510	630	910	400	870	910	800	750	630	970	680	990	510	450	660	500	330	640	690	580	660	640	1000	720	610	210	690	270	420	1000	170	960	700	800	270	690	820	260	220	580	690	750	290	190	300	830	500	300	160	740	750	880	410	240	120	960	370	730	300	770	780	570	890	260	750	560	340	860	560	340	380	190	370	730	480	720	440	590	770	380	580	610	830	750	150	240	680	750	260	270	320	740	770	590	940	1000	640	820	600	720	210	1000	650	640	710	800	270	260	180	200	180	810	960	960	330	500	680	730	750	440	280	850	190	730	780	870	230	800	210	700	300	280	660	540	580	100	120	960	430	560	790	650	450	950	310	780	220	840	620	900	630	370	400	900	220	950	850	290	750	440	650	230	650	520	440	200	360	290	880	840	650	480	700	420	730	400	690	190	660	660	220	280	270	820	290	340	930	690	310	250	640	320	780	360	350	860	880	660	420	160	470	770	500	140	380	880	720	120	160	170	220	370	760	570	560	150	490	160	940	840	500	550	890	570	410	450	360	590	200	200	380	350	660	850	680	940	940	730	560	640	600	150	560	340	500	460	860	380	800	160	710	430	810	400	110	280	650	590	270	380	400	950	190	130	570	710	660	490	370	340	430	490	790	510	590	540	250	100	960	870	330	160	370	790	120	780	860	750	960	310	690	100	410	560	270	660	600	400	810	130	320	910	120	720	560	250	200	750	190	170	160	920	500	800	460	490	400	930	470	920	960	870	540	380	640	700	280	940	720	180	460	360	710	600	380	870	410	440	970	240	460	200	750	240	920	160	540	1000	980	860	560	390	280	760	400	140	170	760	640	870	940	180	540	470	240	480	770	700	960	890	400	950	870	520	690	410	210	160	810	680	920	610	610	930	640	580	130	920	660	210	450	920	740	830	560	370	840	430	980	300	1000	640	290	920	830	190	320	200	250	380	550	150	500	380	860	550	110	150	160	400	180	230	250	170	770	870	210	350	270	290	220	680	940	500	170	910	600	980	860	280	270	770	450	650	180	680	960	590	860	590	940	600	920	590	450	550	700	490	720	780	740	150	640	790	190	980	740	350	450	570	400	840	490	860	700	180	260	830	360	400	280	480	360	210	690	310	630	330	960	910	970	430	200	350	760	810	580	480	680	440	440	570	100	280	650	210	670	700	490	210	620	360	140	410	330	870	190	440	110	420	170	250	400	860	440	630	930	550	920	750	830	320	340	500	100	520	220	520	850	250	760	410	460	230	280	810	580	170	460	630	600	740	220	810	680	120	680	650	430	890	450	460	360	180	730	440	200	120	200	550	790	570	880	740	310	640	170	660	720	420	500	780	300	490	620	990	570	590	450	670	640	930	230	330	290	730	400	530	350	230	990	160	990	240	310	760	370	920	590	190	300	420	130	840	860	910	200	790	410	970	390	560	740	120	440	160	290	700	680	340	130	120	110	560	940	940	690	670	630	280	890	220	710	790	370	300	1000	160	820	970	130	100	670	100	100	690	370	350	460	640	150	410	980	700	150	160	860	920	100	250	320	710	450	510	420	430	660	980	300	580	200	220	900	920	510	200	670	100	990	490	430	930	1000	150	610	670	230	390	990	910	790	790	470	360	430	870	540	460	770	750	530	220	740	450	750	320	910	540	710	510	130	450	950	930	190	390	760	300	390	210	940	610	180	220	720	210	140	200	840	570	370	830	150	960	980	930	200	610	400	780	520	510	750	940	600	170	390	500	470	200	200	140	370	100	490	850	350	100	430	340	560	320	990	600	210	380	650	910	250	230	880	670	340	940	510	640	610	840	330	550	820	380	860	550	610	830	250	160	690	840	160	870	450	440	180	370	850	300	530	200	980	880	720	270	920	930	930	710	860	810	420	560	450	900	870	730	870	810	360	200	380	870	330	590	390	680	650	120	320	960	410	730	720	550	200	490	130	260	580	240	260	360	400	400	890	170	400	750	300	1000	580	660	510	950	380	210	260	890	780	350	570	600	810	850	250	170	570	420	660	610	720	110	180	250	150	240	790	360	630	200	220	930	290	320	190	170	250	590	250	990	900	560	310	460	490	230	970	560	880	560	480	190	720	210	530	440	810	700	380	340	940	270	380	780	910	830	210	640	270	550	610	920	560	660	970	950	200	420	490	810	400	440	670	290	800	990	150	270	150	590	560	580	770	860	450	200	290	250	320	220	330	570	640	900	400	380	900	800	970	800	370	340	240	1000	170	610	270	560	230	950	620	990	720	240	810	250	680	510	750	540	310	540	930	850	730	440	380	850	820	490	880	290	600	160	300	880	130	810	740	200	950	170	860	1000	920	770	820	560	360	880	360	220	440	310	640	710	370	930	570	560	670	170	650	540	500	890	740	470	530	140	650	680	970	610	930	550	580	960	920	940	950	950	220	260	380	840	600	520	780	380	950	180	270	830	490	560	120	190	280	420	190	860	420	620	860	290	400	450	740	410	620	970	240	610	590	540	790	430	180	490	500	980	770	580	610	740	840	560	880	950	850	200	720	220	150	110	610	370	500	820	110	540	630	680	790	810	940	250	200	640	520	280	890	580	1000	800	810	290	790	200	280	170	380	770	520	930	500	450	560	990	490	330	180	670	420	1000	600	780	660	420	230	430	200	110	680	590	320	620	880	840	810	220	830	120	770	590	570	760	510	800	290	950	150	700	340	870	110	660	470	770	130	550	640	760	390	130	880	890	630	940	100	970	220	140	570	520	660	570	750	370	210	480	280	740	1000	500	790	630	850	980	110	990	320	510	1000	940	440	240	1000	420	470	430	800	790	330	730	540	120	300	810	200	980	190	120	720	290	350	580	840	600	200	620	770	280	770	170	170	610	750	200	750	350	810	900	480	510	490	300	520	1000	880	890	640	140	680	980	990	180	890	250	270	190	810	860	370	160	540	800	810	330	790	1000	880	420	850	730	390	260	520	660	430	930	720	630	630	830	530	170	130	760	580	400	690	830	970	260	620	770	610	400	860	440	510	530	780	320	320	670	360	710	920	860	570	120	550	130	830	360	910	710	400	840	370	840	420	790	450	350	600	100	510	360	170	510	940	440	740	850	170	850	990	910	590	270	180	550	820	510	300	260	380	860	920	670	810	640	900	880	500	950	700	190	800	840	530	600	820	660	950	720	880	240	340	750	120	700	470	100	360	180	780	860	260	990	850	530	180	910	550	670	590	370	490	760	680	760	350	590	890	1000	350	460	720	980	900	390	180	590	800	660	310	410	980	740	980	160	540	860	640	350	480	780	280	590	160	960	720	930	220	840	590	610	790	800	920	150	500	600	660	340	270	370	450	550	630	760	150	730	660	830	130	590	600	170	350	940	840	190	470	730	310	800	490	810	950	820	370	190	460	370	460	180	440	830	970	660	820	480	770	940	810	620	150	270	610	590	200	890	150	100	220	690	460	450	830	420	210	990	280	1000	500	610	320	800	260	430	200	330	480	710	990	140	860	510	170	180	160	680	900	740	360	940	550	350	860	180	540	300	780	470	570	480	400	180	860	320	860	880	990	460	240	940	230	620	450	750	960	840	670	950	750	160	160	140	300	450	190	740	640	920	680	980	850	260	230	450	120	380	760	840	570	290	490	370	250	670	150	890	420	170	310	520	750	790	940	470	410	920	800	750	210	630	260	290	880	220	610	190	380	1000	760	300	540	590	750	670	750	200	820	330	970	210	730	690	280	510	570	300	740	340	950	520	870	890	240	920	710	950	140	140	450	310	180	870	340	160	700	310	780	540	620	480	970	510	190	540	810	830	870	670	260	
100
