3465
100
3
70
0	0	0	0	0	0	0	0	0	0	0	0	0	0	0	0	0	0	0	0	0	0	0	0	0	0	0	0	0	192	0	0	0	192	0	0	0	0	0	0	192	0	0	0	0	0	0	0	0	0	0	0	0	0	0	0	0	0	0	0	0	0	0	0	0	0	0	0	0	0	0	0	0	0	0	0	0	0	0	0	0	0	0	0	0	0	0	0	0	0	0	0	0	0	0	0	0	0	0	0	
0	0	0	0	0	0	0	0	0	0	192	0	0	0	0	0	0	0	0	0	0	0	0	0	0	0	0	0	0	0	0	0	0	0	0	0	0	0	0	0	0	192	0	0	0	0	0	0	0	0	0	0	0	0	0	0	0	0	0	0	0	0	0	0	0	0	0	0	0	0	192	0	0	0	0	0	0	0	0	0	0	0	0	0	0	0	0	0	0	0	0	0	0	0	0	0	0	0	0	0	
0	0	0	0	0	0	0	0	0	0	0	0	0	0	0	0	0	0	0	0	0	0	0	0	0	0	0	0	0	0	0	0	0	0	0	0	0	0	0	0	0	0	0	192	0	0	0	0	0	0	0	0	0	0	0	0	192	0	0	0	0	0	0	0	0	192	0	0	0	0	0	0	0	0	0	0	0	0	0	0	0	0	0	0	0	0	0	0	0	0	0	0	0	0	0	0	0	0	0	0	
0	0	0	0	0	0	0	0	0	0	0	0	0	0	0	0	0	0	0	0	0	0	0	0	0	0	0	0	0	0	0	0	0	0	0	0	0	192	0	0	0	0	0	0	0	0	0	0	0	0	0	0	0	0	0	0	0	0	0	0	0	0	0	0	0	0	0	0	0	0	0	0	0	0	0	0	0	0	0	0	0	0	0	0	0	192	0	0	0	0	0	0	0	0	0	192	0	0	0	0	
0	0	0	0	0	0	0	0	0	0	0	0	0	0	0	0	0	0	0	0	0	0	192	0	0	0	0	0	0	0	0	0	0	0	0	0	0	0	0	192	0	0	0	0	192	0	0	0	0	0	0	0	0	0	0	0	0	0	0	0	0	0	0	0	0	0	0	0	0	0	0	0	0	0	0	0	0	0	0	0	0	0	0	0	0	0	0	0	0	0	0	0	0	0	0	0	0	0	0	0	
0	0	0	0	0	0	0	0	0	0	0	0	0	0	0	0	0	0	0	0	0	192	0	0	0	0	0	192	0	0	0	0	0	0	0	0	0	0	0	0	0	0	0	0	0	0	0	0	0	0	0	0	0	0	0	0	0	0	0	0	0	0	0	0	0	0	0	0	0	0	192	0	0	0	0	0	0	0	0	0	0	0	0	0	0	0	0	0	0	0	0	0	0	0	0	0	0	0	0	0	
0	0	0	0	0	0	0	0	0	0	0	0	0	0	0	0	0	0	0	0	0	0	0	0	0	0	0	0	0	0	0	0	0	0	0	0	0	0	0	0	0	0	0	0	0	0	0	0	0	0	0	0	0	0	0	0	0	0	192	0	0	0	0	0	192	0	0	0	0	0	0	192	0	0	0	0	0	0	0	0	0	0	0	0	0	0	0	0	0	0	0	0	0	0	0	0	0	0	0	0	
0	0	0	0	0	0	0	0	0	0	0	0	0	0	0	0	0	0	0	0	0	0	0	0	0	0	0	0	0	0	0	0	0	0	0	0	0	0	0	0	0	0	0	0	0	0	0	0	0	0	0	0	0	0	0	0	0	0	192	0	0	0	0	0	0	0	0	0	0	0	0	192	0	0	0	0	0	0	192	0	0	0	0	0	0	0	0	0	0	0	0	0	0	0	0	0	0	0	0	0	
0	0	0	0	0	0	0	0	0	0	0	0	0	0	0	0	0	0	0	0	0	0	0	0	0	0	0	0	0	0	0	0	0	0	0	0	0	0	0	0	0	0	0	0	0	0	0	0	0	0	0	0	0	192	0	0	0	0	192	0	0	0	0	0	0	0	0	0	0	0	0	192	0	0	0	0	0	0	0	0	0	0	0	0	0	0	0	0	0	0	0	0	0	0	0	0	0	0	0	0	
0	0	0	0	0	0	0	0	0	0	0	0	0	0	0	0	0	0	0	0	0	0	0	0	0	0	0	0	0	0	0	192	0	0	0	192	0	0	0	0	192	0	0	0	0	0	0	0	0	0	0	0	0	0	0	0	0	0	0	0	0	0	0	0	0	0	0	0	0	0	0	0	0	0	0	0	0	0	0	0	0	0	0	0	0	0	0	0	0	0	0	0	0	0	0	0	0	0	0	0	
0	192	0	0	0	0	0	0	0	0	0	0	0	0	0	0	0	0	0	0	0	0	0	0	0	0	0	0	0	0	0	0	0	0	0	0	0	0	0	0	0	192	0	0	0	0	0	0	0	0	0	0	0	0	0	0	0	0	0	0	0	0	0	0	0	0	0	0	0	0	192	0	0	0	0	0	0	0	0	0	0	0	0	0	0	0	0	0	0	0	0	0	0	0	0	0	0	0	0	0	
0	0	0	0	0	0	0	0	0	0	0	0	0	0	0	0	0	0	0	0	0	0	0	0	0	0	192	0	0	0	0	0	0	192	0	0	0	0	192	0	0	0	0	0	0	0	0	0	0	0	0	0	0	0	0	0	0	0	0	0	0	0	0	0	0	0	0	0	0	0	0	0	0	0	0	0	0	0	0	0	0	0	0	0	0	0	0	0	0	0	0	0	0	0	0	0	0	0	0	0	
0	0	0	0	0	0	0	0	0	0	0	0	0	0	0	0	0	0	0	0	0	0	0	0	0	0	0	0	0	0	0	0	0	0	0	0	0	0	0	0	0	0	0	192	0	0	0	0	0	0	0	0	0	0	0	0	192	0	0	0	0	0	0	0	0	0	0	0	0	0	0	0	0	0	0	0	0	0	0	0	0	0	0	0	192	0	0	0	0	0	0	0	0	0	0	0	0	0	0	0	
0	0	0	0	0	0	0	0	0	0	0	0	0	0	0	0	0	0	0	0	0	0	0	0	0	0	0	0	0	0	0	0	0	0	0	0	0	0	0	0	0	0	0	0	0	0	0	0	0	0	0	0	0	192	0	0	0	0	0	0	0	0	0	0	0	0	0	0	0	0	0	0	0	0	0	0	0	0	0	0	192	0	0	0	0	0	0	0	0	0	0	192	0	0	0	0	0	0	0	0	
0	0	0	0	0	0	0	0	0	0	0	0	0	0	0	0	0	0	0	0	0	0	0	0	0	192	0	0	0	0	0	0	0	0	0	0	0	0	0	0	0	0	0	0	0	192	0	0	0	192	0	0	0	0	0	0	0	0	0	0	0	0	0	0	0	0	0	0	0	0	0	0	0	0	0	0	0	0	0	0	0	0	0	0	0	0	0	0	0	0	0	0	0	0	0	0	0	0	0	0	
0	0	0	0	0	0	0	0	0	0	0	0	0	0	0	0	0	0	0	0	0	0	0	0	0	0	0	0	0	0	0	0	0	0	0	0	0	0	0	0	0	0	0	0	0	0	0	0	0	0	0	0	0	0	0	192	0	0	0	0	0	0	0	0	0	0	0	0	0	0	0	0	0	0	0	0	0	0	0	0	0	0	0	0	0	0	0	0	0	0	0	192	0	0	192	0	0	0	0	0	
0	0	0	0	0	0	0	0	0	0	0	0	0	0	0	0	0	0	0	0	0	0	0	0	0	0	0	0	0	0	0	192	0	0	0	0	0	0	0	0	0	0	0	0	0	0	0	0	0	0	0	0	0	0	0	0	0	0	0	0	0	0	0	0	0	0	0	0	192	0	0	0	0	0	0	0	192	0	0	0	0	0	0	0	0	0	0	0	0	0	0	0	0	0	0	0	0	0	0	0	
0	0	0	0	0	0	0	0	0	0	0	0	0	0	0	0	0	0	0	0	0	0	0	0	0	0	0	0	0	0	0	0	0	0	0	0	0	0	0	0	0	0	0	0	0	0	0	0	0	0	0	0	0	0	0	0	0	0	0	0	0	0	0	0	192	0	0	0	0	0	0	0	0	0	192	0	0	0	0	0	0	0	0	0	0	0	0	0	0	0	192	0	0	0	0	0	0	0	0	0	
0	0	0	0	0	0	0	0	0	0	0	0	0	0	0	0	0	0	0	0	0	0	0	0	0	0	0	0	0	0	0	0	0	0	0	0	0	0	0	0	0	0	0	0	0	0	0	0	0	0	0	0	0	192	0	0	0	0	0	0	0	0	0	0	192	0	0	0	0	0	0	0	0	0	192	0	0	0	0	0	0	0	0	0	0	0	0	0	0	0	0	0	0	0	0	0	0	0	0	0	
0	0	0	0	0	0	0	0	0	0	0	0	0	0	0	0	0	0	0	0	0	0	0	192	0	0	0	0	0	0	0	0	0	0	0	0	0	0	0	0	0	0	0	0	0	0	0	0	0	0	0	192	0	0	0	0	0	0	0	0	0	0	0	0	0	0	0	0	0	192	0	0	0	0	0	0	0	0	0	0	0	0	0	0	0	0	0	0	0	0	0	0	0	0	0	0	0	0	0	0	
0	0	0	0	0	0	0	0	0	0	0	0	0	0	0	0	0	0	0	0	0	0	0	0	0	0	0	0	0	0	0	0	0	0	0	0	0	0	0	0	0	0	0	0	0	0	0	0	0	0	0	192	0	0	0	0	0	0	0	0	0	0	0	0	0	0	0	0	0	0	0	0	0	0	0	0	0	0	0	192	0	0	0	0	0	0	0	0	0	192	0	0	0	0	0	0	0	0	0	0	
0	0	0	0	0	192	0	0	0	0	0	0	0	0	0	0	0	0	0	0	0	0	0	0	0	0	192	192	0	0	0	0	0	0	0	0	0	0	0	0	0	0	0	0	0	0	0	0	0	0	0	0	0	0	0	0	0	0	0	0	0	0	0	0	0	0	0	0	0	0	0	0	0	0	0	0	0	0	0	0	0	0	0	0	0	0	0	0	0	0	0	0	0	0	0	0	0	0	0	0	
0	0	0	0	192	0	0	0	0	0	0	0	0	0	0	0	0	0	0	0	0	0	0	0	0	0	0	0	0	0	0	0	0	0	0	0	0	0	0	192	0	0	0	0	0	0	0	0	0	0	0	0	0	0	0	0	0	0	0	0	0	0	192	0	0	0	0	0	0	0	0	0	0	0	0	0	0	0	0	0	0	0	0	0	0	0	0	0	0	0	0	0	0	0	0	0	0	0	0	0	
0	0	0	0	0	0	0	0	0	0	0	0	0	0	0	0	0	0	0	192	0	0	0	0	0	0	0	0	0	0	0	0	0	0	192	0	0	0	0	0	0	0	0	0	0	0	0	0	192	0	0	0	0	0	0	0	0	0	0	0	0	0	0	0	0	0	0	0	0	0	0	0	0	0	0	0	0	0	0	0	0	0	0	0	0	0	0	0	0	0	0	0	0	0	0	0	0	0	0	0	
0	0	0	0	0	0	0	0	0	0	0	0	0	0	0	0	0	0	0	0	0	0	0	0	0	0	0	0	0	0	0	0	0	0	0	0	0	0	0	0	0	0	0	0	0	0	0	0	0	0	0	0	0	0	0	0	0	0	0	0	0	0	0	0	0	0	0	0	0	0	0	0	0	0	0	0	0	0	192	192	0	0	0	0	0	0	0	0	0	192	0	0	0	0	0	0	0	0	0	0	
0	0	0	0	0	0	0	0	0	0	0	0	0	0	192	0	0	0	0	0	0	0	0	0	0	0	0	0	0	0	0	0	0	0	0	0	0	0	0	0	0	0	0	0	0	0	0	0	0	192	0	0	0	0	0	0	0	0	0	0	0	0	0	0	0	0	0	0	0	0	0	0	192	0	0	0	0	0	0	0	0	0	0	0	0	0	0	0	0	0	0	0	0	0	0	0	0	0	0	0	
0	0	0	0	0	0	0	0	0	0	0	192	0	0	0	0	0	0	0	0	0	192	0	0	0	0	0	0	0	0	0	0	0	0	0	0	0	0	0	0	0	0	0	0	0	0	0	0	0	0	0	0	0	0	0	0	0	0	0	0	0	0	0	0	0	0	0	0	0	0	0	0	0	0	0	0	0	0	0	0	0	0	0	0	0	0	0	0	0	0	0	0	0	0	0	0	0	0	0	192	
0	0	0	0	0	192	0	0	0	0	0	0	0	0	0	0	0	0	0	0	0	192	0	0	0	0	0	0	0	0	0	0	0	0	0	0	0	0	0	0	0	192	0	0	0	0	0	0	0	0	0	0	0	0	0	0	0	0	0	0	0	0	0	0	0	0	0	0	0	0	0	0	0	0	0	0	0	0	0	0	0	0	0	0	0	0	0	0	0	0	0	0	0	0	0	0	0	0	0	0	
0	0	0	0	0	0	0	0	0	0	0	0	0	0	0	0	0	0	0	0	0	0	0	0	0	0	0	0	0	0	0	0	0	0	0	0	0	0	0	0	0	0	0	0	0	0	0	0	0	0	0	0	0	0	0	0	0	192	0	0	0	0	0	0	0	0	0	0	0	0	0	0	0	0	0	0	0	0	0	0	0	192	0	192	0	0	0	0	0	0	0	0	0	0	0	0	0	0	0	0	
192	0	0	0	0	0	0	0	0	0	0	0	0	0	0	0	0	0	0	0	0	0	0	0	0	0	0	0	0	0	0	0	0	192	0	0	0	0	0	0	0	0	0	0	0	0	0	0	0	0	0	0	0	0	0	0	0	0	0	0	0	192	0	0	0	0	0	0	0	0	0	0	0	0	0	0	0	0	0	0	0	0	0	0	0	0	0	0	0	0	0	0	0	0	0	0	0	0	0	0	
0	0	0	0	0	0	0	0	0	0	0	0	0	0	0	0	0	0	0	0	0	0	0	0	0	0	0	0	0	0	0	0	0	0	0	0	0	0	0	0	0	0	0	0	0	0	0	192	0	0	0	0	0	0	0	0	0	0	0	0	0	0	0	0	0	0	0	192	0	0	0	0	0	0	0	0	0	0	0	0	0	0	192	0	0	0	0	0	0	0	0	0	0	0	0	0	0	0	0	0	
0	0	0	0	0	0	0	0	0	192	0	0	0	0	0	0	192	0	0	0	0	0	0	0	0	0	0	0	0	0	0	0	0	0	0	0	0	0	0	0	0	0	0	0	0	0	0	0	0	0	0	0	0	0	0	0	0	0	0	0	0	0	0	0	0	0	0	0	192	0	0	0	0	0	0	0	0	0	0	0	0	0	0	0	0	0	0	0	0	0	0	0	0	0	0	0	0	0	0	0	
0	0	0	0	0	0	0	0	0	0	0	0	0	0	0	0	0	0	0	0	0	0	0	0	0	0	0	0	0	0	0	0	0	0	0	0	0	0	0	0	0	0	0	0	0	192	0	0	0	0	0	0	0	0	0	0	0	0	0	192	0	0	192	0	0	0	0	0	0	0	0	0	0	0	0	0	0	0	0	0	0	0	0	0	0	0	0	0	0	0	0	0	0	0	0	0	0	0	0	0	
192	0	0	0	0	0	0	0	0	0	0	192	0	0	0	0	0	0	0	0	0	0	0	0	0	0	0	0	0	192	0	0	0	0	0	0	0	0	0	0	0	0	0	0	0	0	0	0	0	0	0	0	0	0	0	0	0	0	0	0	0	0	0	0	0	0	0	0	0	0	0	0	0	0	0	0	0	0	0	0	0	0	0	0	0	0	0	0	0	0	0	0	0	0	0	0	0	0	0	0	
0	0	0	0	0	0	0	0	0	0	0	0	0	0	0	0	0	0	0	0	0	0	0	192	0	0	0	0	0	0	0	0	0	0	0	0	0	0	0	0	0	0	0	0	0	0	0	0	192	0	0	0	0	0	0	0	0	0	0	0	0	0	0	0	0	0	0	0	0	192	0	0	0	0	0	0	0	0	0	0	0	0	0	0	0	0	0	0	0	0	0	0	0	0	0	0	0	0	0	0	
0	0	0	0	0	0	0	0	0	192	0	0	0	0	0	0	0	0	0	0	0	0	0	0	0	0	0	0	0	0	0	0	0	0	0	0	0	0	0	0	192	0	0	0	0	0	0	0	0	0	0	0	0	0	0	0	0	0	0	0	0	192	0	0	0	0	0	0	0	0	0	0	0	0	0	0	0	0	0	0	0	0	0	0	0	0	0	0	0	0	0	0	0	0	0	0	0	0	0	0	
0	0	0	0	0	0	0	0	0	0	0	0	0	0	0	0	0	0	0	0	0	0	0	0	0	0	0	0	0	0	0	0	0	0	0	0	0	192	0	0	0	0	0	192	0	0	0	0	0	0	0	0	0	0	0	0	0	0	0	0	0	0	0	0	0	0	0	0	0	0	0	0	0	0	0	0	0	0	0	0	0	0	0	0	0	192	0	0	0	0	0	0	0	0	0	0	0	0	0	0	
0	0	0	192	0	0	0	0	0	0	0	0	0	0	0	0	0	0	0	0	0	0	0	0	0	0	0	0	0	0	0	0	0	0	0	0	192	0	0	0	0	0	0	0	0	0	0	0	0	0	0	0	0	0	0	0	0	0	0	0	0	0	0	0	0	0	0	0	0	0	0	0	0	0	0	0	0	0	0	0	0	0	0	0	0	0	0	0	0	0	0	0	0	0	0	192	0	0	0	0	
0	0	0	0	0	0	0	0	0	0	0	192	0	0	0	0	0	0	0	0	0	0	0	0	0	0	0	0	0	0	0	0	0	0	0	0	0	0	0	0	0	0	0	0	0	0	0	0	0	0	192	0	0	0	0	0	0	0	0	0	0	0	0	0	0	0	0	192	0	0	0	0	0	0	0	0	0	0	0	0	0	0	0	0	0	0	0	0	0	0	0	0	0	0	0	0	0	0	0	0	
0	0	0	0	192	0	0	0	0	0	0	0	0	0	0	0	0	0	0	0	0	0	192	0	0	0	0	0	0	0	0	0	0	0	0	0	0	0	0	0	0	0	0	0	0	0	0	0	0	0	0	0	0	0	0	0	0	0	0	192	0	0	0	0	0	0	0	0	0	0	0	0	0	0	0	0	0	0	0	0	0	0	0	0	0	0	0	0	0	0	0	0	0	0	0	0	0	0	0	0	
192	0	0	0	0	0	0	0	0	192	0	0	0	0	0	0	0	0	0	0	0	0	0	0	0	0	0	0	0	0	0	0	0	0	0	192	0	0	0	0	0	0	0	0	0	0	0	0	0	0	0	0	0	0	0	0	0	0	0	0	0	0	0	0	0	0	0	0	0	0	0	0	0	0	0	0	0	0	0	0	0	0	0	0	0	0	0	0	0	0	0	0	0	0	0	0	0	0	0	0	
0	192	0	0	0	0	0	0	0	0	192	0	0	0	0	0	0	0	0	0	0	0	0	0	0	0	0	192	0	0	0	0	0	0	0	0	0	0	0	0	0	0	0	0	0	0	0	0	0	0	0	0	0	0	0	0	0	0	0	0	0	0	0	0	0	0	0	0	0	0	0	0	0	0	0	0	0	0	0	0	0	0	0	0	0	0	0	0	0	0	0	0	0	0	0	0	0	0	0	0	
0	0	0	0	0	0	0	0	0	0	0	0	0	0	0	0	0	0	0	0	0	0	0	0	0	0	0	0	0	0	0	0	0	0	0	0	0	0	0	0	0	0	0	0	0	0	0	0	0	0	0	0	0	0	0	0	0	0	0	0	0	0	0	0	0	0	0	0	0	0	0	0	0	0	192	0	192	0	0	0	0	0	0	0	0	0	0	0	0	0	192	0	0	0	0	0	0	0	0	0	
0	0	192	0	0	0	0	0	0	0	0	0	192	0	0	0	0	0	0	0	0	0	0	0	0	0	0	0	0	0	0	0	0	0	0	0	192	0	0	0	0	0	0	0	0	0	0	0	0	0	0	0	0	0	0	0	0	0	0	0	0	0	0	0	0	0	0	0	0	0	0	0	0	0	0	0	0	0	0	0	0	0	0	0	0	0	0	0	0	0	0	0	0	0	0	0	0	0	0	0	
0	0	0	0	192	0	0	0	0	0	0	0	0	0	0	0	0	0	0	0	0	0	0	0	0	0	0	0	0	0	0	0	0	0	0	0	0	0	0	0	0	0	0	0	0	0	0	0	0	0	0	0	192	0	0	0	0	0	0	0	0	0	0	0	0	0	0	0	0	0	0	0	0	0	0	0	0	0	0	0	0	0	0	192	0	0	0	0	0	0	0	0	0	0	0	0	0	0	0	0	
0	0	0	0	0	0	0	0	0	0	0	0	0	0	192	0	0	0	0	0	0	0	0	0	0	0	0	0	0	0	0	0	192	0	0	0	0	0	0	0	0	0	0	0	0	0	0	0	0	192	0	0	0	0	0	0	0	0	0	0	0	0	0	0	0	0	0	0	0	0	0	0	0	0	0	0	0	0	0	0	0	0	0	0	0	0	0	0	0	0	0	0	0	0	0	0	0	0	0	0	
0	0	0	0	0	0	0	0	0	0	0	0	0	0	0	0	0	0	0	0	0	0	0	0	0	0	0	0	0	0	0	0	0	0	0	0	0	0	0	0	0	0	0	0	0	0	0	0	0	0	0	0	0	0	0	0	0	0	0	0	0	0	0	0	0	0	0	0	192	0	0	0	0	0	0	0	0	0	0	0	0	0	0	0	192	0	0	0	0	0	192	0	0	0	0	0	0	0	0	0	
0	0	0	0	0	0	0	0	0	0	0	0	0	0	0	0	0	0	0	0	0	0	0	0	0	0	0	0	0	0	192	0	0	0	0	0	0	0	0	0	0	0	0	0	0	0	0	0	0	0	0	0	0	0	0	0	0	0	0	0	0	0	0	0	0	0	0	0	0	0	0	0	0	0	0	0	0	0	0	0	0	0	192	0	0	0	0	0	0	0	0	0	0	0	0	0	0	192	0	0	
0	0	0	0	0	0	0	0	0	0	0	0	0	0	0	0	0	0	0	0	0	0	0	192	0	0	0	0	0	0	0	0	0	0	192	0	0	0	0	0	0	0	0	0	0	0	0	0	0	0	0	0	0	0	0	0	0	0	0	0	0	0	0	0	0	0	0	0	0	192	0	0	0	0	0	0	0	0	0	0	0	0	0	0	0	0	0	0	0	0	0	0	0	0	0	0	0	0	0	0	
0	0	0	0	0	0	0	0	0	0	0	0	0	0	192	0	0	0	0	0	0	0	0	0	0	192	0	0	0	0	0	0	0	0	0	0	0	0	0	0	0	0	0	0	0	192	0	0	0	0	0	0	0	0	0	0	0	0	0	0	0	0	0	0	0	0	0	0	0	0	0	0	0	0	0	0	0	0	0	0	0	0	0	0	0	0	0	0	0	0	0	0	0	0	0	0	0	0	0	0	
0	0	0	0	0	0	0	0	0	0	0	0	0	0	0	0	0	0	0	0	0	0	0	0	0	0	0	0	0	0	0	0	0	0	0	0	0	0	192	0	0	0	0	0	0	0	0	0	0	0	0	0	0	0	0	0	0	0	0	0	0	192	0	0	0	0	0	192	0	0	0	0	0	0	0	0	0	0	0	0	0	0	0	0	0	0	0	0	0	0	0	0	0	0	0	0	0	0	0	0	
0	0	0	0	0	0	0	0	0	0	0	0	0	0	0	0	0	0	0	192	192	0	0	0	0	0	0	0	0	0	0	0	0	0	0	0	0	0	0	0	0	0	0	0	0	0	0	0	0	0	0	0	0	0	0	0	0	0	0	0	0	0	0	0	0	0	0	0	0	0	0	0	0	0	0	0	0	0	0	0	0	0	0	0	0	0	0	0	0	192	0	0	0	0	0	0	0	0	0	0	
0	0	0	0	0	0	0	0	0	0	0	0	0	0	0	0	0	0	0	0	0	0	0	0	0	0	0	0	0	0	0	0	0	0	0	0	0	0	0	0	0	0	0	0	192	0	0	0	0	0	0	0	0	0	0	0	0	192	0	0	0	0	0	0	0	0	0	0	0	0	0	0	0	0	0	0	0	0	0	0	0	0	0	192	0	0	0	0	0	0	0	0	0	0	0	0	0	0	0	0	
0	0	0	0	0	0	0	0	192	0	0	0	0	192	0	0	0	0	192	0	0	0	0	0	0	0	0	0	0	0	0	0	0	0	0	0	0	0	0	0	0	0	0	0	0	0	0	0	0	0	0	0	0	0	0	0	0	0	0	0	0	0	0	0	0	0	0	0	0	0	0	0	0	0	0	0	0	0	0	0	0	0	0	0	0	0	0	0	0	0	0	0	0	0	0	0	0	0	0	0	
0	0	0	0	0	0	0	0	0	0	0	0	0	0	0	0	0	0	0	0	0	0	0	0	0	0	0	0	0	0	0	0	0	0	0	0	0	0	0	0	0	0	0	0	0	0	0	0	0	0	0	0	0	0	0	192	0	0	0	0	0	0	0	0	0	0	0	0	0	0	0	0	192	192	0	0	0	0	0	0	0	0	0	0	0	0	0	0	0	0	0	0	0	0	0	0	0	0	0	0	
0	0	0	0	0	0	0	0	0	0	0	0	0	0	0	192	0	0	0	0	0	0	0	0	0	0	0	0	0	0	0	0	0	0	0	0	0	0	0	0	0	0	0	0	0	0	0	0	0	0	0	0	0	0	192	0	0	0	0	0	0	0	0	0	0	0	0	0	0	0	0	0	0	192	0	0	0	0	0	0	0	0	0	0	0	0	0	0	0	0	0	0	0	0	0	0	0	0	0	0	
0	0	192	0	0	0	0	0	0	0	0	0	192	0	0	0	0	0	0	0	0	0	0	0	0	0	0	0	0	0	0	0	0	0	0	0	0	0	0	0	0	0	0	0	0	0	0	0	0	0	0	0	0	0	0	0	0	0	0	0	0	0	0	0	0	0	0	0	0	0	0	0	0	0	0	0	0	0	0	0	0	0	0	0	192	0	0	0	0	0	0	0	0	0	0	0	0	0	0	0	
0	0	0	0	0	0	0	0	0	0	0	0	0	0	0	0	0	0	0	0	0	0	0	0	0	0	0	0	192	0	0	0	0	0	0	0	0	0	0	0	0	0	0	0	0	0	0	0	0	0	0	0	192	0	0	0	0	0	0	0	0	0	0	0	0	0	192	0	0	0	0	0	0	0	0	0	0	0	0	0	0	0	0	0	0	0	0	0	0	0	0	0	0	0	0	0	0	0	0	0	
0	0	0	0	0	0	192	192	192	0	0	0	0	0	0	0	0	0	0	0	0	0	0	0	0	0	0	0	0	0	0	0	0	0	0	0	0	0	0	0	0	0	0	0	0	0	0	0	0	0	0	0	0	0	0	0	0	0	0	0	0	0	0	0	0	0	0	0	0	0	0	0	0	0	0	0	0	0	0	0	0	0	0	0	0	0	0	0	0	0	0	0	0	0	0	0	0	0	0	0	
0	0	0	0	0	0	0	0	0	0	0	0	0	0	0	0	0	0	0	0	0	0	0	0	0	0	0	0	0	0	0	0	192	0	0	0	0	0	0	192	0	0	0	0	0	0	0	0	0	0	0	0	0	0	0	0	0	0	0	0	0	0	192	0	0	0	0	0	0	0	0	0	0	0	0	0	0	0	0	0	0	0	0	0	0	0	0	0	0	0	0	0	0	0	0	0	0	0	0	0	
0	0	0	0	0	0	0	0	0	0	0	0	0	0	0	0	0	0	0	0	0	0	0	0	0	0	0	0	0	0	0	0	0	0	0	0	0	0	0	0	0	0	0	0	0	0	0	0	0	0	0	0	0	0	0	0	0	0	0	0	0	0	0	192	0	0	0	0	0	0	0	0	0	0	0	0	0	0	0	0	0	0	0	0	0	0	0	0	192	0	0	0	192	0	0	0	0	0	0	0	
0	0	0	0	0	0	0	0	0	0	0	0	0	0	0	0	0	0	0	0	0	0	0	0	0	0	0	0	0	192	0	0	0	0	0	192	0	0	0	0	0	0	0	0	0	0	0	0	0	0	192	0	0	0	0	0	0	0	0	0	0	0	0	0	0	0	0	0	0	0	0	0	0	0	0	0	0	0	0	0	0	0	0	0	0	0	0	0	0	0	0	0	0	0	0	0	0	0	0	0	
0	0	0	0	0	0	0	0	0	0	0	0	0	0	0	0	0	0	0	0	0	0	192	0	0	0	0	0	0	0	0	0	192	0	0	0	0	0	0	0	0	0	0	0	0	0	0	0	0	0	0	0	0	0	0	0	0	0	0	192	0	0	0	0	0	0	0	0	0	0	0	0	0	0	0	0	0	0	0	0	0	0	0	0	0	0	0	0	0	0	0	0	0	0	0	0	0	0	0	0	
0	0	0	0	0	0	0	0	0	0	0	0	0	0	0	0	0	0	0	0	0	0	0	0	0	0	0	0	0	0	0	0	0	0	0	0	0	0	0	0	0	0	0	0	0	0	0	0	0	0	0	0	0	0	0	0	0	0	0	0	192	0	0	0	0	0	0	0	0	0	0	0	0	0	0	0	0	0	0	0	0	0	0	0	0	0	0	0	192	0	0	0	192	0	0	0	0	0	0	0	
0	0	0	0	0	0	192	0	0	0	0	0	0	0	0	0	0	192	192	0	0	0	0	0	0	0	0	0	0	0	0	0	0	0	0	0	0	0	0	0	0	0	0	0	0	0	0	0	0	0	0	0	0	0	0	0	0	0	0	0	0	0	0	0	0	0	0	0	0	0	0	0	0	0	0	0	0	0	0	0	0	0	0	0	0	0	0	0	0	0	0	0	0	0	0	0	0	0	0	0	
0	0	192	0	0	0	0	0	0	0	0	0	0	0	0	0	0	0	0	0	0	0	0	0	0	0	0	0	0	0	0	0	0	0	0	0	0	0	0	0	0	0	0	0	0	0	0	0	0	0	0	0	0	0	0	0	0	0	0	0	0	0	0	0	0	0	0	0	0	0	0	0	0	0	0	0	0	0	0	0	0	0	0	0	0	192	0	0	0	0	0	0	0	0	0	192	0	0	0	0	
0	0	0	0	0	0	0	0	0	0	0	0	0	0	0	0	0	0	0	0	0	0	0	0	0	0	0	0	0	0	0	0	0	0	0	0	0	0	0	0	0	0	0	0	0	0	0	0	0	0	0	0	0	0	0	0	0	192	0	0	0	0	0	0	0	0	0	0	0	0	0	0	0	0	0	0	0	192	0	0	0	192	0	0	0	0	0	0	0	0	0	0	0	0	0	0	0	0	0	0	
0	0	0	0	0	0	0	0	0	0	0	0	0	0	0	0	0	0	0	0	0	0	0	0	0	0	0	0	0	0	192	0	0	0	0	0	0	0	192	0	0	0	0	0	0	0	0	0	0	0	192	0	0	0	0	0	0	0	0	0	0	0	0	0	0	0	0	0	0	0	0	0	0	0	0	0	0	0	0	0	0	0	0	0	0	0	0	0	0	0	0	0	0	0	0	0	0	0	0	0	
0	0	0	0	0	0	0	0	0	0	0	0	0	0	0	0	192	0	0	0	0	0	0	0	0	0	0	0	0	0	0	192	0	0	0	0	0	0	0	0	0	0	0	0	0	0	192	0	0	0	0	0	0	0	0	0	0	0	0	0	0	0	0	0	0	0	0	0	0	0	0	0	0	0	0	0	0	0	0	0	0	0	0	0	0	0	0	0	0	0	0	0	0	0	0	0	0	0	0	0	
0	0	0	0	0	0	0	0	0	0	0	0	0	0	0	0	0	0	0	192	0	0	0	0	0	0	0	0	0	0	0	0	0	0	192	0	0	0	0	0	0	0	0	0	0	0	0	0	192	0	0	0	0	0	0	0	0	0	0	0	0	0	0	0	0	0	0	0	0	0	0	0	0	0	0	0	0	0	0	0	0	0	0	0	0	0	0	0	0	0	0	0	0	0	0	0	0	0	0	0	
0	192	0	0	0	192	0	0	0	0	192	0	0	0	0	0	0	0	0	0	0	0	0	0	0	0	0	0	0	0	0	0	0	0	0	0	0	0	0	0	0	0	0	0	0	0	0	0	0	0	0	0	0	0	0	0	0	0	0	0	0	0	0	0	0	0	0	0	0	0	0	0	0	0	0	0	0	0	0	0	0	0	0	0	0	0	0	0	0	0	0	0	0	0	0	0	0	0	0	0	
0	0	0	0	0	0	192	192	192	0	0	0	0	0	0	0	0	0	0	0	0	0	0	0	0	0	0	0	0	0	0	0	0	0	0	0	0	0	0	0	0	0	0	0	0	0	0	0	0	0	0	0	0	0	0	0	0	0	0	0	0	0	0	0	0	0	0	0	0	0	0	0	0	0	0	0	0	0	0	0	0	0	0	0	0	0	0	0	0	0	0	0	0	0	0	0	0	0	0	0	
0	0	0	0	0	0	0	0	0	0	0	0	0	0	0	0	0	0	0	0	0	0	0	0	0	192	0	0	0	0	0	0	0	0	0	0	0	0	0	0	0	0	0	0	0	0	0	0	0	0	0	0	0	0	192	0	0	0	0	0	0	0	0	0	0	0	0	0	0	0	0	0	0	0	0	0	0	0	0	0	0	0	0	0	0	0	0	0	0	0	0	0	0	0	192	0	0	0	0	0	
0	0	0	0	0	0	0	0	0	0	0	0	0	0	0	0	0	0	0	0	0	0	0	0	0	0	0	0	0	0	0	0	0	0	0	0	0	0	0	0	0	0	0	0	0	0	0	0	0	0	0	0	0	0	192	192	0	0	0	0	0	0	0	0	0	0	0	0	0	0	0	0	0	0	0	0	0	0	0	0	0	0	0	0	0	0	0	0	0	0	0	0	0	192	0	0	0	0	0	0	
0	0	0	0	0	0	0	0	0	0	0	0	0	0	0	0	0	192	192	0	0	0	0	0	0	0	0	0	0	0	0	0	0	0	0	0	0	0	0	0	0	0	192	0	0	0	0	0	0	0	0	0	0	0	0	0	0	0	0	0	0	0	0	0	0	0	0	0	0	0	0	0	0	0	0	0	0	0	0	0	0	0	0	0	0	0	0	0	0	0	0	0	0	0	0	0	0	0	0	0	
0	0	0	0	0	0	0	0	0	0	0	0	0	0	0	0	0	0	0	0	0	0	0	0	0	0	0	0	0	0	0	0	0	0	0	0	0	0	0	0	0	0	0	0	0	0	0	0	0	0	0	0	0	0	0	0	0	0	0	0	0	0	0	0	0	0	0	0	0	0	0	0	0	0	0	0	0	0	0	0	0	192	0	0	0	0	0	0	0	0	0	0	0	0	0	0	192	0	192	0	
0	0	0	0	0	0	0	0	0	0	0	0	0	0	0	0	192	0	0	0	0	0	0	0	0	0	0	0	0	0	0	0	0	0	0	0	0	0	0	0	0	0	192	0	0	0	0	0	0	0	0	0	0	0	0	0	0	0	0	0	0	0	0	0	0	0	0	0	0	0	0	0	0	0	0	0	0	192	0	0	0	0	0	0	0	0	0	0	0	0	0	0	0	0	0	0	0	0	0	0	
0	0	0	0	0	0	0	0	0	0	0	0	0	0	0	0	0	0	0	0	0	0	0	0	0	0	0	0	0	0	0	0	0	0	0	0	0	0	0	0	0	0	0	0	0	0	0	0	0	0	0	0	0	0	0	0	0	0	0	0	0	0	0	0	0	0	192	0	0	0	0	0	0	0	0	0	192	0	0	0	0	0	0	0	0	0	0	0	0	0	0	192	0	0	0	0	0	0	0	0	
0	0	0	0	0	0	0	192	0	0	0	0	0	0	0	0	0	0	0	0	0	0	0	0	192	0	0	0	0	0	0	0	0	0	0	0	0	0	0	0	0	0	0	0	0	0	0	0	0	0	0	0	0	0	0	0	0	0	0	0	0	0	0	0	0	0	0	0	0	0	0	0	0	0	0	0	0	0	0	192	0	0	0	0	0	0	0	0	0	0	0	0	0	0	0	0	0	0	0	0	
0	0	0	0	0	0	0	0	0	0	0	0	0	0	0	0	0	0	0	0	192	0	0	0	192	0	0	0	0	0	0	0	0	0	0	0	0	0	0	0	0	0	0	0	0	0	0	0	0	0	0	0	0	0	0	0	0	0	0	0	0	0	0	0	0	0	0	0	0	0	0	0	0	0	0	0	0	0	192	0	0	0	0	0	0	0	0	0	0	0	0	0	0	0	0	0	0	0	0	0	
0	0	0	0	0	0	0	0	0	0	0	0	0	192	0	0	0	0	0	0	0	0	0	0	0	0	0	0	0	0	0	0	0	0	0	0	0	0	0	0	0	0	0	0	0	0	0	0	0	0	0	0	0	0	0	0	0	0	0	0	0	0	0	0	0	0	0	0	0	0	0	0	0	0	0	0	0	0	0	0	0	0	0	0	0	0	0	0	0	0	0	0	0	192	192	0	0	0	0	0	
0	0	0	0	0	0	0	0	0	0	0	0	0	0	0	0	0	0	0	0	0	0	0	0	0	0	0	0	192	0	0	0	0	0	0	0	0	0	0	0	0	0	0	0	0	0	0	0	0	0	0	0	0	0	0	0	0	0	0	0	0	0	0	0	0	0	192	0	0	0	0	0	0	0	0	192	0	0	0	0	0	0	0	0	0	0	0	0	0	0	0	0	0	0	0	0	0	0	0	0	
0	0	0	0	0	0	0	0	0	0	0	0	0	0	0	0	0	0	0	0	0	0	0	0	0	0	0	0	0	0	192	0	0	0	0	0	0	0	0	0	0	0	0	0	0	0	0	192	0	0	0	0	0	0	0	0	0	0	0	0	0	0	0	0	0	0	0	0	0	0	0	0	0	0	0	0	0	0	0	0	0	0	0	0	0	0	0	0	0	0	0	0	0	0	0	0	0	192	0	0	
0	0	0	0	0	0	0	0	0	0	0	0	0	0	0	0	0	0	0	0	0	0	0	0	0	0	0	0	192	0	0	0	0	0	0	0	0	0	0	0	0	0	0	0	192	0	0	0	0	0	0	0	192	0	0	0	0	0	0	0	0	0	0	0	0	0	0	0	0	0	0	0	0	0	0	0	0	0	0	0	0	0	0	0	0	0	0	0	0	0	0	0	0	0	0	0	0	0	0	0	
0	0	0	0	0	0	0	0	0	0	0	0	192	0	0	0	0	0	0	0	0	0	0	0	0	0	0	0	0	0	0	0	0	0	0	0	0	0	0	0	0	0	0	0	0	0	192	0	0	0	0	0	0	0	0	0	192	0	0	0	0	0	0	0	0	0	0	0	0	0	0	0	0	0	0	0	0	0	0	0	0	0	0	0	0	0	0	0	0	0	0	0	0	0	0	0	0	0	0	0	
0	0	0	192	0	0	0	0	0	0	0	0	0	0	0	0	0	0	0	0	0	0	0	0	0	0	0	0	0	0	0	0	0	0	0	0	192	0	0	0	0	0	0	0	0	0	0	0	0	0	0	0	0	0	0	0	0	0	0	0	0	0	0	0	0	192	0	0	0	0	0	0	0	0	0	0	0	0	0	0	0	0	0	0	0	0	0	0	0	0	0	0	0	0	0	0	0	0	0	0	
0	0	0	0	0	0	0	0	0	0	0	0	0	0	0	0	0	0	0	0	0	0	0	0	0	0	0	0	0	0	0	0	0	0	0	0	0	0	0	0	0	0	0	0	0	0	0	0	0	0	0	0	0	0	0	0	0	0	0	0	0	0	0	0	0	0	0	0	0	0	0	0	0	0	0	0	0	0	0	0	0	0	0	0	0	0	0	192	0	0	0	0	0	192	0	0	0	0	0	192	
0	0	0	0	0	0	0	0	0	0	0	0	0	0	0	0	0	0	0	0	0	0	0	0	0	0	0	0	0	0	0	0	0	0	0	0	0	0	0	0	0	0	0	0	0	0	0	0	0	0	0	0	0	0	0	0	0	0	0	0	0	0	0	0	0	0	0	0	0	0	0	0	0	0	0	0	0	0	0	0	0	0	0	0	0	0	192	0	192	0	0	0	0	0	0	0	0	192	0	0	
0	0	0	0	0	0	0	0	0	0	0	0	0	0	0	0	0	0	0	0	0	0	0	0	0	0	0	0	0	0	0	0	0	0	0	0	0	0	0	0	0	0	0	0	0	0	0	0	0	0	0	0	0	0	0	0	0	0	0	0	192	0	0	192	0	0	0	0	0	0	0	0	0	0	0	0	0	0	0	0	0	0	0	0	0	0	0	192	0	0	0	0	0	0	0	0	0	0	0	0	
0	0	0	0	0	0	0	0	0	0	0	0	0	0	0	0	0	0	0	0	192	0	0	0	192	0	0	0	0	0	0	0	0	0	0	0	0	0	0	0	0	0	0	0	0	0	0	0	0	0	0	192	0	0	0	0	0	0	0	0	0	0	0	0	0	0	0	0	0	0	0	0	0	0	0	0	0	0	0	0	0	0	0	0	0	0	0	0	0	0	0	0	0	0	0	0	0	0	0	0	
0	0	0	0	0	0	0	0	0	0	0	0	0	0	0	0	0	192	0	0	0	0	0	0	0	0	0	0	0	0	0	0	0	0	0	0	0	0	0	0	0	0	192	0	0	0	192	0	0	0	0	0	0	0	0	0	0	0	0	0	0	0	0	0	0	0	0	0	0	0	0	0	0	0	0	0	0	0	0	0	0	0	0	0	0	0	0	0	0	0	0	0	0	0	0	0	0	0	0	0	
0	0	0	0	0	0	0	0	0	0	0	0	0	192	0	192	0	0	0	0	0	0	0	0	0	0	0	0	0	0	0	0	0	0	0	0	0	0	0	0	0	0	0	0	0	0	0	0	0	0	0	0	0	0	0	0	0	0	0	0	0	0	0	0	0	0	0	0	0	0	0	0	0	0	0	0	0	192	0	0	0	0	0	0	0	0	0	0	0	0	0	0	0	0	0	0	0	0	0	0	
0	0	0	0	0	0	0	0	0	0	0	0	0	0	0	0	0	0	0	0	0	0	0	0	0	0	0	0	0	0	0	0	0	0	0	0	0	0	0	0	0	0	0	0	0	0	0	0	0	0	0	0	0	0	0	0	0	0	0	0	192	0	0	192	0	0	0	0	0	0	0	0	0	0	0	0	0	0	0	0	0	0	0	0	0	0	0	0	0	0	0	0	0	0	0	0	0	0	192	0	
0	0	0	0	0	0	0	0	0	0	0	0	0	0	0	0	0	0	0	0	0	0	0	0	0	0	0	0	0	0	0	0	0	0	0	0	0	0	0	0	0	0	0	0	0	0	0	0	0	0	0	0	0	0	0	0	0	0	0	0	0	0	0	0	0	0	0	0	0	0	0	0	0	192	0	0	0	0	0	0	192	0	0	0	0	0	192	0	0	0	0	0	0	0	0	0	0	0	0	0	
0	0	0	0	0	0	0	0	0	0	0	0	0	0	0	192	0	0	0	0	0	0	0	0	0	0	0	0	0	0	0	0	0	0	0	0	0	0	0	0	0	0	0	0	0	0	0	0	0	0	0	0	0	0	0	0	0	0	0	0	0	0	0	0	0	0	0	0	0	0	0	0	192	0	0	0	0	0	0	0	192	0	0	0	0	0	0	0	0	0	0	0	0	0	0	0	0	0	0	0	
0	0	0	192	0	0	0	0	0	0	0	0	0	0	0	0	0	0	0	0	0	0	0	0	0	0	0	0	0	0	0	0	0	0	0	0	0	192	0	0	0	0	0	0	0	0	0	0	0	0	0	0	0	0	0	0	0	0	0	0	0	0	0	0	0	192	0	0	0	0	0	0	0	0	0	0	0	0	0	0	0	0	0	0	0	0	0	0	0	0	0	0	0	0	0	0	0	0	0	0	
0	0	0	0	0	0	0	0	0	0	0	0	0	0	0	0	0	0	0	0	0	0	0	0	0	0	0	0	0	0	0	0	0	0	0	0	0	0	0	0	0	0	0	0	0	0	0	0	0	0	0	0	0	0	0	0	0	0	0	0	0	0	0	0	0	0	0	0	0	0	0	0	0	0	0	192	0	0	0	0	0	0	0	0	0	0	0	0	0	0	0	0	0	0	0	0	0	0	192	192	
0	0	0	0	0	0	0	0	0	0	0	0	0	0	0	0	0	0	0	0	0	0	0	0	0	0	0	0	0	0	0	0	0	0	0	0	0	0	0	0	0	0	0	0	0	0	0	192	0	0	0	0	0	0	0	0	0	0	0	0	0	0	0	0	0	0	0	0	0	0	0	0	0	0	0	0	0	0	0	0	0	0	192	0	0	0	0	192	0	0	0	0	0	0	0	0	0	0	0	0	
0	0	0	0	0	0	0	0	0	0	0	0	0	0	0	0	0	0	0	0	0	0	0	0	0	0	0	0	0	0	0	0	0	0	0	0	0	0	0	0	0	0	0	0	0	0	0	0	0	0	0	0	0	0	0	0	0	0	0	0	0	0	0	0	0	0	0	0	0	0	0	0	0	0	0	192	0	0	0	0	0	0	0	0	0	0	0	0	0	0	0	0	192	0	0	0	192	0	0	0	
0	0	0	0	0	0	0	0	0	0	0	0	0	0	0	0	0	0	0	0	0	0	0	0	0	0	192	0	0	0	0	0	0	0	0	0	0	0	0	0	0	0	0	0	0	0	0	0	0	0	0	0	0	0	0	0	0	0	0	0	0	0	0	0	0	0	0	0	0	0	0	0	0	0	0	0	0	0	0	0	0	0	0	0	0	0	192	0	0	0	0	0	0	0	0	0	192	0	0	0	
34	16	57	56	7	77	37	8	33	75	35	24	15	46	24	26	45	95	38	67	39	56	93	63	35	56	59	83	82	77	15	22	41	53	16	82	76	27	23	51	90	90	92	52	46	33	44	78	70	51	60	23	11	68	70	40	34	33	58	41	19	83	85	88	93	7	53	94	83	6	34	15	87	25	69	48	38	45	92	60	21	84	63	49	16	53	95	75	22	91	18	53	82	25	72	20	50	98	10	26	55	69	50	36	58	37	80	50	19	6	81	42	93	81	95	48	87	99	14	34	31	85	15	21	98	25	24	53	76	14	1	52	88	2	83	18	61	11	36	29	85	0	56	61	45	96	32	24	82	58	38	23	53	69	65	18	30	1	17	91	31	75	4	38	55	65	27	64	54	28	16	11	24	36	98	54	94	62	76	38	94	90	58	54	96	26	0	93	98	15	93	87	33	46	32	54	81	35	40	13	87	40	37	95	69	70	87	57	64	30	21	90	8	4	3	41	15	67	13	46	89	58	34	54	71	34	54	67	20	14	50	84	50	85	35	88	56	89	65	52	83	99	27	83	7	32	9	76	18	92	20	19	60	21	29	42	83	44	85	28	83	74	20	32	22	67	73	47	32	66	60	96	99	74	22	6	7	8	8	17	54	75	15	34	92	46	40	6	47	11	20	31	56	87	80	45	19	26	17	26	77	39	36	45	24	61	38	77	20	42	96	50	71	86	31	82	2	36	64	36	45	43	25	63	81	25	29	79	84	34	30	14	71	13	25	87	74	97	7	57	63	83	25	14	15	20	20	55	24	71	46	98	20	32	22	4	16	90	99	70	7	7	24	90	5	31	44	48	24	9	18	81	20	27	32	46	39	2	80	44	0	42	33	21	72	17	37	21	79	12	69	60	94	95	38	18	71	77	49	29	67	40	55	16	13	76	1	86	37	32	8	94	61	22	8	69	68	15	72	6	59	31	72	44	82	72	9	6	35	87	79	51	18	25	1	20	36	10	6	68	31	28	81	38	67	59	13	74	70	74	37	61	48	28	16	84	31	58	44	88	55	47	78	15	66	46	96	25	48	49	57	59	14	40	39	74	74	37	91	71	65	77	6	16	70	53	41	81	29	33	85	63	88	71	87	87	39	20	16	31	36	72	60	22	43	50	22	3	42	4	82	58	12	42	20	73	50	55	23	35	36	49	6	63	95	77	44	65	25	95	0	70	62	65	89	59	8	8	74	26	59	45	25	2	69	84	20	30	78	51	95	74	95	7	54	68	47	26	48	14	69	71	48	60	90	84	45	22	34	68	52	98	79	73	96	36	93	4	64	8	14	75	72	64	53	5	87	48	36	96	53	67	24	20	54	61	51	49	32	77	41	12	76	72	57	74	26	8	16	67	72	42	57	3	26	12	88	12	24	12	23	2	91	3	34	82	57	59	9	88	98	15	0	44	27	35	80	92	30	12	52	53	53	73	17	16	3	94	12	39	33	55	87	45	53	61	17	97	60	60	16	40	74	27	59	73	4	90	12	87	49	42	53	7	66	38	94	21	45	54	55	78	19	84	86	84	33	59	85	63	7	84	65	42	93	95	3	34	94	23	41	34	22	76	24	82	18	23	50	83	33	76	42	64	4	56	2	86	89	91	61	15	97	12	36	56	29	2	7	81	5	62	67	7	5	3	42	19	84	4	18	81	22	99	19	21	89	30	88	79	78	93	85	25	74	86	43	69	73	42	17	8	36	88	5	79	8	50	17	41	9	65	0	82	86	7	12	81	22	74	95	89	18	68	41	31	6	51	42	63	21	51	39	8	27	8	69	1	66	98	86	22	60	4	2	57	0	65	29	74	77	37	69	8	51	63	7	66	56	75	75	91	5	63	28	74	40	54	47	10	58	46	48	93	59	50	51	79	69	10	36	13	40	37	28	79	33	16	84	64	64	68	27	64	8	26	85	57	9	94	82	5	65	1	77	33	8	32	1	43	16	9	77	39	33	85	9	43	47	11	24	42	53	15	76	8	5	37	73	55	47	1	93	95	51	51	11	40	80	42	17	82	74	39	42	61	0	58	23	12	99	44	90	20	76	18	52	19	64	3	99	42	47	42	50	38	47	12	61	63	99	25	71	59	21	65	83	96	76	88	29	62	44	35	49	67	85	39	55	45	6	15	34	72	99	11	91	45	0	7	67	57	35	66	73	79	50	62	64	76	53	78	63	65	81	50	65	24	19	26	89	37	19	59	68	11	89	85	33	71	15	70	90	49	0	70	79	36	19	57	41	25	95	34	46	27	85	14	1	11	46	65	71	25	58	62	60	83	48	0	14	3	52	31	46	2	58	71	47	64	83	12	40	68	6	90	83	51	68	54	4	61	10	7	19	87	5	29	44	39	78	30	67	86	54	25	98	81	66	97	61	60	39	90	58	69	26	77	1	32	82	62	32	35	35	95	25	86	9	85	5	60	13	11	40	97	52	86	34	80	71	75	9	53	13	54	46	28	7	17	4	93	32	36	28	91	9	27	63	47	69	58	44	78	25	87	24	17	52	26	99	33	61	98	67	92	84	23	93	69	48	5	51	3	23	51	97	52	68	24	39	54	90	8	53	11	60	80	58	30	12	98	97	34	71	37	32	37	56	16	34	55	60	22	63	72	9	6	87	66	92	63	50	26	49	36	77	64	35	18	2	61	35	97	47	47	10	2	24	54	63	67	2	23	50	57	70	92	21	18	43	35	49	83	69	17	45	68	5	60	46	27	30	71	22	41	91	88	43	63	21	73	71	16	53	43	88	28	72	83	30	7	37	33	50	4	27	43	87	55	99	58	73	23	74	62	57	65	91	11	42	45	67	51	19	89	24	86	47	8	68	98	7	30	31	62	23	96	71	26	20	44	75	21	92	19	99	87	67	96	38	69	71	18	99	43	29	28	74	2	20	31	37	33	84	63	78	36	4	94	52	58	47	41	13	42	27	47	21	84	77	69	94	21	63	66	56	91	27	65	14	51	51	13	66	89	67	99	94	46	36	55	23	73	94	47	16	50	40	11	31	18	59	88	13	58	19	42	73	62	62	4	16	70	12	4	28	18	88	5	98	87	54	14	32	76	93	78	27	97	53	63	39	91	53	75	57	29	78	6	18	80	55	28	42	30	63	73	21	50	74	63	89	72	48	18	71	85	81	47	32	88	89	56	29	35	4	45	69	2	66	39	48	44	10	52	27	26	65	42	93	79	24	83	59	40	24	29	11	40	91	31	27	64	21	51	14	32	50	57	47	30	66	19	56	29	76	22	96	80	20	5	8	0	11	67	56	15	65	73	82	24	68	32	13	66	23	78	89	83	37	19	2	63	20	87	97	72	42	31	81	47	76	67	11	48	49	92	34	56	37	4	5	7	76	93	24	92	37	4	10	82	47	69	7	22	51	88	55	39	73	87	7	26	21	65	67	4	76	79	43	82	27	89	6	5	51	16	57	73	72	15	64	81	10	41	61	26	26	92	70	26	40	75	78	85	26	78	4	68	61	22	73	72	14	28	50	73	57	47	95	9	68	5	73	82	31	0	73	45	34	51	93	9	85	91	61	67	19	94	15	33	66	6	86	36	50	66	10	13	35	23	74	50	16	45	4	86	87	28	30	98	44	52	15	48	21	45	86	46	64	32	53	99	3	47	26	81	91	89	15	89	20	63	45	3	14	72	93	97	16	5	72	40	50	70	44	60	37	62	80	88	1	84	62	42	9	38	25	48	36	93	61	3	80	33	93	80	15	85	67	5	2	49	2	94	63	47	41	62	32	62	0	98	73	13	22	35	53	31	37	52	43	62	79	13	83	22	18	53	82	8	58	37	78	99	68	71	2	55	31	7	78	27	36	60	44	47	77	54	34	87	60	85	24	50	63	73	42	4	37	93	16	91	60	98	73	11	59	81	95	41	26	58	21	96	64	21	40	78	15	49	20	44	85	83	84	31	41	80	21	45	20	80	20	90	51	57	89	35	14	56	68	37	51	89	92	55	22	4	27	63	66	40	5	79	64	87	39	72	90	31	25	77	14	52	18	17	83	22	93	88	82	49	87	99	29	94	35	56	20	47	41	13	46	18	60	90	81	58	82	58	18	95	27	36	75	42	76	65	39	97	36	12	84	35	52	87	34	16	88	1	76	73	50	92	75	68	94	4	29	87	1	81	78	41	69	2	68	75	70	68	34	55	13	48	36	57	74	20	80	80	93	83	54	66	68	7	64	27	32	47	19	73	35	68	35	42	56	2	44	54	8	15	36	85	77	40	23	77	14	63	6	71	39	63	93	7	45	88	26	51	85	51	96	86	2	92	82	21	39	9	57	37	42	29	96	64	4	86	84	38	61	9	34	43	75	88	8	11	63	38	63	85	55	50	13	39	80	49	12	71	84	57	50	62	71	94	75	88	51	97	10	68	12	90	17	26	7	75	75	94	90	52	45	61	4	68	99	39	82	28	26	87	98	32	78	46	88	83	61	23	83	59	79	42	29	94	26	31	23	14	84	91	86	24	2	52	73	74	45	62	66	26	18	19	69	97	66	99	62	59	27	39	11	40	0	42	18	39	43	98	94	10	16	86	75	64	55	65	25	68	46	3	97	19	38	79	39	4	12	92	2	51	10	46	6	23	34	67	84	81	78	90	2	18	93	73	76	6	42	28	80	15	30	99	96	44	51	78	48	20	69	34	68	99	12	50	32	59	73	38	74	6	24	93	23	67	49	6	4	60	73	29	56	60	30	13	34	28	49	7	21	3	45	34	99	38	55	58	93	80	81	37	59	48	15	50	86	14	35	18	92	30	18	93	25	75	39	62	9	23	62	37	89	43	16	71	73	96	66	47	22	73	31	45	9	27	7	27	20	73	5	30	1	1	59	6	65	82	28	10	76	87	76	80	87	24	36	97	32	78	96	35	98	69	96	44	92	8	41	81	93	48	78	31	98	71	73	73	29	23	8	42	23	29	53	27	62	39	43	18	32	33	52	26	98	64	80	71	26	37	43	56	79	60	38	38	43	73	67	76	65	99	14	53	70	59	66	94	96	28	7	9	51	27	81	27	2	1	16	54	73	12	2	26	41	40	92	97	42	82	34	19	97	65	40	74	27	63	58	74	45	15	22	40	7	34	12	95	48	67	66	26	83	23	15	53	37	79	58	85	4	4	74	21	3	28	55	47	53	19	96	29	28	60	80	25	89	39	31	21	46	13	13	76	11	16	89	64	2	12	96	93	50	52	99	55	45	43	23	11	42	48	98	1	23	45	35	37	7	68	13	35	65	57	64	31	21	29	2	22	27	53	63	5	82	56	13	45	8	72	69	53	90	69	52	54	65	64	38	48	14	63	21	89	96	27	48	97	33	21	49	31	43	15	6	27	35	63	15	88	78	6	57	24	31	76	14	69	33	9	37	83	93	65	13	35	75	29	9	52	10	25	13	17	6	59	53	78	31	26	81	93	90	31	7	57	63	31	52	43	93	37	25	64	54	11	37	69	48	74	86	52	71	36	14	52	52	10	41	90	16	87	96	9	0	66	64	32	80	5	67	3	83	40	31	46	84	6	79	71	29	42	75	62	58	74	50	87	8	85	35	3	79	83	29	75	65	12	53	80	16	2	57	69	55	19	95	96	42	80	29	50	56	12	49	89	21	23	12	59	55	43	5	26	36	49	24	46	42	2	84	95	43	16	49	86	65	72	36	46	41	78	37	53	11	2	5	85	0	37	17	47	98	27	7	42	40	58	27	92	62	75	61	83	12	72	5	94	79	12	41	65	19	97	69	96	46	58	92	29	99	98	22	37	82	55	82	62	75	21	27	39	27	8	4	63	8	74	55	7	7	65	72	47	14	0	24	39	94	40	51	17	55	64	54	51	74	52	94	96	95	52	37	1	18	48	90	34	77	73	38	21	85	56	26	73	72	95	55	70	31	72	26	67	55	76	83	82	46	12	79	41	48	7	33	33	47	73	50	39	12	22	40	73	89	16	81	49	79	93	91	14	24	6	72	6	13	72	72	23	57	44	64	92	54	28	25	68	24	65	55	97	24	12	34	30	38	20	58	1	79	16	8	46	7	91	77	40	34	82	41	93	4	61	65	50	73	56	70	17	45	9	45	36	0	49	46	38	9	83	0	66	39	4	78	83	75	3	43	87	92	16	24	52	14	62	2	0	17	40	13	22	12	94	24	38	53	92	11	89	2	35	88	84	14	19	12	62	27	80	58	20	51	2	87	23	31	24	2	48	0	58	17	29	14	60	22	76	29	97	74	4	48	82	53	39	27	16	4	29	54	31	6	45	56	42	93	25	82	13	2	90	50	18	93	19	86	1	86	95	91	73	21	60	53	50	73	39	55	18	68	21	13	23	91	50	23	25	46	58	77	17	44	20	68	88	58	91	30	34	47	0	69	78	31	95	5	21	37	18	28	79	69	33	81	92	15	41	96	50	28	58	63	75	34	62	11	54	96	38	49	1	22	90	65	99	59	9	80	95	60	98	69	0	74	43	25	68	27	23	37	79	95	39	43	73	78	4	18	39	80	25	84	22	34	60	21	5	8	81	44	75	71	98	33	28	63	75	42	52	93	43	5	4	38	5	10	93	71	19	5	67	18	96	94	1	86	11	41	55	73	13	8	16	57	86	52	32	12	47	64	77	31	39	85	6	99	76	50	11	27	30	96	42	75	29	17	90	40	58	28	74	20	63	39	64	79	83	91	95	24	48	86	35	24	17	73	65	80	40	76	15	57	91	16	72	14	72	64	7	71	31	81	27	35	11	17	10	6	21	16	34	10	36	86	74	62	98	18	8	34	39	83	32	57	11	46	17	36	51	39	7	32	59	35	85	2	83	4	85	58	40	59	10	13	55	10	33	15	98	63	56	3	21	15	63	6	54	17	99	85	78	18	37	33	79	60	37	63	43	36	54	35	13	0	31	13	94	63	33	27	31	97	85	52	8	31	21	1	74	13	21	31	83	10	13	5	21	63	29	27	42	11	68	14	70	67	30	26	73	71	16	95	41	42	65	7	96	92	94	11	81	36	97	65	76	62	22	45	38	92	36	31	82	5	66	63	27	80	42	28	51	61	2	82	53	11	72	85	45	74	73	48	24	63	79	57	89	22	77	79	82	20	68	28	1	79	53	65	19	4	32	72	86	75	12	42	31	21	39	19	12	64	76	41	99	38	79	1	91	74	34	87	26	99	55	41	97	17	89	85	82	75	73	66	57	81	85	83	82	66	68	72	57	45	21	93	27	10	99	43	70	8	56	23	24	11	16	24	35	79	27	37	85	94	1	49	45	56	5	92	86	99	93	16	39	88	0	42	36	75	29	56	73	9	97	88	98	41	58	15	36	78	89	37	64	49	13	49	11	61	81	26	51	65	88	79	31	14	42	15	13	76	34	78	4	15	93	97	89	8	21	57	56	87	17	52	86	62	31	6	55	4	75	89	64	47	90	12	91	84	4	88	89	82	51	42	51	36	11	75	59	91	42	36	30	94	47	71	82	2	37	2	79	20	58	59	83	11	73	27	94	36	33	53	3	34	43	60	87	13	0	95	42	58	21	4	69	2	25	16	32	48	51	76	29	72	55	14	81	37	37	69	77	4	55	95	85	6	60	4	93	58	69	2	16	92	64	4	44	66	70	97	98	25	3	48	65	99	91	6	89	3	58	32	73	8	36	26	81	17	6	42	56	88	12	16	56	66	0	64	33	54	56	36	1	84	9	86	71	55	86	63	70	18	10	77	19	68	8	37	31	12	30	40	60	7	2	1	92	94	56	3	58	30	9	87	44	78	88	99	35	64	21	97	96	44	87	98	65	36	34	66	
35	6	24	62	50	75	23	73	52	47	23	74	77	4	77	54	83	19	34	47	90	49	75	65	68	67	73	81	74	85	25	49	68	97	8	73	27	88	51	22	21	18	87	49	98	34	93	28	20	7	42	38	52	27	75	11	2	34	53	69	35	75	33	15	21	73	48	32	77	82	87	80	15	26	8	21	88	52	10	82	2	99	23	91	62	21	48	61	84	59	38	66	41	57	7	21	43	73	78	65	83	60	65	3	81	43	81	46	63	99	56	73	77	68	41	60	69	36	94	36	95	12	93	59	73	37	9	93	83	71	92	59	27	64	12	79	33	9	8	80	3	47	31	89	25	54	92	34	53	13	9	93	51	99	48	38	9	21	72	86	51	38	56	14	94	52	96	86	16	1	64	56	75	18	33	32	29	47	78	11	70	27	86	39	92	68	28	39	84	71	15	82	85	92	66	72	67	41	0	15	40	79	67	10	64	38	76	20	5	28	93	56	2	26	65	85	88	8	90	84	95	77	5	4	44	24	23	36	45	62	57	72	86	18	48	61	5	27	33	84	10	66	37	6	15	82	0	77	0	50	49	25	71	44	12	87	60	88	29	72	84	65	7	22	45	33	45	9	87	68	10	93	32	78	49	94	37	11	1	46	53	44	13	95	68	88	11	31	88	34	93	46	8	32	26	1	41	10	36	17	39	11	16	12	99	78	7	86	55	60	6	91	72	8	22	95	77	25	8	68	22	77	21	56	77	12	86	5	98	96	60	23	47	70	23	75	99	83	50	15	39	20	90	97	7	97	79	99	47	29	63	59	76	5	85	0	82	18	56	54	39	52	28	19	55	62	6	62	12	80	64	15	87	34	21	92	20	54	56	5	5	94	84	72	27	97	40	97	78	25	20	53	4	23	29	90	82	71	61	48	64	0	75	4	64	98	78	56	94	57	1	56	17	27	83	70	87	82	76	14	68	41	97	6	43	14	71	5	26	10	80	35	5	53	3	50	98	94	35	89	21	25	60	89	73	82	35	89	81	75	1	21	10	50	63	79	14	10	99	70	10	29	8	94	27	92	61	85	81	11	69	95	62	5	7	70	70	78	84	30	71	62	27	52	66	36	94	42	47	31	87	52	0	81	89	59	89	67	91	45	41	98	93	6	75	87	20	68	32	66	5	95	14	30	30	8	94	19	2	61	64	61	12	50	51	50	64	33	21	31	34	66	2	73	45	26	21	53	10	51	87	96	44	85	7	95	17	26	87	53	59	69	86	35	78	30	88	11	17	88	16	70	24	95	63	2	89	74	50	86	97	45	48	62	77	41	65	10	6	55	54	14	67	20	13	75	47	22	13	38	7	72	83	6	63	85	29	52	46	88	80	49	95	44	13	55	14	42	89	52	51	36	18	95	61	4	13	59	46	51	6	71	39	59	95	76	70	36	45	2	28	31	91	68	12	63	3	21	85	81	5	31	15	65	48	73	40	74	23	10	65	35	8	22	70	98	11	79	78	22	41	23	53	75	6	35	45	48	21	48	5	60	21	33	27	16	15	31	18	76	41	0	2	69	34	88	36	1	32	15	90	8	80	6	2	9	6	28	93	65	91	88	8	14	86	32	23	25	49	67	69	60	25	50	24	31	15	11	13	72	85	57	58	27	21	27	78	52	26	67	14	78	12	4	39	27	22	30	67	25	96	91	27	68	62	26	43	8	87	58	67	36	97	82	77	92	82	4	87	52	36	40	41	85	60	49	53	66	76	50	33	37	63	65	80	11	39	68	72	36	45	47	16	52	72	28	45	47	24	6	78	39	3	77	32	22	31	42	71	23	54	47	92	33	35	1	21	98	50	63	16	99	47	65	52	78	58	0	83	8	46	28	90	64	52	94	86	50	99	28	70	96	17	4	36	49	90	6	28	22	75	41	26	47	19	93	21	89	11	59	98	42	36	14	90	54	79	3	50	78	48	77	83	96	52	76	41	19	39	10	26	93	99	53	90	60	80	69	21	84	75	36	11	32	52	21	50	20	66	41	7	32	71	81	44	30	35	3	43	83	52	27	10	77	87	20	41	42	12	23	21	69	43	32	51	75	11	45	97	93	21	47	30	30	18	11	93	33	3	28	86	53	91	36	8	43	93	85	1	30	33	85	32	32	35	44	29	4	11	74	39	64	48	87	4	80	13	23	67	30	2	37	28	57	93	15	66	84	57	31	58	15	91	43	34	76	64	46	75	47	10	72	97	84	93	52	0	93	58	22	93	13	2	90	21	33	41	67	30	9	62	58	77	61	16	91	34	22	66	13	49	64	15	8	79	78	12	89	23	82	86	53	73	11	30	88	28	24	72	31	8	75	18	10	66	66	1	58	73	66	86	93	91	80	93	70	46	10	58	70	68	37	81	2	36	99	33	23	61	96	7	42	27	73	62	3	75	72	97	31	57	21	89	97	91	7	7	16	88	95	49	64	4	40	10	10	88	65	15	60	20	48	62	7	37	55	32	57	26	18	68	83	84	18	36	14	85	72	85	30	79	34	6	26	78	81	68	60	94	38	41	32	15	27	72	91	64	50	84	4	94	40	93	2	52	72	99	41	33	36	49	65	91	38	57	72	2	84	15	72	4	41	18	6	48	88	70	73	6	33	38	58	42	87	31	19	20	1	82	78	4	84	10	6	29	17	48	95	25	38	99	46	1	57	21	75	39	85	54	21	4	63	47	39	46	9	48	89	80	26	22	48	42	12	91	10	22	80	9	37	27	72	36	74	23	12	28	30	11	5	2	83	98	69	78	28	95	63	81	79	86	30	26	54	52	86	74	86	74	84	50	93	62	70	98	41	15	27	4	88	61	1	87	90	87	21	55	40	77	90	8	52	44	14	24	95	97	32	66	48	42	25	90	96	77	33	0	71	68	34	46	0	75	19	37	52	21	20	36	89	36	12	67	42	36	51	81	0	82	3	38	20	11	62	14	12	95	54	92	70	32	11	31	24	66	40	60	39	22	87	18	72	81	21	32	57	12	26	28	23	64	64	29	72	49	48	23	99	93	97	48	41	50	57	92	22	98	25	32	85	45	64	91	20	10	88	43	74	98	88	7	25	84	43	61	60	87	87	77	99	29	69	52	48	71	86	66	87	79	65	96	50	85	57	14	13	4	19	75	17	42	51	43	15	28	26	28	8	94	51	57	35	13	30	65	10	2	22	53	13	60	88	59	45	69	44	50	64	72	36	80	76	61	52	50	90	36	97	64	68	52	83	12	23	0	36	96	93	75	81	91	53	82	25	14	90	89	38	51	96	50	98	37	48	82	0	68	3	8	54	64	97	30	33	53	2	15	92	30	40	46	59	68	86	68	13	50	15	93	88	78	40	48	95	60	44	41	39	88	86	30	44	79	41	70	26	29	6	84	80	90	83	94	29	51	59	96	55	89	15	47	23	32	78	83	66	82	58	37	44	80	80	49	26	48	16	73	66	36	9	26	26	57	95	89	70	21	58	99	36	46	86	56	96	85	40	82	54	41	3	96	3	5	17	98	90	70	69	8	27	37	44	44	17	65	12	43	35	56	1	19	0	94	59	91	42	49	43	3	50	34	47	21	10	50	83	81	60	31	84	10	90	83	84	24	94	37	78	26	4	31	39	24	91	81	2	22	53	73	96	55	58	1	76	16	9	20	2	51	6	98	85	98	98	64	35	41	88	60	83	54	82	59	25	23	14	54	76	99	79	50	77	90	5	14	80	34	44	40	79	91	32	66	12	3	73	43	2	80	16	54	70	50	15	9	19	19	28	17	20	29	5	64	15	10	72	99	62	30	75	65	58	33	80	30	10	14	42	37	96	53	76	6	96	1	45	10	69	64	30	51	71	79	48	44	94	35	65	63	53	89	2	40	20	98	52	36	57	74	26	48	31	34	19	41	45	28	13	38	61	63	40	13	86	43	2	79	45	69	59	18	36	25	37	34	33	24	10	96	85	43	56	97	98	7	99	30	36	44	39	39	66	20	48	50	92	60	53	52	97	23	51	0	85	16	11	85	29	53	82	37	29	43	86	29	66	9	71	75	60	25	15	38	76	6	77	51	40	53	36	53	77	36	42	74	3	38	31	24	88	55	19	42	27	62	72	94	12	41	50	46	49	63	65	32	90	17	26	80	55	87	96	34	23	83	43	45	47	72	16	99	80	81	72	65	0	53	9	33	97	63	72	97	66	87	99	22	58	22	17	44	3	18	21	3	40	63	83	0	63	21	70	41	51	70	56	25	43	60	56	85	98	59	44	2	92	44	19	84	91	65	69	51	44	49	57	7	5	74	19	12	25	72	62	38	97	9	73	56	0	45	45	19	86	31	47	10	78	20	19	98	22	90	35	35	78	81	10	15	9	76	36	56	80	45	5	78	45	7	97	76	77	67	97	65	72	85	24	49	94	11	76	49	95	76	50	75	80	49	44	47	40	48	76	58	14	77	74	63	52	3	8	9	66	42	17	83	59	25	44	30	44	9	83	85	93	31	8	34	85	73	45	21	51	92	60	23	93	62	9	50	34	36	89	47	74	99	29	80	78	60	61	24	99	54	12	70	43	1	5	34	2	12	71	62	81	54	46	44	53	79	81	93	82	60	86	22	13	63	85	78	75	86	24	38	87	27	28	78	96	81	43	46	69	27	20	95	47	31	64	3	55	34	41	70	95	40	14	91	49	53	14	91	68	34	73	56	3	44	25	0	68	90	33	79	53	10	12	72	91	28	71	75	69	9	78	92	8	69	71	72	2	41	62	85	97	14	37	61	87	55	13	60	38	13	53	28	94	72	82	31	48	31	22	26	17	38	44	76	97	2	5	35	5	93	97	93	81	15	48	74	99	31	69	50	87	93	87	38	20	5	30	46	36	68	75	77	21	15	86	84	89	29	33	52	21	0	86	60	99	85	18	35	6	6	73	3	17	74	43	51	33	57	44	51	76	82	54	6	30	37	14	70	61	85	0	45	38	61	65	0	12	50	17	86	7	71	14	70	82	15	5	13	29	10	74	99	78	39	77	17	38	71	66	87	59	0	10	70	5	74	59	92	22	78	88	15	69	57	22	40	87	87	96	41	95	28	60	69	40	21	26	85	11	43	64	80	59	55	39	75	87	26	56	36	83	25	74	65	74	45	76	21	61	12	73	90	87	60	63	64	59	48	41	60	68	24	84	87	65	41	58	48	21	30	43	26	58	64	84	55	46	41	74	84	15	61	40	22	58	35	38	64	80	25	65	8	62	56	93	17	72	45	99	5	33	72	68	67	1	44	2	73	21	85	54	15	1	34	76	84	42	46	99	34	61	44	87	80	6	31	35	60	82	56	91	76	58	40	5	47	40	4	24	52	8	67	41	87	44	24	14	84	50	49	6	62	35	16	37	34	53	30	3	34	54	81	55	91	10	57	27	11	1	94	15	96	2	43	4	4	89	47	8	2	89	90	43	3	34	2	38	16	45	96	83	19	52	2	48	39	7	33	57	22	16	33	79	53	52	32	91	81	21	14	26	38	13	23	31	24	51	19	59	62	15	62	70	22	19	62	95	73	80	72	25	80	91	10	99	24	37	19	51	85	76	29	63	54	9	39	36	98	53	68	47	49	25	67	94	42	45	44	17	12	96	60	69	97	56	82	66	36	57	74	26	21	3	22	39	93	76	88	7	57	59	39	94	11	98	72	40	70	81	68	44	42	84	30	4	17	21	69	66	45	73	99	96	50	28	7	28	13	30	41	1	5	59	71	3	47	32	65	10	56	14	3	91	71	97	42	81	34	27	75	84	24	48	81	71	37	98	70	47	5	71	13	42	61	4	42	75	51	38	97	39	71	87	27	30	12	73	31	68	67	97	45	19	11	33	19	41	52	32	51	36	20	6	91	60	40	9	26	41	70	41	91	68	77	43	70	11	27	78	17	26	97	98	47	39	65	67	15	13	68	74	51	12	76	29	86	22	43	24	46	89	77	31	90	84	2	17	55	40	83	33	31	94	80	4	64	32	32	56	29	12	1	10	64	28	84	34	77	66	2	70	95	94	59	94	45	48	79	41	31	64	15	88	51	66	56	2	77	28	9	90	9	64	10	52	70	52	68	95	37	50	81	33	28	0	46	16	52	61	40	82	35	15	35	49	87	34	34	16	12	9	37	8	29	50	99	69	39	28	26	27	51	85	28	3	66	2	49	71	3	85	67	95	93	57	79	29	60	55	16	20	97	43	55	31	43	45	82	57	57	73	89	96	40	60	24	37	28	90	70	32	45	99	49	70	94	3	90	47	69	44	99	91	95	70	67	44	14	38	79	65	7	20	15	40	40	89	50	60	70	51	74	82	5	98	29	34	55	38	18	5	16	25	32	90	5	11	90	65	84	35	30	97	15	56	40	28	55	73	7	57	39	1	0	66	5	58	64	24	71	22	61	82	86	35	96	75	44	92	70	7	59	86	69	10	99	93	68	80	16	86	6	52	47	11	49	3	4	28	34	89	89	88	80	88	58	38	94	64	43	79	97	33	83	5	59	32	89	44	50	58	84	99	69	51	33	29	53	85	89	27	24	69	26	57	12	88	77	37	63	1	14	31	85	32	99	12	77	41	55	17	11	75	55	16	64	91	14	40	73	21	28	8	96	99	37	80	80	2	91	98	8	75	11	98	88	55	98	3	2	57	31	7	87	99	77	37	93	78	79	87	46	76	50	68	20	47	62	48	36	35	20	20	87	17	61	48	44	58	4	87	69	12	55	19	51	22	0	6	81	52	67	21	27	32	6	5	74	26	39	69	88	34	0	86	96	34	77	73	52	14	95	94	84	27	49	0	90	16	40	68	39	70	50	69	82	97	44	2	29	98	97	46	67	59	8	86	64	23	2	72	33	84	30	62	45	18	21	72	83	12	69	16	15	86	38	54	64	46	40	70	93	14	47	3	56	13	54	95	4	79	33	81	27	26	3	86	99	26	73	25	84	51	8	1	26	12	0	35	25	58	9	91	50	66	26	17	83	89	27	52	79	4	16	23	84	7	87	56	85	88	36	19	15	48	29	40	98	71	77	44	89	71	3	57	36	86	80	67	24	54	48	0	17	81	82	41	18	9	38	83	71	85	60	82	33	3	62	75	42	55	21	45	29	3	41	75	42	94	25	2	56	79	32	24	61	49	16	76	75	93	6	17	27	94	22	13	70	78	48	41	91	7	63	15	84	6	56	84	29	65	38	44	5	52	61	29	18	58	33	74	92	64	90	26	75	30	78	78	42	29	16	86	22	63	70	27	42	31	66	29	78	84	35	17	87	99	67	82	8	94	78	25	32	65	41	56	80	21	44	64	58	95	65	69	3	73	96	20	24	55	75	59	32	88	26	87	63	89	64	99	60	3	1	77	25	62	64	82	29	58	51	30	99	25	28	9	2	21	22	7	17	25	21	51	19	74	10	82	84	58	48	0	63	4	92	63	55	6	98	1	56	1	55	97	8	52	20	80	3	65	28	86	46	62	35	34	67	12	60	83	39	9	66	53	4	83	11	46	58	81	89	71	46	19	45	30	48	86	91	78	13	50	43	25	79	88	77	64	25	28	23	10	36	92	38	89	42	51	43	95	52	38	12	71	50	65	40	53	65	37	50	46	81	59	33	1	58	70	3	24	96	14	89	86	21	95	78	26	45	38	34	53	70	36	40	77	11	4	59	19	10	2	1	37	54	57	53	75	15	20	13	60	91	0	20	46	34	24	77	96	76	73	73	35	88	29	3	48	88	99	89	74	55	51	46	19	59	16	52	78	19	63	5	36	0	18	2	60	82	61	81	67	88	16	99	12	4	41	47	34	79	34	1	79	76	39	59	73	41	
9	4	20	15	1	12	3	16	14	4	15	13	7	13	16	13	11	9	1	11	10	20	13	14	14	4	2	9	2	5	12	10	13	5	9	3	19	20	14	7	13	7	4	12	8	4	19	15	6	8	13	1	2	19	11	7	3	14	5	2	1	11	17	19	14	2	20	11	9	17	10	11	17	12	6	8	10	13	3	18	1	20	2	20	7	10	17	18	6	13	10	20	14	6	15	1	12	13	8	4	9	7	20	4	10	6	17	8	9	14	3	3	17	1	16	4	13	7	9	1	2	18	19	12	11	14	10	8	6	8	16	15	1	6	14	6	20	9	9	10	20	1	13	4	19	3	20	5	12	13	10	10	18	11	9	16	13	19	2	7	10	1	2	10	8	13	6	18	18	15	18	19	17	9	1	11	9	3	8	5	4	3	7	20	2	18	13	4	16	4	17	6	8	11	2	11	10	4	7	12	8	11	6	15	14	2	16	15	9	9	14	19	15	14	17	11	4	10	5	7	18	9	9	11	4	5	5	13	18	7	13	7	2	7	11	19	8	19	4	4	10	4	17	5	11	2	3	10	15	15	19	4	16	8	14	16	18	9	20	12	18	12	16	11	14	5	13	8	14	14	17	11	12	16	18	12	16	7	19	15	7	1	18	18	7	19	15	19	16	1	1	12	20	9	16	16	19	4	16	18	14	18	8	2	3	9	11	1	10	9	3	20	16	8	13	4	19	11	6	3	3	14	19	8	18	19	1	10	12	15	12	13	2	18	19	2	6	10	17	10	13	12	17	20	18	14	5	15	19	10	20	7	20	15	11	6	14	8	12	1	10	1	7	12	5	11	5	5	7	15	20	16	10	6	4	11	15	13	6	3	11	17	4	12	7	3	10	16	7	5	13	15	17	2	15	3	15	9	8	16	16	9	13	12	13	17	19	20	17	5	8	20	8	6	5	18	18	13	17	10	5	15	19	10	10	9	7	2	14	16	3	5	17	13	7	5	18	17	8	17	4	10	4	10	17	15	2	9	10	3	10	14	16	5	2	2	7	8	5	15	10	8	11	6	8	10	14	3	15	2	2	8	12	19	8	13	16	18	9	8	19	14	3	14	12	17	6	15	2	12	8	9	7	17	5	4	16	15	6	6	13	5	20	15	9	10	9	9	19	1	9	13	13	14	6	11	4	2	3	13	5	18	12	3	13	3	7	3	16	2	7	10	1	12	16	16	11	6	11	19	16	5	2	7	1	7	5	14	10	15	14	18	1	15	2	3	2	10	4	1	12	4	5	14	14	15	10	3	5	8	6	6	3	11	16	15	11	1	14	15	8	6	7	15	6	8	4	7	14	8	1	6	9	2	13	14	16	10	1	3	4	8	1	7	9	8	15	2	9	14	2	13	15	4	6	9	13	6	15	13	14	5	3	6	3	11	14	3	16	6	4	8	12	7	15	2	14	9	13	12	15	6	8	6	4	9	12	6	5	8	8	5	8	11	13	16	1	12	2	2	14	16	15	6	3	5	6	14	9	15	6	4	4	15	3	2	6	4	1	13	13	14	2	8	11	1	15	5	15	3	15	10	1	12	2	4	6	10	15	14	15	4	15	11	6	6	15	5	9	1	4	2	16	10	2	2	8	13	12	6	1	6	11	1	6	15	11	3	7	14	3	6	5	1	10	10	12	14	10	6	3	9	16	11	13	9	2	15	9	12	11	2	1	12	10	16	11	13	15	5	15	1	11	5	16	16	12	15	16	16	6	13	8	6	12	13	4	11	13	12	7	4	4	10	1	14	10	4	13	11	15	7	15	7	3	2	10	5	10	15	2	5	6	12	11	1	4	8	3	4	3	4	16	2	16	6	16	10	8	8	2	11	9	5	10	15	14	3	5	12	15	2	6	7	9	5	13	16	1	14	16	3	13	7	13	11	15	16	14	9	7	15	15	14	11	1	2	3	15	13	16	15	3	13	9	6	15	2	9	10	16	1	3	3	16	8	3	3	8	4	6	13	8	15	2	3	14	6	10	3	16	15	10	10	4	11	16	4	5	16	9	6	1	16	10	2	13	14	9	2	15	2	15	6	12	4	6	11	3	14	9	2	10	7	7	16	8	8	15	8	13	12	5	3	16	1	9	9	5	12	5	10	7	13	14	11	7	11	10	8	3	10	10	8	9	6	16	14	6	8	3	13	13	6	12	8	15	4	1	15	10	11	10	10	14	5	3	1	10	16	9	14	2	16	16	9	15	15	4	7	10	4	4	16	9	8	10	3	11	4	15	11	6	14	14	3	2	7	9	15	1	12	10	11	2	13	13	11	6	15	4	15	8	11	12	14	1	15	14	5	3	12	5	14	9	12	1	11	13	5	2	11	14	2	4	16	2	3	10	14	2	10	7	2	5	3	10	13	2	4	6	1	14	14	13	9	1	5	11	12	16	8	16	13	14	11	3	1	8	4	9	11	1	4	3	8	10	5	2	6	9	8	14	8	2	11	6	15	15	16	10	2	2	3	8	14	12	4	8	13	12	4	15	6	13	6	10	16	3	12	2	16	12	11	12	3	3	4	5	5	11	7	14	6	6	1	8	13	5	1	13	12	14	2	1	12	16	15	14	12	9	2	3	8	2	6	14	15	2	9	5	2	2	14	6	5	10	2	12	12	5	7	11	5	1	1	5	5	7	7	6	7	4	15	15	2	15	9	15	1	2	10	9	15	10	9	7	16	3	3	4	3	3	3	6	5	11	16	16	9	16	16	15	4	11	15	5	13	11	12	1	7	16	6	10	14	11	4	7	15	9	4	5	13	3	3	2	9	3	5	12	10	14	4	2	12	12	6	3	12	9	7	8	1	14	9	2	9	12	3	5	4	12	2	7	8	12	11	7	15	6	7	12	7	10	15	6	8	8	6	12	7	10	7	8	7	5	9	1	7	8	16	13	14	16	11	11	7	5	12	4	5	7	2	11	7	14	6	11	5	2	8	16	10	8	1	9	11	9	11	14	14	15	15	12	3	15	14	16	16	6	5	6	5	5	14	8	5	11	15	7	3	13	12	14	1	11	16	15	1	16	6	11	5	8	13	7	5	1	3	3	16	6	9	2	7	11	16	16	10	3	16	15	15	14	5	4	16	10	7	3	11	4	10	11	5	7	2	15	11	8	13	9	11	16	8	2	15	2	2	8	13	2	8	10	1	16	9	1	14	9	12	10	4	6	2	1	6	14	11	8	8	5	11	2	7	8	11	14	13	12	11	6	16	12	16	3	8	7	6	1	14	4	7	11	15	9	15	4	8	1	14	4	12	15	12	6	8	2	1	13	14	5	4	2	12	3	14	10	10	13	6	7	15	7	4	9	6	13	1	3	16	15	15	12	14	11	9	12	12	8	14	12	16	2	4	8	16	13	4	6	1	4	1	12	10	2	4	13	14	2	7	16	11	2	2	14	12	3	14	10	13	11	9	7	1	9	11	9	2	9	7	4	11	8	6	16	14	2	5	14	12	9	16	12	9	11	16	8	9	6	3	1	8	8	3	3	3	6	12	12	16	8	12	10	1	6	9	1	12	3	10	3	8	3	9	1	6	5	4	14	11	15	8	3	13	3	7	13	5	12	10	7	11	13	13	14	12	8	1	8	11	15	2	3	2	14	12	7	6	7	5	16	9	15	7	14	13	9	8	14	8	12	1	16	2	3	7	3	16	2	5	6	13	16	14	8	12	15	6	10	8	14	13	10	10	5	10	13	7	4	15	14	8	16	14	4	14	4	3	12	3	6	15	14	13	1	2	13	13	6	15	2	10	7	2	3	9	3	4	7	9	1	5	10	5	14	2	11	5	14	13	11	13	14	10	16	7	16	14	13	2	16	3	6	3	13	5	5	9	7	10	9	4	7	10	1	5	2	8	1	14	11	4	5	14	4	15	9	6	2	13	13	8	12	6	12	7	4	10	4	15	8	3	8	1	16	12	15	7	7	1	2	5	12	13	15	9	10	10	16	14	12	8	16	8	4	7	16	7	2	2	12	15	2	9	4	1	12	11	15	9	1	5	9	14	3	3	16	6	15	4	9	8	13	11	3	5	10	15	3	5	15	5	15	4	15	9	9	16	5	1	1	3	10	9	9	14	15	4	2	14	7	5	1	3	15	13	7	5	15	2	16	14	10	10	6	9	16	7	13	13	4	7	8	11	9	13	13	9	12	3	10	3	2	7	6	8	13	13	7	16	6	2	4	12	16	5	15	16	10	9	6	5	1	13	16	16	6	15	4	12	5	1	6	6	2	9	8	15	2	5	1	12	7	2	11	7	9	8	8	1	6	5	7	9	10	11	9	16	15	15	6	12	5	4	3	10	11	9	14	15	16	12	8	7	8	16	15	14	13	4	15	6	1	14	10	5	7	7	4	7	4	6	15	6	2	16	12	7	6	4	3	12	8	13	6	9	13	6	13	3	10	9	1	16	15	14	8	15	4	15	1	15	13	1	3	4	13	12	1	10	7	11	14	9	2	4	4	4	10	9	8	6	7	14	14	14	10	7	10	4	16	5	1	10	5	5	1	6	1	11	7	1	11	2	11	12	10	10	5	15	12	12	6	16	1	10	7	14	15	6	7	1	14	5	11	15	1	8	15	10	15	10	11	13	7	3	14	4	2	14	2	14	1	8	13	13	3	3	4	3	6	10	8	6	2	13	3	14	11	9	8	11	4	6	4	2	9	6	5	15	7	16	12	15	5	3	8	7	3	16	8	12	15	12	5	9	13	8	5	3	10	2	7	7	1	11	3	6	10	8	4	5	11	16	11	9	15	12	3	5	13	9	14	10	4	1	1	14	3	15	6	5	4	1	2	5	5	12	3	3	1	3	14	1	7	16	7	15	11	11	16	3	1	14	1	3	1	4	16	7	1	2	4	11	4	9	5	6	9	12	3	13	10	9	11	14	15	13	8	4	12	13	11	16	14	7	9	13	1	11	1	14	16	14	1	1	11	1	5	7	2	12	3	13	8	1	3	11	4	12	15	2	7	5	2	13	15	16	5	16	1	12	16	15	10	16	7	16	9	11	16	14	5	14	1	1	13	14	11	16	15	10	9	16	6	5	10	12	10	3	14	11	10	13	5	12	7	10	14	6	12	15	13	16	2	3	5	1	14	12	3	1	13	10	6	5	15	10	12	3	2	8	13	14	6	2	15	5	11	12	12	16	9	16	6	12	12	7	14	4	5	13	2	8	10	2	16	9	14	8	3	14	3	14	14	7	12	10	11	5	14	8	1	12	12	9	9	16	7	6	15	15	12	13	1	4	16	5	10	1	4	16	2	11	8	15	8	6	6	4	5	8	16	13	3	9	11	8	7	14	8	10	3	10	5	10	13	1	16	6	4	16	7	8	15	4	9	9	15	10	3	3	12	4	2	16	8	15	10	10	2	4	7	2	7	3	4	10	5	6	13	11	5	5	7	4	5	10	4	7	7	7	12	7	3	5	8	4	14	12	3	7	2	11	8	9	3	1	2	3	10	4	11	16	11	16	3	1	4	5	13	5	5	7	12	3	11	7	14	9	11	11	1	14	2	4	2	16	2	10	12	7	12	6	13	11	6	10	15	6	7	15	9	11	3	16	3	9	13	7	6	7	9	14	6	11	4	15	12	7	15	9	12	2	5	4	12	8	15	7	13	1	14	1	12	3	6	6	12	6	2	16	7	16	1	2	2	1	10	14	5	11	15	1	9	10	12	13	12	12	2	12	9	12	15	9	6	8	9	15	7	12	8	7	16	11	10	8	9	4	7	6	12	8	13	14	13	1	8	16	5	9	5	1	7	13	12	4	9	7	6	16	15	11	7	15	15	15	8	8	6	8	13	6	1	12	6	7	14	6	5	6	11	6	2	9	15	7	16	4	13	6	14	2	15	9	16	7	14	16	7	7	2	10	4	2	4	16	4	1	15	14	13	16	5	14	9	3	10	12	16	11	13	1	14	16	10	11	12	3	2	14	1	11	4	10	8	9	13	5	16	16	13	7	7	6	4	6	4	14	16	6	9	2	1	7	3	12	2	3	5	12	12	10	10	5	16	8	13	16	2	16	10	1	16	6	2	16	16	12	12	7	8	7	9	15	11	9	8	13	9	6	7	5	11	15	8	15	11	15	9	8	2	12	15	8	8	9	7	2	6	12	1	5	2	5	6	11	7	9	13	4	5	5	12	5	1	12	13	11	16	7	8	2	5	5	6	12	6	13	9	9	15	9	2	11	14	3	7	6	11	5	5	9	11	15	14	8	2	1	1	16	16	12	16	6	6	11	1	1	9	16	11	11	11	14	2	15	8	11	8	7	5	8	11	9	16	3	14	10	16	5	1	2	5	3	12	9	11	2	12	11	5	15	16	6	10	8	10	1	7	11	11	7	1	2	12	11	10	4	8	11	4	9	10	6	7	16	12	15	14	6	10	14	16	5	7	16	1	8	3	2	10	15	11	16	4	11	13	7	2	10	7	9	13	1	11	13	13	1	8	5	3	9	2	10	7	8	1	7	16	10	4	13	6	16	14	14	11	6	9	14	15	7	9	3	4	9	13	7	9	14	1	13	15	6	1	6	3	11	6	14	3	11	8	6	9	16	7	14	14	7	11	4	13	5	9	3	15	12	9	5	12	5	15	5	11	4	13	7	12	15	13	10	1	2	13	15	16	6	7	6	13	7	4	10	9	3	6	4	5	10	2	8	2	8	13	6	15	1	13	6	13	13	9	1	4	5	16	6	5	7	4	15	3	16	16	14	1	12	6	11	7	15	1	12	12	14	13	7	16	9	3	2	11	15	10	14	16	11	10	12	4	15	4	9	3	13	5	6	13	9	8	10	8	5	13	16	9	14	14	15	5	3	11	15	1	4	14	9	2	12	16	1	15	12	14	16	11	9	15	1	5	9	13	16	6	13	10	11	12	5	9	2	13	2	4	2	8	3	1	15	9	13	14	1	13	7	13	6	5	3	8	3	13	6	7	14	12	16	13	13	7	1	1	4	6	6	1	12	4	7	14	9	5	8	3	6	5	14	11	10	6	7	1	1	5	5	5	4	10	2	16	5	14	16	4	11	13	8	10	2	2	5	10	8	11	6	2	9	13	13	4	6	7	16	5	6	6	1	6	2	6	16	8	5	1	1	1	16	7	16	5	5	8	16	14	6	15	14	10	4	9	8	4	8	13	14	16	13	5	16	10	13	1	7	1	10	7	6	8	8	16	12	7	15	14	7	12	8	2	15	10	9	14	10	1	10	5	12	11	11	2	9	9	1	10	6	4	16	12	1	10	15	9	14	13	12	13	10	1	2	11	11	9	13	6	3	11	14	11	16	8	10	10	7	16	6	14	4	7	5	3	2	2	8	12	14	5	13	5	9	3	16	14	3	6	2	9	10	1	4	3	12	8	16	16	2	8	10	3	5	10	3	2	4	3	16	4	14	5	8	8	1	10	3	2	12	5	5	8	1	5	5	16	11	9	1	10	9	8	6	16	1	3	15	12	9	11	1	8	3	2	15	12	5	6	15	9	3	12	3	10	7	6	8	11	7	13	7	7	10	8	8	16	7	15	15	8	6	5	10	1	9	13	13	8	11	5	10	11	2	14	7	2	14	12	13	13	16	6	8	4	2	10	4	6	16	14	6	11	15	5	11	8	2	4	11	7	10	6	5	15	6	16	12	13	1	2	6	7	7	3	10	6	2	14	5	3	7	14	14	14	2	5	4	8	10	9	12	7	6	13	9	9	13	1	11	12	3	13	5	2	11	15	7	14	7	13	1	8	14	12	9	16	6	15	1	13	8	12	13	13	5	4	13	6	5	11	13	15	6	8	
450	100	230	730	900	430	590	230	720	290	470	400	250	200	290	170	1000	260	270	230	200	210	200	180	570	920	570	640	680	110	720	410	780	430	540	760	630	430	800	460	220	800	760	720	470	180	550	110	780	920	840	700	640	520	290	230	690	450	840	540	880	850	510	160	380	460	910	960	360	110	340	320	450	250	580	210	240	840	550	590	720	440	550	520	180	620	660	870	590	710	700	610	730	610	320	490	340	320	480	360	250	590	180	880	500	480	150	850	670	550	510	860	240	760	430	530	810	630	520	420	450	910	390	920	330	270	950	720	770	220	220	100	340	180	620	400	650	720	360	900	940	250	500	100	270	180	550	950	810	660	110	800	450	260	780	790	770	940	800	870	760	180	350	260	130	130	180	570	600	740	820	210	110	860	610	710	160	800	730	970	200	760	740	690	830	480	840	970	260	460	940	830	680	710	350	630	940	900	620	580	490	470	820	400	660	410	520	700	600	240	240	300	610	200	430	160	550	340	520	300	520	130	660	1000	150	690	160	880	300	920	790	230	360	410	620	620	130	990	360	990	510	590	750	430	270	660	420	720	120	140	780	410	430	600	220	530	850	500	930	850	550	760	120	860	920	930	790	460	790	340	840	520	520	680	260	130	550	710	470	410	140	430	290	820	500	620	180	840	500	770	400	160	480	960	310	410	780	930	980	530	600	910	560	630	240	140	1000	900	410	980	150	630	230	920	620	470	370	800	120	690	700	230	980	370	540	320	790	300	650	890	790	500	100	600	260	180	270	420	890	520	200	630	570	350	520	620	490	730	390	490	670	870	800	280	670	570	980	360	230	840	580	980	170	550	980	740	900	920	750	890	230	890	130	310	990	130	960	500	720	440	320	180	880	550	790	120	580	750	960	330	160	870	310	670	980	340	720	320	460	940	430	320	640	350	180	880	270	620	730	390	160	550	490	980	580	340	880	300	320	770	910	700	300	390	810	980	650	190	200	680	170	690	670	610	530	210	780	510	190	300	810	360	670	380	900	160	850	310	170	900	180	590	1000	800	830	360	320	100	110	230	420	920	890	300	630	790	920	370	100	300	190	860	530	680	600	790	880	720	910	660	610	110	1000	520	290	560	970	990	910	850	380	510	690	140	990	730	540	280	180	190	110	320	220	790	850	430	150	270	320	830	850	520	630	900	260	520	770	150	740	430	740	750	660	250	170	500	580	300	390	840	160	640	880	670	470	950	940	630	180	520	450	680	790	950	200	650	700	720	840	650	570	530	360	120	380	900	1000	670	940	340	650	340	640	800	840	760	690	370	680	490	890	940	390	440	830	670	260	760	760	570	760	190	610	850	100	370	680	1000	850	450	600	140	780	910	240	180	940	120	290	550	680	260	830	210	360	750	730	680	810	490	510	840	570	330	980	180	270	480	670	330	850	360	420	460	650	680	550	810	580	970	690	400	520	170	450	270	910	700	1000	970	450	770	830	890	950	600	820	990	940	790	180	920	500	380	340	190	510	830	120	680	630	770	630	260	700	580	190	610	890	500	110	580	850	290	270	400	590	780	710	660	280	270	500	190	470	730	180	400	250	800	840	670	480	440	370	720	880	230	680	750	880	760	430	380	1000	930	800	740	230	500	130	410	670	520	100	300	360	840	330	980	400	140	210	970	580	970	810	710	1000	570	840	910	460	750	240	370	170	520	780	970	860	380	520	160	130	800	580	220	550	960	750	760	610	240	130	190	350	1000	400	320	410	980	970	480	280	110	140	140	860	160	740	300	250	170	900	660	440	350	730	710	300	300	230	920	350	850	300	460	120	920	330	730	930	430	590	420	910	510	410	940	940	120	730	820	150	610	250	290	780	320	410	460	250	150	400	460	500	100	360	810	360	300	120	260	870	500	770	970	720	760	100	750	480	480	560	320	650	280	650	430	770	300	260	980	550	730	270	100	530	620	880	440	780	650	790	920	590	220	820	370	510	110	900	170	870	290	160	310	540	270	470	340	600	430	810	630	320	790	570	620	660	190	480	200	340	150	150	980	210	570	750	840	320	680	460	670	980	120	880	960	400	460	990	240	290	490	860	740	620	520	960	930	530	620	690	300	590	590	880	930	160	300	120	220	740	450	270	280	130	230	630	230	970	860	380	440	850	270	630	550	180	400	470	590	260	990	900	330	740	210	900	190	510	310	990	770	850	930	870	770	170	950	750	800	210	950	460	630	670	660	110	750	520	320	670	630	960	340	640	410	210	860	460	870	170	410	390	520	580	930	780	850	720	950	190	100	590	580	120	310	170	990	920	700	400	610	250	960	530	800	120	690	930	240	200	450	790	670	430	950	730	230	360	550	610	150	180	600	680	550	710	410	620	760	290	290	300	430	720	720	280	720	820	540	100	630	510	130	860	540	110	950	230	120	410	130	290	780	460	880	220	540	730	620	920	880	820	970	270	520	530	920	850	330	110	750	780	720	960	110	910	110	440	940	310	500	850	1000	550	520	1000	860	420	100	200	390	580	390	770	680	240	690	480	500	900	460	550	250	470	930	120	560	780	330	560	330	520	400	170	540	330	990	340	110	730	100	320	900	510	160	390	790	610	760	540	110	700	730	190	1000	980	390	500	250	460	380	690	500	260	860	480	640	660	100	400	300	950	550	270	120	610	860	420	980	910	110	500	340	780	900	900	700	670	450	650	470	860	980	880	920	150	290	720	490	220	590	810	470	390	380	940	790	880	630	970	150	350	850	720	420	450	610	780	920	370	670	870	650	240	880	460	700	980	870	280	180	410	470	870	650	900	900	490	670	280	890	530	430	120	290	470	440	620	630	930	530	650	590	350	770	230	660	1000	830	1000	370	560	480	400	860	950	980	440	150	520	560	140	840	950	750	1000	580	810	550	150	380	440	520	960	120	670	650	640	690	200	210	280	850	1000	210	820	160	640	430	520	400	710	360	370	730	480	720	720	350	450	750	890	410	990	500	670	980	170	140	260	670	690	260	600	910	610	410	830	740	690	690	190	870	370	710	520	100	200	330	240	160	470	460	870	440	780	530	930	500	800	890	150	800	540	930	850	500	510	410	600	310	900	170	920	960	580	110	880	510	650	530	590	840	370	150	690	610	210	680	400	640	480	940	650	470	340	220	260	190	560	420	680	550	660	720	480	430	930	340	940	190	300	860	110	810	200	950	570	100	430	290	520	620	540	300	400	120	690	140	620	640	160	330	690	790	950	790	720	510	130	160	910	220	110	200	660	310	930	960	260	640	780	440	420	850	970	590	500	310	140	450	510	730	910	150	360	990	480	650	320	490	310	890	480	590	430	590	920	550	210	450	400	250	670	850	350	300	950	730	740	430	860	840	400	350	120	430	950	260	550	180	510	500	360	880	580	970	710	370	450	950	940	430	690	460	100	350	130	630	350	410	540	300	430	640	970	730	610	1000	640	990	210	640	390	730	840	150	360	450	150	260	110	760	960	530	880	140	310	630	160	310	990	660	320	190	960	150	340	100	260	640	140	620	120	730	600	700	970	220	760	110	410	230	100	560	780	340	550	670	910	790	800	450	870	870	770	170	820	760	880	960	850	320	740	600	960	740	510	940	420	890	430	890	520	560	460	580	290	530	710	610	440	570	620	820	720	980	190	740	430	540	410	480	200	980	380	990	1000	360	620	1000	1000	710	290	990	950	750	920	220	590	460	630	600	950	160	850	580	700	480	370	370	540	100	790	990	410	320	310	1000	170	950	320	930	590	800	390	400	510	140	960	700	820	870	880	740	280	520	600	260	440	170	970	460	280	410	570	690	510	370	170	190	760	250	310	910	560	140	690	500	850	390	110	590	400	950	790	700	800	640	750	600	900	200	940	880	670	520	390	340	330	830	350	960	100	180	220	170	600	440	230	460	710	770	150	310	580	970	880	640	850	170	960	110	270	220	790	450	970	130	890	510	560	620	660	510	520	290	260	820	510	300	780	450	520	800	680	230	150	380	960	110	390	710	310	560	120	490	980	150	290	180	540	310	170	320	640	650	240	420	640	730	260	630	130	970	520	900	410	570	560	950	590	820	260	580	270	690	480	360	430	200	760	760	800	660	870	600	300	760	620	630	170	900	950	610	760	100	830	900	120	750	870	780	760	280	1000	250	290	700	360	260	120	950	840	600	460	500	300	360	110	690	760	590	780	490	830	990	910	620	910	410	200	370	990	940	770	750	650	510	320	240	560	230	160	710	170	340	580	300	720	120	840	370	820	480	330	420	970	1000	790	370	270	700	120	840	800	960	110	230	690	430	640	850	110	830	430	740	820	670	400	390	450	570	310	520	400	180	670	230	810	830	280	640	130	910	550	480	920	270	960	880	320	730	360	260	720	790	880	420	280	110	950	790	600	610	420	320	800	440	140	530	960	620	630	330	220	220	680	640	960	920	540	300	220	960	770	110	990	700	360	250	140	470	150	900	380	720	760	440	980	530	650	240	920	690	540	540	400	330	200	440	560	120	910	860	650	360	580	570	800	760	140	390	340	770	160	970	920	470	880	1000	660	510	500	360	370	690	690	650	560	380	800	570	710	200	170	790	440	540	910	880	250	980	950	740	890	840	230	480	530	730	280	110	410	430	540	520	240	290	520	610	680	780	690	690	160	940	130	820	490	730	470	870	100	1000	790	550	380	820	130	830	130	850	690	950	430	190	740	150	730	360	380	590	800	920	160	350	680	280	770	950	680	770	740	540	270	750	680	810	340	310	920	930	520	130	290	470	430	580	490	780	580	240	370	830	1000	760	300	470	790	890	730	590	930	970	440	940	990	920	220	740	890	610	790	240	410	960	920	240	310	670	890	250	820	720	950	840	690	620	720	420	230	740	350	660	900	870	650	530	220	990	830	120	200	360	390	220	820	330	360	650	600	320	950	360	300	650	860	960	520	260	770	470	490	160	630	430	950	890	540	300	390	860	690	220	260	540	580	760	220	490	640	980	910	950	420	300	700	100	420	810	350	630	230	100	410	580	130	660	210	950	540	800	830	980	600	980	610	500	950	910	430	310	200	380	950	830	540	990	880	130	660	230	430	360	200	290	270	700	540	230	860	860	930	570	790	150	890	100	450	450	180	490	400	700	790	580	190	150	190	590	600	460	460	630	920	840	160	520	630	490	300	240	320	670	370	320	340	960	1000	160	880	290	730	230	710	730	970	120	580	590	560	940	860	300	840	330	770	120	790	120	940	820	670	200	780	290	880	560	790	990	760	880	410	260	400	390	610	760	100	300	270	580	510	500	500	820	400	850	900	580	680	470	550	730	410	350	600	850	160	150	140	330	940	220	640	340	900	930	410	720	230	470	770	770	430	240	780	160	510	260	760	980	270	750	340	770	730	690	650	300	590	840	820	850	550	370	610	590	260	510	780	380	540	610	240	440	130	170	320	160	700	680	770	1000	170	290	150	470	650	940	470	180	570	830	470	760	430	450	590	320	980	240	1000	650	510	350	730	240	210	870	850	920	720	450	880	500	300	930	750	210	900	160	390	260	630	170	160	170	220	540	290	580	720	170	960	280	650	920	320	830	250	280	170	690	260	450	840	110	600	790	230	580	410	930	680	710	520	180	870	600	380	750	250	640	190	400	410	980	310	280	910	240	800	850	770	530	440	560	260	360	630	940	440	210	810	460	600	410	530	660	740	720	680	770	740	580	210	130	200	750	940	200	830	460	470	790	700	580	470	550	410	580	190	630	900	330	740	560	320	400	970	860	280	610	550	280	390	380	860	740	110	530	280	110	350	530	600	980	510	100	840	750	520	790	590	160	350	980	400	720	330	860	940	530	180	810	610	230	180	170	360	530	240	700	530	910	720	420	360	470	560	240	850	710	340	740	720	890	990	580	870	720	160	620	280	780	630	610	680	660	190	950	640	200	510	820	710	380	210	320	770	600	660	560	540	320	410	530	160	810	870	810	490	460	410	120	510	970	230	170	390	210	470	650	130	940	110	220	520	550	720	450	660	780	520	890	280	810	730	830	240	500	870	350	300	760	250	110	450	440	440	420	730	770	710	920	1000	290	280	800	500	260	360	990	830	680	510	560	540	980	220	680	110	670	880	960	350	790	410	740	310	610	630	460	500	380	550	890	200	910	970	140	540	400	150	360	790	580	270	540	210	700	560	110	930	970	690	240	700	290	940	930	740	530	610	810	580	440	420	660	540	490	970	220	910	910	310	710	240	690	560	190	880	160	820	240	720	600	190	950	170	410	380	520	180	370	840	610	940	390	890	970	270	460	180	270	540	960	460	490	950	200	230	680	820	850	180	400	700	520	950	530	580	730	100	300	960	220	770	740	660	450	740	820	670	220	250	430	270	790	360	820	500	380	690	380	880	150	150	510	340	630	370	630	650	160	170	770	950	500	690	580	350	160	970	300	720	420	390	800	500	940	110	100	460	330	1000	750	160	630	470	860	140	690	550	550	530	490	970	170	670	590	670	400	770	500	110	480	530	570	550	550	990	650	710	930	490	1000	740	510	470	840	830	840	170	400	360	590	370	190	650	170	570	750	240	590	450	540	200	660	710	450	180	740	420	340	940	360	300	410	260	880	660	540	710	300	610	960	430	370	240	750	580	340	830	280	710	930	760	300	730	460	960	150	100	820	290	280	560	720	490	640	350	450	660	590	170	970	750	810	890	850	200	710	800	560	940	960	720	240	730	940	100	940	310	470	790	240	190	190	700	110	540	700	760	870	530	800	560	450	310	540	340	450	100	870	780	470	130	1000	580	860	910	630	140	990	450	700	260	630	510	830	360	850	580	460	840	250	810	740	820	480	870	1000	990	330	450	950	870	950	530	230	210	990	380	590	470	670	280	610	1000	720	300	200	750	700	850	460	780	320	220	150	830	560	340	450	100	160	970	660	960	330	400	790	680	630	940	860	1000	710	780	630	280	700	750	700	630	560	680	410	240	340	370	700	370	260	990	1000	750	640	330	110	560	250	720	480	260	460	630	270	760	740	480	890	110	570	550	670	420	470	250	820	320	190	900	280	680	240	830	540	910	860	430	170	530	220	820	920	850	960	640	440	850	980	120	320	900	330	870	550	390	960	840	550	470	340	790	230	880	530	300	580	820	940	360	230	930	200	340	270	890	130	270	720	590	720	790	850	200	830	510	170	110	680	210	440	110	380	550	830	910	180	780	770	550	360	240	950	440	730	180	330	790	140	860	430	600	710	960	740	870	700	190	190	610	660	510	480	810	740	490	360	630	110	720	530	550	870	580	560	360	390	770	750	180	410	760	630	190	890	720	740	960	400	310	960	1000	280	800	980	960	240	320	130	390	180	710	530	120	230	830	600	750	1000	110	300	930	820	840	880	660	790	420	620	810	780	330	730	380	500	460	330	570	600	530	520	370	960	410	530	890	310	990	680	240	860	660	590	430	330	870	700	530	970	340	230	850	140	310	100	490	640	930	160	600	670	470	630	210	440	340	950	350	260	530	230	230	1000	220	760	920	510	750	800	890	360	790	130	170	110	600	100	340	560	910	700	460	750	290	360	740	100	720	980	990	900	630	430	650	810	560	190	560	790	640	270	640	500	810	640	480	890	390	440	820	720	800	870	720	650	680	740	140	370	810	830	590	900	400	590	950	710	840	580	120	260	130	1000	440	320	210	670	200	1000	950	930	170	300	770	240	950	250	180	240	990	370	970	600	320	730	450	200	110	920	530	180	990	120	830	620	700	530	510	970	990	220	540	740	520	230	200	550	370	120	500	470	430	980	240	970	1000	260	710	500	180	140	700	640	360	770	480	600	410	520	530	280	880	130	430	920	330	960	460	160	650	450	830	1000	850	630	710	600	690	280	630	480	340	750	940	330	960	470	820	270	170	770	630	880	380	180	420	880	440	390	180	1000	620	320	710	
100
