3465
100
3
70
0	0	0	0	0	0	0	0	0	48	0	0	48	0	0	0	0	0	0	0	0	0	0	0	0	0	0	0	0	0	0	0	0	0	0	0	0	0	0	0	0	0	0	0	0	0	0	0	0	0	48	0	0	0	0	0	0	0	0	0	0	0	0	0	0	0	0	48	0	0	0	0	0	0	0	0	0	0	0	0	0	0	0	0	0	0	0	0	0	0	0	0	0	0	0	0	0	0	0	0	
0	0	0	0	0	0	0	0	0	0	0	0	0	0	0	0	0	0	48	0	0	0	0	0	0	0	0	0	0	0	0	0	0	0	0	0	0	0	0	0	0	0	48	0	0	0	0	0	0	0	0	0	0	0	0	0	0	0	0	0	0	0	0	0	0	0	0	0	0	0	0	0	0	48	0	0	0	0	0	0	0	0	0	0	0	0	0	0	0	0	0	0	0	0	0	0	0	0	0	0	
0	0	0	0	0	0	0	0	0	0	0	0	0	0	0	0	0	0	0	0	0	0	0	0	0	0	48	0	0	0	0	0	0	0	0	0	0	0	0	0	0	0	0	0	0	0	0	0	0	0	0	0	0	0	0	0	0	0	0	0	0	0	0	0	0	0	0	0	0	0	0	0	0	0	0	48	0	0	0	0	0	0	48	0	0	0	0	0	0	0	0	0	0	0	0	0	0	0	0	0	
0	0	0	0	0	0	0	48	0	0	0	0	0	0	0	0	0	0	0	0	0	0	0	0	48	0	0	0	0	0	0	0	0	0	0	0	0	0	0	0	0	0	0	0	0	0	0	0	0	0	0	0	0	0	0	0	0	0	0	0	0	0	0	0	0	0	0	0	0	0	0	0	0	0	0	0	0	0	0	0	0	0	0	0	0	48	0	0	0	0	0	0	0	0	0	0	0	0	0	0	
0	0	0	0	0	0	0	0	0	0	0	0	0	0	0	0	0	0	0	0	0	0	0	0	0	0	0	0	0	0	0	0	0	0	0	0	0	0	0	0	0	48	0	0	0	0	0	0	0	0	0	0	0	48	0	0	0	0	0	0	0	48	0	0	0	0	0	0	0	0	0	0	0	0	0	0	0	0	0	0	0	0	0	0	0	0	0	0	0	0	0	0	0	0	0	0	0	0	0	0	
0	0	0	0	0	0	0	0	0	0	0	0	0	0	0	0	0	0	0	0	0	0	0	0	0	0	0	0	0	0	0	0	0	0	0	0	0	0	0	0	0	0	0	0	0	0	0	0	0	0	0	48	0	0	0	0	0	0	0	0	0	0	0	0	0	0	0	0	0	0	0	0	48	0	48	0	0	0	0	0	0	0	0	0	0	0	0	0	0	0	0	0	0	0	0	0	0	0	0	0	
0	0	0	0	0	0	0	0	0	0	0	0	0	0	0	0	0	0	0	0	0	0	0	0	0	0	0	0	0	0	0	0	0	48	0	0	0	0	0	0	0	0	0	0	0	0	0	0	0	0	0	0	48	0	0	0	0	0	0	0	0	0	0	0	0	0	0	0	0	0	0	0	0	0	0	0	0	0	0	0	0	0	0	0	0	0	0	0	0	0	0	0	0	0	0	48	0	0	0	0	
0	0	0	48	0	0	0	0	0	0	0	0	0	0	0	0	0	0	0	0	0	0	0	0	0	0	0	0	0	0	0	0	0	0	0	0	0	0	0	0	0	0	0	0	0	0	48	0	0	0	0	0	0	0	0	0	0	0	0	48	0	0	0	0	0	0	0	0	0	0	0	0	0	0	0	0	0	0	0	0	0	0	0	0	0	0	0	0	0	0	0	0	0	0	0	0	0	0	0	0	
0	0	0	0	0	0	0	0	0	0	0	0	0	0	0	0	0	0	0	0	48	0	0	0	0	0	0	0	0	0	0	0	0	0	0	0	0	0	0	0	0	0	0	0	0	0	0	0	0	0	0	0	0	0	0	0	48	0	0	0	0	0	0	0	0	48	0	0	0	0	0	0	0	0	0	0	0	0	0	0	0	0	0	0	0	0	0	0	0	0	0	0	0	0	0	0	0	0	0	0	
48	0	0	0	0	0	0	0	0	0	48	0	0	0	48	0	0	0	0	0	0	0	0	0	0	0	0	0	0	0	0	0	0	0	0	0	0	0	48	0	0	0	0	0	0	0	0	0	0	0	0	0	0	0	0	0	0	0	0	0	0	0	0	0	0	0	0	0	0	0	0	0	0	0	0	0	0	0	0	0	0	0	0	0	0	0	0	0	0	0	0	0	0	0	0	0	0	0	0	0	
0	0	0	0	0	0	0	0	0	48	0	0	0	0	48	0	0	0	0	0	0	0	0	0	0	0	0	0	0	0	0	0	0	0	0	0	0	0	48	0	0	0	0	0	0	0	0	0	0	0	0	0	0	0	0	0	0	0	0	0	0	0	0	0	0	0	0	0	0	0	0	0	0	0	0	0	0	0	0	0	0	0	0	0	0	0	0	0	0	0	0	0	0	0	0	0	0	0	0	0	
0	0	0	0	0	0	0	0	0	0	0	0	0	0	0	0	0	0	0	0	0	0	0	0	0	0	0	0	0	0	0	0	0	0	0	0	48	0	0	0	0	0	0	0	0	0	0	0	0	0	0	0	0	0	0	0	0	0	0	0	0	0	0	0	0	0	0	0	0	0	0	48	0	0	0	0	0	0	0	0	0	0	0	0	0	0	0	0	0	0	0	0	0	0	0	0	0	0	0	48	
48	0	0	0	0	0	0	0	0	0	0	0	0	0	0	0	0	48	0	0	0	0	0	0	0	0	0	0	0	0	0	0	0	0	0	0	0	0	0	0	0	0	0	0	0	0	0	0	0	0	0	0	0	0	0	0	0	0	0	0	0	0	0	0	0	0	0	48	0	0	0	0	0	0	0	0	0	0	0	0	0	0	0	0	0	0	0	0	0	0	0	0	0	0	0	0	0	0	0	0	
0	0	0	0	0	0	0	0	0	0	0	0	0	0	0	0	0	48	0	0	0	0	0	0	0	0	48	0	0	0	48	0	0	0	0	0	0	0	0	0	0	0	0	0	0	0	0	0	0	0	0	0	0	0	0	0	0	0	0	0	0	0	0	0	0	0	0	0	0	0	0	0	0	0	0	0	0	0	0	0	0	0	0	0	0	0	0	0	0	0	0	0	0	0	0	0	0	0	0	0	
0	0	0	0	0	0	0	0	0	48	48	0	0	0	0	0	0	0	0	0	0	0	0	0	0	0	0	0	0	0	0	0	0	0	0	0	0	0	48	0	0	0	0	0	0	0	0	0	0	0	0	0	0	0	0	0	0	0	0	0	0	0	0	0	0	0	0	0	0	0	0	0	0	0	0	0	0	0	0	0	0	0	0	0	0	0	0	0	0	0	0	0	0	0	0	0	0	0	0	0	
0	0	0	0	0	0	0	0	0	0	0	0	0	0	0	0	0	0	0	0	0	0	0	0	0	0	0	0	0	0	0	0	0	0	0	0	0	0	0	0	48	0	0	0	0	0	0	0	0	0	0	0	0	0	0	0	0	0	0	0	0	0	0	0	0	0	0	0	0	0	0	0	0	0	0	0	0	0	0	0	48	0	0	0	0	0	0	0	0	0	0	48	0	0	0	0	0	0	0	0	
0	0	0	0	0	0	0	0	0	0	0	0	0	0	0	0	0	0	0	0	0	0	0	0	0	0	0	0	0	0	0	0	0	0	0	0	0	0	0	0	0	0	0	48	0	0	0	0	0	0	0	0	0	0	0	0	0	0	0	0	0	0	0	0	0	0	0	0	0	0	0	0	0	0	0	0	0	0	0	0	0	0	0	0	0	48	0	0	0	0	0	0	48	0	0	0	0	0	0	0	
0	0	0	0	0	0	0	0	0	0	0	0	48	48	0	0	0	0	0	0	0	0	0	0	0	0	0	0	0	0	0	0	0	0	0	0	0	0	0	0	0	0	0	0	0	0	0	0	0	0	0	0	0	0	0	0	0	0	0	0	0	0	0	0	0	0	0	0	0	0	0	0	0	0	0	0	0	0	0	0	0	0	0	0	0	48	0	0	0	0	0	0	0	0	0	0	0	0	0	0	
0	48	0	0	0	0	0	0	0	0	0	0	0	0	0	0	0	0	0	0	0	0	0	0	0	0	0	0	0	0	0	0	0	0	0	0	0	0	0	0	0	0	48	0	0	0	0	0	0	0	0	0	0	0	0	0	0	0	0	0	0	0	0	0	0	0	0	0	0	0	0	0	0	0	0	0	0	48	0	0	0	0	0	0	0	0	0	0	0	0	0	0	0	0	0	0	0	0	0	0	
0	0	0	0	0	0	0	0	0	0	0	0	0	0	0	0	0	0	0	0	0	0	0	0	0	0	0	0	0	0	0	0	0	0	0	0	0	0	0	0	0	0	0	0	0	0	0	0	48	0	0	0	0	0	0	0	0	0	0	0	0	0	0	0	0	0	0	0	0	0	0	0	0	0	0	0	0	0	0	0	0	0	0	0	0	0	48	0	0	0	0	0	0	0	48	0	0	0	0	0	
0	0	0	0	0	0	0	0	48	0	0	0	0	0	0	0	0	0	0	0	0	0	0	0	0	0	0	0	0	0	0	0	0	0	0	0	0	0	0	0	0	0	0	0	0	0	0	0	0	0	0	0	0	0	0	0	0	0	0	0	48	0	0	0	0	48	0	0	0	0	0	0	0	0	0	0	0	0	0	0	0	0	0	0	0	0	0	0	0	0	0	0	0	0	0	0	0	0	0	0	
0	0	0	0	0	0	0	0	0	0	0	0	0	0	0	0	0	0	0	0	0	0	0	0	0	0	0	0	0	0	0	0	0	0	0	0	0	0	0	0	0	0	0	0	0	0	0	0	0	0	0	0	48	0	0	0	0	0	48	0	0	0	0	0	0	0	0	0	0	0	0	0	0	0	0	0	0	0	0	0	0	0	0	0	0	0	0	0	0	48	0	0	0	0	0	0	0	0	0	0	
0	0	0	0	0	0	0	0	0	0	0	0	0	0	0	0	0	0	0	0	0	0	0	48	0	0	0	0	0	0	0	0	0	0	0	0	0	0	0	0	0	0	0	0	0	0	0	0	0	0	0	0	0	0	0	0	0	0	0	0	0	0	0	0	0	0	0	0	0	0	0	0	0	0	0	0	0	0	0	0	0	0	0	0	0	0	0	0	48	0	0	0	0	0	0	0	48	0	0	0	
0	0	0	0	0	0	0	0	0	0	0	0	0	0	0	0	0	0	0	0	0	0	48	0	0	0	0	0	48	0	0	0	0	0	0	0	0	0	0	0	0	0	0	0	0	0	0	0	0	0	0	0	0	48	0	0	0	0	0	0	0	0	0	0	0	0	0	0	0	0	0	0	0	0	0	0	0	0	0	0	0	0	0	0	0	0	0	0	0	0	0	0	0	0	0	0	0	0	0	0	
0	0	0	48	0	0	0	0	0	0	0	0	0	0	0	0	0	0	0	0	0	0	0	0	0	0	0	0	0	0	0	0	0	0	0	0	0	48	0	0	0	0	0	0	0	0	0	0	0	0	0	0	0	0	0	0	0	0	0	48	0	0	0	0	0	0	0	0	0	0	0	0	0	0	0	0	0	0	0	0	0	0	0	0	0	0	0	0	0	0	0	0	0	0	0	0	0	0	0	0	
0	0	0	0	0	0	0	0	0	0	0	0	0	0	0	0	0	0	0	0	0	0	0	0	0	0	0	0	0	0	0	0	0	0	48	0	0	0	0	0	0	0	0	0	0	0	0	0	0	0	0	0	0	0	0	0	0	0	0	0	0	0	0	0	0	0	0	48	0	0	48	0	0	0	0	0	0	0	0	0	0	0	0	0	0	0	0	0	0	0	0	0	0	0	0	0	0	0	0	0	
0	0	48	0	0	0	0	0	0	0	0	0	0	48	0	0	0	0	0	0	0	0	0	0	0	0	0	0	0	0	0	0	0	0	0	0	0	0	0	0	0	0	0	0	0	0	0	0	0	0	0	0	0	0	0	0	0	0	0	0	0	0	0	0	0	0	0	0	0	0	0	0	0	0	0	48	0	0	0	0	0	0	0	0	0	0	0	0	0	0	0	0	0	0	0	0	0	0	0	0	
0	0	0	0	0	0	0	0	0	0	0	0	0	0	0	0	0	0	0	0	0	0	0	0	0	0	0	0	0	0	0	0	0	0	0	0	0	0	0	48	0	0	0	0	0	48	0	0	0	0	0	0	0	0	0	0	0	0	0	0	0	48	0	0	0	0	0	0	0	0	0	0	0	0	0	0	0	0	0	0	0	0	0	0	0	0	0	0	0	0	0	0	0	0	0	0	0	0	0	0	
0	0	0	0	0	0	0	0	0	0	0	0	0	0	0	0	0	0	0	0	0	0	0	48	0	0	0	0	0	0	0	0	48	0	0	48	0	0	0	0	0	0	0	0	0	0	0	0	0	0	0	0	0	0	0	0	0	0	0	0	0	0	0	0	0	0	0	0	0	0	0	0	0	0	0	0	0	0	0	0	0	0	0	0	0	0	0	0	0	0	0	0	0	0	0	0	0	0	0	0	
0	0	0	0	0	0	0	0	0	0	0	0	0	0	0	0	0	0	0	0	0	0	0	0	0	0	0	0	0	0	0	0	0	0	0	0	0	0	0	0	0	0	0	0	0	0	0	0	0	0	0	0	0	0	0	0	0	48	0	0	0	0	0	0	0	0	0	0	0	0	0	0	0	0	0	0	0	0	0	48	0	0	0	0	0	0	0	0	0	0	0	48	0	0	0	0	0	0	0	0	
0	0	0	0	0	0	0	0	0	0	0	0	0	48	0	0	0	0	0	0	0	0	0	0	0	0	0	0	0	0	0	0	0	0	0	0	0	0	0	0	0	0	0	0	0	0	0	0	0	0	0	0	0	0	0	0	0	0	0	0	0	0	0	0	0	0	0	0	0	0	0	0	0	0	0	48	0	0	0	0	48	0	0	0	0	0	0	0	0	0	0	0	0	0	0	0	0	0	0	0	
0	0	0	0	0	0	0	0	0	0	0	0	0	0	0	0	0	0	0	0	0	0	0	0	0	0	0	0	0	0	0	0	0	0	0	0	0	0	0	0	0	0	0	0	0	0	48	0	0	0	0	0	0	0	0	0	0	0	0	48	0	0	0	0	0	0	0	0	0	0	0	0	0	0	0	0	0	0	0	0	0	0	0	0	48	0	0	0	0	0	0	0	0	0	0	0	0	0	0	0	
0	0	0	0	0	0	0	0	0	0	0	0	0	0	0	0	0	0	0	0	0	0	0	0	0	0	0	0	48	0	0	0	0	0	0	48	0	0	0	0	0	0	0	0	0	0	0	0	48	0	0	0	0	0	0	0	0	0	0	0	0	0	0	0	0	0	0	0	0	0	0	0	0	0	0	0	0	0	0	0	0	0	0	0	0	0	0	0	0	0	0	0	0	0	0	0	0	0	0	0	
0	0	0	0	0	0	48	0	0	0	0	0	0	0	0	0	0	0	0	0	0	0	0	0	0	0	0	0	0	0	0	0	0	0	0	0	0	0	0	0	0	0	0	0	0	48	0	0	0	0	0	0	48	0	0	0	0	0	0	0	0	0	0	0	0	0	0	0	0	0	0	0	0	0	0	0	0	0	0	0	0	0	0	0	0	0	0	0	0	0	0	0	0	0	0	0	0	0	0	0	
0	0	0	0	0	0	0	0	0	0	0	0	0	0	0	0	0	0	0	0	0	0	0	0	0	48	0	0	0	0	0	0	0	0	0	0	0	0	0	0	0	0	0	0	0	0	0	0	0	0	0	0	0	0	0	0	0	0	0	0	0	0	0	0	0	0	0	0	0	0	0	0	0	0	0	0	0	0	0	0	0	0	0	0	0	0	48	0	0	0	0	0	0	0	48	0	0	0	0	0	
0	0	0	0	0	0	0	0	0	0	0	0	0	0	0	0	0	0	0	0	0	0	0	0	0	0	0	0	48	0	0	0	48	0	0	0	0	0	0	0	0	0	0	0	0	0	0	0	48	0	0	0	0	0	0	0	0	0	0	0	0	0	0	0	0	0	0	0	0	0	0	0	0	0	0	0	0	0	0	0	0	0	0	0	0	0	0	0	0	0	0	0	0	0	0	0	0	0	0	0	
0	0	0	0	0	0	0	0	0	0	0	48	0	0	0	0	0	0	0	0	0	0	0	0	0	0	0	0	0	0	0	0	0	0	0	0	0	0	0	0	0	0	0	0	0	0	0	0	0	0	0	0	0	0	0	0	0	0	0	0	0	0	0	0	0	0	0	0	0	0	0	48	0	0	0	0	0	0	0	0	0	0	0	0	0	0	0	0	0	0	0	0	0	0	0	0	0	0	0	48	
0	0	0	0	0	0	0	0	0	0	0	0	0	0	0	0	0	0	0	0	0	0	0	0	48	0	0	0	0	0	0	0	0	0	0	0	0	0	0	0	0	0	0	0	0	0	48	0	0	0	0	0	0	0	0	0	0	0	0	0	0	0	0	0	0	0	0	0	0	0	0	0	0	0	0	0	0	0	0	0	0	0	0	0	48	0	0	0	0	0	0	0	0	0	0	0	0	0	0	0	
0	0	0	0	0	0	0	0	0	48	48	0	0	0	48	0	0	0	0	0	0	0	0	0	0	0	0	0	0	0	0	0	0	0	0	0	0	0	0	0	0	0	0	0	0	0	0	0	0	0	0	0	0	0	0	0	0	0	0	0	0	0	0	0	0	0	0	0	0	0	0	0	0	0	0	0	0	0	0	0	0	0	0	0	0	0	0	0	0	0	0	0	0	0	0	0	0	0	0	0	
0	0	0	0	0	0	0	0	0	0	0	0	0	0	0	0	0	0	0	0	0	0	0	0	0	0	0	48	0	0	0	0	0	0	0	0	0	0	0	0	0	0	0	0	0	48	0	0	0	0	0	0	0	0	0	0	0	0	0	0	0	0	0	0	0	0	0	0	0	0	0	0	48	0	0	0	0	0	0	0	0	0	0	0	0	0	0	0	0	0	0	0	0	0	0	0	0	0	0	0	
0	0	0	0	0	0	0	0	0	0	0	0	0	0	0	48	0	0	0	0	0	0	0	0	0	0	0	0	0	0	0	0	0	0	0	0	0	0	0	0	0	0	0	0	0	0	0	0	0	0	0	0	0	0	0	0	0	0	0	0	0	0	0	0	48	0	0	0	0	0	0	0	0	0	0	0	0	0	0	0	48	0	0	0	0	0	0	0	0	0	0	0	0	0	0	0	0	0	0	0	
0	0	0	0	48	0	0	0	0	0	0	0	0	0	0	0	0	0	0	0	0	0	0	0	0	0	0	0	0	0	0	0	0	0	0	0	0	0	0	0	0	0	0	0	0	0	0	0	0	0	0	0	0	0	0	0	0	0	0	0	0	0	0	0	0	0	0	0	0	0	48	0	0	0	0	0	0	0	0	0	0	48	0	0	0	0	0	0	0	0	0	0	0	0	0	0	0	0	0	0	
0	48	0	0	0	0	0	0	0	0	0	0	0	0	0	0	0	0	48	0	0	0	0	0	0	0	0	0	0	0	0	0	0	0	0	0	0	0	0	0	0	0	0	0	0	0	0	0	0	0	0	0	0	0	0	0	0	0	0	0	0	0	0	0	0	0	0	0	0	0	0	0	0	0	0	0	0	48	0	0	0	0	0	0	0	0	0	0	0	0	0	0	0	0	0	0	0	0	0	0	
0	0	0	0	0	0	0	0	0	0	0	0	0	0	0	0	48	0	0	0	0	0	0	0	0	0	0	0	0	0	0	0	0	0	0	0	0	0	0	0	0	0	0	0	0	0	0	0	0	0	48	0	0	0	0	0	0	0	0	0	0	0	0	0	0	0	0	0	0	0	0	0	0	0	0	0	0	0	0	0	0	0	0	0	0	0	0	0	0	0	0	0	48	0	0	0	0	0	0	0	
0	0	0	0	0	0	0	0	0	0	0	0	0	0	0	0	0	0	0	0	0	0	0	0	0	0	0	0	0	0	0	0	0	0	0	0	0	0	0	0	0	0	0	0	0	0	0	48	0	0	0	0	0	0	0	0	0	0	0	0	0	0	0	0	0	0	0	0	0	0	0	0	0	0	0	0	0	0	0	0	0	0	0	0	0	0	0	0	0	0	48	0	0	0	0	48	0	0	0	0	
0	0	0	0	0	0	0	0	0	0	0	0	0	0	0	0	0	0	0	0	0	0	0	0	0	0	0	48	0	0	0	0	0	48	0	0	0	0	0	48	0	0	0	0	0	0	0	0	0	0	0	0	0	0	0	0	0	0	0	0	0	0	0	0	0	0	0	0	0	0	0	0	0	0	0	0	0	0	0	0	0	0	0	0	0	0	0	0	0	0	0	0	0	0	0	0	0	0	0	0	
0	0	0	0	0	0	0	48	0	0	0	0	0	0	0	0	0	0	0	0	0	0	0	0	0	0	0	0	0	0	0	48	0	0	0	0	0	48	0	0	0	0	0	0	0	0	0	0	0	0	0	0	0	0	0	0	0	0	0	0	0	0	0	0	0	0	0	0	0	0	0	0	0	0	0	0	0	0	0	0	0	0	0	0	0	0	0	0	0	0	0	0	0	0	0	0	0	0	0	0	
0	0	0	0	0	0	0	0	0	0	0	0	0	0	0	0	0	0	0	0	0	0	0	0	0	0	0	0	0	0	0	0	0	0	0	0	0	0	0	0	0	0	0	0	48	0	0	0	0	0	0	0	0	0	0	0	0	0	0	0	0	0	0	0	0	0	0	0	0	0	0	0	0	0	0	0	0	0	0	0	0	0	0	0	0	0	0	0	0	0	48	0	0	0	0	48	0	0	0	0	
0	0	0	0	0	0	0	0	0	0	0	0	0	0	0	0	0	0	0	48	0	0	0	0	0	0	0	0	0	0	0	0	48	0	0	48	0	0	0	0	0	0	0	0	0	0	0	0	0	0	0	0	0	0	0	0	0	0	0	0	0	0	0	0	0	0	0	0	0	0	0	0	0	0	0	0	0	0	0	0	0	0	0	0	0	0	0	0	0	0	0	0	0	0	0	0	0	0	0	0	
0	0	0	0	0	0	0	0	0	0	0	0	0	0	0	0	0	0	0	0	0	0	0	0	0	0	0	0	0	0	0	0	0	0	0	0	0	0	0	0	0	0	0	0	0	0	0	0	0	0	0	0	0	0	0	0	0	0	0	0	0	0	0	0	0	0	0	0	0	0	0	0	0	0	0	0	0	0	0	0	0	0	0	0	48	0	0	48	0	0	0	48	0	0	0	0	0	0	0	0	
48	0	0	0	0	0	0	0	0	0	0	0	0	0	0	0	0	0	0	0	0	0	0	0	0	0	0	0	0	0	0	0	0	0	0	0	0	0	0	0	0	0	0	48	0	0	0	0	0	0	0	0	0	0	0	0	0	0	0	0	0	0	0	0	0	0	0	0	0	0	0	0	0	48	0	0	0	0	0	0	0	0	0	0	0	0	0	0	0	0	0	0	0	0	0	0	0	0	0	0	
0	0	0	0	0	48	0	0	0	0	0	0	0	0	0	0	0	0	0	0	0	0	0	0	0	0	0	0	0	0	0	0	0	0	0	0	0	0	0	0	0	0	0	0	0	0	0	0	0	0	0	0	0	0	0	0	0	0	0	0	0	0	0	0	0	0	48	0	0	0	0	0	0	0	48	0	0	0	0	0	0	0	0	0	0	0	0	0	0	0	0	0	0	0	0	0	0	0	0	0	
0	0	0	0	0	0	48	0	0	0	0	0	0	0	0	0	0	0	0	0	0	48	0	0	0	0	0	0	0	0	0	0	0	48	0	0	0	0	0	0	0	0	0	0	0	0	0	0	0	0	0	0	0	0	0	0	0	0	0	0	0	0	0	0	0	0	0	0	0	0	0	0	0	0	0	0	0	0	0	0	0	0	0	0	0	0	0	0	0	0	0	0	0	0	0	0	0	0	0	0	
0	0	0	0	48	0	0	0	0	0	0	0	0	0	0	0	0	0	0	0	0	0	0	48	0	0	0	0	0	0	0	0	0	0	0	0	0	0	0	0	0	0	0	0	0	0	0	0	0	0	0	0	0	0	0	0	0	0	0	0	0	48	0	0	0	0	0	0	0	0	0	0	0	0	0	0	0	0	0	0	0	0	0	0	0	0	0	0	0	0	0	0	0	0	0	0	0	0	0	0	
0	0	0	0	0	0	0	0	0	0	0	0	0	0	0	0	0	0	0	0	0	0	0	0	0	0	0	0	0	0	0	0	0	0	0	0	0	0	0	0	0	0	0	0	0	0	0	0	0	0	0	0	0	0	0	0	0	0	0	0	0	0	0	0	0	0	48	0	0	0	0	0	0	0	48	0	0	0	0	0	0	0	0	0	0	0	0	0	0	0	48	0	0	0	0	0	0	0	0	0	
0	0	0	0	0	0	0	0	0	0	0	0	0	0	0	0	0	0	0	0	0	0	0	0	0	0	0	0	0	0	0	0	0	0	0	0	0	0	0	0	0	0	0	0	0	0	0	0	0	0	0	0	0	0	0	0	0	0	0	0	0	0	0	0	0	0	0	0	0	0	0	0	0	0	0	0	0	0	0	0	0	0	0	0	0	0	0	0	0	0	0	0	0	48	0	0	0	48	0	48	
0	0	0	0	0	0	0	0	48	0	0	0	0	0	0	0	0	0	0	0	0	0	0	0	0	0	0	0	0	0	0	0	0	0	0	0	0	0	0	0	0	0	0	0	0	0	0	0	0	0	0	0	0	0	0	0	0	0	0	0	0	0	0	0	0	48	0	0	0	0	0	0	0	0	0	0	0	0	0	0	0	0	0	48	0	0	0	0	0	0	0	0	0	0	0	0	0	0	0	0	
0	0	0	0	0	0	0	0	0	0	0	0	0	0	0	0	0	0	0	0	0	0	0	0	0	0	0	0	0	48	0	0	0	0	0	0	0	0	0	0	0	0	0	0	0	0	0	0	0	0	0	0	0	0	0	0	0	0	0	0	0	0	0	48	0	0	0	0	0	0	0	0	0	0	0	0	0	0	0	48	0	0	0	0	0	0	0	0	0	0	0	0	0	0	0	0	0	0	0	0	
0	0	0	0	0	0	0	0	0	0	0	0	0	0	0	0	0	0	0	0	0	48	0	0	0	0	0	0	0	0	0	0	0	0	0	0	0	0	0	0	0	0	0	0	0	0	0	0	0	0	0	0	0	0	0	0	0	0	0	0	0	0	0	48	0	0	0	0	0	0	0	0	0	0	0	0	0	0	0	0	0	0	0	0	0	0	0	0	0	48	0	0	0	0	0	0	0	0	0	0	
0	0	0	0	0	0	0	48	0	0	0	0	0	0	0	0	0	0	0	0	0	0	0	0	48	0	0	0	0	0	0	48	0	0	0	0	0	0	0	0	0	0	0	0	0	0	0	0	0	0	0	0	0	0	0	0	0	0	0	0	0	0	0	0	0	0	0	0	0	0	0	0	0	0	0	0	0	0	0	0	0	0	0	0	0	0	0	0	0	0	0	0	0	0	0	0	0	0	0	0	
0	0	0	0	0	0	0	0	0	0	0	0	0	0	0	0	0	0	0	0	48	0	0	0	0	0	0	0	0	0	0	0	0	0	0	0	0	0	0	0	0	0	0	0	0	0	0	0	0	0	0	0	0	0	0	0	0	0	0	0	0	0	0	0	0	0	0	0	0	0	0	0	0	0	0	0	0	0	48	0	0	0	0	48	0	0	0	0	0	0	0	0	0	0	0	0	0	0	0	0	
0	0	0	0	48	0	0	0	0	0	0	0	0	0	0	0	0	0	0	0	0	0	0	0	0	0	0	48	0	0	0	0	0	0	0	0	0	0	0	0	0	0	0	0	0	0	0	0	0	0	0	0	0	48	0	0	0	0	0	0	0	0	0	0	0	0	0	0	0	0	0	0	0	0	0	0	0	0	0	0	0	0	0	0	0	0	0	0	0	0	0	0	0	0	0	0	0	0	0	0	
0	0	0	0	0	0	0	0	0	0	0	0	0	0	0	0	0	0	0	0	0	0	0	0	0	0	0	0	0	0	0	0	0	0	0	0	0	0	0	0	0	0	0	0	0	0	0	0	0	0	0	0	0	0	0	0	0	0	0	0	0	0	0	0	48	0	0	0	0	0	0	0	0	0	0	0	0	0	0	0	0	0	48	0	0	0	0	0	0	48	0	0	0	0	0	0	0	0	0	0	
0	0	0	0	0	0	0	0	0	0	0	0	0	0	0	0	0	0	0	0	0	0	0	0	0	0	0	0	0	0	0	0	0	0	0	0	0	0	0	0	0	0	0	0	0	0	0	0	0	0	0	0	0	0	0	0	0	48	48	0	0	0	0	0	48	0	0	0	0	0	0	0	0	0	0	0	0	0	0	0	0	0	0	0	0	0	0	0	0	0	0	0	0	0	0	0	0	0	0	0	
0	0	0	0	0	0	0	0	0	0	0	0	0	0	0	0	0	0	0	0	0	0	0	0	0	0	0	0	0	0	0	0	0	0	0	0	0	0	0	0	48	0	0	0	0	0	0	0	0	0	0	0	0	0	0	0	0	0	0	0	0	0	48	48	0	0	0	0	0	0	0	0	0	0	0	0	0	0	0	0	0	0	0	0	0	0	0	0	0	0	0	0	0	0	0	0	0	0	0	0	
0	0	0	0	0	0	0	0	48	0	0	0	0	0	0	0	0	0	0	0	48	0	0	0	0	0	0	0	0	0	0	0	0	0	0	0	0	0	0	0	0	0	0	0	0	0	0	0	0	0	0	0	0	0	0	0	48	0	0	0	0	0	0	0	0	0	0	0	0	0	0	0	0	0	0	0	0	0	0	0	0	0	0	0	0	0	0	0	0	0	0	0	0	0	0	0	0	0	0	0	
0	0	0	0	0	0	0	0	0	0	0	0	0	0	0	0	0	0	0	0	0	0	0	0	0	0	0	0	0	0	0	0	0	0	0	0	0	0	0	0	0	0	0	0	0	0	0	0	0	0	0	48	0	0	48	0	0	0	0	0	0	0	0	0	0	0	0	0	0	0	0	0	48	0	0	0	0	0	0	0	0	0	0	0	0	0	0	0	0	0	0	0	0	0	0	0	0	0	0	0	
48	0	0	0	0	0	0	0	0	0	0	0	48	0	0	0	0	0	0	0	0	0	0	0	0	48	0	0	0	0	0	0	0	0	0	0	0	0	0	0	0	0	0	0	0	0	0	0	0	0	0	0	0	0	0	0	0	0	0	0	0	0	0	0	0	0	0	0	0	0	0	0	0	0	0	0	0	0	0	0	0	0	0	0	0	0	0	0	0	0	0	0	0	0	0	0	0	0	0	0	
0	0	0	0	0	0	0	0	0	0	0	0	0	0	0	0	0	0	0	0	0	0	0	0	0	0	0	0	0	0	0	0	0	0	0	0	0	0	0	0	0	0	0	0	0	0	0	0	0	0	0	0	0	0	0	0	0	0	0	0	0	0	0	0	0	0	0	0	0	0	0	0	0	0	0	0	0	0	0	48	0	48	0	0	0	0	0	48	0	0	0	0	0	0	0	0	0	0	0	0	
0	0	0	0	0	0	0	0	0	0	0	0	0	0	0	0	0	0	0	0	0	0	0	0	0	0	0	0	0	0	0	0	0	0	0	0	0	0	0	0	0	0	0	0	0	0	0	0	0	0	0	0	0	0	0	0	0	0	0	0	0	0	0	0	0	0	0	0	0	0	48	0	0	0	0	0	0	0	0	0	0	48	48	0	0	0	0	0	0	0	0	0	0	0	0	0	0	0	0	0	
0	0	0	0	0	0	0	0	0	0	0	0	0	0	0	0	0	0	0	0	0	0	0	0	0	48	0	0	0	0	0	0	0	0	0	0	0	0	0	0	0	48	0	0	0	0	0	0	0	0	0	0	0	0	0	0	0	0	0	0	0	0	0	0	0	0	0	0	0	48	0	0	0	0	0	0	0	0	0	0	0	0	0	0	0	0	0	0	0	0	0	0	0	0	0	0	0	0	0	0	
0	0	0	0	0	0	0	0	0	0	0	48	0	0	0	0	0	0	0	0	0	0	0	0	0	0	0	0	0	0	0	0	0	0	0	0	48	0	0	0	0	0	0	0	0	0	0	0	0	0	0	0	0	0	0	0	0	0	0	0	0	0	0	0	0	0	0	0	0	0	0	0	0	0	0	0	0	0	0	0	0	0	0	0	0	0	0	0	0	0	0	0	0	0	0	0	0	48	0	0	
0	0	0	0	0	48	0	0	0	0	0	0	0	0	0	0	0	0	0	0	0	0	0	0	0	0	0	0	0	0	0	0	0	0	0	0	0	0	0	48	0	0	0	0	0	0	0	0	0	0	0	0	0	0	0	0	0	0	0	0	0	0	0	0	0	0	48	0	0	0	0	0	0	0	0	0	0	0	0	0	0	0	0	0	0	0	0	0	0	0	0	0	0	0	0	0	0	0	0	0	
0	48	0	0	0	0	0	0	0	0	0	0	0	0	0	0	0	0	0	0	0	0	0	0	0	0	0	0	0	0	0	0	0	0	0	0	0	0	0	0	0	0	0	0	0	0	0	0	0	0	48	0	0	0	0	0	0	0	0	0	0	0	0	0	0	0	0	0	0	0	0	0	0	0	0	0	0	0	0	0	0	0	0	48	0	0	0	0	0	0	0	0	0	0	0	0	0	0	0	0	
0	0	0	0	0	48	0	0	0	0	0	0	0	0	0	0	0	0	0	0	0	0	0	0	0	0	0	0	0	0	0	0	0	0	0	0	0	0	0	0	0	0	0	0	0	0	0	0	0	0	0	48	0	0	48	0	0	0	0	0	0	0	0	0	0	0	0	0	0	0	0	0	0	0	0	0	0	0	0	0	0	0	0	0	0	0	0	0	0	0	0	0	0	0	0	0	0	0	0	0	
0	0	48	0	0	0	0	0	0	0	0	0	0	0	0	0	0	0	0	0	0	0	0	0	0	0	48	0	0	0	48	0	0	0	0	0	0	0	0	0	0	0	0	0	0	0	0	0	0	0	0	0	0	0	0	0	0	0	0	0	0	0	0	0	0	0	0	0	0	0	0	0	0	0	0	0	0	0	0	0	0	0	0	0	0	0	0	0	0	0	0	0	0	0	0	0	0	0	0	0	
0	0	0	0	0	0	0	0	0	0	0	0	0	0	0	0	0	0	0	0	0	0	0	0	0	0	0	0	0	0	0	0	0	0	0	0	0	0	0	0	0	0	0	0	0	0	0	0	0	0	0	0	0	0	0	0	0	0	0	0	0	0	0	0	0	0	0	0	0	0	0	0	0	0	0	0	0	48	0	0	0	0	0	0	0	0	48	0	0	0	0	0	0	0	0	0	0	0	48	0	
0	0	0	0	0	0	0	0	0	0	0	0	0	0	0	0	0	0	48	0	0	0	0	0	0	0	0	0	0	0	0	0	0	0	0	0	0	0	0	0	0	0	48	0	0	0	0	0	0	0	0	0	0	0	0	0	0	0	0	0	0	0	0	0	0	0	0	0	0	0	0	0	0	0	0	0	48	0	0	0	0	0	0	0	0	0	0	0	0	0	0	0	0	0	0	0	0	0	0	0	
0	0	0	0	0	0	0	0	0	0	0	0	0	0	0	0	0	0	0	0	0	0	0	0	0	0	0	0	0	0	0	0	0	0	0	0	0	0	0	0	0	0	0	0	0	0	0	0	0	0	0	0	0	0	0	0	0	0	0	0	48	0	0	0	0	0	0	0	0	0	0	0	0	0	0	0	0	0	0	0	0	0	0	0	0	0	0	0	0	0	0	0	48	0	0	0	0	0	48	0	
0	0	0	0	0	0	0	0	0	0	0	0	0	0	0	0	0	0	0	0	0	0	0	0	0	0	0	0	0	48	0	0	0	0	0	0	0	0	0	0	0	0	0	0	0	0	0	0	0	0	0	0	0	0	0	0	0	48	0	0	0	0	0	0	0	0	0	0	48	0	0	0	0	0	0	0	0	0	0	0	0	0	0	0	0	0	0	0	0	0	0	0	0	0	0	0	0	0	0	0	
0	0	0	0	0	0	0	0	0	0	0	0	0	0	0	48	0	0	0	0	0	0	0	0	0	0	0	0	0	0	48	0	0	0	0	0	0	0	0	0	48	0	0	0	0	0	0	0	0	0	0	0	0	0	0	0	0	0	0	0	0	0	0	0	0	0	0	0	0	0	0	0	0	0	0	0	0	0	0	0	0	0	0	0	0	0	0	0	0	0	0	0	0	0	0	0	0	0	0	0	
0	0	0	0	0	0	0	0	0	0	0	0	0	0	0	0	0	0	0	0	0	0	0	0	0	0	0	0	0	0	0	0	0	0	0	0	0	0	0	0	0	48	0	0	0	0	0	0	0	0	0	0	0	0	0	0	0	0	0	0	0	0	0	0	0	0	0	0	48	48	0	0	0	0	0	0	0	0	0	0	0	0	0	0	0	0	0	0	0	0	0	0	0	0	0	0	0	0	0	0	
0	0	48	0	0	0	0	0	0	0	0	0	0	0	0	0	0	0	0	0	0	0	0	0	0	0	0	0	0	0	0	0	0	0	0	0	0	0	0	0	0	0	0	0	0	0	0	0	0	0	0	0	0	0	0	0	0	0	0	0	0	0	48	0	0	0	0	0	0	48	0	0	0	0	0	0	0	0	0	0	0	0	0	0	0	0	0	0	0	0	0	0	0	0	0	0	0	0	0	0	
0	0	0	0	0	0	0	0	0	0	0	0	0	0	0	0	0	0	0	0	0	0	0	0	0	0	0	0	0	0	0	0	0	0	0	0	0	0	0	0	0	0	0	0	0	0	0	0	0	0	0	0	0	0	0	0	48	0	0	0	48	0	0	0	0	0	0	0	0	0	0	0	0	48	0	0	0	0	0	0	0	0	0	0	0	0	0	0	0	0	0	0	0	0	0	0	0	0	0	0	
0	0	0	0	0	0	0	0	0	0	0	0	0	0	0	0	0	0	0	0	0	0	0	0	0	0	0	0	0	0	0	48	0	0	0	0	0	48	0	0	0	0	0	0	0	0	0	0	0	48	0	0	0	0	0	0	0	0	0	0	0	0	0	0	0	0	0	0	0	0	0	0	0	0	0	0	0	0	0	0	0	0	0	0	0	0	0	0	0	0	0	0	0	0	0	0	0	0	0	0	
0	0	0	48	0	0	0	0	0	0	0	0	0	0	0	0	48	48	0	0	0	0	0	0	0	0	0	0	0	0	0	0	0	0	0	0	0	0	0	0	0	0	0	0	0	0	0	0	0	0	0	0	0	0	0	0	0	0	0	0	0	0	0	0	0	0	0	0	0	0	0	0	0	0	0	0	0	0	0	0	0	0	0	0	0	0	0	0	0	0	0	0	0	0	0	0	0	0	0	0	
0	0	0	0	0	0	0	0	0	0	0	0	0	0	0	0	0	0	0	48	0	0	0	0	0	0	0	0	0	0	0	0	0	0	48	0	0	0	0	0	0	0	0	0	0	0	0	0	0	0	0	0	0	0	0	0	0	0	0	0	0	0	0	0	0	0	0	0	0	0	0	0	0	0	0	0	48	0	0	0	0	0	0	0	0	0	0	0	0	0	0	0	0	0	0	0	0	0	0	0	
0	0	0	0	0	0	0	0	0	0	0	0	0	0	0	0	0	0	0	0	0	0	0	0	0	0	0	0	0	0	0	0	0	0	0	0	0	0	0	0	0	0	0	0	0	0	0	0	0	48	0	0	0	0	0	0	0	0	0	0	0	0	0	0	0	0	0	0	48	0	0	0	0	0	0	0	0	0	0	0	0	0	0	0	0	0	0	0	0	0	0	0	0	0	48	0	0	0	0	0	
0	0	0	0	0	0	0	0	0	0	0	0	0	0	0	0	0	0	0	0	0	0	48	0	0	0	0	0	0	0	0	0	0	0	0	0	0	0	0	0	0	0	0	0	0	0	0	0	0	0	0	0	0	0	0	0	0	0	0	0	0	0	0	0	0	0	0	0	0	0	0	0	0	0	0	0	0	0	0	0	0	0	0	0	0	0	0	0	0	0	0	0	0	48	0	0	48	0	0	0	
0	0	0	0	0	0	0	0	0	0	0	0	0	0	0	0	0	0	0	0	0	48	0	0	0	0	0	0	0	0	0	0	0	0	0	0	0	0	0	0	0	0	0	0	0	0	0	0	0	0	0	0	0	0	0	0	0	0	48	0	0	0	48	0	0	0	0	0	0	0	0	0	0	0	0	0	0	0	0	0	0	0	0	0	0	0	0	0	0	0	0	0	0	0	0	0	0	0	0	0	
0	0	0	0	0	0	0	0	0	0	0	0	0	0	0	0	0	0	0	0	0	0	0	0	0	0	0	0	0	0	0	0	0	0	0	0	0	0	0	0	0	0	0	0	48	0	0	48	0	0	0	0	0	0	48	0	0	0	0	0	0	0	0	0	0	0	0	0	0	0	0	0	0	0	0	0	0	0	0	0	0	0	0	0	0	0	0	0	0	0	0	0	0	0	0	0	0	0	0	0	
0	0	0	0	0	0	0	0	0	0	0	0	0	0	0	48	0	0	0	0	0	0	0	0	0	0	0	0	0	48	0	0	0	0	0	0	0	0	0	0	0	0	0	0	0	0	0	0	0	48	0	0	0	0	0	0	0	0	0	0	0	0	0	0	0	0	0	0	0	0	0	0	0	0	0	0	0	0	0	0	0	0	0	0	0	0	0	0	0	0	0	0	0	0	0	0	0	0	0	0	
0	0	0	0	0	0	0	0	0	0	0	0	0	0	0	0	48	0	0	0	0	0	0	0	0	0	0	0	0	0	0	0	0	0	0	0	0	0	0	0	0	0	0	48	0	0	0	0	0	0	0	0	0	0	0	0	0	0	0	0	0	0	0	0	0	0	0	0	0	0	0	0	0	0	0	0	0	0	48	0	0	0	0	0	0	0	0	0	0	0	0	0	0	0	0	0	0	0	0	0	
0	0	0	0	0	0	0	0	0	0	0	0	0	0	0	0	0	0	0	0	0	0	0	0	0	0	0	0	0	0	0	0	0	0	0	0	0	0	0	0	0	0	0	0	0	0	0	0	0	0	0	0	0	0	0	48	0	0	0	0	0	0	0	0	0	0	0	0	0	0	0	0	0	0	0	0	0	0	0	0	0	0	0	0	0	0	0	0	48	0	0	0	0	0	0	0	0	48	0	0	
0	0	0	0	0	0	0	0	0	0	0	0	0	0	0	0	0	0	0	48	0	0	0	0	0	0	0	0	0	0	0	0	0	0	48	0	0	0	0	0	0	0	0	0	0	0	0	0	0	0	0	0	0	0	0	0	0	0	0	0	0	0	0	0	0	0	0	0	0	0	0	0	0	0	0	0	0	0	0	0	0	0	0	0	0	0	0	48	0	0	0	0	0	0	0	0	0	0	0	0	
0	0	0	0	0	0	48	0	0	0	0	0	0	0	0	0	0	0	0	0	0	0	0	0	0	0	0	0	0	0	0	0	0	0	0	0	0	0	0	0	0	0	0	0	48	0	0	48	0	0	0	0	0	0	0	0	0	0	0	0	0	0	0	0	0	0	0	0	0	0	0	0	0	0	0	0	0	0	0	0	0	0	0	0	0	0	0	0	0	0	0	0	0	0	0	0	0	0	0	0	
0	0	0	0	0	0	0	0	0	0	0	0	0	0	0	0	0	0	0	0	0	0	48	0	0	0	0	0	0	0	0	0	0	0	0	0	0	0	0	0	0	0	0	0	0	0	0	0	0	0	0	0	0	0	0	0	0	0	0	0	0	0	0	0	0	0	0	0	0	0	0	0	0	0	0	0	0	0	0	0	0	0	0	0	0	0	0	0	48	0	0	0	0	0	0	0	0	0	48	0	
0	0	0	0	0	0	0	0	0	0	0	0	0	0	0	0	0	0	0	0	0	0	0	0	0	0	0	0	0	0	0	0	0	0	0	0	0	0	0	0	0	0	0	0	0	0	0	0	0	0	0	0	0	0	0	48	0	0	0	0	0	0	0	0	0	0	0	0	0	0	0	48	0	0	0	0	0	0	0	0	0	0	0	0	0	0	0	0	0	0	0	0	0	48	0	0	0	0	0	0	
0	0	0	0	0	0	0	0	0	0	0	0	0	0	0	0	0	0	0	0	0	0	0	0	0	0	0	0	0	0	0	0	0	0	0	0	0	0	0	0	0	0	0	0	0	0	0	0	0	0	0	0	0	0	0	0	0	0	0	0	0	0	0	0	0	0	0	0	0	0	0	0	0	0	0	0	48	0	48	0	0	0	0	0	0	0	0	0	0	0	0	0	0	0	0	0	48	0	0	0	
0	0	0	0	0	0	0	0	0	0	0	48	0	0	0	0	0	0	0	0	0	0	0	0	0	0	0	0	0	0	0	0	0	0	0	0	48	0	0	0	0	0	0	0	0	0	0	0	0	0	0	0	0	0	0	48	0	0	0	0	0	0	0	0	0	0	0	0	0	0	0	0	0	0	0	0	0	0	0	0	0	0	0	0	0	0	0	0	0	0	0	0	0	0	0	0	0	0	0	0	
95	65	52	21	79	52	90	74	86	97	95	25	72	73	20	53	26	19	34	46	70	34	34	9	10	37	45	21	77	9	21	53	43	31	18	22	0	19	45	36	58	4	15	8	42	41	85	31	84	92	5	99	98	38	62	41	24	56	95	9	77	99	4	88	87	12	34	39	22	71	14	52	89	3	77	84	54	23	69	74	53	26	89	26	36	51	16	82	12	72	74	41	33	38	16	63	37	54	7	26	57	93	64	94	73	75	41	5	55	47	1	10	7	96	3	57	51	93	39	68	0	5	58	18	43	10	65	84	52	41	45	18	0	35	72	65	38	73	81	7	37	63	27	8	6	56	54	93	3	15	75	32	13	39	23	45	29	99	95	17	91	93	60	82	77	50	12	65	7	47	74	57	60	57	89	2	10	88	17	70	21	3	31	76	48	25	81	52	52	93	82	64	16	94	60	56	83	22	29	29	78	50	65	57	83	79	97	61	11	78	74	56	63	40	53	61	74	67	53	86	24	35	41	93	94	93	85	67	37	62	23	52	74	28	60	15	91	23	92	43	63	64	8	34	56	85	51	33	88	90	7	20	18	53	80	50	21	49	77	34	4	86	75	82	14	54	84	12	38	17	60	82	77	11	14	99	14	79	28	13	92	34	74	25	45	18	21	31	17	34	54	0	3	36	15	22	94	69	48	86	24	18	82	56	54	53	89	24	61	37	35	83	45	17	68	58	17	48	89	16	14	53	28	5	49	75	41	43	10	84	69	22	19	2	41	64	64	24	26	20	60	28	42	67	78	63	5	97	8	78	36	23	54	54	48	67	66	96	50	93	33	65	68	35	12	74	14	25	91	84	45	57	56	96	94	15	44	41	26	10	34	5	64	64	50	58	83	18	21	98	91	52	59	60	98	68	71	27	64	3	65	71	10	45	69	37	2	40	77	18	56	76	59	7	86	60	38	37	56	94	40	30	83	98	74	5	25	43	4	33	54	3	5	6	35	34	33	26	29	51	36	47	5	74	19	33	8	9	26	69	45	38	16	82	45	46	99	42	32	65	21	12	51	79	81	27	83	95	63	63	52	33	18	15	38	86	39	27	8	20	93	10	6	28	96	91	18	4	85	54	26	93	63	19	60	15	35	42	18	90	77	82	99	88	2	64	73	58	67	27	25	77	32	96	17	3	73	88	29	33	65	78	22	92	76	17	10	59	62	58	91	78	81	66	33	0	95	79	73	18	26	8	73	63	30	67	89	25	79	30	30	64	33	46	51	51	28	81	16	36	91	87	48	48	75	0	0	19	3	42	10	2	84	57	1	0	78	45	44	93	76	66	37	45	3	37	45	68	49	26	77	75	89	40	42	15	19	95	47	1	93	98	26	35	8	68	77	4	90	14	2	50	9	92	90	20	19	40	69	74	81	4	33	62	82	34	58	41	60	4	30	71	60	11	58	16	48	55	92	85	97	28	33	21	86	14	82	23	10	91	62	48	2	64	89	11	43	75	22	56	54	82	17	34	29	51	96	3	0	18	53	23	30	95	30	71	28	4	66	47	56	33	75	94	31	79	32	30	40	17	20	57	42	74	99	99	99	29	38	95	28	50	91	20	28	34	42	66	45	47	66	35	48	48	82	36	64	23	60	28	15	58	63	55	68	19	84	62	72	82	89	72	6	76	56	63	95	87	71	23	7	93	30	98	49	5	72	58	73	34	58	3	28	23	42	48	96	22	5	13	45	92	96	67	58	13	13	36	16	15	36	60	33	92	71	52	0	62	95	14	30	81	36	45	32	60	37	24	7	84	53	71	16	84	39	47	16	57	43	17	16	42	67	54	47	65	23	49	96	70	55	95	52	67	66	81	81	30	55	63	0	3	67	19	81	54	37	55	36	55	47	19	95	23	29	17	31	27	77	44	36	9	34	69	39	68	78	85	58	56	59	50	34	31	98	61	11	79	65	65	46	23	57	69	12	91	31	73	58	16	57	84	41	61	30	24	27	82	43	92	32	82	60	33	32	34	63	61	85	43	89	51	58	31	86	93	28	80	93	11	38	10	86	24	49	9	74	78	36	52	10	61	86	47	61	22	59	50	61	17	13	91	19	13	98	25	17	54	59	67	67	8	6	78	26	11	90	46	92	47	19	55	50	65	20	29	34	76	95	75	1	7	1	67	22	4	65	58	20	31	0	29	31	89	18	3	14	21	45	67	67	54	31	42	87	50	18	83	78	52	20	19	55	68	88	53	75	52	47	47	22	18	94	48	33	98	68	46	6	92	90	94	72	41	58	35	58	67	73	17	20	20	25	62	61	33	30	63	98	90	19	34	72	10	56	57	27	94	97	3	90	52	20	3	71	23	5	93	26	14	45	19	71	15	57	22	72	89	12	79	69	62	44	5	91	73	60	60	65	0	47	73	23	42	16	39	66	99	34	90	35	9	8	72	83	29	45	54	62	87	60	67	26	7	97	18	70	8	7	80	41	45	86	32	34	12	9	33	4	63	42	19	93	1	37	12	33	19	50	58	91	50	15	88	91	9	18	39	22	38	93	68	40	85	6	89	33	38	40	24	66	95	16	9	63	7	0	88	61	26	57	70	38	69	32	35	95	77	17	65	72	74	51	61	73	80	32	98	48	12	47	34	69	84	48	45	92	28	67	15	28	27	90	15	40	27	24	86	33	13	5	70	29	29	35	45	42	96	40	34	80	99	6	36	87	83	94	61	68	28	62	7	51	76	83	37	69	41	36	54	16	41	69	96	15	48	94	98	16	6	35	22	69	56	46	45	97	81	35	92	30	77	47	0	9	45	75	22	43	58	55	35	37	84	3	54	42	44	50	59	93	7	39	63	90	66	75	45	69	87	63	89	92	87	49	92	55	90	74	98	54	2	61	78	14	7	20	0	69	92	64	56	83	55	49	97	27	65	29	32	56	22	68	40	58	12	98	92	82	68	84	79	40	0	32	35	97	25	35	34	99	52	44	8	60	9	50	15	34	57	63	97	21	34	56	8	43	52	79	34	8	58	67	89	20	73	0	54	83	99	93	95	91	17	36	31	27	27	8	67	78	10	95	95	33	82	25	29	8	10	58	14	35	72	63	57	22	18	90	80	38	68	99	65	46	53	55	69	62	72	92	38	71	85	2	47	61	32	66	58	18	84	80	99	10	28	38	52	30	50	24	19	94	86	6	83	51	91	55	80	72	12	1	28	7	43	36	96	3	50	7	38	46	6	54	75	75	99	62	17	8	89	82	66	92	7	54	79	39	88	78	22	87	21	48	73	69	56	98	27	90	83	46	9	71	95	14	51	32	12	32	94	0	65	47	9	9	24	13	28	26	3	46	19	21	81	35	92	92	24	34	71	34	75	38	35	67	22	39	47	62	69	69	25	40	92	80	8	17	74	60	88	74	54	92	63	52	96	53	15	66	23	73	94	38	79	75	19	70	77	71	66	65	94	99	80	83	94	22	73	12	25	66	7	99	25	4	82	13	39	90	78	46	24	43	8	15	51	39	49	5	22	52	84	32	17	29	91	34	20	33	86	78	70	11	42	87	11	55	44	68	72	73	1	93	97	0	38	58	60	0	65	31	26	56	75	54	98	1	86	9	89	15	1	82	39	70	98	14	23	7	28	84	14	39	80	75	62	94	95	96	4	88	11	10	56	24	78	27	50	47	79	96	69	38	27	83	94	21	35	88	30	85	72	65	91	74	40	9	18	85	60	18	46	54	84	36	27	52	39	72	94	89	78	86	50	90	11	69	52	93	85	75	12	36	98	6	27	48	58	99	58	69	72	16	12	35	27	16	26	23	87	95	80	30	29	1	37	11	26	75	49	60	1	0	92	26	19	14	39	1	0	87	18	13	20	10	52	0	56	55	3	0	12	79	44	74	45	35	49	41	47	76	63	96	12	42	27	1	53	15	43	67	55	3	78	24	63	10	63	31	77	22	40	88	82	31	8	55	73	65	62	30	75	29	6	18	37	27	4	38	4	39	10	59	13	32	15	48	77	29	92	1	3	39	89	57	52	20	40	30	82	33	16	69	72	29	4	65	1	56	48	16	83	21	68	60	6	41	14	57	90	77	93	0	12	29	48	90	64	5	69	82	65	76	56	52	97	2	89	9	1	33	16	54	67	12	8	73	24	70	12	74	43	42	87	12	80	57	46	95	80	56	3	34	19	87	83	42	85	84	89	54	67	88	20	75	9	79	29	89	44	43	80	46	8	33	52	9	46	43	68	12	98	35	42	10	72	77	12	75	6	20	30	90	80	6	86	33	76	84	28	33	11	55	0	86	92	33	58	69	2	46	25	92	5	45	42	63	58	18	26	93	42	86	84	62	6	38	72	57	85	73	28	15	13	23	7	15	72	28	98	94	75	61	51	8	33	33	16	58	68	19	56	95	67	83	17	66	27	92	34	10	31	3	84	78	77	20	70	86	27	66	12	94	75	33	12	42	48	15	7	83	85	49	39	65	45	64	46	40	81	22	44	14	15	1	42	50	40	41	96	58	51	5	47	54	46	29	85	1	21	49	77	81	36	20	61	70	18	37	20	86	93	42	18	56	15	79	11	98	13	13	3	15	32	16	2	56	67	67	60	58	29	78	57	6	99	85	44	66	38	70	61	1	54	86	57	75	92	2	20	83	78	81	31	36	42	77	19	89	6	54	35	79	67	0	12	33	85	49	12	50	28	51	64	24	36	49	23	36	80	85	14	51	79	63	46	30	22	41	54	11	72	26	92	28	71	68	77	30	90	78	38	11	80	88	82	68	3	60	42	93	87	77	33	45	52	6	31	96	13	20	89	79	46	50	6	85	18	33	18	94	72	7	92	90	90	89	11	80	23	63	13	78	72	12	59	50	2	71	17	29	48	36	36	81	25	30	86	44	8	80	48	66	68	19	19	99	42	28	42	78	8	38	90	47	90	41	77	70	59	53	29	28	35	77	0	60	10	28	42	21	55	7	93	90	85	33	23	78	3	8	24	91	27	5	77	19	95	26	99	95	4	81	67	65	68	10	69	86	51	46	97	67	50	42	81	51	19	59	39	71	44	89	1	61	60	6	21	64	87	69	33	41	87	67	98	70	82	75	50	36	92	40	45	61	86	91	88	85	20	34	59	40	72	77	62	71	58	27	13	67	48	85	96	88	22	83	64	81	0	93	9	65	81	11	55	47	99	79	57	7	3	42	80	65	46	84	32	50	96	71	38	61	16	34	81	64	4	91	93	57	64	71	13	64	10	66	98	7	83	4	77	29	23	36	86	85	13	18	53	84	28	59	28	50	26	99	18	53	93	11	35	0	62	7	5	92	11	47	30	75	29	28	67	47	51	89	5	48	42	80	38	44	62	42	41	12	56	93	66	79	67	71	73	0	88	8	26	31	39	51	24	8	13	17	27	90	87	8	73	2	56	67	22	7	17	41	77	4	44	76	53	74	61	16	98	93	12	75	13	61	96	82	71	69	7	91	91	62	1	34	8	99	95	87	89	65	68	64	1	33	97	70	83	11	81	86	51	15	99	37	8	98	2	16	7	22	53	80	76	60	68	20	17	25	57	31	56	47	99	28	60	6	21	42	68	89	36	51	26	28	51	98	1	3	48	99	46	99	11	7	35	53	88	37	84	22	4	80	84	59	17	39	4	81	46	50	13	25	32	49	17	32	7	93	57	46	70	66	46	41	12	43	18	78	18	77	62	48	10	41	43	4	75	43	74	80	43	99	35	64	26	14	1	24	55	43	10	51	74	16	82	90	30	9	58	6	63	52	39	90	75	95	55	36	57	85	86	45	83	51	69	33	51	51	13	32	70	78	5	42	96	53	90	4	11	70	66	32	37	46	12	93	71	17	20	15	69	42	25	78	76	94	87	16	91	98	78	26	95	69	48	19	98	55	39	81	81	13	53	56	62	74	40	91	66	99	91	78	59	46	54	86	27	69	40	0	55	37	55	37	96	77	77	94	42	90	79	3	16	62	90	75	70	28	27	79	34	79	15	97	16	34	60	60	56	33	73	59	25	49	63	18	40	71	14	4	60	16	26	96	87	64	74	90	88	45	88	62	50	67	48	18	9	64	23	17	90	77	44	29	67	31	91	27	72	34	48	35	43	7	68	16	38	0	28	14	7	25	78	88	41	91	44	1	97	76	87	7	14	3	10	38	3	10	3	16	27	96	41	75	41	23	30	98	64	85	17	12	73	48	69	67	48	61	30	67	11	45	29	24	77	53	32	31	79	56	84	88	9	74	44	70	58	91	85	62	41	30	94	81	59	93	26	43	50	71	14	0	95	70	62	49	1	97	34	0	33	83	27	0	65	74	37	15	46	55	96	50	85	89	97	68	0	30	44	22	75	18	78	59	82	92	28	75	93	25	26	47	97	47	92	91	19	83	82	22	70	70	32	9	92	68	37	50	61	18	9	13	50	11	64	9	54	48	5	12	59	35	78	49	20	92	53	21	45	5	5	46	87	89	23	54	89	57	66	32	5	38	48	11	25	74	24	53	4	18	65	27	88	20	89	40	72	82	1	41	99	69	49	41	55	80	13	61	74	31	21	83	40	70	45	36	15	5	77	72	78	23	65	3	55	25	32	48	43	30	78	2	33	61	50	10	45	66	38	40	5	36	26	52	92	59	40	94	22	87	26	31	81	74	82	10	2	32	91	10	43	42	74	53	31	5	55	20	12	15	88	56	97	83	60	98	47	6	67	95	16	30	85	12	69	86	89	98	27	32	27	39	56	39	93	70	57	14	99	45	54	43	3	69	29	33	60	50	16	32	70	80	12	90	21	81	25	1	46	34	43	95	79	96	29	31	88	80	87	41	48	2	51	47	30	83	82	44	61	38	72	56	45	67	54	22	52	38	2	59	8	62	47	10	0	4	16	79	10	24	14	87	17	30	67	67	54	9	29	32	2	43	53	12	52	95	47	76	67	63	18	46	78	73	39	72	27	38	50	58	6	54	84	97	50	94	74	79	97	11	71	1	36	4	87	93	13	33	69	44	16	15	70	59	54	92	25	99	21	9	21	92	85	83	96	28	43	73	90	58	86	60	92	72	32	31	86	54	79	43	47	62	30	9	82	63	67	53	26	33	38	81	16	12	9	28	60	73	91	65	22	40	26	43	85	17	89	58	97	86	92	29	56	45	21	61	69	86	29	39	64	82	65	69	79	11	71	89	98	84	75	36	49	4	76	88	14	25	19	99	10	9	91	13	93	91	88	7	96	15	74	20	16	62	25	6	28	17	47	1	37	39	27	50	23	99	85	4	37	36	52	19	63	68	13	17	84	70	37	5	6	99	50	4	56	96	97	65	3	45	33	10	34	19	48	52	30	60	22	83	18	18	81	13	51	43	68	7	50	83	10	94	75	90	76	33	54	12	25	42	82	39	52	52	98	98	21	57	60	80	67	52	4	39	80	58	19	85	47	83	18	69	83	10	10	97	70	3	58	46	34	65	36	21	8	63	13	82	9	91	89	20	96	90	54	82	36	45	2	89	13	11	90	6	66	76	73	38	32	42	65	70	85	15	12	7	39	9	87	73	59	10	94	74	2	46	43	12	49	2	78	57	12	74	98	7	93	73	81	81	5	16	24	63	13	15	36	86	43	45	2	56	33	95	91	98	93	27	67	6	70	24	2	20	99	16	80	73	77	1	77	52	20	33	86	26	54	60	17	25	28	24	36	53	57	97	98	21	47	70	90	62	35	21	75	7	42	30	91	22	20	5	89	97	96	82	2	22	60	5	73	35	66	77	30	15	90	63	68	60	86	44	92	33	55	76	74	89	95	7	50	21	50	88	26	3	31	49	44	6	50	97	55	56	23	82	
43	27	15	73	36	20	13	12	20	61	10	9	91	47	75	81	8	44	5	74	13	52	99	39	33	11	84	73	39	47	80	68	77	33	20	58	37	79	10	3	2	45	19	54	58	16	43	78	83	94	36	90	36	91	7	49	4	60	8	52	79	95	41	2	98	16	10	95	70	12	29	87	71	29	70	92	9	95	3	11	14	59	21	21	4	15	36	79	20	99	77	81	44	80	83	58	35	32	97	37	59	55	4	72	14	6	18	44	28	99	12	45	21	62	86	90	36	36	25	94	1	2	96	87	21	14	10	62	77	93	84	12	90	82	8	89	82	56	67	36	68	75	9	44	26	49	4	55	22	98	44	54	35	19	35	98	96	77	26	11	9	42	9	52	82	6	9	68	94	91	21	65	17	69	96	68	16	65	11	50	44	12	64	23	74	24	64	78	24	13	3	2	53	93	74	49	91	40	80	68	8	55	84	59	95	91	11	81	43	22	11	33	28	60	49	19	61	42	79	70	54	97	70	52	34	73	75	54	64	7	36	79	35	96	64	3	52	73	58	41	74	27	11	2	28	39	86	64	92	34	10	51	35	61	67	21	33	33	58	66	81	79	77	36	70	88	10	81	60	64	83	65	6	99	1	77	7	48	9	9	61	4	89	99	60	63	56	7	3	20	57	3	4	95	28	62	80	61	95	1	19	78	29	64	75	86	49	99	68	40	23	47	99	26	44	24	59	40	92	60	52	55	93	79	53	96	63	23	82	92	23	53	87	17	43	98	86	70	19	38	21	54	92	46	91	25	88	69	74	64	0	73	39	0	95	22	86	78	40	91	2	16	64	46	27	69	83	56	41	96	6	33	14	17	19	91	66	3	13	63	71	10	85	52	78	69	28	14	17	82	39	14	4	82	6	18	80	93	68	77	99	1	44	5	61	74	0	64	75	98	36	94	54	70	59	43	44	58	36	2	53	36	97	27	79	8	28	3	42	40	95	7	79	20	54	72	35	31	56	18	84	88	45	60	94	30	13	89	93	36	69	83	20	57	29	60	49	31	47	75	8	70	28	28	50	53	5	24	7	7	38	15	21	16	42	52	28	15	69	23	31	95	1	20	77	99	69	92	14	97	33	58	85	32	17	92	48	65	82	44	98	60	60	34	78	30	47	57	50	90	94	91	29	28	51	6	61	53	26	7	48	45	62	51	78	75	99	57	33	78	15	28	42	88	47	28	97	10	60	39	95	32	39	29	90	8	57	39	67	39	96	62	50	43	14	75	92	9	87	50	76	39	33	99	88	78	64	96	92	65	76	26	45	19	58	33	93	59	76	98	11	70	46	59	84	93	85	96	93	78	11	49	23	91	76	6	46	85	42	30	51	58	87	23	18	61	18	83	56	36	13	14	8	45	91	57	71	37	72	91	77	17	30	0	53	61	85	69	76	11	12	50	41	50	96	93	38	75	83	10	27	60	96	36	79	61	40	12	53	83	80	85	85	55	33	62	45	14	38	26	62	71	56	83	24	91	77	84	77	25	79	96	49	22	39	46	39	96	18	64	10	52	4	2	70	39	87	3	33	78	5	42	35	46	28	60	22	14	45	47	92	55	5	56	59	20	71	11	3	72	4	30	37	41	31	78	32	46	10	79	69	88	56	47	99	16	48	82	32	95	8	25	88	26	28	92	28	98	30	21	55	16	99	95	89	77	7	67	31	17	15	52	14	14	44	0	95	14	68	74	36	58	44	25	70	68	54	89	13	38	61	25	67	46	65	67	43	12	41	1	9	11	11	62	50	34	94	19	33	21	28	6	21	52	63	71	83	82	80	96	65	76	68	46	92	25	46	3	18	5	32	27	97	13	47	75	30	83	9	73	96	78	93	12	32	22	99	62	3	63	28	88	53	78	28	50	80	40	38	84	14	73	88	15	42	94	61	14	21	11	85	66	69	99	80	68	22	75	30	56	61	48	53	88	73	51	52	17	77	19	11	82	4	20	44	43	93	62	49	98	10	90	35	92	61	42	8	90	6	49	6	81	32	94	31	28	80	78	35	79	0	39	87	11	7	6	64	5	6	88	75	4	35	3	91	71	53	30	70	77	55	98	70	95	55	83	3	40	23	36	78	28	78	83	45	7	56	2	17	66	24	57	84	59	41	19	4	58	81	77	75	16	61	82	35	41	2	22	37	53	58	37	55	85	4	39	26	88	97	99	82	44	11	79	22	89	41	97	86	85	3	84	9	50	98	30	4	24	11	24	9	50	12	80	31	34	87	57	38	42	34	81	27	53	69	89	60	16	29	50	63	62	92	21	44	37	5	79	27	43	52	20	1	66	4	72	40	17	72	66	19	65	40	80	69	54	18	34	21	62	6	84	9	16	43	2	39	55	5	27	53	87	2	30	22	83	70	9	72	72	17	6	54	2	4	0	91	6	58	87	98	16	63	11	18	83	63	7	85	50	59	81	99	47	76	85	48	97	73	50	5	27	72	58	95	53	46	80	14	3	76	37	82	92	8	60	73	53	57	54	97	39	60	7	39	73	51	24	90	94	62	53	76	35	59	27	49	3	13	58	14	79	98	75	26	33	8	40	15	23	58	63	64	11	95	6	94	89	82	74	27	10	62	75	49	9	83	57	76	28	2	58	80	68	45	67	16	69	40	97	29	83	17	65	82	1	46	33	59	10	6	28	75	98	68	73	99	72	51	69	7	74	57	15	41	40	89	21	73	93	20	53	1	0	11	26	77	56	32	78	78	27	97	53	32	82	16	51	63	64	19	79	41	96	96	83	91	15	40	46	27	41	65	53	27	38	46	26	73	34	13	48	55	14	33	10	41	4	8	64	48	57	59	41	25	22	72	30	92	80	19	99	74	69	46	80	51	7	13	48	98	0	82	73	9	58	74	76	99	53	17	79	32	69	22	42	45	13	97	83	23	25	93	45	56	35	74	98	22	63	64	35	42	87	74	81	44	41	89	53	66	89	19	43	5	8	76	50	91	46	77	41	75	98	0	76	45	43	68	78	44	27	75	2	25	27	37	95	61	87	70	33	88	13	46	93	58	89	36	37	76	57	8	21	12	53	24	32	6	56	53	93	12	67	42	76	48	76	77	59	60	17	51	5	2	40	24	26	94	4	99	29	27	53	36	6	84	92	44	97	39	30	93	30	11	66	17	85	40	82	12	76	85	45	83	95	79	22	95	79	8	87	41	75	59	70	54	55	35	39	10	77	93	23	81	84	96	86	93	77	93	98	59	70	43	31	63	52	40	11	39	2	43	53	93	14	78	87	88	72	94	66	8	86	31	37	22	67	98	48	54	44	10	29	41	34	11	5	46	20	81	69	61	72	92	31	58	2	49	75	10	27	4	82	87	25	16	5	61	97	97	13	45	37	36	77	67	63	51	81	9	43	36	50	3	78	93	46	79	22	24	21	97	48	12	37	77	2	63	82	4	57	26	28	79	55	47	50	84	36	16	40	33	22	42	40	98	99	27	32	20	72	45	14	86	87	46	64	37	96	30	3	80	94	68	93	79	37	22	12	98	14	13	12	31	68	42	86	54	0	78	70	87	28	5	93	14	17	67	61	85	19	49	66	61	56	4	30	87	64	48	97	8	64	36	35	8	64	78	81	69	73	20	79	82	81	64	32	68	67	63	88	84	63	16	28	64	86	48	71	32	17	7	17	6	14	34	67	41	27	15	12	73	80	97	42	37	76	97	84	87	69	20	41	48	70	50	54	40	56	54	70	74	70	82	13	72	34	74	22	73	40	80	35	14	95	4	44	97	23	98	68	0	95	93	48	7	26	29	35	37	50	35	33	78	90	45	59	0	94	1	62	34	75	2	95	87	20	73	17	0	86	31	75	9	82	47	71	35	65	74	4	35	17	77	94	61	98	3	6	46	50	54	96	26	17	13	80	80	97	94	59	32	50	40	62	49	43	38	3	28	40	7	94	6	93	12	50	89	10	63	17	60	17	91	8	48	67	68	20	14	46	58	14	54	85	59	98	80	21	28	54	98	19	0	14	79	85	6	2	32	74	63	94	17	96	9	16	79	64	62	5	18	37	3	43	81	21	0	56	55	38	64	94	91	68	90	2	35	84	23	62	50	54	38	55	70	76	81	59	88	76	76	65	61	3	86	56	27	79	13	27	60	41	11	70	0	73	93	54	45	98	27	58	71	57	59	64	59	8	6	11	46	23	10	17	63	41	48	67	54	95	47	27	81	35	47	24	26	57	32	88	75	93	49	35	25	17	95	71	90	2	99	39	40	47	85	80	83	71	61	95	63	63	89	23	10	45	24	55	0	45	66	57	93	98	51	41	95	94	31	10	47	17	68	5	90	14	34	53	70	46	76	48	81	93	87	72	57	53	97	22	23	25	53	39	51	22	58	38	78	64	82	67	1	32	98	42	38	42	98	10	55	30	76	0	6	33	46	54	75	43	21	72	81	89	35	38	59	22	13	29	40	57	87	91	53	1	88	25	38	97	0	30	94	60	10	71	34	96	65	0	53	83	59	91	31	42	25	48	82	95	99	58	54	12	34	35	15	8	49	9	30	69	67	58	42	71	85	80	16	69	52	39	14	8	85	74	93	36	56	15	55	25	93	63	39	56	46	97	7	97	4	68	13	57	82	27	74	13	84	19	16	80	59	35	9	55	4	72	79	89	5	9	54	64	47	3	29	80	4	39	37	13	73	63	85	67	23	45	86	15	31	53	9	91	56	66	9	64	12	98	31	41	97	66	36	60	5	19	42	71	60	62	68	28	32	92	80	72	15	25	49	12	39	35	95	92	72	28	93	96	64	56	14	78	35	19	24	1	39	84	71	63	31	36	12	92	57	16	26	39	67	5	5	85	62	98	85	52	57	92	5	70	71	18	17	15	4	26	94	3	90	82	63	33	2	29	41	12	85	87	13	10	26	56	32	0	88	98	11	83	86	30	59	68	8	58	44	14	42	67	45	10	65	74	86	25	77	69	86	0	12	28	57	28	73	98	11	72	41	65	11	64	55	46	9	91	92	6	12	30	96	88	56	1	34	39	11	32	16	47	88	98	74	15	59	44	46	68	81	13	48	57	38	23	10	7	77	45	82	56	57	48	55	88	19	1	6	80	78	34	19	40	6	15	26	70	84	38	9	60	15	25	94	52	10	75	76	59	5	97	25	3	39	58	17	25	82	61	93	16	45	64	3	99	95	82	58	18	2	7	39	77	97	65	32	47	79	90	41	97	35	15	83	49	95	43	89	61	86	79	48	80	71	53	87	82	8	72	95	35	90	6	69	82	40	59	66	34	30	22	69	7	72	14	47	28	54	10	28	69	34	83	0	97	0	17	5	23	17	57	28	22	48	7	68	5	25	29	13	75	54	85	74	75	57	95	60	39	72	80	9	27	78	97	59	80	6	27	25	97	87	1	1	20	86	93	5	15	69	10	55	2	45	16	43	67	52	49	29	9	18	20	94	24	87	41	81	9	35	9	46	97	45	35	65	76	14	84	7	47	58	59	14	95	72	60	50	24	88	51	46	20	14	85	14	49	34	43	84	59	98	99	57	43	87	36	72	91	17	87	74	17	32	32	58	34	4	56	52	88	73	10	29	87	2	31	4	52	88	52	78	9	25	80	58	43	62	45	85	82	3	42	48	26	88	33	69	59	4	11	5	19	60	84	41	74	53	17	55	32	72	81	39	15	52	74	46	30	93	79	94	23	79	2	19	20	95	42	16	44	20	94	2	66	23	84	40	12	61	15	68	88	2	15	48	32	14	22	14	16	74	2	7	63	95	71	32	14	48	57	10	34	78	26	13	16	81	34	68	51	33	89	11	71	50	32	52	8	8	76	34	89	88	65	89	94	14	26	47	75	48	23	53	66	58	20	2	94	29	73	83	52	24	49	61	61	20	86	35	31	24	86	21	2	23	92	0	46	40	78	84	33	43	86	4	41	31	37	98	27	66	4	85	11	4	54	10	65	74	59	70	96	2	33	72	56	25	36	92	73	34	7	57	31	58	99	50	56	3	35	68	26	34	35	29	29	21	41	18	46	65	90	93	55	10	47	35	16	46	80	95	50	90	65	35	13	50	96	3	82	36	98	16	0	73	81	28	2	32	44	45	26	62	25	49	71	91	67	76	16	29	97	0	30	34	57	75	28	98	69	79	26	67	12	59	27	92	56	58	54	65	40	19	59	75	93	1	28	10	14	32	5	60	46	58	2	40	56	43	6	50	49	93	84	19	54	43	92	29	7	11	90	32	87	45	46	43	50	42	52	93	43	99	88	88	92	46	85	72	94	92	65	31	77	71	30	72	52	89	21	28	70	19	26	3	60	56	1	71	67	98	65	78	64	97	99	71	89	17	16	11	51	83	14	9	42	58	6	55	77	95	9	61	9	39	73	78	60	40	18	22	53	6	61	52	21	10	11	93	42	22	31	84	52	4	87	62	82	33	12	34	74	32	95	37	74	65	81	29	69	33	92	12	25	1	93	60	36	91	54	19	70	78	27	98	90	10	45	31	86	32	92	65	83	69	73	4	80	77	88	8	59	68	83	88	98	39	33	52	1	42	5	17	3	38	4	55	21	51	66	78	80	77	44	92	24	6	6	43	1	69	19	55	14	77	93	17	92	67	65	69	42	91	14	88	37	51	72	83	64	49	23	73	41	13	25	81	74	20	6	1	86	35	24	26	83	35	3	40	76	93	57	46	45	44	13	25	11	37	95	34	48	18	21	85	66	56	76	83	20	89	57	96	23	23	42	56	43	56	46	20	38	68	21	29	38	21	55	8	68	84	98	35	11	51	19	64	35	79	60	34	74	92	28	33	20	34	64	34	63	12	4	64	47	22	90	21	20	2	44	79	94	60	31	61	55	22	80	21	13	29	52	16	41	61	65	94	73	56	16	77	83	45	46	37	87	8	26	36	79	8	24	20	78	85	85	76	20	91	86	53	2	99	31	4	17	6	42	96	12	80	66	7	94	46	99	90	2	41	15	88	49	17	87	94	56	99	97	94	31	12	68	73	82	53	90	85	84	81	56	22	97	84	50	75	68	40	93	59	54	97	18	48	27	41	15	60	2	51	88	3	47	32	87	87	80	28	74	25	76	96	69	52	38	71	88	49	6	93	74	8	20	20	68	18	36	34	1	89	87	70	42	30	60	19	25	46	14	79	67	6	49	49	24	55	42	13	30	59	60	85	15	12	4	23	92	84	3	42	99	8	32	61	72	9	58	36	25	22	35	47	39	27	55	45	67	73	73	80	90	90	91	81	17	42	49	85	29	69	19	98	55	42	94	18	90	98	61	9	30	74	53	98	14	13	14	68	24	68	74	46	30	88	71	80	6	50	80	65	43	49	78	17	66	95	87	17	93	17	53	56	68	19	31	26	21	71	44	86	31	24	85	69	36	32	62	18	14	20	93	25	57	20	17	55	42	41	81	49	34	31	65	41	62	86	8	10	76	14	84	32	81	6	3	1	67	58	12	90	77	86	70	2	30	51	49	7	91	16	21	28	12	45	74	25	31	1	86	27	49	23	10	96	83	73	68	65	20	31	61	98	48	43	28	62	62	96	68	94	0	28	48	99	87	99	35	90	39	79	42	92	58	77	38	27	97	86	69	55	6	9	96	59	36	96	49	15	12	37	59	73	21	47	81	95	84	66	81	67	82	54	66	48	7	88	91	50	56	44	17	97	23	19	43	86	70	7	52	94	11	13	87	12	47	72	16	62	53	11	24	19	46	36	43	23	41	62	14	73	71	34	97	85	61	96	98	21	0	91	62	11	1	18	45	24	20	5	69	79	67	96	58	40	0	74	2	62	67	51	78	52	46	78	
19	7	13	5	7	18	20	14	10	18	11	18	2	18	8	6	19	10	11	6	8	15	5	3	14	7	19	16	9	11	5	10	6	6	16	7	18	15	2	10	19	17	10	10	10	6	10	16	19	19	7	19	20	4	10	18	5	12	13	5	7	6	15	17	13	11	2	4	17	14	19	2	14	10	12	16	13	17	12	7	10	4	5	17	7	16	17	10	16	5	3	7	19	9	18	1	16	9	17	14	5	6	2	10	14	17	19	2	17	6	15	12	3	3	1	11	3	17	20	18	9	12	15	2	20	2	13	6	5	4	5	13	10	15	2	3	11	16	15	1	10	19	15	17	16	18	5	19	5	2	13	8	10	4	3	1	9	20	18	20	7	16	18	9	20	1	3	5	1	8	4	10	20	2	17	19	6	3	14	15	3	9	10	7	13	9	13	6	8	19	16	19	14	5	3	18	15	9	1	4	4	17	2	15	20	13	11	15	5	4	1	17	6	20	4	5	8	10	5	10	19	17	1	6	19	13	3	4	20	15	14	16	4	15	13	11	19	15	3	14	19	4	15	2	16	10	8	17	12	8	12	7	3	9	4	5	19	14	6	16	12	13	13	14	3	11	11	1	7	16	4	7	9	1	11	9	19	5	5	16	10	13	17	9	18	6	18	7	4	20	12	20	19	2	8	7	10	15	11	8	6	2	14	17	6	2	7	19	9	11	2	11	10	1	16	20	13	17	14	15	5	19	16	16	6	20	16	17	9	18	10	20	15	9	12	8	1	14	15	19	4	7	3	9	18	20	18	1	2	18	8	2	3	19	15	14	12	15	11	18	12	11	18	11	18	4	9	2	9	16	8	11	9	16	13	20	7	19	8	5	13	15	10	19	13	15	18	13	8	6	9	19	18	19	16	11	2	5	5	10	18	19	7	16	19	20	6	6	18	16	8	6	7	15	4	9	9	16	6	3	6	3	15	13	10	4	20	9	9	18	3	12	11	1	12	18	14	7	10	12	7	13	1	2	11	9	11	8	2	10	13	16	7	14	9	8	12	11	6	8	14	3	4	11	2	7	14	16	4	16	8	6	1	1	11	1	3	10	15	5	16	2	6	11	12	13	4	10	9	9	1	7	14	15	2	2	10	3	13	1	11	11	7	9	7	8	14	9	5	14	5	13	11	15	5	1	7	16	12	1	1	16	7	9	12	14	8	15	5	2	16	16	2	10	4	4	3	6	12	2	5	8	14	6	13	16	10	5	8	11	7	3	8	10	14	4	3	6	7	15	14	14	5	15	2	15	10	14	14	8	1	9	12	6	3	2	14	1	8	10	12	8	6	16	15	12	16	9	4	7	5	7	1	7	10	1	10	9	9	11	16	2	5	9	1	1	12	11	14	16	8	4	2	12	9	11	14	12	1	15	3	2	4	15	3	5	13	13	11	5	13	1	10	8	5	14	9	14	12	11	9	13	16	10	8	9	14	8	2	4	11	15	10	12	12	2	5	9	15	10	13	10	2	15	10	1	14	9	5	9	5	5	12	1	8	10	1	1	15	9	2	8	5	1	3	6	5	2	6	9	14	7	8	15	11	6	3	16	13	8	13	11	7	8	15	1	15	4	10	7	9	16	14	16	13	1	14	1	1	1	12	1	7	3	4	16	16	10	7	7	1	7	9	8	4	1	15	15	16	4	16	13	7	10	16	2	4	16	13	14	6	7	2	9	10	7	7	9	6	7	12	14	12	8	2	16	14	5	6	11	1	15	15	2	5	5	6	11	14	8	1	11	7	12	4	8	16	5	9	3	13	6	11	12	15	8	7	10	12	3	6	1	2	4	5	1	2	14	5	9	10	8	6	9	9	7	10	13	7	4	15	5	9	3	16	3	10	12	12	4	10	2	6	1	5	3	1	11	7	2	12	15	5	9	11	8	16	14	6	13	8	2	8	2	8	2	7	4	10	14	16	2	6	7	1	6	3	5	10	14	16	8	3	6	16	5	9	12	15	12	5	15	16	13	5	15	14	15	2	12	10	8	13	6	11	10	14	12	12	13	13	13	1	4	7	9	3	16	13	15	13	8	9	6	14	14	4	8	3	6	15	4	13	11	6	10	13	7	3	16	11	1	12	16	11	11	6	2	11	1	1	5	4	7	8	10	8	11	14	9	3	4	13	10	14	11	13	7	5	16	10	2	9	13	10	15	3	2	6	3	3	7	1	11	4	10	4	8	3	4	15	16	9	12	13	6	5	1	15	6	4	15	8	1	9	16	3	9	4	13	5	14	15	8	5	5	6	9	3	1	15	15	15	9	1	11	2	1	10	3	14	9	13	15	16	9	14	13	9	9	10	3	2	12	16	4	8	7	16	6	15	7	5	6	1	8	4	13	3	15	14	8	15	6	2	9	11	10	8	1	8	10	12	4	10	12	8	10	13	5	14	2	3	15	12	6	10	12	7	8	13	14	15	7	2	1	5	15	10	2	15	8	15	10	8	3	9	1	11	9	14	5	15	16	8	5	6	15	5	16	4	9	11	4	9	10	3	15	13	8	16	11	5	12	6	15	11	5	11	3	9	8	11	6	15	14	8	3	2	6	6	9	3	3	7	7	15	14	5	6	15	9	8	14	12	3	13	8	5	6	6	2	2	7	10	11	10	8	7	11	16	7	15	8	5	2	11	12	9	13	13	10	7	14	5	14	1	2	15	7	1	7	4	5	1	4	15	4	16	11	12	9	9	8	13	5	2	15	15	8	8	4	9	9	14	9	2	11	12	4	13	16	16	6	15	2	14	1	16	6	5	13	3	10	3	16	16	9	13	12	7	12	7	12	7	1	11	16	13	9	3	2	4	2	15	2	15	8	5	8	14	14	3	10	13	4	15	12	14	5	16	1	12	11	5	6	7	2	12	13	14	14	13	1	9	10	3	8	9	15	12	15	2	5	15	9	10	6	16	16	6	15	5	12	2	15	11	12	7	6	10	5	8	3	2	2	7	2	6	2	13	14	1	6	6	6	8	2	1	14	8	12	2	14	9	4	14	16	12	7	1	9	2	2	3	5	11	1	5	6	4	11	13	12	16	11	3	9	15	10	14	12	16	4	10	4	9	15	6	13	3	6	2	5	2	9	16	5	14	6	6	6	5	2	2	15	14	13	15	4	12	16	2	9	2	7	5	3	14	8	10	3	7	1	11	3	5	1	5	5	4	11	15	7	3	14	16	6	5	11	3	14	8	14	1	3	16	3	8	10	10	13	4	11	6	3	10	7	1	6	11	1	13	9	2	15	5	14	1	16	7	16	5	11	6	5	12	15	10	10	6	11	9	10	4	4	4	9	1	7	12	4	16	1	12	15	14	14	2	11	14	15	11	4	2	9	12	1	15	6	2	9	8	13	7	1	3	1	5	11	5	12	12	14	8	13	2	16	4	8	1	2	12	2	13	14	3	13	5	8	8	15	15	12	4	9	11	6	8	8	16	6	15	4	10	14	6	10	8	9	3	13	8	8	15	11	2	8	12	10	12	13	8	9	4	15	1	4	2	2	9	7	9	6	9	9	16	16	3	8	2	5	6	16	1	8	15	10	13	4	11	14	10	4	14	11	7	7	10	15	15	1	14	12	4	12	12	3	14	14	14	14	13	9	11	7	11	1	1	3	7	14	3	2	15	3	16	2	2	4	2	11	3	2	1	7	1	3	9	14	15	15	15	16	15	8	16	1	14	12	15	11	11	14	10	13	6	8	11	4	11	15	8	8	3	7	5	14	7	13	15	11	7	1	5	4	11	16	14	15	10	11	8	5	8	7	6	14	11	6	12	12	1	9	6	12	11	6	13	6	14	13	10	13	8	2	13	1	15	8	11	14	4	6	6	14	11	7	15	10	7	5	8	6	5	13	13	11	9	13	8	5	11	7	11	12	9	10	4	13	12	16	1	11	7	8	14	6	4	8	13	1	8	2	13	16	2	11	15	5	7	1	10	4	10	11	14	12	6	13	14	13	9	9	14	7	3	14	12	8	11	13	2	1	9	10	7	12	8	12	2	9	9	6	13	4	15	15	8	6	15	11	12	14	9	1	4	6	10	3	3	13	15	11	9	9	4	11	2	13	3	13	10	6	4	11	13	15	7	4	6	9	4	5	3	2	2	10	3	2	6	14	10	1	11	2	7	5	7	4	8	13	8	4	9	6	9	16	5	11	12	16	11	6	16	2	11	10	4	7	15	15	1	3	2	8	8	11	15	3	2	2	15	9	6	8	8	12	11	7	11	9	6	16	1	13	9	15	11	12	12	6	14	6	1	8	10	13	15	16	8	1	12	4	2	8	10	12	13	12	4	6	8	15	14	10	6	2	2	8	6	15	1	6	11	2	14	7	1	1	1	10	5	3	9	7	15	5	12	16	11	9	2	1	10	3	15	8	11	10	12	15	14	5	2	11	7	8	10	4	6	12	6	12	16	5	10	6	14	2	12	11	16	3	5	7	9	8	2	11	2	16	15	11	9	9	6	1	2	13	13	7	11	15	16	1	1	11	14	11	16	2	4	8	10	15	4	5	8	12	8	1	6	5	9	10	11	7	9	14	8	10	3	2	4	2	16	7	5	10	10	13	15	15	12	11	3	8	11	4	4	11	8	13	5	1	1	3	6	12	16	2	12	5	2	14	14	4	14	7	2	2	5	13	6	2	10	11	3	4	3	14	8	1	3	6	10	4	12	1	8	14	14	15	1	8	1	8	4	12	16	3	10	8	15	7	1	2	2	9	7	1	4	14	2	6	6	3	2	13	6	4	11	15	6	12	14	5	3	12	1	15	2	16	1	8	16	4	8	16	7	7	13	4	11	11	15	6	13	3	10	4	13	9	1	4	1	2	15	3	11	5	9	9	12	7	16	13	16	9	7	14	4	15	4	14	16	10	10	7	2	12	4	4	9	15	3	1	14	14	11	7	16	4	15	11	13	16	11	15	16	10	5	14	14	7	1	16	4	9	8	13	6	8	14	2	6	15	2	2	9	11	2	11	16	7	7	10	12	8	15	16	9	13	9	3	1	3	15	3	5	5	5	15	11	5	9	4	8	9	8	1	9	5	7	13	1	16	5	16	8	10	11	7	10	14	5	8	1	9	6	16	1	5	16	10	11	1	2	9	16	12	9	1	9	7	16	3	10	5	7	16	5	11	10	3	3	16	8	9	4	11	12	16	16	2	3	11	8	11	6	8	12	4	13	5	12	8	14	15	5	5	4	7	5	2	6	7	5	14	7	16	11	3	11	1	8	6	4	3	15	4	4	9	9	8	10	12	15	2	3	1	9	6	8	6	11	11	15	12	13	2	7	5	15	5	13	11	16	5	15	5	6	15	4	3	10	8	4	3	9	7	7	12	7	7	1	3	14	9	12	13	11	13	6	6	8	6	16	10	6	16	15	14	8	14	6	4	16	5	9	9	15	12	1	3	2	12	8	14	4	4	12	14	14	13	3	15	13	10	10	10	2	4	8	15	4	10	16	13	6	3	5	1	9	11	10	1	13	10	10	9	9	13	7	10	14	6	10	9	2	10	5	13	4	11	8	11	5	13	1	10	14	9	10	15	5	3	1	8	9	1	1	14	1	3	5	14	1	5	6	14	10	10	5	3	1	4	1	2	16	5	2	13	1	6	5	13	10	8	10	13	5	11	5	4	12	9	8	7	2	2	15	1	6	3	12	4	9	3	1	8	9	10	2	8	15	14	13	6	7	15	10	13	1	15	1	3	1	12	1	12	13	3	11	13	6	12	1	7	4	16	10	9	5	16	8	16	7	10	15	5	2	7	14	1	8	16	16	7	6	10	10	11	5	8	4	16	14	2	13	14	7	8	11	15	6	16	11	14	9	1	16	10	9	16	13	10	12	5	10	6	11	12	2	3	13	4	14	16	3	4	11	4	13	2	4	2	4	11	15	11	12	1	14	2	10	12	13	3	2	11	9	8	6	6	5	10	8	11	16	15	13	11	1	13	2	8	16	4	5	1	13	15	13	11	7	1	12	14	14	13	12	2	3	16	2	5	4	14	2	3	14	13	10	11	14	8	16	6	8	16	13	3	2	9	16	1	1	3	4	3	3	4	4	16	1	7	14	7	13	2	7	8	7	5	6	13	10	7	8	4	3	10	6	11	11	2	12	12	5	4	13	8	7	9	12	4	4	7	1	10	12	8	14	3	11	13	7	10	14	2	12	14	3	16	10	2	15	4	13	7	6	14	7	15	6	12	9	15	2	14	1	4	13	11	10	6	14	8	6	6	6	9	1	16	15	1	12	6	10	9	9	1	8	5	8	12	8	10	15	7	7	11	9	15	14	7	14	12	6	15	11	16	12	16	16	6	7	6	9	16	16	10	8	7	8	1	6	14	12	1	9	2	15	2	16	3	9	11	2	9	9	16	13	11	1	14	9	9	8	10	9	15	12	12	12	6	7	15	1	1	1	10	11	10	12	6	16	14	5	11	9	7	2	1	2	15	3	3	10	5	14	11	1	10	13	16	2	16	7	15	14	15	10	13	7	13	3	8	2	7	16	13	7	14	5	11	11	9	10	16	4	3	3	15	8	9	11	5	4	14	1	15	9	13	1	7	9	14	4	15	10	3	5	1	9	11	8	16	15	16	15	10	3	4	7	16	4	3	14	9	10	3	4	9	15	12	11	12	14	11	4	13	1	6	12	11	6	1	11	3	15	9	6	13	13	14	11	8	7	11	11	15	6	15	15	5	15	10	5	9	7	15	9	2	13	14	9	1	7	15	14	4	1	10	13	7	9	7	2	10	3	6	11	14	3	3	2	2	6	15	11	8	10	7	16	2	15	6	8	8	4	12	11	4	7	12	11	9	10	2	9	10	3	12	10	11	7	15	15	14	12	10	16	2	8	10	14	10	6	15	16	3	9	5	8	2	5	5	3	8	3	6	9	10	6	5	12	7	12	8	5	16	12	8	4	4	10	3	16	8	9	6	9	2	10	16	1	16	15	8	16	9	6	7	16	10	9	7	8	7	1	14	16	12	14	5	8	5	5	13	6	15	7	2	2	13	3	12	13	15	4	1	4	8	14	9	7	16	1	10	5	13	8	2	3	13	1	13	9	8	2	13	9	11	6	3	5	13	15	13	8	2	3	16	6	6	7	6	8	8	10	9	1	4	13	16	14	5	9	12	3	7	9	3	12	3	4	2	10	13	4	4	11	12	14	2	9	16	16	8	14	12	6	14	16	11	8	14	2	4	4	4	4	4	15	4	16	3	4	10	11	16	11	13	16	2	14	9	15	5	12	10	5	2	7	6	4	2	12	13	5	12	5	2	12	11	13	14	12	8	7	12	13	6	8	11	11	13	6	11	2	11	14	1	13	6	2	3	16	12	3	11	3	13	7	3	2	8	3	7	9	11	13	14	1	3	3	11	12	5	3	1	6	8	16	5	2	14	13	6	1	2	6	13	4	8	5	10	4	11	4	13	8	10	14	10	16	15	11	13	16	6	14	7	8	9	12	2	11	11	1	15	2	9	11	7	4	9	1	10	8	14	14	8	8	8	12	15	12	1	2	5	12	4	1	8	4	3	1	12	9	12	16	1	15	13	6	15	9	12	8	7	3	9	6	9	2	6	10	8	4	4	5	11	14	1	1	2	2	4	10	4	5	7	14	6	5	10	11	14	2	2	1	3	12	13	1	4	16	5	7	3	13	12	3	8	4	7	13	9	10	4	4	1	1	10	4	1	12	8	15	10	12	8	8	3	15	10	12	15	15	1	4	3	10	7	1	2	5	1	8	5	5	6	4	4	9	11	15	15	9	9	16	3	16	3	16	9	10	1	8	12	3	
590	150	620	230	660	420	490	580	270	160	610	830	440	790	600	450	120	720	680	140	700	480	940	460	500	150	870	470	240	980	840	270	220	720	850	720	930	210	910	880	450	1000	260	230	110	560	760	270	860	910	810	940	450	170	430	580	640	760	680	480	110	340	780	340	760	970	100	190	410	780	580	130	960	420	600	770	1000	370	340	930	730	920	100	620	780	280	880	980	270	990	360	770	700	800	630	760	560	120	920	950	320	670	740	900	290	720	320	980	150	760	940	370	990	260	230	900	810	200	290	360	860	640	660	140	810	330	730	320	990	550	110	940	270	700	910	830	880	730	820	560	740	390	350	120	290	180	870	730	330	410	980	140	200	180	240	910	830	260	990	430	760	170	970	780	810	350	820	610	540	910	940	940	840	730	120	770	250	550	780	610	710	640	710	110	750	190	520	140	530	300	840	790	510	450	510	820	670	330	980	820	800	920	270	820	820	590	770	180	400	880	460	160	660	380	160	650	650	860	420	610	460	400	520	320	180	810	740	120	310	680	960	690	160	190	940	910	230	890	310	970	550	670	640	120	700	560	620	670	530	600	700	490	400	500	480	370	290	550	350	430	360	790	670	970	360	160	820	840	870	170	700	290	400	470	820	430	210	800	310	250	570	670	700	1000	1000	310	210	570	230	200	660	900	650	360	370	560	570	810	470	450	560	780	630	720	200	810	870	340	540	970	980	520	240	530	310	850	500	590	110	120	610	260	940	800	110	650	350	420	440	670	190	160	120	280	920	900	890	720	700	740	540	800	140	310	690	420	380	960	480	860	300	380	690	860	320	480	450	360	380	360	850	600	920	870	220	360	280	740	700	400	940	390	650	190	320	130	560	400	810	920	930	330	410	100	780	760	170	980	510	290	450	270	270	970	290	580	630	710	500	340	310	770	440	390	510	710	570	150	200	140	830	560	360	460	320	920	430	290	280	490	860	240	310	390	770	840	330	650	980	770	460	920	310	680	190	160	880	540	160	120	690	130	980	270	870	590	280	500	150	350	710	280	980	440	290	620	760	820	200	890	110	800	260	370	530	630	210	800	530	150	770	660	720	540	700	640	470	540	180	670	990	550	510	590	130	990	610	390	130	140	460	220	600	450	370	910	150	290	770	210	950	420	100	130	660	290	600	870	480	400	930	150	660	800	710	990	270	250	320	410	210	370	860	290	810	890	830	750	540	520	710	100	460	140	670	290	170	250	820	460	380	780	880	620	820	260	180	710	900	230	700	810	900	450	620	740	890	790	590	1000	780	880	360	970	140	450	620	500	820	310	350	230	560	110	700	670	440	430	810	890	130	460	710	790	670	360	420	860	110	840	710	380	530	350	810	340	520	440	470	660	910	750	340	620	360	360	650	550	860	510	760	370	810	470	890	680	150	500	130	530	420	320	670	180	170	670	390	880	900	540	620	500	330	280	100	670	760	250	1000	410	770	870	790	750	260	900	310	220	840	190	330	240	480	880	850	710	160	750	390	570	380	440	280	530	110	710	190	410	760	470	760	170	420	380	710	870	830	830	780	310	240	970	630	720	300	430	140	360	290	680	820	110	580	220	610	790	360	160	140	440	660	520	380	600	620	580	740	180	990	690	490	540	140	560	320	570	790	260	570	780	210	270	570	370	630	930	210	840	820	720	460	430	950	910	330	850	750	920	890	1000	610	620	280	360	190	830	320	470	830	980	540	780	760	470	140	760	410	130	850	500	520	620	760	400	980	830	240	100	500	500	770	620	370	240	970	330	790	630	210	290	300	340	990	580	670	850	190	190	290	400	140	650	420	540	480	880	800	380	910	640	900	300	380	600	270	930	590	500	430	460	550	860	700	830	400	500	350	340	480	210	510	140	860	440	1000	150	740	720	170	410	150	710	270	250	450	480	190	370	650	110	180	840	570	310	420	950	730	970	890	170	990	140	510	120	660	370	600	160	240	260	440	970	960	790	280	450	500	750	940	130	500	110	250	240	100	140	340	210	130	700	550	530	210	150	670	460	370	190	700	870	980	160	530	870	890	590	800	200	980	840	690	590	380	130	190	560	120	500	760	120	530	950	640	380	560	150	890	740	430	260	140	460	860	550	270	910	510	730	110	850	330	270	660	480	810	290	660	190	530	780	120	120	990	430	380	610	220	670	920	670	500	100	470	540	980	930	330	470	460	440	920	960	900	580	570	460	830	120	630	780	470	840	390	990	390	150	350	830	940	800	720	770	240	720	680	610	730	890	540	170	740	610	600	290	490	470	120	190	270	360	940	930	510	990	690	780	480	170	230	190	340	600	180	400	660	510	460	160	910	840	910	590	990	140	630	480	630	630	670	980	220	560	930	930	750	530	410	410	380	740	950	560	340	350	910	560	980	260	120	330	960	890	480	140	730	310	880	370	820	390	110	870	170	710	320	660	100	480	450	120	410	620	710	990	420	430	760	800	660	300	1000	430	100	400	730	950	900	290	180	430	790	420	810	600	500	640	170	230	230	900	380	480	330	620	580	270	490	230	820	860	500	160	760	160	980	570	770	350	320	610	380	410	490	140	980	450	360	300	710	740	480	970	990	920	110	910	900	340	830	330	380	170	630	380	770	840	720	940	470	230	600	880	690	430	810	630	880	690	570	440	750	700	450	630	250	840	880	400	720	970	210	520	100	690	370	300	130	820	630	280	880	300	730	780	130	290	620	420	400	750	180	120	920	770	460	730	960	280	470	540	610	970	430	400	490	810	140	240	400	330	460	620	160	220	750	750	150	190	120	940	970	130	660	260	730	290	730	960	160	850	820	320	360	500	700	290	760	370	850	480	140	730	540	720	890	880	870	580	950	820	330	970	530	540	780	800	780	1000	200	200	610	770	120	690	780	490	180	760	360	910	660	470	730	580	930	710	780	660	540	910	600	600	910	880	700	900	620	890	840	280	870	880	560	650	570	1000	740	700	780	830	820	320	710	650	790	420	950	690	210	520	720	440	920	950	800	220	260	200	160	500	880	930	280	840	430	690	870	960	360	350	600	600	670	790	960	650	590	720	430	530	740	770	780	360	510	440	220	480	150	440	880	720	340	330	510	670	350	520	510	240	200	480	990	110	120	200	210	490	530	230	730	180	170	750	220	360	690	920	190	630	770	770	400	300	950	370	920	600	110	390	880	190	520	590	560	880	630	730	470	310	360	250	730	370	500	240	280	260	890	700	350	770	940	510	620	900	130	150	750	970	240	480	370	650	710	820	880	850	780	560	250	310	810	450	470	1000	520	600	750	960	720	510	780	360	800	990	180	120	860	650	170	120	500	140	370	570	690	690	840	340	690	110	580	850	950	420	850	500	730	450	920	570	720	840	520	380	250	700	200	910	140	510	950	900	440	940	320	290	210	390	800	590	890	400	800	510	610	920	440	650	290	440	150	600	180	350	380	890	700	490	840	250	970	320	540	780	360	730	1000	220	230	500	300	390	390	590	420	950	290	490	690	860	890	650	530	850	610	910	910	510	410	640	190	840	890	710	120	990	100	370	310	580	260	470	270	500	550	420	560	580	940	820	190	740	260	950	210	100	800	720	430	500	850	390	640	170	120	380	190	430	260	350	130	630	110	560	930	890	610	680	690	400	370	460	630	770	430	1000	800	180	640	290	110	880	540	970	680	840	130	960	830	770	260	560	300	570	240	660	360	320	400	190	480	800	570	290	690	160	750	460	380	320	900	420	780	640	170	790	220	780	260	780	290	710	920	390	460	600	930	850	600	820	190	930	180	720	100	490	510	890	970	790	860	950	320	550	390	400	250	1000	690	100	490	570	370	670	990	540	620	1000	720	940	920	420	930	760	290	420	160	810	580	380	410	590	440	760	420	120	140	170	960	950	510	940	930	660	220	510	520	170	180	520	710	320	590	730	440	770	440	810	930	350	180	420	380	600	850	580	830	710	140	230	910	280	720	370	260	200	650	180	630	470	670	380	170	230	200	730	690	510	440	850	330	590	350	980	890	630	730	420	400	550	100	990	290	520	660	430	680	380	280	140	380	540	450	410	340	300	1000	100	630	910	690	980	740	690	890	830	780	990	920	290	470	530	490	900	940	590	230	620	560	210	240	520	570	420	350	710	960	920	500	310	1000	950	770	700	230	230	850	900	750	870	320	500	490	550	140	810	990	760	180	980	160	320	800	410	960	300	580	780	510	830	300	160	690	500	1000	300	590	430	890	360	370	910	400	830	910	840	410	270	920	530	370	820	410	730	270	870	310	720	840	250	230	580	550	720	530	480	650	1000	420	390	750	880	970	140	220	990	960	380	310	740	220	100	320	130	430	560	110	670	530	830	770	170	110	690	820	230	300	690	270	170	210	830	470	670	800	170	260	180	750	540	370	630	540	950	920	290	400	330	630	850	160	840	410	790	820	270	340	310	520	540	990	890	990	680	230	290	970	180	360	290	350	810	660	290	850	760	440	310	480	560	700	490	940	670	500	1000	220	490	420	760	780	400	150	830	910	850	770	980	180	720	400	230	200	480	710	890	460	750	970	480	200	410	380	540	450	270	860	750	720	120	190	450	320	400	700	140	870	780	860	850	190	770	660	640	920	800	960	340	700	580	580	170	130	470	350	690	180	380	750	640	490	770	350	490	940	260	670	290	790	100	250	360	730	250	540	510	680	700	500	930	480	850	940	960	470	850	130	960	110	370	150	830	870	110	680	850	770	770	810	470	870	820	480	870	420	870	840	510	920	440	620	140	330	160	400	940	650	940	530	760	720	890	460	150	890	520	850	860	1000	740	670	970	870	440	340	710	360	950	920	140	250	650	1000	120	180	390	430	300	230	270	340	410	870	920	280	320	740	700	780	710	280	500	420	420	530	550	620	220	500	580	450	980	350	920	760	880	100	830	300	780	470	970	150	340	290	330	920	520	500	950	300	990	380	990	890	930	570	850	490	210	810	520	850	860	880	820	310	570	280	410	260	790	440	900	880	140	800	500	590	930	650	760	100	610	630	840	640	710	660	920	440	850	560	690	560	390	610	130	900	400	900	320	500	860	950	890	540	750	490	360	250	930	740	750	920	900	440	160	370	980	230	910	680	290	830	160	550	800	520	650	710	210	240	760	940	720	100	960	920	880	660	760	890	950	650	330	730	340	460	320	210	260	650	950	100	420	560	400	340	550	500	340	760	200	150	310	710	600	310	210	380	720	330	200	700	370	850	900	900	900	150	870	100	900	120	620	200	700	840	680	530	710	600	350	860	110	580	390	550	750	320	840	230	730	430	720	600	420	660	840	360	720	200	800	470	420	730	250	120	820	250	430	560	960	550	910	910	430	140	610	950	130	410	490	810	670	880	670	970	860	810	460	620	970	960	580	290	670	140	300	950	140	780	190	570	440	350	680	870	670	590	360	680	380	870	290	250	230	670	690	770	880	490	120	120	840	600	730	810	690	570	350	420	860	410	370	780	930	960	580	880	550	850	390	720	330	420	790	750	320	950	140	920	220	590	360	340	820	1000	950	300	660	220	710	270	570	580	500	640	310	520	750	610	590	420	410	790	990	210	190	730	300	910	790	950	350	160	790	760	490	720	800	650	500	750	550	310	880	110	390	990	730	820	190	420	590	590	630	450	300	450	220	460	720	920	330	730	660	310	690	860	810	320	190	430	480	970	740	640	130	510	310	180	100	380	530	630	960	920	950	1000	830	1000	600	270	860	220	560	560	360	840	740	520	100	990	220	100	450	120	610	390	830	860	960	270	280	740	590	920	260	170	960	350	570	570	380	340	820	710	420	390	520	730	960	610	610	860	560	500	470	250	720	270	270	230	280	610	150	420	880	200	570	390	640	290	800	300	640	350	190	400	300	920	100	820	460	970	550	720	990	870	830	300	530	400	560	620	590	680	180	280	460	800	830	960	840	470	410	610	860	880	650	980	120	240	880	390	570	790	700	850	580	350	140	830	930	610	360	200	310	410	610	980	400	470	590	220	180	620	570	360	230	700	560	900	880	590	650	670	610	270	280	750	520	220	970	410	840	690	580	860	610	490	510	210	220	400	800	150	710	890	490	560	840	1000	770	550	100	540	690	240	330	890	340	570	660	320	820	980	130	540	410	830	530	500	940	420	860	240	250	620	520	280	580	940	110	900	190	920	890	740	750	150	890	190	470	260	990	150	240	360	120	280	980	400	560	270	230	490	860	540	950	560	140	560	140	450	890	810	910	290	840	350	760	990	250	110	950	520	590	640	930	400	520	960	980	900	770	110	1000	260	650	690	720	180	910	750	490	580	390	540	780	610	660	460	510	730	160	140	190	800	950	420	530	640	660	640	320	780	520	700	580	350	130	320	580	790	510	100	710	660	950	860	190	990	690	920	320	460	670	620	490	600	340	110	800	670	150	650	330	850	110	790	520	220	180	410	840	750	900	510	540	260	510	620	100	460	430	680	220	300	110	350	630	410	630	560	930	250	750	530	540	300	910	430	680	210	890	420	680	240	540	250	330	690	470	790	650	120	440	970	460	470	310	810	650	410	530	640	470	710	430	740	700	350	450	180	150	210	770	360	120	810	170	300	410	360	530	280	550	990	680	410	870	820	490	180	170	710	470	310	280	700	810	120	840	880	990	520	590	170	500	990	330	270	350	500	310	340	580	860	620	610	980	210	170	830	650	500	170	210	410	270	530	250	880	640	620	730	610	880	730	510	900	410	380	660	860	500	640	230	680	770	840	570	200	930	840	960	730	230	590	160	430	360	360	940	660	820	680	670	520	500	550	810	230	800	890	310	710	140	730	380	830	700	350	980	200	550	810	650	290	160	290	330	460	510	770	540	300	560	300	620	930	500	490	620	990	820	210	680	920	630	850	710	790	960	360	400	180	760	950	740	790	420	390	530	620	870	970	200	890	470	860	610	840	270	600	310	290	890	980	310	430	870	510	420	380	230	380	750	660	980	110	410	860	150	130	520	110	320	360	500	460	670	180	310	190	500	520	540	590	590	900	870	650	380	240	210	750	420	670	420	920	150	400	150	770	770	760	510	380	670	470	230	840	580	530	490	170	470	730	750	950	970	160	950	310	280	970	570	520	340	740	720	590	490	660	500	320	520	840	350	360	300	620	890	910	250	570	800	960	200	320	910	600	830	870	600	460	420	770	180	690	410	680	500	950	970	330	850	180	780	510	500	460	770	740	420	660	960	820	330	1000	150	570	960	100	470	200	280	600	480	850	330	630	650	810	530	730	140	730	730	570	980	910	610	370	730	490	690	110	840	270	230	510	790	830	860	230	500	660	570	240	260	330	1000	520	290	850	650	1000	260	480	410	390	680	550	320	310	650	760	410	140	770	850	520	520	980	500	290	360	630	110	970	170	500	300	660	520	520	540	130	740	660	760	130	410	600	470	810	320	720	860	790	650	200	660	250	940	850	960	220	970	830	690	250	690	810	800	190	780	930	930	300	1000	810	800	430	970	300	230	360	290	210	950	230	500	960	430	210	830	880	260	370	330	210	220	340	190	990	100	270	430	910	380	610	770	140	750	800	420	140	630	380	720	410	980	200	370	670	750	260	120	640	660	960	300	600	550	410	240	920	620	500	810	520	390	150	470	950	760	780	980	790	340	710	760	420	520	620	960	110	910	1000	840	770	520	280	240	700	770	730	940	580	650	880	670	900	810	770	490	150	220	740	480	150	210	170	580	100	960	280	720	720	360	750	810	300	260	720	870	760	500	1000	270	920	260	800	200	680	870	590	190	810	590	470	120	520	880	720	860	890	280	400	270	450	740	800	280	800	400	880	1000	980	980	690	700	540	240	490	380	350	600	480	310	330	910	790	470	830	860	320	310	440	470	280	590	680	200	100	970	260	410	430	580	760	220	890	130	550	850	340	
100
