3465
100
3
70
0	0	0	0	0	0	0	0	0	0	0	0	0	0	0	0	0	0	0	0	0	0	0	0	0	0	0	0	0	500	0	0	0	500	0	0	0	0	0	0	500	0	0	0	0	0	0	0	0	0	0	0	0	0	0	0	0	0	0	0	0	0	0	0	0	0	0	0	0	0	0	0	0	0	0	0	0	0	0	0	0	0	0	0	0	0	0	0	0	0	0	0	0	0	0	0	0	0	0	0	
0	0	0	0	0	0	0	0	0	0	500	0	0	0	0	0	0	0	0	0	0	0	0	0	0	0	0	0	0	0	0	0	0	0	0	0	0	0	0	0	0	500	0	0	0	0	0	0	0	0	0	0	0	0	0	0	0	0	0	0	0	0	0	0	0	0	0	0	0	0	500	0	0	0	0	0	0	0	0	0	0	0	0	0	0	0	0	0	0	0	0	0	0	0	0	0	0	0	0	0	
0	0	0	0	0	0	0	0	0	0	0	0	0	0	0	0	0	0	0	0	0	0	0	0	0	0	0	0	0	0	0	0	0	0	0	0	0	0	0	0	0	0	0	500	0	0	0	0	0	0	0	0	0	0	0	0	500	0	0	0	0	0	0	0	0	500	0	0	0	0	0	0	0	0	0	0	0	0	0	0	0	0	0	0	0	0	0	0	0	0	0	0	0	0	0	0	0	0	0	0	
0	0	0	0	0	0	0	0	0	0	0	0	0	0	0	0	0	0	0	0	0	0	0	0	0	0	0	0	0	0	0	0	0	0	0	0	0	500	0	0	0	0	0	0	0	0	0	0	0	0	0	0	0	0	0	0	0	0	0	0	0	0	0	0	0	0	0	0	0	0	0	0	0	0	0	0	0	0	0	0	0	0	0	0	0	500	0	0	0	0	0	0	0	0	0	500	0	0	0	0	
0	0	0	0	0	0	0	0	0	0	0	0	0	0	0	0	0	0	0	0	0	0	500	0	0	0	0	0	0	0	0	0	0	0	0	0	0	0	0	500	0	0	0	0	500	0	0	0	0	0	0	0	0	0	0	0	0	0	0	0	0	0	0	0	0	0	0	0	0	0	0	0	0	0	0	0	0	0	0	0	0	0	0	0	0	0	0	0	0	0	0	0	0	0	0	0	0	0	0	0	
0	0	0	0	0	0	0	0	0	0	0	0	0	0	0	0	0	0	0	0	0	500	0	0	0	0	0	500	0	0	0	0	0	0	0	0	0	0	0	0	0	0	0	0	0	0	0	0	0	0	0	0	0	0	0	0	0	0	0	0	0	0	0	0	0	0	0	0	0	0	500	0	0	0	0	0	0	0	0	0	0	0	0	0	0	0	0	0	0	0	0	0	0	0	0	0	0	0	0	0	
0	0	0	0	0	0	0	0	0	0	0	0	0	0	0	0	0	0	0	0	0	0	0	0	0	0	0	0	0	0	0	0	0	0	0	0	0	0	0	0	0	0	0	0	0	0	0	0	0	0	0	0	0	0	0	0	0	0	500	0	0	0	0	0	500	0	0	0	0	0	0	500	0	0	0	0	0	0	0	0	0	0	0	0	0	0	0	0	0	0	0	0	0	0	0	0	0	0	0	0	
0	0	0	0	0	0	0	0	0	0	0	0	0	0	0	0	0	0	0	0	0	0	0	0	0	0	0	0	0	0	0	0	0	0	0	0	0	0	0	0	0	0	0	0	0	0	0	0	0	0	0	0	0	0	0	0	0	0	500	0	0	0	0	0	0	0	0	0	0	0	0	500	0	0	0	0	0	0	500	0	0	0	0	0	0	0	0	0	0	0	0	0	0	0	0	0	0	0	0	0	
0	0	0	0	0	0	0	0	0	0	0	0	0	0	0	0	0	0	0	0	0	0	0	0	0	0	0	0	0	0	0	0	0	0	0	0	0	0	0	0	0	0	0	0	0	0	0	0	0	0	0	0	0	500	0	0	0	0	500	0	0	0	0	0	0	0	0	0	0	0	0	500	0	0	0	0	0	0	0	0	0	0	0	0	0	0	0	0	0	0	0	0	0	0	0	0	0	0	0	0	
0	0	0	0	0	0	0	0	0	0	0	0	0	0	0	0	0	0	0	0	0	0	0	0	0	0	0	0	0	0	0	500	0	0	0	500	0	0	0	0	500	0	0	0	0	0	0	0	0	0	0	0	0	0	0	0	0	0	0	0	0	0	0	0	0	0	0	0	0	0	0	0	0	0	0	0	0	0	0	0	0	0	0	0	0	0	0	0	0	0	0	0	0	0	0	0	0	0	0	0	
0	500	0	0	0	0	0	0	0	0	0	0	0	0	0	0	0	0	0	0	0	0	0	0	0	0	0	0	0	0	0	0	0	0	0	0	0	0	0	0	0	500	0	0	0	0	0	0	0	0	0	0	0	0	0	0	0	0	0	0	0	0	0	0	0	0	0	0	0	0	500	0	0	0	0	0	0	0	0	0	0	0	0	0	0	0	0	0	0	0	0	0	0	0	0	0	0	0	0	0	
0	0	0	0	0	0	0	0	0	0	0	0	0	0	0	0	0	0	0	0	0	0	0	0	0	0	500	0	0	0	0	0	0	500	0	0	0	0	500	0	0	0	0	0	0	0	0	0	0	0	0	0	0	0	0	0	0	0	0	0	0	0	0	0	0	0	0	0	0	0	0	0	0	0	0	0	0	0	0	0	0	0	0	0	0	0	0	0	0	0	0	0	0	0	0	0	0	0	0	0	
0	0	0	0	0	0	0	0	0	0	0	0	0	0	0	0	0	0	0	0	0	0	0	0	0	0	0	0	0	0	0	0	0	0	0	0	0	0	0	0	0	0	0	500	0	0	0	0	0	0	0	0	0	0	0	0	500	0	0	0	0	0	0	0	0	0	0	0	0	0	0	0	0	0	0	0	0	0	0	0	0	0	0	0	500	0	0	0	0	0	0	0	0	0	0	0	0	0	0	0	
0	0	0	0	0	0	0	0	0	0	0	0	0	0	0	0	0	0	0	0	0	0	0	0	0	0	0	0	0	0	0	0	0	0	0	0	0	0	0	0	0	0	0	0	0	0	0	0	0	0	0	0	0	500	0	0	0	0	0	0	0	0	0	0	0	0	0	0	0	0	0	0	0	0	0	0	0	0	0	0	500	0	0	0	0	0	0	0	0	0	0	500	0	0	0	0	0	0	0	0	
0	0	0	0	0	0	0	0	0	0	0	0	0	0	0	0	0	0	0	0	0	0	0	0	0	500	0	0	0	0	0	0	0	0	0	0	0	0	0	0	0	0	0	0	0	500	0	0	0	500	0	0	0	0	0	0	0	0	0	0	0	0	0	0	0	0	0	0	0	0	0	0	0	0	0	0	0	0	0	0	0	0	0	0	0	0	0	0	0	0	0	0	0	0	0	0	0	0	0	0	
0	0	0	0	0	0	0	0	0	0	0	0	0	0	0	0	0	0	0	0	0	0	0	0	0	0	0	0	0	0	0	0	0	0	0	0	0	0	0	0	0	0	0	0	0	0	0	0	0	0	0	0	0	0	0	500	0	0	0	0	0	0	0	0	0	0	0	0	0	0	0	0	0	0	0	0	0	0	0	0	0	0	0	0	0	0	0	0	0	0	0	500	0	0	500	0	0	0	0	0	
0	0	0	0	0	0	0	0	0	0	0	0	0	0	0	0	0	0	0	0	0	0	0	0	0	0	0	0	0	0	0	500	0	0	0	0	0	0	0	0	0	0	0	0	0	0	0	0	0	0	0	0	0	0	0	0	0	0	0	0	0	0	0	0	0	0	0	0	500	0	0	0	0	0	0	0	500	0	0	0	0	0	0	0	0	0	0	0	0	0	0	0	0	0	0	0	0	0	0	0	
0	0	0	0	0	0	0	0	0	0	0	0	0	0	0	0	0	0	0	0	0	0	0	0	0	0	0	0	0	0	0	0	0	0	0	0	0	0	0	0	0	0	0	0	0	0	0	0	0	0	0	0	0	0	0	0	0	0	0	0	0	0	0	0	500	0	0	0	0	0	0	0	0	0	500	0	0	0	0	0	0	0	0	0	0	0	0	0	0	0	500	0	0	0	0	0	0	0	0	0	
0	0	0	0	0	0	0	0	0	0	0	0	0	0	0	0	0	0	0	0	0	0	0	0	0	0	0	0	0	0	0	0	0	0	0	0	0	0	0	0	0	0	0	0	0	0	0	0	0	0	0	0	0	500	0	0	0	0	0	0	0	0	0	0	500	0	0	0	0	0	0	0	0	0	500	0	0	0	0	0	0	0	0	0	0	0	0	0	0	0	0	0	0	0	0	0	0	0	0	0	
0	0	0	0	0	0	0	0	0	0	0	0	0	0	0	0	0	0	0	0	0	0	0	500	0	0	0	0	0	0	0	0	0	0	0	0	0	0	0	0	0	0	0	0	0	0	0	0	0	0	0	500	0	0	0	0	0	0	0	0	0	0	0	0	0	0	0	0	0	500	0	0	0	0	0	0	0	0	0	0	0	0	0	0	0	0	0	0	0	0	0	0	0	0	0	0	0	0	0	0	
0	0	0	0	0	0	0	0	0	0	0	0	0	0	0	0	0	0	0	0	0	0	0	0	0	0	0	0	0	0	0	0	0	0	0	0	0	0	0	0	0	0	0	0	0	0	0	0	0	0	0	500	0	0	0	0	0	0	0	0	0	0	0	0	0	0	0	0	0	0	0	0	0	0	0	0	0	0	0	500	0	0	0	0	0	0	0	0	0	500	0	0	0	0	0	0	0	0	0	0	
0	0	0	0	0	500	0	0	0	0	0	0	0	0	0	0	0	0	0	0	0	0	0	0	0	0	500	500	0	0	0	0	0	0	0	0	0	0	0	0	0	0	0	0	0	0	0	0	0	0	0	0	0	0	0	0	0	0	0	0	0	0	0	0	0	0	0	0	0	0	0	0	0	0	0	0	0	0	0	0	0	0	0	0	0	0	0	0	0	0	0	0	0	0	0	0	0	0	0	0	
0	0	0	0	500	0	0	0	0	0	0	0	0	0	0	0	0	0	0	0	0	0	0	0	0	0	0	0	0	0	0	0	0	0	0	0	0	0	0	500	0	0	0	0	0	0	0	0	0	0	0	0	0	0	0	0	0	0	0	0	0	0	500	0	0	0	0	0	0	0	0	0	0	0	0	0	0	0	0	0	0	0	0	0	0	0	0	0	0	0	0	0	0	0	0	0	0	0	0	0	
0	0	0	0	0	0	0	0	0	0	0	0	0	0	0	0	0	0	0	500	0	0	0	0	0	0	0	0	0	0	0	0	0	0	500	0	0	0	0	0	0	0	0	0	0	0	0	0	500	0	0	0	0	0	0	0	0	0	0	0	0	0	0	0	0	0	0	0	0	0	0	0	0	0	0	0	0	0	0	0	0	0	0	0	0	0	0	0	0	0	0	0	0	0	0	0	0	0	0	0	
0	0	0	0	0	0	0	0	0	0	0	0	0	0	0	0	0	0	0	0	0	0	0	0	0	0	0	0	0	0	0	0	0	0	0	0	0	0	0	0	0	0	0	0	0	0	0	0	0	0	0	0	0	0	0	0	0	0	0	0	0	0	0	0	0	0	0	0	0	0	0	0	0	0	0	0	0	0	500	500	0	0	0	0	0	0	0	0	0	500	0	0	0	0	0	0	0	0	0	0	
0	0	0	0	0	0	0	0	0	0	0	0	0	0	500	0	0	0	0	0	0	0	0	0	0	0	0	0	0	0	0	0	0	0	0	0	0	0	0	0	0	0	0	0	0	0	0	0	0	500	0	0	0	0	0	0	0	0	0	0	0	0	0	0	0	0	0	0	0	0	0	0	500	0	0	0	0	0	0	0	0	0	0	0	0	0	0	0	0	0	0	0	0	0	0	0	0	0	0	0	
0	0	0	0	0	0	0	0	0	0	0	500	0	0	0	0	0	0	0	0	0	500	0	0	0	0	0	0	0	0	0	0	0	0	0	0	0	0	0	0	0	0	0	0	0	0	0	0	0	0	0	0	0	0	0	0	0	0	0	0	0	0	0	0	0	0	0	0	0	0	0	0	0	0	0	0	0	0	0	0	0	0	0	0	0	0	0	0	0	0	0	0	0	0	0	0	0	0	0	500	
0	0	0	0	0	500	0	0	0	0	0	0	0	0	0	0	0	0	0	0	0	500	0	0	0	0	0	0	0	0	0	0	0	0	0	0	0	0	0	0	0	500	0	0	0	0	0	0	0	0	0	0	0	0	0	0	0	0	0	0	0	0	0	0	0	0	0	0	0	0	0	0	0	0	0	0	0	0	0	0	0	0	0	0	0	0	0	0	0	0	0	0	0	0	0	0	0	0	0	0	
0	0	0	0	0	0	0	0	0	0	0	0	0	0	0	0	0	0	0	0	0	0	0	0	0	0	0	0	0	0	0	0	0	0	0	0	0	0	0	0	0	0	0	0	0	0	0	0	0	0	0	0	0	0	0	0	0	500	0	0	0	0	0	0	0	0	0	0	0	0	0	0	0	0	0	0	0	0	0	0	0	500	0	500	0	0	0	0	0	0	0	0	0	0	0	0	0	0	0	0	
500	0	0	0	0	0	0	0	0	0	0	0	0	0	0	0	0	0	0	0	0	0	0	0	0	0	0	0	0	0	0	0	0	500	0	0	0	0	0	0	0	0	0	0	0	0	0	0	0	0	0	0	0	0	0	0	0	0	0	0	0	500	0	0	0	0	0	0	0	0	0	0	0	0	0	0	0	0	0	0	0	0	0	0	0	0	0	0	0	0	0	0	0	0	0	0	0	0	0	0	
0	0	0	0	0	0	0	0	0	0	0	0	0	0	0	0	0	0	0	0	0	0	0	0	0	0	0	0	0	0	0	0	0	0	0	0	0	0	0	0	0	0	0	0	0	0	0	500	0	0	0	0	0	0	0	0	0	0	0	0	0	0	0	0	0	0	0	500	0	0	0	0	0	0	0	0	0	0	0	0	0	0	500	0	0	0	0	0	0	0	0	0	0	0	0	0	0	0	0	0	
0	0	0	0	0	0	0	0	0	500	0	0	0	0	0	0	500	0	0	0	0	0	0	0	0	0	0	0	0	0	0	0	0	0	0	0	0	0	0	0	0	0	0	0	0	0	0	0	0	0	0	0	0	0	0	0	0	0	0	0	0	0	0	0	0	0	0	0	500	0	0	0	0	0	0	0	0	0	0	0	0	0	0	0	0	0	0	0	0	0	0	0	0	0	0	0	0	0	0	0	
0	0	0	0	0	0	0	0	0	0	0	0	0	0	0	0	0	0	0	0	0	0	0	0	0	0	0	0	0	0	0	0	0	0	0	0	0	0	0	0	0	0	0	0	0	500	0	0	0	0	0	0	0	0	0	0	0	0	0	500	0	0	500	0	0	0	0	0	0	0	0	0	0	0	0	0	0	0	0	0	0	0	0	0	0	0	0	0	0	0	0	0	0	0	0	0	0	0	0	0	
500	0	0	0	0	0	0	0	0	0	0	500	0	0	0	0	0	0	0	0	0	0	0	0	0	0	0	0	0	500	0	0	0	0	0	0	0	0	0	0	0	0	0	0	0	0	0	0	0	0	0	0	0	0	0	0	0	0	0	0	0	0	0	0	0	0	0	0	0	0	0	0	0	0	0	0	0	0	0	0	0	0	0	0	0	0	0	0	0	0	0	0	0	0	0	0	0	0	0	0	
0	0	0	0	0	0	0	0	0	0	0	0	0	0	0	0	0	0	0	0	0	0	0	500	0	0	0	0	0	0	0	0	0	0	0	0	0	0	0	0	0	0	0	0	0	0	0	0	500	0	0	0	0	0	0	0	0	0	0	0	0	0	0	0	0	0	0	0	0	500	0	0	0	0	0	0	0	0	0	0	0	0	0	0	0	0	0	0	0	0	0	0	0	0	0	0	0	0	0	0	
0	0	0	0	0	0	0	0	0	500	0	0	0	0	0	0	0	0	0	0	0	0	0	0	0	0	0	0	0	0	0	0	0	0	0	0	0	0	0	0	500	0	0	0	0	0	0	0	0	0	0	0	0	0	0	0	0	0	0	0	0	500	0	0	0	0	0	0	0	0	0	0	0	0	0	0	0	0	0	0	0	0	0	0	0	0	0	0	0	0	0	0	0	0	0	0	0	0	0	0	
0	0	0	0	0	0	0	0	0	0	0	0	0	0	0	0	0	0	0	0	0	0	0	0	0	0	0	0	0	0	0	0	0	0	0	0	0	500	0	0	0	0	0	500	0	0	0	0	0	0	0	0	0	0	0	0	0	0	0	0	0	0	0	0	0	0	0	0	0	0	0	0	0	0	0	0	0	0	0	0	0	0	0	0	0	500	0	0	0	0	0	0	0	0	0	0	0	0	0	0	
0	0	0	500	0	0	0	0	0	0	0	0	0	0	0	0	0	0	0	0	0	0	0	0	0	0	0	0	0	0	0	0	0	0	0	0	500	0	0	0	0	0	0	0	0	0	0	0	0	0	0	0	0	0	0	0	0	0	0	0	0	0	0	0	0	0	0	0	0	0	0	0	0	0	0	0	0	0	0	0	0	0	0	0	0	0	0	0	0	0	0	0	0	0	0	500	0	0	0	0	
0	0	0	0	0	0	0	0	0	0	0	500	0	0	0	0	0	0	0	0	0	0	0	0	0	0	0	0	0	0	0	0	0	0	0	0	0	0	0	0	0	0	0	0	0	0	0	0	0	0	500	0	0	0	0	0	0	0	0	0	0	0	0	0	0	0	0	500	0	0	0	0	0	0	0	0	0	0	0	0	0	0	0	0	0	0	0	0	0	0	0	0	0	0	0	0	0	0	0	0	
0	0	0	0	500	0	0	0	0	0	0	0	0	0	0	0	0	0	0	0	0	0	500	0	0	0	0	0	0	0	0	0	0	0	0	0	0	0	0	0	0	0	0	0	0	0	0	0	0	0	0	0	0	0	0	0	0	0	0	500	0	0	0	0	0	0	0	0	0	0	0	0	0	0	0	0	0	0	0	0	0	0	0	0	0	0	0	0	0	0	0	0	0	0	0	0	0	0	0	0	
500	0	0	0	0	0	0	0	0	500	0	0	0	0	0	0	0	0	0	0	0	0	0	0	0	0	0	0	0	0	0	0	0	0	0	500	0	0	0	0	0	0	0	0	0	0	0	0	0	0	0	0	0	0	0	0	0	0	0	0	0	0	0	0	0	0	0	0	0	0	0	0	0	0	0	0	0	0	0	0	0	0	0	0	0	0	0	0	0	0	0	0	0	0	0	0	0	0	0	0	
0	500	0	0	0	0	0	0	0	0	500	0	0	0	0	0	0	0	0	0	0	0	0	0	0	0	0	500	0	0	0	0	0	0	0	0	0	0	0	0	0	0	0	0	0	0	0	0	0	0	0	0	0	0	0	0	0	0	0	0	0	0	0	0	0	0	0	0	0	0	0	0	0	0	0	0	0	0	0	0	0	0	0	0	0	0	0	0	0	0	0	0	0	0	0	0	0	0	0	0	
0	0	0	0	0	0	0	0	0	0	0	0	0	0	0	0	0	0	0	0	0	0	0	0	0	0	0	0	0	0	0	0	0	0	0	0	0	0	0	0	0	0	0	0	0	0	0	0	0	0	0	0	0	0	0	0	0	0	0	0	0	0	0	0	0	0	0	0	0	0	0	0	0	0	500	0	500	0	0	0	0	0	0	0	0	0	0	0	0	0	500	0	0	0	0	0	0	0	0	0	
0	0	500	0	0	0	0	0	0	0	0	0	500	0	0	0	0	0	0	0	0	0	0	0	0	0	0	0	0	0	0	0	0	0	0	0	500	0	0	0	0	0	0	0	0	0	0	0	0	0	0	0	0	0	0	0	0	0	0	0	0	0	0	0	0	0	0	0	0	0	0	0	0	0	0	0	0	0	0	0	0	0	0	0	0	0	0	0	0	0	0	0	0	0	0	0	0	0	0	0	
0	0	0	0	500	0	0	0	0	0	0	0	0	0	0	0	0	0	0	0	0	0	0	0	0	0	0	0	0	0	0	0	0	0	0	0	0	0	0	0	0	0	0	0	0	0	0	0	0	0	0	0	500	0	0	0	0	0	0	0	0	0	0	0	0	0	0	0	0	0	0	0	0	0	0	0	0	0	0	0	0	0	0	500	0	0	0	0	0	0	0	0	0	0	0	0	0	0	0	0	
0	0	0	0	0	0	0	0	0	0	0	0	0	0	500	0	0	0	0	0	0	0	0	0	0	0	0	0	0	0	0	0	500	0	0	0	0	0	0	0	0	0	0	0	0	0	0	0	0	500	0	0	0	0	0	0	0	0	0	0	0	0	0	0	0	0	0	0	0	0	0	0	0	0	0	0	0	0	0	0	0	0	0	0	0	0	0	0	0	0	0	0	0	0	0	0	0	0	0	0	
0	0	0	0	0	0	0	0	0	0	0	0	0	0	0	0	0	0	0	0	0	0	0	0	0	0	0	0	0	0	0	0	0	0	0	0	0	0	0	0	0	0	0	0	0	0	0	0	0	0	0	0	0	0	0	0	0	0	0	0	0	0	0	0	0	0	0	0	500	0	0	0	0	0	0	0	0	0	0	0	0	0	0	0	500	0	0	0	0	0	500	0	0	0	0	0	0	0	0	0	
0	0	0	0	0	0	0	0	0	0	0	0	0	0	0	0	0	0	0	0	0	0	0	0	0	0	0	0	0	0	500	0	0	0	0	0	0	0	0	0	0	0	0	0	0	0	0	0	0	0	0	0	0	0	0	0	0	0	0	0	0	0	0	0	0	0	0	0	0	0	0	0	0	0	0	0	0	0	0	0	0	0	500	0	0	0	0	0	0	0	0	0	0	0	0	0	0	500	0	0	
0	0	0	0	0	0	0	0	0	0	0	0	0	0	0	0	0	0	0	0	0	0	0	500	0	0	0	0	0	0	0	0	0	0	500	0	0	0	0	0	0	0	0	0	0	0	0	0	0	0	0	0	0	0	0	0	0	0	0	0	0	0	0	0	0	0	0	0	0	500	0	0	0	0	0	0	0	0	0	0	0	0	0	0	0	0	0	0	0	0	0	0	0	0	0	0	0	0	0	0	
0	0	0	0	0	0	0	0	0	0	0	0	0	0	500	0	0	0	0	0	0	0	0	0	0	500	0	0	0	0	0	0	0	0	0	0	0	0	0	0	0	0	0	0	0	500	0	0	0	0	0	0	0	0	0	0	0	0	0	0	0	0	0	0	0	0	0	0	0	0	0	0	0	0	0	0	0	0	0	0	0	0	0	0	0	0	0	0	0	0	0	0	0	0	0	0	0	0	0	0	
0	0	0	0	0	0	0	0	0	0	0	0	0	0	0	0	0	0	0	0	0	0	0	0	0	0	0	0	0	0	0	0	0	0	0	0	0	0	500	0	0	0	0	0	0	0	0	0	0	0	0	0	0	0	0	0	0	0	0	0	0	500	0	0	0	0	0	500	0	0	0	0	0	0	0	0	0	0	0	0	0	0	0	0	0	0	0	0	0	0	0	0	0	0	0	0	0	0	0	0	
0	0	0	0	0	0	0	0	0	0	0	0	0	0	0	0	0	0	0	500	500	0	0	0	0	0	0	0	0	0	0	0	0	0	0	0	0	0	0	0	0	0	0	0	0	0	0	0	0	0	0	0	0	0	0	0	0	0	0	0	0	0	0	0	0	0	0	0	0	0	0	0	0	0	0	0	0	0	0	0	0	0	0	0	0	0	0	0	0	500	0	0	0	0	0	0	0	0	0	0	
0	0	0	0	0	0	0	0	0	0	0	0	0	0	0	0	0	0	0	0	0	0	0	0	0	0	0	0	0	0	0	0	0	0	0	0	0	0	0	0	0	0	0	0	500	0	0	0	0	0	0	0	0	0	0	0	0	500	0	0	0	0	0	0	0	0	0	0	0	0	0	0	0	0	0	0	0	0	0	0	0	0	0	500	0	0	0	0	0	0	0	0	0	0	0	0	0	0	0	0	
0	0	0	0	0	0	0	0	500	0	0	0	0	500	0	0	0	0	500	0	0	0	0	0	0	0	0	0	0	0	0	0	0	0	0	0	0	0	0	0	0	0	0	0	0	0	0	0	0	0	0	0	0	0	0	0	0	0	0	0	0	0	0	0	0	0	0	0	0	0	0	0	0	0	0	0	0	0	0	0	0	0	0	0	0	0	0	0	0	0	0	0	0	0	0	0	0	0	0	0	
0	0	0	0	0	0	0	0	0	0	0	0	0	0	0	0	0	0	0	0	0	0	0	0	0	0	0	0	0	0	0	0	0	0	0	0	0	0	0	0	0	0	0	0	0	0	0	0	0	0	0	0	0	0	0	500	0	0	0	0	0	0	0	0	0	0	0	0	0	0	0	0	500	500	0	0	0	0	0	0	0	0	0	0	0	0	0	0	0	0	0	0	0	0	0	0	0	0	0	0	
0	0	0	0	0	0	0	0	0	0	0	0	0	0	0	500	0	0	0	0	0	0	0	0	0	0	0	0	0	0	0	0	0	0	0	0	0	0	0	0	0	0	0	0	0	0	0	0	0	0	0	0	0	0	500	0	0	0	0	0	0	0	0	0	0	0	0	0	0	0	0	0	0	500	0	0	0	0	0	0	0	0	0	0	0	0	0	0	0	0	0	0	0	0	0	0	0	0	0	0	
0	0	500	0	0	0	0	0	0	0	0	0	500	0	0	0	0	0	0	0	0	0	0	0	0	0	0	0	0	0	0	0	0	0	0	0	0	0	0	0	0	0	0	0	0	0	0	0	0	0	0	0	0	0	0	0	0	0	0	0	0	0	0	0	0	0	0	0	0	0	0	0	0	0	0	0	0	0	0	0	0	0	0	0	500	0	0	0	0	0	0	0	0	0	0	0	0	0	0	0	
0	0	0	0	0	0	0	0	0	0	0	0	0	0	0	0	0	0	0	0	0	0	0	0	0	0	0	0	500	0	0	0	0	0	0	0	0	0	0	0	0	0	0	0	0	0	0	0	0	0	0	0	500	0	0	0	0	0	0	0	0	0	0	0	0	0	500	0	0	0	0	0	0	0	0	0	0	0	0	0	0	0	0	0	0	0	0	0	0	0	0	0	0	0	0	0	0	0	0	0	
0	0	0	0	0	0	500	500	500	0	0	0	0	0	0	0	0	0	0	0	0	0	0	0	0	0	0	0	0	0	0	0	0	0	0	0	0	0	0	0	0	0	0	0	0	0	0	0	0	0	0	0	0	0	0	0	0	0	0	0	0	0	0	0	0	0	0	0	0	0	0	0	0	0	0	0	0	0	0	0	0	0	0	0	0	0	0	0	0	0	0	0	0	0	0	0	0	0	0	0	
0	0	0	0	0	0	0	0	0	0	0	0	0	0	0	0	0	0	0	0	0	0	0	0	0	0	0	0	0	0	0	0	500	0	0	0	0	0	0	500	0	0	0	0	0	0	0	0	0	0	0	0	0	0	0	0	0	0	0	0	0	0	500	0	0	0	0	0	0	0	0	0	0	0	0	0	0	0	0	0	0	0	0	0	0	0	0	0	0	0	0	0	0	0	0	0	0	0	0	0	
0	0	0	0	0	0	0	0	0	0	0	0	0	0	0	0	0	0	0	0	0	0	0	0	0	0	0	0	0	0	0	0	0	0	0	0	0	0	0	0	0	0	0	0	0	0	0	0	0	0	0	0	0	0	0	0	0	0	0	0	0	0	0	500	0	0	0	0	0	0	0	0	0	0	0	0	0	0	0	0	0	0	0	0	0	0	0	0	500	0	0	0	500	0	0	0	0	0	0	0	
0	0	0	0	0	0	0	0	0	0	0	0	0	0	0	0	0	0	0	0	0	0	0	0	0	0	0	0	0	500	0	0	0	0	0	500	0	0	0	0	0	0	0	0	0	0	0	0	0	0	500	0	0	0	0	0	0	0	0	0	0	0	0	0	0	0	0	0	0	0	0	0	0	0	0	0	0	0	0	0	0	0	0	0	0	0	0	0	0	0	0	0	0	0	0	0	0	0	0	0	
0	0	0	0	0	0	0	0	0	0	0	0	0	0	0	0	0	0	0	0	0	0	500	0	0	0	0	0	0	0	0	0	500	0	0	0	0	0	0	0	0	0	0	0	0	0	0	0	0	0	0	0	0	0	0	0	0	0	0	500	0	0	0	0	0	0	0	0	0	0	0	0	0	0	0	0	0	0	0	0	0	0	0	0	0	0	0	0	0	0	0	0	0	0	0	0	0	0	0	0	
0	0	0	0	0	0	0	0	0	0	0	0	0	0	0	0	0	0	0	0	0	0	0	0	0	0	0	0	0	0	0	0	0	0	0	0	0	0	0	0	0	0	0	0	0	0	0	0	0	0	0	0	0	0	0	0	0	0	0	0	500	0	0	0	0	0	0	0	0	0	0	0	0	0	0	0	0	0	0	0	0	0	0	0	0	0	0	0	500	0	0	0	500	0	0	0	0	0	0	0	
0	0	0	0	0	0	500	0	0	0	0	0	0	0	0	0	0	500	500	0	0	0	0	0	0	0	0	0	0	0	0	0	0	0	0	0	0	0	0	0	0	0	0	0	0	0	0	0	0	0	0	0	0	0	0	0	0	0	0	0	0	0	0	0	0	0	0	0	0	0	0	0	0	0	0	0	0	0	0	0	0	0	0	0	0	0	0	0	0	0	0	0	0	0	0	0	0	0	0	0	
0	0	500	0	0	0	0	0	0	0	0	0	0	0	0	0	0	0	0	0	0	0	0	0	0	0	0	0	0	0	0	0	0	0	0	0	0	0	0	0	0	0	0	0	0	0	0	0	0	0	0	0	0	0	0	0	0	0	0	0	0	0	0	0	0	0	0	0	0	0	0	0	0	0	0	0	0	0	0	0	0	0	0	0	0	500	0	0	0	0	0	0	0	0	0	500	0	0	0	0	
0	0	0	0	0	0	0	0	0	0	0	0	0	0	0	0	0	0	0	0	0	0	0	0	0	0	0	0	0	0	0	0	0	0	0	0	0	0	0	0	0	0	0	0	0	0	0	0	0	0	0	0	0	0	0	0	0	500	0	0	0	0	0	0	0	0	0	0	0	0	0	0	0	0	0	0	0	500	0	0	0	500	0	0	0	0	0	0	0	0	0	0	0	0	0	0	0	0	0	0	
0	0	0	0	0	0	0	0	0	0	0	0	0	0	0	0	0	0	0	0	0	0	0	0	0	0	0	0	0	0	500	0	0	0	0	0	0	0	500	0	0	0	0	0	0	0	0	0	0	0	500	0	0	0	0	0	0	0	0	0	0	0	0	0	0	0	0	0	0	0	0	0	0	0	0	0	0	0	0	0	0	0	0	0	0	0	0	0	0	0	0	0	0	0	0	0	0	0	0	0	
0	0	0	0	0	0	0	0	0	0	0	0	0	0	0	0	500	0	0	0	0	0	0	0	0	0	0	0	0	0	0	500	0	0	0	0	0	0	0	0	0	0	0	0	0	0	500	0	0	0	0	0	0	0	0	0	0	0	0	0	0	0	0	0	0	0	0	0	0	0	0	0	0	0	0	0	0	0	0	0	0	0	0	0	0	0	0	0	0	0	0	0	0	0	0	0	0	0	0	0	
0	0	0	0	0	0	0	0	0	0	0	0	0	0	0	0	0	0	0	500	0	0	0	0	0	0	0	0	0	0	0	0	0	0	500	0	0	0	0	0	0	0	0	0	0	0	0	0	500	0	0	0	0	0	0	0	0	0	0	0	0	0	0	0	0	0	0	0	0	0	0	0	0	0	0	0	0	0	0	0	0	0	0	0	0	0	0	0	0	0	0	0	0	0	0	0	0	0	0	0	
0	500	0	0	0	500	0	0	0	0	500	0	0	0	0	0	0	0	0	0	0	0	0	0	0	0	0	0	0	0	0	0	0	0	0	0	0	0	0	0	0	0	0	0	0	0	0	0	0	0	0	0	0	0	0	0	0	0	0	0	0	0	0	0	0	0	0	0	0	0	0	0	0	0	0	0	0	0	0	0	0	0	0	0	0	0	0	0	0	0	0	0	0	0	0	0	0	0	0	0	
0	0	0	0	0	0	500	500	500	0	0	0	0	0	0	0	0	0	0	0	0	0	0	0	0	0	0	0	0	0	0	0	0	0	0	0	0	0	0	0	0	0	0	0	0	0	0	0	0	0	0	0	0	0	0	0	0	0	0	0	0	0	0	0	0	0	0	0	0	0	0	0	0	0	0	0	0	0	0	0	0	0	0	0	0	0	0	0	0	0	0	0	0	0	0	0	0	0	0	0	
0	0	0	0	0	0	0	0	0	0	0	0	0	0	0	0	0	0	0	0	0	0	0	0	0	500	0	0	0	0	0	0	0	0	0	0	0	0	0	0	0	0	0	0	0	0	0	0	0	0	0	0	0	0	500	0	0	0	0	0	0	0	0	0	0	0	0	0	0	0	0	0	0	0	0	0	0	0	0	0	0	0	0	0	0	0	0	0	0	0	0	0	0	0	500	0	0	0	0	0	
0	0	0	0	0	0	0	0	0	0	0	0	0	0	0	0	0	0	0	0	0	0	0	0	0	0	0	0	0	0	0	0	0	0	0	0	0	0	0	0	0	0	0	0	0	0	0	0	0	0	0	0	0	0	500	500	0	0	0	0	0	0	0	0	0	0	0	0	0	0	0	0	0	0	0	0	0	0	0	0	0	0	0	0	0	0	0	0	0	0	0	0	0	500	0	0	0	0	0	0	
0	0	0	0	0	0	0	0	0	0	0	0	0	0	0	0	0	500	500	0	0	0	0	0	0	0	0	0	0	0	0	0	0	0	0	0	0	0	0	0	0	0	500	0	0	0	0	0	0	0	0	0	0	0	0	0	0	0	0	0	0	0	0	0	0	0	0	0	0	0	0	0	0	0	0	0	0	0	0	0	0	0	0	0	0	0	0	0	0	0	0	0	0	0	0	0	0	0	0	0	
0	0	0	0	0	0	0	0	0	0	0	0	0	0	0	0	0	0	0	0	0	0	0	0	0	0	0	0	0	0	0	0	0	0	0	0	0	0	0	0	0	0	0	0	0	0	0	0	0	0	0	0	0	0	0	0	0	0	0	0	0	0	0	0	0	0	0	0	0	0	0	0	0	0	0	0	0	0	0	0	0	500	0	0	0	0	0	0	0	0	0	0	0	0	0	0	500	0	500	0	
0	0	0	0	0	0	0	0	0	0	0	0	0	0	0	0	500	0	0	0	0	0	0	0	0	0	0	0	0	0	0	0	0	0	0	0	0	0	0	0	0	0	500	0	0	0	0	0	0	0	0	0	0	0	0	0	0	0	0	0	0	0	0	0	0	0	0	0	0	0	0	0	0	0	0	0	0	500	0	0	0	0	0	0	0	0	0	0	0	0	0	0	0	0	0	0	0	0	0	0	
0	0	0	0	0	0	0	0	0	0	0	0	0	0	0	0	0	0	0	0	0	0	0	0	0	0	0	0	0	0	0	0	0	0	0	0	0	0	0	0	0	0	0	0	0	0	0	0	0	0	0	0	0	0	0	0	0	0	0	0	0	0	0	0	0	0	500	0	0	0	0	0	0	0	0	0	500	0	0	0	0	0	0	0	0	0	0	0	0	0	0	500	0	0	0	0	0	0	0	0	
0	0	0	0	0	0	0	500	0	0	0	0	0	0	0	0	0	0	0	0	0	0	0	0	500	0	0	0	0	0	0	0	0	0	0	0	0	0	0	0	0	0	0	0	0	0	0	0	0	0	0	0	0	0	0	0	0	0	0	0	0	0	0	0	0	0	0	0	0	0	0	0	0	0	0	0	0	0	0	500	0	0	0	0	0	0	0	0	0	0	0	0	0	0	0	0	0	0	0	0	
0	0	0	0	0	0	0	0	0	0	0	0	0	0	0	0	0	0	0	0	500	0	0	0	500	0	0	0	0	0	0	0	0	0	0	0	0	0	0	0	0	0	0	0	0	0	0	0	0	0	0	0	0	0	0	0	0	0	0	0	0	0	0	0	0	0	0	0	0	0	0	0	0	0	0	0	0	0	500	0	0	0	0	0	0	0	0	0	0	0	0	0	0	0	0	0	0	0	0	0	
0	0	0	0	0	0	0	0	0	0	0	0	0	500	0	0	0	0	0	0	0	0	0	0	0	0	0	0	0	0	0	0	0	0	0	0	0	0	0	0	0	0	0	0	0	0	0	0	0	0	0	0	0	0	0	0	0	0	0	0	0	0	0	0	0	0	0	0	0	0	0	0	0	0	0	0	0	0	0	0	0	0	0	0	0	0	0	0	0	0	0	0	0	500	500	0	0	0	0	0	
0	0	0	0	0	0	0	0	0	0	0	0	0	0	0	0	0	0	0	0	0	0	0	0	0	0	0	0	500	0	0	0	0	0	0	0	0	0	0	0	0	0	0	0	0	0	0	0	0	0	0	0	0	0	0	0	0	0	0	0	0	0	0	0	0	0	500	0	0	0	0	0	0	0	0	500	0	0	0	0	0	0	0	0	0	0	0	0	0	0	0	0	0	0	0	0	0	0	0	0	
0	0	0	0	0	0	0	0	0	0	0	0	0	0	0	0	0	0	0	0	0	0	0	0	0	0	0	0	0	0	500	0	0	0	0	0	0	0	0	0	0	0	0	0	0	0	0	500	0	0	0	0	0	0	0	0	0	0	0	0	0	0	0	0	0	0	0	0	0	0	0	0	0	0	0	0	0	0	0	0	0	0	0	0	0	0	0	0	0	0	0	0	0	0	0	0	0	500	0	0	
0	0	0	0	0	0	0	0	0	0	0	0	0	0	0	0	0	0	0	0	0	0	0	0	0	0	0	0	500	0	0	0	0	0	0	0	0	0	0	0	0	0	0	0	500	0	0	0	0	0	0	0	500	0	0	0	0	0	0	0	0	0	0	0	0	0	0	0	0	0	0	0	0	0	0	0	0	0	0	0	0	0	0	0	0	0	0	0	0	0	0	0	0	0	0	0	0	0	0	0	
0	0	0	0	0	0	0	0	0	0	0	0	500	0	0	0	0	0	0	0	0	0	0	0	0	0	0	0	0	0	0	0	0	0	0	0	0	0	0	0	0	0	0	0	0	0	500	0	0	0	0	0	0	0	0	0	500	0	0	0	0	0	0	0	0	0	0	0	0	0	0	0	0	0	0	0	0	0	0	0	0	0	0	0	0	0	0	0	0	0	0	0	0	0	0	0	0	0	0	0	
0	0	0	500	0	0	0	0	0	0	0	0	0	0	0	0	0	0	0	0	0	0	0	0	0	0	0	0	0	0	0	0	0	0	0	0	500	0	0	0	0	0	0	0	0	0	0	0	0	0	0	0	0	0	0	0	0	0	0	0	0	0	0	0	0	500	0	0	0	0	0	0	0	0	0	0	0	0	0	0	0	0	0	0	0	0	0	0	0	0	0	0	0	0	0	0	0	0	0	0	
0	0	0	0	0	0	0	0	0	0	0	0	0	0	0	0	0	0	0	0	0	0	0	0	0	0	0	0	0	0	0	0	0	0	0	0	0	0	0	0	0	0	0	0	0	0	0	0	0	0	0	0	0	0	0	0	0	0	0	0	0	0	0	0	0	0	0	0	0	0	0	0	0	0	0	0	0	0	0	0	0	0	0	0	0	0	0	500	0	0	0	0	0	500	0	0	0	0	0	500	
0	0	0	0	0	0	0	0	0	0	0	0	0	0	0	0	0	0	0	0	0	0	0	0	0	0	0	0	0	0	0	0	0	0	0	0	0	0	0	0	0	0	0	0	0	0	0	0	0	0	0	0	0	0	0	0	0	0	0	0	0	0	0	0	0	0	0	0	0	0	0	0	0	0	0	0	0	0	0	0	0	0	0	0	0	0	500	0	500	0	0	0	0	0	0	0	0	500	0	0	
0	0	0	0	0	0	0	0	0	0	0	0	0	0	0	0	0	0	0	0	0	0	0	0	0	0	0	0	0	0	0	0	0	0	0	0	0	0	0	0	0	0	0	0	0	0	0	0	0	0	0	0	0	0	0	0	0	0	0	0	500	0	0	500	0	0	0	0	0	0	0	0	0	0	0	0	0	0	0	0	0	0	0	0	0	0	0	500	0	0	0	0	0	0	0	0	0	0	0	0	
0	0	0	0	0	0	0	0	0	0	0	0	0	0	0	0	0	0	0	0	500	0	0	0	500	0	0	0	0	0	0	0	0	0	0	0	0	0	0	0	0	0	0	0	0	0	0	0	0	0	0	500	0	0	0	0	0	0	0	0	0	0	0	0	0	0	0	0	0	0	0	0	0	0	0	0	0	0	0	0	0	0	0	0	0	0	0	0	0	0	0	0	0	0	0	0	0	0	0	0	
0	0	0	0	0	0	0	0	0	0	0	0	0	0	0	0	0	500	0	0	0	0	0	0	0	0	0	0	0	0	0	0	0	0	0	0	0	0	0	0	0	0	500	0	0	0	500	0	0	0	0	0	0	0	0	0	0	0	0	0	0	0	0	0	0	0	0	0	0	0	0	0	0	0	0	0	0	0	0	0	0	0	0	0	0	0	0	0	0	0	0	0	0	0	0	0	0	0	0	0	
0	0	0	0	0	0	0	0	0	0	0	0	0	500	0	500	0	0	0	0	0	0	0	0	0	0	0	0	0	0	0	0	0	0	0	0	0	0	0	0	0	0	0	0	0	0	0	0	0	0	0	0	0	0	0	0	0	0	0	0	0	0	0	0	0	0	0	0	0	0	0	0	0	0	0	0	0	500	0	0	0	0	0	0	0	0	0	0	0	0	0	0	0	0	0	0	0	0	0	0	
0	0	0	0	0	0	0	0	0	0	0	0	0	0	0	0	0	0	0	0	0	0	0	0	0	0	0	0	0	0	0	0	0	0	0	0	0	0	0	0	0	0	0	0	0	0	0	0	0	0	0	0	0	0	0	0	0	0	0	0	500	0	0	500	0	0	0	0	0	0	0	0	0	0	0	0	0	0	0	0	0	0	0	0	0	0	0	0	0	0	0	0	0	0	0	0	0	0	500	0	
0	0	0	0	0	0	0	0	0	0	0	0	0	0	0	0	0	0	0	0	0	0	0	0	0	0	0	0	0	0	0	0	0	0	0	0	0	0	0	0	0	0	0	0	0	0	0	0	0	0	0	0	0	0	0	0	0	0	0	0	0	0	0	0	0	0	0	0	0	0	0	0	0	500	0	0	0	0	0	0	500	0	0	0	0	0	500	0	0	0	0	0	0	0	0	0	0	0	0	0	
0	0	0	0	0	0	0	0	0	0	0	0	0	0	0	500	0	0	0	0	0	0	0	0	0	0	0	0	0	0	0	0	0	0	0	0	0	0	0	0	0	0	0	0	0	0	0	0	0	0	0	0	0	0	0	0	0	0	0	0	0	0	0	0	0	0	0	0	0	0	0	0	500	0	0	0	0	0	0	0	500	0	0	0	0	0	0	0	0	0	0	0	0	0	0	0	0	0	0	0	
0	0	0	500	0	0	0	0	0	0	0	0	0	0	0	0	0	0	0	0	0	0	0	0	0	0	0	0	0	0	0	0	0	0	0	0	0	500	0	0	0	0	0	0	0	0	0	0	0	0	0	0	0	0	0	0	0	0	0	0	0	0	0	0	0	500	0	0	0	0	0	0	0	0	0	0	0	0	0	0	0	0	0	0	0	0	0	0	0	0	0	0	0	0	0	0	0	0	0	0	
0	0	0	0	0	0	0	0	0	0	0	0	0	0	0	0	0	0	0	0	0	0	0	0	0	0	0	0	0	0	0	0	0	0	0	0	0	0	0	0	0	0	0	0	0	0	0	0	0	0	0	0	0	0	0	0	0	0	0	0	0	0	0	0	0	0	0	0	0	0	0	0	0	0	0	500	0	0	0	0	0	0	0	0	0	0	0	0	0	0	0	0	0	0	0	0	0	0	500	500	
0	0	0	0	0	0	0	0	0	0	0	0	0	0	0	0	0	0	0	0	0	0	0	0	0	0	0	0	0	0	0	0	0	0	0	0	0	0	0	0	0	0	0	0	0	0	0	500	0	0	0	0	0	0	0	0	0	0	0	0	0	0	0	0	0	0	0	0	0	0	0	0	0	0	0	0	0	0	0	0	0	0	500	0	0	0	0	500	0	0	0	0	0	0	0	0	0	0	0	0	
0	0	0	0	0	0	0	0	0	0	0	0	0	0	0	0	0	0	0	0	0	0	0	0	0	0	0	0	0	0	0	0	0	0	0	0	0	0	0	0	0	0	0	0	0	0	0	0	0	0	0	0	0	0	0	0	0	0	0	0	0	0	0	0	0	0	0	0	0	0	0	0	0	0	0	500	0	0	0	0	0	0	0	0	0	0	0	0	0	0	0	0	500	0	0	0	500	0	0	0	
0	0	0	0	0	0	0	0	0	0	0	0	0	0	0	0	0	0	0	0	0	0	0	0	0	0	500	0	0	0	0	0	0	0	0	0	0	0	0	0	0	0	0	0	0	0	0	0	0	0	0	0	0	0	0	0	0	0	0	0	0	0	0	0	0	0	0	0	0	0	0	0	0	0	0	0	0	0	0	0	0	0	0	0	0	0	500	0	0	0	0	0	0	0	0	0	500	0	0	0	
22	12	88	81	63	71	50	49	3	11	45	18	62	2	50	64	34	40	42	52	75	35	13	80	42	52	82	59	41	59	72	60	76	42	25	22	56	42	14	40	79	43	24	34	74	51	56	33	48	67	19	91	36	3	34	23	7	61	45	64	13	81	7	69	35	82	23	33	95	46	63	4	1	61	68	87	30	34	75	67	68	3	85	18	59	84	79	75	53	51	2	61	46	80	98	37	72	63	95	1	67	73	8	76	51	25	39	15	17	90	51	6	53	12	44	43	9	31	32	86	26	90	94	53	61	21	18	56	51	9	74	57	13	28	70	1	31	93	55	44	99	66	74	16	34	45	41	17	53	93	52	77	89	77	65	88	66	48	47	0	19	17	18	82	43	2	19	55	7	22	93	74	69	79	89	87	46	32	75	72	48	11	48	41	47	17	9	91	93	10	11	47	26	52	3	10	60	52	46	2	19	47	17	11	25	14	1	2	7	77	91	37	45	66	8	76	52	82	45	0	22	18	47	82	3	66	20	76	81	72	47	82	89	37	34	73	91	2	86	99	21	95	56	67	3	42	57	56	90	12	7	62	52	30	5	11	42	57	85	67	88	33	20	51	0	28	39	16	78	83	8	64	3	58	70	82	70	80	27	70	9	16	57	34	59	56	83	53	21	28	95	38	95	7	95	65	95	60	66	64	69	29	99	54	67	6	61	75	94	50	14	72	53	28	92	70	96	66	87	28	80	51	7	33	7	47	42	45	36	10	65	38	54	82	52	8	62	80	2	48	64	61	2	71	73	49	59	7	31	70	92	63	6	40	64	58	64	2	10	80	17	47	65	86	63	52	96	58	78	36	29	75	80	54	77	0	53	4	9	81	18	42	3	11	89	22	14	28	3	21	4	4	52	32	34	11	77	99	33	88	32	76	85	64	73	88	65	50	34	31	33	17	7	68	26	41	17	49	96	43	14	90	17	38	99	38	36	86	2	76	48	25	86	83	40	23	77	88	86	13	7	46	20	62	6	83	45	54	63	85	6	82	4	70	49	62	72	77	15	92	9	78	63	56	7	40	49	40	45	97	42	4	99	61	37	78	67	53	19	16	8	23	79	48	22	25	44	12	10	52	27	84	71	41	82	52	58	75	83	23	96	22	18	54	93	71	99	72	93	63	89	17	16	23	28	8	15	18	4	26	83	37	92	29	82	28	28	34	21	41	12	53	48	27	56	17	4	83	19	0	58	54	94	0	92	38	27	7	16	62	77	13	88	27	47	44	6	22	66	75	14	60	64	80	85	68	23	95	82	57	52	27	45	48	8	45	93	87	77	4	23	96	70	77	51	67	79	15	60	46	93	97	2	73	17	17	66	73	42	55	54	6	17	41	76	78	61	40	91	43	29	96	32	8	26	74	70	10	21	6	45	35	26	17	51	67	39	39	24	5	61	57	96	34	46	75	92	75	37	4	2	56	11	64	70	61	86	93	99	19	27	28	89	19	96	6	25	52	37	94	17	90	12	30	97	10	6	8	71	61	9	5	57	19	62	51	5	1	36	70	6	58	67	39	45	41	52	26	33	38	20	60	25	53	1	50	6	81	61	10	24	80	4	57	44	86	85	62	66	31	53	96	95	99	67	19	24	8	11	94	93	36	83	59	61	8	80	18	3	63	26	33	30	6	97	44	71	77	14	26	58	51	46	29	45	64	11	93	41	58	68	23	35	46	9	75	37	44	0	86	93	31	89	37	82	62	3	95	66	11	87	95	41	48	71	48	98	41	95	69	52	27	77	7	5	23	49	76	30	43	67	35	37	62	52	24	2	93	70	15	18	20	67	74	48	18	56	91	70	58	74	94	34	89	48	77	32	16	13	20	55	28	41	1	2	80	40	29	97	38	93	22	16	81	39	93	49	82	43	4	5	30	89	40	5	56	41	51	40	38	9	96	24	87	3	94	68	38	66	34	81	93	58	49	50	81	19	66	65	66	96	9	56	5	32	57	73	20	28	85	34	74	59	90	50	31	77	88	45	58	72	88	0	93	33	79	45	45	57	40	0	79	36	54	89	74	48	37	78	16	77	85	37	72	48	41	89	26	8	45	21	25	70	56	52	51	72	21	62	20	91	31	51	69	53	34	60	29	71	46	45	2	65	33	66	16	50	35	70	79	95	55	22	9	56	88	9	9	41	82	19	93	18	98	52	33	46	72	91	36	48	50	97	12	9	24	70	21	93	39	45	40	62	76	39	89	82	1	71	18	45	24	64	46	0	72	28	96	38	12	13	57	23	38	94	77	11	25	81	85	54	74	13	9	87	44	86	8	31	81	86	23	59	33	69	93	20	7	75	1	30	9	46	94	22	11	67	32	88	50	24	42	37	25	99	48	48	55	67	34	62	28	63	90	37	30	93	87	20	45	53	76	81	20	27	86	47	63	54	91	99	43	2	60	59	23	4	15	29	34	14	51	49	45	60	33	82	6	49	61	54	27	57	9	86	64	0	80	54	2	3	85	98	39	80	8	81	40	43	73	36	15	81	83	72	31	54	49	64	65	57	88	35	49	90	43	65	48	41	7	56	64	55	34	9	95	89	96	70	29	98	85	20	6	44	28	17	54	98	18	73	66	57	24	34	9	56	51	43	45	24	9	25	11	86	36	67	77	23	21	76	86	17	48	19	88	73	56	52	61	22	23	53	23	72	9	62	34	58	17	1	85	31	84	26	89	58	15	79	21	46	72	96	39	57	54	54	31	85	41	10	57	62	25	27	36	92	37	32	1	39	40	14	87	97	84	58	60	79	11	19	79	38	98	35	42	0	84	71	91	97	63	60	73	8	58	86	82	70	44	44	67	91	63	13	68	65	61	31	30	24	69	47	26	55	90	81	74	22	3	78	29	65	59	60	79	51	7	32	74	82	66	73	80	58	10	18	5	66	40	6	76	33	54	15	49	87	85	65	20	18	49	43	76	73	87	36	72	19	53	22	7	12	58	25	45	96	71	87	2	70	87	57	38	49	13	66	82	3	86	92	96	35	76	52	71	16	0	9	9	4	56	44	24	81	9	44	97	47	30	26	63	16	20	72	82	41	44	91	40	17	72	7	82	90	81	23	71	94	15	33	13	42	46	4	43	27	68	10	74	82	48	48	40	89	51	57	35	69	93	19	42	88	77	23	71	19	36	71	2	78	87	9	88	97	19	40	24	13	67	79	95	97	53	78	8	53	7	28	46	19	57	88	94	8	57	93	81	87	78	69	31	57	18	72	19	59	1	3	77	45	29	83	52	96	5	47	72	84	35	72	11	0	20	57	63	5	32	28	68	26	41	9	93	96	25	86	82	64	25	91	63	91	90	32	5	39	63	8	94	60	3	72	20	17	18	9	59	80	65	53	12	99	24	97	79	58	78	16	75	81	69	53	31	30	7	40	60	84	63	93	37	63	39	37	90	75	27	73	67	19	71	19	42	74	90	18	72	1	72	20	16	44	18	10	61	93	88	99	37	53	12	67	3	48	15	5	68	69	58	32	11	44	90	11	83	18	53	76	82	25	11	90	6	90	97	30	0	57	2	63	67	35	57	93	23	38	30	56	23	14	46	86	98	3	47	11	28	63	33	98	89	85	24	48	66	95	12	24	58	81	17	50	36	33	68	59	15	76	90	57	48	17	47	95	40	99	57	40	34	8	79	45	76	82	11	82	4	20	31	11	37	68	39	74	77	60	53	81	36	96	58	34	6	3	88	35	39	77	86	36	6	18	33	29	36	49	5	74	36	69	14	99	67	20	93	11	82	68	30	93	70	70	13	37	17	94	21	63	67	14	64	85	99	83	47	88	62	57	18	17	9	97	22	89	31	74	39	81	56	75	21	41	85	97	55	32	54	69	56	29	64	93	63	2	60	21	40	67	43	45	28	59	34	48	36	77	12	82	79	17	25	43	86	88	27	77	19	26	26	93	72	34	88	5	85	7	35	25	0	38	46	4	44	13	88	26	89	18	23	53	56	38	79	80	98	58	71	51	89	85	29	72	93	69	93	80	10	99	16	39	88	55	94	17	44	26	95	34	85	78	31	94	27	38	92	34	53	61	60	46	79	97	45	97	79	43	68	95	76	79	12	58	50	27	79	12	81	41	10	22	62	72	2	45	61	36	22	16	75	16	37	7	18	63	40	40	91	71	56	64	63	90	55	85	59	17	0	25	44	55	84	15	52	16	48	78	79	80	87	79	99	89	33	93	59	33	45	35	87	31	33	31	82	96	42	73	79	21	43	68	33	28	85	75	23	76	99	1	83	60	7	37	20	27	37	71	17	92	25	16	92	97	91	61	80	64	97	7	41	30	57	18	21	37	11	20	57	44	32	79	30	73	57	0	73	92	3	73	62	45	37	90	87	97	38	19	53	2	97	45	95	73	85	6	20	52	12	78	50	75	78	48	76	57	58	11	34	81	23	76	15	43	63	45	12	62	14	51	99	63	47	42	21	27	16	23	17	24	71	92	11	37	64	65	57	0	28	83	31	25	16	11	60	92	50	63	51	29	1	31	87	57	73	97	13	46	82	71	62	90	49	5	47	19	6	65	19	44	83	33	69	34	33	48	67	62	82	17	65	82	29	37	86	39	1	66	93	12	87	39	8	78	91	65	25	87	19	49	57	11	78	98	70	61	67	30	93	3	68	29	26	24	6	37	26	49	12	99	67	13	31	80	91	10	82	34	23	75	36	19	64	83	78	35	94	19	7	33	61	15	14	25	16	44	70	51	65	66	2	94	23	78	83	15	47	52	33	53	28	2	18	61	40	19	50	44	43	30	72	83	93	91	44	66	96	88	7	32	19	98	67	30	76	85	58	95	64	42	77	64	10	82	6	83	54	23	63	63	98	43	28	79	24	79	77	40	88	17	97	90	97	28	99	85	44	40	78	73	40	57	90	11	22	39	87	26	40	93	66	3	92	22	96	18	65	86	32	90	45	2	72	96	81	94	59	90	3	61	60	20	82	59	15	45	30	4	48	60	25	20	86	18	44	97	44	35	99	90	63	86	62	90	40	36	92	79	39	83	37	31	42	65	32	68	22	70	86	61	13	68	91	62	52	68	22	26	1	9	24	74	6	76	77	32	75	26	85	40	11	8	41	51	42	97	37	25	52	56	79	21	94	85	80	23	56	54	70	18	69	26	30	76	1	91	99	21	26	35	77	29	34	9	17	23	47	32	88	53	46	81	52	69	60	96	81	73	95	25	85	56	88	10	84	49	19	64	8	6	5	89	27	72	26	47	82	0	51	84	79	10	10	18	3	26	35	93	50	38	91	26	6	95	85	60	94	5	36	56	17	76	54	34	97	5	86	18	66	84	9	35	29	10	86	64	5	54	15	39	16	54	90	3	66	84	93	73	11	83	48	85	67	69	11	83	89	49	59	97	69	92	55	8	71	3	29	20	46	94	49	29	71	29	71	48	71	86	78	51	11	37	6	82	62	61	66	92	71	75	68	77	0	70	10	76	37	51	93	84	75	51	70	50	23	99	8	90	16	9	33	23	60	40	39	44	4	93	69	65	93	85	0	53	93	81	88	51	49	93	36	64	29	6	68	4	90	83	50	91	73	78	90	33	82	98	99	4	8	72	50	7	99	48	12	91	44	62	91	59	35	6	85	94	25	24	5	42	51	94	82	96	80	43	37	4	10	7	81	15	46	13	38	55	39	63	12	45	83	17	98	99	78	2	16	35	95	66	14	59	31	7	50	91	87	64	38	49	30	48	91	9	70	24	23	85	52	33	17	62	13	92	49	5	91	34	63	33	60	35	46	76	65	32	31	26	76	3	32	32	7	4	82	81	46	6	57	16	16	2	72	80	66	8	39	12	51	57	79	11	93	60	75	97	99	36	27	88	46	39	58	72	41	10	50	57	11	2	70	87	30	17	29	48	10	95	30	56	28	26	14	50	90	11	61	68	44	4	79	65	0	65	47	21	96	47	30	7	70	54	29	57	65	44	7	63	36	78	43	87	33	87	55	14	98	80	28	12	48	50	19	2	56	12	30	46	34	47	62	31	43	34	42	96	47	22	69	62	47	78	58	12	4	6	39	84	51	32	7	33	2	46	8	11	3	91	6	92	75	75	83	10	30	52	98	58	67	51	73	54	69	4	92	54	99	76	15	26	57	27	96	29	87	4	19	68	51	42	98	12	68	85	50	0	46	83	60	23	12	75	5	11	41	25	76	35	67	12	39	47	29	44	32	27	11	79	43	22	42	76	44	29	31	97	56	80	83	6	56	12	11	17	50	76	88	25	11	66	33	17	71	54	91	40	68	89	30	34	97	27	4	91	9	60	24	10	55	6	14	84	41	65	16	63	9	28	57	56	9	37	82	62	44	15	42	87	68	50	22	1	37	75	6	28	5	24	19	14	74	18	87	75	62	42	36	85	69	88	24	60	58	37	86	76	47	92	2	28	52	66	19	24	29	55	98	71	45	96	7	50	76	31	32	34	87	79	76	75	60	93	57	61	26	73	38	17	95	66	21	76	77	59	80	8	6	52	20	72	94	36	16	54	2	86	60	64	86	78	98	20	80	97	82	74	11	61	58	59	56	59	53	96	61	8	84	58	3	48	89	17	23	92	34	96	15	82	75	66	19	35	87	68	26	46	1	43	7	5	19	36	77	1	18	72	97	31	18	44	92	9	30	80	65	29	58	67	62	72	18	35	43	72	26	58	36	86	39	19	42	84	84	3	56	56	28	13	29	98	96	60	48	1	23	89	53	80	85	76	99	82	35	94	34	55	98	66	25	43	97	0	69	19	4	56	35	15	59	8	12	63	65	73	90	88	89	90	53	58	29	81	5	3	58	95	4	97	67	69	45	71	37	28	30	48	61	56	71	29	90	62	71	41	35	71	11	93	77	97	70	27	39	11	11	82	63	41	7	16	23	36	16	70	75	85	7	4	35	7	29	72	43	11	32	92	64	32	25	4	11	64	68	16	60	61	50	33	75	71	33	57	9	38	81	98	80	71	63	38	80	12	4	11	45	89	35	95	3	32	88	37	47	84	26	33	45	17	93	19	4	74	61	77	11	7	94	88	78	56	85	29	30	48	22	6	73	71	12	50	35	46	7	75	99	64	94	99	52	57	94	55	66	22	30	22	74	30	16	20	25	36	72	45	19	19	28	24	34	74	42	16	16	88	89	78	87	86	77	55	27	84	35	51	51	61	90	42	57	33	21	7	48	36	67	90	41	14	82	3	7	55	87	47	34	14	43	19	60	61	51	25	83	47	72	95	70	82	24	79	45	53	78	45	54	95	75	61	9	44	1	89	44	29	29	20	62	83	89	62	72	91	48	93	68	79	25	26	68	62	35	6	83	40	1	28	77	91	93	0	15	0	54	98	92	4	45	72	32	12	9	90	21	22	19	51	64	18	57	1	44	78	62	54	93	9	57	89	36	29	15	82	92	91	23	65	63	30	2	56	83	71	67	40	17	59	20	15	19	92	78	37	41	0	62	76	10	91	99	62	93	85	44	16	15	45	69	66	1	90	88	17	91	31	21	76	45	0	78	43	78	54	28	9	98	71	57	47	13	41	38	28	52	75	22	36	16	33	95	44	18	59	63	24	84	66	23	41	42	61	29	64	52	96	19	79	78	17	82	91	58	77	32	92	19	64	93	1	25	18	84	12	80	23	43	7	97	61	39	10	12	98	13	61	6	64	57	96	73	77	17	32	22	77	80	35	15	70	9	4	39	73	56	75	38	62	75	79	36	61	89	19	50	21	94	55	95	23	91	61	64	4	75	80	50	21	48	83	55	96	91	81	7	33	80	88	20	74	94	53	98	14	90	30	43	89	84	94	
55	74	64	88	34	29	86	65	70	52	48	70	95	83	77	7	76	27	26	86	68	29	38	83	18	62	80	0	93	23	65	98	70	65	52	21	40	93	44	63	99	25	13	32	11	52	65	38	2	73	64	65	29	19	71	59	37	21	64	97	86	63	39	75	55	22	69	79	31	90	4	77	72	42	96	79	7	59	30	37	29	28	55	5	23	3	9	36	97	1	20	46	77	0	60	30	52	73	40	11	2	83	63	5	37	4	1	87	22	12	29	8	63	5	70	12	85	75	71	13	76	29	52	43	5	26	82	27	98	28	61	34	84	48	68	53	7	86	99	6	5	57	87	97	58	88	12	16	0	5	45	94	59	12	66	46	81	4	0	80	30	8	72	68	62	88	27	24	45	91	0	24	21	35	25	78	7	65	5	54	58	61	95	5	6	9	33	4	5	26	41	37	47	53	82	59	42	58	90	73	57	27	3	39	41	92	20	19	50	32	35	32	53	98	61	17	56	7	35	98	92	46	66	44	61	58	47	32	84	13	39	80	3	31	71	36	42	46	35	77	6	71	54	8	38	59	68	54	84	30	69	89	23	70	0	0	32	60	41	86	74	68	80	11	69	84	76	45	52	45	80	83	0	64	6	80	35	29	56	80	13	94	81	76	91	16	15	74	20	7	35	53	74	41	23	68	84	39	94	35	58	41	94	71	54	29	64	49	69	24	97	31	34	51	41	93	85	71	98	36	67	65	47	65	73	54	23	28	32	80	31	62	82	4	16	53	24	91	48	5	2	54	58	64	86	61	97	22	81	59	37	68	71	75	55	68	74	4	80	2	7	77	37	88	78	56	59	86	93	34	0	17	32	16	16	35	69	35	7	48	13	99	68	22	52	63	64	64	72	50	42	6	98	91	80	6	38	5	0	7	34	46	9	6	75	19	50	3	33	17	43	51	90	9	37	28	71	48	17	54	32	14	73	62	19	69	46	70	43	56	0	10	47	2	31	16	53	51	88	72	37	13	36	76	87	91	9	4	80	78	61	36	29	43	69	63	66	48	99	9	10	67	91	90	89	18	66	42	2	75	0	14	42	15	94	55	51	34	13	54	39	33	18	8	7	9	1	22	24	11	42	8	44	59	62	25	11	62	46	85	54	6	15	80	97	24	11	60	44	83	11	8	86	83	50	38	89	69	6	79	89	96	55	43	47	91	64	87	97	18	51	16	98	9	73	2	25	51	78	2	70	28	26	18	9	93	16	67	12	60	96	25	90	88	69	84	52	11	81	94	60	11	60	42	25	43	53	49	46	62	37	9	51	33	86	17	98	81	97	84	76	73	24	33	11	86	65	5	14	25	44	42	77	42	61	86	46	70	92	91	12	20	92	51	91	55	19	16	66	83	1	95	43	94	89	46	27	36	53	92	35	88	9	60	95	87	69	73	41	90	54	45	31	39	78	4	70	47	67	19	73	78	14	15	49	87	47	71	58	30	1	60	15	54	10	53	96	68	21	57	2	61	22	13	15	43	49	26	57	42	68	87	98	56	59	83	93	0	80	82	29	33	99	11	44	80	91	34	30	0	72	24	75	10	32	92	85	11	13	75	69	47	12	48	53	40	81	60	51	95	5	8	53	4	54	33	39	86	79	2	43	24	17	41	38	25	41	14	92	22	0	26	80	30	2	29	47	10	11	86	31	9	95	81	13	63	67	79	48	71	57	13	78	16	28	27	78	33	89	39	3	25	39	71	38	57	60	80	81	30	67	45	97	77	6	71	54	6	21	22	92	88	28	89	70	19	61	43	18	90	73	55	64	60	35	95	81	10	36	87	37	73	39	20	77	79	66	14	28	33	86	80	38	31	27	68	30	85	95	57	98	19	16	77	95	43	73	75	68	90	98	14	13	32	78	28	42	68	20	68	69	76	22	92	81	72	34	41	15	29	76	76	43	28	70	1	61	29	54	32	91	90	54	71	79	70	53	58	19	1	35	68	42	92	10	7	93	30	76	55	69	28	23	84	85	51	16	63	57	5	57	60	30	13	48	30	5	63	47	36	12	33	27	42	61	11	83	17	29	49	36	64	63	94	2	87	95	50	80	33	78	3	62	72	18	9	22	73	46	75	21	88	11	47	51	12	85	71	23	96	52	53	6	97	98	72	89	87	71	47	80	25	1	72	58	6	42	1	77	18	50	36	95	65	95	79	74	18	52	52	93	57	9	27	19	28	15	31	71	47	70	30	50	32	46	8	86	39	99	4	31	94	31	2	37	76	68	40	21	80	40	25	7	8	60	63	13	82	16	71	36	62	71	82	91	40	76	81	24	44	25	52	99	70	39	27	16	23	90	75	75	95	27	32	58	35	81	90	23	90	68	77	67	47	37	27	92	79	90	21	92	82	17	83	6	60	10	95	71	20	96	54	59	66	84	47	27	38	89	4	63	0	92	82	53	73	34	29	35	8	58	69	41	88	21	26	71	56	65	88	96	20	20	97	16	28	97	3	71	17	70	13	31	28	27	60	12	0	4	21	35	83	21	99	60	58	84	7	17	92	91	15	0	82	55	14	5	40	53	38	86	56	78	69	81	6	41	40	57	74	82	86	19	90	31	95	31	29	21	94	58	93	73	38	19	76	65	63	57	77	71	93	27	2	71	87	46	25	54	93	65	39	46	53	70	89	64	0	89	41	62	39	90	88	68	99	17	40	47	94	84	98	78	56	35	76	42	41	1	77	69	3	25	96	67	75	97	77	46	21	87	72	90	74	40	25	42	15	15	13	89	16	77	8	41	69	41	29	77	3	20	66	6	26	96	55	22	16	98	2	24	50	51	30	78	11	84	67	98	57	17	66	12	18	41	82	54	86	23	81	75	37	13	19	3	30	11	1	63	41	42	27	59	64	16	84	15	35	43	34	33	22	40	83	20	15	20	7	88	69	57	13	24	4	51	44	67	34	29	18	53	87	98	25	55	13	51	76	7	36	91	17	36	70	79	43	18	40	43	65	54	62	39	76	35	53	74	5	53	32	90	93	64	51	68	85	40	99	24	64	15	7	31	21	40	1	26	16	40	49	96	44	63	9	7	31	12	50	56	90	80	63	56	41	79	20	42	69	26	23	57	91	33	32	20	29	26	41	29	63	35	89	82	38	77	22	40	24	10	5	21	91	95	28	16	5	8	41	17	48	33	78	62	8	37	5	97	85	34	21	8	90	84	84	51	7	72	76	38	86	10	61	34	34	81	7	75	56	60	28	64	27	83	52	21	74	44	4	31	65	77	91	2	21	82	85	41	56	80	42	10	39	8	2	86	93	17	96	83	17	25	42	14	16	32	15	37	79	28	41	65	83	90	50	99	33	92	77	71	91	76	27	48	75	70	31	1	48	96	68	6	89	50	3	53	33	12	71	82	37	1	8	66	11	8	12	72	57	91	49	3	41	43	26	58	16	54	4	72	68	65	16	71	9	0	3	41	56	34	84	4	41	9	53	52	57	25	56	71	40	36	36	99	6	78	32	32	93	44	80	51	17	72	3	67	14	39	11	86	59	57	75	93	72	59	89	29	71	77	58	38	58	43	77	40	83	3	45	39	91	13	51	85	87	4	95	54	14	69	71	52	4	44	44	42	63	65	64	96	44	89	19	27	61	92	42	6	46	52	40	81	98	83	81	90	71	49	1	68	87	23	64	55	64	91	2	12	11	56	3	52	4	18	85	67	50	82	63	39	55	22	89	13	61	66	86	98	62	36	79	64	90	67	78	6	84	38	20	4	90	59	53	33	26	77	84	29	95	55	25	15	66	22	10	44	14	15	90	20	71	59	75	77	27	87	84	49	30	88	29	16	1	29	78	42	97	80	12	13	93	44	72	63	19	96	68	14	50	22	58	32	96	69	65	43	28	84	36	48	8	77	37	51	71	42	77	39	27	66	59	63	69	78	41	76	39	85	3	21	54	17	9	62	76	9	76	12	16	95	44	47	99	17	71	78	66	4	71	81	40	57	46	49	13	24	70	56	25	25	48	64	28	33	22	44	84	86	76	19	2	81	23	98	40	50	77	13	9	89	5	17	9	7	6	35	79	3	97	11	81	36	84	49	75	20	41	30	97	55	10	95	51	33	32	63	81	30	47	9	71	7	66	53	31	58	91	98	41	3	52	4	83	35	66	14	59	43	31	58	65	75	27	81	58	52	83	12	52	2	67	93	99	2	20	87	41	84	37	56	57	74	33	70	72	34	92	50	74	28	89	87	59	5	52	41	92	63	30	43	64	80	65	95	15	54	43	1	1	67	16	62	30	31	19	43	8	83	97	6	78	22	1	1	65	95	95	48	74	40	77	74	47	77	73	65	65	83	92	80	51	5	33	49	63	26	79	90	67	37	85	78	59	68	73	49	60	27	56	10	57	76	86	59	86	26	15	19	98	65	90	84	42	40	5	14	53	73	94	38	22	70	81	70	48	29	68	69	88	37	24	26	36	46	51	72	1	63	88	54	65	12	35	19	81	44	77	30	71	97	83	68	28	86	99	46	59	42	31	62	98	86	42	24	20	31	47	75	8	85	75	76	12	25	6	46	62	69	58	4	15	64	3	89	36	56	20	2	17	90	24	62	26	19	91	9	52	64	28	62	12	73	96	23	82	72	30	92	61	11	12	71	33	32	44	26	2	98	38	53	22	77	28	52	55	47	24	71	51	67	47	81	33	17	40	58	99	85	87	62	3	25	73	75	9	53	26	42	10	88	47	35	12	32	50	9	74	23	90	82	79	2	22	35	93	67	73	43	60	24	64	12	3	36	68	17	83	99	16	89	95	91	40	70	58	62	85	43	27	9	78	18	69	49	61	93	85	74	10	16	40	56	80	21	44	51	51	2	52	6	37	31	18	44	58	44	45	35	43	75	32	92	82	86	64	60	15	50	51	28	16	65	32	43	16	79	63	68	50	62	18	85	93	9	50	78	39	60	79	96	91	33	93	7	57	62	55	89	8	23	22	41	13	58	64	11	51	86	0	74	3	94	26	39	13	67	53	37	75	89	8	80	83	48	23	44	0	22	57	71	99	74	84	20	18	25	67	32	6	14	81	61	25	94	35	7	48	56	52	19	41	27	68	31	70	38	31	21	39	78	47	30	88	44	5	47	71	77	27	2	39	66	49	69	5	57	14	4	57	84	35	25	37	98	31	89	26	85	68	76	95	22	54	32	25	35	29	91	46	14	56	36	92	49	33	68	23	29	64	86	26	27	79	99	42	74	88	0	73	26	4	86	48	75	22	90	48	77	0	71	31	68	46	89	91	40	83	42	48	35	22	55	55	78	17	44	58	14	47	0	96	89	61	78	53	47	41	80	81	85	34	69	12	53	50	43	52	77	9	47	66	19	98	84	35	57	73	30	63	41	34	40	28	97	85	94	32	7	76	86	31	1	45	37	88	96	21	79	21	27	98	14	67	11	14	89	1	10	90	26	47	81	34	55	1	10	9	25	5	77	34	85	9	11	55	34	70	87	17	94	62	0	73	2	2	79	10	81	41	62	68	45	67	91	32	50	5	59	28	39	18	22	45	71	85	68	81	82	26	6	3	22	66	52	30	92	12	59	32	52	40	77	54	75	67	61	50	6	46	45	42	22	55	35	85	16	30	92	80	32	30	67	64	9	68	7	70	63	46	50	13	83	71	15	53	86	79	92	89	87	62	35	46	33	49	0	68	95	42	72	43	6	92	94	33	95	59	49	22	35	18	80	10	13	94	15	55	89	85	2	17	57	44	45	12	32	81	5	6	11	53	6	18	53	14	87	96	18	78	21	5	64	28	14	14	71	94	94	18	69	25	59	97	63	71	32	86	48	97	43	36	17	55	38	2	55	13	44	24	73	75	95	64	58	15	82	30	85	31	73	90	84	95	32	99	53	70	70	3	84	94	66	79	60	97	34	79	6	3	52	44	38	78	64	96	89	93	87	26	18	19	88	90	19	6	51	72	10	81	77	8	48	14	21	78	20	0	73	81	64	81	31	89	53	70	64	33	82	22	78	85	8	17	84	51	62	70	3	78	86	24	64	4	11	22	64	68	79	6	6	14	25	35	41	40	93	60	62	90	32	29	86	10	29	87	24	41	96	80	62	18	40	83	63	53	39	20	47	71	17	55	32	67	26	93	6	63	85	55	65	3	85	59	81	75	8	80	67	10	62	26	94	66	95	80	33	30	75	60	18	24	12	45	50	97	30	0	91	49	5	25	16	3	17	15	32	98	1	9	81	37	24	63	76	45	57	31	67	65	50	26	28	60	86	53	12	44	99	9	8	67	1	11	36	58	14	34	53	45	67	54	83	60	0	27	60	81	8	8	78	67	47	84	87	0	95	27	35	38	87	45	84	48	77	8	96	7	23	75	53	69	43	50	17	24	34	12	44	51	7	82	32	7	39	55	57	72	46	87	33	35	93	61	31	14	37	66	32	91	94	89	5	64	82	84	26	28	64	27	61	6	90	23	63	10	44	0	54	90	56	5	56	77	10	2	30	71	69	0	49	62	54	58	59	3	51	95	88	11	38	53	87	82	23	29	96	61	58	22	69	90	96	62	89	30	42	59	51	11	37	33	49	77	39	20	80	23	55	14	34	45	22	85	44	87	99	79	14	25	65	48	86	44	52	79	7	24	47	23	52	84	14	96	84	72	74	0	94	21	69	80	43	42	63	25	46	74	87	39	48	39	47	34	54	74	39	66	88	82	71	40	86	77	57	27	84	66	73	56	17	14	84	22	53	44	26	65	48	72	75	21	35	1	20	59	94	95	92	62	62	75	77	24	41	45	51	23	34	93	93	28	31	71	89	53	97	97	70	89	56	90	25	26	65	51	99	63	33	84	16	15	88	13	9	45	87	4	30	49	93	8	45	46	19	50	40	90	84	57	43	3	59	58	87	26	46	16	5	20	53	97	67	19	96	15	79	62	93	8	55	59	58	91	82	12	96	33	94	34	28	29	17	70	81	98	80	71	44	64	98	33	1	47	38	20	65	56	81	22	5	37	26	94	33	58	87	93	17	40	11	45	65	33	89	61	11	27	51	33	55	25	4	71	77	24	52	42	43	39	2	69	55	16	45	10	67	55	78	42	1	48	23	73	3	2	24	97	75	51	81	71	66	26	46	3	81	37	76	27	44	90	63	37	33	61	67	68	29	76	15	32	31	83	11	31	82	53	41	20	85	58	68	37	74	40	62	90	34	85	88	73	4	5	45	94	66	35	98	45	4	54	23	93	80	0	66	83	86	13	66	78	54	52	87	82	65	94	25	17	56	12	31	89	36	88	60	74	59	10	98	37	83	88	67	84	56	9	40	29	23	95	87	23	88	12	17	72	88	1	3	91	50	8	84	66	58	85	22	49	61	95	81	78	55	18	6	83	62	75	34	0	61	38	77	81	68	15	82	72	33	12	16	37	44	94	18	39	1	0	99	9	4	61	33	62	75	29	31	56	34	11	22	75	55	64	71	23	5	14	20	81	18	1	19	32	36	53	71	35	61	30	82	52	13	88	63	50	28	40	20	26	84	13	55	76	82	17	81	57	25	12	36	38	97	91	91	16	18	8	63	13	49	88	50	6	43	7	29	82	43	14	62	20	15	75	91	82	79	41	76	15	62	88	19	59	43	93	97	31	84	28	33	27	54	83	70	52	85	42	81	68	89	8	65	5	85	95	1	57	88	40	88	27	94	17	2	77	7	9	66	30	87	59	63	3	28	4	95	92	13	88	97	41	20	91	52	41	15	50	95	38	48	89	31	55	81	50	73	55	42	16	57	9	92	22	44	84	87	26	35	22	67	69	78	95	47	22	36	23	24	46	97	31	97	13	3	
19	8	5	11	10	1	12	9	9	4	14	19	1	17	4	2	20	14	14	12	10	3	11	16	12	17	10	8	7	3	17	18	17	15	4	13	18	5	6	7	19	7	10	2	1	17	18	1	2	1	6	19	2	7	5	11	2	6	10	12	20	11	11	5	12	12	13	12	19	9	12	7	18	4	7	18	6	13	17	1	13	14	12	15	7	4	4	15	18	3	15	12	13	20	11	4	2	4	4	3	4	1	13	8	9	9	13	6	6	18	17	8	8	20	4	8	13	16	13	15	5	4	18	2	13	1	19	19	18	11	11	5	6	3	8	18	20	19	2	19	11	19	8	5	15	5	8	12	1	1	11	7	19	1	18	6	17	13	17	18	19	15	10	11	8	14	1	19	8	20	7	1	15	9	19	17	18	9	19	11	7	1	14	3	1	4	6	1	20	1	4	3	15	9	17	3	11	11	9	3	17	1	7	18	11	3	11	15	14	8	17	6	17	2	11	16	11	18	14	2	9	12	3	5	11	5	19	19	18	8	19	7	20	8	12	16	5	15	7	2	14	9	8	6	17	8	18	9	2	13	12	4	7	8	16	17	20	11	19	16	18	10	14	17	19	3	6	11	7	11	4	2	8	3	4	11	14	7	13	12	2	8	18	12	10	9	14	18	10	1	16	5	8	5	14	16	8	4	13	7	3	13	2	3	19	17	2	2	16	19	1	15	7	17	18	8	6	19	2	13	4	10	9	18	18	20	16	9	20	9	5	4	20	6	5	20	6	4	19	5	1	9	6	16	8	16	6	15	2	15	9	19	10	20	19	17	14	14	13	13	11	20	17	4	5	9	2	20	19	16	12	14	8	9	9	10	18	1	16	14	10	17	13	2	4	10	18	4	19	9	2	9	10	20	17	5	20	6	5	10	12	13	17	8	19	19	5	9	8	11	11	17	15	12	2	3	4	2	17	5	5	13	16	11	5	10	12	11	9	8	10	11	15	4	10	12	12	7	10	4	14	8	5	8	1	8	2	1	16	12	8	1	13	15	7	12	13	13	6	10	7	13	6	7	13	8	14	14	6	8	12	3	14	8	11	9	16	14	13	9	3	3	9	5	3	4	10	1	3	9	15	2	2	4	3	14	12	12	5	12	8	10	3	10	4	9	13	13	11	8	5	8	14	3	11	11	16	16	7	1	4	10	9	16	5	4	3	7	16	2	13	10	13	12	1	3	10	16	13	2	8	1	16	5	4	14	14	3	7	15	7	6	1	12	2	15	5	11	14	2	5	8	2	14	16	4	4	1	7	16	1	5	12	16	8	6	14	11	6	9	3	2	13	2	11	7	5	7	16	9	10	3	16	15	13	4	15	6	8	8	7	15	7	9	7	11	5	6	14	11	13	15	5	9	8	7	13	6	1	4	15	9	1	11	7	8	6	10	8	13	12	9	12	8	11	12	4	10	8	4	6	15	14	7	9	11	10	6	15	8	4	16	15	11	2	8	11	16	1	9	5	13	8	11	15	7	10	10	9	14	2	4	10	12	11	10	9	11	5	13	2	16	10	13	12	16	2	10	16	4	3	8	6	6	12	4	11	1	14	14	4	2	4	15	15	5	2	5	3	3	14	13	5	9	10	7	3	4	9	8	13	13	7	6	16	11	7	8	11	3	12	7	16	9	9	3	6	10	5	11	9	14	2	9	14	11	11	15	4	8	16	2	13	14	3	14	1	1	16	12	7	8	2	12	5	5	3	4	3	12	12	2	5	9	3	3	5	9	10	13	16	10	12	15	15	5	4	5	3	5	2	8	3	10	1	12	10	8	13	15	13	15	16	5	12	16	12	6	11	1	16	9	1	4	6	10	7	13	13	2	1	6	8	12	15	1	13	9	10	13	1	4	2	16	5	5	15	3	14	14	6	11	10	2	3	7	16	1	10	8	7	10	5	4	11	5	15	3	13	12	10	5	16	8	3	8	4	16	3	5	16	8	3	3	6	6	10	16	13	4	16	11	10	8	14	15	11	5	9	4	15	8	15	14	4	9	2	10	12	8	11	3	6	3	14	8	10	3	1	16	10	4	13	2	12	12	8	16	15	8	16	8	6	13	6	9	13	2	8	12	4	7	3	14	14	4	8	3	15	16	2	5	1	13	15	15	4	13	2	13	6	1	11	9	2	7	14	7	4	7	11	16	4	13	6	12	4	7	13	6	8	13	6	3	11	6	16	6	16	14	5	15	3	13	5	8	6	7	2	9	5	6	6	12	3	11	12	11	1	9	8	1	16	6	8	16	14	15	12	5	7	16	12	6	7	3	5	4	12	3	7	9	13	5	2	4	13	11	13	15	2	8	8	14	14	14	15	2	12	16	6	15	15	9	5	15	6	4	11	11	14	1	9	9	1	6	16	14	13	14	13	9	15	11	10	1	16	9	14	15	8	10	14	9	14	5	2	6	2	14	3	12	6	3	1	4	11	13	16	14	8	5	12	5	11	1	4	8	8	4	6	11	1	14	11	10	6	2	3	16	14	10	13	2	13	4	7	1	3	11	8	12	14	1	3	14	3	14	12	6	12	7	10	10	1	9	8	9	2	14	3	14	9	3	9	12	8	16	6	8	8	16	13	8	12	11	10	5	15	10	2	15	16	15	8	15	16	4	15	2	15	6	12	14	16	10	7	13	15	7	2	10	16	3	3	8	2	13	4	6	15	15	16	16	4	6	10	1	14	13	7	7	14	10	6	3	6	12	12	13	1	13	11	16	1	8	7	11	16	3	10	6	1	5	6	10	5	12	3	13	3	9	5	12	16	13	8	6	5	12	15	12	10	13	2	9	13	12	2	5	16	8	8	14	16	7	1	12	15	5	7	2	6	13	12	2	7	11	12	6	13	16	1	12	10	14	9	6	3	3	9	3	13	13	15	14	1	5	2	12	4	7	6	2	2	3	12	6	9	15	1	8	13	5	6	10	5	4	16	8	7	10	13	1	16	5	15	13	12	11	15	9	3	1	11	3	7	4	10	7	2	6	9	15	10	11	13	13	6	14	6	4	16	16	5	5	8	16	10	2	15	6	8	9	6	16	1	13	5	8	15	1	1	3	8	10	11	13	6	5	9	4	2	5	8	5	1	9	15	7	8	7	13	5	11	13	4	1	10	8	3	7	15	15	2	2	2	15	10	2	1	15	7	11	7	2	4	1	15	3	2	9	16	10	2	4	9	4	2	13	1	4	5	14	9	9	4	1	16	8	12	11	12	6	6	2	1	2	4	13	7	9	7	3	8	12	4	16	3	13	3	16	9	12	10	11	3	2	16	7	14	15	6	15	1	15	13	6	1	16	16	16	3	14	6	10	15	2	4	16	1	13	10	10	13	15	15	4	3	10	15	3	4	16	11	5	12	4	11	16	15	1	4	13	9	4	9	7	1	5	3	14	13	3	13	13	1	15	14	11	5	12	7	3	11	11	2	9	13	7	16	6	12	3	1	4	10	10	3	8	14	4	14	2	11	11	14	7	12	7	2	16	8	14	1	13	5	1	14	1	13	14	16	5	14	12	3	2	14	12	3	1	10	6	12	15	13	5	4	13	9	15	5	12	6	15	12	6	16	14	6	5	5	5	4	16	10	2	12	9	6	2	15	4	10	1	13	16	7	9	2	12	3	10	3	7	8	13	2	16	9	14	2	4	10	11	5	5	1	3	6	9	4	12	4	14	5	14	14	6	9	16	12	6	15	16	11	16	8	6	13	5	16	4	14	10	6	5	14	14	14	14	11	10	11	5	8	13	3	12	12	6	7	3	4	6	4	15	10	11	8	7	6	12	11	14	14	1	11	13	11	5	11	11	11	2	4	15	6	12	5	5	7	16	14	3	10	7	15	8	3	7	7	10	7	1	13	8	13	11	6	7	5	15	15	3	6	5	6	7	5	16	15	13	11	6	16	10	7	8	5	14	4	5	14	3	2	10	14	8	2	6	12	12	6	12	9	8	16	16	13	4	13	10	14	6	16	15	6	3	9	4	1	6	13	12	9	6	16	16	13	4	3	7	6	16	6	13	9	1	15	16	7	9	11	9	6	4	5	13	14	2	7	14	8	2	11	12	13	8	15	5	5	2	3	12	8	10	13	1	6	15	7	6	13	9	12	1	13	6	11	16	8	15	3	12	7	16	14	7	11	13	16	12	7	9	4	4	3	13	9	11	4	8	7	11	8	9	15	8	5	1	12	12	8	5	6	10	12	2	16	14	2	11	12	16	16	5	10	7	9	8	12	13	16	2	15	13	1	7	8	15	4	12	2	5	1	2	15	12	2	4	8	3	5	16	7	16	16	2	8	2	6	10	12	13	2	11	1	1	16	1	16	13	1	11	16	13	1	12	2	9	1	3	2	9	13	3	7	3	13	9	2	8	14	6	15	2	15	4	12	15	13	4	8	8	6	6	16	12	11	2	5	6	2	6	1	14	13	8	7	12	1	4	9	6	2	12	15	11	4	6	2	9	1	4	5	15	5	4	1	6	8	8	8	7	9	13	10	10	12	1	1	1	14	9	12	6	11	14	14	10	8	7	7	15	14	15	15	1	1	3	4	16	8	2	5	6	14	3	7	8	3	13	12	3	15	13	6	15	7	5	14	5	4	14	6	6	11	1	15	14	6	7	8	12	15	3	11	10	6	4	4	8	15	6	10	8	4	6	15	5	7	8	4	14	15	10	13	8	4	12	6	4	12	4	3	4	10	15	6	14	13	2	9	7	9	15	12	3	13	11	5	6	8	5	12	6	7	11	9	2	1	13	16	5	14	13	10	16	13	7	13	15	11	1	1	12	9	10	4	10	8	9	13	5	10	12	16	4	4	15	5	7	2	1	4	16	13	9	16	5	12	11	4	7	9	9	6	11	4	4	9	15	14	9	4	7	13	16	8	9	5	2	8	16	12	5	1	2	2	4	8	11	14	3	5	13	13	14	3	7	5	5	3	12	4	11	6	3	3	16	7	1	1	12	14	15	14	5	15	14	13	5	15	13	13	1	14	15	14	5	10	16	4	14	4	9	2	7	8	2	3	15	15	8	14	6	1	12	9	16	3	10	5	10	9	15	3	8	15	14	7	10	9	8	1	4	8	13	5	15	12	5	12	8	9	7	5	3	3	11	11	12	3	15	14	8	13	7	16	13	10	3	5	7	3	10	1	6	2	4	14	3	1	3	9	3	3	3	16	10	8	15	14	4	3	2	7	8	14	6	10	15	7	12	4	13	16	5	9	11	14	14	13	16	2	8	7	2	1	11	5	9	8	7	10	9	9	10	9	16	11	13	4	10	15	14	14	6	15	3	16	16	2	16	1	9	6	1	9	14	8	3	10	14	16	7	10	13	16	9	8	3	7	3	14	8	7	4	6	15	13	12	15	4	14	5	13	11	16	14	1	9	8	5	14	5	1	6	15	12	6	11	13	3	15	14	3	7	13	12	3	3	9	11	5	2	9	16	6	13	12	6	5	10	13	6	4	9	8	1	8	4	9	4	15	14	11	16	4	10	13	3	8	14	10	10	5	14	1	6	8	2	13	13	11	6	2	8	6	5	10	14	2	1	12	1	12	2	9	3	4	11	11	14	11	11	15	5	6	15	2	15	10	15	1	15	3	10	3	1	16	10	13	16	4	9	14	16	6	8	15	6	1	5	1	3	7	14	16	8	4	3	5	5	14	8	7	12	5	12	11	3	11	10	10	15	7	15	14	8	2	5	2	15	10	16	2	15	5	15	5	15	13	9	1	13	6	11	4	9	12	12	3	5	7	5	12	5	6	1	10	3	12	5	4	2	4	2	11	4	6	16	4	16	9	13	8	12	3	12	9	4	14	14	10	9	9	10	3	1	14	3	15	3	9	16	15	8	11	2	8	8	2	11	14	12	3	7	14	13	1	7	16	8	9	14	16	5	9	5	10	3	11	5	16	3	4	12	13	10	10	5	1	2	3	11	16	7	5	10	3	8	14	5	9	16	1	4	6	6	16	4	13	1	11	11	16	4	10	11	15	15	3	12	3	12	2	3	15	8	15	8	9	4	8	15	1	5	9	1	14	4	14	5	6	1	3	10	14	11	14	3	9	13	12	13	2	4	7	10	14	6	14	9	7	15	10	11	15	14	4	5	7	11	3	8	12	15	6	4	16	14	10	9	1	3	12	11	12	6	12	7	7	6	5	8	15	7	12	5	15	13	15	14	14	3	5	14	10	3	11	12	6	6	4	10	10	16	1	12	13	2	10	10	9	8	16	2	1	11	5	11	6	15	7	11	16	16	14	11	14	6	1	11	7	6	12	2	14	10	11	9	15	14	11	15	1	15	9	8	14	8	16	9	11	8	3	12	14	15	1	10	7	12	3	9	7	16	8	1	10	4	10	7	1	4	11	6	4	3	2	14	12	5	2	12	2	2	15	14	10	14	10	3	11	4	9	4	14	3	9	4	11	5	5	2	7	2	16	1	2	4	1	2	2	7	13	5	5	4	14	16	6	9	2	3	10	1	12	15	1	16	6	14	15	2	10	2	11	9	10	6	10	16	1	8	3	12	2	15	14	10	2	16	11	12	4	9	6	16	9	6	6	11	16	14	8	5	9	7	5	16	14	1	5	13	13	6	1	9	3	15	16	13	5	11	16	8	12	7	3	8	6	4	16	6	3	2	7	16	13	12	6	9	12	12	2	3	1	3	16	16	12	11	3	16	3	5	10	1	12	14	16	13	15	13	8	4	14	8	11	5	10	7	14	16	15	14	4	10	14	2	15	14	7	14	1	4	1	11	4	8	5	2	8	12	10	4	13	9	2	4	4	10	11	11	11	11	8	1	9	2	11	6	7	16	12	16	7	9	2	8	2	3	6	8	6	1	1	16	10	12	7	2	12	14	13	11	8	4	5	14	5	9	5	16	12	10	14	8	13	16	8	12	11	10	15	9	12	2	6	8	14	15	1	12	8	8	14	12	11	8	5	7	14	7	7	12	7	9	3	1	11	10	14	1	5	5	5	9	12	10	15	12	10	13	16	16	12	2	4	11	2	12	10	11	13	9	10	12	16	11	11	2	8	16	15	8	10	10	12	9	2	16	10	6	10	5	10	15	16	15	3	4	7	4	15	11	11	7	11	15	5	16	2	9	15	13	3	2	14	8	5	15	11	11	13	3	8	11	6	12	1	4	2	13	3	16	10	8	7	13	9	2	2	4	5	4	13	15	15	8	1	7	9	16	15	2	14	6	10	8	4	16	9	16	7	8	3	16	2	5	13	4	3	11	4	4	1	8	10	4	14	10	13	15	13	11	7	6	3	9	1	4	7	10	1	8	2	7	4	5	8	7	16	14	7	13	5	5	13	2	13	6	10	11	6	3	12	3	11	13	16	9	7	2	2	15	11	6	11	4	12	13	16	10	16	4	8	7	11	6	6	10	8	5	9	12	16	7	3	1	1	2	4	4	6	10	5	1	16	8	3	1	12	2	10	10	2	15	13	1	15	11	15	14	9	4	12	3	4	7	16	14	2	4	8	4	6	9	5	2	5	13	3	10	15	10	12	12	16	1	12	1	11	2	6	13	6	9	8	2	6	11	9	2	1	3	4	1	8	11	5	11	15	8	6	12	4	15	12	12	13	11	5	9	4	16	4	2	6	7	14	14	7	14	11	2	12	8	16	1	14	4	4	5	9	13	16	6	2	6	4	12	9	10	7	13	10	16	1	1	16	12	6	15	6	8	1	6	14	16	1	15	16	15	9	13	10	16	1	3	14	4	8	9	10	4	3	16	1	14	1	7	13	2	1	15	9	3	3	14	11	16	12	8	11	5	13	3	6	11	15	
180	700	760	120	880	690	740	240	260	160	850	510	750	180	430	180	560	310	330	310	780	550	310	270	870	640	840	130	800	700	310	220	420	290	650	700	950	440	680	1000	250	970	130	460	890	130	170	220	140	390	920	620	230	980	340	980	770	830	890	830	790	120	160	470	440	490	190	250	910	300	960	540	210	220	230	740	150	630	350	430	780	430	560	920	830	850	890	800	950	730	180	420	240	570	750	360	530	1000	760	490	580	540	360	150	730	180	230	830	960	630	820	380	670	610	400	140	100	820	810	510	780	660	660	100	680	880	330	200	820	700	700	160	450	870	510	150	960	560	220	560	970	220	820	620	400	990	370	400	220	350	150	930	610	300	450	460	200	250	300	760	500	850	200	950	850	870	430	570	850	860	920	750	320	300	240	430	970	410	990	550	260	970	420	190	600	650	930	540	170	500	350	980	330	400	840	120	770	660	120	320	910	490	230	540	250	570	370	700	710	170	630	750	750	450	970	920	100	790	240	680	840	790	120	340	560	220	210	490	280	580	930	1000	210	240	850	780	130	740	210	820	990	910	180	320	610	720	620	530	570	900	770	920	320	880	390	220	380	780	160	110	820	270	720	320	370	570	620	990	500	700	350	460	600	280	970	770	360	570	930	430	700	460	270	170	960	490	740	460	180	830	430	340	270	280	950	780	920	280	190	930	130	820	360	230	150	810	100	790	760	650	570	400	200	190	240	700	800	160	480	930	700	770	930	920	800	940	160	600	550	820	620	560	710	960	890	640	290	270	630	570	790	170	550	440	670	620	960	1000	400	610	600	630	880	100	280	210	190	100	150	190	1000	710	830	570	190	270	410	1000	810	940	800	860	400	350	780	810	900	640	180	230	440	570	130	980	450	700	240	780	820	670	340	620	740	240	640	240	570	290	650	680	300	740	340	140	780	670	690	670	890	970	330	560	1000	960	100	310	640	860	980	850	840	920	340	460	400	220	940	660	650	990	730	330	670	570	1000	620	430	910	250	550	550	400	500	940	630	470	930	280	770	480	690	210	890	480	130	880	840	540	910	220	820	460	460	260	220	180	800	890	780	470	600	540	120	760	500	540	710	390	550	790	570	940	150	430	870	750	640	710	540	690	370	670	500	800	280	310	840	510	790	750	580	350	270	900	120	370	680	250	630	950	360	460	820	920	460	550	650	350	880	500	230	760	280	210	950	240	990	990	640	460	190	970	350	360	730	570	840	160	150	690	780	970	770	530	690	610	150	150	360	840	440	730	830	720	370	690	110	980	170	640	660	490	680	550	700	340	200	880	520	630	170	110	980	380	930	380	850	980	600	280	180	120	430	920	370	900	720	400	500	950	160	860	810	120	380	930	960	540	430	400	180	650	210	370	350	870	360	470	790	500	150	630	320	770	780	440	780	860	680	940	540	170	280	590	250	300	140	680	130	790	390	350	820	960	960	430	160	780	550	960	140	520	670	580	440	230	530	230	220	130	150	950	490	750	110	680	330	780	130	780	220	200	770	770	960	620	280	890	210	160	190	600	910	820	770	490	210	690	360	380	750	670	370	890	120	120	430	200	970	680	410	190	980	980	1000	420	420	320	640	240	170	390	850	580	410	880	690	910	160	340	430	180	910	140	820	670	340	910	650	110	690	370	780	890	810	750	170	470	650	280	300	850	810	530	210	480	530	350	150	870	200	200	260	830	230	910	410	100	910	710	400	740	220	970	680	180	490	700	370	660	620	470	500	620	810	360	160	550	280	560	150	110	950	220	610	870	460	910	170	460	400	310	100	180	540	730	230	570	920	840	330	140	460	770	990	240	930	390	320	400	930	430	910	860	870	510	590	550	110	200	460	840	590	600	100	970	220	430	670	170	680	250	140	850	780	250	870	280	950	390	610	400	840	380	230	880	850	1000	700	160	840	840	890	460	800	880	690	910	770	630	610	120	630	940	710	560	250	110	700	520	810	640	760	120	630	660	550	140	420	270	650	680	750	740	630	960	660	740	680	410	860	160	250	140	430	1000	500	440	400	470	400	420	390	240	830	990	620	660	520	390	240	510	500	800	530	580	590	530	330	960	190	990	760	470	410	590	730	960	110	800	220	680	100	810	790	830	370	160	380	100	960	870	570	610	140	330	970	460	790	510	780	790	760	480	220	620	180	590	230	570	990	850	430	890	210	270	240	790	410	900	400	940	980	150	680	220	980	530	600	210	310	190	200	100	610	820	210	570	620	600	830	930	680	540	410	670	310	470	460	720	600	550	840	730	850	480	100	430	580	140	700	610	270	830	220	910	570	590	690	720	270	690	400	220	110	620	900	120	140	980	530	110	490	370	120	590	640	330	410	510	130	820	960	100	930	210	370	910	730	520	170	660	190	800	760	460	610	660	740	280	560	160	470	480	150	960	860	270	820	500	480	240	190	310	840	580	330	700	780	170	110	310	630	870	340	250	320	550	140	730	470	240	420	520	860	720	100	640	980	340	420	440	640	820	500	670	710	660	770	250	750	430	550	950	950	330	410	750	250	300	610	820	150	680	280	780	450	530	660	770	920	490	570	560	850	940	580	890	860	750	510	350	590	940	520	840	850	470	300	730	900	150	510	540	640	590	270	430	140	1000	620	130	840	370	590	560	360	580	250	200	670	940	530	770	910	680	770	150	430	950	140	880	220	580	290	610	710	700	240	600	380	220	860	260	1000	470	700	780	300	480	310	560	550	650	250	860	140	880	960	820	190	540	640	770	650	690	310	820	670	810	950	110	420	350	590	1000	710	290	240	970	730	440	840	940	360	630	290	480	270	810	430	120	940	780	450	310	450	340	420	990	970	830	590	740	530	730	250	550	720	200	170	750	530	440	860	170	590	140	640	920	240	560	500	490	830	320	620	120	230	300	840	970	560	370	120	300	920	230	650	200	290	480	560	340	450	370	300	980	800	620	550	570	460	290	710	860	510	810	960	250	160	960	960	270	690	1000	180	830	910	530	250	670	350	840	340	890	450	320	520	510	840	420	760	800	260	510	240	760	880	140	220	760	880	630	990	110	910	400	340	200	170	320	550	270	630	870	990	740	440	280	300	310	690	460	200	460	970	750	600	460	780	410	750	960	680	280	650	360	300	970	980	140	880	170	610	680	990	380	560	500	880	360	140	310	890	160	180	670	110	1000	630	250	570	380	200	930	770	770	720	180	400	810	690	870	890	790	800	800	440	860	800	500	960	390	240	100	960	210	430	960	120	700	900	550	670	470	800	750	150	570	650	470	450	330	610	900	540	940	940	270	580	200	600	260	160	260	330	580	480	760	570	140	920	740	190	570	440	640	680	740	220	540	270	120	930	560	550	990	230	490	180	500	640	460	100	790	690	560	810	610	220	340	830	730	750	700	820	690	150	540	740	850	640	910	500	640	740	730	440	1000	390	490	790	520	400	880	240	270	950	570	240	170	600	580	650	570	890	880	150	240	940	590	960	710	500	380	840	570	380	770	280	260	640	400	370	500	340	340	890	700	340	500	960	930	640	450	540	300	800	930	560	360	780	970	380	960	710	410	730	120	190	270	710	290	990	190	520	490	760	960	920	360	560	100	230	230	780	700	650	140	390	310	750	230	400	670	890	230	730	480	110	260	350	370	260	130	810	750	630	980	150	450	620	400	730	720	740	270	630	790	950	650	960	210	850	720	570	720	470	820	450	260	680	690	220	200	170	390	270	460	210	850	200	910	140	970	220	990	220	970	350	230	680	880	780	100	540	850	850	610	910	300	730	120	810	350	870	840	190	920	680	580	770	520	240	210	870	190	140	550	450	260	600	740	230	280	810	320	370	520	820	630	110	990	170	100	800	460	170	720	620	900	850	810	770	940	460	400	860	490	190	650	1000	710	910	840	360	840	610	860	710	960	260	640	870	960	580	600	890	330	580	670	880	630	350	720	200	260	580	290	790	700	670	780	180	680	930	400	250	400	700	180	680	970	970	560	490	720	470	650	470	530	240	1000	110	470	660	740	200	690	770	540	800	710	340	930	790	210	900	530	820	160	850	750	250	880	770	730	950	610	350	600	220	670	500	100	560	690	450	100	770	980	290	470	530	290	350	690	340	940	820	520	290	420	790	710	960	370	500	900	640	410	330	290	310	270	740	500	100	530	380	790	880	540	790	900	310	950	250	450	590	380	210	910	260	660	610	960	570	470	870	500	170	170	580	950	600	210	960	960	880	540	540	680	810	620	840	970	220	330	760	510	370	420	1000	210	300	1000	500	740	670	430	450	990	680	920	560	610	270	650	140	790	490	200	420	850	920	450	940	380	760	410	490	1000	900	280	690	490	830	810	250	490	750	600	510	320	540	780	270	960	240	930	190	540	710	970	530	760	350	910	190	700	390	840	700	220	820	350	210	810	480	290	1000	820	790	150	770	600	280	630	550	930	900	570	390	200	640	550	590	360	320	750	940	740	890	220	300	920	920	790	110	720	130	630	400	410	260	740	940	440	210	360	650	210	240	270	960	430	990	320	950	150	840	340	250	180	580	710	700	120	660	980	390	540	280	890	360	570	420	910	820	840	410	990	350	850	550	860	890	1000	280	200	930	110	950	930	100	940	540	390	720	420	500	660	670	780	220	420	890	840	580	180	110	600	680	340	390	450	750	110	650	500	830	530	470	150	220	760	590	510	720	390	600	750	480	220	480	280	740	1000	490	290	640	480	230	920	630	980	630	430	750	340	870	710	620	390	250	430	220	250	450	380	310	190	370	640	720	660	830	730	800	300	920	500	690	550	920	400	100	520	450	300	700	170	810	420	100	580	870	560	450	830	670	720	430	290	770	180	290	860	740	220	430	840	310	910	490	960	380	730	130	240	300	590	110	410	260	130	930	410	400	740	650	210	350	120	220	930	820	710	540	970	320	580	670	610	520	710	450	180	1000	300	220	540	740	650	770	970	950	480	540	220	150	380	490	860	540	900	770	260	490	520	680	550	590	770	910	380	420	320	940	470	880	320	320	740	690	920	840	190	260	110	830	680	550	600	180	530	480	810	590	430	640	290	510	400	950	590	600	920	610	680	200	290	100	460	380	420	450	410	270	690	460	990	940	350	530	210	740	770	600	540	580	940	920	550	710	360	660	230	730	650	350	490	720	880	830	500	560	560	340	610	380	410	210	410	680	700	850	260	780	340	290	550	560	260	900	570	850	260	350	510	820	380	760	290	220	590	740	290	740	210	900	450	400	800	570	470	870	850	350	960	600	310	300	300	680	760	390	250	360	990	170	710	700	440	410	480	120	720	290	430	650	160	670	920	410	150	420	440	120	530	870	200	100	860	450	540	690	860	180	430	470	510	570	840	200	700	690	390	960	620	720	770	920	950	670	120	470	280	210	470	520	800	340	300	760	650	340	850	310	280	420	550	370	860	590	820	320	570	140	710	820	750	850	590	560	470	690	830	670	220	240	920	770	220	360	500	360	220	330	470	780	210	430	620	410	540	470	410	390	170	770	180	710	890	360	490	500	780	440	530	1000	860	680	500	200	180	140	430	850	570	940	950	750	340	360	140	900	660	160	760	370	880	280	480	130	270	660	170	790	380	500	290	660	880	980	440	460	760	660	620	690	810	310	900	320	710	580	330	240	180	620	720	350	130	950	740	600	280	690	250	610	490	970	600	870	500	280	180	980	640	250	660	590	460	850	450	870	570	990	890	590	470	520	510	920	530	660	550	840	850	920	930	940	920	870	600	660	650	110	400	730	640	450	650	410	460	270	110	720	280	700	230	980	380	650	260	720	250	100	290	420	840	680	1000	740	240	530	130	680	590	340	600	330	750	150	690	350	970	470	870	870	930	840	700	900	350	340	470	890	520	130	390	350	530	570	810	780	1000	550	810	380	240	590	640	340	210	570	600	610	720	660	910	650	520	730	780	680	820	880	810	430	130	520	920	960	100	530	240	280	690	820	690	540	950	860	180	1000	880	120	930	950	530	940	120	450	690	680	1000	820	720	580	300	490	760	340	300	510	250	170	700	360	910	360	130	850	560	730	110	960	610	360	230	420	970	630	910	180	660	290	450	880	590	630	820	270	560	570	620	190	280	120	390	510	940	530	440	510	880	720	160	460	580	930	530	580	440	560	730	470	790	590	840	600	840	130	280	530	560	420	970	700	870	330	540	810	860	240	170	100	170	720	900	250	780	560	370	290	930	640	840	320	890	910	760	140	830	960	620	380	540	660	1000	480	230	760	810	490	120	920	1000	360	420	750	600	570	750	140	870	670	200	830	140	510	270	380	650	960	650	260	720	710	180	200	490	110	580	330	870	230	980	960	520	970	410	720	300	730	480	780	190	180	800	310	890	830	850	1000	520	130	910	790	840	290	890	340	910	720	790	540	230	150	900	960	270	210	610	650	990	280	230	410	990	240	900	790	500	830	500	350	860	430	810	920	260	460	960	140	780	820	860	720	290	460	400	100	460	740	900	450	440	810	110	100	1000	930	910	630	740	340	880	860	550	670	170	750	200	970	190	440	400	810	630	940	740	110	330	140	880	740	880	930	500	980	390	870	660	580	380	900	600	620	300	990	610	140	930	210	710	710	440	880	310	180	840	630	240	550	230	120	920	670	710	100	730	460	820	100	980	760	640	710	260	460	300	490	350	720	230	600	540	330	890	120	660	310	750	820	960	730	460	930	230	800	1000	200	890	760	120	310	350	540	120	470	830	990	900	330	490	530	890	460	500	880	420	790	440	860	630	750	920	210	790	290	270	380	540	530	830	160	410	480	890	720	480	170	820	860	350	230	160	400	630	400	990	570	430	280	650	700	760	480	370	910	900	150	630	340	100	650	550	230	330	440	740	800	880	130	340	470	870	420	610	280	360	630	660	420	950	390	920	230	780	380	780	370	490	300	490	230	620	460	860	840	150	350	160	700	990	460	720	720	450	460	990	590	830	840	780	850	340	420	1000	790	210	320	180	620	360	460	390	850	720	630	520	390	420	150	750	630	300	440	550	430	660	630	510	970	110	830	1000	930	510	420	350	560	930	650	130	960	270	860	920	920	820	740	760	310	130	460	210	590	690	650	250	650	580	930	780	130	860	100	990	720	810	310	130	180	790	170	180	200	180	750	830	820	250	220	500	280	130	400	810	800	140	650	830	660	140	640	290	550	810	500	370	510	510	810	480	230	700	830	490	990	170	580	860	760	1000	570	560	550	850	510	890	660	450	700	770	480	320	440	710	580	650	970	710	720	530	890	680	700	330	840	150	750	270	970	460	950	250	860	620	840	570	210	980	510	560	420	390	310	840	1000	730	410	990	650	570	820	330	580	770	500	440	120	180	770	100	900	130	160	300	110	500	730	320	870	510	890	860	170	460	180	120	440	930	220	410	670	250	380	460	290	640	110	370	350	970	340	990	350	270	110	980	420	410	480	610	740	370	700	880	540	320	120	880	640	950	630	110	160	680	620	450	670	490	340	550	980	690	920	170	460	600	250	150	340	410	820	490	590	690	340	490	240	950	270	400	600	630	600	400	840	980	480	910	810	960	440	450	150	150	660	860	930	930	620	820	320	1000	290	940	380	600	810	640	680	220	440	510	580	990	290	870	550	640	170	910	980	100	140	460	180	400	860	250	120	930	990	620	460	790	600	980	560	750	450	930	920	110	160	120	450	720	340	200	670	720	900	980	280	750	260	600	380	380	700	930	660	600	320	460	360	700	450	980	580	620	1000	900	240	280	710	630	520	910	260	980	670	230	890	820	590	730	290	310	310	210	660	850	440	810	480	640	850	340	200	660	980	830	180	700	730	930	530	340	500	260	250	660	430	900	100	380	610	880	890	840	680	210	490	120	480	460	380	620	550	290	480	890	890	610	280	760	280	440	440	850	930	720	710	320	390	
10
