2475
100
4
50
0	0	0	0	0	0	0	0	0	0	0	0	192	0	0	0	0	192	0	0	0	0	0	0	0	0	0	0	0	0	0	0	0	0	0	0	0	0	0	0	0	0	0	0	0	0	0	0	0	0	192	0	0	0	0	0	0	0	0	0	0	0	0	0	0	0	0	192	0	0	0	0	0	0	0	0	0	0	0	0	0	0	0	0	0	0	0	0	0	0	0	0	0	0	0	0	0	0	0	0	
0	0	0	0	0	0	0	0	0	0	0	0	0	0	0	0	0	0	192	0	0	0	0	0	0	0	0	0	0	0	0	0	0	0	0	0	0	0	0	0	0	0	192	0	0	0	0	0	0	0	0	0	0	0	0	0	0	0	0	0	0	0	0	0	0	0	0	0	0	0	0	0	0	192	0	0	0	192	0	0	0	0	0	0	0	0	0	0	0	0	0	0	0	0	0	0	0	0	0	0	
0	0	0	0	0	0	0	0	0	0	0	0	0	0	0	0	0	0	0	0	0	0	0	0	0	0	192	0	0	0	0	0	0	0	0	0	0	0	0	0	0	0	0	0	0	0	0	0	0	0	0	0	0	0	0	0	0	0	0	0	0	0	0	0	0	0	0	0	0	0	0	0	0	0	0	192	0	0	0	0	192	0	192	0	0	0	0	0	0	0	0	0	0	0	0	0	0	0	0	0	
0	0	0	0	0	0	0	192	0	0	0	0	0	0	0	0	0	0	0	0	0	0	0	0	192	0	0	0	0	0	0	0	0	0	0	0	0	0	0	0	0	0	0	0	0	0	0	0	0	0	0	0	0	0	0	0	0	0	0	0	0	0	0	0	0	0	0	0	0	0	0	0	0	0	0	0	0	0	0	0	0	0	0	0	0	192	0	0	0	0	0	0	192	0	0	0	0	0	0	0	
0	0	0	0	0	0	0	0	0	0	0	0	0	0	0	0	0	0	0	0	0	0	0	0	0	0	0	0	192	0	0	0	0	0	0	0	0	0	0	0	0	192	0	0	0	0	0	0	0	0	0	0	0	192	0	0	0	0	0	0	0	192	0	0	0	0	0	0	0	0	0	0	0	0	0	0	0	0	0	0	0	0	0	0	0	0	0	0	0	0	0	0	0	0	0	0	0	0	0	0	
0	0	0	0	0	0	0	0	0	0	0	0	0	0	0	0	0	0	0	0	0	0	0	0	0	0	0	0	0	0	0	0	0	0	0	0	0	0	0	0	0	0	0	0	0	0	0	0	0	0	0	192	0	0	0	0	0	0	0	0	0	0	0	0	0	0	192	0	0	0	0	0	192	0	192	0	0	0	0	0	0	0	0	0	0	0	0	0	0	0	0	0	0	0	0	0	0	0	0	0	
0	0	0	0	0	0	0	0	0	0	0	0	0	0	0	0	0	0	0	0	0	0	0	0	0	0	0	0	0	0	0	0	0	192	0	0	0	0	0	0	0	0	0	0	0	192	0	0	0	0	0	0	192	0	0	0	0	0	0	0	0	0	0	0	0	0	0	0	0	0	0	0	0	0	0	0	0	0	0	0	0	0	0	0	0	0	0	0	0	0	0	0	0	0	0	192	0	0	0	0	
0	0	0	192	0	0	0	0	0	0	0	0	0	0	0	0	0	0	0	0	0	0	0	0	0	0	0	0	0	0	0	0	0	0	0	0	0	192	0	0	0	0	0	0	0	0	192	0	0	0	0	0	0	0	0	0	0	0	0	192	0	0	0	0	0	0	0	0	0	0	0	0	0	0	0	0	0	0	0	0	0	0	0	0	0	0	0	0	0	0	0	0	0	0	0	0	0	0	0	0	
0	0	0	0	0	0	0	0	0	0	0	0	0	0	0	0	0	0	0	0	192	0	0	0	0	0	0	0	0	0	0	0	0	0	0	0	0	0	0	0	0	0	0	0	0	0	0	0	0	0	0	0	0	0	0	0	192	0	0	0	0	0	0	0	0	192	0	0	0	0	0	0	0	0	0	0	0	0	0	0	0	0	0	192	0	0	0	0	0	0	0	0	0	0	0	0	0	0	0	0	
0	0	0	0	0	0	0	0	0	0	192	0	0	0	192	0	0	0	0	0	0	0	0	192	0	0	0	0	0	0	0	0	0	0	0	0	0	0	192	0	0	0	0	0	0	0	0	0	0	0	0	0	0	0	0	0	0	0	0	0	0	0	0	0	0	0	0	0	0	0	0	0	0	0	0	0	0	0	0	0	0	0	0	0	0	0	0	0	0	0	0	0	0	0	0	0	0	0	0	0	
0	0	0	0	0	0	0	0	0	192	0	192	0	0	192	0	0	0	0	0	0	0	0	0	0	0	0	0	0	0	0	0	0	0	0	0	0	0	192	0	0	0	0	0	0	0	0	0	0	0	0	0	0	0	0	0	0	0	0	0	0	0	0	0	0	0	0	0	0	0	0	0	0	0	0	0	0	0	0	0	0	0	0	0	0	0	0	0	0	0	0	0	0	0	0	0	0	0	0	0	
0	0	0	0	0	0	0	0	0	0	192	0	0	0	0	0	0	0	0	0	0	0	0	0	0	0	0	0	0	0	0	0	0	0	0	0	192	0	0	0	0	0	0	0	0	0	0	0	0	0	0	0	0	0	0	0	0	0	0	0	0	0	0	0	0	0	0	0	0	0	0	192	0	0	0	0	0	0	0	0	0	0	0	0	0	0	0	0	0	0	0	0	0	0	0	0	0	0	0	192	
192	0	0	0	0	0	0	0	0	0	0	0	0	0	0	0	0	192	0	0	0	0	0	0	0	0	0	0	0	0	0	0	0	0	0	0	0	0	0	0	0	0	0	0	0	0	0	0	0	0	192	0	0	0	0	0	0	0	0	0	0	0	0	0	0	0	0	192	0	0	0	0	0	0	0	0	0	0	0	0	0	0	0	0	0	0	0	0	0	0	0	0	0	0	0	0	0	0	0	0	
0	0	0	0	0	0	0	0	0	0	0	0	0	0	0	0	0	192	0	0	0	0	0	0	0	0	192	0	0	0	192	0	0	0	0	0	0	0	0	0	0	0	0	0	0	0	0	0	0	0	0	0	0	0	0	0	0	0	0	0	0	0	0	0	0	0	0	0	0	0	0	0	0	0	0	192	0	0	0	0	0	0	0	0	0	0	0	0	0	0	0	0	0	0	0	0	0	0	0	0	
0	0	0	0	0	0	0	0	0	192	192	0	0	0	0	0	0	0	0	0	0	0	0	192	0	0	0	0	0	0	0	0	0	0	0	0	0	0	192	0	0	0	0	0	0	0	0	0	0	0	0	0	0	0	0	0	0	0	0	0	0	0	0	0	0	0	0	0	0	0	0	0	0	0	0	0	0	0	0	0	0	0	0	0	0	0	0	0	0	0	0	0	0	0	0	0	0	0	0	0	
0	0	0	0	0	0	0	0	0	0	0	0	0	0	0	0	0	0	0	0	0	0	0	0	0	0	0	0	0	0	0	0	0	0	0	0	0	0	0	0	192	0	0	0	0	0	0	0	0	0	0	0	0	0	0	0	0	0	0	0	0	0	0	0	0	0	0	0	0	0	0	0	0	0	0	192	0	0	0	0	192	0	0	0	0	0	0	0	0	0	0	192	0	0	0	0	0	0	0	0	
0	0	0	0	0	0	0	0	0	0	0	0	0	0	0	0	0	0	0	0	0	0	0	0	0	0	0	0	0	0	0	0	0	0	0	0	0	0	0	0	0	0	0	192	0	0	0	0	0	0	192	0	0	0	0	0	0	0	0	0	0	0	0	0	0	0	0	0	0	0	0	0	0	0	0	0	0	0	0	0	0	0	0	0	0	192	0	0	0	0	0	0	192	0	0	0	0	0	0	0	
192	0	0	0	0	0	0	0	0	0	0	0	192	192	0	0	0	0	0	0	0	0	0	0	0	0	0	0	0	0	0	0	0	0	0	0	0	0	0	0	0	0	0	0	0	0	0	0	0	0	0	0	0	0	0	0	0	0	0	0	0	0	0	0	0	0	0	0	0	0	0	0	0	0	0	0	0	0	0	0	0	0	0	0	0	192	0	0	0	0	0	0	0	0	0	0	0	0	0	0	
0	192	0	0	0	0	0	0	0	0	0	0	0	0	0	0	0	0	0	0	0	0	0	0	0	0	0	0	0	0	0	0	0	0	0	0	0	0	0	0	0	0	192	0	0	0	0	0	0	0	0	0	0	0	0	0	0	0	0	0	0	0	0	0	0	0	0	0	0	0	0	0	0	192	0	0	0	192	0	0	0	0	0	0	0	0	0	0	0	0	0	0	0	0	0	0	0	0	0	0	
0	0	0	0	0	0	0	0	0	0	0	0	0	0	0	0	0	0	0	0	0	0	0	0	0	0	0	0	0	0	0	0	0	0	192	0	0	0	0	0	0	0	0	0	0	0	0	0	192	0	0	0	0	0	0	0	0	0	0	0	0	0	0	0	0	0	0	0	0	0	0	0	0	0	0	0	0	0	0	0	0	0	0	0	0	0	192	0	0	0	0	0	0	0	192	0	0	0	0	0	
0	0	0	0	0	0	0	0	192	0	0	0	0	0	0	0	0	0	0	0	0	0	0	0	0	0	0	0	0	0	0	0	0	0	0	0	0	0	0	0	0	0	0	0	0	0	0	0	0	0	0	0	0	0	0	0	0	0	0	0	192	0	0	0	0	192	0	0	0	0	0	0	0	0	0	0	0	0	0	0	0	0	0	192	0	0	0	0	0	0	0	0	0	0	0	0	0	0	0	0	
0	0	0	0	0	0	0	0	0	0	0	0	0	0	0	0	0	0	0	0	0	0	0	0	0	0	0	0	0	0	0	0	0	0	0	0	0	0	0	0	0	0	0	0	0	192	0	0	0	0	0	0	192	0	0	0	0	0	192	0	0	0	0	0	0	0	0	0	0	0	0	0	0	0	0	0	0	0	0	0	0	0	0	0	0	0	0	0	0	192	0	0	0	0	0	0	0	0	0	0	
0	0	0	0	0	0	0	0	0	0	0	0	0	0	0	0	0	0	0	0	0	0	0	192	0	0	0	0	0	0	0	0	0	0	0	0	0	0	0	0	0	0	0	0	0	0	0	0	0	0	0	0	0	192	0	0	0	0	0	0	0	0	0	0	0	0	0	0	0	0	0	0	0	0	0	0	0	0	0	0	0	0	0	0	0	0	0	0	192	0	0	0	0	0	0	0	192	0	0	0	
0	0	0	0	0	0	0	0	0	192	0	0	0	0	192	0	0	0	0	0	0	0	192	0	0	0	0	0	0	0	0	0	0	0	0	0	0	0	0	0	0	0	0	0	0	0	0	0	0	0	0	0	0	192	0	0	0	0	0	0	0	0	0	0	0	0	0	0	0	0	0	0	0	0	0	0	0	0	0	0	0	0	0	0	0	0	0	0	0	0	0	0	0	0	0	0	0	0	0	0	
0	0	0	192	0	0	0	0	0	0	0	0	0	0	0	0	0	0	0	0	0	0	0	0	0	0	0	0	0	0	0	0	0	0	0	0	0	192	0	0	0	0	0	0	0	0	192	0	0	0	0	0	0	0	0	0	0	0	0	192	0	0	0	0	0	0	0	0	0	0	0	0	0	0	0	0	0	0	0	0	0	0	0	0	0	0	0	0	0	0	0	0	0	0	0	0	0	0	0	0	
0	0	0	0	0	0	0	0	0	0	0	0	0	0	0	0	0	0	0	0	0	0	0	0	0	0	0	0	0	0	0	0	0	0	192	0	0	0	0	0	0	0	0	0	0	0	0	0	0	0	0	0	0	0	0	0	0	0	0	0	0	0	0	0	0	0	0	192	0	192	192	0	0	0	0	0	0	0	0	0	0	0	0	0	0	0	0	0	0	0	0	0	0	0	0	0	0	0	0	0	
0	0	192	0	0	0	0	0	0	0	0	0	0	192	0	0	0	0	0	0	0	0	0	0	0	0	0	0	0	0	0	0	0	0	0	0	0	0	0	0	0	0	0	0	0	0	0	0	0	0	0	0	0	0	0	0	0	0	0	0	0	0	0	0	0	0	0	0	0	0	0	0	0	0	0	192	0	0	0	0	192	0	0	0	0	0	0	0	0	0	0	0	0	0	0	0	0	0	0	0	
0	0	0	0	0	0	0	0	0	0	0	0	0	0	0	0	0	0	0	0	0	0	0	0	0	0	0	0	0	0	0	0	0	192	0	0	0	0	0	192	0	0	0	0	0	192	0	0	0	0	0	0	0	0	0	0	0	0	0	0	0	192	0	0	0	0	0	0	0	0	0	0	0	0	0	0	0	0	0	0	0	0	0	0	0	0	0	0	0	0	0	0	0	0	0	0	0	0	0	0	
0	0	0	0	192	0	0	0	0	0	0	0	0	0	0	0	0	0	0	0	0	0	0	0	0	0	0	0	0	0	0	0	192	0	0	192	0	0	0	0	0	0	0	0	0	0	0	0	0	0	0	0	0	192	0	0	0	0	0	0	0	0	0	0	0	0	0	0	0	0	0	0	0	0	0	0	0	0	0	0	0	0	0	0	0	0	0	0	0	0	0	0	0	0	0	0	0	0	0	0	
0	0	0	0	0	0	0	0	0	0	0	0	0	0	0	0	0	0	0	0	0	0	0	0	0	0	0	0	0	0	0	0	0	0	0	0	0	0	0	0	0	0	0	0	0	0	0	0	0	0	0	0	0	0	0	0	0	192	0	0	0	0	0	192	0	0	0	0	0	0	0	0	0	0	0	0	0	0	0	192	0	0	0	0	0	0	0	0	0	0	0	192	0	0	0	0	0	0	0	0	
0	0	0	0	0	0	0	0	0	0	0	0	0	192	0	0	0	0	0	0	0	0	0	0	0	0	0	0	0	0	0	0	0	0	0	0	0	0	0	0	192	0	0	0	0	0	0	0	0	0	0	0	0	0	0	0	0	0	0	0	0	0	0	0	0	0	0	0	0	0	0	0	0	0	0	0	0	0	0	0	192	0	192	0	0	0	0	0	0	0	0	0	0	0	0	0	0	0	0	0	
0	0	0	0	0	0	0	0	0	0	0	0	0	0	0	0	0	0	0	0	0	0	0	0	0	0	0	0	0	0	0	0	0	0	0	0	0	192	0	0	0	0	0	0	0	0	192	0	0	0	0	0	0	0	0	0	0	0	0	192	0	0	0	0	0	0	0	0	0	0	0	0	0	0	0	0	0	0	0	0	0	0	0	0	192	0	0	0	0	0	0	0	0	0	0	0	0	0	0	0	
0	0	0	0	0	0	0	0	0	0	0	0	0	0	0	0	0	0	0	0	0	0	0	0	0	0	0	0	192	0	0	0	0	0	0	192	0	0	192	0	0	0	0	0	0	0	0	0	192	0	0	0	0	0	0	0	0	0	0	0	0	0	0	0	0	0	0	0	0	0	0	0	0	0	0	0	0	0	0	0	0	0	0	0	0	0	0	0	0	0	0	0	0	0	0	0	0	0	0	0	
0	0	0	0	0	0	192	0	0	0	0	0	0	0	0	0	0	0	0	0	0	0	0	0	0	0	0	192	0	0	0	0	0	0	0	0	0	0	0	0	0	0	0	0	0	192	0	0	0	0	0	0	192	0	0	0	0	0	0	0	0	0	0	0	0	0	0	0	0	0	0	0	0	0	0	0	0	0	0	0	0	0	0	0	0	0	0	0	0	0	0	0	0	0	0	0	0	0	0	0	
0	0	0	0	0	0	0	0	0	0	0	0	0	0	0	0	0	0	0	192	0	0	0	0	0	192	0	0	0	0	0	0	0	0	0	0	0	0	0	0	0	0	0	0	0	0	0	0	0	0	0	0	0	0	0	0	0	0	0	0	0	0	0	0	0	0	0	0	0	0	0	0	0	0	0	0	0	0	0	0	0	0	0	0	0	0	192	0	0	0	0	0	0	0	192	0	0	0	0	0	
0	0	0	0	0	0	0	0	0	0	0	0	0	0	0	0	0	0	0	0	0	0	0	0	0	0	0	0	192	0	0	0	192	0	0	0	0	0	0	0	0	0	0	0	0	0	0	0	192	0	0	0	0	0	0	0	0	0	0	0	0	0	0	0	0	0	0	0	0	0	0	0	0	0	0	0	0	0	0	0	0	0	0	0	0	0	192	0	0	0	0	0	0	0	0	0	0	0	0	0	
0	0	0	0	0	0	0	0	0	0	0	192	0	0	0	0	0	0	0	0	0	0	0	0	0	0	0	0	0	0	0	0	0	0	0	0	0	0	0	0	0	0	0	0	0	0	0	0	0	0	0	0	0	0	0	0	0	0	0	0	0	0	0	0	0	0	0	0	0	0	0	192	0	0	0	0	0	0	0	0	0	0	0	0	0	0	0	0	0	0	0	0	0	0	0	0	0	192	0	192	
0	0	0	0	0	0	0	192	0	0	0	0	0	0	0	0	0	0	0	0	0	0	0	0	192	0	0	0	0	0	0	192	0	0	0	0	0	0	0	0	0	0	0	0	0	0	192	0	0	0	0	0	0	0	0	0	0	0	0	0	0	0	0	0	0	0	0	0	0	0	0	0	0	0	0	0	0	0	0	0	0	0	0	0	0	0	0	0	0	0	0	0	0	0	0	0	0	0	0	0	
0	0	0	0	0	0	0	0	0	192	192	0	0	0	192	0	0	0	0	0	0	0	0	0	0	0	0	0	0	0	0	0	192	0	0	0	0	0	0	0	0	0	0	0	0	0	0	0	0	0	0	0	0	0	0	0	0	0	0	0	0	0	0	0	0	0	0	0	0	0	0	0	0	0	0	0	0	0	0	0	0	0	0	0	0	0	0	0	0	0	0	0	0	0	0	0	0	0	0	0	
0	0	0	0	0	0	0	0	0	0	0	0	0	0	0	0	0	0	0	0	0	0	0	0	0	0	0	192	0	0	0	0	0	0	0	0	0	0	0	0	0	0	0	0	0	0	0	0	0	0	0	0	192	0	0	0	0	0	0	0	0	0	0	0	0	0	0	0	0	0	0	0	192	0	0	0	0	0	0	0	0	0	0	0	0	0	0	0	192	0	0	0	0	0	0	0	0	0	0	0	
0	0	0	0	0	0	0	0	0	0	0	0	0	0	0	192	0	0	0	0	0	0	0	0	0	0	0	0	0	0	192	0	0	0	0	0	0	0	0	0	0	0	0	0	0	0	0	0	0	0	0	0	0	0	0	0	0	0	0	0	0	0	192	0	192	0	0	0	0	0	0	0	0	0	0	0	0	0	0	0	0	0	0	0	0	0	0	0	0	0	0	0	0	0	0	0	0	0	0	0	
0	0	0	0	192	0	0	0	0	0	0	0	0	0	0	0	0	0	0	0	0	0	0	0	0	0	0	0	0	0	0	0	0	0	0	0	0	0	0	0	0	0	0	0	0	0	0	0	0	0	0	0	0	0	0	0	0	0	0	0	0	0	0	0	0	0	0	0	0	0	192	0	0	0	0	0	0	0	0	0	0	192	0	0	0	0	0	0	0	0	0	0	0	0	192	0	0	0	0	0	
0	192	0	0	0	0	0	0	0	0	0	0	0	0	0	0	0	0	192	0	0	0	0	0	0	0	0	0	0	0	0	0	0	0	0	0	0	0	0	0	0	0	0	0	0	0	0	0	0	0	0	0	0	0	0	0	0	0	0	0	0	0	0	0	0	0	0	0	0	0	0	0	0	0	0	0	0	192	0	0	0	0	0	0	0	0	0	0	0	0	0	0	0	0	0	0	0	0	192	0	
0	0	0	0	0	0	0	0	0	0	0	0	0	0	0	0	192	0	0	0	0	0	0	0	0	0	0	0	0	0	0	0	0	0	0	0	0	0	0	0	0	0	0	0	0	0	0	0	0	0	192	0	0	0	0	0	0	0	0	0	0	0	0	0	0	0	0	0	0	0	0	0	0	0	0	0	0	0	0	0	0	0	0	0	0	192	0	0	0	0	0	0	192	0	0	0	0	0	0	0	
0	0	0	0	0	0	0	0	0	0	0	0	0	0	0	0	0	0	0	0	0	0	0	0	0	0	0	0	0	0	0	0	0	0	0	0	0	0	0	0	0	0	0	0	0	0	0	192	0	0	0	0	0	0	0	0	0	0	0	0	0	0	0	0	0	0	0	0	192	0	0	0	0	0	0	0	0	0	0	0	0	0	0	0	0	0	0	0	0	0	192	0	0	0	0	192	0	0	0	0	
0	0	0	0	0	0	192	0	0	0	0	0	0	0	0	0	0	0	0	0	0	192	0	0	0	0	0	192	0	0	0	0	0	192	0	0	0	0	0	0	0	0	0	0	0	0	0	0	0	0	0	0	0	0	0	0	0	0	0	0	0	0	0	0	0	0	0	0	0	0	0	0	0	0	0	0	0	0	0	0	0	0	0	0	0	0	0	0	0	0	0	0	0	0	0	0	0	0	0	0	
0	0	0	0	0	0	0	192	0	0	0	0	0	0	0	0	0	0	0	0	0	0	0	0	192	0	0	0	0	0	0	192	0	0	0	0	0	192	0	0	0	0	0	0	0	0	0	0	0	0	0	0	0	0	0	0	0	0	0	0	0	0	0	0	0	0	0	0	0	0	0	0	0	0	0	0	0	0	0	0	0	0	0	0	0	0	0	0	0	0	0	0	0	0	0	0	0	0	0	0	
0	0	0	0	0	0	0	0	0	0	0	0	0	0	0	0	0	0	0	0	0	0	0	0	0	0	0	0	0	0	0	0	0	0	0	0	0	0	0	0	0	0	0	0	192	0	0	0	0	0	0	0	0	0	192	0	0	0	0	0	0	0	0	0	0	0	0	0	0	0	0	0	0	0	0	0	0	0	0	0	0	0	0	0	0	0	0	0	0	0	192	0	0	0	0	192	0	0	0	0	
0	0	0	0	0	0	0	0	0	0	0	0	0	0	0	0	0	0	0	192	0	0	0	0	0	0	0	0	0	0	0	0	192	0	0	192	0	0	0	0	0	0	0	0	0	0	0	0	0	0	0	0	0	0	0	0	0	0	0	0	0	0	0	0	0	0	0	0	0	0	0	0	0	0	0	0	0	0	0	0	0	0	0	0	0	0	192	0	0	0	0	0	0	0	0	0	0	0	0	0	
0	0	0	0	0	0	0	0	0	0	0	0	0	0	0	0	0	0	0	0	0	0	0	0	0	0	0	0	0	0	0	0	0	0	0	0	0	0	0	0	0	0	0	0	0	0	0	0	0	0	0	0	0	0	0	0	0	0	0	192	0	0	0	0	0	0	0	0	0	0	0	0	0	0	0	0	0	0	0	0	0	0	0	0	192	0	0	192	0	0	0	192	0	0	0	0	0	0	0	0	
192	0	0	0	0	0	0	0	0	0	0	0	192	0	0	0	192	0	0	0	0	0	0	0	0	0	0	0	0	0	0	0	0	0	0	0	0	0	0	0	0	0	0	192	0	0	0	0	0	0	0	0	0	0	0	0	0	0	0	0	0	0	0	0	0	0	0	0	0	0	0	0	0	0	0	0	0	0	0	0	0	0	0	0	0	0	0	0	0	0	0	0	0	0	0	0	0	0	0	0	
0	0	0	0	0	192	0	0	0	0	0	0	0	0	0	0	0	0	0	0	0	0	0	0	0	0	0	0	0	0	0	0	0	0	0	0	0	0	0	0	0	0	0	0	0	0	0	0	0	0	0	0	0	0	192	0	0	0	0	0	0	0	0	0	0	0	192	0	0	0	0	0	0	0	192	0	0	0	0	0	0	0	0	0	0	0	0	0	0	0	0	0	0	0	0	0	0	0	0	0	
0	0	0	0	0	0	192	0	0	0	0	0	0	0	0	0	0	0	0	0	0	192	0	0	0	0	0	0	0	0	0	0	0	192	0	0	0	0	0	192	0	0	0	0	0	0	0	0	0	0	0	0	0	0	0	0	0	0	0	0	0	0	0	0	0	0	0	0	0	0	0	0	0	0	0	0	0	0	0	0	0	0	0	0	0	0	0	0	0	0	0	0	0	0	0	0	0	0	0	0	
0	0	0	0	192	0	0	0	0	0	0	0	0	0	0	0	0	0	0	0	0	0	192	192	0	0	0	0	192	0	0	0	0	0	0	0	0	0	0	0	0	0	0	0	0	0	0	0	0	0	0	0	0	0	0	0	0	0	0	0	0	0	0	0	0	0	0	0	0	0	0	0	0	0	0	0	0	0	0	0	0	0	0	0	0	0	0	0	0	0	0	0	0	0	0	0	0	0	0	0	
0	0	0	0	0	0	0	0	0	0	0	0	0	0	0	0	0	0	0	0	0	0	0	0	0	0	0	0	0	0	0	0	0	0	0	0	0	0	0	0	0	0	0	0	0	0	0	192	0	0	0	192	0	0	0	0	0	0	0	0	0	0	0	0	0	0	0	0	0	0	0	0	0	0	192	0	0	0	0	0	0	0	0	0	0	0	0	0	0	0	0	0	0	0	0	192	0	0	0	0	
0	0	0	0	0	0	0	0	0	0	0	0	0	0	0	0	0	0	0	0	0	0	0	0	0	0	0	0	0	0	0	0	0	0	0	0	0	0	0	0	0	0	0	0	0	0	0	0	0	0	0	0	0	0	0	0	0	0	0	0	0	0	0	0	0	0	0	0	0	0	0	192	0	0	0	0	0	0	0	0	0	0	0	0	0	0	0	0	0	0	0	0	0	192	0	0	0	192	0	192	
0	0	0	0	0	0	0	0	192	0	0	0	0	0	0	0	0	0	0	0	0	0	0	0	0	0	0	0	0	0	0	0	0	0	0	0	0	0	0	0	0	0	0	0	0	0	0	0	0	0	0	0	0	0	0	0	0	0	0	0	0	0	0	0	0	192	0	0	0	0	0	0	0	192	0	0	0	0	0	0	0	0	0	192	0	0	0	0	0	0	0	0	0	0	0	0	0	0	0	0	
0	0	0	0	0	0	0	0	0	0	0	0	0	0	0	0	0	0	0	0	0	0	0	0	0	0	0	0	0	192	0	0	0	0	0	0	0	0	0	0	0	0	0	0	0	0	0	0	0	0	0	0	0	0	0	0	0	0	0	0	0	0	0	192	0	0	0	0	0	0	0	0	0	0	0	0	0	0	0	192	0	0	0	0	0	0	0	0	0	0	0	192	0	0	0	0	0	0	0	0	
0	0	0	0	0	0	0	0	0	0	0	0	0	0	0	0	0	0	0	0	0	192	0	0	0	0	0	0	0	0	0	0	0	0	0	0	0	0	0	0	0	0	0	0	0	0	0	0	0	0	0	0	0	0	0	0	0	0	0	0	0	0	192	192	0	0	0	0	0	0	0	0	0	0	0	0	0	0	0	0	0	0	0	0	0	0	0	0	0	192	0	0	0	0	0	0	0	0	0	0	
0	0	0	0	0	0	0	192	0	0	0	0	0	0	0	0	0	0	0	0	0	0	0	0	192	0	0	0	0	0	0	192	0	0	0	0	0	0	0	0	0	0	0	0	0	0	0	0	0	192	0	0	0	0	0	0	0	0	0	0	0	0	0	0	0	0	0	0	0	0	0	0	0	0	0	0	0	0	0	0	0	0	0	0	0	0	0	0	0	0	0	0	0	0	0	0	0	0	0	0	
0	0	0	0	0	0	0	0	0	0	0	0	0	0	0	0	0	0	0	0	192	0	0	0	0	0	0	0	0	0	0	0	0	0	0	0	0	0	0	0	0	0	0	0	0	0	0	0	0	0	0	0	0	0	0	0	0	0	0	0	0	0	0	0	0	192	0	0	0	0	0	0	0	0	0	0	0	0	192	0	0	0	0	192	0	0	0	0	0	0	0	0	0	0	0	0	0	0	0	0	
0	0	0	0	192	0	0	0	0	0	0	0	0	0	0	0	0	0	0	0	0	0	0	0	0	0	0	192	0	0	0	0	0	0	0	0	0	0	0	0	0	0	0	0	0	0	0	0	0	0	0	0	0	0	0	0	0	0	0	0	0	0	0	0	0	0	0	0	0	0	0	0	0	0	0	0	0	0	0	0	0	192	0	0	0	0	0	0	192	0	0	0	0	0	0	0	0	0	0	0	
0	0	0	0	0	0	0	0	0	0	0	0	0	0	0	0	0	0	0	0	0	0	0	0	0	0	0	0	0	0	0	0	0	0	0	0	0	0	0	0	192	0	0	0	0	0	0	0	0	0	0	0	0	0	0	0	0	0	192	0	0	0	0	0	192	0	0	0	0	0	0	0	0	0	0	0	0	0	0	0	0	0	192	0	0	0	0	0	0	0	0	0	0	0	0	0	0	0	0	0	
0	0	0	0	0	0	0	0	0	0	0	0	0	0	0	0	0	0	0	0	0	0	0	0	0	0	0	0	0	192	0	0	0	0	0	0	0	0	0	0	0	0	0	0	0	0	0	0	0	0	0	0	0	0	0	0	0	192	192	0	0	0	0	0	0	0	0	0	0	0	0	0	0	0	0	0	0	0	0	0	0	0	0	0	0	0	0	0	0	192	0	0	0	0	0	0	0	0	0	0	
0	0	0	0	0	0	0	0	0	0	0	0	0	0	0	0	0	0	0	0	0	0	0	0	0	0	0	0	0	0	0	0	0	0	0	0	0	0	0	0	192	0	0	0	0	0	0	0	0	0	0	0	0	0	0	0	0	0	0	0	0	0	192	0	0	0	0	0	0	0	0	0	0	0	0	0	0	0	0	0	0	0	192	0	0	0	0	0	0	192	0	0	0	0	0	0	0	0	0	0	
0	0	0	0	0	0	0	0	192	0	0	0	0	0	0	0	0	0	0	0	192	0	0	0	0	0	0	0	0	0	0	0	0	0	0	0	0	0	0	0	0	0	0	0	0	0	0	0	0	0	0	0	0	0	0	0	192	0	0	0	192	0	0	0	0	0	0	0	0	0	0	0	0	0	0	0	0	0	0	0	0	0	0	0	0	0	0	0	0	0	0	0	0	0	0	0	0	0	0	0	
0	0	0	0	0	192	0	0	0	0	0	0	0	0	0	0	0	0	0	0	0	0	0	0	0	0	0	0	0	0	0	0	0	0	0	0	0	0	0	0	0	0	0	0	0	0	0	0	0	0	0	192	0	0	0	0	0	0	0	0	0	0	0	0	0	0	0	0	0	0	0	0	0	0	192	0	0	0	0	0	0	0	0	0	0	0	0	0	0	0	192	0	0	0	0	0	0	0	0	0	
192	0	0	0	0	0	0	0	0	0	0	0	192	0	0	0	0	0	0	0	0	0	0	0	0	192	0	0	0	0	0	0	0	0	0	0	0	0	0	0	0	0	0	0	0	0	0	0	0	0	0	0	0	0	0	0	0	0	0	0	0	0	0	0	0	0	0	0	0	0	0	0	0	192	0	0	0	0	0	0	0	0	0	0	0	0	0	0	0	0	0	0	0	0	0	0	0	0	0	0	
0	0	0	0	0	0	0	0	0	0	0	0	0	0	0	0	0	0	0	0	0	0	0	0	0	0	0	0	0	0	0	0	0	0	0	0	0	0	0	0	0	0	0	0	192	0	0	0	0	0	0	0	0	0	0	0	0	0	0	0	0	0	0	0	0	0	0	0	0	0	0	0	192	0	0	0	0	0	0	192	0	0	0	0	0	0	0	0	0	0	192	0	0	0	0	0	0	0	0	0	
0	0	0	0	0	0	0	0	0	0	0	0	0	0	0	0	0	0	0	0	0	0	0	0	0	192	0	0	0	0	0	0	0	0	0	0	0	0	0	0	0	0	0	0	0	0	0	0	0	0	0	0	0	0	0	0	0	0	0	0	0	0	0	0	0	0	0	0	0	0	192	0	0	0	0	0	0	0	0	0	0	192	0	0	0	0	0	0	0	0	0	0	0	0	192	0	0	0	0	0	
0	0	0	0	0	0	0	0	0	0	0	0	0	0	0	0	0	0	0	0	0	0	0	0	0	192	0	0	0	0	0	0	0	0	0	0	0	0	0	0	0	192	0	0	0	0	0	0	0	0	0	0	0	0	0	0	0	0	0	0	0	0	0	0	0	0	0	0	0	192	0	0	0	0	0	0	0	0	0	0	0	192	0	0	0	0	0	0	0	0	0	0	0	0	0	0	0	0	0	0	
0	0	0	0	0	0	0	0	0	0	0	192	0	0	0	0	0	0	0	0	0	0	0	0	0	0	0	0	0	0	0	0	0	0	0	0	192	0	0	0	0	0	0	0	0	0	0	0	0	0	0	0	0	0	0	192	0	0	0	0	0	0	0	0	0	0	0	0	0	0	0	0	0	0	0	0	0	0	0	0	0	0	0	0	0	0	0	0	0	0	0	0	0	0	0	0	0	0	0	192	
0	0	0	0	0	192	0	0	0	0	0	0	0	0	0	0	0	0	0	0	0	0	0	0	0	0	0	0	0	0	0	0	0	0	0	0	0	0	0	192	0	0	0	0	0	0	0	0	0	0	0	0	0	0	0	0	0	0	0	0	0	0	0	0	0	0	0	0	192	0	0	0	0	0	0	0	0	0	0	0	0	0	0	0	0	0	0	0	192	0	0	0	0	0	0	0	0	0	0	0	
0	192	0	0	0	0	0	0	0	0	0	0	0	0	0	0	0	0	192	0	0	0	0	0	0	0	0	0	0	0	0	0	0	0	0	0	0	0	0	0	0	0	0	0	0	0	0	0	0	0	0	0	0	0	0	0	192	0	0	0	0	0	0	0	0	0	0	192	0	0	0	0	0	0	0	0	0	0	0	0	0	0	0	0	0	0	0	0	0	0	0	0	0	0	0	0	0	0	0	0	
0	0	0	0	0	192	0	0	0	0	0	0	0	0	0	0	0	0	0	0	0	0	0	0	0	0	0	0	0	0	0	0	0	0	0	0	0	0	0	0	0	0	0	0	0	0	0	0	0	0	0	192	0	0	192	0	0	0	0	0	0	0	0	0	0	0	192	0	0	0	0	0	0	0	0	0	0	0	0	0	0	0	0	0	0	0	0	0	0	0	0	0	0	0	0	0	0	0	0	0	
0	0	192	0	0	0	0	0	0	0	0	0	0	192	0	192	0	0	0	0	0	0	0	0	0	0	192	0	0	0	0	0	0	0	0	0	0	0	0	0	0	0	0	0	0	0	0	0	0	0	0	0	0	0	0	0	0	0	0	0	0	0	0	0	0	0	0	0	0	0	0	0	0	0	0	0	0	0	0	0	0	0	0	0	0	0	0	0	0	0	0	0	0	0	0	0	0	0	0	0	
0	0	0	0	0	0	0	0	0	0	0	0	0	0	0	0	0	0	0	0	0	0	0	0	0	0	0	0	0	0	0	0	0	0	0	0	0	0	0	0	0	0	0	0	0	0	0	0	0	0	0	0	0	0	0	0	0	0	0	0	0	0	0	0	0	0	0	0	0	0	0	0	0	0	0	0	0	192	192	0	0	0	0	0	0	0	0	0	0	0	0	0	0	0	0	0	0	192	192	0	
0	192	0	0	0	0	0	0	0	0	0	0	0	0	0	0	0	0	192	0	0	0	0	0	0	0	0	0	0	0	0	0	0	0	0	0	0	0	0	0	0	0	192	0	0	0	0	0	0	0	0	0	0	0	0	0	0	0	0	0	0	0	0	0	0	0	0	0	0	0	0	0	0	0	0	0	192	0	0	0	0	0	0	0	0	0	0	0	0	0	0	0	0	0	0	0	0	0	0	0	
0	0	0	0	0	0	0	0	0	0	0	0	0	0	0	0	0	0	0	0	0	0	0	0	0	0	0	0	0	0	0	0	0	0	0	0	0	0	0	0	0	0	0	0	0	0	0	0	0	0	0	0	0	0	0	0	0	0	0	0	192	0	0	0	0	0	0	0	0	0	0	0	0	0	0	0	192	0	0	0	0	0	0	0	0	0	0	0	0	0	0	0	192	0	0	0	0	0	192	0	
0	0	0	0	0	0	0	0	0	0	0	0	0	0	0	0	0	0	0	0	0	0	0	0	0	0	0	0	0	192	0	0	0	0	0	0	0	0	0	0	0	0	0	0	0	0	0	0	0	0	0	0	0	0	0	0	0	192	0	0	0	0	0	0	0	0	0	0	192	0	0	0	0	0	0	0	0	0	0	0	0	0	0	0	0	0	0	192	0	0	0	0	0	0	0	0	0	0	0	0	
0	0	192	0	0	0	0	0	0	0	0	0	0	0	0	192	0	0	0	0	0	0	0	0	0	0	192	0	0	0	192	0	0	0	0	0	0	0	0	0	0	0	0	0	0	0	0	0	0	0	0	0	0	0	0	0	0	0	0	0	0	0	0	0	0	0	0	0	0	0	0	0	0	0	0	0	0	0	0	0	0	0	0	0	0	0	0	0	0	0	0	0	0	0	0	0	0	0	0	0	
0	0	0	0	0	0	0	0	0	0	0	0	0	0	0	0	0	0	0	0	0	0	0	0	0	0	0	0	0	0	0	0	0	0	0	0	0	0	0	0	0	192	0	0	0	0	0	0	0	0	0	0	0	0	0	0	0	0	0	0	0	192	0	0	0	0	0	0	0	192	192	0	0	0	0	0	0	0	0	0	0	0	0	0	0	0	0	0	0	0	0	0	0	0	0	0	0	0	0	0	
0	0	192	0	0	0	0	0	0	0	0	0	0	0	0	0	0	0	0	0	0	0	0	0	0	0	0	0	0	0	192	0	0	0	0	0	0	0	0	0	0	0	0	0	0	0	0	0	0	0	0	0	0	0	0	0	0	0	0	0	0	0	192	0	192	0	0	0	0	0	0	0	0	0	0	0	0	0	0	0	0	0	0	0	0	0	0	0	0	0	0	0	0	0	0	0	0	0	0	0	
0	0	0	0	0	0	0	0	192	0	0	0	0	0	0	0	0	0	0	0	192	0	0	0	0	0	0	0	0	0	0	0	0	0	0	0	0	0	0	0	0	0	0	0	0	0	0	0	0	0	0	0	0	0	0	0	192	0	0	0	192	0	0	0	0	0	0	0	0	0	0	0	0	0	0	0	0	0	0	0	0	0	0	0	0	0	0	0	0	0	0	0	0	0	0	0	0	0	0	0	
0	0	0	0	0	0	0	0	0	0	0	0	0	0	0	0	0	0	0	0	0	0	0	0	0	0	0	0	0	0	0	192	0	0	0	0	0	0	0	0	0	0	0	0	0	0	0	0	0	192	0	0	0	0	0	0	0	0	0	0	0	0	0	0	0	0	0	0	0	0	0	0	0	0	0	0	0	0	0	0	0	0	0	0	0	0	0	192	0	0	0	0	0	0	0	0	0	0	192	0	
0	0	0	192	0	0	0	0	0	0	0	0	0	0	0	0	192	192	0	0	0	0	0	0	0	0	0	0	0	0	0	0	0	0	0	0	0	0	0	0	0	0	0	192	0	0	0	0	0	0	0	0	0	0	0	0	0	0	0	0	0	0	0	0	0	0	0	0	0	0	0	0	0	0	0	0	0	0	0	0	0	0	0	0	0	0	0	0	0	0	0	0	0	0	0	0	0	0	0	0	
0	0	0	0	0	0	0	0	0	0	0	0	0	0	0	0	0	0	0	192	0	0	0	0	0	0	0	0	0	0	0	0	0	0	192	192	0	0	0	0	0	0	0	0	0	0	0	0	192	0	0	0	0	0	0	0	0	0	0	0	0	0	0	0	0	0	0	0	0	0	0	0	0	0	0	0	0	0	0	0	0	0	0	0	0	0	0	0	0	0	0	0	0	0	0	0	0	0	0	0	
0	0	0	0	0	0	0	0	0	0	0	0	0	0	0	0	0	0	0	0	0	0	0	0	0	0	0	0	0	0	0	0	0	0	0	0	0	0	0	0	0	0	0	0	0	0	0	0	0	192	0	0	0	0	0	0	0	0	0	0	0	0	0	0	0	0	0	0	0	0	0	0	0	0	0	0	0	0	0	192	0	0	0	0	192	0	0	0	0	0	0	0	0	0	0	0	192	0	0	0	
0	0	0	0	0	0	0	0	0	0	0	0	0	0	0	0	0	0	0	0	0	0	192	0	0	0	0	0	0	0	0	0	0	0	0	0	0	0	0	192	0	0	0	0	0	0	0	0	0	0	0	0	0	0	0	0	0	0	0	0	0	192	0	0	0	0	0	0	0	0	0	0	192	0	0	0	0	0	0	0	0	0	0	0	0	0	0	0	0	0	0	0	0	0	0	0	0	0	0	0	
0	0	0	0	0	0	0	0	0	0	0	0	0	0	0	0	0	0	0	0	0	192	0	0	0	0	0	0	0	0	0	0	0	0	0	0	0	0	0	0	0	0	0	0	0	0	0	0	0	0	0	0	0	0	0	0	0	0	192	0	0	0	0	192	192	0	0	0	0	0	0	0	0	0	0	0	0	0	0	0	0	0	0	0	0	0	0	0	0	0	0	0	0	0	0	0	0	0	0	0	
0	0	0	0	0	0	0	0	0	0	0	0	0	0	0	0	0	0	0	0	0	0	0	0	0	0	0	0	0	0	0	0	0	0	0	0	0	0	0	0	0	0	0	0	192	0	0	192	0	0	0	0	0	0	0	0	0	0	0	0	0	0	0	0	0	0	192	0	192	0	0	0	0	0	0	0	0	0	0	0	0	0	0	0	0	0	0	0	0	0	0	0	0	0	0	0	0	0	0	0	
0	0	0	0	0	0	0	0	0	0	0	0	0	0	0	192	0	0	0	0	0	0	0	0	0	0	0	0	0	192	0	0	0	0	0	0	0	0	0	0	0	0	0	0	0	0	0	0	0	192	0	0	0	0	0	0	0	192	0	0	0	0	0	0	0	0	0	0	0	0	0	0	0	0	0	0	0	0	0	0	0	0	0	0	0	0	0	0	0	0	0	0	0	0	0	0	0	0	0	0	
0	0	0	192	0	0	0	0	0	0	0	0	0	0	0	0	192	0	0	0	0	0	0	0	0	0	0	0	0	0	0	0	0	0	0	0	0	0	0	0	0	0	0	192	0	0	0	0	0	0	0	0	0	0	0	0	0	0	0	0	0	0	0	0	0	0	0	0	0	0	0	0	0	0	0	0	0	0	192	0	0	0	0	0	0	0	0	0	0	0	0	0	0	0	0	0	0	0	0	0	
0	0	0	0	0	0	0	0	0	0	0	0	0	0	0	0	0	0	0	0	0	0	0	0	0	0	0	0	0	0	0	0	0	0	0	0	0	0	0	0	0	0	0	0	0	0	0	0	0	0	0	0	0	0	0	192	0	0	0	0	0	0	0	0	0	0	0	0	0	0	0	0	0	0	0	0	0	0	0	0	0	0	0	0	0	0	0	0	0	0	0	0	0	0	0	0	192	192	0	0	
0	0	0	0	0	0	0	0	0	0	0	0	0	0	0	0	0	0	0	192	0	0	0	0	0	0	0	0	0	0	0	0	0	0	192	0	0	0	0	0	0	192	0	0	0	0	0	0	0	0	0	0	0	0	0	0	0	0	0	0	0	0	0	0	0	0	0	0	0	192	0	0	0	0	0	0	0	0	0	0	0	0	0	0	0	0	0	0	0	0	0	0	0	0	0	0	0	0	0	0	
0	0	0	0	0	0	192	0	0	0	0	0	0	0	0	0	0	0	0	0	0	0	0	0	0	0	0	0	0	0	0	0	0	0	0	0	0	0	0	0	0	0	0	0	192	0	0	192	0	0	0	0	0	0	192	0	0	0	0	0	0	0	0	0	0	0	0	0	0	0	0	0	0	0	0	0	0	0	0	0	0	0	0	0	0	0	0	0	0	0	0	0	0	0	0	0	0	0	0	0	
0	0	0	0	0	0	0	0	0	0	0	0	0	0	0	0	0	0	0	0	0	0	192	0	0	0	0	0	0	0	0	0	0	0	0	0	0	0	0	0	0	0	0	0	0	0	0	0	0	0	0	0	0	0	0	0	0	0	0	0	0	0	0	0	0	0	0	0	0	0	0	0	0	0	0	0	0	0	0	0	0	0	0	0	0	0	0	192	0	0	0	0	0	192	0	0	0	0	0	0	
0	0	0	0	0	0	0	0	0	0	0	0	0	0	0	0	0	0	0	0	0	0	0	0	0	0	0	0	0	0	0	0	0	0	0	0	192	0	0	0	0	0	0	0	0	0	0	0	0	0	0	0	0	0	0	192	0	0	0	0	0	0	0	0	0	0	0	0	0	0	0	0	0	0	0	0	192	0	0	0	0	0	0	0	0	0	0	0	0	0	0	0	0	192	0	0	0	0	0	0	
0	0	0	0	0	0	0	0	0	0	0	0	0	0	0	0	0	0	0	0	0	0	0	0	0	0	0	0	0	0	0	0	0	0	0	0	0	0	0	0	0	0	192	0	0	0	0	0	0	0	0	0	0	0	0	0	0	0	0	0	0	0	0	0	0	0	0	0	0	0	0	0	0	0	0	0	192	0	192	0	0	0	0	0	192	0	0	0	0	0	0	0	0	0	0	0	0	0	0	0	
0	0	0	0	0	0	0	0	0	0	0	192	0	0	0	0	0	0	0	0	0	0	0	0	0	0	0	0	0	0	0	0	0	0	0	0	192	0	0	0	0	0	0	0	0	0	0	0	0	0	0	0	0	0	0	192	0	0	0	0	0	0	0	0	0	0	0	0	0	0	0	192	0	0	0	0	0	0	0	0	0	0	0	0	0	0	0	0	0	0	0	0	0	0	0	0	0	0	0	0	
0	54	42	79	62	31	20	60	89	77	25	94	95	95	49	41	69	4	61	47	4	35	63	33	96	67	26	59	40	44	18	90	23	47	61	57	55	21	66	14	97	35	29	45	25	14	56	49	58	67	95	43	23	15	95	86	79	55	77	80	17	25	87	61	54	60	29	96	33	27	97	50	46	85	62	77	65	13	16	82	40	11	17	53	60	20	0	24	18	27	41	77	83	91	6	25	51	97	61	1	94	77	81	3	4	5	15	47	64	2	75	92	91	74	3	9	21	10	2	66	72	83	78	61	8	37	28	49	66	98	5	9	24	87	19	27	62	47	65	56	39	42	2	56	54	49	99	69	60	9	31	48	50	51	83	42	94	29	9	63	27	59	62	42	83	38	55	98	24	20	91	98	61	33	30	81	61	46	7	97	36	37	8	94	71	46	21	55	59	6	40	87	25	83	89	20	9	37	49	77	52	58	87	86	40	34	99	35	69	52	13	62	61	54	83	99	45	82	80	20	2	91	32	81	8	64	4	76	90	88	77	73	87	2	65	66	16	5	52	84	72	44	11	6	42	82	16	4	56	22	87	61	59	43	33	74	64	52	71	45	23	60	31	83	50	30	73	88	90	21	34	65	4	36	3	36	80	31	2	46	80	62	35	83	49	72	27	56	32	57	43	39	49	17	97	17	79	75	33	30	33	47	69	60	4	26	44	99	15	28	97	68	57	68	12	34	12	10	34	7	89	75	9	6	9	56	33	24	80	65	67	41	84	45	12	47	78	12	90	74	51	7	89	88	27	3	42	25	20	53	10	43	7	70	91	62	73	7	61	52	27	33	65	70	49	81	53	76	65	92	97	79	60	31	34	53	94	95	13	74	46	97	80	76	23	74	10	20	47	3	71	82	58	9	49	27	35	85	15	25	37	28	52	93	50	63	20	43	98	12	49	28	60	10	30	54	11	51	59	26	37	72	49	60	11	90	74	29	13	87	17	43	33	54	81	95	24	69	39	37	11	49	2	99	3	52	49	57	76	65	24	61	48	14	20	67	60	41	63	89	89	53	85	11	27	64	71	35	24	80	43	53	5	4	32	35	47	23	29	1	90	12	94	41	21	57	73	51	43	92	6	21	69	44	6	43	90	24	78	91	21	23	92	2	20	8	59	84	32	18	22	66	94	92	26	78	26	2	62	92	66	72	89	6	59	61	3	53	94	96	58	13	87	0	37	31	28	25	39	25	94	71	21	32	26	33	42	88	36	43	13	7	3	49	38	93	98	98	66	87	78	14	99	48	94	6	4	90	58	56	33	73	23	21	28	42	18	73	22	79	90	85	30	70	46	71	47	43	13	87	5	32	27	87	61	83	95	18	73	92	52	71	9	21	28	26	63	11	9	59	31	90	30	23	26	19	12	92	10	77	18	68	62	1	84	34	95	81	16	87	21	84	81	97	18	17	82	4	60	20	76	47	70	93	43	92	29	67	76	63	96	58	48	34	42	35	9	65	74	43	11	23	39	8	71	54	75	21	25	67	26	9	35	25	27	52	61	21	58	87	85	58	88	86	82	83	91	72	6	28	88	24	34	26	59	31	48	46	57	11	16	76	40	45	38	49	0	51	64	86	83	82	60	56	8	78	92	76	35	81	40	85	94	9	44	57	28	39	77	10	14	19	1	84	4	48	39	24	12	46	66	24	82	5	81	40	13	7	87	38	23	62	4	98	80	53	17	6	63	26	15	21	86	54	16	35	73	97	63	98	74	38	19	53	5	1	68	69	65	58	35	85	81	83	25	1	18	58	11	75	30	18	39	82	34	69	40	22	91	32	17	29	53	83	49	55	42	45	11	46	58	50	80	90	99	34	47	60	70	8	6	66	91	35	55	60	52	17	49	83	17	3	75	85	9	34	69	62	51	55	88	40	16	66	97	83	6	98	46	80	26	87	42	81	4	93	76	54	99	82	20	85	77	95	82	2	66	37	17	78	93	17	6	19	67	60	32	69	27	59	29	26	83	47	99	90	99	12	78	2	2	16	63	64	66	29	15	80	20	50	75	3	28	49	76	51	3	15	60	49	56	69	78	68	98	39	17	91	99	44	37	71	87	72	87	52	8	87	80	57	44	49	3	37	96	46	31	59	4	78	56	41	43	54	56	32	25	52	52	20	75	84	36	24	57	91	6	55	34	71	59	15	67	44	50	90	7	11	95	78	28	86	25	27	23	93	58	49	29	89	50	32	28	36	71	90	3	85	89	32	9	52	74	91	94	35	19	15	98	17	12	39	20	95	91	34	40	68	12	14	51	47	73	96	90	68	79	93	30	69	6	78	81	10	27	11	14	36	13	10	59	12	18	68	2	48	58	58	46	61	24	57	42	2	21	78	46	62	27	97	22	21	91	20	69	89	57	40	47	26	67	34	41	9	85	63	60	27	29	28	97	14	64	37	90	2	34	36	18	29	89	30	0	16	99	35	23	96	77	81	30	4	3	18	16	72	61	14	16	31	5	79	8	85	10	1	68	95	20	30	44	86	56	58	0	3	31	31	2	79	31	57	54	51	88	58	91	12	99	46	76	47	70	3	91	21	92	93	41	83	56	42	6	26	98	14	44	44	58	20	13	61	42	54	86	30	22	5	67	84	59	24	90	0	82	23	76	63	29	96	34	22	4	91	52	58	72	30	64	44	90	44	10	44	3	34	33	37	77	68	4	18	51	75	25	58	8	73	20	33	72	3	31	51	97	84	83	22	98	88	76	12	54	17	21	44	50	66	45	63	41	25	37	16	43	28	83	34	69	17	7	77	26	65	97	39	47	47	28	78	10	30	16	44	90	32	75	27	49	31	47	65	75	63	88	49	17	4	85	92	87	37	32	45	20	41	22	8	45	39	20	65	34	94	68	75	18	11	32	63	75	10	4	67	20	60	28	97	58	44	68	42	11	99	93	18	28	11	49	36	14	42	91	10	73	65	86	23	97	32	52	38	19	83	33	53	66	29	83	62	86	8	80	89	86	15	20	13	68	42	76	81	11	50	56	53	44	57	16	96	85	14	41	31	95	83	69	60	12	96	98	49	94	90	82	86	32	75	2	67	22	14	25	51	57	6	81	88	88	12	20	66	95	52	19	70	42	8	65	80	34	3	48	33	25	83	76	26	8	32	17	50	77	60	61	30	98	69	93	61	37	18	37	18	43	32	37	93	8	96	45	21	44	28	15	76	21	3	90	38	24	21	79	15	27	68	96	73	61	8	8	18	50	36	41	8	34	37	21	76	91	1	99	87	12	82	56	7	5	72	42	81	59	76	76	95	89	88	37	74	3	62	0	18	49	23	4	73	80	26	35	37	84	62	3	64	92	52	13	16	25	61	27	94	95	41	20	60	66	50	36	23	34	41	47	76	96	33	10	8	92	1	62	4	68	61	13	94	57	96	25	42	13	5	95	34	8	2	55	34	37	64	16	62	26	65	36	89	36	13	67	98	7	71	31	87	42	14	76	87	53	12	35	62	23	72	92	3	77	94	75	51	71	77	91	53	77	45	24	76	59	32	82	95	16	5	1	80	1	97	76	82	42	1	18	83	2	14	44	94	15	29	26	84	54	32	26	1	43	65	84	78	78	62	66	21	13	87	87	62	41	3	94	51	57	96	70	37	49	51	70	58	30	12	47	55	2	52	85	78	76	81	57	9	87	83	21	5	43	64	61	23	47	11	84	40	10	47	54	40	61	71	97	34	14	84	86	8	86	87	65	61	86	75	42	29	60	69	48	3	97	55	48	8	65	56	82	67	30	28	54	7	94	28	77	6	2	60	11	68	40	77	3	0	82	2	66	86	32	91	90	93	47	98	55	8	40	51	33	76	51	16	54	96	63	86	76	84	59	89	84	35	1	36	97	98	89	59	3	65	15	63	83	44	95	63	14	91	47	1	76	39	46	19	62	66	90	42	46	67	84	84	43	83	72	51	75	92	18	34	27	11	28	69	97	97	11	68	61	69	18	94	11	28	25	36	52	99	82	21	78	25	9	95	22	74	10	73	52	11	30	69	8	51	76	40	44	31	30	69	68	39	33	6	37	22	7	71	94	75	4	53	95	12	34	59	41	53	59	84	31	50	10	51	81	6	14	5	84	70	60	42	31	80	2	88	40	55	20	70	87	81	3	81	43	83	48	67	99	75	79	75	97	47	56	94	31	95	43	76	71	12	66	34	67	97	17	25	73	32	83	51	59	91	15	22	65	85	95	96	5	7	67	36	56	57	49	80	20	37	46	56	53	82	58	27	98	1	83	13	22	47	48	26	82	92	16	51	41	8	10	22	65	21	94	37	62	42	57	75	64	16	95	65	75	37	50	64	75	34	73	34	71	81	71	62	82	14	85	17	15	53	54	86	45	30	72	82	34	36	12	91	49	78	74	17	89	20	58	25	41	46	64	9	95	8	41	25	69	25	0	72	28	95	26	38	14	73	96	64	11	61	5	77	90	11	5	99	2	40	33	42	58	33	59	1	74	28	63	91	14	53	87	94	13	17	1	5	88	69	59	48	27	95	12	34	19	34	47	29	71	56	23	35	49	74	18	93	92	40	24	46	5	27	35	49	75	84	30	48	35	34	42	67	9	16	98	26	90	34	53	47	52	14	12	57	59	64	67	51	36	99	99	66	19	47	14	79	77	94	22	27	60	49	28	32	64	29	74	46	4	27	10	39	69	13	35	35	5	69	20	36	67	39	84	40	74	85	65	95	99	52	97	20	13	43	24	11	2	40	45	19	12	29	6	55	51	18	24	64	23	99	27	39	91	44	60	96	73	68	32	15	91	18	28	88	11	12	87	14	30	35	1	69	70	20	46	53	7	49	61	55	88	42	11	25	38	1	2	83	82	19	26	90	0	20	43	60	16	81	23	99	4	55	82	89	13	43	81	88	8	66	76	95	58	52	71	20	13	97	85	45	52	42	16	56	15	1	10	40	63	94	19	2	24	35	30	92	22	28	49	6	49	62	56	28	15	45	83	3	22	60	51	65	79	16	49	16	62	92	84	68	67	83	21	59	96	81	6	35	12	18	12	24	15	20	23	17	29	75	38	89	58	57	43	3	4	45	12	18	10	81	70	17	16	80	85	49	89	59	76	11	31	6	82	40	27	2	94	34	27	78	47	0	23	29	61	55	78	11	74	64	9	72	77	8	69	91	26	60	93	40	30	27	37	86	6	91	68	39	63	71	73	93	14	19	60	71	42	92	93	92	42	61	68	44	86	57	34	24	9	94	34	59	40	38	59	88	75	36	34	60	17	75	51	6	73	6	47	76	95	19	40	67	42	24	91	41	30	69	42	30	12	49	97	96	12	31	5	27	78	2	44	49	31	83	82	52	94	91	13	87	22	10	88	90	66	84	22	10	34	4	25	81	80	22	91	57	67	54	68	75	28	80	92	54	28	38	15	12	74	75	34	86	66	73	18	36	31	6	74	46	79	74	87	27	68	93	77	33	70	27	92	10	87	1	85	20	61	6	30	21	76	30	44	59	37	99	66	99	31	26	19	15	84	47	8	23	15	70	11	40	64	52	83	0	70	63	40	5	82	93	64	16	85	86	32	71	35	36	50	94	38	79	75	
6	10	59	17	80	76	79	11	21	2	60	16	97	1	66	36	53	42	72	65	11	81	37	30	92	52	24	6	52	36	9	53	4	18	60	45	26	86	84	62	75	91	73	21	63	16	80	43	40	90	69	73	70	8	27	53	47	33	42	71	3	47	11	77	91	67	94	54	34	82	26	69	58	40	19	54	86	59	86	47	7	0	16	39	29	24	54	93	84	50	11	36	48	71	30	15	7	6	71	0	35	10	42	34	59	55	87	43	63	99	58	87	63	11	69	8	49	39	63	17	30	86	59	70	14	87	33	81	19	29	90	66	21	53	84	18	42	96	96	55	67	38	97	41	95	84	74	76	47	66	84	73	42	45	65	57	31	94	12	6	57	15	60	29	78	43	57	78	39	68	49	31	88	11	56	36	23	97	19	90	97	48	79	15	43	11	58	12	6	52	99	97	98	29	86	69	98	88	83	2	66	78	12	61	33	81	34	59	70	15	40	28	6	33	86	49	52	88	89	16	91	89	31	65	53	69	7	98	62	77	0	20	49	78	6	94	65	44	94	79	87	90	6	48	14	60	81	29	53	67	26	56	26	47	69	9	29	91	27	33	56	10	34	10	72	63	1	80	30	13	87	77	42	3	48	53	74	4	77	10	3	86	32	60	17	46	24	93	82	6	24	97	95	65	16	29	53	41	65	75	44	63	45	12	50	28	0	31	3	69	38	16	18	19	70	53	50	31	29	74	65	86	30	13	95	12	48	69	6	88	31	39	23	34	36	39	27	6	60	43	86	67	33	39	14	72	78	60	71	72	14	80	24	38	13	75	72	61	29	23	17	44	29	28	83	65	92	52	56	46	30	11	69	70	24	70	75	23	51	71	66	14	49	99	76	8	69	6	42	54	90	13	32	49	28	34	40	2	45	41	19	54	40	28	37	54	80	99	49	79	25	12	82	29	96	23	37	99	34	29	88	97	65	96	37	47	93	81	78	48	63	32	67	39	92	82	7	59	33	53	20	11	64	5	2	94	24	76	91	55	72	6	92	32	21	1	78	11	22	61	77	15	9	79	47	42	84	1	93	61	15	88	4	65	67	44	44	47	66	50	87	16	51	24	5	1	89	14	40	15	84	98	57	6	53	44	45	37	50	42	12	32	94	28	49	80	36	51	22	97	52	37	7	22	3	42	43	10	3	28	40	0	43	16	31	67	58	49	8	66	20	95	81	48	3	32	7	95	70	20	22	52	52	93	0	17	60	86	54	69	61	36	92	74	0	75	17	37	92	88	20	3	64	85	14	17	72	58	54	74	15	30	59	71	45	51	12	28	50	9	50	66	48	27	26	35	82	8	57	26	55	12	33	83	81	43	42	32	9	46	41	37	19	2	51	0	86	64	82	86	73	45	40	13	38	35	43	18	88	10	96	42	87	79	4	55	8	91	60	89	83	34	25	90	53	51	40	29	80	77	38	17	88	62	24	42	83	10	87	62	94	96	16	36	49	7	5	83	97	93	5	19	12	38	34	74	43	70	83	91	35	39	22	3	31	95	13	74	47	88	88	55	20	27	62	70	12	44	18	48	72	58	75	54	95	72	80	43	23	82	50	70	56	0	32	71	71	86	13	32	12	6	40	93	5	27	51	2	90	89	15	14	28	80	94	36	89	50	42	38	12	71	15	51	36	12	71	92	0	26	59	36	32	83	51	31	49	68	77	73	52	68	9	64	58	46	1	41	88	62	13	37	71	6	76	12	4	58	16	85	12	87	88	55	49	11	41	40	50	57	40	65	42	1	97	95	60	81	73	98	19	72	98	73	35	46	77	75	61	97	74	54	77	41	19	75	90	75	96	51	65	76	11	6	45	66	17	3	24	97	78	5	3	27	32	42	24	72	87	3	58	41	49	64	12	31	18	24	13	88	52	26	48	36	96	92	17	9	6	47	69	74	88	88	61	3	86	40	90	94	78	55	85	2	45	44	71	39	91	66	69	30	14	63	84	49	62	52	10	40	69	93	14	57	7	77	79	79	30	95	21	57	55	29	92	92	98	20	75	7	40	93	78	46	16	52	98	59	81	48	12	41	72	0	49	56	71	34	10	69	35	35	37	42	84	20	69	55	92	31	91	11	4	71	31	51	35	43	7	61	20	47	38	90	58	33	31	44	78	81	71	26	19	41	61	22	48	53	32	46	69	22	62	13	0	63	84	57	92	14	67	44	68	55	91	13	40	40	3	26	86	25	49	49	29	0	33	89	20	49	87	85	44	15	87	76	68	55	31	89	95	51	88	11	29	51	6	9	31	57	63	2	63	93	40	13	96	65	38	73	66	58	22	81	71	24	68	64	66	64	42	9	30	64	77	27	23	17	22	77	19	63	85	35	29	3	48	13	9	15	80	6	40	92	10	30	75	98	15	41	48	2	91	82	23	2	40	25	41	99	43	15	60	5	40	88	40	66	82	51	54	72	84	57	71	59	94	87	71	78	67	56	52	97	5	43	70	86	73	40	50	97	88	43	29	75	22	15	72	46	93	52	77	46	34	74	64	89	13	23	42	88	36	61	36	22	40	95	20	3	89	76	74	61	38	59	14	51	25	2	96	99	1	19	3	24	30	33	74	65	91	86	3	83	14	47	8	4	62	49	64	73	21	58	95	58	7	89	71	69	79	61	99	71	85	26	64	24	73	65	6	66	6	19	38	94	75	49	90	4	6	37	50	10	16	2	51	53	14	51	11	13	21	52	82	56	46	46	58	46	34	34	94	61	9	77	34	52	2	43	68	0	24	45	37	44	89	19	88	18	42	63	13	76	4	73	77	0	23	56	17	31	24	5	69	9	9	91	80	36	81	95	53	27	53	38	62	67	40	81	50	70	0	26	23	29	99	29	24	9	87	20	29	61	75	15	34	94	26	94	46	27	49	55	72	63	41	71	33	13	72	24	88	0	68	41	72	96	63	25	98	61	52	27	85	20	24	7	55	87	17	64	18	78	4	83	43	7	27	90	68	81	79	42	83	59	81	3	37	39	37	39	36	49	17	11	11	76	74	46	67	42	96	59	30	28	28	94	87	20	79	38	70	41	9	78	83	37	70	33	40	56	81	53	5	35	94	7	52	91	78	58	67	88	35	50	92	86	26	96	61	96	84	85	96	67	44	35	79	69	51	79	80	71	31	13	83	98	67	54	29	68	49	38	89	10	15	39	93	11	69	3	95	69	18	93	5	48	25	17	5	81	70	6	0	75	18	23	5	44	89	23	97	46	2	28	90	18	99	55	31	67	19	45	82	12	65	50	82	64	37	52	99	22	52	62	35	3	8	39	7	97	30	34	66	29	52	84	98	62	25	80	81	30	96	31	43	13	61	36	13	67	83	91	64	59	33	88	72	79	18	42	12	85	56	14	5	53	43	37	73	70	95	25	53	45	51	26	26	17	38	99	21	32	67	44	13	6	50	71	44	94	14	48	92	11	9	72	39	14	25	2	66	13	11	83	38	41	26	4	89	93	23	50	7	44	60	10	56	0	94	39	15	18	16	95	22	46	27	72	15	95	98	73	1	27	72	83	31	89	49	27	92	21	46	65	3	72	24	86	98	42	6	30	85	11	65	84	70	90	81	11	86	22	74	47	7	40	52	93	73	39	17	40	16	52	79	32	48	6	30	35	27	44	98	23	48	74	55	14	81	70	89	77	72	29	74	82	57	19	74	11	59	29	49	20	47	84	95	50	73	17	19	42	42	36	55	26	60	83	14	62	4	11	45	60	66	80	83	91	17	20	43	24	3	2	3	77	41	2	86	59	24	43	83	82	43	16	56	62	92	87	46	10	27	12	57	5	89	29	59	17	98	8	27	26	45	78	62	82	56	67	72	54	56	78	94	78	31	9	80	65	46	45	35	19	41	38	28	17	5	40	96	73	1	82	39	61	2	82	18	25	52	62	41	11	65	4	6	9	57	20	58	55	69	29	86	35	99	45	19	42	66	66	0	85	74	2	98	77	93	0	96	7	40	22	32	94	88	96	52	44	15	76	50	79	60	87	48	53	41	77	99	83	99	54	75	29	80	96	96	93	4	30	22	34	48	42	32	97	84	79	10	23	54	70	11	3	65	9	78	20	60	84	90	39	78	93	5	93	24	85	94	14	6	30	83	45	31	1	44	38	60	80	91	36	68	45	28	54	95	26	91	5	71	96	94	44	70	53	43	13	33	19	31	5	3	50	51	15	29	33	35	39	32	50	89	98	90	6	28	67	31	2	43	33	10	28	28	90	44	90	12	98	89	56	60	95	4	11	93	52	37	95	74	56	71	79	72	38	23	99	40	8	15	83	14	29	44	79	91	17	46	25	47	58	68	89	16	76	41	43	64	86	61	0	28	44	6	28	39	26	61	90	34	52	10	51	28	7	72	28	28	2	87	36	77	49	18	68	78	62	92	36	97	82	22	35	50	13	18	94	39	17	51	84	91	3	27	81	40	38	27	19	14	46	8	7	5	8	68	57	60	97	44	56	42	2	67	19	30	89	69	55	79	66	81	64	20	47	68	46	30	38	21	95	80	29	17	82	25	47	25	23	30	26	21	40	76	0	15	33	66	72	26	33	48	70	5	54	16	14	67	30	32	6	24	13	61	81	89	66	80	0	29	75	21	78	37	74	39	39	55	39	32	44	48	93	87	89	85	6	0	84	46	16	92	45	34	64	21	18	27	68	25	95	87	34	49	7	37	46	4	17	32	20	17	83	13	32	94	83	75	1	10	13	28	79	26	54	30	72	61	72	59	20	62	8	81	73	48	53	30	24	39	7	23	82	55	25	5	51	55	4	13	78	32	13	35	96	93	71	7	2	53	22	85	23	35	30	81	73	98	47	65	55	32	55	76	48	55	69	33	46	60	30	11	43	36	38	83	74	24	78	84	76	98	58	57	99	16	7	1	58	68	71	49	87	10	30	52	12	75	87	18	72	28	47	33	61	70	45	81	54	21	77	75	24	93	53	12	88	61	50	33	88	67	50	13	77	32	11	11	60	22	45	29	7	63	97	45	18	18	0	82	66	15	95	4	40	17	41	45	84	67	62	89	96	68	19	41	38	20	63	1	24	90	9	84	62	52	1	18	12	87	46	14	3	13	30	22	28	30	21	34	12	45	82	47	95	61	59	58	59	84	2	25	75	70	99	69	16	70	65	3	36	81	55	7	84	9	62	60	77	94	91	92	83	97	50	62	75	50	81	74	55	3	31	28	93	72	96	29	38	9	70	23	27	67	66	24	90	43	2	94	86	14	81	78	32	9	10	11	91	61	57	91	96	6	67	47	90	44	83	52	88	69	97	62	93	59	55	24	60	83	36	1	50	50	20	80	34	66	35	39	23	81	2	51	77	80	21	82	99	0	82	95	50	48	13	46	93	22	71	1	57	42	36	34	34	59	47	73	2	99	21	76	10	46	37	47	64	2	51	4	23	86	70	6	58	17	25	20	30	38	80	27	92	73	95	81	57	60	78	69	78	8	6	75	76	5	95	20	55	80	7	61	6	30	86	36	45	14	96	6	94	87	35	99	0	87	5	51	46	67	90	54	64	61	9	78	14	53	62	17	20	45	61	28	93	86	4	34	58	68	
11	1	12	13	4	12	15	19	13	8	17	3	12	6	18	20	9	1	9	9	17	5	8	17	5	16	8	2	14	6	13	17	14	13	14	20	1	16	1	14	20	8	6	13	16	5	8	2	19	12	13	2	4	19	14	14	18	10	7	15	17	19	2	10	18	14	20	4	11	5	5	1	20	12	19	8	13	17	19	17	18	8	10	20	5	10	16	20	8	16	8	18	20	7	6	11	15	11	20	19	9	19	9	20	1	14	18	7	11	15	1	16	8	9	17	16	11	14	11	16	3	4	15	16	11	15	6	17	18	11	13	13	14	19	3	12	9	3	4	9	17	10	5	10	18	6	12	9	19	16	3	16	10	14	19	12	1	18	12	18	3	4	1	11	13	19	18	5	7	10	3	7	10	10	15	16	20	6	9	12	14	17	8	17	7	5	15	2	19	6	1	10	12	19	17	17	13	16	18	1	16	14	15	20	15	15	13	16	15	16	15	11	12	2	5	2	4	2	4	20	12	5	6	16	4	16	18	11	6	3	19	5	6	5	4	3	15	13	16	11	11	1	15	13	18	2	6	2	7	1	10	8	12	15	17	7	1	17	6	9	16	20	8	14	10	20	15	7	3	16	8	6	17	11	20	19	12	11	12	12	2	1	18	1	16	2	5	3	15	7	4	4	11	17	3	4	10	13	11	16	12	19	17	18	11	18	14	19	20	13	19	6	15	14	14	10	18	3	6	20	18	15	2	8	11	20	14	15	3	6	19	11	2	16	14	16	2	18	5	19	8	20	15	6	1	5	15	5	5	16	5	14	17	19	10	5	8	19	19	15	5	1	13	6	5	18	5	14	11	10	5	20	6	8	20	6	15	16	5	9	8	6	4	4	14	12	18	18	2	7	4	8	8	13	19	2	18	16	9	13	8	8	9	7	16	5	2	16	3	16	8	9	9	5	12	8	12	19	15	17	1	9	3	6	12	13	11	15	3	16	18	9	2	15	3	6	7	15	5	2	19	13	20	19	15	5	5	5	7	2	6	9	17	3	10	5	17	3	16	13	9	9	15	3	18	15	14	11	20	2	5	6	17	7	17	10	9	11	4	19	19	10	13	2	9	7	3	13	3	17	17	4	16	7	10	17	10	8	6	12	5	18	18	10	7	10	3	13	9	13	7	1	11	12	5	12	19	11	4	6	2	17	20	4	16	13	6	12	11	18	15	10	4	15	8	4	7	14	15	6	6	16	19	17	13	14	15	19	6	9	11	12	10	17	19	14	9	1	7	16	1	9	13	6	11	17	11	6	6	14	8	2	5	14	6	6	10	14	15	19	15	6	5	7	17	5	20	1	18	10	11	16	17	14	5	8	11	5	1	19	8	6	4	1	3	9	13	20	15	19	3	20	13	18	15	14	1	10	4	13	1	8	12	17	15	6	19	9	9	11	14	18	3	17	10	20	12	9	17	4	15	8	3	4	1	15	20	13	17	19	16	2	10	5	1	11	18	6	9	10	9	19	18	7	1	13	8	20	3	2	18	18	1	2	1	16	17	7	2	4	14	8	20	20	6	4	16	9	14	10	13	3	19	5	3	8	11	12	17	3	17	5	11	3	8	16	6	18	20	11	3	1	10	3	15	1	9	16	4	6	14	15	9	20	2	7	20	18	3	14	3	5	3	8	14	18	9	6	11	9	8	1	6	4	15	11	13	12	17	12	4	9	1	10	5	13	2	16	13	5	3	1	19	10	3	1	11	17	13	9	4	6	4	15	7	7	16	19	2	5	13	18	2	5	10	17	19	7	6	2	18	17	16	1	1	12	12	11	1	17	18	10	2	9	9	1	14	4	17	15	5	12	11	9	16	2	19	18	17	2	20	1	13	6	18	14	4	19	14	6	20	2	8	7	5	8	15	1	5	9	3	5	20	19	13	12	4	15	18	16	1	10	19	17	9	20	13	12	8	16	13	3	20	13	15	13	13	16	6	5	1	20	18	4	4	20	16	5	16	2	1	19	6	11	14	10	13	15	12	3	5	9	12	16	17	8	4	17	2	14	7	15	10	11	7	19	10	6	1	3	2	6	6	11	3	9	3	16	15	7	13	3	19	15	9	2	3	12	1	12	9	7	2	12	2	1	6	2	1	13	9	10	6	7	18	13	2	1	16	1	7	20	6	9	1	13	7	4	14	20	6	10	10	15	5	20	7	19	6	15	5	8	20	13	5	16	17	14	1	20	14	11	18	8	12	13	12	18	8	17	16	11	3	5	4	16	6	17	12	1	18	6	2	20	3	17	14	18	4	11	2	3	13	14	6	17	11	6	3	5	18	8	7	19	13	13	11	14	7	6	10	20	3	5	20	5	12	2	8	4	5	14	11	7	9	6	2	3	10	15	20	4	5	15	15	13	20	10	14	16	14	5	14	9	9	13	15	7	2	20	18	12	10	1	17	9	10	3	12	14	3	6	14	8	8	6	17	19	3	5	13	7	18	19	16	8	10	2	7	17	4	18	10	18	14	13	6	11	3	10	14	3	10	5	5	9	2	20	5	3	6	18	14	18	10	16	18	11	4	1	2	19	15	20	18	3	1	2	20	3	8	19	3	14	8	20	9	17	18	11	6	1	18	19	2	1	14	1	10	8	18	2	19	11	12	10	14	10	20	11	8	2	16	10	2	4	13	12	17	10	3	6	19	8	8	5	11	3	12	5	15	17	1	8	13	6	4	7	9	7	1	7	11	18	5	13	18	15	18	9	6	3	1	14	8	4	9	8	14	5	13	13	6	15	10	13	10	13	13	1	13	6	4	12	11	3	8	12	10	13	11	16	14	3	9	1	3	4	15	6	2	3	16	12	1	9	2	8	10	7	3	16	16	9	7	4	1	16	4	9	10	4	13	4	14	10	6	2	11	3	15	16	16	10	2	13	7	10	4	4	14	6	2	10	1	6	3	9	6	9	10	16	13	14	7	8	1	4	1	13	10	4	16	3	1	16	7	3	8	3	16	1	11	14	11	2	6	16	2	15	10	5	2	12	14	16	16	12	9	8	8	2	12	4	3	3	3	2	14	6	8	12	9	5	2	6	5	8	15	7	3	8	1	7	10	8	2	15	15	10	11	8	8	2	15	4	14	7	8	4	1	16	9	1	9	11	15	6	8	9	3	1	2	10	2	7	2	10	9	4	15	11	16	15	5	16	5	2	3	10	13	4	15	3	8	4	5	6	8	16	4	8	2	3	6	16	15	4	13	1	6	9	9	3	16	7	15	13	3	9	5	4	2	12	14	14	11	11	8	6	9	8	5	15	12	14	7	14	3	12	15	3	3	10	13	14	14	4	15	12	2	12	10	8	12	15	4	8	9	5	15	5	6	15	9	16	13	9	10	5	14	6	16	13	4	16	15	2	7	11	1	1	2	15	8	15	10	9	2	1	10	15	3	5	12	8	16	1	14	4	16	5	4	7	14	10	13	5	13	1	7	7	6	6	14	2	16	9	11	4	16	8	14	9	8	15	14	6	9	2	1	3	7	7	15	14	5	15	6	6	9	16	5	15	4	5	5	15	4	14	15	8	15	2	12	1	5	1	16	3	8	1	12	15	15	8	4	12	16	12	3	4	8	6	9	16	2	7	16	9	11	4	10	12	6	13	1	14	11	13	6	8	12	15	11	16	3	6	5	12	7	10	10	15	16	4	12	15	15	13	16	4	2	5	6	9	7	3	5	13	2	6	1	4	2	9	16	8	13	7	10	11	15	6	7	11	13	2	3	14	12	13	16	7	1	16	16	14	16	13	8	6	11	6	1	3	4	10	5	6	14	10	4	5	11	1	8	16	7	8	1	14	1	7	16	15	11	7	15	9	10	11	14	12	14	15	1	2	6	8	5	3	1	6	3	4	9	11	16	11	16	7	15	16	5	9	16	14	15	16	3	12	16	6	13	6	5	16	7	11	11	12	3	14	13	15	4	11	12	5	11	12	13	5	14	6	5	4	9	5	6	1	8	2	11	10	10	9	6	10	15	4	9	11	8	13	5	10	16	13	4	16	12	9	1	4	10	16	1	11	6	1	5	3	12	5	7	8	7	8	5	1	10	13	1	8	16	13	11	4	3	13	10	7	2	6	1	8	9	8	6	8	15	14	7	1	6	2	14	9	9	7	8	3	15	8	4	9	14	12	7	1	14	13	8	2	7	6	1	9	14	12	10	5	5	11	6	4	8	8	5	3	9	11	12	11	16	2	2	12	5	6	5	13	5	6	7	13	6	11	13	15	2	9	8	5	13	3	2	2	3	15	12	6	4	6	15	4	14	2	13	1	4	14	3	13	11	1	14	14	4	10	1	13	7	10	2	15	16	5	8	11	2	11	1	2	6	14	2	12	1	11	8	8	6	3	11	5	7	3	11	10	12	4	11	5	9	14	4	3	5	12	15	7	7	14	6	2	4	6	3	1	13	14	10	13	4	16	3	14	12	10	16	10	10	5	12	2	7	3	15	6	16	15	11	16	10	8	7	9	5	6	8	9	16	14	5	3	7	6	11	11	5	11	4	2	4	5	2	10	13	3	13	9	7	6	12	16	15	7	4	1	14	1	10	13	3	16	5	15	13	2	15	15	10	13	3	4	14	7	10	13	10	13	5	12	14	8	7	3	1	1	10	4	15	1	11	9	13	13	15	6	9	16	15	2	10	7	6	15	14	10	13	16	8	9	12	1	16	2	4	9	10	15	12	15	4	2	2	5	16	9	14	3	12	9	4	10	9	9	4	10	1	4	13	2	7	16	16	10	3	3	13	1	6	12	4	3	12	6	11	6	10	4	7	2	12	5	16	4	9	14	9	13	1	14	3	7	4	4	13	2	13	13	7	11	5	13	6	13	2	6	5	3	5	3	10	3	11	12	7	10	13	9	14	12	8	6	10	7	14	10	3	13	7	13	11	14	13	14	7	9	4	13	2	2	14	8	5	6	5	6	9	2	13	9	8	3	14	7	12	8	7	13	13	7	16	2	10	6	8	12	5	1	5	4	4	1	15	2	10	12	13	8	7	1	14	15	9	2	1	3	16	12	1	16	13	16	9	4	4	12	12	12	2	7	16	8	5	13	6	1	15	1	15	8	8	11	11	2	10	7	2	11	10	1	10	10	9	8	2	8	11	4	2	1	5	10	1	11	1	5	2	14	3	6	16	2	5	6	10	6	2	2	2	9	14	7	12	1	14	13	9	11	4	9	14	13	4	15	15	16	16	12	15	2	16	16	12	9	12	13	2	11	3	9	7	11	9	16	16	11	11	7	6	9	14	8	8	7	2	6	14	14	11	6	3	16	5	12	13	7	15	8	15	12	10	2	9	16	16	11	14	13	14	13	15	16	9	5	11	2	4	12	1	7	4	6	3	4	10	7	1	11	6	3	1	6	1	15	5	9	16	3	10	11	14	11	8	1	15	3	14	15	9	14	6	11	6	16	5	6	4	12	9	16	15	15	8	3	8	1	4	4	8	1	15	1	4	11	1	14	16	2	6	1	14	13	1	11	10	12	5	11	8	8	1	12	14	14	14	9	3	6	15	5	2	12	1	15	4	7	15	8	11	2	12	1	7	12	9	15	16	12	5	
270	250	640	760	460	980	340	470	900	380	620	500	250	910	820	720	780	860	210	810	520	580	290	310	470	120	610	820	720	810	550	820	820	560	750	820	320	800	990	290	120	240	630	560	120	950	500	900	590	880	410	790	960	140	640	320	980	150	470	650	490	980	610	140	340	390	660	680	890	990	780	390	590	500	840	320	200	510	620	450	330	470	410	580	240	180	160	660	150	680	870	610	670	930	400	380	320	400	670	740	970	330	240	840	500	400	580	860	300	550	450	400	190	740	710	790	790	140	990	150	670	580	1000	590	1000	430	900	550	180	790	130	550	900	220	770	530	630	410	490	130	920	620	840	410	370	130	220	470	990	560	830	450	730	250	160	840	410	760	890	720	370	610	170	110	510	730	840	380	170	170	870	140	890	230	170	860	100	120	240	710	260	810	150	790	510	960	270	510	400	850	510	250	970	440	400	690	940	310	480	260	610	180	450	910	250	390	980	490	460	960	290	470	940	440	360	780	650	360	590	740	350	180	280	370	390	140	180	470	880	440	770	700	400	310	180	970	240	540	120	630	320	240	870	370	290	930	690	290	330	480	980	750	240	390	470	710	610	910	500	510	490	710	210	660	750	770	410	340	850	280	230	850	720	160	890	1000	170	410	970	250	410	720	890	880	530	860	380	990	190	440	190	180	560	720	320	910	570	240	740	640	790	100	850	690	390	520	130	160	210	450	800	260	670	760	730	750	930	480	740	820	770	130	670	930	570	190	680	160	320	280	930	480	630	720	820	770	880	760	900	120	120	610	770	860	680	330	280	970	170	580	250	650	150	470	710	540	250	620	160	680	550	560	580	490	900	750	730	770	820	760	160	650	390	720	560	770	170	750	870	250	620	990	330	250	640	370	890	540	130	670	160	430	980	640	280	350	430	910	1000	320	930	950	250	480	730	200	680	660	580	840	510	110	100	280	750	1000	210	320	910	550	770	980	300	850	340	270	630	610	740	700	500	860	770	970	910	130	690	770	890	170	650	360	560	250	980	930	180	930	230	890	280	280	980	240	400	730	990	850	300	960	420	770	720	350	890	580	850	290	1000	110	710	720	940	620	690	210	330	790	130	320	440	830	660	320	400	910	910	520	850	300	800	100	160	700	350	150	100	330	560	500	380	610	810	200	160	440	570	680	360	330	280	950	380	630	660	220	500	820	500	910	380	940	900	480	440	310	880	960	770	730	720	450	210	190	870	970	850	490	810	370	870	290	240	450	780	110	870	600	900	480	850	600	210	670	200	710	990	910	190	480	800	510	110	770	200	330	490	890	670	710	160	950	670	490	500	610	940	790	880	580	600	550	280	680	160	520	410	360	340	640	570	810	900	490	700	530	100	930	310	170	480	830	710	610	790	130	140	840	450	280	380	190	510	170	320	570	630	320	790	670	230	730	670	640	390	860	570	730	550	240	390	810	380	250	150	260	640	380	280	700	320	810	170	380	750	120	550	960	230	240	410	680	460	620	660	860	300	330	820	760	720	480	290	680	850	240	730	590	900	670	990	1000	800	220	150	870	110	900	260	190	530	540	860	710	900	750	370	410	880	360	930	470	960	510	540	900	240	300	850	340	670	310	360	170	530	910	310	180	990	700	720	880	340	650	730	240	490	870	570	840	910	320	630	520	700	760	420	510	970	620	650	940	300	930	540	700	720	620	710	450	760	350	610	540	840	350	750	190	300	130	570	270	500	230	790	420	810	710	700	320	800	760	260	930	900	850	580	520	550	780	560	560	200	520	700	780	330	360	780	480	470	770	310	570	280	790	910	860	980	280	390	210	530	650	430	610	320	600	500	490	810	810	720	530	830	660	510	460	890	400	820	690	660	650	240	390	730	520	700	480	880	160	940	740	760	880	880	600	970	680	170	350	340	480	810	830	560	370	590	160	370	1000	420	470	540	310	140	390	780	120	790	760	100	870	160	650	150	230	340	490	600	880	960	660	620	230	480	380	820	350	470	420	260	120	280	550	600	260	570	210	940	170	710	530	210	200	480	500	210	130	240	820	870	790	680	990	270	660	340	480	430	120	940	910	230	910	940	480	610	270	230	400	780	300	180	250	800	650	720	850	600	180	310	430	300	120	860	250	930	890	500	630	980	670	620	110	930	670	530	400	170	570	340	910	350	370	660	570	220	140	650	900	590	220	810	300	920	210	210	660	100	740	280	830	370	940	830	240	480	890	360	840	720	890	640	660	640	550	820	240	530	580	790	700	680	990	650	980	510	110	990	860	130	890	940	600	670	300	130	200	360	890	310	450	290	800	960	830	460	210	210	590	810	330	150	390	360	810	640	930	990	560	110	540	600	520	940	930	910	830	540	190	830	940	420	350	860	570	650	560	800	290	710	610	230	300	690	190	620	680	890	210	760	910	330	680	850	740	160	280	480	730	280	210	960	230	810	430	680	200	590	820	830	120	680	600	770	610	610	1000	720	720	970	770	380	190	630	240	890	370	570	370	400	170	770	530	940	730	1000	200	990	890	540	600	200	750	360	850	960	650	930	940	230	430	690	930	770	470	360	570	810	320	550	560	490	920	340	490	290	850	480	760	430	900	480	900	730	200	490	200	930	340	930	470	910	240	910	260	830	590	170	870	410	190	790	100	780	670	350	900	820	920	290	850	960	260	190	560	330	920	620	240	140	1000	420	190	780	650	310	970	870	370	240	940	790	820	990	340	340	570	830	840	850	680	700	650	610	360	900	900	110	370	670	450	380	620	290	210	390	520	250	560	390	510	860	290	410	150	390	950	710	970	270	500	890	130	410	930	350	870	900	530	650	960	700	910	790	550	740	860	930	660	190	980	810	760	580	360	470	220	320	280	260	710	370	150	920	760	520	680	670	980	200	660	270	180	730	830	290	760	870	580	450	420	600	370	680	710	550	370	220	710	990	340	670	940	190	910	360	580	130	390	850	110	270	380	930	310	590	750	650	320	430	160	650	880	900	230	290	300	140	860	870	500	150	650	430	300	960	990	280	770	800	790	490	730	450	590	790	650	980	230	970	440	120	260	610	630	910	180	670	720	1000	200	810	200	950	190	640	260	560	370	890	140	620	320	830	630	400	440	930	180	280	240	740	890	300	540	620	280	370	220	150	620	200	150	970	560	180	260	620	330	670	980	680	910	960	520	890	670	230	770	700	790	440	250	220	430	940	940	170	480	490	310	640	220	180	150	430	350	990	860	470	340	670	270	570	770	610	970	360	910	920	630	820	150	530	340	900	540	940	330	600	150	970	650	470	480	310	800	700	830	110	160	100	990	160	540	770	940	730	130	930	130	920	360	590	800	360	770	670	330	900	690	960	970	850	860	290	760	260	160	240	930	680	610	580	270	410	320	260	170	990	820	870	830	690	940	770	140	360	750	320	320	790	430	440	680	550	950	180	710	190	940	880	760	340	770	150	120	890	770	260	800	640	480	360	520	920	970	910	950	220	280	680	330	370	110	220	750	200	520	860	510	650	490	620	420	130	810	570	850	520	930	660	690	710	300	410	990	370	500	290	300	600	650	250	110	840	790	230	530	590	510	470	480	590	500	280	350	150	120	410	290	720	910	540	940	640	710	140	430	200	820	930	450	240	780	610	590	390	630	390	560	630	720	830	390	100	790	950	980	310	950	680	140	350	310	890	960	940	470	970	710	230	820	690	160	990	880	150	780	500	520	990	120	900	720	980	890	790	310	790	980	500	990	390	380	910	380	510	410	830	630	240	140	710	430	710	450	400	1000	570	170	620	680	880	950	270	610	610	450	590	650	540	970	680	480	130	240	350	110	490	640	190	700	360	930	280	410	860	230	540	510	710	380	260	840	260	280	800	190	360	470	680	970	280	180	940	740	540	100	810	560	880	130	810	430	570	350	600	440	500	440	1000	870	330	940	130	270	800	940	580	910	530	760	800	520	200	430	450	470	120	430	420	910	580	550	310	210	550	840	520	770	740	900	820	470	130	330	520	590	550	200	430	900	510	170	1000	480	300	700	150	210	950	970	580	780	930	240	310	160	650	830	300	930	680	430	520	950	850	520	820	240	980	690	370	140	420	450	670	800	670	970	340	760	530	930	290	790	920	690	660	990	650	1000	910	610	320	700	660	180	440	120	560	420	490	560	310	130	660	830	740	980	870	710	710	490	650	490	480	960	790	360	960	380	480	440	140	540	610	310	970	680	360	410	250	470	430	240	840	390	160	250	310	190	470	140	100	870	680	320	400	810	110	600	480	950	980	610	730	530	740	880	690	290	860	600	890	710	120	410	560	450	470	570	900	160	550	300	980	430	970	620	180	160	480	450	940	810	520	320	680	120	150	540	200	410	610	430	370	230	120	480	530	190	490	900	550	540	450	650	830	570	250	720	900	940	740	430	1000	560	610	700	380	780	310	500	960	420	810	350	180	860	280	780	590	690	330	160	170	390	100	520	920	730	720	620	840	740	740	330	920	900	610	550	780	980	720	760	790	890	370	260	430	840	110	780	340	580	670	950	870	730	440	940	480	140	120	420	340	640	580	750	580	480	610	910	890	410	500	740	270	350	600	900	410	880	160	620	770	580	230	590	720	970	840	560	1000	1000	910	630	550	930	660	830	800	880	610	860	980	620	400	550	160	820	400	340	520	930	410	240	870	450	270	600	630	770	540	210	590	930	450	950	370	830	990	810	210	890	200	130	990	300	640	960	1000	580	650	650	620	590	440	330	600	100	440	330	400	230	210	530	440	420	140	260	870	530	160	340	350	740	710	200	790	270	530	580	230	650	930	550	540	630	280	980	480	970	720	680	650	930	630	500	470	440	660	630	890	960	260	630	490	790	400	990	800	470	470	190	910	360	530	780	710	820	460	770	770	410	820	200	680	530	360	1000	380	240	110	340	590	530	370	590	440	850	900	390	920	380	370	790	550	750	660	360	680	370	620	260	550	540	500	440	350	140	500	310	680	660	270	780	520	930	960	160	280	740	320	590	560	320	880	240	920	190	710	560	920	480	230	930	890	680	970	980	300	570	630	420	780	210	490	950	410	980	590	430	930	920	900	480	920	530	270	550	910	310	530	930	920	380	410	800	960	890	620	800	130	420	290	860	510	630	860	570	220	690	770	380	890	190	650	640	710	580	430	540	740	960	920	230	850	520	370	120	970	110	750	960	320	320	670	560	350	260	200	860	290	560	1000	430	110	760	510	150	620	550	910	790	700	950	140	170	660	180	820	500	340	340	440	980	130	800	900	450	750	800	990	810	740	860	120	840	820	800	710	700	570	500	210	910	230	430	800	530	630	250	340	950	530	350	620	960	340	490	360	960	390	530	220	560	420	650	720	230	600	100	160	360	510	410	500	420	470	890	440	870	290	150	510	890	210	880	590	620	570	100	250	820	370	820	280	790	180	850	570	230	840	340	160	300	500	940	300	470	170	670	400	940	280	400	580	190	230	230	480	820	190	100	320	320	710	920	360	290	870	270	720	940	230	610	710	730	490	840	540	410	400	890	260	280	490	1000	310	280	170	280	430	410	380	560	320	960	530	670	740	710	230	210	720	950	330	960	270	220	590	710	920	870	590	630	860	200	740	150	960	270	900	780	820	340	910	300	150	260	460	260	150	590	160	810	220	340	820	
100
