4455
100
4
90
0	0	0	0	0	0	0	0	0	0	0	0	48	0	0	0	0	48	0	0	0	0	0	0	0	0	0	0	0	0	0	0	0	0	0	0	0	0	0	0	0	0	0	0	0	0	0	0	0	0	48	0	0	0	0	0	0	0	0	0	0	0	0	0	0	0	0	48	0	0	0	0	0	0	0	0	0	0	0	0	0	0	0	0	0	0	0	0	0	0	0	0	0	0	0	0	0	0	0	0	
0	0	0	0	0	0	0	0	0	0	0	0	0	0	0	0	0	0	48	0	0	0	0	0	0	0	0	0	0	0	0	0	0	0	0	0	0	0	0	0	0	0	48	0	0	0	0	0	0	0	0	0	0	0	0	0	0	0	0	0	0	0	0	0	0	0	0	0	0	0	0	0	0	48	0	0	0	48	0	0	0	0	0	0	0	0	0	0	0	0	0	0	0	0	0	0	0	0	0	0	
0	0	0	0	0	0	0	0	0	0	0	0	0	0	0	0	0	0	0	0	0	0	0	0	0	0	48	0	0	0	0	0	0	0	0	0	0	0	0	0	0	0	0	0	0	0	0	0	0	0	0	0	0	0	0	0	0	0	0	0	0	0	0	0	0	0	0	0	0	0	0	0	0	0	0	48	0	0	0	0	48	0	48	0	0	0	0	0	0	0	0	0	0	0	0	0	0	0	0	0	
0	0	0	0	0	0	0	48	0	0	0	0	0	0	0	0	0	0	0	0	0	0	0	0	48	0	0	0	0	0	0	0	0	0	0	0	0	0	0	0	0	0	0	0	0	0	0	0	0	0	0	0	0	0	0	0	0	0	0	0	0	0	0	0	0	0	0	0	0	0	0	0	0	0	0	0	0	0	0	0	0	0	0	0	0	48	0	0	0	0	0	0	48	0	0	0	0	0	0	0	
0	0	0	0	0	0	0	0	0	0	0	0	0	0	0	0	0	0	0	0	0	0	0	0	0	0	0	0	48	0	0	0	0	0	0	0	0	0	0	0	0	48	0	0	0	0	0	0	0	0	0	0	0	48	0	0	0	0	0	0	0	48	0	0	0	0	0	0	0	0	0	0	0	0	0	0	0	0	0	0	0	0	0	0	0	0	0	0	0	0	0	0	0	0	0	0	0	0	0	0	
0	0	0	0	0	0	0	0	0	0	0	0	0	0	0	0	0	0	0	0	0	0	0	0	0	0	0	0	0	0	0	0	0	0	0	0	0	0	0	0	0	0	0	0	0	0	0	0	0	0	0	48	0	0	0	0	0	0	0	0	0	0	0	0	0	0	48	0	0	0	0	0	48	0	48	0	0	0	0	0	0	0	0	0	0	0	0	0	0	0	0	0	0	0	0	0	0	0	0	0	
0	0	0	0	0	0	0	0	0	0	0	0	0	0	0	0	0	0	0	0	0	0	0	0	0	0	0	0	0	0	0	0	0	48	0	0	0	0	0	0	0	0	0	0	0	48	0	0	0	0	0	0	48	0	0	0	0	0	0	0	0	0	0	0	0	0	0	0	0	0	0	0	0	0	0	0	0	0	0	0	0	0	0	0	0	0	0	0	0	0	0	0	0	0	0	48	0	0	0	0	
0	0	0	48	0	0	0	0	0	0	0	0	0	0	0	0	0	0	0	0	0	0	0	0	0	0	0	0	0	0	0	0	0	0	0	0	0	48	0	0	0	0	0	0	0	0	48	0	0	0	0	0	0	0	0	0	0	0	0	48	0	0	0	0	0	0	0	0	0	0	0	0	0	0	0	0	0	0	0	0	0	0	0	0	0	0	0	0	0	0	0	0	0	0	0	0	0	0	0	0	
0	0	0	0	0	0	0	0	0	0	0	0	0	0	0	0	0	0	0	0	48	0	0	0	0	0	0	0	0	0	0	0	0	0	0	0	0	0	0	0	0	0	0	0	0	0	0	0	0	0	0	0	0	0	0	0	48	0	0	0	0	0	0	0	0	48	0	0	0	0	0	0	0	0	0	0	0	0	0	0	0	0	0	48	0	0	0	0	0	0	0	0	0	0	0	0	0	0	0	0	
0	0	0	0	0	0	0	0	0	0	48	0	0	0	48	0	0	0	0	0	0	0	0	48	0	0	0	0	0	0	0	0	0	0	0	0	0	0	48	0	0	0	0	0	0	0	0	0	0	0	0	0	0	0	0	0	0	0	0	0	0	0	0	0	0	0	0	0	0	0	0	0	0	0	0	0	0	0	0	0	0	0	0	0	0	0	0	0	0	0	0	0	0	0	0	0	0	0	0	0	
0	0	0	0	0	0	0	0	0	48	0	48	0	0	48	0	0	0	0	0	0	0	0	0	0	0	0	0	0	0	0	0	0	0	0	0	0	0	48	0	0	0	0	0	0	0	0	0	0	0	0	0	0	0	0	0	0	0	0	0	0	0	0	0	0	0	0	0	0	0	0	0	0	0	0	0	0	0	0	0	0	0	0	0	0	0	0	0	0	0	0	0	0	0	0	0	0	0	0	0	
0	0	0	0	0	0	0	0	0	0	48	0	0	0	0	0	0	0	0	0	0	0	0	0	0	0	0	0	0	0	0	0	0	0	0	0	48	0	0	0	0	0	0	0	0	0	0	0	0	0	0	0	0	0	0	0	0	0	0	0	0	0	0	0	0	0	0	0	0	0	0	48	0	0	0	0	0	0	0	0	0	0	0	0	0	0	0	0	0	0	0	0	0	0	0	0	0	0	0	48	
48	0	0	0	0	0	0	0	0	0	0	0	0	0	0	0	0	48	0	0	0	0	0	0	0	0	0	0	0	0	0	0	0	0	0	0	0	0	0	0	0	0	0	0	0	0	0	0	0	0	48	0	0	0	0	0	0	0	0	0	0	0	0	0	0	0	0	48	0	0	0	0	0	0	0	0	0	0	0	0	0	0	0	0	0	0	0	0	0	0	0	0	0	0	0	0	0	0	0	0	
0	0	0	0	0	0	0	0	0	0	0	0	0	0	0	0	0	48	0	0	0	0	0	0	0	0	48	0	0	0	48	0	0	0	0	0	0	0	0	0	0	0	0	0	0	0	0	0	0	0	0	0	0	0	0	0	0	0	0	0	0	0	0	0	0	0	0	0	0	0	0	0	0	0	0	48	0	0	0	0	0	0	0	0	0	0	0	0	0	0	0	0	0	0	0	0	0	0	0	0	
0	0	0	0	0	0	0	0	0	48	48	0	0	0	0	0	0	0	0	0	0	0	0	48	0	0	0	0	0	0	0	0	0	0	0	0	0	0	48	0	0	0	0	0	0	0	0	0	0	0	0	0	0	0	0	0	0	0	0	0	0	0	0	0	0	0	0	0	0	0	0	0	0	0	0	0	0	0	0	0	0	0	0	0	0	0	0	0	0	0	0	0	0	0	0	0	0	0	0	0	
0	0	0	0	0	0	0	0	0	0	0	0	0	0	0	0	0	0	0	0	0	0	0	0	0	0	0	0	0	0	0	0	0	0	0	0	0	0	0	0	48	0	0	0	0	0	0	0	0	0	0	0	0	0	0	0	0	0	0	0	0	0	0	0	0	0	0	0	0	0	0	0	0	0	0	48	0	0	0	0	48	0	0	0	0	0	0	0	0	0	0	48	0	0	0	0	0	0	0	0	
0	0	0	0	0	0	0	0	0	0	0	0	0	0	0	0	0	0	0	0	0	0	0	0	0	0	0	0	0	0	0	0	0	0	0	0	0	0	0	0	0	0	0	48	0	0	0	0	0	0	48	0	0	0	0	0	0	0	0	0	0	0	0	0	0	0	0	0	0	0	0	0	0	0	0	0	0	0	0	0	0	0	0	0	0	48	0	0	0	0	0	0	48	0	0	0	0	0	0	0	
48	0	0	0	0	0	0	0	0	0	0	0	48	48	0	0	0	0	0	0	0	0	0	0	0	0	0	0	0	0	0	0	0	0	0	0	0	0	0	0	0	0	0	0	0	0	0	0	0	0	0	0	0	0	0	0	0	0	0	0	0	0	0	0	0	0	0	0	0	0	0	0	0	0	0	0	0	0	0	0	0	0	0	0	0	48	0	0	0	0	0	0	0	0	0	0	0	0	0	0	
0	48	0	0	0	0	0	0	0	0	0	0	0	0	0	0	0	0	0	0	0	0	0	0	0	0	0	0	0	0	0	0	0	0	0	0	0	0	0	0	0	0	48	0	0	0	0	0	0	0	0	0	0	0	0	0	0	0	0	0	0	0	0	0	0	0	0	0	0	0	0	0	0	48	0	0	0	48	0	0	0	0	0	0	0	0	0	0	0	0	0	0	0	0	0	0	0	0	0	0	
0	0	0	0	0	0	0	0	0	0	0	0	0	0	0	0	0	0	0	0	0	0	0	0	0	0	0	0	0	0	0	0	0	0	48	0	0	0	0	0	0	0	0	0	0	0	0	0	48	0	0	0	0	0	0	0	0	0	0	0	0	0	0	0	0	0	0	0	0	0	0	0	0	0	0	0	0	0	0	0	0	0	0	0	0	0	48	0	0	0	0	0	0	0	48	0	0	0	0	0	
0	0	0	0	0	0	0	0	48	0	0	0	0	0	0	0	0	0	0	0	0	0	0	0	0	0	0	0	0	0	0	0	0	0	0	0	0	0	0	0	0	0	0	0	0	0	0	0	0	0	0	0	0	0	0	0	0	0	0	0	48	0	0	0	0	48	0	0	0	0	0	0	0	0	0	0	0	0	0	0	0	0	0	48	0	0	0	0	0	0	0	0	0	0	0	0	0	0	0	0	
0	0	0	0	0	0	0	0	0	0	0	0	0	0	0	0	0	0	0	0	0	0	0	0	0	0	0	0	0	0	0	0	0	0	0	0	0	0	0	0	0	0	0	0	0	48	0	0	0	0	0	0	48	0	0	0	0	0	48	0	0	0	0	0	0	0	0	0	0	0	0	0	0	0	0	0	0	0	0	0	0	0	0	0	0	0	0	0	0	48	0	0	0	0	0	0	0	0	0	0	
0	0	0	0	0	0	0	0	0	0	0	0	0	0	0	0	0	0	0	0	0	0	0	48	0	0	0	0	0	0	0	0	0	0	0	0	0	0	0	0	0	0	0	0	0	0	0	0	0	0	0	0	0	48	0	0	0	0	0	0	0	0	0	0	0	0	0	0	0	0	0	0	0	0	0	0	0	0	0	0	0	0	0	0	0	0	0	0	48	0	0	0	0	0	0	0	48	0	0	0	
0	0	0	0	0	0	0	0	0	48	0	0	0	0	48	0	0	0	0	0	0	0	48	0	0	0	0	0	0	0	0	0	0	0	0	0	0	0	0	0	0	0	0	0	0	0	0	0	0	0	0	0	0	48	0	0	0	0	0	0	0	0	0	0	0	0	0	0	0	0	0	0	0	0	0	0	0	0	0	0	0	0	0	0	0	0	0	0	0	0	0	0	0	0	0	0	0	0	0	0	
0	0	0	48	0	0	0	0	0	0	0	0	0	0	0	0	0	0	0	0	0	0	0	0	0	0	0	0	0	0	0	0	0	0	0	0	0	48	0	0	0	0	0	0	0	0	48	0	0	0	0	0	0	0	0	0	0	0	0	48	0	0	0	0	0	0	0	0	0	0	0	0	0	0	0	0	0	0	0	0	0	0	0	0	0	0	0	0	0	0	0	0	0	0	0	0	0	0	0	0	
0	0	0	0	0	0	0	0	0	0	0	0	0	0	0	0	0	0	0	0	0	0	0	0	0	0	0	0	0	0	0	0	0	0	48	0	0	0	0	0	0	0	0	0	0	0	0	0	0	0	0	0	0	0	0	0	0	0	0	0	0	0	0	0	0	0	0	48	0	48	48	0	0	0	0	0	0	0	0	0	0	0	0	0	0	0	0	0	0	0	0	0	0	0	0	0	0	0	0	0	
0	0	48	0	0	0	0	0	0	0	0	0	0	48	0	0	0	0	0	0	0	0	0	0	0	0	0	0	0	0	0	0	0	0	0	0	0	0	0	0	0	0	0	0	0	0	0	0	0	0	0	0	0	0	0	0	0	0	0	0	0	0	0	0	0	0	0	0	0	0	0	0	0	0	0	48	0	0	0	0	48	0	0	0	0	0	0	0	0	0	0	0	0	0	0	0	0	0	0	0	
0	0	0	0	0	0	0	0	0	0	0	0	0	0	0	0	0	0	0	0	0	0	0	0	0	0	0	0	0	0	0	0	0	48	0	0	0	0	0	48	0	0	0	0	0	48	0	0	0	0	0	0	0	0	0	0	0	0	0	0	0	48	0	0	0	0	0	0	0	0	0	0	0	0	0	0	0	0	0	0	0	0	0	0	0	0	0	0	0	0	0	0	0	0	0	0	0	0	0	0	
0	0	0	0	48	0	0	0	0	0	0	0	0	0	0	0	0	0	0	0	0	0	0	0	0	0	0	0	0	0	0	0	48	0	0	48	0	0	0	0	0	0	0	0	0	0	0	0	0	0	0	0	0	48	0	0	0	0	0	0	0	0	0	0	0	0	0	0	0	0	0	0	0	0	0	0	0	0	0	0	0	0	0	0	0	0	0	0	0	0	0	0	0	0	0	0	0	0	0	0	
0	0	0	0	0	0	0	0	0	0	0	0	0	0	0	0	0	0	0	0	0	0	0	0	0	0	0	0	0	0	0	0	0	0	0	0	0	0	0	0	0	0	0	0	0	0	0	0	0	0	0	0	0	0	0	0	0	48	0	0	0	0	0	48	0	0	0	0	0	0	0	0	0	0	0	0	0	0	0	48	0	0	0	0	0	0	0	0	0	0	0	48	0	0	0	0	0	0	0	0	
0	0	0	0	0	0	0	0	0	0	0	0	0	48	0	0	0	0	0	0	0	0	0	0	0	0	0	0	0	0	0	0	0	0	0	0	0	0	0	0	48	0	0	0	0	0	0	0	0	0	0	0	0	0	0	0	0	0	0	0	0	0	0	0	0	0	0	0	0	0	0	0	0	0	0	0	0	0	0	0	48	0	48	0	0	0	0	0	0	0	0	0	0	0	0	0	0	0	0	0	
0	0	0	0	0	0	0	0	0	0	0	0	0	0	0	0	0	0	0	0	0	0	0	0	0	0	0	0	0	0	0	0	0	0	0	0	0	48	0	0	0	0	0	0	0	0	48	0	0	0	0	0	0	0	0	0	0	0	0	48	0	0	0	0	0	0	0	0	0	0	0	0	0	0	0	0	0	0	0	0	0	0	0	0	48	0	0	0	0	0	0	0	0	0	0	0	0	0	0	0	
0	0	0	0	0	0	0	0	0	0	0	0	0	0	0	0	0	0	0	0	0	0	0	0	0	0	0	0	48	0	0	0	0	0	0	48	0	0	48	0	0	0	0	0	0	0	0	0	48	0	0	0	0	0	0	0	0	0	0	0	0	0	0	0	0	0	0	0	0	0	0	0	0	0	0	0	0	0	0	0	0	0	0	0	0	0	0	0	0	0	0	0	0	0	0	0	0	0	0	0	
0	0	0	0	0	0	48	0	0	0	0	0	0	0	0	0	0	0	0	0	0	0	0	0	0	0	0	48	0	0	0	0	0	0	0	0	0	0	0	0	0	0	0	0	0	48	0	0	0	0	0	0	48	0	0	0	0	0	0	0	0	0	0	0	0	0	0	0	0	0	0	0	0	0	0	0	0	0	0	0	0	0	0	0	0	0	0	0	0	0	0	0	0	0	0	0	0	0	0	0	
0	0	0	0	0	0	0	0	0	0	0	0	0	0	0	0	0	0	0	48	0	0	0	0	0	48	0	0	0	0	0	0	0	0	0	0	0	0	0	0	0	0	0	0	0	0	0	0	0	0	0	0	0	0	0	0	0	0	0	0	0	0	0	0	0	0	0	0	0	0	0	0	0	0	0	0	0	0	0	0	0	0	0	0	0	0	48	0	0	0	0	0	0	0	48	0	0	0	0	0	
0	0	0	0	0	0	0	0	0	0	0	0	0	0	0	0	0	0	0	0	0	0	0	0	0	0	0	0	48	0	0	0	48	0	0	0	0	0	0	0	0	0	0	0	0	0	0	0	48	0	0	0	0	0	0	0	0	0	0	0	0	0	0	0	0	0	0	0	0	0	0	0	0	0	0	0	0	0	0	0	0	0	0	0	0	0	48	0	0	0	0	0	0	0	0	0	0	0	0	0	
0	0	0	0	0	0	0	0	0	0	0	48	0	0	0	0	0	0	0	0	0	0	0	0	0	0	0	0	0	0	0	0	0	0	0	0	0	0	0	0	0	0	0	0	0	0	0	0	0	0	0	0	0	0	0	0	0	0	0	0	0	0	0	0	0	0	0	0	0	0	0	48	0	0	0	0	0	0	0	0	0	0	0	0	0	0	0	0	0	0	0	0	0	0	0	0	0	48	0	48	
0	0	0	0	0	0	0	48	0	0	0	0	0	0	0	0	0	0	0	0	0	0	0	0	48	0	0	0	0	0	0	48	0	0	0	0	0	0	0	0	0	0	0	0	0	0	48	0	0	0	0	0	0	0	0	0	0	0	0	0	0	0	0	0	0	0	0	0	0	0	0	0	0	0	0	0	0	0	0	0	0	0	0	0	0	0	0	0	0	0	0	0	0	0	0	0	0	0	0	0	
0	0	0	0	0	0	0	0	0	48	48	0	0	0	48	0	0	0	0	0	0	0	0	0	0	0	0	0	0	0	0	0	48	0	0	0	0	0	0	0	0	0	0	0	0	0	0	0	0	0	0	0	0	0	0	0	0	0	0	0	0	0	0	0	0	0	0	0	0	0	0	0	0	0	0	0	0	0	0	0	0	0	0	0	0	0	0	0	0	0	0	0	0	0	0	0	0	0	0	0	
0	0	0	0	0	0	0	0	0	0	0	0	0	0	0	0	0	0	0	0	0	0	0	0	0	0	0	48	0	0	0	0	0	0	0	0	0	0	0	0	0	0	0	0	0	0	0	0	0	0	0	0	48	0	0	0	0	0	0	0	0	0	0	0	0	0	0	0	0	0	0	0	48	0	0	0	0	0	0	0	0	0	0	0	0	0	0	0	48	0	0	0	0	0	0	0	0	0	0	0	
0	0	0	0	0	0	0	0	0	0	0	0	0	0	0	48	0	0	0	0	0	0	0	0	0	0	0	0	0	0	48	0	0	0	0	0	0	0	0	0	0	0	0	0	0	0	0	0	0	0	0	0	0	0	0	0	0	0	0	0	0	0	48	0	48	0	0	0	0	0	0	0	0	0	0	0	0	0	0	0	0	0	0	0	0	0	0	0	0	0	0	0	0	0	0	0	0	0	0	0	
0	0	0	0	48	0	0	0	0	0	0	0	0	0	0	0	0	0	0	0	0	0	0	0	0	0	0	0	0	0	0	0	0	0	0	0	0	0	0	0	0	0	0	0	0	0	0	0	0	0	0	0	0	0	0	0	0	0	0	0	0	0	0	0	0	0	0	0	0	0	48	0	0	0	0	0	0	0	0	0	0	48	0	0	0	0	0	0	0	0	0	0	0	0	48	0	0	0	0	0	
0	48	0	0	0	0	0	0	0	0	0	0	0	0	0	0	0	0	48	0	0	0	0	0	0	0	0	0	0	0	0	0	0	0	0	0	0	0	0	0	0	0	0	0	0	0	0	0	0	0	0	0	0	0	0	0	0	0	0	0	0	0	0	0	0	0	0	0	0	0	0	0	0	0	0	0	0	48	0	0	0	0	0	0	0	0	0	0	0	0	0	0	0	0	0	0	0	0	48	0	
0	0	0	0	0	0	0	0	0	0	0	0	0	0	0	0	48	0	0	0	0	0	0	0	0	0	0	0	0	0	0	0	0	0	0	0	0	0	0	0	0	0	0	0	0	0	0	0	0	0	48	0	0	0	0	0	0	0	0	0	0	0	0	0	0	0	0	0	0	0	0	0	0	0	0	0	0	0	0	0	0	0	0	0	0	48	0	0	0	0	0	0	48	0	0	0	0	0	0	0	
0	0	0	0	0	0	0	0	0	0	0	0	0	0	0	0	0	0	0	0	0	0	0	0	0	0	0	0	0	0	0	0	0	0	0	0	0	0	0	0	0	0	0	0	0	0	0	48	0	0	0	0	0	0	0	0	0	0	0	0	0	0	0	0	0	0	0	0	48	0	0	0	0	0	0	0	0	0	0	0	0	0	0	0	0	0	0	0	0	0	48	0	0	0	0	48	0	0	0	0	
0	0	0	0	0	0	48	0	0	0	0	0	0	0	0	0	0	0	0	0	0	48	0	0	0	0	0	48	0	0	0	0	0	48	0	0	0	0	0	0	0	0	0	0	0	0	0	0	0	0	0	0	0	0	0	0	0	0	0	0	0	0	0	0	0	0	0	0	0	0	0	0	0	0	0	0	0	0	0	0	0	0	0	0	0	0	0	0	0	0	0	0	0	0	0	0	0	0	0	0	
0	0	0	0	0	0	0	48	0	0	0	0	0	0	0	0	0	0	0	0	0	0	0	0	48	0	0	0	0	0	0	48	0	0	0	0	0	48	0	0	0	0	0	0	0	0	0	0	0	0	0	0	0	0	0	0	0	0	0	0	0	0	0	0	0	0	0	0	0	0	0	0	0	0	0	0	0	0	0	0	0	0	0	0	0	0	0	0	0	0	0	0	0	0	0	0	0	0	0	0	
0	0	0	0	0	0	0	0	0	0	0	0	0	0	0	0	0	0	0	0	0	0	0	0	0	0	0	0	0	0	0	0	0	0	0	0	0	0	0	0	0	0	0	0	48	0	0	0	0	0	0	0	0	0	48	0	0	0	0	0	0	0	0	0	0	0	0	0	0	0	0	0	0	0	0	0	0	0	0	0	0	0	0	0	0	0	0	0	0	0	48	0	0	0	0	48	0	0	0	0	
0	0	0	0	0	0	0	0	0	0	0	0	0	0	0	0	0	0	0	48	0	0	0	0	0	0	0	0	0	0	0	0	48	0	0	48	0	0	0	0	0	0	0	0	0	0	0	0	0	0	0	0	0	0	0	0	0	0	0	0	0	0	0	0	0	0	0	0	0	0	0	0	0	0	0	0	0	0	0	0	0	0	0	0	0	0	48	0	0	0	0	0	0	0	0	0	0	0	0	0	
0	0	0	0	0	0	0	0	0	0	0	0	0	0	0	0	0	0	0	0	0	0	0	0	0	0	0	0	0	0	0	0	0	0	0	0	0	0	0	0	0	0	0	0	0	0	0	0	0	0	0	0	0	0	0	0	0	0	0	48	0	0	0	0	0	0	0	0	0	0	0	0	0	0	0	0	0	0	0	0	0	0	0	0	48	0	0	48	0	0	0	48	0	0	0	0	0	0	0	0	
48	0	0	0	0	0	0	0	0	0	0	0	48	0	0	0	48	0	0	0	0	0	0	0	0	0	0	0	0	0	0	0	0	0	0	0	0	0	0	0	0	0	0	48	0	0	0	0	0	0	0	0	0	0	0	0	0	0	0	0	0	0	0	0	0	0	0	0	0	0	0	0	0	0	0	0	0	0	0	0	0	0	0	0	0	0	0	0	0	0	0	0	0	0	0	0	0	0	0	0	
0	0	0	0	0	48	0	0	0	0	0	0	0	0	0	0	0	0	0	0	0	0	0	0	0	0	0	0	0	0	0	0	0	0	0	0	0	0	0	0	0	0	0	0	0	0	0	0	0	0	0	0	0	0	48	0	0	0	0	0	0	0	0	0	0	0	48	0	0	0	0	0	0	0	48	0	0	0	0	0	0	0	0	0	0	0	0	0	0	0	0	0	0	0	0	0	0	0	0	0	
0	0	0	0	0	0	48	0	0	0	0	0	0	0	0	0	0	0	0	0	0	48	0	0	0	0	0	0	0	0	0	0	0	48	0	0	0	0	0	48	0	0	0	0	0	0	0	0	0	0	0	0	0	0	0	0	0	0	0	0	0	0	0	0	0	0	0	0	0	0	0	0	0	0	0	0	0	0	0	0	0	0	0	0	0	0	0	0	0	0	0	0	0	0	0	0	0	0	0	0	
0	0	0	0	48	0	0	0	0	0	0	0	0	0	0	0	0	0	0	0	0	0	48	48	0	0	0	0	48	0	0	0	0	0	0	0	0	0	0	0	0	0	0	0	0	0	0	0	0	0	0	0	0	0	0	0	0	0	0	0	0	0	0	0	0	0	0	0	0	0	0	0	0	0	0	0	0	0	0	0	0	0	0	0	0	0	0	0	0	0	0	0	0	0	0	0	0	0	0	0	
0	0	0	0	0	0	0	0	0	0	0	0	0	0	0	0	0	0	0	0	0	0	0	0	0	0	0	0	0	0	0	0	0	0	0	0	0	0	0	0	0	0	0	0	0	0	0	48	0	0	0	48	0	0	0	0	0	0	0	0	0	0	0	0	0	0	0	0	0	0	0	0	0	0	48	0	0	0	0	0	0	0	0	0	0	0	0	0	0	0	0	0	0	0	0	48	0	0	0	0	
0	0	0	0	0	0	0	0	0	0	0	0	0	0	0	0	0	0	0	0	0	0	0	0	0	0	0	0	0	0	0	0	0	0	0	0	0	0	0	0	0	0	0	0	0	0	0	0	0	0	0	0	0	0	0	0	0	0	0	0	0	0	0	0	0	0	0	0	0	0	0	48	0	0	0	0	0	0	0	0	0	0	0	0	0	0	0	0	0	0	0	0	0	48	0	0	0	48	0	48	
0	0	0	0	0	0	0	0	48	0	0	0	0	0	0	0	0	0	0	0	0	0	0	0	0	0	0	0	0	0	0	0	0	0	0	0	0	0	0	0	0	0	0	0	0	0	0	0	0	0	0	0	0	0	0	0	0	0	0	0	0	0	0	0	0	48	0	0	0	0	0	0	0	48	0	0	0	0	0	0	0	0	0	48	0	0	0	0	0	0	0	0	0	0	0	0	0	0	0	0	
0	0	0	0	0	0	0	0	0	0	0	0	0	0	0	0	0	0	0	0	0	0	0	0	0	0	0	0	0	48	0	0	0	0	0	0	0	0	0	0	0	0	0	0	0	0	0	0	0	0	0	0	0	0	0	0	0	0	0	0	0	0	0	48	0	0	0	0	0	0	0	0	0	0	0	0	0	0	0	48	0	0	0	0	0	0	0	0	0	0	0	48	0	0	0	0	0	0	0	0	
0	0	0	0	0	0	0	0	0	0	0	0	0	0	0	0	0	0	0	0	0	48	0	0	0	0	0	0	0	0	0	0	0	0	0	0	0	0	0	0	0	0	0	0	0	0	0	0	0	0	0	0	0	0	0	0	0	0	0	0	0	0	48	48	0	0	0	0	0	0	0	0	0	0	0	0	0	0	0	0	0	0	0	0	0	0	0	0	0	48	0	0	0	0	0	0	0	0	0	0	
0	0	0	0	0	0	0	48	0	0	0	0	0	0	0	0	0	0	0	0	0	0	0	0	48	0	0	0	0	0	0	48	0	0	0	0	0	0	0	0	0	0	0	0	0	0	0	0	0	48	0	0	0	0	0	0	0	0	0	0	0	0	0	0	0	0	0	0	0	0	0	0	0	0	0	0	0	0	0	0	0	0	0	0	0	0	0	0	0	0	0	0	0	0	0	0	0	0	0	0	
0	0	0	0	0	0	0	0	0	0	0	0	0	0	0	0	0	0	0	0	48	0	0	0	0	0	0	0	0	0	0	0	0	0	0	0	0	0	0	0	0	0	0	0	0	0	0	0	0	0	0	0	0	0	0	0	0	0	0	0	0	0	0	0	0	48	0	0	0	0	0	0	0	0	0	0	0	0	48	0	0	0	0	48	0	0	0	0	0	0	0	0	0	0	0	0	0	0	0	0	
0	0	0	0	48	0	0	0	0	0	0	0	0	0	0	0	0	0	0	0	0	0	0	0	0	0	0	48	0	0	0	0	0	0	0	0	0	0	0	0	0	0	0	0	0	0	0	0	0	0	0	0	0	0	0	0	0	0	0	0	0	0	0	0	0	0	0	0	0	0	0	0	0	0	0	0	0	0	0	0	0	48	0	0	0	0	0	0	48	0	0	0	0	0	0	0	0	0	0	0	
0	0	0	0	0	0	0	0	0	0	0	0	0	0	0	0	0	0	0	0	0	0	0	0	0	0	0	0	0	0	0	0	0	0	0	0	0	0	0	0	48	0	0	0	0	0	0	0	0	0	0	0	0	0	0	0	0	0	48	0	0	0	0	0	48	0	0	0	0	0	0	0	0	0	0	0	0	0	0	0	0	0	48	0	0	0	0	0	0	0	0	0	0	0	0	0	0	0	0	0	
0	0	0	0	0	0	0	0	0	0	0	0	0	0	0	0	0	0	0	0	0	0	0	0	0	0	0	0	0	48	0	0	0	0	0	0	0	0	0	0	0	0	0	0	0	0	0	0	0	0	0	0	0	0	0	0	0	48	48	0	0	0	0	0	0	0	0	0	0	0	0	0	0	0	0	0	0	0	0	0	0	0	0	0	0	0	0	0	0	48	0	0	0	0	0	0	0	0	0	0	
0	0	0	0	0	0	0	0	0	0	0	0	0	0	0	0	0	0	0	0	0	0	0	0	0	0	0	0	0	0	0	0	0	0	0	0	0	0	0	0	48	0	0	0	0	0	0	0	0	0	0	0	0	0	0	0	0	0	0	0	0	0	48	0	0	0	0	0	0	0	0	0	0	0	0	0	0	0	0	0	0	0	48	0	0	0	0	0	0	48	0	0	0	0	0	0	0	0	0	0	
0	0	0	0	0	0	0	0	48	0	0	0	0	0	0	0	0	0	0	0	48	0	0	0	0	0	0	0	0	0	0	0	0	0	0	0	0	0	0	0	0	0	0	0	0	0	0	0	0	0	0	0	0	0	0	0	48	0	0	0	48	0	0	0	0	0	0	0	0	0	0	0	0	0	0	0	0	0	0	0	0	0	0	0	0	0	0	0	0	0	0	0	0	0	0	0	0	0	0	0	
0	0	0	0	0	48	0	0	0	0	0	0	0	0	0	0	0	0	0	0	0	0	0	0	0	0	0	0	0	0	0	0	0	0	0	0	0	0	0	0	0	0	0	0	0	0	0	0	0	0	0	48	0	0	0	0	0	0	0	0	0	0	0	0	0	0	0	0	0	0	0	0	0	0	48	0	0	0	0	0	0	0	0	0	0	0	0	0	0	0	48	0	0	0	0	0	0	0	0	0	
48	0	0	0	0	0	0	0	0	0	0	0	48	0	0	0	0	0	0	0	0	0	0	0	0	48	0	0	0	0	0	0	0	0	0	0	0	0	0	0	0	0	0	0	0	0	0	0	0	0	0	0	0	0	0	0	0	0	0	0	0	0	0	0	0	0	0	0	0	0	0	0	0	48	0	0	0	0	0	0	0	0	0	0	0	0	0	0	0	0	0	0	0	0	0	0	0	0	0	0	
0	0	0	0	0	0	0	0	0	0	0	0	0	0	0	0	0	0	0	0	0	0	0	0	0	0	0	0	0	0	0	0	0	0	0	0	0	0	0	0	0	0	0	0	48	0	0	0	0	0	0	0	0	0	0	0	0	0	0	0	0	0	0	0	0	0	0	0	0	0	0	0	48	0	0	0	0	0	0	48	0	0	0	0	0	0	0	0	0	0	48	0	0	0	0	0	0	0	0	0	
0	0	0	0	0	0	0	0	0	0	0	0	0	0	0	0	0	0	0	0	0	0	0	0	0	48	0	0	0	0	0	0	0	0	0	0	0	0	0	0	0	0	0	0	0	0	0	0	0	0	0	0	0	0	0	0	0	0	0	0	0	0	0	0	0	0	0	0	0	0	48	0	0	0	0	0	0	0	0	0	0	48	0	0	0	0	0	0	0	0	0	0	0	0	48	0	0	0	0	0	
0	0	0	0	0	0	0	0	0	0	0	0	0	0	0	0	0	0	0	0	0	0	0	0	0	48	0	0	0	0	0	0	0	0	0	0	0	0	0	0	0	48	0	0	0	0	0	0	0	0	0	0	0	0	0	0	0	0	0	0	0	0	0	0	0	0	0	0	0	48	0	0	0	0	0	0	0	0	0	0	0	48	0	0	0	0	0	0	0	0	0	0	0	0	0	0	0	0	0	0	
0	0	0	0	0	0	0	0	0	0	0	48	0	0	0	0	0	0	0	0	0	0	0	0	0	0	0	0	0	0	0	0	0	0	0	0	48	0	0	0	0	0	0	0	0	0	0	0	0	0	0	0	0	0	0	48	0	0	0	0	0	0	0	0	0	0	0	0	0	0	0	0	0	0	0	0	0	0	0	0	0	0	0	0	0	0	0	0	0	0	0	0	0	0	0	0	0	0	0	48	
0	0	0	0	0	48	0	0	0	0	0	0	0	0	0	0	0	0	0	0	0	0	0	0	0	0	0	0	0	0	0	0	0	0	0	0	0	0	0	48	0	0	0	0	0	0	0	0	0	0	0	0	0	0	0	0	0	0	0	0	0	0	0	0	0	0	0	0	48	0	0	0	0	0	0	0	0	0	0	0	0	0	0	0	0	0	0	0	48	0	0	0	0	0	0	0	0	0	0	0	
0	48	0	0	0	0	0	0	0	0	0	0	0	0	0	0	0	0	48	0	0	0	0	0	0	0	0	0	0	0	0	0	0	0	0	0	0	0	0	0	0	0	0	0	0	0	0	0	0	0	0	0	0	0	0	0	48	0	0	0	0	0	0	0	0	0	0	48	0	0	0	0	0	0	0	0	0	0	0	0	0	0	0	0	0	0	0	0	0	0	0	0	0	0	0	0	0	0	0	0	
0	0	0	0	0	48	0	0	0	0	0	0	0	0	0	0	0	0	0	0	0	0	0	0	0	0	0	0	0	0	0	0	0	0	0	0	0	0	0	0	0	0	0	0	0	0	0	0	0	0	0	48	0	0	48	0	0	0	0	0	0	0	0	0	0	0	48	0	0	0	0	0	0	0	0	0	0	0	0	0	0	0	0	0	0	0	0	0	0	0	0	0	0	0	0	0	0	0	0	0	
0	0	48	0	0	0	0	0	0	0	0	0	0	48	0	48	0	0	0	0	0	0	0	0	0	0	48	0	0	0	0	0	0	0	0	0	0	0	0	0	0	0	0	0	0	0	0	0	0	0	0	0	0	0	0	0	0	0	0	0	0	0	0	0	0	0	0	0	0	0	0	0	0	0	0	0	0	0	0	0	0	0	0	0	0	0	0	0	0	0	0	0	0	0	0	0	0	0	0	0	
0	0	0	0	0	0	0	0	0	0	0	0	0	0	0	0	0	0	0	0	0	0	0	0	0	0	0	0	0	0	0	0	0	0	0	0	0	0	0	0	0	0	0	0	0	0	0	0	0	0	0	0	0	0	0	0	0	0	0	0	0	0	0	0	0	0	0	0	0	0	0	0	0	0	0	0	0	48	48	0	0	0	0	0	0	0	0	0	0	0	0	0	0	0	0	0	0	48	48	0	
0	48	0	0	0	0	0	0	0	0	0	0	0	0	0	0	0	0	48	0	0	0	0	0	0	0	0	0	0	0	0	0	0	0	0	0	0	0	0	0	0	0	48	0	0	0	0	0	0	0	0	0	0	0	0	0	0	0	0	0	0	0	0	0	0	0	0	0	0	0	0	0	0	0	0	0	48	0	0	0	0	0	0	0	0	0	0	0	0	0	0	0	0	0	0	0	0	0	0	0	
0	0	0	0	0	0	0	0	0	0	0	0	0	0	0	0	0	0	0	0	0	0	0	0	0	0	0	0	0	0	0	0	0	0	0	0	0	0	0	0	0	0	0	0	0	0	0	0	0	0	0	0	0	0	0	0	0	0	0	0	48	0	0	0	0	0	0	0	0	0	0	0	0	0	0	0	48	0	0	0	0	0	0	0	0	0	0	0	0	0	0	0	48	0	0	0	0	0	48	0	
0	0	0	0	0	0	0	0	0	0	0	0	0	0	0	0	0	0	0	0	0	0	0	0	0	0	0	0	0	48	0	0	0	0	0	0	0	0	0	0	0	0	0	0	0	0	0	0	0	0	0	0	0	0	0	0	0	48	0	0	0	0	0	0	0	0	0	0	48	0	0	0	0	0	0	0	0	0	0	0	0	0	0	0	0	0	0	48	0	0	0	0	0	0	0	0	0	0	0	0	
0	0	48	0	0	0	0	0	0	0	0	0	0	0	0	48	0	0	0	0	0	0	0	0	0	0	48	0	0	0	48	0	0	0	0	0	0	0	0	0	0	0	0	0	0	0	0	0	0	0	0	0	0	0	0	0	0	0	0	0	0	0	0	0	0	0	0	0	0	0	0	0	0	0	0	0	0	0	0	0	0	0	0	0	0	0	0	0	0	0	0	0	0	0	0	0	0	0	0	0	
0	0	0	0	0	0	0	0	0	0	0	0	0	0	0	0	0	0	0	0	0	0	0	0	0	0	0	0	0	0	0	0	0	0	0	0	0	0	0	0	0	48	0	0	0	0	0	0	0	0	0	0	0	0	0	0	0	0	0	0	0	48	0	0	0	0	0	0	0	48	48	0	0	0	0	0	0	0	0	0	0	0	0	0	0	0	0	0	0	0	0	0	0	0	0	0	0	0	0	0	
0	0	48	0	0	0	0	0	0	0	0	0	0	0	0	0	0	0	0	0	0	0	0	0	0	0	0	0	0	0	48	0	0	0	0	0	0	0	0	0	0	0	0	0	0	0	0	0	0	0	0	0	0	0	0	0	0	0	0	0	0	0	48	0	48	0	0	0	0	0	0	0	0	0	0	0	0	0	0	0	0	0	0	0	0	0	0	0	0	0	0	0	0	0	0	0	0	0	0	0	
0	0	0	0	0	0	0	0	48	0	0	0	0	0	0	0	0	0	0	0	48	0	0	0	0	0	0	0	0	0	0	0	0	0	0	0	0	0	0	0	0	0	0	0	0	0	0	0	0	0	0	0	0	0	0	0	48	0	0	0	48	0	0	0	0	0	0	0	0	0	0	0	0	0	0	0	0	0	0	0	0	0	0	0	0	0	0	0	0	0	0	0	0	0	0	0	0	0	0	0	
0	0	0	0	0	0	0	0	0	0	0	0	0	0	0	0	0	0	0	0	0	0	0	0	0	0	0	0	0	0	0	48	0	0	0	0	0	0	0	0	0	0	0	0	0	0	0	0	0	48	0	0	0	0	0	0	0	0	0	0	0	0	0	0	0	0	0	0	0	0	0	0	0	0	0	0	0	0	0	0	0	0	0	0	0	0	0	48	0	0	0	0	0	0	0	0	0	0	48	0	
0	0	0	48	0	0	0	0	0	0	0	0	0	0	0	0	48	48	0	0	0	0	0	0	0	0	0	0	0	0	0	0	0	0	0	0	0	0	0	0	0	0	0	48	0	0	0	0	0	0	0	0	0	0	0	0	0	0	0	0	0	0	0	0	0	0	0	0	0	0	0	0	0	0	0	0	0	0	0	0	0	0	0	0	0	0	0	0	0	0	0	0	0	0	0	0	0	0	0	0	
0	0	0	0	0	0	0	0	0	0	0	0	0	0	0	0	0	0	0	48	0	0	0	0	0	0	0	0	0	0	0	0	0	0	48	48	0	0	0	0	0	0	0	0	0	0	0	0	48	0	0	0	0	0	0	0	0	0	0	0	0	0	0	0	0	0	0	0	0	0	0	0	0	0	0	0	0	0	0	0	0	0	0	0	0	0	0	0	0	0	0	0	0	0	0	0	0	0	0	0	
0	0	0	0	0	0	0	0	0	0	0	0	0	0	0	0	0	0	0	0	0	0	0	0	0	0	0	0	0	0	0	0	0	0	0	0	0	0	0	0	0	0	0	0	0	0	0	0	0	48	0	0	0	0	0	0	0	0	0	0	0	0	0	0	0	0	0	0	0	0	0	0	0	0	0	0	0	0	0	48	0	0	0	0	48	0	0	0	0	0	0	0	0	0	0	0	48	0	0	0	
0	0	0	0	0	0	0	0	0	0	0	0	0	0	0	0	0	0	0	0	0	0	48	0	0	0	0	0	0	0	0	0	0	0	0	0	0	0	0	48	0	0	0	0	0	0	0	0	0	0	0	0	0	0	0	0	0	0	0	0	0	48	0	0	0	0	0	0	0	0	0	0	48	0	0	0	0	0	0	0	0	0	0	0	0	0	0	0	0	0	0	0	0	0	0	0	0	0	0	0	
0	0	0	0	0	0	0	0	0	0	0	0	0	0	0	0	0	0	0	0	0	48	0	0	0	0	0	0	0	0	0	0	0	0	0	0	0	0	0	0	0	0	0	0	0	0	0	0	0	0	0	0	0	0	0	0	0	0	48	0	0	0	0	48	48	0	0	0	0	0	0	0	0	0	0	0	0	0	0	0	0	0	0	0	0	0	0	0	0	0	0	0	0	0	0	0	0	0	0	0	
0	0	0	0	0	0	0	0	0	0	0	0	0	0	0	0	0	0	0	0	0	0	0	0	0	0	0	0	0	0	0	0	0	0	0	0	0	0	0	0	0	0	0	0	48	0	0	48	0	0	0	0	0	0	0	0	0	0	0	0	0	0	0	0	0	0	48	0	48	0	0	0	0	0	0	0	0	0	0	0	0	0	0	0	0	0	0	0	0	0	0	0	0	0	0	0	0	0	0	0	
0	0	0	0	0	0	0	0	0	0	0	0	0	0	0	48	0	0	0	0	0	0	0	0	0	0	0	0	0	48	0	0	0	0	0	0	0	0	0	0	0	0	0	0	0	0	0	0	0	48	0	0	0	0	0	0	0	48	0	0	0	0	0	0	0	0	0	0	0	0	0	0	0	0	0	0	0	0	0	0	0	0	0	0	0	0	0	0	0	0	0	0	0	0	0	0	0	0	0	0	
0	0	0	48	0	0	0	0	0	0	0	0	0	0	0	0	48	0	0	0	0	0	0	0	0	0	0	0	0	0	0	0	0	0	0	0	0	0	0	0	0	0	0	48	0	0	0	0	0	0	0	0	0	0	0	0	0	0	0	0	0	0	0	0	0	0	0	0	0	0	0	0	0	0	0	0	0	0	48	0	0	0	0	0	0	0	0	0	0	0	0	0	0	0	0	0	0	0	0	0	
0	0	0	0	0	0	0	0	0	0	0	0	0	0	0	0	0	0	0	0	0	0	0	0	0	0	0	0	0	0	0	0	0	0	0	0	0	0	0	0	0	0	0	0	0	0	0	0	0	0	0	0	0	0	0	48	0	0	0	0	0	0	0	0	0	0	0	0	0	0	0	0	0	0	0	0	0	0	0	0	0	0	0	0	0	0	0	0	0	0	0	0	0	0	0	0	48	48	0	0	
0	0	0	0	0	0	0	0	0	0	0	0	0	0	0	0	0	0	0	48	0	0	0	0	0	0	0	0	0	0	0	0	0	0	48	0	0	0	0	0	0	48	0	0	0	0	0	0	0	0	0	0	0	0	0	0	0	0	0	0	0	0	0	0	0	0	0	0	0	48	0	0	0	0	0	0	0	0	0	0	0	0	0	0	0	0	0	0	0	0	0	0	0	0	0	0	0	0	0	0	
0	0	0	0	0	0	48	0	0	0	0	0	0	0	0	0	0	0	0	0	0	0	0	0	0	0	0	0	0	0	0	0	0	0	0	0	0	0	0	0	0	0	0	0	48	0	0	48	0	0	0	0	0	0	48	0	0	0	0	0	0	0	0	0	0	0	0	0	0	0	0	0	0	0	0	0	0	0	0	0	0	0	0	0	0	0	0	0	0	0	0	0	0	0	0	0	0	0	0	0	
0	0	0	0	0	0	0	0	0	0	0	0	0	0	0	0	0	0	0	0	0	0	48	0	0	0	0	0	0	0	0	0	0	0	0	0	0	0	0	0	0	0	0	0	0	0	0	0	0	0	0	0	0	0	0	0	0	0	0	0	0	0	0	0	0	0	0	0	0	0	0	0	0	0	0	0	0	0	0	0	0	0	0	0	0	0	0	48	0	0	0	0	0	48	0	0	0	0	0	0	
0	0	0	0	0	0	0	0	0	0	0	0	0	0	0	0	0	0	0	0	0	0	0	0	0	0	0	0	0	0	0	0	0	0	0	0	48	0	0	0	0	0	0	0	0	0	0	0	0	0	0	0	0	0	0	48	0	0	0	0	0	0	0	0	0	0	0	0	0	0	0	0	0	0	0	0	48	0	0	0	0	0	0	0	0	0	0	0	0	0	0	0	0	48	0	0	0	0	0	0	
0	0	0	0	0	0	0	0	0	0	0	0	0	0	0	0	0	0	0	0	0	0	0	0	0	0	0	0	0	0	0	0	0	0	0	0	0	0	0	0	0	0	48	0	0	0	0	0	0	0	0	0	0	0	0	0	0	0	0	0	0	0	0	0	0	0	0	0	0	0	0	0	0	0	0	0	48	0	48	0	0	0	0	0	48	0	0	0	0	0	0	0	0	0	0	0	0	0	0	0	
0	0	0	0	0	0	0	0	0	0	0	48	0	0	0	0	0	0	0	0	0	0	0	0	0	0	0	0	0	0	0	0	0	0	0	0	48	0	0	0	0	0	0	0	0	0	0	0	0	0	0	0	0	0	0	48	0	0	0	0	0	0	0	0	0	0	0	0	0	0	0	48	0	0	0	0	0	0	0	0	0	0	0	0	0	0	0	0	0	0	0	0	0	0	0	0	0	0	0	0	
5	62	65	46	38	74	5	96	37	4	2	88	18	5	51	90	59	51	78	67	4	14	88	20	50	12	5	34	58	85	59	94	93	79	91	57	77	86	6	82	94	4	83	11	38	45	39	60	71	36	41	22	97	0	32	0	95	38	77	83	37	87	57	37	4	14	49	41	2	26	6	38	63	13	41	48	0	67	30	76	55	54	68	63	64	67	70	30	57	98	30	23	82	25	57	90	68	48	24	99	29	13	80	81	13	81	98	8	46	45	18	41	8	45	95	74	88	6	76	46	56	63	48	92	76	59	14	79	54	35	76	98	82	38	15	65	53	99	96	5	73	51	56	68	34	1	43	65	69	47	36	58	28	93	46	1	19	18	44	18	28	68	25	82	59	59	95	98	49	29	19	47	16	11	26	95	32	49	97	77	43	81	32	8	41	12	14	28	47	94	34	14	27	73	19	27	97	6	72	92	71	29	51	10	13	84	49	3	8	51	71	23	78	36	54	6	63	16	66	47	97	79	2	11	19	43	13	9	97	1	66	23	53	93	12	7	30	97	41	32	93	98	54	45	42	72	48	98	62	97	56	4	99	2	99	84	73	7	57	40	25	74	25	67	29	15	86	44	69	44	54	62	23	50	31	52	71	13	36	22	74	83	3	42	58	89	76	79	23	55	2	59	87	83	5	68	1	54	57	66	33	84	9	34	33	35	84	89	65	55	68	60	99	98	22	68	42	65	19	39	2	16	68	48	81	21	54	2	39	69	45	49	53	44	88	58	25	44	66	98	59	90	98	18	73	70	67	28	51	90	47	71	83	15	39	46	76	17	24	13	41	63	40	44	92	33	74	33	6	85	37	45	89	84	85	40	34	55	91	35	10	43	77	4	98	42	31	64	86	95	86	47	97	52	72	23	82	39	13	0	23	76	94	48	21	51	85	4	64	11	74	56	23	88	90	14	73	35	10	2	0	49	12	26	25	71	73	95	65	78	96	53	28	51	16	13	17	31	49	82	83	88	29	86	24	77	4	45	85	5	95	86	79	59	91	13	53	99	12	67	5	19	70	86	27	51	23	3	41	77	53	49	80	5	15	61	36	62	47	54	58	6	54	15	20	78	45	96	6	66	25	78	82	36	26	70	20	61	35	33	62	81	92	81	84	38	46	2	88	97	93	97	2	15	68	3	39	68	71	26	29	46	34	65	49	18	16	79	10	56	96	48	36	70	41	70	42	69	94	84	41	21	77	13	38	21	14	98	98	92	32	38	66	50	87	6	21	76	36	3	25	75	76	94	46	54	53	93	91	51	48	50	74	2	87	3	41	40	94	3	31	90	77	94	64	76	72	93	65	50	97	57	69	79	7	80	45	87	64	95	20	92	85	2	70	36	16	34	25	69	54	6	94	12	89	89	23	27	2	33	2	62	93	58	32	66	67	15	17	98	69	69	97	82	2	99	1	97	83	79	36	64	18	34	84	16	83	32	32	82	0	54	33	98	46	33	29	84	59	82	68	42	99	7	74	56	84	59	72	68	78	93	73	83	96	93	37	41	86	78	95	85	65	86	14	89	79	56	29	62	10	8	82	88	93	53	41	68	10	51	83	29	43	26	99	16	23	85	23	32	59	32	89	95	22	81	88	3	11	17	27	10	96	17	71	34	84	89	61	98	97	42	58	50	13	70	44	54	99	52	79	96	30	46	46	17	50	17	16	94	28	41	68	99	48	93	7	47	95	88	90	4	89	34	2	99	15	24	41	92	1	40	0	85	17	73	32	14	2	27	48	27	2	26	69	13	76	52	42	97	27	96	79	91	14	53	35	15	94	80	35	62	90	50	25	9	24	56	93	52	95	97	82	49	1	31	35	5	80	23	48	41	62	82	55	44	94	1	49	42	76	38	50	17	85	75	58	19	55	65	60	83	0	76	47	44	55	28	31	85	85	47	55	62	56	59	62	70	17	31	46	13	60	1	93	73	36	92	6	35	56	95	55	92	22	97	79	64	61	70	63	85	26	38	8	79	26	35	90	70	73	96	47	48	9	70	10	92	32	94	79	10	33	65	56	42	54	39	3	56	42	99	73	63	31	1	49	26	45	92	87	28	14	61	80	43	79	83	11	36	94	24	27	56	27	96	83	16	83	90	93	69	44	0	70	25	51	21	47	14	95	56	69	40	82	61	42	36	83	0	97	41	27	56	75	19	3	5	70	27	97	29	22	82	98	72	53	8	38	47	31	19	54	15	54	82	87	3	44	62	95	73	83	41	73	6	58	63	77	21	2	40	83	8	81	74	22	53	66	7	32	13	90	44	13	96	56	43	44	90	12	2	47	38	49	90	78	7	51	82	60	51	65	32	0	65	10	93	98	57	78	74	57	8	85	88	74	20	34	84	40	48	24	65	52	68	25	9	23	87	30	95	62	92	81	75	77	79	78	17	36	78	26	88	45	15	3	30	92	62	32	14	3	79	90	35	63	9	17	27	7	95	77	93	63	21	17	52	84	0	44	95	27	30	95	72	40	48	27	27	58	42	60	65	97	36	37	81	82	55	26	2	14	66	16	44	83	32	78	27	45	36	48	14	90	9	90	20	38	56	85	35	71	44	27	19	58	67	53	99	81	35	51	17	76	59	98	89	36	78	2	21	20	88	55	45	11	23	27	47	75	17	82	80	54	7	82	71	93	5	18	34	55	22	77	66	32	62	93	75	41	33	59	75	43	86	20	84	62	57	91	74	93	94	83	42	87	23	55	83	51	64	84	96	68	76	61	43	59	2	71	83	43	27	47	4	51	62	31	88	87	34	93	97	88	99	16	10	0	92	0	19	42	83	99	75	61	81	6	97	43	64	79	20	49	61	67	12	94	2	14	30	75	99	9	3	84	67	17	35	5	97	83	52	52	20	25	80	23	79	16	88	61	80	57	28	13	77	10	89	69	27	0	84	84	78	69	67	74	44	40	8	54	42	35	86	1	95	25	81	82	18	34	5	3	7	66	69	33	10	95	16	66	99	91	19	44	12	72	68	52	31	38	33	25	47	80	8	29	16	20	20	37	29	86	51	17	84	98	7	87	28	79	14	9	48	82	78	61	76	39	34	39	72	68	43	26	9	42	12	8	52	19	96	58	63	87	68	71	58	48	60	57	8	13	51	13	3	49	19	27	50	25	26	53	57	15	73	90	85	16	78	17	79	26	52	15	94	79	83	15	2	97	5	10	71	71	60	50	3	47	75	32	67	38	90	29	39	10	32	71	47	37	66	55	28	67	88	88	76	54	17	86	87	94	60	55	82	97	63	18	31	71	48	1	45	17	51	54	88	99	39	26	2	60	2	82	18	56	96	14	57	44	17	70	84	91	37	93	0	99	39	56	62	85	43	76	49	90	47	4	26	19	84	19	85	70	5	37	12	9	6	99	0	75	62	94	82	60	95	20	56	36	39	35	97	53	41	42	11	6	10	20	12	19	75	74	26	92	12	36	5	71	20	68	56	61	64	25	92	91	20	34	10	68	22	85	61	6	4	11	50	92	97	93	96	58	58	40	6	45	38	56	91	57	41	79	3	83	55	51	47	58	23	28	69	33	73	2	82	83	9	11	80	53	87	91	88	58	94	37	5	28	28	52	36	23	38	74	64	20	34	49	56	47	90	57	66	14	68	90	85	59	54	40	34	46	3	56	74	47	80	59	8	96	49	53	29	36	90	54	35	67	50	7	87	40	29	0	92	46	69	95	36	28	72	91	36	88	48	27	35	85	18	95	82	77	24	15	41	34	53	90	57	66	9	66	98	20	98	67	43	87	2	97	96	58	36	97	70	71	90	9	6	3	39	50	27	44	79	48	80	11	92	30	26	16	37	55	3	20	2	31	27	18	50	86	37	96	21	13	82	72	12	51	30	60	2	62	3	86	0	79	28	97	67	43	68	14	94	54	41	42	41	67	9	45	36	18	33	0	78	99	6	88	90	82	2	94	2	6	64	43	68	19	62	32	13	55	66	28	13	64	85	50	51	44	2	15	46	90	98	3	99	52	13	77	29	69	4	92	63	62	93	38	6	84	8	77	68	97	80	4	48	84	69	23	66	62	76	64	32	42	65	24	24	73	78	80	48	4	51	38	28	11	35	89	79	41	11	67	32	6	89	1	2	90	67	46	72	37	18	93	27	64	1	60	12	2	89	45	74	98	79	64	43	76	35	37	36	11	21	59	57	14	39	20	84	94	15	30	23	54	72	39	11	8	75	83	56	67	98	52	68	98	18	18	11	96	48	50	33	83	79	70	6	46	3	4	74	95	15	28	22	58	53	83	92	53	55	83	25	34	58	74	56	31	84	88	97	69	41	45	90	26	24	16	3	59	21	56	15	9	82	0	60	14	70	15	68	37	69	93	1	84	90	49	1	80	51	96	14	75	30	6	90	75	79	67	24	17	11	82	31	22	74	25	7	14	39	94	87	64	17	86	45	2	26	72	40	90	45	39	43	71	79	37	43	46	24	21	86	89	85	23	12	58	80	56	30	27	3	39	85	65	88	83	34	58	3	70	47	30	36	94	4	48	86	20	6	27	44	40	16	16	0	76	76	93	68	2	2	79	99	85	84	27	89	73	46	42	90	33	84	85	88	51	50	7	79	96	68	69	85	92	76	91	78	62	77	95	53	60	67	24	65	70	69	98	70	93	39	60	57	88	90	53	83	5	3	91	19	52	73	17	47	60	14	98	77	20	5	5	89	78	89	59	14	10	85	27	89	70	75	65	33	39	42	43	79	50	94	37	6	5	9	53	86	20	11	92	27	31	25	42	92	53	81	17	8	46	59	19	90	15	54	21	64	28	33	84	12	87	67	44	1	56	99	6	33	24	66	21	86	73	38	39	2	34	35	29	71	29	5	53	53	6	69	21	32	26	75	13	2	39	96	33	63	85	41	52	43	96	84	66	68	93	75	5	43	33	29	38	83	87	75	71	40	89	5	48	48	74	97	80	7	40	33	98	43	97	68	10	3	99	85	43	27	17	59	52	44	86	69	33	29	96	13	5	51	27	62	88	57	89	93	43	66	13	30	83	90	60	76	36	9	53	66	88	72	34	91	1	93	16	38	13	6	47	73	53	7	95	48	16	6	61	6	51	38	17	86	29	63	90	54	38	3	66	30	26	44	13	81	99	93	20	26	68	71	35	8	26	27	72	45	42	22	50	2	7	38	40	41	37	16	37	15	78	25	61	68	21	40	36	82	7	84	81	8	60	64	87	56	16	90	24	75	25	75	22	15	7	91	43	65	88	21	63	26	83	3	48	64	72	36	53	12	63	28	63	19	5	24	42	69	38	7	32	32	55	47	26	63	30	40	94	54	91	30	89	41	86	47	55	79	28	31	4	15	34	77	65	25	66	66	33	99	14	40	19	14	40	59	8	76	11	22	32	11	44	12	0	92	30	61	60	5	29	74	16	11	47	70	90	82	9	58	91	86	77	69	9	4	60	1	77	28	13	99	14	23	88	41	48	86	44	73	19	71	31	26	94	5	57	78	90	26	62	42	56	65	87	69	18	54	39	18	10	32	95	6	72	22	48	73	8	3	81	45	76	87	49	66	25	32	57	86	8	53	37	38	72	94	34	32	63	26	66	34	23	98	27	93	56	5	43	0	57	5	16	25	13	34	9	11	98	85	0	22	55	3	67	28	55	75	19	59	13	85	42	60	43	61	19	67	52	86	33	79	15	66	26	79	81	58	26	39	19	37	48	65	27	23	94	22	60	42	20	64	57	63	64	49	17	13	28	47	81	63	62	25	6	18	41	5	97	83	7	83	25	72	73	69	21	55	7	74	32	14	79	38	82	37	48	95	74	12	89	93	57	81	59	77	32	19	84	25	17	27	93	19	65	93	43	33	48	8	9	61	42	40	97	79	18	37	66	53	94	70	71	10	45	57	59	87	84	17	30	27	38	41	96	24	18	29	88	83	57	92	2	26	20	82	28	82	1	69	79	16	99	62	68	99	99	86	37	7	63	46	1	25	63	45	80	64	41	4	42	78	95	65	45	35	60	27	37	73	52	58	77	18	56	63	30	3	1	54	83	12	7	62	56	26	30	91	74	98	45	60	7	31	46	57	10	65	75	98	82	46	34	83	80	74	76	33	63	30	45	4	39	42	93	21	96	50	19	48	22	96	8	78	52	97	63	49	28	97	10	55	82	60	69	67	42	41	15	90	36	93	29	57	42	17	91	8	52	17	71	51	87	62	42	61	49	7	37	34	36	86	53	78	33	6	54	98	55	41	68	88	53	23	57	39	43	93	45	61	87	31	71	73	52	33	13	62	27	43	38	32	46	7	28	43	39	94	66	21	44	47	65	71	90	28	71	37	88	25	54	31	67	74	82	47	82	90	23	87	0	0	11	76	42	89	44	72	52	84	21	57	14	0	97	5	6	90	47	38	18	25	33	65	86	65	62	38	58	79	37	94	24	18	91	13	60	58	76	13	98	15	27	82	5	45	9	76	80	25	16	5	40	16	95	4	47	48	48	98	34	1	76	16	75	14	86	56	12	8	4	72	28	20	52	53	84	30	26	46	36	55	95	26	43	4	14	42	16	64	40	58	13	1	76	68	17	92	63	39	67	35	70	33	50	50	40	10	92	45	42	91	59	7	35	10	73	36	33	19	78	52	32	69	92	97	47	3	90	92	14	47	6	49	23	28	70	14	40	22	26	97	83	21	67	30	46	81	97	16	91	50	16	44	62	75	57	6	76	80	55	56	18	27	17	68	32	2	0	97	51	7	72	65	80	58	96	63	71	37	50	78	77	72	80	70	80	81	22	32	0	84	53	72	18	2	56	58	57	23	8	6	1	89	11	29	45	17	26	91	75	76	81	27	33	40	1	34	93	69	77	83	90	47	2	22	34	90	41	88	22	86	72	80	38	65	26	27	32	16	90	55	98	43	41	13	86	27	55	42	29	61	28	44	88	68	50	11	90	51	42	53	18	95	71	6	57	68	81	58	42	19	48	99	13	8	69	6	78	44	32	12	87	8	69	32	74	60	30	83	75	10	13	32	83	26	32	81	86	23	39	60	75	67	4	61	28	87	47	11	51	9	47	47	86	23	13	97	23	15	45	17	54	69	84	9	44	36	70	66	91	85	52	96	99	43	41	52	54	39	80	2	65	62	30	81	6	42	16	77	70	97	74	96	22	90	28	82	79	58	47	81	84	88	6	59	99	60	89	77	20	45	42	14	92	17	85	78	58	62	24	76	6	46	83	14	56	89	76	87	49	41	74	42	35	66	42	67	69	51	56	12	78	96	12	33	23	80	3	49	94	75	15	77	55	85	37	29	86	23	67	62	14	42	51	1	59	93	95	47	55	10	83	53	58	32	90	79	74	68	86	48	74	6	40	44	44	2	79	14	67	71	74	16	48	32	39	24	74	11	96	99	65	56	59	40	85	86	37	11	35	44	30	31	4	95	68	27	59	72	84	95	62	1	87	4	78	42	4	22	55	24	50	96	24	52	99	82	98	86	1	79	5	97	27	82	20	83	66	46	38	53	27	19	21	16	73	53	44	3	67	38	62	21	71	36	38	36	96	31	59	57	99	38	49	43	19	45	49	97	36	52	26	51	17	49	77	76	30	77	12	3	16	16	39	9	12	94	1	71	72	31	30	81	54	5	98	1	44	53	66	38	10	20	59	54	65	98	7	93	49	72	3	48	79	19	63	18	50	85	58	87	38	89	73	51	98	79	90	20	61	5	6	59	10	22	97	14	44	38	36	66	24	95	21	94	37	84	73	8	12	97	35	36	68	21	88	81	91	33	32	66	86	91	32	16	95	27	23	79	64	68	38	54	76	70	82	8	25	90	1	38	17	22	17	23	32	39	92	6	62	75	29	61	74	27	44	23	96	10	31	97	83	47	70	98	82	52	96	51	92	53	57	33	95	30	82	11	79	79	50	48	69	73	38	64	1	80	15	62	45	14	69	90	11	98	72	64	51	93	10	18	0	3	75	73	98	87	23	53	49	49	6	69	74	24	50	62	40	9	1	13	15	22	10	17	58	98	25	13	62	24	39	2	29	62	67	76	86	59	29	20	93	49	63	70	73	68	74	35	60	8	89	39	65	39	13	44	87	72	51	67	7	4	2	74	54	4	95	99	91	95	97	54	14	95	29	26	36	72	44	73	60	55	75	16	51	64	49	30	4	15	70	20	89	88	39	8	57	58	27	23	60	24	29	65	20	49	12	86	18	2	90	66	66	42	21	66	35	31	70	28	84	49	40	52	69	30	67	97	35	9	37	17	84	86	98	81	1	77	92	69	9	40	40	64	8	68	6	85	97	16	25	46	19	18	68	87	1	70	42	44	49	36	91	59	33	55	16	16	40	92	18	9	79	48	25	45	70	49	67	25	48	1	5	71	85	27	90	86	32	27	99	20	96	14	92	12	30	13	67	98	49	14	77	24	36	21	29	19	84	69	50	69	94	55	97	4	92	75	33	55	25	88	4	39	68	74	31	14	16	90	49	56	4	76	74	15	85	75	60	31	35	7	54	32	37	2	58	79	61	42	51	17	32	32	44	36	63	30	71	96	5	88	83	45	77	35	55	14	98	15	41	81	43	52	96	49	8	75	50	85	3	76	90	70	23	58	71	29	48	54	32	41	4	94	92	8	65	86	93	82	71	29	43	78	73	62	65	63	72	63	12	9	71	18	53	10	35	13	27	66	76	51	8	19	49	11	0	14	69	86	61	60	80	3	18	98	1	85	47	20	55	21	40	39	80	65	45	30	85	91	26	78	67	86	39	69	11	41	31	26	0	10	9	18	80	12	10	44	16	7	32	56	65	31	15	74	33	59	94	75	36	75	96	76	24	15	93	59	4	54	89	63	82	36	77	59	11	48	60	64	30	88	39	52	95	35	31	75	26	9	62	78	75	48	60	31	87	79	1	0	98	64	20	87	83	66	31	83	18	78	29	19	1	79	79	68	33	6	22	10	69	96	14	85	44	59	53	47	53	29	69	30	20	29	60	28	26	94	57	84	18	85	14	57	58	10	49	9	58	3	47	43	48	84	79	25	33	3	34	92	97	1	54	38	28	97	30	75	22	84	71	81	93	33	72	24	46	81	48	40	82	56	54	99	73	21	50	77	45	16	61	68	87	78	45	85	27	52	28	74	39	79	66	57	86	16	8	2	61	11	91	75	90	43	82	57	7	17	85	98	56	10	74	60	54	76	67	6	77	38	62	85	17	24	39	44	16	87	7	77	6	74	52	47	91	52	68	35	28	13	85	98	83	48	56	50	19	19	2	77	76	86	66	88	31	10	66	58	51	33	34	28	99	33	97	90	45	91	52	1	4	73	70	59	72	5	4	21	34	5	50	75	26	21	83	38	6	84	3	78	73	99	33	84	36	31	34	60	74	72	0	85	14	21	52	40	50	21	67	1	18	97	84	54	49	8	82	34	80	49	89	68	45	55	55	54	25	60	57	87	47	14	44	43	91	90	63	29	26	66	14	5	53	63	79	88	68	11	48	89	30	86	89	97	61	47	96	97	20	90	55	24	53	72	7	55	72	32	90	24	68	7	34	95	75	95	93	8	25	34	50	88	17	8	74	99	36	19	80	77	80	44	46	18	34	42	90	17	59	69	80	7	3	5	78	39	84	5	9	70	6	57	93	9	34	6	84	35	70	85	93	51	42	50	97	65	86	36	77	66	92	82	79	57	18	84	73	37	5	8	94	65	62	18	2	1	47	56	66	18	1	54	88	88	44	87	32	36	16	7	38	42	51	27	64	49	18	68	11	25	70	2	20	53	63	50	76	40	83	89	1	96	67	23	95	54	51	71	79	47	51	48	23	44	92	89	84	6	85	9	89	22	14	58	3	6	94	39	23	80	26	62	86	31	75	80	24	27	96	55	73	73	40	37	13	39	91	40	56	69	87	94	33	2	30	59	20	75	2	21	71	37	92	75	80	85	30	45	59	11	82	76	28	44	26	0	77	33	79	8	50	82	61	78	27	13	9	62	25	71	79	39	77	17	57	52	39	28	94	87	23	82	83	9	94	54	29	33	85	24	34	75	32	45	77	
19	77	87	50	63	16	30	63	55	52	86	68	73	70	64	64	17	89	80	74	40	9	52	4	15	52	29	8	60	42	56	81	34	89	97	61	68	60	9	92	65	69	73	45	4	22	94	12	54	58	86	45	71	99	44	25	50	36	32	47	20	26	95	22	21	38	87	47	67	25	96	28	7	80	11	46	54	36	86	49	13	27	61	87	13	80	34	36	34	18	84	62	70	84	70	17	94	73	25	3	83	25	52	33	82	57	90	59	99	21	35	35	9	76	13	17	35	38	0	87	87	53	57	50	26	84	90	30	52	49	79	69	76	13	41	83	5	46	30	98	13	23	22	10	37	27	22	9	98	94	24	20	5	92	0	83	46	44	3	0	24	54	62	79	42	75	43	14	74	0	43	2	24	30	89	75	59	99	0	98	98	34	80	1	48	93	87	65	96	86	53	27	4	40	87	39	9	98	35	30	83	75	8	70	61	62	50	0	38	79	91	88	32	79	18	36	48	7	67	64	34	28	20	50	21	95	64	51	40	70	95	35	62	92	39	44	18	71	83	90	33	21	7	83	26	81	81	27	97	54	16	21	58	60	79	7	3	71	39	20	97	42	4	65	5	1	11	90	24	13	33	81	10	79	28	19	77	96	12	80	91	90	83	2	63	0	80	1	14	24	58	15	75	72	38	24	41	91	40	82	75	40	13	78	28	7	66	0	14	45	61	98	25	99	42	12	8	69	66	68	14	7	67	74	2	43	77	16	99	51	33	87	99	40	33	83	50	91	97	62	31	78	2	16	97	36	74	55	27	88	17	79	0	6	76	35	74	10	1	45	83	70	73	83	57	66	8	59	4	13	3	71	17	74	93	28	32	71	0	32	43	24	78	95	78	40	86	82	19	14	42	27	38	84	64	73	17	71	15	23	88	95	86	17	53	22	4	81	88	37	52	99	63	29	37	0	15	34	46	97	64	51	86	40	91	47	68	56	18	44	43	64	89	62	30	89	42	0	12	34	66	41	64	70	33	7	50	41	24	34	82	13	1	53	24	38	41	75	95	22	49	15	41	42	2	86	54	41	60	1	30	55	60	31	28	14	57	92	40	22	62	68	12	36	97	90	15	82	98	69	36	60	7	91	42	99	36	21	72	29	60	84	78	30	50	9	69	44	31	44	58	87	53	4	79	28	73	8	23	5	67	71	29	98	77	68	20	13	56	61	55	26	45	71	6	62	88	55	35	75	46	58	9	93	41	18	42	85	6	67	20	93	2	9	7	95	44	17	19	90	52	24	53	79	83	90	21	80	67	76	19	17	37	76	67	66	42	10	28	74	73	82	41	8	19	30	30	20	55	55	41	93	55	54	64	45	75	61	41	6	74	91	30	16	3	96	9	41	78	48	26	75	36	96	59	48	93	92	63	87	56	51	43	28	70	15	78	88	81	82	24	98	95	18	12	33	28	89	92	54	62	88	63	59	20	87	37	36	81	18	67	49	67	97	4	70	20	87	86	69	75	10	68	73	71	25	66	6	94	90	86	68	89	99	50	69	3	90	44	72	85	91	15	78	66	82	3	95	97	83	39	75	93	59	5	14	72	84	81	99	40	48	73	67	95	29	80	56	90	8	15	61	26	31	17	84	93	27	58	1	26	87	39	23	63	40	73	63	10	5	3	50	65	14	93	63	30	78	97	79	49	86	0	91	27	48	51	19	35	73	7	78	5	23	52	20	52	67	81	48	28	88	0	66	58	95	93	84	83	33	57	41	55	80	77	79	67	28	76	35	71	96	20	45	97	30	48	84	12	73	67	55	90	79	0	61	34	18	58	6	28	97	1	71	67	40	89	52	32	93	91	4	18	86	2	70	24	37	73	46	96	91	95	85	92	80	96	85	48	96	17	57	23	40	29	97	50	35	24	80	36	31	40	59	41	98	92	20	7	29	56	48	73	41	58	1	63	98	55	27	28	84	99	9	23	63	39	29	4	43	71	6	87	18	64	79	66	20	12	85	56	83	97	58	5	1	45	43	6	71	82	17	26	24	8	79	62	61	52	34	68	66	98	25	5	25	19	81	69	58	92	31	35	77	43	44	68	44	86	3	59	30	70	9	9	5	21	45	21	9	40	74	79	96	32	11	29	2	41	7	90	2	74	57	6	2	62	59	95	54	6	68	72	52	28	81	8	8	99	82	11	6	38	78	78	99	85	99	38	59	34	87	23	74	66	52	73	14	44	21	54	59	96	31	62	78	86	26	28	38	78	13	51	72	18	26	95	59	26	70	29	84	23	16	86	71	99	18	85	90	64	31	81	19	84	80	39	89	3	59	40	41	77	75	52	60	32	39	93	16	33	12	84	74	59	17	97	85	5	17	4	48	48	56	59	34	5	16	57	81	60	11	35	43	12	42	26	49	53	90	0	12	13	57	24	36	18	55	33	20	73	64	24	20	36	18	36	35	90	41	66	39	79	6	23	51	37	26	79	17	96	79	46	51	54	22	16	45	37	79	50	99	14	22	45	37	98	37	29	23	17	77	59	18	35	84	95	86	17	95	63	53	51	33	32	91	28	40	2	77	88	92	23	82	80	37	89	62	40	3	58	42	86	51	20	75	40	85	49	47	89	53	36	91	68	44	69	79	29	3	20	65	82	76	14	24	64	67	37	32	10	42	63	23	26	53	60	44	87	62	23	1	37	66	14	1	37	74	15	17	92	3	77	1	10	61	57	77	45	2	98	15	43	96	91	96	12	51	38	54	22	66	86	23	24	99	84	82	85	97	98	30	60	42	41	0	13	75	97	31	66	7	24	92	26	22	85	18	52	70	85	16	28	86	33	10	13	4	29	99	79	83	1	44	7	38	19	42	44	56	51	21	24	52	62	20	4	60	3	81	59	95	84	30	67	73	29	8	94	28	79	79	86	59	36	38	95	25	85	53	89	84	54	58	83	7	27	9	94	45	4	2	49	55	90	91	91	4	19	42	58	52	80	86	24	83	73	51	18	31	45	61	52	23	87	91	85	93	69	23	39	45	56	92	30	11	90	70	26	25	81	52	2	68	72	22	86	13	58	56	13	36	24	27	17	92	71	55	84	41	96	53	78	32	34	34	21	89	4	92	59	68	22	9	23	72	9	34	66	16	6	92	98	83	3	71	21	76	0	11	22	41	49	41	11	2	51	80	95	39	22	62	36	74	43	91	27	86	96	30	24	52	47	15	7	48	72	43	8	85	31	94	82	60	43	39	38	96	52	94	8	39	68	98	14	43	88	65	29	67	20	39	78	4	54	0	8	34	73	45	8	94	95	98	34	72	10	18	62	22	19	38	16	64	80	79	50	70	78	70	11	49	36	50	26	97	67	71	58	61	11	40	30	50	0	20	41	29	97	64	90	34	75	8	38	60	3	73	86	97	55	39	22	14	11	54	89	38	81	27	62	44	10	82	53	40	8	92	97	53	37	17	55	53	35	24	50	52	71	97	38	71	44	27	78	81	91	45	37	67	86	83	53	70	50	68	97	26	12	72	73	49	98	45	84	85	86	77	14	71	25	44	89	77	80	33	8	80	72	17	68	5	64	97	75	28	11	64	3	46	24	8	0	44	81	3	17	92	51	80	24	32	39	53	71	7	71	3	31	52	55	93	58	50	15	30	85	26	38	96	77	32	99	78	8	53	7	22	99	75	92	62	0	14	42	78	62	26	11	67	92	97	86	68	94	91	70	43	52	13	0	50	69	80	35	47	72	5	19	92	91	41	14	99	26	93	15	69	20	76	12	4	40	89	72	78	21	27	9	23	72	55	73	66	39	45	38	65	8	44	40	14	55	70	30	89	13	82	58	15	62	56	43	45	37	3	65	72	72	45	39	60	9	6	57	97	30	21	26	11	39	94	74	43	7	18	4	57	41	8	54	31	99	61	74	30	26	27	76	66	87	12	28	70	15	62	82	2	90	26	52	80	58	8	21	73	84	28	2	28	44	65	62	10	21	27	90	86	15	24	59	24	58	0	78	74	6	11	33	65	38	36	72	56	67	77	39	81	86	26	9	13	6	53	67	43	13	90	78	22	0	4	23	71	5	64	87	63	2	39	46	39	51	26	58	54	15	83	38	50	1	5	93	44	93	58	73	89	2	94	19	41	5	16	92	17	28	22	37	66	29	31	67	2	6	94	32	33	56	46	27	24	9	12	12	55	20	15	59	54	57	46	79	94	27	41	55	92	72	21	44	59	94	22	80	78	93	89	38	38	79	73	99	19	85	95	59	17	2	61	43	95	99	28	67	2	32	61	48	8	24	42	99	25	57	61	60	5	94	11	95	82	65	98	68	69	34	27	66	89	25	14	36	87	58	69	79	31	84	17	11	33	58	57	31	41	75	24	56	60	78	84	91	75	33	93	17	49	14	61	16	65	87	5	36	77	92	7	94	26	64	35	71	2	89	13	41	30	29	22	12	68	10	0	60	17	17	57	59	18	98	17	4	26	5	72	65	51	96	17	85	27	33	12	27	13	79	75	78	24	65	5	67	51	30	7	75	24	40	12	72	98	66	75	41	79	17	67	3	61	90	93	86	60	46	3	4	60	40	17	86	93	92	91	56	5	45	46	38	25	19	49	4	2	3	14	61	67	32	18	3	71	16	88	89	53	83	80	41	3	41	62	55	7	88	43	54	97	70	34	3	5	65	65	94	47	13	17	93	73	99	25	64	9	42	69	61	65	56	81	3	12	47	57	49	87	75	98	52	69	92	63	15	29	1	58	67	36	35	12	8	54	28	75	3	74	7	55	15	99	30	6	90	51	75	60	36	91	69	62	68	92	90	80	11	46	89	3	9	71	55	10	75	97	94	64	72	45	17	99	60	94	95	67	71	53	9	7	99	88	62	33	79	39	11	57	50	82	50	4	1	81	45	25	88	91	17	1	8	54	86	89	33	78	88	11	80	16	90	75	11	63	37	50	55	71	19	36	87	83	2	4	43	45	65	50	55	81	59	64	82	99	99	93	16	24	90	22	77	10	54	76	98	90	88	38	17	57	68	42	41	70	9	95	2	86	20	46	55	44	67	0	53	93	47	39	49	49	70	0	81	20	47	46	82	43	67	96	92	57	17	30	90	41	56	27	94	51	6	69	40	23	44	64	42	64	79	92	90	40	61	47	0	86	64	60	11	24	7	94	88	12	79	84	82	92	45	40	61	53	88	98	44	22	41	77	61	40	89	67	18	71	73	7	33	68	87	6	56	23	26	6	16	15	59	48	15	57	2	78	1	29	30	86	63	15	68	10	98	63	77	0	2	67	94	81	68	26	4	68	3	65	92	60	48	10	40	2	53	15	79	3	19	92	94	55	23	13	97	40	34	36	77	17	25	32	6	42	71	23	59	27	28	11	31	48	93	36	71	47	59	72	85	36	31	12	38	90	52	31	89	50	4	69	34	29	54	85	90	17	71	3	32	66	99	88	99	40	80	78	40	88	79	2	87	70	21	58	66	61	50	51	79	95	36	80	39	50	80	41	44	12	68	41	32	34	87	82	89	93	22	0	99	62	97	79	32	63	46	69	84	27	69	36	26	21	59	17	92	49	5	12	71	7	81	83	40	54	79	14	52	24	47	39	52	22	34	75	55	26	89	37	36	6	14	61	35	66	87	26	21	36	94	93	6	32	64	7	17	98	61	73	78	89	1	43	24	19	62	24	83	23	95	70	80	35	83	94	96	31	94	17	14	37	45	73	53	19	16	85	6	16	79	63	80	63	36	44	30	2	48	59	37	85	70	18	52	9	45	1	9	26	53	26	56	53	65	25	90	6	47	35	38	75	59	68	62	80	56	27	36	11	2	66	23	1	33	87	76	73	56	15	76	97	47	22	40	58	69	92	6	94	0	66	37	27	42	76	89	34	31	82	0	4	54	75	92	54	15	26	83	7	74	33	73	69	81	58	81	89	16	31	98	63	26	4	58	99	6	23	8	50	32	60	76	73	8	56	12	75	48	26	35	4	4	78	78	51	81	21	0	10	3	55	67	9	94	72	95	47	32	95	60	51	19	49	54	36	96	4	36	48	79	95	65	48	33	69	63	16	86	76	48	37	66	1	97	50	79	18	5	49	19	58	53	54	67	27	81	83	68	98	43	89	84	97	66	50	54	27	30	59	90	26	15	80	55	38	68	44	4	48	92	20	78	68	53	27	51	50	81	83	93	48	83	45	64	91	70	76	50	91	10	86	54	13	81	97	6	59	95	8	20	70	80	45	69	68	87	74	18	9	66	24	92	54	19	98	79	3	93	85	30	28	15	80	81	37	88	45	61	56	72	76	26	69	18	46	68	76	10	82	63	69	33	2	64	53	81	16	66	15	26	81	3	21	86	10	39	37	33	89	95	15	81	42	70	89	38	85	31	15	85	19	7	60	93	31	20	44	10	28	63	70	10	52	32	19	97	62	58	50	25	8	68	61	31	64	39	92	85	68	95	55	3	97	56	76	55	12	91	10	33	30	42	85	53	8	6	30	56	79	31	49	18	22	63	96	6	94	74	30	43	63	0	22	70	38	41	80	19	97	55	47	24	37	0	49	78	90	62	61	11	5	21	51	98	57	1	5	10	64	86	59	94	47	84	52	33	86	22	71	51	53	81	59	49	79	59	32	96	74	66	66	37	54	49	21	59	64	94	87	75	56	7	37	82	84	0	1	42	22	27	15	83	59	75	96	37	91	5	1	31	88	91	20	27	19	56	73	61	0	57	26	37	65	20	66	95	62	92	44	52	60	8	6	87	0	26	12	29	17	94	74	57	81	88	22	42	97	18	60	60	94	63	68	50	20	32	59	37	78	8	13	62	97	65	14	65	46	91	68	9	85	38	15	69	36	83	62	71	82	87	84	50	39	55	93	36	39	89	79	61	88	86	96	73	24	28	79	74	81	34	62	91	31	64	81	55	99	68	1	74	80	94	98	53	85	98	66	20	73	75	60	62	38	63	53	82	98	62	22	63	74	25	34	3	88	39	1	86	37	91	42	96	7	95	79	88	84	14	57	65	77	6	59	7	18	57	46	81	0	16	82	90	88	77	71	18	29	14	80	84	45	86	19	48	1	8	98	60	21	96	68	10	92	9	34	2	59	5	40	75	31	97	32	21	80	36	83	98	81	43	33	33	37	56	92	68	39	86	6	53	43	27	20	80	86	1	35	58	22	63	72	50	55	6	82	16	61	83	92	27	9	75	13	26	80	55	23	44	55	90	90	65	72	33	7	97	52	87	88	42	30	88	87	14	39	76	51	42	36	42	88	22	17	48	38	40	91	48	54	80	77	14	79	11	37	3	3	93	49	77	8	62	16	79	27	85	15	0	89	10	95	98	42	97	31	76	94	51	92	0	91	93	13	72	60	79	65	48	88	62	52	4	22	23	43	33	74	57	42	18	76	47	84	32	55	20	97	81	14	2	90	1	22	39	60	27	22	74	74	89	57	62	90	80	42	9	3	55	92	86	51	17	80	46	16	72	96	51	89	14	39	5	99	34	55	22	48	47	12	11	19	51	25	6	35	69	82	72	93	87	8	43	37	36	86	93	61	39	1	28	50	5	37	28	75	85	39	67	64	37	20	57	91	62	66	59	48	30	28	6	27	72	31	0	32	15	6	13	68	81	98	1	98	57	74	33	2	36	0	23	79	19	42	14	51	47	41	16	31	77	71	34	55	77	94	20	41	73	75	70	27	81	36	89	86	7	1	94	6	40	11	79	75	61	40	60	19	29	34	60	92	41	62	45	47	12	21	81	51	59	78	54	49	4	33	77	59	17	92	8	32	90	36	9	27	85	0	4	81	54	63	92	64	86	49	12	0	27	28	47	80	5	89	68	49	61	99	70	79	35	3	66	3	29	30	94	56	24	22	23	37	26	11	92	3	75	38	72	98	71	80	36	43	97	56	88	65	42	94	53	58	1	27	37	30	2	61	92	18	82	73	21	25	41	53	90	62	77	40	70	74	59	8	36	27	44	13	5	16	32	58	37	80	67	25	78	6	66	74	76	81	25	72	46	46	94	42	11	75	46	92	91	25	83	25	57	97	31	3	9	36	32	92	58	32	28	81	33	44	91	79	24	15	31	92	41	79	96	97	24	82	87	36	7	31	32	29	6	60	54	15	6	33	36	10	66	58	8	31	63	26	5	50	54	27	71	55	17	40	73	39	87	30	8	76	35	2	16	11	72	16	53	20	0	56	22	0	26	78	37	64	98	11	53	75	54	5	30	43	34	1	26	34	60	56	7	94	73	9	64	35	76	70	93	86	60	5	49	11	4	39	51	31	3	51	62	43	41	62	11	73	96	35	4	76	98	23	38	62	0	29	43	21	64	31	92	79	77	39	39	34	9	65	35	17	82	75	27	40	86	44	80	18	64	41	94	21	72	84	14	6	43	23	25	74	94	97	56	14	48	85	17	68	46	80	34	51	48	8	83	90	15	42	97	81	47	16	4	18	41	94	78	74	64	31	6	17	66	28	52	63	49	50	61	89	61	24	64	58	96	54	25	55	57	17	40	61	81	3	44	28	79	70	71	39	67	17	80	51	47	6	22	73	48	27	45	51	99	41	73	1	55	98	30	2	34	30	49	70	0	0	45	19	81	53	26	84	34	7	87	64	90	68	49	97	97	35	84	7	21	66	0	88	60	39	3	33	69	1	58	82	85	17	59	43	78	57	35	7	68	49	50	98	0	67	77	71	93	90	65	95	79	9	7	25	33	69	48	88	79	52	43	96	98	62	1	74	24	38	76	6	32	31	50	74	71	57	38	35	28	50	21	67	22	85	19	77	51	18	48	34	60	70	37	59	42	5	57	99	28	57	48	99	28	92	40	80	46	87	27	71	39	14	9	79	83	19	52	81	17	86	90	1	76	43	77	13	49	19	24	57	8	46	53	69	10	92	32	28	76	80	24	90	92	37	24	81	40	88	52	80	14	90	19	66	99	77	46	9	10	94	8	45	37	76	89	94	28	10	44	67	89	96	32	93	60	11	1	83	7	31	54	66	44	67	69	99	99	44	47	53	18	33	3	7	29	34	92	37	86	43	19	84	59	88	98	73	86	76	16	13	31	73	80	18	21	42	39	65	90	81	87	42	12	19	63	75	19	85	43	36	82	4	60	79	59	65	11	96	75	4	17	3	91	69	65	64	3	7	64	66	50	9	25	38	15	90	32	87	25	15	13	95	24	47	70	82	58	41	2	73	68	43	54	94	73	40	53	48	61	62	11	18	34	31	73	80	33	47	13	13	64	85	12	22	55	32	34	37	48	98	12	31	7	80	76	81	6	31	99	43	12	83	84	18	17	55	11	61	54	56	24	93	96	74	37	75	7	51	81	50	31	11	64	64	78	51	4	57	9	30	13	13	12	51	45	83	50	2	35	69	37	72	32	93	35	3	10	12	11	11	31	14	35	94	85	76	10	77	64	39	60	95	33	14	98	44	23	32	84	24	49	37	35	58	40	33	0	40	85	83	47	47	33	89	73	87	9	20	80	59	33	31	61	97	81	38	83	67	60	51	5	51	57	35	9	96	50	56	51	10	79	8	1	30	15	5	50	56	31	43	81	8	39	78	74	22	20	23	70	87	64	65	55	13	36	72	83	24	48	43	57	70	37	30	84	21	98	81	89	28	4	9	19	61	90	53	8	39	30	67	55	78	34	49	82	36	28	43	36	7	59	86	8	3	22	90	68	9	90	86	64	0	36	8	72	55	48	87	30	96	86	97	54	90	84	31	28	73	23	53	29	85	2	21	49	10	65	40	85	0	5	36	32	2	21	41	99	65	79	8	48	38	54	62	20	62	81	31	56	39	62	68	68	13	92	42	6	78	58	91	99	0	45	93	96	97	26	69	34	15	51	82	47	58	62	68	75	73	78	44	30	50	13	82	98	4	95	5	27	55	67	48	13	45	42	73	32	27	45	8	35	13	43	66	86	20	96	82	52	24	87	50	85	49	14	45	96	17	39	23	0	42	68	48	47	48	66	60	37	58	49	26	94	13	15	15	73	72	33	27	54	9	44	82	25	52	48	1	7	61	85	91	61	7	44	65	90	50	18	36	99	
15	3	5	12	18	11	11	10	8	14	12	14	20	1	12	2	18	6	12	5	2	20	3	13	20	3	16	19	14	6	8	4	14	2	14	20	10	16	16	2	17	3	18	19	14	3	9	11	17	9	10	12	12	8	2	1	12	10	2	15	6	11	10	16	12	9	8	11	18	5	5	6	9	15	18	14	15	9	19	8	11	7	2	13	4	6	8	7	14	12	10	5	7	10	9	17	15	16	17	20	11	16	12	15	4	10	15	20	20	3	18	18	6	2	16	19	10	5	8	1	18	15	12	19	1	17	8	19	18	3	7	19	17	19	20	18	4	1	9	7	2	15	14	13	11	6	2	10	4	17	16	20	6	4	10	10	11	6	9	11	7	4	1	10	15	4	1	6	9	10	8	6	5	16	8	17	20	14	13	10	3	10	2	16	16	1	6	3	19	11	11	3	1	5	9	11	11	9	15	2	3	16	16	3	5	14	18	14	10	8	1	8	16	13	16	5	14	19	10	20	15	1	9	1	4	16	6	20	4	12	1	12	14	15	13	5	10	9	1	16	9	7	15	10	5	12	11	7	6	6	16	6	9	9	13	7	11	15	20	7	18	16	17	19	18	6	19	20	4	9	13	11	1	19	9	17	19	20	8	11	10	11	10	6	15	1	13	6	12	12	2	10	9	4	18	18	11	11	10	8	15	13	10	11	15	4	12	17	14	5	9	7	12	4	10	2	3	6	3	11	14	5	6	7	5	18	20	3	9	17	2	16	11	19	20	19	17	10	16	10	7	3	3	20	6	10	2	19	8	5	14	8	8	16	11	13	9	16	11	17	20	6	1	5	6	19	17	16	3	19	15	11	8	14	13	13	13	10	3	4	16	7	8	17	4	7	15	2	8	18	2	6	20	17	13	15	13	18	2	14	9	5	18	16	11	16	18	2	18	11	14	16	14	4	4	13	4	3	13	9	18	2	5	17	15	5	6	9	6	5	5	20	11	8	18	13	11	11	11	11	16	14	13	1	17	14	9	10	13	13	3	1	4	3	17	9	12	14	1	16	10	19	9	11	8	5	8	16	11	6	16	9	20	3	14	7	8	17	12	2	11	1	1	19	12	16	17	12	10	7	18	2	11	20	11	1	20	14	8	11	13	8	2	9	9	6	11	3	3	20	7	14	18	1	8	16	5	9	18	18	13	1	6	5	17	14	17	9	8	17	1	3	9	11	2	5	7	17	5	8	8	9	12	4	1	1	7	15	9	1	8	10	5	6	14	12	12	1	15	9	14	15	13	7	1	3	8	5	16	10	4	2	6	11	9	16	1	12	14	14	3	16	15	11	1	12	9	5	10	1	15	2	7	7	16	10	15	4	10	9	15	9	4	5	14	4	12	10	8	3	9	1	2	16	3	5	10	15	16	9	16	16	2	1	15	5	9	6	14	11	11	14	8	7	1	13	4	11	4	10	6	5	6	4	4	7	12	12	2	6	12	8	3	12	1	9	3	12	2	4	8	6	5	11	7	13	10	3	2	7	5	10	3	13	2	11	16	11	2	5	11	16	8	6	15	9	6	11	13	13	10	16	13	9	12	9	4	12	1	4	2	9	2	9	9	8	2	13	13	11	10	3	9	13	3	9	12	8	12	3	2	13	10	13	10	6	2	9	16	14	5	3	9	7	2	5	14	14	16	6	5	1	6	13	2	8	15	6	6	3	10	14	3	4	4	15	14	11	10	9	15	3	1	13	4	15	7	1	12	14	9	4	15	7	13	5	13	1	12	11	10	10	15	3	14	9	12	13	14	5	12	7	14	13	6	3	7	12	10	5	8	7	9	9	11	3	12	5	14	5	14	11	8	1	2	3	12	7	16	16	5	16	10	2	10	6	16	5	10	11	4	15	13	15	7	14	11	13	15	12	1	6	3	3	8	14	15	15	15	13	8	14	4	3	13	10	12	13	16	1	13	8	15	7	7	4	8	12	13	10	13	4	8	10	5	10	11	13	7	1	9	13	10	6	5	5	4	8	10	4	15	1	16	5	2	16	12	8	9	11	15	12	11	10	1	6	5	7	12	14	14	15	2	11	13	6	11	7	11	13	15	16	7	6	14	6	12	11	14	1	14	9	3	12	3	16	4	14	14	1	4	14	11	6	1	16	3	5	3	10	5	5	4	6	1	10	11	9	16	1	16	2	8	9	1	4	7	2	1	5	13	8	4	13	9	14	15	16	7	13	14	1	11	16	4	8	1	16	8	5	1	8	7	5	4	13	5	9	7	10	13	2	13	5	5	2	14	12	2	1	14	9	12	5	13	6	10	3	6	7	15	7	13	5	14	10	13	13	2	12	12	8	15	15	9	12	5	5	3	14	12	15	5	15	1	16	14	5	4	11	13	16	15	13	1	6	7	5	8	9	7	14	10	6	5	8	2	14	16	3	8	16	1	16	10	2	5	13	13	3	13	5	9	13	2	8	13	11	4	16	3	5	2	11	4	5	4	1	9	9	1	5	15	12	10	10	2	16	7	5	12	7	10	2	14	9	16	3	11	14	9	13	11	5	16	9	2	10	14	15	8	1	5	9	16	13	11	10	4	6	15	13	1	3	4	11	16	3	12	14	14	2	9	16	6	10	11	12	13	5	13	16	16	11	16	3	10	13	2	9	3	11	13	7	11	11	10	3	16	12	6	9	14	12	8	15	1	14	14	9	6	9	1	2	5	1	16	4	15	16	1	12	15	14	9	6	7	9	9	15	11	13	15	8	6	9	12	8	4	1	4	11	4	13	2	15	8	8	3	6	12	12	6	11	8	10	13	8	16	7	14	2	12	12	11	7	8	14	6	14	8	4	16	14	7	7	12	3	14	14	1	14	15	9	15	8	11	2	10	3	5	12	5	4	6	15	6	7	9	6	11	9	1	14	3	8	4	8	12	6	9	12	8	3	4	7	15	3	10	13	2	16	1	12	8	9	5	9	13	11	8	8	13	7	11	2	4	3	10	15	7	5	6	9	7	7	5	10	5	2	1	7	3	16	1	4	16	13	11	2	2	15	1	16	1	7	3	14	13	15	16	11	6	12	1	2	7	1	8	6	2	3	7	14	3	10	10	5	15	14	8	8	6	11	12	15	12	1	16	4	2	5	15	15	11	14	16	11	13	15	11	11	5	4	14	10	13	16	9	8	16	16	16	10	2	9	1	2	11	8	4	15	6	16	10	3	2	15	15	1	11	5	5	2	7	1	11	7	3	15	16	6	9	8	2	14	7	1	5	16	9	6	10	6	9	13	4	10	4	11	10	16	15	8	14	8	15	2	4	11	6	10	9	2	16	8	16	12	2	3	12	4	13	5	14	8	5	11	15	7	11	8	8	5	8	9	11	4	8	11	1	4	2	8	6	11	3	8	15	6	4	11	8	3	4	5	12	5	14	1	12	5	1	5	4	11	7	1	6	3	10	11	11	15	15	16	14	2	1	5	12	9	6	10	12	5	10	11	7	12	3	15	7	16	7	15	15	6	10	16	14	11	8	1	6	5	13	4	4	9	7	3	3	4	10	4	5	16	5	1	6	6	9	16	15	2	13	4	5	5	12	12	6	11	13	16	11	14	14	2	8	12	1	13	11	12	7	16	2	5	6	11	4	16	1	13	1	14	3	11	10	12	6	3	9	6	14	10	13	13	6	12	13	7	15	5	9	9	6	13	3	3	6	5	2	16	13	15	6	11	12	16	14	6	16	7	4	13	16	7	16	10	8	3	2	2	6	9	7	13	8	8	10	13	7	2	16	15	4	14	9	13	1	12	16	5	5	9	15	11	16	9	3	6	3	11	5	16	7	5	5	8	8	10	11	2	13	3	14	7	13	1	4	7	3	9	7	10	7	10	15	15	7	10	9	11	7	8	7	7	8	11	11	10	14	16	6	13	15	3	4	3	12	4	9	8	1	14	1	5	5	12	6	4	2	13	8	1	3	3	11	7	15	2	4	3	15	9	7	4	5	2	1	1	15	9	4	2	15	6	7	7	11	5	3	1	8	16	1	14	3	15	9	4	16	13	3	9	10	1	13	13	11	15	6	12	8	8	12	3	12	13	3	15	10	9	12	13	3	11	9	11	2	15	9	14	7	14	6	5	5	11	5	13	15	9	14	16	13	15	11	3	14	4	16	6	16	11	10	2	6	5	16	12	2	15	8	8	3	12	9	1	14	10	7	6	15	8	7	2	6	15	9	13	12	8	1	8	14	5	9	7	7	11	14	6	1	7	11	5	13	14	9	11	13	7	11	10	15	1	11	14	15	6	10	10	7	7	2	5	7	1	5	1	9	12	3	14	14	5	1	2	11	8	4	6	6	13	9	6	12	6	13	8	15	13	1	1	7	11	12	13	13	10	11	3	6	5	13	1	9	3	12	8	15	11	8	3	7	11	11	9	5	13	4	2	3	9	4	7	3	7	10	15	7	7	14	3	13	6	13	6	8	16	5	4	2	3	14	14	15	2	14	10	4	10	3	11	13	16	15	14	6	12	5	4	16	15	9	4	3	11	8	2	4	6	10	10	5	7	15	16	3	2	6	9	16	8	12	16	11	8	16	12	4	8	13	4	16	7	7	16	8	10	7	10	10	7	10	16	6	3	5	7	16	3	7	3	15	7	7	2	8	3	7	8	8	16	11	15	7	16	8	13	13	8	1	14	3	1	12	15	16	15	9	4	8	2	7	6	7	1	14	5	5	8	15	6	1	16	10	1	4	6	13	8	9	13	3	16	8	16	5	6	13	8	13	14	15	12	16	2	9	11	5	3	14	9	8	10	9	12	2	9	1	8	10	7	15	16	14	10	2	13	11	6	15	9	8	15	14	8	15	6	16	13	11	1	5	13	9	4	8	7	5	9	13	1	3	16	2	2	6	7	9	6	16	1	3	7	1	14	3	5	9	6	1	13	3	9	15	6	9	4	4	7	5	7	15	5	7	6	1	11	7	13	6	3	11	6	6	5	8	1	2	7	6	9	5	6	11	14	12	3	12	15	15	10	4	14	15	6	5	16	12	13	2	14	2	2	11	10	2	16	4	1	16	14	14	4	5	14	6	12	7	14	10	16	10	12	14	13	9	13	1	12	11	6	16	14	16	11	5	5	6	10	5	14	8	15	6	11	4	7	8	2	7	9	10	15	3	11	14	6	10	1	9	7	5	10	12	16	8	6	3	14	11	15	5	10	10	2	16	10	10	1	11	15	11	14	16	2	14	4	13	13	7	5	13	14	4	1	2	2	11	14	6	13	4	2	15	1	13	1	4	13	4	1	12	11	1	13	4	15	9	6	9	16	9	12	14	8	6	15	14	11	1	1	5	2	14	10	13	6	6	6	6	10	11	7	5	10	10	7	15	4	6	6	13	14	9	4	6	7	7	10	3	6	13	9	10	3	8	9	2	1	15	15	16	1	9	12	1	16	12	14	15	1	10	11	10	6	12	11	15	10	2	7	6	4	10	9	15	8	6	13	2	10	5	1	12	1	13	2	11	13	4	1	9	2	3	16	10	14	9	5	16	12	2	10	3	8	11	4	4	15	8	1	5	15	3	4	10	12	13	15	4	8	6	7	8	16	13	12	4	13	14	16	10	14	14	6	8	15	16	13	2	13	7	11	4	14	13	6	15	14	2	15	8	1	10	8	5	3	12	2	14	10	8	12	8	1	9	7	10	6	12	8	10	11	6	3	8	4	16	10	6	14	12	14	6	1	7	1	7	12	2	2	15	7	7	16	16	7	8	14	6	13	12	13	14	15	2	10	7	6	15	12	2	5	12	3	3	3	13	2	5	16	15	7	13	12	1	2	15	9	8	6	5	5	9	3	11	8	1	12	7	2	2	8	11	13	5	5	13	3	9	13	3	14	13	10	3	1	11	8	3	13	11	9	13	16	12	14	11	2	15	5	6	16	2	11	14	3	4	2	4	5	8	11	11	16	13	8	5	1	15	9	13	8	5	7	12	9	9	13	4	8	15	9	2	8	6	12	12	1	3	11	9	1	7	14	15	11	11	6	2	10	13	16	8	14	1	10	3	9	7	16	8	2	11	1	12	11	13	11	2	9	8	14	15	1	8	16	5	8	4	12	10	9	13	15	14	16	1	4	7	10	14	6	15	16	10	13	16	11	9	13	4	4	8	3	10	13	13	6	4	10	12	16	14	3	8	9	11	6	14	12	4	6	16	2	6	9	15	11	4	3	16	1	13	13	10	3	12	9	7	5	15	13	7	1	16	8	14	14	10	13	12	10	5	13	5	13	5	3	8	3	2	3	3	2	16	6	14	2	11	14	13	1	16	13	12	6	12	14	4	5	7	13	4	6	12	15	10	15	2	5	5	4	3	16	15	8	14	15	9	15	1	15	6	3	1	16	10	5	13	8	15	10	10	11	5	9	1	13	7	15	16	15	2	5	7	15	7	10	14	16	5	4	8	16	9	13	1	7	10	11	13	14	9	16	16	14	3	11	7	2	6	15	12	14	1	3	2	15	6	11	16	1	13	13	3	16	15	3	13	12	5	2	6	6	8	4	16	12	11	2	3	12	15	13	8	14	12	1	15	1	14	1	5	4	9	6	7	6	8	2	3	15	16	15	6	5	16	4	16	8	3	3	9	15	11	9	11	11	1	16	15	7	12	2	16	4	1	4	16	12	8	8	1	9	15	16	3	9	6	8	6	5	10	3	6	14	1	5	15	11	12	12	16	3	13	3	2	13	13	2	8	11	11	11	1	15	13	1	13	15	4	15	9	9	4	11	16	9	5	14	14	9	2	14	12	14	5	12	5	8	14	3	3	5	14	12	15	3	12	15	11	13	2	15	3	2	14	2	7	7	13	4	16	12	8	9	13	1	5	15	6	10	3	2	12	8	2	3	8	7	1	8	1	14	15	15	1	12	6	9	10	9	7	16	8	3	14	5	6	8	3	5	7	15	11	14	2	12	7	16	5	11	6	5	15	13	12	10	2	10	7	1	11	3	7	4	11	9	15	1	7	14	16	2	11	5	16	13	10	16	7	11	5	6	12	15	8	5	11	11	9	4	16	4	15	8	15	7	8	5	12	2	14	9	6	13	14	7	14	6	7	10	11	6	5	6	1	5	13	10	3	7	16	15	13	12	1	12	8	5	16	12	1	10	8	15	15	14	10	6	11	13	7	6	3	2	7	7	8	11	15	9	13	7	5	10	9	7	4	7	11	2	2	5	12	3	13	7	9	13	2	5	6	12	8	10	8	9	3	8	8	14	8	13	10	1	7	8	5	5	6	10	2	12	16	5	7	12	6	11	3	8	8	15	3	1	10	7	1	4	7	2	4	1	15	3	5	8	13	11	15	9	15	10	7	5	16	9	1	9	14	9	4	13	16	9	1	1	2	4	14	14	5	9	2	8	9	10	1	7	1	6	8	9	7	9	7	12	15	9	16	7	13	8	9	5	12	15	6	3	10	7	5	5	12	13	4	14	14	3	13	12	6	3	16	4	5	8	13	11	11	14	3	10	15	1	2	11	11	14	1	10	10	14	2	11	5	13	4	14	13	4	10	8	1	15	15	16	14	6	15	9	4	4	7	9	12	1	1	5	8	9	1	7	5	5	2	15	4	11	2	15	6	12	2	3	5	13	6	8	13	15	7	2	13	4	15	2	7	8	14	16	14	2	3	16	7	10	4	12	6	5	2	3	9	3	14	13	8	4	7	1	3	7	7	4	14	7	9	8	3	2	6	5	13	6	6	5	9	13	8	12	8	16	15	2	6	7	16	3	12	8	12	9	7	15	14	2	2	8	10	12	9	6	8	10	14	1	5	10	8	3	1	11	12	7	3	8	5	9	2	7	12	2	9	12	12	10	13	6	10	5	10	5	3	13	3	11	15	1	16	9	11	10	8	4	9	3	13	1	14	9	3	5	12	7	3	14	3	9	1	7	2	7	2	3	3	3	2	14	8	11	16	5	12	7	10	13	16	9	10	5	13	14	15	12	10	3	9	6	3	11	15	16	9	15	5	5	8	9	9	13	7	9	8	12	5	11	5	16	4	15	12	5	10	5	10	7	7	13	11	14	6	4	4	5	3	9	16	16	6	9	1	1	12	16	12	9	12	15	14	2	7	12	4	5	12	14	12	8	5	8	11	10	3	15	15	4	8	2	5	11	7	14	10	16	9	10	7	10	13	8	3	13	3	13	13	9	8	11	10	8	1	16	14	16	9	5	15	5	9	7	16	1	9	11	6	3	6	15	9	15	11	6	9	1	11	5	6	12	7	4	15	12	4	12	11	10	13	4	9	5	12	14	11	2	9	4	15	5	3	8	10	11	7	4	4	12	8	1	16	7	15	3	7	6	14	14	13	2	4	16	6	6	13	7	13	16	2	2	10	11	5	11	7	14	16	3	16	1	10	8	14	5	2	8	14	14	14	7	4	12	11	14	13	9	6	16	2	8	11	4	4	8	7	2	11	12	3	10	9	6	11	5	3	13	16	3	8	12	8	12	8	5	15	4	14	8	16	14	8	12	5	16	6	13	2	5	8	11	3	7	4	16	9	7	15	1	8	10	2	9	14	2	3	8	11	3	9	10	9	13	6	3	7	7	15	15	6	9	13	13	11	1	5	11	2	2	8	14	8	11	11	13	15	16	7	6	11	4	14	11	6	12	2	2	12	10	15	1	13	15	9	6	12	11	2	7	10	6	15	11	16	1	1	12	7	10	12	11	12	4	9	14	15	6	7	13	7	3	5	16	1	11	13	1	4	5	10	14	6	15	1	9	8	14	4	1	4	4	8	3	1	11	10	8	13	15	10	8	13	8	8	5	2	7	9	12	16	5	13	16	1	16	6	4	10	5	15	16	7	9	5	7	10	1	2	3	12	8	11	10	16	6	4	2	8	12	4	15	9	9	2	9	2	16	3	12	4	6	16	15	3	4	9	11	9	13	12	1	2	12	7	14	4	4	1	7	16	13	5	10	11	10	3	11	9	12	2	12	10	12	12	13	7	11	5	8	9	11	8	10	4	16	12	12	14	12	6	3	6	14	16	8	3	1	15	1	8	2	7	8	12	14	14	8	12	10	3	7	8	15	16	13	8	6	15	12	8	10	5	13	13	10	3	6	2	8	3	15	14	5	13	5	10	10	1	1	8	12	7	12	13	3	10	14	14	16	16	13	10	10	16	5	11	1	4	10	10	15	12	9	5	5	3	2	8	1	1	16	11	12	7	7	1	10	6	11	7	11	10	10	11	1	15	13	7	7	1	11	15	12	12	10	9	2	12	14	10	12	13	5	10	3	11	12	15	11	10	5	12	13	9	2	14	6	3	5	14	5	6	5	4	15	2	5	11	7	10	13	10	15	15	16	9	2	5	3	6	15	10	10	13	1	12	13	14	14	15	1	11	8	14	9	15	15	13	1	15	11	15	14	16	8	16	13	12	3	9	9	8	4	6	14	6	12	5	9	15	2	10	2	2	16	15	6	8	1	15	16	3	4	14	15	7	10	11	13	5	1	16	15	10	1	16	10	9	5	6	3	4	1	8	16	3	9	2	11	13	16	11	2	5	3	1	10	1	9	12	2	1	7	2	13	16	14	16	4	14	13	15	7	10	6	14	1	12	12	7	9	16	5	13	7	12	3	15	11	11	16	5	14	11	6	2	8	12	13	14	1	12	2	9	14	1	12	14	10	10	14	9	13	4	15	13	9	16	8	15	13	5	1	15	8	3	12	3	11	7	7	5	16	6	14	9	8	15	8	8	15	7	6	2	6	16	1	3	10	3	5	8	2	2	10	3	6	9	3	4	4	13	11	4	14	13	12	5	10	16	13	4	16	5	3	10	14	1	3	4	1	16	15	8	5	14	5	2	2	3	11	14	7	3	4	10	3	4	7	9	9	13	1	1	14	9	12	11	9	1	12	5	9	9	3	12	13	11	11	9	1	8	16	15	9	6	16	1	1	3	4	15	6	6	6	10	14	8	12	2	11	11	6	8	4	10	2	9	3	6	15	8	2	11	11	3	13	11	13	14	3	12	15	2	15	6	5	6	12	6	5	15	5	3	5	13	2	6	
760	420	890	750	830	720	120	130	580	560	610	230	890	660	770	920	640	220	540	200	890	900	330	630	850	800	280	790	970	370	270	270	610	210	610	270	470	650	590	920	200	230	400	900	350	910	370	260	960	320	180	580	550	1000	540	460	970	530	530	700	180	260	610	520	900	860	520	810	860	160	580	660	410	680	750	1000	310	970	100	260	820	260	980	130	320	650	910	860	440	340	220	660	920	770	480	600	250	100	520	770	510	570	860	480	710	540	640	770	660	380	850	100	620	220	290	300	170	680	320	820	830	850	370	890	930	530	360	800	640	600	230	780	550	800	430	220	460	490	350	230	500	130	100	290	890	910	490	680	540	790	240	820	110	870	690	150	710	900	970	730	100	240	200	330	490	480	820	220	260	100	440	780	420	860	330	640	500	140	330	100	210	630	320	630	610	840	770	760	950	700	970	210	810	460	990	170	120	150	710	390	710	140	640	370	110	280	190	670	780	190	430	900	770	730	210	730	190	480	240	740	270	460	840	490	800	990	420	730	780	440	720	160	430	990	520	320	160	930	310	960	610	850	290	920	840	800	540	810	220	420	670	490	190	720	470	480	590	530	970	830	410	880	510	270	110	540	720	450	120	600	360	360	410	840	710	740	110	460	820	520	530	270	780	600	460	360	180	780	700	630	380	980	460	360	650	230	250	320	890	290	740	760	880	260	880	620	190	940	170	350	930	540	670	500	230	820	620	750	700	890	740	820	190	860	600	250	770	780	550	780	680	560	640	110	630	340	780	970	450	200	470	920	280	370	400	990	420	740	370	610	750	640	560	830	980	200	460	260	530	520	700	160	290	640	580	480	160	860	650	160	930	550	780	660	540	990	910	880	220	960	280	290	130	780	170	530	130	940	940	910	640	690	690	310	160	430	210	600	300	440	670	720	970	940	490	510	470	120	260	610	730	120	620	1000	590	830	690	190	470	620	570	820	650	290	760	520	810	710	690	920	690	980	400	430	410	850	590	520	950	250	610	530	280	610	850	960	350	960	970	970	450	810	690	980	400	970	520	610	120	730	130	270	280	120	270	530	860	690	830	530	810	880	650	730	330	710	550	700	730	560	120	250	110	630	540	980	560	550	350	860	640	650	410	760	160	640	640	750	350	140	840	900	610	880	510	300	940	710	970	250	430	580	490	930	480	310	160	890	990	130	610	630	210	910	760	520	480	330	990	330	520	270	750	660	670	260	100	420	240	620	150	400	100	200	550	770	730	180	270	130	350	810	660	360	150	780	390	340	960	810	810	570	920	750	930	580	890	400	820	620	630	400	820	560	190	760	440	740	600	340	580	690	180	320	430	420	780	740	310	250	450	210	160	470	980	720	350	100	600	350	130	940	120	120	550	290	590	970	290	220	710	370	250	210	860	470	840	650	820	230	950	900	800	940	210	460	640	100	970	100	660	720	410	170	660	980	160	720	950	320	1000	200	140	810	230	540	970	640	150	980	980	800	240	910	590	830	800	860	820	750	400	280	380	870	910	600	280	590	760	800	930	280	240	390	770	230	730	560	520	770	550	550	680	250	740	540	470	860	550	550	730	710	100	590	150	900	510	990	330	590	400	600	910	780	330	540	810	600	370	660	920	770	220	560	230	520	610	140	950	860	440	700	150	240	1000	830	470	390	240	480	750	150	930	410	260	330	980	380	440	750	270	340	230	960	760	690	350	950	800	790	610	570	820	820	310	520	580	550	520	250	510	830	200	340	280	810	830	170	470	680	640	590	380	170	120	780	660	730	340	330	520	260	590	620	820	730	130	380	560	820	140	360	960	200	930	370	850	590	970	380	730	730	380	630	140	490	170	390	190	210	430	150	290	190	640	170	380	540	140	370	180	890	210	390	180	990	260	630	820	800	400	670	830	1000	770	190	430	1000	610	780	940	170	890	250	390	290	720	410	350	170	1000	680	400	890	900	430	480	900	870	1000	780	830	330	830	590	680	960	930	800	130	920	260	960	670	660	370	530	760	340	720	180	670	100	110	940	750	680	860	740	620	910	630	110	490	350	490	600	120	320	620	440	850	650	520	880	730	540	560	390	890	500	880	190	440	820	360	480	600	870	130	730	740	380	950	750	550	520	100	740	450	910	470	810	900	410	260	700	640	920	820	160	230	110	170	380	970	300	910	110	290	630	710	260	710	490	900	440	440	840	130	880	200	210	100	440	370	370	820	780	160	520	610	290	320	640	540	870	910	930	480	540	650	200	600	610	220	240	790	440	510	190	270	790	930	890	530	350	480	310	720	720	230	380	440	830	200	310	950	780	610	910	280	670	300	210	450	680	800	330	960	610	510	170	910	860	510	410	600	180	410	180	130	680	160	320	220	750	950	640	930	670	770	540	220	750	710	470	490	880	130	920	890	440	390	910	140	620	840	930	610	180	310	250	900	410	690	1000	740	940	340	370	900	220	270	140	260	260	450	660	390	540	350	220	960	110	810	760	790	250	920	660	640	670	910	260	920	240	420	580	320	650	670	390	210	410	970	260	250	140	300	440	470	690	990	730	170	620	950	950	870	680	680	920	260	520	870	910	990	510	350	540	200	890	810	200	290	330	470	910	980	910	930	240	270	970	660	410	260	1000	670	280	480	810	590	410	650	830	450	210	300	380	220	800	770	790	480	580	590	850	760	720	370	790	210	670	670	450	270	680	310	210	460	600	950	580	510	170	240	530	100	820	820	100	660	960	420	700	670	880	480	340	810	1000	190	370	480	240	460	380	970	200	350	350	690	560	200	860	180	300	110	860	550	790	890	220	310	290	590	900	200	690	240	690	120	360	730	360	720	430	400	710	1000	820	200	220	110	390	470	300	510	420	480	940	300	510	980	370	960	470	180	450	420	780	780	430	400	580	870	430	200	630	180	780	630	960	300	440	100	840	750	1000	830	130	640	390	110	590	970	120	620	220	210	320	930	410	920	340	480	630	560	950	920	870	660	390	560	270	520	180	680	120	280	780	320	1000	940	630	820	330	420	680	830	930	190	520	180	860	410	390	540	240	150	620	510	370	1000	620	240	520	310	290	310	120	600	980	850	460	910	600	760	220	690	310	630	620	890	270	460	330	590	990	720	770	680	230	290	580	830	650	570	180	880	630	880	150	430	510	200	970	450	840	600	320	750	910	390	110	530	810	980	630	430	320	410	820	540	890	510	620	390	250	280	930	600	330	990	610	950	210	750	410	690	330	700	790	980	250	390	410	420	270	560	680	920	130	390	600	140	270	600	740	110	410	660	680	120	620	720	360	850	360	290	900	280	990	770	650	170	350	340	820	200	360	950	350	670	270	610	890	520	720	490	360	190	830	970	240	510	980	810	1000	690	100	160	860	310	290	520	660	580	970	820	870	610	980	220	760	180	230	440	970	710	450	140	100	400	820	440	680	560	130	260	300	600	550	380	730	740	860	410	280	480	810	840	990	580	660	480	810	530	420	210	380	230	840	480	580	220	250	280	940	450	360	350	280	570	540	150	990	460	200	470	710	410	100	520	410	360	440	430	960	720	730	700	300	770	820	190	740	150	430	540	410	730	660	500	190	380	630	150	510	510	800	930	980	980	200	700	520	610	240	910	880	690	450	1000	390	790	140	200	450	110	940	310	530	550	840	600	280	700	890	200	220	600	810	360	310	750	760	770	520	310	820	170	260	420	770	530	800	930	940	540	850	950	480	150	690	520	630	900	340	550	180	320	370	850	330	690	310	110	510	530	740	620	530	150	440	950	360	620	360	320	900	690	470	530	540	350	600	510	660	290	480	150	530	250	810	130	610	860	360	860	760	180	690	540	950	850	610	530	350	240	480	160	540	200	550	920	430	760	340	420	990	430	120	970	950	900	540	950	970	300	780	240	190	710	470	910	170	540	990	400	750	460	660	260	790	740	670	900	660	170	490	890	820	230	400	400	690	620	500	950	1000	560	350	660	350	290	260	220	240	860	800	670	820	600	360	840	830	840	410	990	870	270	850	140	650	180	150	500	960	330	510	270	310	740	570	650	850	990	740	690	310	670	900	620	850	900	770	1000	450	600	760	720	880	350	400	320	550	830	420	630	200	180	140	470	510	350	560	570	710	850	630	620	460	530	480	780	400	230	360	920	560	520	310	350	390	610	150	640	540	540	650	710	640	700	310	700	760	330	110	710	850	870	1000	720	210	630	170	850	930	940	100	550	820	170	620	410	180	430	710	550	160	340	810	850	170	650	360	990	140	320	570	280	280	410	360	260	450	950	420	690	260	850	150	610	190	960	320	380	160	500	250	820	980	430	510	320	320	350	120	590	940	280	590	400	360	730	320	650	400	990	530	730	490	550	930	220	180	540	100	830	940	600	900	830	500	790	820	940	700	160	280	150	470	690	580	170	370	600	450	910	530	360	270	600	860	560	650	350	360	360	780	560	730	150	300	850	980	240	160	340	500	420	310	790	130	990	400	540	220	610	170	440	280	710	300	100	780	880	950	550	350	640	300	800	710	160	1000	870	770	740	230	120	620	920	480	940	420	400	530	920	410	160	170	710	300	520	350	980	100	620	990	240	440	1000	960	700	580	590	420	820	950	730	610	630	180	940	510	750	930	950	830	950	650	350	110	810	630	230	900	750	270	240	470	570	720	580	600	100	120	320	690	280	580	370	350	760	100	940	260	150	530	210	950	210	310	960	410	160	970	480	480	910	880	530	510	820	690	170	840	720	670	140	220	120	970	850	130	700	170	320	980	230	800	820	560	1000	800	650	570	390	680	360	580	330	980	160	370	940	1000	400	210	560	460	870	890	650	560	730	1000	850	860	220	400	530	960	820	300	590	500	400	650	640	610	790	610	360	960	430	620	440	680	940	950	530	480	220	580	410	140	730	810	290	840	970	590	840	210	590	570	830	560	950	890	310	620	130	280	640	140	640	900	130	650	580	450	600	450	130	800	990	600	500	220	100	320	940	250	390	160	480	430	740	540	660	990	460	700	870	260	940	470	100	330	330	950	320	300	370	140	860	570	420	500	830	300	410	990	610	850	190	280	220	100	260	360	720	800	860	780	780	770	400	880	350	670	520	250	810	110	320	820	510	410	970	800	450	320	250	260	150	670	970	120	150	850	960	320	730	100	100	410	100	850	130	910	290	830	680	660	860	270	240	330	260	720	990	370	900	400	770	910	360	650	710	260	970	100	360	820	100	200	120	830	480	730	810	880	210	760	200	390	410	130	130	130	990	290	800	920	290	900	470	800	470	580	210	610	820	200	790	640	910	960	990	630	970	370	250	550	930	480	320	750	430	540	420	250	930	1000	300	520	550	460	770	800	500	280	920	410	830	740	450	800	450	750	670	820	780	830	230	490	780	720	140	150	860	430	880	180	790	240	440	340	830	820	440	360	250	260	400	350	720	200	470	500	840	890	910	250	910	760	780	980	750	720	200	310	560	560	650	600	340	120	220	320	480	520	730	820	820	730	700	700	380	810	940	950	790	630	450	340	650	560	740	150	720	270	320	560	900	710	110	510	890	410	300	190	640	290	470	940	780	730	470	630	300	550	860	330	210	570	120	430	920	980	140	330	560	610	790	840	970	180	580	850	300	590	240	820	310	170	920	930	1000	420	740	340	620	230	120	820	360	590	640	930	460	360	840	540	250	330	110	550	160	930	350	540	880	940	220	830	730	940	500	320	790	420	900	640	720	650	130	940	870	730	350	600	880	340	430	780	470	250	600	870	480	580	200	680	840	260	490	460	620	630	630	790	510	770	290	610	420	270	710	650	910	670	430	560	560	260	140	830	600	520	920	480	980	740	1000	210	220	910	770	940	750	490	530	930	610	770	260	610	660	350	780	460	310	760	580	360	960	590	280	330	970	240	380	250	890	850	880	680	670	1000	810	170	680	470	290	870	910	140	640	370	850	500	340	430	300	980	330	850	560	860	830	900	800	870	840	240	840	920	400	910	840	170	300	420	140	900	1000	710	520	670	520	490	520	660	700	980	500	700	270	130	400	360	270	470	750	890	210	640	190	600	720	100	860	380	790	120	700	280	950	180	190	600	560	1000	630	120	490	420	260	810	590	350	920	320	920	950	150	460	260	580	250	790	820	570	200	710	190	430	620	710	200	190	870	390	350	580	180	140	770	100	790	640	610	110	430	290	250	560	500	740	890	590	940	200	860	190	910	630	840	380	530	860	530	790	400	290	580	700	750	730	280	400	510	850	380	290	590	510	940	710	820	510	110	360	950	920	670	450	680	420	760	840	810	600	220	670	940	370	690	390	280	260	430	480	910	860	660	470	620	130	380	770	940	300	850	680	860	130	930	560	570	210	670	320	910	240	480	900	370	980	990	740	800	450	500	720	220	720	310	870	500	390	910	920	450	460	350	310	500	440	200	940	660	170	550	970	800	420	960	980	900	860	350	320	600	500	1000	930	480	660	250	240	460	460	510	680	830	220	870	790	490	380	870	180	800	110	610	120	780	290	170	800	280	130	360	200	200	760	950	770	900	780	940	530	240	220	910	740	970	520	410	290	850	870	640	690	530	550	720	670	750	490	930	930	520	940	620	660	930	340	300	250	680	830	800	380	440	340	380	110	920	710	370	400	570	640	310	790	370	710	490	340	210	480	270	750	480	800	400	860	160	920	250	900	630	480	220	980	360	550	530	250	480	970	660	630	430	830	140	500	160	610	690	380	760	950	680	110	110	600	260	410	850	800	300	400	860	840	200	550	470	730	830	370	140	390	980	130	120	940	790	440	350	770	130	280	820	400	380	120	980	970	300	310	240	220	850	260	180	240	920	720	360	980	470	970	500	930	350	220	920	760	200	460	220	300	350	130	890	520	900	930	260	130	240	340	330	310	420	400	440	110	670	130	710	510	830	660	530	230	400	210	540	150	960	490	840	140	120	400	250	550	560	900	690	980	330	510	710	810	160	210	480	460	560	860	690	780	330	450	880	340	260	740	670	940	530	130	270	370	240	330	760	370	330	400	710	770	580	660	220	190	650	810	260	730	940	760	710	180	810	890	380	830	730	600	120	700	230	740	790	130	570	150	750	310	300	280	210	710	390	490	320	210	650	390	980	830	800	660	560	290	900	240	580	180	210	540	740	630	660	240	690	130	510	480	180	330	860	270	900	790	270	580	410	820	170	730	750	560	620	210	920	640	610	190	410	170	1000	630	210	460	720	560	720	880	600	700	150	870	370	520	460	250	570	450	620	120	900	730	610	280	230	230	990	670	360	680	470	900	540	270	150	480	410	390	430	600	250	920	240	650	310	260	310	760	870	460	570	480	530	580	890	640	420	240	960	790	400	900	860	970	530	950	910	920	670	380	140	550	460	680	740	920	500	260	660	680	890	220	360	380	620	1000	470	580	790	650	740	700	210	400	980	650	840	660	910	420	560	770	120	340	540	920	240	800	670	820	100	860	560	250	650	890	100	410	750	580	690	890	120	550	470	530	340	860	290	820	380	250	870	810	150	320	800	1000	840	220	890	240	340	140	360	910	460	310	730	800	860	380	800	120	620	150	850	290	890	270	780	540	240	740	900	460	970	200	380	960	920	150	910	660	200	570	760	100	640	460	960	190	420	380	890	240	430	860	870	130	830	290	910	840	550	370	620	490	950	140	470	200	840	390	750	810	620	210	140	500	690	800	720	750	470	450	260	940	860	610	160	750	500	900	770	520	380	240	430	620	520	940	450	570	760	390	260	910	110	650	210	860	160	340	640	150	250	630	330	780	460	830	310	220	640	310	400	220	320	860	720	770	260	260	560	660	370	810	260	780	990	430	280	610	540	130	470	340	530	140	520	700	880	250	900	970	290	430	390	790	540	860	310	940	430	310	460	1000	380	700	640	460	480	450	720	960	410	740	310	880	950	720	630	800	550	210	680	480	430	390	410	690	150	460	120	950	990	590	270	190	600	590	400	700	500	170	580	320	660	800	740	300	770	960	330	520	700	590	690	830	250	650	950	190	520	290	950	650	420	160	340	300	590	910	160	110	880	810	950	570	640	840	600	190	980	740	750	440	350	800	290	750	810	740	980	430	670	660	880	440	640	680	410	380	350	640	750	750	190	870	980	650	840	230	910	470	770	570	740	500	890	720	100	700	120	970	450	990	580	450	510	690	720	830	200	440	850	210	200	350	830	640	900	580	300	320	860	380	260	840	400	590	320	570	830	500	690	760	620	130	590	520	440	460	800	180	360	800	950	640	850	350	450	510	290	130	300	610	370	370	430	230	100	750	320	730	140	820	610	120	830	270	430	720	320	880	520	130	930	830	430	310	130	340	920	430	330	400	780	370	560	640	130	660	890	660	200	210	720	680	780	580	710	430	310	760	180	630	250	720	230	310	320	500	740	740	800	750	310	120	460	870	200	200	220	690	350	490	520	140	100	930	790	980	100	520	350	490	920	240	770	750	550	350	920	900	760	120	470	640	480	940	640	920	560	380	770	450	420	400	440	540	300	660	100	830	400	210	880	220	180	510	430	740	200	400	750	170	400	990	240	920	800	900	330	360	520	500	740	750	620	590	990	770	860	900	860	270	400	120	920	890	790	430	310	700	110	650	850	470	190	610	460	530	370	940	660	460	260	550	960	430	460	970	280	100	370	220	920	630	580	590	460	760	920	270	250	680	760	340	690	490	700	860	370	540	170	480	970	870	250	450	730	900	840	230	340	870	440	590	480	490	410	920	660	250	980	750	830	130	440	560	220	220	990	240	230	460	200	270	860	490	780	490	760	980	960	550	190	350	850	290	570	570	580	720	570	720	900	640	300	830	650	820	540	450	520	220	770	270	550	700	230	400	520	890	250	160	880	570	780	380	1000	580	570	910	960	810	410	340	980	940	760	660	660	660	990	450	290	970	190	470	270	830	850	840	740	760	660	300	490	410	820	830	140	460	940	800	490	180	640	360	510	960	970	920	960	920	580	280	740	550	260	620	380	120	840	650	760	560	270	240	450	430	400	680	720	660	730	680	920	200	670	900	980	490	740	760	600	930	940	250	770	710	840	280	730	610	150	310	810	1000	280	190	500	360	680	750	810	980	990	920	490	240	390	350	140	970	930	420	460	440	380	480	150	690	470	280	210	260	360	440	220	390	230	250	760	330	570	470	300	500	560	820	520	560	790	1000	100	420	860	280	940	400	630	390	390	100	570	720	190	130	290	590	950	380	890	620	710	650	290	130	640	980	700	280	240	290	690	110	850	980	680	640	830	540	350	750	500	640	740	700	160	430	240	330	340	650	810	360	460	450	730	760	880	870	190	780	1000	830	190	950	830	450	540	880	780	330	610	160	190	630	810	510	310	860	960	720	810	680	160	740	480	260	120	190	850	980	270	310	910	540	1000	300	380	500	420	360	190	850	530	710	470	770	880	720	500	200	510	330	760	930	590	470	350	180	840	300	870	160	360	960	330	360	640	350	630	560	160	580	890	990	370	340	890	270	120	290	160	550	310	400	160	150	480	180	140	550	360	320	330	380	150	690	1000	500	270	170	910	630	110	820	950	150	940	1000	970	970	890	200	550	470	750	580	730	960	600	380	300	540	160	990	360	350	250	770	750	170	260	110	490	370	490	530	480	480	420	920	950	470	240	970	190	320	330	780	960	220	580	310	260	290	900	100	880	310	650	650	120	690	410	370	330	610	710	520	420	720	210	480	540	980	140	560	690	790	680	540	640	160	940	540	920	790	970	640	510	280	610	610	500	460	870	510	670	400	210	120	110	770	730	870	510	250	380	880	280	620	350	690	130	810	930	770	970	100	440	410	580	840	250	730	630	900	160	590	1000	830	130	910	600	120	230	880	230	920	450	260	190	720	930	250	820	360	490	400	370	910	780	380	530	710	360	190	530	750	630	650	290	880	280	290	460	810	650	610	360	860	960	180	880	930	240	530	450	350	980	520	960	120	790	310	950	990	670	810	620	500	130	290	110	980	410	140	160	950	520	140	330	990	800	600	230	370	100	340	560	810	520	420	1000	890	580	250	350	180	1000	780	320	890	120	130	480	460	390	220	120	460	230	190	450	570	400	130	220	950	390	480	370	450	100	480	360	150	510	690	400	530	710	660	370	140	970	750	670	180	100	420	300	670	260	960	180	430	480	700	250	900	820	760	
100
